node_id	error
0	5.143786792e-05
1	0.0003950536364
2	5.746052747e-05
3	0.001085611996
4	0.0004560163674
5	0.001051470559
6	0.0002374809708
7	0.000359537073
8	7.00028172e-05
9	0.0001102862829
10	2.050216569e-05
11	0.0005377951334
12	0.0007339254946
13	5.869949877e-05
14	0.0003970945366
15	0.0001651410422
16	0.0007072182435
17	5.55426026e-05
18	2.525607699e-05
19	0.0004407085953
20	0.000539519856
21	0.001181688439
22	0.001619527948
23	0.0001615026746
24	0.0004141963812
25	0.001042700639
26	0.0006402491684
27	1.854477298e-05
28	0.002528499327
29	0.0005122956046
30	0.0007481673377
31	0.001699616465
32	6.603436304e-05
33	0.0004645858518
34	0.0005958078395
35	0.0002516574606
36	0.0005305110059
37	5.205739554e-05
38	0.0001008568153
39	3.936074308e-05
40	0.0004433522893
41	0.0001873099903
42	3.15986686e-05
43	3.560761551e-05
44	8.034960463e-05
45	0.0001197627248
46	3.523385556e-05
47	0.0004944455346
48	0.0008501167079
49	0.0002081475425
50	0.0004663185565
51	0.0005937187272
52	0.000326396052
53	0.0003589076742
54	0.0007147564269
55	0.0007941191601
56	6.591590377e-05
57	0.00153819341
58	0.0005524343866
59	0.0005662627602
60	0.0001279269299
61	0.000299259168
62	0.0007415455563
63	0.0004786679143
64	0.0001400464415
65	0.0003617202708
66	0.001885197242
67	9.253111991e-05
68	9.988037113e-05
69	0.0001755651908
70	9.227162669e-05
71	0.0007885528496
72	0.0001367476555
73	0.0005489298097
74	0.0002577211977
75	0.003205910028
76	0.002272179519
77	0.003331808543
78	0.003620109622
79	0.001828252789
80	0.00131497691
81	0.0001499064695
82	7.532269675e-05
83	0.008499396197
84	0.003885808856
85	0.004291792643
86	0.0001956094853
87	1.090326242e-05
88	0.0009967338566
89	0.002684960771
90	0.0007430675312
91	0.0008086446758
92	0.0006395765151
93	0.00119068064
94	0.0001769001561
95	0.000128701424
96	0.0008315787041
97	0.0002103756452
98	0.0001511790582
99	0.000333121025
100	6.699372517e-05
101	0.0005130932774
102	0.000442534244
103	0.0007465687749
104	0.001292669718
105	0.001537399009
106	0.001087060126
107	0.0002553290467
108	0.001593240125
109	0.001491551765
110	0.0006153266797
111	0.000245277998
112	0.001973194367
113	0.0004053301517
114	0.0004433782151
115	0.0008630618034
116	0.0002247076574
117	0.00194688887
118	0.0007101231414
119	0.0001179385808
120	0.002125087266
121	1.097502249e-05
122	0.001102369065
123	0.0002693110954
124	0.0003987313406
125	4.826484881e-05
126	2.958698317e-05
127	0.00013226098
128	0.0004308460889
129	0.0001766953972
130	0.0002851193365
131	0.0004329738488
132	0.001527467462
133	1.575610623e-05
134	6.42450574e-05
135	1.255484933e-05
136	2.806229273e-05
137	0.0006103611721
138	5.836135237e-05
139	0.0005957078775
140	0.0001941606757
141	0.0001309827539
142	0.0002333256459
143	0.00038976424
144	0.0002709169187
145	0.0004408030007
146	1.056665977e-05
147	6.766094793e-05
148	0.000484262014
149	0.0001924048941
150	0.002069065903
151	4.046753325e-05
152	0.0001129865225
153	0.0004312201451
154	0.0006474141999
155	0.0001902091268
156	4.156090931e-05
157	1.860098856e-05
158	0.000199191704
159	0.0005109134821
160	8.213498096e-05
161	0.0001162503932
162	0.0001421269705
163	1.110327754e-05
164	0.0002600597159
165	0.0001359291636
166	0.0007152157781
167	0.001101410105
168	0.0002698279259
169	0.000335259879
170	0.0004330379506
171	0.0005219975909
172	0.00040938855
173	0.0009620902871
174	0.0003715195467
175	1.827705712e-05
176	0.0002738752187
177	8.091835313e-05
178	0.0002502573206
179	0.0005954576106
180	0.002201019465
181	1.311141006e-05
182	0.0003982882037
183	0.001577887996
184	0.0007301689108
185	0.0007865979576
186	0.0002343513329
187	2.101626778e-05
188	0.0001314922276
189	5.921860664e-05
190	0.000153980267
191	1.143649618e-05
192	0.0002963516579
193	0.0002979835773
194	0.0001951350361
195	0.0001419122744
196	0.0005321009272
197	3.026731269e-05
198	0.0006546842158
199	0.0003356872139
200	0.0001086112103
201	9.088137947e-05
202	1.571139571e-05
203	0.0004428974666
204	0.0011375279
205	0.0004661422505
206	5.38531597e-05
207	0.0002852752862
208	0.000472113497
209	0.0006383032108
210	0.0003049874778
211	0.002700410757
212	9.955535993e-05
213	0.000253577065
214	0.000920547858
215	5.050645443e-05
216	0.000315608385
217	0.0004904123787
218	0.0003430357375
219	0.0001948263244
220	0.0003693618405
221	0.0002851055606
222	0.0001229503122
223	0.004816232847
224	0.0001461615344
225	0.0004346176575
226	0.0003749857639
227	0.0009698937401
228	0.0002243127651
229	0.0008579367526
230	0.001738808889
231	0.0004679404454
232	1.328417664e-05
233	4.633396645e-05
234	0.0001210827171
235	2.794590579e-05
236	0.0002972668961
237	0.002079606077
238	0.002870642126
239	0.000398064601
240	0.0005053440389
241	0.0008612080663
242	9.422788329e-05
243	0.0001127953663
244	0.0003088795093
245	6.913143924e-05
246	0.0002579734423
247	0.0001659063656
248	0.001313849448
249	0.0006472422292
250	0.001763158703
251	0.0009624577294
252	4.612294452e-05
253	0.002284856365
254	0.0003096572755
255	0.0005662102542
256	0.001216247147
257	0.00604064624
258	0.000198350608
259	3.052778197e-05
260	0.0003017629673
261	0.0002933535301
262	0.0003245290256
263	0.0004239548253
264	0.0001989689509
265	0.000439502439
266	0.008063159377
267	0.0002508154026
268	0.0001973069263
269	0.001090256588
270	0.0009364945828
271	0.0004284923839
272	0.001683949112
273	0.0006964092154
274	7.053279447e-05
275	0.0008547025211
276	0.0005597898342
277	0.0008120662132
278	0.001114269912
279	0.001230137243
280	0.0004024474958
281	0.0006055882263
282	1.796336466e-05
283	0.0009203905569
284	0.004103644628
285	0.001252514045
286	0.001755181479
287	0.0001664894096
288	2.365622776e-05
289	0.0006415610794
290	0.001120645453
291	0.001574204843
292	0.0008023768497
293	0.0001233203883
294	0.0007304586077
295	0.001216205346
296	0.0009657475161
297	0.002184135199
298	0.00745372656
299	0.00350438585
300	0.001429275972
301	0.0005463042421
302	0.001363507692
303	0.001314771552
304	0.001454846967
305	0.0003283158018
306	0.0004790306357
307	0.001205446726
308	0.001927813909
309	0.003368009487
310	0.004478186545
311	0.001615988193
312	0.00696459463
313	0.001561701765
314	2.608114094e-05
315	0.001181449561
316	0.003352048752
317	0.0005296196894
318	0.003052572127
319	0.0004728918242
320	0.004504148004
321	5.618505294e-05
322	0.0009986010074
323	0.0002239343774
324	1.378993016e-05
325	0.003767488031
326	0.0001870427313
327	0.0002694171316
328	5.635576709e-05
329	0.001270768021
330	0.003134245673
331	0.00132258618
332	0.001749949021
333	0.0008010867522
334	0.0001960992744
335	0.0001367149221
336	0.0001422898374
337	0.0001827832158
338	0.0006179908442
339	0.002961268437
340	0.000703651728
341	0.006599731555
342	0.007309466304
343	0.001562024271
344	0.006706078209
345	0.003007779321
346	0.001109116098
347	0.0003602849107
348	0.0005056573736
349	0.0005661115006
350	0.003757090117
351	0.00654988519
352	0.002215027158
353	0.001632405717
354	0.001594297958
355	0.0007356369875
356	0.001769561402
357	0.004695489076
358	0.0005727203184
359	0.0001048665406
360	0.0006113359533
361	0.002790392503
362	0.000776240579
363	0.0001326963748
364	7.247856186e-05
365	0.002053861966
366	0.0004982882012
367	0.0005818056837
368	0.0001441021258
369	0.000688030626
370	0.0009643033815
371	0.001238433364
372	0.008051077248
373	0.0007805689353
374	0.002278220153
375	0.003445442286
376	0.003634931341
377	0.0005280850907
378	0.004819257249
379	0.0004636184902
380	0.001158525226
381	0.0004123495989
382	0.001580541989
383	1.682091838e-06
384	0.001671885581
385	0.0003918394381
386	0.007113655657
387	2.783236362e-05
388	7.008745309e-05
389	0.001733282066
390	0.0003040770646
391	5.540084012e-05
392	0.00083631051
393	0.0005676224571
394	0.0003240129548
395	0.0004100187379
396	7.395457132e-06
397	8.001131244e-05
398	0.001399753137
399	9.527295654e-05
400	0.002362613919
401	0.001425117296
402	0.0002775101223
403	0.00136585848
404	0.002344355089
405	0.0002681129294
406	0.0007197168076
407	0.0001991500491
408	0.0001244091893
409	0.001131209982
410	0.001474619701
411	0.001894633764
412	0.004334009577
413	0.0001102925971
414	0.001171959828
415	0.0004531786764
416	0.001060216882
417	0.0005682623048
418	0.002489360989
419	0.001489767729
420	0.00189816192
421	0.001194384485
422	0.001671043407
423	0.0001693592298
424	0.000302656203
425	0.0001340524435
426	0.001116051819
427	0.0009680284488
428	0.0008642835947
429	0.002020968215
430	0.002441061435
431	0.000806041497
432	0.002739557338
433	0.001727447824
434	0.004135584438
435	0.0006021841408
436	0.000352580268
437	0.0003626796073
438	0.002093846121
439	0.002362370061
440	0.004627349021
441	0.0001423812207
442	0.0008458649342
443	0.0009950606023
444	0.000479266816
445	0.003542221074
446	0.0029176427
447	0.001114667287
448	5.360440434e-05
449	0.007693641102
450	0.001134026676
451	5.564975448e-05
452	0.007048323839
453	0.0002961591376
454	0.001171502622
455	0.0002567869651
456	0.0003771330985
457	0.0008160467741
458	0.0008251522914
459	0.001802881738
460	0.005569959605
461	0.00262116378
462	0.0001824102947
463	0.000528469085
464	0.0002380637947
465	0.0001909459679
466	0.002283727455
467	0.002411786993
468	0.0001224698896
469	0.0003492567798
470	0.000290063581
471	0.0005277399341
472	0.004296944215
473	0.000386621354
474	0.0007823527934
475	0.0003908325883
476	0.002046051365
477	0.0004439551683
478	0.0009221760375
479	0.0006531935303
480	0.000663362937
481	0.0008825482447
482	0.0004405009577
483	0.00180547346
484	0.001584997285
485	9.904732077e-05
486	0.002528357776
487	0.005222063474
488	0.004042546717
489	0.0006580606122
490	0.0009722650477
491	0.0005435414127
492	0.0006930817168
493	0.0002087481748
494	0.0006621778279
495	0.002975010609
496	0.0006870654647
497	0.001419047316
498	5.030595698e-05
499	0.005039276038
500	0.0007874433231
501	0.001189983253
502	0.006763824553
503	0.0006480231028
504	0.0001047755109
505	0.001277453427
506	0.0001980893662
507	0.002223575948
508	0.00248783996
509	0.0003053048185
510	0.0001199049322
511	0.00666653044
512	0.00230912255
513	0.0004370141083
514	0.001774236879
515	0.001752512114
516	0.0002124713588
517	0.001789834815
518	0.0001071610436
519	0.0003505502791
520	0.0005862838042
521	0.001186354452
522	0.0009491127193
523	0.0004617801971
524	0.0008636935246
525	0.0009514560633
526	0.009340834276
527	0.005233977285
528	0.001198499157
529	0.0005493397503
530	0.002654445887
531	0.001282642364
532	0.002183412887
533	0.0006959742352
534	0.0005750969943
535	0.0003032940372
536	0.004920320324
537	0.001160635541
538	0.0008904815478
539	0.0009919118486
540	0.001116910369
541	0.0008818999289
542	0.0005261304241
543	0.004305655364
544	0.003129194905
545	0.0003203284253
546	0.001744924549
547	0.000922943233
548	0.0005890218046
549	0.0002506406014
550	0.0001315302176
551	0.003583423257
552	0.00149919829
553	0.0001297201111
554	0.0002216912794
555	0.000318560441
556	0.0026422468
557	6.440463622e-05
558	0.003484606436
559	0.001304626892
560	0.0007370864963
561	0.007281345943
562	0.002655852286
563	0.005099137651
564	0.008134220745
565	0.002613009277
566	0.001762575157
567	0.001190330905
568	0.0003714999345
569	0.000780284862
570	0.00616018698
571	0.002210432538
572	0.001531860579
573	0.002973002442
574	0.0006978805114
575	0.003906252017
576	0.0005256504301
577	0.003390440391
578	0.00095351229
579	0.0009856317053
580	0.0004277568962
581	0.0009241418117
582	0.005706240606
583	7.724045058e-05
584	0.0004808111165
585	0.0001712577874
586	0.0007328832111
587	0.0004458937006
588	0.0002484940598
589	0.0003176652068
590	0.0006557844451
591	5.598887631e-05
592	0.0009173241369
593	0.002733506793
594	0.0002385361179
595	0.0003558733558
596	8.748527305e-05
597	0.0005100707636
598	0.0001823211995
599	0.002708772972
600	0.000276359932
601	0.0003939694681
602	0.0005895423358
603	4.842226141e-05
604	2.757384725e-06
605	0.0001055633115
606	3.001047025e-05
607	0.0004470046267
608	0.0001166830662
609	0.0001739671718
610	0.0004016426045
611	0.001737524452
612	0.001338516449
613	0.0007629354048
614	0.0001196187965
615	0.000586660557
616	0.0003944917791
617	0.0001930346947
618	0.0008808142694
619	0.0005262092284
620	0.0007257681002
621	0.001066469725
622	0.0003130214151
623	0.0001771470971
624	0.0006310453957
625	0.001192662371
626	0.0009689745043
627	0.0003160754767
628	5.194252777e-05
629	0.001335345611
630	6.891725129e-05
631	0.002480067039
632	8.101651665e-06
633	0.0003630408761
634	0.0002083635162
635	0.003684134203
636	0.001225046838
637	0.001541686172
638	0.001083992948
639	0.0004275709386
640	2.79961817e-05
641	0.000306866699
642	0.001777375263
643	0.0002489146688
644	0.000556092185
645	0.0003266314481
646	0.001565664428
647	0.001430649584
648	0.003092685403
649	3.119257881e-05
650	0.0001098041831
651	0.00180382562
652	0.0002853298617
653	0.0002824361619
654	0.001878098114
655	0.007420806277
656	0.007217191377
657	0.003354055463
658	0.0002416154773
659	0.0001021560339
660	0.0002912424883
661	0.0003611988835
662	0.0003556183011
663	0.0004086396871
664	0.0002803155398
665	0.001841090512
666	0.001026515603
667	0.0007966132244
668	0.006103625654
669	0.0008507555647
670	0.002222478715
671	9.939161582e-05
672	0.0002856595615
673	0.0004885525015
674	0.0001642454386
675	0.0005626397153
676	0.0001257947757
677	3.314052939e-07
678	4.241730636e-05
679	0.0001639940536
680	8.765591037e-05
681	0.001849530489
682	0.002623266423
683	0.0001167550626
684	0.00493604842
685	7.589120351e-05
686	0.001427414635
687	0.0002087482187
688	0.0002497169364
689	0.000537673055
690	0.002172001541
691	0.0004863995949
692	6.041256752e-05
693	0.001963431781
694	0.001249714513
695	0.0002946919952
696	0.0002669924442
697	0.0002567473237
698	0.0001596714571
699	0.0005491389958
700	0.0001623768319
701	9.710230786e-05
702	0.002745786851
703	0.002542388011
704	3.705436027e-05
705	0.001809556841
706	0.0007252733147
707	0.0001687345071
708	0.00020746207
709	0.0001417965327
710	0.00042481536
711	0.003384117383
712	0.001986331641
713	0.0002149437271
714	0.001627000979
715	0.000753535628
716	3.777005535e-05
717	0.001970588471
718	0.0003383562154
719	0.0003888923503
720	0.001020074349
721	0.0004032506004
722	0.0001528555939
723	0.0002270869753
724	0.0002227480641
725	0.002024814438
726	0.000597820919
727	0.0002135783105
728	0.0002142857056
729	0.001774454212
730	0.0005035989254
731	0.000882286474
732	0.0003380870352
733	0.0004788434702
734	0.002397445786
735	0.000420712551
736	0.002212943387
737	0.0001891656509
738	0.003337479534
739	0.000203594168
740	0.0005932656424
741	0.00110033334
742	0.004946063825
743	4.678921052e-05
744	0.001393689229
745	0.001476241829
746	0.0002488393274
747	0.003978830899
748	7.935284442e-05
749	0.0001558196425
750	0.003365331035
751	0.0002891891317
752	0.0002404078105
753	8.377428876e-05
754	0.0006705771172
755	0.001016271117
756	1.655078046e-05
757	0.003063028874
758	0.0008640758446
759	0.001469908267
760	0.002573289361
761	0.0003989926917
762	0.0001311703492
763	0.003957815869
764	0.0005387443548
765	9.38063291e-06
766	0.000143785148
767	0.000651711699
768	0.0004880732372
769	0.005767022866
770	0.0004072066984
771	0.007755778059
772	0.00137651377
773	0.0006746777845
774	0.0002182751262
775	0.0001765351724
776	0.0001447466137
777	0.0007421547952
778	0.0005206484966
779	0.0001772493241
780	6.555891323e-06
781	0.0005402963003
782	0.006188212362
783	2.282619219e-05
784	0.005068965751
785	0.001116044652
786	1.873273296e-05
787	0.0004300953468
788	0.0007629691519
789	0.006132417608
790	0.0004229441134
791	0.0005620258593
792	0.0007338899042
793	0.0007919973037
794	7.586700085e-05
795	0.0008495244563
796	0.001659277343
797	0.0002645672803
798	0.001484569992
799	0.001690616911
800	0.0002972763823
801	0.002172664665
802	0.0001237974665
803	6.650462392e-05
804	0.0007731611728
805	0.003086031416
806	0.0006630915042
807	0.001283298066
808	4.747305411e-05
809	0.001006552583
810	0.0009280844837
811	0.0008647775146
812	0.001879063126
813	0.0005650483703
814	0.002032026924
815	0.007419345965
816	0.001601924837
817	0.003882868182
818	0.0008484482419
819	0.005138071893
820	0.0002985854867
821	0.0008339161921
822	0.0003670936269
823	0.00148721341
824	0.0003457124841
825	0.0002198237834
826	0.0001971801039
827	0.004363934198
828	0.004661065087
829	0.0007522958205
830	2.08137256e-05
831	0.0004756460684
832	2.261212236e-05
833	0.0001241920373
834	0.0005255127543
835	8.906308714e-05
836	3.972780326e-05
837	0.00100961684
838	0.0009655845442
839	0.0002109371653
840	4.067802128e-05
841	0.0007873187707
842	7.436466927e-05
843	6.413745698e-05
844	0.0003286326047
845	0.000429790446
846	0.0001511554646
847	0.0003747603816
848	0.0001016030186
849	7.183987528e-05
850	0.0003230321747
851	0.000569532812
852	0.004057246305
853	0.0004130835399
854	0.002520222941
855	0.001891649457
856	0.001908163565
857	0.005712618284
858	0.005507809719
859	0.001271780846
860	0.002437041802
861	3.74140931e-05
862	0.0004421720738
863	0.0002879080379
864	0.001919559425
865	6.14412242e-05
866	0.001792960752
867	0.0007978126271
868	0.0006416473243
869	0.001723071553
870	0.0004218679519
871	0.0004354577239
872	0.0001509659312
873	0.0003576076246
874	0.0003813336578
875	0.0001845397133
876	0.0003303341772
877	0.0002613555036
878	0.0005677543142
879	0.0007231278289
880	0.0008779634376
881	0.001903081986
882	0.0006833001838
883	0.0100169269
884	0.005298465046
885	0.008193677653
886	0.0004469243413
887	0.0005865158847
888	0.00161408167
889	0.001822732857
890	0.0009357131503
891	0.0002055290793
892	0.001389065498
893	0.001268214407
894	2.420551534e-05
895	0.006781036077
896	0.003941579646
897	0.00123489075
898	0.0007235851145
899	0.0002994455834
900	0.0001718485499
901	0.0002697131996
902	0.0009800686586
903	0.0006750089174
904	0.00043813637
905	0.0002130564983
906	0.0006875555245
907	1.239038034e-06
908	6.346386038e-05
909	0.0004854181707
910	0.0002277429792
911	0.0004946524429
912	4.758052386e-05
913	0.0007737561112
914	0.0008374779515
915	0.0004924921964
916	0.0004306313989
917	0.0028823251
918	0.0007819270239
919	0.0001202736451
920	0.0005749803703
921	0.0001874124843
922	0.000530490787
923	0.000637204825
924	5.720602692e-05
925	0.003974457723
926	0.0004252881779
927	0.0001976278138
928	0.0009348526027
929	0.0006767865587
930	0.0004106988736
931	0.004194316442
932	0.001170268462
933	0.0004768990507
934	0.002747075624
935	0.0002475636309
936	0.001437309617
937	0.000239575815
938	0.003895231435
939	0.0005460833985
940	0.002086992677
941	0.001224148253
942	0.0005440077008
943	3.735436592e-05
944	0.004434087705
945	0.001786751671
946	0.0001159535374
947	0.003437672428
948	0.0008837242694
949	0.003608457397
950	4.387913924e-05
951	0.006991239347
952	0.0003588637367
953	0.001549346136
954	4.333063933e-05
955	0.0001705485503
956	0.001058458099
957	0.0005936400668
958	0.0002497546799
959	0.0005918621286
960	0.0001349936087
961	0.0007779921467
962	0.0001253928139
963	0.0004897252258
964	0.0006405661395
965	0.0002556432272
966	0.0002529064275
967	0.0003236835123
968	0.001545260622
969	0.0007145587927
970	0.0006236801984
971	0.001542720727
972	0.0006970875462
973	0.0001472180666
974	0.00205948675
975	0.002275906255
976	0.006803710102
977	0.001400974447
978	0.002721884824
979	0.0005545769554
980	0.0001069219233
981	0.0002304600915
982	0.0001856564604
983	6.872992713e-05
984	0.001150837838
985	0.000231970851
986	0.0004034883373
987	0.0001490285675
988	0.0001391662824
989	0.0004011317847
990	2.450712939e-05
991	0.0009810655522
992	0.0008077449228
993	0.0001598679833
994	8.64014692e-06
995	6.089817995e-05
996	0.0001297202865
997	0.0002968182233
998	0.000946932139
999	0.0002654154848
1000	6.738886965e-05
1001	0.001382286306
1002	1.10949809e-05
1003	0.0002454683422
1004	0.0004016066895
1005	0.0005331694189
1006	0.001838663514
1007	0.0007827042545
1008	0.0006611553927
1009	0.000593214346
1010	8.094277768e-05
1011	0.000272816297
1012	0.0006860702237
1013	0.002603569784
1014	0.0004666330875
1015	0.0004025615218
1016	0.000356550588
1017	0.0003258408116
1018	0.0007191169495
1019	0.002152203834
1020	0.001505704948
1021	0.001229722047
1022	1.893321762e-05
1023	0.0003669013796
1024	0.0001711612904
1025	0.001183731711
1026	0.001586443973
1027	0.0008815500116
1028	0.002682158736
1029	0.00143478204
1030	0.0003246636663
1031	0.001381768932
1032	0.002583804905
1033	0.003357764866
1034	0.000257316581
1035	0.002139932723
1036	0.001147503499
1037	0.0008476333473
1038	5.970680141e-05
1039	0.000448957646
1040	0.001536233962
1041	0.001831223482
1042	0.004072419594
1043	0.004309223111
1044	0.0008138310169
1045	0.003744219352
1046	0.0009341237012
1047	0.002324292892
1048	0.00871775849
1049	0.0001704885951
1050	0.0004806997632
1051	0.0006268693983
1052	0.0006923855045
1053	0.0003671013834
1054	0.0005291653253
1055	1.340146362e-05
1056	0.00596384614
1057	0.00102278699
1058	0.0007563798202
1059	4.196517645e-05
1060	0.00216275663
1061	0.0004734593035
1062	0.0001089883876
1063	0.001650589957
1064	2.214670154e-05
1065	0.005288596579
1066	0.0006659508409
1067	0.001393570537
1068	0.001741418293
1069	0.00207289628
1070	0.003686520547
1071	0.0002554999834
1072	0.0005180872684
1073	0.001708051252
1074	0.00123058955
1075	0.002820490667
1076	0.001762332417
1077	0.001197342735
1078	0.002334487622
1079	0.0006628165233
1080	0.0003713479757
1081	0.001228712298
1082	0.0009946733103
1083	6.71120883e-05
1084	0.002249332883
1085	0.0002120707798
1086	0.003551759093
1087	0.003733277302
1088	0.003050110791
1089	0.0003364527467
1090	0.003382137212
1091	0.0002718951447
1092	0.0001682281087
1093	0.0001061642466
1094	0.0002194726758
1095	0.0004105222234
1096	0.0005586279386
1097	6.152148035e-05
1098	0.0002514922205
1099	0.0002720989906
1100	0.0003062174287
1101	0.0001700696544
1102	0.000177324533
1103	0.0006986081529
1104	0.001070342142
1105	0.001282258638
1106	0.0006414178133
1107	2.405537842e-05
1108	0.0003231338131
1109	0.0003692924858
1110	0.0002962588101
1111	0.000709548741
1112	0.0003565799206
1113	0.00509611551
1114	0.0004136636025
1115	0.00831759651
1116	2.361844407e-05
1117	0.001948623702
1118	0.006282677964
1119	0.0008783486651
1120	0.0008543363807
1121	0.0006410337914
1122	0.0001328338751
1123	0.0002883744075
1124	0.001000964419
1125	0.001095496454
1126	0.001201149444
1127	0.0006289023128
1128	0.001075390512
1129	0.0008865623128
1130	0.0002870423982
1131	4.18869723e-05
1132	0.002678649641
1133	0.0007710741892
1134	0.0002652082154
1135	0.000120370622
1136	0.0005394321704
1137	0.002582072883
1138	0.005507694461
1139	0.002021147375
1140	0.00093522079
1141	0.00039313731
1142	0.002769751441
1143	0.0006037686584
1144	0.000434637257
1145	0.0002816728544
1146	0.0001027332025
1147	0.0002687848008
1148	3.332682267e-05
1149	0.0003370807551
1150	0.0002359099212
1151	0.001662147804
1152	0.001034474138
1153	0.0001088395004
1154	0.0003441363926
1155	0.0003877966853
1156	0.000337866416
1157	0.0003499859879
1158	0.0008158749345
1159	0.0002521319629
1160	0.0002078637559
1161	0.0006009850177
1162	0.00258309659
1163	0.002283558529
1164	0.0001735921185
1165	0.0005763988775
1166	0.0001279021999
1167	0.002648769053
1168	0.0005648755472
1169	0.0007883312762
1170	0.0002113133346
1171	0.0002571945023
1172	0.000495881796
1173	0.0008965711253
1174	0.001050521075
1175	0.0001215640373
1176	0.000187349224
1177	0.0002730651479
1178	0.000350599511
1179	7.101873229e-05
1180	6.472830936e-05
1181	0.001570400228
1182	0.0004287305068
1183	2.087123548e-05
1184	0.002453670368
1185	9.057284474e-05
1186	0.00106103602
1187	0.003343466683
1188	6.503836809e-05
1189	0.0001893017503
1190	0.0001038579389
1191	0.0003786888523
1192	0.0004585135891
1193	0.0002788801546
1194	0.003578707039
1195	0.001976605981
1196	0.0002195092377
1197	0.001080628074
1198	0.003040453156
1199	0.001887587366
1200	0.002905526308
1201	0.001014459155
1202	0.007803698989
1203	0.006557645594
1204	0.0009956457535
1205	0.0007472809046
1206	0.002941320673
1207	0.0005810665968
1208	0.001728037862
1209	0.000690608108
1210	0.002218963901
1211	0.0003754089732
1212	0.0007745908621
1213	0.002889088375
1214	0.003052011824
1215	0.0007909852151
1216	0.0003660271343
1217	0.0008963836512
1218	0.0008349717034
1219	0.0005299895878
1220	0.0050011328
1221	0.0002137271147
1222	0.002182837991
1223	0.005477505775
1224	0.001262144608
1225	0.000417884998
1226	0.003981227574
1227	0.003338527186
1228	0.001726630854
1229	0.0007761447035
1230	0.0009396993301
1231	0.0007764789649
1232	0.0002512074372
1233	0.0001298487997
1234	0.0007684995056
1235	0.0001101426861
1236	0.001872721024
1237	0.000101923845
1238	0.0004313920281
1239	0.0004236668406
1240	0.001202183756
1241	0.00343197954
1242	0.002095987262
1243	0.0006495584879
1244	0.00435769743
1245	0.004203428811
1246	0.003803899007
1247	0.000994524019
1248	0.00337488854
1249	0.001058862051
1250	9.343929948e-05
1251	0.0004883964867
1252	0.002294689707
1253	0.000872336196
1254	0.0002789110028
1255	0.000126023492
1256	0.001388892403
1257	0.0006666380176
1258	0.000141894534
1259	0.0004850564874
1260	0.002865386791
1261	0.0001802201968
1262	0.004034683975
1263	0.001100927667
1264	0.005966657334
1265	0.0008511559247
1266	0.0007906938601
1267	0.001355705137
1268	0.0003541582801
1269	4.934863041e-05
1270	0.000438570486
1271	0.0006000495212
1272	0.0003017221888
1273	4.790655977e-05
1274	0.0001588905499
1275	0.0002624978673
1276	3.564554309e-05
1277	0.0002624661927
1278	7.950858864e-05
1279	8.869204719e-05
1280	4.827236248e-05
1281	0.0001706293954
1282	0.001102689265
1283	0.0003631593569
1284	0.0007537319673
1285	3.628098308e-05
1286	0.0001136452132
1287	0.0009898631147
1288	0.001899462384
1289	0.0002273268031
1290	4.620032533e-05
1291	0.0002621339822
1292	0.002190790277
1293	0.0001726912699
1294	0.0001088991643
1295	0.002687402146
1296	0.0005413513033
1297	0.0005980288798
1298	0.0005207495243
1299	0.0006699834844
1300	0.000254687935
1301	8.88337708e-05
1302	0.002592635238
1303	0.0005508522028
1304	0.001141608688
1305	0.0005796136838
1306	0.002030467165
1307	0.0007922957491
1308	0.002535859508
1309	0.003246001316
1310	0.001278909286
1311	0.002217458454
1312	4.194233436e-05
1313	0.001779582932
1314	0.0008474651688
1315	0.0002592964881
1316	0.001809900862
1317	0.001600905501
1318	6.091722114e-05
1319	0.002517392714
1320	0.000832057528
1321	0.002269816683
1322	0.0001155784335
1323	0.0006706747706
1324	2.648192734e-07
1325	0.0004420623278
1326	0.002244662869
1327	0.0003562166797
1328	0.004438414099
1329	0.0008363959385
1330	0.000133470514
1331	8.032000878e-05
1332	0.0008944836817
1333	0.0001454502488
1334	0.0004853662683
1335	0.001195404894
1336	0.000407061652
1337	0.0002773499849
1338	0.001212903072
1339	0.0005423003492
1340	0.001048061001
1341	0.0009081881422
1342	0.0002060662237
1343	0.001174978442
1344	0.0002151131651
1345	0.0006377782221
1346	7.134398222e-05
1347	0.0007726236243
1348	0.001565847135
1349	0.004929564518
1350	0.002028206203
1351	0.002464438298
1352	0.006451019643
1353	0.001702692932
1354	0.0005860256713
1355	0.003887261116
1356	0.001229696384
1357	0.003441434031
1358	0.008158208891
1359	0.0077206211
1360	0.001977709108
1361	0.0003984271075
1362	0.0002657636029
1363	0.00148900443
1364	0.005316189029
1365	0.006593139786
1366	0.001914826217
1367	0.0003650510369
1368	0.00398256388
1369	0.001078964616
1370	0.000353468706
1371	0.0002352889237
1372	0.002873756999
1373	0.0004070519896
1374	0.002027933971
1375	0.003240286149
1376	0.0007445159346
1377	0.00110868847
1378	0.002891533272
1379	5.57101006e-05
1380	0.003701837045
1381	0.003037886946
1382	0.0006046277772
1383	0.0007829727374
1384	0.001816479896
1385	0.001210407272
1386	6.209357442e-05
1387	0.0007931448188
1388	0.000510736374
1389	0.002726364356
1390	0.0005309417216
1391	0.004042407512
1392	0.005214952014
1393	0.0005936682969
1394	0.00129711849
1395	0.0002144728112
1396	0.00252239406
1397	0.0004619638385
1398	0.003601853086
1399	0.0002939904112
1400	0.005308809731
1401	0.0002976519025
1402	0.000630794266
1403	0.0004923102499
1404	0.000265602555
1405	0.0003900970039
1406	0.003462522797
1407	0.0004976977159
1408	0.003134856989
1409	0.0003462588737
1410	0.002454309018
1411	0.002803989329
1412	0.0003490639694
1413	0.003397900666
1414	0.004774553664
1415	0.001432641682
1416	0.004032051995
1417	0.000831534868
1418	0.006509217775
1419	0.001897689084
1420	0.001572461679
1421	6.495228693e-05
1422	0.001016592705
1423	0.003459508665
1424	0.001082140807
1425	0.003819312668
1426	0.0005455406405
1427	0.002266623661
1428	0.001027122445
1429	0.000308722507
1430	2.264484704e-05
1431	5.907710722e-05
1432	0.002800226127
1433	9.751782194e-05
1434	7.593432596e-05
1435	0.0002377363657
1436	2.965598283e-05
1437	0.0003839454256
1438	4.148528485e-06
1439	0.0001680064454
1440	0.0002275073924
1441	0.0002405350197
1442	0.0001252677388
1443	0.0002711663382
1444	0.0002007367381
1445	0.0001199009408
1446	0.0001553720791
1447	0.002198449653
1448	0.001377884832
1449	0.0007417112382
1450	0.000727844832
1451	0.002283300198
1452	0.0002812742884
1453	0.0018795559
1454	0.0004138718432
1455	0.0002459037384
1456	0.0008253011512
1457	0.002430512381
1458	9.666145652e-05
1459	0.001015834129
1460	0.00216737715
1461	4.222090704e-05
1462	0.0008024270103
1463	9.603539629e-05
1464	0.003982042016
1465	0.0001927576381
1466	0.001248221256
1467	8.924763025e-05
1468	0.002182830198
1469	0.0003181396182
1470	0.000121375816
1471	0.0002569328443
1472	0.0006085878014
1473	0.0004955729177
1474	0.0003396909125
1475	3.783072629e-05
1476	0.0002647592863
1477	9.445428574e-05
1478	0.0005373319836
1479	0.0006059861457
1480	7.911047438e-05
1481	0.000374874017
1482	0.0009308723404
1483	0.0003204180232
1484	7.667065901e-05
1485	0.0004542220407
1486	0.0002595589365
1487	0.001454898777
1488	0.00193312508
1489	0.0002662379728
1490	0.0002568880458
1491	0.0005137894861
1492	0.002784129568
1493	0.000591577258
1494	0.0006666800762
1495	0.001853854311
1496	0.002269377361
1497	0.000850447324
1498	0.0007426777424
1499	0.001137200973
1500	8.766599324e-05
1501	0.0007895442734
1502	0.0006052241996
1503	0.001824118389
1504	0.0008533631581
1505	0.001181388286
1506	0.0008190503214
1507	0.001844250893
1508	0.0004144867029
1509	0.0003802071872
1510	0.001502135372
1511	0.000716186732
1512	0.001872327301
1513	0.0005773157748
1514	0.0005130502583
1515	0.0009189574124
1516	6.055722041e-05
1517	0.0004546233118
1518	0.0001131597631
1519	0.002415109919
1520	0.002381877319
1521	0.002064390867
1522	0.003291433293
1523	0.007142154335
1524	0.0003114921329
1525	0.0001585923439
1526	1.42129472e-06
1527	0.0003346528128
1528	8.404370749e-05
1529	0.003425429347
1530	0.00208199319
1531	0.0007221620266
1532	0.006378668167
1533	0.001481226717
1534	0.001901287225
1535	0.0002643092067
1536	0.004133142027
1537	0.0006004633676
1538	7.925297012e-05
1539	0.0001085465648
1540	0.001445955794
1541	0.001272862492
1542	5.496032089e-05
1543	0.0007419882774
1544	0.001484073662
1545	0.0007920802336
1546	0.0008297130474
1547	0.003325355699
1548	0.00125348911
1549	0.0001210088262
1550	0.004045994388
1551	0.001018850704
1552	5.502635447e-05
1553	0.001459692946
1554	0.001110016369
1555	0.001066427665
1556	0.0005248426996
1557	0.006698247131
1558	0.004343789854
1559	0.001628973589
1560	0.0007985535327
1561	0.008170420134
1562	0.001166426575
1563	0.001002717378
1564	0.0002012794407
1565	0.0006277405579
1566	0.0004610189294
1567	0.001705480241
1568	0.0002402009033
1569	0.00377458967
1570	0.0006928897214
1571	0.002611286788
1572	0.0001027349715
1573	0.0005546651577
1574	0.001451761013
1575	5.418747937e-05
1576	0.001352795284
1577	0.00260415658
1578	0.003255579346
1579	2.260888883e-05
1580	0.003006565695
1581	0.002331821999
1582	0.0007767128522
1583	0.0009416641768
1584	4.093468622e-05
1585	0.0006494256639
1586	0.00818337656
1587	0.0008019664342
1588	0.006351431594
1589	0.004437988112
1590	0.0009993837788
1591	0.0003660728271
1592	0.00396778718
1593	0.004903467657
1594	0.005410975382
1595	0.0001607723579
1596	0.003624810912
1597	0.007949973447
1598	0.002816362039
1599	0.001970490673
1600	0.01200307798
1601	6.5768803e-05
1602	0.0007333998442
1603	0.003211114746
1604	1.792197546e-06
1605	0.0004490955773
1606	0.002698735023
1607	0.006695487704
1608	0.001803182578
1609	0.006732075596
1610	0.00194691245
1611	0.0009224921783
1612	0.0001057892557
1613	0.007481767583
1614	0.000952764787
1615	0.008849585618
1616	0.006760339347
1617	0.003428673575
1618	2.886639359e-05
1619	0.0003123537732
1620	0.000105807832
1621	0.0004779338243
1622	0.001287201951
1623	0.00355486875
1624	0.0008408566574
1625	0.0002245934372
1626	0.001847698252
1627	0.002763550099
1628	0.003380571421
1629	0.00132253724
1630	0.0004918947029
1631	0.0006367388811
1632	0.00088713297
1633	0.0005650883082
1634	0.0001577362026
1635	0.003236795301
1636	0.0005772895045
1637	0.0002837819261
1638	0.0003145941452
1639	0.004704646371
1640	0.006674542593
1641	2.792784029e-05
1642	0.0007735400868
1643	0.0002858015546
1644	0.0005292211851
1645	0.001080122276
1646	0.001001817045
1647	0.0002359115125
1648	0.005135028333
1649	0.001999265581
1650	0.00569772899
1651	0.003901401114
1652	0.002668563079
1653	0.003939930244
1654	0.0005081092783
1655	0.0005103030729
1656	0.00284382062
1657	0.001704548331
1658	0.004228155838
1659	0.000173689594
1660	0.0002178166703
1661	0.0006533303969
1662	2.199571424e-05
1663	0.0005467663043
1664	0.000208762957
1665	0.0005483660956
1666	0.0001364038229
1667	0.0005435816127
1668	0.000278721991
1669	6.411280974e-05
1670	0.0002308972369
1671	0.0002462338741
1672	0.0003522144302
1673	6.60213017e-05
1674	0.0003348091607
1675	0.0002336503115
1676	0.000211894492
1677	0.0004374883567
1678	3.757929362e-05
1679	0.0001411424153
1680	0.0004723133201
1681	0.0005049606011
1682	0.0002937507124
1683	0.00038976702
1684	7.916322941e-05
1685	0.0002539263131
1686	0.0005852304084
1687	0.0006014837053
1688	0.0005590137875
1689	0.0001146716035
1690	0.0002707747068
1691	0.0001089410711
1692	0.0008338068802
1693	0.0006152310823
1694	0.00126765614
1695	0.0005358510305
1696	0.0001000357993
1697	0.0002850553258
1698	0.0001392748391
1699	0.0005875261575
1700	0.0002085634557
1701	0.0001283798644
1702	0.003219441024
1703	0.0004912617546
1704	0.003545613839
1705	0.0001957022787
1706	0.0005738151929
1707	1.93719786e-05
1708	0.0006667260112
1709	0.0002141573483
1710	0.0002222861705
1711	0.001666346332
1712	0.0005005751501
1713	0.0002147510854
1714	0.0006882955008
1715	0.0004464816134
1716	0.0001209485103
1717	0.0005214359146
1718	0.0002372824635
1719	8.312757995e-05
1720	0.0005587598769
1721	0.0002384161781
1722	0.0003248863934
1723	0.0003407801778
1724	0.001233730354
1725	6.79812084e-05
1726	0.0005638216063
1727	0.0008925644606
1728	0.003831196398
1729	0.0001221014961
1730	0.005348900808
1731	5.065261012e-05
1732	0.003160223266
1733	0.004902710623
1734	0.0004334956201
1735	0.004526509652
1736	0.002102478807
1737	0.002643639001
1738	0.005080963976
1739	0.003015053952
1740	0.005750291917
1741	0.003100148282
1742	0.001023849857
1743	0.0008991114384
1744	0.006273050286
1745	0.001903963214
1746	0.002751883413
1747	0.0007231948477
1748	0.0007043786464
1749	0.0007229782506
1750	0.00267459395
1751	0.001396299429
1752	0.004476508789
1753	0.0002174974178
1754	7.861605058e-05
1755	0.0009600090096
1756	0.0005985566044
1757	0.0003675026314
1758	0.0002044180818
1759	0.000502174139
1760	0.0005591172675
1761	0.000128778237
1762	0.0001275085797
1763	0.0003072031674
1764	0.003024725434
1765	0.0002648276033
1766	0.00294187091
1767	0.0001606572921
1768	0.0003350580716
1769	0.0003782970006
1770	0.0002546111343
1771	5.825689832e-05
1772	0.001386787752
1773	0.002099115313
1774	0.001724830701
1775	0.0007809562429
1776	0.002965325175
1777	0.003637505401
1778	0.002790170774
1779	0.0001327142563
1780	0.0008230143126
1781	0.0001701106707
1782	0.0001764481776
1783	0.0001775287136
1784	0.0001614541049
1785	0.0007127081116
1786	0.0004389692649
1787	0.0003636459849
1788	0.0008735187938
1789	6.453408032e-05
1790	0.0001457145953
1791	0.0002745131764
1792	0.0008937043464
1793	0.0006875462841
1794	0.0003865980365
1795	0.0003572865355
1796	0.0008999378758
1797	0.0001025751356
1798	0.0005710425505
1799	0.0001273114129
1800	0.0004032289005
1801	0.0005712059927
1802	0.0004998811986
1803	0.0001619453847
1804	0.0006294724858
1805	7.644579834e-05
1806	0.0009607982056
1807	0.001287852506
1808	0.0003701117101
1809	0.0004723568732
1810	0.0004374812676
1811	0.0005318738918
1812	0.0002441140854
1813	8.666273716e-05
1814	0.0004216440413
1815	0.000487213637
1816	0.001004286484
1817	5.981576501e-05
1818	0.0001048096325
1819	0.0007696424576
1820	0.0003231364995
1821	0.0003487788248
1822	0.0009303613949
1823	7.43780491e-05
1824	0.0006638858489
1825	0.0001361560105
1826	0.00044264161
1827	0.0003277841681
1828	1.015999114e-06
1829	0.0006357656956
1830	2.266636538e-05
1831	0.000865414833
1832	0.00170712631
1833	0.000126476596
1834	0.0001299313327
1835	0.0003006174494
1836	3.88701196e-05
1837	0.0001689915553
1838	0.000139720771
1839	0.0003339225689
1840	4.649108198e-05
1841	0.0004879883733
1842	0.0008404700395
1843	0.0001158243155
1844	0.000223926471
1845	4.704758112e-05
1846	5.499995032e-06
1847	0.0001038797182
1848	0.001386944218
1849	0.002357334995
1850	0.001400533428
1851	0.0004373873622
1852	4.112680166e-05
1853	0.0004860029106
1854	0.0004419831058
1855	0.001379296853
1856	0.0006717239364
1857	0.000719983502
1858	9.479913057e-05
1859	0.005938558993
1860	0.00254568662
1861	0.0002533363636
1862	0.002647785235
1863	0.007253133396
1864	0.007737409246
1865	0.002639870163
1866	0.0002498971501
1867	0.01283456644
1868	0.005128826044
1869	0.0001451037121
1870	0.001419169995
1871	0.0006268074117
1872	0.0005045887701
1873	0.0007230162873
1874	0.001374664178
1875	0.0001519428472
1876	5.014721194e-05
1877	3.619842297e-05
1878	6.856488713e-06
1879	0.0005043498235
1880	2.704073626e-05
1881	0.000298581247
1882	7.587444512e-05
1883	0.000597223589
1884	0.0004110987876
1885	0.000248726324
1886	0.0007780795335
1887	0.0004540602791
1888	0.00676463505
1889	0.0001016953741
1890	0.000688696777
1891	0.0005273006026
1892	0.0003723817892
1893	3.439196369e-05
1894	0.0005785038638
1895	0.0002618425
1896	0.0005100208038
1897	0.000308561543
1898	0.0003819644906
1899	0.0001479729632
1900	0.004306312369
1901	9.604791285e-05
1902	1.110825202e-05
1903	0.000545540068
1904	0.000705630823
1905	7.4561322e-05
1906	0.0004893867175
1907	0.0004392394517
1908	8.331855751e-05
1909	0.0007315459059
1910	0.0005746202164
1911	0.0009562715199
1912	0.0002841028317
1913	0.0002818395743
1914	0.0008728569547
1915	8.155276045e-05
1916	0.0006571815634
1917	0.0006917365909
1918	0.0008697549078
1919	0.0007496213167
1920	0.003482071918
1921	0.005939025518
1922	0.001068782413
1923	0.003407032496
1924	0.002523835265
1925	0.001290532723
1926	0.002730567249
1927	0.00269870379
1928	0.001960903974
1929	0.001666590287
1930	0.00151598037
1931	0.001475561471
1932	0.002954639002
1933	0.003622670876
1934	0.002442475987
1935	0.0005781870695
1936	0.001010538199
1937	0.001061933672
1938	0.0002362882385
1939	0.0006568515749
1940	0.0005988030492
1941	0.0001688592979
1942	0.0005778685143
1943	0.0007637080628
1944	0.0001887810906
1945	7.101154345e-05
1946	0.0002214541395
1947	1.511127726e-05
1948	0.001238103453
1949	0.0007583471314
1950	9.725288903e-05
1951	0.0003021627825
1952	0.0004317021516
1953	0.000288102083
1954	0.0003961596857
1955	0.0008172126033
1956	0.0005239594381
1957	0.000331694066
1958	0.000167880552
1959	0.0001478900676
1960	0.0008790218138
1961	0.003978896236
1962	0.001517718425
1963	0.001286731552
1964	0.002593313636
1965	8.638705444e-05
1966	0.002373723872
1967	0.0005459324892
1968	6.414141246e-05
1969	0.0001936490196
1970	6.414369926e-05
1971	0.0005598139666
1972	9.106644479e-05
1973	0.0001394365568
1974	0.0004969073799
1975	8.72388594e-05
1976	0.0001170007498
1977	0.0001608989636
1978	0.0001133038144
1979	0.002087477235
1980	0.002776590824
1981	0.0003333123437
1982	0.002098777752
1983	0.002472687763
1984	0.0008816924057
1985	0.0006486528288
1986	0.001344860159
1987	0.0005515523467
1988	0.0004920164358
1989	0.0004062001791
1990	0.001003118359
1991	0.0028104697
1992	0.0003331955108
1993	0.00173739923
1994	0.002218466765
1995	0.000118844133
1996	0.001427471744
1997	0.001813101556
1998	2.04800285e-05
1999	0.0003399700144
2000	0.0003482711025
2001	0.000590380893
2002	0.002605977849
2003	0.00135354211
2004	0.0004249847616
2005	0.0001264958362
2006	0.0001943702187
2007	0.001018775814
2008	0.002148600495
2009	0.0008544006311
2010	0.01017614798
2011	0.0003740269555
2012	0.0001772771764
2013	0.0001788801166
2014	7.264546375e-05
2015	0.0006224449729
2016	3.314973854e-05
2017	0.000392689273
2018	0.0003272092585
2019	0.002501503416
2020	0.0005275375283
2021	0.002789681261
2022	0.0004587137576
2023	0.0001847938757
2024	0.0002193077235
2025	0.0003500400702
2026	0.001816905387
2027	0.001052799113
2028	0.002472439071
2029	0.00810297421
2030	0.0004380880925
2031	0.005330269199
2032	0.003020896258
2033	0.0063840579
2034	0.001281145609
2035	0.002810036556
2036	0.003102582623
2037	3.190219936e-06
2038	0.00140097605
2039	0.004262326068
2040	0.001470649055
2041	0.00070201267
2042	0.001946275513
2043	0.001767354342
2044	0.00153304456
2045	0.001207777237
2046	0.002658663684
2047	0.0006633857216
2048	0.001508245737
2049	0.000987210327
2050	0.002267144429
2051	0.0003423128075
2052	0.00411480413
2053	0.0002387116907
2054	0.00384678232
2055	0.003100392506
2056	0.002682292444
2057	0.0002867495587
2058	0.0009425534697
2059	0.002517121252
2060	0.003853009514
2061	0.000283939548
2062	0.001654708644
2063	0.0005146537094
2064	0.00184648504
2065	0.003648531474
2066	0.003390899754
2067	0.004277378615
2068	0.0003065309173
2069	0.0002786776844
2070	0.002544376646
2071	0.0008340873908
2072	0.000770653558
2073	0.004688792781
2074	0.0001666936438
2075	0.0006581841863
2076	0.0009148034238
2077	0.002972774319
2078	0.001700229335
2079	0.002793065108
2080	0.005303279909
2081	0.0006897552392
2082	0.0001203212623
2083	0.00586215189
2084	0.001200600403
2085	0.003138520923
2086	0.002297397135
2087	0.003763361645
2088	0.002606474247
2089	0.001791122034
2090	0.002862229008
2091	0.001078438401
2092	0.000201572021
2093	0.0004318143614
2094	0.002191380026
2095	0.001403876916
2096	0.0006704011979
2097	0.0002842422764
2098	0.004156273105
2099	0.002474044772
2100	0.003622778809
2101	0.003232805281
2102	0.002216041507
2103	0.009219886125
2104	0.005215620605
2105	0.00221364497
2106	0.001050893311
2107	0.0007110171361
2108	0.00492769686
2109	0.001460300635
2110	0.002257395651
2111	0.004665269414
2112	0.0006945439369
2113	0.001489262219
2114	0.0005751203753
2115	0.006089493989
2116	0.002260797464
2117	0.003352637281
2118	0.007818985617
2119	0.00328601117
2120	0.004753322002
2121	0.005441913736
2122	0.004393806227
2123	0.0008247858994
2124	0.001023853316
2125	0.002928750258
2126	0.002475024269
2127	0.001348218162
2128	0.00120267379
2129	0.0005771626493
2130	0.0005079332889
2131	0.006208967088
2132	0.0008570831151
2133	0.001060811089
2134	0.0008698172388
2135	0.0003404615051
2136	0.00121360132
2137	0.001309107841
2138	0.0002323015246
2139	0.0001785166551
2140	0.0001068700192
2141	0.00339062188
2142	0.002300040672
2143	0.0002098089188
2144	0.0002129366927
2145	0.003732340115
2146	0.00118261632
2147	0.0002630792825
2148	0.0005982655823
2149	0.0002945776785
2150	0.0003478545432
2151	0.0006249666652
2152	0.001359755207
2153	0.001125911381
2154	0.00130659217
2155	0.002528403049
2156	0.003588401005
2157	0.001263857387
2158	0.003049609447
2159	0.002081781716
2160	0.0006107352931
2161	0.0005937818977
2162	0.00170739838
2163	0.004314077797
2164	0.000241530047
2165	0.005220636901
2166	0.00101893177
2167	7.877151788e-05
2168	0.0008226568784
2169	0.0007972053158
2170	0.0004826671708
2171	0.003571609129
2172	0.003488879481
2173	0.002502587995
2174	0.0002110007303
2175	0.0005442988232
2176	0.002122164219
2177	0.002330962105
2178	0.003856824564
2179	0.006104548525
2180	0.0003935411881
2181	0.0002413556142
2182	0.0002872203367
2183	0.001222876557
2184	0.0007737460528
2185	0.0001766569272
2186	0.002715797391
2187	0.0003446540807
2188	0.0007679384221
2189	0.002586453524
2190	0.007961981365
2191	0.008817085534
2192	0.001882772159
2193	0.0005672035842
2194	0.003409721335
2195	0.002396835308
2196	0.004501440844
2197	0.002344996047
2198	0.005397633214
2199	0.0001451176944
2200	0.003274740836
2201	0.001099596845
2202	3.853975147e-05
2203	0.0008504689834
2204	0.0007584037095
2205	0.0005231211774
2206	0.003867175472
2207	0.003007616167
2208	0.0006556080679
2209	0.000681076655
2210	0.0002363711831
2211	0.0006645520201
2212	0.001298145238
2213	8.870081442e-05
2214	0.005694524604
2215	0.001106109005
2216	0.0006017326293
2217	0.004745528913
2218	0.002046746492
2219	0.0003488875393
2220	0.0001541300485
2221	0.0002371809975
2222	0.0003746332866
2223	0.0001556069609
2224	0.0005640958941
2225	0.001617915619
2226	0.003415676061
2227	0.003946236532
2228	0.004861580342
2229	0.000713122041
2230	0.0008694248431
2231	0.0002892912229
2232	0.001243734217
2233	0.0006746788694
2234	0.001508041774
2235	0.0008538334084
2236	0.0003615993054
2237	0.0005489888266
2238	0.0008658768076
2239	0.001136815035
2240	0.0005788657375
2241	0.002552107107
2242	0.004499714906
2243	0.004342650919
2244	0.0009197965478
2245	0.002395995144
2246	0.003823420671
2247	0.0007763961841
2248	0.002433769461
2249	0.0008047322924
2250	0.0008001971517
2251	0.001694274824
2252	0.001085135141
2253	0.004128322531
2254	0.0008235194727
2255	0.002770746479
2256	0.001532423205
2257	0.004011579641
2258	0.002546805659
2259	0.001307011232
2260	0.002434818587
2261	0.008190209133
2262	0.0009062888956
2263	0.00132751555
2264	0.0002665950621
2265	0.0003258275772
2266	0.002031013289
2267	0.0007006747979
2268	0.002904841699
2269	0.001074877793
2270	0.007096397309
2271	0.0003067567939
2272	0.0002525629235
2273	0.003073013155
2274	3.55660757e-05
2275	0.0001723500059
2276	0.0003110330704
2277	0.005995610138
2278	0.002887783399
2279	0.00363699358
2280	0.0002785815564
2281	0.001724147933
2282	0.0003246492819
2283	0.0008613716202
2284	0.0001480052619
2285	0.001717256735
2286	0.002502604529
2287	0.006015903693
2288	0.0005868142386
2289	0.003275519648
2290	0.004520072213
2291	0.005031637363
2292	0.00198667461
2293	0.001918303874
2294	0.000826796786
2295	0.00457221968
2296	0.000428383429
2297	0.001627912601
2298	0.00411820855
2299	0.0007987027807
2300	0.0048399064
2301	0.003525574359
2302	0.001611840968
2303	0.0009553945167
2304	0.00291264323
2305	0.008605265408
2306	0.002844942245
2307	0.001473786275
2308	0.000334724349
2309	0.001507935536
2310	0.0001952249434
2311	8.404589192e-05
2312	0.0002462440896
2313	0.0003011534272
2314	0.0002236374615
2315	0.0001363250093
2316	6.60158058e-05
2317	0.0008043617129
2318	5.100910201e-05
2319	7.649863143e-05
2320	0.003680379739
2321	0.0005785872633
2322	0.001553381397
2323	0.001634359411
2324	0.0005629063222
2325	0.000797727438
2326	0.002288756676
2327	3.910134355e-05
2328	0.0005893650992
2329	0.0007516093368
2330	0.0001225836641
2331	0.0002133587222
2332	0.0005543022006
2333	0.0007002483694
2334	0.0006623547758
2335	0.0002049378128
2336	0.0002455771778
2337	0.00102372149
2338	0.0005199182539
2339	0.0006221623309
2340	0.0005828577729
2341	0.003447647903
2342	0.00347808405
2343	0.001860739268
2344	0.000727566233
2345	0.005301184072
2346	0.001526110158
2347	0.003759732404
2348	0.003472709667
2349	0.001246181013
2350	0.003471624302
2351	0.006929227497
2352	0.00300787555
2353	0.005581081589
2354	0.0007280851205
2355	0.003009899053
2356	0.009200236041
2357	0.0007998620556
2358	0.001984280359
2359	0.004072341944
2360	0.004548924461
2361	0.001395111012
2362	0.001955100532
2363	0.00449458493
2364	0.00202495205
2365	0.003175717314
2366	0.0008982190969
2367	0.0006165016596
2368	0.001738758044
2369	0.00504093788
2370	0.0003786325012
2371	0.004067242075
2372	0.003359467799
2373	0.0003894805415
2374	0.0004847347395
2375	0.001173592511
2376	0.00221242777
2377	0.001947393683
2378	0.001754875788
2379	0.001817100009
2380	0.006173062311
2381	0.001050073738
2382	0.003836324291
2383	0.0004165253884
2384	0.003602287714
2385	0.003237528338
2386	0.001660516006
2387	0.0009659768695
2388	0.001212250154
2389	0.002396608957
2390	0.001767839579
2391	0.002098194572
2392	0.0007339007085
2393	0.0005830664902
2394	0.003208340614
2395	0.003326895604
2396	9.777628604e-06
2397	0.003806938335
2398	0.000925778826
2399	0.001920206767
2400	0.004475717811
2401	0.001940820976
2402	0.007416317389
2403	0.001633071072
2404	0.002612091809
2405	0.00346837104
2406	0.005049763753
2407	0.001483967779
2408	0.001028571305
2409	0.00121914701
2410	0.0005201230496
2411	0.004655308156
2412	0.002571273297
2413	0.00234623558
2414	0.004761261838
2415	0.002144222266
2416	0.003130390524
2417	0.002413134261
2418	0.001988481853
2419	0.00151875981
2420	0.0008917986733
2421	0.004820584746
2422	0.005383216019
2423	0.001303010599
2424	0.00389041332
2425	0.002449678372
2426	0.001698411461
2427	0.001506597231
2428	0.004369721865
2429	0.000259328868
2430	0.002124066942
2431	0.002146058859
2432	0.001265418892
2433	0.0002594475746
2434	0.003710954147
2435	0.001065441489
2436	0.006777537825
2437	0.004950295024
2438	0.005682743505
2439	0.001002830207
2440	0.001012696022
2441	0.0001844214439
2442	0.001992188532
2443	0.001812049372
2444	0.0084136723
2445	0.0003934527738
2446	0.001397519125
2447	0.001460749002
2448	0.003412317112
2449	0.002007638832
2450	0.0003313995021
2451	0.007127831219
2452	0.001528797416
2453	0.001140620953
2454	0.003151007478
2455	0.004332196062
2456	0.0002466253694
2457	0.005569637352
2458	0.0001080028492
2459	0.0001793417161
2460	0.000306822346
2461	0.0003300621448
2462	5.670542992e-05
2463	0.0007637907533
2464	0.0009199528206
2465	0.0002761748154
2466	0.00065675228
2467	0.0002739392094
2468	2.354618384e-05
2469	0.0007050081028
2470	0.007405056463
2471	0.007363537352
2472	0.005423304743
2473	0.001439545942
2474	0.0003168144637
2475	0.0003664364362
2476	0.002215317482
2477	0.000423386486
2478	0.0005361185661
2479	0.0009565042646
2480	0.003814589182
2481	6.811792719e-05
2482	0.002190858688
2483	0.0001419529384
2484	0.003784032064
2485	0.003286901284
2486	0.0001812949025
2487	0.001627186119
2488	0.0002244917481
2489	0.0009497028658
2490	8.58056163e-05
2491	0.0005004825346
2492	0.000951773275
2493	8.643221654e-05
2494	0.0001333259773
2495	0.0002517987628
2496	0.002680844301
2497	0.003986301367
2498	0.0004167879745
2499	0.0005697538252
2500	0.004315004583
2501	0.003971427054
2502	0.00196795686
2503	0.001767578575
2504	0.002426850084
2505	0.001447859821
2506	0.0003207325994
2507	0.0001403939708
2508	0.0004856068491
2509	0.0003299556076
2510	0.0003163297298
2511	0.0005087545453
2512	0.0002916486495
2513	0.003016948975
2514	0.0007740734346
2515	0.002246547549
2516	0.0008346261007
2517	0.001037454295
2518	3.202786495e-05
2519	0.0005875946517
2520	0.002673971327
2521	0.003613807959
2522	0.001343691351
2523	0.002357404644
2524	0.006025083035
2525	0.002450092272
2526	0.0004981660493
2527	0.002407817897
2528	0.002228629185
2529	0.002974131615
2530	0.0001359124904
2531	0.003975356156
2532	0.0004056789888
2533	0.001301882121
2534	0.0001572722545
2535	0.001760924119
2536	0.001932135884
2537	0.001323937423
2538	0.004406317539
2539	0.003001790329
2540	0.0002819060482
2541	0.001855348759
2542	0.003526257723
2543	0.00101888777
2544	0.0005012334892
2545	0.00383202328
2546	0.002373274442
2547	0.001339099649
2548	0.000582907752
2549	0.006693307477
2550	0
2551	0.008273459902
2552	0.0008561746687
2553	0.004420243671
2554	0.003861654048
2555	0.002661950228
2556	0.0001436161733
2557	9.590628325e-05
2558	0.002800819478
2559	0.002486272213
2560	0.0006574067162
2561	0.001985636378
2562	0.0003853323335
2563	0.001011057143
2564	0.0003902734432
2565	0.0006786945117
2566	0.001639846974
2567	0.008200940984
2568	0.001088675746
2569	0.002819813574
2570	0.002072845518
2571	0.002338112627
2572	0.004565290216
2573	0.0004809765182
2574	0.000469362925
2575	0.001171378585
2576	0.003592935358
2577	0.003311758245
2578	0.00245169042
2579	0.005099270432
2580	0.002699098672
2581	0.0005672333135
2582	0.005753741227
2583	0.004390231765
2584	0.001930958583
2585	0.003354051872
2586	0.003619704829
2587	0.001072374974
2588	0.0001731692517
2589	0.003051025762
2590	0.005749035048
2591	0.002887999739
2592	0.0005381750825
2593	0.003534033686
2594	0.0009211488202
2595	0.001464636087
2596	0.004042734646
2597	0.00357766696
2598	0.001003225942
2599	0.0009600072265
2600	0.003500553055
2601	0.0004190769527
2602	0.007372075066
2603	0.0003020485989
2604	0.005242587829
2605	0.001089653147
2606	0.007899689793
2607	0.0008427290119
2608	0.0003977472426
2609	0.003716844534
2610	0.0007816981214
2611	0.003580953878
2612	0.0006321925899
2613	0.0008432415045
2614	0.001445826404
2615	0.003964155246
2616	0.0007099497109
2617	0.00247527527
2618	0.001080444068
2619	0.00593931485
2620	0.002284702997
2621	0.0002259477568
2622	0.0001253343012
2623	0.0009709409283
2624	0.0005562172416
2625	0.0003792425778
2626	0.001204254506
2627	0.006301211179
2628	0.0005158576037
2629	0.00049073562
2630	0.0004834244497
2631	0.0002164543933
2632	0.0003021083092
2633	0.0001423027202
2634	0.0004492852968
2635	0.0004894639029
2636	0.00173810795
2637	0.0001587487191
2638	0.001835919835
2639	0.00484754847
2640	0.00144740694
2641	0.001202053366
2642	0.001547721957
2643	0.003201808226
2644	0.002112546214
2645	0.003184255302
2646	0.001148300824
2647	0.005883080198
2648	0.0008817019657
2649	0.001178680198
2650	0.001535927681
2651	1.009706797e-05
2652	0.001261160925
2653	0.0007752802218
2654	0.003990565941
2655	0.00605970204
2656	0.0007475978461
2657	0.002484458457
2658	0.004374155393
2659	0.002254391231
2660	0.001530611936
2661	0.002223369201
2662	0.0002442092229
2663	0.004164909195
2664	0.001997504656
2665	0.001197340245
2666	0.001438667716
2667	0.00246277152
2668	0.002195015281
2669	0.001650635914
2670	0.004455214421
2671	0.0007139977386
2672	0.001122917438
2673	0.0004764715115
2674	0.001663652841
2675	0.006222236272
2676	0.001285830002
2677	0.003893240355
2678	0.002707887202
2679	0.002407876978
2680	0.004048601481
2681	0.002808773748
2682	0.005460955861
2683	0.002852025652
2684	0.0006874828058
2685	0.0001000506477
2686	0.003456120942
2687	0.003364104813
2688	0.001575890868
2689	0.006870795744
2690	0.002411126944
2691	0.001956969571
2692	0.003161326038
2693	0.003947317234
2694	3.604838257e-05
2695	5.934687874e-05
2696	0.001021140552
2697	0.0008672064398
2698	0.001016977214
2699	0.00067238367
2700	0.001607979674
2701	0.004500786009
2702	0.003572244622
2703	0.001165657585
2704	0.001853485105
2705	0.0007570263577
2706	0.0002514685842
2707	0.0001047321303
2708	0.0003867490367
2709	0.0003507711189
2710	0.0006090958095
2711	0.001849578052
2712	0.001483435674
2713	0.00180689416
2714	0.001922187078
2715	0.001906380689
2716	0.0022930036
2717	0.001558246483
2718	0.001373064388
2719	0.001486780864
2720	0.0009480208494
2721	0.0004745987708
2722	0.001376468166
2723	0.001090006475
2724	0.004185116929
2725	0.006892687146
2726	0.0007270360691
2727	0.0002756621769
2728	0.003164228889
2729	0.001809513387
2730	0.0001266219757
2731	0.001399185954
2732	0.000179419889
2733	0.002802979159
2734	0.004822717887
2735	0.001806611476
2736	0.0003928726911
2737	0.003034427727
2738	0.001464797198
2739	0.002432863698
2740	0.0001279957203
2741	0.002654928334
2742	6.621487718e-05
2743	0.0005596258035
2744	0.005339268367
2745	0.001421349743
2746	0.00235534123
2747	0.0006255819659
2748	0.009087797054
2749	0.005029308824
2750	0.00566196268
2751	0.001782183651
2752	0.003663651681
2753	0.0003714654175
2754	0.0005787796655
2755	0.001460674558
2756	0.0003317504201
2757	0.0002905675033
2758	0.002841301594
2759	0.001067047171
2760	0.004224763067
2761	9.590818014e-05
2762	0.002894991052
2763	0.007580081684
2764	0.0001452375403
2765	0.001156368125
2766	0.001164392578
2767	0.000877478116
2768	0.0009662808719
2769	0.0002535013352
2770	0.001481835758
2771	4.815158812e-05
2772	0.003621622452
2773	0.0007857107024
2774	0.001460019641
2775	0.001089580589
2776	0.003336536862
2777	0.000386311189
2778	0.0008971697948
2779	0.003801745105
2780	0.001154905121
2781	0.001748962931
2782	0.001557621552
2783	0.001593959978
2784	0.002693649855
2785	0.004448281324
2786	0.003782465966
2787	0.005535671179
2788	0.005199932274
2789	0.0004056385482
2790	0.0003579512201
2791	0.0002164316156
2792	0.003890350434
2793	0.00182179142
2794	0.000222074729
2795	0.004714079663
2796	0.001126923091
2797	0.0003772514565
2798	0.0004010730248
2799	0.0005202265826
2800	0.0008194563748
2801	0.0001823574533
2802	0.0002923351859
2803	0.0004535966282
2804	0.001224634573
2805	0.000877663912
2806	0.001203631808
2807	0.001689825489
2808	0.0007115176852
2809	9.648757904e-05
2810	0.0002086794003
2811	0.000457644896
2812	0.0007694238195
2813	0.0003686793868
2814	0.0004059658036
2815	9.161525186e-05
2816	0.0002389156131
2817	0.0005585635511
2818	0.0004083951354
2819	0.002874048736
2820	0.0005513426551
2821	0.001170196528
2822	0.0008149772219
2823	0.001110254243
2824	0.00116152343
2825	0.002594061808
2826	0.001841514673
2827	0.001998626251
2828	0.0009864127519
2829	0.0008567174003
2830	0.005800693137
2831	0.0004651540547
2832	0.0009012640651
2833	0.0007567749913
2834	0.0006238184921
2835	0.001235005013
2836	0.007400538021
2837	0.002682107389
2838	0.00617644399
2839	0.001088035413
2840	0.000155380869
2841	0.0002912923181
2842	0.0002965639801
2843	0.001874018482
2844	2.901774099e-05
2845	0.000420380687
2846	0.0005164402852
2847	0.0005222399576
2848	0.005129234544
2849	0.00241681334
2850	0.001960284014
2851	0.0006625207141
2852	0.0001902936813
2853	0.001537374263
2854	0.002122214275
2855	0.0003095456175
2856	0.001767299094
2857	0.0009623595806
2858	0.0001950460047
2859	6.613384524e-05
2860	0.001435879329
2861	0.0008650746785
2862	0.0001660215459
2863	0.0007452347104
2864	0.0004703694584
2865	0.000192476753
2866	0.0006726419768
2867	0.0001471681458
2868	0.0002201487538
2869	5.200301147e-05
2870	0.0004224958154
2871	0.0001984759243
2872	0.0004107137975
2873	0.0001761781511
2874	9.480999273e-07
2875	9.042267336e-05
2876	0.0006536431469
2877	0.0006415308637
2878	0.0002730143123
2879	0.002678990621
2880	0.0004593876408
2881	0.001000305334
2882	0.004128719592
2883	0.001199795406
2884	0.003576835174
2885	0.0001380067582
2886	0.001832305451
2887	0.0004080874987
2888	0.0009516097214
2889	0.0006040112367
2890	0.001152818438
2891	0.00423260601
2892	0.005991684555
2893	0.001575591067
2894	0.0002732266136
2895	0.0001255702719
2896	0.0001429518689
2897	0.0006665550436
2898	8.811079936e-06
2899	0.0002533807452
2900	0.0007384502175
2901	0.0001500176379
2902	0.001097216423
2903	0.0001270586993
2904	1.698890574e-05
2905	0.0007629566887
2906	0.0004457999922
2907	0.0004110486846
2908	0.0008171767246
2909	0.003233271321
2910	0.0004110541006
2911	0.0004379175748
2912	0.001701532982
2913	0.0005601455456
2914	0.0002310000712
2915	0.0006131092427
2916	0.002825503333
2917	0.002833982851
2918	0.0007678620518
2919	0.001341508216
2920	0.001281138302
2921	0.0001754333979
2922	0.0001446762617
2923	4.749229758e-05
2924	0.0003348141336
2925	0.0007587795004
2926	0.003887185553
2927	0.0005488695108
2928	0.007856460891
2929	0.0004383068587
2930	0.001224695131
2931	0.0001220024379
2932	0.004271004156
2933	0.003390277145
2934	0.003710430204
2935	0.00527239839
2936	0.008848153362
2937	0.0002805615908
2938	0.0001216363788
2939	0.003039502755
2940	0.002204927045
2941	0.0001952873263
2942	0.0005800044605
2943	0.001066454422
2944	0.005401418655
2945	1.65379622e-05
2946	0.0003832712012
2947	0.0006765697177
2948	0.0006256762122
2949	0.0006420133591
2950	0.0002493312457
2951	0.003062878414
2952	0.001420938182
2953	0.002612998319
2954	0.001657925643
2955	0.0003515447086
2956	0.0006620875122
2957	0.002601476308
2958	0.006662875618
2959	0.00223788029
2960	0.001550570808
2961	0.0008648250069
2962	0.006629273746
2963	0.01113928738
2964	0.0001821488062
2965	0.001235976604
2966	0.003419920191
2967	0.001393357888
2968	0.0004258367887
2969	0.00261266382
2970	0.001722417598
2971	0.001873746549
2972	0.0004354438345
2973	0.001855487529
2974	0.0006368578287
2975	0.0001145282277
2976	0.003685826835
2977	0.004035353602
2978	0.0003429121901
2979	0.002108954035
2980	0.0004793838515
2981	0.0002285996577
2982	0.0004811826189
2983	0.0006417961212
2984	0.0002496323881
2985	0.000990726003
2986	0.0005220121437
2987	0.00294689083
2988	0.003159610492
2989	0.004074607001
2990	0.001815916379
2991	8.065260796e-05
2992	0.0001703352917
2993	0.001030775385
2994	0.000295875495
2995	0.0004725455843
2996	0.00173655802
2997	0.002148325182
2998	0.0008476318294
2999	0.003052710941
3000	0.0002052820452
3001	0.000972456593
3002	0.0004789048872
3003	0.003977767084
3004	0.002659134306
3005	0.0004015219502
3006	0.008067739104
3007	0.0001244439906
3008	0.003674513423
3009	0.0004455552569
3010	0.000722827793
3011	0.0005605197678
3012	0.001627457308
3013	0.0009794013337
3014	0.0001380779065
3015	0.0002659227684
3016	0.001610624426
3017	0.004794817782
3018	0.003586356287
3019	0.001762604852
3020	0.004518758172
3021	0.008628629106
3022	0.005206261642
3023	0.001135119412
3024	0.003133978185
3025	0.001171637768
3026	0.0003324739238
3027	0.0008207834247
3028	0.0042534396
3029	0.0002950107882
3030	0.001103678379
3031	0.0002658729721
3032	0.003709042979
3033	0.0007413413693
3034	0.000274524401
3035	0.005775010658
3036	0.002440793888
3037	0.0003407126787
3038	0.0008136012286
3039	0.003732541769
3040	0.0003271145901
3041	0.001101613058
3042	0.001222252953
3043	0.001510598405
3044	0.004149015963
3045	0.0005350145828
3046	0.0002475693581
3047	0.006988601635
3048	0.0008448867927
3049	0.001451702978
3050	0.0007104430869
3051	0.001147321699
3052	0.004044183643
3053	0.00441815414
3054	0.0025749787
3055	0.001179640012
3056	0.001406081765
3057	0.001298749356
3058	4.679984067e-05
3059	0.0005701257788
3060	0.002333583315
3061	0.001580305475
3062	0.0004532752383
3063	0.001162753136
3064	0.0005992726441
3065	0.00533495329
3066	0.002915719178
3067	0.003095457917
3068	0.001029877656
3069	0.0009637450391
3070	9.166187165e-05
3071	2.061621462e-05
3072	5.078207205e-05
3073	0.0002184023302
3074	0.004520858278
3075	0.002187585849
3076	0.00318963164
3077	0.001618674559
3078	0.0003915628513
3079	7.215882988e-05
3080	0.0006301134721
3081	0.00296368275
3082	0.00172229961
3083	0.0004400057853
3084	0.0007318182779
3085	0.0002670678059
3086	0.001633809474
3087	0.0006080924591
3088	0.001242345812
3089	0.003415238045
3090	0.001144131141
3091	0.002475337715
3092	0.001768037156
3093	0.007170406886
3094	0.004069750781
3095	0.0006201347626
3096	0.00136854936
3097	0.000171605407
3098	0.0004407901756
3099	0.0004501600926
3100	0.0007638602892
3101	0.003397333486
3102	0.0023311735
3103	6.913209399e-05
3104	0.0002581038117
3105	0.0006265869348
3106	0.001283735215
3107	0.00178857681
3108	0.002167650158
3109	0.0006770569829
3110	0.001164624845
3111	0.001642435673
3112	0.00196678473
3113	0.001034026265
3114	6.102902158e-05
3115	0.00282298669
3116	0.002038977702
3117	0.004381960705
3118	0.002775423087
3119	0.0004478206373
3120	5.95258606e-06
3121	0.001109422486
3122	0.0006014730793
3123	0.000307597152
3124	0.0003562710312
3125	0.0005100013245
3126	0.0004013391143
3127	0.000183071018
3128	0.0003162370548
3129	0.0004663723411
3130	8.305067034e-05
3131	0.0006777431726
3132	0.0002294285529
3133	3.537742017e-05
3134	0.0001087891467
3135	0.0001071824578
3136	0.0009012850274
3137	0.003286658114
3138	0.0002054784436
3139	1.063266857e-05
3140	0.0001774263525
3141	0.0001757575405
3142	0.0002315760796
3143	5.73356104e-05
3144	0.005675771711
3145	0.000218339064
3146	0.004452016245
3147	0.001197485988
3148	0.007405267032
3149	0.001889980801
3150	0.002045900791
3151	0.000924656002
3152	0.0001548644423
3153	0.007012225119
3154	0.0003084717775
3155	0.001634591632
3156	0.0006058516556
3157	0.0001000817798
3158	6.897121187e-05
3159	0.000179136241
3160	2.574661678e-05
3161	0.0001685095435
3162	0.0003339704821
3163	0.00478817642
3164	0.0007408206211
3165	0.001203477689
3166	0.0002076862604
3167	0.000510867464
3168	0.0008217494313
3169	0.0002262480303
3170	0.00198309585
3171	0.0006210672029
3172	0.00189691692
3173	0.000859666443
3174	0.000825337686
3175	0.004448731651
3176	0.001899774554
3177	0.000486760198
3178	0.004391105811
3179	0.0001779348942
3180	0.001554216019
3181	0.001652514217
3182	0.0009620508616
3183	0.0003360745036
3184	0.0004172326277
3185	0.003606669397
3186	0.0003467960804
3187	0.0008148865341
3188	0.002018234321
3189	0.001340155114
3190	0.001600018305
3191	0.0007746044345
3192	0.006941427092
3193	0.003102750286
3194	0.006690745164
3195	0.001424266119
3196	0.002949216152
3197	0.0009735520069
3198	0.0004068644289
3199	0.001454032924
3200	9.861995047e-06
3201	0.0002716595735
3202	0.001985608115
3203	0.006235666252
3204	0.0005078216123
3205	0.0007644594882
3206	3.200548887e-05
3207	0.005146570736
3208	0.003271956777
3209	0.004616171688
3210	0.0003514092226
3211	0.003809479834
3212	0.002441126613
3213	0.004356664934
3214	0.005611930497
3215	0.004077843162
3216	0.002485116302
3217	0.002421601061
3218	0.0009694080798
3219	0.00136054353
3220	0.0007040831948
3221	0.005338818125
3222	0.0006818628686
3223	0.0001336112242
3224	5.366119191e-07
3225	0.001906763115
3226	0.0008461994773
3227	0.002107764198
3228	7.897300412e-07
3229	0.001325823627
3230	0.0005633820813
3231	0.001601662981
3232	0.00235196936
3233	0.0004478186442
3234	0.00321237802
3235	0.001722412735
3236	0.0005289829839
3237	0.0004244448771
3238	0.0008966768064
3239	0.001097153083
3240	0.001129171913
3241	0.0002921524974
3242	0.000498881796
3243	0.002038037917
3244	0.000221475316
3245	1.962895531e-05
3246	0.0003123850581
3247	0.002113568039
3248	0.00157540531
3249	0.001380654063
3250	0.0001470475546
3251	0.0002290383174
3252	0.0001055847083
3253	0.003017962806
3254	0.0009945318755
3255	0.002333555942
3256	0.002585761717
3257	0.000859034494
3258	0.002380171381
3259	0.001991222613
3260	0.00344688117
3261	0.001318288638
3262	0.001159648613
3263	0.0007842520928
3264	0.00054977226
3265	0.005296535642
3266	0.0005613672082
3267	0.005633938475
3268	0.0003567345003
3269	0.0001030870926
3270	0.0004126100994
3271	0.0001603324651
3272	0.0006439166512
3273	0.001480255796
3274	0.0002790676189
3275	0.007517897
3276	0.0001812110705
3277	0.005562362882
3278	0.0003679659566
3279	0.0003680211889
3280	0.003097840513
3281	0.0003896099554
3282	0.0002078504963
3283	0.004040319749
3284	0.001747339761
3285	0.003582222083
3286	0.003927654583
3287	0.00273045059
3288	0.001946577232
3289	0.00182871656
3290	0.0007945305145
3291	4.307894027e-05
3292	0.0009469597257
3293	0.001500441606
3294	0.0001167744612
3295	0.002992176417
3296	0.001160482521
3297	0.004498822694
3298	0.0002579511809
3299	0.001818393161
3300	0.0002243308988
3301	0.002480156289
3302	0.0005301549542
3303	0.0009163306067
3304	0.002083170749
3305	0.0009793319263
3306	0.001612264383
3307	0.0002954438315
3308	0.0004692742223
3309	0.0009499161835
3310	0.003189689266
3311	0.0007964649839
3312	0.003247770013
3313	0.001206650149
3314	0.007162331966
3315	4.00196181e-05
3316	0.002019143119
3317	0.001051260531
3318	0.001041509098
3319	0.0008675626164
3320	0.0005334487793
3321	0.002782992347
3322	0.002403353974
3323	0.0001109119554
3324	0.003342010361
3325	0.0005168256139
3326	0.002189796531
3327	0.003661602562
3328	7.299058146e-05
3329	0.0009097920607
3330	0.004208798211
3331	0.00276321516
3332	0.000925330043
3333	0.001676027227
3334	0.003956398211
3335	9.058548185e-05
3336	0.003742520581
3337	0.0009645726227
3338	0.0001513987126
3339	0.001338626136
3340	0.001101734711
3341	0.000881101928
3342	0.001128032148
3343	0.0008262704565
3344	0.0003206940875
3345	0.0004917300443
3346	0.0001910591751
3347	0.0008183046527
3348	0.0002832319521
3349	0.003220208099
3350	0.001511282248
3351	0.002215079148
3352	0.0008983467389
3353	0.002357629402
3354	0.002021931034
3355	0.002583961162
3356	0.003291997045
3357	0.001466135111
3358	0.001120974027
3359	0.004697693022
3360	0.005067261277
3361	0.0058427721
3362	0.001578617037
3363	0.0007922436812
3364	0.0001115626027
3365	7.335941028e-06
3366	0.000730079528
3367	0.0002308427274
3368	0.0002228715027
3369	0.002708982973
3370	0.0002155337147
3371	0.0003222832853
3372	1.81471409e-05
3373	0.001062748874
3374	0.0003362455814
3375	3.825931096e-05
3376	0.0001086479283
3377	6.390210528e-05
3378	0.0008248468172
3379	0.0002255819864
3380	0.0005621771179
3381	5.425572785e-05
3382	0.0001594561966
3383	0.0001018149973
3384	0.0007698025289
3385	0.0006461988213
3386	0.002202652701
3387	2.934802573e-05
3388	0.0005204393699
3389	0.0005047421205
3390	0.002480941077
3391	0.0005473423682
3392	0.001220094044
3393	0.0009671275455
3394	1.59096463e-05
3395	0.0006784557903
3396	0.001318158105
3397	0.00266021817
3398	0.002653631291
3399	0.0003037922284
3400	0.000756271584
3401	0.001235400973
3402	0.0001684684851
3403	0.001007975928
3404	0.0002429551528
3405	0.000331655651
3406	0.001065354937
3407	0.002157507945
3408	0.0005317925691
3409	0.0001679811088
3410	0.00212993281
3411	0.001424445971
3412	0.001763499987
3413	0.0007224077249
3414	0.002053476424
3415	0.005148940521
3416	0.004550075999
3417	0.002577786478
3418	0.0001041412711
3419	0.004766172282
3420	0.0008527365274
3421	0.001127361592
3422	0.0005272804308
3423	0.0009558443726
3424	0.0002617769135
3425	0.0008001466227
3426	0.0009986104879
3427	0.0005541101398
3428	0.001547336616
3429	5.833522611e-05
3430	0.0007223461255
3431	0.0002278592085
3432	0.0002391226176
3433	0.0003073576137
3434	0.003911451549
3435	0.00120251237
3436	0.0005695267102
3437	0.001554388974
3438	0.001225563374
3439	0.005535730172
3440	1.577923859e-05
3441	0.0006763348876
3442	0.0009658879314
3443	0.00269347606
3444	0.0004143502769
3445	0.0001928504242
3446	0.0002592270263
3447	2.228684708e-05
3448	0.00144092403
3449	0.001264603226
3450	0.0008685486087
3451	0.001119177284
3452	0.001011780016
3453	0.001388908828
3454	0.0009197424607
3455	0.0002413222759
3456	0.001000504869
3457	0.0004845374221
3458	0.001053671969
3459	0.0001334832701
3460	0.0002654136073
3461	0.0009182989802
3462	0.0004137569684
3463	7.866448841e-05
3464	0.0001705907265
3465	0.0002641776416
3466	0.0003119075173
3467	0.0003531620744
3468	0.0008100371397
3469	0.0003431525576
3470	0.0008681847921
3471	0.0005741533262
3472	0.000258964039
3473	0.001668207605
3474	0.00165742009
3475	0.0002369198039
3476	0.001113996271
3477	8.561859189e-05
3478	0.0001358343732
3479	0.0001619202358
3480	0.0001573311254
3481	0.0002235129579
3482	0.0001054189102
3483	6.508339013e-05
3484	0.0002621413113
3485	0.002031039771
3486	0.007151858634
3487	0.001614123987
3488	0.0007183408693
3489	0.003471253465
3490	0.001679941035
3491	0.0007973084813
3492	0.001513480393
3493	0.003175534925
3494	0.0001169146546
3495	0.00703220341
3496	0.0008379462783
3497	0.002660607855
3498	0.001654056139
3499	0.002750254235
3500	0.0006429582863
3501	0.001463456037
3502	0.005859339595
3503	0.001773680582
3504	0.004929527422
3505	0.0002453861738
3506	0.002859611218
3507	0.002699200201
3508	0.0009407278242
3509	0.000956881339
3510	0.001471465061
3511	0.001593571679
3512	0.0002183397572
3513	0.006266607085
3514	0.00316367785
3515	0.007808581424
3516	0.0004305543191
3517	0.007094421714
3518	0.002982708917
3519	0.006069296415
3520	0.0006100377764
3521	0.0004226351822
3522	0.003181752038
3523	0.00579974476
3524	0.005080937559
3525	0.004622429606
3526	0.00287290361
3527	0.001264958234
3528	0.0002277040905
3529	0.001598357225
3530	0.002419886969
3531	0.005970819681
3532	0.001241807986
3533	0.0006270823149
3534	0.002463602531
3535	0.0005413841154
3536	0.001903189054
3537	0.003789035198
3538	0.001649340512
3539	0.002578221954
3540	0.001045032783
3541	0.003384242206
3542	0.006013889647
3543	0.005730443472
3544	0.001532704806
3545	0.001551410678
3546	0.0001531286283
3547	0.001487651574
3548	0.0008605784311
3549	0.001519480611
3550	0.003949788109
3551	0.001107655623
3552	0.002365303027
3553	0.000281337432
3554	0.001800633488
3555	0.001536019354
3556	0.00123534738
3557	0.0005375883358
3558	0.005787987122
3559	0.009238018587
3560	0.001264013629
3561	0.001348249173
3562	0.001485860143
3563	0.001158123395
3564	0.002188909869
3565	0.000754816806
3566	0.002250328924
3567	0.005749204329
3568	0.001891900947
3569	0.0009918729456
3570	0.00867198672
3571	8.051030075e-05
3572	0.0009918787787
3573	0.001204739896
3574	0.0003211372171
3575	0.002889760397
3576	0.007403383119
3577	0.0002211091805
3578	0.0001840505847
3579	0.005227088019
3580	0.002823697033
3581	0.00149836472
3582	0.0004717393566
3583	0.001927195501
3584	0.001299696202
3585	0.000327592104
3586	0.002323187918
3587	0.003515499927
3588	0.003171758417
3589	0.002296696175
3590	0.001986093265
3591	0.003794378938
3592	0.0009425502112
3593	0.001432006478
3594	0.003428322195
3595	0.003991889698
3596	3.268723028e-05
3597	7.587239846e-05
3598	0.003532091851
3599	0.0004066715207
3600	0.004293915583
3601	2.443716288e-07
3602	0.0003729515762
3603	3.407308809e-05
3604	0.003426823307
3605	0.0004039270278
3606	7.270666146e-05
3607	0.002354845253
3608	0.0001780478951
3609	0.0002286910129
3610	0.0004892244732
3611	0.0003930644823
3612	0.001778432463
3613	0.000833160102
3614	0.002211468019
3615	0.001268412182
3616	0.001146011679
3617	0.001156293321
3618	5.383341764e-05
3619	0.0003730589959
3620	1.711746874e-05
3621	0.0001989886438
3622	0.0009849797422
3623	0.0007987870575
3624	0.0002955946207
3625	0.0002450390362
3626	0.0004355760641
3627	0.0006348891872
3628	0.00239864486
3629	0.0009586034656
3630	0.001324067737
3631	0.0009332313539
3632	0.003269742456
3633	0.0001128087964
3634	0.0003062864957
3635	0.001491983948
3636	4.213836824e-05
3637	0.0007728295104
3638	0.0005420063699
3639	0.0009438437225
3640	0.0002919862856
3641	0.008340581359
3642	0.0009319793052
3643	0.0004627531249
3644	0.0001123825749
3645	0.001664717535
3646	0.003410573435
3647	0.0005242575642
3648	6.174498279e-05
3649	0.008584192646
3650	0.0003011160142
3651	0.005453368549
3652	0.001630244231
3653	0.0002515725702
3654	0.003345491333
3655	0.0001231565871
3656	0.00041979569
3657	0.0004786598231
3658	3.726569093e-06
3659	0.001598940073
3660	0.003779956306
3661	0.0003956006942
3662	0.0001471713963
3663	0.0008953563851
3664	0.001137440895
3665	0.0002572485992
3666	5.794391891e-05
3667	0.002421676624
3668	0.001339643066
3669	0.003926101962
3670	0.002217216743
3671	0.000722212966
3672	0.001258464889
3673	0.004639918052
3674	0.001907542217
3675	0.003706108838
3676	0.00234493761
3677	9.240235422e-05
3678	0.0009017650721
3679	0.005741311463
3680	0.0001670992329
3681	0.0004019192276
3682	0.0001326749147
3683	0.0005358881039
3684	0.0003223487783
3685	0.003530716268
3686	0.00405742547
3687	0.001864204779
3688	0.0007524479156
3689	0.0008673951497
3690	0.002516989926
3691	0.002017021652
3692	0.00343579797
3693	4.294031002e-06
3694	0.001196673034
3695	3.588180163e-05
3696	0.002501411106
3697	0.0015030421
3698	0.007330074677
3699	0.0004676057737
3700	7.799560786e-05
3701	0.000615977734
3702	0.001249353551
3703	0.0003850646374
3704	2.065263631e-05
3705	0.001152058734
3706	0.000844633374
3707	0.0001654223918
3708	9.967579227e-05
3709	0.001583119061
3710	0.0004763833086
3711	0.0001941750831
3712	0.002089278386
3713	0.0008450790696
3714	0.0001249278519
3715	0.0008056806369
3716	0.0006290469097
3717	2.99221156e-06
3718	0.0005544654919
3719	0.001726776917
3720	0.001105838644
3721	0.0004886138054
3722	0.001078232895
3723	0.0003360023954
3724	0.0007355942137
3725	0.001842311125
3726	0.003774149299
3727	0.001851051731
3728	0.006041263529
3729	0.0005791865527
3730	0.0007174663029
3731	0.0001678590861
3732	3.774376633e-05
3733	0.003663698491
3734	0.002116517302
3735	0.0005026428476
3736	1.770234247e-05
3737	0.001361196032
3738	0.001509874674
3739	0.001332361151
3740	0.0004273738348
3741	0.0005295238253
3742	0.00265148899
3743	0.001213057845
3744	0.0004455728355
3745	0.0003535952727
3746	0.001507734818
3747	0.0001044995124
3748	0.0005235407001
3749	1.667329605e-05
3750	0.0001586730995
3751	0.000202846076
3752	0.0002912559933
3753	0.00158367875
3754	0.004474415016
3755	0.0006121947931
3756	0.0002787187227
3757	0.000184893036
3758	0.0008376325562
3759	0.001036575364
3760	0.0003315892442
3761	0.0002036982288
3762	0.0005485448023
3763	0.000382751788
3764	0.0001111892414
3765	0.0003316268206
3766	0.0004461669627
3767	0.0005403093409
3768	6.650166824e-05
3769	0.002537724252
3770	4.533783051e-05
3771	0.0002815768166
3772	0.001685101018
3773	0.0007563014206
3774	0.001820893581
3775	0.00255648725
3776	0.002666626072
3777	0.002322950456
3778	0.001173152664
3779	0.001293098541
3780	0.0006383847485
3781	0.000141219185
3782	0.0002918656601
3783	0.0001855599999
3784	0.0003138652272
3785	0.000371210529
3786	0.0003002862676
3787	0.0003348527987
3788	0.002490918705
3789	0.001889282056
3790	0.0005515427561
3791	0.003106360732
3792	0.0008197881588
3793	0.00043380855
3794	0.0005485185912
3795	0.0005740300283
3796	0.0001336444956
3797	0.0001236204961
3798	0.0006304260454
3799	0.0009893970764
3800	0.001280388562
3801	0.001415098608
3802	0.0006574195738
3803	0.000154068325
3804	0.001004946848
3805	0.004015308106
3806	0.0008329714412
3807	0.002238662344
3808	0.0001351116229
3809	0.003326600019
3810	0.0002955977216
3811	0.0002467261745
3812	0.0004790818383
3813	9.623897597e-05
3814	0.0008647275589
3815	9.919304294e-05
3816	0.0001015760648
3817	0.001079092339
3818	2.127416401e-05
3819	0.0004641014981
3820	0.0002578521196
3821	0.0003976668778
3822	6.549019491e-05
3823	0.0001901272971
3824	0.0008174261018
3825	0.006022828803
3826	0.005490573747
3827	5.712718324e-05
3828	0.0001735489393
3829	0.005352033671
3830	0.001202929445
3831	0.001749722607
3832	0.001485355637
3833	0.0004975815453
3834	0.001152317639
3835	0.001534188973
3836	0.0004232398206
3837	0.004936672583
3838	0.002440857727
3839	0.001337638598
3840	0.001193469889
3841	0.002920532743
3842	2.358012172e-05
3843	0.003828217366
3844	0.0008058674175
3845	0.000679182073
3846	0.007412764804
3847	0.0001551257404
3848	0.0006570134041
3849	0.004564042365
3850	0.0005175603764
3851	0.0002551856934
3852	0.0002197456452
3853	6.083735451e-05
3854	0.003927957841
3855	0.001722842786
3856	0.0008307364994
3857	0.0003743668552
3858	0.00528328438
3859	0.005488320204
3860	0.0002534143599
3861	0.006901022792
3862	0.003725742074
3863	0.0004494727086
3864	0.003470460627
3865	0.001130643634
3866	0.00354217215
3867	0.001294812225
3868	0.002314239539
3869	0.001162393785
3870	0.0001586884594
3871	6.224895271e-05
3872	0.0001425291055
3873	0.0002406407079
3874	0.002078694729
3875	8.540457915e-05
3876	0.0002500547546
3877	0.0001534663552
3878	0.0002027342817
3879	0.0006291289921
3880	0.0002013274891
3881	0.0006222574187
3882	0.0004380793508
3883	0.0002649673907
3884	0.0007831312795
3885	0.003005917176
3886	0.003962953256
3887	0.001591616146
3888	0.0003725332055
3889	6.141876104e-05
3890	0.00018818712
3891	0.0003845436279
3892	0.0001060576291
3893	0.001081212435
3894	0.0008166672089
3895	0.0002493157684
3896	1.275721276e-06
3897	0.0001856182681
3898	0.0006814894048
3899	8.550860095e-05
3900	0.002220198365
3901	0.0003202332909
3902	2.783287125e-05
3903	0.00771531307
3904	0.0008192866756
3905	0.0009102992731
3906	0.002154472273
3907	0.002693032868
3908	0.004748594359
3909	0.006451266291
3910	0.0001835370068
3911	0.000246278825
3912	7.878234383e-05
3913	0.0005122885737
3914	0.005251419287
3915	0.002842211088
3916	0.0001128865725
3917	0.0003760322612
3918	0.002450524923
3919	0.001171788272
3920	0.001923216459
3921	0.00173616141
3922	0.0002994403595
3923	0.001936700025
3924	0.003504585247
3925	0.004885355649
3926	0.001986367183
3927	0.002259819098
3928	0.002333512719
3929	0.0009185153547
3930	0.002218127045
3931	0.001263204357
3932	6.288149319e-05
3933	0.0001392548744
3934	1.061076142e-05
3935	0.0002094207402
3936	0.0002794810776
3937	0.0003726496997
3938	0.0005538338173
3939	0.0001722793553
3940	0.0001907997587
3941	0.0004146436667
3942	0.000996943804
3943	0.003533016538
3944	0.0001273423451
3945	0.0002129550577
3946	0.0005184839553
3947	0.0004981481951
3948	0.0002046530537
3949	0.0001374097628
3950	0.0001732608027
3951	0.0001100996878
3952	0.0001009487439
3953	3.310999734e-05
3954	0.006780972494
3955	0.002311028683
3956	0.0007568617573
3957	0.003636097563
3958	0.004544504111
3959	0.001592793639
3960	0.005115712068
3961	0.0009059841503
3962	0.003693866498
3963	0.003505985091
3964	0.000802757701
3965	0.001736786519
3966	0.00481862956
3967	0.0002575620963
3968	0.002857838074
3969	0.001481537552
3970	0.0001450100373
3971	0.0003879961428
3972	0.004875512272
3973	0.001835512599
3974	0.0009449511982
3975	0.00037174837
3976	0.0004980269695
3977	0.0004640342458
3978	0.002079144638
3979	6.959116198e-05
3980	7.031334648e-05
3981	0.0004723463557
3982	8.782747442e-05
3983	0.0003786053128
3984	5.447654241e-05
3985	7.960703158e-05
3986	0.003016915359
3987	0.0002231038166
3988	0.0002803722958
3989	0.0001096072204
3990	0.0004723521768
3991	7.145310048e-05
3992	0.002261988218
3993	0.003199275609
3994	0.003633713318
3995	0.001587290922
3996	0.001182047951
3997	0.001467882905
3998	0.0002611169647
3999	0.007306232241
4000	0.0001247878224
4001	0.001119381937
4002	0.001955227606
4003	4.421949386e-05
4004	0.0002382986353
4005	0.0005705891904
4006	0.0001343976589
4007	0.003724608911
4008	7.285794944e-05
4009	0.004784657581
4010	0.001325783684
4011	0.0006550901648
4012	0.001342871326
4013	0.001467525309
4014	5.531420599e-05
4015	0.001694652378
4016	0.003512325375
4017	0.003810855288
4018	0.0005892353762
4019	0.0005636479765
4020	0.001148835089
4021	6.125319432e-05
4022	0.0001607981044
4023	0.000568882339
4024	0.0003024561009
4025	0.003015705011
4026	1.560182342e-05
4027	4.798737187e-05
4028	0.00274902478
4029	0.002869611706
4030	7.414014411e-06
4031	0.0008222813238
4032	0.00194999256
4033	3.779128333e-05
4034	0.002088038549
4035	6.665263666e-05
4036	0.004089074025
4037	0.0002055269835
4038	0.001230174062
4039	0.0005034725094
4040	0.0005145400744
4041	0.001714939891
4042	0.0009703070451
4043	0.001070707284
4044	0.007515511016
4045	0.001148448166
4046	0.007838939715
4047	0.001173559502
4048	7.806956971e-05
4049	0.003158734439
4050	7.408822493e-05
4051	0.0001106752788
4052	0.0003778862487
4053	0.0003058492103
4054	0.001141643392
4055	4.565366987e-05
4056	0.001045298807
4057	0.00114630784
4058	0.003809249785
4059	0.007136436414
4060	0.006537163678
4061	0.002211942109
4062	5.591377551e-05
4063	0.002116835802
4064	0.003950040655
4065	0.003043481515
4066	0.002101067366
4067	0.005267685816
4068	0.005303723422
4069	0.0014705694
4070	0.002325408244
4071	0.002215733661
4072	0.007790809747
4073	0.0002707105725
4074	0.0009392773069
4075	0.004560476568
4076	0.002924737797
4077	0.00172900807
4078	0.00284255582
4079	0.0001866654006
4080	8.36184875e-05
4081	0.004650350657
4082	0.002065021542
4083	0.0006160538564
4084	0.0009529773044
4085	0.00197753559
4086	0.006278029869
4087	0.001128906316
4088	0.002643807322
4089	0.002770404883
4090	0.002753559203
4091	0.001497555987
4092	0.003102352549
4093	0.002472382328
4094	0.0009829062651
4095	0.003182020626
4096	0.003324941152
4097	0.005295054598
4098	0.002696449154
4099	0.006217153578
4100	0.0003208996119
4101	0.000279388746
4102	0.00126106502
4103	4.239764883e-05
4104	0.004110042053
4105	0.005257690795
4106	0.00560444622
4107	0.0003399180024
4108	0.0001786531539
4109	0.000366063348
4110	0.0001461958137
4111	0.0003732434898
4112	7.776471385e-05
4113	8.403057823e-05
4114	0.0001696651589
4115	8.863162551e-05
4116	0.0001870006889
4117	7.982088395e-05
4118	0.001854054273
4119	0.0002050032645
4120	9.348835511e-05
4121	0.0001530752502
4122	0.000403669623
4123	0.0001358905435
4124	0.001190841132
4125	0.0007604974216
4126	0.001223682168
4127	0.0004699749008
4128	0.0004748914606
4129	0.001010358646
4130	7.445606815e-05
4131	0.0002179348334
4132	0.008399031885
4133	0.0001787882271
4134	0.002778744924
4135	6.553459222e-05
4136	0.0003424993972
4137	0.0004822531825
4138	4.759059298e-06
4139	0.0003127925711
4140	0.0001936524
4141	0.003456810735
4142	0.001341011759
4143	0.0008012118389
4144	0.0003528413602
4145	0.004313597053
4146	0.0008085650733
4147	0.003131195117
4148	0.0003725873328
4149	0.001528495682
4150	0.001257866449
4151	1.48406415e-05
4152	4.860548353e-05
4153	0.0002413467882
4154	0.002953767389
4155	0.001210887919
4156	0.0001364107558
4157	0.001818255247
4158	0.005262581862
4159	0.0007876692625
4160	0.00116414545
4161	0.001201458022
4162	0.0006294347898
4163	0.0002876626869
4164	0.0004476001724
4165	0.0001452949861
4166	0.0006562356695
4167	0.004916523977
4168	0.005792279416
4169	0.001246643709
4170	0.0006582184134
4171	0.00135015496
4172	0.001401163979
4173	0.00208064697
4174	0.006745946426
4175	0.00293351006
4176	0.002335283579
4177	0.001088572288
4178	0.003499100881
4179	0.003885313402
4180	0.0007304321159
4181	0.002630852491
4182	0.0006404218964
4183	0.003710127468
4184	0.00269262125
4185	0.0009349248817
4186	0.00582602455
4187	0.0006101407917
4188	0.0009069519269
4189	0.0007607406391
4190	0.0002077899422
4191	0.000621686523
4192	0.002686199335
4193	0.005493324358
4194	0.0006955952003
4195	0.001524984966
4196	0.0002832013927
4197	0.003343284988
4198	0.005734696849
4199	0.002660606628
4200	0.0002868776875
4201	0.000151044568
4202	0.001667212131
4203	0.002380036178
4204	0.001425959847
4205	0.00159617541
4206	0.002859287031
4207	0.0004065291429
4208	0.002020718104
4209	7.285911999e-05
4210	0.004972512975
4211	0.001906864447
4212	0.00215181419
4213	0.0002186454676
4214	0.004564094087
4215	0.0007793998399
4216	7.337869701e-05
4217	0.001665443032
4218	0.003827318732
4219	2.458635755e-05
4220	0.0001942387206
4221	0.0002816621646
4222	0.00251751105
4223	0.0009545860882
4224	0.0003913677262
4225	0.000920087653
4226	0.001022201984
4227	0.002542144217
4228	0.0004507880893
4229	3.348311586e-05
4230	0.00325962624
4231	0.002783713225
4232	0.002036041757
4233	0.001400987939
4234	0.001426445981
4235	0.005045468208
4236	0.0007883658283
4237	0.006673599445
4238	0.004473093501
4239	0.002799686152
4240	0.004266509789
4241	0.001746184178
4242	0.002066541216
4243	0.003140890807
4244	0.006249909607
4245	0.004171504437
4246	0.001197157549
4247	0.002534545778
4248	0.001116069194
4249	0.00169149829
4250	0.002026450388
4251	0.003855919574
4252	0.009807596977
4253	0.005167394529
4254	0.005042819437
4255	0.0009784268452
4256	0.005112878478
4257	0.003250789822
4258	0.008040018212
4259	0.001277559222
4260	0.003068624529
4261	0.0005558803562
4262	0.0004214611599
4263	0.0003796825159
4264	0.000205813416
4265	0.00550086262
4266	0.0004906996774
4267	0.005455322383
4268	0.00320634501
4269	0.003564719214
4270	0.001230448677
4271	0.001192701818
4272	0.0002717574316
4273	0.001067558032
4274	0.001309298071
4275	0.0007746009402
4276	0.002442729376
4277	0.001828843734
4278	0.0002876266534
4279	0.0007225694102
4280	0.002245562289
4281	0.004102286246
4282	0.0004257448226
4283	0.002545421505
4284	0.005241803853
4285	3.408296185e-05
4286	0.002870981645
4287	0.00361443094
4288	0.003313947884
4289	0.002904194306
4290	0.005834846116
4291	0.002745574686
4292	0.0004546127253
4293	0.003195233842
4294	0.001819303012
4295	0.001349317816
4296	0.001275533018
4297	0.002108513591
4298	0.0002818320025
4299	0.002214612771
4300	0.003200814681
4301	0.0007896571327
4302	0.001658639711
4303	0.001978241321
4304	0.001277901063
4305	0.0002410707817
4306	0.0009564585254
4307	0.0002127273586
4308	0.0008541627641
4309	1.211194453e-05
4310	0.0004381789039
4311	7.053201129e-05
4312	0.0003200713795
4313	0.000528067579
4314	0.001052773259
4315	7.255743748e-05
4316	0.001000773854
4317	0.0004238605907
4318	0.0003188559887
4319	0.0002627991917
4320	0.0002900583351
4321	0.001456323661
4322	0.0005508256708
4323	0.0001097520753
4324	0.003838342641
4325	0.002593075777
4326	0.0005371977375
4327	0.00143177017
4328	0.001763974852
4329	0.001374959946
4330	0.0004001498645
4331	0.0002787509213
4332	0.00375365334
4333	0.002576729052
4334	0.005164897342
4335	0.002401137477
4336	0.00236067919
4337	9.560596122e-05
4338	0.001129044357
4339	0.0009310794209
4340	0.000135009653
4341	0.0001446283645
4342	0.001902594322
4343	0.0001617852573
4344	0.005068458843
4345	0.000278165783
4346	2.634329619e-05
4347	0.004015080102
4348	0.001067048503
4349	8.835797963e-05
4350	0.001546873473
4351	0.0001063488362
4352	0.0004156198735
4353	3.198244514e-05
4354	0.000345743462
4355	0.0002026365369
4356	0.0003664056713
4357	0.0002220595455
4358	0.0003939218985
4359	0.001587186805
4360	0.0008407087187
4361	0.0008577885956
4362	8.997007959e-05
4363	0.0003083201264
4364	0.001002213523
4365	0.003627337454
4366	0.0009354350786
4367	0.001203086114
4368	0.0004069398931
4369	0.001800297248
4370	0.0006839116284
4371	0.000175163338
4372	0.0005961419201
4373	0.0004362157962
4374	0.0004505047484
4375	0.0007637440625
4376	0.0007549302063
4377	9.940604496e-05
4378	0.002948376568
4379	0.0007658690257
4380	0.001305354831
4381	4.442971374e-06
4382	0.005209438771
4383	8.867249975e-06
4384	0.0005654742881
4385	0.001659292519
4386	0.00228570414
4387	0.005674093048
4388	0.0003147114801
4389	0.0009704963791
4390	0.001523036856
4391	0.0002711417117
4392	0.0002639935029
4393	0.000141389438
4394	0.0002722586898
4395	0.001135681545
4396	0.0003647384035
4397	7.960194758e-05
4398	0.001007233591
4399	0.0006724711336
4400	0.004217304172
4401	0.0003505875634
4402	0.0001788350814
4403	0.003333042101
4404	0.002229247177
4405	0.002353353042
4406	0.001612082787
4407	0.002153259321
4408	0.0004486062219
4409	0.0009934915041
4410	0.002354333086
4411	0.0004787988374
4412	0.006407474199
4413	0.001322814386
4414	0.004134106721
4415	0.0001225309741
4416	0.0001144286331
4417	0.002709232972
4418	0.003201550743
4419	0.002161072823
4420	0.006470919444
4421	0.0001567091159
4422	0.0001235313007
4423	0.000856787382
4424	0.0006515114191
4425	0.002731215684
4426	6.49013373e-05
4427	0.006662822134
4428	0.0004132519853
4429	0.005869577056
4430	0.004843002606
4431	0.002750532633
4432	0.002808038779
4433	0.0005165546837
4434	0.001852732753
4435	0.002703558557
4436	0.002122200812
4437	0.0008088671531
4438	0.001647112683
4439	0.0001174885181
4440	0.00382410173
4441	0.00391117799
4442	0.002488030981
4443	0.00160297329
4444	0.002428219554
4445	0.005756556966
4446	0.00547982091
4447	0.0008773271667
4448	0.00120612229
4449	0.0009081224844
4450	0.006279022819
4451	0.003118763077
4452	0.0001210875809
4453	0.008490596565
4454	1.62389803e-05
4455	0.003408159714
4456	0.005199461565
4457	0.003673018208
4458	0.005447126016
4459	0.00489735645
4460	0.002562920334
4461	0.002341164046
4462	0.002740936495
4463	0.003848437829
4464	0.004615764821
4465	0.0002623584057
4466	7.102833342e-05
4467	8.314940598e-05
4468	0.002247674353
4469	0.000149071944
4470	0.001110523837
4471	0.002327075518
4472	0.001503108149
4473	0.002543307104
4474	0.001684410056
4475	0.001950072269
4476	0.0005003522155
4477	0.0008855142639
4478	0.002619168862
4479	0.001410074779
4480	0.0005680062336
4481	0.004564195973
4482	0.001054743486
4483	0.0002167038094
4484	0.0002430298619
4485	0.0007017639675
4486	0.0001384805576
4487	0.0005663628564
4488	0.001452294968
4489	0.00319063675
4490	0.0001021466882
4491	0.0008187397533
4492	0.0004056437306
4493	0.002706038963
4494	0.004165707835
4495	0.003304309713
4496	0.0008674927487
4497	0.0004169272283
4498	0.002964578555
4499	0.001231400234
4500	0.0004582115685
4501	0.006333437281
4502	0.002255014478
4503	6.781618833e-05
4504	0.001959367514
4505	0.003779380341
4506	0.0004588169678
4507	0.001556367545
4508	0.0001309117676
4509	0.0008570882938
4510	0.004414934557
4511	0.001995112127
4512	0.003148647708
4513	0.0007775463648
4514	0.0004999730884
4515	0.003329656091
4516	0.001817537421
4517	0.0001226059598
4518	9.440876701e-05
4519	2.61407242e-05
4520	0.0005438724752
4521	4.12571905e-05
4522	0.001045383735
4523	0.00196186581
4524	0.0002673394312
4525	0.0001757430161
4526	0.0003112911435
4527	0.0002745821466
4528	0.0001484243195
4529	0.001552006622
4530	0.001285785867
4531	0.0002376026526
4532	0.001908244805
4533	0.002025352727
4534	0.0005895268547
4535	0.003015541549
4536	0.001559965609
4537	0.004112818911
4538	0.0004558904008
4539	0.003889941366
4540	0.003647256949
4541	0.001625589034
4542	0.00384362777
4543	0.001749475537
4544	0.0009411428622
4545	0.001651660529
4546	0.0003277781248
4547	0.002806188281
4548	0.001964504746
4549	0.0001283190904
4550	0.004859683517
4551	0.000666728846
4552	0.000911759553
4553	0.001235550711
4554	0.001254564478
4555	0.007730096408
4556	0.0001317172377
4557	0.001748870835
4558	0.001630251413
4559	0.006989840419
4560	0.00227123259
4561	0.007534829142
4562	0.002422092077
4563	0.00168823984
4564	0.0009794984622
4565	0.00443985626
4566	0.003033284963
4567	0.003041540702
4568	0.002113659506
4569	0.001220617703
4570	0.0009075623157
4571	0.001309215342
4572	0.002099561256
4573	0.0003775728677
4574	0.002405162508
4575	0.001300334873
4576	0.004591564091
4577	0.0009810444819
4578	0.004632802523
4579	0.0001592356248
4580	0.003870683747
4581	0.002118919232
4582	0.002585672998
4583	0.0006004187462
4584	0.0001923399169
4585	0.0009580087339
4586	0.0009771951793
4587	0.0004767458265
4588	0.003586064154
4589	0.001477392842
4590	0.001414071743
4591	0.001166085438
4592	0.001472961813
4593	0.003146048052
4594	0.000381721042
4595	0.001125337953
4596	0.001868252508
4597	0.002703075884
4598	0.0008580000251
4599	0.0009909613086
4600	0.005369405462
4601	0.0001410244856
4602	0.001048656723
4603	0.001648179319
4604	0.002666802786
4605	0.004399107811
4606	0.006434587805
4607	0.0006815122488
4608	0.0005327533514
4609	0.002101287573
4610	0.003653864513
4611	0.001589373677
4612	0.001409142125
4613	0.001187375476
4614	0.00353837729
4615	0.002149346065
4616	0.0007055754778
4617	0.0001869467213
4618	0.0002713424038
4619	0.001578855716
4620	0.00381086734
4621	0.0002913117999
4622	0.001707014848
4623	0.0001946682044
4624	0.003595952657
4625	0.003532717692
4626	0.003344661837
4627	0.002935391025
4628	0.002727284981
4629	0.0007330312734
4630	0.001308960869
4631	0.0008181554163
4632	0.005933228369
4633	0.003008068017
4634	0.0005037243986
4635	0.005493378044
4636	0.003310001166
4637	0.002702211258
4638	0.002174660574
4639	0.0003530614097
4640	0.001788910131
4641	0.00239888081
4642	0.001142929399
4643	0.001460028354
4644	0.0004508447443
4645	0.003518504495
4646	0.003578950206
4647	0.003204496256
4648	0.001913098727
4649	0.001659999563
4650	0.001037451637
4651	0.000711055727
4652	0.0004383307848
4653	0.003784428288
4654	0.002663405858
4655	0.002403951082
4656	0.001818241619
4657	0.0003841992544
4658	0.000892642903
4659	0.0007132305456
4660	0.0002247184776
4661	0.003979922891
4662	0.004208218222
4663	0.0006688722786
4664	0.004568794374
4665	8.704450757e-05
4666	0.01027823945
4667	1.031174363e-05
4668	0.0001045948818
4669	0.003193007914
4670	0.002083010058
4671	0.004202551799
4672	0.0005123601592
4673	0.0001363235765
4674	0.00651552191
4675	0.003643174972
4676	2.619997604e-05
4677	0.006623498689
4678	0.001760615862
4679	0.0003281567003
4680	0.004186709075
4681	0.001670519924
4682	0.003304838831
4683	0.002871170181
4684	0.0005426443964
4685	0.002316326308
4686	0.0007340708443
4687	3.069200935e-05
4688	0.0007407161084
4689	0.0001442979805
4690	0.006073865674
4691	0.0002868962733
4692	0.00181802612
4693	0.00935477223
4694	0.003094279079
4695	0.0009920968785
4696	0.0002049097479
4697	0.00337316004
4698	0.002221521317
4699	0.003873543686
4700	0.005243879031
4701	0.003783138839
4702	0.0004092270514
4703	0.0008633274423
4704	3.92072984e-05
4705	0.0006015105816
4706	0.001487148916
4707	0.0007560970407
4708	0.00285718888
4709	0.006752627899
4710	0.001507723589
4711	0.008951592287
4712	0.002284343147
4713	0.002097636836
4714	0.002633925069
4715	0.0007465502108
4716	0.002887112259
4717	0.0001012829213
4718	0.002354097948
4719	0.00201796512
4720	0.0002102720309
4721	0.0009209836105
4722	0.006540902683
4723	0.0004117391883
4724	0.001833536455
4725	0.002240990708
4726	0.005395732651
4727	0.001071572523
4728	0.001877252028
4729	0.005616247206
4730	0.003729714794
4731	0.00273016138
4732	0.000460880732
4733	0.002180914606
4734	0.005894058761
4735	0.00460409575
4736	0.001941943529
4737	0.002696825014
4738	0.00311207205
4739	0.0003561191372
4740	0.002521184693
4741	0.0002156005659
4742	0.0007633954222
4743	0.001465732519
4744	0.0003588248324
4745	0.002369515998
4746	0.002101578892
4747	0.005707980266
4748	0.002575586227
4749	0.003304024446
4750	0.003127170392
4751	0.0004095143054
4752	0.0001108920795
4753	0.001819126426
4754	0.009000773727
4755	0.0005496603965
4756	0.002096860723
4757	0.003612048778
4758	0.003116420331
4759	0.001389851004
4760	0.00141398052
4761	0.001862662761
4762	0.00417289944
4763	0.002836406732
4764	0.003395424418
4765	0.002377943084
4766	0.000434755597
4767	0.001643361539
4768	0.0007820150665
4769	0.003376914822
4770	0.002364601169
4771	0.005805809004
4772	0.0014761938
4773	0.001628955207
4774	0.0006207067672
4775	0.0003706804616
4776	0.002148733055
4777	9.113054541e-05
4778	0.000897307264
4779	0.002124085033
4780	3.163249848e-05
4781	7.69997198e-05
4782	0.001090110545
4783	0.00272633645
4784	0.002342684573
4785	0.002008467177
4786	0.0001834195272
4787	0.002796551712
4788	7.631985666e-05
4789	0.001392218643
4790	0.0003751523359
4791	0.0002502420226
4792	0.001236385354
4793	0.0006294139089
4794	0.002213296033
4795	0.0001328435369
4796	0.0005359875105
4797	0.0004111744891
4798	0.00185524072
4799	0.001358581794
4800	0.00236481574
4801	0.0008191284666
4802	0.0001307000498
4803	0.0001378157748
4804	0.005541534788
4805	0.0006373924989
4806	0.004331048761
4807	0.005454235325
4808	0.001686609611
4809	0.0008018718779
4810	0.0007982631094
4811	0.002229771917
4812	0.0007484766269
4813	0.004109464875
4814	0.001343660397
4815	0.0005513209023
4816	0.001561025962
4817	0.0005247938556
4818	0.00475614076
4819	0.003445576448
4820	0.004863476433
4821	0.0001316580434
4822	0.001979381815
4823	2.866168012e-05
4824	9.217713521e-05
4825	0.002152492112
4826	0.0006597000176
4827	0.005829890048
4828	0.000786731141
4829	0.0003776295381
4830	0.0001004906662
4831	0.0008392748269
4832	0.0002572378353
4833	0.00545757244
4834	0.0001790217338
4835	0.002012867724
4836	0.001268065255
4837	0.0009240443673
4838	0.006938162511
4839	0.005798822492
4840	0.002343626812
4841	0.001571117423
4842	0.003058790556
4843	0.0009486875567
4844	0.0004138492645
4845	0.0009313311237
4846	0.001769857734
4847	0.00120065482
4848	0.004110074201
4849	0.002738273933
4850	2.788628705e-05
4851	0.001539729744
4852	0.0003645050995
4853	0.001384006457
4854	0.001340391046
4855	0.001991170685
4856	0.002814212429
4857	0.0005057617783
4858	0.0008494086794
4859	0.002183519895
4860	0.003724100423
4861	0.0001284870367
4862	7.951920874e-05
4863	0.001726496554
4864	0.0002441963651
4865	0.002640226003
4866	0.000110131598
4867	2.503285378e-05
4868	0.001653832972
4869	0.001165529773
4870	0.001238627965
4871	9.791711109e-05
4872	0.001371410096
4873	0.0003981364697
4874	0.002406057724
4875	0.0001724317104
4876	0.002552218761
4877	0.009345634724
4878	0.001044415697
4879	0.006671462133
4880	0.002680202293
4881	0.0009269419557
4882	0.002076946603
4883	0.001829815167
4884	0.0005900239667
4885	0.0003202630515
4886	0.000461426388
4887	0.001997863287
4888	0.001012051105
4889	0.001524143188
4890	0.0002650906143
4891	0.000498587958
4892	3.053101127e-05
4893	0.0002295236308
4894	0.005303268985
4895	0.002659381209
4896	0.002242486077
4897	0.0006884412625
4898	0.0002775560041
4899	0.0003449555267
4900	0.0001713091959
4901	0.004343133294
4902	0.006656561305
4903	0.001535004065
4904	0.001042393239
4905	0.001020965448
4906	0.0006818999103
4907	0.001837875056
4908	0.002242872306
4909	0.003473654014
4910	0.004094616233
4911	0.001810373421
4912	0.005770881633
4913	0.000613241287
4914	5.137618275e-05
4915	0.004986413299
4916	0.00145353529
4917	0.000831873239
4918	0.001960460448
4919	0.002011771832
4920	0.0001802774053
4921	0.0002270035378
4922	0.002243052633
4923	0.002195532475
4924	0.0009088843399
4925	0.002613432502
4926	0.0003698682521
4927	0.0009753174877
4928	0.0007083135739
4929	0.0007201830947
4930	0.004802497405
4931	0.001108788945
4932	0.00037977226
4933	0.0003742908341
4934	0.000930981942
4935	0.001151276564
4936	0.003617483185
4937	0.0005969027999
4938	0.000864683517
4939	0.001193088491
4940	0.0005202194961
4941	0.002464508424
4942	0.0004940000146
4943	0.001448596093
4944	0.001241057664
4945	0.000681175248
4946	0.008539753525
4947	0.001844584675
4948	0.00032622849
4949	0.0001619300897
4950	0.0007962132839
4951	0.0003667539675
4952	0.003136322929
4953	2.711154428e-05
4954	0.000528189286
4955	0.002259014892
4956	0.0001905153066
4957	0.0003635352442
4958	0.00166745544
4959	0.0004050983349
4960	0.0005193721446
4961	5.396906451e-05
4962	0.0009859200748
4963	4.967331917e-05
4964	0.003281742164
4965	9.909795829e-05
4966	0.001755431251
4967	0.0008164798015
4968	0.004156245157
4969	0.00201157409
4970	0.0006032666651
4971	0.0004104111129
4972	9.120291577e-05
4973	0.0007770650512
4974	0.001233625185
4975	0.001602291699
4976	0.0004222326774
4977	0.004693607182
4978	0.001225607415
4979	0.003665938334
4980	0.001823276462
4981	0.0002108221682
4982	0.0005463116245
4983	0.001764011108
4984	0.001639194186
4985	8.916125809e-05
4986	0.0009607938482
4987	0.0002653282767
4988	0.001166050161
4989	0.001910733899
4990	0.0002806505613
4991	0.0007075614504
4992	0.0002858214234
4993	0.0007842243072
4994	0.000877147017
4995	0.0006374470519
4996	0.001198649698
4997	0.002564795534
4998	0.003164773671
4999	0.000511820448
5000	0.003624458527
5001	0.002163902637
5002	0.0009618528482
5003	0.001109150417
5004	0.0001717874548
5005	0.002572710437
5006	0.003370421311
5007	0.0009664491438
5008	0.001331690497
5009	0.0006043471392
5010	0.003706886639
5011	0.0005067662964
5012	0.00391643008
5013	0.0005569402636
5014	0.0006127370536
5015	0.0008789942705
5016	0.0003222889092
5017	0.0001432133739
5018	0.001067919688
5019	0.001892467198
5020	0.004102802348
5021	0.001394919824
5022	0.003371666226
5023	0.0003167342956
5024	0.003693587283
5025	0.0004749146865
5026	0.0006595193134
5027	0.0005298530148
5028	0.00422631539
5029	0.001772562266
5030	0.0001630321516
5031	0.000190228161
5032	0.001340343246
5033	0.0003828102208
5034	0.0006986229605
5035	0.00124150853
5036	0.0003508110661
5037	0.001338648115
5038	0.001501333809
5039	0.0005503976681
5040	0.0006744546925
5041	0.001221529114
5042	0.0009182804077
5043	0.00259762809
5044	0.003213086172
5045	0.001543517336
5046	0.002397186951
5047	0.0002879161463
5048	0.001480593387
5049	0.0007615998467
5050	8.258953084e-05
5051	0.0001659247493
5052	0.002021604785
5053	0.002118566556
5054	0.0001294006001
5055	0.0005675514375
5056	0.004490416113
5057	0.0005877854723
5058	0.0004827254815
5059	0.001261319083
5060	4.810984976e-05
5061	0.0005791899151
5062	0.005031635073
5063	0.004306164645
5064	0.001799642466
5065	0.003447359595
5066	0.002046253923
5067	7.996182907e-06
5068	0.00474621837
5069	0.0002428971334
5070	0.002572510357
5071	0.0007004402255
5072	0.0009203763134
5073	0.0003873388735
5074	0.0002568642296
5075	5.399519936e-05
5076	5.422625723e-05
5077	0.001031334597
5078	0.0006316743182
5079	0.0007783366905
5080	1.834111512e-05
5081	0.001009245068
5082	0.0004058328301
5083	0.004798381728
5084	0.0003326972738
5085	0.0004312965239
5086	2.610488282e-05
5087	0.0001565003827
5088	0.001552988737
5089	0.0008211592679
5090	0.0003447632702
5091	0.001475079052
5092	0.001003229715
5093	0.001998370812
5094	0.005196703061
5095	0.0002474127046
5096	0.0001065016293
5097	0.0005283058478
5098	0.0005170266245
5099	0.003258710695
5100	0.0001267719685
5101	0.009223850584
5102	0.004462257037
5103	0.004370229819
5104	0.004036950179
5105	0.004150677671
5106	0.006229941233
5107	0.003913450324
5108	0.0002946341533
5109	0.002452292132
5110	7.122382432e-05
5111	1.796242902e-05
5112	0.0006795980189
5113	1.44421507e-05
5114	0.0004288197594
5115	7.838269242e-05
5116	0.0006657789003
5117	0.0002738640851
5118	0.000173672567
5119	0.0002790740434
5120	0.000339605629
5121	0.0004461798049
5122	0.0005243875809
5123	0.0001224290968
5124	0.002654490849
5125	0.0001173618809
5126	0.0001487779261
5127	0.001153459836
5128	4.528709488e-05
5129	0.0004350331085
5130	0.0002548411064
5131	2.972257393e-05
5132	0.0001111940978
5133	3.131868403e-05
5134	3.398963514e-05
5135	0.0003215692112
5136	5.561566035e-05
5137	0.000413100362
5138	3.161568663e-05
5139	0.0006417011003
5140	0.0005983431432
5141	0.003497965502
5142	0.001447383716
5143	0.001336754463
5144	0.0001136663853
5145	0.0001426997817
5146	9.426001346e-06
5147	0.001348938814
5148	0.003241937419
5149	0.0008369412941
5150	0.002747767738
5151	0.001080850153
5152	0.00248020035
5153	0.0002909666925
5154	0.000708099595
5155	0.0005159901194
5156	0.0003374116137
5157	0.0004372631151
5158	0.0005071446417
5159	0.001935478815
5160	0.0005033296621
5161	0.0009141921476
5162	0.0003647959974
5163	0.0003297152014
5164	0.0001112448182
5165	0.0001261967099
5166	0.0005588292091
5167	0.0008006480268
5168	9.51045268e-05
5169	0.004544336541
5170	0.001461173039
5171	0.0008570996358
5172	0.0003936073279
5173	0.003853086932
5174	0.0005941599019
5175	0.000229460253
5176	0.004992706941
5177	0.0004487064508
5178	0.0002207621721
5179	9.584511802e-05
5180	0.002136153618
5181	8.139233931e-06
5182	0.0002112737045
5183	0.001338099564
5184	0.004531538356
5185	0.001653993101
5186	2.554533851e-05
5187	0.0001678514058
5188	0.0002156841282
5189	0.0003322853181
5190	0.0006819772664
5191	0.0002292588532
5192	0.0007739135044
5193	0.0006533798604
5194	0.0009703542821
5195	0.000924040699
5196	0.0003388514943
5197	9.176227392e-05
5198	0.003251489581
5199	3.243957342e-05
5200	4.825164962e-05
5201	8.965258319e-05
5202	0.0004069296603
5203	0.0008668992257
5204	0.006625243743
5205	0.001845885544
5206	0.0008582735162
5207	0.0009011025021
5208	0.0001509307721
5209	0.001478782426
5210	0.007850297588
5211	0.0006204803096
5212	0.0005735672958
5213	0.0009629375679
5214	0.0002353407452
5215	0.0003584843485
5216	0.0004943626235
5217	0.001494457013
5218	0.002117511759
5219	0.0004096438846
5220	0.0003511747545
5221	0.0007035094097
5222	0.000826191439
5223	0.00417941207
5224	2.396308768e-05
5225	0.0003088969385
5226	0.0002760288878
5227	4.236418127e-05
5228	0.004693631151
5229	0.0003557953028
5230	0.0001802538465
5231	0.0005958681349
5232	0.001163829296
5233	0.001999721302
5234	0.0001467810801
5235	0.0009747168274
5236	0.0005011461789
5237	0.002308122679
5238	0.0001316886639
5239	4.398218803e-05
5240	0.0001559839625
5241	0.0003545469121
5242	0.000301264584
5243	0.00237473641
5244	0.0006089562328
5245	0.005004103069
5246	0.0002890136762
5247	0.0001509103954
5248	0.0004954068821
5249	0.003623866351
5250	3.776014592e-06
5251	0.0002205130602
5252	5.588687091e-05
5253	0.0006256886585
5254	8.05455993e-05
5255	0.001084099626
5256	0.0005650773344
5257	8.197738619e-05
5258	0.0006958987776
5259	0.004852025144
5260	0.0008296388975
5261	0.0002249409207
5262	0.002650505014
5263	0.0008944208436
5264	0.0003838114918
5265	0.000144051047
5266	4.801921652e-05
5267	0.001030118759
5268	7.566074013e-05
5269	0.005882638607
5270	0.0001996930401
5271	0.00399629495
5272	6.8130054e-05
5273	0.0005836970031
5274	0.003629520709
5275	1.07919668e-05
5276	0.001971372674
5277	0.0003520556075
5278	0.001551486335
5279	0.0002971042371
5280	5.67166006e-05
5281	0.0004500647534
5282	0.001027889944
5283	0.0003079285282
5284	4.287622975e-05
5285	0.001690768912
5286	0.0003021602971
5287	0.002880358304
5288	0.001250285518
5289	0.0001221369447
5290	0.001079304628
5291	0.0007697455879
5292	0.0007666399552
5293	8.228793315e-05
5294	0.002715551369
5295	0.000407097366
5296	0.0007795562441
5297	0.000334430987
5298	0.0006767159028
5299	0.0003653671173
5300	0.0005756520119
5301	0.0004075726889
5302	0.002827970992
5303	0.0005932772035
5304	0.001019533456
5305	0.0008864383926
5306	0.0003983487793
5307	0.005285928743
5308	3.985656176e-05
5309	0.001521489346
5310	0.003725848205
5311	0.0001259068861
5312	0.004065198725
5313	0.0003971149709
5314	0.0009047019373
5315	0.0001420739693
5316	0.0022657482
5317	1.875166117e-05
5318	9.855278235e-05
5319	1.289833241e-05
5320	0.0004269523319
5321	0.0002704179194
5322	0.001959466775
5323	0.0006052415025
5324	9.325998515e-05
5325	0.002159023573
5326	7.797363091e-05
5327	0.0004305287235
5328	0.0002334519238
5329	0.0001742621257
5330	0.0002749372155
5331	0.001791906267
5332	2.236336189e-05
5333	0.003160801154
5334	0.0003369789724
5335	0.0001217518856
5336	0.0008956812768
5337	0.000581811258
5338	0.001452457968
5339	0.0001610020215
5340	0.0001637570985
5341	0.002229881832
5342	0.0003624479409
5343	0.0002956613095
5344	0.001769991229
5345	0.001890871426
5346	0.000143015711
5347	0.0002689866488
5348	0.0001081464454
5349	0.0009808251095
5350	0.0003685168548
5351	3.688988034e-05
5352	0.001726006347
5353	0.0005442123915
5354	0.0006471204155
5355	0.0004922246065
5356	5.972629455e-05
5357	0.0004969656565
5358	0.002704419382
5359	0.0001278346453
5360	0.001781808571
5361	0.0005128477359
5362	0.002615309377
5363	0.0002460080884
5364	1.515927117e-05
5365	0.0004288895015
5366	0.004686655679
5367	0.0008638817198
5368	0.001866981252
5369	7.98974479e-05
5370	0.003019568699
5371	0.0004438881735
5372	5.117740891e-05
5373	0.002670870007
5374	6.31429666e-05
5375	0.002850609916
5376	0.001008287162
5377	1.287613656e-05
5378	0.00191312568
5379	0.0001950138212
5380	1.610109645e-05
5381	0.0002497793669
5382	0.002264657747
5383	0.0002973235289
5384	0.000272582123
5385	0.0005038306851
5386	0.0003855715086
5387	0.001785526126
5388	0.0006070732116
5389	0.0004038457264
5390	0.001849642993
5391	5.024777216e-06
5392	6.434997585e-05
5393	0.0002995218467
5394	0.0002795495889
5395	6.301618357e-05
5396	0.000479727606
5397	0.003509972307
5398	0.0005193788543
5399	0.0007939609023
5400	0.0006669327113
5401	6.646060875e-05
5402	0.00117696661
5403	0.00337490026
5404	0.0004322702367
5405	5.601407192e-05
5406	0.001062040193
5407	0.001997212258
5408	0.0007388303903
5409	0.0004724689936
5410	0.001231667679
5411	0.0001754054737
5412	0.002178160047
5413	0.0001002720659
5414	0.001501847431
5415	0.000563102541
5416	0.0002149179443
5417	0.0003579167184
5418	0.000364081841
5419	0.0003356220858
5420	0.002355433154
5421	0.0006273664774
5422	0.0002915042855
5423	0.001877857994
5424	1.685970243e-05
5425	0.002468303817
5426	0.0001937296083
5427	0.0001542711362
5428	0.0005273771076
5429	0.003267108349
5430	0.0005771590766
5431	0.002115246163
5432	0.0005335340418
5433	0.0002580044154
5434	0.0001967124706
5435	0.000174494557
5436	0.002307861418
5437	0.000638997308
5438	0.001925947176
5439	4.934396643e-05
5440	0.003484453633
5441	3.167496891e-05
5442	0.000508080091
5443	0.004492561444
5444	0.0005022822702
5445	0.001791292362
5446	0.0004541663669
5447	0.008678481719
5448	0.0004385271441
5449	7.292665739e-05
5450	0.0001224794176
5451	0.01060605548
5452	0.002934705232
5453	0.0005807861246
5454	0.005036961845
5455	7.710884366e-05
5456	0.001819631437
5457	0.001108607568
5458	0.004112194839
5459	4.882939668e-05
5460	0.0004854105135
5461	0.0009565458037
5462	0.001012230289
5463	0.0008332670263
5464	9.925488858e-05
5465	0.002113246768
5466	0.002025573527
5467	0.0009203600707
5468	0.00106543538
5469	5.422996984e-05
5470	0.001819150241
5471	4.196360711e-05
5472	0.0006656888408
5473	0.00205423514
5474	0.0004680550758
5475	0.002360395852
5476	0.0004137833856
5477	0.0001019241448
5478	0.001652711417
5479	0.0004651964913
5480	0.0007077671276
5481	0.00305684986
5482	0.001376247692
5483	0.0004341269418
5484	9.168036491e-05
5485	0.0003381098487
5486	0.00039909263
5487	0.000672622958
5488	0.001779073452
5489	0.001659779848
5490	0.0003262659095
5491	0.003295872594
5492	0.00186255463
5493	0.000476220004
5494	0.0004383047654
5495	0.001525977466
5496	0.002702975643
5497	0.0002806440887
5498	0.0003129493005
5499	0.001044069548
5500	0.000337325377
5501	0.002285375416
5502	0.0009330140375
5503	0.0001350639075
5504	0.0004169406704
5505	5.681126331e-05
5506	0.0001697575817
5507	0.0001390687864
5508	0.001095226218
5509	0.000693657189
5510	0.0001678955687
5511	0.0001375048763
5512	0.001173209922
5513	0.007671183803
5514	0.0002815945015
5515	0.003309720437
5516	0.0001909406405
5517	0.001518782865
5518	0.0007282232243
5519	0.002414973317
5520	0.0001808632181
5521	0.001977135913
5522	0.0003575240166
5523	0.0005126343371
5524	0.003108731385
5525	0.0005781129153
5526	7.67979922e-05
5527	0.009685802141
5528	0.000632167607
5529	0.0003092488215
5530	0.0006728017527
5531	0.0004167518639
5532	0.007787524201
5533	0.0003474653544
5534	0.0007032564604
5535	0.0002895391967
5536	0.002461087839
5537	0.0009426021759
5538	0.004072761591
5539	0.000353932017
5540	0.0002338257464
5541	0.001783196436
5542	0.001173849013
5543	0.0007462859649
5544	0.0002223296376
5545	0.002009391477
5546	0.0003611142391
5547	0.0001795041939
5548	4.106632811e-05
5549	0.00200698999
5550	0.0003514732512
5551	0.004643301401
5552	0.0001375866127
5553	0.0001348673276
5554	0.0001541769657
5555	0.004547603462
5556	0.002034416589
5557	0.002149631986
5558	0.001704954732
5559	0.0009654108311
5560	1.875335016e-05
5561	0.0002702237686
5562	0.0001298901561
5563	0.0004252676323
5564	0.0005540341844
5565	0.006405660006
5566	0.01108126931
5567	0.001438114002
5568	0.0004853847408
5569	0.001245444395
5570	0.002061069029
5571	0.001314278884
5572	0.0002809957098
5573	9.239841392e-05
5574	9.67936362e-05
5575	0.0001619180356
5576	0.002884893834
5577	0.00215867007
5578	0.002895879114
5579	0.003660315025
5580	0.0003923109894
5581	0.0001628516125
5582	0.001279677346
5583	0.0001719544434
5584	0.0003914476911
5585	0.0001581562417
5586	0.001292746303
5587	1.525171853e-05
5588	0.0008234234973
5589	0.008257670183
5590	0.0007079438779
5591	0.002829007261
5592	0.001542166846
5593	3.437146567e-05
5594	0.0005225678696
5595	0.0004304463824
5596	0.001525173143
5597	0.0001868643587
5598	0.001207715294
5599	0.0004248354133
5600	0.0006400850925
5601	6.789201548e-05
5602	0.0001289337395
5603	0.0005986013161
5604	0.0003818071788
5605	2.456650294e-05
5606	7.075523885e-05
5607	0.001103240134
5608	0.002013276431
5609	0.005020840536
5610	0.001056154189
5611	0.0001082321741
5612	0.002052872678
5613	0.0003740317898
5614	0.0009471218922
5615	0.005664243096
5616	0.001436420519
5617	0.0007672938385
5618	0.0004123664481
5619	0.0001935377659
5620	0.001216379888
5621	0.0008617510361
5622	0.0006749424061
5623	0.001508012809
5624	0.0006247014149
5625	0.004077254524
5626	0.0003476655923
5627	0.002902386718
5628	0.0001547175403
5629	0.00414274841
5630	0.0007490851426
5631	0.002822835175
5632	0.003771831634
5633	0.0004582576317
5634	0.003213238043
5635	5.371534804e-05
5636	0.0007608715275
5637	0.00395195889
5638	0.0006726157888
5639	0.0004593332226
5640	0.0001302289678
5641	0.006918587415
5642	0.000435303165
5643	0.0006595486018
5644	0.004337731675
5645	0.0001477782754
5646	0.005335174274
5647	0.0006494710495
5648	0.0009344865622
5649	0.0007352967003
5650	0.0004035591184
5651	0.000733045902
5652	0.0003772835707
5653	0.004290777716
5654	0.0005131973502
5655	0.003834851136
5656	0.0003209067822
5657	0.0008460536304
5658	0.0007339630709
5659	0.0009193351174
5660	0.0001138276305
5661	0.0001380709042
5662	6.457322366e-05
5663	0.0008857027651
5664	0.0001399506826
5665	0.0001603110632
5666	0.0003750542835
5667	0.001235224877
5668	0.00513863761
5669	2.238928386e-05
5670	0.000135543153
5671	0.003219377401
5672	0.001460735113
5673	0.0005422874185
5674	0.0003968547774
5675	0.001598918546
5676	0.0003141050092
5677	0.001294708622
5678	0.0001123449717
5679	0.0003431681132
5680	0.0003825865672
5681	0.0003988940162
5682	0.0001786869301
5683	0.001133690231
5684	0.0002569924848
5685	0.007232468927
5686	0.0003214537998
5687	0.0001186976979
5688	8.126590411e-05
5689	0.0007935682117
5690	0.0001352919789
5691	9.514990231e-05
5692	0.0007651281657
5693	0.0008063444806
5694	0.005356618514
5695	0.000334610741
5696	0.009870744569
5697	0.00195907119
5698	0.0001456757393
5699	0.001075492747
5700	0.0009162518237
5701	0.004737280645
5702	0.0001923833748
5703	0.002695646086
5704	0.0002708303813
5705	0.0009859046435
5706	0.001801060194
5707	0.00203412309
5708	0.0004124509057
5709	0.0003201180807
5710	0.005543162305
5711	9.462714438e-05
5712	0.003328806945
5713	0.0009164551514
5714	0.003546492459
5715	0.0005296456249
5716	0.0006071931912
5717	0.0003103330297
5718	0.00104120262
5719	0.002448833834
5720	0.001315265383
5721	0.000363198009
5722	0.001598853569
5723	0.004295665302
5724	0.0006298252746
5725	0.0002703106067
5726	6.722864183e-05
5727	0.00219659883
5728	0.0004958974313
5729	0.003437902021
5730	0.0006420980387
5731	0.00482297408
5732	0.0006960795261
5733	0.001428495543
5734	0.002353132989
5735	0.000990381603
5736	0.0002696219529
5737	0.01145873686
5738	0.0005442523537
5739	0.0003999908085
5740	0.0001439502946
5741	0.005176312576
5742	6.006879079e-05
5743	0.002545764654
5744	0.0002986790924
5745	0.000222061441
5746	0.001639164995
5747	0.0001490925516
5748	0.0006549270617
5749	0.004208186733
5750	0.00415483983
5751	3.26781994e-05
5752	0.000777152552
5753	0.002381824109
5754	0.0008847646253
5755	4.728860589e-05
5756	0.000192085334
5757	0.0004224351217
5758	0.003299605225
5759	0.0006481850248
5760	0.0004709967556
5761	1.509399253e-05
5762	0.003431941263
5763	0.001307637618
5764	0.0003780177723
5765	0.001433376408
5766	0.0003989300666
5767	0.0004585898661
5768	0.003114424154
5769	4.005234743e-05
5770	0.002863147823
5771	0.0006695569719
5772	0.0004973515143
5773	0.0005053367102
5774	0.0009756975407
5775	0.001497996972
5776	9.312013422e-05
5777	0.005078891891
5778	0.0003348833275
5779	0.0008053235437
5780	0.001967217039
5781	0.0002211108304
5782	0.003464063088
5783	0.004516141977
5784	0.0003118642607
5785	0.001846347434
5786	0.000519421639
5787	0.0006183951648
5788	0.001120486653
5789	0.0008858701011
5790	0.001263760771
5791	0.0003591107339
5792	0.0001171141075
5793	0.001200976445
5794	0.0003356016625
5795	0.001764176257
5796	0.0009383082087
5797	0.0002337105264
5798	0.0006499903823
5799	0.0005062215777
5800	0.004615809761
5801	0.003420074367
5802	0.0001083170712
5803	8.33152769e-05
5804	0.0001247845819
5805	0.0003374383795
5806	3.263327554e-05
5807	0.000642070948
5808	0.000524739175
5809	0.0002039794061
5810	0.001018393203
5811	0.002403786065
5812	0.002205555257
5813	0.0005276079406
5814	6.740830478e-05
5815	0.002135160073
5816	0.0002779056499
5817	3.567554471e-05
5818	0.000180136713
5819	0.003636488626
5820	0.001357355317
5821	0.0002573727914
5822	0.0001842391206
5823	0.001353553995
5824	0.000393005321
5825	0.0001738390272
5826	0.0001880769226
5827	0.0003990836289
5828	0.0001865377003
5829	0.002459164668
5830	0.0004777241949
5831	0.0001231475311
5832	0.0007800962058
5833	0.004291430564
5834	0.0005290879447
5835	0.0003607024004
5836	0.0001777086287
5837	0.0006569066318
5838	0.0005229607822
5839	0.001760783554
5840	0.000523498186
5841	5.4200935e-06
5842	0.0001269433844
5843	0.004792461747
5844	0.002077940055
5845	0.0006370395657
5846	0.001917920614
5847	0.001097561529
5848	0.0002294200233
5849	0.001998069931
5850	9.970836469e-05
5851	0.0009045243582
5852	0.002048804505
5853	0.002990993451
5854	0.000532351612
5855	0.0001357198969
5856	0.001161356861
5857	5.340827089e-05
5858	0.003827860761
5859	0.001184211369
5860	0.001084411343
5861	0.0007461205593
5862	0.003229314857
5863	0.003398772003
5864	0.001268818354
5865	0.001684113012
5866	0.003308053322
5867	0.002524003171
5868	0.002692094786
5869	0.0005507195754
5870	0.002297510295
5871	0.0008999035015
5872	0.001443041448
5873	0.000840275281
5874	0.0005981611318
5875	0.0007655356465
5876	3.56822282e-05
5877	0.0008025346289
5878	0.002008246349
5879	0.0005877111341
5880	0.001057367453
5881	0.0002488806755
5882	0.0005582992428
5883	0.0007051427272
5884	0.0004605466663
5885	0.0007981254079
5886	7.544080116e-06
5887	0.0007116958805
5888	0.0002922840053
5889	0.003788544818
5890	0.0006118308622
5891	1.350697481e-05
5892	0.001125098264
5893	0.004234250093
5894	0.0004630101453
5895	0.0002350040446
5896	0.0006576639836
5897	0.005333615498
5898	0.0001373289792
5899	0.0002158796835
5900	0.000898411612
5901	0.003048923788
5902	0.0006360397741
5903	0.0001320783506
5904	8.800032697e-05
5905	0.0002677984908
5906	0.001126680728
5907	0.0001785738445
5908	0.0009565626678
5909	0.0007251124709
5910	0.0008224625012
5911	0.0006298624503
5912	0.001196410462
5913	0.000438069
5914	0.002084986859
5915	0.002418468684
5916	0.0007977626854
5917	0.0003314797799
5918	0.0006741340938
5919	0.001333939208
5920	0.0004488920402
5921	0.001004013405
5922	0.002147806826
5923	0.0002028247878
5924	0.0001861481983
5925	0.0007231823477
5926	0.0001304132814
5927	0.0002123004804
5928	0.008140770042
5929	0.0005283424779
5930	0.0005625337221
5931	0.0001601556796
5932	0.0001520206185
5933	0.0007410900604
5934	0.003132315808
5935	0.0007780790976
5936	0.002197228991
5937	0.0005321863132
5938	0.003374071356
5939	0.006166045618
5940	0.001316330302
5941	0.0006720597301
5942	0.001071008923
5943	0.0001416134985
5944	0.0009546051168
5945	0.0008818647698
5946	0.002962456323
5947	0.002675670202
5948	0.00355505909
5949	0.004558130906
5950	0.001867949035
5951	0.004006467022
5952	0.001779496539
5953	0.005703804372
5954	2.100873594e-05
5955	0.0002234507322
5956	0.004333581535
5957	0.003232812743
5958	0.0005485633662
5959	0.0005243968435
5960	0.0001664283648
5961	0.001074352171
5962	0.0002557937535
5963	0.0007602075867
5964	0.001705837924
5965	0.0002354150878
5966	0.0008218337285
5967	0.0001072612586
5968	0.002037311008
5969	0.005363557457
5970	0.003675390267
5971	0.0008193008304
5972	0.0002355656121
5973	0.0004851094229
5974	0.002662566512
5975	0.0003507456009
5976	0.003479277308
5977	0.001797114248
5978	0.003533186547
5979	0.001187879865
5980	0.001845307691
5981	0.002580422272
5982	0.004619451028
5983	0.00239619776
5984	0.001456606603
5985	8.546989824e-05
5986	0.002681490882
5987	7.813052097e-05
5988	0.0009309254627
5989	0.0001001000167
5990	0.005081843545
5991	0.0003744397262
5992	0.001486591726
5993	0.001572330327
5994	0.0005065941905
5995	0.0007214128976
5996	0.0004669688664
5997	7.870350637e-05
5998	0.0006835336737
5999	0.001253987849
6000	0.0007996330883
6001	0.0010322693
6002	0.003602411279
6003	0.001651985544
6004	0.0003929562913
6005	0.0001674665305
6006	0.001015064766
6007	0.000545330394
6008	0.0004027571915
6009	6.701897379e-05
6010	0.0009077181575
6011	0.00665689156
6012	0.001050333926
6013	0.002623782204
6014	0.003247057227
6015	0.0002103533686
6016	0.0004906508585
6017	6.45500444e-06
6018	0.004390542488
6019	0.0001940506715
6020	0.0003946451206
6021	0.001588840723
6022	0.0006411079697
6023	0.003416222092
6024	0.0006289865965
6025	0.0006933646411
6026	0.001884697017
6027	0.0005787927758
6028	0.00235669863
6029	0.001623045276
6030	0.0002833008528
6031	0.0001407922386
6032	0.0003992265107
6033	0.0003984517747
6034	0.004742518682
6035	0.000177866556
6036	0.000111224576
6037	0.002769511369
6038	0.0009299296418
6039	0.0003504097425
6040	0.003242222598
6041	0.006033362802
6042	0.0001182950846
6043	0.000363260419
6044	0.0002652654402
6045	0.001473266523
6046	0.0003526587421
6047	0.003359117113
6048	0.0006832288636
6049	0.004215929078
6050	0.00135343325
6051	0.000348858997
6052	3.764782595e-05
6053	0.002023029165
6054	0.000150586483
6055	0.0006435804123
6056	0.00102576749
6057	0.001394765951
6058	0.001409116015
6059	0.002093823882
6060	0.0005550655586
6061	0.00201056817
6062	0.0004455343432
6063	0.006920427546
6064	0.001746610031
6065	0.0002043094296
6066	0.0004368347492
6067	0.001539214119
6068	0.0007810110722
6069	0.001330127651
6070	0.0001316873751
6071	0.0003726390455
6072	0.001363309937
6073	0.0005487680678
6074	0.0004654294588
6075	0.004832074114
6076	2.875781777e-06
6077	0.0001917764906
6078	0.004950284825
6079	0.006192072944
6080	1.412652042e-05
6081	0.003378843841
6082	0.002143445936
6083	0.0005023619725
6084	0.001330822357
6085	0.002877581813
6086	0.0005984377962
6087	0.002595628568
6088	8.509774913e-05
6089	0.001319055936
6090	0.0008525893249
6091	0.003550152892
6092	0.0002796548166
6093	0.000265394519
6094	0.001136718162
6095	0.002317805768
6096	0.006129701467
6097	0.0005809828562
6098	0.001053777587
6099	0.002896809305
6100	0.005305826396
6101	0.00111539306
6102	0.0007800980268
6103	4.144889683e-05
6104	0.0009196518678
6105	0.0002253078811
6106	0.0001807013532
6107	0.0006391245453
6108	0.0004692800493
6109	0.003798440586
6110	3.715774946e-05
6111	0.0002017113327
6112	0.000129851393
6113	0.0004306592509
6114	0.0008515278355
6115	0.0004911139619
6116	0.0007520928557
6117	0.003704846804
6118	0.0001701689738
6119	0.0003480577392
6120	4.208798024e-05
6121	0.001178698664
6122	0.001258632655
6123	0.002289451736
6124	0.001851404131
6125	0.0009886338978
6126	0.002111948499
6127	0.0002863656047
6128	0.0008344153223
6129	0.0006127196935
6130	3.732365553e-05
6131	0.0009784322522
6132	0.0004475269051
6133	0.0003461123629
6134	0.0002534177708
6135	0.002866380139
6136	0.0001130185537
6137	0.001156270568
6138	0.0004213283528
6139	5.733100195e-06
6140	0.000140313871
6141	0.002755407533
6142	0.0008013343637
6143	0.0001551332145
6144	0.003564041296
6145	8.955146514e-05
6146	0.003288125178
6147	0.0003102645233
6148	0.001882865721
6149	0.0005629598095
6150	0.002716807335
6151	0.002624164787
6152	0.0003374271769
6153	0.004693602506
6154	6.229686165e-06
6155	7.110237011e-05
6156	0.003241464018
6157	0.0002806972675
6158	0.0002523056826
6159	0.001704077885
6160	0.001950371976
6161	0.0003763394489
6162	0.003726735193
6163	0.0002640653971
6164	0.001253434118
6165	0.0004946549563
6166	0.0004999776108
6167	0.0005192209407
6168	0.003280296134
6169	0.001209666644
6170	2.011998157e-05
6171	9.523192955e-05
6172	0.0002446285683
6173	0.0004013377923
6174	0.0003831156976
6175	0.0006024719096
6176	0.006582992807
6177	0.0005657141993
6178	0.0008913674388
6179	0.001942175526
6180	0.001349138534
6181	0.002419304616
6182	0.0001125148035
6183	0.003578637449
6184	0.0003600620398
6185	0.0004924051892
6186	0.003762806977
6187	0.001210714511
6188	0.001718873877
6189	0.0001289986289
6190	0.002514749336
6191	0.002341643291
6192	0.0005676990314
6193	6.735810966e-05
6194	0.00135067143
6195	0.001715770284
6196	0.0002533101211
6197	0.001224173393
6198	0.0009431058453
6199	0.00357532802
6200	0.001395402624
6201	0.0005859897441
6202	0.0004697483453
6203	0.001624787759
6204	0.000937303866
6205	0.0004016766894
6206	0.0005187230127
6207	0.0004311276306
6208	0.002036210927
6209	0.001319810664
6210	0.000289190955
6211	0.002500460348
6212	0.0006011570422
6213	0.0002156682947
6214	0.002206369622
6215	0.004882299792
6216	0.002333492367
6217	0.0005952588808
6218	0.006273787033
6219	8.781630414e-05
6220	6.995982456e-05
6221	0.00542353514
6222	0.001539931114
6223	0.002863667807
6224	0.001218794403
6225	0.0004255595177
6226	0.0007804208388
6227	0.002657806245
6228	0.0001433229987
6229	0.0002075677371
6230	0.001205250224
6231	0.003243869581
6232	8.804222019e-05
6233	0.0009691094489
6234	0.001805499557
6235	3.011397982e-07
6236	0.001874180579
6237	0.001343898998
6238	0.002681176706
6239	0.003465322074
6240	0.0005895746275
6241	0.0005464843093
6242	0.0001720732596
6243	0.0009967274926
6244	0.001657382181
6245	0.005857430346
6246	0.0007049135701
6247	0.002285768313
6248	0.000285253237
6249	0.0009912284069
6250	0.0001113918764
6251	0.001486920891
6252	0.002870699249
6253	0.00504854178
6254	0.0006467613307
6255	0.0007882722946
6256	0.002089508829
6257	0.000693815843
6258	0.000695824259
6259	0.0005379677282
6260	0.00174468369
6261	0.0001699198019
6262	0.0005771592676
6263	0.000307467877
6264	0.0001147905242
6265	0.0006248661902
6266	0.002048825373
6267	0.0007861892996
6268	0.0003762221012
6269	0.0006392970082
6270	0.0002309146899
6271	0.0003253325241
6272	0.001764949606
6273	0.0005763702306
6274	0.0004878120392
6275	0.0001039389724
6276	0.0001119329487
6277	0.0005343630932
6278	0.000541876801
6279	0.003940112221
6280	1.852827289e-05
6281	0.004732207991
6282	0.0009648671349
6283	0.002737894539
6284	0.001574555302
6285	0.002523924318
6286	0.0005052448634
6287	0.001248409533
6288	0.0009410418764
6289	0.0003366690256
6290	0.000562689969
6291	0.0002230643819
6292	0.0007558997873
6293	0.0005092085783
6294	0.0001512312603
6295	0.003214280581
6296	0.0001772010449
6297	0.00212697056
6298	0.0003788772234
6299	0.0008998170388
6300	0.0003377207515
6301	0.0008476918131
6302	0.00110357147
6303	0.001458191372
6304	0.0002888494576
6305	0.002104411043
6306	0.001025696882
6307	0.001871616543
6308	0.001755820078
6309	0.005382035426
6310	0.001446149113
6311	0.002576282965
6312	0.002193818019
6313	0.0008538027235
6314	0.001265216115
6315	0.0001870487979
6316	0.001498281195
6317	0.002389618842
6318	0.001511505417
6319	0.0006553605253
6320	0.002813029675
6321	0.0005578831073
6322	0.001469379216
6323	0.003217654258
6324	0.0008810169191
6325	0.0009741900595
6326	0.004385159204
6327	0.004919983366
6328	0.0008305391609
6329	0.002037615747
6330	0.001650839652
6331	0.001217995371
6332	9.649853512e-05
6333	0.001143686761
6334	0.0004813255231
6335	0.0008353027638
6336	0.0004308985276
6337	0.001624728796
6338	0.0007765331084
6339	0.0001397394455
6340	0.003048035834
6341	0.001193126095
6342	0.0005617656407
6343	0.0006877573313
6344	0.002370807432
6345	0.001359162059
6346	0.006482480149
6347	0.00253868629
6348	0.0001060347371
6349	0.000676321269
6350	0.00082928921
6351	0.003884592376
6352	0.003912111068
6353	1.526360748e-05
6354	0.001701674214
6355	0.002524399801
6356	0.0004630021291
6357	0.001465939588
6358	0.001125474952
6359	0.0002842266612
6360	0.003386420875
6361	0.0004528952487
6362	0.0002096117269
6363	0.0004781517027
6364	0.0005052246539
6365	0.0006387470022
6366	0.0001439896351
6367	0.001446471237
6368	0.001986797898
6369	0.001854269472
6370	0.0004500563703
6371	0.001057850438
6372	0.0005069794126
6373	0.003925089272
6374	0.002877920127
6375	0.0001205781421
6376	0.000949410016
6377	9.780411307e-05
6378	0.001205812662
6379	3.414364071e-05
6380	0.0003175654227
6381	0.007957351479
6382	0.0001424134109
6383	0.001133837119
6384	0.00507921363
6385	0.0002709859721
6386	0.0004775970926
6387	0.001680888033
6388	0.001536226369
6389	0.001368086657
6390	0.00136435685
6391	0.0004375556024
6392	0.0002800197688
6393	0.006022917712
6394	0.0002278658719
6395	0.0006213583146
6396	0.0001183470689
6397	0.004928247823
6398	0.00372845183
6399	0.0006614784542
6400	0.0002413370705
6401	0.0008616485821
6402	0.00016886907
6403	0.001747398637
6404	0.0005088190002
6405	0.001526419242
6406	0.0008615436382
6407	7.402990178e-05
6408	0.0004239650803
6409	0.0002691932715
6410	0.001406203076
6411	0.0001129185962
6412	0.0002464655065
6413	0.000743956053
6414	0.000773246196
6415	0.0001784731583
6416	0.006750501389
6417	0.0002835597886
6418	0.0002941241685
6419	0.002253904347
6420	0.0004162000731
6421	0.0005071197944
6422	0.0002439505983
6423	0.0004403130914
6424	7.363912103e-05
6425	0.001983724083
6426	0.0008991538332
6427	0.0015689156
6428	0.001230565241
6429	0.001446262572
6430	0.00709764218
6431	0.001572746153
6432	0.0004718670571
6433	0.001353976117
6434	0.002561850721
6435	0.005085579389
6436	2.87937579e-05
6437	0.0006657058935
6438	0.0001853682599
6439	0.0002079072488
6440	5.307017529e-06
6441	0.001951560079
6442	0.0001994650003
6443	0.002399459291
6444	0.0003081122161
6445	0.002047496094
6446	0.0009771271839
6447	0.0004683539896
6448	0.0005872613857
6449	0.001006515226
6450	0.0004491784231
6451	0.000333738684
6452	0.0001843598689
6453	0.001378697521
6454	0.001703470684
6455	0.0001311202058
6456	0.01012068403
6457	0.000199640229
6458	0.000291996834
6459	0.0004052022138
6460	0.0007867771583
6461	0.002694990465
6462	0.0009455404581
6463	0.00100243899
6464	0.00257909171
6465	0.0002440478259
6466	0.0004108100713
6467	0.0008218908651
6468	0.0003115972483
6469	0.0003889724112
6470	0.0007481434438
6471	0.0003709356179
6472	0.008702551089
6473	8.003501221e-05
6474	0.001330561122
6475	0.0002594966517
6476	0.001905528894
6477	0.0001374748398
6478	0.000261806986
6479	0.0004713783661
6480	0.004869660202
6481	0.001501415871
6482	0.003031942736
6483	0.0007377270709
6484	0.000311719916
6485	0.00076442441
6486	0.0003205354248
6487	0.002427321507
6488	4.089412956e-05
6489	0.001303011717
6490	0.0003136799451
6491	0.002885597756
6492	0.0001790706014
6493	8.981357757e-05
6494	8.094698096e-05
6495	0.0005232218986
6496	0.002317047421
6497	0.0005344104641
6498	0.001184881017
6499	0.002208647898
6500	0.001419407369
6501	0.0003410732722
6502	0.0008212343677
6503	0.0001822787856
6504	0.001440311688
6505	0.001853266198
6506	0.003567212387
6507	0.001396562102
6508	0.002432094858
6509	0.00355983382
6510	0.001214339918
6511	0.002927029621
6512	0.001731110709
6513	0.0001407182722
6514	0.004566416081
6515	0.006761471364
6516	0.000730124905
6517	0.0004308829746
6518	0.0001529334009
6519	9.211670607e-05
6520	0.0001360160106
6521	0.002123126517
6522	0.0001534301482
6523	5.078153251e-05
6524	0.0005999968602
6525	0.006270289448
6526	0.0001856458434
6527	0.0002251339578
6528	0.000143452626
6529	0.001527531835
6530	0.001455285038
6531	0.000712189835
6532	0.0001078116009
6533	0.0005268358347
6534	0
6535	0.0007627887621
6536	0.001284158913
6537	0.0003102478283
6538	0.000693043564
6539	0.0005137235757
6540	0.0002819931113
6541	0.001612014822
6542	0.000577973462
6543	0.003558191783
6544	0.001495666658
6545	0.0005217497835
6546	0.002958277457
6547	0.001711397932
6548	0.0003800664414
6549	0.0009765092166
6550	0.0002731231127
6551	0.0004819728952
6552	0.005422301308
6553	0.003279652447
6554	0.003356709304
6555	0.0003313321977
6556	0.0008357940605
6557	2.478699886e-05
6558	0.0003164313971
6559	0.0008328686515
6560	0.003027426629
6561	0.001535293834
6562	0.0002856830402
6563	0.0002458728592
6564	0.001921330971
6565	0.0002149595637
6566	0.001250246183
6567	0.000270028207
6568	0.001262519432
6569	0.001021997157
6570	0.0004886512634
6571	0.001006839636
6572	0.003122088308
6573	0.001584005747
6574	0.001530340038
6575	0.002014565184
6576	0.001468116155
6577	0.003261697444
6578	0.004971467145
6579	0.0006744239966
6580	0.0003247252509
6581	0.001330789991
6582	4.291782147e-05
6583	0.0006850059884
6584	0.001000792751
6585	0.000720509697
6586	0.001676622299
6587	0.0003307115065
6588	0.0005633654727
6589	0.005182153529
6590	0.008420889581
6591	0.0003390896004
6592	0.000907204682
6593	0.003127860611
6594	0.000904669482
6595	1.972805282e-05
6596	1.707856996e-05
6597	0.0007523201748
6598	0.003063086722
6599	0.0002031697318
6600	0.0006591917105
6601	0.0005888862743
6602	0.0003234032146
6603	0.0005702873356
6604	0.0006927208445
6605	0.0003481982047
6606	0.0009542899717
6607	0.005222052064
6608	0.0006654432308
6609	0.00256036646
6610	0.0004638857369
6611	0.00357405149
6612	0.0016148122
6613	0.0005676820047
6614	0.001449156863
6615	0.0003890281503
6616	0.001045523106
6617	0.0002445967265
6618	0.0004233451293
6619	0.000396519258
6620	0.002987559804
6621	1.975187373e-06
6622	0.0006871309824
6623	0.00509351514
6624	0.0005854617564
6625	0.0002938424126
6626	0.002470091073
6627	0.003217995219
6628	0.001854883998
6629	0.0006036096454
6630	0.001052799804
6631	0.0003989751457
6632	0.0003357600755
6633	0.001458779342
6634	0.0003129429474
6635	0.004677959491
6636	0.002808544502
6637	0.0002956127971
6638	0.004216228806
6639	0.0008644622706
6640	0.0002096503833
6641	0.0005218210453
6642	2.601331128e-05
6643	0.0003046989006
6644	0.0008781189554
6645	0.0001257558209
6646	0.0004816595661
6647	0.0001764304813
6648	0.001222384326
6649	0.002153462607
6650	5.64331512e-06
6651	0.001708350437
6652	0.000525008215
6653	8.863733924e-05
6654	0.003708068783
6655	0.007227265819
6656	0.0001013006021
6657	0.001346447937
6658	0.0006073279884
6659	0.0002945096647
6660	0.0005225668163
6661	0.001204955478
6662	0.000288483951
6663	0.0002919496029
6664	0.00189183689
6665	0.00048640089
6666	0.000432069959
6667	0.0001012402253
6668	0.0001329945524
6669	0.0001356816419
6670	0.0005791774186
6671	0.004465691154
6672	0.0002494890841
6673	0.00629790048
6674	8.164955254e-05
6675	8.537987937e-05
6676	0.0002703225928
6677	0.004087753715
6678	0.001793849045
6679	1.91173299e-05
6680	0.0002827725372
6681	0.001231862143
6682	0.0001491859312
6683	0.006232720134
6684	0.0002583862157
6685	2.360303286e-06
6686	0.001079012325
6687	0.001081626327
6688	0.001455685177
6689	0.005606600007
6690	0.002794238465
6691	0.0006672310862
6692	0.002060336277
6693	0.006031111409
6694	0.003042616576
6695	0.001116171815
6696	0.002013484939
6697	0.00203195921
6698	0.002146837563
6699	0.004717569294
6700	0.0004606297369
6701	0.007527184423
6702	0.003925758372
6703	0.001572510083
6704	0.0002322389512
6705	0.002013693157
6706	0.00324123893
6707	0.001689747495
6708	0.003915326196
6709	0.006643113771
6710	0.00223812006
6711	0.001071622785
6712	0.0007593149762
6713	0.003185634345
6714	0.0008800677657
6715	6.271415548e-05
6716	0.003756444259
6717	0.002080641822
6718	0.001029670638
6719	0.005182102592
6720	0.0001095977746
6721	0.003965380171
6722	0.002429059042
6723	0.000591322105
6724	0.003948160854
6725	0.001266442591
6726	0.001785959967
6727	0.002749951532
6728	0.002550701284
6729	0.0005606934722
6730	0.003343281161
6731	0.002344477462
6732	0.001917057674
6733	0.0005347800507
6734	0.0005736192658
6735	0.001515673306
6736	0.001293569084
6737	0.001750409111
6738	0.0007038501231
6739	0.002140781013
6740	0.0008930514117
6741	0.00101739177
6742	0.001533612049
6743	0.003031798763
6744	0.0005565227802
6745	0.004393986628
6746	0.0007838594072
6747	0.0004279931776
6748	0.001031747643
6749	0.0004662996461
6750	0.0008932147976
6751	0.001701192516
6752	2.880730628e-05
6753	0.0005545198541
6754	0.001180466171
6755	0.00132708568
6756	0.004182430898
6757	0.00151345314
6758	0.002532028887
6759	0.001262179417
6760	0.00183424925
6761	0.002822086986
6762	0.0009008885245
6763	0.001596548104
6764	0.0001316366487
6765	0.009273038816
6766	0.0003600769708
6767	0.0008186434665
6768	0.003187896892
6769	0.001965351643
6770	0.005402047541
6771	0.0005993768757
6772	0.005090794213
6773	0.0006734629076
6774	0.001472549004
6775	0.000164833063
6776	0.0001803649696
6777	0.004200575122
6778	0.00452315836
6779	0.004489877197
6780	0.00217137468
6781	0.003822604152
6782	0.004546578247
6783	0.002043193133
6784	0.003356438801
6785	0.003722722157
6786	0.005436809597
6787	0.004032770266
6788	0.003470132011
6789	0.002820023176
6790	6.642219501e-05
6791	0.0001018287898
6792	0.0004533667564
6793	0.0010598998
6794	0.001662888288
6795	0.001790129084
6796	0.004955731914
6797	0.0006352238022
6798	0.0004513406273
6799	0.0006470754794
6800	0.0001715933326
6801	0.001405405782
6802	0.0001645968694
6803	0.005493050821
6804	0.000185548658
6805	0.0009805388327
6806	0.000619186158
6807	0.003478809099
6808	0.005467663973
6809	0.001051463597
6810	0.008076964973
6811	0.000824247077
6812	0.002824024802
6813	0.00397227943
6814	0.003896914899
6815	0.0006635702397
6816	0.0004249693774
6817	0.00128996634
6818	2.760874318e-05
6819	0.001629351148
6820	0.0073914274
6821	0.002636338298
6822	0.0005335696973
6823	0.001159456385
6824	5.618640172e-05
6825	0.0004856611608
6826	0.002767003201
6827	0.0003956733904
6828	0.001017530824
6829	0.001764732936
6830	0.004696750707
6831	0.0002808840301
6832	0.001932190054
6833	0.001724856475
6834	0.0005089696072
6835	0.00163767766
6836	0.002943331974
6837	0.0002652000529
6838	0.00177952935
6839	0.003408150353
6840	0.001634782014
6841	8.715599846e-05
6842	0.002360055009
6843	0.0005413384405
6844	0.002130220846
6845	0.002287022608
6846	0.00155513759
6847	0.0008663636323
6848	0.003563789782
6849	4.387565549e-05
6850	0.002028422615
6851	0.003391162029
6852	0.0008341632267
6853	0.002031652594
6854	1.089094634e-05
6855	0.00221248672
6856	0.001719266157
6857	0.007106801559
6858	4.511709165e-05
6859	0.001820190218
6860	0.0001374136032
6861	7.199566807e-05
6862	0.0002077367604
6863	0.001061048118
6864	0.0002311390225
6865	0.002004076795
6866	0.0003149827472
6867	0.003999620978
6868	0.001723534268
6869	0.001081212185
6870	0.002499486586
6871	0.0006090494008
6872	0.002986273541
6873	0.004991176108
6874	0.003122324089
6875	0.002755163153
6876	0.003147843171
6877	0.002773193618
6878	0.003074686485
6879	0.004028720911
6880	0.001812256079
6881	0.003244838028
6882	0.00648089273
6883	0.0001815117154
6884	0.003176041064
6885	0.0001762610722
6886	0.001961611823
6887	0.001830421466
6888	0.0006256092291
6889	0.002719659434
6890	0.001204335811
6891	0.003470528768
6892	0.002198474252
6893	0.005345564891
6894	0.001764563651
6895	0.003663774476
6896	0.0009703342673
6897	0.001383556501
6898	0.003935240232
6899	0.001650828237
6900	0.003454712584
6901	0.002652344135
6902	0.002640317597
6903	0.004449041697
6904	0.002891273954
6905	0.000886506088
6906	0.001398377581
6907	0.007189041684
6908	1.721395427e-05
6909	0.00304131936
6910	0.002661761373
6911	0.0009317776114
6912	0.0006737778167
6913	0.001859419166
6914	0.001182891835
6915	0.0008931040411
6916	0.0008127725311
6917	0.001077980484
6918	0.002175124903
6919	0.0002575479138
6920	0.006438423989
6921	0.003626553561
6922	0.0003106772204
6923	0.0001616230645
6924	0.000827772005
6925	0.0008864840758
6926	0.002351754905
6927	2.878715736e-05
6928	0.0006677905948
6929	0.001014133234
6930	0.002072425166
6931	0.003178429065
6932	0.0007702751027
6933	0.006616659264
6934	0.002632043997
6935	0.000317092655
6936	0.006124775479
6937	0.0008197843679
6938	0.008293576646
6939	0.0001876289558
6940	0.001164390235
6941	0.0002639881723
6942	0.0003250705324
6943	0.004632215765
6944	0.001233747373
6945	0.003881806391
6946	0.004416914935
6947	0.003242183881
6948	0.0009551588712
6949	0.002931172192
6950	0.003059559879
6951	0.003866185052
6952	0.0007230087431
6953	0.0003541159685
6954	0.0003575063719
6955	0.001346113378
6956	0.002650123898
6957	0.001930142615
6958	0.003944707359
6959	0.006394543142
6960	0.00274656671
6961	0.001090601152
6962	0.0006302779892
6963	0.002788417449
6964	0.001557376263
6965	0.001017339446
6966	0.0007452078745
6967	0.002681602811
6968	0.002025276903
6969	0.003479392648
6970	0.0009133414045
6971	0.001513754298
6972	0.0007192816422
6973	0.0007365708563
6974	0.000902692478
6975	0.000650765096
6976	0.002609792908
6977	0.001930219389
6978	0.0009907372766
6979	0.002524935161
6980	0.001527549455
6981	0.001697240628
6982	0.00350361899
6983	0.0023511808
6984	0.0003652344579
6985	0.001055483881
6986	0.005145050301
6987	8.324775286e-05
6988	0.0003529056173
6989	0.005865959736
6990	0.003377762634
6991	0.00157231004
6992	0.003841389874
6993	0.0003790929409
6994	0.001257406015
6995	0.003205181536
6996	0.001472955808
6997	0.005028609408
6998	0.0002663139641
6999	0.001964910789
7000	0.003274112702
7001	0.0006883986974
7002	0.001404982307
7003	0.001721082598
7004	0.001949810933
7005	0.0015475053
7006	0.009845856372
7007	0.0001689489986
7008	0.001388462671
7009	0.002512546062
7010	0.005247373861
7011	0.0001988853277
7012	0.0006369968435
7013	2.174167977e-05
7014	0.0008077098466
7015	0.0003362841112
7016	0.003760048191
7017	0.002887561507
7018	0.0006252471104
7019	0.002574789205
7020	0.0003036451099
7021	1.993840447e-05
7022	0.0006117741708
7023	0.001295032275
7024	0.0002044894801
7025	0.0005204841257
7026	0.0003282549721
7027	0.0007245835809
7028	0.003368694904
7029	0.0004628165051
7030	0.005962843656
7031	0.005701678974
7032	0.0003166094777
7033	0.0001917893766
7034	0.0001500444439
7035	0.001439381943
7036	0.001187904763
7037	5.079796664e-05
7038	0.0002442382447
7039	0.001112457468
7040	5.699270678e-05
7041	6.261552966e-05
7042	0.0005463589675
7043	0.0004746831955
7044	0.0006393720082
7045	0.0001218054972
7046	0.000318370425
7047	0.000641555479
7048	0.0001088979362
7049	0.0002519633769
7050	0.0004714330433
7051	8.757222367e-05
7052	8.769260383e-05
7053	0.001049336459
7054	0.0001694820324
7055	0.001516683343
7056	0.002461605234
7057	0.000289538555
7058	0.0001496480153
7059	9.324294156e-05
7060	0.0003961995799
7061	0.001955880903
7062	0.004177079393
7063	0.003501345997
7064	0.0009573541416
7065	0.00591536204
7066	0.001401436512
7067	0.002027094566
7068	0.0005566091056
7069	0.004381292888
7070	0.001057359886
7071	0.0007333289301
7072	0.005418955137
7073	0.000171133994
7074	0.0003346918727
7075	0.0002356239384
7076	0.0007415839664
7077	0.0008521727096
7078	0.0002591143839
7079	0.0007469460026
7080	0.000717740771
7081	0.0008116610811
7082	0.0001923717434
7083	0.000289909498
7084	9.309399717e-05
7085	0.002046813052
7086	0.0004827992091
7087	0.0001357776128
7088	0.004225873619
7089	0.0004569296655
7090	0.002292188884
7091	0.001329455438
7092	0.0006615158124
7093	0.002244832031
7094	0.007934939856
7095	0.00107371587
7096	0.001299168555
7097	0.002178079061
7098	0.00155312592
7099	0.003137287749
7100	0.001568953088
7101	0.002837062628
7102	0.0005957057597
7103	0.002473560209
7104	0.0003797786682
7105	0.0005865968532
7106	0.000888462674
7107	0.0001930779498
7108	9.745712918e-05
7109	0.0003838681209
7110	7.397245566e-05
7111	0.0005042711818
7112	0.001006844344
7113	0.0001789312518
7114	9.770116411e-05
7115	0.0001007543445
7116	0.0001138120211
7117	0.0006350118094
7118	0.002876092163
7119	0.0008939215199
7120	0.000712485395
7121	0.002416042062
7122	0.0001607298834
7123	0.0008151484316
7124	5.30352211e-05
7125	0.0007796617819
7126	8.31794554e-05
7127	0.00157254504
7128	0.0002584932479
7129	0.0003163686488
7130	0.0003123671525
7131	0.003719855812
7132	0.003348161636
7133	0.0001153332813
7134	0.0002010563307
7135	0.000216564712
7136	0.0005084888418
7137	0.0002104120729
7138	6.336322154e-05
7139	0.0004476283523
7140	0.001929959389
7141	0.0005699380514
7142	0.0003915065796
7143	0.0002365886291
7144	2.669803172e-05
7145	0.001376336145
7146	0.000594503532
7147	0.000268180019
7148	0.001202567684
7149	0.001000007622
7150	0.000119825193
7151	0.0003818964628
7152	0.001157411272
7153	0.0005938311749
7154	0.0006559666602
7155	0.002622783542
7156	0.0005572423761
7157	0.000173574456
7158	0.0003439226278
7159	0.001189916039
7160	0.000159287762
7161	0.0009751203174
7162	0.0001880061604
7163	0.0005021144172
7164	0.0003710552343
7165	0.0009889998241
7166	0.00040581792
7167	0.0003610607372
7168	0.002978873138
7169	0.002420669981
7170	0.0004580077016
7171	0.0002793495543
7172	0.002300935982
7173	0.006020864909
7174	0.001191403811
7175	0.001959445096
7176	0.003167077683
7177	0.001908913211
7178	0.003623528273
7179	5.852643718e-05
7180	0.0009743515799
7181	0.0005500434326
7182	0.0002585559264
7183	0.003129229014
7184	0.003555386205
7185	0.005731713956
7186	0.002040807048
7187	0.0002230233268
7188	0.0001570873904
7189	0.0009450103929
7190	1.729510591e-05
7191	0.001461456437
7192	0.00368765288
7193	0.0003784676485
7194	0.00396608478
7195	0.001000477084
7196	0.0008481371425
7197	0.0006943967943
7198	0.00123979083
7199	0.0001446955968
7200	0.0001203196071
7201	0.000382000757
7202	0.002310184358
7203	1.600891814e-05
7204	0.001263077898
7205	0.00294004447
7206	0.001227066428
7207	0.0001588261398
7208	0.003421436378
7209	0.005358495638
7210	8.004877159e-05
7211	0.002048992474
7212	0.005093707642
7213	0.003089919948
7214	0.001328805361
7215	0.004165189147
7216	0.0001111040859
7217	0.003973125017
7218	0.001557100914
7219	0.0006096077393
7220	0.0005564017714
7221	0.003763102117
7222	0.00590813421
7223	3.726268523e-05
7224	0.005228514727
7225	0.005059432658
7226	0.0008166145626
7227	0.004144112079
7228	0.0007626068458
7229	0.001526412501
7230	0.001317458361
7231	0.002045985723
7232	0.003528304898
7233	0.003323524313
7234	0.0008966992336
7235	0.0001813650749
7236	0.0006175010798
7237	0.00146919931
7238	0.0007207428648
7239	0.007827863424
7240	0.001668307838
7241	0.0009457750834
7242	0.0004545707483
7243	0.0007298797669
7244	0.0009073676097
7245	0.0008682005256
7246	0.003080737192
7247	0.0008357229835
7248	0.003689355751
7249	0.0006648642323
7250	0.001974209793
7251	0.001301204189
7252	0.002127917346
7253	0.0002482127841
7254	0.001465836812
7255	0.003603706416
7256	0.0007617207632
7257	0.0007826480458
7258	0.0009321155495
7259	0.0009398864928
7260	0.005728612706
7261	0.001794699408
7262	0.0009166757022
7263	0.0009987797253
7264	0.0007244024301
7265	0.004983554091
7266	0.001965006392
7267	0.002683399269
7268	0.001753545817
7269	0
7270	0.007733158847
7271	0.001929807474
7272	0.007896800999
7273	0.000988257752
7274	0.004054275593
7275	0.0004193432248
7276	2.347239289e-05
7277	0.0001598754279
7278	0.00566736288
7279	0.006426164583
7280	0.003006304532
7281	0.00162245543
7282	2.106338988e-05
7283	0.0004859639779
7284	0.000473896862
7285	0.001253913584
7286	0.001484032148
7287	0.002389315398
7288	0.0003771434163
7289	0.0020518772
7290	0.001102747758
7291	0.001973422901
7292	0.0002455832098
7293	0.004432316175
7294	0.0006518548533
7295	0.001935309054
7296	0.004212295024
7297	0.004666139395
7298	0.004817052643
7299	0.00518670429
7300	0.006644345153
7301	0.002370789031
7302	0.0008947260071
7303	3.205318246e-05
7304	4.378624941e-05
7305	0.0004016949378
7306	0.0009352103252
7307	0.0005915076472
7308	0.0004455770836
7309	0.0001562146324
7310	0.0005613904572
7311	0.0007620152899
7312	0.000761794669
7313	0.00110407478
7314	0.001161149009
7315	0.001377516275
7316	0.0002276501535
7317	0.0003942425119
7318	0.0002487770377
7319	2.239221419e-05
7320	0.0005677485835
7321	0.002098633909
7322	0.0005610329737
7323	0.001445936282
7324	9.577565356e-05
7325	0.001028323258
7326	0.0009277045894
7327	0.0004777839451
7328	0.0001703580399
7329	0.0002915967927
7330	0.0001095288833
7331	0.003795043877
7332	0.0003589603664
7333	7.54758129e-05
7334	0.0001157533115
7335	0.0001748067941
7336	0.001079008846
7337	0.0004012154206
7338	0.00169125193
7339	0.002283783152
7340	0.0003264425586
7341	0.0009743244721
7342	0.001290339956
7343	7.879121982e-05
7344	0.0008249209247
7345	0.0008695602307
7346	2.119483669e-05
7347	0.001004854305
7348	6.41064976e-05
7349	0.001444109992
7350	0.0009778886014
7351	0.0006523644363
7352	0.0004121345569
7353	0.0008865804904
7354	0.0002030250299
7355	0.001010158219
7356	0.0004417701897
7357	0.0004952824129
7358	0.0008223307437
7359	0.001187025337
7360	0.0003957825547
7361	0.0005519961334
7362	0.000219224724
7363	7.778315564e-05
7364	0.0001310358011
7365	0.001422977406
7366	0.0005464610239
7367	0.0004188153122
7368	0.001027738333
7369	0.0001752990673
7370	0.0005787252127
7371	0.0004531119376
7372	0.0006759511231
7373	0.0004529648147
7374	0.0001877751562
7375	2.255831929e-06
7376	0.00589710947
7377	0.0009118715824
7378	0.002567539683
7379	0.0002201507713
7380	0.00156935357
7381	0.000642035214
7382	8.266982434e-05
7383	0.003292582927
7384	0.0002172644216
7385	0.0001482961721
7386	0.001977722283
7387	0.0001693004393
7388	0.002001347604
7389	0.0004258837992
7390	0.0008493905101
7391	0.001331881793
7392	0.001120307846
7393	0.0004267347359
7394	0.003316648547
7395	8.704078603e-05
7396	0.0004823152973
7397	0.001435954221
7398	0.003040208613
7399	0.001676184914
7400	0.0001938468894
7401	3.066474374e-05
7402	0.001433612023
7403	8.980936588e-05
7404	3.507866014e-05
7405	0.0002794933705
7406	3.918711207e-05
7407	0.001153701292
7408	0.0006894826203
7409	0.003556536889
7410	0.0007590234227
7411	0.0004676633009
7412	0.001760957245
7413	0.002680949145
7414	0.0003222240881
7415	0.002380591298
7416	0.002652029332
7417	0.001204869693
7418	0.001992636001
7419	0.0002358479343
7420	0.0002274863085
7421	0.0094061153
7422	0.000284891722
7423	0.007498149247
7424	0.0004500042788
7425	2.550346373e-05
7426	0.002088163079
7427	4.762119259e-05
7428	0.003843639065
7429	0.0008469654786
7430	0.003337297566
7431	0.0001881357645
7432	0.002520523929
7433	0.0006981884415
7434	0.006624402038
7435	0.002483670236
7436	0.0004646217932
7437	0.001569491499
7438	0.0008400977585
7439	0.004074148253
7440	1.260296221e-05
7441	0.001374286448
7442	0.0009021063313
7443	0.001180225333
7444	0.00220729537
7445	0.003839463329
7446	0.0007750635837
7447	0.004835407352
7448	0.0003695670054
7449	0.005108219269
7450	0.001280362932
7451	0.005718855958
7452	0.00211946857
7453	0.001350424659
7454	0.002911004762
7455	0.002436405635
7456	0.004455573831
7457	0.001619184319
7458	0.001747633508
7459	0.0004132175075
7460	0.002045552396
7461	0.002091249534
7462	0.001938690409
7463	0.0009654339801
7464	0.001061121486
7465	0.003057891976
7466	3.253253027e-05
7467	0.0003049353786
7468	0.001631315105
7469	0.0009339462083
7470	0.00426381604
7471	0.0002474888778
7472	0.002046748512
7473	8.97943402e-05
7474	0.0003874121594
7475	0.0002692914994
7476	0.002994777886
7477	0.004200482046
7478	0.003222381796
7479	0.000239510241
7480	0.006345641295
7481	0.002833497431
7482	0.003728547281
7483	0.001783564181
7484	0.003198024099
7485	0.003291869665
7486	0.0008127132289
7487	0.005129476474
7488	0.004276873164
7489	0.002168731566
7490	0.002637829429
7491	0.00124918602
7492	0.0005962581865
7493	3.026155018e-05
7494	0.0006409027837
7495	0.005407406797
7496	0.0001121993932
7497	0.002354310488
7498	0.004790816566
7499	0.002097085216
7500	0.004106217641
7501	0.002062468634
7502	0.0004381871735
7503	0.001354538408
7504	0.002042774319
7505	0.006893628827
7506	0.001507663743
7507	0.001078459214
7508	0.000318307631
7509	0.001604007766
7510	0.0007426260703
7511	0.001609683369
7512	0.001657301928
7513	0.001576341406
7514	0.002711367883
7515	0.002187746852
7516	0.001746632046
7517	0.001470165584
7518	0.002371232178
7519	0.000201791632
7520	0.001051157263
7521	0.0009833282045
7522	0.002963213468
7523	0.0003153441854
7524	0.0001163884556
7525	0.0007965368956
7526	0.0002011599426
7527	5.299423514e-05
7528	0.0005049572537
7529	0.0009451719869
7530	0.0001054260899
7531	0.001117883441
7532	0.00257295408
7533	0.001282640765
7534	0.001971710284
7535	0.003860639154
7536	0.0003378306377
7537	0.001617133218
7538	0.007342491504
7539	0.004820194846
7540	0.0004962069412
7541	0.0005945909253
7542	0.0002702526924
7543	0.003559122891
7544	0.00143045469
7545	0.005743369246
7546	0.0003027391202
7547	0.001754748278
7548	0.002844712663
7549	0.003810036891
7550	0.0006124885188
7551	0.001900774495
7552	0.002059180624
7553	0.005546784887
7554	0.0009610762835
7555	0.001515537815
7556	0.00217325497
7557	0.0004992077241
7558	0.0005357075579
7559	0.0001159283501
7560	0.0007899616232
7561	0.0003385540901
7562	0.004959137515
7563	0.002794185465
7564	0.0003872893892
7565	0.003851692184
7566	0.005869847804
7567	0.0001801500267
7568	0.00162998824
7569	0.0005852694641
7570	0.005707483678
7571	0.004961070643
7572	0.005531269443
7573	0.0006942679828
7574	0.002471108876
7575	1.612480408e-05
7576	0.002508363494
7577	0.0004502579346
7578	0.001149515381
7579	0.004727262951
7580	0.006476349268
7581	0.0009401030489
7582	0.0001177097442
7583	0.0008620273713
7584	0.005891619564
7585	0.004106974578
7586	0.003519979776
7587	0.0009722173156
7588	0.0004873434834
7589	0.006153184608
7590	0.002709087193
7591	0.007651558787
7592	0.004837786404
7593	0.000911494769
7594	0.00272521328
7595	0.001720021725
7596	0.00452717738
7597	0.0008231118785
7598	0.007220428564
7599	0.00420337418
7600	0.0001142682645
7601	0.003552148824
7602	0.002286471942
7603	0.0001008522774
7604	0.0006368854822
7605	0.0003403234943
7606	0.0005055916935
7607	5.45864052e-05
7608	5.278568977e-06
7609	0.0005780248864
7610	8.810843275e-05
7611	5.943473077e-05
7612	0.0001135515162
7613	0.0002669432105
7614	0.00237725406
7615	0.001169596141
7616	0.001031890566
7617	0.0003580508356
7618	0.0005182318578
7619	0.00370459986
7620	0.0003690591138
7621	0.0007147421808
7622	0.002533989086
7623	0.0008659992458
7624	0.000307466684
7625	0.0009547900337
7626	1.672308864e-05
7627	0.0008802352531
7628	0.001475322044
7629	0.0005101966182
7630	0.0004683396932
7631	0.0005070224635
7632	0.0001718540475
7633	0.0003805956436
7634	7.390977933e-05
7635	5.385196985e-05
7636	8.411081996e-05
7637	0.0005131530414
7638	0.0004905473633
7639	0.0001495150358
7640	0.0001233289259
7641	0.00474989322
7642	0.0009245542565
7643	0.0001053094558
7644	7.243645085e-05
7645	0.0003676107973
7646	6.806732928e-05
7647	0.0004050056106
7648	0.001153457971
7649	2.511115956e-06
7650	4.026461352e-05
7651	5.092924251e-05
7652	0.001151329137
7653	0.000672041284
7654	0.0008261128034
7655	0.0001493594342
7656	0.0001099184089
7657	0.0007106531785
7658	0.0001776324549
7659	0.000683440749
7660	8.428034322e-05
7661	9.00850379e-05
7662	0.0007215086767
7663	0.0007863668773
7664	1.294607953e-06
7665	0.000576053658
7666	3.484628896e-05
7667	0.0005032339992
7668	0.0006484875676
7669	0.0001973041068
7670	0.0006745634572
7671	0.0001544312712
7672	0.0007386943124
7673	0.002204363394
7674	0.0001962959613
7675	0.0001581135494
7676	0.0001841662719
7677	0.0003064069117
7678	0.0008128338949
7679	3.374033606e-05
7680	0.0002367589138
7681	2.7196122e-05
7682	0.0001170142682
7683	0.0003166894366
7684	7.916823256e-06
7685	0.001157634206
7686	0.0007301204027
7687	3.760262499e-05
7688	1.785551416e-06
7689	0.0005599168315
7690	0.000696861461
7691	0.0009617840749
7692	0.0004382018303
7693	0.000860120674
7694	0.0003266404003
7695	0.001062831709
7696	0.001029551745
7697	0.0001979387144
7698	0.0005250365706
7699	0.0001468938573
7700	7.626180102e-05
7701	0.0004662943602
7702	0.000219575335
7703	0.0005756964675
7704	0.0005779143305
7705	0.0001648810323
7706	0.0002460744481
7707	0.0003160643183
7708	0.0001475213347
7709	0.0005257331235
7710	9.868299178e-05
7711	0.0001540621476
7712	0.0005351392515
7713	0.0006294066345
7714	0.0002446394743
7715	0.002743063976
7716	0.0003429694957
7717	0.0001115135253
7718	0.001296616653
7719	0.0004640699651
7720	7.045429332e-05
7721	0.003642903857
7722	0.0001410412428
7723	0.0002470879952
7724	0.0002109911029
7725	0.002375575022
7726	4.004311099e-05
7727	6.658646099e-05
7728	0.000335332589
7729	8.074525223e-05
7730	0.0004419482951
7731	0.0006991182491
7732	0.0001059411475
7733	0.0002509956971
7734	2.745317106e-06
7735	0.001630483877
7736	5.879080803e-05
7737	0.0007717380194
7738	0.0003457273646
7739	0.002332442095
7740	0.0003162593678
7741	0.0002260331613
7742	0.0002074828913
7743	0.0005273891437
7744	0.0001820363151
7745	0.0002703540952
7746	9.55388156e-06
7747	2.045616238e-06
7748	2.35388449e-05
7749	2.756680623e-05
7750	0.0002644213152
7751	0.0001697115583
7752	0.0005681491348
7753	4.330168768e-05
7754	0.001413191958
7755	4.352865626e-05
7756	0.0003812691347
7757	0.0001305948178
7758	2.776554021e-05
7759	0.0003402521306
7760	2.880571416e-05
7761	4.733008557e-05
7762	0.0003854787428
7763	0.0002544859563
7764	0.0001296514415
7765	0.0003467569908
7766	0.000294296962
7767	7.433636841e-06
7768	0.0002133442649
7769	0.001539793943
7770	0.0001597748581
7771	0.0002475149481
7772	0.0003101235016
7773	3.383520488e-05
7774	0.001314175595
7775	0.0002346062096
7776	0.001726328079
7777	0.0004864590148
7778	0.0002454804714
7779	0.0004148796307
7780	0.0007651577099
7781	0.001578013563
7782	0.000207678193
7783	0.0001441699278
7784	0.001587932733
7785	0.006941828845
7786	0.0002184680077
7787	0.00323375074
7788	0.001094262135
7789	0.0003111998203
7790	0.0007613686509
7791	0.0001571452985
7792	9.693563176e-05
7793	0.0001376329398
7794	0.0003074461391
7795	0.0002715820154
7796	0.0001552434875
7797	9.439012233e-05
7798	0.000309681211
7799	0.0001320433587
7800	0.0001477851455
7801	0.000222705314
7802	0.004555782684
7803	0.0004088836069
7804	0.00481031878
7805	0.002614953786
7806	0.000492178583
7807	0.003592081533
7808	9.307177686e-05
7809	0.002038746424
7810	5.899858035e-06
7811	3.684607353e-05
7812	0.0006448758128
7813	0.002897289676
7814	0.003029823878
7815	0.007906156793
7816	0.002598429402
7817	0.003676363629
7818	0.003349295964
7819	0.0040696979
7820	0.0009842476601
7821	0.0006441515378
7822	0.004680045015
7823	0.001578359781
7824	4.287021911e-05
7825	0.0002301505816
7826	0.002423760592
7827	0.0009657903818
7828	0.0003049965757
7829	0.002561478986
7830	6.562584391e-05
7831	3.05057791e-05
7832	0.002233793956
7833	0.001824277288
7834	0.0001001540627
7835	2.814414098e-05
7836	5.853267831e-05
7837	0.00335269404
7838	5.121747292e-05
7839	3.892767777e-05
7840	1.955797122e-05
7841	0.0004102034263
7842	3.757080665e-05
7843	0.0004121110721
7844	0.001667199436
7845	0.00414759734
7846	8.177176051e-06
7847	0.002218798486
7848	0.007062686788
7849	0.006696282611
7850	0.001061847529
7851	0.001476602553
7852	0.00487942555
7853	0.001172267381
7854	0.006577159207
7855	0.0001435898637
7856	0.004602021384
7857	0.00168707162
7858	0.001447448346
7859	0.005107081376
7860	0.002002430329
7861	0.003531239722
7862	0.002449908422
7863	0.001376399329
7864	5.293100252e-05
7865	0.00137629336
7866	0.0007934657497
7867	0.0002456276249
7868	0.0007700807764
7869	0.0009587708595
7870	0.0007292875186
7871	0.0005659200755
7872	0.0001043781899
7873	0.003973827995
7874	0.0005850256488
7875	0.00300677036
7876	0.0007843000833
7877	0.00287582833
7878	0.006877773213
7879	0.002634899359
7880	0.0001664612074
7881	0.006221838797
7882	0.0007328299741
7883	0.0001782359838
7884	7.584160157e-05
7885	0.0003618045544
7886	0.0007736337174
7887	0.0002869324454
7888	0.0003939598143
7889	0.0001238194136
7890	0.001066505826
7891	0.0008165157971
7892	0.0001819769978
7893	0.0007568928378
7894	7.204221173e-05
7895	3.976751965e-05
7896	0.0003610090518
7897	0.0009225818841
7898	1.065675601e-05
7899	0.0004805634332
7900	0.0003515217421
7901	0.0001198958362
7902	7.028948524e-05
7903	0.0006038056256
7904	0.004340494002
7905	0.000509324271
7906	0.0003496206737
7907	0.003715720183
7908	0.002026159987
7909	0.0007777236551
7910	0.001483902631
7911	0.0002458942682
7912	0.00050038264
7913	0.0005622674742
7914	0.0003775684351
7915	0.0001362485321
7916	9.129126256e-05
7917	0.0003986644221
7918	0.003811731816
7919	0.0001048824486
7920	5.262652802e-05
7921	0.0007560633234
7922	2.782658043e-05
7923	0.0002329546897
7924	0.0002435697055
7925	0.002313098356
7926	0.0002728949459
7927	4.220393196e-05
7928	0.0003942424566
7929	0.0002129827879
7930	0.0004417099114
7931	3.745614386e-05
7932	0.0003321893463
7933	3.509226898e-06
7934	0.0005195598804
7935	0.003341777952
7936	0.0001053449628
7937	4.738005086e-05
7938	0.0001124522561
7939	0.001404886754
7940	0.000533634952
7941	0.0007040061918
7942	0.006164396345
7943	0.0002442356958
7944	0.000369779437
7945	0.0001070774938
7946	0.001517259754
7947	3.936607376e-05
7948	0.0002308052712
7949	0.0005625661469
7950	0.0002243824564
7951	2.666675318e-06
7952	0.0001193837512
7953	6.787620154e-06
7954	0.0001385305153
7955	0.0008890761833
7956	0.0002092410563
7957	9.431376608e-05
7958	0.0001311771646
7959	0.0002067729874
7960	0.0002291147004
7961	0.0007736504209
7962	0.0002582411931
7963	0.0001331633345
7964	0.0001730588989
7965	0.001022013572
7966	2.501950726e-05
7967	4.519106158e-05
7968	0.001574983744
7969	0.0002143201745
7970	0.0003164080857
7971	0.0003111806918
7972	7.191496742e-05
7973	0.0001979811588
7974	0.003106636841
7975	6.202042754e-06
7976	0.0007251633127
7977	6.243720105e-05
7978	0.001452952644
7979	0.001400126913
7980	0.000537845432
7981	0.0001155674575
7982	0.0002612510145
7983	6.719019648e-05
7984	7.627715823e-05
7985	0.0002630350693
7986	0.0003580033286
7987	0.0002534340375
7988	2.128373568e-05
7989	0.000198534161
7990	8.277915878e-05
7991	1.820237239e-05
7992	4.082835331e-05
7993	2.157855748e-05
7994	0.002495770162
7995	0.0001348427816
7996	2.398774956e-05
7997	0.0001878478729
7998	0.0001755912939
7999	7.292287851e-05
8000	9.410597932e-05
8001	4.280993592e-05
8002	8.501430956e-05
8003	0.0001142776029
8004	0.0002336516663
8005	0.0003631376607
8006	0.0002950362397
8007	1.359908259e-05
8008	6.399027596e-05
8009	3.559380863e-05
8010	3.787517562e-06
8011	0.0002329422769
8012	0.0001638568507
8013	0.000203080688
8014	1.676922225e-05
8015	0.0002475877994
8016	0.0002869239273
8017	0.0004960345587
8018	0.0001527140736
8019	3.525283011e-06
8020	0.0003950039998
8021	0.000840870607
8022	6.609276639e-05
8023	0.0001616972772
8024	2.352480072e-05
8025	6.88375737e-05
8026	8.085762638e-05
8027	5.954095604e-05
8028	5.49768066e-05
8029	0.0001425468365
8030	0.000223918739
8031	0.0002019277183
8032	0.0001510730212
8033	3.788908601e-06
8034	3.385312544e-05
8035	0.0005232931681
8036	0.0002563240867
8037	0.0001968969988
8038	0.0002792370755
8039	0.0001089125886
8040	0.0001816120092
8041	0.0005334618395
8042	5.397871549e-05
8043	0.0001993535554
8044	2.300361379e-05
8045	7.084424034e-05
8046	0.000582973744
8047	5.495803449e-05
8048	0.002705062821
8049	0.000383085835
8050	0.0008195472317
8051	0.0002887957672
8052	0.00127860989
8053	0.0003264191924
8054	0.001796153717
8055	0.0005357282498
8056	0.0001506721025
8057	0.0006185506554
8058	6.763989006e-05
8059	2.696421184e-05
8060	4.397621697e-05
8061	0.0002677555899
8062	0.0002620303133
8063	0.0003654148928
8064	0.0005516413587
8065	0.001246362432
8066	5.223952964e-05
8067	0.0006963422247
8068	0.0003776410535
8069	0.001079650575
8070	9.165778167e-05
8071	0.001463307954
8072	0.0001033173579
8073	0.0001103811938
8074	0.002842101333
8075	0.001086370415
8076	0.0002333675103
8077	0.0001513272871
8078	0.001132921852
8079	5.860591586e-05
8080	0.0005949453872
8081	0.0033193516
8082	0.0009786170614
8083	4.755382702e-05
8084	0.0002621591245
8085	0.002242523688
8086	0.0001398357064
8087	0.0008180217246
8088	9.110064238e-05
8089	5.519255441e-06
8090	0.001131845197
8091	0.0001665557468
8092	1.993341649e-05
8093	0.0004472867302
8094	0.0006053934666
8095	0.0001925985027
8096	0.0006348665195
8097	0.0004221967079
8098	3.694494602e-05
8099	0.0003957785242
8100	0.0008625323875
8101	0.0007174488061
8102	0.001020238264
8103	0.0006427220336
8104	0.0003755046469
8105	0.004146528731
8106	0.000865803546
8107	0.0007798116053
8108	0.0002116099281
8109	0.000314642926
8110	7.893727936e-06
8111	0.001301416525
8112	0.0001885445216
8113	0.0007543759009
8114	0.001575948245
8115	0.0002082698669
8116	0.000189710413
8117	0.001432216802
8118	0.0001080347216
8119	0.0003642360649
8120	0.0002618639502
8121	0.0003005080041
8122	0.001937473637
8123	0.0002041815572
8124	0.0001962676341
8125	0.0007250134322
8126	0.0003027264219
8127	0.0007064917403
8128	0.0001803519818
8129	0.0003621570447
8130	9.665424238e-05
8131	0.0003200776776
8132	3.417977176e-05
8133	0.003764295828
8134	0.001688899904
8135	0.0006711196282
8136	0.0003877236095
8137	0.0003782998691
8138	4.091442084e-05
8139	0.001286455564
8140	2.01448497e-05
8141	9.801043624e-05
8142	0.001369433638
8143	4.195429948e-05
8144	0.0002810561759
8145	0.001965162548
8146	6.550915219e-05
8147	6.896584859e-05
8148	0.0002585575152
8149	4.759389436e-05
8150	4.21777149e-05
8151	0.0001490562861
8152	0.0003134566026
8153	3.429735217e-05
8154	7.537665163e-05
8155	0.000381188279
8156	1.054980767e-05
8157	0.0001466459072
8158	0.0009310757728
8159	0.0002588967416
8160	0.0006100750735
8161	0.0007599557287
8162	0.0002526687207
8163	0.0007118517246
8164	1.972250773e-05
8165	9.250902877e-05
8166	0.00060269135
8167	0.0008280765389
8168	0.001562977363
8169	1.369048085e-05
8170	0.000901985614
8171	4.105331145e-05
8172	0.0007065581908
8173	0.0001039359234
8174	0.0007277780777
8175	0.0002999489245
8176	1.130714105e-05
8177	0.0009433098482
8178	0.0003421472033
8179	0.0003225556219
8180	0.0003311732402
8181	0.0001215587725
8182	0.0001886521556
8183	0.0004185876077
8184	0.0007337054372
8185	0.001530305339
8186	0.0005863067955
8187	0.0001043341624
8188	0.0004199379164
8189	0.0001557937586
8190	0.0006589438326
8191	2.105225576e-05
8192	0.0004636254327
8193	0.001428921807
8194	0.0002667576041
8195	0.000637374809
8196	0.001103342584
8197	0.006991267231
8198	0.002070673415
8199	0.0006603065649
8200	0.001863516198
8201	0.001175427243
8202	0.002199408454
8203	0.0008473941528
8204	0.001098192774
8205	0.0003747073404
8206	0.003530590818
8207	0.0007391881994
8208	0.001818187311
8209	0.0006405421253
8210	9.261167536e-05
8211	0.0002608120064
8212	0.001633831294
8213	0.001679275953
8214	0.0008112798152
8215	0.002419418018
8216	0.0003970907814
8217	9.652498344e-05
8218	0.0002958950783
8219	0.0002612780603
8220	0.001632930509
8221	0.0008210905222
8222	0.004376935072
8223	0.003314625605
8224	0.001176262666
8225	0.003099291259
8226	0.001456326481
8227	0.001200922438
8228	0.004571070864
8229	0.003333349194
8230	0.0004990320273
8231	0.004541976229
8232	0.0002546658671
8233	0.003417778491
8234	0.001839406103
8235	0.001861060715
8236	0.002918510023
8237	0.004033820067
8238	0.002796570246
8239	0.00152405102
8240	0.003571917233
8241	0.003427250047
8242	0.00511607704
8243	0.002842025192
8244	0.002405769413
8245	0.002167224195
8246	0.01053655394
8247	0.0008935185307
8248	0.002291265241
8249	0.004849644645
8250	0.00132047858
8251	0.0008320529826
8252	0.00262239269
8253	0.001950990129
8254	0.001375796508
8255	0.002538291394
8256	0.001534921397
8257	0.005855043475
8258	0.0006418757608
8259	0.001121367681
8260	0.001045593306
8261	0.006894976605
8262	0.002832150395
8263	0.0002370299013
8264	0.007855719316
8265	0.0001651883228
8266	0.0001236747278
8267	2.347890626e-05
8268	0.002569267438
8269	0.001076642595
8270	3.580310412e-05
8271	0.001467029727
8272	0.0007775767721
8273	0.003690795136
8274	0.001269408856
8275	0.001418803116
8276	0.001682209435
8277	0.002887850639
8278	0.001520382261
8279	0.003364815987
8280	0.001438537375
8281	6.997158974e-05
8282	0.0002294654027
8283	0.0004591005539
8284	6.315678267e-05
8285	0.001872416526
8286	0.003599174365
8287	0.0009015440209
8288	0.007435523992
8289	0.004949722612
8290	0.0008210584095
8291	0.001034931959
8292	0.0006556276576
8293	0.002617267243
8294	0.002140786411
8295	0.008014408706
8296	0.001675783016
8297	0.0002944359837
8298	0.001493150391
8299	0.0005554588998
8300	0.0005578801601
8301	0.0001457771122
8302	0.000153185976
8303	0.0001991793171
8304	0.004326331626
8305	0.0002679985686
8306	0.003214444076
8307	0.0003124418219
8308	0.0003551674769
8309	2.25435639e-05
8310	0.0001133414111
8311	0.005378918584
8312	0.001317925733
8313	0.0002249555916
8314	0.002067400942
8315	0.0007433650738
8316	0.002021609971
8317	0.005488315093
8318	0.003291531242
8319	0.003536815308
8320	2.202947784e-05
8321	0.001123580939
8322	0.0009888431081
8323	0.006766403135
8324	0.005004047547
8325	0.003509017496
8326	0.001367613361
8327	0.0003734240317
8328	0.00295624084
8329	0.002218510618
8330	0.001000869942
8331	0.00243465699
8332	0.001622037798
8333	0.006486913509
8334	0.001286740023
8335	0.0008837469634
8336	0.0008824122539
8337	0.006698238189
8338	0.004389035797
8339	0.003545352454
8340	0.001861888153
8341	0.0003389515211
8342	0.001523056941
8343	0.0003463568129
8344	0.0004825963165
8345	0.0002802007233
8346	0.0004668022061
8347	0.006454252198
8348	0.0007466018103
8349	0.002216470238
8350	0.0006504753278
8351	0.0006828567454
8352	0.002663758265
8353	0.0006251755178
8354	0.006121887394
8355	0.00345060466
8356	0.004591691633
8357	0.0006597608359
8358	0.009922175367
8359	8.443502355e-05
8360	0.0007483035951
8361	0.001602481086
8362	0.001984584216
8363	0.0003295454969
8364	0.0001646618756
8365	0.004233893075
8366	0.001667884821
8367	0.001392319336
8368	0.001965403343
8369	0.0008600424525
8370	0.0004253879841
8371	6.644547527e-05
8372	0.001746246327
8373	0.0006359689327
8374	0.002685980417
8375	0.003842530029
8376	0.00183235169
8377	0.001563188228
8378	0.000844432551
8379	0.000149312864
8380	0.003608486943
8381	0.001020083557
8382	0.0004670106541
8383	0.002440777761
8384	0.002344521329
8385	0.003609849377
8386	0.0003765876347
8387	0.004880215939
8388	0.0005825124641
8389	4.524200773e-05
8390	0.003972483919
8391	0.01088497763
8392	0.00279008914
8393	0.001415796218
8394	0.0007762289019
8395	0.0008618004391
8396	0.003777018043
8397	3.421107401e-05
8398	0.001135493605
8399	0.0004460454696
8400	0.002836207854
8401	0.004480109017
8402	0.007859475037
8403	0.0007247627406
8404	0.003814381142
8405	2.239155125e-05
8406	0.001136535319
8407	0.0001008237116
8408	0.002194780279
8409	0.001037862399
8410	0.0001032444251
8411	0.0007203811034
8412	0.0008037929655
8413	8.410765507e-05
8414	0.0004185873321
8415	0.0005205173989
8416	0.002294518071
8417	0.002795470758
8418	0.002003067623
8419	0.001714552839
8420	0.005426769728
8421	0.0004758117742
8422	0.001591832719
8423	0.001763333701
8424	0.002238057276
8425	0.0006918727453
8426	7.606837251e-05
8427	0.001460578489
8428	0.001177061123
8429	0.001364107877
8430	0.002569047123
8431	0.0004717032657
8432	0.0004443055169
8433	0.002501989626
8434	0.000455596123
8435	0.001930633043
8436	7.298895908e-05
8437	0.004380560043
8438	0.002452582507
8439	0.0007050806218
8440	0.000808581221
8441	0.0006835330953
8442	7.719254729e-05
8443	0.004448616868
8444	0.001855913641
8445	0.0001097080879
8446	0.001886296676
8447	0.0008922711948
8448	0.001045686348
8449	0.008811122135
8450	0.000255585214
8451	0.000218932733
8452	0.002847622288
8453	0.001164467369
8454	0.002385843511
8455	0.0002428922953
8456	0.0005855336125
8457	0.0008762570505
8458	0.00381706497
8459	0.0007580667359
8460	0.00298522654
8461	0.0004054740378
8462	7.294012216e-05
8463	0.003621177238
8464	0.001623684029
8465	0.006214303497
8466	0.0007488303557
8467	5.940092988e-05
8468	0.0004641617642
8469	0.002368859688
8470	0.001360901906
8471	0.0001338740985
8472	0.0008751644713
8473	0.0004458950219
8474	0.004082985066
8475	0.0006407121779
8476	0.0005520019424
8477	0.003324552491
8478	0.0009459352714
8479	0.001741712383
8480	0.001252038557
8481	0.001608525844
8482	0.000119939115
8483	0.0005658257021
8484	0.0005304483877
8485	0.002593890199
8486	0.0003243976879
8487	0.00212214343
8488	0.0007525755362
8489	3.728023039e-05
8490	0.00211232717
8491	0.001131132557
8492	0.00237773464
8493	0.001284599718
8494	0.0002270376746
8495	0.0004147633999
8496	0.001022460883
8497	0.00171724267
8498	0.0006148029721
8499	0.001081179883
8500	0.002632571859
8501	0.0003920666806
8502	0.000599536534
8503	0.00455094641
8504	0.000601546597
8505	0.000613922175
8506	0.001563196586
8507	0.001197675849
8508	0.004867556191
8509	6.870244594e-05
8510	0.003309357175
8511	0.003348068566
8512	0.0017433481
8513	0.001205957622
8514	0.003390053208
8515	0.0008514749882
8516	0.0001121884696
8517	0.0005840838683
8518	0.0003087030011
8519	0.003125615845
8520	0.0006106088524
8521	0.0006844528169
8522	0.0003150716023
8523	3.036479625e-05
8524	0.0003027490626
8525	0.0006924276532
8526	0.0003698490538
8527	2.656899875e-05
8528	0.0001535770506
8529	0.0002712573225
8530	8.586675515e-05
8531	7.040673884e-06
8532	4.415590455e-05
8533	7.661155312e-05
8534	0.0001462546373
8535	1.706832095e-06
8536	5.334894392e-05
8537	3.759586398e-05
8538	4.668515182e-06
8539	3.392721358e-05
8540	0.0001089854918
8541	0.0003345715358
8542	0.001422888205
8543	0.0019038338
8544	0.002730696792
8545	0.000276261795
8546	0.00464810762
8547	0.0005538504402
8548	0.000224567786
8549	0.001214218415
8550	0.005546084562
8551	0.0001550710622
8552	0.001463981162
8553	0.005737806547
8554	0.001291630993
8555	0.0003236279045
8556	0.006012893666
8557	0.0001176756982
8558	0.001554938047
8559	0.001449284814
8560	0.007055838936
8561	0.002251333259
8562	0.004407801395
8563	0.0004300505058
8564	0.002821600141
8565	0.003834911357
8566	0.001665790324
8567	0.0007812342238
8568	0.001750457873
8569	0.005193197473
8570	0.002268945512
8571	0.003676882384
8572	0.002239000726
8573	0.001116606289
8574	0.001162517611
8575	0.002818451799
8576	0.00321464091
8577	0.01322682094
8578	0.003409409776
8579	0.001892828412
8580	0.0005893702714
8581	0.000961811007
8582	0.0002416721909
8583	0.002184544801
8584	0.0004704399813
8585	0.0008753410239
8586	0.001000369295
8587	0.001069266777
8588	0.004589790117
8589	0.0006060916702
8590	0.0005098351512
8591	0.001563718671
8592	0.0006589197631
8593	0.0006471725202
8594	0.0008179449667
8595	0.001871226058
8596	0.001086746155
8597	0.0006719203929
8598	0.001748821045
8599	0.002663480228
8600	0.0006487948891
8601	0.0003674037975
8602	0.005320353145
8603	0.002634218555
8604	0.003432187615
8605	0.001358762206
8606	0.0006072212781
8607	0.001202942423
8608	0.003344673514
8609	0.00195738034
8610	0.0001179973514
8611	0.002779896843
8612	0.003779178182
8613	0.00210431892
8614	0.001800864855
8615	0.001791069876
8616	0.002401193359
8617	0.002886918821
8618	0.000330611973
8619	0.0001667550185
8620	0.002239364414
8621	0.006815955169
8622	0.002114439466
8623	0.00281341683
8624	0.002014965394
8625	0.001039000086
8626	0.001133180331
8627	0.003448613183
8628	0.006215267754
8629	0.001853006333
8630	0.0003949271645
8631	0.003282109004
8632	0.003973784748
8633	0.0008197905026
8634	0.0003004337212
8635	0.003369992878
8636	0.0001760585237
8637	0.001332102917
8638	2.239011905e-05
8639	9.00527006e-05
8640	0.0008544001327
8641	0.0005037305262
8642	4.985949765e-06
8643	0.0003067047079
8644	0.0001913865083
8645	0.0002783062844
8646	0.0009531890403
8647	3.890674273e-05
8648	0.0001251574979
8649	0.0003324639421
8650	0.0001236780582
8651	0.0001946502328
8652	0.0004946930809
8653	3.742045455e-05
8654	0.0005757229444
8655	0.002262513475
8656	0.0004238651334
8657	0.0001392667299
8658	0.001212382977
8659	0.0001984772511
8660	0.004337816667
8661	8.007372409e-05
8662	0.0002974056102
8663	0.0009552164775
8664	0.0009679899611
8665	0.0002408044654
8666	0.001921749555
8667	0.002840110606
8668	0.001521222617
8669	0.0003861806924
8670	8.133651202e-05
8671	0.001034847513
8672	0.0006784779178
8673	0.001434022733
8674	0.001627981927
8675	0.002885296089
8676	0.001302816073
8677	0.001549679797
8678	0.001404347525
8679	0.001115297455
8680	3.616195097e-05
8681	0.00324086292
8682	0.001480818113
8683	0.0006086065859
8684	0.00218400079
8685	0.001729683377
8686	0.0001639317071
8687	0.000877805769
8688	0.0003738020035
8689	0.0001311830961
8690	9.258302501e-05
8691	0.0004704952239
8692	0.007347653482
8693	0.00192646034
8694	0.000225181352
8695	0.001163613132
8696	0.0004343432411
8697	0.0007982506854
8698	4.501022007e-05
8699	0.002537040746
8700	0.001374179714
8701	8.160646704e-05
8702	0.0002490815033
8703	0.0007949160929
8704	9.823895115e-05
8705	0.0006997757489
8706	8.465326039e-05
8707	0.002806287072
8708	5.180812319e-05
8709	0.002268273307
8710	0.003565733257
8711	0.001693040063
8712	0.001649642671
8713	0.0005973892761
8714	0.0004178621309
8715	0.0009814105624
8716	0.002427252561
8717	0.0002611919863
8718	7.557417697e-05
8719	0.0005184810184
8720	0.001310219643
8721	0.009459663459
8722	0.001896381919
8723	0.0007861952058
8724	0.000592263328
8725	0.001100430745
8726	0.0004747180531
8727	0.0002715524255
8728	0.0003943085742
8729	0.0002267760915
8730	0.0001865608539
8731	0.0002806934145
8732	0.003369816558
8733	1.706310968e-05
8734	0.003674618882
8735	0.001351684117
8736	0.00209729784
8737	0.0006175561338
8738	0.000199332111
8739	0.001052256656
8740	0.002132887533
8741	0.0005320253599
8742	0.003749810304
8743	0.0009869860006
8744	0.0001867015946
8745	0.000566658278
8746	0.0001226314163
8747	0.0003737010493
8748	0.0001112998368
8749	0.001589647474
8750	5.197890208e-05
8751	0.001293937109
8752	0.001584140626
8753	0.003658926983
8754	0.0006478731288
8755	0.001954505674
8756	0.005433061618
8757	0.003373523119
8758	0.0007662826588
8759	1.867106507e-06
8760	0.0005249542041
8761	0.00409019384
8762	0.0001955729127
8763	2.651138946e-05
8764	0.003362602999
8765	0.001637945012
8766	0.000740085801
8767	0.003413130044
8768	0.0004482144221
8769	0.0001213070613
8770	0.00136828664
8771	0.001827847428
8772	0.002718845501
8773	0.000287923042
8774	9.376833776e-06
8775	0.001082423786
8776	0.0008092702374
8777	0.0001648716585
8778	0.0001897016794
8779	0.0008358202945
8780	5.477045881e-05
8781	0.0002019077545
8782	0.001656146894
8783	0.0007415848315
8784	0.002071926931
8785	0.0006786555892
8786	0.0004588332103
8787	0.00165457189
8788	0.0004964102999
8789	0.002024945873
8790	0.0002432605523
8791	0.002605609696
8792	0.000219413914
8793	0.001865147688
8794	0.0001390592938
8795	0.005177485225
8796	0.001230220951
8797	0.0008973753508
8798	0.003486180949
8799	0.0004018257836
8800	0.001467768557
8801	0.002412531705
8802	0.0002375412315
8803	0.002503128682
8804	0.0002506905383
8805	0.0004316883233
8806	0.0003168533469
8807	0.0003197167675
8808	0.0001219760478
8809	0.00022455093
8810	0.0007728578944
8811	0.0005321401856
8812	0.0006543036168
8813	0.002624568104
8814	0.004175789967
8815	0.0009083554833
8816	0.0001577544775
8817	0.002414461675
8818	0.0007679822489
8819	2.939062876e-05
8820	4.91805399e-05
8821	0.0004903910023
8822	0.0002036258548
8823	0.0007227452061
8824	0.0008023743257
8825	0.0001937213204
8826	0.0004073611952
8827	0.0008639697128
8828	0.0007457237332
8829	0.0004490740508
8830	0.004870553061
8831	0.0001494800866
8832	0.000545075567
8833	0.0001883012107
8834	0.0008881997356
8835	0.0004101622452
8836	0.0007710013853
8837	0.0004288834317
8838	0.0001425306061
8839	0.004434773524
8840	0.002450772165
8841	0.0002700688977
8842	0.002540819952
8843	0.0008295486061
8844	0.0002787255061
8845	0.00117195066
8846	0.002711186731
8847	0.001135902793
8848	0.0007303442837
8849	0.0001522030785
8850	0.001813243278
8851	0.000332036376
8852	0.0005944696268
8853	0.0007611380764
8854	0.001495471462
8855	0.0003708085991
8856	0.001578777472
8857	0.0009956816735
8858	6.58418509e-05
8859	3.038681854e-05
8860	0.000585996392
8861	0.002102288758
8862	0.0002183972135
8863	0.0008032969608
8864	0.001160169388
8865	0.00031015005
8866	0.0003817870849
8867	0.000190084222
8868	0.003379814908
8869	6.243240978e-06
8870	0.0002397377305
8871	0.001089296545
8872	0.0007116398559
8873	0.002244238102
8874	0.001215320035
8875	9.429762572e-05
8876	0.001378085459
8877	0.002931430121
8878	0.001365407331
8879	0.002562146872
8880	0.0009817217246
8881	0.0005100411467
8882	0.001026621366
8883	4.535447384e-05
8884	0.0001532711893
8885	0.0009384415179
8886	0.002320106894
8887	0.001610993343
8888	0.0005769656088
8889	0.0001084227062
8890	0.0006497319554
8891	0.0002632597136
8892	0.0008704458545
8893	0.002192312166
8894	0.003412291938
8895	0.001307509604
8896	0.000663594145
8897	0.0005764450941
8898	0.001950426681
8899	0.0002877902095
8900	0.0007277354265
8901	0.001682080608
8902	0.001027980193
8903	0.0008293663708
8904	0.0007155713173
8905	0.00112769061
8906	0.0001769502405
8907	0.0005920078967
8908	0.001066294217
8909	0.0001517213882
8910	0.0005651585803
8911	0.0001338435569
8912	0.004276229943
8913	0.002253472935
8914	0.0006179435355
8915	0.001734690288
8916	0.0002766960311
8917	0.002303442617
8918	6.09734896e-05
8919	0.00035573278
8920	0.001385050515
8921	0.004612034639
8922	0.004932889964
8923	0.0001233269388
8924	8.302920213e-05
8925	0.000351030798
8926	0.000535801825
8927	0.008554725715
8928	7.526500124e-05
8929	0.0008883296968
8930	0.0003719493757
8931	0.004180350104
8932	0.002218828277
8933	0.0003990788249
8934	1.907965761e-06
8935	0.001299576046
8936	0.001138932836
8937	0.0002801535317
8938	0.001235169496
8939	0.001047533998
8940	0.00123187102
8941	0.000485832752
8942	0.0002420990875
8943	0.0002893604284
8944	0.000151737753
8945	0.001226647763
8946	0.0001839093071
8947	0.0002074521231
8948	0.003804431721
8949	0.003138302925
8950	0.0001579830698
8951	0.0009839582085
8952	0.0006294098397
8953	0.0001949309729
8954	0.001081544712
8955	0.002449920318
8956	0.0002411369071
8957	0.000186235922
8958	0.0005887687586
8959	0.001602680374
8960	0.0004929062259
8961	0.001223679818
8962	0.0005708146687
8963	7.844296812e-05
8964	0.000725881224
8965	0.000512947156
8966	0.0008335403387
8967	0.00398657829
8968	0.0003124430327
8969	0.0001865938734
8970	0.0007188815998
8971	0.001164222876
8972	0.0001747041672
8973	0.0001376670098
8974	0.005797422118
8975	0.00123519797
8976	0.0008455727463
8977	0.001292810199
8978	0.0002208631761
8979	0.005491882024
8980	0.001765147845
8981	1.329965046e-05
8982	0.003952203805
8983	0.0009918184149
8984	0.001144404219
8985	0.001588999276
8986	0.001273197518
8987	0.0008663376884
8988	0.001036322283
8989	0.001291865979
8990	0.00116433721
8991	0.0002482841045
8992	1.029517044e-05
8993	0.0002550323977
8994	0.003508983715
8995	0.0001249408072
8996	0.0006332549771
8997	0.0007120980457
8998	0.0003334966442
8999	0.0005014943494
9000	5.909774685e-05
9001	0.0001314739484
9002	0.0003020486384
9003	0.002024644824
9004	0.0006446322431
9005	0.002115203047
9006	0.002419099609
9007	0.0009215498445
9008	0.001757364496
9009	0.007219335709
9010	1.841137128e-05
9011	0.000228799476
9012	0.001169021462
9013	0.0001511674829
9014	0.001426567136
9015	7.03047748e-05
9016	6.165420586e-05
9017	0.001409731048
9018	6.717122006e-05
9019	0.0004102922189
9020	0.0003936854981
9021	0.0006519402102
9022	0.0008970526378
9023	0.0008887502232
9024	0.001290597854
9025	0.003033605806
9026	0.001127549668
9027	0.001158001978
9028	0.0003327259962
9029	0.0007934767173
9030	0.0001285388929
9031	0.001649253803
9032	0.002001167196
9033	0.0009049001433
9034	0.0006638172016
9035	0.00356154974
9036	0.0008758711535
9037	0.002032755147
9038	0.001384206901
9039	0.0005948534007
9040	0.0005708209948
9041	0.001192298728
9042	0.001914253102
9043	0.001839732042
9044	0.002451112994
9045	0.000668421076
9046	0.0003073028885
9047	0.0001545216296
9048	0.0008039707146
9049	0.002905283765
9050	4.734631146e-05
9051	0.0002765541098
9052	0.002157906817
9053	0.0008561590998
9054	0.0008908117094
9055	0.002693338176
9056	0.003293069011
9057	0.001537183171
9058	0.001872749548
9059	0.0007325668463
9060	0.0003701032361
9061	0.001039171265
9062	3.757406509e-05
9063	5.620428592e-05
9064	0.002263520934
9065	0.000380497974
9066	0.00237257586
9067	0.0002750185095
9068	0.0004493788871
9069	0.0009859312026
9070	0.005636423989
9071	0.001007961479
9072	9.484540271e-06
9073	0.0004460886155
9074	0.00133925486
9075	0.001725625944
9076	0.002862740674
9077	9.737248199e-05
9078	0.0002853180529
9079	0.000475089156
9080	0.0004154177984
9081	0.0005570697354
9082	0.0003896141677
9083	0.0006085390422
9084	0.0006392961524
9085	0.0005973103413
9086	0.000443308067
9087	0.0001714459843
9088	0.001616925327
9089	0.00119214394
9090	0.0006484783334
9091	0.001430879091
9092	0.0007142775416
9093	9.654240807e-05
9094	0.0007116592358
9095	0.001095587107
9096	0.0006743473161
9097	0.0002108964015
9098	0.0007264618736
9099	0.0009465636926
9100	0.001860535734
9101	0.0006151980835
9102	0.0007359932358
9103	0.0007666210563
9104	0.002003485754
9105	0.0009233236899
9106	0.0009446948537
9107	0.001070015802
9108	0.0008323788821
9109	0.002681020102
9110	0.0004354746489
9111	0.003088398621
9112	0.0005662946304
9113	8.774956038e-05
9114	0.0002242932737
9115	0.0002595923887
9116	0.001496558583
9117	0.002699921416
9118	0.0007261315018
9119	0.0007934322285
9120	0.001125229461
9121	0.0004986490263
9122	3.685065354e-05
9123	0.001017979819
9124	0.0002197671983
9125	4.841110415e-05
9126	0.001575528889
9127	0.0003542412421
9128	0.0003309871482
9129	0.0001807260768
9130	0.002555529959
9131	0.0004983199426
9132	0.0003507552709
9133	0.0008222175221
9134	0.004191855205
9135	0.0001447240947
9136	0.0001908434868
9137	0.0003509707475
9138	0.0001577590946
9139	0.001992081945
9140	0.0007962827927
9141	4.717530481e-05
9142	0.001155496734
9143	0.002201870386
9144	4.187194294e-05
9145	0.003860541955
9146	7.52510485e-05
9147	0.001409316985
9148	6.633336692e-05
9149	0.001897845143
9150	0.0006630528485
9151	0.002417357805
9152	0.000150813709
9153	0.0002884545394
9154	8.095883341e-05
9155	0.0004791753116
9156	0.002349369509
9157	0.0005347254886
9158	0.003403883294
9159	2.736382205e-05
9160	0.004238021536
9161	0.001799560727
9162	0.002383074172
9163	0.0003037344681
9164	1.398393245e-05
9165	0.0002618136206
9166	0.0001157904018
9167	0.0001026291036
9168	0.0005260395159
9169	0.0004537145134
9170	0.001184879021
9171	0.00299223339
9172	0.0004267967552
9173	0.0002453084719
9174	0.0008621529068
9175	0.000838968253
9176	0.001972932234
9177	0.0008694107307
9178	0.0002980552509
9179	0.0007376465935
9180	0.002168560858
9181	0.0008355957258
9182	0.0004162712467
9183	0.001699859582
9184	8.46306295e-05
9185	0.0003784985616
9186	0.005782622382
9187	0.0001724284708
9188	0.0003882426253
9189	0.0002335094764
9190	0.000340614829
9191	0.005019131447
9192	9.057548433e-06
9193	0.0004064777459
9194	0.0004334565248
9195	0.0002872750031
9196	0.0009792301136
9197	0.0006619090213
9198	0.001420323364
9199	0.000541724555
9200	0.0003477650949
9201	5.077159907e-05
9202	0.0002380664862
9203	0.0006539269771
9204	0.0008419810159
9205	0.0001916490042
9206	0.002586174937
9207	0.000176450066
9208	0.002595990349
9209	0.0006086399645
9210	0.0004761018856
9211	9.672300997e-05
9212	0.000280467123
9213	0.003792101692
9214	0.001027364056
9215	0.0006035722375
9216	0.001947713847
9217	0.002207553514
9218	0.00185966638
9219	0.005895631199
9220	0.0001261087194
9221	0.0002482756349
9222	0.0003675378356
9223	0.0007367279348
9224	0.0003056796517
9225	0.0001984792102
9226	0.0005472189151
9227	0.001586249419
9228	0.002611500787
9229	0.001451963143
9230	0.0003045033079
9231	0.004718902879
9232	0.0004339198684
9233	0.002611583204
9234	0.0001721010103
9235	0.003031924384
9236	0.001352427324
9237	0.003179792379
9238	0.005802763854
9239	0.0001700095507
9240	0.005169444401
9241	0.00174355116
9242	0.002170774642
9243	0.001958192556
9244	0.0008695710396
9245	0.004127934158
9246	0.004044644828
9247	0.002553322976
9248	0.001219455674
9249	0.003140039394
9250	0.0003279559259
9251	0.0006921946413
9252	0.0003148645565
9253	0.0004591298826
9254	0.003584218156
9255	0.00329082237
9256	0.004230718137
9257	0.001265985521
9258	0.002877072794
9259	0.0006427080917
9260	0.001077029383
9261	0.004498393345
9262	0.001109734358
9263	0.00151332572
9264	0.001218410841
9265	0.0002177012021
9266	0.0003438692344
9267	8.608789919e-05
9268	0.0002732824412
9269	0.0004983237612
9270	0.0002933324504
9271	0.0002471178927
9272	0.0002298201159
9273	0.0007891097111
9274	0.000628973633
9275	0.0004758421998
9276	0.0002492693256
9277	0.001226420317
9278	0.0002603082003
9279	0.0001424202532
9280	0.000286118704
9281	0.0008104593538
9282	0.0005359127202
9283	2.151818496e-05
9284	0.0004488897055
9285	0.0001379847959
9286	0.0003384296774
9287	0.0004576717342
9288	0.0003347297767
9289	0.0003163227492
9290	9.476040812e-05
9291	0.0002135040858
9292	0.0004664311183
9293	0.0009708400687
9294	0.00011092408
9295	0.0002028221139
9296	0.0005084593967
9297	0.0002152171918
9298	0.001216242044
9299	0.0004014999645
9300	0.000223587811
9301	0.0004248235138
9302	0.0003050074115
9303	0.0006385773862
9304	0.0002778887165
9305	5.185848983e-05
9306	0.000292382482
9307	0.0003605878641
9308	7.30817647e-05
9309	0.0002497662984
9310	4.586578768e-05
9311	0.0009691338125
9312	0.0001147819772
9313	0.0006356337769
9314	0.000387444294
9315	3.829338523e-05
9316	0.0005758226123
9317	0.0001528984778
9318	0.0003107272199
9319	0.0003105865368
9320	0.000428762115
9321	0.000292112894
9322	0.00109957252
9323	0.0002805285234
9324	0.0003879710644
9325	0.001424719434
9326	0.00058482881
9327	0.00018169938
9328	0.000271984629
9329	0.0005623804086
9330	5.266693864e-06
9331	0.0002337204232
9332	0.0002234520092
9333	0.0003910869941
9334	0.0004289260688
9335	0.0002876557891
9336	0.0002869283532
9337	0.0002540363641
9338	0.0001231417182
9339	8.587980931e-05
9340	0.000196053883
9341	0.001062209363
9342	0.0005568954424
9343	3.865455709e-05
9344	0.0004028557329
9345	1.989249492e-05
9346	0.0007283209023
9347	0.0003296776911
9348	0.0005419246539
9349	0.0002625866973
9350	0.0002342353652
9351	0.0002434074688
9352	4.477415006e-05
9353	0.0002730951916
9354	0.000272680266
9355	0.0001987107427
9356	0.0002792764044
9357	0.0004624625587
9358	0.0001347807921
9359	0.0006099224138
9360	0.0001827385333
9361	0.00109669554
9362	0.0002542150694
9363	0.0003719229712
9364	0.0001196965787
9365	3.459852065e-05
9366	6.291047698e-05
9367	9.052998757e-05
9368	0.0007868818551
9369	0.000153714484
9370	5.585671571e-05
9371	0.0001093723769
9372	0.0005362444386
9373	0.0002303244532
9374	0.001144047017
9375	0.0001455291422
9376	0.0006634230661
9377	0.000224310987
9378	8.519048657e-05
9379	0.000351168732
9380	0.00160869136
9381	0.0001782653665
9382	0.0001287043879
9383	0.0002639055416
9384	0.0002845112009
9385	6.800902977e-05
9386	0.0003589429749
9387	0.0003281917232
9388	0.0001492251604
9389	0.0002091728531
9390	0.0001252346773
9391	0.0002753552705
9392	1.998310171e-05
9393	0.0004341519592
9394	0.0001742041067
9395	0.0009452928558
9396	5.640817254e-05
9397	0.0007330804089
9398	0.0002327544125
9399	5.358753852e-05
9400	0.0001708136599
9401	0.0001477289554
9402	0.0003540326408
9403	0.0004949185864
9404	1.91213559e-05
9405	3.491348976e-05
9406	0.0002068766269
9407	0.0001073861342
9408	0.000471137506
9409	6.935184417e-05
9410	0.0002488532107
9411	0.0002327545825
9412	0.0003547736869
9413	5.23728974e-05
9414	1.403642893e-05
9415	0.0004049628445
9416	0.0001252693857
9417	0.0001688019389
9418	7.077187622e-05
9419	0.0005756290063
9420	0.0003033599426
9421	0.0001242256385
9422	0.0003410658937
9423	8.335321595e-05
9424	0.0002187539898
9425	0.0001939400928
9426	0.0001383423266
9427	6.194005974e-05
9428	0.0005523755866
9429	0.0005165518772
9430	5.032351395e-05
9431	0.0005858884018
9432	0.0006764410489
9433	3.806525318e-05
9434	4.864937866e-05
9435	0.0007886537509
9436	6.209594703e-05
9437	0.0002313132288
9438	0.0002265801074
9439	0.0001746020682
9440	0.0004857703833
9441	0.0002299453173
9442	5.450128539e-05
9443	0.0003911324604
9444	0.0002742585706
9445	0.0002505983772
9446	0.0001984433635
9447	2.732362207e-05
9448	0.0004844354616
9449	0.0003456476231
9450	0.0006314793757
9451	0.000650894286
9452	0.0009571502824
9453	0.0001525792015
9454	0.0002445467617
9455	0.000211219777
9456	0.0002348026163
9457	0.0001436253005
9458	0.0001796747543
9459	0.0002658311212
9460	0.0002224841264
9461	0.0005811945991
9462	0.0003000977865
9463	0.0002048796247
9464	1.717610144e-06
9465	0.0003379575955
9466	0.0001127557075
9467	0.000436074859
9468	0.0003749832495
9469	0.0007075529074
9470	0.0003335005931
9471	0.0003091813532
9472	0.0004239111484
9473	0.0001707024161
9474	0.001221114411
9475	0.0005421996488
9476	0.0002513782733
9477	0.0004361208027
9478	0.0003061992801
9479	0.0004135150371
9480	0.0002559711137
9481	0.0003536949213
9482	0.0002356537603
9483	0.0004314666798
9484	0.0005409008527
9485	0.0004376938804
9486	8.04657324e-05
9487	0.0002158431823
9488	1.161765933e-05
9489	0.0006423849976
9490	0.0002231887774
9491	0.0002418675684
9492	1.067363844e-05
9493	0.0003690671907
9494	0.0009454694723
9495	0.0003963528019
9496	0.0001773526127
9497	0.0003777409038
9498	0.0003412329759
9499	0.0008551187513
9500	0.0008204063275
9501	0.0005702330907
9502	0.0004815777114
9503	0.0001634625583
9504	0.0005533181936
9505	0.0005881258797
9506	0.0001942875596
9507	0.0009521576588
9508	0.000132559993
9509	0.0001951033354
9510	0.0007395964105
9511	0.000428102373
9512	0.001018603579
9513	0.0008066913248
9514	7.889969817e-05
9515	0.0001422651409
9516	0.0004622932134
9517	0.0003795955144
9518	8.179257663e-05
9519	0.000273425963
9520	0.0003894540769
9521	0.0001095578269
9522	0.0001491656386
9523	2.065599157e-05
9524	0.0004341718711
9525	0.0001775498521
9526	0.0001369756289
9527	0.0001821242815
9528	0.0002648194648
9529	0.0005246824421
9530	0.0002760457971
9531	0.0002599622202
9532	7.929375063e-05
9533	0.000562324368
9534	0.0006775461259
9535	0.0005621721341
9536	0.0002397251183
9537	0.0003408171278
9538	0.0005971824109
9539	0.0001447864077
9540	0.0001178012844
9541	0.001063989951
9542	0.0002484117168
9543	0.001029821523
9544	0.0001834313645
9545	0.0001595880016
9546	0.0006062399082
9547	0.0003746190984
9548	0.0004335461771
9549	0.000332885292
9550	0.0004230458571
9551	9.508260604e-05
9552	0.0001034472411
9553	0.001061444176
9554	0.0001583292491
9555	0.0007345153578
9556	1.408418201e-05
9557	0.000952225541
9558	0.0003776320451
9559	2.592774374e-05
9560	0.0002263432717
9561	0.0002928753487
9562	0.000658309226
9563	0.0001900004515
9564	0.000787535376
9565	0.0001295554489
9566	0.0001750782286
9567	0.0003758500814
9568	0.0003137085834
9569	0.0004960065203
9570	0.000839898613
9571	0.0005910474802
9572	0.0002928617455
9573	0.0001794399878
9574	0.0002200247201
9575	0.000255613477
9576	0.0001455009265
9577	8.129649992e-05
9578	0.0001290711967
9579	9.651146804e-05
9580	0.0001563940604
9581	7.865869078e-05
9582	0.0001053819089
9583	0.0002568891482
9584	0.0005004998298
9585	0.0009249681589
9586	0.0002133919231
9587	0.0003537013741
9588	0.0004918604779
9589	3.484671803e-05
9590	0.0002085204727
9591	0.0002269610377
9592	0.0001729943237
9593	0.000574836704
9594	0.0006198434103
9595	0.0001477594149
9596	0.0004790576435
9597	0.001240722525
9598	0.0002068066942
9599	0.0001691537506
9600	0.0001963208453
9601	2.669718158e-05
9602	0.000364169396
9603	0.0003871782427
9604	0.0005138848556
9605	4.833603157e-05
9606	0.0006354519667
9607	0.0002495200047
9608	0.0006543226227
9609	0.0001372965818
9610	0.0005615038296
9611	0.0003503699687
9612	0.0003020024169
9613	0.0006596756235
9614	0.0001303771776
9615	4.67677534e-05
9616	0.0002856362975
9617	0.0001267304276
9618	0.0001886059576
9619	0.0002400858071
9620	0.0006538798474
9621	0.0001856511393
9622	0.0005853254668
9623	0.00114576537
9624	0.0002570421437
9625	0.0004259963789
9626	1.53882436e-05
9627	0.0001801401406
9628	0.0002632228292
9629	9.512713819e-05
9630	0.0001316478848
9631	0.0008190931628
9632	0.0001945428778
9633	0.0002889154377
9634	0.0002683922774
9635	0.0007740890275
9636	0.0004088033909
9637	4.109390537e-05
9638	0.0005344933354
9639	7.896670239e-05
9640	0.001036566299
9641	0.0001641852937
9642	8.189066796e-05
9643	0.0002691187912
9644	0.0001652709408
9645	0.0001059973278
9646	0.0006017243377
9647	0.0002140049878
9648	0.0005273174525
9649	5.778780281e-05
9650	0.0005219771184
9651	0.0003800157951
9652	0.0001645812889
9653	0.0006377906953
9654	3.766364412e-05
9655	0.0009561444517
9656	0.0004775503427
9657	0.0001910709389
9658	0.0002011641533
9659	0.0006862484242
9660	0.0004391260644
9661	0.0004651364646
9662	3.059084955e-05
9663	0.0007910335935
9664	0.0001408632086
9665	0.0004432097774
9666	0.00024806634
9667	0.0005582550821
9668	0.000410304729
9669	0.001074525463
9670	0.0009798048434
9671	0.0002339913926
9672	0.0004566326363
9673	0.0002296650607
9674	0.0003563713623
9675	0.002669599116
9676	0.000666500454
9677	0.0005243797636
9678	0.0004589661929
9679	0.0001209283694
9680	1.315319967e-05
9681	0.0003389609968
9682	4.246508626e-05
9683	0.0001729265962
9684	0.0001403590433
9685	0.0002508592439
9686	0.0004523123996
9687	0.0001579645953
9688	0.0003798119215
9689	0.0007748798477
9690	1.341399062e-05
9691	0.0008271905581
9692	0.0003441527724
9693	0.0004459266313
9694	0.000136592105
9695	0.0002320086773
9696	0.0007578040067
9697	7.996636214e-05
9698	0.0001359908748
9699	0.0002714788644
9700	0.0003209070572
9701	0.000186136719
9702	0.0002242294212
9703	9.203193566e-05
9704	2.609699289e-05
9705	0.0001970264195
9706	0.0001602503841
9707	0.00064690562
9708	0.0004075855347
9709	0.0003604140655
9710	0.0005120127718
9711	0.0003972310821
9712	0.0007605507744
9713	0.0005759299911
9714	0.0005825549063
9715	0.0008336441616
9716	0.000271229722
9717	0.0001874690847
9718	0.0005680217687
9719	0.0002716362624
9720	4.346753123e-05
9721	0.0003581142081
9722	2.041044278e-05
9723	0.0001591812528
9724	0.0004591057331
9725	7.287887684e-05
9726	0.0003382805704
9727	0.0006798589258
9728	0.000283149058
9729	0.0001641946794
9730	0.0005338254533
9731	0.0002601094847
9732	0.0002815440949
9733	6.953763542e-05
9734	0.0008105816159
9735	5.158807805e-06
9736	0.0004003126328
9737	0.0004688756916
9738	0.0003517084839
9739	0.0005053444588
9740	0.000226918091
9741	0.0002586803039
9742	0.0002512008972
9743	5.44647995e-05
9744	0.0005225630318
9745	0.0001305244785
9746	0.0002919512889
9747	0.0003626079331
9748	0.0003992785622
9749	0.0009694957523
9750	0.0005071106545
9751	0.0003051780649
9752	0.0005327898001
9753	0.0003333267919
9754	0.000324037269
9755	0.0003148718045
9756	0.0002676246999
9757	6.599295024e-05
9758	0.000399801308
9759	0.0005824827968
9760	1.649969632e-05
9761	1.396968234e-05
9762	3.729562481e-05
9763	0.0002006177029
9764	0.0004880555265
9765	0.000391349295
9766	6.572296001e-05
9767	4.792448029e-05
9768	0.0002117166662
9769	0.0001797670083
9770	0.0003210681035
9771	0.0006113498676
9772	0.0008208056589
9773	0.0007972212991
9774	0.0001311234121
9775	0.0004269882501
9776	0.000955731061
9777	0.0005624866301
9778	0.000278364634
9779	0.0001400114191
9780	2.306935887e-05
9781	0.0001826290279
9782	0.0007602596675
9783	1.145691576e-05
9784	0.0003298953302
9785	0.001096214421
9786	0.0002022350675
9787	0.0005347640702
9788	0.0008461948048
9789	0.0009787404343
9790	0.0005328724263
9791	0.0002187483365
9792	0.0002309507876
9793	0.0008068802985
9794	0.0001266096154
9795	0.001305847275
9796	0.002040788928
9797	0.003346038722
9798	0.0008643541295
9799	3.584148285e-05
9800	0.002370957567
9801	0.001685704815
9802	0.004007096969
9803	0.0004879379943
9804	0.0008513933223
9805	0.004903628319
9806	0.0009491617529
9807	0.001624114296
9808	0.00036922493
9809	9.540899229e-06
9810	0.0001979393197
9811	0.00217888571
9812	0.0034132858
9813	0.0002638836243
9814	3.816585888e-05
9815	0.002782220406
9816	0.002485566736
9817	0.004152558399
9818	0.0001106330771
9819	0.0009029730941
9820	0.002347024854
9821	0.0004273539757
9822	0.0007265418666
9823	0.00923135823
9824	0.0008174779863
9825	0.002228495886
9826	0.005655025176
9827	0.005270595799
9828	0.0006818062649
9829	0.0002177224007
9830	0.0008315932385
9831	0.006312292883
9832	0.005528021257
9833	0.0002114138242
9834	0.0009041260455
9835	0.00350384557
9836	0.003266421095
9837	0.002084558438
9838	0.006441244169
9839	0.01036529665
9840	0.0002239860469
9841	0.0001951852559
9842	1.422309128e-05
9843	0.002384310052
9844	0.001057165802
9845	0.001206987598
9846	0.002931564594
9847	0.003744694929
9848	0.001038873588
9849	0.0009390076103
9850	0.00580043362
9851	0.005769968175
9852	0.0006070512741
9853	0.001770891319
9854	0.004012009789
9855	0.001028629104
9856	0.0001491058715
9857	0.001063240541
9858	0.004550349305
9859	0.0009908338743
9860	0.0004234879037
9861	0.0001377992326
9862	0.004295264718
9863	0.001364909088
9864	0.0003915592697
9865	0.003877300715
9866	0.0007683758937
9867	0.0004024380462
9868	0.004676713535
9869	0.000101781678
9870	0.006465715628
9871	0.002201558234
9872	0.003475173234
9873	0.002937956156
9874	0.0004584393528
9875	0.0004163710794
9876	0.001180888983
9877	0.001133625308
9878	0.003131301887
9879	0.001530826772
9880	0.0009856625268
9881	0.000859924021
9882	0.003269228382
9883	0.001684055734
9884	0.002198015772
9885	0.00586091869
9886	0.0008027163798
9887	0.004801076478
9888	0.0007284531478
9889	0.0001442285595
9890	0.002414663553
9891	0.001868685158
9892	0.001424943289
9893	0.005610220878
9894	0.002974970893
9895	0.002365128564
9896	0.005445138041
9897	0.0005658911418
9898	0.001243852185
9899	0.001470789293
9900	0.002213871835
9901	0.001546959803
9902	0.0004829356122
9903	0.007215558843
9904	0.002624896105
9905	0.001017447598
9906	0.0004284380688
9907	0.0008921035708
9908	0.002354463987
9909	0.0006900211483
9910	0.001726428585
9911	4.5170346e-05
9912	0.001111851543
9913	3.154595552e-05
9914	0.000158718439
9915	0.000953730514
9916	0.006122621852
9917	0.001858035997
9918	0.0001257118916
9919	0.0001381371135
9920	0.00106430729
9921	0.0005823333537
9922	0.002466305587
9923	0.0002071548912
9924	0.00407609596
9925	0.002187121038
9926	0.000523321243
9927	9.140391143e-05
9928	0.0002323513969
9929	0.001747143533
9930	0.004886658303
9931	0.004525609241
9932	0.004028147853
9933	0.0005685196264
9934	0.004015438472
9935	0.001435516588
9936	0.000128841505
9937	0.000665452073
9938	0.002052096782
9939	9.761091124e-05
9940	0.003047597806
9941	0.0002474267779
9942	0.0001344661777
9943	0.001808117429
9944	0.0003221275239
9945	0.0001149945015
9946	0.0001339115975
9947	0.0001866284263
9948	0.0004768721526
9949	0.0008430327093
9950	0.0001193363478
9951	0.0005693482366
9952	0.0002778638424
9953	0.0005352227734
9954	0.00247663491
9955	0.001037240252
9956	0.0005155512531
9957	0.001025627631
9958	0.002058903511
9959	0.005262946366
9960	0.001202935975
9961	0.0002149911739
9962	0.001626108471
9963	0.0001002265723
9964	0.0004011605537
9965	0.0005960286496
9966	0.005920585715
9967	0.0008597032803
9968	0.001049097961
9969	0.007647624816
9970	0.0002687607375
9971	0.0008081952514
9972	0.003254330454
9973	0.001015774118
9974	0.0002095866944
9975	0.001971257689
9976	0.006321613062
9977	0.0004216167541
9978	0.001454284133
9979	0.0007526504473
9980	0.0001940336275
9981	0.0003903469919
9982	0.0004494406761
9983	0.002718160754
9984	0.002252911608
9985	0.0004336821716
9986	0.003650083911
9987	0.003935187136
9988	0.001342896659
9989	0.0004822074607
9990	0.0007796734612
9991	0.001778282948
9992	0.00393617121
9993	0.003760777217
9994	0.00249337628
9995	0.001111273794
9996	0.004025501168
9997	0.004324211957
9998	0.00123003139
9999	0.0003419264613
10000	0.0004972594145
10001	0.002300540814
10002	0.000322132495
10003	0.0002045490315
10004	0.0005077228945
10005	0.001256929419
10006	0.00240137173
10007	7.161484357e-05
10008	0.0005596141691
10009	0.0002395370388
10010	0.0007957996373
10011	0.0005307310981
10012	0.005527891626
10013	0.0007933797303
10014	7.961357822e-05
10015	0.0006998085564
10016	0.0002606124912
10017	0.0001797240029
10018	3.172755457e-05
10019	0.0005506889377
10020	5.864261021e-05
10021	0.001550441552
10022	0.001699012214
10023	0.001130258991
10024	0.000260401036
10025	0.0002799391002
10026	0.0005849479943
10027	0.0001224788476
10028	0.002385782566
10029	0.003099241905
10030	0.002354694718
10031	0.002409490247
10032	0.001471470487
10033	0.003954935867
10034	0.002634994997
10035	0.001010536625
10036	0.000436671888
10037	2.7306246e-05
10038	0.0001271965748
10039	2.223678215e-06
10040	4.823579902e-05
10041	0.0001905647526
10042	0.0002582067525
10043	0.0002310258471
10044	0.0002470761833
10045	0.0001450013645
10046	0.0004624267574
10047	0.000117281168
10048	8.384163267e-05
10049	2.246081886e-05
10050	0.003253983276
10051	0.002611999917
10052	0.00489272916
10053	0.0009930595341
10054	0.001461405402
10055	0.001591654956
10056	0.002635870701
10057	0.005186655294
10058	0.001519006593
10059	7.386736955e-05
10060	0.001686487963
10061	0.0002449593512
10062	0.001087361157
10063	0.002108466583
10064	0.0002922003207
10065	0.0002332315026
10066	0.0007688956097
10067	0.0002573801507
10068	0.0007020702499
10069	0.0006511318858
10070	0.0006182839083
10071	6.440627045e-05
10072	1.549364914e-05
10073	0.0007817339869
10074	0.0002616424072
10075	0.0005297438397
10076	4.287226938e-05
10077	0.0007049908763
10078	0.0005700725374
10079	0.0006921121683
10080	0.001389832602
10081	0.003997219779
10082	0.00055269137
10083	0.00277581078
10084	0.0004527930282
10085	7.086504736e-05
10086	2.918135236e-05
10087	0.0002838487486
10088	7.641591815e-05
10089	0.0001504935013
10090	6.233130025e-05
10091	0.002144244868
10092	0.00064818822
10093	0.005917686244
10094	7.326621753e-05
10095	0.002268659001
10096	0.0001081209733
10097	0.00728467863
10098	0.0006292099289
10099	0.002195557599
10100	0.0004662186881
10101	6.685280888e-05
10102	0.0002781222479
10103	0.002501532074
10104	0.001224873747
10105	0.003507638065
10106	0.0005400855598
10107	1.90133247e-05
10108	0.005406149988
10109	0.00968986565
10110	0.0006078304471
10111	0.0006325853329
10112	0.00226620748
10113	0.00148889255
10114	0.0009982689682
10115	0.000498826505
10116	0.001762369006
10117	0.001392291973
10118	0.0005385457257
10119	0.0006785971401
10120	0.002581640855
10121	0.0009474523362
10122	0.001579368934
10123	0.0003022044262
10124	0.001933790897
10125	0.001171182626
10126	0.005447863109
10127	0.0008165749179
10128	0.0002170193585
10129	0.00137011987
10130	0.00141795977
10131	0.0005492208572
10132	2.629950911e-05
10133	0.004506255376
10134	0.005551844181
10135	0.001866280105
10136	0.002115983788
10137	0.002673672034
10138	0.001294168619
10139	0.001989903131
10140	0.0007514616406
10141	0.002290756625
10142	0.004650361433
10143	5.231256723e-05
10144	0.0009252858634
10145	0.0008287239725
10146	0.0002717167907
10147	6.921945244e-05
10148	0.0001813959168
10149	0.001904347569
10150	0.001446175834
10151	0.00177947358
10152	0.001523718647
10153	0.006613338288
10154	0.002548951345
10155	5.392842188e-05
10156	0.002683271676
10157	0.002428600239
10158	0.002208089659
10159	0.001104406458
10160	0.001453703075
10161	0.004523014922
10162	0.002235053272
10163	0.002705022543
10164	0.004124814984
10165	0.0007026647647
10166	0.005126657899
10167	0.001749273317
10168	0.0009048127992
10169	0.002432881255
10170	3.361740719e-05
10171	0.001204621094
10172	0.005093582406
10173	0.0005221615612
10174	0.0007825310786
10175	0.0002593789149
10176	0.0002430126956
10177	0.001373136307
10178	4.122768309e-05
10179	0.0001519469424
10180	0.0008281065539
10181	0.000586646574
10182	0.0006416672532
10183	0.001348148608
10184	0.001256011709
10185	0.00173468243
10186	0.0005742001653
10187	0.0007102526599
10188	0.001009181337
10189	6.888610363e-05
10190	0.001612047758
10191	0.0001187060472
10192	0.0006804488463
10193	0.0004483389108
10194	0.0003174114438
10195	0.002464498875
10196	0.001659871071
10197	0.004438201802
10198	0.002937127513
10199	0.002105363469
10200	0.0001717621501
10201	6.074886778e-06
10202	2.343186351e-05
10203	0.000185180799
10204	0.007753856011
10205	0.003697428549
10206	0.0003879941162
10207	0.0003216063669
10208	0.000859516669
10209	0.002391242586
10210	0.001657840275
10211	0.0007104826169
10212	0.0005933496078
10213	0.004991360586
10214	0.004930914322
10215	0.0002353761065
10216	0.006160196953
10217	4.422484456e-05
10218	0.0006069863729
10219	9.765668663e-05
10220	0.000373540369
10221	0.001047195723
10222	0.00276655954
10223	0.003078653881
10224	0.0006930214971
10225	0.0037151118
10226	0.004015805708
10227	0.0004405096278
10228	0.000207119199
10229	0.0003899815173
10230	0.000624857011
10231	0.003248133109
10232	0.0001545058474
10233	0.0007128527254
10234	0.0001971602656
10235	0.001518638257
10236	3.301048654e-05
10237	0.0001892098893
10238	0.0004340465278
10239	7.237287982e-05
10240	0.0001566420833
10241	0.0004154135278
10242	0.0001774172689
10243	0.0003783063131
10244	0.0005746904033
10245	0.0002338655317
10246	0.0004904738251
10247	0.0003631695093
10248	0.0005271616959
10249	0.0009152239296
10250	0.0008687819278
10251	0.003103322985
10252	0.0001662562044
10253	0.001605701902
10254	0.001915051096
10255	0.0003021584379
10256	0.0001890022731
10257	0.0008416106531
10258	4.439134693e-05
10259	4.046532475e-05
10260	0.0001190953821
10261	0.006470511385
10262	0.008704823564
10263	0.001590802802
10264	0.0006203262187
10265	5.412213639e-05
10266	0.005878064002
10267	0.0008323816058
10268	0.005177135781
10269	0.0008185176928
10270	0.0001873549778
10271	0.004271005103
10272	0.0008782317686
10273	0.003336498744
10274	0.001636895051
10275	8.899339356e-07
10276	0.0004646017885
10277	0.003324629449
10278	0.00216163431
10279	0.000577316423
10280	0.0002566169803
10281	0.007494310071
10282	0.001849241109
10283	0.002885075926
10284	0.003098995919
10285	0.001199912784
10286	0.000553777177
10287	0.007026452296
10288	0.0006750131556
10289	0.0005942579934
10290	0.009115629462
10291	0.0007514655753
10292	0.0006127534422
10293	0.001371631364
10294	0.004093920082
10295	0.0001349418947
10296	0.0003309717077
10297	0.0001121517867
10298	0.0001327879614
10299	0.0001717509402
10300	0.0001738856434
10301	0.0002394365455
10302	5.123812913e-05
10303	1.609366457e-05
10304	0.0001588934435
10305	0.0005729846345
10306	0.0001909804072
10307	0.000449727732
10308	0.0001438782817
10309	0.0001051153536
10310	0.0006431747766
10311	0.00197414138
10312	0.004706819912
10313	0.0006548187545
10314	0.001455750387
10315	0.0001141887281
10316	0.0004533910014
10317	0.003506595171
10318	0.004381617052
10319	0.002627085074
10320	0.001182159957
10321	0.003393196233
10322	0.002154426114
10323	0.0007408570389
10324	0.001852505771
10325	0.0001432550237
10326	0.00566419648
10327	0.002402975883
10328	0.0009972089301
10329	0.0001471913421
10330	0.0002528129783
10331	0.0005902021415
10332	0.001430308173
10333	0.0006872956295
10334	0.0003889239252
10335	6.0117171e-05
10336	0.002313017256
10337	0.00336048093
10338	0.001117793164
10339	0.0001556980841
10340	0.006594769827
10341	0.001117960304
10342	0.000896665221
10343	0.00101311251
10344	8.303813967e-05
10345	0.0004094718707
10346	8.746299826e-05
10347	0.000229310003
10348	6.619160032e-05
10349	0.0004715283293
10350	0.0008918388442
10351	0.0002284427879
10352	0.0002451749417
10353	0.0003203923343
10354	0.0002475217967
10355	0.0003647001192
10356	0.0005418505962
10357	0.0003263957808
10358	0.0002373740987
10359	0.0003163261406
10360	0.0001975893011
10361	0.0001199167912
10362	0.0006899788033
10363	0.002152210107
10364	0.001505584056
10365	5.188859466e-05
10366	0.0004360134695
10367	0.000377031456
10368	0.0002073040947
10369	0.001578022505
10370	0.001506052541
10371	0.0005528896462
10372	0.002549827457
10373	0.002329388002
10374	0.001200402155
10375	0.001082973637
10376	0.0007855806261
10377	0.0001339967091
10378	0.000236490875
10379	0.0005775310095
10380	0.0003214292108
10381	0.0004947891614
10382	0.000154472777
10383	0.000311268305
10384	0.0003468966093
10385	0.0001284077689
10386	0.0002508292168
10387	0.000302485691
10388	0.003565685998
10389	4.73680548e-05
10390	0.0002800324112
10391	0.0001362021637
10392	0.0006130747111
10393	0.001650412986
10394	0.0005850175213
10395	0.001540825925
10396	0.0006879164282
10397	0.0001721107173
10398	0.001048477419
10399	0.005599855326
10400	2.555580115e-06
10401	0.0005390607767
10402	0.0008053824764
10403	0.001619643612
10404	0.0009189463239
10405	0.0005113584998
10406	0.001147670663
10407	0.002265586587
10408	0.0004327886824
10409	0.005813890167
10410	0.002680621618
10411	0.0003037010693
10412	0.0008110893944
10413	0.0006914973086
10414	0.00250053724
10415	0.001645513532
10416	0.0002066614558
10417	0.001165667881
10418	0.002195158062
10419	0.002932670032
10420	0.0009125640664
10421	0.004114971491
10422	0.0006366081775
10423	0.0008553935384
10424	0.003489456404
10425	0.003018022496
10426	0.004017734065
10427	0.0007985212875
10428	0.002672417015
10429	0.002679320166
10430	0.002770597309
10431	0.004178765809
10432	0.001902118874
10433	0.0007728602864
10434	0.002225576829
10435	0.002150350701
10436	0.002203271376
10437	0.001488131767
10438	0.006552751238
10439	0.0007444883402
10440	0.000549506242
10441	0.0003447883571
10442	0.0005011219238
10443	0.003134158017
10444	0.002297680415
10445	0.00242071618
10446	0.002968541529
10447	0.0003883341056
10448	0.001843532128
10449	0.0009523793041
10450	8.526055109e-05
10451	0.001362775369
10452	0.001604856984
10453	0.001437973773
10454	0.004578508405
10455	0.005124562171
10456	0.004489692383
10457	0.0026151279
10458	0.001435020149
10459	1.503518773e-05
10460	0.0009426272823
10461	0.00032814724
10462	0.001345763628
10463	0.001754245173
10464	0.0006693987983
10465	0.004200213883
10466	0.001616687499
10467	0.001360289692
10468	0.002929892094
10469	0.001043818868
10470	0.001229779387
10471	0.001674736443
10472	0.0005854834992
10473	0.002267452853
10474	0.00333525977
10475	0.002100588925
10476	0.002669443405
10477	0.0002678847729
10478	0.003325079877
10479	0.003400624925
10480	0.001863923902
10481	0.003590794828
10482	0.001944314563
10483	0.003700287648
10484	0.0006748933242
10485	0.004708776291
10486	0.002563842693
10487	0.00289324767
10488	0.001918935475
10489	0.0003610256281
10490	0.001015750944
10491	0.0004575545659
10492	0.007971716072
10493	0.0006340480298
10494	0.001958786815
10495	0.0009539604055
10496	0.001932553733
10497	0.001089084889
10498	0.001924697113
10499	0.004564215234
10500	0.002153955196
10501	0.00273495643
10502	0.0009617323263
10503	0.002047699695
10504	0.003552750469
10505	0.002608014226
10506	0.003507665719
10507	0.0005177550256
10508	0.001197546362
10509	0.001645309428
10510	0.001863015531
10511	0.001731907265
10512	0.0002217717976
10513	0.0002521987743
10514	0.0002122111621
10515	0.004368819264
10516	0.001770075069
10517	0.002128363081
10518	0.001083724135
10519	0.002367760851
10520	0.002033759813
10521	0.0001409243931
10522	0.0006329072972
10523	0.0005027869389
10524	0.0001615592009
10525	0.0001495991005
10526	0.000311590651
10527	4.456015522e-05
10528	0.0002637461759
10529	0.001146032688
10530	0.001368814911
10531	0.0007167545966
10532	0.0007127400192
10533	0.003257583314
10534	0.000262388188
10535	0.002159493261
10536	0.001380994107
10537	0.002206904337
10538	0.0003646720236
10539	0.001009262338
10540	0.001211433782
10541	0.0004832885935
10542	0.0001433644739
10543	0.002825974512
10544	8.753284966e-05
10545	0.002117714092
10546	0.0002916415954
10547	0.0009232263623
10548	0.00185501002
10549	0.002513283801
10550	0.001493550872
10551	0.001141822949
10552	0.006175117426
10553	0.003043268178
10554	0.001388281817
10555	7.562716651e-05
10556	0.003047434122
10557	0.006480226994
10558	0.003890471607
10559	9.931060334e-05
10560	0.001800322541
10561	0.001312689672
10562	0.0001806014672
10563	0.0004362377203
10564	0.0009230264743
10565	9.087098378e-05
10566	0.001831268181
10567	0.001893899106
10568	0.001148208988
10569	0.0008410879268
10570	0.001123046346
10571	0.0006871315146
10572	0.003772412633
10573	0.0007300641891
10574	0.002301899382
10575	0.003506887219
10576	0.0003463010584
10577	0.003335784632
10578	0.002172735097
10579	0.001332501787
10580	0.001368313945
10581	0.002176381231
10582	0.0009683432857
10583	0.002029791456
10584	0.0005842397015
10585	0.0008222867501
10586	0.0004427500834
10587	0.003582840589
10588	0.006033483304
10589	0.005785360728
10590	0.001269293771
10591	0.002593517932
10592	0.0008577252084
10593	0.002711315582
10594	0.0005174683988
10595	0.007096653532
10596	0.001056928597
10597	0.006955667678
10598	0.001478911798
10599	0.0004675899722
10600	0.002630328911
10601	0.0007716691022
10602	0.002722703888
10603	0.004078822017
10604	0.000931461233
10605	0.0003774232801
10606	0.0007596849644
10607	0.005807813927
10608	0.001564001296
10609	0.001142752299
10610	0.0007502983498
10611	0.002682913205
10612	0.004212219061
10613	0.004375847602
10614	0.004680060772
10615	0.001110194576
10616	0.00127383698
10617	0.001838587623
10618	0.003574221111
10619	0.001582242981
10620	0.002076198829
10621	0.001755014377
10622	0.0005477265124
10623	0.003312106954
10624	0.002922555786
10625	0.001507524077
10626	0.001190279477
10627	0.001844857952
10628	0.003129470709
10629	0.001071916766
10630	0.006240000205
10631	0.0001137183591
10632	0.001002277207
10633	0.001723166668
10634	0.00145247728
10635	0.002514103648
10636	0.0005030691544
10637	0.0003629963466
10638	4.61170641e-05
10639	0.002556075211
10640	0.002477809174
10641	0.003266206334
10642	0.002187874715
10643	0.0004060527169
10644	7.54693772e-05
10645	0.001795231569
10646	2.684641559e-06
10647	8.785013965e-05
10648	0.0004085313746
10649	0.0002862812443
10650	0.004107394438
10651	0.0005032263351
10652	0.0001754379731
10653	0.001690123527
10654	0.0008915570497
10655	0.001736690074
10656	0.0002178743179
10657	0.003299386327
10658	0.006002160999
10659	0.0001438158451
10660	0.0006265952623
10661	0.002022634084
10662	0.001000414315
10663	0.002518181558
10664	0.004403827335
10665	0.00444965526
10666	0.0005083142061
10667	0.0002822860709
10668	0.001303764157
10669	0.0009592726379
10670	0.001284272536
10671	0.0007513154351
10672	0.004301508535
10673	0.0002381103412
10674	0.001979994449
10675	8.986461705e-05
10676	0.0008554874426
10677	0.001653259675
10678	0.004795659558
10679	0.0001979189669
10680	0.0002365798539
10681	0.000266421673
10682	0.0006860033522
10683	0.001353988724
10684	0.0003233292915
10685	0.002292647386
10686	0.004301972087
10687	0.0005397013653
10688	0.0004705619908
10689	0.0005605371376
10690	0.0001425925368
10691	0.001021351246
10692	0.000560877378
10693	0.000663331061
10694	0.007366310662
10695	0.001464019304
10696	0.0006165650935
10697	0.0009788935833
10698	0.001018850068
10699	0.001122143
10700	0.008851114547
10701	0.002003935658
10702	0.0009475572937
10703	0.001185001714
10704	0.001566779541
10705	0.002728378934
10706	0.002798560863
10707	0.001341591182
10708	0.0002927705046
10709	0.003760201792
10710	0.0006393727334
10711	0.001504818698
10712	0.002075965817
10713	0.002396433474
10714	0.002878181618
10715	0.001034163066
10716	0.002931452969
10717	0.0001511225711
10718	0.005264293097
10719	0.007626726867
10720	0.000753283429
10721	0.002903100976
10722	0.0006795875152
10723	0.00128099161
10724	0.004773488382
10725	0.001021436477
10726	0.005894956705
10727	0.0002747199801
10728	0.001409069641
10729	0.0009023926611
10730	0.004523935479
10731	0.0002982396454
10732	0.006630774376
10733	0.0005915564196
10734	0.0008522156928
10735	0.003548511131
10736	0.003293923978
10737	0.0004524784192
10738	0.001241389172
10739	0.0003295994125
10740	0.000232280251
10741	0.0009942619647
10742	0.001449128236
10743	0.001667464252
10744	6.642772018e-05
10745	0.001877066153
10746	0.001298121171
10747	0.001594973898
10748	0.0003078020194
10749	0.004104017209
10750	0.00150414597
10751	0.0001708473247
10752	0.004196713615
10753	0.001067963655
10754	0.00278668432
10755	0.001459624708
10756	0.003247462708
10757	0.003488315741
10758	0.0004497771331
10759	0.009310515195
10760	0.002520659386
10761	0.001552304836
10762	0.0004009627374
10763	0.001109088937
10764	0.0002946329659
10765	0.0006697437475
10766	0.002319125678
10767	0.001988107303
10768	0.00367722637
10769	0.001610111735
10770	0.001479577477
10771	0.0006209126188
10772	0.001245271951
10773	0.0004009105979
10774	0.0006319436957
10775	0.004405716479
10776	0.001247801748
10777	2.064778024e-05
10778	0.0001715162202
10779	0.000811511204
10780	0.001388847309
10781	0.0009187170107
10782	0.00276289253
10783	0.0007670988098
10784	0.002049622676
10785	0.003254993295
10786	0.000519742253
10787	0.002194350498
10788	0.0007529670218
10789	0.003138996115
10790	0.009116347548
10791	0.001792088833
10792	0.0005107029907
10793	0.0003749845702
10794	0.002436010941
10795	0.0006335961832
10796	0.0005603956917
10797	0.0001211518658
10798	8.380382129e-05
10799	0.0001016824715
10800	6.257844993e-05
10801	0.0002824878735
10802	0.0001221979241
10803	0.0002530029065
10804	0.001521369073
10805	0.0007157364212
10806	2.616822952e-05
10807	0.002974414873
10808	0.0001586008852
10809	0.0002678133302
10810	0.0004590601288
10811	0.00144197178
10812	0.0001889612003
10813	0.00277034367
10814	0.0002364168899
10815	0.0006853637481
10816	0.0003530607262
10817	0.0003376683213
10818	0.0001149487155
10819	0.001026166673
10820	0.0001119636141
10821	0.0002302944291
10822	0.001495186725
10823	0.00136351236
10824	0.0007788740942
10825	8.722223316e-06
10826	0.0006884275391
10827	0.0005609619685
10828	0.0001500084679
10829	0.0002800544578
10830	0.0007346373939
10831	0.004405117525
10832	0.0008017880848
10833	1.991243644e-06
10834	0.0006987726037
10835	8.752526631e-05
10836	0.0007793167177
10837	0.003939891499
10838	9.899584829e-05
10839	0.001955885116
10840	0.003807084772
10841	0.003757766279
10842	0.001851242551
10843	0.002281074203
10844	0.000234587404
10845	0.0009229291384
10846	0.003415624443
10847	0.006603394263
10848	0.0006663741131
10849	0.003830739652
10850	0.001119472434
10851	0.0001766649384
10852	0.007186192592
10853	0.00290839336
10854	0.005865940512
10855	0.0002755260697
10856	0.003242491703
10857	0.000789434895
10858	0.001112850477
10859	0.001477351246
10860	0.0004351289874
10861	0.001195322938
10862	0.0005338737459
10863	0.0009763532837
10864	0.008089413022
10865	0.006368338478
10866	0.004021913098
10867	0.004823911731
10868	0.003011600202
10869	0.00343525311
10870	0.0007215501041
10871	0.0004431141687
10872	0.001103489878
10873	0.0004732908744
10874	0.000267645534
10875	0.003391616407
10876	0.005352396412
10877	0.005008110373
10878	0.003233636636
10879	0.0002065167838
10880	0.0003469308274
10881	0.004576556761
10882	0.0003364158809
10883	0.0003476592538
10884	0.004359821629
10885	0.003455681244
10886	0.002555244224
10887	0.006688695705
10888	0.006445093572
10889	0.0001739586468
10890	0.002213139569
10891	2.040264718e-05
10892	0.0001974795289
10893	0.000201331115
10894	0.000502684253
10895	0.0001112755686
10896	0.002926414602
10897	0.001278670155
10898	0.003344245474
10899	0.003491904826
10900	0.001801331554
10901	0.0008986773153
10902	0.009341230124
10903	0.002565676141
10904	0.00153988076
10905	0.0004671098602
10906	0.003462548348
10907	0.0022133415
10908	0.0001430624766
10909	0.0008453533444
10910	0.0005516245924
10911	0.002333176191
10912	0.001598251269
10913	0.006667733261
10914	0.0008872512965
10915	0.0005322575826
10916	0.0010323411
10917	0.002912192565
10918	0.002201132243
10919	0.0007440059305
10920	0.003216178642
10921	0.01038062538
10922	0.005200593932
10923	0.005261334485
10924	0.003435201291
10925	0.001672946183
10926	0.005097321745
10927	0.004903746781
10928	0.001455844706
10929	0.002053322221
10930	0.0007007315777
10931	0.001256607653
10932	0.0008597384416
10933	0.0002760268808
10934	0.0003891591287
10935	0.002202959199
10936	9.544328485e-05
10937	0.004723304845
10938	0.000969774641
10939	4.156626505e-05
10940	0.000654002557
10941	0.0004313582232
10942	0.0004256743359
10943	0.002050853546
10944	0.0005197664641
10945	0.003711255463
10946	0.001949660935
10947	0.001174443682
10948	0.001680490166
10949	0.0003560118528
10950	0.0001716080039
10951	0.0004460720858
10952	0.001688407142
10953	0.003610720608
10954	0.00124190416
10955	2.915268488e-05
10956	0.0002893751123
10957	0.0009831648605
10958	4.671384169e-06
10959	0.003435512075
10960	0.005783369195
10961	0.005001348304
10962	0.007152817071
10963	0.0003237417562
10964	0.001881802211
10965	0.0002851760508
10966	0.0009670936428
10967	0.001813662257
10968	0.0007570126394
10969	0.0001067281511
10970	0.0002573763088
10971	0.0002707725221
10972	0.00480523232
10973	0.0001264019014
10974	0.002032710268
10975	0.001743699211
10976	0.002386091498
10977	0.0007650218115
10978	0.0001885234462
10979	0.002864255302
10980	0.005431750358
10981	0.002527502083
10982	0.002114291503
10983	0.001821078854
10984	0.003171495505
10985	0.002175534845
10986	0.005309020564
10987	0.002269860779
10988	6.558481659e-05
10989	0.002201262242
10990	0.00488123139
10991	0.003166929245
10992	0.001887196879
10993	0.003606893533
10994	0.0008395304713
10995	0.002342121793
10996	0.002880894535
10997	0.000905572594
10998	0.002902104509
10999	0.001541308922
11000	0.0006234858893
11001	0.001765241922
11002	0.002838687558
11003	0.0004151686674
11004	0.001999857678
11005	0.0003879692736
11006	0.00101683904
11007	0.000629027302
11008	0.004421562691
11009	0.001380212168
11010	0.001024377076
11011	0.0003979955748
11012	2.374837233e-05
11013	0.002370934041
11014	0.001522753995
11015	3.556979979e-05
11016	0.0002596985317
11017	0.001257316211
11018	0.001458449142
11019	0.00293663489
11020	0.0007565845515
11021	0.001787731147
11022	0.0001202582759
11023	3.816611338e-05
11024	0.008189452487
11025	0.0003826550859
11026	0.00442667028
11027	0.0007569613927
11028	0.006300733421
11029	0.003865713965
11030	0.0009119694134
11031	0.001407089022
11032	0.0003086579377
11033	3.984429238e-05
11034	0.001828871622
11035	0.0002443178017
11036	0.00490311395
11037	0.001051372004
11038	0.0004030960859
11039	0.0004546088521
11040	0.0002362522043
11041	0.001413916627
11042	0.004033609654
11043	0.001663494533
11044	0.0009608414599
11045	0.009221296219
11046	0.0008570580426
11047	0.002852067507
11048	0.0006049519903
11049	0.002294395773
11050	0.001086014187
11051	0.001689997944
11052	0.001719897762
11053	0.005507918086
11054	0.002779144573
11055	0.0005843278608
11056	0.0002573241467
11057	0.0004452140775
11058	0.007567472739
11059	0.0003574347875
11060	0.0003845618667
11061	0.0002551505206
11062	0.0003895972538
11063	0.002327981385
11064	0.0012931168
11065	0.00123587958
11066	0.0009890398793
11067	0.00364457892
11068	0.0009440576678
11069	0.001978096091
11070	0.002188748724
11071	0.0001598567103
11072	0.0002372566313
11073	0.0007796010897
11074	0.001791888113
11075	0.00230571142
11076	0.003670580384
11077	0.001509521738
11078	3.459388003e-05
11079	0.001505574379
11080	0.0009608130648
11081	0.001105609242
11082	0.002792860596
11083	0.000341139796
11084	0.0001144854304
11085	0.000927878692
11086	0.0006440700584
11087	0.001739345973
11088	0.00183871219
11089	0.0002606481741
11090	0.002186025042
11091	0.0009884327167
11092	0.003526225113
11093	0.0005701524908
11094	0.002034078647
11095	0.0004215610999
11096	2.99771939e-05
11097	0.001129847802
11098	0.0004318360572
11099	0.002184934251
11100	0.0003516014841
11101	0.002135399606
11102	0.001488524615
11103	0.0003270878318
11104	0.001959428047
11105	0.0003062419104
11106	0.0011261398
11107	0.001234825957
11108	7.403853881e-05
11109	0.002981510217
11110	0.004306244363
11111	0.003869405589
11112	0.001188576921
11113	0.001875390817
11114	0.0007464475105
11115	0.001654389111
11116	0.008829572204
11117	0.0004082794234
11118	0.0003460019185
11119	0.000381450499
11120	3.385899385e-05
11121	0.0001430558347
11122	0.0005369396196
11123	0.0007189901844
11124	0.0001913847657
11125	0.0008364544774
11126	0.0004789560816
11127	0.002310196363
11128	0.0009709129355
11129	0.001522909117
11130	0.0005845143505
11131	0.007788587773
11132	0.0002916188363
11133	0.006675059526
11134	0.006831372565
11135	0.0007685209647
11136	0.0003304163524
11137	0.002950163647
11138	0.0001810898423
11139	0.0006257809193
11140	0.003871348964
11141	0.007272313961
11142	0.001658586512
11143	0.00510249523
11144	0.001857970167
11145	0.004569017501
11146	0.0006922153388
11147	0.0005270849253
11148	0.003815958529
11149	0.003169621236
11150	0.0004505948321
11151	2.187603253e-05
11152	0.0008155781467
11153	9.612036818e-05
11154	0.003615012575
11155	0.0001316692776
11156	0.0009843624458
11157	0.004743773199
11158	0.002419070786
11159	0.001063829461
11160	0.002781080002
11161	2.390653883e-06
11162	0.0002201852287
11163	0.000324773222
11164	0.004112341903
11165	0.004237250518
11166	0.002012908028
11167	0.001405732801
11168	0.003922384949
11169	0.001646944328
11170	0.0006958401804
11171	1.98422368e-05
11172	0.00675992544
11173	0.001597549675
11174	0.00560119018
11175	0.004022057902
11176	0.001955323797
11177	0.001264039122
11178	0.001044835021
11179	0.0006720379555
11180	0.0006474839989
11181	0.00244898195
11182	0.002799709447
11183	0.0001951490118
11184	0.0005033842826
11185	0.003343529415
11186	0.000922464607
11187	0.006118796548
11188	0.004283525259
11189	7.265568265e-05
11190	0.0002480275552
11191	0.0002288329725
11192	0.002322531233
11193	2.314586687e-05
11194	0.0008081326886
11195	0.0002433436674
11196	0.00175640901
11197	0.0001291042471
11198	0.0003577667616
11199	0.0001652842111
11200	0.005513798495
11201	2.891113106e-05
11202	0.0009732246857
11203	0.003181525334
11204	0.0008140737393
11205	7.706269566e-05
11206	0.0001307366896
11207	0.003807343589
11208	0.0009765093568
11209	0.001262880064
11210	0.0001247576683
11211	0.001925706083
11212	0.004275734091
11213	0.00440592731
11214	0.002548175281
11215	0.002321697174
11216	0.002236893497
11217	0.001070468053
11218	0.0002846746471
11219	0.000939164794
11220	0.0005508598361
11221	0.000171146944
11222	0.0007667615206
11223	0.005100410083
11224	0.00212326504
11225	0.0009069809025
11226	0.00178205314
11227	0.003571631714
11228	0.001987927652
11229	0.0007102223744
11230	0.002774788746
11231	0.001293017234
11232	0.0001197700707
11233	0.001180427051
11234	0.001804532669
11235	0.003607852198
11236	0.002779543537
11237	0.001170354019
11238	0.000432390365
11239	0.004913470604
11240	0.0005878935758
11241	0.001976616803
11242	0.001452456138
11243	0.004096843584
11244	0.001785422089
11245	0.001019753801
11246	0.0006863180745
11247	0.0001681704468
11248	0.002400133063
11249	0.0004626418772
11250	0.0002847478876
11251	0.0002954246338
11252	0.0001985039723
11253	0.0002193351538
11254	0.0001776529603
11255	0.0009488965396
11256	0.0001776065484
11257	0.0001772583042
11258	0.0003788409581
11259	0.0004355606028
11260	0.004054461512
11261	0.001732061046
11262	0.0007545254159
11263	0.004066786154
11264	0.001151336701
11265	0.000782776917
11266	0.0009204351385
11267	0.001302192712
11268	0.003843451345
11269	0.0003733149809
11270	0.006761126147
11271	0.001019597388
11272	0.0001157822502
11273	0.0007287175035
11274	0.005641637192
11275	7.531450477e-05
11276	0.004628007613
11277	0.0001893678971
11278	0.007733493996
11279	0.0001261101325
11280	0.003006774858
11281	0.00313187304
11282	0.002013226778
11283	0.000839433648
11284	0.0004419098746
11285	0.0007942539771
11286	0.0002117591366
11287	0.001558295293
11288	0.004561920427
11289	0.008066382776
11290	0.002955264166
11291	0.004075037539
11292	0.0001831573832
11293	0.0005084136619
11294	0.0004348980124
11295	0.001732157169
11296	0.0008792232005
11297	0.001106227063
11298	0.0002652385366
11299	0.002076073329
11300	0.004150763305
11301	0.0005227852321
11302	0.0001912544335
11303	0.0001277364319
11304	0.0001991006927
11305	0.0004663704761
11306	0.0003244197524
11307	0.003112638564
11308	0.0004794597243
11309	0.0008643501107
11310	0
11311	0.001722155337
11312	0.0002400669878
11313	0.003861761355
11314	0.003823583997
11315	0.0006642910141
11316	0.0001532425699
11317	0.004837309643
11318	0.000564261673
11319	0.001383565859
11320	0.005214200935
11321	0.003390830452
11322	0.004127085103
11323	0.0001700376472
11324	0.0004846082348
11325	0.00493897983
11326	0.002836547238
11327	0.0001315049444
11328	0.0003108200806
11329	0.00100506329
11330	0.0005877817477
11331	0.001737468533
11332	0.004421169841
11333	0.0005348355982
11334	0.002617277915
11335	0.001047349471
11336	8.932389219e-05
11337	0.003293656369
11338	0.004170155897
11339	0.0002999282233
11340	0.007644685165
11341	0.002030485601
11342	0.00451288877
11343	0.0002270174336
11344	0.001096162916
11345	0.001254897327
11346	0.008681332699
11347	0.001686710033
11348	0.0004939778509
11349	0.001854604022
11350	0.00062656704
11351	0.002447043291
11352	0.001127981004
11353	0.001174002907
11354	6.23156804e-05
11355	0.001318851768
11356	0.001923985345
11357	0.0008590513252
11358	0.00469569855
11359	0.0007601267191
11360	0.0008385484734
11361	0.00285759611
11362	0.0002627452524
11363	0.003863548518
11364	0.002163292423
11365	0.001427982467
11366	6.52073073e-06
11367	9.727479875e-05
11368	0.0006049432891
11369	0.0004433927411
11370	0.001215386875
11371	9.893244581e-06
11372	0.0009148165432
11373	0.002715720455
11374	0.002146501073
11375	0.003657934899
11376	0.0007324410564
11377	0.002744081778
11378	0.0009790992594
11379	0.002056147722
11380	0.0007160995528
11381	0.0005510286396
11382	0.001956546879
11383	0.002671159953
11384	0.002606362178
11385	0.0118023943
11386	1.069207799e-05
11387	0.004923620249
11388	4.754496916e-05
11389	0.001188107703
11390	0.006000541855
11391	0.0005025082545
11392	0.000354639788
11393	0.003133461707
11394	0.0002412195416
11395	0.001452391226
11396	0.0009295046256
11397	0.001000751185
11398	0.001898067244
11399	0.001207363617
11400	0.006520059737
11401	0.002396741386
11402	0.001602702626
11403	0.0008224351914
11404	0.001383763268
11405	0.002857945275
11406	0.000148497644
11407	0.0002105459482
11408	0.003088137505
11409	0.0002565269799
11410	0.003988451371
11411	0.001500565662
11412	5.074845501e-05
11413	0.0007811952266
11414	0.000623371303
11415	0.003166725482
11416	0.0005490261211
11417	0.000344319571
11418	0.005792457474
11419	0.001451162974
11420	0.005086540644
11421	0.001541051784
11422	0.002437309646
11423	0.003248723701
11424	0.0002314131863
11425	0.0006452838073
11426	0.004422630329
11427	0.003243971044
11428	0.001175470553
11429	0.001866993256
11430	0.002700359297
11431	0.002223443437
11432	0.007349700325
11433	0.001936723614
11434	0.001381559317
11435	0.001358571941
11436	0.0008695260313
11437	0.0009707583066
11438	0.0006375589139
11439	0.004458349014
11440	0.0003188619518
11441	0.004517402742
11442	0.00154207316
11443	0.001231217376
11444	0.002554185128
11445	0.002339509251
11446	0.004345155282
11447	0.001261694692
11448	0.002698321369
11449	0.001264757365
11450	0.0003410953178
11451	0.0006802888212
11452	0.000453849728
11453	0.001351769147
11454	0.0006146118375
11455	0.002252045071
11456	0.0001805387286
11457	5.300706447e-05
11458	0.0002834776923
11459	0.005658208693
11460	0.0004935900809
11461	4.972286571e-06
11462	0.001140939916
11463	0.002158305828
11464	0.003419699483
11465	0.0002009926859
11466	0.001179388107
11467	0.0006990445806
11468	0.001237306594
11469	0.001942827744
11470	0.002870052705
11471	0.0002719281633
11472	0.001092727625
11473	0.00202384181
11474	0.0001069711111
11475	0.0006525672741
11476	0.0006129756841
11477	0.004090563458
11478	0.0003062998075
11479	0.004761832168
11480	0.001619381264
11481	0.003069282699
11482	0.001843343249
11483	0.0003586334132
11484	0.004021395477
11485	0.0003585547977
11486	0.001327590491
11487	0.0005006771342
11488	0.000129738424
11489	0.003013287705
11490	0.001465250335
11491	0.0003064404841
11492	0.001183193595
11493	0.002514182523
11494	0.0008208277654
11495	6.965763628e-05
11496	0.0007368631727
11497	0.0004534502422
11498	0.0002901415723
11499	4.766513362e-05
11500	0.000107650202
11501	4.547501627e-05
11502	0.0029482097
11503	0.00024048018
11504	0.0006462380522
11505	0.0007393368924
11506	0.0003412223605
11507	0.002889793279
11508	0.000390776949
11509	0.000835774957
11510	0.0001541112687
11511	0.001773461791
11512	0.002720745105
11513	0.001128295732
11514	0.0003437206101
11515	0.002723417137
11516	0.0001838249639
11517	0.006710791674
11518	0.002211885002
11519	0.001492829952
11520	0.001555337382
11521	0.001012501525
11522	0.002405465165
11523	0.0005991594249
11524	0.000459289134
11525	0.0002750406719
11526	0.005244648068
11527	0.0002530325712
11528	0.002445382488
11529	0.00237247716
11530	0.002743161842
11531	0.002614536406
11532	0.0003166491029
11533	0.004165204258
11534	0.002548037433
11535	0.0005996388788
11536	0.001599992076
11537	0.0005112888752
11538	0.003212908994
11539	0.001647470967
11540	0.003233428026
11541	0.00199548346
11542	0.001626798994
11543	0.002297033281
11544	0.0008118656465
11545	0.002149581969
11546	0.001154738078
11547	0.001335883941
11548	0.0001670878709
11549	0.000628001166
11550	0.006393830009
11551	0.001493911672
11552	0.001835642774
11553	0.001076599054
11554	0.0003563484749
11555	0.00258823182
11556	0.001499355867
11557	0.002599064714
11558	0.001660973511
11559	0.001910753325
11560	0.001888220716
11561	0.001247445417
11562	0.0004599636981
11563	3.37760597e-05
11564	0.002217094996
11565	5.416892309e-05
11566	0.001684885454
11567	0.0007558643061
11568	0.001516475625
11569	0.002763972889
11570	0.0002527199958
11571	0.0001945338005
11572	0.003287548449
11573	0.001466088408
11574	0.002255472556
11575	6.101332749e-05
11576	0.007789799098
11577	0.001891121688
11578	0.0002928964532
11579	0.001697900063
11580	0.0001214045753
11581	0.006207553872
11582	0.001551020483
11583	0.001118642098
11584	0.005678777349
11585	0.003376530434
11586	0.0003817467795
11587	0.004145654911
11588	0.001382757484
11589	0.000545970178
11590	2.72058443e-05
11591	0.0006459188426
11592	0.001173889635
11593	0.0008326979342
11594	0.001708887513
11595	0.001131855245
11596	0.0007693101862
11597	0.00293541484
11598	0.001262098662
11599	0.006716310298
11600	0.0005701595553
11601	0.0005104075611
11602	0.001085815388
11603	0.003007146921
11604	0.002623482995
11605	0.005609788809
11606	0.003507578786
11607	0.001510357797
11608	0.0003861177013
11609	0.002106732247
11610	0.001882135373
11611	0.004157155515
11612	0.0006245352523
11613	0.001721218401
11614	0.0008295643414
11615	0.0007730602188
11616	0.0002967983741
11617	0.0009237582487
11618	0.0008632027203
11619	0.00061738506
11620	0.0008152216116
11621	0.0001382396441
11622	0.001155328486
11623	0.0007727027364
11624	0.001340078032
11625	0.003373661284
11626	0.0005074932248
11627	0.0002628681931
11628	0.0003631908537
11629	4.873089708e-05
11630	0.003156446258
11631	0.0001689678368
11632	0.0002776215644
11633	0.0001432620078
11634	0.002155528723
11635	0.002229936707
11636	0.001708052235
11637	0.0003855955457
11638	0.0006670954167
11639	0.0003918426869
11640	0.0001005111173
11641	0.00042750569
11642	0.0001758766525
11643	0.0002509627921
11644	0.003814671701
11645	0.0002183038214
11646	0.0007474505648
11647	0.0004962724877
11648	0.0001214591204
11649	0.00147356106
11650	0.0002510013427
11651	0.001789285153
11652	0.0007096769599
11653	0.0001748223007
11654	7.746304173e-05
11655	0.0003287035315
11656	0.0002086446837
11657	0.001177672068
11658	0.002619591458
11659	0.001900948527
11660	7.923358353e-05
11661	0.000617196454
11662	0.00187877331
11663	0.002017969616
11664	2.14676199e-05
11665	0.0005877100114
11666	0.0004624614334
11667	0.0009856864807
11668	0.0028495339
11669	0.0003207544594
11670	0.002692122594
11671	0.001094270389
11672	0
11673	0.004563203942
11674	0.0002569978008
11675	0.003155529922
11676	0.002085290871
11677	0.0002146261027
11678	0.001977241008
11679	0.001076833587
11680	0.002036117443
11681	0.0001450740813
11682	0.004032971326
11683	0.003172069993
11684	0.001698290132
11685	3.744369276e-06
11686	0.001971614747
11687	0.002479203222
11688	0.000787206091
11689	0.003276170832
11690	0.0007428522047
11691	0.0006239053682
11692	0.0001332491551
11693	0.004112485771
11694	0.001322440274
11695	0.004351104281
11696	0.0005475947245
11697	0.0009298485407
11698	0.003413874077
11699	0.002624559993
11700	3.729091227e-05
11701	0.002095734833
11702	0.001762821574
11703	0.0002554894387
11704	0.0008004587979
11705	0.002056200554
11706	0.0007242229059
11707	0.003235984525
11708	0.0005646505157
11709	0.001872825953
11710	0.006610873522
11711	0.002703956706
11712	0.0002368978347
11713	0.0002399888517
11714	0.001946816527
11715	0.0004814079085
11716	0.0008647077085
11717	0.002016213349
11718	0.002397708476
11719	0.002791295433
11720	0.0001348350119
11721	1.754320911e-05
11722	0.0004135985116
11723	6.872723868e-05
11724	0.0003276085419
11725	0.002912987308
11726	0.0002299527888
11727	0.002162655408
11728	7.698432767e-05
11729	0.0006495138809
11730	0.0007982624392
11731	0.0003867138341
11732	0.0001654504166
11733	0.001435495503
11734	0.0001524095602
11735	0.002200252836
11736	0.0005814350283
11737	0.0001470810489
11738	0.0001650262384
11739	0.0001153100072
11740	0.0001922976909
11741	0.0004737632126
11742	0.0009257776657
11743	9.670895177e-05
11744	1.38981546e-05
11745	0.003572116095
11746	0.001919699
11747	0.0003834900749
11748	0.0004378989331
11749	0.0008588952115
11750	0.009714986202
11751	0.0001021636639
11752	0.003016104544
11753	0.002041086628
11754	0.002979666227
11755	2.751614396e-05
11756	2.110389245e-05
11757	0.001181543535
11758	0.005929986881
11759	0.005178119901
11760	0.003065525794
11761	0.0006399767296
11762	0.001843435967
11763	0.002432634205
11764	0.004728549506
11765	0.0001365203815
11766	9.853262622e-05
11767	0.0007561769402
11768	0.0003100253178
11769	0.00679631493
11770	0.004526208091
11771	0.007037119193
11772	0.0005863189802
11773	0.001191546036
11774	0.0011936301
11775	0.002115458436
11776	0.004337888534
11777	0.002156856278
11778	0.001436402361
11779	0.005092079917
11780	0.0008722503281
11781	0.00335042558
11782	0.000588919276
11783	0.004161586392
11784	0.002735348957
11785	0.0002881247073
11786	0.002222660624
11787	0.0002603884154
11788	0.001596439624
11789	0.00738972547
11790	0.0003325187084
11791	0.0001885569831
11792	0.0001707938182
11793	0.0007235028437
11794	0.001079454675
11795	0.0009537650773
11796	0.004053933718
11797	0.002749560094
11798	0.0005586743913
11799	0.0002932493503
11800	3.605837289e-05
11801	0.002184144356
11802	0.001969903608
11803	0.0004858096514
11804	0.001153854039
11805	0.00396739022
11806	0.004982799641
11807	0.003884551445
11808	0.004995274917
11809	0.00019062811
11810	0.0003732984451
11811	0.0006389146873
11812	0.0003457137992
11813	0.0005236048479
11814	0.0006409668675
11815	0.0001424889972
11816	0.0004922543541
11817	0.001039885713
11818	0.0001704817151
11819	0.0009953355428
11820	0.002092835764
11821	0.004598427588
11822	0.001083936481
11823	0.00118240855
11824	0.003050313419
11825	0.001994524783
11826	0.0003979090144
11827	0.0003413029964
11828	0.001403211682
11829	0.0001383179327
11830	0.000977521384
11831	0.0007456552956
11832	0.000580782601
11833	5.871483544e-05
11834	0.001627023005
11835	0.001961041011
11836	0.0006665908422
11837	0.0001646621256
11838	0.0002792067566
11839	0.001504591808
11840	0.00124207018
11841	0.004718583197
11842	0.001024906357
11843	0.0003633210622
11844	0.005073305867
11845	0.001868179731
11846	0.003899693843
11847	0.00175968763
11848	0.00866761968
11849	0.006854429514
11850	0.004713282628
11851	0.007139102382
11852	0.004814799863
11853	0.0002320917689
11854	0.0004718400158
11855	0.001763977413
11856	0.003609382881
11857	0.0002793121141
11858	0.001204427504
11859	0.000114708142
11860	0.0003505653757
11861	0.002707182638
11862	0.003953652749
11863	0.0004835102586
11864	0.0009540672799
11865	0.0001996633196
11866	0.004294279291
11867	0.0003825541069
11868	0.0006159327367
11869	1.845698741e-05
11870	6.809271268e-05
11871	0.0002028663516
11872	0.0007976791727
11873	0.0009791977627
11874	0.0003611750544
11875	0.001133343225
11876	0.0004024268423
11877	0.0003067839674
11878	0.0001940736812
11879	0.0005606373863
11880	0.0005553277447
11881	0.0003546027947
11882	0.002289025794
11883	0.0003736383244
11884	0.0001350289882
11885	0.0004880175688
11886	0.000865246071
11887	0.00133529694
11888	0.002712330675
11889	0.0001858627738
11890	0.001722837737
11891	0.003052316165
11892	0.0003504156308
11893	0.0002591507234
11894	0.001137986711
11895	0.002049186988
11896	0.002167458611
11897	0.002390480093
11898	0.0004087494364
11899	0.001585466233
11900	0.001828337908
11901	0.002508671192
11902	0.0004059376882
11903	0.00178623782
11904	0.003371372461
11905	0.0006762139523
11906	0.003531393424
11907	0.0001397447852
11908	0.0002667650036
11909	0.0004486635459
11910	0.006973660989
11911	0.0009016749528
11912	0.004815820142
11913	0.003391825751
11914	0.002550567357
11915	0.0001829918025
11916	0.0009479505972
11917	0.001545214381
11918	0.0001274816029
11919	0.0005206761333
11920	0.0003599717831
11921	0.001999291457
11922	0.0001166886033
11923	0.0002902532783
11924	0.0009295104712
11925	0.0005803533627
11926	0.005540273797
11927	0.002045790093
11928	0.001532323765
11929	9.50932854e-05
11930	0.0001074084882
11931	0.001103587159
11932	0.004465774074
11933	0.002828668931
11934	0.001025946331
11935	0.0005886586181
11936	0.0007365558812
11937	0.007253494921
11938	0.001636918131
11939	0.00101199325
11940	0.000332097751
11941	0.0008206282962
11942	1.501248044e-06
11943	0.004785412338
11944	0.006563863285
11945	0.004282520535
11946	0.01208676675
11947	0.004303940608
11948	0.00115887456
11949	0.008301088373
11950	0.004226212353
11951	0.001054096472
11952	0.002534955413
11953	0.001798669716
11954	0.0003153193062
11955	0.003678032392
11956	0.002028312072
11957	0.0006393365729
11958	0.004304550634
11959	0.0004752634203
11960	0.0019275104
11961	0.00209659539
11962	0.0001462101039
11963	0.0005102779901
11964	0.0004563387918
11965	0.007167612281
11966	0.001306006337
11967	0.002292102937
11968	0.0002918859384
11969	0.002781352291
11970	0.005463136508
11971	0.002749355943
11972	5.654711138e-05
11973	0.001072990827
11974	0.002344892824
11975	0.0001418755792
11976	0.0009900470526
11977	0.0005582813203
11978	0.0004508204037
11979	0.0001758759166
11980	0.0005084523577
11981	0.0005784647081
11982	0.0001794748991
11983	0.004177032744
11984	0.002989263982
11985	3.543485862e-05
11986	0.0005676706623
11987	0.001594816837
11988	0.001127463573
11989	4.817776688e-05
11990	2.849304242e-05
11991	9.075244317e-05
11992	6.573300576e-05
11993	0.005355226852
11994	0.004313013122
11995	0.002040042849
11996	0.000161442378
11997	0.002421536746
11998	0.00026902772
11999	0.0004142324482
12000	0.0001164106013
12001	0.0001514425224
12002	7.401969403e-05
12003	0.0002590342274
12004	0.0002003919653
12005	6.613015579e-05
12006	7.801988896e-05
12007	0.00403609767
12008	0.0002036467364
12009	0.0005672714549
12010	0.001354577982
12011	1.047275201e-05
12012	0.0003505309506
12013	6.877291764e-05
12014	1.092799924e-05
12015	0.001217328769
12016	0.002172009935
12017	0.0007172099807
12018	2.112095859e-05
12019	0.002366557843
12020	0.001387276667
12021	0.0006159114129
12022	0.001544469507
12023	0.001514545314
12024	0.001512558121
12025	0.0005397986437
12026	0.0003647855204
12027	0.0009470369338
12028	0.0009388909445
12029	0.001830762708
12030	0.00375925112
12031	0.00054585471
12032	0.001778422456
12033	0.001706228539
12034	0.0005419054198
12035	0.002681526969
12036	0.0003402152098
12037	0.001778290297
12038	5.648854006e-05
12039	0.0003641047983
12040	0.0002607610257
12041	0.0001782538927
12042	0.0001364730524
12043	0.0002024271815
12044	0.001501867106
12045	0.0004336494281
12046	0.002973091509
12047	0.00418498082
12048	0.004403404336
12049	0
12050	0.006547732941
12051	0.0003759744577
12052	0.001519113395
12053	0.001936148195
12054	5.964671909e-05
12055	0.0003200849964
12056	0.0005092670201
12057	0.0002713185979
12058	0.004118029511
12059	4.94083033e-05
12060	1.369975502e-05
12061	0.0004194533772
12062	0.00167705557
12063	0.001014558038
12064	0.0001386386891
12065	0.0009954338595
12066	0.001748592762
12067	0.0003110187897
12068	0.0004618620325
12069	0.001568225791
12070	0.0002035096517
12071	0.0002122604533
12072	0.0002614774028
12073	0.0006157545822
12074	0.0002719417154
12075	0.003707943304
12076	0.0001398859275
12077	0.0002730108757
12078	0.001977564757
12079	0.0007729343174
12080	0.0007174622449
12081	0.0002853691961
12082	0.002832096318
12083	0.0002479111155
12084	0.002221393864
12085	0.000309340889
12086	0.002358209735
12087	0.001162145437
12088	0.000270564113
12089	0.001525205915
12090	0.001470100572
12091	0.0009492506941
12092	0.003147355733
12093	0.0001738068586
12094	0.001304474165
12095	0.0001611022451
12096	3.885309531e-05
12097	0.0004504355844
12098	0.000574781991
12099	3.176048213e-05
12100	0.002164521317
12101	0.0001282600145
12102	0.0003472016747
12103	1.414868445e-05
12104	0.0003700810513
12105	0.0002596725676
12106	0.0005224763631
12107	0.002415259764
12108	0.001190467462
12109	0.00082210951
12110	3.546705882e-05
12111	0.001039868732
12112	0.00113729148
12113	0.0007889973778
12114	4.397757719e-05
12115	8.196290097e-05
12116	0.000473109096
12117	0.000748073043
12118	0.001595682371
12119	0.001051467165
12120	0.0004109767601
12121	0.0003118667232
12122	0.0001403221895
12123	0.003690212328
12124	0.002343414615
12125	0.0009293956142
12126	0.0003740676944
12127	0.0004098678951
12128	0.0008444648942
12129	0.001362786103
12130	0.000311437364
12131	0.0001974608154
12132	1.780276923e-05
12133	0.0001816064219
12134	0.0001788815916
12135	0.0006548899424
12136	8.914473568e-05
12137	4.693751636e-06
12138	8.059897565e-05
12139	0.002120640194
12140	0.003090327168
12141	0.0004836141621
12142	0.0009806457076
12143	0.0003247598149
12144	0.0003549238823
12145	0.001771924466
12146	0.001840507298
12147	0.0007316565311
12148	9.37341978e-05
12149	0.0001519377876
12150	0.0006543168467
12151	0.007251171239
12152	0.0005640762573
12153	0.003350378196
12154	0.001685778318
12155	0.0005713646741
12156	0.002319128904
12157	0.005256391021
12158	0.003997507879
12159	0.0004630659663
12160	0.006635202118
12161	0.000868515561
12162	0.0003114328119
12163	0.0007323983756
12164	0.001229284828
12165	0.001091930909
12166	0.001390891407
12167	0.001906407516
12168	0.001853766488
12169	0.0001007837752
12170	0.0002718809648
12171	0.000907045564
12172	0.001208114534
12173	0.001369854452
12174	0.00405686388
12175	0.003562340878
12176	0.002154341655
12177	0.001939536145
12178	0.006198963089
12179	0.003957032856
12180	0.001718946582
12181	0.0007678648961
12182	0.002398686331
12183	0.003360850804
12184	0.00310702666
12185	0.002538343602
12186	0.0001743952003
12187	0.001452780714
12188	0.001221830638
12189	0.002008493306
12190	0.0003142112989
12191	0.006475622845
12192	0.002929247991
12193	0.0002092292763
12194	0.002437959414
12195	0.000493364426
12196	0.0002637043413
12197	0.004150743517
12198	0.003441715918
12199	0.002489977698
12200	0.00253442898
12201	0.001523778419
12202	0.0009346515914
12203	0.0002731895991
12204	0.0007957627337
12205	1.104604567e-05
12206	0.00724124068
12207	0.001232412934
12208	0.0008007321811
12209	0.005344845243
12210	0.0001795360875
12211	0.0001804887671
12212	0.004438271258
12213	0.0003921987236
12214	0.002613265562
12215	4.688936501e-05
12216	0.0004182011502
12217	0.0008798112034
12218	0.001129084916
12219	3.59455428e-05
12220	0.002140959193
12221	0.001196038706
12222	0.002700109824
12223	0.006921945603
12224	9.787110794e-05
12225	0.003347097716
12226	0.004195442798
12227	0.001961457718
12228	0.002265238139
12229	0.003019772472
12230	0.002104826235
12231	0.001151239936
12232	0.002443784168
12233	0.0001470339053
12234	0.001364729552
12235	0.0009951472647
12236	0.0009023815207
12237	0.002182146153
12238	0.0004021765374
12239	0.0007530436389
12240	0.0008349248436
12241	0.002318507113
12242	0.0004809780433
12243	0.002938191292
12244	0.002067302383
12245	0.002638659992
12246	0.002442924168
12247	0.00219025055
12248	0.001867635728
12249	0.000185184521
12250	0.00555706571
12251	0.003153610893
12252	0.0005025226974
12253	0.007877721229
12254	0.000363459215
12255	0.0004443160206
12256	0.0010888989
12257	2.982409744e-05
12258	0.002121559061
12259	0.0001179729973
12260	0.001174608828
12261	1.575313284e-05
12262	0.0008013225138
12263	0.002057296911
12264	0.003087139132
12265	0.000875261519
12266	0.001951682716
12267	0.0007271183715
12268	0.001110764426
12269	0.002281585084
12270	0.005498376345
12271	8.623459662e-05
12272	0.0008918665803
12273	0.001813404531
12274	0.0005562525232
12275	0.002038584062
12276	9.885377128e-05
12277	0.0002424358325
12278	0.000200936917
12279	4.263824269e-07
12280	0.0001061498055
12281	0.001020635897
12282	0.001033284266
12283	0.0001182182279
12284	0.0003520404808
12285	0.002403681572
12286	0.000290984859
12287	0.0001569003887
12288	0.0006699797925
12289	0.004329344
12290	0.002568840102
12291	0.004315485411
12292	0.001200727335
12293	0.0002856596229
12294	0.002024867779
12295	0.001217830993
12296	0.001186228288
12297	0.000489652283
12298	0.002985487131
12299	0.005269230977
12300	0.0006347847109
12301	0.0009160300561
12302	0.002508344046
12303	0.000533459496
12304	0.003004872316
12305	0.0001415528432
12306	0.0002830209922
12307	0.0002655261243
12308	8.32695025e-05
12309	0.0009527073107
12310	5.578147168e-05
12311	0.00187450956
12312	0.002498971763
12313	0.0004228007848
12314	0.001669335466
12315	0.002103700041
12316	0.001455951999
12317	0.001038106085
12318	0.002335087907
12319	0.007013225332
12320	4.455080923e-06
12321	0.0003521151461
12322	0.002745737964
12323	0.0007259701446
12324	0.0001587216673
12325	0.002818499982
12326	0.001784878016
12327	0.0004639476318
12328	0.000816905679
12329	0.001407085794
12330	0.001563957053
12331	0.001733440867
12332	0.001158878949
12333	0.001043933335
12334	0.001243733868
12335	0.001138115051
12336	0.001185311116
12337	0.001257242324
12338	0.003170028173
12339	0.001431254212
12340	0.002539455388
12341	0.0009169668613
12342	0.002594726651
12343	0.0005942100613
12344	0.004199129676
12345	0.0007344380202
12346	0.0002061733977
12347	0.00061854228
12348	0.001697266949
12349	0.00411754938
12350	0.0002633852033
12351	0.0008956483335
12352	0.006861036764
12353	0.0002963695959
12354	0.002044101641
12355	0.0003915084757
12356	3.773689248e-05
12357	0.0006033469629
12358	0.001112443598
12359	0.0001569067331
12360	0.00126334537
12361	0.00231226817
12362	0.0008953887873
12363	0.001058233021
12364	0.0003912649524
12365	0.0003520624746
12366	0.004281342118
12367	0.002121765175
12368	0.001156451327
12369	0.001502236349
12370	0.00535102619
12371	0.0007762440803
12372	0.0008274239823
12373	0.001763035008
12374	0.001488087719
12375	0.003841050211
12376	0.007871461215
12377	0.002843692876
12378	0.001002225408
12379	0.00159744873
12380	0.001636012341
12381	0.0008682411323
12382	0.004102928927
12383	0.0002570990261
12384	0.01056173997
12385	0.000207124469
12386	0.001230296299
12387	0.0004175518663
12388	0.000362900659
12389	0.003284971307
12390	0.00145028809
12391	0.001410073764
12392	0.002439529835
12393	0.002187654052
12394	0.0002753928028
12395	0.0008028212201
12396	0.0001494661514
12397	0.002048982541
12398	0.001782668881
12399	0.001286234143
12400	0.0009693255738
12401	0.0004439987224
12402	0.0002430849036
12403	0.0008786742554
12404	0.0004478374803
12405	0.002578746898
12406	0.0007737343161
12407	2.295595986e-05
12408	0.0006387689433
12409	0.0001506865355
12410	0.002218793274
12411	0.0002850248103
12412	0.0007138309893
12413	0.001521875726
12414	0.001319569595
12415	0.0002273387072
12416	0.00100532504
12417	0.0005404885515
12418	4.420371119e-05
12419	0.0008326865619
12420	0.001101350269
12421	0.0001653800889
12422	0.005795158892
12423	0.0002198509853
12424	0.0001641553825
12425	0.000624617959
12426	3.763647015e-05
12427	0.0009239636019
12428	2.752933248e-05
12429	0.0004743142569
12430	3.457525732e-05
12431	0.000443241522
12432	0.0001607282863
12433	0.000476416555
12434	0.0001215229318
12435	0.0006528894361
12436	0.0001319652803
12437	0.0003822614729
12438	0.0003348654516
12439	0.0006061139758
12440	0.002243960758
12441	0.006023347234
12442	0.005364346739
12443	0.003861807475
12444	0.001106628209
12445	0.004330303731
12446	0.005113193987
12447	0.001595085325
12448	0.002329103069
12449	0.001554340071
12450	0.003000037136
12451	0.003048263734
12452	0.001827562932
12453	0.003056821262
12454	0.0001646678704
12455	0.001661026405
12456	9.31338184e-05
12457	0.0002597708422
12458	0.002999217301
12459	0.002916147524
12460	0.001873806285
12461	0.0003230902286
12462	0.00354710145
12463	0.001042370095
12464	0.002080699728
12465	0.0003771731318
12466	0.0005772156084
12467	0.001397003889
12468	0.0006532639093
12469	0.001273764583
12470	0.003359014412
12471	0.002048608581
12472	0.001120429491
12473	0.003304260713
12474	0.0005165330186
12475	0.001532438273
12476	0.0002079904564
12477	0.003361650732
12478	0.006014760669
12479	0.00288018686
12480	0.001296662978
12481	0.003726067035
12482	0.0003799391838
12483	0.001456564595
12484	0.00168352048
12485	0.002134088539
12486	0.0002745120621
12487	0.001176482809
12488	0.00158053266
12489	0.007155112455
12490	0.003271106317
12491	0.003376697905
12492	0.0003137486613
12493	0.003196140889
12494	0.001996827119
12495	0.0004586732809
12496	0.003609554699
12497	0.005629767951
12498	0.00752236666
12499	0.001266465403
12500	0.0007780699868
12501	0.004349975645
12502	0.0005013404124
12503	0.0003165565048
12504	0.001864711327
12505	0.001381387812
12506	0.0007483649873
12507	0.0002209833471
12508	0.007404317051
12509	0.003482071238
12510	0.002051946095
12511	0.001559212658
12512	0.0003829750605
12513	0.001646365135
12514	0.001735368479
12515	0.00131554028
12516	0.0008213570896
12517	0.006251407762
12518	0.0006425116916
12519	0.005258261687
12520	0.002956021693
12521	0.0009140296245
12522	0.002116109404
12523	0.0003384541589
12524	0.002387535418
12525	0.0007668569739
12526	0.001042595772
12527	0.0001028547837
12528	0.001735136229
12529	0.0002645883849
12530	0.0002143220115
12531	0.0001866320656
12532	0.005144882759
12533	0.001439349384
12534	0.0008292507967
12535	0.0005940167195
12536	0.003751345344
12537	0.0006495569969
12538	0.0001882256194
12539	0.0006415740417
12540	0.0004195990981
12541	0.006182805774
12542	0.0002169928723
12543	0.0002286983309
12544	0.001308472907
12545	0.001612008314
12546	0.00302707129
12547	0.0005859428981
12548	0.0005785185012
12549	0.005268162877
12550	0.0002387772862
12551	1.026249015e-05
12552	0.001375526082
12553	0.0002128589092
12554	9.803494629e-05
12555	0.0005116843902
12556	0.01000480441
12557	0.0002248835279
12558	0.0001864501997
12559	0.00110305563
12560	0.0002670195829
12561	0.001782275774
12562	0.001825368803
12563	0.0002341580297
12564	0.001306417503
12565	0.0003802018312
12566	0.003127332241
12567	0.001419985893
12568	0.000433032041
12569	0.001080510523
12570	0.0008288396694
12571	0.002995369868
12572	0.001756187145
12573	0.002264501356
12574	0.001069656852
12575	0.001059163668
12576	0.000315533377
12577	0.0006890975485
12578	0.0009978849183
12579	0.000999097968
12580	0.0008902292938
12581	0.0008311834168
12582	0.0005852311707
12583	0.000585296279
12584	0.0001562108764
12585	0.0004805352885
12586	0.005423025957
12587	0.003892812903
12588	0.0003246382636
12589	0.0003626285268
12590	0.002932118087
12591	0.004380349298
12592	0.001102370566
12593	0.001176282147
12594	0.001033942973
12595	0.007637892042
12596	0.0003766563297
12597	0.0002783127615
12598	0.0003497728067
12599	0.0004352122193
12600	0.0002501551181
12601	0.0002241579071
12602	0.000118657018
12603	0.0005547810865
12604	0.000430487761
12605	0.0002993415096
12606	0.0002508565849
12607	0.0009278678233
12608	0.0009315593788
12609	0.0004515396577
12610	0.0003782013848
12611	0.0003033875353
12612	0.0001762508301
12613	0.0001612388002
12614	0.0004532266674
12615	0.0001601418987
12616	4.050670778e-05
12617	0.0002796409428
12618	0.0007537529869
12619	0.0003993827426
12620	0.0001410273609
12621	0.0003190845749
12622	0.0002245071193
12623	2.863534652e-06
12624	0.0001694472402
12625	2.709875199e-05
12626	0.003368894322
12627	2.615453078e-05
12628	5.346467885e-05
12629	0.0001212830386
12630	0.001801747779
12631	0.0002402036897
12632	7.640699762e-06
12633	0.0001559024293
12634	0.0002185291695
12635	9.1041736e-05
12636	5.921726422e-05
12637	8.596243532e-05
12638	0.0006167093032
12639	0.0003754872504
12640	0.0003782360266
12641	0.001143522706
12642	0.0001994934598
12643	3.135630166e-05
12644	0.000438310037
12645	0.0001383748726
12646	0.0003031739894
12647	4.077027471e-05
12648	0.000106988827
12649	0.0009974787213
12650	6.576975067e-05
12651	0.0003348295863
12652	0.0001398721685
12653	0.0001004160413
12654	0.002690689075
12655	0.002438823378
12656	0.0002662261307
12657	0.0009689661849
12658	0.0002033068744
12659	1.197871957e-05
12660	0.0003280983445
12661	0.004289703551
12662	0.0002806563015
12663	0.0001333133746
12664	0.0001157524959
12665	5.290197857e-05
12666	0.0009942083049
12667	0.0006093853486
12668	0.0008026625266
12669	0.0007630847518
12670	0.001617169005
12671	9.574159178e-05
12672	7.756336037e-05
12673	0.0003388646058
12674	0.0004528867342
12675	0.0003820239265
12676	0.0005996029573
12677	0.0001278574157
12678	0.0001333882159
12679	0.0006783232911
12680	0.0002654758801
12681	0.0005099577308
12682	0.0003950092062
12683	0.0001915515589
12684	0.003011311623
12685	3.539343554e-05
12686	0.000286774076
12687	0.0008212445309
12688	1.411166466e-05
12689	0.001342248395
12690	0.003286789967
12691	0.002134209371
12692	0.0001717795456
12693	0.003438828734
12694	0.001639275365
12695	3.128824681e-05
12696	0.003205770712
12697	0.0007515889882
12698	0.002599681966
12699	0.0003730730573
12700	0.003046304042
12701	0.000709507499
12702	3.635103484e-06
12703	0.001942563976
12704	0.001458809146
12705	0.0001231286206
12706	0.0001724892339
12707	0.0004580534787
12708	0.0009985958854
12709	0.0004657925843
12710	3.725182761e-06
12711	0.0005487474615
12712	0.0006706850691
12713	4.851273623e-05
12714	0.0008754613739
12715	0.0004037651057
12716	0.0006428206671
12717	2.548997887e-05
12718	0.0003107906927
12719	0.001390959736
12720	3.923189214e-05
12721	0.002732538985
12722	0.001537759579
12723	0.002293648927
12724	0.0001513225073
12725	0.0054428541
12726	0.0004118170242
12727	0.0009368546862
12728	0.0003726256383
12729	0.002214232128
12730	0.007890745068
12731	8.121511939e-05
12732	0.003838468083
12733	0.004274162787
12734	0.0009022116539
12735	0.001632177889
12736	0.001884179337
12737	0.001584372889
12738	0.002757831072
12739	0.005087052497
12740	0.003139360297
12741	0.002215900624
12742	0.0002978570855
12743	0.0039695649
12744	0.002412476608
12745	0.001890506422
12746	0.003671091135
12747	0.00312006312
12748	0.0008178798681
12749	0.0003330411117
12750	0.001763837
12751	0.002243192429
12752	0.00209180836
12753	0.0003682074703
12754	0.000758013831
12755	0.002816815759
12756	0.001094339905
12757	0.00146705295
12758	0.004379440471
12759	0.005608138204
12760	0.002762656107
12761	0.0001484280203
12762	0.002993495419
12763	0.0005637682421
12764	0.0007970812806
12765	0.0003262533555
12766	0.003711807522
12767	0.003154440005
12768	0.001189092341
12769	2.847529494e-05
12770	0.005665714944
12771	0.0006891600731
12772	0.002431519028
12773	0.0001650758455
12774	0.003468390924
12775	2.59591935e-05
12776	0.002554585552
12777	0.001375163233
12778	0.004230137242
12779	0.001890128834
12780	0.0002483442711
12781	0.0007045056618
12782	0.00127785083
12783	0.001128585572
12784	0.0007685990953
12785	0.002583219636
12786	0.002605188827
12787	0.001402112218
12788	0.002871714093
12789	0.003495475394
12790	0.002546289833
12791	0.001943538889
12792	0.0007946592515
12793	0.001804109853
12794	0.00680845972
12795	0.002204565353
12796	0.000694065601
12797	0.00047356175
12798	0.00110669979
12799	0.001627579402
12800	0.000517185927
12801	0.0002930549809
12802	0.003241667564
12803	0.002761445847
12804	0.001032121075
12805	0.001525123688
12806	0.00128642438
12807	0.00186961584
12808	0.003154677501
12809	0.003434792489
12810	0.0009286828577
12811	0.002819857449
12812	0.001498530891
12813	0.0009266515648
12814	0.0006737017676
12815	0.002060245926
12816	0.0001889692786
12817	0.0081079398
12818	0.006097041025
12819	0.001178448912
12820	0.002294430131
12821	0.005770554321
12822	0.004027479342
12823	0.0002398701248
12824	0.00433490036
12825	7.150596577e-05
12826	0.002407820223
12827	0.0004734890025
12828	0.003245646254
12829	0.00543618921
12830	0.0003504577189
12831	0.0002775864169
12832	0.0004322107979
12833	0.0001562328432
12834	0.0006356124612
12835	0.0003015312305
12836	0.00623192499
12837	0.0008537120004
12838	0.0001031846793
12839	0.000710521949
12840	0.000189087079
12841	0.0004810474311
12842	0.001153044479
12843	0.0002660680703
12844	0.0008226714158
12845	0.0004218637094
12846	0.003201445222
12847	0.002289517989
12848	0.003173122212
12849	0.006770524531
12850	0.01274969848
12851	0.0003113622258
12852	0.002443956085
12853	0.001244312692
12854	0.0006336817212
12855	0.000985878086
12856	0.009543671144
12857	0.0001157526489
12858	0.001557356212
12859	0.004420985322
12860	0.006001153459
12861	0.001635362969
12862	0.005814193971
12863	6.50520301e-05
12864	6.602285985e-05
12865	0.001690291443
12866	0.002219896452
12867	4.454946688e-05
12868	0.004975865274
12869	6.09721597e-05
12870	0.0002837552225
12871	0.001207733215
12872	0.0001880777024
12873	0.0006273269822
12874	7.726245226e-05
12875	0.0008196419981
12876	0.002674571643
12877	0.001176264265
12878	0.002093174883
12879	0.0007984461472
12880	0.003315871509
12881	0.001063525272
12882	0.0009710340851
12883	0.0008478393925
12884	0.001564373934
12885	0.001023166321
12886	0.0007295644836
12887	0.002644422701
12888	0.002508460998
12889	0.001960437265
12890	0.001751861323
12891	9.590830887e-06
12892	0.0045716599
12893	0.00239852138
12894	0.001576751754
12895	8.15860757e-05
12896	8.206378458e-05
12897	0.00171855311
12898	0.0002988989045
12899	0.0003797129963
12900	0.003137806601
12901	0.004894450204
12902	0.0002784333166
12903	0.001641648586
12904	0.0009092593207
12905	0.0001874327807
12906	0.004186845631
12907	0.001338676617
12908	0.001091599425
12909	0.0002353781176
12910	4.816946986e-05
12911	0.002446330628
12912	0.002219836292
12913	0.0004489253011
12914	0.001696075802
12915	0.0009776201295
12916	0.003206101296
12917	0.0007021455865
12918	0.000799429463
12919	0.001282064209
12920	0.00447561151
12921	0.0008919025342
12922	0.004633913219
12923	0.002181336398
12924	0.002715620755
12925	0.002092696982
12926	0.002659495178
12927	0.0009294041458
12928	0.002403974543
12929	0.0007745277444
12930	0.0007051395418
12931	0.0001725162279
12932	0.0001832387331
12933	0.0001383477184
12934	0.000267541369
12935	0.0002364880399
12936	0.0004529943386
12937	5.060554836e-05
12938	0.0008837619164
12939	0.0007987857999
12940	9.440563534e-05
12941	0.0006274498278
12942	0.0002274701001
12943	9.353179734e-06
12944	0.000594050552
12945	0.0001887928623
12946	6.339778021e-05
12947	0.0005902289313
12948	0.0004102167718
12949	6.346783631e-05
12950	0.001479420934
12951	0.004316940114
12952	0.001005730039
12953	8.620423916e-05
12954	0.001053235557
12955	0.0002875175598
12956	0.001828016281
12957	0.001375674011
12958	0.006575982364
12959	0.000372598745
12960	0.0003918690734
12961	0.005099235721
12962	0.002829645855
12963	0.001940523255
12964	0.0002869604048
12965	0.000243591002
12966	9.854676407e-05
12967	0.0001506371628
12968	0.0003530059833
12969	0.0003418241838
12970	0.0002406227011
12971	0.001220514605
12972	0.0009315086573
12973	0.0001847970556
12974	0.0001873437853
12975	0.000549592438
12976	0.001136066058
12977	9.262768523e-05
12978	0.0004979915343
12979	0.0001134218283
12980	0.0004691459785
12981	0.001003773861
12982	0.003389868754
12983	0.001933093675
12984	0.0003264617434
12985	0.001263475696
12986	0.001822750937
12987	0.001405558222
12988	0.0002149676982
12989	0.002574088947
12990	0.004547209699
12991	0.0001477936892
12992	0.0009247789984
12993	0.001666872758
12994	0.000598875807
12995	0.0001815311138
12996	0.0005405641185
12997	0.002297845635
12998	0.0001110324922
12999	0.003816473191
13000	0.002155942542
13001	0.001586538881
13002	0.001778421695
13003	0.003136004389
13004	0.000987661571
13005	0.001798400505
13006	0.001495915438
13007	0.001945908777
13008	0.001688571521
13009	0.006635268924
13010	0.00022346075
13011	0.001909406016
13012	0.0006378629743
13013	0.0002770621592
13014	0.0004974138815
13015	8.538275579e-05
13016	5.475715938e-05
13017	1.343949257e-05
13018	0.003668569219
13019	0.0007833990936
13020	0.003665919525
13021	0.001794947726
13022	0.001554836597
13023	6.066646353e-06
13024	0.001658032986
13025	0.003515965269
13026	0.000920571962
13027	0.0004764792514
13028	0.0004107582009
13029	0.001026475052
13030	0.0003920231787
13031	0.00201605272
13032	1.266622397e-05
13033	0.0002712256113
13034	0.00114993799
13035	0.001529653877
13036	0.005311140159
13037	0.004729210287
13038	0.0001543083701
13039	0.0001069446744
13040	0.0005420318626
13041	0.0001847670139
13042	0.001905209016
13043	1.972134317e-05
13044	0.000330202831
13045	0.000390532185
13046	0.005577824945
13047	6.036094117e-05
13048	0.0001423510555
13049	0.0005843592809
13050	1.007747756e-05
13051	0.01085719724
13052	0.0004152268209
13053	0.002073396778
13054	0.0006071554083
13055	0.002344179879
13056	0.001833852964
13057	0.0003953767062
13058	0.002051535378
13059	0.0001429054948
13060	0.001139717314
13061	0.0003834774946
13062	0.003962498977
13063	0.001323444795
13064	0.001379378388
13065	0.00265665489
13066	0.0007584994715
13067	5.366264456e-05
13068	6.088849996e-05
13069	0.001451083094
13070	0.001635533701
13071	3.190785542e-05
13072	0.0002559524107
13073	0.0003182459739
13074	0.0005978738732
13075	0.002822528961
13076	0.0001190833765
13077	0.0006613679512
13078	0.0004277753788
13079	4.695831304e-05
13080	0.0008788302662
13081	0.001760021798
13082	0.000420049812
13083	0.0001064340002
13084	8.267560422e-05
13085	2.435952267e-05
13086	0.000799735514
13087	0.0001150616487
13088	0.001189818014
13089	0.003611855244
13090	0.0007930397093
13091	0.001844498905
13092	0.000372371976
13093	0.0001376531621
13094	0.0009400464004
13095	0.001723032287
13096	0.001353517364
13097	0.002495697145
13098	1.020232381e-05
13099	0.0001659431146
13100	0.0003908698471
13101	0.0004656522491
13102	0.0004332501249
13103	0.0009543259327
13104	0.0001476050383
13105	0.0002103755546
13106	9.625428351e-06
13107	0.0007847313802
13108	0.001565800729
13109	0.0008357509579
13110	0.001286401593
13111	0.003834302133
13112	0.002099689356
13113	0.0001088340915
13114	0.001575853659
13115	0.0003841156909
13116	0.001120228244
13117	0.0002090360232
13118	0.0007053086983
13119	0.001608856944
13120	0.0002071893306
13121	0.0008025811903
13122	0.0009836635822
13123	0.003644866529
13124	0.002537846445
13125	0.00350645267
13126	0.002362160263
13127	0.002456180413
13128	0.001269277179
13129	0.001765977958
13130	0.0002069037787
13131	0.0006962729541
13132	0.0006708570719
13133	2.59763989e-05
13134	9.613552078e-05
13135	0.0003315855592
13136	0.0001277118256
13137	0.0004044082366
13138	0.0007253256474
13139	0.0004328631651
13140	5.737659213e-05
13141	0.0001905667175
13142	6.728296344e-05
13143	0.0007142618891
13144	0.000408285584
13145	0.001102106766
13146	0.0003270068631
13147	0.0002671034152
13148	0.0008154015524
13149	0.0001681235479
13150	0.0003744756606
13151	0.0008066742294
13152	0.0001881815982
13153	4.157834685e-05
13154	0.0008946213981
13155	0.0007119641213
13156	0.0007702543287
13157	0.0003665235629
13158	0.0008779076575
13159	0.0001866362846
13160	0.0001831815464
13161	0.0002824669481
13162	0.0004441661961
13163	5.217275398e-05
13164	0.0007455471781
13165	1.971335351e-05
13166	0.001153854977
13167	0.0004305710694
13168	0.002007358549
13169	0.001726424619
13170	0.001760755402
13171	0.0002689471657
13172	0.0001861976396
13173	0.0003379179785
13174	0.0002726890731
13175	0.003272687324
13176	0.004384360792
13177	0.002263711374
13178	0.007587090998
13179	0.0001421046206
13180	0.0006620857316
13181	0.0002015103682
13182	0.004344354425
13183	0.001186376662
13184	6.910350808e-05
13185	0.0002527847727
13186	0.001048962963
13187	0.0002742566034
13188	0.0003560216035
13189	0.001303626677
13190	0.001595530681
13191	5.8275133e-05
13192	0.001459070256
13193	0.001009318505
13194	0.001677482924
13195	0.0007352832416
13196	0.0003906360884
13197	0.0007122970943
13198	0.0002751652607
13199	9.858505847e-05
13200	0.0002882117053
13201	0.0001036091226
13202	0.0002946537756
13203	0.0007657422997
13204	9.131149078e-05
13205	0.001233423276
13206	0.0003659581461
13207	0.003532404743
13208	0.004897360836
13209	0.0002627459674
13210	0.0001859035838
13211	0.0003879042431
13212	0.0009910304238
13213	0.0003225193811
13214	0.0001667996159
13215	0.0045466089
13216	0.00380920868
13217	0.001947896569
13218	0.0008941205188
13219	0.0006189658816
13220	0.001323923675
13221	0.0005278042345
13222	0.0008122967238
13223	0.0004906061245
13224	0.001783529308
13225	0.0001498938841
13226	0.0002262276185
13227	0.0002265677121
13228	0.0004313364099
13229	0.000161821158
13230	0.001207527851
13231	0.000289082058
13232	0.0005096891727
13233	0.0004877806049
13234	0.0005973872027
13235	0.001099582872
13236	0.0002769653846
13237	0.001393275559
13238	0.00341739051
13239	0.0001784336542
13240	0.0002993929161
13241	0.001125151061
13242	0.002095041919
13243	0.0002833586931
13244	1.560850306e-05
13245	0.001795624737
13246	0.002020172849
13247	0.0003322034502
13248	0.002011627552
13249	0.0007901367533
13250	0.0001179731516
13251	0.0009895807664
13252	0.001947438881
13253	0.0003803204689
13254	0.000197222378
13255	0.0005496263577
13256	0.001244441847
13257	0.0003652360666
13258	7.496874068e-05
13259	0.001388284054
13260	0.0002067221913
13261	0.001755262175
13262	0.0005539549803
13263	0.0007526870475
13264	0.0001838463108
13265	0.001041689934
13266	0.0002027584034
13267	0.003608045672
13268	0.000561531308
13269	3.200856495e-05
13270	0.001233188576
13271	0.002011499222
13272	5.292751753e-05
13273	0.00143136158
13274	7.900520865e-05
13275	0.0003302232574
13276	1.040175884e-05
13277	9.233345513e-05
13278	0.0002538785271
13279	0.003216142719
13280	0.001158327136
13281	4.540022476e-05
13282	0.002214709997
13283	0.003647871507
13284	0.006512066739
13285	0.00107688258
13286	0.0006386070047
13287	0.0006744902678
13288	0.000101208474
13289	0.000541946962
13290	8.921787324e-05
13291	0.0001503307604
13292	0.0002923300944
13293	0.0003781002021
13294	9.312405219e-05
13295	0.0003435564255
13296	0.000839123959
13297	0.000329903942
13298	0.0001733552466
13299	0.0001532728748
13300	0.0002184929617
13301	0.0004966457232
13302	0.0007362348244
13303	0.0006055471861
13304	0.002371540868
13305	0.0003193184258
13306	0.0003810410066
13307	0.0006537324512
13308	0.0003475690892
13309	0.00160213356
13310	0.0007378098886
13311	8.883892698e-05
13312	0.00119072285
13313	0.000110774743
13314	0.000202174401
13315	0.0002347869107
13316	0.001070212384
13317	0.0002254428641
13318	0.001449350298
13319	7.129911705e-05
13320	0.001978856195
13321	0.0004530619485
13322	0.0003167976459
13323	6.808114094e-06
13324	0.0002973813226
13325	0.001100875059
13326	2.206283418e-06
13327	0.001220459086
13328	0.00224492022
13329	0.001144251563
13330	0.0007440459189
13331	0.0001322925735
13332	3.569008464e-06
13333	8.677801455e-05
13334	0.001138903257
13335	0.0020131089
13336	0.00118718713
13337	0.0002020158451
13338	0.001908889141
13339	0.0004478352741
13340	0.0002796910351
13341	0.003184914902
13342	1.637488691e-05
13343	0.0001024573482
13344	0.0009876526025
13345	0.0003833397377
13346	0.0009009557349
13347	0.0001699052852
13348	0.0002512076691
13349	5.364083264e-05
13350	0.0009124009395
13351	0.0002801606038
13352	0.0006204421273
13353	0.0004776735658
13354	0.0008115605834
13355	0.001412453155
13356	1.350367077e-05
13357	0.004181417546
13358	0.0006305109704
13359	0.0003931657514
13360	7.423914489e-05
13361	0.0004293012106
13362	0.0001673425451
13363	0.000224552562
13364	0.002666730362
13365	0.0007488651472
13366	0.002258633478
13367	0.004691273987
13368	0.0001559504309
13369	0.004098205213
13370	0.0007426448305
13371	5.061102701e-05
13372	0.002748628956
13373	0.001475739349
13374	0.001529476055
13375	0.002860430343
13376	0.0003602925273
13377	0.0003116119783
13378	7.974423437e-05
13379	0.0005645552892
13380	0.0008273394425
13381	0.0006793728917
13382	0.0006939885932
13383	0.0003147477747
13384	0.0003694967083
13385	5.020489437e-05
13386	0.001482205116
13387	0.0004116915886
13388	0.0005248229042
13389	0.0001439033818
13390	0.0003747436349
13391	0.000586977462
13392	0.002201260976
13393	5.903027683e-05
13394	0.0004354972026
13395	0.001980911068
13396	0.006347231209
13397	0.001369475942
13398	0.001990455648
13399	0.0005959080105
13400	0.003988999006
13401	0.0003132532289
13402	0.002301870588
13403	0.001629024236
13404	0.001142465332
13405	0.0004902739338
13406	0.0002798829709
13407	0.004874715852
13408	0.004876131866
13409	0.001595749259
13410	0.003055579107
13411	0.0002283334904
13412	0.002177533234
13413	0.002828658401
13414	0.0001513458273
13415	0.002258817257
13416	0.00126541565
13417	0.002399547226
13418	0.007124164449
13419	0.001449129372
13420	0.0008370238881
13421	0.0008425284521
13422	0.0002296187661
13423	0.0001713643991
13424	0.000166806222
13425	0.001169546494
13426	0.001077638431
13427	5.725796738e-05
13428	0.004975058592
13429	0.001998100792
13430	0.0003259990952
13431	0.0005260008989
13432	0.001335249446
13433	0.0008169299527
13434	0.001237826401
13435	0.0003230823204
13436	0.001055891076
13437	0.002813315679
13438	0.001528349933
13439	0.0005568773913
13440	0.0002953202815
13441	0.0005378063763
13442	0.0007040949821
13443	0.000533333809
13444	0.0006388197718
13445	0.001568532026
13446	0.001918981103
13447	0.003211145863
13448	0.007549659914
13449	0.009447183721
13450	4.968366707e-05
13451	0.003990041365
13452	0.002799140018
13453	0.001015467027
13454	4.78306826e-05
13455	0.001168700483
13456	0.002448848866
13457	0.001449580559
13458	0.0005777178916
13459	0.0002980141494
13460	0.0009489187027
13461	0.0001975678195
13462	0.0002327482106
13463	0.0006905046018
13464	0.0002214750789
13465	0.0004047507206
13466	0.0007175602676
13467	2.17911936e-05
13468	2.196174755e-05
13469	0.0001940483876
13470	0.004334848642
13471	4.115952515e-05
13472	0.0001178841239
13473	0.002734763683
13474	0.0001092536261
13475	0.0009609487497
13476	0.000116281471
13477	8.51277377e-05
13478	0.0005588286835
13479	0.0001256928897
13480	0.001108778838
13481	8.009515672e-06
13482	0.0006624987351
13483	0.0009733614587
13484	0.0001258389444
13485	0.0004953564648
13486	8.611613766e-05
13487	0.0002467151087
13488	0.0003565317908
13489	0.003349311409
13490	0.001338504483
13491	0.0008928029633
13492	0.003144446092
13493	0.001218011161
13494	0.0002248702678
13495	0.0001612322252
13496	0.0008294426769
13497	0.0004507716471
13498	0.0001340666356
13499	0.000103221152
13500	4.79697911e-06
13501	0.0006542322
13502	0.0001433511885
13503	0.0003365148748
13504	0.0002060065369
13505	0.0002839477137
13506	0.0002363960674
13507	0.0001320436394
13508	0.0006469505552
13509	0.0005909176537
13510	0.005093417258
13511	0.0007128690283
13512	0.002799951833
13513	0.0001202774414
13514	0.001189173712
13515	0.0006911984886
13516	4.377134567e-05
13517	0.0002424518583
13518	0.0006390625371
13519	0.0008348534453
13520	0.0005975764358
13521	0.00140415232
13522	0.0002713298212
13523	6.52010448e-05
13524	0.001142120987
13525	0.001313522362
13526	0.0008011862694
13527	4.273618104e-05
13528	0.001220259886
13529	0.0009887807161
13530	0.0002791965862
13531	0.0002907352442
13532	0.0006949855501
13533	0.002815888383
13534	0.0008716914925
13535	0.0003125008987
13536	0.0003364088291
13537	0.001004262108
13538	0.001272987094
13539	0.001084532477
13540	0.001025210391
13541	0.0003757649966
13542	0.0001218556889
13543	0.000419141038
13544	0.001194260947
13545	0.001085167095
13546	0.0004262222295
13547	0.0003375919116
13548	0.0004789338784
13549	0.00076550189
13550	0.0004839023156
13551	0.001721813747
13552	0.0004886073348
13553	0.0001073988015
13554	0.0009411462298
13555	0.0003812684719
13556	0.0007539188628
13557	0.0009530951773
13558	6.179893888e-05
13559	0.0005817533622
13560	0.0001414535471
13561	0.0006381671609
13562	0.0005900931538
13563	0.002091794553
13564	0.003034063389
13565	0.003649182106
13566	0.0007113915296
13567	0.003606041299
13568	0.001969109544
13569	0.0003968639371
13570	0.002413812144
13571	0.0002293858508
13572	0.004726536774
13573	0.0005801137078
13574	0.000497505809
13575	0.0002240518276
13576	0.001594210371
13577	0.001140532152
13578	0.00101941353
13579	0.002675018784
13580	0.0003790616813
13581	0.0005051867197
13582	0.0003288801929
13583	0.0003095949845
13584	0.004003838544
13585	0.0006510831148
13586	0.001191365477
13587	0.000126988445
13588	0.000308893112
13589	0.001996157227
13590	0.002328596266
13591	0.001173306715
13592	0.0005982706822
13593	0.002718298481
13594	0.001888191878
13595	0.0003651121453
13596	0.001147889598
13597	0.002626757412
13598	0.0005498237475
13599	0.003445018591
13600	0.0008533895009
13601	0.001058749444
13602	0.003075104582
13603	0.003759057438
13604	0.0003629684203
13605	5.751234993e-05
13606	0.0003083243459
13607	0.000521521818
13608	0.0002185591102
13609	0.002483798123
13610	0.003371936352
13611	0.0009406044163
13612	0.0001826735729
13613	5.289417345e-05
13614	0.0001409280722
13615	0.0003466984038
13616	0.0001028318396
13617	0.0005497932817
13618	0.0002498183389
13619	0.001418976835
13620	0.000690519456
13621	0.0008266134061
13622	0.000171388648
13623	0.0002290587688
13624	7.073463078e-05
13625	7.040835332e-05
13626	0.002905493454
13627	0.0009244515907
13628	0.00102910579
13629	0.0003478000642
13630	0.0002823227551
13631	0.0006837498103
13632	0.0005073928325
13633	0.0004650710799
13634	0.0009544327587
13635	0.001055439649
13636	0.0001168279765
13637	0.0001846243436
13638	7.657786451e-05
13639	0.0002570396283
13640	0.001017031831
13641	0.0003368337068
13642	0.0002852466314
13643	0.0006093514117
13644	0.0009685352194
13645	0.0003033350787
13646	9.02904218e-05
13647	0.002931701257
13648	0.003123971843
13649	0.001280484442
13650	0.001274778682
13651	0.000455427445
13652	0.0002676718796
13653	0.001193853878
13654	0.0001313230557
13655	0.0003855241395
13656	0.0003446151089
13657	0.0001667729244
13658	0.0003807494109
13659	0.0002581796224
13660	0.0006804901429
13661	0.0003070427814
13662	0.0002212045459
13663	0.0003959303488
13664	0.0002414153417
13665	0.001019566616
13666	0.00138264033
13667	2.838078506e-05
13668	0.0004529293938
13669	0.0001649851841
13670	0.0003157656964
13671	0.003374289703
13672	0.0002374378811
13673	0.0002964316148
13674	0.0001063795549
13675	6.695988693e-05
13676	0.001252528777
13677	0.0008133048963
13678	5.20439951e-05
13679	0.001583440877
13680	0.001343371333
13681	0.0004078800626
13682	0.002077933555
13683	0.002657307578
13684	0.001884919567
13685	0.0002281330796
13686	0.0001889454573
13687	0.0002846795717
13688	0.002528248943
13689	0.001006972245
13690	0.0004499969513
13691	0.0001199317493
13692	0.0001817337452
13693	0.003992598064
13694	0.002948057708
13695	0.001214932713
13696	0.001932320744
13697	0.000152133079
13698	0.002992313808
13699	0.00253096046
13700	0.0008571533299
13701	0.006883391969
13702	3.379012104e-05
13703	0.0002042194972
13704	0.0001353197835
13705	0.003524654144
13706	0.0008276609537
13707	0.0004740311144
13708	0.0004443149458
13709	0.003167679097
13710	6.182242502e-06
13711	0.000452787845
13712	0.0002794632818
13713	0.002495129144
13714	0.0002389429364
13715	6.256611092e-05
13716	0.0005195546186
13717	0.001769908868
13718	0.001240284081
13719	0.002784145693
13720	5.497269959e-06
13721	0.0003477498767
13722	0.005106046074
13723	0.002943033674
13724	0.001836668464
13725	0.004658865212
13726	0.004102590156
13727	0.002480161616
13728	0.008046652787
13729	0.0006981825937
13730	0.0001875681293
13731	0.003574809744
13732	0.001202072636
13733	0.002132627148
13734	0.003162125815
13735	0.000297728749
13736	0.001195044668
13737	0.001725290633
13738	0.002806160738
13739	0.003058035041
13740	0.001313774028
13741	0.0002804713188
13742	0.002219198256
13743	0.002854102859
13744	0.000334821366
13745	0.0002072342187
13746	0.0004014187415
13747	0.001357511008
13748	0.002559615063
13749	0.0006368286837
13750	0.001766407836
13751	0.0003352498679
13752	0.002258218394
13753	0.004246124742
13754	0.000749442049
13755	0.0002144827335
13756	0.00150199471
13757	0.001463238589
13758	0.002159089424
13759	0.001489924024
13760	0.00016555846
13761	0.002652283994
13762	0.005817051649
13763	0.00194385226
13764	0.003914770685
13765	0.001619290135
13766	0.002684630817
13767	0.001673003283
13768	0.002904032837
13769	0.00131368479
13770	0.0006060009721
13771	0.00223284756
13772	7.320391765e-05
13773	0.002441238996
13774	3.639252497e-05
13775	0.0008273195791
13776	6.094789415e-05
13777	0.001797284166
13778	0.0003437269521
13779	0.0003082483852
13780	0.002260894461
13781	0.0003671639345
13782	0.0003105759817
13783	0.0036172117
13784	0.003911267889
13785	0.001008950037
13786	0.002126465897
13787	0.001517645642
13788	0.0002521732375
13789	0.00165058159
13790	7.535110766e-05
13791	0.004722447342
13792	0.001099194725
13793	0.0001172892297
13794	0.003190974969
13795	0.0002565241473
13796	0.001135849462
13797	0.002915937251
13798	0.004860969716
13799	0.0004806368894
13800	0.0009119549003
13801	0.003308955264
13802	0.001197649895
13803	0.001467818892
13804	0.002310197596
13805	0.001165261708
13806	0.002073520046
13807	0.0007453328002
13808	0.00465309116
13809	0.006187075853
13810	0.0001092906897
13811	0.0001446232563
13812	0.001047178213
13813	0.00489793832
13814	0.002326708547
13815	0.002160900675
13816	0.001012986201
13817	2.506883783e-05
13818	0.0003230538528
13819	0.002292453935
13820	0.002543802616
13821	0.004262702166
13822	3.278429978e-05
13823	0.003079566262
13824	0.002882338576
13825	0.006897000435
13826	0.0001175928105
13827	0.002927997914
13828	0.003694636236
13829	0.001234940381
13830	0.0002348056774
13831	0.001147595411
13832	0.00153481383
13833	0.0009547114013
13834	0.002115207667
13835	0.0009662091399
13836	0.0005128925389
13837	0.0035073971
13838	0.002341642106
13839	0.000256183627
13840	0.0009862910617
13841	0.003957653931
13842	0.002639998145
13843	0.003705031767
13844	0.002522811965
13845	0.0001420314311
13846	0.0003635089792
13847	0.002030941057
13848	0.005777885842
13849	0.000723853257
13850	0.002811394205
13851	3.899146421e-05
13852	0.002441009222
13853	0.004582255149
13854	0.004166676695
13855	0.000343321207
13856	0.002437365122
13857	0.001816518467
13858	0.000707894987
13859	0.002725835367
13860	0.002288529479
13861	0.00110924364
13862	0.002745532429
13863	0.0004516376022
13864	0.001516076393
13865	0.00013531104
13866	0.0001951141508
13867	0.0009651871526
13868	0.001543076766
13869	0.001795327227
13870	0.004193877054
13871	0.005027638415
13872	0.005694214041
13873	0.004322923177
13874	0.004735901632
13875	0.003933725075
13876	0.00239859755
13877	6.975106916e-06
13878	0.004313374687
13879	0.000321496446
13880	0.002052177698
13881	0.002566582899
13882	0.001538516326
13883	0.00309892804
13884	0.003696322109
13885	0.001953608329
13886	0.00249256554
13887	0.001148071766
13888	0.000625940958
13889	0.001499559836
13890	0.0005401853846
13891	5.137954581e-05
13892	0.0001054247437
13893	0.0002587798627
13894	0.0003742442777
13895	0.0005303994276
13896	0.0004014145477
13897	0.0003797302055
13898	0.0008728494362
13899	0.001917890323
13900	0.0003191910711
13901	0.00139059411
13902	2.135328045e-05
13903	0.0006865132228
13904	0.000143264938
13905	0.000384002868
13906	3.362435682e-05
13907	0.001733254949
13908	0.0003740951297
13909	0.0002321410408
13910	0.0003308673175
13911	0.001931851596
13912	0.0007825831969
13913	0.001271848843
13914	0.004066770983
13915	0.003989303166
13916	0.003286498628
13917	0.005562866165
13918	0.002572530556
13919	0.002799691353
13920	9.920619963e-05
13921	0.0003571641621
13922	0.0007777676541
13923	0.0004020411404
13924	0.002828667215
13925	7.225893885e-05
13926	0.000358053585
13927	0.0004690325514
13928	0.0005359219444
13929	0.000227138854
13930	0.0008227636017
13931	8.701849443e-05
13932	1.344966121e-07
13933	0.003993742284
13934	0.0008066172714
13935	0.001293637983
13936	0.00119405837
13937	0.001903982601
13938	0.0007297046295
13939	0.0002305481683
13940	0.003868862976
13941	0.006906059604
13942	0.0006176381171
13943	0.0005374486116
13944	8.620106769e-05
13945	0.0003293579828
13946	0.0005035313181
13947	0.0007205569395
13948	0.0005573903116
13949	0.0008947016803
13950	0.001839047239
13951	0.0006922406165
13952	0.0005647843348
13953	0.001501717292
13954	0.0005989397593
13955	0.0002480141352
13956	0.0001151068982
13957	0.0007379612741
13958	0.0005368372918
13959	0.0001442000788
13960	0.000486219077
13961	0.001353360531
13962	0.0004762171143
13963	0.0001529949922
13964	0.0006568974052
13965	0.0006123609734
13966	0.001039184266
13967	0.002850929224
13968	0.00215826059
13969	0.0003069278206
13970	0.0004859244596
13971	0.001792983187
13972	0.001160127717
13973	0.002590263903
13974	0.0002163009675
13975	0.0003929271074
13976	0.0009543651967
13977	0.0005975715597
13978	0.0004113519586
13979	0.001054973175
13980	0.002616259612
13981	0.004342675943
13982	0.004062920598
13983	0.0001346911918
13984	0.0002637354914
13985	0.001434387307
13986	0.0008213246355
13987	0.002232276093
13988	0.001174937143
13989	0.001108318361
13990	0.00446898616
13991	0.0005393599231
13992	3.178412003e-05
13993	0.002837493065
13994	2.10847984e-05
13995	0.00226344462
13996	0.001982832396
13997	0.0009348159851
13998	0.001622353409
13999	0.004509195675
14000	0.0007649437055
14001	0.006473249196
14002	0.006236895776
14003	0.003246597103
14004	0.003401574602
14005	0.001852647777
14006	0.0001100347834
14007	0.00117233797
14008	0.0007541067405
14009	0.009849350567
14010	0.001136535753
14011	0.0007660289806
14012	0.001090111599
14013	0.01002302007
14014	0.0002641856782
14015	0.001017941821
14016	0.0009427309245
14017	0.001290115226
14018	0.001905505051
14019	0.0009278102593
14020	6.827967321e-05
14021	0.0003620569621
14022	0.0005640197703
14023	0.0002204295278
14024	0.003904169888
14025	0.0003079830717
14026	0.0006848517183
14027	0.0005353726731
14028	0.003727774683
14029	0.0009015420108
14030	0.002807018545
14031	0.001416673111
14032	0.000755787013
14033	0.002470320012
14034	0.00438210751
14035	0.001110014896
14036	0.002646945568
14037	0.0007580281307
14038	0.0002916774785
14039	0.002432069083
14040	0.0005752820871
14041	0.002521292212
14042	0.002372492345
14043	0.0009635332811
14044	0.001239452275
14045	0.006038491821
14046	0.001044449515
14047	0.003242314372
14048	0.006359498994
14049	0.0009005194386
14050	0.003396907685
14051	0.000752753272
14052	0.005784953811
14053	0.0009333303648
14054	0.001432400483
14055	0.00151833634
14056	9.551452386e-05
14057	0.001941571716
14058	0.003469648633
14059	0.0009802233245
14060	0.003745349092
14061	0.001314217876
14062	9.036253866e-05
14063	0.0001913175561
14064	0.0003159389317
14065	0.0004704647518
14066	0.0005880954
14067	9.884621049e-05
14068	0.0006709618695
14069	0.002810833565
14070	0.0003748296226
14071	0.0008279498061
14072	0.0003962849196
14073	1.263218217e-06
14074	0.0006272345389
14075	8.010188926e-05
14076	0.0006021204392
14077	4.538463445e-05
14078	0.0007417651881
14079	4.486777904e-05
14080	0.0004654507957
14081	0.005112600334
14082	0.0004987836524
14083	0.002354232876
14084	0.005011782764
14085	0.003834392147
14086	0.0002365250696
14087	0.0005597055082
14088	1.034169079e-05
14089	0.0007799156606
14090	5.005896211e-05
14091	0.0001491676809
14092	0.002129589732
14093	4.442300712e-05
14094	0.0003244249702
14095	0.003861856725
14096	0.0006092874
14097	0.002066968171
14098	0.0002338385402
14099	0.0008067808533
14100	0.001314755339
14101	0.0002813930107
14102	0.001648474761
14103	0.000592539048
14104	0.0004331313909
14105	3.470141798e-05
14106	0.00740493636
14107	0.002009445422
14108	0.00507520668
14109	9.573359211e-05
14110	0.005227215235
14111	0.001456942722
14112	0.0006602173527
14113	0.0005776455732
14114	0.003586641249
14115	0.001556288938
14116	0.0001380629761
14117	0.001107191914
14118	0.0005441703
14119	0.002396755838
14120	8.302451841e-05
14121	0.0005580085071
14122	0.001629510904
14123	0.0008561620298
14124	0.001450497703
14125	0.0003213859473
14126	0.0002927686699
14127	0.001079196299
14128	7.38670048e-05
14129	0.000901013017
14130	0.0001726671101
14131	0.0001947640848
14132	0.0005555651668
14133	0.0005261313599
14134	0.0001408390051
14135	0.0003769336913
14136	0.0002120546687
14137	0.003124494798
14138	0.002833555037
14139	0.0004303710211
14140	0.0009170959481
14141	0.002652018343
14142	0.000782164955
14143	0.0009270681367
14144	0.0002626704464
14145	0.0001815653395
14146	0.003110741529
14147	5.771154387e-05
14148	0.002585098245
14149	0.0002924521679
14150	0.001736190468
14151	0.000310032356
14152	0.002180573315
14153	0.0002397685589
14154	0.003693084849
14155	0.001710403178
14156	0.0007876765623
14157	0.000131128238
14158	0.0007922513004
14159	0.002261125808
14160	0.001875060657
14161	0.002466737007
14162	0.00196634402
14163	0.0006108460983
14164	0.0009873360801
14165	0.003152371618
14166	0.004375790006
14167	0.00660122008
14168	0.001106276349
14169	0.003526391196
14170	0.0009235200284
14171	0.001965638531
14172	1.136868693e-05
14173	0.003478798124
14174	0.005175381377
14175	5.825293826e-05
14176	0.001763984302
14177	0.0001635703136
14178	0.002831269187
14179	1.234940004e-05
14180	0.002680560808
14181	0.0006562113087
14182	0.0008953794835
14183	8.244002202e-05
14184	0.001921226645
14185	0.0003821855745
14186	0.002994397966
14187	0.002445157136
14188	0.001959778661
14189	0.006033610686
14190	0.002248784804
14191	0.0006274281906
14192	0.0003409928937
14193	0.001280033448
14194	0.0002377622074
14195	0.00457067149
14196	0.002737544404
14197	0.002607811571
14198	0.001479070113
14199	0.0008700639631
14200	0.003955674424
14201	0.0007957391056
14202	0.007334629997
14203	0.0005652116128
14204	0.002503010332
14205	0.0002994795202
14206	3.9132352e-06
14207	0.0008604178723
14208	0.00761678753
14209	0.001278738302
14210	0.000650324515
14211	0.003818967516
14212	0.00813323289
14213	3.385418038e-06
14214	0.00694309726
14215	0.002225911736
14216	0.002317813332
14217	0.004154890083
14218	0.001532637366
14219	0.001942109236
14220	0.006689649606
14221	0.0002753093955
14222	0.0006635649888
14223	0.006006885878
14224	0.00242546388
14225	0.0004621829041
14226	0.001420484887
14227	0.0004934692628
14228	0.0001813750965
14229	0.0004304365791
14230	0.00364115401
14231	0.001519681165
14232	0.00133438482
14233	0.003998651661
14234	0.0001095711275
14235	0.001378097281
14236	0.007383166189
14237	0.004750593944
14238	0.001526840138
14239	0.003889223584
14240	0.004129008803
14241	0.006046757111
14242	0.0002686770513
14243	0.008754981443
14244	0.002199064106
14245	0.001089271477
14246	0.0017061447
14247	0.001747721511
14248	0.00373459414
14249	0.002534702805
14250	0.000316168622
14251	0.004430155149
14252	0.0008305803897
14253	0.004784359668
14254	0.002417634689
14255	0.001582885794
14256	0.002854303502
14257	0.001570360675
14258	0.002520688275
14259	0.0005309558684
14260	0.0008362419094
14261	8.116405256e-05
14262	0.0008527235471
14263	0.002883119645
14264	0.00015163233
14265	0.007621861629
14266	0.004283016833
14267	6.348672198e-05
14268	0.004098725527
14269	0.002034813797
14270	0.003147121533
14271	0.001565830792
14272	0.0001547420058
14273	0.006795460493
14274	0.007562621869
14275	0.0006042611925
14276	0.002353694118
14277	0.001046705309
14278	0.001723993043
14279	0.0002625007104
14280	0.0002688467801
14281	0.0005796143479
14282	0.003582766031
14283	0.0005966468848
14284	0.003286555616
14285	0.001660586713
14286	0.0002752489071
14287	0.004819147737
14288	0.004551691607
14289	0
14290	0.0024894718
14291	0.0004637556713
14292	0.001591983071
14293	0.002715982432
14294	0.003418687798
14295	0.002402900329
14296	0
14297	0.001440661032
14298	0.005702833664
14299	0.0004905439691
14300	8.762309607e-05
14301	2.150707756e-05
14302	0.002550629602
14303	0.002398292928
14304	0.005348915009
14305	0.001296967846
14306	0.001793618507
14307	0.001499237974
14308	0.0001301091065
14309	0.001173455892
14310	0.0001626356612
14311	0.0006718003626
14312	0.0009445359649
14313	0.003203823506
14314	0.000893601044
14315	3.166322848e-05
14316	1.849170019e-05
14317	0.0008852069876
14318	0.0025422313
14319	0.006753112304
14320	0.001345289576
14321	0.005354137339
14322	0.001143918668
14323	0.0004181223552
14324	0.003716114954
14325	0.0007963818811
14326	0.001357943943
14327	0.0005819894197
14328	0.002806528786
14329	0.004779248884
14330	0.0024366436
14331	0.002522315781
14332	0.001131184653
14333	0.002396723558
14334	0.003587145274
14335	0.0004667407753
14336	0.003876439916
14337	5.746126693e-05
14338	0.001557839718
14339	0.002753757632
14340	0.00158254021
14341	0.0006648365445
14342	0.001379334858
14343	2.006023627e-06
14344	0.001114098218
14345	0.0003860912531
14346	0.002721761372
14347	3.463095703e-05
14348	0.000164283741
14349	0.005527308112
14350	0.0006665639966
14351	0.0002986360119
14352	0.0004028000341
14353	0.005889989599
14354	0.004342098868
14355	0.00521211773
14356	0.0004445556652
14357	0.0006598958274
14358	0.004513180986
14359	0.001158434952
14360	0.0001309249872
14361	0.005182078212
14362	0.0009462785735
14363	0.004659249
14364	0.003705196266
14365	0.0003385277532
14366	0.0007926272769
14367	0.003451618938
14368	0.001559311601
14369	0.001426936982
14370	0.0006296043695
14371	0.001724114838
14372	0.004119118732
14373	0.00111372307
14374	0.001730544375
14375	9.804259588e-06
14376	0.002275245251
14377	0.003839307309
14378	0.002451022334
14379	0.002958472679
14380	0.0007251622648
14381	0.002857527691
14382	0.0004615872601
14383	5.849658478e-05
14384	0.003020050873
14385	0.002019232747
14386	3.931807134e-06
14387	0.000614292018
14388	0.009605689033
14389	0.003751373071
14390	0.002836350028
14391	0.002646826152
14392	0.001421366242
14393	0.01272225041
14394	0.002047726832
14395	0.001300755509
14396	0.001883750408
14397	0.0009592714078
14398	3.151337476e-05
14399	0.002666867909
14400	0.002496324517
14401	0.0006211247559
14402	0.00127274749
14403	0.001009267724
14404	0.001237004065
14405	0.001946357401
14406	0.000267659328
14407	8.060978505e-06
14408	0.0005818023799
14409	0.0001712073127
14410	0.005208047567
14411	0.006425959432
14412	0.003662978539
14413	0.0001194237685
14414	0.001298819077
14415	0.001666691471
14416	0.001208781476
14417	0.001261779082
14418	9.212060113e-05
14419	0.002030488426
14420	0.002096192091
14421	0.00319952634
14422	0.0004304535141
14423	0.001461753168
14424	0.002178480875
14425	0.007103236274
14426	0.00042333343
14427	0.0004661008499
14428	0.0008053139297
14429	0.0006424316186
14430	0.001614621847
14431	0.0009417921424
14432	0.0006850027511
14433	0.004638621849
14434	0.002610395408
14435	0.001254774888
14436	0.001625168807
14437	0.005268853199
14438	0.002152185807
14439	0.0004811781504
14440	0.000300696188
14441	0.003660977678
14442	0.001440578354
14443	0.0002163669434
14444	0.001489780918
14445	0.001780834942
14446	0.001435204552
14447	0.002875376464
14448	3.879676114e-05
14449	0.0009722873481
14450	0.0006403406448
14451	0.01182656225
14452	0.002326418817
14453	0.00369101385
14454	0.001335159283
14455	0.0005997841571
14456	0.004538987197
14457	0.005624649898
14458	0.002641804367
14459	5.14230587e-05
14460	0.001796319328
14461	0.001086615283
14462	0.001164296244
14463	0.001181181013
14464	0.0006679679275
14465	0.002524582193
14466	0.001946837271
14467	0.002302509368
14468	0.002001381573
14469	0.002036592722
14470	0.004286404012
14471	0.000766124248
14472	0.004173542538
14473	0.005436862008
14474	0.001713847223
14475	0.002508828484
14476	0.003658946582
14477	0.005563075613
14478	0.001393905978
14479	0.0006491014753
14480	4.68418131e-05
14481	0.0002664349738
14482	5.626558925e-05
14483	0.00656433228
14484	0.0003198693972
14485	0.001526344407
14486	0.006125732805
14487	0.0002615386408
14488	0.0004080527309
14489	0.0004344750425
14490	0.0001535317429
14491	0.001239887784
14492	0.001111698198
14493	0.00461030569
14494	0.0003873075605
14495	0.005892010797
14496	0.002946321481
14497	0.002870041213
14498	0.007706851738
14499	0.001977143941
14500	0.0003427666565
14501	0.001397327267
14502	0.0007577176727
14503	0.0007772203716
14504	7.439673661e-05
14505	0.0005035964437
14506	0.0001833515608
14507	0.003543056849
14508	0.001423495896
14509	0.0002227146569
14510	0.000698626837
14511	0.002766981318
14512	0.004314435891
14513	0.0003632759051
14514	0.001164287175
14515	0.001312323392
14516	0.0007594627118
14517	0.005124363149
14518	0.002618050905
14519	0.001129949877
14520	0.001092242971
14521	0.008360819617
14522	0.001381483804
14523	0.0004341635974
14524	0.00503376072
14525	0.004131108784
14526	0.001581845178
14527	0.0003158919406
14528	0.0004207466242
14529	0.001617362145
14530	0.0002007051098
14531	5.816205537e-05
14532	0.0004840875745
14533	0.000377685524
14534	9.568296815e-05
14535	0.0001350802304
14536	0.0003951280119
14537	3.353389856e-05
14538	2.593777794e-05
14539	0.001683998349
14540	0.0003165246127
14541	0.0006561106655
14542	1.552465905e-05
14543	4.343602441e-05
14544	1.725672349e-05
14545	0.0004239419406
14546	0.0001297274145
14547	0.0009742161734
14548	0.001383629902
14549	0.0001456870243
14550	0.007101562893
14551	0.0004433397914
14552	0.004646322674
14553	0.007012306147
14554	0.002707079609
14555	0.0008827081572
14556	0.001660123057
14557	0.002615021547
14558	0.002516822038
14559	0.001983692722
14560	0.004400117767
14561	0.001245481653
14562	0.001193194437
14563	0.001770747148
14564	0.005413979712
14565	0.0001284684957
14566	0.002421529597
14567	0.0001338613965
14568	0.001128173197
14569	0.001773046943
14570	0.002196718075
14571	0.0009693406887
14572	0.001107712354
14573	0.003299919434
14574	0.003490092299
14575	0.002103316495
14576	0.005459032435
14577	0.001068390483
14578	0.0018726228
14579	0.0002105292217
14580	0.001302235817
14581	0.001474013812
14582	0.0009845103539
14583	0.0001287649978
14584	0.003930668998
14585	0.000872647346
14586	0.007551136782
14587	0.003544484859
14588	0.0004182380792
14589	0.0002347633847
14590	0.001579687605
14591	0.0008377442123
14592	0.001545998982
14593	0.0006276506396
14594	0.0005847361369
14595	0.001974580349
14596	0.003111937635
14597	0.001765719659
14598	0.006516966103
14599	0.0005529141773
14600	0.003206602999
14601	0.0007358125908
14602	0.003269317147
14603	0.006000054568
14604	0.002366828778
14605	0.0007984080136
14606	0.002434755646
14607	0.005521527436
14608	0.002343963616
14609	0.0004060820858
14610	0.004407010338
14611	0.001729001594
14612	0.002555136976
14613	0.005208658892
14614	0.000393708194
14615	0.006737020945
14616	0.0008715528046
14617	0.005429771623
14618	0.003048618203
14619	0.002160336717
14620	0.0004031808316
14621	0.003163373597
14622	0.002130130487
14623	0.0007457312081
14624	0.001934340222
14625	0.002092752373
14626	0.00341599273
14627	0.001946534592
14628	0.0006618647958
14629	0.001914633135
14630	0.000947197751
14631	0.0006295102561
14632	0.003195943107
14633	0.001988148697
14634	0.001002227068
14635	0.003008342984
14636	0.001577663568
14637	0.002950045568
14638	0.003295749863
14639	0.002447020833
14640	0.0009174033921
14641	0.003032335596
14642	0.006635416929
14643	0.001678949768
14644	0.008247992376
14645	0.001412872435
14646	0.002503010104
14647	0.001974935838
14648	0.003547008582
14649	0.001997523857
14650	0.002064617234
14651	0.001505339517
14652	0.0001287546522
14653	0.00362385036
14654	0.00548726583
14655	0.006586169023
14656	0.0002230840144
14657	0.003919897356
14658	0.0004217911581
14659	0.001868239184
14660	0.002912329782
14661	0.001295038682
14662	0.003099032956
14663	0.001317309372
14664	0.001076361116
14665	0.002899145453
14666	0.002476854244
14667	0.0009014986563
14668	0.001657262995
14669	0.0001763652454
14670	0.004782699359
14671	0.001320973333
14672	0.0006261079567
14673	0.001561216064
14674	0.001283136286
14675	0.0001525203356
14676	0.002199945212
14677	0.001109485778
14678	0.00102420662
14679	0.003432173266
14680	8.846233781e-05
14681	0.001737029961
14682	0.002181011077
14683	0.002843875812
14684	0.0002065918592
14685	0.0002586611385
14686	0.0009551699354
14687	0.002670963035
14688	0.002910173165
14689	0.003877101641
14690	0.002836923279
14691	0.002544649562
14692	0.001407501642
14693	0.0006773730901
14694	0.005376680585
14695	0.0008096401002
14696	0.0007404479395
14697	0.0002427495569
14698	0.001850759589
14699	0.0005552327105
14700	0.0008164496148
14701	0.0005453129457
14702	0.00505635256
14703	0.002923345596
14704	0.001112299138
14705	0.0006608152547
14706	0.001807869528
14707	0.000625991911
14708	0.003681017032
14709	0.0006039239591
14710	7.848470476e-05
14711	6.775852074e-06
14712	0.001958978843
14713	0.002359093638
14714	0.0006043763132
14715	0.001937734515
14716	0.002487098742
14717	0.0004534761688
14718	0.00141650926
14719	0.002760072168
14720	0.004412151236
14721	0.001833986622
14722	0.001891823829
14723	0.002803620993
14724	0.001645644137
14725	0.001399039252
14726	0.005377003666
14727	0.0004072354588
14728	0.00116499964
14729	0.005114062663
14730	6.984860153e-05
14731	0.003992704571
14732	0.0009980176423
14733	0.004859116743
14734	0.00236484421
14735	0.002562015189
14736	0.004437496762
14737	0.004247274782
14738	0.0006951419926
14739	0.004838863752
14740	0.001182976273
14741	0.001677941602
14742	0.001041365669
14743	0.003273982528
14744	0.002006368833
14745	0.0009701480863
14746	0.002218098886
14747	0.0005026039397
14748	0.0006804719704
14749	0.001116631739
14750	0.0001070777962
14751	0.000759869303
14752	0.002481785084
14753	0.0009049533511
14754	0.002264446894
14755	0.000775671994
14756	0.002528335558
14757	0.002732527904
14758	6.02341915e-06
14759	0.00290760017
14760	0.00222964457
14761	0.0007806270687
14762	0.001542736063
14763	0.003400567232
14764	0.002354900831
14765	0.001167813552
14766	0.002323268524
14767	0.001444726228
14768	0.003045551135
14769	0.0005656691116
14770	0.0006654899109
14771	5.874651406e-05
14772	0.009721885444
14773	0.004258412566
14774	8.720008345e-05
14775	0.002612346453
14776	0.00217717509
14777	0.001585632272
14778	0.001331958546
14779	0.001107511895
14780	0.001298784148
14781	0.004742719727
14782	0.005475213657
14783	0.003597528565
14784	0.001017369024
14785	0.005050299871
14786	0.003901974859
14787	0.002506028207
14788	0.003449550944
14789	0.003566544366
14790	0.001299425338
14791	0.005737078432
14792	0.003137502752
14793	0.002472857608
14794	0.001826898943
14795	0.0007206920759
14796	0.002619118232
14797	0.0003047366217
14798	0.003692255796
14799	0.004377074721
14800	0.003921674425
14801	0.0030401675
14802	0.001032066502
14803	0.004392900638
14804	0.003109349507
14805	0.006818345967
14806	0.0005155031374
14807	4.610182948e-05
14808	0.001587801599
14809	0.00136801775
14810	0.002027673116
14811	0.001836660535
14812	0.006009958567
14813	0.002363508829
14814	0.00112092282
14815	0.003059975229
14816	0.001755751367
14817	0.003066783318
14818	0.004043889694
14819	0.0008732733248
14820	0.008143703693
14821	0.003841161708
14822	0.001883812482
14823	0.005648030328
14824	0.003534940998
14825	0.002332132549
14826	0.001188985701
14827	0.003890945232
14828	0.003397859965
14829	0.0002001620004
14830	0.005650300689
14831	0.0007098339517
14832	0.001780092181
14833	0.0003195044578
14834	0.0001468688015
14835	0.006844613857
14836	0.0014273146
14837	0.005552138407
14838	0.0007509697806
14839	0.000785574979
14840	0.002636350626
14841	0.001210247224
14842	0.007447407139
14843	0.0007327877126
14844	0.0004179328498
14845	0.004299215962
14846	0.003072441034
14847	0.0003736336313
14848	0.002040726503
14849	0.005718581218
14850	0.006338718941
14851	0.003335785684
14852	4.917175707e-05
14853	0.0006993325441
14854	0.0006623512646
14855	0.003255665862
14856	0.0007758139616
14857	0.0001927276585
14858	0.001252849336
14859	0.003713058613
14860	0.002108204989
14861	0.00196553539
14862	0.0005041013173
14863	0.0007527929936
14864	0.006629565246
14865	0.004645679931
14866	0.003839125105
14867	0.0004085377981
14868	0.0009477082028
14869	0.00081741437
14870	0.0002320557623
14871	0.0009521849134
14872	0.0001857587886
14873	0.002420010885
14874	0.004072252157
14875	0.002495566248
14876	0.005016988285
14877	0.001058594499
14878	0.003725264104
14879	0.0008709768772
14880	0.001356962371
14881	0.000117620259
14882	0.002456204685
14883	0.002024198961
14884	0.0028104351
14885	0.0006709554242
14886	0.0001458483565
14887	0.002694761777
14888	0.001682081225
14889	0.001043600129
14890	0.001928640559
14891	0.002137517519
14892	0.0007925063502
14893	0.001360162124
14894	0.0002053291782
14895	0.0005376290302
14896	0.0003930606316
14897	0.0001567154199
14898	0.003817599051
14899	0.0002645533466
14900	0.003612746517
14901	0.002380701105
14902	0.003990802682
14903	0.002634715436
14904	0.002691903763
14905	0.002340309836
14906	0.001067627651
14907	0.003576877631
14908	0.00221413694
14909	0.003719208744
14910	0.001521251389
14911	0.003587031773
14912	0.001758497556
14913	0.001082875405
14914	0.002113103115
14915	0.00403018852
14916	0.001530565459
14917	0.002125827982
14918	0.001306362182
14919	0.001460629413
14920	0.002633753264
14921	0.002104234196
14922	0.006887731908
14923	0.004975730915
14924	0.003208315134
14925	0.001971441092
14926	0.003897566465
14927	0.001882168625
14928	0.001599798072
14929	0.0009655497004
14930	0.0005809871533
14931	0.002929781893
14932	0.00440482887
14933	0.002254603061
14934	0.0001433726696
14935	0.001721874906
14936	0.0002513788263
14937	7.344090113e-05
14938	0.005365406271
14939	0.003425402421
14940	0.0006998520635
14941	0.002768292548
14942	0.0009387757408
14943	0.004511423211
14944	0.001063666047
14945	0.0004261443594
14946	0.001995530367
14947	0.0001793511107
14948	0.001805212958
14949	0.0002117490768
14950	0.002858904747
14951	0.002164716167
14952	0.0009671788142
14953	0.0009166046716
14954	0.003060550549
14955	0.001203301946
14956	0.0007318058224
14957	0.0004416373415
14958	0.0009575355119
14959	5.900153348e-06
14960	0.001530547234
14961	6.119059461e-05
14962	0.000194413122
14963	0.0005944160514
14964	0.0001654662172
14965	7.714067275e-05
14966	0.0004508936256
14967	8.060893336e-05
14968	6.274521486e-05
14969	0.001146061172
14970	0.0005389757403
14971	9.04595247e-05
14972	0.004489609153
14973	0.0004756287362
14974	6.968019118e-05
14975	0.001544828566
14976	0.002518379066
14977	0.004189329279
14978	0.0009956496808
14979	0.0003642936561
14980	0.006443744979
14981	0.00741287186
14982	0.0004017568525
14983	0.002809909972
14984	0.002079055751
14985	0.002129888646
14986	0.003721074576
14987	0.000279275576
14988	8.720279644e-05
14989	0.006842415364
14990	0.0001458021994
14991	0.00219930572
14992	0.003031679261
14993	0.0002943500967
14994	0.003243684536
14995	0.001119091838
14996	0.001100912751
14997	0.005022190038
14998	0.001656436599
14999	0.005299499177
15000	0.003590654584
15001	0.0002508257389
15002	0.003069398837
15003	0.001053625625
15004	4.340947161e-05
15005	0.002465649962
15006	0.000223273356
15007	0.001174827631
15008	0.004149348
15009	0.0007654711223
15010	0.0005156394601
15011	0.00181782314
15012	0.003161305332
15013	0.00149894106
15014	0.002232672742
15015	0.001692320968
15016	0.001805299515
15017	5.825488665e-05
15018	0.002052300085
15019	0.002541925357
15020	0.005661127853
15021	0.001276041357
15022	0.00085491676
15023	0.003132477047
15024	0.0003185009137
15025	6.57417692e-05
15026	0.0008554217049
15027	0.001090624349
15028	0.0007225797096
15029	0.001172601865
15030	0.000213876743
15031	0.003789039498
15032	0.002256036835
15033	0.000288113919
15034	0.00349297064
15035	0.0003170602151
15036	0.003586044626
15037	0.002159940868
15038	5.888127173e-05
15039	0.001407887174
15040	0.001743367227
15041	0.000968087709
15042	0.001978615083
15043	0.001554298484
15044	0.0006471489801
15045	0.00244859781
15046	0.001059154425
15047	0.00195493528
15048	0.001747271975
15049	0.007148821586
15050	0.001216740123
15051	0.0008318209531
15052	0.0005874425187
15053	0.001021578439
15054	0.0006385066266
15055	0.001228815054
15056	0.0006402702506
15057	0.001704942975
15058	0.00203645405
15059	0.002046451447
15060	0.0004140023444
15061	0.0003408939388
15062	0.004288508145
15063	0.003781744495
15064	0.003196430036
15065	6.333098181e-05
15066	0.003095523023
15067	0.0005920055158
15068	0.004485423866
15069	0.00259585114
15070	0.001004077151
15071	0.0007380737548
15072	0.0001505294551
15073	0.001280939976
15074	0.0001535665228
15075	0.001023673051
15076	0.0004079572012
15077	0.0004516484467
15078	0.0003055056887
15079	0.002502825941
15080	0.002025278402
15081	0.003417843533
15082	0.0001950119646
15083	5.485943533e-05
15084	0.001779069005
15085	0.001031259539
15086	0.0006762019208
15087	0.0004662569848
15088	0.0027693964
15089	0.002084105335
15090	0.001373168814
15091	0.0003156463989
15092	0.0006639257298
15093	0.0007471211547
15094	0.002945037473
15095	0.002380572589
15096	0.001978841162
15097	0.001522718494
15098	0.005549168376
15099	0.0003293983063
15100	0.0001661009117
15101	0
15102	0.0004011335648
15103	0.001488412885
15104	0.0004324085316
15105	0.002435911947
15106	0.0007925289348
15107	0.0002288292598
15108	0.001092486535
15109	0.0002683051983
15110	0.00142348228
15111	0.002260290775
15112	0.001782053094
15113	0.003128644167
15114	0.0007720020738
15115	0.0003009373493
15116	0.004588329963
15117	0.0009707078002
15118	0.0001811241798
15119	0.002630713014
15120	0.002057857385
15121	0.0004500107516
15122	0.001286280324
15123	0.001679506402
15124	0.001771269699
15125	0.0005548565935
15126	0.001229769028
15127	0.0003334443988
15128	0.004468842085
15129	0.000832757483
15130	0.002250558101
15131	0.001060560653
15132	0.001993473611
15133	0.00148764845
15134	5.563880184e-05
15135	0.001388583126
15136	0.003144175294
15137	0.002978145039
15138	0.002717975427
15139	0.002166053194
15140	0.0008088819428
15141	0.002631786686
15142	0.004147807377
15143	0.003570650577
15144	0.00324116129
15145	0.003217043202
15146	0.000702700454
15147	0.001531689291
15148	0.0006191739458
15149	0.002718459813
15150	0.0005289765041
15151	0.001106400044
15152	0.003853845202
15153	0.001543270674
15154	0.002587198762
15155	0.002445236858
15156	0.001767281274
15157	0.003863502378
15158	0.001033017914
15159	0.002608050754
15160	0.002479344527
15161	0.0005595551
15162	0.0007461986833
15163	0.00100886954
15164	0.001100793754
15165	3.644618152e-05
15166	0.002650569281
15167	0.002618282338
15168	0.0002822563471
15169	0.003132323275
15170	0
15171	0.006302895794
15172	0.0006784370653
15173	0.004257160555
15174	0.007745686489
15175	0.0004720845922
15176	0.006284925206
15177	0.004446937541
15178	0.002052507054
15179	0.002122900847
15180	0.007266353191
15181	0.0008170459054
15182	0.005879973709
15183	2.901275721e-07
15184	0.001125029302
15185	0.0003941352089
15186	4.38648887e-05
15187	0.002754283036
15188	0.002595875856
15189	0.004385645277
15190	0.006046007662
15191	0.005030033695
15192	0.005825980706
15193	0.001221452823
15194	0.002972308025
15195	0.0003974352483
15196	0.0009221532767
15197	0.004414867468
15198	0.005549163708
15199	0.005099303384
15200	0.001711496064
15201	0.001790264701
15202	0.0046400309
15203	0.005318588206
15204	0.007883998775
15205	0.0003694949598
15206	0.00282406539
15207	0.008028817298
15208	0.001203011954
15209	0.005426027839
15210	0.002257937502
15211	0.0007125091598
15212	0.006566103472
15213	0.006133170728
15214	0.005760808313
15215	0.006037387055
15216	0.004117615469
15217	0.005826209
15218	0.004200189574
15219	0.003144609253
15220	0.003547959231
15221	0.003743914534
15222	0.007588570139
15223	0.001574515205
15224	0.0003480477643
15225	8.357757387e-05
15226	0.003438797499
15227	0.001782714761
15228	0.005469390294
15229	0.003026077101
15230	0.0005098915718
15231	0.001806153826
15232	0.0004419447697
15233	0.002284660883
15234	0.001098213333
15235	0.0006991942379
15236	0.007558147909
15237	0.006186852868
15238	0.001060227001
15239	0.0006351151807
15240	0.006995239541
15241	0.006009801311
15242	0.003846912473
15243	0.0006530844828
15244	0.002754735602
15245	0.008195168419
15246	0.005277884367
15247	0.0003679491679
15248	0.005924943928
15249	0.0001878219339
15250	0.001966042393
15251	0.003647928741
15252	0.002591054474
15253	0.006526695287
15254	0.006620949919
15255	0.007805504669
15256	0.005543448538
15257	0.002568303914
15258	0.004115403726
15259	0.0002575053786
15260	0.0001922872978
15261	0.007226345039
15262	0.005542265938
15263	0.001283258772
15264	0.001205891967
15265	0.003717461866
15266	0.006710378622
15267	0.002638035446
15268	0.006429020287
15269	0.001045855962
15270	0.00209050717
15271	0.001395637385
15272	0.008565846563
15273	0.00562957404
15274	0.005918435784
15275	0.005201110085
15276	0.004998233493
15277	0.0008557638928
15278	0.007110028052
15279	0.008116813059
15280	0.00578445326
15281	0.005622127556
15282	0.005244589433
15283	0.0002591076737
15284	0.007273853714
15285	0.001565781254
15286	0.007258544159
15287	0.004271294403
15288	0.001158703471
15289	0.004646141798
15290	0.004372917121
15291	0.00669245774
15292	0.005010505583
15293	0.007184462171
15294	0.0004525554208
15295	0.00029657958
15296	0.001676278862
15297	0.003800301714
15298	0.00544479032
15299	0.0030271452
15300	0.00167299723
15301	0.002366861723
15302	0.005440218197
15303	0.001266536097
15304	0.0023781814
15305	0.0003357391667
15306	0.003961176237
15307	0.001525834389
15308	0.004524691979
15309	0.0002716602067
15310	0.01127005891
15311	0.004108230618
15312	0.0009138495726
15313	0.00516867761
15314	0.001935076434
15315	0.004863183355
15316	0.003558912644
15317	0.005623220577
15318	0.004540971171
15319	0.001289018899
15320	0.006856977022
15321	0.00523263865
15322	0.004798048613
15323	0.002712944959
15324	0.0004363457348
15325	0.0003988883282
15326	0.007138392635
15327	0.001918538616
15328	0.0001226326288
15329	0.006315701047
15330	0.001329699582
15331	0.001083364058
15332	0.001761827978
15333	0.00157780799
15334	0.002915327388
15335	0.001949688309
15336	0.006306954535
15337	0.002006710154
15338	0.001656516733
15339	0.006420599579
15340	0.004799526588
15341	0.004042250371
15342	0.0003217456007
15343	0.001099983834
15344	3.193364557e-05
15345	0.003579055134
15346	3.883330962e-05
15347	0.002163400169
15348	0.0004748078967
15349	0.001689857147
15350	0.005678602148
15351	0.0007802801898
15352	0.004671499365
15353	0.003486148638
15354	0.0002635906089
15355	0.007488014454
15356	0.005615817813
15357	0.002886752486
15358	0.0004568978694
15359	0.000589069319
15360	0.0001357591254
15361	0.002927340622
15362	0.0002003317328
15363	0.0001606667497
15364	0.0002281847194
15365	9.853426033e-05
15366	0.0007507217794
15367	0.0007566629654
15368	0.004864706249
15369	0.0007590813603
15370	0.004836984802
15371	0.00678534502
15372	0.0006765229657
15373	0.000103539065
15374	0.002271893855
15375	0.0002290326248
15376	9.59448978e-05
15377	0.0001289231176
15378	0.0002013694312
15379	0.0002153999741
15380	0.0006131829673
15381	0.0005072082668
15382	0.004747683655
15383	0.0001768031806
15384	0.001027645555
15385	0.0009107451988
15386	0.001014984956
15387	0.0002916840124
15388	0.0002961265506
15389	0.004780628734
15390	0.0002762523904
15391	0.002089787717
15392	0.0001238289008
15393	0.00252716959
15394	0.002731949325
15395	0.001671375296
15396	0.005490297087
15397	0.003378709239
15398	0.001221586466
15399	0.004435881438
15400	0.001173599567
15401	0.0001801864198
15402	0.0002993064882
15403	0.001964218812
15404	0.0002921633992
15405	0.0001000498985
15406	0.000278183227
15407	0.002157263344
15408	0.001512286514
15409	0.00184722323
15410	0.0001478950415
15411	0.006245629409
15412	0.003743211808
15413	2.367383497e-05
15414	0.0002806276921
15415	0.000111292704
15416	0.0001249872398
15417	0.001581375008
15418	0.0002878976808
15419	3.236781049e-05
15420	0.0005705480071
15421	0.0004363219959
15422	0.0003380235308
15423	0.0004974204347
15424	0.0009734333784
15425	0.0007139235088
15426	9.744028681e-05
15427	0.001141894419
15428	0.0006630455407
15429	0.0007079085954
15430	0.0001338940203
15431	0.0004214564946
15432	0.002811419355
15433	0.001242762721
15434	0.0001050375038
15435	0.002234088194
15436	0.002626560339
15437	0.002084590412
15438	0.005668345228
15439	0.004328192986
15440	9.147800424e-05
15441	0.005670924659
15442	0.002343403704
15443	0.003269118822
15444	0.0004556190533
15445	0.003053392655
15446	0.0006311872294
15447	0.008049368861
15448	0.005427189172
15449	0.001978409763
15450	0.002166563111
15451	0.003431651794
15452	0.00612642793
15453	0.0009269883436
15454	0.007095064861
15455	0.001947377915
15456	0.0005985053877
15457	3.363739101e-06
15458	0.0007583817112
15459	0.0001512541899
15460	0.003027698606
15461	0.0009988508131
15462	0.0004203219376
15463	0.002425925519
15464	0.002182720831
15465	0.0008815364301
15466	0.0001961500519
15467	0.00266906784
15468	0.005871811511
15469	0.006780880424
15470	0.003579874155
15471	0.0006031298071
15472	0.002671946909
15473	0.003347674618
15474	5.874954403e-05
15475	0.001173533013
15476	0.000143847446
15477	0.0001925339022
15478	0.002566594854
15479	0.0009422719637
15480	0.003071382451
15481	0.007148492061
15482	0.003509417273
15483	0.0005442292727
15484	0.001029624834
15485	0.0003561845401
15486	0.0006038041684
15487	0.001643738945
15488	0.0006993382395
15489	4.528853296e-05
15490	0.002601937403
15491	0.001735353749
15492	0.0002487356738
15493	0.001454210734
15494	1.500642188e-05
15495	0.0007651169496
15496	0.0004272054279
15497	0.0001470792312
15498	0.0003477222989
15499	0.0009063056962
15500	0.0003220485373
15501	0.00446380849
15502	0.001335608437
15503	0.001846557122
15504	0.001053453429
15505	0.002171889056
15506	0.0001529768033
15507	0.005237261258
15508	0.002717046203
15509	9.99814087e-05
15510	0.0002173985784
15511	0.0008308583372
15512	0.0001235813827
15513	0.0029158038
15514	0.0007996869258
15515	0.0005129779814
15516	0.00182311841
15517	0.002182395575
15518	0.001789069786
15519	0.009083780238
15520	0.001954458598
15521	0.000236172023
15522	0.0003404700162
15523	0.001592455904
15524	0.001214587448
15525	0.0004475741094
15526	0.001931325576
15527	0.001193706031
15528	0.00313897554
15529	0.005233740024
15530	1.489502939e-06
15531	0.0003435409433
15532	0.0002673304573
15533	0.005346636178
15534	0.005205050795
15535	0.004306264816
15536	0.004656195421
15537	0.003234427285
15538	0.0008919458249
15539	0.001368953621
15540	0.005561836901
15541	0.0001093186765
15542	0.00108173587
15543	0.005040607588
15544	0.001631897228
15545	0.002022807859
15546	0.001702138745
15547	0.004416749398
15548	0.005358024803
15549	0.0007791465555
15550	0.002377766838
15551	0.003060689814
15552	0.003752454338
15553	0.00286075592
15554	0.0002235959763
15555	0.002454275897
15556	0.0004627370496
15557	0.006925792007
15558	0.002661948386
15559	0.003835085491
15560	0.0004198899886
15561	0.002772485949
15562	0.00325111063
15563	0.001159535734
15564	0.0006809799571
15565	0.004357610943
15566	0.002226962487
15567	0.0001926210671
15568	0.002509165106
15569	0.0002056030887
15570	0.002340782108
15571	0.001128005441
15572	0.004776706064
15573	0.0005705946852
15574	0.0009928022622
15575	0.000290737199
15576	0.003273437437
15577	0.0001064625258
15578	0.0006509069526
15579	0.001752467096
15580	0.003829933219
15581	0.0005789752451
15582	0.001095148692
15583	0.002109437962
15584	0.006145544391
15585	0.0005684978364
15586	0.0006442276176
15587	0.0005255454531
15588	0.0003451486229
15589	0.002124003834
15590	0.0001292617826
15591	0.002857911174
15592	0.0004049886073
15593	0.0003559168051
15594	0.0005910183331
15595	0.0001755244793
15596	0.0005179104038
15597	0.0006984507532
15598	0.0008043387842
15599	0.0002964082132
15600	0.0004475588904
15601	0.0006653699985
15602	0.0003968598712
15603	0.0001815458095
15604	0.002468758119
15605	0.0005599817552
15606	2.335886579e-05
15607	2.152192751e-05
15608	0.0006537161404
15609	0.0007042324597
15610	0.0003462744279
15611	0.001015187954
15612	0.0007257619099
15613	0.0009283889335
15614	0.000351421977
15615	0.0005552925253
15616	0.0003543453051
15617	0.0008447055436
15618	0.0003679564616
15619	0.003088311811
15620	0.0004060437278
15621	0.002498682479
15622	0.0003908151536
15623	0.0004301115263
15624	0.0003512960131
15625	0.0007044507147
15626	0.000432666533
15627	0.0001136659595
15628	0.002017363469
15629	0.0001583036432
15630	0.0002498723265
15631	0.001040975446
15632	0.00133941396
15633	0.003955393856
15634	0.002336806171
15635	0.0001627824318
15636	0.0001342921558
15637	5.939789923e-05
15638	0.0006808344109
15639	0.00168896632
15640	0.001393742909
15641	0.0002421313766
15642	0.000374538217
15643	0.0006198420703
15644	0.0004879691263
15645	0.0007318013646
15646	0.0004243017616
15647	0.0004409261749
15648	0.0006424902682
15649	0.002017245295
15650	0.000148383617
15651	0.0008665849318
15652	0.0009847447002
15653	0.000235387671
15654	4.780825269e-05
15655	0.0003614311229
15656	0.00258461697
15657	0.000560298864
15658	0.0002810855964
15659	0.0004313838424
15660	0.0005645098403
15661	0.0005048078061
15662	0.001206159499
15663	0.0003871440977
15664	0.0003838857796
15665	0.0004228370412
15666	0.0002898246041
15667	0.004445520513
15668	0.0008973675525
15669	0.0004380056169
15670	0.0004424831721
15671	0.00223946429
15672	0.0007504572253
15673	0.00345568928
15674	0.0003685389793
15675	0.0003708647914
15676	0.0002949015173
15677	0.0002420957125
15678	0.001351014921
15679	0.000915438356
15680	0.001243666935
15681	0.0007301308367
15682	0.0003424489636
15683	0.0005927301987
15684	0.001132846434
15685	0.0005777020658
15686	0.0001266945822
15687	0.0001207160698
15688	0.001571830117
15689	0.0004063584664
15690	0.0002725175209
15691	0.0008709184752
15692	0.0004583850791
15693	0.0001631042043
15694	0.0004818256164
15695	0.0003426861143
15696	0.0001432200911
15697	0.0001449809892
15698	0.000174012774
15699	0.000811369602
15700	0.002060824492
15701	0.002843013329
15702	0.0002872245051
15703	0.0001055245711
15704	0.0004046861886
15705	0.0002229581421
15706	0.0001080421271
15707	0.0008711226102
15708	0.0004146658602
15709	0.0002723525205
15710	0.000199683491
15711	0.0008089756205
15712	0.002544593191
15713	0.0006220465622
15714	0.00068620229
15715	0.0002906519014
15716	0.0004486101
15717	1.956297929e-05
15718	0.0001670231219
15719	3.409592056e-05
15720	0.0002225461547
15721	0.0002651159529
15722	0.0006895038811
15723	0.005097951233
15724	0.001827157769
15725	0.0009368288188
15726	0.002608794829
15727	0.0003538709051
15728	7.526643285e-05
15729	0.0002273858532
15730	8.131862157e-05
15731	0.0003704756773
15732	0.0002057239193
15733	4.410695702e-05
15734	0.0001631079017
15735	0.0004060719414
15736	0.0006565492191
15737	0.001703776601
15738	0.001134103323
15739	7.516495966e-05
15740	0.0001070375293
15741	0.0008314455558
15742	0.000645161578
15743	0.0004857561151
15744	4.8556732e-07
15745	0.0003255102091
15746	0.001119545743
15747	0.0009650177212
15748	0.001406726711
15749	0.0008276748934
15750	0.001268163771
15751	0.0008981520433
15752	0.0002557590572
15753	0.00268258211
15754	0.0006183308357
15755	1.260329498e-05
15756	0.0002379716422
15757	0.001033042233
15758	0.0007978977338
15759	0.000295925093
15760	0.0003087029987
15761	0.002461423999
15762	0.001313792501
15763	0.002442514326
15764	7.0728394e-05
15765	0.0005589613257
15766	0.0001713745761
15767	0.001842371732
15768	0.001978521296
15769	0.0001216928345
15770	0.002239157715
15771	0.0001469740512
15772	0.001925876989
15773	0.000157526194
15774	0.0001722792567
15775	0.0002073075158
15776	0.0002881578856
15777	0.0006538011027
15778	0.0002769839727
15779	0.0007399433592
15780	0.0003990968434
15781	0.0001663817617
15782	0.001815282518
15783	4.730383755e-05
15784	0.0002296889909
15785	0.0002030927352
15786	0.001050756559
15787	0.002820966587
15788	0.001725532646
15789	0.0008299299772
15790	0.001058258296
15791	0.001902452143
15792	0.001169200841
15793	0.0006833655395
15794	0.001362842381
15795	0.0004816851178
15796	0.001320415773
15797	0.0009416899343
15798	0.0009324650212
15799	0.0004686121758
15800	3.984720178e-05
15801	0.001714038755
15802	0.001047763392
15803	0.003690183707
15804	0.0003397772463
15805	0.003870161132
15806	0.0005461553658
15807	9.748681997e-06
15808	0.0007043434698
15809	0.002339790661
15810	0.0007277603254
15811	0.003409293873
15812	0.0004251197757
15813	1.516481859e-06
15814	0.0005960917578
15815	0.0002804693475
15816	0.0005249440991
15817	0.0005527121412
15818	0.0005734993507
15819	0.0004665302592
15820	0.0002720584458
15821	0.0008033447894
15822	0.0009757051404
15823	0.0004641011334
15824	0.0006394712412
15825	0.004967929176
15826	0.0005670385481
15827	0.004949135301
15828	0.0008493720069
15829	0.0009961789863
15830	0.000563549521
15831	0.003019773635
15832	0.005813915488
15833	0.0006259449107
15834	0.0003317844181
15835	0.001005876144
15836	0.001350591096
15837	0.0001973787901
15838	0.001097213372
15839	0.003434345571
15840	4.619563054e-06
15841	0.00113714383
15842	0.0001865724516
15843	4.425152531e-05
15844	0.002286596234
15845	0.001334632476
15846	0.001815435283
15847	0.0007257868609
15848	0.003293951862
15849	0.001348444562
15850	0.003874305077
15851	5.335121628e-05
15852	0.0006212699828
15853	0.001331554214
15854	0.00579416022
15855	9.431125285e-06
15856	0.001003143584
15857	5.699660744e-05
15858	0.001361126593
15859	0.002264816112
15860	0.0007489382363
15861	4.939888934e-05
15862	0.0009528111206
15863	0.002904070925
15864	0.001989643582
15865	0.001998443593
15866	0.0008487616283
15867	0.0002943186257
15868	0.0004615905275
15869	0.001259108937
15870	0.001349091995
15871	0.003331674066
15872	0.0004037691751
15873	0.0009954260592
15874	0.0003004872652
15875	9.73427144e-05
15876	0.0002603016946
15877	0.000549393533
15878	0.00129589488
15879	0.0002564941277
15880	0.0003319649993
15881	0.001485439267
15882	0.0001406332518
15883	0.002229091237
15884	0.001526731382
15885	0.001282908619
15886	0.0005728395001
15887	0.0001465244692
15888	0.00121764572
15889	7.48934018e-05
15890	0.0005413144471
15891	0.0001857936064
15892	0.001014760221
15893	0.0008905340128
15894	0.004556995921
15895	0.000484345427
15896	3.545561577e-05
15897	0.0001049516109
15898	0.001279785472
15899	0.0004073503755
15900	0.002512664335
15901	1.732504737e-05
15902	0.001355684503
15903	4.682314942e-06
15904	0.0006686524574
15905	0.002955798665
15906	0.0005361169356
15907	0.0004508140417
15908	0.003077797868
15909	0.001850139359
15910	0.002959983027
15911	7.698630298e-05
15912	0.00136464715
15913	0.0002395666479
15914	0.0006715842915
15915	0.001022248016
15916	0.001972125035
15917	3.541740576e-05
15918	0.0004707130013
15919	0.0001329623125
15920	0.001938666747
15921	0.003041925227
15922	0.002030064564
15923	0.000771274439
15924	0.002367596671
15925	0.0008411381239
15926	7.825978675e-05
15927	0.001184453417
15928	0.0002291028817
15929	0.0007972560493
15930	0.002859987968
15931	0.0003194819265
15932	0.0001271216679
15933	0.004399721939
15934	2.081699567e-05
15935	0.001739434565
15936	0.0002398786405
15937	0.001817694487
15938	0.0004554420711
15939	0.001624370337
15940	0.0002872682874
15941	0.0003127727733
15942	3.48499905e-05
15943	0.0003287327194
15944	0.0006850533077
15945	0.0004428382179
15946	0.00196647208
15947	0.00248426042
15948	0.0002031489799
15949	0.0002510798971
15950	0.003094350098
15951	8.787357714e-06
15952	5.363469838e-05
15953	0.001084635944
15954	0.0001936599682
15955	0.0004461819827
15956	0.001010709236
15957	0.002598082051
15958	0.0003355114319
15959	7.809102345e-05
15960	0.0007476890921
15961	0.0005362997019
15962	0.0003333098911
15963	0.0005991438436
15964	0.0003393651095
15965	0.0004332237382
15966	0.001121729552
15967	0.0006361399104
15968	0.0004034036111
15969	0.0003444346516
15970	0.0003580242329
15971	0.000353914588
15972	0.0002448263328
15973	0.0002775345906
15974	0.00267684032
15975	0.002172493157
15976	0.0004486413713
15977	0.0004245192809
15978	0.0005941180358
15979	0.0007174774776
15980	0.00027544301
15981	0.0004043517222
15982	0.0004111626001
15983	0.0006901991257
15984	0.0007908173231
15985	0.0003286981784
15986	0.0005166940047
15987	0.0001043819605
15988	0.0009372818705
15989	0.000638545423
15990	0.0006159665598
15991	0.0009233035711
15992	0.0007492504163
15993	0.0009778815965
15994	0.0005951901613
15995	0.0001417286699
15996	0.001035394866
15997	0.002255684224
15998	0.001559532008
15999	0.0002661251005
16000	0.0003934794256
16001	8.406456887e-05
16002	0.000663163141
16003	8.470094207e-05
16004	0.0004918547101
16005	0.0006754256663
16006	7.810816313e-05
16007	0.00354797986
16008	0.0002925092644
16009	4.841257947e-05
16010	0.00569749966
16011	0.0002294373362
16012	0.003332813503
16013	0.0003132198215
16014	0.0002760006523
16015	0.0008134590554
16016	0.0004686735158
16017	8.839579714e-05
16018	0.002382723957
16019	0.0003218568399
16020	4.123067772e-05
16021	6.092074358e-05
16022	0.0002146057212
16023	0.000241197248
16024	0.005591074224
16025	0.001407052502
16026	0.0002684170569
16027	0.002277127638
16028	0.0001850957257
16029	0.003304406251
16030	0.0007647693092
16031	3.96312708e-05
16032	0.001475910746
16033	0.0002897000255
16034	0.0005366813194
16035	0.0002727667868
16036	0.0002788466391
16037	0.000524456238
16038	0.001098693721
16039	0.001215309584
16040	6.037399137e-05
16041	0.000593408837
16042	2.403869997e-05
16043	0.0002409962124
16044	0.0002599792504
16045	0.001256061932
16046	0.000319442254
16047	0.000128521231
16048	0.0004047679016
16049	0.0007991786149
16050	1.294552383e-05
16051	0.0004783818548
16052	0.0003383906605
16053	0.002151180765
16054	0.0002362175373
16055	0.0002416053833
16056	0.0006664077231
16057	0.003001006809
16058	0.0009666371856
16059	0.0009151536344
16060	0.001794408849
16061	0.005665558387
16062	1.451875091e-06
16063	0.0005360097674
16064	0.002441322748
16065	0.0001075118011
16066	0.0002044303347
16067	0.0007286478106
16068	0.003001790733
16069	0.001267391422
16070	0.0009374315087
16071	0.0004016531048
16072	0.0001636041116
16073	0.000135816792
16074	0.0008201063287
16075	0.0002362957539
16076	0.0004467797069
16077	0.0004697324797
16078	0.0002341823574
16079	0.0007131489408
16080	0.0009059024541
16081	0.001133739648
16082	0.001211324886
16083	0.004347926185
16084	0.0001545726321
16085	0.0002417040654
16086	0.0006198425043
16087	0.0003941884334
16088	0.0001332502928
16089	0.00116327302
16090	0.001886893847
16091	0.005754290159
16092	0.003453492154
16093	0.002408971458
16094	0.0005008192443
16095	0.0005668388033
16096	0.001407878717
16097	0.0007344224935
16098	0.002958633016
16099	0.001069265161
16100	0.001154929054
16101	0.0003895675805
16102	0.0004936646307
16103	0.0008499861304
16104	0.000968170335
16105	0.0004701571787
16106	0.002554973375
16107	0.0002629294483
16108	0.004926692646
16109	0.0001308714949
16110	0.0003888668868
16111	0.0006569803474
16112	0.0002352890854
16113	7.210356637e-05
16114	0.0004384299378
16115	0.002943219561
16116	0.0003361646202
16117	0.0005327544171
16118	0.000435968401
16119	0.0006510222868
16120	0.0008063490393
16121	0.00103820412
16122	0.0004151953372
16123	0.000728590877
16124	5.007183704e-05
16125	0.00124546718
16126	2.49456798e-06
16127	0.0003325539379
16128	0.0002932235343
16129	0.00348222914
16130	0.004245655651
16131	1.462779684e-05
16132	0.0007069326903
16133	0.002529742766
16134	0.0009521595262
16135	0.0007446147587
16136	0.0004281978691
16137	0.0008530534287
16138	0.002659726672
16139	0.0004663372325
16140	0.0002198357246
16141	0.00101692755
16142	0.0003111328525
16143	0.0004336755086
16144	0.0002719421082
16145	0.0008436286642
16146	0.00107848262
16147	0.000228727351
16148	0.0004840739992
16149	0.0001479532806
16150	0.0004216757377
16151	0.002262260151
16152	0.001584147097
16153	1.688081558e-05
16154	0.008229174218
16155	0.0009225343258
16156	0.001324103644
16157	0.002655435906
16158	0.0001702259369
16159	0.0007823057212
16160	0.002726159293
16161	0.001170655057
16162	0.0009823067882
16163	0.001287593433
16164	0.002097769244
16165	0.0008974089674
16166	0.001072217198
16167	0.001731502738
16168	0.0007367812626
16169	0.001488692936
16170	0.001604273927
16171	0.0005811105327
16172	0.0003118609897
16173	0.0003539483512
16174	0.0001217207487
16175	0.002928113318
16176	0.001447632705
16177	0.000416637358
16178	0.00255809548
16179	0.004040483747
16180	7.2849188e-05
16181	0.000343668819
16182	4.344175199e-05
16183	0.0002586584305
16184	0.001151535635
16185	0.0001460941268
16186	1.900098235e-05
16187	0.0002952634282
16188	0.002541215164
16189	0.0009387746323
16190	0.0009162567527
16191	0.001295141745
16192	0.0008208388754
16193	0.0001684419997
16194	8.878306945e-05
16195	0.0002162272174
16196	6.707151793e-05
16197	0.0008001779704
16198	1.715520513e-05
16199	0.0006314303483
16200	0.0001927925794
16201	0.0004782713563
16202	0.0001131008315
16203	0.0001560632417
16204	0.00060543044
16205	0.00194007083
16206	0.0005401871774
16207	0.002206895485
16208	0.0001659519461
16209	0.0005017164362
16210	0.005456313265
16211	0.0007043409585
16212	0.0001396348103
16213	0.001146508248
16214	0.0002106342281
16215	0.000701111187
16216	0.0002433611953
16217	0.001028629885
16218	0.0003838248139
16219	6.399497516e-05
16220	0.003061625416
16221	0.0008687390214
16222	0.00156588331
16223	0.003976438171
16224	0.001317227211
16225	0.00153456135
16226	0.0001296288815
16227	0.00151977876
16228	0.0003569105879
16229	0.001768811238
16230	0.001497294409
16231	0.002419954471
16232	0.0001470259959
16233	0.0001584141285
16234	0.002078705967
16235	0.0008882365488
16236	5.916711694e-05
16237	0.002941786234
16238	0.0007307843366
16239	9.726212461e-05
16240	0.0001329515751
16241	0.000167428334
16242	0.00470861245
16243	0.0002378642567
16244	7.584906753e-05
16245	0.0001778054746
16246	0.001999717749
16247	0.001313220574
16248	0.0005730145836
16249	0.001428456011
16250	0.0001610751311
16251	0.002278467414
16252	0.000180136566
16253	0.004020826173
16254	0.0005208582109
16255	0.001328669378
16256	0.0002851011177
16257	0.0006642631296
16258	0.001261209425
16259	0.001677144329
16260	0.001834576689
16261	0.002227933655
16262	0.001987662335
16263	0.0003667628622
16264	9.457488826e-05
16265	0.001033532381
16266	0.0002371512337
16267	0.002345259589
16268	0.002701235471
16269	5.227214514e-05
16270	0.003652555806
16271	0.0002423630727
16272	0.002932367519
16273	0.0003217473183
16274	0.008697746346
16275	0.001481732164
16276	6.126354721e-05
16277	0.005154578755
16278	0.001609326278
16279	0.0006293715812
16280	5.45370413e-05
16281	0.0013505465
16282	0.0001722308116
16283	0.003144181481
16284	0.0007312711823
16285	0.002388115165
16286	0.0002961316798
16287	0.003230397966
16288	0.0005379997381
16289	0.0003761014854
16290	0.001420645357
16291	0.0006577905048
16292	0.0002103843993
16293	0.0008864939846
16294	0.003820393125
16295	8.907440526e-05
16296	0.0005396147715
16297	0.003764802881
16298	0.004628613196
16299	0.003548029757
16300	0.0008392778503
16301	0.0005271046243
16302	0.001516343914
16303	0.002806892529
16304	0.0006457904661
16305	0.0003338766139
16306	0.002548914618
16307	0.0003708862304
16308	0.001047852226
16309	0.002903961691
16310	0.0007763450611
16311	0.006602255127
16312	0.003070865421
16313	0.002734653462
16314	0.003919030682
16315	0.0004173816466
16316	0.0001180495596
16317	0.001191738229
16318	0.001301497344
16319	0.000513459554
16320	0.002144377836
16321	0.0009683930629
16322	0.005373436184
16323	0.0002222150567
16324	0.0004061830057
16325	0.001326497117
16326	5.084976951e-06
16327	0.005496536291
16328	0.002460127776
16329	0.001459415518
16330	0.0001637761143
16331	0.0001840058159
16332	0.000337481072
16333	0.0009391246763
16334	0.0006685763501
16335	0.004382867137
16336	0.003118301982
16337	0.0001594118836
16338	0.002341692976
16339	0.002788549024
16340	0.0009363499498
16341	0.003282833591
16342	6.031583324e-05
16343	0.0001785364665
16344	0.0005405502046
16345	0.0008225582952
16346	0.0005336978151
16347	0.001369822145
16348	0.003085404037
16349	0.001999018115
16350	0.005028017814
16351	0.002528798835
16352	0.0005419931749
16353	0.0006046661618
16354	0.002491402869
16355	0.0006254843601
16356	0.001691121331
16357	0.001535325475
16358	0.006302909361
16359	0.002987648125
16360	0.002319835537
16361	0.005578325117
16362	0.0001578858936
16363	0.002546006893
16364	0.005446687947
16365	0.004490516115
16366	0.0007153514826
16367	0.0001546942332
16368	0.0006261389064
16369	0.002149161682
16370	0.001876296715
16371	0.004190342131
16372	6.556443669e-05
16373	0.000275550116
16374	0.0002695590391
16375	0.003688697232
16376	0.001317759538
16377	0.0007792848111
16378	1.214122691e-05
16379	0.001684157598
16380	0.002299179962
16381	7.41170686e-05
16382	0.0002264841025
16383	0.00107567374
16384	0.000820586055
16385	0.0002440525806
16386	0.002434837049
16387	8.685387994e-05
16388	0.002642868285
16389	0.0006852025921
16390	0.0002755451353
16391	7.580101108e-06
16392	0.0007215432773
16393	0.0005984904061
16394	0.003703824271
16395	0.001790982808
16396	0.000233294263
16397	0.002392946451
16398	0.0002757806716
16399	0.001172528372
16400	0.0002068608409
16401	0.00018163796
16402	0.0004470973044
16403	0.0004078725311
16404	0.004583453495
16405	0.0008454724902
16406	0.0005440386093
16407	0.000305835463
16408	0.0007553804057
16409	0.0005774588445
16410	4.678697507e-05
16411	0.0001860504914
16412	0.0001434449922
16413	0.005176140059
16414	0.0004778119484
16415	0.001491913473
16416	0.0001766903446
16417	0.003381568472
16418	0.002595909392
16419	0.0006998834426
16420	0.0001378425608
16421	0.002044079346
16422	0.001260418327
16423	0.007879224753
16424	0.001182062806
16425	0.0001413407099
16426	0.0004191263721
16427	0.003489946673
16428	4.738247308e-05
16429	0.001711490547
16430	0.001466290367
16431	0.00119430296
16432	0.001622263976
16433	0.0009136202897
16434	0.0001591563486
16435	0.005899551488
16436	0.006108025577
16437	0.0008599683718
16438	0.003248253084
16439	0.0006150319358
16440	0.002147610589
16441	0.001370463721
16442	0.002030247414
16443	0.00065150603
16444	0.0007577641193
16445	0.0005993789119
16446	0.0004249969093
16447	0.0003542504558
16448	0.001320391525
16449	0.004330192035
16450	0.00141788943
16451	0.001181198425
16452	7.313516434e-05
16453	0.001190644832
16454	0.0009469339203
16455	0.002222188652
16456	0.0003566489318
16457	0.0004025114295
16458	0.0004355445168
16459	0.0001783545496
16460	0.00100640815
16461	0.0009440866332
16462	0.003143934348
16463	0.0009364800197
16464	0.0009208876776
16465	6.517987879e-07
16466	0.003280557977
16467	0.00578227983
16468	0.0006117587144
16469	0.0008687242854
16470	0.0005527127216
16471	0.0004101816363
16472	0.005370977959
16473	0.0007837265799
16474	0.0006010448947
16475	0.001380289456
16476	0.0001095778484
16477	0.001107725756
16478	0.0004448485041
16479	0.001691265024
16480	0.0001533530277
16481	0.0006446188913
16482	0.002513252625
16483	1.504458602e-05
16484	0.0020412479
16485	0.001291822135
16486	0.0004186619086
16487	0.0005103258023
16488	0.0008654122427
16489	0.0007089893433
16490	0.000477643485
16491	0.0004158115425
16492	0.0007920148387
16493	0.0005314720849
16494	0.002079965554
16495	0.00051967252
16496	0.0009074695392
16497	0.0006965812624
16498	0.0008625473534
16499	6.280100281e-05
16500	0.000414672767
16501	0.0001798141052
16502	0.0006268924294
16503	0.000177225755
16504	0.0007601301216
16505	0.0007168046951
16506	4.045930012e-05
16507	0.003183405633
16508	0.0009547364807
16509	0.001936762695
16510	0.0008460718307
16511	0.0002256425682
16512	0.0002142967571
16513	0.003617528895
16514	0.0005276375474
16515	0.0005059292576
16516	0.0001930124918
16517	0.005175410391
16518	0.0006014182963
16519	0.0009451445319
16520	0.001442897478
16521	0.004913451249
16522	0.00192281421
16523	0.0001061871824
16524	0.004390954716
16525	0.002095530487
16526	0.00193739187
16527	0.001389437945
16528	0.004260340741
16529	0.0002925836856
16530	0.004278685132
16531	0.0005602881825
16532	0.004294665291
16533	0.0005483616997
16534	0.003046777403
16535	0.001333840273
16536	2.362212569e-05
16537	0.0004989730939
16538	0.002194735675
16539	0.003696956621
16540	0.003634630195
16541	0.005046162978
16542	0.0005295569491
16543	0.0004588274501
16544	0.001047771355
16545	0.0002678763139
16546	0.001195674914
16547	0.0002154301352
16548	0.00156337528
16549	0.003037681648
16550	0.0008592068649
16551	0.0007930135749
16552	0.003061207281
16553	0.0006344435859
16554	0.003242519034
16555	0.0004955813726
16556	0.003381057558
16557	0.002511257243
16558	0.0002727304952
16559	0.001140501645
16560	0.005307371644
16561	0.004386492433
16562	0.00152944908
16563	0.001382903608
16564	0.002043776508
16565	0.005752552504
16566	0.002870059037
16567	0.0009673787681
16568	0.001624510847
16569	0.002576304308
16570	0.007427607924
16571	0.002295265113
16572	2.255774319e-05
16573	0.00110163767
16574	0.0006764339475
16575	0.003718480888
16576	0.001405908614
16577	0.003981166627
16578	0.004618404584
16579	0.0002477586302
16580	0.006476543277
16581	0.003902569038
16582	0.0002889698018
16583	0.0003749411617
16584	0.0004361003588
16585	0.0002330704535
16586	0.0009734498179
16587	0.001032201669
16588	0.000665050789
16589	0.000219363251
16590	0.0002737779218
16591	0.001154822482
16592	0.001192470828
16593	0.0009343476609
16594	0.0005079098325
16595	0.002914442878
16596	0.001004219284
16597	0.003096160155
16598	0.002010010996
16599	0.00291041865
16600	0.00233175052
16601	0.002725609314
16602	0.002138016791
16603	0.005904328323
16604	3.80380989e-05
16605	0.0003184111287
16606	0.002916278442
16607	0.000267705535
16608	0.005750058604
16609	0.002505700145
16610	0.00135572044
16611	0.001069189611
16612	0.004929952576
16613	0.0006081335585
16614	0.0004672113637
16615	0.002079539298
16616	0.002157308337
16617	0.004819068785
16618	0.0002696907905
16619	0.007110853892
16620	0.000914707271
16621	4.326702544e-05
16622	1.172513626e-05
16623	0.0009571766085
16624	0.002146178236
16625	5.410120847e-05
16626	0.001657478396
16627	0.002730327119
16628	0.001592358992
16629	0.002577362332
16630	0.00286093818
16631	0.0002887831082
16632	0.0001214489818
16633	0.002650625617
16634	0.001248465189
16635	0.0003126979353
16636	0.00030446455
16637	0.0009010767222
16638	0.005610363941
16639	8.827546168e-05
16640	0.001732852666
16641	4.71200821e-05
16642	0.001748272924
16643	0.004267794468
16644	0.00319796212
16645	3.47094228e-05
16646	0.0001174210521
16647	0.001528171069
16648	2.71834683e-05
16649	0.001399035555
16650	0.0001284258195
16651	0.00194890689
16652	0.000327815914
16653	0.0009715833587
16654	0.003637429483
16655	0.0004210102558
16656	0.001129243734
16657	0.003042135586
16658	0.001020140677
16659	0.007977517568
16660	0.00414110411
16661	0.0002886330755
16662	0.0005991419198
16663	0.0002775924106
16664	0.001126607424
16665	0.000177029968
16666	0.0002896912039
16667	0.0009760299217
16668	0.0001099027711
16669	0.003508524364
16670	0.002970492102
16671	0.002004344988
16672	0.001104218084
16673	0.004053815592
16674	0.0009176253599
16675	0.004094764917
16676	0.002928636961
16677	0.001604303489
16678	0.0003129181561
16679	0.0002380378153
16680	0.002159796734
16681	0.0009577336334
16682	0.001000202053
16683	0.0007564270886
16684	9.419557367e-05
16685	0.0001423055357
16686	1.525467312e-05
16687	0.001233317044
16688	0.001096863628
16689	0.003840126069
16690	0.001460430849
16691	0.0001165384122
16692	0.006847491827
16693	0.0004557223847
16694	0.001582202511
16695	0.005302924424
16696	0.002063755284
16697	0.006236827144
16698	0.004817351821
16699	0.001554417542
16700	0.001712120351
16701	0.001251883546
16702	0.003968642186
16703	0.001154562769
16704	7.64944387e-05
16705	9.353868434e-05
16706	0.0001218768884
16707	0.004463060273
16708	0.004089734576
16709	0.0005350191983
16710	0.006036150783
16711	0.003724831552
16712	0.003574132069
16713	0.0001288718544
16714	0.0001898556542
16715	5.965784736e-05
16716	2.213630477e-05
16717	0.0007713276486
16718	0.001339058044
16719	0.005076084669
16720	0.002952796263
16721	0.0008346557784
16722	0.0002795533691
16723	0.0003660896365
16724	0.001319193274
16725	0.0005943244015
16726	0.002214877354
16727	0.001085816167
16728	0.0007554536735
16729	0.0009522896232
16730	0.005120237145
16731	0.004055271762
16732	0.005159512123
16733	0.0005263579343
16734	0.002925253974
16735	0.00488764733
16736	0.002094569043
16737	0.0002226824897
16738	0.0008811671993
16739	0.0002303706773
16740	0.001381432907
16741	0.0009170583777
16742	0.0002849645062
16743	0.003817132192
16744	0.001337197068
16745	0.004432319128
16746	0.0005347701245
16747	0.004622277991
16748	0.001871445937
16749	0.0009545746697
16750	0.0001249244891
16751	0.002390955729
16752	0.0004311463879
16753	0.0006664777394
16754	0.0004065126023
16755	0.001435896196
16756	0.0005551332811
16757	0.005666850605
16758	2.04466153e-05
16759	0.001542964899
16760	0.00243491186
16761	0.002026286584
16762	0.003488574297
16763	0.001943210781
16764	0.0003538268722
16765	0.00205997662
16766	0.005258828211
16767	0.004528183936
16768	0.004746758592
16769	0.001872386292
16770	0.003214281842
16771	0.006749069433
16772	0.0003050034594
16773	0.008734854801
16774	0.002883386452
16775	0.006241781818
16776	0.001817715021
16777	0.002713829487
16778	0.0002723762211
16779	0.0003476494025
16780	0.0003475136995
16781	0.007738361742
16782	0.001064625048
16783	0.006715778851
16784	2.960854991e-05
16785	0.004088445341
16786	0.002550089304
16787	0.007420302966
16788	0.007031035849
16789	0.004030696213
16790	0.004123405044
16791	0.001398929035
16792	0.003089208741
16793	0.0007242370119
16794	0.0002109254209
16795	0.0008241146148
16796	0.001194405307
16797	7.831273624e-05
16798	0.0002819349757
16799	0.001417759366
16800	0.0007622457547
16801	0.002134007977
16802	0.002904851622
16803	0.001030007158
16804	0.005817216756
16805	0.0008898943261
16806	0.001017808469
16807	0.0002239769065
16808	0.001185250465
16809	0.002813420486
16810	0.003351359972
16811	0.002556343831
16812	0.004238379806
16813	0.0005095050267
16814	0.003747684203
16815	0.0008020996243
16816	0.003697017639
16817	0.001823729537
16818	2.354182863e-05
16819	0.006178015676
16820	0.001963555753
16821	0.0001936332146
16822	0.0006379053169
16823	0.0006628109065
16824	0.003028093854
16825	0.0004564520464
16826	0.0009809678334
16827	8.405338723e-05
16828	0.0006653111851
16829	0.002058427747
16830	0.0003376296073
16831	0.00148617216
16832	0.002482935685
16833	0.003771161528
16834	0.006205547813
16835	0.0006945125857
16836	0.005103852982
16837	0.00319713238
16838	0.002574916163
16839	0.0006146244346
16840	0.004579713727
16841	8.168197584e-05
16842	0.003155285162
16843	0.001178865009
16844	0.0001070733921
16845	0.0001658642692
16846	0.000506741987
16847	0.000231440123
16848	9.407178015e-05
16849	0.002251701096
16850	0.002579587839
16851	0.0001047915664
16852	4.057107516e-06
16853	0.0007624224182
16854	0.0009262336632
16855	0.003650419548
16856	0.00433156107
16857	0.002959168543
16858	0.006852598898
16859	0.00143584712
16860	0.00342007733
16861	0.003837912638
16862	0.0009966968841
16863	0.001502766469
16864	0.005494247744
16865	0.002659542813
16866	0.003873030123
16867	0.004232682753
16868	0.001756056382
16869	0.0007639347023
16870	0.0027611402
16871	0.0007654882077
16872	0.002672803075
16873	0.0003228082739
16874	0.0009407582766
16875	0.001281963647
16876	0.001669936184
16877	0.0001486933638
16878	0.004938242228
16879	0.001492541814
16880	0.004721979583
16881	0.008636168473
16882	0.002446077204
16883	0.003539415916
16884	0.00143413843
16885	0.000131695992
16886	0.001202743213
16887	0.002617144821
16888	0.0001940470901
16889	0.005630316318
16890	0.003292663749
16891	0.0001726747788
16892	0.003672763439
16893	0.0002564405396
16894	0.0003172827974
16895	0.0003654807741
16896	0.005705878829
16897	0.0006798059442
16898	0.0002328736453
16899	0.000370103274
16900	0.00335345266
16901	0.002001648704
16902	0.005958521237
16903	0.003482314099
16904	0.0004954692833
16905	0.0007633086791
16906	0.0003267137727
16907	0.000862730116
16908	0.001251804731
16909	0.004441960565
16910	0.0006447150486
16911	0.001988352455
16912	0.005618031352
16913	0.001100976924
16914	0.0004021053223
16915	0.001629926731
16916	0.003610569902
16917	0.00219171249
16918	0.002926097239
16919	0.0005044204025
16920	0.00654556331
16921	0.001033346282
16922	7.459140555e-05
16923	0.004091364398
16924	0.00136152249
16925	0.00054563955
16926	0.0001580716949
16927	0.0001384142022
16928	0.0008623449614
16929	0.0009012871413
16930	0.001521646842
16931	0.004695318492
16932	0.002160135673
16933	0.0009242361699
16934	0.002497497719
16935	0.002329930416
16936	6.974791163e-05
16937	8.416198553e-05
16938	0.001576182277
16939	0.001050551622
16940	0.0006857533703
16941	0.0008475859129
16942	0.0008625628931
16943	1.130943375e-05
16944	0.001344493521
16945	0.005900654566
16946	7.82210814e-05
16947	0.0004769833681
16948	0.002826612927
16949	0.0001785424792
16950	0.001251184967
16951	0.0001315187446
16952	0.0003500516475
16953	0.0004056931786
16954	0.00162675472
16955	0.0003332034166
16956	0.002810714576
16957	0.001733681862
16958	0.003176454006
16959	0.003782465176
16960	0.002487052901
16961	0.0006330838631
16962	0.003346598903
16963	0.006806381167
16964	0.0005092947926
16965	0.0006157999302
16966	0.001759634372
16967	0.0002758748041
16968	0.0002690883324
16969	0.003934667082
16970	0.0007493950207
16971	0.009223063878
16972	0.0001550190799
16973	0.00383047677
16974	1.573325419e-05
16975	0.001706059897
16976	0.004241295737
16977	0.002230814997
16978	0.0001730915402
16979	0.001542919784
16980	0.001786969531
16981	0.004745226131
16982	0.0004897034695
16983	0.002323683721
16984	0.0002141054141
16985	0.002490838515
16986	0.003466894361
16987	0.004921060324
16988	0.003609380624
16989	0.002073647643
16990	0.00464399602
16991	0.0025737332
16992	6.513547946e-05
16993	0.0004426565143
16994	0.001692660681
16995	0.001058636571
16996	0.001492230272
16997	0.002578558427
16998	0.005809998997
16999	0.002552073655
17000	0.002042194442
17001	0.004624999276
17002	0.001191199218
17003	0.000312291929
17004	0.001521841983
17005	0.0002437751399
17006	0.001111818023
17007	0.001556776427
17008	0.004940261623
17009	5.404256891e-05
17010	0.002411032961
17011	0.001298590479
17012	0.0003871620339
17013	5.249801835e-05
17014	0.0001278949827
17015	0.003656455901
17016	0.001390583126
17017	0.0007410988006
17018	0.001906347607
17019	0.0008575254764
17020	0.0009338435246
17021	0.0009932790517
17022	0.003671709747
17023	0.001621931546
17024	0.0003255825693
17025	0.003971152577
17026	0.0001728334578
17027	0.003452915796
17028	0.0006497768147
17029	0.0005334627711
17030	0.00337207908
17031	7.19991523e-05
17032	0.009206260832
17033	0.004831959406
17034	0.0003850387688
17035	0.001345279044
17036	0.001636092096
17037	0.00261893199
17038	0.001352192744
17039	0.00128822085
17040	0.0007816499744
17041	0.0008767796183
17042	0.0003999290346
17043	0.0003301452908
17044	0.0003635713245
17045	0.003858663583
17046	0.0001579291804
17047	0.0004331148369
17048	0.003047283264
17049	0.0005601038193
17050	0.0008729805543
17051	7.020660543e-05
17052	0.0009728276689
17053	0.002314810667
17054	0.001218260462
17055	0.001528527957
17056	0.002582377962
17057	0.005200550526
17058	0.003124124307
17059	0.004787782055
17060	0.001001282287
17061	0.003539785072
17062	9.462100809e-05
17063	0.001005867815
17064	0.004450882786
17065	0.0004773151868
17066	0.000344613172
17067	0.002264809423
17068	0.0001286033254
17069	0.0001896006381
17070	0.000765156012
17071	0.001812600712
17072	0.0003359401118
17073	0.00107251075
17074	0.002214610944
17075	0.0001604784301
17076	0.004685835281
17077	0.003255923319
17078	0.0007747036411
17079	0.0002466652517
17080	0.001152681155
17081	0.001357921077
17082	0.0003202218051
17083	0.002097322028
17084	0.003008179114
17085	0.0001220988565
17086	0.0005942733879
17087	0.002747559653
17088	0.003167662543
17089	0.0004462580445
17090	2.676903699e-05
17091	0.0008209824046
17092	0.009125445628
17093	0.0001021859278
17094	7.719027692e-05
17095	0.0009363482984
17096	0.001565001303
17097	0.00116539314
17098	0.002224174525
17099	0.001323365414
17100	0.001326161921
17101	0.001523116991
17102	0.0001669326633
17103	0.001226028957
17104	0.0003594431542
17105	0.001307634361
17106	0.0001679176618
17107	3.377900227e-05
17108	0.004463813379
17109	0.001370525796
17110	0.001017531522
17111	0.0005907848112
17112	0.002006412159
17113	0.00302163272
17114	0.0003232654394
17115	0.001078060061
17116	0.0003537984526
17117	0.0003715762364
17118	0.001048325106
17119	5.019921126e-06
17120	0.003691061961
17121	0.001042376707
17122	0.0005037067668
17123	0.0008515966375
17124	0.0001700595308
17125	0.0001019289341
17126	0.004566552935
17127	0.00094199827
17128	0.001660869828
17129	0.004299815857
17130	0.002129944621
17131	0.004970835993
17132	0.003699285309
17133	0.001122654567
17134	0.002034513579
17135	0.0006172107778
17136	0.004572869077
17137	0.0008128575745
17138	0.002228365743
17139	0.0005214301395
17140	0.000114871305
17141	0.003303304542
17142	0.003473638585
17143	0.001396216998
17144	0.0004886209515
17145	0.0004601441642
17146	0.002937639271
17147	9.709178783e-05
17148	0.0007243966487
17149	0.004413631726
17150	0.000331739965
17151	0.003170416931
17152	0.001623112775
17153	3.636986226e-05
17154	0.002020938372
17155	0.002346129284
17156	0.001052469707
17157	0.00397623592
17158	0.001906939898
17159	0.0005838916898
17160	0.000815939665
17161	0.001842282789
17162	0.004054550797
17163	0.006003640696
17164	0.0007894419675
17165	9.898307411e-05
17166	0.005318245197
17167	0.004979903024
17168	0.0007375501506
17169	0.007082478887
17170	0.001100577805
17171	0.004344126997
17172	0.002317010432
17173	0.004858008187
17174	0.001786600433
17175	0.003429994786
17176	0.004615223261
17177	0.001352200096
17178	0.004568198978
17179	0.001686059583
17180	0.0004768069869
17181	0.005155808156
17182	0.0006968685038
17183	0.007999846196
17184	0.006161631146
17185	0.0002730384045
17186	0.0022296268
17187	0.003118729669
17188	0.005186042398
17189	0.00101282437
17190	0.000491992608
17191	0.0006456176848
17192	0.0001812751339
17193	0.002633104173
17194	0.0001404929618
17195	0.001442522756
17196	0.00285661557
17197	0.001295359618
17198	0.000195282596
17199	0.0008840284489
17200	0.002928577905
17201	0.005043800558
17202	0.005355833961
17203	0.004831289916
17204	0.0005783558074
17205	0.0002076182979
17206	0.0008690180061
17207	0.006011559795
17208	0.001201437242
17209	0.0004830465447
17210	5.571018374e-05
17211	0.001629540343
17212	0.0004898859325
17213	0.002800897469
17214	0.0003318435363
17215	0.005396009075
17216	8.197529151e-05
17217	2.835537629e-05
17218	0.000917626039
17219	0.003473506772
17220	0.002102662252
17221	0.0004977428009
17222	0.002649848081
17223	0.0002497535601
17224	6.873620651e-05
17225	0.001939687184
17226	0.005394862688
17227	4.469253716e-05
17228	0.001107648135
17229	0.002835123215
17230	0.0003802351873
17231	0.001229594734
17232	0.004050408366
17233	0.0003737097956
17234	0.002329014399
17235	0.0005766022031
17236	0.0002796929088
17237	0.0001494816477
17238	0.001652101202
17239	0.001088969195
17240	0.0002640213314
17241	0.001733971711
17242	0.0001389140242
17243	0.00159506808
17244	0.002387213832
17245	0.0006061794291
17246	0.000682035851
17247	0.003149509028
17248	0.002928686523
17249	0.0010295293
17250	0.0004267303971
17251	0.00458521178
17252	0.001522619784
17253	0.001573069843
17254	0.003654526042
17255	0.001554989636
17256	0.0006536812546
17257	0.006470715479
17258	0.0008064301665
17259	0.002092037322
17260	0.000509750141
17261	0.001635645915
17262	0.0009482898581
17263	0.0007272197279
17264	0.0003075253135
17265	0.0002327205449
17266	0.003194541067
17267	0.0005328681095
17268	0.003222471147
17269	0.002414663479
17270	0.005624268348
17271	0.0007893691972
17272	0.001136748097
17273	0.001740498672
17274	0.0007149874511
17275	0.005415670983
17276	0.0002558632241
17277	0.002018133694
17278	1.987443026e-05
17279	0.0002444530386
17280	0.0003807054194
17281	0.0003357971495
17282	0.007250454574
17283	0.0003571522569
17284	0.0006319902247
17285	0.0001809913532
17286	0.005467938113
17287	0.00612389134
17288	0.0005920794775
17289	0.000215922687
17290	0.0002971279535
17291	0.001980134183
17292	2.668556095e-05
17293	6.606593607e-05
17294	0.001233368108
17295	0.000158305597
17296	0.0001073346659
17297	4.486987218e-05
17298	0.0002627756453
17299	0.003612449807
17300	0.001202518288
17301	0.003316093907
17302	0.01093629059
17303	0.0002094191026
17304	0.0006934893708
17305	0.001835418495
17306	0.0004892874698
17307	0.001792915246
17308	0.0007804846215
17309	0.001310758577
17310	0.0005247567502
17311	0.0004752034146
17312	0.003196290531
17313	0.001425250911
17314	9.313030294e-06
17315	0.0002027970278
17316	0.0002051443074
17317	0.0004794740706
17318	0.0001395963068
17319	0.003375815967
17320	0.002301152827
17321	0.001583628495
17322	0.003027575808
17323	0.002398354629
17324	0.004126125283
17325	0.001256072838
17326	0.002130133089
17327	0.0007393996272
17328	0.002653753123
17329	4.200029067e-05
17330	0.0002047169775
17331	0.0001635775786
17332	0.00331762849
17333	4.176233221e-05
17334	0.0003452064993
17335	0.002363991992
17336	0.003224054915
17337	0.003973636489
17338	0.0006335802399
17339	0.003430753263
17340	0.001278269786
17341	0.001127647444
17342	0.0005324890215
17343	5.596631112e-05
17344	0.0009005689445
17345	0.00210137843
17346	0.002812781766
17347	0.00108109459
17348	0.002024836989
17349	0.0006635112992
17350	0.0008146861094
17351	0.001191776793
17352	0.0009678842574
17353	0.00162400234
17354	0.001543793581
17355	0.0003074654548
17356	0.0006216125613
17357	0.0004777950629
17358	0.0009597360757
17359	0.0004414843459
17360	0.000133499214
17361	0.004989948552
17362	0.0003093582983
17363	0.001602745638
17364	0.0007768039773
17365	0.0003085538707
17366	0.003624775835
17367	0.001328811819
17368	0.001191380307
17369	0.000152224183
17370	0.0006235129219
17371	0.0004817963505
17372	0.002369659539
17373	0.004284880326
17374	0.0004986470027
17375	0.0001532296256
17376	0.001308272541
17377	0.001081165453
17378	0.0001107030761
17379	0.000358028425
17380	7.316288456e-05
17381	2.242421847e-05
17382	0.0005685334178
17383	0.0001837407674
17384	0.0004351352453
17385	0.0001987555954
17386	0.0004293033708
17387	0.0001769362007
17388	0.0001600630886
17389	0.0002574645325
17390	0.002391873614
17391	0.003697134923
17392	0.004999363219
17393	0.00331367434
17394	0.0008281726224
17395	0.0004796132519
17396	0.000766109299
17397	0.001069026242
17398	0.002590038858
17399	0.003993180682
17400	0.000331367453
17401	0.0006360759772
17402	0.001657864315
17403	0.0005418486995
17404	0.0002061955033
17405	0.006191110092
17406	0.0007117498245
17407	6.082456324e-06
17408	0.004010827887
17409	0.002054596195
17410	0.002578226432
17411	0.0008124744734
17412	0.007437799962
17413	0.002553546544
17414	0.0004173840767
17415	0.002790524156
17416	0.0006022908969
17417	0.0004799804249
17418	0.0004132933501
17419	0.004003686875
17420	0.003587435696
17421	0.005276753995
17422	0.002358665667
17423	0.000316190641
17424	0.006389455045
17425	0.0003216922268
17426	0.002172742689
17427	0.0006218526015
17428	0.0007161530368
17429	0.007388317214
17430	0.005108966129
17431	0.001256885536
17432	0.001569014059
17433	0.001635790475
17434	0.004070096413
17435	0.003559008989
17436	2.269737737e-06
17437	0.001811329629
17438	0.0006940911992
17439	0.001557370098
17440	0.004523384025
17441	0.006106521928
17442	0.003163335514
17443	0.0005071201477
17444	0.0009154707237
17445	0.000145222028
17446	0.003340973317
17447	0.000336909769
17448	0.0008890713427
17449	0.0003994413291
17450	0.001495105367
17451	0.0009316290471
17452	0.001834996749
17453	0.002179536428
17454	0.002683025652
17455	0.003083591097
17456	0.0001083354421
17457	0.001434921052
17458	0.000122072267
17459	0.001311703595
17460	7.581313649e-05
17461	0.001268545333
17462	0.001621474497
17463	0.0002821871228
17464	0.002186466715
17465	0.001969661325
17466	0.00119447364
17467	0.000320630253
17468	0.003548372351
17469	0.002507137832
17470	0.00143487696
17471	0.0009191454955
17472	0.003119834748
17473	0.002965686307
17474	0.00447526093
17475	0.001411315359
17476	0.002275374943
17477	0.0001044573965
17478	0.0004652866019
17479	0.001809873152
17480	0.002225719961
17481	1.143966087e-05
17482	0.001873955399
17483	0.001691539478
17484	0.002096824616
17485	0.003125393779
17486	0.002931089285
17487	0.0006644969028
17488	0.003324638792
17489	0.003134567748
17490	0.007006316407
17491	0.000795524243
17492	0.004467178131
17493	0.0001506363336
17494	0.002521294498
17495	0.001726429205
17496	0.003354721631
17497	0.003563690987
17498	0.007565665652
17499	0.002770003181
17500	0.0003403731517
17501	0.003642205471
17502	0.003921427801
17503	0.0007022386086
17504	0.0008854125389
17505	0.001837361843
17506	0.0006990030025
17507	0.001051019978
17508	0.002393609487
17509	0.0007777267915
17510	0.001639699586
17511	0.002719294913
17512	0.0006941831483
17513	0.0004637584956
17514	0.001027711087
17515	0.001180269016
17516	0.004283947809
17517	0.001274570707
17518	0.001650387263
17519	0.001053866989
17520	0.001525919143
17521	0.001525322134
17522	0.004576928067
17523	0.0001478400482
17524	0.001134730001
17525	0.002155300774
17526	0.0006171711926
17527	0.001859966846
17528	0.002583619418
17529	0.001674940286
17530	0.0006809871969
17531	0.002010896604
17532	0.0003429966213
17533	0.001188637416
17534	4.977021614e-05
17535	0.0005322037328
17536	0.001349698096
17537	0.0002824614621
17538	0.001085523773
17539	0.0006468661366
17540	0.002445348644
17541	8.231887595e-05
17542	2.473005547e-05
17543	0.001002615756
17544	0.0004096247358
17545	0.001081840173
17546	0.001014155139
17547	0.003712252227
17548	0.002431972687
17549	0.0001676809444
17550	0.00439011343
17551	0.004015470879
17552	0.001083071968
17553	0.002415880979
17554	0.0006158686971
17555	0.005264421761
17556	0.0006435554805
17557	0.001916463607
17558	0.001276520895
17559	0.001227122734
17560	0.0002522106203
17561	0.001035920516
17562	1.146662451e-05
17563	0.0003675746315
17564	0.0001524002607
17565	0.003479793531
17566	0.00142814569
17567	0.001668305774
17568	3.049366892e-05
17569	0.0003226498421
17570	0.0005312357999
17571	0.001310603838
17572	0.0005318198201
17573	0.0001814041804
17574	0.001877305528
17575	8.373847103e-05
17576	0.003630374297
17577	0.0003173678599
17578	0.002523073835
17579	0.0004125673228
17580	0.004518096592
17581	2.077920855e-05
17582	0.0008817232474
17583	0.0002215380826
17584	0.004093622331
17585	0.006481453011
17586	0.001240424065
17587	0.0009238274964
17588	0.001376480913
17589	0.003970264854
17590	0.001047668431
17591	0.001941109009
17592	0.004839986846
17593	0.0001697682446
17594	0.002918883181
17595	0.003077873887
17596	0.0001023886084
17597	0.00193811293
17598	6.980614305e-05
17599	0.0001603178551
17600	0.0009692301573
17601	0.001192097186
17602	0.00463693881
17603	0.001348866238
17604	0.0006644436515
17605	0.007424661288
17606	0.000135135882
17607	0.002242274976
17608	0.0004381714425
17609	0.001821014893
17610	0.006767531096
17611	0.002426558594
17612	0.002625975656
17613	0.0006029380394
17614	0.0008230011329
17615	0.002353144892
17616	0.003909079531
17617	0.002994083737
17618	0.00236956451
17619	0.001991614494
17620	0.004332363633
17621	0.001427682672
17622	0.0009255346863
17623	0.000142968725
17624	0.0008976489185
17625	0.005605505285
17626	0.0009114969898
17627	0.0008762412563
17628	0.005851139537
17629	0.0001093841722
17630	0.004574549509
17631	0.001382133769
17632	0.003636527112
17633	0.0005430190234
17634	0.001418848004
17635	0.002973056479
17636	0.0009424957364
17637	0.0008642060605
17638	0.0005298323321
17639	4.240857556e-05
17640	0.003048751207
17641	0.0008130055083
17642	0.0004965791231
17643	0.002365458482
17644	0.0001308815826
17645	0.004702736193
17646	0.001928237246
17647	0.0007913535994
17648	0.0001164682574
17649	0.0001356225319
17650	0.0002228654724
17651	0.002064502226
17652	0.000816684081
17653	0.002776944707
17654	0.007745476757
17655	0.001055399257
17656	0.003805987479
17657	0.0007629933384
17658	0.001137996299
17659	0.001507410219
17660	0.006085670804
17661	0.0008309767814
17662	0.000846633416
17663	0.003926403007
17664	0.0001492705109
17665	0.002862067924
17666	0.0007327870386
17667	0.0005044023147
17668	0.002607637711
17669	0.001018413798
17670	0.00123582209
17671	0.001735104657
17672	0.002392837576
17673	0.002205856347
17674	0.003788022626
17675	0.0008141410122
17676	0.0003299804926
17677	0.006188484682
17678	0.001123948872
17679	0.0003064405043
17680	0.001079943217
17681	0.0003937598135
17682	0.0004627286663
17683	0.002818547256
17684	0.0008084649829
17685	0.0009985103409
17686	0.00160043412
17687	0.0007380130315
17688	0.0005100045174
17689	0.001855790061
17690	0.002077771885
17691	0.003623287649
17692	0.002064922354
17693	0.008237398802
17694	0.004575036338
17695	0.0009853101989
17696	0.002246061228
17697	0.002084669515
17698	0.0002432304972
17699	0.003036192609
17700	5.352819516e-05
17701	0.001546679214
17702	0.002550635808
17703	0.007746043664
17704	0.003552768659
17705	0.001130669186
17706	0.001469519669
17707	0.001615990671
17708	0.001117855623
17709	0.0001760647811
17710	0.0003130973641
17711	0.000389206793
17712	0.002270122188
17713	0.0003785582224
17714	0.0009956326361
17715	0.001676251011
17716	0.002571196011
17717	0.0004725147973
17718	0.002642464105
17719	0.004288523017
17720	0.0006054740452
17721	0.001969238703
17722	0.0003051112939
17723	1.850564668e-05
17724	0.0005272696527
17725	0.006822684119
17726	0.001679300251
17727	0.0006740093969
17728	4.491573545e-05
17729	0.001527191069
17730	0.002920197126
17731	0.0003869526407
17732	0.0005817841867
17733	0.001727607601
17734	0.00100589804
17735	0.0007511694994
17736	0.0009873666065
17737	0.000341362667
17738	0.0006172493938
17739	0.001626136706
17740	0.001416404105
17741	5.763505218e-05
17742	0.003690530229
17743	0.001852838626
17744	0.001440547565
17745	0.001648425597
17746	0.002852348882
17747	0.0007317759896
17748	0.0002278462226
17749	0.0006594815001
17750	0.001287287058
17751	0.001840684534
17752	0.002276990731
17753	0.0007256585593
17754	0.006264028954
17755	0.003280941575
17756	1.780626781e-07
17757	0.002883388113
17758	0.004069959359
17759	0.0003102683532
17760	0.003344392328
17761	0.004345512138
17762	0.00188124941
17763	0.001702523749
17764	0.0006434750219
17765	0.001428493313
17766	0.0007638301139
17767	0.003390173974
17768	1.411213187e-05
17769	0.000894595474
17770	0.001032860487
17771	0.0004377840223
17772	0.00330877165
17773	0.0002272261352
17774	4.860429202e-05
17775	0.003600618422
17776	0.0001605579196
17777	1.746937468e-05
17778	0.0007045304637
17779	0.0005946679824
17780	0.004734722586
17781	0.003553141847
17782	0.0003796692988
17783	0.002072040225
17784	0.002222522383
17785	0.0004442120223
17786	0.007954480189
17787	0.002506561609
17788	0.0001099520369
17789	0.0002131595026
17790	9.309833386e-05
17791	0.002952277213
17792	0.0003812048952
17793	0.003253404759
17794	0.00290811858
17795	0.0001185901388
17796	0.0002851403501
17797	0.0007595106911
17798	0.001662076428
17799	0.003014418487
17800	0.0002239968409
17801	7.024705119e-05
17802	0.001732552643
17803	0.002035581809
17804	0.002038237951
17805	3.647555513e-06
17806	0.002578667734
17807	0.01117551326
17808	0.0001790570022
17809	0.0001874971555
17810	0.002910481736
17811	0.001427238832
17812	0.003081687438
17813	0.0007903274053
17814	0.001357919282
17815	0.001272677774
17816	0.0005352153706
17817	0.005978515752
17818	0.001632683307
17819	0.001054559822
17820	0.001334447856
17821	0.0001237974278
17822	0.004052720276
17823	0.005067862122
17824	0.000585139553
17825	0.00108598992
17826	0.0005836461472
17827	0.004034734822
17828	0.004697789454
17829	0.001380203384
17830	0.005342418729
17831	0.001375121991
17832	0.00239385195
17833	0.004013156107
17834	0.0004276416361
17835	0.0004206570809
17836	0.003423536073
17837	0.0006035599253
17838	0.0006427570353
17839	0.002813630579
17840	0.002082521158
17841	0.002656307467
17842	0.0005671456616
17843	0.004490013429
17844	0.002235136205
17845	0.0003355957873
17846	0.004236504424
17847	0.0007333664468
17848	0.004183645158
17849	0.0006144636184
17850	0.002684641334
17851	0.001249592667
17852	0.001990400406
17853	0.00284626525
17854	0.002517486662
17855	0.003821907424
17856	0.0006379420512
17857	0.0009733381205
17858	7.366607816e-05
17859	0.00126675458
17860	0.0004234655181
17861	0.001775048914
17862	0.002337783075
17863	0.001179130239
17864	0.004102337704
17865	0.001606172132
17866	0.003566321463
17867	0.001355158525
17868	0.003080322914
17869	0.00107842743
17870	0.001562190938
17871	0.0004895627698
17872	0.0005727518352
17873	0.002921311837
17874	0.001143871469
17875	0.0002447423919
17876	5.356309407e-05
17877	6.763118014e-05
17878	0.0006413032516
17879	0.001418233348
17880	3.668974766e-05
17881	4.347192622e-05
17882	0.0002044120783
17883	0.00206435193
17884	0.004520044973
17885	2.027956962e-06
17886	0.001565070038
17887	0.0003935200723
17888	0.0005973844409
17889	0.0009850728388
17890	0.0005325352581
17891	0.0003188462432
17892	0.001085767738
17893	0.003439634185
17894	0.005535099367
17895	0.001621637875
17896	0.003767363239
17897	0.004539770503
17898	0.0005601122622
17899	0.0008836418647
17900	0.001196994691
17901	0.0006922833481
17902	0.0006084770457
17903	0.0003082874438
17904	0.000637503709
17905	0.001622016895
17906	0.0009851727327
17907	0.000900001984
17908	0.00397612791
17909	0.01157716871
17910	0.0003297680099
17911	0.002414788396
17912	0.002411623455
17913	0.004733525583
17914	0.004022841316
17915	0.0003055407909
17916	0.003783354376
17917	0.0002078616872
17918	0.001311038559
17919	0.0006011655269
17920	0.003679003969
17921	0.0008808986399
17922	0.004467453578
17923	0.001294291379
17924	0.002180304153
17925	0.0004747682521
17926	7.149985308e-05
17927	0.003157842539
17928	0.001829649904
17929	0.001676386551
17930	0.001580262616
17931	0.00084965645
17932	0.001514248683
17933	0.002767634601
17934	0.001797579154
17935	0.0001495549281
17936	0.005375962657
17937	0.00730636876
17938	0.0003292978714
17939	0.002956745132
17940	0.002562925988
17941	0.002251727724
17942	0.005199176904
17943	0.0001448406309
17944	0.0002411846616
17945	0.0009504123286
17946	0.004593332388
17947	0.0007046032979
17948	0.005501506696
17949	0.0003366104084
17950	0.0003901816315
17951	0.0004043071594
17952	0.003622998634
17953	0.002496579636
17954	0.000980480072
17955	0.001321022083
17956	0.001827398537
17957	0.003690362695
17958	0.001100235999
17959	0.0003019774759
17960	0.0006605857608
17961	0.0003843228327
17962	0.005737448212
17963	0.001228537211
17964	0.003513871532
17965	0.0004737791757
17966	0.003254730634
17967	0.0001938963511
17968	0.005220948767
17969	2.49663615e-05
17970	0.0004092737198
17971	0.001814184354
17972	0.00220815388
17973	9.253198322e-05
17974	0.004205744126
17975	0.002948286086
17976	0.0002969488983
17977	0.001980595726
17978	0.005152357319
17979	2.669489712e-05
17980	0.002995317256
17981	0.003669179592
17982	0.0002956451713
17983	8.497120212e-05
17984	8.087076546e-05
17985	0.001568274891
17986	0.005467069682
17987	0.0002119554229
17988	0.0002380991156
17989	0.001282991315
17990	0.004640239586
17991	0.0003751924167
17992	0.001121687861
17993	0.002037162123
17994	0.002542414916
17995	0.005472305416
17996	0.0004408508415
17997	0.0001185396278
17998	0.001413221739
17999	4.5874137e-05
18000	0.002168113294
18001	0.008963948052
18002	0.0006924226413
18003	0.001654200758
18004	0.003673581991
18005	0.001117452814
18006	0.001844441291
18007	0.003088687073
18008	0.004108012259
18009	0.001325660868
18010	0.001457027629
18011	0.0004166125965
18012	0.0004945025072
18013	7.01261892e-05
18014	0.0001830911976
18015	1.698780442e-05
18016	0.003197851696
18017	0.0001296605181
18018	0.004857477487
18019	0.001762720935
18020	0.0003418953408
18021	0.003016081073
18022	0.003935357705
18023	0.002656770477
18024	0.0005331168981
18025	0.002573984181
18026	0.00116382457
18027	0.0008204548485
18028	0.0049010543
18029	0.004684041037
18030	0.001519536283
18031	0.008889913328
18032	4.283029773e-05
18033	0.006783948572
18034	0.001393557024
18035	0.004267502195
18036	4.233652958e-05
18037	0.003523839729
18038	0.003564906379
18039	0.003835877525
18040	0.003066592502
18041	0.001923578146
18042	0.007701524723
18043	2.277951571e-05
18044	0.0006282258854
18045	0.008190932512
18046	0.002253408043
18047	0.0004043396989
18048	0.006676944519
18049	0.001629573671
18050	0.00160628682
18051	0.003197826502
18052	0.001686448743
18053	0.0005449114369
18054	0.003389400126
18055	0.0006056336831
18056	0.001464953577
18057	0.0033237403
18058	0.002444016931
18059	0.0003796756632
18060	0.00211317228
18061	0.0002746884886
18062	0.01437605514
18063	0.002320135042
18064	0.0004912563313
18065	0.0007122625633
18066	0.00312064014
18067	0.001236159117
18068	0.004569009276
18069	0.007912533875
18070	0.003362092422
18071	0.0004104274747
18072	0.003032440777
18073	0.0007077792943
18074	0.0007727342723
18075	0.001189931087
18076	0.0008558528078
18077	0.004162458013
18078	9.378702517e-05
18079	0.0004977882718
18080	9.456947567e-05
18081	0.002088344451
18082	0.000193765281
18083	0.002899675834
18084	0.002523880402
18085	0.0003608041673
18086	0.001697190537
18087	0.0008264292704
18088	0.003345167731
18089	0.001475647433
18090	0.003104525345
18091	0.001019746245
18092	0.0002781289384
18093	0.002170717309
18094	0.001846046209
18095	0.0001846284879
18096	0.007168672288
18097	0.0002550103016
18098	0.0008649848503
18099	0.007156947352
18100	0.0002540581306
18101	0.001208869977
18102	0.0004073032125
18103	0.004189387806
18104	0.001070098205
18105	0.003496632113
18106	0.002123482087
18107	0.0006713417384
18108	0.003244715193
18109	0.003003945616
18110	0.001548808237
18111	0.001200849745
18112	0.002304544009
18113	0.001308079177
18114	0.006637118394
18115	0.0001171470721
18116	0.001546363862
18117	0.002403505085
18118	0.002037959995
18119	0.0005579672126
18120	0.000732025833
18121	0.000437819567
18122	0.004818224298
18123	0.005538798077
18124	0.0003432343431
18125	9.392731684e-05
18126	0.006032626053
18127	0.001674012077
18128	0.001647559215
18129	0.0002513659378
18130	0.0008802304887
18131	7.983227431e-05
18132	0.0009904581682
18133	0.001058754405
18134	0.0002090877692
18135	0.005692360946
18136	0.0003154903325
18137	0.004260449646
18138	0.001138686319
18139	3.480494783e-05
18140	0.01013413438
18141	0.002438947997
18142	0.008711742395
18143	0.001197484194
18144	0.0009407199403
18145	0.005966166261
18146	0.0004263826755
18147	0.001847245926
18148	0.001313748018
18149	0.002579546679
18150	0.0005280676109
18151	0.0009328671502
18152	0.00213628464
18153	0.004493471541
18154	0.001779036621
18155	0.001308897634
18156	0
18157	0.001821471228
18158	0.001216396179
18159	0.002091790878
18160	0.00156766468
18161	0.0006609378948
18162	0.006292921404
18163	0.002154303485
18164	0.0001283361849
18165	3.233172467e-05
18166	0.00516146948
18167	0.002370582314
18168	0.003943268409
18169	0.0001967624281
18170	0.003297708118
18171	0.004139494083
18172	0.003192928417
18173	0.0001506976647
18174	0.002700004767
18175	0.004618779216
18176	0.004412365294
18177	0.004980700708
18178	0.00237609083
18179	0.00145129203
18180	0.0007134038765
18181	0.001324753412
18182	0.002339378103
18183	0.003984922505
18184	0.006885614694
18185	0.0005352656549
18186	0.0007433890293
18187	0.001798790291
18188	0.003206734568
18189	0.0008141023556
18190	0.0006995721305
18191	0.0009416548055
18192	0.0001760462499
18193	0.0009974878189
18194	0.004063051038
18195	0.0007963327682
18196	0.0005801670019
18197	9.000426196e-05
18198	0.0003136940784
18199	0.000272636345
18200	5.701386053e-05
18201	0.0008463530859
18202	0.002430047714
18203	0.0001404568944
18204	0.0009334212429
18205	4.426605504e-05
18206	0.0003690944099
18207	0.001132197674
18208	0.0005179600746
18209	0.0005731781865
18210	0.0002712231378
18211	0.001053106675
18212	0.001062784896
18213	0.0001452213702
18214	0.0001798646679
18215	0.004712087066
18216	0.0002735750974
18217	0.003307481619
18218	0.00203143452
18219	0.0005998930635
18220	0.002959151494
18221	0.001173685276
18222	0.001199498929
18223	0.002026586703
18224	0.0009620555108
18225	0.0009126982581
18226	7.075542415e-05
18227	0.0004848535537
18228	0.0002205713136
18229	0.0002824359474
18230	0.005116418333
18231	0.0006423625952
18232	0.0006562375756
18233	0.001472205445
18234	0.0005746703803
18235	0.002998802281
18236	3.027390465e-05
18237	0.0008439379695
18238	0.001683186023
18239	0.003483552071
18240	0.0004165485648
18241	0.001270437744
18242	3.987123901e-05
18243	0.0004577498983
18244	0.0009262778241
18245	0.001814109975
18246	6.2695212e-06
18247	0.002902805388
18248	0.0006177369472
18249	0.002392544778
18250	0.001050135435
18251	0.0009644154795
18252	0.001442342707
18253	2.974248982e-05
18254	0.0006876619747
18255	0.0001503474897
18256	0.002713378055
18257	0.000782633334
18258	8.5137652e-05
18259	0.0003474476819
18260	0.008825878047
18261	0.001072977215
18262	0.00259639228
18263	0.0004654242986
18264	0.001092264097
18265	0.0002516362337
18266	0.0006177920709
18267	0.0004194415679
18268	0.0001711858456
18269	0.0002875908707
18270	0.0002989195276
18271	0.0001656777792
18272	0.002660236336
18273	0.00282006506
18274	0.0004708275302
18275	0.003398261726
18276	0.003211459024
18277	0.00075416643
18278	0.0001920857438
18279	0.0002272460122
18280	0.003663443976
18281	0.0007002694687
18282	0.005790917326
18283	0.0004269625688
18284	0.001127528937
18285	0.000130402874
18286	0.0009516856364
18287	0.0008243056254
18288	0.000486838298
18289	0.002360080846
18290	0.002064603344
18291	0.003715929831
18292	0.001579313075
18293	0.004379352209
18294	0.00159144885
18295	0.004432828412
18296	0.004974911681
18297	0.003606555909
18298	3.346789172e-05
18299	0.0001373720427
18300	0.001656926029
18301	0.0007139494116
18302	0.0002153317459
18303	0.0001874645785
18304	0.00190643622
18305	0.001113460096
18306	0.0001006276888
18307	0.0001551311319
18308	0.001519451503
18309	0.001932556786
18310	0.001706410493
18311	0.0004609048257
18312	0.0002295693612
18313	0.002558672685
18314	0.0004641798484
18315	0.007484389368
18316	0.008909105653
18317	0.01046282901
18318	0.001241716644
18319	0.001589753648
18320	0.00190528232
18321	0.01007328048
18322	0.000267320146
18323	0.001016504007
18324	0.001048054139
18325	0.001173981897
18326	0.0007431740201
18327	0.001127928913
18328	0.0001114134612
18329	0.002804790961
18330	0.003735625546
18331	0.0008251558311
18332	0.00285793481
18333	0.003647038984
18334	0.0004703957723
18335	0.001345296961
18336	0.000931616505
18337	0.002211642782
18338	0.006369182311
18339	0.00123673348
18340	0.0002569368026
18341	0.005580409322
18342	0.0005222305653
18343	0.00477350451
18344	0.0001487165599
18345	0.003446030123
18346	0.002131713624
18347	0.00596625974
18348	0.0007219581105
18349	0.004220444128
18350	0.001847436102
18351	6.027666691e-05
18352	0.0006758297267
18353	0.0005622321073
18354	0.0009076646323
18355	0.001088440514
18356	0.0004958438924
18357	0.0001546938281
18358	0.001247842584
18359	0.0004470374066
18360	0.000635995478
18361	0.001588413021
18362	0.00105911751
18363	0.004988863528
18364	0.001171114731
18365	0.005465215143
18366	0.0003673159844
18367	0.0009783283032
18368	0.002521778098
18369	0.004032292029
18370	0.0006775705299
18371	0.001757696595
18372	0.0002279859973
18373	0.000450493328
18374	0.002655655848
18375	0.00130097332
18376	0.001616070799
18377	9.181254822e-05
18378	0.0002826627337
18379	3.83273667e-05
18380	0.005380588616
18381	0.0007081459509
18382	0.0001476136584
18383	3.544122781e-05
18384	0.00479942218
18385	0.0009694028473
18386	0.0003197719159
18387	0.001016803945
18388	0.001429188243
18389	0.004945422883
18390	0.0007532539404
18391	0.0005953170366
18392	0.003250947617
18393	0.0001560761474
18394	0.0005319388104
18395	0.0004172282085
18396	0.0009097769187
18397	0.0005150590777
18398	0.0004183454132
18399	0.003000717532
18400	0.001039646147
18401	2.888506415e-05
18402	0.0004867378569
18403	0.001726089195
18404	0.001398531708
18405	0.001591549976
18406	0.000216936319
18407	0.0007402858161
18408	7.840096998e-06
18409	0.001194825586
18410	0.004201473753
18411	0.0002928348123
18412	0.001341484417
18413	0.0002216322619
18414	0.0003618635091
18415	0.0008044123108
18416	0.006119136332
18417	0.000497090385
18418	0.000818376192
18419	0.003997208065
18420	5.438424598e-05
18421	0.001387160536
18422	9.34156125e-05
18423	0.000910608463
18424	0.001257682551
18425	0.0004027244546
18426	0.002092534292
18427	0.005448379118
18428	4.512243396e-05
18429	0.0001865662514
18430	0.00209273587
18431	0.001766639848
18432	0.006343734489
18433	0.001311201832
18434	0.001989454574
18435	0.0003294453792
18436	0.0001717198044
18437	0.001061669884
18438	0.0002859921377
18439	0.0005772642184
18440	0.0004386049474
18441	0.001253155048
18442	0.002396161356
18443	0.002570405537
18444	0.001648049175
18445	0.004381372695
18446	0.0001168920287
18447	0.0004429455935
18448	0.001103162459
18449	0.0004135474455
18450	8.282364025e-05
18451	9.252426031e-05
18452	0.002496558229
18453	9.761751671e-05
18454	0.00284105904
18455	0.0009591346684
18456	0.0001777220073
18457	0.001959013885
18458	0.006132743598
18459	0.0006991036283
18460	0.001251788212
18461	0.0003499034499
18462	0.0007072240213
18463	0.0008503787578
18464	0.001717554606
18465	0.0002419217614
18466	0.006155182854
18467	0.001383734099
18468	0.0008364251869
18469	0.001090766109
18470	0.002824835336
18471	0.0003112655725
18472	0.000338181993
18473	0.0004758996198
18474	0.0005286799698
18475	0.002236744798
18476	0.000908134482
18477	0.0006085697751
18478	0.000715419376
18479	0.002963605749
18480	0.001314096156
18481	0.001096576565
18482	0.000827373763
18483	0.002298717911
18484	0.0008133240997
18485	0.0002427192649
18486	0.0002150384021
18487	0.001255913935
18488	0.0004142513339
18489	0.000991980499
18490	0.006067847882
18491	0.000807229032
18492	0.000233293757
18493	0.004966650742
18494	0.00298429249
18495	0.002400143367
18496	0.000269794479
18497	0.0002829058051
18498	0.001334029287
18499	0.002411236595
18500	0.0009467755834
18501	0.002021173145
18502	0.001442807191
18503	0.002180810785
18504	0.000710942038
18505	0.0002536262168
18506	0.0004643434416
18507	0.001134932387
18508	0.0003046016684
18509	0.0004603069324
18510	7.363382708e-05
18511	0.001177251911
18512	0.00110653818
18513	0.00232635775
18514	0.003046369981
18515	0.002150084856
18516	0.003892446316
18517	0.006910288581
18518	0.00114193024
18519	0.001873232863
18520	0.006959215396
18521	0.0002312778467
18522	0.002542550508
18523	0.0003239188295
18524	0.0002699944014
18525	0.002600593655
18526	0.0017641306
18527	0.001303832555
18528	0.006557765028
18529	0.0009777547408
18530	0.003450462833
18531	0.003838056666
18532	0.002644798777
18533	0.0007372861483
18534	0.001985913209
18535	0.00261261424
18536	0.0003157977959
18537	0.0003286978368
18538	0.0003850271046
18539	0.0003011975526
18540	0.005945148046
18541	0.009069461592
18542	3.932277945e-05
18543	0.001367112222
18544	0.00114896456
18545	0.002479886793
18546	0.001475140469
18547	0.000928539488
18548	0.001167980737
18549	0.0003085964499
18550	0.001679349779
18551	0.0004742330856
18552	0.0003575451888
18553	0.0007253575704
18554	0.003762091284
18555	0.004041445551
18556	0.002255494536
18557	0.006005578758
18558	0.0008780875117
18559	0.0008772039999
18560	2.1924216e-05
18561	0.006243146863
18562	0.00781773672
18563	0.004302284304
18564	0.00102939031
18565	0.001358658681
18566	5.053666158e-05
18567	0.0002195386043
18568	0.001391522481
18569	0.0002109807605
18570	0.006884351428
18571	0.007793723521
18572	0.0003742064375
18573	6.881802728e-05
18574	0.0004083656318
18575	0.003078362659
18576	0.001163087045
18577	0.002170808622
18578	0.0005599681155
18579	0.004043797013
18580	0.00391831516
18581	0.003931440754
18582	0.001158233721
18583	0.01002759987
18584	9.196402943e-05
18585	0.001467903976
18586	0.0009792144958
18587	0.003532461167
18588	0.002278616646
18589	0.001918256044
18590	0.005541837769
18591	0.001155561355
18592	0.003750464782
18593	0.004934252624
18594	0.0003055539945
18595	0.001956969692
18596	0.0007525997046
18597	0.001709404503
18598	0.001125227258
18599	0.001944174352
18600	0.0001331829712
18601	0.0003368152774
18602	0.001388660041
18603	0.00470123221
18604	0.001137631169
18605	0.002266275775
18606	0.002958890228
18607	0.004059781757
18608	0.002746179324
18609	0.001646723704
18610	0.0006077059172
18611	0.0001979728014
18612	0.002030155716
18613	0.0004824322759
18614	0.0009773205165
18615	0.0006171130889
18616	0.002497182879
18617	0.01325634762
18618	0.0003573675573
18619	0.00265545722
18620	0.002077522919
18621	0.001929904511
18622	0.001127199597
18623	0.0004804790612
18624	0.001850823989
18625	0.001310071079
18626	0.003653457311
18627	0.0007834930526
18628	0.001610965618
18629	0.004019928196
18630	0.001187555907
18631	0.002107475612
18632	0.001865257709
18633	0.003498070487
18634	0.003661451421
18635	0.0002616799416
18636	0.002907344008
18637	0.0002077389978
18638	0.003469231626
18639	0.001902372962
18640	0.0001912743526
18641	0.002564258911
18642	0.0005921276162
18643	0.0001142576522
18644	0.002296358914
18645	0.004689599356
18646	0.0004505017392
18647	0.002015965389
18648	0.006074716765
18649	0.005697872796
18650	0.006166052312
18651	0.001949046466
18652	0.003348961492
18653	0.001415283132
18654	0.004617133309
18655	6.015844956e-05
18656	0.002123998641
18657	0.004681816834
18658	0.001166575905
18659	0.000962559542
18660	0.007498659816
18661	0.0002193450424
18662	0.001332065586
18663	0.004546010516
18664	0.001641580921
18665	0.002659923255
18666	0.004107718782
18667	0.0002933376227
18668	0.003455631903
18669	0.001847449908
18670	0.00315309242
18671	0.001899456271
18672	0.002141058513
18673	0.000575772532
18674	0.002367973879
18675	0.008094627068
18676	0.004142926055
18677	0.00332752938
18678	0.0003480053014
18679	0.003920499583
18680	0.001162306677
18681	0.004135614436
18682	8.44673134e-05
18683	0.001423715514
18684	0.001881491198
18685	0.0005002200289
18686	0.001132560734
18687	0.000226601681
18688	0.00128694477
18689	0.0008260639998
18690	0.0004580749659
18691	0.0001125529661
18692	0.0009993004305
18693	0.003485472981
18694	0.003473156868
18695	0.0007756935653
18696	0.004826807257
18697	0.003559067102
18698	0.003469027573
18699	0.009900141319
18700	0.003261590774
18701	0.001630740681
18702	0.00323163234
18703	0.0004236023776
18704	0.0003347476869
18705	0.002700299939
18706	0.0009759211238
18707	5.956668925e-05
18708	0.003875089459
18709	0.0003884911329
18710	9.37033522e-06
18711	0.002905413598
18712	0.003505754482
18713	0.001000235164
18714	0.001736827993
18715	0.00107541996
18716	0.003103398232
18717	0.008931367624
18718	0.003430880558
18719	0.009881230211
18720	0.0002318530652
18721	0.0003455036083
18722	0.0005488841555
18723	0.0003035639401
18724	0.0006703436743
18725	0.0007404435697
18726	0.002866372034
18727	0.003478991844
18728	0.0002021905784
18729	0.000431339889
18730	0.0003195909414
18731	0.0009635882055
18732	0.001532873276
18733	0.0006571168711
18734	0.003170072637
18735	0.0004754686004
18736	0.005055202871
18737	0.001021996537
18738	0.002114603869
18739	0.0009743475064
18740	0.002211587311
18741	0.0002279741095
18742	0.0005020185837
18743	0.0001434171788
18744	0.0003795552977
18745	0.002344742068
18746	0.003021701567
18747	0.0001651025634
18748	0.003857390095
18749	0.002407921478
18750	0.002686463621
18751	0.002506449549
18752	0.002123591717
18753	0.0005662474898
18754	0.002597248471
18755	0.001895993156
18756	0.0003564875301
18757	0.001577151248
18758	0.00159708389
18759	0.0004921741941
18760	0.002203835149
18761	0.000203683068
18762	0.000403695788
18763	0.0002746646561
18764	0.0004028382481
18765	0.0002527531436
18766	1.822036583e-05
18767	0.0004449877299
18768	0.0001545737064
18769	0.002040288632
18770	0.001318676335
18771	0.0005820808139
18772	0.0005381852755
18773	0.000230767743
18774	0.0007351430115
18775	0.000607361278
18776	0.0005337939838
18777	0.0002250482077
18778	0.002605096376
18779	8.823410925e-05
18780	0.002157589956
18781	0.0002717495975
18782	0.00634816966
18783	0.0004160862354
18784	0.006061947921
18785	0.00328897015
18786	0.001873623586
18787	0.0008931754065
18788	0.005261274893
18789	0.002878490386
18790	0.0004643851696
18791	0.002812352875
18792	0.002051930732
18793	0.0008073222166
18794	0.0002938270565
18795	0.000447422751
18796	0.0005650022674
18797	1.152498837e-06
18798	0.0002675325664
18799	0.0008264258201
18800	0.002957149837
18801	0.005989039299
18802	0.003709479767
18803	1.048659793e-05
18804	0.00254160057
18805	8.380201918e-05
18806	0.0004598603255
18807	0.00120166537
18808	0.002234623058
18809	0.001088052208
18810	0.0001198059065
18811	0.002322177999
18812	0.002988287638
18813	0.001935812566
18814	0.004701163392
18815	0.0003471292119
18816	0.0001113928848
18817	4.750811014e-05
18818	0.0004368145506
18819	0.000475895264
18820	0.000360146142
18821	0.00909860806
18822	0.0003844098664
18823	0.002369055805
18824	0.002294181236
18825	0.003600511172
18826	0.003680879811
18827	0.005750726601
18828	0.003299488825
18829	0.001269843
18830	0.002298384728
18831	0.002523374336
18832	0.001634686111
18833	0.0009275547057
18834	0.00129507501
18835	0.001769976597
18836	0.0005314418908
18837	0.003661491126
18838	0.00325274694
18839	0.002206514512
18840	0.002345367505
18841	0.0006450637297
18842	0.003783749747
18843	0.004399161335
18844	0.002507846649
18845	0.001364332231
18846	0.001448604678
18847	0.002586964128
18848	0.002374505216
18849	0.004889349683
18850	0.003623109308
18851	0.002306191295
18852	0.001564263299
18853	0.0002919747103
18854	0.003371978718
18855	0.001407689863
18856	0.004070212765
18857	0.001078347028
18858	0.001926776149
18859	0.001948128819
18860	0.000154849572
18861	0.002254646333
18862	0.002113704476
18863	0.002621654348
18864	0.001707686006
18865	0.00106078418
18866	0.004988685208
18867	0.005065284534
18868	0.001732565202
18869	0.0008661706856
18870	0.001088994473
18871	0.005297635216
18872	0.002236652601
18873	0.0009419043598
18874	0.000430205612
18875	0.007130058339
18876	0.003379537204
18877	0.0003870120816
18878	0.004148670291
18879	0.002040296146
18880	0.0005667144754
18881	1.886931436e-05
18882	0.001704789263
18883	0.004683891794
18884	0.0003814081756
18885	0.0008017743131
18886	0.002472210726
18887	0.0006854966275
18888	0.0003198518842
18889	0.0005611671617
18890	0.001983239541
18891	0.001408463595
18892	0.004396335669
18893	0.002676264141
18894	0.002194181159
18895	0.0005717190445
18896	0.005587274865
18897	0.003294548071
18898	0.001178992023
18899	0.00164525482
18900	0.002590296185
18901	0.003951431911
18902	0.004859608317
18903	0.002899185726
18904	0.002464662872
18905	0.001693574398
18906	0.004738543422
18907	0.001008545838
18908	0.002763814936
18909	0.0007650991361
18910	0.001998175621
18911	0.003010797258
18912	0.005756341435
18913	0.001165292917
18914	0.002296456853
18915	0.0060120638
18916	0.007714059431
18917	0.006054872555
18918	0.001211504431
18919	0.001698382227
18920	0.003122153702
18921	0.003147418973
18922	0.003961619268
18923	0.001788327718
18924	0.001062050857
18925	0.004433621663
18926	0.0006443628038
18927	0.00416707826
18928	0.0007022316326
18929	0.005917799239
18930	0.001742740257
18931	0.01100447145
18932	0.0005338486057
18933	0.005004692437
18934	0.0007013526636
18935	0.002902364822
18936	0.000311838209
18937	0.00180709066
18938	9.884323227e-05
18939	0.00591583611
18940	0.001785508779
18941	0.002862316206
18942	0.002527482811
18943	0.0001240741326
18944	0.000396066148
18945	0.006090070237
18946	0.003873645569
18947	1.740984331e-05
18948	6.770589601e-05
18949	0.0009438859203
18950	0.0005242849214
18951	0.0005588405565
18952	0.004493185458
18953	0.0004295823996
18954	0.001942922193
18955	0.0001174340686
18956	0.002123416897
18957	0.002090034329
18958	0.002169471848
18959	0.0006233805633
18960	0.001295123428
18961	0.001289409306
18962	0.001946760711
18963	0.0006108729419
18964	0.0006305382308
18965	0.0004724245012
18966	8.754017371e-08
18967	0.00124198916
18968	0.001189678459
18969	0.001457750589
18970	0.0025269308
18971	0.000521575534
18972	0.0005941187787
18973	0.0007569312556
18974	0.001335871221
18975	3.597009106e-06
18976	0.002975509871
18977	0.0005152005735
18978	0.0004348341756
18979	0.002950950078
18980	0.0006034810643
18981	0.00121377229
18982	0.0001433847552
18983	0.001607469433
18984	0.001780051037
18985	0.000135970396
18986	0.008234074367
18987	0.0007427932101
18988	0.001000522935
18989	0.0002799113709
18990	0.002057937623
18991	0.0002106709787
18992	8.505345562e-06
18993	0.0001413703309
18994	0.001074756836
18995	0.001014620574
18996	0.003572403787
18997	0.0006779366509
18998	2.76463565e-05
18999	0.0006086749431
19000	0.001366574724
19001	0.001857239813
19002	0.002721800137
19003	0.001393404413
19004	0.001910299736
19005	0.002558244527
19006	0.006601961472
19007	0.0004273024961
19008	0.002394818743
19009	0.0003576039189
19010	0.0004664736465
19011	0.002171939196
19012	1.451787183e-05
19013	0.001594270283
19014	0.0001577109406
19015	0.001752904611
19016	0.002816111139
19017	0.0001602469266
19018	0.0006424337075
19019	2.656164409e-05
19020	0.004359306539
19021	0.001887095695
19022	0.0002321212291
19023	0.001873940959
19024	0.001610911628
19025	0.0004922007801
19026	0.0007898134172
19027	0.0002492971327
19028	2.434898486e-05
19029	0.00236385068
19030	0.001169117428
19031	0.004444844454
19032	0.002188726603
19033	4.383370582e-05
19034	0.0005330153775
19035	0.001141452689
19036	0.003956678388
19037	0.007655585475
19038	0.006883282259
19039	0.002780935754
19040	0.006044467357
19041	0.00445158387
19042	0.0001829849716
19043	0.006404151747
19044	0.0007328622689
19045	0.002457329382
19046	0.001703216523
19047	0.0003882196628
19048	0.001678412311
19049	0.0006585834397
19050	0.0005664261126
19051	0.0003591305636
19052	0.00408360834
19053	0.002286018796
19054	0.002527709018
19055	0.0007329096475
19056	0.0001535611769
19057	0.0004158648949
19058	0.0009902590124
19059	0.000435435715
19060	0.004149468695
19061	0.002717215073
19062	0.005804000855
19063	0.003991557139
19064	0.0001479132598
19065	0.00181052445
19066	0.001396774772
19067	0.001258886214
19068	0.003185110251
19069	0.0001969957021
19070	0.003876580426
19071	0.001770836811
19072	0.001001383794
19073	0.0001416967034
19074	0.003240554826
19075	0.0006577955622
19076	0.001312705453
19077	0.0002015781274
19078	0.0001144121721
19079	0.004048040436
19080	0.002144918329
19081	0.001277041269
19082	0.0002694524735
19083	0.00513319929
19084	0.004680777285
19085	0.002837305885
19086	0.001462741154
19087	0.001409545498
19088	0.002462803175
19089	0.0008038662473
19090	5.948116775e-06
19091	0.001219790999
19092	0.0007523580744
19093	0.0002565131761
19094	0.0005576644254
19095	0.0006663579462
19096	0.0001678818187
19097	0.005171929359
19098	0.0004009275922
19099	0.004412508927
19100	0.002776040102
19101	0.0009830419096
19102	0.002756880609
19103	0.001182040991
19104	0.0008996704836
19105	0.001607562013
19106	0.001843531796
19107	0.001647195026
19108	0.00266369226
19109	0.005469902234
19110	0.001770394187
19111	0.0007569757381
19112	0.004018193283
19113	0.006282472186
19114	0.002426913852
19115	0.0004440494795
19116	0.0002379740793
19117	0.0001292017576
19118	0.000434109789
19119	0.000339689905
19120	0.0001274717507
19121	0.0001733688376
19122	0.0001624857941
19123	0.0001048304945
19124	0.003604693994
19125	0.0004535476854
19126	0.0002385181731
19127	6.962341116e-05
19128	0.0002105797305
19129	0.00130349724
19130	0.002002357442
19131	0.00307459676
19132	0.001632763197
19133	0.001561035915
19134	0.008248048744
19135	0.001887433079
19136	0.002111955026
19137	0.002967364749
19138	0.00102985587
19139	0.0006328041104
19140	0.0001099235918
19141	0.000146406549
19142	0.0001449599393
19143	2.47343935e-05
19144	5.930376017e-05
19145	0.0001841998931
19146	0.001116950476
19147	0.002078564257
19148	0.0009773183506
19149	0.0008877325858
19150	0.001141123331
19151	0.0001149929573
19152	0.0004421180682
19153	0.004796471371
19154	0.0004290695501
19155	0.001081383068
19156	0.0004090806042
19157	0.007805810881
19158	0.006831228644
19159	0.0005388574153
19160	0.0001022372495
19161	0.002006164922
19162	0.003886885737
19163	0.0003638333442
19164	0.0004955098631
19165	0.0032547189
19166	0.0002063508273
19167	0.001744802477
19168	4.22305641e-05
19169	0.003543868259
19170	0.001558838734
19171	0.002014603266
19172	0.001412357618
19173	0.001631103218
19174	0.001044526383
19175	0.00771058156
19176	0.000100050887
19177	0.007187084286
19178	0.003332699868
19179	1.169714857e-05
19180	0.002169005844
19181	0.0003648347518
19182	0.0001594730016
19183	0.001069326435
19184	0.003319706005
19185	0.001664927895
19186	0.001793642075
19187	0.0009807373748
19188	0.005785886306
19189	0.001880153838
19190	0.0003275996019
19191	0.003259699916
19192	0.00329660663
19193	0.0007181364122
19194	0.0007113780798
19195	0.0002807067628
19196	0.001129946626
19197	2.044744159e-05
19198	0.0004851719518
19199	0.000337956608
19200	0.0009242015629
19201	0.0009476952429
19202	0.0004344265316
19203	0.000931125599
19204	0.0001046755772
19205	0.001192012356
19206	0.002206004828
19207	0.0004769305403
19208	0.002639348223
19209	0.0004914890279
19210	0.003951124329
19211	0.000353446991
19212	0.001145833247
19213	0.001718666759
19214	0.0005922246388
19215	0.0008380247038
19216	0.0001388637792
19217	0.003417468054
19218	0.004754659232
19219	0.0004546124154
19220	0.0005077375728
19221	0.0006121273634
19222	0.0006919702468
19223	0.004178963569
19224	0.0007292941443
19225	0.0003750152412
19226	4.518209615e-05
19227	0.0004146890782
19228	0.001631569979
19229	0.001230726146
19230	0.0002530879156
19231	7.06320067e-05
19232	0.0009044427814
19233	0.002508127252
19234	0.006755985137
19235	0.004114138689
19236	0.001166824275
19237	0.0007432253643
19238	0.0002580318722
19239	0.003026947679
19240	0.006118849846
19241	0.003117104515
19242	0.0006691254384
19243	0.001160388857
19244	0.003585265721
19245	0.0005088913644
19246	0.0009826896777
19247	0.0003804010095
19248	0.004925417302
19249	0.002572245821
19250	0.004723617207
19251	0.001107778216
19252	0.002149411877
19253	0.0002254129449
19254	0.004848025781
19255	0.0003060873426
19256	0.0001328284628
19257	0.0004158111618
19258	0.001729710956
19259	0.0007332884683
19260	0.0001978628994
19261	0.00291337698
19262	0.002112003782
19263	0.0003370101197
19264	0.001821959791
19265	0.0006515718264
19266	0.002350721885
19267	0.004170757641
19268	0.001385441048
19269	4.77474318e-05
19270	0.001109657694
19271	0.000845560954
19272	0.0006578654955
19273	0.003934581679
19274	0.00038143124
19275	0.0005995288446
19276	0.005185115238
19277	0.0005109199808
19278	0.002665208487
19279	0.003206426507
19280	0.004007413235
19281	0.001092384091
19282	0.000375340697
19283	0.001030846913
19284	0.001065268722
19285	0.003995057868
19286	0.002582062836
19287	0.00244463454
19288	0.00181134429
19289	0.0006511471895
19290	0.001964161968
19291	0.001957063508
19292	0.0007039199049
19293	0.005106937686
19294	0.0002847297753
19295	0.0001571661952
19296	0.0007866726955
19297	0.0009248648448
19298	0.002513249544
19299	0.004475583638
19300	0.001038573604
19301	0.002078087917
19302	7.103522046e-05
19303	0.002371559446
19304	0.0004864962472
19305	2.919466667e-05
19306	0.002434522197
19307	0.00227787584
19308	0.006688023423
19309	0.003212535665
19310	0.001634003713
19311	0.005492401911
19312	0.002287575147
19313	0.001662278089
19314	0.0003595165515
19315	0.0001534054699
19316	0.002901633287
19317	0.001016294825
19318	0.003391910409
19319	0.003660217029
19320	0.00163688916
19321	0.0009003494349
19322	0.0002213516026
19323	0.003714971888
19324	0.00253260647
19325	0.004576533543
19326	0.0032130855
19327	0.007183663354
19328	2.615156017e-05
19329	0.003620067773
19330	0.0004192062558
19331	0.005982347578
19332	0.00200185312
19333	0.0009975509838
19334	0.0008172673018
19335	0.005587852226
19336	0.001950967876
19337	0.0007920731655
19338	0.0002457604452
19339	2.836928044e-05
19340	0.002259632065
19341	0.001341114575
19342	0.001703981911
19343	0.0002864411781
19344	0.002323181968
19345	0.00119320497
19346	0.0003679836787
19347	0.0005887950726
19348	0.0005978075276
19349	0.004077316824
19350	0.000564037106
19351	0.0008407641165
19352	0.003504527739
19353	0.00556072135
19354	0.0009029348385
19355	0.002851521764
19356	0.002503002011
19357	0.0001251474032
19358	0.0003346473623
19359	0.0004646105428
19360	0.000793402
19361	0.001020628066
19362	0.001541162966
19363	0.004558857949
19364	0.001490142099
19365	0.003225500064
19366	0.0009713467645
19367	0.0001668355454
19368	0.0007544682661
19369	0.0001263542563
19370	0.002627032953
19371	0.002344913665
19372	0.00214215105
19373	0.0006462841632
19374	0.003087910855
19375	0.001026139075
19376	0.0005388559145
19377	0.002808263797
19378	0.001031450616
19379	0.0004234726745
19380	0.0005237555226
19381	0.001039634224
19382	0.001923777867
19383	0.002089838611
19384	0.0007928075548
19385	5.778201441e-06
19386	0.001247699277
19387	0.001142079394
19388	0.003273167924
19389	0.001520000737
19390	0.001236659588
19391	1.042353027e-05
19392	4.277788926e-05
19393	0.0004286542296
19394	0.000570837421
19395	0.0002244560083
19396	0.004207815696
19397	0.001436602152
19398	0.002274893593
19399	0.001913743554
19400	0.0002491869689
19401	0.001924170773
19402	0.0006245580917
19403	0.003118772066
19404	0.001068876466
19405	9.347480731e-05
19406	0.0003549113172
19407	0.002518917322
19408	0.001592494973
19409	0.000392790218
19410	0.0001339952904
19411	0.001167345612
19412	0.0004205432277
19413	0.0009025294647
19414	0.0003290828706
19415	0.001270561702
19416	0.0003884875926
19417	0.002955281081
19418	0.002087801217
19419	0.006778348294
19420	0.005173605242
19421	0.003300696507
19422	0.0008315258436
19423	0.00047101615
19424	0.0003193301821
19425	0.000647795813
19426	9.02724266e-05
19427	0.0003039455072
19428	0.0053949325
19429	0.0006749694342
19430	4.114609955e-05
19431	0.0005051534695
19432	0.00092676678
19433	0.002146325582
19434	0.0001384883349
19435	1.59045559e-05
19436	0.001712069097
19437	0.001348509362
19438	0.0003387757963
19439	0.0009403202715
19440	0.0004385492401
19441	0.0001694033891
19442	0.003909821347
19443	0.003561050914
19444	0.0041719513
19445	0.004623424595
19446	0.005983789927
19447	0.000547663688
19448	0.0008142706896
19449	0.00199302922
19450	0.002722404455
19451	0.007418598569
19452	0.003690422669
19453	0.004978989696
19454	0.001287389604
19455	0.0004044375363
19456	0.0007655697911
19457	0.0004068395677
19458	0.0002349817316
19459	0.003541975713
19460	0.0008332524531
19461	0.002705363498
19462	1.98984402e-05
19463	0.0005843597597
19464	0.0009943454953
19465	0.005410611948
19466	0.002539457328
19467	0.0003552594283
19468	0.001413936315
19469	0.001734130856
19470	0.0004737150119
19471	0.001631574618
19472	0.0002818815909
19473	0.003984796758
19474	0.0008447686975
19475	0.001986884835
19476	0.002708528027
19477	0.005577571527
19478	0.0002155106012
19479	0.002910825919
19480	0.001228641259
19481	0.0003721536555
19482	6.842924437e-05
19483	0.0007841574786
19484	0.001910111447
19485	0.0014318401
19486	0.000155828427
19487	0.0007283670463
19488	0.005192525527
19489	0.004924669942
19490	0.0001681709093
19491	0.0009568748957
19492	0.002662895527
19493	0.003594483677
19494	0.002642664995
19495	0.0008315514078
19496	0.00430105462
19497	0.000267215974
19498	0.004558159876
19499	0.002008064176
19500	0.001279553245
19501	0.003220420972
19502	0.0007080038207
19503	0.006601321928
19504	0.008871209183
19505	0.001777320677
19506	0.002423207762
19507	0.0004278711695
19508	0.0004709504376
19509	0.00247922604
19510	0.00252981972
19511	0.0003484279479
19512	0.0002847719755
19513	0.005271192864
19514	0.006524671001
19515	0.0005776037267
19516	0.0009244492047
19517	0.002297787496
19518	0.0005076156677
19519	0.0004436663493
19520	0.001894338453
19521	0.0008573472788
19522	0.003165291362
19523	9.649325731e-05
19524	0.003883064393
19525	0.004327153768
19526	0.001736184749
19527	0.002174118239
19528	0.0002174508877
19529	0.0007238492793
19530	0.0002120697067
19531	6.542422607e-05
19532	0.001421074709
19533	0.0002949642648
19534	0.00215200232
19535	0.002668775723
19536	0.0006306413831
19537	0.001297744719
19538	0.0001804394529
19539	0.004173996832
19540	0.001975243817
19541	0.002244589887
19542	0.0005715640548
19543	0.002184938784
19544	0.0001857240143
19545	0.001336130903
19546	0.007776528763
19547	0.001833970823
19548	0.0004414433516
19549	0.001191803832
19550	0.0009249647271
19551	0.00263267531
19552	0.00484197862
19553	0.002435723738
19554	0.001617759172
19555	0.003793950547
19556	0.002603356865
19557	0.000493507103
19558	0.001850127472
19559	3.18610712e-05
19560	0.0002266533871
19561	0.0009621637479
19562	0.002758579612
19563	0.0006087956087
19564	0.002202723869
19565	0.003217432795
19566	0.004948421244
19567	0.0001698403107
19568	0.0001324503067
19569	0.001674479122
19570	0.001129518483
19571	0.00268345779
19572	0.0003807599602
19573	0.002103210971
19574	0.003552387249
19575	0.001230521614
19576	0.0001912113717
19577	0.001825641208
19578	0.001729999958
19579	7.184403373e-05
19580	0.004050851985
19581	0.0007946925526
19582	0.0006340457944
19583	0.002692575467
19584	0.001351843952
19585	0.004295196697
19586	0.0003409339937
19587	0.002243770508
19588	0.002192639284
19589	0.004153848732
19590	0.0004012345157
19591	0.00119631497
19592	0.0004900068212
19593	0.0003572560521
19594	0.003573488067
19595	0.0003714764406
19596	0.001678400512
19597	0.003537726431
19598	0.0001189062202
19599	0.003709592837
19600	0.003521650427
19601	0.007600315428
19602	0.004739404731
19603	0.001962779278
19604	0.00113905349
19605	0.002515057658
19606	0.0006012640588
19607	8.388683326e-06
19608	0.000516597588
19609	1.491845814e-05
19610	0.003399901756
19611	0.001426564203
19612	0.001966889005
19613	0.000176546449
19614	0.002028366947
19615	0.0009812470454
19616	2.710447341e-05
19617	0.0002995426757
19618	0.0005462152909
19619	0.001848112685
19620	0.002078077055
19621	0.001350103563
19622	0.003849243531
19623	0.0003605736077
19624	0.0015234968
19625	0.00054094464
19626	0.005559216555
19627	0.0002194608395
19628	0.003595612172
19629	0.002137969532
19630	0.002595770069
19631	0.001176240346
19632	0.003732179782
19633	0.0004052032998
19634	0.0001337391193
19635	0.004304215667
19636	0.004398880613
19637	0.000514592375
19638	0.003385482169
19639	0.001843118416
19640	0.0009473218549
19641	0.0005884619886
19642	0.0002143559808
19643	0.00151452777
19644	0.003258979323
19645	0.0001288854824
19646	0.0005358754006
19647	0.00299334356
19648	0.005453532028
19649	0.001140746593
19650	9.261512796e-05
19651	0.0006108186316
19652	0.005832114527
19653	0.004742753885
19654	0.001762224454
19655	0.001660764857
19656	0.005821492639
19657	0.003574853831
19658	0.002283327161
19659	0.001472293796
19660	0.006776988435
19661	0.002046689031
19662	0.001205309982
19663	0.001099813142
19664	0.001658367966
19665	0.001501657651
19666	0.002029739415
19667	0.001174390459
19668	0.004244040976
19669	0.004211035981
19670	0.004833059071
19671	0.0009324071295
19672	0.003025074834
19673	0.003883315713
19674	0.002802608172
19675	0.0002365773522
19676	0.001126115503
19677	0.001759693531
19678	0.0001499234301
19679	0.004707748526
19680	0.001256287722
19681	0.0002382236675
19682	0.005082503428
19683	0.002509710935
19684	0.0006049471111
19685	0.002088376637
19686	0.004277681375
19687	0.00260503735
19688	0.006001768425
19689	0.0001025362599
19690	0.000263258806
19691	0.001495108739
19692	0.001151404101
19693	0.006862517196
19694	0.003291413139
19695	0.0001922668522
19696	0.007339565871
19697	0.0007050243827
19698	0.001712326967
19699	0.00161162242
19700	0.001648132906
19701	0.00582453278
19702	0.0002582480627
19703	0.002965791664
19704	0.004468394141
19705	0.001241160054
19706	0.001062411098
19707	0.0002569498307
19708	0.001247020097
19709	0.003219604071
19710	0.001830891917
19711	7.123984964e-05
19712	0.00169934833
19713	0.0002365898987
19714	0.0004718015249
19715	0.001749787169
19716	0.0003175787137
19717	0.002944271802
19718	0.002610460674
19719	0.001312599656
19720	0.0007911526466
19721	0.002225254491
19722	0.003195237672
19723	0.00201793891
19724	0.000303675458
19725	0.000112616057
19726	0.00165484077
19727	0.0004267526075
19728	0.0003772574527
19729	0.003998001639
19730	0.007796316697
19731	0.005907440803
19732	0.001051625479
19733	0.004637178966
19734	0.003031255623
19735	0.008063604685
19736	0.002455659689
19737	0.0009219614543
19738	0.001728666529
19739	0.0002052492024
19740	0.003048876142
19741	0.000313350648
19742	0.001284871934
19743	0.0003939200722
19744	0.0006405158882
19745	0.001318579229
19746	0.0003681595235
19747	0.0004719190232
19748	0.002752826683
19749	0.001328076388
19750	0.0008178865175
19751	0.004387568089
19752	0.003689457837
19753	0.003949560661
19754	0.0008373094091
19755	0.003117971195
19756	0.001626755627
19757	0.0003526968293
19758	0.002016601398
19759	0.0009952602262
19760	0.00177787213
19761	0.00257205327
19762	0.004456803288
19763	0.0007253987542
19764	0.001037646045
19765	0.002202775017
19766	0.003467473366
19767	0.0009164993652
19768	0.001880851056
19769	0.001125202513
19770	1.448795452e-05
19771	0.0001528648934
19772	0.0001883603278
19773	0.001125739939
19774	0.002495407842
19775	0.001488901867
19776	0.004548504275
19777	0.003394004745
19778	0.003329290533
19779	0.0003051620185
19780	0.008964635545
19781	0.0003866300631
19782	0.006689093893
19783	0.004747862017
19784	0.001986095138
19785	0.00272215346
19786	0.002276263916
19787	0.005874497638
19788	0.003245282265
19789	0.003029174266
19790	0.001415780617
19791	0.0005241919664
19792	0.006282610835
19793	0.003471474652
19794	0.003874767984
19795	0.001327831228
19796	0.002952996026
19797	0.001302758003
19798	0.0005291230712
19799	0.004482293019
19800	0.001845243394
19801	0.0002199135847
19802	1.071511739e-05
19803	0.00357353167
19804	0.0007518138859
19805	0.0002927553069
19806	0.001457655936
19807	0.0003919068601
19808	0.0004213316005
19809	0.002462857947
19810	0.001603600203
19811	0.0009375704605
19812	0.0006542756107
19813	0.0005221721985
19814	0.002859689405
19815	0.001627455123
19816	0.001520154115
19817	0.0006818388486
19818	0.0001524358146
19819	0.004595699291
19820	0
19821	0.007233113162
19822	0.002411717632
19823	0.001846561482
19824	0.004218889814
19825	0.005034997226
19826	0.001107115813
19827	0.0009760578268
19828	0.0004457986699
19829	5.736511323e-05
19830	0.001977392809
19831	0.001145428368
19832	0.007573548349
19833	0.004893953822
19834	0.002257599318
19835	0.0005808997862
19836	0.00280378394
19837	2.679678048e-05
19838	0.005545805183
19839	0.00246959646
19840	0.00869808811
19841	0.007959684499
19842	0.003371079391
19843	0.001149655863
19844	0.001027422154
19845	0.0008542429011
19846	1.799317219e-05
19847	5.052265554e-05
19848	0.0006854741928
19849	2.578172333e-05
19850	0.0002394380998
19851	0.000149251202
19852	0.0001351012889
19853	0.00277389396
19854	0.001036715748
19855	0.0006671318582
19856	0.001452955578
19857	0.005346683348
19858	4.496072748e-05
19859	0.001675141479
19860	0.002159534341
19861	0.0007982453344
19862	0.003615227483
19863	0.002900229277
19864	0.00217157587
19865	0.001782422872
19866	0.000117780938
19867	0.0005876684547
19868	0.0007902214722
19869	0.003359790266
19870	0.0004272919208
19871	1.315576289e-05
19872	0.001382512784
19873	0.0009627612953
19874	0.0003836192338
19875	0.0003501261429
19876	0.0003024040534
19877	8.36475386e-05
19878	0.000726689511
19879	0.001492881537
19880	0.0009777013875
19881	0.0001302143596
19882	0.0001296308419
19883	0.0001266196417
19884	0.0001964286352
19885	0.0002355278839
19886	0.0003039536815
19887	0.00106055208
19888	0.002624923713
19889	0.005113994815
19890	0.001398410837
19891	0.001470305753
19892	0.003203741017
19893	0.005629998604
19894	0.0003536708456
19895	9.055774782e-05
19896	0.00149563589
19897	9.345975694e-05
19898	0.0005248600798
19899	0.001335895635
19900	0.0002695016512
19901	0.003208417807
19902	0.004105801512
19903	0.0017202189
19904	0.005190460656
19905	0.0006175718726
19906	0.0003223770666
19907	0.001333328411
19908	0.005585835062
19909	0.0005739421645
19910	0.00170617241
19911	0.0005759444812
19912	0.001977164561
19913	0.0001373846428
19914	0.0004919846243
19915	0.002585109498
19916	0.002127702237
19917	0.003821915427
19918	0.004975140184
19919	0.0008129222947
19920	0.003812222926
19921	0.001304374789
19922	0.001720257381
19923	0.001093694587
19924	0.0006902326172
19925	0.0001726667856
19926	0.0001817958521
19927	0.0004146554506
19928	0.00177950178
19929	0.003482937994
19930	0.000785986633
19931	0.0008869295756
19932	0.000787953998
19933	0.0001074070407
19934	0.004270483037
19935	0.001591750332
19936	0.0001509975845
19937	6.392239273e-06
19938	0.0006452481128
19939	3.009718316e-05
19940	0.0002147796062
19941	0.001022763671
19942	0.003354292603
19943	0.001600381776
19944	0.001340456828
19945	0.002392962282
19946	0.0003869850193
19947	0.002818077697
19948	0.0007405660193
19949	0.004910437513
19950	0.002868703218
19951	0.001053828948
19952	0.0006062855991
19953	0.00178736321
19954	0.002387913227
19955	2.794828774e-05
19956	0.004441393784
19957	6.993227506e-05
19958	0.0007232080173
19959	0.00240631044
19960	0.001751219448
19961	0.001362409358
19962	0.0005153496129
19963	0.005890767897
19964	0.0007854461725
19965	0.0007217511501
19966	0.007424465476
19967	0.003701068763
19968	5.314671395e-05
19969	0.002970912261
19970	0.0004628302967
19971	0.0001181149812
19972	0.0003768538918
19973	0.002499772485
19974	0.0002006026645
19975	0.001235569185
19976	0.0008594299101
19977	0.0003000744662
19978	0.001443154228
19979	0.001588874458
19980	0.00352395707
19981	0.005869259584
19982	0.004864120804
19983	0.0008804535249
19984	0.004499031259
19985	0.0003344807145
19986	0.0004776870927
19987	0.001775475271
19988	0.002734056848
19989	0.00222332337
19990	0.002108121436
19991	0.0007835422651
19992	0.001869364272
19993	0.00102254542
19994	0.000146182617
19995	0.0003661327915
19996	0.0005076730944
19997	0.0002537701687
19998	0.001013948433
19999	0.0006357801563
20000	0.004640331261
20001	0.0002441604396
20002	0.002757461226
20003	0.003724309408
20004	0.003082334911
20005	0.0004049225587
20006	0.0006564633698
20007	0.001372233581
20008	0.00314193087
20009	0.003713162342
20010	0.0002370321822
20011	0.002511632641
20012	0.0001543875979
20013	0.0004569033701
20014	0.0001778828425
20015	0.001264480508
20016	3.258844426e-05
20017	0.0002444080516
20018	0.007070501442
20019	0.0001946644644
20020	0.0007371890131
20021	0.004678854458
20022	0.002225961245
20023	0.001296532521
20024	0.0006825469309
20025	0.002250062219
20026	0.003035207611
20027	0.002040202425
20028	0.0001229788384
20029	0.00109038894
20030	0.002514489745
20031	0.0002986122541
20032	0.002062932914
20033	0.001815767629
20034	0.006585125633
20035	0.001246291375
20036	0.0001946950863
20037	0.002245503519
20038	0.0004926626166
20039	0.004388600976
20040	5.187877605e-05
20041	0.0005341519054
20042	0.0006352494302
20043	0.00776059485
20044	0.001173147614
20045	0.001506400803
20046	0.003276278747
20047	0.002895119709
20048	0.0002433216025
20049	0.0009564886898
20050	0.002911977836
20051	0.001296739239
20052	0.001522203767
20053	0.0007828859327
20054	0.0006663534859
20055	0.0001314658891
20056	0.001397430775
20057	0.001449101325
20058	0.005101358995
20059	0.002589097104
20060	2.823314662e-05
20061	0.004454630697
20062	9.872893296e-06
20063	0.003625718618
20064	0.0003952894163
20065	0.0004929880736
20066	0.007835469229
20067	0.0007703610698
20068	1.076430312e-05
20069	0.001588285989
20070	0.003710935823
20071	0.00322122146
20072	0.0005015148425
20073	0.001041783849
20074	0.005790443292
20075	0.001581001418
20076	0.002947677139
20077	0.001670869536
20078	0.004599330122
20079	0.002402448071
20080	0.0003100939385
20081	0.0009325104517
20082	0.002430670284
20083	0.0001201712722
20084	0.004077588976
20085	0.002294628364
20086	0.0006837672551
20087	0.006252152828
20088	0.004953104975
20089	0.001961232949
20090	0.001141788459
20091	0.0008772960675
20092	4.86815246e-05
20093	0.004037465503
20094	0.0009793807928
20095	0.001286167119
20096	0.000194349828
20097	0.004078938776
20098	0.001952499263
20099	0.002937771713
20100	0.002718840958
20101	5.861702186e-05
20102	0.001444208119
20103	0.0001087751313
20104	0.001996574004
20105	0.001015875453
20106	0.0007977353984
20107	0.0001362318879
20108	0.000664050367
20109	0.0003631618216
20110	0.006602768812
20111	0.001105638938
20112	0.000102910434
20113	0.0003299873949
20114	6.214387281e-08
20115	0.002245269491
20116	0.00106333058
20117	0.0001974349213
20118	0.001249538895
20119	0.0003472664803
20120	0.002310224681
20121	0.0004699038791
20122	0.002753829546
20123	0.001785025626
20124	0.001083259511
20125	0.0007528706607
20126	0.0003930333022
20127	0.0004958788149
20128	0.001302096658
20129	0.0008142842991
20130	0.00165545825
20131	0.001899109119
20132	0.001867389137
20133	0.0001509106108
20134	0.001411729573
20135	0.00413094568
20136	0.001908057906
20137	0.0008832562496
20138	0.001174729672
20139	0.0008057254316
20140	0.0008721667259
20141	0.003159777343
20142	0.0002284894706
20143	0.0001889333161
20144	0.002194620009
20145	0.0005652256566
20146	0.002930963507
20147	0.0004685556834
20148	0.0007665649107
20149	0.001868598872
20150	0.00169975865
20151	0.0001879146426
20152	0.006251393941
20153	0.0004768275593
20154	0.000387020402
20155	0.00106653672
20156	0.001288374864
20157	0.003204804299
20158	0.0007609839967
20159	4.232420406e-05
20160	0.001782265362
20161	0.002384620556
20162	0.0008764929792
20163	0.002434991949
20164	0.004379999235
20165	0.002459733901
20166	0.001787557705
20167	0.002188698032
20168	0.002415824396
20169	0.001996781117
20170	0.001275270155
20171	0.005888622547
20172	0.002814858454
20173	0.0004904823014
20174	6.887005643e-05
20175	0.0006083150907
20176	7.695727395e-05
20177	0.002661186732
20178	0.0002541134756
20179	0.0005568929315
20180	0.001088801301
20181	0.001908046881
20182	0.001134277458
20183	0.001621397823
20184	0.001378854776
20185	0.0001368226283
20186	0.0001936065211
20187	0.002593833752
20188	0.0004415830401
20189	0.0003157668602
20190	0.002390103174
20191	0.001884828107
20192	0.001468684573
20193	0.0008462691859
20194	0.003152518883
20195	0.005059941014
20196	0.004656578375
20197	0.001925015791
20198	0.003972934732
20199	0.000581095218
20200	0.0001449222187
20201	0.000982606216
20202	0.0005383295803
20203	0.0003059475302
20204	0.0002951582395
20205	0.0008070845802
20206	0.0002385879071
20207	0.0002468366092
20208	0.002048298318
20209	0.001727214196
20210	0.002357165224
20211	0.0001424523392
20212	0.0001895148199
20213	0.002919255634
20214	0.003008381815
20215	0.001081465461
20216	0.002705559161
20217	0.002204515951
20218	0.002016500493
20219	0.001538866369
20220	0.0002118356063
20221	0.000875440901
20222	0.002711745537
20223	0.0008749920941
20224	0.001081352736
20225	0.002311628917
20226	0.001341835543
20227	0.001944006894
20228	0.00090862354
20229	2.712859853e-06
20230	0.001299345398
20231	0.0008636591717
20232	4.896731463e-05
20233	6.695846462e-05
20234	0.004898300113
20235	0.00158074308
20236	0.001017774379
20237	0.004329672686
20238	0.0009163092439
20239	0.0002856907638
20240	0.0006818006361
20241	0.0005653447979
20242	0.005670392505
20243	0.005826464093
20244	0.002580832461
20245	0.0009998594246
20246	0.001335609569
20247	0.004789414809
20248	0.00517554189
20249	0.0002815153611
20250	0.000170638105
20251	1.399419643e-05
20252	0.0001369318604
20253	0.0007782977732
20254	0.0002951948662
20255	0.001409419657
20256	0.0007768694796
20257	0.0006189748119
20258	0.0003313618516
20259	0.001567128558
20260	2.30171344e-05
20261	0.0004806913258
20262	0.002661144146
20263	0.002243872408
20264	6.60651291e-05
20265	0.001919087578
20266	0.005367180107
20267	0.0003270579825
20268	0.002377086422
20269	0.0008804373717
20270	0.000366349056
20271	0.001681491183
20272	0.003625608414
20273	0.001218281605
20274	2.701294432e-05
20275	0.001293890743
20276	0.0003593832744
20277	0.001066466807
20278	0.000994902339
20279	0.001703705835
20280	9.763676537e-05
20281	0.001941161488
20282	0.002567677819
20283	0.00337557264
20284	0.002020953014
20285	0.002717452483
20286	0.002832306562
20287	6.346324106e-05
20288	0.001378594155
20289	0.0009632925101
20290	0.001664815782
20291	0.004434358345
20292	0.001048963833
20293	0.0007367706252
20294	0.003948928139
20295	0.002363369347
20296	0.002129722179
20297	0.001374797578
20298	0.0001053558395
20299	0.004433778436
20300	8.585040513e-05
20301	0.007293872727
20302	0.001982805968
20303	0.0009039881823
20304	0.0006753159326
20305	0.0005706333913
20306	0.002020593542
20307	0.001503072504
20308	0.004921527974
20309	0.0007439939046
20310	0.002762953478
20311	0.005166910472
20312	0.001033491067
20313	0.004101666217
20314	0.0009098581794
20315	0.002755967927
20316	0.0005912235444
20317	0.003829214052
20318	5.943884976e-05
20319	0.0009115063205
20320	0.01112106354
20321	0.0001690006426
20322	0.0005867891802
20323	0.0003732683603
20324	6.258457154e-05
20325	0.004180028975
20326	0.00593272072
20327	8.890615998e-06
20328	0.000260244199
20329	0.0007120557912
20330	0.001070450026
20331	0.0002020725992
20332	0.0004557914736
20333	0.002159178293
20334	0.006919993313
20335	7.658726806e-06
20336	0.003383359614
20337	0.001267127378
20338	0.001744327101
20339	0.0006415688931
20340	0.0002796968281
20341	0.0009951698708
20342	0.0004413219503
20343	0.00020684483
20344	0.001579295716
20345	0.002688423725
20346	0.0006528280019
20347	0.002145800175
20348	0.0004110736608
20349	0.0006526562039
20350	0.001103643216
20351	0.0001630010449
20352	0.0001093168538
20353	0.001476340697
20354	0.001239242246
20355	0.005119245346
20356	0.0002050859061
20357	0.002980231922
20358	0.0004404763983
20359	0.0002368051825
20360	0.003539636648
20361	0.0001503086602
20362	1.152584455e-05
20363	0.00529605045
20364	0.0006184818634
20365	0.0005893250519
20366	0.0005759325768
20367	0.002139624673
20368	0.001827810314
20369	0.003278033033
20370	0.0003967233531
20371	0.002255593887
20372	7.876236835e-05
20373	0.00385407632
20374	0.003614083515
20375	0.001911290097
20376	0.006108389487
20377	0.001118037515
20378	0.001593756835
20379	0.00220781582
20380	0.0008900112264
20381	0.0002882856675
20382	3.246246877e-05
20383	0.005365141239
20384	0.0001888525284
20385	5.411424643e-05
20386	7.151592335e-05
20387	0.0004152647766
20388	0.0001868853231
20389	0.0003209523292
20390	0.0002246791046
20391	0.0002615164967
20392	2.149405539e-05
20393	0.0001208311507
20394	6.737538111e-05
20395	0.0004194254306
20396	0.001553200058
20397	0.003955549041
20398	0.00449952209
20399	0.002762557621
20400	0.00103590671
20401	0.002789645976
20402	0.002099881851
20403	0.0005217634763
20404	0.003443065074
20405	0.000116061327
20406	0.001322982408
20407	0.0009992030696
20408	0.001222798096
20409	0.000631124047
20410	0.0006467127454
20411	2.456036939e-08
20412	0.0005102711334
20413	0.0003135185793
20414	0.003878345829
20415	0.000757405577
20416	0.001415890547
20417	0.000918479647
20418	0.001989726202
20419	0.002255511514
20420	0.0001442127069
20421	0.002290545086
20422	0.001406478252
20423	0.01073833344
20424	0.000854846329
20425	0.002989922821
20426	0.00241956725
20427	0.001279534434
20428	0.001213104665
20429	0.005025778976
20430	0.001812413875
20431	0.0007831912014
20432	0.0003363140707
20433	0.0008983387864
20434	0.001461766424
20435	0.0002187514203
20436	0.001307930501
20437	0.0003262003773
20438	0.0006836602077
20439	0.0002267597583
20440	0.00163503284
20441	1.336316672e-05
20442	0.0002457225505
20443	0.0004860919459
20444	0.0008873189859
20445	0.0003355316693
20446	0.001540527301
20447	0.0006109451555
20448	0.005584715115
20449	0.0008664880623
20450	0.0003518084084
20451	0.006380372203
20452	0.003997246042
20453	0.0001923665576
20454	4.649008274e-06
20455	0.001268283638
20456	0.003288528168
20457	0.0008961445779
20458	0.003564065345
20459	0.001570856165
20460	0.0001098380143
20461	0.000389052592
20462	0.005889186118
20463	0.004905493365
20464	0.006158953775
20465	0.0006099271241
20466	0.003240633263
20467	0.001954718429
20468	0.004825656062
20469	5.068997831e-05
20470	0.0004551649671
20471	0.004345871011
20472	0.0001125049304
20473	0.00260098063
20474	0.0005450842953
20475	0.001779394371
20476	0.002942685804
20477	0.001214102898
20478	0.0004729147958
20479	0.0006846272373
20480	0.000405235647
20481	0.000344285456
20482	0.001791424249
20483	0.002028513246
20484	0.003497106806
20485	0.0004774866484
20486	0.002474775182
20487	0.0005139124856
20488	0.0005568720571
20489	0.0002767535934
20490	0.0001750033167
20491	0.0009384200455
20492	0.00564583126
20493	0.003370692464
20494	0.002393515799
20495	0.0008552082807
20496	0.002904699806
20497	0.0008930277261
20498	1.745109837e-05
20499	0.0001493804717
20500	0.001100321308
20501	0.0007763820918
20502	0.002129908897
20503	0.001731538719
20504	0.001200235675
20505	0.001222223034
20506	0.001336317229
20507	0.0004967044483
20508	0.00133741175
20509	0.001486447994
20510	0.008041147329
20511	0.0003484439911
20512	0.002435740035
20513	0.002183341367
20514	0.001594280294
20515	0.002653879528
20516	0.0001417029484
20517	0.0001862451435
20518	0.0008327445696
20519	0.003392268495
20520	0.00271265168
20521	0.000392504672
20522	0.0002104353524
20523	0.0002853578458
20524	0.001213074058
20525	0.003902050127
20526	0.001110729064
20527	0.001086192753
20528	0.001152295589
20529	0.00052308714
20530	0.001185500143
20531	0.003467418276
20532	0.0009830766651
20533	0.0006000827102
20534	0.001280424496
20535	0.001272734432
20536	0.0001006424207
20537	0.001379704909
20538	0.002101165381
20539	0.002311592374
20540	4.879621395e-05
20541	0.0006575356959
20542	0.0004156879319
20543	0.00036837201
20544	0.0003044816589
20545	0.0001433637835
20546	0.0004766332359
20547	0.001936510173
20548	0.0007288364662
20549	0.003400599446
20550	0.0008773925769
20551	0.0006135871465
20552	0.006534391301
20553	0.0009166931654
20554	0.0006292952233
20555	0.0011605555
20556	0.00146893813
20557	0.005404711353
20558	0.0001378749868
20559	0.002769710803
20560	0.0003509246324
20561	0.002243412867
20562	0.002396102869
20563	0.00169045594
20564	0.001261258988
20565	0.001417363596
20566	0.001082153571
20567	0.001020180038
20568	0.0007552425855
20569	0.004274426926
20570	0.003961826591
20571	0.0007280778188
20572	0.001201182634
20573	0.0001630728362
20574	0.0001245343661
20575	0.0004133055915
20576	0.0008902146208
20577	0.0009405849524
20578	0.002831594518
20579	0.0001392685728
20580	0.001195638116
20581	0.0008521291815
20582	0.0008805816082
20583	0.001475149954
20584	0.008536576689
20585	0.0007468103946
20586	0.0002216761661
20587	0.0009379905036
20588	0.0005002560423
20589	0.001094530916
20590	0.001856019674
20591	4.429199003e-06
20592	0.0005126207313
20593	0.0009464891264
20594	0.0001032630847
20595	0.003192537487
20596	0.0008593380048
20597	0.002030989317
20598	0.002485034735
20599	0.005097936629
20600	9.087129672e-05
20601	0.006477008679
20602	0.0002667514887
20603	0.001469712954
20604	0.0004499550367
20605	0.001134295839
20606	9.511765329e-05
20607	0.001911950894
20608	0.003919021984
20609	0.001638337937
20610	0.0004032999258
20611	0.001206643226
20612	0.0007177835694
20613	0.002241031165
20614	0.0012993332
20615	0.0005858026162
20616	0.001168720679
20617	0.003574015046
20618	0.002766589595
20619	0.0003413848993
20620	0.00155964107
20621	0.003118754474
20622	0.0004094331327
20623	0.002054993126
20624	0.001208158267
20625	0.003310493821
20626	0.0008914094177
20627	0.001254264562
20628	0.001893376138
20629	0.0006887432336
20630	0.007238488604
20631	0.001360204184
20632	0.005113263105
20633	7.925501675e-05
20634	0.0004801366709
20635	0.005184568384
20636	0.0003219668205
20637	0.006236887551
20638	0.001837712265
20639	0.0002312553137
20640	8.844085482e-05
20641	0.0006530113392
20642	0.003396751523
20643	0.00401038283
20644	0.0004741013079
20645	0.0003279235671
20646	0.0003307301936
20647	7.478447805e-05
20648	0.00297033554
20649	0.0003457137973
20650	0.0007906895131
20651	0.002697604888
20652	0.002360582264
20653	0.002626361822
20654	0.001761012508
20655	0.0003433038941
20656	0.002399472261
20657	0.001375910408
20658	0.002616159622
20659	0.0002655859209
20660	0.0007080420896
20661	0.0008058786374
20662	0.0002045014511
20663	0.0001144702472
20664	0.0003983083527
20665	0.001412919789
20666	0.0002285469864
20667	0.0007538879584
20668	0.002758847619
20669	0.0009591844715
20670	0.002956875003
20671	0.002848331427
20672	0.002202504571
20673	0.002267237248
20674	0.000519213081
20675	0.002492473284
20676	0.002981512502
20677	0.002250561377
20678	0.002830504365
20679	0.003306411403
20680	0.002052231399
20681	0.0002173417073
20682	0.001971402574
20683	0.001986328365
20684	0.000329981961
20685	0.001231893063
20686	0.0005743351306
20687	0.005620919061
20688	0.005992187257
20689	0.001103163297
20690	0.0009063604738
20691	0.000782007048
20692	0.001325944743
20693	0.005427052257
20694	0.006012928998
20695	0.0006345350274
20696	7.620244377e-06
20697	0.0008175996468
20698	0.003514605135
20699	0.0005096178287
20700	0.003018951897
20701	0.003905300371
20702	0.004153332112
20703	0.0005829803955
20704	0.004213685261
20705	3.159234933e-05
20706	0.0002740324822
20707	0.0002628484335
20708	0.001580018791
20709	0.000386926152
20710	0.003015275335
20711	0.003093456004
20712	0.002234163382
20713	0.0003983815613
20714	5.649399535e-05
20715	0.002408893088
20716	0.0001596606713
20717	0.0001803053776
20718	0.0003636599727
20719	0.0002305596462
20720	0.0001413781581
20721	0.002027803554
20722	0.003641772257
20723	0.0003722503806
20724	0.001028316298
20725	0.001782496776
20726	0.001246495122
20727	0.006218828737
20728	0.0007231148341
20729	0.0002022915837
20730	8.6472917e-05
20731	0.002993711054
20732	0.002289723731
20733	0.001184763849
20734	0.004205918186
20735	0.004689511903
20736	0.001911635311
20737	0.004198371883
20738	0.004267817442
20739	0.005901408323
20740	0.005609778138
20741	0.003866691499
20742	0.0005504051121
20743	0.004477286617
20744	0.002930772216
20745	0.004137843667
20746	0.001462982709
20747	0.004532376372
20748	6.934842915e-05
20749	0.0001922008594
20750	0.003257274157
20751	0.00321521309
20752	0.0002774725394
20753	0.0003675091395
20754	3.406866763e-05
20755	5.162774723e-05
20756	0.001366912772
20757	0.002016045493
20758	0.004465095336
20759	5.284014809e-06
20760	0.0001330687563
20761	0.001268480836
20762	0.0001800441524
20763	4.721082934e-05
20764	0.0049860996
20765	5.374309362e-05
20766	0.0003621804455
20767	0.0005444982795
20768	0.001380904809
20769	6.41053996e-05
20770	7.597623063e-06
20771	0.0002061605555
20772	0.0006613166807
20773	0.0008747916286
20774	0.0017915851
20775	0.001663564433
20776	0.001156725047
20777	0.001579202089
20778	0.002099722207
20779	0.0005250685483
20780	0.000634392709
20781	0.002627763361
20782	0.000485521881
20783	0.001271261876
20784	0.0001733810158
20785	0.000622958392
20786	0.0006032879997
20787	5.886756751e-05
20788	0.001381346454
20789	0.003779598313
20790	0.0006699954775
20791	0.003574433884
20792	0.001196077935
20793	0.002015697808
20794	0.0002214922675
20795	0.00426914774
20796	0.003566168345
20797	0.005087646971
20798	0.000676787851
20799	0.0002093709356
20800	0.007657493217
20801	0.002068368454
20802	0.001712442059
20803	0.003970069343
20804	0.001634899444
20805	0.0005203651245
20806	0.0006379884882
20807	0.0001674772559
20808	0.000628385362
20809	0.0001144296389
20810	0.001412382814
20811	5.89984019e-05
20812	0.004275930882
20813	0.004802403034
20814	0.003559725863
20815	0.003075864851
20816	0.0008549965437
20817	0.006514835742
20818	0.001235632596
20819	0.006478999315
20820	0.006090609814
20821	3.470891814e-05
20822	0.0005569383752
20823	0.002406489768
20824	0.006147206404
20825	0.00110886903
20826	0.000317126494
20827	0.002775601417
20828	0.001471498605
20829	0.0001073741055
20830	0.002626630138
20831	0.002924552825
20832	0.007889941723
20833	0.001517372906
20834	1.569375842e-05
20835	0.0007721338279
20836	0.002875800394
20837	0.003484059515
20838	0.001763979461
20839	0.000711318558
20840	0.003305140668
20841	0.002262365384
20842	0.001761905107
20843	0.0002156700341
20844	0.002986067087
20845	0.0005873151409
20846	0.001315614474
20847	0.0005255870515
20848	0.0002806172985
20849	0.001835975486
20850	0.009950995784
20851	0.003130217755
20852	0.000458420468
20853	0.00381486726
20854	0.002539107995
20855	1.636637328e-05
20856	8.889139189e-05
20857	0.000866654374
20858	0.001998213753
20859	0.001798447005
20860	0.001874891434
20861	0.0009208218981
20862	0.0001446002713
20863	0.001182178574
20864	0.004413226461
20865	0.002254028927
20866	0.003620291187
20867	9.031291739e-05
20868	7.553314831e-05
20869	0.0002281272014
20870	0.000173413776
20871	0.0002132156503
20872	0.001380215993
20873	0.005216446965
20874	0.003235229557
20875	0.001888212315
20876	0.0004420068106
20877	0.006282985161
20878	0.00492992537
20879	0.00532113526
20880	0.001896288772
20881	0.001694083872
20882	0.002644897112
20883	0.003020495371
20884	0.002871224429
20885	0.01090868753
20886	0.0003586835372
20887	0.0008770641657
20888	0.003245179034
20889	0.005687801951
20890	0.0001668683211
20891	0.003819413014
20892	0.0008169092526
20893	0.001010083865
20894	0.0002457409074
20895	0.000357356864
20896	0.0009128747658
20897	0.000165943258
20898	0.001713983202
20899	0.0004567497502
20900	0.001485897398
20901	0.001558819239
20902	0.001248559995
20903	0.0007037443951
20904	0.003580565313
20905	0.002198294983
20906	0.0002760691387
20907	0.007009913488
20908	0.0006193250205
20909	4.554032623e-05
20910	0.0006833231856
20911	0.0004739470214
20912	0.0001489667401
20913	0.0006545816558
20914	0.004593159369
20915	0.001657967766
20916	0.000683293676
20917	0.0001801527143
20918	0.0005717486571
20919	0.003563820742
20920	0.0005305138108
20921	0.000303569935
20922	0.003626573189
20923	0.0006022510215
20924	0.001211630021
20925	0.0001329098899
20926	0.002686200689
20927	0.008721464853
20928	0.003121170125
20929	0.0001805836831
20930	0.005042212287
20931	0.002624965827
20932	0.002562249431
20933	0.002416798398
20934	0.0002798909372
20935	0.003370369665
20936	7.557494793e-05
20937	0.003244355381
20938	5.670667857e-05
20939	0.0001072705898
20940	0.003692192043
20941	0.0003343433815
20942	0.00062942266
20943	0.002100516925
20944	5.043829184e-05
20945	0.005329407426
20946	0.005918489355
20947	0.000412821188
20948	0.003026911513
20949	0.0009944948425
20950	0.0001184328409
20951	0.0003763577948
20952	0.003701120186
20953	5.443829917e-05
20954	0.0007637812021
20955	0.0001617941849
20956	4.777239108e-05
20957	0.0007113387099
20958	0.0002596351754
20959	0.002081941804
20960	0.003188579936
20961	0.002565360453
20962	0.0003944462903
20963	0.001478798764
20964	1.532541083e-05
20965	0.000264172633
20966	9.520808416e-05
20967	6.616182653e-05
20968	0.0005590938447
20969	0.0004336836727
20970	0.0006021165348
20971	0.0001952979315
20972	0.003742170415
20973	0.001008214066
20974	0.0003804806772
20975	0.002325112131
20976	0.0009251096613
20977	0.0009183188273
20978	0.0004569508193
20979	7.383146321e-05
20980	0.001924459235
20981	0.002299914249
20982	0.002848221461
20983	0.0008661594056
20984	0.0001127751502
20985	0.001597919387
20986	0.006042522929
20987	0.003273387819
20988	0.0001999039002
20989	0.003534577561
20990	0.005109350125
20991	0.0007509018061
20992	0.0004598975064
20993	0.0011264906
20994	0.001223135348
20995	0.0009144329456
20996	0.0001379954341
20997	0.0007435783936
20998	0.00201607551
20999	0.001438935047
21000	0.000960557136
21001	0.005521811831
21002	0.003286724299
21003	0.004711891973
21004	0.004069979491
21005	0.002728916587
21006	0.004277333327
21007	0.003950859933
21008	0.004200052584
21009	0.0003876269963
21010	0.0004605482451
21011	0.0006423349347
21012	0.004284941953
21013	0.004411204782
21014	0.00518280248
21015	0.0007403042781
21016	0.003830850298
21017	0.004749120087
21018	0.000251311965
21019	0.001652214244
21020	0.0009718016453
21021	0.002887678763
21022	0.0005941804611
21023	0.0004054828664
21024	0.0002912058477
21025	0.0006995537479
21026	0.001319136889
21027	0.0004649331631
21028	0.0002994256196
21029	0.003045614093
21030	0.0002937253154
21031	0.001604055496
21032	0.00386474043
21033	0.001346728094
21034	0.0003234173532
21035	0.002903438891
21036	0.001146743492
21037	0.002413898496
21038	0.0007659649673
21039	0.000756855287
21040	0.00423905825
21041	0.001194488543
21042	0.0008891861962
21043	0.001042622347
21044	0.0002523122873
21045	0.003370429999
21046	0.0009199988001
21047	0.0007670347166
21048	0.0004601492444
21049	0.0009830191176
21050	0.0004369205421
21051	0.002560825056
21052	0.003744717385
21053	0.00277408166
21054	0.0005380649284
21055	0.0008190453788
21056	0.002336121699
21057	0.0001893956938
21058	2.745271202e-05
21059	0.004148584285
21060	0.0006524578638
21061	0.000246504578
21062	0.005328745593
21063	5.205642108e-05
21064	0.005254992117
21065	0.0009486691726
21066	0.002356639279
21067	0.001440121849
21068	0.001322820238
21069	0.002813198455
21070	0.005796248361
21071	5.279103886e-05
21072	0.00132210029
21073	0.003777470466
21074	0.004094951412
21075	0.002152314504
21076	0.0005924988959
21077	0.003029938872
21078	0.001816372273
21079	0.003253670253
21080	0.0004001282307
21081	0.001540697259
21082	0.004143880837
21083	0.0007787386222
21084	0.002249283128
21085	0.001322990268
21086	0.002953291363
21087	0.003653390869
21088	0.002803661477
21089	0.0006223908491
21090	0.005109300849
21091	0.001846539556
21092	0.001366725766
21093	0.001102933323
21094	0.0009798606914
21095	0.002573887098
21096	0.004516255622
21097	0.004110083709
21098	0.002160262534
21099	0.00231461785
21100	3.304823109e-05
21101	0.002811368527
21102	0.002018422494
21103	0.004494238252
21104	0.00333269212
21105	0.001082777891
21106	0.006660355017
21107	0.0007374308696
21108	0.00314286067
21109	0.0007806802641
21110	0.0005634773265
21111	0.004953211036
21112	0.002921248388
21113	0.005241698629
21114	0.003060003156
21115	0.001397524268
21116	5.778299827e-05
21117	0.002169680527
21118	0.005344069428
21119	0.001128708405
21120	0.002654646145
21121	0.003282198851
21122	0.0001507734021
21123	0.004829649606
21124	0.005023496881
21125	0.002585653428
21126	0.005893034394
21127	0.001543500009
21128	0.002808333347
21129	0.006454598441
21130	0.0008981988483
21131	0.003283564635
21132	0.005264563707
21133	0.007625684178
21134	0.000554931128
21135	0.001700673671
21136	0.0002821734144
21137	0.003509027548
21138	0.007723653254
21139	0.002209436487
21140	0.004983765647
21141	0.001719794495
21142	0.00499278759
21143	0.002110691869
21144	0.004740445078
21145	2.377888503e-05
21146	0.0004775108593
21147	0.001672543576
21148	0.001895791832
21149	0.001735928265
21150	0.0006715589732
21151	0.0001386318118
21152	0.007417243562
21153	0.003168948879
21154	0.005999686772
21155	7.211639131e-05
21156	0.004206146944
21157	0.00453720471
21158	0.001287178682
21159	0.006142798813
21160	0.001637725655
21161	0.001139036849
21162	7.491767308e-05
21163	0.0001438803256
21164	5.300286316e-05
21165	0.002200610069
21166	4.62241175e-05
21167	0.001018447458
21168	0.0008365851701
21169	0.0003100182971
21170	0.0009147331091
21171	0.0001298925229
21172	0.000911424388
21173	0.0002179443966
21174	0.001955275832
21175	0.001836667635
21176	0.001906574901
21177	3.851509321e-05
21178	0.003801506883
21179	0.000221930834
21180	0.0004349738295
21181	0.001143953623
21182	0.004204590545
21183	0.001486424534
21184	0.001900934005
21185	0.001241175921
21186	0.001839463258
21187	0.001840393883
21188	0.0005954264144
21189	0.008814108636
21190	0.002680446145
21191	0.001805449649
21192	0.006125966937
21193	0.007830873975
21194	0.0007601967466
21195	0.0005038237419
21196	0.001289101843
21197	0.0002870264473
21198	0.002458836419
21199	0.00137396899
21200	0.004593563612
21201	0.0003763341681
21202	0.000177009786
21203	0.002989043331
21204	0.002212377923
21205	0.002743895428
21206	0.001412940149
21207	0.002158235613
21208	0.0003834769342
21209	0.002709695224
21210	0.0003360282912
21211	0.003378891628
21212	0.000934062162
21213	0.00034346953
21214	0.0006126049107
21215	0.0001692347359
21216	0.0004821607407
21217	0.0008335201369
21218	0.002175861493
21219	0.0008704356005
21220	0.0006454584575
21221	0.004792133111
21222	0.001391697711
21223	0.004199405622
21224	0.001082282885
21225	0.001994756204
21226	0.0002804515822
21227	0.0005967584314
21228	0.0002623297754
21229	0.003531753943
21230	0.002920330757
21231	0.003275313328
21232	0.0009161820262
21233	0.002352452189
21234	0.002059464112
21235	0.0002660178501
21236	7.509201127e-05
21237	3.176691143e-06
21238	0.005386082521
21239	0.0001810206679
21240	0.005062008606
21241	0.005513286371
21242	0.003067578252
21243	0.001154960719
21244	0.001055549167
21245	0.0004830761097
21246	0.002352288129
21247	0.001395401823
21248	0.0001618770604
21249	0.0003670866521
21250	0.0007083339404
21251	0.0002261340662
21252	0.00138078854
21253	0.002294564393
21254	0.002790355144
21255	0.0001445224333
21256	0.004523828869
21257	0.003088110695
21258	0.001116778261
21259	0.00222791102
21260	0.000262789649
21261	0.002592579991
21262	0.003033084926
21263	0.0005076525082
21264	0.0005602782072
21265	0.004951056146
21266	0.002700762672
21267	0.001683685929
21268	0.00234222529
21269	0.0005567032224
21270	0.0001656706041
21271	0.004579676508
21272	0.002424425047
21273	0.001164100193
21274	0.01203242328
21275	0.001644902051
21276	0.002312119189
21277	0.0002763640734
21278	1.515818527e-05
21279	0.0006078991734
21280	0.0004591044289
21281	0.0001942746793
21282	0.0003167956651
21283	0.0004231387058
21284	0.0003055386742
21285	0.0002786041186
21286	0.00364210315
21287	0.005148180269
21288	0.001890113582
21289	0.00312054044
21290	0.004183060693
21291	0.0002042687429
21292	0.0003974687327
21293	0.001797548478
21294	0.003291917158
21295	0.0003248144541
21296	0.001755050981
21297	0.0002814115033
21298	0.005900418518
21299	0.003324615955
21300	0.004250990036
21301	0.002960631879
21302	0.0001088980412
21303	0.0005545337289
21304	0.002490678804
21305	0.0002813463781
21306	6.977571282e-05
21307	0.003351995552
21308	0.001625268629
21309	0.001596169392
21310	0.002843202495
21311	0.005396479749
21312	0.007197475802
21313	0.003828910956
21314	0.002713639733
21315	0.005114842328
21316	0.0003112578534
21317	8.015115156e-05
21318	0.001079259338
21319	0.0009752871071
21320	0.0005380217715
21321	1.750332304e-05
21322	0.002199779802
21323	0.002258306999
21324	0.002491494126
21325	0.00133748421
21326	0.006427689637
21327	0.002763525396
21328	0.001586569102
21329	0.002791214635
21330	6.067004015e-05
21331	0.0001974714658
21332	0.0004808968384
21333	0.0002890015529
21334	0.001162269074
21335	0.0008535068916
21336	0.0002711320268
21337	0.002932541131
21338	0.0001242949408
21339	0.0005227729107
21340	0.00379744137
21341	0.0007365772524
21342	0.003737321654
21343	0.001468533119
21344	0.002429828129
21345	0.0004348343197
21346	0.004209949001
21347	0.003175512311
21348	0.002144290775
21349	0.006565044142
21350	0.0003132955312
21351	0.002085209338
21352	6.164218791e-05
21353	0.0008228475731
21354	0.0001831815604
21355	0.0009480886416
21356	0.0011595748
21357	0.0005921476598
21358	0.0005208342627
21359	0.001081520485
21360	0.0006129590947
21361	8.350229965e-05
21362	0.001827656275
21363	0.0007731728176
21364	0.0002672430724
21365	0.005915270299
21366	0.003302756867
21367	0.0006410578866
21368	0.002839809063
21369	0.003072807248
21370	4.640966826e-05
21371	0.001094012885
21372	0.002268026154
21373	0.00284546442
21374	0.002484858561
21375	0.001044301771
21376	0.0005481235078
21377	0.000231354089
21378	0.006317162103
21379	0.002145803547
21380	0.001489133508
21381	0.0001888751273
21382	0.0003596817559
21383	0.0001834313559
21384	0.003012600385
21385	4.231430804e-05
21386	0.003952487595
21387	0.001987905784
21388	0.003498590147
21389	0.003383601415
21390	0.001956250003
21391	0.002915039232
21392	0.004986636898
21393	0.003046274962
21394	0.0008994769204
21395	0.0002573197702
21396	0.001193595507
21397	0.0005700078362
21398	0.000240251232
21399	0.001167267159
21400	0.003481908535
21401	0.0002209950764
21402	0.001225888533
21403	0.00286427336
21404	0.006919978767
21405	0.003008369372
21406	0.0008899116306
21407	0.005492445934
21408	0.003494911639
21409	0.0008590156923
21410	0.0002863604695
21411	0.002868256959
21412	0.001929388298
21413	0.003147377569
21414	0.0008349454298
21415	0.006911419692
21416	0.0005637489603
21417	0.0003753248437
21418	0.0008885824878
21419	0.0004361608954
21420	0.004469518792
21421	0.003012959804
21422	0.002213904357
21423	0.0001060974789
21424	0.003303264404
21425	0.000251884691
21426	0.002513636449
21427	0.0006588927404
21428	0.002614494397
21429	0.004859175214
21430	0.002479666211
21431	0.005065434802
21432	0.003689298125
21433	0.0008568493764
21434	0.004176665649
21435	0.001448354156
21436	0.001045989039
21437	0.002552770622
21438	0.002879666855
21439	0.00267841492
21440	0.0007145831211
21441	0.00247953165
21442	0.0007144965882
21443	0.005550213597
21444	0.001227088736
21445	0.003223375308
21446	0.004306222117
21447	0.0007090775189
21448	0.0008552053473
21449	0.0001060974789
21450	0.005439579174
21451	0.002197316859
21452	0.0005067026241
21453	0.003853808316
21454	0.002940936497
21455	0.0002178278011
21456	0.001472280597
21457	0.001173590147
21458	0.008595850128
21459	0.001886680553
21460	0.0004119459084
21461	0.0009430546648
21462	0.00240719879
21463	0.000328092926
21464	0.004507734677
21465	0.002956345859
21466	0.0001596588369
21467	0.003352027174
21468	0.003095752236
21469	0.00456587827
21470	0.0003417318884
21471	0.003915313148
21472	0.003062746087
21473	0.002128644947
21474	0.000128065639
21475	0.00318060298
21476	0.0003140528866
21477	0.0001624761546
21478	0.0002152032955
21479	0.001883513992
21480	0.0002617188022
21481	0.001273925741
21482	0.0004633253993
21483	0.001569760179
21484	0.002605711199
21485	4.042929923e-05
21486	0.004265386378
21487	0.005463870348
21488	0.003407071261
21489	0.006037213105
21490	8.101100092e-06
21491	0.00115324934
21492	0.001171931615
21493	0.0004525954392
21494	0.0006266608099
21495	0.0008494607198
21496	0.0003094645142
21497	0.0006430174592
21498	0.00150627567
21499	0.001505122054
21500	0.0002964428849
21501	0.002255891715
21502	2.711086374e-05
21503	0.005831454298
21504	0.0004021343584
21505	0.001016290477
21506	0.003066565835
21507	0.005315333773
21508	0.001965607821
21509	0.0005505031663
21510	0.0005018581894
21511	0.0003361133314
21512	0.0008661494649
21513	0.0007592284593
21514	0.0002934491807
21515	0.005391816469
21516	0.001750309126
21517	0.001909101202
21518	0.002525498323
21519	0.002601723137
21520	0.001440254667
21521	0.00643623656
21522	0.004180205781
21523	0.001268111679
21524	0.0004683300767
21525	0.001740038171
21526	0.003121558968
21527	0.005056873288
21528	0.001172158166
21529	0.001054984686
21530	0.0007907330877
21531	0.0002378372636
21532	0.001758530661
21533	0.0007558313026
21534	0.003047511706
21535	0.001933170561
21536	0.0007660573429
21537	0.003178874984
21538	9.737663125e-05
21539	0.001294027538
21540	0.003943121465
21541	0.0005060576224
21542	0.0007931121177
21543	0.001604219914
21544	0.001244943088
21545	0.002780815015
21546	0.003210976147
21547	0.002371848497
21548	0.00125059749
21549	0.002043648054
21550	0.0008214438883
21551	0.0009454801154
21552	0.003132359897
21553	0.004216573043
21554	0.0007380577382
21555	0.002625702663
21556	0.0006259126967
21557	0.001429755078
21558	0.002874476571
21559	0.0003215417825
21560	0.000610940243
21561	0.006675125188
21562	0.004346208832
21563	6.338720572e-05
21564	0.0006953453427
21565	0.0001081472284
21566	0.002272223742
21567	0.002410757345
21568	0.0009255289507
21569	0.001589249439
21570	0.0005543619511
21571	0.0001490000756
21572	0.001279504509
21573	0.0002393078631
21574	0.0001498307882
21575	0.002606752839
21576	0.001244518221
21577	0.002229877809
21578	0.002347013912
21579	0.003622761315
21580	0.001304299946
21581	0.0003135163554
21582	0.001377912282
21583	0.0005692739729
21584	0.001337130923
21585	0.000381664615
21586	0.0002356587488
21587	0.004174281067
21588	0.0003605426165
21589	0.001371937628
21590	0.001205522579
21591	0.002022929509
21592	0.005173378113
21593	0.001062444599
21594	0.0008390940337
21595	0.0006493434955
21596	0.001731822598
21597	0.002729794014
21598	0.0009923311476
21599	0.0008128439836
21600	0.0001891535173
21601	0.0008552813543
21602	0.0008818682389
21603	0.001619609989
21604	0.001774146983
21605	0.003157644891
21606	0.001752436294
21607	0.001981153267
21608	0.004027994055
21609	0.003630735244
21610	0.0008673044458
21611	0.0008534841466
21612	0.004371862648
21613	1.507930475e-05
21614	0.004526052399
21615	0.0009407544787
21616	0.007011752778
21617	1.703399194e-05
21618	0.000369103684
21619	0.001660851714
21620	0.0004748396854
21621	0.002982555184
21622	0.002229316979
21623	0.00297802987
21624	0.001192324809
21625	0.00117055516
21626	0.001284343663
21627	0.0003203187413
21628	0.004360870929
21629	0.004179156823
21630	0.00528154871
21631	0.002895348617
21632	0.00163267173
21633	0.003663541503
21634	0.0006011816718
21635	0.008967002206
21636	0.0005714012581
21637	0.004166892115
21638	0.001977224119
21639	0.003781082161
21640	0.003273787088
21641	0.00317934293
21642	4.515489361e-05
21643	0.00142555384
21644	0.001117483706
21645	9.671882619e-05
21646	4.390295123e-05
21647	0.002721612978
21648	0.001671549896
21649	0.005068732829
21650	0.005610495555
21651	0.002105678668
21652	0.003015062397
21653	0.0007752970217
21654	0.001272642163
21655	0.0006216985315
21656	0.0007118609607
21657	0.01108481344
21658	0.0002986741315
21659	0.002256003344
21660	0.000925384791
21661	0.001016182872
21662	0.0007288077801
21663	0.00254567789
21664	0.0003070439422
21665	0.0002450234894
21666	0.001804680407
21667	5.026811058e-05
21668	0.0009775531748
21669	0.001600008358
21670	0.0008634700657
21671	9.083757479e-05
21672	0.0004776894844
21673	6.991007531e-05
21674	0.002411628963
21675	0.007364783143
21676	0.001179277843
21677	0.0008590565684
21678	0.003736342748
21679	0.005138288601
21680	0.00373881726
21681	0.001381515887
21682	0.002029845641
21683	0.001572595924
21684	0.000542522949
21685	0.003888404197
21686	0.003636494646
21687	0.0008793975333
21688	0.003498231134
21689	0.0006879643041
21690	0.001764975154
21691	0.0002270032122
21692	0.0001885108244
21693	0.001177716488
21694	0.002012005854
21695	0.001556563827
21696	0.0006923109627
21697	0.002205166216
21698	0.001472371974
21699	0.00155905133
21700	0.0006103223787
21701	0.002739334962
21702	0.0009028718096
21703	0.004092849401
21704	0.003537921093
21705	0.002605812095
21706	0.0009843076552
21707	0.005146214534
21708	1.341185602e-05
21709	0.001607706821
21710	0.002425182684
21711	0.002752989839
21712	0.003723091657
21713	0.002254002213
21714	0.001254713699
21715	0.0003085949432
21716	0.0009047547884
21717	0.001688335184
21718	0.005145444923
21719	0.001555676607
21720	0.001855264666
21721	0.0009871327032
21722	0.005750493358
21723	0.0003252480913
21724	0.00558083814
21725	0.0001828092169
21726	0.0007788778326
21727	0.006367099005
21728	0.0001507411155
21729	0.0002004498666
21730	0.003448066846
21731	0.001872780624
21732	0.0003739376541
21733	0.0004861753585
21734	0.002526831112
21735	0.0003516500322
21736	0.001824442307
21737	0.005403620996
21738	0.0004372082218
21739	0.002971413797
21740	0.003699698934
21741	0.001084396058
21742	0.0005668923358
21743	0.001825481645
21744	0.000615322135
21745	0.0003011647961
21746	0.001182921805
21747	0.0005168680716
21748	0.0005637173065
21749	0.001009514199
21750	0.004756370837
21751	0.0003462768082
21752	0.0001529674858
21753	0.001092381835
21754	0.005519527069
21755	0.0002191265492
21756	0.001357938616
21757	0.003441105669
21758	0.001116247348
21759	0.002608405758
21760	0.002767561252
21761	0.0003970478786
21762	0.000358726296
21763	0.003778866368
21764	0.0001604530575
21765	0.001931102469
21766	0.004284576506
21767	0.001427519601
21768	6.0066359e-05
21769	9.555825659e-05
21770	0.0001062941287
21771	0.0009391262184
21772	0.00270231718
21773	0.002039477729
21774	0.0008086288983
21775	0.0001559829732
21776	0.00786524721
21777	0.001557514969
21778	0.001246019365
21779	0.001527852525
21780	9.67306543e-05
21781	0.007696047731
21782	0.001755741252
21783	0.0008926230066
21784	0.000747509245
21785	0.002823992024
21786	0.001449875459
21787	0.001309568715
21788	0.002997442411
21789	0.003831007183
21790	0.001095631237
21791	0.0002973272552
21792	0.001154229157
21793	0.0004597625464
21794	0.0005771309426
21795	0.0002163520615
21796	0.0006813411897
21797	0.001685425804
21798	0.001279938147
21799	0.0004828898578
21800	0.002030266541
21801	0.002704067739
21802	0.001051448639
21803	0.0008820955491
21804	0.0005476360761
21805	0.007341481333
21806	0.002029182373
21807	0.002302402767
21808	0.001061371798
21809	0.002015457353
21810	0.0005466398258
21811	0.0007502466895
21812	0.0004732404558
21813	0.0006407940659
21814	0.002136726859
21815	0.004839360685
21816	0.0001314427084
21817	0.000743366239
21818	1.636868147e-05
21819	0.005194342074
21820	0.003099625333
21821	0.002278141022
21822	0.002687176075
21823	0.0006270929503
21824	0.0005954221026
21825	0.0008496130194
21826	8.011635123e-05
21827	0.0006865470586
21828	4.984729659e-05
21829	0.0005704272597
21830	4.599524184e-05
21831	0.0001388413838
21832	0.000429353505
21833	0.003140632242
21834	8.482307733e-05
21835	0.002848099285
21836	0.0003093877909
21837	0.0005570137019
21838	0.00137577572
21839	0.002628928948
21840	0.001753525357
21841	0.0001050543618
21842	0.004098646218
21843	0.001358452367
21844	0.003768191221
21845	0.004638634775
21846	0.001482435383
21847	0.001350272893
21848	0.001891775017
21849	0.002001008638
21850	1.565900786e-05
21851	0.0007252388518
21852	0.002024191857
21853	0.0003173643508
21854	0.0006008429317
21855	0.003375497237
21856	0.001170355732
21857	0.002932715401
21858	0.0003261410862
21859	0.002264993984
21860	0.0002362010089
21861	6.61019866e-05
21862	0.000661309557
21863	0.0001006820067
21864	0.00184192813
21865	0.0009221142662
21866	0.002198981524
21867	0.0002302640914
21868	0.0005873870408
21869	0.000432813748
21870	0.0003089275084
21871	0.0003056345076
21872	0.0004066043381
21873	0.0002384339783
21874	0.00198488015
21875	0.002102001709
21876	0.0008261779961
21877	0.0009039585083
21878	0.0004136104135
21879	0.003736886226
21880	0.007929306799
21881	0.0007970845056
21882	0.005111366748
21883	0.002567388546
21884	0.0006510075061
21885	0.0002613594321
21886	0.00108075778
21887	0.004069758381
21888	0.0009959308122
21889	0.0001395196985
21890	0.00467198573
21891	0.005805804184
21892	0.005883764692
21893	0.001197130131
21894	0.002991238942
21895	0.003872822289
21896	0.001677234091
21897	0.002767143124
21898	0.001728641672
21899	0.004587223295
21900	0.0006977810567
21901	0.0001746653015
21902	0.0001071053184
21903	0.007275795141
21904	0.002518800085
21905	0.001074279662
21906	0.0002312105935
21907	0.001885566047
21908	0.001189698155
21909	0.004046997876
21910	0.000847796676
21911	0.001855602809
21912	0.001388842974
21913	0.006120679614
21914	0.002652319745
21915	0.00236321554
21916	0.002373311459
21917	0.0006609824475
21918	0.0003280816513
21919	0.001277679373
21920	0.0001368407873
21921	0.001165365345
21922	0.006157449606
21923	0.006263150313
21924	0.0006984994976
21925	0.001060514644
21926	0.002614858095
21927	0.002338540032
21928	0.007492600073
21929	0.008502142396
21930	0.003856835602
21931	0.0007943386319
21932	0.004469024443
21933	0.005045942049
21934	0.003474775292
21935	0.0003327014867
21936	0.001881577252
21937	0.002531496645
21938	0.0008085490877
21939	0.0004532476974
21940	0.0001251797597
21941	0.004087158849
21942	0.001216111974
21943	0.001119172974
21944	0.003208828681
21945	0.0009435699566
21946	0.002619176989
21947	0.002147031166
21948	0.0007828181651
21949	0.00121184641
21950	0.004063450243
21951	0.0007557664765
21952	8.943346915e-05
21953	0.001961449426
21954	0.0006248253391
21955	0.003594705547
21956	0.0001968899569
21957	0.002417709715
21958	0.005562421258
21959	9.203649999e-06
21960	7.438208526e-05
21961	7.99675982e-05
21962	0.0003960844383
21963	0.001134926656
21964	0.0003214827181
21965	0.003242202285
21966	0.001056791566
21967	0.0002176813353
21968	0.001470665133
21969	0.0001484115006
21970	0.001116675647
21971	0.002896843598
21972	0.004493464746
21973	0.002130626582
21974	0.001117441585
21975	0.0004888042756
21976	0.0001015536756
21977	0.002391183937
21978	0.004946159013
21979	5.114593603e-05
21980	0.002499952497
21981	0.0009763346282
21982	0.00558297731
21983	0.002917130584
21984	3.117983716e-05
21985	0.0002179440406
21986	0.002338512606
21987	0.002278392024
21988	0.001558438082
21989	0.0004089649004
21990	0.002904637386
21991	0.001153583049
21992	0.003470941964
21993	0.0001772571785
21994	0.002603452462
21995	0.001579992959
21996	0.001762764724
21997	0.0003910246383
21998	0.0002967239972
21999	0.00481007913
22000	0.003641866751
22001	0.002310566777
22002	0.002314838925
22003	0.0007504483249
22004	0.003611126311
22005	0.003011942031
22006	0.001026958223
22007	0.001172244911
22008	0.0001545241587
22009	0.001885515333
22010	0.000541743506
22011	0.001469300583
22012	0.0002118455119
22013	0.0002856874898
22014	0.002723774945
22015	0.0002318983508
22016	0.001581691741
22017	0.001874870293
22018	0.000677738386
22019	0.003979853443
22020	0.003647455254
22021	0.00307204583
22022	0.001398073005
22023	4.610530528e-06
22024	0.003137879738
22025	0.002040920858
22026	0.001915683499
22027	0.0003296893567
22028	2.505975546e-05
22029	0.0006303528794
22030	0.0004090327223
22031	0.0007673513489
22032	0.003802430932
22033	9.150091342e-05
22034	0.0006157743942
22035	0.002685137031
22036	0.00197928418
22037	0.001781091353
22038	0.002104318745
22039	0.0002700283782
22040	0.0002438000008
22041	0.0005467319116
22042	0.0001514531371
22043	0.00141513981
22044	0.0003411860191
22045	0.004470380176
22046	0.003309539969
22047	0.001645228601
22048	0.0004790083059
22049	0.00122408064
22050	0.005048931635
22051	0.0003937859216
22052	6.513119962e-05
22053	0.00299280621
22054	0.005002558243
22055	0.002244414342
22056	0.001225476841
22057	0.001090995052
22058	0.0009589267011
22059	0.00167866517
22060	7.927956579e-05
22061	0.0003337542082
22062	0.001103776894
22063	0.001887381479
22064	0.004194410074
22065	0.001866989646
22066	0.0003089265204
22067	0.002387860854
22068	0.002498662585
22069	0.006128313794
22070	0.003333185412
22071	0.001223038818
22072	0.001770937597
22073	0.0002098176082
22074	0.001500616361
22075	0.002232465517
22076	0.0003091228431
22077	0.0009413642996
22078	0.004173026441
22079	0.001336528759
22080	0.0007417043391
22081	0.0006081662864
22082	0.001413982528
22083	0.00183663681
22084	0.0006582995573
22085	0.0001113939716
22086	0.003529530803
22087	0.001010764743
22088	0.00161466646
22089	0.002631107139
22090	0.0009385506516
22091	0.002959686824
22092	0.0006376254463
22093	0.004496521061
22094	0.006481036291
22095	0.005517265824
22096	0.001564071606
22097	0.0006359619994
22098	0.002520184877
22099	0.0004327798732
22100	0.001832690229
22101	0.002489614665
22102	0.003472046743
22103	0.001779244606
22104	0.0005215203859
22105	0.003417299173
22106	0.005090423915
22107	0.003311258923
22108	0.0008685717205
22109	0.001671809298
22110	0.0002891147529
22111	0.002932570123
22112	9.14710962e-05
22113	0.0008488811677
22114	0.002296161648
22115	0.002425335906
22116	0.00172107077
22117	0.001486133935
22118	0.001177882817
22119	0.0004639764272
22120	0.0001378929839
22121	0.0001133666322
22122	0.003610549964
22123	0.000707516242
22124	0.002981178498
22125	0.002238694057
22126	0.00146740796
22127	0.00298005865
22128	0.002498735845
22129	0.002547045373
22130	0.0007082238225
22131	0.0005788379669
22132	0.002532429028
22133	2.770090035e-05
22134	0.003857712987
22135	0.002855571925
22136	0.002974789382
22137	0.002632916926
22138	0.0005452919979
22139	7.224582852e-05
22140	0.0006794026159
22141	0.0008464114017
22142	0.001777046793
22143	0.00166664888
22144	0.006070672553
22145	0.003200047148
22146	0.000331676341
22147	0.004334225147
22148	0.0026057897
22149	0.004672408423
22150	0.001373811438
22151	0.0001441879411
22152	0.004657580387
22153	0.002031324086
22154	0.0008967702271
22155	0.0003960448948
22156	0.001641287152
22157	9.89842122e-05
22158	0.0001540565193
22159	6.874097222e-05
22160	5.903047378e-05
22161	0.0008701335056
22162	0.000438787781
22163	0.0002158306055
22164	0.0001537142028
22165	0.002434631514
22166	0.004840360733
22167	0.002199758195
22168	0.002102323301
22169	0.0001075656326
22170	0.001697584564
22171	0.002722337614
22172	0.004033865445
22173	0.0004717966709
22174	0.0006518552525
22175	0.0002071869454
22176	0.0001283902338
22177	0.0001855242527
22178	0.0002486580736
22179	0.006171926361
22180	0.003047152903
22181	0.003712477321
22182	0.006270062227
22183	0.004770321997
22184	0.001097830537
22185	0.0002373248179
22186	0.000411177617
22187	0.0007041713701
22188	0.004715799821
22189	0.005783586764
22190	0.008425049882
22191	3.77973127e-05
22192	0.001240810252
22193	0.002604986995
22194	0.0009966604873
22195	0.0004386168547
22196	0.0001794525851
22197	0.004699277035
22198	0.0006415201668
22199	0.0006262840144
22200	0.0002558717675
22201	0.002970604951
22202	0.001620028395
22203	0.001232356559
22204	0.003763325081
22205	0.001950824127
22206	0.00311673018
22207	0.004532564104
22208	2.818202722e-05
22209	0.0006203135563
22210	0.0001796585769
22211	1.325598805e-05
22212	0.0004140500664
22213	0.000892848919
22214	0.001323057362
22215	0.002823779794
22216	3.564406205e-05
22217	0.0005071678681
22218	0.0001538697394
22219	0.0006464240029
22220	0.0001050317842
22221	0.002360410542
22222	0.002148939261
22223	0.003436299164
22224	0.000757213261
22225	0.0002860314749
22226	0.0007684794161
22227	0.005006599314
22228	0.001204135912
22229	0.003515716398
22230	0.001000810678
22231	0.001806322941
22232	0.001598955327
22233	0.006606908051
22234	5.262834429e-05
22235	0.000226774823
22236	0.004131795626
22237	0.0007499810198
22238	0.000526228896
22239	0.001949880479
22240	0.002533750141
22241	0.004623743933
22242	0.002247322503
22243	0.0006117835385
22244	0.0004071677692
22245	0.0008353845801
22246	0.001123944284
22247	3.157669533e-05
22248	0.00544234682
22249	0.000847347542
22250	0.001296979667
22251	0.0005478664721
22252	0.001380668403
22253	0.00258729013
22254	0.003015323993
22255	0.001870335455
22256	0.000859856377
22257	0.001335242645
22258	0.003021396586
22259	0.003264836662
22260	4.159341151e-06
22261	0.001575712988
22262	0.001496280136
22263	0.0003742211033
22264	2.444189013e-05
22265	0.009585943671
22266	0.007850589595
22267	0.0001694200618
22268	0.0009209432523
22269	0.0003118498577
22270	0.0004925585134
22271	0.001808455533
22272	0.003857934121
22273	0.001894852548
22274	6.915072882e-05
22275	0.0007625757535
22276	0.005065961001
22277	0.003166788852
22278	0.00699125631
22279	0.0006272260715
22280	0.002722137037
22281	0.004141209217
22282	0.002334888438
22283	0.0005866602426
22284	0.001147697264
22285	0.0008275565013
22286	0.005223557766
22287	0.0006866583404
22288	0.0002353120655
22289	0.0002996075794
22290	0.0003454380948
22291	0.002794602934
22292	0.0007649382307
22293	0.0008986206803
22294	0.002640976435
22295	0.001269554215
22296	0.005548683076
22297	0.0009009008879
22298	0.006360746832
22299	0.0006216054551
22300	0.0008698455445
22301	0.0007655463758
22302	0.003782331004
22303	0.0002321929991
22304	0.0001374177055
22305	0.004040422384
22306	0.002315514605
22307	0.0009337146346
22308	0.001253544265
22309	0.001461619178
22310	0.0005405053461
22311	0.001893070223
22312	0.0001025006659
22313	0.007276804786
22314	0.005265224279
22315	0.0005415199893
22316	0.001343873181
22317	0.0001794187563
22318	0.003525710066
22319	0.00531496234
22320	0.0003519788318
22321	0.0006973531909
22322	2.501856374e-05
22323	0.00425433264
22324	0.004670863784
22325	0.004888580637
22326	0.0008286306957
22327	4.393261246e-05
22328	0.001663920815
22329	0.0006968868241
22330	0.002726020038
22331	0.0012310403
22332	0.001518248422
22333	0.001547101313
22334	0.0004023696264
22335	0.003087989114
22336	2.487615917e-05
22337	0.001704125524
22338	0.00153964096
22339	0.002653793443
22340	0.00291685294
22341	0.004711264332
22342	0.0005463078216
22343	0.001579804217
22344	0.0004612555582
22345	0.003596842227
22346	0.001087503528
22347	0.00162698721
22348	0.001412943184
22349	0.0007272919016
22350	0.001040221354
22351	0.001330061015
22352	0.0009570134178
22353	5.08072049e-07
22354	0.003458207171
22355	0.000442074232
22356	0.0005331196961
22357	0.001434976848
22358	0.0001385724631
22359	0.009318157262
22360	0.004661499149
22361	0.003507712989
22362	0.004634012972
22363	0.001744808876
22364	0.001249159092
22365	0.0008360718923
22366	0.00127084086
22367	0.0009284832594
22368	0.003994411595
22369	0.0001899674782
22370	4.946308491e-05
22371	0.0001696014799
22372	0.002354711719
22373	0.002699810416
22374	0.0001056147424
22375	0.0002337678549
22376	0.0007265273558
22377	0.006536208198
22378	0.0002079416718
22379	0.0001640797916
22380	0.0037604551
22381	0.003766485418
22382	0.0001353204431
22383	0.0004924497766
22384	0.001241308247
22385	0.002418889303
22386	0.00440655846
22387	0.0003068671663
22388	0.0002514389783
22389	0.0002777326537
22390	5.322898608e-05
22391	0.0003501583728
22392	0.003524324376
22393	0.004471443842
22394	0.001297753731
22395	0.003149253385
22396	0.001403698356
22397	0.002439685045
22398	0.001031206556
22399	0.003388856504
22400	0.001086804599
22401	0.004569550059
22402	9.78338826e-05
22403	0.0004265419456
22404	0.0001032113485
22405	0.0008369560752
22406	0.0006259503603
22407	0.0004700875373
22408	0.001750463156
22409	0.001295324304
22410	0.0002761977011
22411	0.002730732829
22412	0.002021446723
22413	0.0009693507135
22414	3.168425309e-05
22415	0.000192552903
22416	1.017775776e-05
22417	6.694646883e-05
22418	0.001150326742
22419	0.0007045377131
22420	0.001055832444
22421	0.001918887591
22422	0.0004247417033
22423	1.28352008e-05
22424	6.540214133e-05
22425	0.002618978663
22426	0.003046109212
22427	0.001564375644
22428	0.001076155365
22429	0.0005640892229
22430	0.001730965899
22431	0.008634064224
22432	0.0009311748726
22433	0.002740757248
22434	0.001554155237
22435	0.0005120580695
22436	0.0006039108498
22437	0.001947237252
22438	0.001722305727
22439	0.003075961236
22440	0.0004992678492
22441	0.004851407235
22442	0.002171664592
22443	0.001053356614
22444	0.002889179975
22445	7.920364904e-05
22446	0.003203315033
22447	0.001659098017
22448	0.0007802714856
22449	7.745520072e-05
22450	0.0006355616846
22451	6.20060635e-05
22452	0.001807186748
22453	0.003370688091
22454	0.005432544437
22455	6.188314595e-05
22456	0.0009501660284
22457	0.001792280595
22458	0.0004127625403
22459	0.001476011315
22460	0.003815237273
22461	9.704287292e-05
22462	0.00332751155
22463	0.005472877479
22464	0.004666111847
22465	0.0004257535199
22466	0.00166586704
22467	9.97455422e-05
22468	0.0002439700729
22469	0.002479892227
22470	0.0007246819552
22471	0.001721408229
22472	0.0001089164725
22473	5.418561056e-05
22474	0.0005102784569
22475	0.0006718088932
22476	0.001297206903
22477	0.002422058916
22478	0.0002036464479
22479	3.177117545e-07
22480	9.212908689e-05
22481	0.0016179482
22482	0.003369897389
22483	0.0004769685971
22484	0.001059666724
22485	0.004197163265
22486	0.0002075714017
22487	0.0004243996454
22488	0.001214251431
22489	0.0004964454824
22490	0.0004860506251
22491	0.003316119374
22492	0.003114226312
22493	4.168428188e-05
22494	0.0004056592934
22495	1.210194779e-05
22496	0.002150615922
22497	0.005582026853
22498	0.001788254129
22499	0.002852833885
22500	0.006196227066
22501	0.001175195592
22502	0.004093212608
22503	0.0005167103797
22504	0.0009582632008
22505	0.00266155705
22506	0.0009091905138
22507	0.003325761444
22508	0.003099102134
22509	0.01220729475
22510	0.0002529703681
22511	0.001016596027
22512	0.004286255078
22513	0.001691001024
22514	0.001694923165
22515	0.002109916522
22516	0.0008162763984
22517	0.00206717248
22518	0.001306859961
22519	0.001571996218
22520	0.0002738800538
22521	0.001678437937
22522	0.00460175046
22523	0.001634553076
22524	0.0004055623961
22525	0.0007845256429
22526	3.410615039e-05
22527	0.002639371799
22528	0.002209051057
22529	0.003758179415
22530	0.0003103077353
22531	0.001089610446
22532	0.00912483402
22533	0.0006232410068
22534	0.001996670719
22535	0.001541345605
22536	0.00263216803
22537	0.00131687463
22538	0.001623156161
22539	0.00305932466
22540	0.004567961418
22541	0.006954945644
22542	0.005832410205
22543	0.005017563671
22544	0.007967202859
22545	0.0012340526
22546	0.00229760469
22547	3.797214534e-05
22548	0.002203912454
22549	0.001469019281
22550	0.0006568332217
22551	0.001528317385
22552	0.002798890198
22553	0.0009681011936
22554	0.00256697122
22555	0.001738180649
22556	0.002964338558
22557	0.0004741670316
22558	0.001725509062
22559	0.001318438289
22560	0.0002671377589
22561	0.004980036826
22562	0.003597970906
22563	8.824046675e-05
22564	0.009890883342
22565	0.005078954934
22566	0.001683511985
22567	0.0008197800565
22568	0.001864518848
22569	0.001411885626
22570	2.996890791e-06
22571	0.002121925226
22572	6.434059696e-05
22573	0.0004136846774
22574	0.001419705837
22575	0.003041529336
22576	6.729910532e-06
22577	0.0002779736351
22578	0.000642549289
22579	0.0008227659999
22580	0.001174028612
22581	0.001493088528
22582	9.726319039e-05
22583	0.002284433766
22584	0.0004647031992
22585	0.0009430751906
22586	2.080944552e-05
22587	0.0006438718235
22588	0.000307982691
22589	0.0006416076185
22590	0.00683092592
22591	0.0005982588444
22592	0.003347031314
22593	0.000279221423
22594	0.004043558033
22595	9.271742197e-05
22596	0.005182262096
22597	0.001731345981
22598	0.001240627036
22599	0.002288149678
22600	0.0008741479217
22601	0.001787416786
22602	0.002103996102
22603	0.002136448573
22604	0.001947406249
22605	0.001727491092
22606	0.002417136809
22607	0.00377765475
22608	0.000165024815
22609	0.0002173178008
22610	0.003459694474
22611	1.474520551e-06
22612	0.001477150738
22613	0.0004940916396
22614	0.001615219801
22615	0.00107701112
22616	0.0002729301828
22617	0.001415264723
22618	0.006206182683
22619	0.00164959114
22620	0.0008954990188
22621	0.003002009531
22622	0.006544692672
22623	0.0008129150314
22624	0.003585817021
22625	7.524126091e-05
22626	0.0006626376286
22627	0.001116530156
22628	0.0005809692609
22629	1.067434763e-05
22630	0.0009220296401
22631	0.002689203692
22632	0.003869901378
22633	0.00170918901
22634	0.003597175847
22635	0.001181920465
22636	0.0007995192144
22637	0.002641171114
22638	0.002605002283
22639	2.334242987e-05
22640	0.0001931915983
22641	0.005675406695
22642	0.001479968766
22643	0.0008561212659
22644	0.0001060514812
22645	0.0009347482779
22646	0.0009448411711
22647	0.0001888415505
22648	0.004178019114
22649	0.0005915071972
22650	0.005425288908
22651	0.0006423775469
22652	0.007689931482
22653	0.002753361414
22654	0.0003470394971
22655	0.000232672884
22656	0.0004623111883
22657	0.001024901061
22658	0.002110079757
22659	0.002370445439
22660	0.005051592246
22661	0.005062251394
22662	0.008961488135
22663	0.0011056811
22664	0.003191162597
22665	0.0008198065054
22666	0.004425180682
22667	0.006787865633
22668	0.000334371936
22669	0.002210456188
22670	0.0008048601763
22671	0.000245850026
22672	0.00100734314
22673	0.002133189317
22674	0.002229093284
22675	0.00780033447
22676	0.0003880617061
22677	0.001719841198
22678	0.00105828999
22679	0.002412794053
22680	0.002480920844
22681	0.001742295341
22682	0.0009845694269
22683	5.117432536e-05
22684	0.0006425427128
22685	0.004529004643
22686	0.001841064538
22687	0.002375844779
22688	0.001829604629
22689	0.0006390452426
22690	0.003419207706
22691	0.002773131562
22692	0.0003400472974
22693	0.003863474613
22694	0.003914948826
22695	0.002695720434
22696	0.001163930538
22697	0.002490952052
22698	0.001565175358
22699	0.002331589607
22700	0.000354928749
22701	0.002892643272
22702	0.002357337829
22703	0.0007958134067
22704	0.002283714992
22705	0.001479153389
22706	0.003196366088
22707	0.004123422587
22708	0.003308523915
22709	0.003161329505
22710	0.0009949965979
22711	0.004007930601
22712	0.004687729214
22713	0.001201033681
22714	0.000763801754
22715	0.004610937947
22716	0.002487736522
22717	0.003888964879
22718	0.0002470249399
22719	0.005699967598
22720	0.0009419378273
22721	0.0002045099078
22722	0.003464394613
22723	0.003217154969
22724	0.0008992878125
22725	0.001015784918
22726	0.0005015134295
22727	0.001845858705
22728	0.0001722913069
22729	0.002476429448
22730	0.0004242661341
22731	0.0009326422985
22732	0.001076197369
22733	0.000182609171
22734	0.003108107118
22735	8.60568495e-06
22736	0.006261086513
22737	0.003129125011
22738	0.0006128770454
22739	0.001960976301
22740	0.001238274719
22741	0.00574568476
22742	0.004061542063
22743	0.0006215919089
22744	0.003387401773
22745	0.006203354975
22746	0.008017201375
22747	0.0003570433732
22748	0.0004055969394
22749	0.0003411318501
22750	0.006389215011
22751	0.0008629179562
22752	0.00321517249
22753	0.0004866574285
22754	0.003895671219
22755	0.0003886275191
22756	0.0002151146757
22757	9.458329376e-05
22758	9.636073289e-05
22759	0.0009582022573
22760	0.001329374387
22761	0.001959871707
22762	0.0002786638468
22763	0.002816279305
22764	0.008061763674
22765	0.004837763765
22766	0.0006435588263
22767	0.003008400499
22768	0.002797051186
22769	0.001930224432
22770	0.004047689179
22771	0.0003801704518
22772	8.824638477e-05
22773	0.001546159695
22774	9.837780571e-05
22775	0.001936087638
22776	0.000444840727
22777	0.001457537079
22778	0.0007062598811
22779	0.0003583495515
22780	0.0001646807307
22781	4.357325178e-05
22782	0.0001802825507
22783	0.0007607307516
22784	0.0001024159849
22785	0.0001203584664
22786	0.0005516251797
22787	0.0005809304349
22788	0.0003993090658
22789	0.0002958976613
22790	0.002327865016
22791	0.0007715638464
22792	0.001780453411
22793	0.006966509541
22794	0.001742693043
22795	0.00121217248
22796	0.001089005514
22797	0.0008247077763
22798	0.004740143063
22799	0.001425572209
22800	0.0003946174546
22801	0.001016982666
22802	0.002345552502
22803	0.0001600846611
22804	0.002677990278
22805	0.0008349039715
22806	0.003018773328
22807	0.003635542477
22808	0.006375967336
22809	0.0009218474397
22810	0.00287569133
22811	0.0003761730395
22812	0.0001287338555
22813	0.001014598727
22814	0.0002719584166
22815	0.0002440259705
22816	0.001245562219
22817	0.001047095666
22818	0.003029451666
22819	2.636134917e-05
22820	0.0002817528013
22821	0.002442813299
22822	0.0007914386605
22823	0.004092648765
22824	0.0006221409735
22825	3.695705499e-06
22826	0.001469287207
22827	0.0009364486088
22828	0.001263918242
22829	0.001719805043
22830	0.000127986621
22831	0.0004957517573
22832	0.001618732882
22833	2.924185244e-06
22834	0.000135009026
22835	0.0007250947974
22836	0.0003653405501
22837	0.003725277506
22838	0.002225808807
22839	0.004448864141
22840	0.0008883207496
22841	0.001950250577
22842	0.001218110941
22843	0.002253133239
22844	0.0003092698538
22845	0.0005461097466
22846	0.0003789281401
22847	0.003189150041
22848	0.0007722474985
22849	0.00158162907
22850	0.003943225397
22851	0.003309641599
22852	0.0001799977966
22853	0.002276100198
22854	0.0006651229556
22855	0.0009588646447
22856	0.001543209511
22857	0.0005583313586
22858	0.00264770274
22859	0.003066300968
22860	0.00168845823
22861	0.0007841597921
22862	5.392843312e-05
22863	0.003791244302
22864	0.001364128256
22865	0.001606614189
22866	0.002278579799
22867	0.001785759603
22868	0.003312487198
22869	0.003681470369
22870	0.001184531599
22871	0.002238640329
22872	0.0008575551983
22873	0.004675572654
22874	0.0008312429747
22875	0.003684139545
22876	0.0002287138465
22877	0.0005012620716
22878	0.003190254255
22879	0.0007936375101
22880	0.000282368217
22881	0.002496772643
22882	0.0001491666681
22883	6.391356725e-05
22884	0.002023001464
22885	0.002903452094
22886	0.003510020301
22887	0.003165101023
22888	0.0003165004256
22889	0.002561407889
22890	0.002766820612
22891	0.003394504163
22892	0.0005874793377
22893	0.004604691136
22894	8.195793839e-05
22895	0.002632695616
22896	0.002103067923
22897	0.00134580055
22898	0.004180814259
22899	0.001449720113
22900	4.056342176e-05
22901	0.0003297228321
22902	0.001841149684
22903	0.002282767654
22904	0.0006171834687
22905	0.0002292956683
22906	0.005559601528
22907	0.004521571616
22908	0.002086877459
22909	0.005867981032
22910	0.00524248779
22911	0.006475332382
22912	0.0008844781374
22913	0.0001316535865
22914	0.0003521068672
22915	0.0002380113552
22916	0.0006996102771
22917	0.00464648907
22918	0.001573820696
22919	5.800767218e-05
22920	0.002221986938
22921	0.002568086797
22922	0.0006793942
22923	0.009681558093
22924	0.005386090868
22925	0.005336535762
22926	0.003404111943
22927	0.001011191727
22928	0.002910453469
22929	0.0005745364129
22930	0.002528402968
22931	0.002015575621
22932	0.002850704966
22933	0.004825810468
22934	0.001362905149
22935	0.0007134037519
22936	0.0005571690629
22937	0.0001125300002
22938	5.618318243e-05
22939	0.004317915074
22940	0.0005035562618
22941	0.0004286628244
22942	0.0008877179919
22943	0.00021312085
22944	0.0004376423918
22945	0.0001438152292
22946	0.003215959352
22947	0.0005923572192
22948	0.002445007969
22949	0.0001783046867
22950	0.00155171206
22951	0.0001493646983
22952	0.000922447972
22953	0.002907534108
22954	0.0007573497868
22955	0.001100037583
22956	0.003774921144
22957	0.002365787365
22958	0.001469743664
22959	0.003016491602
22960	0.005688215908
22961	0.000115631504
22962	0.0003739483306
22963	0.00667367721
22964	0.004857279712
22965	0.0005146757113
22966	0.001638316692
22967	0.0006609128984
22968	0.003099242732
22969	0.003084259274
22970	0.004308149821
22971	0.0005258024481
22972	0.001604964459
22973	0.00195485511
22974	0.0002598213777
22975	0.0009693065111
22976	0.0004110453802
22977	0.0001976234982
22978	0.002235539781
22979	0.0006456166702
22980	0.001295026399
22981	0.00305467132
22982	0.0002702505155
22983	0.001345375317
22984	0.0005116305119
22985	0.000614339864
22986	0.001798735132
22987	0.003471419669
22988	0.001330183376
22989	0.004202242066
22990	0.0001998060274
22991	0.00097531132
22992	0.002549460539
22993	0.008174206725
22994	0.003301960234
22995	0.003867254744
22996	0.001910661252
22997	0.003155735877
22998	0.0005595965718
22999	0.007813890264
23000	0.002732164029
23001	0.001649566787
23002	0.005760672066
23003	0.00161051918
23004	0.002252588863
23005	0.001470540852
23006	0.004795783384
23007	0.004040030095
23008	0.0006744059609
23009	0.005297733901
23010	3.705304015e-05
23011	0.000459230901
23012	0.001420911497
23013	0.007221860965
23014	0.0022744104
23015	0.002135879159
23016	0.0001302651657
23017	0.003021927699
23018	0.00267656432
23019	0.0001097567671
23020	0.001234236048
23021	0.001370886997
23022	0.000565973974
23023	0.0006648183716
23024	0.0009015941279
23025	0.001317601545
23026	0.00250112383
23027	0.001657011461
23028	0.0007624465044
23029	0.001874566141
23030	0.0004394209635
23031	0.0001202816
23032	0.0001931922219
23033	0.00120803528
23034	0.002403312454
23035	0.007153847248
23036	0.00340662751
23037	0.005329713348
23038	0.0001719160671
23039	0.004218103209
23040	2.42892013e-06
23041	0.0007744191272
23042	0.000595310613
23043	0.0008432195062
23044	0.0004942670785
23045	0.001475801023
23046	0.001167813454
23047	0.001711063168
23048	0.001659633565
23049	0.002033895087
23050	0.0009105849086
23051	0.003892072155
23052	0.002688329075
23053	6.859729558e-05
23054	0.001597233357
23055	8.379153499e-05
23056	0.001172957746
23057	0.002824926472
23058	0.006021538687
23059	0.002290372943
23060	0.001175176395
23061	0.001134886471
23062	0.006750201312
23063	0.001704506478
23064	0.0004121636203
23065	0.001203163034
23066	0.0002175306368
23067	0.001958469848
23068	0.001040176351
23069	0.001217252375
23070	0.0006457603102
23071	0.00122841811
23072	0.001188780281
23073	0.0008130666791
23074	0.001339069458
23075	0.0009641001509
23076	0.00227415151
23077	0.0004564812052
23078	0.002605330078
23079	0.0001707885743
23080	0.001678890671
23081	0.002278825633
23082	0.004203914565
23083	0.0003840409601
23084	0.0003942276787
23085	0.003916200211
23086	0.004529825021
23087	0.0006959386928
23088	0.0007276330789
23089	0.0005511013389
23090	0.0004717036597
23091	0.000274001387
23092	0.0004587082863
23093	8.312177716e-05
23094	0.001717951456
23095	0.001984941606
23096	0.001259513416
23097	0.005002484039
23098	0.003702516724
23099	0.0008946868472
23100	0.002367184061
23101	0.0001635315725
23102	0.002560479388
23103	0.001489108844
23104	0.005180361709
23105	0.003416920851
23106	0.001162993743
23107	0.002957561388
23108	0.001169114292
23109	0.004878571149
23110	0.0001312800799
23111	0.001992448433
23112	0.001722454935
23113	0.0001110553153
23114	0.0007509230341
23115	0.006171629277
23116	0.001261100579
23117	0.001261617272
23118	4.002032173e-05
23119	0.005984724278
23120	0.002906230027
23121	0.002166591727
23122	0.00445009115
23123	0.002253454356
23124	0.003899132584
23125	0.001785711808
23126	0.00131135881
23127	0.00170999876
23128	3.38508003e-05
23129	0.0001986768394
23130	0.0006785428453
23131	0.006689271607
23132	0.0003570458917
23133	0.005139197605
23134	0.001622699539
23135	0.001828007711
23136	0.0003341530283
23137	0.0005690513682
23138	0.003842021656
23139	0.002398669223
23140	0.00403631614
23141	0.003421047618
23142	0.002675734506
23143	0.002211417837
23144	0.002221612221
23145	0.003563338829
23146	9.631904342e-05
23147	0.01020042775
23148	0.001949098924
23149	0.00403718251
23150	0.004428395138
23151	0.0002442001951
23152	0.001272727286
23153	0.0005063781737
23154	0.001752523941
23155	0.0004253258496
23156	0.002378548842
23157	0.0007556693225
23158	0.004703521135
23159	0.002834977242
23160	0.003522356152
23161	0.001511109102
23162	0.002148869535
23163	0.001287681183
23164	0.002094335686
23165	0.0005280088967
23166	0.001697374466
23167	0.009739858467
23168	0.007724650297
23169	0.004874574198
23170	0.003704672964
23171	0.004419856097
23172	0.004105074454
23173	0.001336502455
23174	0.003585210424
23175	0.0004840145233
23176	0.0005250015612
23177	0.002627976605
23178	0.001317858061
23179	0.00516330894
23180	0.0002315191469
23181	0.001467621874
23182	0.0007984159889
23183	0.005596859272
23184	0.003691158113
23185	0.002287741458
23186	0.003088996038
23187	0.001427736173
23188	0.001927618605
23189	0.006139226787
23190	0.003400315809
23191	0.0009588619629
23192	0.0003070657917
23193	0.005533425666
23194	0.0007418052808
23195	0.000588230578
23196	0.0007528433714
23197	0.00603469127
23198	0.006158848124
23199	0.003983047291
23200	0.006051903394
23201	0.0002383591447
23202	0.003017993311
23203	0.0004344255942
23204	0.0007700716144
23205	0.0007820445118
23206	0.001991745876
23207	0.001154096937
23208	0.002439376523
23209	0.001839261064
23210	0.00362866372
23211	0.002720173605
23212	0.002503270729
23213	0.00264384389
23214	0.005527218739
23215	0.006443296693
23216	0.008590704494
23217	0.002457982231
23218	0.004297347007
23219	0.0007718839862
23220	0.0004545113922
23221	0.004093885689
23222	0.003496513456
23223	0.0008273536357
23224	0.003440580747
23225	0.001782481409
23226	0.002733901274
23227	0.003664085442
23228	0.001131025398
23229	0.001527321785
23230	0.0001327856709
23231	0.004073245976
23232	0.001098289678
23233	0.00109563792
23234	0.001580646084
23235	0.003660444852
23236	0.003362035837
23237	0.002628260783
23238	0.002964761683
23239	8.233511883e-05
23240	0.0005813945284
23241	0.001597304407
23242	0.0009851611063
23243	6.421997224e-05
23244	0.004467969158
23245	0.000458763918
23246	0.004544181457
23247	0.001419301253
23248	0.0006246057169
23249	0.001311157778
23250	0.003318102742
23251	0.002319043478
23252	0.002780039088
23253	5.43679898e-05
23254	0.002617081634
23255	0.000668290854
23256	0.0009022732588
23257	0.001233914269
23258	1.416523484e-05
23259	0.001228477392
23260	0.002035185084
23261	0.001385992379
23262	0.001216733377
23263	1.261829515e-05
23264	0.0005521347406
23265	0.0002841003909
23266	0.001704941927
23267	0.001836208992
23268	0.0006753356512
23269	0.006060127712
23270	0.004106556191
23271	0.002081460731
23272	0.001464498976
23273	0.0068326574
23274	5.017941068e-05
23275	0.005105337821
23276	0.0003358198819
23277	0.0001118023105
23278	0.0004275365465
23279	0.000509289377
23280	0.001964952187
23281	0.001259433725
23282	0.002975965828
23283	0.003846486143
23284	0.0006381254324
23285	0.0004982067994
23286	0.001589005639
23287	0.003287177029
23288	0.002605876374
23289	0.0004733852803
23290	0.0007158694977
23291	0.0004595151273
23292	0.0001917715151
23293	0.001827254792
23294	0.0001137912581
23295	3.58716461e-06
23296	0.0003902087185
23297	9.670899396e-05
23298	0.0003044075283
23299	5.528927434e-06
23300	0.0004426882361
23301	0.002108193983
23302	0.0004138001267
23303	0.0007964290852
23304	0.004074101138
23305	0.0009893902716
23306	0.0004485680766
23307	0.002984282828
23308	2.906301162e-05
23309	0.003062732365
23310	0.0008027405804
23311	0.0007414703626
23312	0.0004529133761
23313	0.0002050249001
23314	0.0002943739765
23315	0.0004241150561
23316	0.0002431289182
23317	0.0002817535084
23318	0.005520635404
23319	0.0008180336981
23320	0.0005208321178
23321	0.001212415338
23322	0.002064541707
23323	0.002340914727
23324	0.0001917017758
23325	0.001540050993
23326	0.0001514403303
23327	0.001894566599
23328	0.001245603569
23329	9.475090768e-05
23330	0.003945667856
23331	0.002546861648
23332	0.00234226111
23333	0.001916836286
23334	0.004671986126
23335	0.002833805137
23336	0.0002035094719
23337	0.002834855564
23338	0.0003799140642
23339	0.002759541405
23340	0.0007621549977
23341	0.001228176652
23342	0.0009310509082
23343	0.0001729457583
23344	0.002806829517
23345	0.001183448601
23346	0.0008296483816
23347	0.001581015253
23348	0.003137776614
23349	0.005944929817
23350	0.00262822224
23351	0.0007392836865
23352	0.0009430323398
23353	0.001910865502
23354	0.002664181397
23355	0.000763774366
23356	0.004527079377
23357	0.003756785764
23358	0.002178397821
23359	0.00456978149
23360	0.0004919230232
23361	0.0007709386478
23362	0.001032890059
23363	0.006358244829
23364	0.0002673249579
23365	0.004923248599
23366	0.001686032469
23367	0.0005573914394
23368	0.0002651755354
23369	0.0006067176386
23370	0.001648599314
23371	0.001608123503
23372	0.002901070391
23373	0.002497570487
23374	0.0009840128278
23375	0.002075136677
23376	0.001026569987
23377	0.001186682972
23378	0.0003345036688
23379	0.001316736478
23380	0.0003801113501
23381	0.0006853279284
23382	0.000893497968
23383	0.002020136273
23384	0.002332473376
23385	0.0003549538756
23386	7.951354221e-05
23387	2.403884823e-05
23388	0.0001271893646
23389	0.0003628645237
23390	0.000504458794
23391	3.380439452e-05
23392	0.003945982784
23393	0.001586409043
23394	0.001621998564
23395	0.001289294274
23396	0.0003134318012
23397	0.0005274391762
23398	0.005161950678
23399	0.002107304636
23400	0.002842442409
23401	0.002431341748
23402	0.003245989026
23403	0.002303778707
23404	0.0008151515117
23405	0.001581770527
23406	0.00127312557
23407	0.003321762248
23408	0.0001048894408
23409	0.005127140841
23410	0.001615205362
23411	0.00580648647
23412	0.0003944082541
23413	0.0003137328649
23414	0.001704739231
23415	0.001142853415
23416	0.005896246799
23417	0.001021883702
23418	0.0003752013304
23419	0.0007214844174
23420	0.00179362384
23421	0.0003872507106
23422	0.001004617755
23423	0.0001219386708
23424	0.0001576327608
23425	0.003065870272
23426	0.004069955482
23427	0.001113915499
23428	0.004636157914
23429	0.0009562372616
23430	0.001233279794
23431	0.002853575036
23432	0.002094631309
23433	0.003318932962
23434	0.005887828234
23435	0.004537940713
23436	0.004517616696
23437	0.005094369546
23438	0.003120325879
23439	0.004765726765
23440	0.00311771799
23441	0.003648473407
23442	0.002032755717
23443	0.004341154783
23444	0.004272651159
23445	0.0003012536611
23446	0.0006128980819
23447	0.004045453791
23448	0.003178560311
23449	0.003731314739
23450	8.649869079e-05
23451	0.0002867181414
23452	0.001370203595
23453	0.0004588615648
23454	0.00151480039
23455	0.0009161619396
23456	0.002288733513
23457	0.001079246492
23458	0.0007164872344
23459	0.002084301849
23460	0.001968399105
23461	0.0007142037736
23462	0.002081478169
23463	0.0001435534289
23464	0.002181801128
23465	0.002902596928
23466	0.002190055143
23467	0.006197298596
23468	0.0005537031148
23469	0.002802494266
23470	0.0009110497894
23471	0.001285730306
23472	0.0001459234539
23473	0.0009243118714
23474	0.001554531222
23475	0.001493991648
23476	0.0002702105204
23477	0.00386570953
23478	0.0004145256745
23479	0.00112904835
23480	0.0001780052944
23481	0.0003984775486
23482	0.002815870092
23483	0.0004342648106
23484	0.0009580263756
23485	0.003762595916
23486	0.00165378665
23487	0.001453423255
23488	0.0003749240424
23489	0.0004543676753
23490	0.0003467468502
23491	0.0005745157303
23492	0.00100541732
23493	0.0008274012773
23494	8.427316109e-05
23495	0.0029917254
23496	0.001747162779
23497	0.0004240138869
23498	0.004319276444
23499	7.354588493e-05
23500	0.0005067836441
23501	0.0006386982523
23502	0.001663080031
23503	0.0002667773742
23504	0.0009578018076
23505	0.004001059114
23506	0.004795852572
23507	0.002399536207
23508	0.001044099843
23509	0.002089107845
23510	0.004152735527
23511	0.001451142247
23512	0.0004888830933
23513	0.002018954228
23514	0.002030748142
23515	0.003055046118
23516	0.002393829499
23517	0.0006191440221
23518	0.004089687444
23519	0.0003137154981
23520	0.001312427516
23521	1.95417855e-05
23522	0.001497500501
23523	0.001401292974
23524	0.003850103935
23525	0.0008912774036
23526	0.006306263794
23527	0.0004178639212
23528	0.0007074137792
23529	0.0002521193567
23530	0.005706091219
23531	0.0007490912958
23532	0.002529317667
23533	0.003250410496
23534	0.0005245290635
23535	0.000292208901
23536	0.0004756421273
23537	0.005896449783
23538	0.0002165366112
23539	0.0001879606491
23540	0.0011414511
23541	0.001714931343
23542	0.0005617677769
23543	0.0004248100418
23544	0.0001957421805
23545	8.57532806e-05
23546	0.001088711504
23547	0.001652148475
23548	0.002180414941
23549	0.003056025391
23550	0.005899589497
23551	0.003513624589
23552	0.0005731168879
23553	0.003471819835
23554	0.0001789145147
23555	0.0003804072838
23556	0.0007747159218
23557	0.004423247546
23558	0.0009863734663
23559	0.0002569099996
23560	0.001014900946
23561	3.652519962e-05
23562	0.003879569461
23563	0.000128347311
23564	6.063184471e-05
23565	0.001702088686
23566	0.0004369024722
23567	0.000790721253
23568	0.00172553255
23569	0.0002272406274
23570	0.003643417885
23571	0.00428208177
23572	0.0007064589025
23573	0.002039940661
23574	0.001199239567
23575	0.006097054908
23576	0.001898429386
23577	0.0007323863766
23578	0.000454928547
23579	0.001551095103
23580	0.001804696892
23581	0.001143155711
23582	0.0005119701544
23583	0.00305376331
23584	0.0023227789
23585	0.001105129037
23586	0.0002864771263
23587	0.001263365969
23588	0.000746333063
23589	0.0001870595055
23590	0.007231464177
23591	0.0002239484591
23592	0.005494784551
23593	0.0002260722901
23594	0.00610006763
23595	0.0001301010268
23596	0.0001475125043
23597	0.0002091250433
23598	0.000118858145
23599	0.0002303061654
23600	0.0001212093255
23601	0.0004519628826
23602	0.001326135703
23603	0.0005735404728
23604	0.004780781184
23605	0.00610000298
23606	0.01068747979
23607	0.005886779904
23608	0.001453564816
23609	0.002309650365
23610	0.0002988746168
23611	0.001606550429
23612	0.005157960124
23613	0.0002119547065
23614	0.005232894653
23615	0.00317172908
23616	0.000590594431
23617	2.613261228e-05
23618	0.0002061604147
23619	0.001645966061
23620	0.007137175207
23621	0.000489639769
23622	0.0002500247863
23623	0.0002303696016
23624	0.001950101862
23625	0.001388454523
23626	0.004897856727
23627	0.002573046632
23628	0.0005101444247
23629	0.002435395319
23630	0.0007110294977
23631	0.001539768496
23632	0.001618345369
23633	0.006686597032
23634	0.001848815249
23635	0.001145636938
23636	0.003588283131
23637	0.001748288074
23638	0.0007438059348
23639	0.0003204151816
23640	0.002355202171
23641	0.006739957574
23642	0.0008672629902
23643	0.002394944484
23644	0.001434512398
23645	0.005552105113
23646	0.00110938813
23647	0.005691326074
23648	0.0005476606746
23649	0.002099699288
23650	0.001177866652
23651	0.00274471143
23652	0.008417449111
23653	0.0009348555235
23654	0.000133807182
23655	0.0006154677578
23656	0.003029075199
23657	0.001186088927
23658	0.0009040769267
23659	0.001126216524
23660	0.003000102583
23661	0.003173300744
23662	0.004788025311
23663	0.001406460776
23664	0.001840171055
23665	0.005111139806
23666	0.002193031327
23667	0.001258682096
23668	0.002668555377
23669	0.0009369072386
23670	0.0010350624
23671	0.002960917091
23672	0.00100107184
23673	0.004491567969
23674	0.0004196889727
23675	0.002647550301
23676	0.001004206464
23677	0.002089568259
23678	0.004243709602
23679	0.001997288853
23680	0.004326650844
23681	0.003304620152
23682	0.0109419518
23683	0.003903005075
23684	0.003892797731
23685	0.002110463333
23686	0.003673324629
23687	0.002207069517
23688	0.0004263156586
23689	0.0003821678815
23690	0.003099779427
23691	0.002686716976
23692	0.001800853211
23693	0.00108815039
23694	0.0006081368846
23695	0.0002891471661
23696	0.002208878503
23697	0.002282124426
23698	0.002422625066
23699	0.0001083801096
23700	0.002854627784
23701	0.0002337530511
23702	0.001621698184
23703	0.006494266521
23704	0.001970456138
23705	0.003899558895
23706	4.990892776e-05
23707	0.0004369847191
23708	0.002453292082
23709	0.001257101357
23710	0.0004780562186
23711	0.004116763429
23712	0.00268149578
23713	0.0003001618492
23714	0.001905956038
23715	0.0001622821731
23716	0.00133577173
23717	0.004044381419
23718	0.001170667193
23719	0.002838403761
23720	0.0005587685656
23721	0.00452725447
23722	0.0005334314509
23723	0.002834773982
23724	0.0009647175212
23725	0.00238652415
23726	0.0001179354619
23727	3.251002113e-05
23728	0.001276747869
23729	0.003927298921
23730	0.0003295986457
23731	0.004925205529
23732	5.77705147e-05
23733	0.001274332473
23734	0.0006038050749
23735	0.0003814548901
23736	0.0007344955257
23737	0.003841670565
23738	0.0002510081226
23739	0.003246900632
23740	0.001190720811
23741	0.00121240205
23742	0.004873860811
23743	0.0006799291798
23744	0.001713251095
23745	0.0008798810425
23746	0.0008951938576
23747	0.0004620292601
23748	0.001251953142
23749	0.0003714523759
23750	5.614654613e-05
23751	0.00553781816
23752	0.00280878658
23753	0.0005675569251
23754	0.002871203997
23755	0.004492164374
23756	0.002651621413
23757	0.001675216501
23758	0.002374685859
23759	0.001305746726
23760	0.0003113800577
23761	0.001768103913
23762	7.259987542e-05
23763	0.0002085328292
23764	0.002976169494
23765	0.00362582171
23766	0.005088069992
23767	0.001782784665
23768	0.002227531833
23769	0.001189833643
23770	0.001944692023
23771	7.568755627e-05
23772	5.227731211e-05
23773	0.0006666391543
23774	0.001219904475
23775	0.002362500934
23776	0.002600515008
23777	0.003305415097
23778	0.0007504068159
23779	0.0007532755105
23780	0.002995782901
23781	0.001530152418
23782	0.005218359545
23783	0.002321543025
23784	0.0003150996305
23785	0.001026358642
23786	0.000291554664
23787	9.219037212e-05
23788	0.000509272427
23789	0.0003258805527
23790	0.002586667901
23791	0.001289119421
23792	0.0008654051583
23793	0.001473403512
23794	0.0001166443722
23795	0.0005800521805
23796	0.000329953268
23797	0.003927086576
23798	0.001731013575
23799	0.004737087682
23800	0.0003523232609
23801	0.003425006202
23802	0.005602553293
23803	0.002472817315
23804	0.001041635199
23805	0.001127884073
23806	0.005441482963
23807	0.001934075926
23808	0.003855130258
23809	0.00121809339
23810	0.002384227035
23811	0.001240649836
23812	0.0002871047416
23813	0.001183836383
23814	0.0004648875234
23815	0.0009044988344
23816	0.0008106105659
23817	0.001369050324
23818	0.0007941441749
23819	0.000235209448
23820	0.003519115132
23821	0.001921454004
23822	0.0006552491272
23823	0.003454978059
23824	0.0001017003394
23825	0.0006841987065
23826	0.002443266157
23827	0.002028961173
23828	0.002610292958
23829	0.002943792241
23830	0.003333728224
23831	0.00162113522
23832	0.001110956483
23833	0.001394606934
23834	0.003320630321
23835	0.001332685901
23836	0.002752188957
23837	0.004508158814
23838	0.001147485412
23839	1.378144567e-05
23840	0.006586127131
23841	0.004122998676
23842	0.0007566239632
23843	0.001431586714
23844	0.0003958489048
23845	0.0002875741107
23846	0.0002557566107
23847	0.001325532126
23848	0.00268293598
23849	0.003655736156
23850	0.003110439827
23851	0.003439357168
23852	0.001930941422
23853	0.001713941753
23854	0.001771513253
23855	0.0008111815505
23856	0.0006831190717
23857	0.004368066245
23858	0.001310098791
23859	0.00177796772
23860	0.002581552959
23861	0.0005772113304
23862	0.001809717301
23863	0.000725302778
23864	0.0009926442108
23865	0.003818242386
23866	0.001629226866
23867	0.001340662845
23868	0.0007528886391
23869	0.00247273373
23870	0.00488240754
23871	0.003680427926
23872	0.002408098016
23873	0.000364549364
23874	0.0007345743527
23875	0.0007574301897
23876	0.0007259699549
23877	0.0006744640046
23878	0.001949553623
23879	0.001485089589
23880	0.008856604096
23881	0.0002795658021
23882	0.001022927136
23883	0.00158146452
23884	0.002289867179
23885	0.001201506061
23886	0.001882715549
23887	0.0008300105123
23888	0.00122188274
23889	0.0007295570212
23890	0.001508635139
23891	0.002263130071
23892	0.0003707290159
23893	0.0007813114048
23894	0.004089615028
23895	0.002518273574
23896	0.001130781578
23897	0.002251678941
23898	0.001576333661
23899	0.001542206687
23900	0.0002463038726
23901	0.002737844648
23902	0.002118353327
23903	0.005357858816
23904	0.00244109899
23905	0.003489288088
23906	0.004013760677
23907	0.001901078091
23908	0.0007092229618
23909	0.005842187079
23910	0.0009644117285
23911	0.002319196941
23912	0.0001151598839
23913	0.0006338232019
23914	0.006073440344
23915	0.0005981569816
23916	0.001756382888
23917	0.004365191456
23918	0.001652855001
23919	0.003398684997
23920	0.001226344626
23921	0.0006395752807
23922	0.002979939867
23923	0.001141969739
23924	0.001488891939
23925	0.00224165939
23926	0.00364238936
23927	0.001141468633
23928	0.0001727108899
23929	0.0003776672054
23930	0.007996502201
23931	0.0005980767151
23932	0.006441608647
23933	2.715632865e-05
23934	0.0008599908653
23935	0.004808626845
23936	0.001789653944
23937	0.00380233475
23938	0.0002865086859
23939	0.0004877117894
23940	0.007351810215
23941	0.002669155824
23942	0.003059883829
23943	0.002119718004
23944	0.004666255701
23945	0.002539302477
23946	0.003746633361
23947	0.000577042625
23948	0.0003864454293
23949	0.0004135188334
23950	0.002331202797
23951	0.0001192802757
23952	0.002647522803
23953	0.0007233533724
23954	0.001906745582
23955	0.0006219207762
23956	0.00160854319
23957	0.0009931525117
23958	0.001584251677
23959	0.0005644698876
23960	0.0003587738818
23961	5.400598753e-05
23962	0.008154993822
23963	0.002654249966
23964	0.001485884393
23965	0.00401373826
23966	0.001026790172
23967	0.002080487078
23968	0.003046633933
23969	0.0004558493151
23970	0.0004802099016
23971	0.003903218814
23972	0.0008066825053
23973	0.002242054509
23974	0.002626059435
23975	0.00374860443
23976	0.002424894123
23977	0.002906209748
23978	0.003092036406
23979	0.003051266692
23980	0.00482820461
23981	0.002587276256
23982	0.0005345845824
23983	0.00138533511
23984	0.001784392586
23985	0.004858249015
23986	0.001384274873
23987	0.001820366258
23988	0.002411144868
23989	0.002812736035
23990	0.00267286568
23991	0.0002152985282
23992	0.0001789584036
23993	0.001314061348
23994	0.0001437491513
23995	0.00158114259
23996	0.003357298277
23997	0.0001709159483
23998	0.0008400885051
23999	0.003231095452
24000	0.0004756216453
24001	0.002127874642
24002	0.0004556704498
24003	0.003719894106
24004	0.002343549692
24005	0.002211741744
24006	0.004185720171
24007	0.004561699147
24008	0.001794669137
24009	0.001322797394
24010	0.0002858222903
24011	0.004010201141
24012	0.0003051926101
24013	0.003271103425
24014	0.003712788049
24015	0.001297671778
24016	0.0006148985658
24017	0.005022956602
24018	0.0006761816176
24019	0.0005123880951
24020	0.000156829377
24021	0.0005850272268
24022	0.0005109943656
24023	0.00290883942
24024	0.0002967656215
24025	0.0007704832204
24026	0.00305726704
24027	0.0009836572049
24028	0.00615362235
24029	0.004062202776
24030	0.001853544096
24031	0.000786206237
24032	0.005065144044
24033	0.0003026337219
24034	0.003709891262
24035	0.0007903306048
24036	0.0008166667062
24037	0.0003111855286
24038	0.0001414525918
24039	0.0009153116853
24040	0.001952482017
24041	0.002075427219
24042	0.003613746361
24043	0.001163832864
24044	0.002130337863
24045	0.001712338996
24046	0.001933721185
24047	0.0003753686565
24048	3.679064155e-05
24049	0.001031209813
24050	0.002744600389
24051	0.0004497971978
24052	0.002439837346
24053	0.001194066906
24054	0.0009492747614
24055	0.004551689202
24056	0.003158204499
24057	0.002259052439
24058	0.0008207278919
24059	0.005734270244
24060	0.004309044957
24061	0.001939750551
24062	0.0002315456525
24063	0.003352786965
24064	0.006524670428
24065	0.0009622736723
24066	0.000841707996
24067	0.005982405071
24068	0.005160027694
24069	0.003510751472
24070	0.005131048389
24071	1.76646861e-05
24072	0.0009523491046
24073	0.00558105229
24074	6.868675774e-05
24075	0.002267016351
24076	0.003371580487
24077	0.003250992338
24078	0.001523173566
24079	0.003377311935
24080	0.001189035701
24081	0.000321896322
24082	0.001870173171
24083	8.384054215e-05
24084	0.0002815370218
24085	0.000159005581
24086	0.0002563593919
24087	6.167336017e-05
24088	0.001533264526
24089	0.0003936170487
24090	0.001987796937
24091	0.002805623961
24092	0.0003779344015
24093	0.003373121939
24094	0.0005856815737
24095	0.0006177977387
24096	0.0006618428712
24097	0.001572061045
24098	0.0004974715159
24099	0.0005920036459
24100	0.001775735534
24101	0.0003816818366
24102	0.001568940922
24103	0.0005761545102
24104	0.0008781367218
24105	0.003952802902
24106	0.0007335622075
24107	0.0003575889071
24108	0.0005688383058
24109	4.000872688e-05
24110	0.00109287883
24111	0.001730719218
24112	0.0004219390717
24113	0.000649719341
24114	0.009372923135
24115	0.0001715578295
24116	0.003636313893
24117	0.003867010015
24118	0.000759588902
24119	0.001952402318
24120	0.000929847615
24121	0.001871519644
24122	0.0007057509453
24123	7.553622933e-05
24124	0.002233381111
24125	0.001249067375
24126	0.001559510802
24127	8.608771244e-05
24128	0.009968519639
24129	0.001159790904
24130	0.00184585929
24131	0.002917677678
24132	0.002230487054
24133	0.0004770897639
24134	0.008553843375
24135	0.0003341175756
24136	0.006376376837
24137	0.001812947158
24138	0.0007999020042
24139	0.000485060259
24140	0.001609663398
24141	0.0003022557108
24142	0.002560294877
24143	0.004589950858
24144	0.004974640804
24145	0.001728441618
24146	0.0007442627235
24147	0.005500060313
24148	0.002588671852
24149	0.0003450209227
24150	0.003989242356
24151	0.002470563129
24152	0.003227821112
24153	0.001045710904
24154	0.002303091605
24155	0.0014074335
24156	0.004426363658
24157	0.001792141775
24158	0.0009472951942
24159	0.003358182545
24160	0.0001081591531
24161	0.001962262634
24162	0.001776405865
24163	0.005399049379
24164	0.003884729234
24165	0.001897344542
24166	0.006535770763
24167	0.004423760157
24168	4.629822535e-05
24169	0.002668344033
24170	0.007389631694
24171	0.002178908265
24172	0.001491061919
24173	0.001160583734
24174	0.001350366086
24175	0.004847233423
24176	0.0007780959103
24177	0.003952666661
24178	0.0003035066025
24179	0.000198234878
24180	0.001135814626
24181	0.0007702215027
24182	0.0001378239599
24183	0.0002195257072
24184	0.0001361448315
24185	0.003123591534
24186	0.0002352995348
24187	0.000844279823
24188	0.000319735279
24189	0.0002133821079
24190	2.783015009e-05
24191	0.001388706259
24192	0.0001873605221
24193	0.002866712342
24194	0.0008588483406
24195	0.001587494546
24196	0.002158058706
24197	0.001060643927
24198	0.003878541733
24199	0.001433339776
24200	0.0008588727331
24201	0.0001113556958
24202	0.002134402739
24203	0.0003997573504
24204	0.001525548624
24205	0.0007191841972
24206	0.005104973393
24207	0.001554751956
24208	0.0009237424616
24209	0.004309148502
24210	0.001123495574
24211	0.00134118353
24212	0.001883525838
24213	0.001701609088
24214	0.0008506970163
24215	0.001471018726
24216	0.008423185052
24217	0.0005374538516
24218	0.0003622160342
24219	0.0005525850764
24220	0.003966858288
24221	0.001990603275
24222	0.005661814894
24223	0.0003761701692
24224	0.0004989358475
24225	0.001805388566
24226	0.0002072273149
24227	0.0003600200497
24228	1.288792423e-05
24229	0.002485161614
24230	0.0004388730731
24231	0.003691365103
24232	0.0004895249591
24233	0.001102563793
24234	0.0008965488606
24235	0.00164479498
24236	0.0005747652197
24237	0.0002306969474
24238	0.004165095177
24239	0.00101519195
24240	0.00126843365
24241	0.004103281806
24242	0.004467912849
24243	0.003748074716
24244	0.0009210906972
24245	0.001648126586
24246	0.005666255473
24247	0.0015365551
24248	0.000272576509
24249	0.001541147016
24250	0.004177475764
24251	0.003243439462
24252	0.003696053688
24253	0.003034953912
24254	0.0004313909148
24255	2.058811266e-05
24256	0.001815033966
24257	0.000376658119
24258	0.0003891570747
24259	0.0003508297446
24260	0.002187714889
24261	0.0006142648879
24262	0.0002647237808
24263	0.0002991522269
24264	0.0005004819724
24265	0.0008737572347
24266	0.002212447605
24267	0.002151335992
24268	0.002619822787
24269	0.001384226628
24270	0.001857641545
24271	0.00280331352
24272	0.003632884719
24273	0.0004811505465
24274	0.0008319824731
24275	0.002632763042
24276	0.0005175987622
24277	0.001387875368
24278	0.002359836411
24279	0.000856461898
24280	0.0006092814626
24281	0.002600516808
24282	4.784381343e-06
24283	0.006880395393
24284	0.0007770335531
24285	0.0003568434099
24286	0.001538412208
24287	0.0007899473508
24288	1.354256933e-05
24289	0.003453947393
24290	0.0002041411508
24291	0.001019934517
24292	0.0111636458
24293	0.0001252126634
24294	0.0005225963433
24295	4.064320862e-05
24296	0.0003628285824
24297	0.007365514186
24298	0.004063584228
24299	0.003912612181
24300	0.007392171559
24301	0.0009920917513
24302	0.0006661276268
24303	0.002066272549
24304	0.0005893556279
24305	0.005231510814
24306	0.007099864113
24307	0.002568330077
24308	0.0007819782112
24309	0.002178023895
24310	0.001155802226
24311	6.614276945e-06
24312	0.001210502115
24313	0.004795289849
24314	0.002798913877
24315	0.002675203014
24316	0.004823776505
24317	0.002081731639
24318	0.0009783523621
24319	0.0021115969
24320	0.003220646057
24321	0.003439881279
24322	0.0007010599795
24323	0.004428259999
24324	8.034044675e-05
24325	0.0003944906255
24326	0.001777566154
24327	0.002417805958
24328	0.003028414675
24329	0.001324446558
24330	0.002444827111
24331	0.004342124058
24332	0.003489789832
24333	0.0008372685813
24334	9.802217203e-05
24335	0.004823293982
24336	0.001984406848
24337	0.001824311214
24338	0.0002283910181
24339	0.0005863859848
24340	0.001681353711
24341	0.0004028735527
24342	0.000206399859
24343	0.000254770774
24344	0.003182762898
24345	0.001660595028
24346	0.002109968315
24347	0.002678002672
24348	0.0004313152332
24349	0.0008228924716
24350	0.0008673769969
24351	0.0003860240245
24352	0.004073698013
24353	2.975685416e-05
24354	0.0006792414687
24355	0.0006491391651
24356	0.0003071554969
24357	0.001909765349
24358	0.007437658963
24359	0.002554133982
24360	0.005380832144
24361	0.0004028518009
24362	0.002210408959
24363	0.00254954636
24364	0.0006231416622
24365	0.0004407495001
24366	4.004002306e-05
24367	0.0007995965909
24368	0.001700833141
24369	0.0002865008444
24370	0.001338428076
24371	0.0006542659958
24372	0.001831291468
24373	0.003433543898
24374	8.284728193e-06
24375	0.0003505717706
24376	0.001016458818
24377	1.225870732e-05
24378	0.0007426913114
24379	0.002572279062
24380	0.0001187110131
24381	0.0008305770618
24382	0.0001156888497
24383	0.0003958023909
24384	0.0005077851892
24385	0.0004134295749
24386	3.126609967e-05
24387	0.0001194286857
24388	0.0001671870515
24389	5.752136703e-05
24390	3.030695955e-06
24391	0.001154411727
24392	0.003207331939
24393	0.002009137858
24394	0.003234110535
24395	0.000293454984
24396	0.0007567466049
24397	0.007635479477
24398	7.261236849e-05
24399	0.0001854963986
24400	0.001476182662
24401	9.873125599e-05
24402	0.0007932490347
24403	0.003161267279
24404	0.001746212699
24405	0.001046030512
24406	0.002495902282
24407	0.001356551969
24408	0.001751946064
24409	0.001570607401
24410	0.004018341153
24411	0.003857224355
24412	0.002425536276
24413	0.0005088748338
24414	0.00129928562
24415	0.0004920098952
24416	0.001711843961
24417	0.001868683773
24418	0.0001386785965
24419	0.001791012385
24420	0.00092077246
24421	0.003158157499
24422	0.003517733149
24423	0.007401944502
24424	0.001957716847
24425	0.004157631142
24426	0.001756637194
24427	0.003414150529
24428	0.0002524816419
24429	0.0001050077924
24430	0.0003667239045
24431	0.0001512984342
24432	0.0004510470392
24433	0.0001562575497
24434	0.003581241399
24435	0.00308802189
24436	0.001221571446
24437	0.0004637866371
24438	0.003584396852
24439	0.00474957888
24440	0.001324913159
24441	0.002594802377
24442	0.003239563705
24443	0.0009769325213
24444	0.003771018879
24445	0.0009763029211
24446	3.0138279e-05
24447	0.0003545359984
24448	7.425470776e-05
24449	0.001669179194
24450	0.002503398111
24451	0.002052785254
24452	0.002712282341
24453	0.001343632707
24454	0.001816664689
24455	0.0002428644216
24456	0.001820176656
24457	0.001268669517
24458	0.0004234888085
24459	0.0008092714467
24460	0.001117198727
24461	0.003908325173
24462	0.002111563163
24463	0.002449232649
24464	0.003680917336
24465	0.0003148267111
24466	0.004662220091
24467	0.0004047571255
24468	0.006559596128
24469	1.532006085e-05
24470	0.001803415637
24471	0.002031498297
24472	0.00592775553
24473	0.0008214807621
24474	0.001642399976
24475	0.0001082187914
24476	3.374388551e-05
24477	0.001199972995
24478	0.0002974763114
24479	0.003467852237
24480	2.076701696e-05
24481	0.004369158957
24482	0.001357249304
24483	0.001183742033
24484	0.001007065479
24485	0.0008215361803
24486	0.002555776932
24487	0.001203222565
24488	0.001135350548
24489	0.00192911486
24490	0.002281426771
24491	0.002971804377
24492	0.004662991274
24493	0.00323065573
24494	0.0001492544236
24495	0.003931729232
24496	0.004071943566
24497	0.001441418523
24498	0.0006253737913
24499	0.00117384657
24500	0.004067791284
24501	0.000891263338
24502	0.002769697382
24503	0.001481899812
24504	0.001617864661
24505	0.001083243667
24506	0.00234101771
24507	0.001818078356
24508	0.004031914017
24509	0.002245297526
24510	0.0008397045752
24511	0.000622698604
24512	0.000544805032
24513	0.000861772678
24514	0.001965454132
24515	0.00107264279
24516	0.0009078407932
24517	0.003912712442
24518	0.002736189479
24519	0.004020646552
24520	0.0002692896919
24521	0.002154091406
24522	0.001851334924
24523	0.001229415758
24524	0.0006297823335
24525	0.0001537592352
24526	0.002820277399
24527	0.0004121364945
24528	0.001832650199
24529	0.000552843169
24530	0.001720627857
24531	0.00359989648
24532	0.002244308357
24533	0.003596188537
24534	0.00148256745
24535	0.0001159490678
24536	0.002334683702
24537	0.0006764029833
24538	0.003873750362
24539	0.001258079188
24540	0.002964838919
24541	0.0003286548986
24542	0.001440083445
24543	0.001312927934
24544	0.002059524549
24545	0.004067848499
24546	0.0006067549912
24547	0.001573526634
24548	0.0004389909591
24549	0.002452515786
24550	0.001142863215
24551	0.003564798196
24552	0.001903785501
24553	0.0009753134893
24554	0.005786574606
24555	0.002182807647
24556	0.003889552393
24557	0.001029061941
24558	0.001677555045
24559	0.0003653844654
24560	0.002230316639
24561	0.005987868369
24562	0.0009181029009
24563	0.001255050143
24564	0.0007962175664
24565	0.003521306694
24566	0.003056916922
24567	0.008832015092
24568	0.00108223847
24569	0.00530499783
24570	0.001610479342
24571	0.0006650761034
24572	0.001219946958
24573	0.0004129150842
24574	0.0003023090158
24575	0.00316741338
24576	0.002876348337
24577	0.0001765720302
24578	0.002802363022
24579	0.0003110978117
24580	0.004449138611
24581	0.00313148976
24582	0.001511756984
24583	0.003115634452
24584	0.00550913159
24585	0.002408338525
24586	0.00226659188
24587	0.001705067205
24588	0.001280996661
24589	0.0006809064302
24590	0.004815780978
24591	0.001028658441
24592	0.003730778086
24593	0.001807137819
24594	0.004423315931
24595	0.00557016284
24596	0.0004301999505
24597	0.004202098551
24598	0.002272642757
24599	0.004635447243
24600	0.0003864869048
24601	0.001037971164
24602	0.001738288622
24603	0.0007994128745
24604	0.001048631299
24605	0.003097854387
24606	9.829453635e-05
24607	0.002078755571
24608	0.00037300195
24609	0.00195825519
24610	0.0001793288994
24611	0.000206336612
24612	0.0009077256259
24613	0.001819461953
24614	0.0001517591689
24615	0.002468802601
24616	0.0008034467058
24617	0.003459760942
24618	0.004219299555
24619	0.00182671673
24620	0.001432889758
24621	0.005053345285
24622	0.001620223858
24623	0.0004649733469
24624	0.0003947037238
24625	0.0001901837459
24626	0.0006527306413
24627	0.002071369368
24628	0.001602636666
24629	0.0003848219045
24630	0.0007866530594
24631	0.0007441665092
24632	0.000696333013
24633	0.002353845219
24634	0.002284910589
24635	0.001683928637
24636	0.003337844232
24637	0.001114903982
24638	0.002126455415
24639	0.0001112956733
24640	0.004721767506
24641	0.002210737931
24642	0.0006420538334
24643	0.002216895411
24644	0.005038633616
24645	0.0008325312102
24646	0.0004084687995
24647	0.00663223302
24648	0.0005554336564
24649	1.649546127e-05
24650	2.781075146e-05
24651	0.0002787843286
24652	0.002198847628
24653	0.0008650247025
24654	0.00167094507
24655	0.0001953016032
24656	0.0002575613597
24657	0.0001642290864
24658	0.0004008671912
24659	3.710769121e-05
24660	0.004727353221
24661	0.000851307338
24662	0.0004981748852
24663	0.001448733545
24664	0.0001527782821
24665	0.0008555248052
24666	0.0004855708056
24667	0.0003436763193
24668	0.0002196721562
24669	0.0004520097599
24670	0.0006307319316
24671	0.0004201597106
24672	0.0001178443166
24673	0.0004318929831
24674	0.0004244361145
24675	0.0002186634752
24676	0.005443603055
24677	0.004215254302
24678	0.002578468742
24679	0.003954129169
24680	0.001043835192
24681	0.0003666359125
24682	0.0005032891551
24683	0.0001805607873
24684	0.001307484471
24685	0.0005348919723
24686	0.0005169769258
24687	0.0009913355202
24688	0.0001839069245
24689	0.0002597824055
24690	0.001385835241
24691	0.001738378566
24692	0.0001021455757
24693	0.0008330192436
24694	0.0005604460236
24695	0.0001087518319
24696	0.0003413100426
24697	6.116451313e-06
24698	0.001198050149
24699	0.0004090052931
24700	0.001464257886
24701	0.001334681626
24702	0.004908412555
24703	0.0007144374782
24704	0.0003299222022
24705	0.001534032607
24706	0.0001053230502
24707	0.001534672491
24708	0.002113552879
24709	8.069878224e-06
24710	0.0001895991095
24711	0.0004219759241
24712	0.001710256323
24713	0.003428288361
24714	0.0002335506659
24715	0.0002847483714
24716	0.003576378506
24717	0.00364982667
24718	0.0007742772141
24719	0.00118735918
24720	0.002121908805
24721	0.003956236178
24722	0.0039842957
24723	0.000999582692
24724	0.003053623609
24725	0.000691429619
24726	0.001827759984
24727	0.00300999511
24728	7.450781079e-05
24729	0.001043109455
24730	0.004191526794
24731	0.003898792061
24732	0.0041134515
24733	0.001254893745
24734	0.001416524254
24735	0.008061693111
24736	0.001468358491
24737	6.754101586e-08
24738	0.00375868392
24739	0.002622171195
24740	0.0003493217861
24741	0.001014054513
24742	0.0001286337474
24743	0.0009600985122
24744	0.0001368548646
24745	0.0004056523076
24746	0.0002821396745
24747	0.001679878339
24748	0.003881286775
24749	0.000721377439
24750	0.001949610615
24751	0.005886309154
24752	0.004644652416
24753	0.0006833294581
24754	0.001151600732
24755	0.001151374176
24756	8.873064807e-05
24757	8.98145757e-06
24758	0.0004523436808
24759	0.0006645332822
24760	0.0002884168463
24761	0.00120426574
24762	0.001323656398
24763	0.0006820949877
24764	9.81634453e-05
24765	0.0002414618648
24766	0.0003613222422
24767	0.00159011231
24768	0.0003325687981
24769	1.496619966e-05
24770	0.0006999591084
24771	0.0009387131482
24772	2.891784834e-05
24773	0.0007365405995
24774	0.0003047060742
24775	0.0004382184117
24776	0.002789919534
24777	0.006226379754
24778	0.002999819679
24779	0.005596601827
24780	0.001752434114
24781	0.002136050572
24782	0.001679425565
24783	0.001727070334
24784	0.001392858389
24785	0.004401439749
24786	0.001721207145
24787	0.001880898919
24788	0.003883458045
24789	5.650005811e-05
24790	0.002776403268
24791	0.005791193354
24792	0.0005451204441
24793	0.003119525587
24794	0.002800865596
24795	0.005804946623
24796	0.002533558521
24797	4.517300894e-05
24798	0.0006015752185
24799	0.0007367349577
24800	0.003750749069
24801	0.006312996617
24802	0.005849700991
24803	0.003052241012
24804	0.00569775207
24805	0.001169204835
24806	0.004216215591
24807	0.004621876961
24808	0.001144663365
24809	0.000677194048
24810	0.009078935754
24811	0.00200640976
24812	0.0017125428
24813	0.0007622310073
24814	0.002454634791
24815	0.000447149271
24816	0.006575046903
24817	0.0002587663487
24818	0.0006008810022
24819	2.523422212e-05
24820	1.863305206e-05
24821	0.0009919264316
24822	0.002236180964
24823	0.0001231191871
24824	9.507457291e-05
24825	0.003267647863
24826	0.001601879745
24827	0.0002456972398
24828	0.0003259764171
24829	0.0003879999588
24830	0.003718413624
24831	0.0006438935674
24832	0.001069106384
24833	0.0001702376933
24834	0.001068716199
24835	0.0004639188019
24836	0.0008083483971
24837	0.001192821247
24838	0.000224973367
24839	0.001943041492
24840	0.0001509787959
24841	0.0005505784486
24842	0.00144665639
24843	0.0007153632348
24844	8.907067859e-05
24845	0.0001047478264
24846	0.0003082088898
24847	0.0002761936471
24848	0.003802715346
24849	0.005044601489
24850	0.00221805453
24851	0.0006512231579
24852	0.0001379640308
24853	0.002645927672
24854	0.0004854741155
24855	0.004108299889
24856	0.0006053135703
24857	0.001623979421
24858	0.002440380157
24859	0.001823416119
24860	7.26087729e-05
24861	0.0001452756609
24862	0.001265794809
24863	4.873804206e-05
24864	3.654765334e-05
24865	0.0006939799251
24866	0.0007504065903
24867	1.847186086e-05
24868	0.0007596415453
24869	0.0003518703817
24870	9.253128284e-06
24871	0.0006185083249
24872	0.001727662206
24873	0.0001379730809
24874	0.003141575814
24875	0.002716291992
24876	0.0009612478113
24877	1.977813309e-05
24878	0.000285018902
24879	0.00467251371
24880	0.001271277735
24881	0.00563969908
24882	0.002056392174
24883	0.001396619683
24884	0.0001311959577
24885	0.0005253766938
24886	4.674414254e-05
24887	0.001245946844
24888	0.001269710758
24889	0.0002634020232
24890	0.0006462289666
24891	0.0008091876484
24892	0.003622775394
24893	0.005329289042
24894	0.001103421971
24895	0.001812752444
24896	0.0007344723522
24897	0.007274039635
24898	0.00413229697
24899	0.002628473635
24900	9.482195056e-05
24901	0.000502274153
24902	0.000805293544
24903	0.0009216377026
24904	0.0005435659433
24905	0.0005742403244
24906	0.001097469219
24907	8.516028719e-05
24908	0.0005392260062
24909	0.0008375790223
24910	0.0006764249485
24911	0.000328704253
24912	0.0003963739064
24913	0.001085471123
24914	7.433490193e-05
24915	0.0002831769914
24916	0.001694236859
24917	0.0001470591511
24918	0.0001726164961
24919	0.0004142458702
24920	0.0001281418266
24921	0.0008142280257
24922	0.0009813687869
24923	0.0009487967351
24924	0.001473091391
24925	0.0008778111135
24926	0.003555942381
24927	0.002725951732
24928	0.0008129755136
24929	0.0006859298597
24930	0.002735725446
24931	0.001154264891
24932	0.0004715854821
24933	0.003450504791
24934	0.0002905031448
24935	0.0001591994112
24936	0.0002355979619
24937	0.003387613238
24938	0.002960770013
24939	0.0002006731318
24940	0.0002365932286
24941	0.0007184143791
24942	0.003584560076
24943	0.003577340263
24944	0.00145987274
24945	0.0004421267431
24946	0.0002106331107
24947	0.0009512080605
24948	0.0004032859051
24949	0.009842243369
24950	0.001021592128
24951	0.001191553221
24952	9.674407564e-05
24953	0.0002851904887
24954	0.0008861947746
24955	0.001213715715
24956	0.0003694735244
24957	0.002862275457
24958	0.0002260014001
24959	0.0001486055269
24960	0.0003194759015
24961	0.0007165410697
24962	0.0002690861472
24963	0.001181014491
24964	0.001505812177
24965	0.00237404601
24966	0.0002322728209
24967	0.0001672439238
24968	0.0009916200329
24969	0.0002808975828
24970	0.00614436561
24971	0.001071732095
24972	0.001058488691
24973	0.0005001040593
24974	0.001348275258
24975	0.000455993058
24976	0.0002728506996
24977	0.002497716364
24978	0.0007838344769
24979	0.003585980284
24980	0.00303531447
24981	0.0005375047097
24982	0.005455449198
24983	0.001403459464
24984	0.0007240147975
24985	0.001547913154
24986	0.004894549219
24987	0.001500241393
24988	0.001154324907
24989	0.001196703175
24990	0.0002759551712
24991	0.001177210361
24992	0.005553194438
24993	6.119849038e-05
24994	0.0005344297907
24995	0.003764884516
24996	0.0001746738836
24997	0.0009315902574
24998	0.001718935597
24999	0.001686605802
25000	0.002321608934
25001	0.002863306005
25002	0.0004587424654
25003	0.0004522234505
25004	1.625491867e-05
25005	0.00140593024
25006	0.0005175298861
25007	0.0004998130624
25008	0.001424028689
25009	0.0003085328756
25010	0.0005618091771
25011	0.002975455964
25012	0.003249537725
25013	0.0004583314188
25014	0.001249223439
25015	0.000987151379
25016	0.007818785876
25017	0.004970541049
25018	0.0007107798714
25019	0.007093957258
25020	7.863518604e-05
25021	0.0008111839888
25022	0.0007299929597
25023	0.001257521828
25024	0.002553412929
25025	0.003843430295
25026	0.001880871101
25027	0.001085408493
25028	0.001687571107
25029	0.004680692484
25030	0.002461730557
25031	0.002978598835
25032	6.267726356e-05
25033	0.003949859683
25034	0.002882401501
25035	0.007263308587
25036	0.0003306388713
25037	0.000266147007
25038	0.001706426207
25039	0.0001613911495
25040	0.0008397427946
25041	9.33013637e-06
25042	0.0001748647567
25043	0.0003411692961
25044	0.0004139394885
25045	0.000681756096
25046	0.0001975137892
25047	0.0001652723008
25048	0.0002820869574
25049	0.0002786630322
25050	0.0006717820801
25051	0.0006118391595
25052	0.0002840312156
25053	0.001281198311
25054	9.403511983e-05
25055	0.0002652792094
25056	0.0005548774375
25057	0.003233728485
25058	0.001081913519
25059	0.0004271342203
25060	0.003043433539
25061	5.045614962e-05
25062	0.0001075462438
25063	0.0001547724163
25064	0.002115438808
25065	0.00553601607
25066	0.004407868986
25067	0.0005992670931
25068	0.004889222663
25069	0.002462994574
25070	0.0003248097276
25071	0.0004873721599
25072	0.005516583082
25073	0.001598726556
25074	0.003326604916
25075	0.005132868686
25076	0.0005798300783
25077	0.003262842283
25078	0.002674942075
25079	0.002993303957
25080	0.0006335313612
25081	0.001346794812
25082	0.0003335708827
25083	0.001247880978
25084	0.001446027628
25085	0.004011444049
25086	0.0007546953257
25087	0.0009795541097
25088	0.001035417504
25089	0.001519426867
25090	0.006142322239
25091	0.00231724628
25092	0.0006537242256
25093	0.0001694003279
25094	0.0002075725866
25095	0.0001251294223
25096	0.00129679744
25097	0.002221302152
25098	8.198954252e-05
25099	0.001711335852
25100	0.000472603327
25101	0.00319980716
25102	0.001876261442
25103	0.0002522767953
25104	0.001231673602
25105	0.005507291267
25106	0.0006842534164
25107	0.001430070022
25108	0.000308861
25109	0.000560126813
25110	0.001361596053
25111	0.0008588222301
25112	0.0009410180175
25113	0.001484611006
25114	0.003981501636
25115	0.0001596288427
25116	0.001488952286
25117	0.003803884506
25118	0.000834250665
25119	0.002018036817
25120	0.002120190143
25121	0.00181019145
25122	0.0005158104172
25123	0.0001893803182
25124	0.00170702262
25125	0.0008057382095
25126	7.343164161e-05
25127	5.195626388e-05
25128	2.341006216e-05
25129	0.0003749072678
25130	0.0005711871381
25131	0.0009979409875
25132	0.002168644336
25133	0.0003452891124
25134	0.0003915677238
25135	0.0001913190617
25136	0.001757571041
25137	0.002456186724
25138	0.0004075715096
25139	3.042501759e-05
25140	0.0004983415634
25141	0.0003595910391
25142	0.000255095618
25143	0.001115394389
25144	0.00088869582
25145	0.002006823382
25146	0.0002717064369
25147	0.004037289377
25148	0.000171878923
25149	0.000197386751
25150	0.0001510511751
25151	0.001091668364
25152	0.0001713766378
25153	0.002437140547
25154	0.003827461054
25155	0.0003712574141
25156	9.224830502e-05
25157	0.0004749371402
25158	0.005271509529
25159	0.0002226809071
25160	0.0009173025025
25161	0.00660508342
25162	0.007416325185
25163	0.005852424246
25164	0.008363626562
25165	0.00705173435
25166	0.001145734627
25167	0.001786640955
25168	0.003124982378
25169	0.004921363439
25170	0.0007154041131
25171	0.004199118328
25172	0.0008872264516
25173	0.0006301492947
25174	1.630706192e-05
25175	0.000149620728
25176	0.0004033798669
25177	0.0002861674179
25178	0.001856165149
25179	0.002736982278
25180	0.0005945484169
25181	0.0005543531863
25182	0.0003285886841
25183	0.003349331153
25184	0.0004086467379
25185	0.001199976596
25186	0.0005561350804
25187	0.005323985223
25188	0.0004775830936
25189	0.002720934485
25190	0.001665038022
25191	0.002620593734
25192	0.001052388967
25193	0.001469719527
25194	0.0004591608101
25195	0.0008656538938
25196	0.002442754285
25197	0.004011477052
25198	0.0002814768142
25199	0.0006474879331
25200	6.380683412e-05
25201	0.0003312966717
25202	0.0007963552836
25203	0.00467873266
25204	0.0001377026072
25205	0.0008503502369
25206	0.001626545131
25207	0.0001024565681
25208	0.001322722481
25209	0.0001361608027
25210	0.002622367622
25211	0.0001878725869
25212	0.001518844106
25213	0.0001437356876
25214	0.002759643411
25215	0.0005368980045
25216	3.563933511e-05
25217	0.00067054644
25218	0.0006561100017
25219	0.0007105592801
25220	0.005348847715
25221	0.000386134719
25222	0.003214712995
25223	0.001454614232
25224	0.0009364040372
25225	0.001420763283
25226	0.0008958187507
25227	0.0009890597337
25228	0.0004669293676
25229	0.00140945074
25230	0.001366921958
25231	0.002022796308
25232	0.000468044202
25233	0.0007423687497
25234	0.006450148066
25235	0.000389837672
25236	0.001496792668
25237	0.001909798975
25238	0.001026334294
25239	0.001114501586
25240	0.0003287885013
25241	0.001915807974
25242	5.92550984e-05
25243	0.0003300091381
25244	0.00105967259
25245	0.0008018816342
25246	0.000125188069
25247	9.547102367e-05
25248	0.005504661201
25249	7.262726158e-05
25250	0.0006436864345
25251	0.002058870609
25252	0.0001109938336
25253	0.000555117194
25254	1.358114029e-05
25255	0.0004533998065
25256	0.0004904101643
25257	0.001412748301
25258	0.0002752318649
25259	0.0003076123078
25260	0.001279153217
25261	0.002108595156
25262	0.0006685361477
25263	0.001749860291
25264	0.003444380565
25265	0.002571901543
25266	0.001868795847
25267	0.005718735645
25268	0.001264644953
25269	0.002837876518
25270	0.001635064529
25271	0.002561538543
25272	0.0002515571848
25273	0.000453243351
25274	1.617695744e-05
25275	0.0002563127442
25276	0.0003380951597
25277	0.001182917907
25278	0.0003165211666
25279	0.0002349914702
25280	0.001422077371
25281	5.370117257e-05
25282	0.0002975324399
25283	0.002922532584
25284	0.002655509853
25285	0.0004942462547
25286	0.00103874972
25287	0.001204039878
25288	4.442664569e-05
25289	0.00365032667
25290	0.001011109564
25291	0.0002101402171
25292	0.00239311215
25293	3.545671674e-05
25294	0.001953190643
25295	0.00703991557
25296	0.005019062264
25297	0.004712210532
25298	0.003052181952
25299	0.00116785117
25300	0.002629748491
25301	0.00150006826
25302	0.0002916451985
25303	0.004474965957
25304	0.002106660156
25305	0.00102127634
25306	0.000415757227
25307	0.0005552900895
25308	0.001718890862
25309	0.001600585027
25310	0.0006303377402
25311	0.00399142495
25312	0.0003141850577
25313	0.001927533813
25314	0.000513843887
25315	0.006909424257
25316	0.000426332537
25317	0.001078888772
25318	1.735261338e-06
25319	0.0001655899231
25320	0.002952879762
25321	0.001109312047
25322	0.0004229127272
25323	0.002224387354
25324	0.0003829540587
25325	0.000113725515
25326	0.0007761671447
25327	0.0005079247765
25328	0.0001996801551
25329	0.0004976697162
25330	1.036138269e-05
25331	0.0001432353437
25332	0.0003841922105
25333	2.563809108e-05
25334	0.0001015997708
25335	0.0001152678486
25336	6.178158815e-05
25337	0.0003821652856
25338	0.000143203266
25339	0.0004969422188
25340	0.001164608124
25341	0.0007094132343
25342	0.0004024782553
25343	0.001046046746
25344	0.001259766266
25345	0.001162391825
25346	0.001644300978
25347	0.001501626992
25348	0.003607579059
25349	0.0002112161903
25350	0.0001569733102
25351	2.488586725e-05
25352	5.990707751e-05
25353	0.0003144380453
25354	0.0009792177876
25355	0.0110957863
25356	0.0003504413736
25357	0.000121805987
25358	0.002246953737
25359	0.0001761113851
25360	0.005885510723
25361	0.001861433196
25362	0.0003788427939
25363	0.003935179739
25364	0.000357488762
25365	0.0007425562653
25366	0.001159201192
25367	0.0002009806192
25368	0.0001652805574
25369	0.0003671224543
25370	0.000962708314
25371	0.002035470199
25372	0.0003298740105
25373	0.0001059768998
25374	0.0007945644723
25375	0.001645664145
25376	0.002069510654
25377	0.0008679845672
25378	0.001708157985
25379	0.004363084471
25380	0.0001920730701
25381	0.0009130682206
25382	0.001464386252
25383	0.0001995448798
25384	0.001715036164
25385	0.0001791964055
25386	0.002411566003
25387	0.009955140843
25388	1.537457073e-05
25389	0.0003540304897
25390	0.0001295315423
25391	0.000157767903
25392	0.006050466936
25393	0.004842252539
25394	0.0002430219413
25395	0.0003961799978
25396	0.0008537399847
25397	0.0001462420044
25398	0.002083851183
25399	0.00253392334
25400	0.0009017405952
25401	0.002073112987
25402	0.0007170951303
25403	0.0008503989398
25404	0.001242982452
25405	0.0005673736604
25406	0.0003251724233
25407	0.00397414868
25408	9.667586926e-05
25409	0.0004310372213
25410	0.0007499004719
25411	0.000597166243
25412	0.004665582018
25413	0.0007954201103
25414	0.001068164982
25415	0.0006309659361
25416	0.0001481929124
25417	0.000165320396
25418	0.0002686267108
25419	0.003449259111
25420	0.0001625796081
25421	0.001265556897
25422	6.433985247e-05
25423	0.003082960025
25424	0.002771256969
25425	0.0003249047609
25426	0.001142097396
25427	0.0009947114354
25428	0.0008000506253
25429	0.0001891815255
25430	0.0005106576357
25431	0.0004001222423
25432	0.0006964257377
25433	6.781506753e-05
25434	0.0003754644339
25435	0.001461301346
25436	0.0005213707025
25437	0.001545917842
25438	0.005780080856
25439	0.0008669171349
25440	0.000450644745
25441	0.002013558326
25442	0.009261570876
25443	0.001407305058
25444	0.0007594771686
25445	0.003523500498
25446	0.00396277698
25447	0.008870617076
25448	0.001612178271
25449	0.002973534912
25450	0.004335934696
25451	0.003176559381
25452	0.0004060431103
25453	0.0006008615565
25454	0.002508843698
25455	0.002772892256
25456	0.001892214913
25457	0.001419977966
25458	0.006798655408
25459	0.004565169597
25460	0.001257559843
25461	0.004236405226
25462	0.0006449772661
25463	0.001088047422
25464	0.0006100531723
25465	3.620376752e-05
25466	0.006533980176
25467	0.007768007867
25468	0.0006631584476
25469	0.003365636399
25470	0.0002714855715
25471	4.840597354e-05
25472	0.0007809768108
25473	0.0005297209712
25474	0.002026294039
25475	0.003760608299
25476	0.000855150242
25477	0.001373036704
25478	0.001294332781
25479	6.616252439e-05
25480	0.002156022945
25481	0.0004646640361
25482	0.002486095964
25483	0.0006045046448
25484	0.001609447894
25485	0.002262338605
25486	0.0004149229505
25487	0.0004473607304
25488	0.0007949585055
25489	0.002929466913
25490	0.001691497525
25491	0.002073922559
25492	0.003220830327
25493	0.001840944923
25494	8.031488888e-05
25495	0.0003706606804
25496	0.0001448927251
25497	0.001134828995
25498	0.005647812992
25499	0.0005228107202
25500	0.0002054334557
25501	0.001086321373
25502	0.0001524916829
25503	0.001002922481
25504	0.00595550572
25505	0.0005428089143
25506	0.005102586029
25507	0.00113689936
25508	0.002470018343
25509	0.005215781437
25510	5.077088708e-05
25511	0.008639656878
25512	0.002717472916
25513	0.01346703903
25514	0.00477077766
25515	0.0009388152368
25516	0.002436224054
25517	0.001712483073
25518	0.009474099101
25519	0.0011288238
25520	0.0002479771832
25521	0.0009899896766
25522	0.0008917475007
25523	0.003508724373
25524	0.001013274118
25525	6.339311644e-05
25526	0.001407459642
25527	0.0008220496624
25528	0.0007488464281
25529	0.004128639657
25530	0.0001762812544
25531	0.0008348330368
25532	0.0006596920064
25533	0.006325431537
25534	0.001194995225
25535	0.0006823316691
25536	0.0006660829347
25537	0.001988628788
25538	0.0001269774612
25539	0.0001069972351
25540	0.0009221758577
25541	0.0004387845845
25542	0.0008644281194
25543	0.002441904573
25544	0.0005328833858
25545	0.0002277537399
25546	0.003597274486
25547	0.003964110017
25548	0.005178503751
25549	0.0002757363182
25550	0.004338883269
25551	0.003140036744
25552	0.0007361030573
25553	0.00827793732
25554	8.178223753e-05
25555	0.000822306232
25556	3.742145579e-05
25557	3.76485649e-05
25558	0.0002415181585
25559	9.272154876e-05
25560	0.00195010275
25561	0.0001350849684
25562	0.001501181508
25563	0.001518036771
25564	0.0003567508019
25565	0.001005749938
25566	0.0005599101339
25567	0.002826641414
25568	0.0007651778847
25569	0.0009751716236
25570	0.001286464641
25571	0.002071470345
25572	0.001236283036
25573	0.001813863991
25574	0.003692812836
25575	0.00127992138
25576	0.0005189195708
25577	0.0008550814063
25578	0.0006151722846
25579	0.000422141707
25580	0.0002118463974
25581	0.0003078308287
25582	0.004887164662
25583	0.001121115495
25584	0.0002706463942
25585	0.0008424196241
25586	0.0002943357885
25587	0.001399829366
25588	0.0008915525157
25589	0.001277096997
25590	0.0003735126369
25591	0.00038185468
25592	0.001002730489
25593	0.004659274537
25594	4.469551593e-05
25595	0.0008479132133
25596	0.001208021607
25597	0.0007689857081
25598	0.001159958289
25599	0.0006798072909
25600	0.001622980825
25601	0.0001073274218
25602	0.000234194323
25603	0.0003814238628
25604	0.0005507298244
25605	7.545133488e-05
25606	0.001378317277
25607	0.001359962387
25608	3.974728489e-05
25609	5.507042112e-05
25610	0.001580194834
25611	0.0004012197876
25612	0.0002384767917
25613	0.0001893512189
25614	4.40639223e-05
25615	0.0008261815586
25616	0.0001487822259
25617	9.584943178e-06
25618	0.0001985570682
25619	0.0005106352462
25620	0.002249584457
25621	0.004238725715
25622	0.00197843362
25623	0.00141383978
25624	0.0003264891427
25625	0.007390878429
25626	0.002287235664
25627	0.00338262449
25628	0.0001565539839
25629	0.0003672669987
25630	0.001204921022
25631	0.0004554167488
25632	0.002004302773
25633	0.001921447565
25634	0.000218016117
25635	0.000303824675
25636	0.002836438456
25637	0.002493683899
25638	0.0004182982051
25639	0.001841384897
25640	0.0005563322439
25641	0.001259132114
25642	0.003902958922
25643	0.0002112665566
25644	0.000136108059
25645	0.0002274667142
25646	0.0004163024138
25647	2.818990059e-05
25648	0.003218611228
25649	0.0002675697451
25650	0.0004492306057
25651	0.003342233067
25652	0.003498726422
25653	0.005761392528
25654	0.001506441503
25655	4.197587629e-05
25656	0.006071507061
25657	0.00205062126
25658	0.0003907534146
25659	0.003317592313
25660	0.0008473884402
25661	0.001286154715
25662	0.001438354464
25663	0.0001809036036
25664	0.002710555861
25665	0.001570463095
25666	0.001035469694
25667	0.005224472058
25668	0.001692023057
25669	0.004151401515
25670	4.001098493e-05
25671	0.001404397182
25672	0.002277543001
25673	0.0001934330958
25674	0.002432366912
25675	0.001163434377
25676	0.004309868764
25677	0.00269197396
25678	0.0016893558
25679	0.008522589139
25680	0.0009380775544
25681	0.003571348651
25682	0.004611343207
25683	4.254459114e-05
25684	0.005895904353
25685	0.001155640384
25686	0.001436711774
25687	0.0007143130578
25688	0.001185749536
25689	0.001195977829
25690	5.813509968e-05
25691	0.001983444333
25692	0.0003554159091
25693	0.0005565905388
25694	0.0002469176131
25695	0.0001608070006
25696	0.001303404524
25697	0.0002900168845
25698	0.0003125330134
25699	0.0002411648062
25700	0.00480253846
25701	0.0007075123362
25702	0.0001776822478
25703	0.0007180656495
25704	0.003376281814
25705	0.0001189410636
25706	0.001542838678
25707	3.482386341e-05
25708	0.005842071327
25709	0.0004586243703
25710	0.0001936256087
25711	0.004664990244
25712	0.0004158456928
25713	0.002688779072
25714	0.001293880458
25715	4.003140363e-05
25716	0.001437475212
25717	0.0003335781105
25718	0.0001361353947
25719	0.000725402999
25720	0.003628984799
25721	0.0003953006173
25722	0.0001684856547
25723	0.000143495769
25724	0.0004310734253
25725	0.001166404953
25726	0.001099619935
25727	0.0008200094636
25728	0.0003972926355
25729	0.0002304747306
25730	7.529062964e-05
25731	0.000858471331
25732	0.0003625092142
25733	0.0008988138352
25734	0.0004593658864
25735	0.0003378765821
25736	0.0007181169721
25737	0.0005220177387
25738	0.0002717224375
25739	0.0007608331808
25740	7.583273176e-05
25741	0.0003033353743
25742	0.0003671022172
25743	0.0001102532171
25744	0.001224375609
25745	0.00046253839
25746	0.0006522863142
25747	0.000202632861
25748	0.0002604435906
25749	9.069446738e-05
25750	0.0001176997328
25751	0.0002136106096
25752	0.0003522404905
25753	0.001004235863
25754	0.0003249478781
25755	0.0002700160451
25756	0.0004691486608
25757	1.819279515e-05
25758	0.0004700601843
25759	0.0002145555637
25760	0.0007046838836
25761	0.0004586193314
25762	8.911145361e-05
25763	0.0002891652832
25764	0.0003677977173
25765	0.0002152723174
25766	0.0002656173923
25767	0.0005797432027
25768	0.0002623351807
25769	9.561508231e-05
25770	0.0007462321488
25771	0.0002307170187
25772	0.0002908265002
25773	0.0001150452942
25774	0.0005391665511
25775	7.66190082e-05
25776	0.0001124655711
25777	0.0008817839987
25778	0.0005141366581
25779	0.0001378520397
25780	0.0006305630933
25781	0.0003095551073
25782	3.554039341e-05
25783	0.001609799684
25784	9.535563008e-05
25785	0.000287035737
25786	0.0003608823112
25787	1.505424061e-05
25788	9.845851257e-05
25789	0.0003581748363
25790	0.001312619869
25791	0.0003448022118
25792	0.0003671273768
25793	0.0001407922785
25794	0.0003183095406
25795	0.0002435585516
25796	0.0003296634336
25797	0.0006359241412
25798	0.000311277024
25799	0.0002428309142
25800	0.0005804055495
25801	1.713014957e-05
25802	0.0009695345014
25803	0.0002885059836
25804	0.0008281729004
25805	0.0001821861488
25806	0.0002050767185
25807	0.0006857892244
25808	0.0003169839468
25809	0.001394801894
25810	0.001080704692
25811	0.0001049761646
25812	0.0001737593997
25813	0.001678012045
25814	0.004118459791
25815	0.002248502936
25816	0.0006382687751
25817	0.00102521613
25818	0.0008132263506
25819	0.0006476619467
25820	0.002266899561
25821	0.004636548309
25822	0.003141849941
25823	0.0001907816028
25824	0.000593280281
25825	0.0002944801688
25826	0.0006613431437
25827	0.001120288287
25828	0.002871259443
25829	0.0002920706668
25830	0.001470962026
25831	0.002557685427
25832	0.0001045832045
25833	0.005958262852
25834	0.001376055073
25835	0.0007414592446
25836	0.0002421102426
25837	0.0001395326022
25838	0.0006805514973
25839	0.002667590497
25840	0.001771328298
25841	0.0007632762853
25842	0.0003479722546
25843	0.0005869440787
25844	0.004733485896
25845	0.005829212602
25846	0.004000715676
25847	7.384230857e-05
25848	0.0003849494774
25849	0.006421627494
25850	0.001315312636
25851	0.001718493179
25852	0.0004003293518
25853	0.0003961995908
25854	0.0007370450249
25855	0.001359937221
25856	0.00140797479
25857	0.006036717528
25858	0.002061862605
25859	0.00265417777
25860	0.0003479660585
25861	0.0003473241663
25862	0.0002503166983
25863	0.0005211039676
25864	0.0004043204842
25865	0.001488454536
25866	0.0004948095513
25867	0.0001949607321
25868	0.00508531102
25869	0.000429622415
25870	0.0008364117218
25871	0.00422873694
25872	0.005087283042
25873	0.0005051196223
25874	0.0004349654381
25875	0.0006553639069
25876	0.0005656524455
25877	0.000376402579
25878	0.001989510222
25879	0.001793184968
25880	0.000767337647
25881	0.002606004584
25882	0.000186311856
25883	0.00418506593
25884	0.001648933267
25885	0.001887377882
25886	0.0001483779829
25887	0.0001417938018
25888	0.003847894444
25889	0.0009891260252
25890	3.983140309e-05
25891	0.004479334605
25892	0.000492027694
25893	0.001194319202
25894	0.003482086024
25895	0.002956636949
25896	0.002119664146
25897	0.0001131902908
25898	5.889011202e-05
25899	0.001065793517
25900	3.975709556e-05
25901	0.0006851336457
25902	0.0001185942257
25903	0.0004001298877
25904	0.00256925364
25905	0.0004067947561
25906	0.001976638664
25907	8.347547759e-05
25908	0.0004187032831
25909	0.0001538293089
25910	1.323639196e-05
25911	8.861569899e-05
25912	0.004654001916
25913	0.002948378934
25914	0.001341110906
25915	0.00133302565
25916	0.001670876797
25917	0.0003045890475
25918	5.205609664e-05
25919	0.003863607037
25920	0.004756960716
25921	0.004072713127
25922	0.0003498356445
25923	0.0006826160838
25924	0.0002477623228
25925	0.0001366446139
25926	0.0006306248309
25927	0.001356324675
25928	0.003270526386
25929	0.001438184286
25930	0.001518955372
25931	0.001567161094
25932	0.003276577346
25933	0.0004064535152
25934	0.0005925486981
25935	0.0003746084325
25936	0.0006639835616
25937	0.005330859159
25938	0.0006829732633
25939	0.001276499191
25940	0.006914395681
25941	0.001003690805
25942	0.001443089603
25943	0.009578084222
25944	0.004700066459
25945	0.002806212403
25946	0.0004845874089
25947	0.0004620885742
25948	0.0007921149778
25949	0.0005977407356
25950	0.0008396215209
25951	5.248017518e-05
25952	0.0008486148956
25953	0.002313878169
25954	0.002538562882
25955	0.001094022021
25956	0.001616968516
25957	0.0006734221023
25958	0.008797701385
25959	0.0001550570035
25960	0.00276410424
25961	0.001761341936
25962	0.0005939709817
25963	0.0004827282448
25964	0.0001727416401
25965	0.001211735877
25966	0.003775494423
25967	0.000100194621
25968	7.091519517e-05
25969	0.0004794345371
25970	2.688808779e-05
25971	0.0004122324861
25972	0.001521539658
25973	0.001193301637
25974	0.0002548955166
25975	4.986468535e-05
25976	1.671092893e-05
25977	0.0006993178659
25978	0.0005069061731
25979	0.0003868971113
25980	0.0003536225881
25981	0.002119493644
25982	0.0001737598652
25983	0.001690716855
25984	0.0004968244398
25985	0.004091778384
25986	0.002038164452
25987	0.001021183564
25988	0.003532316395
25989	0.0003063643491
25990	0.0006637940244
25991	0.0001069845598
25992	0.0003671542376
25993	0.0005765710821
25994	1.675280955e-05
25995	0.0003409975374
25996	0.0003430455396
25997	0.001140508285
25998	0.001025675648
25999	0.001075053627
26000	0.001191699877
26001	9.456603344e-05
26002	0.001171840539
26003	0.0008705305054
26004	0.0002408503817
26005	0.001341698863
26006	0.001548497032
26007	0.0008893656853
26008	0.00155822278
26009	0.003365269474
26010	0.002956059278
26011	0.002814362838
26012	4.915648654e-05
26013	0.003182196372
26014	0.001182900333
26015	0.0004775592299
26016	0.0005208348983
26017	0.0006527011651
26018	0.003895080378
26019	0.003696171102
26020	6.101022485e-05
26021	0.002848586282
26022	2.836735137e-05
26023	0.0009052181502
26024	0.002113684821
26025	0.001918302077
26026	0.0006334618562
26027	0.001005542943
26028	0.001407625088
26029	0.007000655684
26030	0.001789233845
26031	0.0009197008663
26032	0.0007954254361
26033	0.0002575663672
26034	9.24882272e-05
26035	0.001896404148
26036	0.0007152424432
26037	0.001539018679
26038	0.000385704683
26039	0.0007177617755
26040	0.001483146401
26041	0.006721235555
26042	0.0002260056493
26043	0.0002859961244
26044	0.003648472318
26045	0.003958792168
26046	0.00017361398
26047	0.0009970443567
26048	0.009736777571
26049	0.003900518601
26050	0.0003716713626
26051	0.009817257044
26052	0.008855330272
26053	0.002237323777
26054	0.009047225707
26055	0.0004324078556
26056	8.480509971e-05
26057	0.0004735610099
26058	0.003439608478
26059	0.001380238319
26060	0.00494654827
26061	0.0006938068001
26062	0.002965574489
26063	0.002854157498
26064	0.003102628397
26065	0.00226094747
26066	0.001504768136
26067	0.005269613329
26068	0.001787166221
26069	0.001590205587
26070	0.001597494177
26071	0.001213426455
26072	0.003892153082
26073	0.000745248888
26074	0.0008207016312
26075	0.001950693626
26076	0.003415072138
26077	0.0003449899598
26078	0.0004477337802
26079	0.0006720543245
26080	0.0007373637446
26081	0.0007143052742
26082	0.0005835845169
26083	0.0001625098841
26084	0.0006697402519
26085	0.0002072404294
26086	0.0003565601269
26087	0.0001499995646
26088	0.000205456285
26089	0.0001109067651
26090	0.0003774242073
26091	0.0003290302583
26092	0.0006438360521
26093	0.0008524720869
26094	0.0004980725568
26095	0.0033743848
26096	7.784959944e-05
26097	0.0005818896762
26098	0.0002650936145
26099	0.0009966700949
26100	0.0001416006159
26101	0.0007273340916
26102	0.0005042008487
26103	0.0004160405358
26104	0.00151912364
26105	0.0003409098707
26106	0.001284464632
26107	0.001652828606
26108	0.0001360727821
26109	0.0007396306393
26110	1.560169188e-05
26111	0.001098122744
26112	0.0001497546158
26113	0.001583749449
26114	0.0001399491188
26115	0.0002194468127
26116	0.001335366495
26117	0.0007963227099
26118	8.604894703e-05
26119	0.0005551283311
26120	0.001181898509
26121	0.0001482405401
26122	0.001652143931
26123	0.002634545377
26124	0.001083426063
26125	0.0001690095093
26126	0.0009554252368
26127	0.0005282186893
26128	0.0004861928195
26129	0.005797350345
26130	0.00398494304
26131	0.003978071651
26132	0.002519435909
26133	1.579084473e-05
26134	0.002677387917
26135	0.0001481826229
26136	0.001089701107
26137	0.002777753806
26138	0.002464524702
26139	0.00471723185
26140	6.210209397e-06
26141	0.0003085563636
26142	0.0006067182197
26143	8.071232748e-05
26144	0.0003715941386
26145	0.0006220618768
26146	0.00568655131
26147	0.002104168047
26148	0.000656033778
26149	0.0003050817053
26150	0.001432941626
26151	0.0005671242824
26152	2.58843961e-05
26153	0.000464108347
26154	0.0005713230235
26155	0.008032904045
26156	0.001029532143
26157	0.01202118521
26158	0.0001893301868
26159	0.0005478573929
26160	0.0007001769919
26161	0.0008093742348
26162	0.0001903159971
26163	0.0002812253962
26164	0.0001998145776
26165	0.0005103957082
26166	0.004340290965
26167	0.0002765225493
26168	9.834944268e-05
26169	0.0006059951878
26170	0.00239446757
26171	0.0003962989448
26172	6.00165816e-05
26173	0.000433445456
26174	0.001134178867
26175	0.0009783734589
26176	0.003730383703
26177	0.003149372053
26178	0.0003472157366
26179	0.0003845674838
26180	0.0009977138833
26181	0.01177524557
26182	0.0005270174782
26183	0.002828278541
26184	0.002603345151
26185	0.002212273009
26186	0.0003720131564
26187	0.0005451185664
26188	6.578287651e-05
26189	0.001424143827
26190	4.620676545e-05
26191	0.001007831535
26192	0.0008504954474
26193	0.001185024592
26194	0.0003703167223
26195	0.0003716347237
26196	0.0005965958905
26197	2.323259542e-05
26198	0.000893028654
26199	0.001730985109
26200	6.2330352e-05
26201	9.694015724e-06
26202	0.0005665203639
26203	0.0005157788243
26204	0.0003038996671
26205	0.0005001873539
26206	0.0003882803574
26207	0.000496522966
26208	3.321410672e-06
26209	7.409537715e-05
26210	0.0004519903749
26211	0.0003012332491
26212	0.000340678678
26213	0.0006568369649
26214	0.0007287195625
26215	0.0001972172571
26216	0.0002972533197
26217	0.0003442338502
26218	0.005163717113
26219	0.001889578591
26220	0.0005170575556
26221	0.001978750841
26222	0.001701649381
26223	0.0002418657476
26224	0.003537534781
26225	0.0008817949469
26226	0.002297633396
26227	0.0003012062914
26228	0.0003177886139
26229	0.002846704229
26230	0.004336320476
26231	0.0009337128771
26232	0.0001495299272
26233	0.003244931387
26234	0.001220660083
26235	0.0002155418012
26236	0.0004582192213
26237	0.000523684047
26238	0.0005939459473
26239	0.0002436109806
26240	0.0009365230332
26241	0.000745531143
26242	0.0003818612394
26243	0.001076535519
26244	0.0002968581854
26245	0.001486391574
26246	0.0009008049057
26247	0.003426152478
26248	0.002230868404
26249	0.00562527588
26250	0.004667131321
26251	0.003115134214
26252	0.003390033102
26253	9.242857488e-07
26254	0.004967461851
26255	0.0007962576197
26256	0.004892658039
26257	0.003348736372
26258	0.0006950818368
26259	0.004334731654
26260	0.003242029709
26261	0.002448148477
26262	0.000316706167
26263	0.001289725008
26264	0.001118008453
26265	0.0008042032785
26266	0.005165418266
26267	7.908509966e-05
26268	0.004575193017
26269	0.005176852847
26270	0.001555609245
26271	0.0003161041183
26272	0.0008150211724
26273	0.002217657545
26274	0.0007353711173
26275	0.0001315356712
26276	0.002100763543
26277	3.720954647e-06
26278	0.002065816866
26279	0.0004299584342
26280	0.000381416094
26281	0.0009160408693
26282	8.61609218e-05
26283	0.002030767865
26284	0.002137241251
26285	0.002132944746
26286	2.912496269e-05
26287	0.004780715802
26288	0.0003317437617
26289	0.0022496183
26290	0.0009945680056
26291	0.006484356854
26292	1.640498945e-05
26293	0.005438035862
26294	0.004944156267
26295	0.001726446057
26296	0.009888745412
26297	0.001952709056
26298	0.0007605765162
26299	0.0005854220746
26300	0.0009038097719
26301	0.0002948185999
26302	0.0004342821835
26303	0.0001263071776
26304	0.001367957881
26305	0.000806352062
26306	0.003588744957
26307	0.0004356901212
26308	0.0004234253706
26309	0.0005329532522
26310	0.001128793832
26311	0.001411009143
26312	0.001832986313
26313	0.001054894465
26314	0.002065132634
26315	0.0004843859668
26316	0.0007442476677
26317	9.040559513e-05
26318	0.00262754107
26319	0.0002353922461
26320	0.0001636885052
26321	0.003471650317
26322	0.001678529373
26323	0.002118416062
26324	0.0004337999571
26325	0.00251398516
26326	0.0001793036271
26327	0.0003966273008
26328	0.0008277604939
26329	0.001244704027
26330	0.0003788805317
26331	0.0001845132863
26332	0.002362570361
26333	0.0001857234878
26334	0.005946801053
26335	0.001017851768
26336	0.002070176679
26337	0.0006643588715
26338	8.726479507e-05
26339	0.003713020416
26340	0.001441168911
26341	0.002824600449
26342	0.005923999395
26343	0.0001496748152
26344	0.001803752448
26345	0.001076922397
26346	0.002235744876
26347	0.001851015698
26348	0.0009124727842
26349	0.003271094085
26350	0.003714680558
26351	0.002334460862
26352	0.0006693509874
26353	0.004677762153
26354	0.0003478077636
26355	0.0008195425593
26356	0.001323330697
26357	0.003852559629
26358	0.00107791283
26359	0.00255365555
26360	0.001599242893
26361	0.0004755743467
26362	0.004213691795
26363	0.002525854992
26364	0.005040230197
26365	0.005454869258
26366	0.0002650024808
26367	0.00261774436
26368	0.00348007511
26369	0.001032341142
26370	0.002182183364
26371	0.002152120085
26372	0.001918061412
26373	0.0005875475178
26374	0.005183688627
26375	0.0009019845758
26376	0.005267130776
26377	0.001085096508
26378	0.0002333529976
26379	0.0005348062515
26380	0.002694892197
26381	0.0002121582369
26382	0.00109364481
26383	2.165182392e-05
26384	0.000128946706
26385	0.001997477604
26386	0.002453862589
26387	0.0003536738118
26388	0.001097666054
26389	0.002165872145
26390	0.000884657803
26391	0.0002318042262
26392	0.003365092557
26393	0.0007845542703
26394	0.0004573725157
26395	0.0003157541058
26396	0.0001919164746
26397	0.0004690458569
26398	0.001559984097
26399	3.670016723e-05
26400	0.003182677449
26401	7.301508341e-06
26402	0.0001792915173
26403	0.0002772715777
26404	0.0002033159489
26405	0.003873535226
26406	0.0002122809035
26407	7.193048961e-06
26408	0.0003153626356
26409	0.0002993952857
26410	0.001034840004
26411	0.003164372726
26412	0.00222135405
26413	0.005262248727
26414	0.0009075126898
26415	0.00519786184
26416	0.001384642555
26417	0.004254306879
26418	0.001811225391
26419	0.003830227515
26420	5.560018168e-05
26421	0.0005500933368
26422	9.604477207e-05
26423	0.001518886226
26424	0.000984029707
26425	0.001214622455
26426	0.0009643143334
26427	0.002308302083
26428	0.002838058468
26429	1.408080134e-05
26430	0.0001956471479
26431	0.001978421662
26432	0.001855760203
26433	3.029426604e-05
26434	0.0006204035277
26435	0.0004512353923
26436	0.003083273881
26437	8.463067264e-05
26438	6.003204942e-05
26439	0.0001637057603
26440	0.003201001912
26441	0.0004231280871
26442	0.001048981246
26443	0.001053210662
26444	0.002585516169
26445	0.001678469833
26446	0.004349625161
26447	0.002306944414
26448	5.082401215e-05
26449	0.0004863201407
26450	0.001257678094
26451	0.002777579637
26452	0.001282652426
26453	0.002639850478
26454	0.0007737332667
26455	0.0007502564145
26456	0.001404398363
26457	0.004869287148
26458	0.002571771688
26459	0.0002258715394
26460	0.001241919684
26461	0.003636703946
26462	0.002328401483
26463	0.0003250034272
26464	0.000802721965
26465	0.001418737375
26466	0.0004772925336
26467	0.002294924159
26468	0.003457873063
26469	7.345086899e-05
26470	3.100650861e-05
26471	0.001150109057
26472	0.001734058165
26473	0.002945020064
26474	0.003888493027
26475	0.0004295639949
26476	0.003001494802
26477	0.0001963383535
26478	0.0004494128977
26479	0.001221636829
26480	0.0001388101354
26481	0.001321341777
26482	0.006119375707
26483	0.0007401869688
26484	0.0005499822532
26485	0.001378586097
26486	0.004958288852
26487	0.0003877918959
26488	0.001372418247
26489	0.003420904446
26490	0.0006117736396
26491	4.480709543e-05
26492	0.0007153011647
26493	0.001016258644
26494	0.0001713880192
26495	0.0008406789763
26496	1.40565641e-05
26497	0.0003711148877
26498	0.0009550019389
26499	0.0002434474939
26500	0.0005002270559
26501	0.001655339885
26502	0.001675569315
26503	0.001677372048
26504	0.00117759234
26505	0.0005701209052
26506	0.0006628325288
26507	0.00058299964
26508	0.003924350135
26509	0.0009157288689
26510	0.001077904973
26511	0.0008982741225
26512	0.001529014868
26513	0.0002495529501
26514	0.002557825795
26515	0.0002092432424
26516	0.002754434276
26517	0.0009268265841
26518	0.0002506326737
26519	8.110855261e-05
26520	0.001034822509
26521	0.003571284025
26522	6.413036519e-05
26523	0.0004281611558
26524	0.0001521779238
26525	0.0006305621218
26526	0.0003288955843
26527	0.0002597342577
26528	6.123155641e-06
26529	0.0003580867479
26530	0.002602329958
26531	0.0003095933514
26532	0.0002478858591
26533	0.0003717555095
26534	0.0005136515422
26535	0.0003584033789
26536	0.0003415589312
26537	0.001268459099
26538	0.0008161608172
26539	0.0007236962796
26540	5.659835396e-05
26541	1.411934177e-05
26542	0.00134392404
26543	0.002082355764
26544	2.993797436e-05
26545	0.0008831591153
26546	0.002177762998
26547	0.001052686077
26548	0.000610711336
26549	0.000112860237
26550	0.001267782044
26551	0.004325252182
26552	0.0009288592359
26553	0.0005552871021
26554	0.002183213824
26555	0.002615844099
26556	0.00235602132
26557	0.0001794921546
26558	0.0009440032707
26559	0.0008119379561
26560	0.003662660893
26561	0.0002708596317
26562	0.001085871049
26563	0.000897989335
26564	0.0004675214087
26565	0.00141892939
26566	0.0009794137795
26567	0.0006546347619
26568	0.007382136089
26569	0.0002998721385
26570	6.504365098e-05
26571	0.002454441347
26572	0.0003122041292
26573	0.00117149554
26574	0.001555910484
26575	0.003482738187
26576	0.0004357333651
26577	0.001588219295
26578	0.001129548402
26579	0.002144841918
26580	0.0002040399296
26581	0.0008192354867
26582	0.0002996322
26583	6.429379933e-05
26584	0.000367060338
26585	0.0003714750405
26586	0.0009352062731
26587	0.0007443667924
26588	0.003926353339
26589	0.0006888691615
26590	7.220545204e-05
26591	0.0005462632265
26592	0.0002451885319
26593	0.0003223976281
26594	0.003306791981
26595	0.009113074443
26596	0.002590368279
26597	0.005386427178
26598	0.0009102750931
26599	7.281285457e-05
26600	0.003299938163
26601	0.002209668179
26602	0.00149683905
26603	0.001518831416
26604	0.003279332522
26605	0.0009591475871
26606	0.0005892930357
26607	0.006202860192
26608	0.003577987035
26609	0.0002735489806
26610	0.00260582219
26611	0.003122456754
26612	0.001747722917
26613	0.0002732755863
26614	0.0009908000815
26615	1.513676899e-06
26616	0.0003329931438
26617	0.000224281918
26618	0.005771477251
26619	0.0002373847255
26620	0.001541161998
26621	0.001414053818
26622	0.001754149404
26623	0.0009938274402
26624	0.0021171958
26625	0.0001107341905
26626	0.005313749877
26627	0.003024632042
26628	0.000332384271
26629	0.0003646994446
26630	0.004602291048
26631	0.002918907777
26632	0.001648378884
26633	0.0003292842139
26634	0.0001531546902
26635	0.0001169112497
26636	8.434437145e-06
26637	0.0001196626203
26638	0.0003272398868
26639	0.004302523061
26640	0.001184030303
26641	0.0001184819001
26642	3.797221764e-05
26643	0.0002285478275
26644	0.0001694088707
26645	0.0003924957852
26646	0.0003248759852
26647	0.0008941792482
26648	0.0001299006951
26649	0.0006953183266
26650	0.0001070157528
26651	0.0005565601638
26652	3.45271718e-05
26653	0.0002401917913
26654	0.0006416127874
26655	0.0005471776025
26656	0.001564868606
26657	0.0004995850016
26658	0.000732046749
26659	0.001289147785
26660	0.001040704849
26661	0.0007827550309
26662	0.0006274265111
26663	0.0006652160882
26664	0.002201130781
26665	0.002773506233
26666	0.0001501310397
26667	0.0004001545796
26668	0.0003568940794
26669	0.002850810827
26670	0.0004012403957
26671	0.0004284039532
26672	0.001036464311
26673	0.0005191613899
26674	4.463189624e-05
26675	0.0001785990147
26676	0.0003573561875
26677	0.0009604620435
26678	0.0002127341405
26679	0.0002486539286
26680	0.0001879831399
26681	0.006808039485
26682	0.004065454461
26683	0.004603187442
26684	0.0003685406849
26685	0.0009590200701
26686	0.0001424902238
26687	0.00214975503
26688	0.001405264136
26689	0.0008178984787
26690	0.0003751987224
26691	3.776888323e-05
26692	0.002473069517
26693	4.531012168e-05
26694	0.0007668988999
26695	0.001518007456
26696	0.002538325984
26697	0.000149252759
26698	0.001654911126
26699	0.0002718543242
26700	0.0003490376664
26701	0.001030404526
26702	0.002775059153
26703	1.105790022e-05
26704	0.0004368898834
26705	0.0002797054151
26706	0.001622767281
26707	0.0008248459056
26708	0.003061448841
26709	4.904846895e-05
26710	0.0002548154933
26711	0.001699824015
26712	0.0027932536
26713	0.0008942993761
26714	0.001777306942
26715	0.0003203410371
26716	0.003766912469
26717	0.001505662388
26718	0.00121765654
26719	0.002903178848
26720	0.002010629811
26721	0.0008444210088
26722	0.0007084380314
26723	0.001400014539
26724	0.002102188243
26725	0.002421473113
26726	0.0003927506629
26727	0.001788848212
26728	0.0003629123499
26729	0.001050624467
26730	0.0001970842119
26731	0.0002958946909
26732	0.0006514819576
26733	0.001133184462
26734	0.0002807700024
26735	0.000563747647
26736	0.0006393534899
26737	5.990078318e-05
26738	0.001659341578
26739	0.003311041689
26740	0.000596642081
26741	0.0006369414758
26742	0.006520616318
26743	0.00592852605
26744	0.001948887592
26745	7.366955514e-05
26746	0.0005400983679
26747	0.0006343517588
26748	0.002337849783
26749	0.002628074503
26750	0.002390384557
26751	0.0007068019746
26752	0.003314393507
26753	0.003322779939
26754	0.000247539737
26755	0.006727182315
26756	0.002393168737
26757	0.001394859433
26758	0.003834953203
26759	0.001352457912
26760	5.533506847e-06
26761	0.003725951939
26762	0.001595595753
26763	0.0002164352908
26764	0.001236127287
26765	0.001694810436
26766	0.003997790676
26767	0.005429010893
26768	0.002975360301
26769	0.002483763952
26770	0.002001887384
26771	0.004092121244
26772	0.002064241488
26773	0.001464920678
26774	0.0005383680726
26775	0.002636622645
26776	0.0004848222143
26777	0.001485525264
26778	0.008979572073
26779	0.0002614448812
26780	0.0004481476482
26781	0.0005523401527
26782	0.003834990502
26783	0.00381271881
26784	0.0002918732677
26785	0.001968914372
26786	0.0002938347015
26787	0.002929004147
26788	0.001840272097
26789	0.004586600195
26790	0.003359601601
26791	0.000362465138
26792	0.002209108132
26793	0.003027850229
26794	0.003895866293
26795	0.004942555989
26796	0.0008864005545
26797	0.002196415538
26798	0.004740795579
26799	0.002502501865
26800	0.005484268431
26801	0.0001010947854
26802	0.0005393044429
26803	0.005240732235
26804	0.000200408005
26805	0.00245228791
26806	0.001874247466
26807	0.002392191573
26808	0.00115623413
26809	6.95864457e-05
26810	0.001966528106
26811	0.002326038628
26812	0.001617587574
26813	0.001673783577
26814	0.001072753174
26815	0.001982115478
26816	0.0004387915847
26817	5.782065045e-05
26818	0.002272834861
26819	0.0001243535434
26820	3.863447172e-05
26821	0.004482433049
26822	0.001301293982
26823	0.0003388685562
26824	0.002453322956
26825	3.890575989e-05
26826	0.0004105747646
26827	0.002712997412
26828	4.990986081e-05
26829	0.004115186504
26830	0.0001232567224
26831	0.007316402274
26832	0.002801995656
26833	0.006928830432
26834	0.003250187863
26835	0.00199029088
26836	0.005093815386
26837	0.001817376191
26838	0.001631727688
26839	0.0001670692695
26840	0.003374746807
26841	0.0004441899103
26842	0.002956932465
26843	0.001830363481
26844	0.0002879934234
26845	0.001329232496
26846	0.0009261593648
26847	0.00060679746
26848	0.001903491303
26849	0.002683838173
26850	0.000812741022
26851	0.002964641533
26852	0.0005100744396
26853	0.00381306658
26854	0.004100893533
26855	0.001916448252
26856	0.0108676433
26857	0.001530511184
26858	0.003794540147
26859	0.002194055763
26860	0.001044235243
26861	0.003280082181
26862	0.002829063149
26863	0.004423701328
26864	0.004728505788
26865	0.003635396509
26866	0.003999628978
26867	0.004794133251
26868	0.001425387407
26869	0.003373980533
26870	0.002188378726
26871	0.00273392187
26872	0.00351641994
26873	0.002645446802
26874	0.002135853433
26875	0.002692257318
26876	0.0008481295496
26877	0.003573364045
26878	0.0005494849801
26879	0.002094854905
26880	0.001722149751
26881	0.003861251144
26882	0.004112946545
26883	0.002223912505
26884	0.002914655706
26885	0.00822260917
26886	0.001299410254
26887	0.002413967415
26888	0.0007482080713
26889	0.001421637967
26890	0.006351209615
26891	0.0005100157684
26892	0.001331122133
26893	0.001655462587
26894	0.0004118162962
26895	0.002192438976
26896	0.001946395391
26897	0.001868517768
26898	0.006244003597
26899	0.002733343314
26900	0.001294917338
26901	0.005960891949
26902	0.0005831498041
26903	0.00286377961
26904	0.005257406411
26905	0.001076391026
26906	0.0030650994
26907	0.0005787956318
26908	0.0005538490582
26909	0.001556890549
26910	0.0003231245773
26911	0.004648313947
26912	0.004479011415
26913	0.003497164758
26914	0.0005189501118
26915	0.002888641988
26916	0.001189803711
26917	0.0007412176254
26918	0.0003491961013
26919	0.0001340465909
26920	0.0001533768866
26921	0.002207397004
26922	0.0006442860448
26923	0.0006121591024
26924	0.0002601710199
26925	0.0004432430082
26926	0.0007837517357
26927	0.0003901822374
26928	0.002812987421
26929	0.006088432557
26930	0.0009297568914
26931	0.001000000925
26932	0.0004715687699
26933	0.0002299621016
26934	0.002619349406
26935	0.0003164805015
26936	0.00154441285
26937	0.001669848466
26938	0.001246819315
26939	0.0006792638619
26940	0.002440803711
26941	0.0006258114758
26942	0.0009587715567
26943	0.005272718688
26944	0.004378662897
26945	0.0009097244274
26946	0.003611895737
26947	0.005058179282
26948	0.002717559977
26949	0.003387311893
26950	0.0002038660903
26951	0.001416392751
26952	0.0006160683398
26953	0.000256309355
26954	0.001175103765
26955	0.001597880291
26956	0.0003526705736
26957	0.0005835221693
26958	0.001124027354
26959	0.0043467564
26960	0.001428314524
26961	0.007960738296
26962	0.001074067127
26963	0.008879206806
26964	0.003089552147
26965	0.0008076818995
26966	0.003420993311
26967	0.002688269398
26968	0.0005844548829
26969	0.006296556185
26970	0.000362998168
26971	0.0003903669952
26972	0.001104474659
26973	0.0008753671242
26974	0.0003461302618
26975	0.002193860346
26976	0.0009649947766
26977	0.0008030594773
26978	0.003748741453
26979	0.0003133400328
26980	0.004948279124
26981	0.0001590207185
26982	0.002082191747
26983	3.245477383e-08
26984	0.001086822078
26985	0.001288799218
26986	0.001771616132
26987	0.001971989801
26988	0.001777793114
26989	0.0004871820878
26990	0.0003977773708
26991	0.000420353963
26992	0.001267822311
26993	0.001796966664
26994	0.0007019346666
26995	0.00459332308
26996	0.00250738731
26997	0.002437471279
26998	0.001707113379
26999	0.002317058062
27000	0.001902513505
27001	0.001894927941
27002	0.002119197202
27003	0.00366615906
27004	0.001564775703
27005	0.0005274902518
27006	0.001897180207
27007	0.0004398252314
27008	0.003513229616
27009	0.00168102274
27010	0.003828373485
27011	0.0002010699092
27012	0.004631509241
27013	0.001088558201
27014	0.004137267344
27015	0.0003685380718
27016	0.002063405007
27017	0.002819570582
27018	0.002588024038
27019	5.683971201e-08
27020	0.006233988203
27021	0.004930822186
27022	0.0006711049237
27023	0.0005247058291
27024	0.001336426044
27025	0.0009101318582
27026	0.004540798849
27027	0.0006037997585
27028	0.002938358734
27029	0.0003560477821
27030	0.0009468308551
27031	0.0003855939795
27032	0.0002121159213
27033	0.0003986851144
27034	0.001587390379
27035	0.0002957991367
27036	0.003041094945
27037	0.002596632407
27038	0.004075013688
27039	0.002367120932
27040	0.0017379959
27041	0.0002081434085
27042	1.670482798e-05
27043	0.0001826979523
27044	0.001261092992
27045	0.0005524620826
27046	3.715833672e-06
27047	0.0006671530544
27048	0.0006879803977
27049	0.008889105265
27050	0.003187277394
27051	0.004538201094
27052	0.0003604690308
27053	0.0002426929706
27054	0.0009812140296
27055	0.002830449082
27056	0.0005332705337
27057	0.007525079053
27058	0.003954376312
27059	0.0001216171692
27060	0.0003739082296
27061	0.004380281118
27062	0.00082768181
27063	0.0001185404264
27064	0.001008826093
27065	0.0005409682545
27066	0.0003843349696
27067	0.0001345393766
27068	0.001830354869
27069	0.001329314657
27070	0.0008783485703
27071	0.002403331652
27072	0.0002151485956
27073	0.002682118795
27074	0.003218745994
27075	0.00519171634
27076	0.0007198513499
27077	0.002179083318
27078	0.002282742585
27079	0.002737781088
27080	0.006162728618
27081	0.002589557772
27082	0.002649269709
27083	0.002529969112
27084	0.001774328291
27085	0.001239753678
27086	0.001381976
27087	0.0004595177337
27088	0.002735397866
27089	0.002101742586
27090	0.001606383379
27091	0.0002893323118
27092	0.001740482967
27093	0.001023875991
27094	4.752582761e-05
27095	0.00116390529
27096	0.0001570012781
27097	0.0002586543196
27098	0.001617865547
27099	0.001701309242
27100	0.0003108011665
27101	0.002107685883
27102	0.0004871652172
27103	0.001284072812
27104	0.007066475426
27105	0.0009526529004
27106	0.00322059908
27107	6.570471697e-05
27108	6.427168383e-05
27109	0.001804750468
27110	0.0002609630733
27111	0.0006347134409
27112	0.0002709988928
27113	0.001451405748
27114	0.0008506665283
27115	8.317653614e-05
27116	0.001799761399
27117	0.0004320887001
27118	0.0006888677118
27119	0.001594704006
27120	0.0008706774895
27121	0.001072448707
27122	0.003599717795
27123	0.001025086893
27124	0.0005011207086
27125	0.001002169456
27126	0.0008931061309
27127	0.002178344418
27128	0.0002402852507
27129	0.0006170158909
27130	0.001610430337
27131	0.001999487356
27132	0.003293546958
27133	0.0008751226857
27134	0.0001842560828
27135	0.001720698372
27136	0.0001884661855
27137	0.00158974755
27138	0.003730504076
27139	0.0008148326635
27140	0.0002344838764
27141	0.0005175291848
27142	0.001372174675
27143	0.001362232767
27144	0.0006354869849
27145	0.001521286655
27146	0.00154764479
27147	0.0002567778906
27148	0.0009811845652
27149	0.0009165188981
27150	0.000254305369
27151	0.0005857456688
27152	0.001157228559
27153	0.001067967533
27154	0.0007441700799
27155	0.0006123748545
27156	0.0006007310268
27157	0.0002959650772
27158	0.0001665344282
27159	0.002296975489
27160	0.000546287377
27161	0.0006996948374
27162	0.0003982799074
27163	0.0002294959278
27164	0.001632880466
27165	0.001400997643
27166	0.0003466455392
27167	0.0003028029989
27168	0.001718369591
27169	0.000824189559
27170	0.0001581294702
27171	0.000387190323
27172	0.0005104310831
27173	0.0008723731496
27174	0.001202979824
27175	0.001213924669
27176	0.0009461363333
27177	0.001263073739
27178	0.001397553287
27179	0.001191532845
27180	0.001201746719
27181	0.0008916014691
27182	0.0009956586159
27183	0.0003855458348
27184	0.0007398266192
27185	0.002886894055
27186	0.0008889899255
27187	0.0006331553738
27188	0.001210195012
27189	0.002658855571
27190	0.003031904621
27191	0.001880189815
27192	0.001159575019
27193	0.0009530182194
27194	0.001026271842
27195	0.001468715346
27196	0.001224622105
27197	0.001062131095
27198	0.001260721734
27199	0.0005622041325
27200	0.0007770561552
27201	0.0008518481756
27202	0.001299184038
27203	0.0001785448372
27204	0.0002714165737
27205	0.001191423162
27206	0.0002117457961
27207	0.0001909855622
27208	1.948562372e-05
27209	0.001407556711
27210	0.0003564364744
27211	0.0006978177613
27212	0.000958179311
27213	0.007703081301
27214	0.0007725012399
27215	1.826364485e-05
27216	0.001574859113
27217	0.001331432228
27218	0.0009747346449
27219	0.00177636908
27220	0.0006387426157
27221	0.003198178705
27222	0.0009360706313
27223	0.001208451498
27224	0.001496379959
27225	0.0003159139866
27226	0.001732181803
27227	0.0007113806361
27228	0.001289568742
27229	0.0008820948613
27230	0.002540891872
27231	4.674076636e-05
27232	0.00383963379
27233	0.0006910544411
27234	0.001286454256
27235	0.003792465372
27236	0.001100409265
27237	0.001706527315
27238	0.0006902175109
27239	0.003373742145
27240	0.0007080087311
27241	0.0009478526912
27242	0.0005960424281
27243	0.002732641304
27244	0.002042431372
27245	0.001255063047
27246	0.0003400277453
27247	0.000642127512
27248	0.0009333230766
27249	0.0004377536683
27250	0.0004504229123
27251	0.0007864041947
27252	0.001575349801
27253	0.0002101052986
27254	0.001844907378
27255	0.004016050538
27256	0.0007809465359
27257	0.001720350588
27258	0.001377305409
27259	0.003015144524
27260	0.0008218607877
27261	0.002617927437
27262	0.0003292243876
27263	0.00125741125
27264	0.0005485594904
27265	0.001070446584
27266	0.001686521032
27267	0.0018053007
27268	0.001189367908
27269	0.0007434451117
27270	0.0002916329535
27271	0.0004967207988
27272	0.002065243972
27273	0.0002428003417
27274	0.001141813513
27275	0.003360389129
27276	0.001289811486
27277	0.0003013234451
27278	0.0002421270036
27279	0.0002331681981
27280	0.001326391556
27281	0.001298269171
27282	0.001695299065
27283	0.001222521895
27284	0.001025705057
27285	0.0004799800203
27286	0.0005898271588
27287	0.0002756259972
27288	0.00123366244
27289	0.0005130905389
27290	0.001415065071
27291	0.001608171797
27292	0.0005681267485
27293	0.001112641951
27294	0.0005968158603
27295	0.0001157962249
27296	0.0002321620901
27297	0.0001829898256
27298	0.00159010561
27299	0.0006765593629
27300	0.00739275006
27301	0.001500369547
27302	0.0006676120358
27303	0.0001484916742
27304	0.001228753963
27305	0.000938989514
27306	2.843590313e-06
27307	3.84025435e-05
27308	0.0008138874652
27309	0.001611738954
27310	0.002047657278
27311	0.0005931419342
27312	0.002246969953
27313	0.000729462607
27314	0.0006149573869
27315	0.0008574208207
27316	0.003690524859
27317	0.0004621986815
27318	0.0008378629955
27319	0.0008898680305
27320	0.002639034775
27321	0.0008216411331
27322	0.00112209487
27323	0.0004337628876
27324	0.00122525463
27325	0.0004408858275
27326	0.0002289002008
27327	0.006904784921
27328	0.0001641169828
27329	0.0005853852316
27330	0.00102769766
27331	0.0007244488085
27332	0.0008454507564
27333	0.001396990799
27334	0.0007584447845
27335	0.003260204989
27336	0.000877517146
27337	0.001018552634
27338	0.001110028765
27339	0.0001218106856
27340	0.0009889893516
27341	0.001272697536
27342	0.0002954282947
27343	0.001021995019
27344	0.001041752282
27345	0.0005962978188
27346	0.0006143699985
27347	0.0007880793938
27348	0.0007361080294
27349	0.001157463004
27350	0.0009672944998
27351	0.001267740951
27352	0.000991060624
27353	0.0004661641076
27354	0.001279562044
27355	0.001402560476
27356	0.001511799906
27357	0.000567769648
27358	0.0009138407585
27359	0.001070204697
27360	0.001309239374
27361	8.905988239e-05
27362	0.0003146007898
27363	0.001915697443
27364	0.0007103425279
27365	0.0009505458952
27366	0.0004560305975
27367	0.0009595666238
27368	0.001102862582
27369	0.002318922198
27370	0.001142448434
27371	0.001113771027
27372	8.792102698e-05
27373	0.001935470019
27374	0.0008074389153
27375	0.0002848070507
27376	0.001527267862
27377	0.002088012264
27378	0.0006640582506
27379	0.0008801948941
27380	0.001184939757
27381	0.001101365903
27382	9.816105582e-05
27383	0.0003828100556
27384	0.001802813696
27385	0.002072632473
27386	0.0004087666345
27387	0.0004758506932
27388	0.0006596354964
27389	0.0003061896073
27390	0.001478809974
27391	0.0006865145121
27392	6.233105951e-05
27393	0.002221032753
27394	0.0006500243579
27395	0.0008695886449
27396	0.0005951552003
27397	0.0009526149628
27398	0.004334664204
27399	2.232043762e-05
27400	0.00100037852
27401	0.0006676019695
27402	0.001901837602
27403	0.001234470312
27404	0.008701331249
27405	0.002043829232
27406	0.003563751618
27407	0.00135118557
27408	0.000998880372
27409	0.001223706521
27410	0.001165996652
27411	2.922874207e-05
27412	7.138071383e-05
27413	0.001501896667
27414	0.0001769058873
27415	0.0008609144549
27416	0.003591655365
27417	5.257587842e-05
27418	0.00121834156
27419	0.001833830724
27420	0.000251910882
27421	0.0005149795063
27422	0.0007823126539
27423	0.0008206410888
27424	0.001285310407
27425	0.001912323772
27426	0.001320881172
27427	0.001157411897
27428	0.001083114498
27429	0.001223699652
27430	0.001047569057
27431	0.000390119139
27432	0.0003462540062
27433	0.004109972993
27434	0.001035308996
27435	0.001261193305
27436	0.0006967352746
27437	0.0007945211143
27438	0.0001400801245
27439	0.001550856045
27440	0.003231817152
27441	0.001226107277
27442	0.001192032436
27443	0.001381361585
27444	0.002097682416
27445	0.0008668993015
27446	0.001983129219
27447	0.001050597329
27448	6.874836782e-05
27449	0.001592343325
27450	0.002490323067
27451	0.004181352265
27452	0.0005731994721
27453	0.0003819659069
27454	0.001157628923
27455	0.0002276619871
27456	0.001836056876
27457	0.00100875606
27458	0.001190746873
27459	0.000508890427
27460	0.0002165899369
27461	0.0009880817135
27462	0.000372664334
27463	0.0005718543213
27464	0.001609113954
27465	0.001301931768
27466	0.0005408971724
27467	0.0009563238101
27468	0.001779550728
27469	0.000186188043
27470	0.0009226227839
27471	0.001347575365
27472	3.916777906e-05
27473	0.001313738825
27474	0.001433677432
27475	0.0004354140441
27476	0.0008341176459
27477	0.001337933932
27478	0.004773141523
27479	0.001197557469
27480	0.001082811465
27481	0.001221833212
27482	0.0001329028021
27483	0.002156079404
27484	0.003959600655
27485	0.0008466056548
27486	0.006217566755
27487	0.000918357153
27488	0.001365857773
27489	0.00159053704
27490	0.0005045016605
27491	0.002488307139
27492	2.338110972e-05
27493	0.003845733057
27494	0.007129238653
27495	0.0005213994473
27496	0.0009175228453
27497	0.001781935207
27498	0.000996876464
27499	0.0002271191122
27500	0.000412676021
27501	0.002302595774
27502	0.000141514366
27503	0.005349452893
27504	0.0002871678079
27505	0.007045453046
27506	0.002124174595
27507	0.001658841918
27508	0.0001871912362
27509	0.0005390254407
27510	0.006550149815
27511	0.005046527298
27512	0.002433104462
27513	0.002526681037
27514	0.000285134212
27515	0.00293213883
27516	0.001948365886
27517	0.0009773300534
27518	0.002929220683
27519	0.002894548306
27520	0.001797107994
27521	0.0009366989787
27522	0.000217135687
27523	0.0004825270646
27524	0.0005653381655
27525	0.007982130198
27526	0.001521485334
27527	0.007192331045
27528	0.001246184935
27529	0.00221289599
27530	0.005328812932
27531	0.00179913798
27532	0.001926430664
27533	0.001664000167
27534	0.001154958883
27535	0.007240379174
27536	0.003250628762
27537	0.0004913922596
27538	0.006986032022
27539	0.0003234464818
27540	0.00590821252
27541	0.002671651132
27542	0.001160400836
27543	8.963871856e-05
27544	0.005755150535
27545	0.0005459931767
27546	0.008295549769
27547	0.0009886753848
27548	0.004019160693
27549	0.0003024520797
27550	0.0001743249743
27551	0.004189488042
27552	0.0001434013792
27553	0.0006367488627
27554	0.006187943856
27555	0.004968289573
27556	0.005798189832
27557	0.002698067898
27558	0.0007303958019
27559	0.001525797071
27560	0.005220917935
27561	0.005980420818
27562	0.006847107003
27563	0.0002595810447
27564	0.003226244971
27565	0.000951316661
27566	0.0007277409907
27567	0.001691633988
27568	0.0006487824844
27569	0.002340336961
27570	0.004272884118
27571	0.002036809818
27572	0.006471195406
27573	0.001618440857
27574	0.0007270147267
27575	0.001064508265
27576	0.001600144175
27577	0.004548050081
27578	0.0006584044225
27579	0.001615038146
27580	0.004587187559
27581	0.003437930258
27582	0.001442195573
27583	0.001001901232
27584	0.0003449608831
27585	0.0006203992652
27586	0.002355569424
27587	0.0003632189645
27588	0.0008730186442
27589	0.00200105062
27590	0.002100889989
27591	0.001248874992
27592	0.002205531894
27593	0.006664921465
27594	0.001053214207
27595	0.001009208105
27596	0.0003676200355
27597	0.002301427384
27598	0.001018149087
27599	0.0005675773014
27600	0.0007426303966
27601	0.003555938793
27602	0.002473114613
27603	0.005607207682
27604	0.007482699144
27605	0.003058172489
27606	0.002620305686
27607	0.001564499853
27608	0.001309863962
27609	0.001728878913
27610	0.001875320441
27611	0.0009437602358
27612	0.0004953214317
27613	0.0009279599981
27614	0.003795665358
27615	0.00117952458
27616	0.002010913783
27617	0.0003269459045
27618	0.0004711536528
27619	0.001978092114
27620	0.004785628103
27621	0.000864745044
27622	0.001423254151
27623	0.00728837047
27624	0.00166242428
27625	0.001435718686
27626	0.001725995448
27627	0.002373897847
27628	0.002736808297
27629	0.003024968925
27630	0.002886174521
27631	0.0006084449189
27632	0.00115677874
27633	0.000340743619
27634	0.0005785458509
27635	0.002898743964
27636	0.0002813736072
27637	0.0003766173836
27638	0.0009739297725
27639	0.002743608995
27640	0.001050752089
27641	0.002517981847
27642	0.0002980295006
27643	0.0008391024781
27644	0.0002288058388
27645	0.0007057799946
27646	0.002493140642
27647	0.0007401910862
27648	0.001074219721
27649	0.0005854398356
27650	0.000438955721
27651	0.001096518308
27652	0.005152722876
27653	0.001826368119
27654	0.001160779341
27655	0.0002557679797
27656	0.0001858759882
27657	0.0007932652886
27658	0.0003620309695
27659	0.00047280492
27660	0.002311487368
27661	0.002739376319
27662	0.0002000392367
27663	0.0007532924314
27664	0.001323248828
27665	0.002741889796
27666	0.0007479972768
27667	0.0009773770598
27668	0.002543592876
27669	0.001678679041
27670	0.0002789862695
27671	0.00252562526
27672	0.00112642817
27673	0.003185156738
27674	0.002854167546
27675	0.001424108947
27676	0.0041758443
27677	0.0006763679909
27678	0.001469206351
27679	0.002401310197
27680	0.0002199118463
27681	0.002393293634
27682	0.000700640591
27683	0.0009083314698
27684	0.0004322897962
27685	0.004419836163
27686	0.00422197263
27687	0.004019896902
27688	0.002176373639
27689	0.003445579933
27690	0.00587610535
27691	0.00128176554
27692	0.002791139791
27693	0.006230752139
27694	0.001425960472
27695	0.006570245386
27696	0.004269800418
27697	0.001865866556
27698	0.0005099085287
27699	0.0004560712406
27700	0.003627580814
27701	8.599612119e-05
27702	0.01157871703
27703	0.001625439437
27704	0.009802750997
27705	0.0001861376802
27706	7.493517256e-05
27707	0.002450533799
27708	0.001587197182
27709	0.000545193115
27710	0.003161850905
27711	0.00270648732
27712	0.001198731696
27713	0.002237380462
27714	0.003152711453
27715	0.00260712419
27716	0.001957892266
27717	8.224669896e-05
27718	0.007657968864
27719	0.003737572501
27720	0.00110645274
27721	0.001391517174
27722	0.005748844876
27723	8.013985849e-05
27724	0.001187076083
27725	7.147020244e-06
27726	6.351009296e-05
27727	0.001826930396
27728	0.002818882316
27729	0.001464971425
27730	0.001983682753
27731	8.973085804e-05
27732	0.0003302207594
27733	0.000422262806
27734	0.0007995919396
27735	5.845051428e-05
27736	0.003823618545
27737	0.004918744864
27738	0.0004115074367
27739	0.002169094229
27740	0.002126125741
27741	0.001788611117
27742	0.001244755636
27743	0.003552535516
27744	0.00142695519
27745	0.006421375747
27746	0.0007893772731
27747	0.003384477761
27748	2.234787018e-05
27749	0.0001911226837
27750	0.0007170912129
27751	0.0005888445352
27752	0.0001009130649
27753	0.0001467055171
27754	0.0003342278738
27755	0.0005346610595
27756	0.0002133471987
27757	0.001760250713
27758	0.005957568975
27759	0.002199764852
27760	0.0008003819155
27761	0.007486644635
27762	0.002315579628
27763	0.002099861104
27764	0.004550841615
27765	0.0002958085375
27766	0.001941407194
27767	0.0005879054277
27768	0.002796932066
27769	0.0003938806533
27770	0.003300110627
27771	0.004530595013
27772	0.003949881343
27773	0.000957291387
27774	0.001576715538
27775	0.0001842142199
27776	0.0002575586827
27777	0.0006862351704
27778	0.001592116347
27779	0.0001144621267
27780	0.003456764775
27781	0.0008551391581
27782	0.001895092895
27783	0.00509125158
27784	0.0002954129695
27785	0.001118228086
27786	0.0001196176415
27787	0.004032723596
27788	0.001289545324
27789	0.003036184244
27790	0.001580039544
27791	0.008196898187
27792	0.003854079039
27793	0.003059569378
27794	0.006800074762
27795	0.0006548637638
27796	0.002107463227
27797	0.003674312711
27798	0.004296563473
27799	6.176279357e-06
27800	0.0007637737411
27801	0.001339318829
27802	0.0003335867359
27803	0.0003839329427
27804	0.0001911269449
27805	0.004745996023
27806	0.002017673489
27807	0.004535506057
27808	0.004090606364
27809	0.0004534094638
27810	0.005954130568
27811	0.002849123637
27812	0.005312975059
27813	0.001784753237
27814	0.001815141387
27815	0.002077690275
27816	0.005551407434
27817	0.000228321046
27818	0.0006228231265
27819	0.006619809588
27820	0.000192247147
27821	0.006571583488
27822	0.002147824416
27823	0.0007112335059
27824	0.002903898543
27825	0.003888766142
27826	0.0001609842687
27827	0.0005314074353
27828	0.001855128231
27829	0.002680050673
27830	0.0003698673468
27831	0.006683544043
27832	0.002356784416
27833	0.002012715266
27834	0.003008791469
27835	0.003616685935
27836	0.001480271038
27837	0.001056917626
27838	0.009427053483
27839	0.0009236148801
27840	0.002480204674
27841	0.003879402029
27842	0.0003719666466
27843	0.000525179947
27844	0.001522262062
27845	0.002862048999
27846	0.002485047814
27847	6.287619406e-05
27848	0.0002666843502
27849	0.001129848749
27850	0.0006511036242
27851	0.002175212099
27852	0.002554131732
27853	0.002138640152
27854	0.001379960562
27855	0.0006972656192
27856	0.003419750845
27857	0.001791966192
27858	0.0002839224461
27859	0.0001780834516
27860	0.004906586087
27861	0.009305241694
27862	0.002288522724
27863	0.0008352924936
27864	0.001038668638
27865	0.002350022305
27866	0.01023523026
27867	0.0005289905104
27868	0.0007111004048
27869	0.001734989933
27870	0.006181224593
27871	0.002054811434
27872	0.00121867327
27873	0.002639478105
27874	0.005586482011
27875	0.001892182823
27876	6.029691186e-06
27877	0.001597279376
27878	0.003848056202
27879	0.001979008653
27880	0.003686109894
27881	0.004949188692
27882	0.000582207354
27883	0.0009385362976
27884	0.0002697955304
27885	0.0005380167921
27886	0.0004354931022
27887	0.0006382755681
27888	0.002430469344
27889	0.0006448883681
27890	5.0880778e-05
27891	0.000592514818
27892	0.002303742149
27893	0.00384479552
27894	0.001497320984
27895	0.001135435856
27896	0.01026054805
27897	0.001404016035
27898	0.0004397350345
27899	0.002044741862
27900	0.008123067776
27901	0.0006391934896
27902	0.001480999858
27903	0.005784165028
27904	0.003312683977
27905	0.002345912426
27906	0.002384931569
27907	0.002498810849
27908	0.002559601427
27909	0.001141994352
27910	0.005096876195
27911	0.000301944245
27912	0.006858035065
27913	0.003405744012
27914	0.001330292012
27915	0.0007157718921
27916	0.004712430691
27917	0.0005785549644
27918	0.00019386951
27919	0.006404019413
27920	0.003972232819
27921	0.0007811763542
27922	0.003284121028
27923	0.007608148464
27924	0.005292297773
27925	0.002231401402
27926	0.0001841897413
27927	0.0008371670801
27928	0.000460825149
27929	0.002616424972
27930	0.001037122044
27931	0.007464775233
27932	0.004981025626
27933	0.0001712298709
27934	0.002951560834
27935	0.0001959891423
27936	0.003497857076
27937	0.0005838530483
27938	0.006245693782
27939	0.001018008764
27940	0.0002188110022
27941	0.001281118444
27942	0.001403995417
27943	0.000377295065
27944	5.971819365e-06
27945	0.0004179526885
27946	0.0006423635159
27947	0.007506018933
27948	0.001954074483
27949	0.001088850805
27950	0.001594965578
27951	0.0008199018603
27952	0.0004507979684
27953	0.0002865904272
27954	0.0005948441179
27955	2.102738416e-05
27956	0.003805116485
27957	0.000189754758
27958	0.001556245187
27959	0.0004675889683
27960	5.312408309e-05
27961	0.0003887733062
27962	0.0008032125118
27963	0.000818949576
27964	0.0002816727772
27965	2.169581289e-05
27966	2.282467148e-05
27967	0.0006340930796
27968	0.0004264210293
27969	3.828903687e-05
27970	0.0008203134177
27971	0.0006128976946
27972	4.450692961e-05
27973	0.0001518380969
27974	0.000262221504
27975	0.0009940560337
27976	3.196468165e-05
27977	0.0007026538786
27978	7.335939973e-05
27979	0.0004755749884
27980	0.0001980481524
27981	0.0006455724783
27982	0.000341931439
27983	4.931353923e-05
27984	0.0005737217384
27985	0.0001252095228
27986	0.0007525504995
27987	0.0001542996988
27988	0.000156222684
27989	8.598557615e-05
27990	9.602039883e-05
27991	0.0002600528387
27992	0.0003927646957
27993	0.001188109586
27994	9.298773287e-05
27995	0.0004443437298
27996	6.647871431e-05
27997	0.00040724794
27998	0.001796848586
27999	7.151721193e-06
28000	3.618120592e-05
28001	0.0004537120855
28002	0.0004153769902
28003	0.0004966119559
28004	0.0002465560657
28005	0.0008447089454
28006	0.0009068048228
28007	0.0001939204929
28008	0.0005160152515
28009	0.0002170103432
28010	0.0003381736907
28011	0.0006027598898
28012	0.0001986254041
28013	0.0002080455997
28014	0.0002558770314
28015	0.0004138094762
28016	0.0002347586668
28017	0.0002000710602
28018	5.803215177e-05
28019	0.0002125643954
28020	0.0003622621223
28021	0.000311192121
28022	0.0007659419406
28023	0.0002585947603
28024	0.0006053969701
28025	0.000355124139
28026	0.000323890475
28027	0.0001582914811
28028	0.000545298705
28029	0.000626363006
28030	0.0002774087934
28031	3.576589811e-06
28032	0.001281812657
28033	0.0002031490545
28034	0.002270674994
28035	0.001928678332
28036	0.0001201131396
28037	0.0008610421893
28038	5.410030502e-05
28039	0.001412012106
28040	0.0017664092
28041	0.000218705829
28042	0.0001276773872
28043	0.0001755532132
28044	0.0001060596623
28045	0.0004077829435
28046	0.002448989273
28047	3.145934985e-05
28048	0.0007423809345
28049	0.0002095904973
28050	0.0006354954492
28051	0.003055313837
28052	0.001145846686
28053	0.005704562691
28054	0.006350746915
28055	0.004863483913
28056	0.001775476275
28057	0.0002586655492
28058	0.0008886641667
28059	0.001403086836
28060	0.00315571859
28061	0.0009521179493
28062	0.0006084472364
28063	0.0007722824418
28064	0.003936431004
28065	0.0001233544021
28066	0.001880368614
28067	0.006273997109
28068	0.003509396379
28069	0.006192583965
28070	0.001439480845
28071	0.0007541859757
28072	0.0002062414688
28073	0.001804681883
28074	0.004017181866
28075	0.005140176244
28076	0.001913279634
28077	0.0007866139077
28078	0.001072756419
28079	0.002016960934
28080	0.002548664746
28081	0.0002273643373
28082	0.0002561355029
28083	0.0012244376
28084	0.001427474438
28085	0.003013165936
28086	0.001500277626
28087	2.468840355e-05
28088	0.003133154776
28089	0.001394861978
28090	0.003860989177
28091	0.00321173103
28092	0.0007021372284
28093	0.004868089301
28094	0.0007034306266
28095	0.001671917283
28096	0.000311747929
28097	0.000558685658
28098	0.002009436554
28099	0.001505445672
28100	0.001004986777
28101	0.003501147637
28102	0.001389398994
28103	5.509041959e-05
28104	0.0002599752933
28105	0.001551685967
28106	0.002102581557
28107	0.0007318362516
28108	0.001147135189
28109	0.002465632755
28110	0.007756884291
28111	0.002460000607
28112	0.003430689987
28113	0.00411201213
28114	0.002663113013
28115	0.003237087388
28116	0.0002619595813
28117	4.41022889e-05
28118	0.0007136298664
28119	0.00309128388
28120	0.001334429838
28121	0.0006111701837
28122	0.001093992088
28123	0.002537726975
28124	0.004592837275
28125	0.0002548273304
28126	0.001309808476
28127	0.0001831372223
28128	0.002545620857
28129	0.0001566943221
28130	0.001605474744
28131	0.002355590724
28132	0.00310288029
28133	0.006747735598
28134	0.0008409285296
28135	0.008274241144
28136	0.00443247102
28137	0.0009418594749
28138	0.001279295471
28139	0.0002958063852
28140	0.0004317774458
28141	0.005517369428
28142	0.004195819466
28143	0.002537556695
28144	8.36308175e-05
28145	0.001913232445
28146	0.0003586507097
28147	9.753494788e-05
28148	0.001424128964
28149	0.001462044305
28150	0.000711511903
28151	0.003196150206
28152	9.68762442e-05
28153	0.001414678017
28154	0.0001881126618
28155	0.0003485878758
28156	0.002766879451
28157	0.006439035425
28158	0.0002256184371
28159	0.004579772141
28160	0.000106649213
28161	0.0005463304352
28162	0.001986375998
28163	0.0009238112452
28164	0.00275531968
28165	9.477861154e-05
28166	0.0002335776882
28167	0.000751453725
28168	0.002075475945
28169	0.0006708590756
28170	0.0004867795672
28171	0.0002360797757
28172	0.001754797447
28173	0.003450650641
28174	0.0009944527
28175	0.0002955509464
28176	0.003795241304
28177	0.00013394172
28178	8.174159213e-05
28179	0.001899893985
28180	0.001890973845
28181	5.653720822e-05
28182	0.001514355817
28183	0.003030975563
28184	0.0008738452456
28185	0.001659208308
28186	0.003024380193
28187	0.0005700528752
28188	0.0004662496716
28189	0.0006651249685
28190	0.003163406699
28191	0.0002793886922
28192	0.0005703733168
28193	0.0004258661617
28194	0.0003633756618
28195	0.0005016220974
28196	0.003251794337
28197	9.766415978e-05
28198	0.003960298925
28199	0.002735200637
28200	0.001824190465
28201	0.000271141982
28202	0.0005832763105
28203	0.001691683013
28204	0.0003047478506
28205	0.0003802630586
28206	0.00129249399
28207	0.0001769279658
28208	0.003196681125
28209	0.000414412028
28210	0.001159447514
28211	0.001416140749
28212	0.001366779208
28213	4.392732917e-05
28214	0.0001437543856
28215	0.0002020806108
28216	0.0003703776068
28217	0.00107233965
28218	0.0006648117593
28219	0.0001764230352
28220	0.0003543190503
28221	0.0009609877352
28222	4.969321251e-06
28223	0.001185340962
28224	0.0003491696447
28225	0.002589970944
28226	0.0002389923175
28227	0.0003789238897
28228	6.292701196e-05
28229	2.855224789e-05
28230	0.001192925879
28231	0.002952099878
28232	0.0001007568698
28233	0.0001572612216
28234	0.0001643782613
28235	0.0003360164781
28236	0.001582560842
28237	0.0001432019603
28238	4.818887374e-05
28239	0.0007589914637
28240	0.0002403721196
28241	0.00386690405
28242	0.0004884761599
28243	0.002805144255
28244	0.002036744559
28245	0.001194770937
28246	0.005262176196
28247	0.0003061390333
28248	0.0001998493291
28249	0.00475092169
28250	0.003778124743
28251	0.003260781141
28252	0.004417905382
28253	0.001828992633
28254	0.0017277754
28255	9.318632981e-06
28256	0.001886927291
28257	5.148873368e-05
28258	0.0002041983159
28259	0.004616886179
28260	0.001140243313
28261	0.002622717425
28262	0.0006584429921
28263	0.006091936686
28264	0.001146888453
28265	4.392580145e-05
28266	0.00798010988
28267	0.001413568368
28268	0.0008313233373
28269	0.003668753842
28270	0.004547556343
28271	0.003655168965
28272	0.0008219506117
28273	0.001969610312
28274	0.002838727894
28275	0.0005750513349
28276	5.718699035e-05
28277	0.002727185255
28278	6.368754779e-05
28279	0.0001436001529
28280	0.0004616986467
28281	0.0003808104114
28282	0.0001014912934
28283	3.999011647e-05
28284	0.0001147994935
28285	0.0008128307893
28286	0.0004388575545
28287	0.002711658189
28288	0.002758016657
28289	0.0009739260608
28290	0.005730118782
28291	0.001209803472
28292	0.00271803729
28293	0.002487852781
28294	0.002854292884
28295	0.002698613074
28296	0.0007364602437
28297	0.006239063702
28298	0.001486864774
28299	0.001109938119
28300	0.0001158699756
28301	0.001487786474
28302	0.01003385336
28303	0.006564187118
28304	0.0006712561378
28305	0.0008748758205
28306	0.0003390334212
28307	0.0003877432486
28308	0.00197112115
28309	0.0005811644531
28310	0.0006790072236
28311	0.003940330754
28312	0.0007599073703
28313	0.003666698955
28314	0.001573620861
28315	0.0004121671936
28316	0.00134843746
28317	0.0009370740187
28318	0.001040905712
28319	0.0008416905215
28320	0.001838931206
28321	4.998472168e-05
28322	0.0007391998754
28323	0.002774441847
28324	0.0007227820125
28325	0.002491595427
28326	0.0005665209689
28327	0.0004839625184
28328	0.0001346746286
28329	0.003766653798
28330	0.002055644161
28331	0.003400998569
28332	0.002289177776
28333	0.00147527022
28334	0.001116388985
28335	0.001753609398
28336	0.0006222468569
28337	0.003415631055
28338	0.001229023784
28339	0.001113488113
28340	0.002762860706
28341	0.003462164475
28342	0.003877545363
28343	0.001717265561
28344	0.0003804931403
28345	0.0002120055945
28346	0.002829503026
28347	0.002541023735
28348	0.002338723758
28349	0.003956269758
28350	0.005550069404
28351	0.002278071363
28352	0.001972786815
28353	0.004547535124
28354	0.0004889670676
28355	0.002620085073
28356	0.000833367382
28357	6.174928355e-05
28358	0.001873172234
28359	0.001654834374
28360	0.0001287317587
28361	0.002989796232
28362	0.001628476214
28363	0.0004873215013
28364	0.0006166516619
28365	0.0003268023429
28366	1.81222358e-05
28367	0.003002813954
28368	0.002143493241
28369	0.001132478888
28370	0.001047836936
28371	0.0002689834655
28372	0.0005978249227
28373	0.001243047141
28374	0.0001664672062
28375	0.003962290449
28376	0.001575169223
28377	0.002049546086
28378	0.0005607252002
28379	0.005586063561
28380	0.002806416569
28381	0.000670670613
28382	0.001165045903
28383	3.291352935e-05
28384	0.001031329132
28385	0.001344766353
28386	0.0007134152169
28387	0.0003762306014
28388	2.933640426e-05
28389	0.0009401771007
28390	0.0009981536164
28391	0.000537361717
28392	7.591622191e-05
28393	0.001698232951
28394	0.001709597261
28395	0.002380731952
28396	0.003441190065
28397	0.001491921397
28398	0.0008059312397
28399	0.0002364955228
28400	0.003771364514
28401	0.003834047782
28402	0.0003551892494
28403	0.0008714464451
28404	0.004670380404
28405	0.0027458587
28406	0.00120079933
28407	0.000781949259
28408	0.001583685226
28409	0.0001423079114
28410	0.002009978357
28411	0.003018949359
28412	0.001739776375
28413	0.001711168772
28414	0.0004745543099
28415	0.00213309252
28416	0.0005025810516
28417	0.006313813203
28418	0.002215108179
28419	0.001794564355
28420	0.0006381808167
28421	0.0009719796911
28422	0.0002881640251
28423	0.0003593659064
28424	0.001593521709
28425	0.002305927305
28426	0.001186584535
28427	0.005979511507
28428	0.0002820157312
28429	0.001279513823
28430	0.003416445784
28431	0.001587809166
28432	0.0002250213273
28433	6.839315548e-05
28434	0.0001966773663
28435	0.0001854371754
28436	0.001116550673
28437	0.0001973166791
28438	0.0006723327079
28439	0.0002743904054
28440	0.001149978669
28441	0.003602100288
28442	0.0003849690555
28443	0.0004786563779
28444	0.0001244098643
28445	0.001794876362
28446	0.0002789286775
28447	0.0004516130852
28448	7.250488918e-05
28449	0.0002000983417
28450	0.0001893247212
28451	9.852173722e-05
28452	0.002055669584
28453	0.000216481619
28454	0.001447075764
28455	0.00252962873
28456	0.002531224553
28457	7.966887543e-05
28458	0.0003010752495
28459	0.0002008069506
28460	0.0002493908576
28461	0.001922780237
28462	8.314509802e-05
28463	0.0006077274561
28464	0.0003238311815
28465	0.0008719949107
28466	0.0009072460367
28467	0.001558526215
28468	6.833543203e-05
28469	3.713227535e-05
28470	0.003148785059
28471	0.0006958411886
28472	0.005276534052
28473	0.003078398586
28474	0.0004243530548
28475	0.0002289667877
28476	0.0005841038978
28477	0.0005492621457
28478	0.01002773142
28479	0.001188627411
28480	0.0007147745367
28481	0.0002174763948
28482	0.0004500829596
28483	0.0001262499636
28484	0.0003206156721
28485	0.0005407859007
28486	0.009031545128
28487	5.845609347e-05
28488	0.005692480369
28489	2.045510651e-05
28490	0.0005289262316
28491	0.0007912169854
28492	1.960798252e-05
28493	0.003026822414
28494	0.002358752525
28495	0.0005956383713
28496	0.002036195492
28497	0.0006101863621
28498	0.002454190849
28499	0.00138625387
28500	0.0006038216759
28501	3.423006183e-05
28502	0.007606363006
28503	0.002635508402
28504	0.0009676938247
28505	0.002662952837
28506	7.838750999e-05
28507	0.005592440387
28508	0.002075293567
28509	0.003167190782
28510	0.004160512319
28511	0.004300115177
28512	0.0006094190785
28513	0.0004177230696
28514	0.002343509579
28515	0.001769174322
28516	0.0009338065441
28517	0.006910033679
28518	0.004831479394
28519	0.002610963779
28520	0.0005122205552
28521	0.001131557242
28522	0.00130245916
28523	0.0006870750067
28524	0.003194420221
28525	0.0009297904662
28526	0.0004109093963
28527	0.004132598096
28528	0.001421897244
28529	0.003930995215
28530	0.005049386801
28531	0.002039391237
28532	0.001212210147
28533	0.003717223967
28534	0.0005718511451
28535	0.0008900902124
28536	0.001642866832
28537	0.0004881387226
28538	0.002460994866
28539	0.0001960355921
28540	0.003073913417
28541	0.002497340581
28542	0.004670317901
28543	0.002376743846
28544	0.006381792339
28545	0.001919391419
28546	0.001652913221
28547	4.973173144e-05
28548	0.006195857278
28549	0.0006829626314
28550	0.0003217890967
28551	0.0007816429845
28552	0.001828930275
28553	0.004742007983
28554	0.0005342239816
28555	0.01311621581
28556	0.0003140913988
28557	0.001856731875
28558	0.001613410739
28559	0.002190497882
28560	0.00241829708
28561	0.003103919724
28562	0.0004650015595
28563	0.002465816019
28564	0.0001108736178
28565	9.83969606e-05
28566	0.0008297831161
28567	0.001646789794
28568	0.001305479151
28569	0.0008063680963
28570	0.0001920382423
28571	0.002139952451
28572	0.002469770754
28573	0.0001613859897
28574	0.004822647605
28575	0.0008311886813
28576	0.0006965861195
28577	0.00119823876
28578	0.0004188543942
28579	0.0002469002117
28580	0.0001377824451
28581	0.007046267326
28582	0.001384857243
28583	0.004310225281
28584	0.0003919624072
28585	0.001319142929
28586	0.0001395900767
28587	0.0001323325744
28588	0.0002943090188
28589	4.470658921e-05
28590	0.0003303587174
28591	0.000140822478
28592	9.514587142e-06
28593	0.0005744927326
28594	0.0002816482446
28595	0.0004636539033
28596	0.000311052419
28597	0.002997156623
28598	0.001714902994
28599	0.001273013932
28600	0.0005074500048
28601	0.003004071483
28602	0.001418100939
28603	0.002651658136
28604	0.002458424752
28605	0.0006235956741
28606	0.004528159134
28607	6.513066593e-05
28608	0.002581449621
28609	0.0001998937276
28610	0.004036691649
28611	0.001220324861
28612	0.0003979892394
28613	0.002288552789
28614	0.001861174858
28615	9.382386378e-05
28616	0.001409267181
28617	0.002063812434
28618	0.001056340143
28619	0.005911616515
28620	0.001268700994
28621	0.004279753429
28622	0.0003031602095
28623	0.002419097699
28624	0.006460299768
28625	0.000520558724
28626	0.0004034704342
28627	0.004780445222
28628	0.002466843725
28629	0.002395257559
28630	0.002422077645
28631	0.0004145417686
28632	0.00198128874
28633	0.001233890799
28634	0.001157440994
28635	0.000591001958
28636	0.002631963894
28637	0.002597441832
28638	0.007725767244
28639	0.002975517726
28640	0.001189900041
28641	0.0001606849113
28642	0.003273829976
28643	3.807789457e-08
28644	0.002242990864
28645	0.003541581302
28646	0.0006792119105
28647	0.003527949091
28648	0.0004961497073
28649	0.002279023076
28650	0.0007675361251
28651	0.001579988261
28652	0.002090306214
28653	0.005527089321
28654	0.002224273742
28655	0.005515205301
28656	0.003322099757
28657	0.0007797704857
28658	0.002534285126
28659	0.0008257505655
28660	0.0006455892756
28661	0.0004591438052
28662	0.001731529559
28663	7.597643488e-05
28664	0.005170240177
28665	0.0008579721953
28666	0.0007344524808
28667	0.0009754230685
28668	0.001315611082
28669	0.0009765748224
28670	0.001749979229
28671	9.247727072e-07
28672	0.00512635115
28673	0.0006810242406
28674	0.003027023403
28675	0.0004476366682
28676	0.001236322368
28677	0.001612506495
28678	0.002478125126
28679	0.006151354199
28680	0.001036612818
28681	0.004376955726
28682	0.001766384194
28683	0.008546411101
28684	0.0007525289855
28685	0.004589854906
28686	0.0006451084571
28687	0.0003658861071
28688	0.0002177545453
28689	0.001757601458
28690	8.357168338e-05
28691	0.001928095176
28692	0.0009697659147
28693	0.0001274046766
28694	0.004784692309
28695	0.004515677004
28696	0.001009662289
28697	0.004938462062
28698	0.002185757925
28699	0.001422008945
28700	0.0003008504429
28701	0.008291890705
28702	0.00344116977
28703	0.00213617634
28704	0.001020378056
28705	0.002417672691
28706	0.0009994528755
28707	0.00349263495
28708	0.001804163987
28709	0.003787015262
28710	0.002418931201
28711	0.0002647330296
28712	0.0009052053397
28713	0.003010976897
28714	0.001412408031
28715	0.001173299454
28716	0.001200901567
28717	0.002425559093
28718	0.0001680852356
28719	0.001771451422
28720	0.006108041846
28721	0.003499186763
28722	0.002971395896
28723	0.001450817603
28724	0.001605818673
28725	0.001059901294
28726	0.001325000384
28727	0.0022664727
28728	0.003310599601
28729	0.003881712127
28730	0.00058637831
28731	0.001698162516
28732	0.0004098727486
28733	0.003634956351
28734	0.0001078626489
28735	0.0002795315342
28736	0.005917558804
28737	0.004553201936
28738	0.0009714777267
28739	0.0002178131101
28740	0.001505620961
28741	0.0008325111586
28742	0.00377469785
28743	0.001068378633
28744	0.0005173339041
28745	0.0003637511007
28746	0.003406143635
28747	0.0002614368268
28748	0.0003168167675
28749	0.001396980482
28750	0.003414079995
28751	0.001414930847
28752	0.0008367635057
28753	0.002104998546
28754	0.003477849804
28755	0.001083572191
28756	0.003323537038
28757	0.0007865765205
28758	0.0003418363191
28759	0.003718361247
28760	0.003260824237
28761	0.002040413847
28762	0.0008447181314
28763	0.0002770812316
28764	0.005242221708
28765	0.003194913992
28766	0.002888396195
28767	0.0003561444736
28768	0.0006716658313
28769	0.000332607412
28770	0.001176618753
28771	0.001489777625
28772	0.003385285086
28773	0.004117183333
28774	0.001438989294
28775	7.875899485e-05
28776	0.002489897313
28777	0.000187235979
28778	0.002314172699
28779	0.004539940875
28780	0.006279320887
28781	0.00474396346
28782	0.005955285192
28783	0.003531591447
28784	0.004606190372
28785	0.001164163487
28786	0.0003548196482
28787	0.00507409772
28788	0.002290318235
28789	0.004527170632
28790	0.0005999412821
28791	0.001804293659
28792	0.003673745422
28793	0.006774092936
28794	0.004917317646
28795	0.001762217599
28796	0.001833477819
28797	0.001187468996
28798	0.00401305101
28799	0.00350926698
28800	0.008163516667
28801	0.001698128506
28802	0.004991137605
28803	0.0005667064463
28804	0.00247846673
28805	0.002842554094
28806	0.008582799267
28807	0.000779876772
28808	0.0008810858772
28809	0.001106855504
28810	0.0006652109019
28811	0.00306612873
28812	0.006850651523
28813	0.00132040488
28814	0.00340132981
28815	0.0001757315945
28816	9.589326552e-08
28817	0.002702481687
28818	0.0007087874532
28819	0.004710274515
28820	0.001619501851
28821	0.0002975204111
28822	0.003182280087
28823	5.122173724e-05
28824	0.009220021524
28825	0.007666272501
28826	0.0005304630628
28827	0.001407737716
28828	1.928696593e-05
28829	0.006773409874
28830	0.001160020433
28831	0.001177288694
28832	0.005297213879
28833	0.002319695124
28834	8.386201394e-05
28835	0.002129838546
28836	0.0002783618105
28837	0.0001023832902
28838	0.006729580341
28839	1.123146134e-05
28840	0.0008252181197
28841	0.001578664786
28842	0.0007696704249
28843	0.0001861395786
28844	0.003186707313
28845	0.0003842778809
28846	0.000733063162
28847	7.02284921e-05
28848	0.002694730962
28849	0.002963851654
28850	0.0009010418154
28851	0.007680202649
28852	0.003162642401
28853	0.0001468205153
28854	7.860709187e-06
28855	0.001275871919
28856	0.0001156096538
28857	0.0008131753729
28858	0.004541875221
28859	0.001558803379
28860	0.003235650243
28861	0.0004650512171
28862	0.002838486916
28863	0.000222200961
28864	0.0002232495609
28865	0.001540349441
28866	5.882897931e-05
28867	0.0009810232387
28868	0.0003890204971
28869	0.004900868241
28870	2.373107168e-05
28871	0.0004649813906
28872	0.0005786266124
28873	0.001406983495
28874	0.004764940156
28875	0.0006175145982
28876	0.001424738096
28877	0.0001256307869
28878	0.002992511486
28879	0.0001278962692
28880	0.0001877591863
28881	0.001402872744
28882	0.001047526643
28883	0.004793239648
28884	0.0003402408805
28885	0.001220923696
28886	0.002735615753
28887	0.0002069015027
28888	0.0005481966912
28889	0.0003928196497
28890	0.0003546579319
28891	0.0007176837202
28892	0.0003965888268
28893	0.000115218806
28894	0.0003588122482
28895	6.881920868e-05
28896	0.004277002967
28897	0.002561809708
28898	0.000906848
28899	0.0003942203353
28900	0.000124020346
28901	0.0001844887497
28902	0.0004535798957
28903	0.001671282263
28904	0.0001832321262
28905	0.0003993589957
28906	0.00047251279
28907	0.0007207586894
28908	0.0002221860311
28909	0.000268067166
28910	8.915126499e-05
28911	0.0002684648016
28912	0.0003389801261
28913	0.0004606425474
28914	1.273753706e-05
28915	0.0002080819878
28916	0.0002589528388
28917	0.0003180059779
28918	0.001463012365
28919	0.000393565024
28920	0.0004360165512
28921	0.0007796019692
28922	0.0002433165401
28923	5.970633661e-05
28924	0.001681078182
28925	7.029432363e-05
28926	8.417898823e-05
28927	0.0003030733687
28928	0.0009750930473
28929	0.002199567295
28930	0.0001469295132
28931	0.0001614662964
28932	0.0003543512837
28933	0.0001676061512
28934	0.0002082517254
28935	0.0001445947515
28936	0.0007793331542
28937	2.726491851e-05
28938	0.003164542174
28939	0.003946334888
28940	0.0005396657199
28941	0.0002186623049
28942	0.0005618065085
28943	0.002123007978
28944	0.0002693994535
28945	0.0002532805985
28946	0.0004595054486
28947	1.180998391e-05
28948	0.0004344226286
28949	0.000407408161
28950	1.448126314e-05
28951	0.0003382060157
28952	7.796685617e-06
28953	0.0006949062279
28954	0.000406326963
28955	0.0005888739728
28956	0.0006780794988
28957	8.643905884e-05
28958	0.0007057436249
28959	0.0006643303315
28960	0.001146139335
28961	0.0003416087779
28962	0.0003967470742
28963	0.0003708485848
28964	7.94039966e-05
28965	2.895541783e-05
28966	1.319683755e-05
28967	9.013112074e-05
28968	2.748820517e-05
28969	0.0001059637766
28970	0.0004421194961
28971	0.0005512410474
28972	0.0001462652209
28973	0.0001315247974
28974	2.22300137e-05
28975	0.0003369999505
28976	0.0004187422865
28977	0.0001485020597
28978	0.000247675809
28979	8.447843088e-05
28980	0.0002309872614
28981	0.0003571552155
28982	0.0004775198082
28983	0.001531579986
28984	0.0003937947145
28985	0.0008218797106
28986	0.0004428425728
28987	0.0003627250919
28988	0.000286957329
28989	0.0004200243241
28990	0.0001381446668
28991	0.0002758690238
28992	0.0001347714155
28993	0.0004405774403
28994	0.0001410759434
28995	0.0002030559842
28996	0.0001616267276
28997	0.0004358816756
28998	0.0002568085603
28999	0.0005319103243
29000	0.004454501908
29001	0.001881533443
29002	0.00037317773
29003	0.005657576971
29004	2.009098286e-05
29005	0.0013128346
29006	0.003469106321
29007	0.003085890892
29008	0.0003221147372
29009	0.0005743469794
29010	0.0004809149903
29011	0.000201511796
29012	0.0003437326894
29013	0.0001924334007
29014	5.327986867e-05
29015	0.0001952003368
29016	0.0001100412587
29017	9.085567493e-05
29018	0.0005500845264
29019	0.0009859906558
29020	0.0001864591636
29021	0.0001739569198
29022	0.0004478438917
29023	0.0003571273618
29024	0.000566887159
29025	2.029136707e-05
29026	4.262263168e-05
29027	0.000587495902
29028	0.001098162268
29029	0.0005983169852
29030	0.0001066792226
29031	0.0002463286731
29032	6.914193685e-06
29033	2.470406062e-06
29034	0.0007467156935
29035	0.0001947271197
29036	0.0001032247331
29037	6.728318934e-05
29038	0.000804851671
29039	0.0001096325046
29040	4.104016601e-05
29041	0.0005755973169
29042	4.267091561e-05
29043	0.0002953109903
29044	0.0001426717619
29045	0.0003743758707
29046	0.0001234635621
29047	0.00071506453
29048	0.001029315014
29049	0.0006863779341
29050	0.003713389104
29051	0.0002117126388
29052	0.0001218101783
29053	0.0004172102392
29054	0.00562650759
29055	0.000243791252
29056	0.002159773218
29057	0.003028678061
29058	0.001238084381
29059	0.008230119191
29060	0.003358057485
29061	0.000305156915
29062	0.0003608602917
29063	0.005086352554
29064	0.003979514421
29065	0.00117926475
29066	0.005279927993
29067	0.002893294726
29068	0.00136860914
29069	0.000116698341
29070	0.007356737686
29071	0.0008829156347
29072	0.000814538868
29073	0.008926195086
29074	0.0002442895799
29075	0.0007652969752
29076	0.0001419638881
29077	9.577136457e-05
29078	9.260370989e-05
29079	0.001918907697
29080	0.000518061516
29081	0.0007214108589
29082	0.000616963175
29083	0.000987404149
29084	0.0009061390925
29085	0.00555923579
29086	0.001798706023
29087	0.006188579292
29088	0.003226319925
29089	0.005400692373
29090	0.002485487672
29091	0.000684450197
29092	5.591575545e-05
29093	0.003141244292
29094	0.003527428012
29095	0.000496113939
29096	0.0004748448998
29097	4.386912912e-05
29098	0.0008776844995
29099	0.0003305063436
29100	0.0005832832307
29101	0.002656161058
29102	0.005662714384
29103	0.006570548542
29104	0.004563498373
29105	0.0006854436529
29106	0.0006392422017
29107	0.002518999535
29108	0.0001710330055
29109	0.002850173712
29110	0.00153050113
29111	7.866875066e-05
29112	0.00161881522
29113	0.0006707465925
29114	0.0001048711515
29115	0.002399416428
29116	0.0006145353507
29117	0.001998899458
29118	0.006642877979
29119	0.0004260786109
29120	2.991482943e-05
29121	9.241884785e-05
29122	0.001993551971
29123	0.001774334914
29124	0.001230044309
29125	0.001206977939
29126	0.0003409065827
29127	0.00142825676
29128	0.0006979009776
29129	0.0002227696635
29130	0.003771907186
29131	0.001893987291
29132	0.0008627036345
29133	0.002127616375
29134	0.001351111696
29135	0.003024176048
29136	0.0009264913168
29137	0.001932874059
29138	0.00115412522
29139	0.008296011573
29140	0.002441071822
29141	0.0003257074212
29142	0.001101001125
29143	9.571982995e-06
29144	0.003021803437
29145	0.00166976751
29146	0.002739422945
29147	0.002892878159
29148	0.001138121515
29149	0.001879707559
29150	0.0003166744657
29151	0.0004307766978
29152	0.0002550906809
29153	0.001943040774
29154	9.448085373e-06
29155	0.002715708197
29156	0.002964427881
29157	0.0005781762714
29158	0.0006600940635
29159	0.0003556572973
29160	2.815677836e-05
29161	0.0004126707721
29162	7.014309337e-06
29163	4.534747796e-05
29164	0.00144854565
29165	0.004243095957
29166	0.001590547826
29167	0.0005591650477
29168	0.0004111714689
29169	0.001057987164
29170	0.004103178146
29171	0.003836557654
29172	0.002304939483
29173	0.0006876916153
29174	0.001369768755
29175	0.0005417752805
29176	0.00295096719
29177	0.0004832444609
29178	0.0005366348483
29179	0.0008627673706
29180	0.001314713809
29181	0.005504741577
29182	0.001486954921
29183	0.0008222897497
29184	0.0004448216768
29185	0.0004866190526
29186	0.001588371622
29187	0.002001280037
29188	0.002052145007
29189	0.001142629039
29190	0.001108290961
29191	0.003124260175
29192	0.0002849378175
29193	0.003848092853
29194	0.0007317778816
29195	0.001380380421
29196	0.001745797366
29197	0.000200436469
29198	0.0003354522123
29199	0.0003280214765
29200	0.006494349225
29201	0.003200910463
29202	0.002598252246
29203	0.0006117265128
29204	0.00249930007
29205	0.001537351348
29206	0.0002620052231
29207	0.0001462854176
29208	0.006314850137
29209	0.0006447302485
29210	0.005407229819
29211	0.002373468574
29212	0.0007110587945
29213	0.002883500425
29214	0.0004701559899
29215	0.001215767008
29216	0.001881760893
29217	0.005794924796
29218	0.0004020919901
29219	0.0006790063825
29220	0.001657795615
29221	0.001565185167
29222	0.001390322841
29223	0.004986141418
29224	0.0004944234773
29225	0.001132199323
29226	0.003237094696
29227	0.0001744112018
29228	0.0007859459309
29229	0.0007726257188
29230	0.001255620157
29231	0.003585189637
29232	0.0006463930641
29233	0.002532818704
29234	0.001621855926
29235	4.009342291e-05
29236	0.001944570071
29237	0.003757350041
29238	0.003494060586
29239	0.002614820837
29240	0.001887478802
29241	0.003343646259
29242	0.005000481914
29243	0.0005522538844
29244	0.002862574945
29245	0.006747907953
29246	0.0006963446795
29247	0.0009063386762
29248	0.002730457673
29249	0.003846245263
29250	0.0006881891983
29251	0.0001512572694
29252	0.002169945704
29253	0.005411438608
29254	0.0006226694948
29255	0.004830601779
29256	0.003293055966
29257	0.001612770788
29258	0.0001109664985
29259	0.004953460671
29260	0.0010917577
29261	0.000133153562
29262	0.003737313165
29263	0.0004396855947
29264	0.002588456275
29265	0.001894009388
29266	0.0008940763248
29267	0.005737949607
29268	0.0009711899654
29269	0.0005606161625
29270	0.00137002384
29271	0.001136068267
29272	0.003651941123
29273	0.0084645797
29274	0.000750501861
29275	0.003051619603
29276	0.001557096034
29277	0.004351479209
29278	0.008692264377
29279	0.0006168149754
29280	0.001043992127
29281	0.007626648248
29282	0.00698609511
29283	0.002333664701
29284	0.002342840279
29285	0.007719894819
29286	0.007844569303
29287	0.0008572479268
29288	0.003286394178
29289	0.007985189508
29290	0.0001756039212
29291	0.001810924902
29292	0.003571368837
29293	0.001263670502
29294	0.001401378542
29295	0.001038200818
29296	0.001479810426
29297	0.0008876530918
29298	0.00204895647
29299	0.00160339798
29300	0.0002589737677
29301	0.0002824630901
29302	0.002686547641
29303	0.001497759408
29304	1.521483437e-05
29305	0.001000396017
29306	0.0006299864991
29307	0.000664267685
29308	0.0007666594828
29309	0.0008441862856
29310	0.0008803863832
29311	0.0002102491674
29312	0.002078443277
29313	0.005160924682
29314	0.001311186826
29315	0.001605582761
29316	0.001118885909
29317	0.001575400384
29318	0.003783532168
29319	0.004332927621
29320	0.0006341414459
29321	0.000877017054
29322	0.001291720177
29323	0.00563721615
29324	0.006002768202
29325	0.003546629445
29326	7.581698541e-05
29327	0.0002738496736
29328	0.002142123858
29329	0.003678839622
29330	0.001786517588
29331	0.002145973551
29332	0.0036876047
29333	0.001368821912
29334	0.001679617704
29335	0.004893624623
29336	0.004111101047
29337	0.0001621376269
29338	0.0004900049427
29339	0.0003704639625
29340	0.0004854675044
29341	0.0006977872247
29342	0.00135011049
29343	0.002923899679
29344	0.001117894721
29345	0.000319083939
29346	1.210168233e-06
29347	8.049550882e-06
29348	0.003468395366
29349	0.0001327535261
29350	0.0007884248161
29351	0.0033267022
29352	0.001610146327
29353	0.0005968501081
29354	0.003544118587
29355	0.001014099289
29356	0.004128519735
29357	1.315175703e-05
29358	0.000681461813
29359	0.0005638124273
29360	0.001768834191
29361	0.001256832619
29362	0.003502108155
29363	0.001077716254
29364	0.001809881277
29365	0.002959203818
29366	0.001348682844
29367	0.0003663871447
29368	0.001581328548
29369	0.0001697805178
29370	0.001087196973
29371	0.0005678782768
29372	0.0009918700184
29373	0.002883884224
29374	0.0006336426716
29375	0.000992896393
29376	0.0001580400708
29377	0.004175254823
29378	0.004112609146
29379	0.003153524676
29380	0.002671907495
29381	0.001755179029
29382	0.0005595893364
29383	8.920769917e-05
29384	0.0004003669338
29385	0.002672868516
29386	0.0001629925717
29387	0.004033904999
29388	0.001060142236
29389	0.002260280544
29390	0.00289416048
29391	0.0006442201238
29392	0.002667089572
29393	0.0005894381829
29394	4.192683906e-05
29395	0.0001124533358
29396	0.001572198363
29397	6.31588714e-05
29398	0.005446904585
29399	0.003117042044
29400	0.001616838635
29401	0.006360890964
29402	0.006075798165
29403	0.0008233145703
29404	0.002966349286
29405	0.0001182683627
29406	0.00419713264
29407	0.0004439505644
29408	0.001140187186
29409	0.006749841113
29410	0.003677382818
29411	0.004146731915
29412	0.0004571133938
29413	0.001138671241
29414	0.001204182633
29415	0.002497166951
29416	0.005893577149
29417	0.0006807697537
29418	0.0002118790005
29419	0.0002578218939
29420	0.002990509334
29421	0.00402202436
29422	0.0009564537483
29423	5.497977832e-05
29424	0.0004877615687
29425	0.0001900616218
29426	0.005147827301
29427	0.002369345488
29428	0.007899377488
29429	0.006784278511
29430	0.002043150707
29431	0.00109853348
29432	0.001354580991
29433	0.0006031021725
29434	0.0003559735237
29435	0.0006928992734
29436	0.001950450086
29437	0.002629350825
29438	7.724403944e-05
29439	0.006132947985
29440	0.00107768804
29441	0.000373389447
29442	0.0007237048982
29443	0.003103992876
29444	0.00441732089
29445	0.004336624318
29446	0.0009043394713
29447	0.002214794967
29448	0.003766018926
29449	0.00199723543
29450	0.001321418552
29451	0.0001218995102
29452	0.002223035594
29453	0.0007726683244
29454	0.0008144626368
29455	0.0004200106525
29456	0.0004429617513
29457	0.0007959105
29458	0.001089661665
29459	4.167585413e-07
29460	0.0002893828906
29461	0.001902357723
29462	0.0008491081061
29463	0.0005881162817
29464	0.001134152913
29465	0.001483604167
29466	0.0008046446458
29467	0.0007568165884
29468	0.001176961277
29469	0.001177021174
29470	0.0008307849109
29471	0.001674944602
29472	0.0001499512665
29473	0.001834240916
29474	0.0002598107966
29475	0.002289347972
29476	0.00172790574
29477	0.003897006692
29478	0.001469463994
29479	0.0007337352681
29480	0.0002115614719
29481	0.003724545231
29482	0.003018192856
29483	6.23139694e-05
29484	0.002673208072
29485	0.001514115693
29486	0.004411802859
29487	0.0004030609597
29488	8.30287604e-05
29489	0.002831825844
29490	0.001802235744
29491	0.004855179035
29492	0.001572959537
29493	0.0001457401033
29494	0.003273002576
29495	0.004580262499
29496	0.001892577121
29497	0.0001404507653
29498	0.004607818625
29499	0.001630061536
29500	0.001982185678
29501	2.66439538e-05
29502	0.004820126579
29503	0.002220769553
29504	0.004746616519
29505	0.0006528261654
29506	0.0007122880748
29507	0.0006364526201
29508	0.003743041989
29509	0.0002159346334
29510	0.001983352762
29511	0.001691879858
29512	0.001574226472
29513	0.001336472068
29514	0.0009496502755
29515	0.001445575614
29516	0.001105352658
29517	0.009883075366
29518	0.006649233646
29519	0.003246557862
29520	1.25441094e-05
29521	0.000747104781
29522	0.002243234351
29523	0.000370017833
29524	0.003414008855
29525	0.0001374170444
29526	0.001539163408
29527	0.001973491879
29528	0.002131389164
29529	0.001267562021
29530	0.0008092082523
29531	0.0003342406806
29532	0.0008419469173
29533	0.0007718209998
29534	0.0002509986247
29535	0.0001638979952
29536	0.0001973590146
29537	0.0007673812612
29538	0.0005800522109
29539	0.0004562441187
29540	0.0003432613969
29541	0.0004831957786
29542	0.0005074544476
29543	0.000233400492
29544	0.005162320465
29545	0.001707674808
29546	0.002412745435
29547	0.001863400085
29548	0.0023305784
29549	0.006261238804
29550	0.0008387585178
29551	0.001825811364
29552	0.0001816832514
29553	0.005056354769
29554	0.002758357614
29555	0.004447604706
29556	0.002282406247
29557	0.002448867344
29558	0.004596359492
29559	0.001703187411
29560	0.004624436981
29561	0.001405212355
29562	0.001852152171
29563	0.0004535080385
29564	0.004980707333
29565	0.0007659970375
29566	0.0001181592856
29567	5.633824493e-05
29568	0.0004849227345
29569	5.981424802e-05
29570	8.361700925e-05
29571	0.003342561915
29572	0.0003407460456
29573	4.170243185e-05
29574	0.0001517947313
29575	0.0002075327238
29576	0.0002752835238
29577	0.0002150031893
29578	0.0004225469033
29579	0.0003757760541
29580	0.0005747411691
29581	0.0001974932554
29582	0.001464648251
29583	0.0004144214947
29584	0.0003301615877
29585	0.00113466649
29586	0.0001860215541
29587	4.255174965e-05
29588	0.0003818530132
29589	0.0002163090302
29590	3.012197939e-06
29591	0.0007756616037
29592	0.0007636705996
29593	0.0001559280164
29594	0.003323051709
29595	0.0002098780222
29596	0.0002237408572
29597	0.0005671255295
29598	0.0003301852688
29599	0.0002002804433
29600	0.0004510915458
29601	0.0003126116032
29602	0.0003378726568
29603	0.0004718584439
29604	0.0002887261728
29605	0.000885264405
29606	0.0005410954498
29607	0.0003342754678
29608	0.0004468860062
29609	0.0001232214895
29610	0.001515698161
29611	0.006219891667
29612	0.0027099277
29613	0.00136627206
29614	0.004229000644
29615	3.708599592e-05
29616	0.0003272964689
29617	0.0006989337206
29618	0.002540539942
29619	0.0004174124712
29620	0.0001990268817
29621	0.0004112659506
29622	0.00170909309
29623	0.001391954873
29624	0.004494241261
29625	0.0004742417537
29626	0.0005880008561
29627	0.0009170953753
29628	0.001357266146
29629	0.0004108977671
29630	0.0001026802875
29631	0.00077271383
29632	0.0007094651808
29633	5.454458937e-05
29634	0.002207630699
29635	0.0018935574
29636	0.001561055799
29637	0.001088444959
29638	0.0002829149163
29639	0.002162082418
29640	0.000140900804
29641	0.0002047631241
29642	0.00224001731
29643	0.002032456242
29644	0.0001476927471
29645	0.001042505111
29646	8.596832501e-05
29647	0.00206610865
29648	0.002383044403
29649	0.0007160123431
29650	0.000585333143
29651	0.004427564231
29652	0.001287114419
29653	0.0005787344916
29654	0.002379487368
29655	0.003250381487
29656	0.002879770806
29657	0.0002288651842
29658	0.0003313809819
29659	0.001221124764
29660	0.0004225633947
29661	0.002854076001
29662	0.001055578123
29663	0.0009680564849
29664	0.0002578608983
29665	0.0001329417241
29666	0.0001409384584
29667	0.002836301154
29668	0.0006768719965
29669	0.00250480471
29670	0.0004632768226
29671	0.001066136913
29672	0.0001204605924
29673	0.0005448384068
29674	0.000476932798
29675	0.0003595343474
29676	0.0002599748651
29677	0.004165905248
29678	0.0007312168072
29679	0.0004887050489
29680	0.0008928048522
29681	0.003395892797
29682	0.000783610661
29683	3.423785784e-05
29684	0.004819294932
29685	0.001067147601
29686	0.0003566028189
29687	0.001230028458
29688	0.004679337448
29689	0.000333843468
29690	3.837946287e-05
29691	0.0006027299062
29692	0.00179188965
29693	0.001378944105
29694	0.0005185502627
29695	0.001993288423
29696	0.002357518137
29697	0.0004483040004
29698	0.00154105597
29699	0.0004783802722
29700	3.797778083e-05
29701	0.0001898538474
29702	0.0002004344688
29703	0.0001624908286
29704	0.000952247933
29705	0.004648225056
29706	0.0002381073038
29707	0.005450338107
29708	0.002394653698
29709	0.00533740406
29710	0.0006746861966
29711	0.0006383564098
29712	0.0003114365983
29713	0.0004062532209
29714	0.00127648183
29715	0.0005393560424
29716	0.004401190567
29717	0.0001934558016
29718	0.002977220898
29719	0.001227552096
29720	0.005016598178
29721	0.0007101642896
29722	0.004308829801
29723	0.0001719874257
29724	0.0009609142047
29725	7.327881924e-05
29726	0.0003842631838
29727	0.0001083336554
29728	0.004453047678
29729	0.004350813081
29730	0.002995463681
29731	0.0005467767335
29732	0.002098101759
29733	0.0006790139144
29734	0.0005360211397
29735	0.0002076208494
29736	0.0006173564063
29737	0.0004368126357
29738	0.0008905916301
29739	0.001083812777
29740	0.002263895148
29741	0.004154607635
29742	0.0009242534465
29743	0.003086906452
29744	0.001499007845
29745	0.0006414253726
29746	0.0005651921795
29747	0.002572898615
29748	0.0008025789121
29749	0.0007463613304
29750	0.0004441060968
29751	0.0003826769768
29752	0.003428841769
29753	0.003828472032
29754	0.001071916572
29755	0.0007138868206
29756	0.002388467079
29757	0.003542839427
29758	0.001333924754
29759	0.0001624585286
29760	0.0001405604494
29761	0.001302771848
29762	0.00251764979
29763	0.001031616725
29764	0.004355133262
29765	0.00368544036
29766	0.0005899751587
29767	0.0003877914052
29768	0.001290599667
29769	0.001972226969
29770	0.001000130371
29771	0.001527046618
29772	0.0001637127998
29773	0.004595700179
29774	0.002488941437
29775	0.004688841079
29776	0.00195024951
29777	0.001044651936
29778	0.001087628106
29779	0.0003657118354
29780	0.001444203547
29781	0.001568004582
29782	0.00054210054
29783	0.0004927885128
29784	0.001115358763
29785	0.003283448996
29786	0.002426311503
29787	0.001162658116
29788	0.001702230796
29789	0.002275655377
29790	0.000143185928
29791	0.0004247814336
29792	1.478014323e-05
29793	0.0005689725313
29794	0.001563949179
29795	0.003393346139
29796	0.003344100901
29797	0.001307407605
29798	0.00106502439
29799	0.001254272988
29800	8.315741919e-05
29801	0.0007209190309
29802	0.002140428686
29803	0.001653988815
29804	0.0001960738276
29805	0.0001168766103
29806	0.0004421218713
29807	0.0005771265591
29808	0.001039937655
29809	0.0001727273828
29810	0.0007183042671
29811	2.172756008e-05
29812	0.001840776533
29813	0.003145363507
29814	0.003721465815
29815	0.0009130069728
29816	0.002401105385
29817	0.0006871399597
29818	0.007251724301
29819	0.004983840157
29820	0.003525015532
29821	0.001831874159
29822	0.001482842331
29823	7.50799252e-06
29824	0.0002205708712
29825	0.0009427488657
29826	0.00264982135
29827	0.001910709352
29828	0.001003528742
29829	0.001026990337
29830	0.001921231534
29831	0.002591081874
29832	0.001657563106
29833	0.002270051911
29834	0.001771902362
29835	0.001245850598
29836	0.001258783563
29837	0.001617853345
29838	0.003193970793
29839	0.006495660678
29840	0.0003721982048
29841	3.985316114e-05
29842	0.001187425171
29843	0.0008366982079
29844	0.0001544673296
29845	0.001457289702
29846	0.0012039634
29847	0.0009404325741
29848	0.0002393959718
29849	9.272734759e-06
29850	0.0003333267331
29851	0.002116843925
29852	0.003315502948
29853	0.002195588487
29854	0.001011521938
29855	8.991381165e-06
29856	0.003546974217
29857	0.0002936287895
29858	0.0005068707181
29859	0.005373665607
29860	0.00222108527
29861	0.0002971981974
29862	0.0002974800671
29863	0.001006777979
29864	0.0001847317726
29865	0.0005286791957
29866	0.0002560183962
29867	0.0001079530576
29868	0.0001478313706
29869	0.00057711761
29870	0.00242389933
29871	0.003540925688
29872	0.001199057997
29873	0.0006623264678
29874	0.00331074194
29875	0.001298104916
29876	0.006487946584
29877	0.002446249904
29878	0.001040900829
29879	0.00830737783
29880	0.002920319781
29881	0.004598861869
29882	0.002177477897
29883	0.001682777773
29884	0.002119479071
29885	0.0002880176682
29886	0.003210626096
29887	0.001556318172
29888	0.00063078281
29889	0.0001109760179
29890	7.496174336e-05
29891	8.823063681e-05
29892	0.001242873517
29893	0.001174165983
29894	0.005790156527
29895	0.003596683762
29896	0.004928541061
29897	0.0007568514221
29898	0.0007383939099
29899	4.752545962e-05
29900	0.001216305914
29901	0.0002216586236
29902	0.0001071865334
29903	0.0037079029
29904	0.0009844106282
29905	0.001874519157
29906	0.0008497623265
29907	0.0002621049666
29908	0.0007853368909
29909	0.0009994044176
29910	0.0003145136973
29911	0.000725051206
29912	0.0002064932923
29913	0.001360418235
29914	0.001257341361
29915	0.0002414478318
29916	0.0004353897261
29917	0.002072794629
29918	9.516621066e-05
29919	0.007563619519
29920	0.01018641096
29921	0.001316659492
29922	0.002388369156
29923	0.006227763819
29924	0.0001929181902
29925	0.0004277528272
29926	0.0005725540541
29927	0.0001694585066
29928	6.16678332e-05
29929	0.0005682632547
29930	0.000313550488
29931	0.002354706511
29932	0.002500724938
29933	0.0007792054651
29934	0.0006181759996
29935	0.007099701696
29936	0.003229842835
29937	0.0006812945029
29938	0.0003667339334
29939	0.0001469924152
29940	0.000785859652
29941	0.001202952809
29942	0.003598414564
29943	0.007534373781
29944	3.284651717e-05
29945	0.0007923039033
29946	0.0001428396386
29947	0.0004415612828
29948	0.0002593470619
29949	0.001748742105
29950	0.0001298624653
29951	0.00467186819
29952	0.0001839448987
29953	0.0005339015151
29954	0.0008267906798
29955	0.003209483352
29956	0.0002306255231
29957	0.00178171606
29958	0.003004189737
29959	0.004675023649
29960	0.0009261037821
29961	0.0010340658
29962	0.002069164745
29963	0.001168480937
29964	0.001937947094
29965	0.0002516443394
29966	0.003365333463
29967	0.001252308565
29968	0.001364134608
29969	0.002390386122
29970	0.003251381602
29971	0.001503725048
29972	0.0003701556799
29973	0.000872197086
29974	0.001767936214
29975	0.002727328536
29976	0.001147743219
29977	5.081260247e-05
29978	0.002037495945
29979	0.002018139922
29980	0.00135281629
29981	0.001507100004
29982	0.005809430139
29983	0.00429014444
29984	0.001021760941
29985	0.001329980797
29986	0.0001394567523
29987	0.0005327911294
29988	0.001579013421
29989	0.001055424223
29990	0.001619813716
29991	0.000250760316
29992	0.0004324004846
29993	0.003082214505
29994	0.004189442201
29995	0.000675636141
29996	0.001272160512
29997	0.0005838584812
29998	0.001601344325
29999	0.0003064902119
30000	0.0005091272337
30001	0.003665647955
30002	0.0004398238969
30003	0.002913745251
30004	0.000727099033
30005	0.0001028396113
30006	0.0006208795039
30007	0.001221614175
30008	0.0004921457933
30009	0.00202963434
30010	7.200189748e-06
30011	0.001132894555
30012	0.001197454483
30013	0.001901543414
30014	0.0001069339093
30015	4.419058943e-05
30016	0.0002795768818
30017	0.001382141864
30018	0.0001282623278
30019	0.0006789078944
30020	0.001430603995
30021	0.0008341814094
30022	0.0007646513853
30023	0.00236030032
30024	0.0002930963562
30025	7.440161268e-05
30026	0.0004800808242
30027	0.001358508629
30028	0.0005850610003
30029	0.0003153232142
30030	0.0007616653771
30031	0.0001778115887
30032	0.0003025956
30033	0.001826729193
30034	0.0004800026572
30035	0.002740378905
30036	0.0003231512452
30037	0.001368395079
30038	5.701666357e-05
30039	0.0004667886457
30040	0.001280838525
30041	0.002658610268
30042	0.00143694404
30043	0.002564949878
30044	0.0002981814201
30045	0.0009793905466
30046	0.002660702425
30047	0.004416682258
30048	0.00394198532
30049	0.001225756874
30050	0.001467982822
30051	4.844062458e-05
30052	0.0004161948009
30053	0.0001592927279
30054	0.0002524728845
30055	0.001761466155
30056	0.0003560025547
30057	0.003602495681
30058	0.0004606930619
30059	0.001092326404
30060	0.002882541112
30061	0.0006473708689
30062	0.003545063848
30063	0.00164989348
30064	0.0004674950785
30065	0.0002686556456
30066	0.0004924035477
30067	0.003535009501
30068	0.008119414545
30069	0.0003239309324
30070	0.00157046563
30071	0.0003058703437
30072	0.0002377591107
30073	0.004032956559
30074	0.002719628317
30075	0.001706768665
30076	0.0002404602569
30077	5.461485215e-05
30078	0.0003371088953
30079	0.002508212856
30080	0.0004136921007
30081	0.0002614858346
30082	0.0004399141201
30083	0.001438208469
30084	0.000358289283
30085	0.000291544659
30086	0.0004512383024
30087	0.0001242570654
30088	0.0005057435314
30089	0.0005115983828
30090	0.0002849631122
30091	0.001204738959
30092	0.0003772963473
30093	0.001120261272
30094	0.0009148872621
30095	0.000465127066
30096	0.007420911251
30097	0.004582802713
30098	0.001734643762
30099	0.001715034884
30100	0.001826206124
30101	0.0002452786086
30102	0.0009200774981
30103	0.0002259697287
30104	0.001140119822
30105	0.0003944063607
30106	0.001156448513
30107	0.0003846920059
30108	0.0001505557033
30109	0.003764839092
30110	0.002104764689
30111	0.0001666347006
30112	0.0002928618068
30113	0.0005331284162
30114	0.001440894587
30115	0.001925447836
30116	0.0006095309383
30117	0.002732496248
30118	0.0003107526477
30119	0.00100825968
30120	0.0009747280409
30121	0.0001186008743
30122	0.001950593973
30123	0.003929658893
30124	0.0004840492837
30125	0.0003886948052
30126	0.000419284847
30127	0.0001323265578
30128	0.003898698932
30129	0.003635146082
30130	0.001459046419
30131	0.001963903858
30132	0.0004908490014
30133	0.0002639479747
30134	0.004309080134
30135	0.001717132298
30136	0.000177212538
30137	0.0007917762227
30138	0.0008061130132
30139	0.0001886103984
30140	0.0002368663249
30141	0.001329647274
30142	0.001611420004
30143	0.001499975604
30144	0.001741283778
30145	0.001045962316
30146	0.0004921034806
30147	0.001141117958
30148	0.001507580714
30149	0.004235574906
30150	0.001342701857
30151	0.001165265785
30152	0.0002734365856
30153	0.001579019501
30154	6.432528463e-05
30155	0.0003397018282
30156	0.001322038071
30157	0.0001723249119
30158	0.0005189916319
30159	0.002674620691
30160	0.001774738296
30161	0.001319575819
30162	0.0007925299394
30163	0.001209921515
30164	7.443374348e-05
30165	0.001179484075
30166	0.0007294748174
30167	0.001314218298
30168	0.0005867459813
30169	0.002864290235
30170	0.0007391729788
30171	0.002759904029
30172	0.005137226034
30173	0.000720752841
30174	0.001209980679
30175	0.0002015723322
30176	0.001581319851
30177	0.001065440766
30178	0.000647468411
30179	6.018218559e-05
30180	0.0005139968283
30181	0.002133625132
30182	0.0007277665452
30183	0.002548595236
30184	0.001233189249
30185	0.0008051318052
30186	3.74048593e-05
30187	0.0004139475632
30188	0.001336964067
30189	0.001812038752
30190	0.001141414338
30191	1.735242388e-05
30192	2.516043258e-05
30193	0.0009650958166
30194	0.002024012132
30195	0.004115289954
30196	0.0008732621237
30197	0.0001758763564
30198	0.0004555222861
30199	0.0002794532544
30200	0.0002928744096
30201	0.0008156802068
30202	0.001735509715
30203	0.002471013057
30204	0.001253374476
30205	0.001868005439
30206	0.001242026197
30207	0.001118383406
30208	0.0009552229705
30209	0.0001912349316
30210	0.0005440486917
30211	0.00188286025
30212	0.00420219527
30213	0.0004387234961
30214	0.001143071038
30215	0.003926068019
30216	0.003656612789
30217	0.001456493734
30218	0.006676619695
30219	0.001863607478
30220	0.000673765536
30221	0.0004953519827
30222	0.001156808207
30223	0.001182278324
30224	0.001838076415
30225	0.001336055941
30226	0.0003720005037
30227	7.45143275e-05
30228	0.0002338039633
30229	0.0001818780018
30230	0.0006604010074
30231	0.003426735528
30232	0.005886430814
30233	0.0007415475284
30234	0.002885580108
30235	0.0004557494789
30236	0.0009683226164
30237	0.002118488255
30238	0.001404947556
30239	0.000337146545
30240	9.312614651e-05
30241	0.0003396872251
30242	0.0008826080616
30243	0.0009507792996
30244	0.0005205165613
30245	0.0002536861047
30246	0.001194731534
30247	0.003329876437
30248	0.0008589070462
30249	0.0004411003534
30250	0.0004685977794
30251	0.0002304344083
30252	0.0005731937656
30253	3.158526025e-05
30254	0.0001134468826
30255	0.0002021572874
30256	0.0001775964876
30257	0.0004067764533
30258	0.0007720813746
30259	0.00110607576
30260	0.001742712623
30261	0.000393882941
30262	0.0008911516304
30263	0.001613838961
30264	0.000513396559
30265	0.00102441663
30266	0.0005556236844
30267	0.001939312703
30268	0.001025603333
30269	0.0002804421916
30270	0.001794482928
30271	3.966189584e-05
30272	0.0002811241827
30273	0.002465563002
30274	0.001133965745
30275	0.001557797559
30276	0.001196671825
30277	0.0004378062106
30278	0.002329988113
30279	0.0004975604672
30280	0.0003779008093
30281	0.002270954773
30282	0.0004242879845
30283	0.005388952518
30284	0.0005946972524
30285	0.0009565456522
30286	0.0006727469222
30287	0.0008717358592
30288	0.005608603148
30289	0.0002399819491
30290	0.0001644570134
30291	0.0001947706742
30292	9.426384298e-05
30293	0.0002506764386
30294	0.001801657545
30295	0.0008531346242
30296	0.001174797138
30297	0.002794952612
30298	0.0008641144023
30299	0.0002342752324
30300	0.001334854309
30301	0.004256867373
30302	0.0001978983076
30303	3.448494041e-05
30304	0.0008776760728
30305	0.0009253891844
30306	0.001079760282
30307	0.0008625522822
30308	0.000482794552
30309	1.390914638e-05
30310	0.001950083243
30311	0.0001971154359
30312	0.001575977553
30313	0.001041791618
30314	0.004549727876
30315	0.0009390003968
30316	4.205854401e-05
30317	0.0004779120005
30318	0.00105763038
30319	0.0003596247032
30320	0.0008394920355
30321	0.0005757912129
30322	0.001340820382
30323	0.0004024963217
30324	7.620851753e-05
30325	0.0004970118454
30326	0.0003428673926
30327	0.0009932385101
30328	0.003903288708
30329	7.904166573e-05
30330	0.0001608293294
30331	0.0004864924931
30332	0.00103648996
30333	0.002001894613
30334	0.002442663973
30335	0.003153321117
30336	0.004581743252
30337	0.0005366390723
30338	0.001750844814
30339	0.0004739430556
30340	0.0002897131201
30341	0.004107352241
30342	0.0003704578673
30343	0.0002247107779
30344	0.00013985649
30345	0.001397150654
30346	0.0004910315452
30347	0.0003671202098
30348	4.894594318e-05
30349	0.0002433322063
30350	0.0001764530561
30351	0.0009235308241
30352	0.001357906988
30353	0.0004126797996
30354	8.59956627e-06
30355	0.0003517053531
30356	0.0002366326998
30357	0.002462984058
30358	0.0003409584328
30359	0.001194439313
30360	0.0003438314398
30361	0.001057971449
30362	2.818962089e-05
30363	0.0009034411025
30364	0.0007800394513
30365	0.001387231938
30366	0.001449201379
30367	0.0004940449877
30368	0.0001125059861
30369	0.0005902377097
30370	0.001749463067
30371	0.003021808611
30372	0.001330572935
30373	0.002267434414
30374	0.0009866979674
30375	0.001528795206
30376	0.001863641291
30377	0.0001245493581
30378	0.0004203442528
30379	0.001704714595
30380	3.663326838e-05
30381	0.0005587354003
30382	0.001932410881
30383	0.003753582416
30384	0.0004108263785
30385	0.0004897348218
30386	0.0004008006306
30387	0.0001539728273
30388	0.0009501396236
30389	0.0003444419392
30390	0.000676703043
30391	0.0008151229387
30392	8.330369758e-05
30393	0.0003319667734
30394	0.0001361592881
30395	0.0004374708519
30396	0.0001229889085
30397	7.316340784e-05
30398	0.0001118840557
30399	0.000376512969
30400	8.103241955e-05
30401	0.002560923298
30402	0.0004451211207
30403	6.33644458e-06
30404	0.0003458333835
30405	3.174259224e-05
30406	0.003629106093
30407	0.004992554607
30408	0.001519297109
30409	0.0002118174953
30410	0.0001340758567
30411	0.0007055728994
30412	0.0009369019738
30413	6.441978247e-06
30414	0.00118958802
30415	0.003835404282
30416	0.001215798508
30417	0.003856583663
30418	0.001898506232
30419	0.0008325655369
30420	0.001446357605
30421	0.00557559003
30422	0.0004724464491
30423	0.006141221804
30424	0.0007623698818
30425	0.0003961103987
30426	0.0003365360915
30427	0.001077963799
30428	0.0003749526905
30429	0.000334877233
30430	0.002931348136
30431	1.876833665e-05
30432	0.0009700844317
30433	0.0002917643421
30434	0.0008185373808
30435	9.787553665e-05
30436	0.0002419579321
30437	0.000214323497
30438	0.0002535552159
30439	0.0001608705018
30440	0.0008376158302
30441	0.00016022675
30442	4.568149546e-05
30443	7.062943676e-05
30444	0.0005197557738
30445	0.0002267279906
30446	0.0001382001019
30447	0.0001104465441
30448	0.0006482521654
30449	0.0002159072045
30450	6.041039857e-05
30451	0.0001690712237
30452	0.0002577565553
30453	0.0002410185334
30454	2.485656399e-05
30455	0.0001581623325
30456	0.0001735265506
30457	0.0001928605679
30458	0.0001879461243
30459	0.001101700053
30460	0.001136921986
30461	0.0001013476498
30462	0.000186432155
30463	0.001918587446
30464	0.0007901959724
30465	0.005223681841
30466	0.0003998835871
30467	0.0008089623378
30468	0.000976458852
30469	0.001668069008
30470	0.0006690323527
30471	0.0009533613096
30472	0.0001036734323
30473	0.0004662738466
30474	0.0004796373584
30475	0.000274016293
30476	5.200232026e-05
30477	0.0006523659032
30478	0.0008987476729
30479	0.003612546463
30480	0.003079577758
30481	0.00153560237
30482	0.0002249083562
30483	0.002632116436
30484	0.0001170848338
30485	0.001150565367
30486	0.0006757808783
30487	0.0003867246104
30488	0.0001161366416
30489	0.0001921804222
30490	0.0001317261099
30491	6.547745713e-05
30492	0.002267358774
30493	0.0007505896414
30494	0.0001626784782
30495	0.0006340658975
30496	2.192713495e-05
30497	0.001916771295
30498	0.001805247364
30499	4.11726784e-05
30500	0.0008249743722
30501	0.0001102793049
30502	3.849990895e-05
30503	0.0005691212066
30504	0.0007012881267
30505	0.0008444994026
30506	0.000869035703
30507	0.001280511327
30508	0.0002944036184
30509	0.0008823666384
30510	0.0009744850772
30511	0.001159090911
30512	0.0002547802675
30513	0.0002101767781
30514	0.0002069058076
30515	0.0009499675383
30516	0.001105242331
30517	0.001478155953
30518	0.000301151976
30519	0.0005391050918
30520	0.003382688351
30521	0.005131176002
30522	0.0006533815169
30523	0.0008348107003
30524	0.004975140083
30525	0.005272621748
30526	0.005774105182
30527	0.004155076077
30528	0.004356127876
30529	0.004612231033
30530	0.000134885815
30531	0.0008244885379
30532	0.001082734646
30533	0.001561414993
30534	0.001459896091
30535	0.001396598233
30536	7.194175933e-05
30537	0.003947893131
30538	0.0001568557768
30539	0.008161519252
30540	0.002303966681
30541	0.001820282303
30542	0.000431100876
30543	3.308274688e-05
30544	0.002554851317
30545	0.001110311585
30546	0.001079474049
30547	0.001292715735
30548	0.002212480281
30549	0.001906034295
30550	9.317321669e-05
30551	9.776076556e-05
30552	0.00212154277
30553	0.001445466012
30554	0.001358571059
30555	0.00471148752
30556	0.005129114164
30557	0.0009538360981
30558	0.0001215194446
30559	0.002372861872
30560	0.00354458752
30561	0.001321702394
30562	0.0001265866772
30563	0.0006359803545
30564	0.001445475503
30565	0.003212220807
30566	0.002519198586
30567	0.003848586753
30568	0.0007426150412
30569	5.746978034e-05
30570	0.0006415622771
30571	0.002246848173
30572	0.001362341403
30573	0.0002636608349
30574	0.001263365342
30575	0.001425906171
30576	0.0003753236078
30577	0.001107792149
30578	0.0002604787498
30579	0.002745357406
30580	0.002397088563
30581	0.002685512674
30582	0.0009914232974
30583	9.951622289e-05
30584	0.003562930974
30585	0.0003298278011
30586	0.0001696707722
30587	0.002841120103
30588	0.0006247882996
30589	0.0004406189773
30590	0.0003677537057
30591	0.001725463541
30592	0.008230082229
30593	0.0003864562062
30594	0.001821378391
30595	1.477939381e-05
30596	0.0005498913574
30597	0.003059168493
30598	0.001490578176
30599	0.001538506555
30600	0.0003957744137
30601	0.0003776111381
30602	0.0009293412587
30603	0.0005539111068
30604	0.00470056247
30605	0.001388601257
30606	0.002654863843
30607	0.00145133245
30608	0.002471260767
30609	0.003489440603
30610	0.0007901564044
30611	0.00364715866
30612	0.0012626102
30613	0.002025691592
30614	0.003574649667
30615	0.0013003822
30616	0.00053498722
30617	0.001456324732
30618	0.003698141055
30619	0.0001860195534
30620	0.002231695038
30621	0.002881077373
30622	0.002435542328
30623	0.001189755334
30624	0.003033902032
30625	0.002945027256
30626	0.001482176233
30627	0.001392419903
30628	0.0002275666704
30629	0.0001626763515
30630	0.002693053789
30631	0.00361406157
30632	0.002745005199
30633	8.007675241e-05
30634	0.0005362279823
30635	0.003325010308
30636	0.001734222099
30637	0.0009254294761
30638	0.008588755664
30639	0.0007796274446
30640	0.001850805771
30641	0.002524332628
30642	0.001319632334
30643	0.006689286946
30644	0.003343641849
30645	0.0003152315171
30646	0.002220945684
30647	0.0002377472358
30648	0.0002789871101
30649	0.002257385729
30650	0.001629275508
30651	0.006882285472
30652	0.003830939623
30653	0.00345381484
30654	0.001639142869
30655	0.0002814157665
30656	0.0002336575423
30657	0.0006418663521
30658	0.0007259912595
30659	0.000144063561
30660	0.0005007613784
30661	0.0005168720757
30662	0.0001031567975
30663	0.001052166687
30664	0.0006973279033
30665	0.0002433299869
30666	0.0003785080047
30667	0.001808843606
30668	0.002426242603
30669	0.001207159628
30670	0.0004386736957
30671	0.0002447967182
30672	0.0005257902468
30673	0.0003152040367
30674	0.0003668050679
30675	0.001275318035
30676	0.0003212012068
30677	0.0009350475876
30678	0.001495548188
30679	0.0002910264257
30680	0.002002179745
30681	0.003385526866
30682	0.002601711959
30683	0.0006853583438
30684	0.0007932232499
30685	0.0007347090831
30686	0.002663379551
30687	0.00128735848
30688	0.001169401421
30689	0.0007984085369
30690	0.0009501724154
30691	0.0002947850065
30692	0.003206018669
30693	0.00134381665
30694	0.003611593889
30695	0.003715112828
30696	0.003911328299
30697	0.002706766407
30698	0.001758841516
30699	0.002372962263
30700	0.003689312934
30701	0.002309396622
30702	7.876725131e-05
30703	0.002067547191
30704	0.00312620854
30705	0.003321682274
30706	0.0006829822741
30707	0.003571863654
30708	0.004294220912
30709	0.001554842393
30710	0.0004042067718
30711	0.001028382017
30712	0.0001410021721
30713	0.0009132380926
30714	0.00206146864
30715	0.004126788289
30716	0.004984952571
30717	0.0003418485247
30718	0.0009605593838
30719	0.001478982901
30720	0.0006431436717
30721	0.0004783062176
30722	0.001519275146
30723	0.0006215400817
30724	0.0003030827665
30725	0.0005306145266
30726	0.001560942785
30727	0.001129259522
30728	0.000335251706
30729	0.0008446493175
30730	0.002005328585
30731	0.005341900853
30732	0.001486629566
30733	0.001443459118
30734	0.003596653599
30735	0.001886288119
30736	0.001122982308
30737	0.001246629006
30738	0.000536825339
30739	0.002685080816
30740	0.002501515272
30741	0.003758329262
30742	0.0009233120986
30743	0.0006635030124
30744	0.0008725260694
30745	0.003056253495
30746	0.003970135671
30747	0.003103791828
30748	0.001513352402
30749	0.0035169703
30750	0.002562180742
30751	0.005507765233
30752	0.001828814349
30753	0.0009861047985
30754	0.0008932741189
30755	0.002940391935
30756	0.002305616826
30757	0.00143786292
30758	0.0004475416879
30759	0.004330494004
30760	0.00159856031
30761	0.002134375119
30762	0.0004486071292
30763	0.002108618154
30764	0.003475444406
30765	0.001215943114
30766	0.001071593038
30767	0.002615489432
30768	0.0005469806848
30769	0.001917708366
30770	0.0007944956383
30771	0.002740306744
30772	0.002808795105
30773	0.002212681628
30774	0.002043571001
30775	0.007232854184
30776	0.0005945712319
30777	0.00118467045
30778	0.003532654658
30779	0.001548072414
30780	0.0005810844011
30781	0.001259190129
30782	0.002915372303
30783	0.001177376701
30784	0.001221912389
30785	0.0006166301699
30786	0.00119314389
30787	0.003312824912
30788	0.0007519906929
30789	0.005647088429
30790	0.003094362003
30791	0.00113936379
30792	0.001555986076
30793	0.003704239545
30794	0.001262347464
30795	0.001428864772
30796	0.00388059275
30797	0.0041182598
30798	0.001298061794
30799	0.0004551909715
30800	0.001341223994
30801	0.001358240531
30802	0.001414661274
30803	0.002334447101
30804	0.005170503975
30805	0
30806	0.002063648236
30807	0.004504850932
30808	0.006090700275
30809	0.002688328577
30810	0.001517973474
30811	0.001970173626
30812	0.005002933262
30813	0.002861021791
30814	0.001214295388
30815	0.002617424004
30816	0.002823426143
30817	0.001264199868
30818	0.002650908121
30819	0.0004637630954
30820	0.002302319746
30821	0.00147675788
30822	0.002308893012
30823	0.001354328308
30824	0.006312126621
30825	0.001230534823
30826	0.0006144839345
30827	0.006092209029
30828	0.002447932265
30829	0.0002036977918
30830	0.0002277223668
30831	0.0002157498068
30832	0.004185037065
30833	0.0064346607
30834	0.002940706212
30835	0.002063824774
30836	0.00412969663
30837	0.001691510858
30838	0.001424187495
30839	0.00178605043
30840	0.00148287892
30841	0.0007662955894
30842	0.003688071859
30843	0.002500285715
30844	0.001355935748
30845	0.002598034101
30846	0.001605049302
30847	7.731571422e-05
30848	0.002236266834
30849	0.001098760904
30850	0.001095775745
30851	0.002350792494
30852	0.00281408048
30853	0.0005468666282
30854	0.00566854666
30855	0.00170369151
30856	0.00198030395
30857	0.001776575664
30858	0.003937724027
30859	0.0001863767679
30860	0.002255273646
30861	0.001036751108
30862	0.0009591028608
30863	0.001208829828
30864	0.0001250943705
30865	0.008692623597
30866	0.000650073204
30867	8.684066179e-05
30868	0.0002392027959
30869	0.00432744075
30870	0.001773371391
30871	0.00351546308
30872	0.0004500886385
30873	0.001579282714
30874	0.0005591605026
30875	0.003272489598
30876	0.0002474912839
30877	0.002866983921
30878	0.004439354535
30879	0.0002828819788
30880	0.0009541445225
30881	0.0001408173278
30882	0.0008570662006
30883	0.0003896160072
30884	0.000193889579
30885	0.001676135519
30886	0.005860660035
30887	0.001517662743
30888	0.0008410198777
30889	0.0001192271941
30890	9.927780943e-06
30891	0.001876119933
30892	0.002715912873
30893	0.002543219892
30894	0.003869319771
30895	0.001813555769
30896	0.001698782675
30897	0.0005308824321
30898	0.00233035593
30899	0.0002469675577
30900	0.001598058714
30901	0.003504307128
30902	0.0004605937021
30903	5.315118788e-05
30904	0.0005946507736
30905	0.0009453016616
30906	0.002810081495
30907	0.001417070951
30908	0.004242297105
30909	0.0005084731593
30910	0.0006026480673
30911	0.001110504931
30912	0.002158630042
30913	0.0004816855229
30914	0.0009632563149
30915	0.003475889538
30916	0.004897350585
30917	0.00290700765
30918	0.004597405198
30919	0.001442173552
30920	0.001569598575
30921	0.0008729763826
30922	0.0009596540191
30923	0.003636481075
30924	0.001214482206
30925	0.00500606285
30926	0.001847649623
30927	0.0002345786754
30928	0.004866283549
30929	0.0001816942929
30930	0.0003651318423
30931	0.0001400790563
30932	0.0006570420421
30933	0.000706844161
30934	0.003880730696
30935	0.005123443307
30936	0.002263220067
30937	0.004767478892
30938	0.004186074197
30939	0.00191997263
30940	0.0005063869514
30941	0.0007114065697
30942	0.004636999759
30943	0.00340070351
30944	0.002773267542
30945	0.002840864486
30946	0.002921725038
30947	0.003209538375
30948	0.0007472736871
30949	0.003369372337
30950	0.0003236235857
30951	0.0003576821019
30952	0.0003608615192
30953	0.003837026812
30954	0.001114938777
30955	0.0002187184931
30956	0.00312757629
30957	0.0007833766415
30958	0.00246440249
30959	7.187104624e-05
30960	0.004293087464
30961	0.003212004336
30962	5.815930853e-05
30963	0.0003919482321
30964	0.0001721370498
30965	0.004147630817
30966	0.0008847170206
30967	0.00277938924
30968	0.001438402741
30969	0.005636466273
30970	0.001409569122
30971	0.00278833665
30972	0.001072123148
30973	0.001508303092
30974	0.000750564249
30975	0.002378755137
30976	0.0007454833637
30977	0.005348584273
30978	0.004431892122
30979	0.001141165273
30980	0.0009985102972
30981	3.114731668e-05
30982	0.0007351838635
30983	0.00141640927
30984	0.005491410049
30985	0.0001688511528
30986	0.001054830112
30987	0.0004482228619
30988	0.002013809036
30989	0.003406879028
30990	0.0006880867708
30991	6.046781719e-05
30992	0.002233954507
30993	0.003635623933
30994	0.002086209298
30995	0.002693037167
30996	0.008769625596
30997	0.002886239244
30998	0.0005707244792
30999	0.002532106492
31000	0.001438483275
31001	0.005261255255
31002	0.003507961686
31003	0.001954953167
31004	0.0005438719779
31005	0.001321095145
31006	0.0003935193573
31007	0.001339093765
31008	0.0003685003078
31009	0.002533558884
31010	0.0002494456297
31011	7.646924936e-06
31012	0.002233909652
31013	0.001987041934
31014	7.407338081e-05
31015	0.0028684775
31016	0.003063417537
31017	0.004305526429
31018	0.008360576214
31019	0.004206460429
31020	0.0004580326802
31021	4.33787067e-05
31022	0.004802460533
31023	0.002972027269
31024	0.002135691547
31025	0.004282587641
31026	0.00219827283
31027	0.001053208466
31028	0.0002416657597
31029	0.0005454981163
31030	0
31031	0.001007479501
31032	0.001605396284
31033	0.001223232385
31034	0.004950224901
31035	0.001478344451
31036	0.0001668584021
31037	0.003144605604
31038	0.002990446755
31039	0.0006747922919
31040	0.001546777685
31041	0.002579086295
31042	0.005085692481
31043	0.001927589075
31044	0.001056632245
31045	0.0002298582054
31046	0.0007267745346
31047	0.0003452143044
31048	0.0007839121327
31049	0.0004576087719
31050	0.00042917622
31051	0.0006647197899
31052	0.0005551773064
31053	0.0001858160304
31054	0.007917333014
31055	0.000281080834
31056	0.001117315873
31057	0.002684912735
31058	0.0001180018823
31059	0.001565063698
31060	0.003202271866
31061	0.001359794937
31062	0.0005006969203
31063	0.003977061535
31064	0.0001300197896
31065	0.001968827233
31066	0.00345673954
31067	0.0009466710407
31068	0.0006687209023
31069	0.002605888727
31070	0.005352020962
31071	0.008132621219
31072	0.00102886258
31073	0.000601932502
31074	0.001651601636
31075	0.0002889407336
31076	0.0004071652654
31077	0.003083511574
31078	0.004972737492
31079	0.0007244279226
31080	0.001815894052
31081	0.00364913192
31082	0.001403051097
31083	0.004061355138
31084	0.0009936832677
31085	0.004713292485
31086	0.002034707396
31087	0.001136366861
31088	0.00018369031
31089	0.0003867146261
31090	0.001131690771
31091	0.0006116249551
31092	0.0003697594869
31093	0.0003679114752
31094	0.001998928424
31095	0.001385865424
31096	0.001581521638
31097	0.002446663156
31098	0.000922157692
31099	0.0001421951671
31100	0.001749207482
31101	0.003350172387
31102	0.001952184978
31103	0.0008940017293
31104	0.0006165728374
31105	0.006024027462
31106	0.0003143811671
31107	0.004667309514
31108	0.003008983443
31109	0.002929017449
31110	0.0001238898351
31111	0.00127511823
31112	0.002175381498
31113	0.002238288194
31114	0.002646492402
31115	0.002019070055
31116	0.001647204224
31117	0.003978407466
31118	0.004670327733
31119	0.0001411633655
31120	0.004384534752
31121	0.00170758336
31122	0.002448372956
31123	0.002082531658
31124	2.884992462e-05
31125	0.0006432479651
31126	0.0006417734902
31127	0.002564692135
31128	0.0008882279983
31129	0.0006767101253
31130	0.0009137500056
31131	0.001053789295
31132	0.005222216865
31133	0.0001798943878
31134	0.001555169986
31135	0.001908280947
31136	0.0008400263454
31137	0.001083239741
31138	0.00734384138
31139	4.330833476e-05
31140	0.003652072395
31141	0.002027392801
31142	0.002347200983
31143	0.0005929269268
31144	0.001887179008
31145	0.0004873757852
31146	0.00771571692
31147	0.003881014367
31148	0.003142020574
31149	0.000897285632
31150	0.002278177141
31151	0.002387818746
31152	0.000511263394
31153	0.002990688468
31154	0.002313944358
31155	0.006144372097
31156	0.003290527325
31157	0.0004873855996
31158	0.003527028528
31159	0.00108381365
31160	0.0005569948318
31161	0.008217208366
31162	0.0009953707301
31163	0.004954050883
31164	0.002968116803
31165	0.0008470439751
31166	0.00305723976
31167	0.0003443780859
31168	0.0001576717836
31169	0.002839659419
31170	0.0009354646294
31171	0.003090047425
31172	0.0006473981817
31173	0.006099417428
31174	0.0004431323198
31175	0.00195433834
31176	0.009317363841
31177	0.0008771895363
31178	0.0008092940346
31179	0.005442189637
31180	0.001928325046
31181	0.002427162461
31182	0.003910400827
31183	0.001689688471
31184	0
31185	0.001246868186
31186	0.004307114651
31187	0.00115668817
31188	0.002229661407
31189	0.002709566376
31190	0.001092563897
31191	0.001781086186
31192	0.002200168733
31193	0.0001873680295
31194	0.0003950343878
31195	0.00127742442
31196	0.001314069162
31197	0.000200953519
31198	0.001452188765
31199	0.002020927683
31200	0.00458907142
31201	0.001483617454
31202	0.005120948851
31203	0.0002705684732
31204	2.037070264e-05
31205	0.001335963728
31206	0.003800090646
31207	0.003158009437
31208	0.00440989128
31209	0.001037774585
31210	0.001162588519
31211	0.007250886127
31212	0.002099161198
31213	0.001331377376
31214	0.0003600631092
31215	0.0005001178619
31216	0.003442009018
31217	0.0008847547087
31218	0.0005676419401
31219	0.002400283342
31220	0.0001703060533
31221	0.002582750301
31222	0.003165562022
31223	0.002763329434
31224	0.003951649217
31225	0.0001500479847
31226	0.0005094461059
31227	0.002737322614
31228	0.004272140483
31229	0.000333523887
31230	0.0009718094472
31231	0.00168303874
31232	0.003046285467
31233	0.005231996238
31234	0.003098804563
31235	0.0008628533878
31236	0.003359545005
31237	0.003785588674
31238	0.0004439822349
31239	0.002463833277
31240	0.001690997632
31241	0.003787067113
31242	0.00121865343
31243	0.0004886225283
31244	0.0004847135835
31245	0.0024087673
31246	0.002819870885
31247	0.002467228219
31248	0.001258193291
31249	0.0005233114844
31250	0.0001700164149
31251	0.001818814665
31252	0.001256518863
31253	5.663371339e-05
31254	0.003323094955
31255	0.001158765336
31256	0.001397488867
31257	0.0008171052764
31258	0.00141355125
31259	0.003062509072
31260	7.407169896e-05
31261	0.0002696913463
31262	0.0004566929377
31263	8.354762877e-06
31264	0.001130038017
31265	0.006952132332
31266	0.001697144202
31267	0.0005972973001
31268	0.001509960308
31269	0.001846803345
31270	0.002018873663
31271	0.002832495516
31272	0.0003974122982
31273	0.002095563299
31274	0.0008794384125
31275	0.001763193499
31276	0.0008337334925
31277	0.005485712088
31278	0.0009365984608
31279	0.001325859262
31280	0.0006151156963
31281	0.001554621569
31282	0.00104777464
31283	0.004155473584
31284	0.00289488628
31285	0.005246483103
31286	8.599383182e-06
31287	0.000255979472
31288	0.003536864607
31289	0.0001527814346
31290	0.001365023151
31291	0.0005767465208
31292	0.000219821972
31293	0.0003637781235
31294	0.0002773493709
31295	0.003126856033
31296	0.0036296038
31297	0.0001382881247
31298	0.0005225832943
31299	0.002699982579
31300	0.0008595447351
31301	0.0002671615768
31302	0.0005234098991
31303	0.001925708772
31304	0.000358962728
31305	0.006004538135
31306	0.004200112194
31307	0.003986299342
31308	0.0006229097795
31309	0.001393477539
31310	0.00298255337
31311	0.0008489196159
31312	0.001124602189
31313	0.002821535002
31314	0.0008323874321
31315	0.0009567329939
31316	0.005829396925
31317	0.0002893349034
31318	0.00212602774
31319	0.003722861281
31320	0.006015867597
31321	0.0005584607561
31322	0.004033544828
31323	0.001103758488
31324	0.001386083214
31325	0.002604873594
31326	0.0001101580837
31327	0.00218736006
31328	0.002880619325
31329	0.001392339234
31330	0.001252480695
31331	0.0005019275269
31332	0.0002153672969
31333	5.637067263e-06
31334	0.0005350200897
31335	0.001346249337
31336	0.002162304966
31337	0.003563249551
31338	0.0050278992
31339	0.0006966099565
31340	0.007121510865
31341	0.003636471401
31342	0.0004942882265
31343	0.004247964627
31344	0.0008160089602
31345	0.0006604956681
31346	0.0007193429031
31347	0.001633636876
31348	0.0006126860435
31349	0.001314179058
31350	0.001226883886
31351	0.0004220824355
31352	0.006638734068
31353	0.001588355791
31354	0.0009999260711
31355	0.001084359901
31356	0.0008980819698
31357	0.001170589787
31358	0.002903832618
31359	0.001481561138
31360	0.001491024577
31361	0.0002034839191
31362	0.000537702384
31363	0.0003759973193
31364	0.0006105582597
31365	0.001869975207
31366	0.000761667465
31367	2.325129367e-05
31368	0.0005900838695
31369	0.0005374779051
31370	0.0008799206325
31371	0.004570007196
31372	0.002912758239
31373	0.002127371961
31374	0.004242812852
31375	0.003273929031
31376	0.001700437088
31377	0.004477151542
31378	0.0002377015836
31379	6.351816935e-05
31380	0.001565432663
31381	0.002890476448
31382	0.005027647691
31383	7.554163146e-05
31384	0.00151571328
31385	0.003461791963
31386	0.005816957897
31387	0.002437283185
31388	0.007615910915
31389	0.003079008395
31390	0.0005215469102
31391	0.00156400153
31392	0.0007947304294
31393	0.003159157082
31394	0.0002957833294
31395	0.001853804332
31396	0.001752361863
31397	0.002519484397
31398	0.001873909894
31399	0.009762788854
31400	0.001112768604
31401	0.0003230863161
31402	0.002922212484
31403	0.001988087225
31404	0.005983237811
31405	0.0002444962581
31406	0.001543641894
31407	0.003504305344
31408	0.004837386381
31409	0.001271164134
31410	0.00113520646
31411	0.000785519567
31412	0.00400290035
31413	0.001870656717
31414	0.004408955847
31415	0.003868773188
31416	0.001192555157
31417	0.002800874567
31418	0.007237096368
31419	0.003178669285
31420	0.0008353041493
31421	0.001500494767
31422	0.005952903593
31423	0.0002681442009
31424	0.002157030674
31425	0.001292208163
31426	0.002983835192
31427	0.0009696008728
31428	0.004905656786
31429	0.001225242971
31430	0.001289620403
31431	0.00392553169
31432	0.006962694017
31433	0.003004745058
31434	0.004867019283
31435	0.00394962558
31436	0.0002784657207
31437	2.769556923e-05
31438	0.002395180137
31439	0.006827392952
31440	0.003227064265
31441	0.002371014441
31442	0.002481619404
31443	0.002682244609
31444	0.003195663757
31445	0.000560338952
31446	0.001151683569
31447	0.001790072642
31448	0.003709561738
31449	0.0007338018568
31450	0.002697829323
31451	0.0003809473054
31452	0.001365942496
31453	0.001060317372
31454	0.002109041392
31455	0.003882874091
31456	0.0002662268842
31457	0.003176882812
31458	0.009886162751
31459	0.0001936806138
31460	0.0002895107736
31461	0.007275672779
31462	2.681771401e-05
31463	0.0001396464985
31464	8.055379827e-05
31465	0.0001087890968
31466	0.002362072292
31467	6.852537411e-05
31468	0.0003800992899
31469	0.001168276498
31470	0.003312804435
31471	0.0003398536104
31472	0.0005575013507
31473	0.0005653814598
31474	0.0007004984451
31475	0.0006376310687
31476	6.640584752e-05
31477	9.147935838e-05
31478	0.001697572898
31479	0.001551266079
31480	0.0008493661034
31481	0.0004567630885
31482	0.0005022458462
31483	0.002080597155
31484	0.002735635105
31485	0.003304032946
31486	0.001760496441
31487	2.658979742e-05
31488	0.002889552488
31489	4.739396426e-05
31490	0.003821793939
31491	0.002238602941
31492	0.0003078027018
31493	6.736420503e-05
31494	0.0002664136405
31495	9.67414651e-05
31496	0.002073586807
31497	0.001399318574
31498	2.57754539e-05
31499	0.0007663048686
31500	0.002560521656
31501	0.001171873379
31502	0.0009075215265
31503	0.005066882149
31504	0.0009620203719
31505	0.01172182915
31506	0.002694629159
31507	0.005137082318
31508	0.0003518407947
31509	0.000464610461
31510	0.002279755301
31511	0.0006450488531
31512	0.0009600755567
31513	0.0001230040817
31514	0.0008534688533
31515	0.000668176534
31516	0.00171111218
31517	0.002683507089
31518	0.002490870242
31519	5.636778143e-06
31520	0.003621667393
31521	0.00320386454
31522	0.0006785083534
31523	0.002031067463
31524	0.004724461422
31525	0.0004973650239
31526	0.003146527668
31527	0.004253384462
31528	0.002161869617
31529	0.003037380096
31530	0.003862798789
31531	0.002866562202
31532	0.001787185103
31533	0.0007230211688
31534	0.0004392650189
31535	0.001483129267
31536	0.000393563743
31537	0.0006236731263
31538	0.0008950389247
31539	5.125883548e-05
31540	0.0004720984892
31541	0.0005389241688
31542	0.0002531520299
31543	0.001257377168
31544	0.001492262608
31545	0.000378491917
31546	0.0008696574683
31547	0.0007612775132
31548	0.0003360537012
31549	0.0002773990677
31550	0.0005044972731
31551	0.0007009304685
31552	7.201851626e-05
31553	0.0005885086421
31554	0.0004991344707
31555	0.0005451310872
31556	0.0003531287978
31557	0.0004404924893
31558	0.003057921232
31559	2.310573345e-05
31560	0.001046641471
31561	0.0001325754714
31562	0.003478385184
31563	0.007725925027
31564	0.001707948774
31565	0.00012119588
31566	0.0004362501747
31567	0.0008965419791
31568	0.0007006592882
31569	0.0002847343711
31570	7.08531999e-06
31571	0.001559020579
31572	0.001420213268
31573	0.008805078989
31574	0.002215596074
31575	0.0006448928563
31576	0.001153911507
31577	0.0021417607
31578	0.0002230935649
31579	0.0002332049095
31580	0.0002965727069
31581	8.907029077e-05
31582	0.0008353472197
31583	0.000527601569
31584	0.003087461196
31585	0.001266899462
31586	0.004505786194
31587	0.0007690133551
31588	0.0004328508823
31589	0.001733339779
31590	0.006140460764
31591	0.003190665017
31592	0.0010726078
31593	0.004269902374
31594	0.000800759408
31595	0.001642674633
31596	0.004920971755
31597	0.0003727044797
31598	0.0004093691826
31599	0.0002718766631
31600	0.0005575726166
31601	0.0001435917725
31602	0.0001859467315
31603	0.003861971211
31604	0.0002395219807
31605	0.0007179027756
31606	0.002313468354
31607	9.814883251e-05
31608	0.0003448792395
31609	0.0048133717
31610	5.515772664e-05
31611	0.0001383647284
31612	0.002398498455
31613	0.0008762450042
31614	0.0003075978667
31615	0.0004911165775
31616	0.003317512976
31617	0.0005244459051
31618	0.001971625313
31619	0.005315996363
31620	0.003640294349
31621	0.0008471424185
31622	0.004346739233
31623	0.0001792868472
31624	0.003896675061
31625	0.002879643646
31626	0.006874056869
31627	0.001937960156
31628	0.005231431833
31629	0.0009730584739
31630	6.329094509e-06
31631	0.001415410554
31632	0.002663693194
31633	0.004462128141
31634	0.0004276732273
31635	0.004512511246
31636	0.001916258495
31637	7.321841832e-05
31638	6.369622703e-05
31639	0.001234002746
31640	0.001061434911
31641	0.001782954158
31642	0.002349890534
31643	0.001314164797
31644	0.001062349934
31645	0.0008056252765
31646	0.002963933316
31647	0.000749654848
31648	0.0001955541976
31649	0.001335591585
31650	0.002324007575
31651	0.001216498023
31652	0.000705870791
31653	0.000352052194
31654	0.0002743329514
31655	0.0006345404475
31656	0.002556906416
31657	0.001753380664
31658	0.0002199576108
31659	0.001208676575
31660	0.002899432694
31661	0.00391134796
31662	0.0002917440082
31663	0.001556400917
31664	0.0004779722681
31665	0.002336188828
31666	0.006613885563
31667	0.003877649516
31668	0.002047750899
31669	0.0007250236629
31670	0.004298137216
31671	0.004804031417
31672	0.0002896688246
31673	0.003445149866
31674	0.00106956819
31675	0.006262790003
31676	0.001812302601
31677	0.001109936012
31678	0.001535566407
31679	0.002602189541
31680	0.001484203142
31681	0.0009768620877
31682	0.003101789854
31683	5.183496613e-05
31684	0.006412293185
31685	0.003046534598
31686	0.001815334401
31687	0.0006404027907
31688	0.004187143539
31689	0.002028362907
31690	0.004424707266
31691	0.0009102170119
31692	1.448930065e-05
31693	0.004587665816
31694	0.001155571597
31695	0.00058779232
31696	0.0008176435487
31697	0.00133599015
31698	7.874533812e-05
31699	0.0006045042626
31700	0.006145069503
31701	0.0004475000892
31702	0.0004779447787
31703	0.002447596483
31704	0.00648806787
31705	0.003022633777
31706	0.0004700142303
31707	0.000485508594
31708	0.00275022475
31709	8.945355931e-05
31710	0.0004395776468
31711	0.000468112935
31712	0.00128106474
31713	0.0007105281611
31714	0.0008581756009
31715	0.001406093343
31716	0.007267785182
31717	0.001754280339
31718	0.001989909052
31719	0.001696986
31720	0.002349868972
31721	0.003793262189
31722	0.005273158164
31723	0.0001394247968
31724	0.004114969207
31725	0.003641070393
31726	0.00170173578
31727	0.002937534925
31728	0.001460315094
31729	2.263019879e-05
31730	0.0001541851896
31731	0.00247013456
31732	0.007725632559
31733	0.000763932846
31734	0.004455057333
31735	0.00192751651
31736	0.0007941207082
31737	0.0008848688684
31738	0.0008718521969
31739	9.322360199e-05
31740	0.001760270655
31741	0.001171757965
31742	0.0001139267206
31743	0.003275018054
31744	0.0008607596795
31745	0.003084242562
31746	0.001940630477
31747	0.005364893164
31748	0.001478260926
31749	0.0009285183123
31750	0.0003417652274
31751	7.954716194e-05
31752	0.001930150792
31753	0.0009990445566
31754	0.004862373153
31755	0.0007729084375
31756	0.001313222143
31757	0.0005578503292
31758	7.210861498e-05
31759	0.0002070586239
31760	0.001794064534
31761	0.0004201635777
31762	0.006226194947
31763	0.00135884563
31764	0.001867973111
31765	0.002849478055
31766	0.005638656452
31767	0.003304228058
31768	0.001383470611
31769	0.001503707037
31770	0.00184895532
31771	0.0006639243769
31772	0.003388156008
31773	0.0008255957221
31774	0.004141798816
31775	0.0001228213957
31776	0.002880064083
31777	0.000523543445
31778	0.0008510994383
31779	0.002798330465
31780	6.637221907e-05
31781	0.001983282654
31782	0.003312594128
31783	0.0002521652913
31784	0.00235886379
31785	0.0002858455131
31786	0.0006872555008
31787	0.00214843672
31788	0.00227829539
31789	0.004972396255
31790	0.002936067326
31791	0.001110073228
31792	0.0006648447143
31793	0.001586428849
31794	0.003587275266
31795	0.002975825912
31796	0.001697911538
31797	0.006656418811
31798	0.0002399047914
31799	0.001367910291
31800	0.002153915416
31801	0.00140646254
31802	0.001502383733
31803	0.001413071668
31804	0.0005837616034
31805	0.001410971069
31806	0.001849806279
31807	0.001941806198
31808	0.001829916718
31809	0.001726122392
31810	0.0002413153155
31811	0.002261310607
31812	0.0001023344243
31813	0.00121209472
31814	0.001499243039
31815	0.002719532075
31816	0.002915128576
31817	0.0001883743989
31818	0.0009306833893
31819	9.833058608e-07
31820	0.0009480588057
31821	0.002181883331
31822	0.0001221464449
31823	0.0004845715066
31824	0.0007707178932
31825	0.001344634639
31826	0.0001477773213
31827	0.004231015405
31828	0.001022632179
31829	0.001405501872
31830	0.006564460384
31831	0.002080970366
31832	0.003033165452
31833	0.0003386544961
31834	0.004027479372
31835	0.004058380584
31836	0.00074911123
31837	0.0002943244912
31838	0.001586092906
31839	0.002689367989
31840	0.0004806628051
31841	0.0006651764187
31842	0.002341795078
31843	0.005094246716
31844	0.00286901135
31845	0.002869944471
31846	0.001483012846
31847	0.002754146085
31848	0.001685115514
31849	0.006579695879
31850	0.002087631419
31851	0.0004281591409
31852	0.001785264902
31853	0.001971246638
31854	0.0009368280623
31855	0.0002154242713
31856	0.003649245447
31857	0.001267599478
31858	0.003642092219
31859	0.0004146292962
31860	0.000408747777
31861	0.001034578915
31862	0.003852467822
31863	0.001322067202
31864	0.001700801045
31865	0.002247354985
31866	0.001650477198
31867	0.006149212403
31868	0.001273970859
31869	0.001322338437
31870	0.003235918624
31871	0.000245528128
31872	0.002518399259
31873	0.002626671441
31874	0.002149433627
31875	0.00159436126
31876	0.0026835315
31877	0.001203749088
31878	0.001360514349
31879	0.00296188078
31880	0.002538632482
31881	0.002240655249
31882	0.003683334122
31883	0.004408367286
31884	0.0002007872928
31885	0.0009367671518
31886	0.001030474471
31887	0.005715090582
31888	0.001065843654
31889	0.00346737562
31890	0.002537542891
31891	0.004562008543
31892	0.0003722645151
31893	0.0007061960661
31894	0.002330828154
31895	0.005103941741
31896	0.002157447988
31897	0.002350229606
31898	0.0009390885761
31899	7.799496806e-05
31900	0.0002223360602
31901	0.002708248961
31902	0.001062209259
31903	0.004085697942
31904	0.00336634832
31905	0.001614779526
31906	0.0004581361047
31907	0.0003656632211
31908	0.003491525766
31909	0.0001498863599
31910	0.0009222821207
31911	0.007644087444
31912	0.004255127149
31913	0.0001173348929
31914	0.001300173902
31915	0.0007110349655
31916	0.002053365936
31917	0.002443917748
31918	0.00250934746
31919	0.003705443207
31920	0.002180426841
31921	7.318575615e-06
31922	0.001787066229
31923	0.001794182707
31924	0.0002582840621
31925	0.0003326673211
31926	0.0003162705394
31927	0.001237090979
31928	0.0007670882118
31929	0.001185866103
31930	0.001928901864
31931	0.00418510241
31932	0.002044958546
31933	0.001270499201
31934	0.00523220414
31935	0.001981475984
31936	0.0003292007941
31937	0.0009337238626
31938	3.977067059e-06
31939	0.003146312732
31940	0.001493168242
31941	0.001803241806
31942	0.001422050728
31943	0.000121319553
31944	8.689449815e-05
31945	0.003668587545
31946	0.001199249218
31947	0.005352602856
31948	0.0003152337337
31949	0.0006723036959
31950	0.007169182815
31951	0.005494285277
31952	0.0003038138356
31953	0.000446688856
31954	4.452019446e-05
31955	0.0007955505461
31956	0.002777050552
31957	0.002343131978
31958	1.003607673e-05
31959	0.005702207443
31960	0.002024978184
31961	0.002798222081
31962	0.0003594203358
31963	0.001775705971
31964	5.575194723e-05
31965	0.002359765693
31966	0.003188782724
31967	0.0002183603192
31968	0.0001037453006
31969	0.0007615428284
31970	0.0008497147983
31971	0.002310195002
31972	0.002732355632
31973	0.003126078426
31974	0.001027240478
31975	0.001816793203
31976	0.003432849358
31977	0.002505463737
31978	0.0004339822806
31979	0.002922590811
31980	0.000243154035
31981	0.000686772954
31982	0.001214848318
31983	0.0008350985169
31984	0.0001010572378
31985	0.0002952728014
31986	0.001673931678
31987	0.001888858094
31988	0.000188851922
31989	0.001539419215
31990	0.00190106713
31991	0.0009574219344
31992	0.0003933485887
31993	0.0001783436191
31994	0.0001612156018
31995	0.001146936103
31996	0.0008635257771
31997	0.0004142973673
31998	0.001499075978
31999	0.0005256833983
32000	0.001276842015
32001	0.0008963043417
32002	0.0009408624544
32003	0.004439491659
32004	0.00201173212
32005	0.004724460434
32006	0.0003471954786
32007	0.003967663618
32008	0.002047224565
32009	0.007999451457
32010	0.003488802701
32011	0.003847349369
32012	0.0002885711865
32013	0.003719762469
32014	0.002256369868
32015	0.0004112573087
32016	0.001940145498
32017	0.0005124903382
32018	0.002611416119
32019	0.001728261625
32020	0.002479171843
32021	0.005938364421
32022	0.002088378191
32023	0.0007368284435
32024	0.001878775862
32025	0.0003051748292
32026	0.0008278195191
32027	0.005155786426
32028	0.004046343097
32029	0.003911717982
32030	0.004168317467
32031	0.001559739878
32032	5.362708242e-05
32033	0.000728391361
32034	0.001118706374
32035	0.0008700815342
32036	0.006716075214
32037	0.0004607800784
32038	0.002573439558
32039	0.001635545763
32040	0.006132229253
32041	0.001287567748
32042	0.002975470668
32043	0.002552713536
32044	0.003291463299
32045	0.0006427979514
32046	0.001480246135
32047	1.564960609e-05
32048	0.001540871447
32049	4.920539414e-05
32050	9.7577866e-05
32051	0.0002469736993
32052	0.001682584997
32053	0.0004164403291
32054	0.002661613326
32055	0.0001451674595
32056	0.0003667451082
32057	0.000316017621
32058	0.0004534410339
32059	9.699458415e-06
32060	0.002202457112
32061	0.000996188789
32062	0.000156678159
32063	0.001143790379
32064	0.00154680702
32065	0.001785199681
32066	0.003499426542
32067	0.005033910746
32068	0.0002865859846
32069	0.0001562297194
32070	0.002624878358
32071	0.0009782554551
32072	0.0004744044608
32073	3.628671728e-05
32074	0.0004851533269
32075	0.0001377025388
32076	1.763099748e-05
32077	0.001303298305
32078	0.0005604737782
32079	0.001826519256
32080	0.0002412731075
32081	0.0009355236449
32082	0.0003411700007
32083	4.709444034e-05
32084	0.000368504944
32085	0.0004981289196
32086	0.002075096316
32087	0.004131501477
32088	0.002513457851
32089	0.00148657287
32090	0.0002221144431
32091	0.001472416518
32092	0.004356019469
32093	0.0001304369767
32094	0.0003718060331
32095	0.0002699833929
32096	0.001138727359
32097	0.001428027092
32098	0.001295653415
32099	0.003222553336
32100	0.0007095911138
32101	0.0006569910451
32102	0.0004746702797
32103	0.0001563857337
32104	7.271484046e-05
32105	0.0003750448489
32106	5.510308369e-05
32107	0.001200071247
32108	0.0006326808381
32109	0.003293411035
32110	0.004304980092
32111	0.003844327563
32112	0.001683565341
32113	0.001468217815
32114	4.147197619e-05
32115	0.0004282120354
32116	0.001517111992
32117	0.002929088713
32118	0.001682549946
32119	0.003577647632
32120	0.0006657955591
32121	5.123538981e-05
32122	0.001346891038
32123	0.0003643444848
32124	0.0003505006208
32125	0.000548300217
32126	0.0001692587509
32127	5.946057039e-05
32128	0.0004146813402
32129	0.0002100455341
32130	0.002140043156
32131	0.001983648295
32132	0.001964546345
32133	0.000841476012
32134	0.004351710138
32135	0.001751262106
32136	0.0001656917754
32137	0.0002423998037
32138	0.001419236234
32139	0.0005617794
32140	0.002206877194
32141	0.004177705466
32142	0.006775980875
32143	0.001841426455
32144	0.003582946677
32145	0.001625074101
32146	0.001580015204
32147	0.001628237617
32148	0.005094985165
32149	0.002930020588
32150	0.0009284754935
32151	0.001710724936
32152	0.0003210773786
32153	0.002071287409
32154	0.0002315552581
32155	0.001424342981
32156	0.0006546098553
32157	0.001464171409
32158	0.007830945464
32159	0.004402497305
32160	0.0007705511099
32161	0.002114164703
32162	0.004987510791
32163	0.0002927479673
32164	0.0004302371249
32165	0.0005774285632
32166	0.003154541309
32167	0.001007903705
32168	0.005597969686
32169	0.0008895176918
32170	0.000172458412
32171	0.001058667362
32172	0.00433101461
32173	0.000172766283
32174	0.002648939374
32175	0.0004507235817
32176	0.0009417108243
32177	0.001034830069
32178	0.002381204248
32179	0.0002422465074
32180	0.0008369168923
32181	1.37270867e-05
32182	5.468228031e-06
32183	0.001783923118
32184	0.003414689356
32185	0.0002420311944
32186	0.00253532882
32187	0.001535993308
32188	0.001046689953
32189	0.000911556125
32190	0.001869648004
32191	0.002184488539
32192	0.002443242863
32193	0.002137712099
32194	0.0009953055573
32195	0.0005280659326
32196	0.001160626334
32197	0.001387572311
32198	0.002353498976
32199	0.001255708871
32200	0.003735185431
32201	0.001154552491
32202	0.00297250246
32203	0.001022610667
32204	0.001304717005
32205	0.0002236845317
32206	0.001527112676
32207	0.005365425931
32208	0.0009706767853
32209	0.001768693399
32210	0.003083721064
32211	0.0006118174977
32212	0.003213094798
32213	0.002542926299
32214	0.003039692328
32215	0.0002652822764
32216	0.0003653153229
32217	0.001723375038
32218	0.003802862096
32219	0.002196088475
32220	0.000705321456
32221	0.0005238694981
32222	0.0003045811328
32223	0.0007503362854
32224	0.001385695002
32225	0.002273064067
32226	0.007657874151
32227	0.003760921843
32228	0.000432099615
32229	0.00159726719
32230	0.002177575544
32231	0.005694591573
32232	0.0006629596339
32233	0.0001039154995
32234	0.00530949326
32235	0.000490069907
32236	0.002899362566
32237	0.002611697355
32238	0.0002216598031
32239	0.002905068513
32240	0.001146632799
32241	0.003033154542
32242	0.00270519616
32243	0.004351931424
32244	0.0005633577782
32245	0.005458547393
32246	5.905309221e-05
32247	0.000120669485
32248	0.00129259664
32249	0.005074592143
32250	0.0002069836458
32251	0.00771257214
32252	0.002652458681
32253	0.005030988496
32254	0.001607165401
32255	0.0001849652568
32256	0.004552593908
32257	0.002408849883
32258	0.005223354022
32259	0.002459895755
32260	0.003187580595
32261	0.001228885791
32262	0.0004570082584
32263	0.002032704543
32264	0.001587743361
32265	0.001225207161
32266	0.000529236017
32267	0.001377814064
32268	0.0007917823153
32269	0.0007481843267
32270	0.001930433536
32271	0.002338816031
32272	0.005301314095
32273	7.852348708e-05
32274	0.002162820741
32275	0.003453886962
32276	0.003803800551
32277	0.0002766125189
32278	0.002288376397
32279	0.002670695971
32280	0.001688613587
32281	0.001367691517
32282	0.0003448157248
32283	3.485808342e-05
32284	0.0003624391535
32285	0.002912941319
32286	0.004280137666
32287	0.001087521733
32288	0.003518943532
32289	0.0001089066497
32290	0.003272371148
32291	0.002372927366
32292	0.0006689464019
32293	0.0006498610931
32294	0.001419791203
32295	0.0001610417983
32296	0.0007120629563
32297	0.003558566778
32298	0.005540783962
32299	0.001379603109
32300	0.005417893681
32301	0.0002320463721
32302	0.001933067299
32303	0.0003197376666
32304	0.001654340603
32305	0.0007330671185
32306	0.001472144294
32307	0.0006282563016
32308	0.0002708308737
32309	0.008423947678
32310	0.000323878302
32311	0.008456907786
32312	0.003212235843
32313	0.000830905241
32314	0.0080858144
32315	0.0004952741159
32316	0.002732434446
32317	0.0006516789868
32318	0.0006410768289
32319	0.0007912621303
32320	0.0004545403437
32321	0.0002333462771
32322	0.001049116495
32323	0.0002778835386
32324	9.498756325e-05
32325	0.0002684639603
32326	0.0001763288098
32327	0.0002242951619
32328	9.778534587e-05
32329	0.000210106096
32330	1.108647921e-05
32331	0.000905559823
32332	0.0002451642153
32333	9.187543923e-05
32334	0.0001150144295
32335	0.0003406714326
32336	0.001059242573
32337	0.001178195087
32338	0.0002999073736
32339	0.0005379972488
32340	0.00220324336
32341	3.980067148e-05
32342	2.593622604e-05
32343	0.0006545985149
32344	0.0004744659976
32345	0.005528641052
32346	0.00290910272
32347	0.0001305014104
32348	0.005257950074
32349	0.004484649795
32350	0.0006786186852
32351	0.001616538893
32352	0.0001093660118
32353	0.001404873537
32354	0.0001609651425
32355	0.0001340750245
32356	0.003714728782
32357	0.004693026669
32358	7.842468953e-05
32359	0.001834132041
32360	0.001205690318
32361	0.0001634231807
32362	0.0005702359207
32363	0.0005471782475
32364	0.005190180638
32365	0.002556251216
32366	0.001012535305
32367	0.002294495278
32368	0.004898614422
32369	0.0001289583929
32370	0.002430001173
32371	0.00327066717
32372	0.003800842411
32373	0.001099878838
32374	0.001482492678
32375	0.001237402342
32376	0.001323205156
32377	0.0001330895752
32378	0.0001656071921
32379	0.0003198768657
32380	0.0003890910662
32381	0.000290008933
32382	0.0007528484504
32383	0.002185792321
32384	0.001730064075
32385	0.0007859645591
32386	0.0002736011612
32387	0.005755729172
32388	0.0003737838682
32389	0.001278767974
32390	0.0003556791484
32391	0.00239255629
32392	0.002838453092
32393	0.001871563138
32394	0.000799423492
32395	5.742914899e-05
32396	0.003205769708
32397	0.001846202548
32398	0.002324969436
32399	0.001972838356
32400	0.004506644457
32401	0.002213473854
32402	0.002169402937
32403	0.002429708904
32404	0.004385081281
32405	0.003552467564
32406	0.003617300491
32407	0.0009778890589
32408	0.002221893229
32409	0.0007503033193
32410	0.0001710594499
32411	0.00240684336
32412	0.0006253042504
32413	0.001985389947
32414	0.006360680829
32415	0.002070539201
32416	0.003351741134
32417	0.004491432813
32418	3.321570424e-05
32419	0.0003171087964
32420	0.0001117190322
32421	0.002107832296
32422	0.001228598342
32423	0.002826837623
32424	0.002378731226
32425	0.002860456269
32426	0.001882143822
32427	0.0009672172534
32428	0.003188714098
32429	0.0002481181372
32430	0.0002140491899
32431	0.0005687529646
32432	0.0006697933705
32433	0.0001873399286
32434	0.0002652355959
32435	0.000488742621
32436	0.0001127306253
32437	0.0001016659425
32438	0.001069734398
32439	0.0009398935084
32440	0.001073688982
32441	0.0008136455265
32442	0.005795462178
32443	0.0005800790985
32444	0.0005788245761
32445	0.007667326493
32446	0.0002498530772
32447	0.0006094187317
32448	0.00363997127
32449	0.00309068836
32450	0.003794697892
32451	0.001930689884
32452	0.002685833735
32453	0.00484398887
32454	0.0008081918301
32455	0.0021342881
32456	0.002258413973
32457	0.002694200377
32458	0.0005749950645
32459	0.002642106848
32460	0.001553511808
32461	8.654025579e-05
32462	0.0005652372174
32463	0.0002349742633
32464	0.001760276881
32465	0.001169143823
32466	0.003027684876
32467	0.0002487116811
32468	0.001262606321
32469	0.00356113046
32470	0.001648445351
32471	0.0004373440902
32472	0.001203383992
32473	0.002791117479
32474	0.002664487677
32475	0.002106166597
32476	0.0002354450949
32477	0.0007531706888
32478	0.0001384742957
32479	0.001073871273
32480	3.748030268e-05
32481	0.003591564136
32482	0.004533733618
32483	0.0002525391531
32484	0.003424924483
32485	2.882507448e-05
32486	0.003104993516
32487	0.0003422780525
32488	0.0004088279842
32489	0.0001465311379
32490	0.001717588212
32491	0.007249572975
32492	0.001364557769
32493	0.0006653858034
32494	0.0006504957598
32495	0.002772892654
32496	0.0001791264766
32497	0.0004453576487
32498	0.0002326611388
32499	0.001235184035
32500	0.001027642335
32501	0.0009196566066
32502	0.001759165392
32503	0.004282367803
32504	0.002064253831
32505	0.004355638036
32506	0.003959186291
32507	0.001352081416
32508	0.001771018882
32509	0.002966380637
32510	0.0009878785358
32511	0.0006527879783
32512	0.000219907155
32513	0.003430343657
32514	0.0005684286557
32515	0.002284880375
32516	0.000412130019
32517	0.00154180948
32518	0.002099757764
32519	0.001002697428
32520	0.0001721291964
32521	8.736035962e-05
32522	0.0001447826195
32523	0.001096290418
32524	0.001368792786
32525	0.002080258816
32526	0.001425536947
32527	0.0006864268842
32528	0.0001116084584
32529	0.001381047659
32530	0.002739527429
32531	0.003616680223
32532	0.003654832747
32533	0.006077121317
32534	0.003037752324
32535	0.004541086971
32536	0.0007168739861
32537	0.001823812103
32538	0.0001928497854
32539	0.004198307533
32540	0.003443982919
32541	0.0007887754904
32542	0.0002615193076
32543	0.0003707552571
32544	0.001032921836
32545	0.004645962973
32546	0.0003016272513
32547	0.002224515333
32548	0.0003482620396
32549	0.001312927071
32550	0.002136836185
32551	7.685680937e-06
32552	0.0008766966132
32553	0.0001739337075
32554	0.0003651332722
32555	0.001098584575
32556	0.0007879170311
32557	0.0003959736878
32558	0.0002829362885
32559	0.0009212269327
32560	0.001109551728
32561	0.0002746797207
32562	0.001739072204
32563	0.0001114005904
32564	0.0003971051059
32565	0.0003112920301
32566	0.0001545067479
32567	0.000566725075
32568	0.0004093213279
32569	0.0002136727141
32570	0.0004255782258
32571	0.0002207730223
32572	0.002882331533
32573	0.0004837726682
32574	0.0002471412848
32575	9.027564514e-05
32576	7.355933333e-05
32577	0.0002489643756
32578	0.000414432915
32579	0.0007487055905
32580	0.0003729546061
32581	0.0001463841206
32582	0.001450775662
32583	0.0004424415765
32584	0.002240902846
32585	0.000700900669
32586	0.001545777659
32587	0.0002446774264
32588	0.0001252392555
32589	0.0001752985634
32590	0.0003600795608
32591	0.0001809215516
32592	8.371753732e-05
32593	0.0008595755299
32594	0.0003960196402
32595	9.462923318e-05
32596	0.000525202863
32597	0.0003192351845
32598	0.0001763544639
32599	0.0001657520387
32600	0.000161653917
32601	0.0005077740402
32602	0.0002745449111
32603	0.0002392449139
32604	0.0001385455135
32605	9.215352942e-05
32606	6.631661372e-06
32607	0.001008970711
32608	9.247899882e-05
32609	0.0009965189197
32610	0.00240113405
32611	0.0001515253501
32612	0.001623342232
32613	0.001445766732
32614	0.0007234018473
32615	0.0005681759418
32616	0.002390338709
32617	0.006891520203
32618	0.004724069247
32619	0.00268044778
32620	0.001164310936
32621	0.001263953995
32622	0.004366972123
32623	0.002179603219
32624	0.0006718829017
32625	0.007921122975
32626	0.000322597472
32627	0.0007665075352
32628	0.002458015609
32629	0.001552815823
32630	0.001712301404
32631	0.002785770553
32632	0.0003632511091
32633	0.0004389990047
32634	0.002382642163
32635	0.0001045199675
32636	0.0002328276053
32637	0.0001464420992
32638	0.001030552215
32639	0.001141187046
32640	0.001669415414
32641	0.001666067513
32642	0.002542211986
32643	0.0005374656647
32644	0.0001087302985
32645	0.0004201678698
32646	0.002919718075
32647	0.002473542331
32648	0.001651507215
32649	0.004747561297
32650	0.0004462005409
32651	0.004493140234
32652	0.002969608533
32653	0.001858839606
32654	0.001412824529
32655	0.007449279635
32656	0.001691447532
32657	0.0005081036595
32658	0.0007645737293
32659	0.001632148825
32660	0.001094887698
32661	0.006568026514
32662	0.001623482551
32663	0.003743117808
32664	0.004677636396
32665	0.00466725331
32666	0.003708105348
32667	0.001028140306
32668	0.001501427722
32669	0.0004806077664
32670	4.291919147e-05
32671	6.053799574e-05
32672	0.0007209192422
32673	0.000723711452
32674	3.334257133e-05
32675	0.0002625296023
32676	0.0003058644851
32677	9.486653357e-06
32678	0.001384983418
32679	0.0008792213326
32680	0.0002251095002
32681	0.0007857343272
32682	0.0001313631048
32683	0.0003841508098
32684	0.0001553265962
32685	0.001267037736
32686	0.0005253358171
32687	0.001419300639
32688	8.825723665e-05
32689	0.0002013487713
32690	0.0004472120093
32691	0.0008619169879
32692	0.002389424024
32693	0.0001267151027
32694	0.0001918017791
32695	0.0003381230596
32696	0.000556273527
32697	0.004848175325
32698	0.0001185261287
32699	0.0003766548723
32700	0.001977572384
32701	0.001019128009
32702	0.0009660557652
32703	0.000521211416
32704	0.0004023610737
32705	0.0001627134522
32706	0.003217188894
32707	0.0009373898198
32708	0.003614943843
32709	0.002207673808
32710	0.0009851343786
32711	0.0002490841858
32712	0.002206857478
32713	0.003926166278
32714	0.004653916218
32715	0.00362865073
32716	0.002473594875
32717	0.006726530534
32718	0.001373516663
32719	0.002683525126
32720	0.00180090751
32721	0.001076871344
32722	0.001281776137
32723	0.005076051963
32724	0.0006140155364
32725	0.00629593349
32726	0.0009792783882
32727	0.004094099473
32728	0.001869064594
32729	7.960207316e-05
32730	0.0007030164977
32731	0.006777449897
32732	0.0007213868919
32733	0.0001783667701
32734	0.0005374318615
32735	3.2265207e-05
32736	0.0001073641245
32737	0.0008207854187
32738	0.001759074417
32739	0.003831776439
32740	0.002458909499
32741	0.0001644933459
32742	0.001670908835
32743	0.001074556474
32744	0.004873845722
32745	0.003461546556
32746	0.0009617446981
32747	0.002783070596
32748	0.001885451919
32749	0.0004896152072
32750	0.003528880084
32751	0.004866173537
32752	0.005596110105
32753	0.000964763853
32754	0.001646199566
32755	0.004844001593
32756	0.0001292050438
32757	0.0004653046069
32758	0.001347491534
32759	0.001059082417
32760	0.001996184644
32761	0.001554869866
32762	0.003704172576
32763	0.002445080876
32764	0.0003868319457
32765	4.213561828e-05
32766	3.545252739e-05
32767	0.000244583377
32768	0.002726676906
32769	5.789887747e-05
32770	0.0002322716387
32771	0.006629572431
32772	0.001110729509
32773	8.933461871e-05
32774	0.0004891154545
32775	0.003418052823
32776	0.0008268173002
32777	0.001373174814
32778	0.002291537659
32779	0.0007781164051
32780	0.001837413993
32781	0.0004583031985
32782	0.0003184031807
32783	2.647895797e-06
32784	0.003311111495
32785	0.0002738999851
32786	6.008628159e-05
32787	2.325350812e-05
32788	0.0006886707238
32789	0.0005142171298
32790	0.0007110801805
32791	0.0002949358835
32792	0.001432565689
32793	0.002062935158
32794	0.001254347743
32795	0.004146574959
32796	0.0002077445899
32797	7.432319385e-05
32798	5.214764213e-05
32799	0.0002256348086
32800	0.000411210322
32801	0.00180377099
32802	0.001467560064
32803	0.0001729001556
32804	0.0002881418941
32805	4.803853077e-05
32806	0.000290334722
32807	0.0001302194801
32808	0.001524912733
32809	0.0001589439782
32810	0.0007454217491
32811	0.001922627433
32812	0.0007110988958
32813	0.0002253393025
32814	0.001220818871
32815	0.000816721974
32816	0.002075813118
32817	0.0002246749481
32818	0.0009761579952
32819	0.0006597192777
32820	0.0005986706241
32821	0.0008088993875
32822	0.0001937485092
32823	0.000450406279
32824	0.002917965328
32825	0.001683974132
32826	0.0005312927196
32827	0.001780295408
32828	0.0007940098968
32829	0.0002721905883
32830	0.0007156696118
32831	0.0004729158697
32832	2.977618056e-05
32833	0.001395264377
32834	0.001111522277
32835	0.0004128799733
32836	0.001014883949
32837	0.000592853527
32838	0.001338775638
32839	0.001087071643
32840	0.0008101542295
32841	0.00253966931
32842	0.002054637645
32843	0.001113768794
32844	0.0001404965748
32845	0.0002274210073
32846	0.0005546144122
32847	0.0004898750872
32848	0.002806799723
32849	0.0005045453531
32850	0.003570131604
32851	0.0001321311758
32852	0.0001482774463
32853	0.0002102680741
32854	0.001428957889
32855	0.001596364062
32856	0.003188427672
32857	0.0007832118351
32858	0.001044570316
32859	0.001818185161
32860	0.0009454098534
32861	5.501337898e-05
32862	0.001403921292
32863	0.00251392723
32864	0.001443987839
32865	0.003174623097
32866	0.0002305725642
32867	0.0001879196085
32868	0.0001585953781
32869	0.000193230648
32870	4.503823149e-05
32871	0.0007055569115
32872	0.0004878681946
32873	0.004070418716
32874	0.004877220593
32875	0.0002826054778
32876	0.0003692732637
32877	0.002856597279
32878	0.0007942780272
32879	0.001739249604
32880	0.004250899972
32881	0.002463947364
32882	0.001693558656
32883	0.0008728848136
32884	0.000123800509
32885	0.0008305557102
32886	0.001976156999
32887	0.0001104877228
32888	0.0009956012667
32889	0.0003819704257
32890	2.827736961e-05
32891	0.00191830561
32892	0.0005506916428
32893	0.002622813188
32894	0.002829100086
32895	0.002033368234
32896	0.0002123470614
32897	0.001818930207
32898	0.001820094787
32899	0.0001184521188
32900	1.799175037e-05
32901	0.001236652413
32902	0.003396000055
32903	0.004438780691
32904	0.009105046258
32905	0.0001916235501
32906	0.0003883266096
32907	0.002084283064
32908	0.001583325156
32909	0.0005224756141
32910	0.0002243855548
32911	0.001853574738
32912	0.001424899994
32913	0.00366541726
32914	0.001129850957
32915	0.0002173723477
32916	0.001771345448
32917	0.0005803561198
32918	0.002933848005
32919	0.001460651675
32920	0.0002065038629
32921	0.001281111246
32922	1.147035897e-05
32923	0.001644536355
32924	0.0007491801098
32925	0.001699208765
32926	0.0001774304519
32927	0.00168976496
32928	0.0008466339629
32929	0.0001094552066
32930	0.0006738385567
32931	0.003060589018
32932	0.0005679870487
32933	0.004032031907
32934	0.000314856382
32935	0.0002570666168
32936	0.003254612564
32937	0.005434373891
32938	0.003419675572
32939	5.260801912e-05
32940	0.00234755908
32941	0.0007893919196
32942	0.0002101841246
32943	0.005242311634
32944	9.454177317e-05
32945	0.002107685016
32946	0.0001353920734
32947	0.007884641385
32948	0.001052249579
32949	0.0001420508645
32950	0.003474084334
32951	0.002992682012
32952	0.001857621138
32953	0.0006535274567
32954	0.0002583739341
32955	0.0003959467507
32956	0.0008983279258
32957	0.002523470133
32958	0.0002382019294
32959	0.001078101198
32960	0.0002003936731
32961	0.002829548222
32962	0.0005338309301
32963	0.000428197594
32964	0.0006087066685
32965	0.002812233356
32966	0.001599527334
32967	0.001287515092
32968	0.002469667596
32969	0.004734553412
32970	0.00143785713
32971	0.0004004178938
32972	0.001425407756
32973	0.002327498736
32974	0.0001485405759
32975	0.001317019427
32976	0.0002722806863
32977	0.001580782288
32978	0.002654610983
32979	0.00159576068
32980	0.005962930888
32981	0.000611566992
32982	0.000276174509
32983	0.0006214984737
32984	0.0006896530018
32985	0.003245269652
32986	0.001807403732
32987	0.0004421186826
32988	6.545183008e-05
32989	0.003524977907
32990	0.0003767069874
32991	0.0005811944728
32992	0.002695114078
32993	0.001245260891
32994	0.002182307231
32995	0.002987411615
32996	0.002906821661
32997	0.001490950699
32998	0.001474325826
32999	0.001369712939
33000	0.004571035787
33001	0.0005332805062
33002	0.0002198036222
33003	0.0006505004836
33004	0.001552051596
33005	0.0008204262379
33006	0.0006471258939
33007	0.003657796327
33008	0.001017339644
33009	0.003938102866
33010	0.0001881837397
33011	0.003351805584
33012	0.004108620577
33013	0.0001931789936
33014	0.0003332128676
33015	0.004483308355
33016	0.00450602777
33017	0.001205730172
33018	0.003180294399
33019	0.000297079194
33020	0.002611842418
33021	0.0004111303696
33022	0.0001306654602
33023	0.006945425189
33024	0.0003518784501
33025	0.002377296473
33026	0.006912559561
33027	0.001515234932
33028	0.001615728832
33029	0.001613942524
33030	0.00344887031
33031	0.001715739277
33032	0.001887177161
33033	0.00214621763
33034	0.000385099358
33035	0.0007432437239
33036	0.0001620089972
33037	0.001871515086
33038	0.0002366449327
33039	0.002138920516
33040	0.002070740462
33041	0.001689412287
33042	0.0005777431397
33043	0.0002083122533
33044	0.0003258521109
33045	5.275539986e-05
33046	0.001373372677
33047	0.00217171601
33048	0.0002170452231
33049	0.002046734646
33050	0.001104883774
33051	5.6463942e-07
33052	0.002570210717
33053	4.515109376e-05
33054	0.003431657722
33055	0.0006922961154
33056	0.002488888366
33057	0.001460474199
33058	0.004278733712
33059	0.003263137277
33060	0.0006897677788
33061	9.758515177e-05
33062	0.0004590124605
33063	8.925461337e-05
33064	2.668165799e-05
33065	0.0008452183478
33066	0.002507463256
33067	0.002010245588
33068	0.001605903653
33069	0.00425845538
33070	0.0041687927
33071	0.001939060095
33072	0.0002295526762
33073	0.002181186885
33074	0.002671763999
33075	0.004363858646
33076	0.002362169319
33077	0.001595638837
33078	0.001111987742
33079	0.003602419445
33080	0.0009532356086
33081	0.0019133258
33082	0.0008649498342
33083	0.002497181527
33084	0.005067951204
33085	0.001810679726
33086	0.0009713050706
33087	0.002825593991
33088	0.001676499579
33089	0.000712856682
33090	0.0004458583184
33091	0.0001056211807
33092	0.00126116488
33093	0.001404022568
33094	0.0004585669002
33095	0.0002378982637
33096	0.0006104887374
33097	0.005187995811
33098	0.004966409077
33099	0.0005472376261
33100	5.659462624e-05
33101	0.002064661207
33102	0.004409749072
33103	0.0002783808478
33104	0.0009651840215
33105	0.002363598745
33106	0.001351724923
33107	0.0001431684157
33108	0.001956050274
33109	0.0004418933523
33110	0.001504277938
33111	0.001929050002
33112	0.0009019555368
33113	0.0004563604048
33114	0.0006333921288
33115	0.0009037300357
33116	0.001239014494
33117	0.004173940635
33118	0.0007388935067
33119	0.000311713717
33120	0.001712552185
33121	0.001707173831
33122	0.0001650650959
33123	0.002337188975
33124	0.006909853196
33125	0.0003832947253
33126	0.006092550474
33127	0.0001431072276
33128	0.0001828600691
33129	0.001320358625
33130	0.0002278951435
33131	0.0001790753587
33132	0.003335112193
33133	0.002086347138
33134	0.001261114583
33135	9.148658087e-05
33136	0.002242828802
33137	0.0001154474898
33138	0.0005184769251
33139	0.004177056196
33140	0.003270538115
33141	0.003552761136
33142	0.003723220313
33143	0.001270107952
33144	0.0007873107107
33145	0.0005470204738
33146	0.002084720135
33147	0.003866787177
33148	0.0006789433718
33149	0.005641168017
33150	9.618108476e-05
33151	0.001998849439
33152	0.002632835662
33153	8.482716767e-05
33154	0.0007163903194
33155	0.007079693386
33156	0.0008950966715
33157	0.0009083966868
33158	0.001834893229
33159	0.004975918395
33160	0.002687606649
33161	0.003955593699
33162	0.002860393028
33163	0.0001192498436
33164	0.002171824039
33165	0.001848066199
33166	0.004587547698
33167	0.0001911204338
33168	0.000569927824
33169	6.739590773e-06
33170	0.0003637711266
33171	0.0035161515
33172	0.001326733678
33173	0.003942713687
33174	0.003873407577
33175	0.002512445602
33176	0.0009017652543
33177	0.003018909025
33178	0.002152379703
33179	0.001418722966
33180	0.0004849445633
33181	0.003221110974
33182	0.005404762284
33183	0.004634300105
33184	0.0008684575056
33185	3.298225967e-05
33186	0.001887960963
33187	5.726888403e-06
33188	0.007092108872
33189	0.0006577114614
33190	0.007733004031
33191	0.007143091838
33192	0.001371811615
33193	0.006727117478
33194	0.005898560389
33195	0.006519350288
33196	0.007789293
33197	0.004003351634
33198	0.003956722343
33199	0.0005537688428
33200	0.005474020954
33201	0.001584447394
33202	0.003879742728
33203	0.005319463531
33204	0.003368726274
33205	0.0004520874939
33206	0.004303760645
33207	0.00555247651
33208	0.003919551736
33209	0.003476454829
33210	0.0007179247543
33211	0.004292630932
33212	0.0009390125915
33213	0.001396792401
33214	0.003667906327
33215	0.004790366064
33216	0.007163517804
33217	0.0007024577672
33218	0.001713914224
33219	0.0002691813056
33220	0.004797118705
33221	0.0005231592071
33222	0.002478579485
33223	0.001430879969
33224	0.005260635537
33225	0.0001134457014
33226	0.00102372288
33227	0.001226768364
33228	0.005759054233
33229	0.008071434598
33230	0.01025613554
33231	0.00688706551
33232	0.0004190610148
33233	0.001449371853
33234	0.003173443138
33235	0.001867559998
33236	0.001722299414
33237	0.0006429337738
33238	0.001277116811
33239	0.003553522737
33240	0.001019321858
33241	0.0003868783737
33242	1.707817194e-05
33243	0.005625540127
33244	0.001120836919
33245	0.00378962986
33246	0.001636293203
33247	4.978066718e-06
33248	0.0005341350769
33249	0.002763142592
33250	0.001307763963
33251	0.001566289289
33252	0.0006347662613
33253	0.001179550637
33254	0.0008312276253
33255	0.001368946324
33256	0.00161810067
33257	0.000650646219
33258	0.004085168274
33259	0.002644969689
33260	0.002356592331
33261	0.000122954624
33262	0.001228731659
33263	0.0006281401353
33264	0.001028622992
33265	0.001609037595
33266	0.00178573977
33267	0.001459905082
33268	0.001868456899
33269	0.001483852331
33270	0.001810709366
33271	0.001816969078
33272	0.001632175985
33273	0.005424537363
33274	4.50154056e-05
33275	0.0002694364137
33276	0.0003777837967
33277	0.0005037925737
33278	0.0002471363318
33279	0.0002511791123
33280	0.0002568103583
33281	0.001134354159
33282	0.0005762980213
33283	0.002647837286
33284	0.002088198668
33285	0.0006328980184
33286	9.552711727e-05
33287	0.001729922914
33288	4.580211496e-05
33289	0.0007514743576
33290	0.001819304994
33291	0.001871789655
33292	0.00634364166
33293	0.0009431386417
33294	0.001780227683
33295	0.002222007101
33296	0.001628230067
33297	0.001461438531
33298	0.002174936472
33299	0.0005976399196
33300	0.004595155784
33301	0.001099299036
33302	0.0006464716704
33303	0.004290480407
33304	0.001187823388
33305	0.0007250653988
33306	0.0003756117446
33307	0.0004516136224
33308	0.0002015856006
33309	0.002699156697
33310	0.001379884339
33311	0.004085199449
33312	0.001562933682
33313	0.001134243117
33314	0.001468632206
33315	0.0009877609396
33316	0.001147779076
33317	0.004890529318
33318	0.001598905883
33319	0.0001921418713
33320	0.000393494187
33321	6.781616474e-05
33322	0.0009017281518
33323	0.003699054895
33324	0.001510988019
33325	0.001021807058
33326	0.0001481360034
33327	0.0007659367439
33328	0.006643891584
33329	0.003489417607
33330	0.001169865815
33331	0.004048520312
33332	0.003426450108
33333	0.0001888609198
33334	0.0015103735
33335	0.0002942884606
33336	0.0005521991608
33337	0.00773510268
33338	0.00230849329
33339	0.0003228568458
33340	0.001933009038
33341	0.0006248484427
33342	0.00439793065
33343	0.0005293788897
33344	0.0006262279787
33345	0.00186539236
33346	0.003153501069
33347	0.001555433351
33348	0.002434241017
33349	0.003376637427
33350	0.001041210279
33351	0.003259539412
33352	0.003048411741
33353	0.0004411453955
33354	0.001376962618
33355	0.002132533307
33356	0.00388982401
33357	0.0003729837911
33358	0.002915502256
33359	0.0005752240917
33360	0.003445228444
33361	0.0009332746516
33362	0.001668240671
33363	0.0004209111454
33364	0.0008449562879
33365	0.001757984844
33366	0.001069803964
33367	0.003571103991
33368	0.001733622593
33369	0.0001196407601
33370	0.001392156202
33371	0.001104929741
33372	7.262162641e-05
33373	0.0008941216543
33374	0.0008815130041
33375	0.003483621757
33376	0.001445242826
33377	0.001191614638
33378	0.001717822358
33379	0.0004781470987
33380	0.001933453256
33381	6.062564632e-05
33382	0.0009347049691
33383	0.003338261315
33384	0.003747404731
33385	0.002728042502
33386	0.001289495652
33387	0.002473181857
33388	5.96612227e-05
33389	0.0009547550687
33390	0.0007529828157
33391	0.003983934609
33392	0.00190028147
33393	0.003127162579
33394	0.00489792007
33395	0.0005309597844
33396	0.003088937554
33397	0.004205829853
33398	0.0002484038449
33399	0.002081623463
33400	0.002944544823
33401	0.0002894932671
33402	0.0008969386209
33403	0.0001732679699
33404	0.001170284027
33405	0.001507076619
33406	0.001080551471
33407	9.278064737e-05
33408	0.003779880089
33409	0.00141105523
33410	0.003064636183
33411	0.0003318862083
33412	0.002495499039
33413	0.0007957295167
33414	0.004153179931
33415	0.002739229158
33416	0.001559377668
33417	0.0001093637589
33418	0.0001928213555
33419	0.001863455243
33420	0.0004548678359
33421	0.002109402163
33422	0.003278916357
33423	0.009499922972
33424	0.001338248265
33425	0.007562686673
33426	0.002965843917
33427	0.0005528712921
33428	0.0005269572137
33429	0.0006043199922
33430	0.00342722427
33431	0.002545256657
33432	0.001973917485
33433	0.0002857571742
33434	0.00616424814
33435	0.0002603203704
33436	0.001164100266
33437	0.0002832441118
33438	0.005022392564
33439	7.203774411e-05
33440	0.0001200115665
33441	0.0008471453329
33442	0.000698631767
33443	0.00146293307
33444	0.002452253294
33445	0.004541227627
33446	0.0006696493686
33447	0.005492018354
33448	0.003516241575
33449	0.001919300201
33450	0.002009656746
33451	0.001379662716
33452	0.001998524317
33453	0.0001469019233
33454	0.003443580274
33455	0.0004053459153
33456	0.0003327074261
33457	0.003134227363
33458	0.001317086843
33459	0.002338460518
33460	0.0001335651102
33461	0.002346925351
33462	0.005962598023
33463	0.003487373584
33464	0.0006365184703
33465	0.001890171664
33466	0.0009861736222
33467	0.001700862796
33468	0.001001752075
33469	0.005574819964
33470	0.0007192411699
33471	0.0002226097825
33472	0.0002145888913
33473	0.001764571803
33474	0.003849850343
33475	0.0007226238019
33476	0.0007062796137
33477	0.0003590914629
33478	0.002689666138
33479	0.002220060331
33480	0.0002748251211
33481	0.002670639911
33482	1.578221042e-05
33483	0.009953151112
33484	6.726634566e-05
33485	0.0001516761443
33486	0.006079276751
33487	0.005154706398
33488	0.002260459086
33489	0.00678486346
33490	0.004590755914
33491	0.002578325053
33492	0.005755219679
33493	0.003789803565
33494	3.288679455e-05
33495	0.001991800586
33496	0.003758407619
33497	0.001561985989
33498	0.0008453327366
33499	0.001278798389
33500	0.005003325297
33501	0.001386670688
33502	0.00100448944
33503	0.002240535861
33504	0.001205027282
33505	0.004053997145
33506	0.001656213699
33507	0.0007692405862
33508	0.002369852055
33509	0.0007288988716
33510	0.003543343794
33511	0.001391237366
33512	0.00919013489
33513	0.001247540564
33514	0.0002923660926
33515	0.001623687818
33516	0.003341519849
33517	0.001503254185
33518	0.001641040797
33519	0.002856675799
33520	0.0001727945821
33521	8.615372588e-05
33522	0.003511815747
33523	0.0003928003915
33524	0.006217040244
33525	0.0001030549428
33526	0.0009703342856
33527	0.00262645151
33528	0.004123523352
33529	0.0006042199128
33530	0.001205444602
33531	0.0006674876129
33532	0.0005489666998
33533	0.0004701519813
33534	0.002336459561
33535	0.00737976867
33536	0.003245476988
33537	0.0007330543542
33538	0.0006105264455
33539	0.0007645755194
33540	0.001817792486
33541	9.258394202e-05
33542	0.00368059849
33543	0.002618061859
33544	0.007697435588
33545	0.001173448448
33546	0.0001858945342
33547	0.00168677563
33548	0.001327283963
33549	0.004571853544
33550	0.005308435116
33551	0.003013772459
33552	0.003676121442
33553	0.0002484050194
33554	0.0002719836152
33555	0.002266118842
33556	0.001667972338
33557	0.003983547309
33558	0.0008621661038
33559	0.004907777945
33560	0.002235412211
33561	0.001321570173
33562	0.003463085888
33563	0.005994760616
33564	0.00248173932
33565	0.001991690151
33566	0.005384484992
33567	0.0006850008259
33568	0.005337627964
33569	0.002132099056
33570	0.001584770204
33571	0.002341901442
33572	0.001378019654
33573	0.001797028784
33574	0.004265222145
33575	0.001888457578
33576	0.008478777223
33577	0.001897208886
33578	0.002333515047
33579	0.007542266106
33580	0.0004266515991
33581	0.002000775671
33582	0.0001910518517
33583	0.005820415756
33584	0.0001812460258
33585	0.0002471575025
33586	0.005910891756
33587	0.001137719963
33588	0.0005911282625
33589	0.005565589338
33590	0.000486744394
33591	0.004923171367
33592	0.001326647039
33593	0.002117045643
33594	0.001138048817
33595	0.001767611932
33596	0.001719123835
33597	0.000218357502
33598	0.002976687623
33599	0.001498602888
33600	0.0008215804442
33601	0.0003204388857
33602	0.001206663081
33603	0.006193873337
33604	0.00309750816
33605	0.005119810597
33606	0.0005777130777
33607	0.002116089298
33608	0.004558092226
33609	0.001472738515
33610	0.0001441892963
33611	0.001482763964
33612	0.00355256483
33613	0.002926920645
33614	0.002731620539
33615	0.003026892577
33616	0.001048627127
33617	0.0007523090045
33618	0.001142322223
33619	0.001413482905
33620	0.001036711196
33621	0.002429109651
33622	0.004279717774
33623	0.0003019355226
33624	0.0008819906039
33625	0.006504162976
33626	0.0008282559359
33627	0.001041797849
33628	0.0002360858452
33629	0.0007626101662
33630	0.003839919086
33631	0.003348136218
33632	0.0006626494522
33633	0.001079226311
33634	0.006473139465
33635	0.002178712326
33636	0.0003748045092
33637	0.004487816875
33638	0.002294986699
33639	0.005690300811
33640	0.001886570042
33641	0.00465352731
33642	0.002901678097
33643	0.001046067799
33644	0.0002249074737
33645	0.00244412393
33646	0.0001879203323
33647	0.0002456725505
33648	0.0008509298573
33649	0.0003901328554
33650	0.0009037322154
33651	0.001419324149
33652	0.003698032309
33653	0.0009707804274
33654	0.001107908188
33655	0.001996850039
33656	0
33657	0.002330734982
33658	0.0006812507572
33659	0.0005800734989
33660	0.002343290254
33661	0.003279559488
33662	0.001798059804
33663	0.0009951193169
33664	0.006311265315
33665	0.0005178176585
33666	0.0009977028861
33667	0.001957764605
33668	0.0003859601029
33669	0.0007500240128
33670	0.002237189266
33671	0.001776289067
33672	0.0005849414392
33673	0.0001548457574
33674	0.0002938979452
33675	0.0001953848908
33676	0.0005023447945
33677	0.003749425308
33678	0.00336096881
33679	0.004497425057
33680	0.005232568218
33681	0.00422510766
33682	0.0007867419063
33683	0.001586093421
33684	0.0006809242771
33685	0.0001097126215
33686	0.001144554896
33687	0.0002256894039
33688	0.00183505023
33689	0.0006198218117
33690	0.001809009361
33691	0.003894795463
33692	0.0002132217719
33693	0.0006835047732
33694	0.0003220946759
33695	0.004258968672
33696	0.0007863342048
33697	0.0007433619892
33698	0.0005281330264
33699	0.003647268409
33700	0.003810893643
33701	0.001042638655
33702	0.0004606466322
33703	0.0002089258714
33704	0.001434652964
33705	6.175801141e-05
33706	0.001458372598
33707	0.0005968103005
33708	0.002111788057
33709	6.559646561e-05
33710	0.002255270208
33711	0.0005257120848
33712	0.00239130718
33713	0.0004388275359
33714	0.007283869489
33715	0.005103442216
33716	0.001572312799
33717	0.0003281953074
33718	0.001123123688
33719	0.0008733294557
33720	0.001785334152
33721	0.0002215401358
33722	0.00125071654
33723	0.0006542181151
33724	0.002512768075
33725	0.0005271339415
33726	0.004167501564
33727	0.002307293365
33728	0.001387344179
33729	0.002129609129
33730	0.01038763759
33731	0.0005134048327
33732	0.001964262873
33733	0.000673504687
33734	0.001569486863
33735	7.40874729e-05
33736	0.001062009526
33737	0.0004475794153
33738	0.00335836255
33739	0.0002566897525
33740	6.863348092e-05
33741	0.003533222222
33742	0.0006085514971
33743	0.0007717560183
33744	0.0003989300724
33745	0.0006122248502
33746	0.002364191389
33747	0.001691045761
33748	0.001694602873
33749	0.003933125664
33750	0.005616374819
33751	0.00227267275
33752	0.0006828229536
33753	0.00165566928
33754	0.0004078603751
33755	0.001682043713
33756	0.005213700342
33757	0.004318282096
33758	0.0003271956337
33759	0.004527042121
33760	0.0002476239102
33761	0.002003868277
33762	0.002068144464
33763	0.004106446052
33764	0.001141512114
33765	0.0005089056242
33766	0.006162835179
33767	0.002177478184
33768	0.001881611169
33769	0.001709711314
33770	0.001373763286
33771	0.004149780744
33772	0.001866743458
33773	0.001277403814
33774	0.002652085804
33775	0.004007020055
33776	0.001212103824
33777	0.004892729923
33778	0.0005153793448
33779	0.004489390547
33780	0.001550147736
33781	0.001875822769
33782	0.001936477505
33783	0.000905232297
33784	0.002632962134
33785	0.002739690138
33786	0.0003036510482
33787	0.002551277167
33788	0.001647762661
33789	0.001297063703
33790	0.003878670808
33791	0.002399535034
33792	0.00219085328
33793	0.0006497744439
33794	0.00574647922
33795	0.0003131831302
33796	0.005298432292
33797	0.001353254312
33798	0.001556317979
33799	0.0008118325719
33800	0.0002007735805
33801	0.0007383233275
33802	0.001292916441
33803	0.0005194839875
33804	0.0001163702828
33805	0.002430597558
33806	0.0001691339954
33807	0.007713849615
33808	0.002001305958
33809	0.005098378848
33810	0.0004836319084
33811	0.004512948805
33812	0.001990235833
33813	0.003425333548
33814	0.001297446876
33815	0.003873464857
33816	0.0002834778848
33817	0.00365407269
33818	0.0008050090343
33819	0.0007608241026
33820	8.859713071e-05
33821	0.006378413126
33822	0.002195332272
33823	0.0008412332472
33824	0.001396888677
33825	0.002729314741
33826	0.0006008922547
33827	0.001868731345
33828	0.0003458047255
33829	0.001338439001
33830	0.0006416812815
33831	0.004815080352
33832	0.00157494957
33833	0.004660175024
33834	0.0009279187429
33835	0.002582802725
33836	0.00107688922
33837	0.0063174169
33838	0.0003098224033
33839	0.004042606993
33840	0.0002579467563
33841	0.003039385992
33842	0.0008584178185
33843	0.002767051289
33844	0.006256389595
33845	0.001788049528
33846	0.0002779203229
33847	0.0008789402251
33848	0.001554071864
33849	0.001589182964
33850	0.002885224209
33851	0.000428148901
33852	0.0001679733923
33853	0.002226251249
33854	0.0009136048925
33855	0.00331574005
33856	0.001227176436
33857	0.002287069111
33858	0.003116883316
33859	0.002331412667
33860	0.0009341171398
33861	0.001129423237
33862	0.003331450626
33863	0.002492417278
33864	0.0001782143195
33865	0.002352398372
33866	0.000327305859
33867	0.003752643891
33868	0.004174393043
33869	0.005256639888
33870	0.003264471441
33871	0.001056113315
33872	0.0008172890883
33873	0.004778579294
33874	0.00264231051
33875	0.001141082769
33876	0.001650747693
33877	0.006717005042
33878	0.004697149594
33879	0.0005060185201
33880	0.004044481189
33881	2.977047728e-05
33882	0.001971584012
33883	0.004780764818
33884	0.001999973292
33885	0.0004689565546
33886	0.002642121338
33887	0.003708006403
33888	0.005865677443
33889	0.002751611272
33890	0.0008133621702
33891	0.003230610159
33892	0.002950213682
33893	0.001470828291
33894	0.005875997616
33895	8.175834241e-05
33896	0.001227396981
33897	0.003926256589
33898	0.0009056904724
33899	0.0007649826569
33900	0.002588775954
33901	0.002495863394
33902	0.0008647281335
33903	0.00346992579
33904	0.002176666563
33905	3.564983659e-05
33906	0.001034961006
33907	0.00143269423
33908	0.005000774471
33909	0.0003020942401
33910	0.001436287304
33911	0.002272893641
33912	0.004549709636
33913	0.002283289007
33914	0.0003596569015
33915	0.0002714194382
33916	0.005487258665
33917	0.002278284769
33918	0.002338415289
33919	0.002497745023
33920	0.006557923265
33921	0.004638205754
33922	0.007638819516
33923	0.0003954891051
33924	0.00369213123
33925	0.006784914318
33926	4.436998433e-05
33927	0.0002791345965
33928	0.001874417125
33929	0.003978504137
33930	0.0001152060113
33931	0.0008099055265
33932	0.001446122491
33933	0.003090409579
33934	0.003567676499
33935	0.002624911344
33936	0.005405653167
33937	0.002611016007
33938	0.002490958075
33939	0.0007743684316
33940	0.006395443714
33941	0.0003139909822
33942	0.0003939355487
33943	0.0009155077878
33944	0.003551795803
33945	0.001606044665
33946	0.0004335521486
33947	0.001432816367
33948	0.004064155684
33949	0.00104299454
33950	0.005190382928
33951	0.00533623683
33952	0.002765366684
33953	0.002884714441
33954	0.0037894465
33955	0.003030622088
33956	0.002432985831
33957	5.346039332e-05
33958	0.0003399553183
33959	0.003243139205
33960	0.001853235649
33961	0.002671753444
33962	0.0008631884734
33963	0.003541065036
33964	0.006773177902
33965	0.003444444323
33966	9.372940704e-05
33967	0.004913376823
33968	0.003249932494
33969	0.0007593626975
33970	0.004478617721
33971	0.001611123151
33972	0.0009952971422
33973	0.0004461992196
33974	0.002290466134
33975	0.001271193832
33976	0.00314419304
33977	0.000837962961
33978	0.001180056566
33979	0.003594868249
33980	8.719006225e-05
33981	0.003164755568
33982	0.0003519422044
33983	0.0008290229903
33984	0.0007107164721
33985	0.0009825371972
33986	0.001562318407
33987	0.001310875079
33988	2.235820835e-05
33989	0.001754549836
33990	0.00100165474
33991	0.00110079742
33992	0.002338256188
33993	0.001227740173
33994	0.003908476245
33995	0.0009594226053
33996	0.0004206444915
33997	0.004381659477
33998	0.003509689067
33999	0.004461406759
34000	0.00319435775
34001	0.006039689517
34002	0.004238031835
34003	0.001986600014
34004	0
34005	0.001083352823
34006	0.002936439136
34007	0.002044897155
34008	0.001088516777
34009	0.001570449368
34010	0.005113235777
34011	0.003860895544
34012	0.002087464154
34013	0.003655310999
34014	0.004123599015
34015	0.002936742784
34016	0.006702640288
34017	0.007562038317
34018	0.002344296015
34019	0.001948218675
34020	0.007134579307
34021	0.001972355849
34022	0.0001862651905
34023	0.009420112903
34024	0.0001178331794
34025	0.0003710157975
34026	0.001346697669
34027	0.0001178488588
34028	0.000195006905
34029	0.0004890234064
34030	0.001433530037
34031	0.002451681642
34032	0.0002555421112
34033	0.0001792081523
34034	0.003924859156
34035	0.003293614791
34036	0.002158562449
34037	0.001274608895
34038	0.0008623296012
34039	0.0002591166735
34040	0.002531653189
34041	0.001806462436
34042	0.0007192930982
34043	0.0003974929211
34044	0.002907508391
34045	0.002914790745
34046	0.0002297683427
34047	0.0003124578257
34048	0.002307510027
34049	3.878711309e-05
34050	0.002042532305
34051	0.002498672978
34052	0.001052429338
34053	0.0001929147653
34054	0.001225600446
34055	0.000165730765
34056	6.856057031e-05
34057	0.001238814517
34058	0.000850196417
34059	0.00357511305
34060	0.0005950321244
34061	0.003185744324
34062	0.0006993008576
34063	0.001375897163
34064	0.001311489794
34065	0.0001434790366
34066	0.002368584928
34067	0.002430188127
34068	0.0008403380528
34069	0.00155967623
34070	6.133018339e-06
34071	0.006112578188
34072	0.004264686006
34073	0.001616610918
34074	0.005011463074
34075	0.0006529460102
34076	0.00213479823
34077	0.008382968796
34078	0.00236599087
34079	0.002725479325
34080	0.0003265050096
34081	0.002161420185
34082	0.001845895406
34083	0.001399137343
34084	0.000422317353
34085	0.001907958332
34086	0.004780020696
34087	0.0004319219569
34088	0.0003296891649
34089	0.0004885535739
34090	0.0001470252526
34091	0.0006723718885
34092	0.0006261004427
34093	0.004403771419
34094	0.004482231428
34095	0.001626476878
34096	0.005055438792
34097	0.00122741746
34098	0.006123805147
34099	0.0001981588015
34100	0.0003312821919
34101	0.001049319482
34102	0.001962205665
34103	0.005293232111
34104	0.0003334714216
34105	0.003064014474
34106	0.0003595329363
34107	0.002150478241
34108	0.001407961177
34109	0.004169728888
34110	0.001231344439
34111	0.003164330285
34112	0.001303997614
34113	0.0006575465869
34114	0.000337989711
34115	0.005548431462
34116	0.002186202404
34117	0.002488508598
34118	0.001311315623
34119	0.0001171479619
34120	0.0007869699391
34121	0.0008076224452
34122	0.0007615261259
34123	0.0006942883605
34124	0.002566136791
34125	0.0008741827937
34126	0.001761620196
34127	0.002303572203
34128	0.002390841607
34129	0.003207530262
34130	0.003387484074
34131	0.00470173426
34132	0.003141076291
34133	0.001087383728
34134	0.005272065771
34135	0.0004575141119
34136	0.002915484973
34137	0.001712239245
34138	0.002511313605
34139	0.002947506266
34140	0.002843498984
34141	0.00402736809
34142	0.001355735398
34143	0.0002493988737
34144	0.00367373337
34145	0.0008392761711
34146	0.002651184078
34147	0.00137076598
34148	0.0002976594944
34149	0.0009262398108
34150	0.001924368424
34151	0.004713509781
34152	0.001870415338
34153	0.003323703956
34154	0.001853462245
34155	0.001338361753
34156	9.865587929e-05
34157	0.0002220621139
34158	0.002785299791
34159	0.004041851571
34160	0.008273376566
34161	0.001848924662
34162	0.003655120654
34163	0.001857891534
34164	0.004688045725
34165	0.008210409511
34166	0.002146596104
34167	0.001296697375
34168	0.0009557981813
34169	0.00190068911
34170	6.250576219e-05
34171	5.986489566e-05
34172	0.001813085707
34173	0.0009688645605
34174	0.001635351492
34175	0.003816755395
34176	0.00217318286
34177	0.0003556728513
34178	0.002332626614
34179	0.0009138231907
34180	0.0001836551434
34181	0.0005072541234
34182	0.000374092509
34183	0.0004300274062
34184	0.001746088026
34185	0.0003641737259
34186	0.001537159977
34187	0.001244411994
34188	0.0002992333039
34189	0.0001987578804
34190	0.001648676304
34191	5.761830707e-06
34192	0.0001129952451
34193	0.0001748168347
34194	0.0005523674461
34195	0.0003987167222
34196	0.001574726085
34197	5.363584045e-05
34198	0.0004349940309
34199	0.001455902086
34200	0.001334575174
34201	0.001674520973
34202	0.0007009816756
34203	0.001570920028
34204	0.0007797787589
34205	0.001564787161
34206	4.995854966e-05
34207	0.001934930068
34208	0.000167426421
34209	0.0007021218656
34210	0.0001836097478
34211	0.003922426975
34212	0.002198678214
34213	0.0009067390178
34214	0.001191708343
34215	0.004137966223
34216	0.004489286267
34217	0.001754733516
34218	0.0004795030781
34219	0.001585050386
34220	3.678263114e-05
34221	0.0009468530068
34222	0.004726632593
34223	0.002469312871
34224	0.001770940374
34225	0.001292172429
34226	0.005199268107
34227	0.0004620633169
34228	0.0008120544928
34229	0.0006436264266
34230	0.000212816788
34231	0.002047835676
34232	0.00171077878
34233	0.0002414971138
34234	0.0003040397611
34235	0.0005941083713
34236	5.668111193e-05
34237	0.001882306956
34238	0.002057780122
34239	0.002108251143
34240	0.0002631674233
34241	0.002039831074
34242	0.0007289820829
34243	6.720108639e-05
34244	0.0002148666765
34245	8.038780556e-05
34246	1.291266686e-05
34247	0.001221749437
34248	0.0004314977733
34249	6.172294688e-05
34250	0.0001360251553
34251	0.001087005062
34252	0.00199709701
34253	0.001076712848
34254	0.0003287579607
34255	0.0006105377683
34256	0.001856123619
34257	0.001367500618
34258	0.001132572362
34259	0.0001848712612
34260	0.000775271309
34261	0.001746500635
34262	0.003787922537
34263	8.642447258e-05
34264	0.0001624098185
34265	0.0004320515641
34266	0.004105452689
34267	0.0004853451875
34268	0.001942480312
34269	0.0003808156413
34270	0.0003446807839
34271	0.0005319739553
34272	8.658285724e-05
34273	0.001790600777
34274	0.001691893115
34275	0.001882300345
34276	0.0009832431192
34277	0.005932589574
34278	0.003366193601
34279	0.002337970621
34280	0.001279849918
34281	0.0001005171138
34282	0.0004777149359
34283	0.0001652901808
34284	0.0001220959969
34285	0.0002410681028
34286	0.00319232162
34287	0.003516332489
34288	0.0005632578695
34289	0.0001332523211
34290	0.0003720831224
34291	0.0003673722234
34292	1.23763272e-05
34293	0.0003974414765
34294	5.843907199e-05
34295	0.002057388455
34296	0.0007483995382
34297	0.002558547915
34298	0.002083115136
34299	0.0003622052617
34300	0.000112049423
34301	0.003304056716
34302	0.0004117359214
34303	0.0001432942395
34304	0.0001133606273
34305	0.0002965411762
34306	0.0006385084062
34307	0.0002126188407
34308	0.003619616552
34309	0.002284793228
34310	0.0001563186931
34311	0.0002499628541
34312	0.0001437076043
34313	0.0003135464652
34314	0.001881490607
34315	0.00182003087
34316	0.001264657088
34317	0.003585031678
34318	0.0006031085545
34319	0.0006119575703
34320	0.002617540149
34321	0.004527915635
34322	0.001298410384
34323	0.0005592771101
34324	0.001792920775
34325	0.0009515213555
34326	0.003550932875
34327	0.0006355917608
34328	0.001111451747
34329	0.002204297535
34330	0.004029191268
34331	0.002710494602
34332	0.00630109773
34333	0.0004740861542
34334	0.0004537909321
34335	0.0007471974449
34336	0.00239245548
34337	0.001313558565
34338	0.002471315831
34339	0.002836609494
34340	0.003848034198
34341	0.000699677892
34342	0.007622880811
34343	0.003805117575
34344	0.003756328846
34345	0.001784988311
34346	0.00542701364
34347	0.0005602011328
34348	0.0008658172515
34349	0.002764954766
34350	0.002242527898
34351	0.002048979093
34352	0.008227658779
34353	0.004165420082
34354	0.003145287598
34355	0.001234718421
34356	0.002317736477
34357	0.002403645378
34358	0.0009626963287
34359	0.0006667005786
34360	0.006028177563
34361	0.002436192224
34362	0.004064337154
34363	0.0003813596706
34364	0.003692351894
34365	0.0009694068821
34366	0.002432150015
34367	0.004613665009
34368	0.003121061525
34369	0.001532468823
34370	0.001107320586
34371	0.00441087468
34372	0.002207843614
34373	0.001704854826
34374	0.004336041614
34375	0.001320311933
34376	0.000572950573
34377	0.001853476799
34378	0.0004131803588
34379	0.001241508409
34380	0.001129804483
34381	0.0007114851016
34382	0.0002877309139
34383	0.00125419519
34384	0.0001415554179
34385	0.0009719032941
34386	0.001534023288
34387	0.0008270442925
34388	0.001532935698
34389	0.0004236529422
34390	0.001115058674
34391	0.001404488072
34392	0.0009789405585
34393	0.0008472349298
34394	0.001108795663
34395	0.001807634307
34396	2.150906828e-07
34397	0.001115344216
34398	0.0002831831998
34399	0.0009876825235
34400	3.231276408e-08
34401	0.001534501092
34402	0.001106823754
34403	0.000832453271
34404	0.0002851433916
34405	0.0008447610259
34406	0.0009369254762
34407	0.003610032512
34408	7.021708011e-05
34409	0.00459643509
34410	0.001072014723
34411	0.003862024795
34412	0.0006916183505
34413	0.001567724418
34414	0.0007758468133
34415	0.0007863004986
34416	0.003090224814
34417	0.0003475276495
34418	0.0003599622945
34419	0.001045209077
34420	0.0007556514582
34421	0.003177624954
34422	0.001109848074
34423	0.002719519733
34424	0.001306356973
34425	0.001574168846
34426	0.0004587423257
34427	0.0006181288505
34428	0.003761784622
34429	0.0004593890237
34430	0.0003286693058
34431	0.002745539262
34432	0.003397164649
34433	0.001619074476
34434	0.005883686492
34435	0.002741943546
34436	0.001206976915
34437	0.004998812883
34438	0.0009382278565
34439	0.002951676449
34440	0.001804274129
34441	0.001932119151
34442	0.005353311692
34443	0.003124771316
34444	0.002961737025
34445	0.001446298668
34446	0.005429354067
34447	0.001280701895
34448	0.00370172392
34449	0.001486203441
34450	0.00106478996
34451	0.001157241208
34452	0.002663638286
34453	0.001790022165
34454	0.001320552777
34455	0.001684353355
34456	0.002719200431
34457	0.001072390674
34458	0.001240873349
34459	0.0008804628926
34460	0.00354253646
34461	0.009071951499
34462	0.003800515879
34463	0.002500713224
34464	0.001312953191
34465	1.534457757e-05
34466	0.003389702123
34467	0.00588260613
34468	0.000434127033
34469	0.001805100754
34470	0.005846971754
34471	0.0008558908811
34472	0.007382454254
34473	0.0008983900588
34474	0.002216706969
34475	0.003817805995
34476	0.0006628741176
34477	0.003963775655
34478	0.005885191104
34479	0.0008057762908
34480	0.0001355580347
34481	0.003420271154
34482	0.0007112763825
34483	0.00480944245
34484	0.0003071481769
34485	0.005054106635
34486	0.001009898396
34487	9.071359094e-05
34488	0.00361657431
34489	0.00606849535
34490	0.005037196737
34491	0.001748590811
34492	0.0004860162237
34493	0.001584817099
34494	0.0002146313534
34495	9.688820904e-06
34496	0.0003852935779
34497	0.0005106934504
34498	0.0002150287711
34499	0.001222238358
34500	0.0002018201888
34501	0.003251455181
34502	0.00217592709
34503	0.0006929306366
34504	3.882285669e-05
34505	0.0008210806436
34506	0.0002404449131
34507	0.0001178671154
34508	0.003558614591
34509	0.001990352319
34510	0.0004883897226
34511	0.001075879733
34512	0.0001205473654
34513	0.001019894098
34514	0.0005828092831
34515	0.00104230481
34516	0.001194337471
34517	0.0005525423148
34518	0.002422128243
34519	0.0007540563251
34520	0.001145164356
34521	0.001371101785
34522	0.006047216573
34523	0.004218412775
34524	0.003565329581
34525	0.001628184192
34526	0.00197288351
34527	0.005256862496
34528	0.002032367489
34529	7.190585994e-05
34530	0.0006190077887
34531	0.001866710655
34532	0.001380802738
34533	0.002384245161
34534	0.0009085871232
34535	0.0003624382939
34536	0.002055883195
34537	0.003661389943
34538	0.002163921329
34539	0.0004988938697
34540	0.00496743266
34541	0.000575141316
34542	0.003694100697
34543	0.00343202529
34544	0.004368412619
34545	0.0006133072182
34546	0.002739372826
34547	0.0007014797405
34548	0.001408462327
34549	0.003952145614
34550	0.001330952724
34551	0.0006737403472
34552	0.004246954402
34553	0.003651424145
34554	0.003351338931
34555	0.0006586709872
34556	0.001346388681
34557	0.0008950665086
34558	0.001838238121
34559	0.004106608519
34560	0.001051734655
34561	0.000435760202
34562	0.002604184998
34563	0.001220692705
34564	0.002628580637
34565	0.0002904815641
34566	0.0001693553143
34567	0.0003352411204
34568	0.0004693223141
34569	0.0007566600345
34570	0.001636656512
34571	0.0006243072709
34572	0.001550363892
34573	0.0008183219507
34574	0.0003485619027
34575	0.003522257004
34576	0.002969501256
34577	0.002633665915
34578	4.534315877e-05
34579	0.003600027051
34580	0.003585290008
34581	0.0008246700754
34582	0.002588290638
34583	0.002143523293
34584	0.002240823744
34585	0.004409722712
34586	0.003834622471
34587	0.002485859775
34588	0.003992708151
34589	0.001498185123
34590	0.0003534773448
34591	0.001042318496
34592	0.002054231395
34593	0.002638894699
34594	0.00450391748
34595	0.004565612125
34596	0.0004837222494
34597	0.0009081693234
34598	0.0007548458283
34599	0.001671248139
34600	0.0003726140722
34601	0.001583495009
34602	0.00274524191
34603	0.006885508492
34604	0.006720801177
34605	0.000925066036
34606	0.002975274179
34607	0.001652004586
34608	1.299024848e-05
34609	0.002984044292
34610	0.001018878897
34611	0.001791270662
34612	0.002496788257
34613	0.0007934135325
34614	0.004072081298
34615	0.001042652078
34616	0.002964955184
34617	0.000625002618
34618	0.001436793935
34619	0.001868635511
34620	0.005446158414
34621	0.003947609904
34622	0.004215068465
34623	0.0003620220466
34624	0.0003741000489
34625	0.005091427067
34626	0.001988547358
34627	0.001569780081
34628	0.0007694023318
34629	0.002533284359
34630	0.00495204581
34631	0.0002895839937
34632	1.320904876e-05
34633	0.00293869291
34634	0.003421944596
34635	5.0275957e-05
34636	0.003769084565
34637	0.00151146467
34638	0.0003675653474
34639	0.0001958636496
34640	0.005087227336
34641	0.001115305845
34642	0.0001984108193
34643	0.0008081606448
34644	0.001364053436
34645	0.001887649613
34646	0.001566026567
34647	0.0009026836068
34648	0.001208281707
34649	0.005070193544
34650	0.002487727948
34651	0.004309154357
34652	0.006338134354
34653	0.005267200658
34654	0.002955463154
34655	0.000335820836
34656	0.002355533549
34657	0.0002236089075
34658	0.001557062542
34659	0.0005444954338
34660	0.001740215055
34661	0.002494482528
34662	0.002721257527
34663	0.002270595969
34664	0.000475824069
34665	0.00351763956
34666	0.002493086921
34667	0.000664666539
34668	0.0005937535143
34669	0.007801459173
34670	0.0002291237295
34671	0.002797569361
34672	0.001175481825
34673	0.0003709810772
34674	0.003980344151
34675	0.001069017218
34676	0.0008108232009
34677	0.002335104755
34678	0.001040523263
34679	6.657731742e-05
34680	0.001340636415
34681	0.0005657481526
34682	0.002411475875
34683	0.0008303640107
34684	0.0002651715734
34685	0.002377634374
34686	0.001118491834
34687	0.001435614126
34688	0.00101656068
34689	0.003431301606
34690	0.00296764411
34691	0.001184161747
34692	0.002033570633
34693	0.000729567653
34694	0.001005534667
34695	0.0003945684283
34696	0.0009936770543
34697	0.003929502935
34698	0.003834264205
34699	0.0001086708269
34700	0.0006344959643
34701	0.0006715381515
34702	0.0001636026633
34703	0.00225575129
34704	0.0001756471095
34705	0.0003044611735
34706	0.0007901719041
34707	0.0006712500071
34708	0.0007069097753
34709	0.0003096867973
34710	0.0021168353
34711	0.001967485362
34712	0.001037948011
34713	0.0009359613869
34714	0.002255530925
34715	0.000782188363
34716	0.00208854904
34717	0.001169092528
34718	0.002214947802
34719	0.0002271491209
34720	0.003020324938
34721	0.002324570177
34722	0.003054830736
34723	0.002882124868
34724	9.442379485e-05
34725	0.004764577981
34726	0.001179590103
34727	0.000373065254
34728	0.0001219921604
34729	0.0003116477554
34730	0.001409817975
34731	0.002522326065
34732	0.001128134625
34733	0.0003878632364
34734	0.002594832292
34735	0.00270351919
34736	0.003237862195
34737	0.001630318571
34738	0.001906999114
34739	0.002286079094
34740	0.0006657788253
34741	0.0021279995
34742	0.0008577108619
34743	0.001027416512
34744	0.01078974565
34745	0.0001830617953
34746	0.0008075151073
34747	0.002875287274
34748	0.0008128490167
34749	0.0004065393358
34750	0.0008183943522
34751	0.001126365618
34752	0.0002370849366
34753	0.004425899616
34754	0.0005380254498
34755	0.0008076285126
34756	0.002493423455
34757	0.001040085676
34758	0.007243293716
34759	0.0009363194746
34760	0.002927236069
34761	0.0006214636311
34762	0.0002382569885
34763	0.0001232335468
34764	0.0007397291881
34765	0.001607750886
34766	0.001985247734
34767	0.0009080255811
34768	0.002587864417
34769	0.002032507213
34770	0.003296082763
34771	0.005292650046
34772	0.00675260883
34773	0.001886167958
34774	0.001912537313
34775	0.0001476261223
34776	0.00131231012
34777	0.001011137289
34778	0.0002551778718
34779	0.001932465691
34780	0.003105178652
34781	0.001035478725
34782	0.0006532851167
34783	5.616389077e-05
34784	0.003899484974
34785	0.003160256321
34786	0.002866939978
34787	0.003023321777
34788	0.003687839121
34789	0.002636163929
34790	0.003075590604
34791	0.001076097647
34792	0.0003028688651
34793	0.0005506791059
34794	0.0004769113503
34795	0.0003902730066
34796	0.001080430884
34797	3.574041877e-05
34798	0.0007354622641
34799	0.003005267311
34800	0.0006362494907
34801	0.001477989397
34802	0.0001427260397
34803	0.003450590213
34804	0.0001952602124
34805	0.0001243357861
34806	0.0005593304434
34807	0.002360761424
34808	0.0004054786737
34809	0.003047674319
34810	0.002592712445
34811	0.001116119738
34812	0.003978515508
34813	9.410864773e-05
34814	7.792122891e-05
34815	0.009351575469
34816	0.0005000446078
34817	0.0002230446001
34818	0.004678343259
34819	2.401599017e-06
34820	0.0007028779647
34821	0.003118825608
34822	0.0006648912067
34823	0.002496259159
34824	0.0003400024567
34825	0.0008257835496
34826	9.982733494e-05
34827	0.007216858934
34828	0.003036521772
34829	0.003392432605
34830	0.001586475822
34831	0.0009563834278
34832	0.00653050586
34833	6.616087038e-05
34834	0.001305170463
34835	0.003766632275
34836	0.0009673411421
34837	0.004268191813
34838	0.000670835239
34839	0.009936834481
34840	0.002201646942
34841	0.005514755349
34842	0.006000825417
34843	0.003101752397
34844	0.006167448687
34845	0.00327348385
34846	0.0003895149686
34847	0.00980164499
34848	0.001292283601
34849	0.001609005443
34850	0.007745394634
34851	0.003664736048
34852	0.0002585037188
34853	0.002324847501
34854	0.002367815669
34855	0.001843692369
34856	0.001197094243
34857	0.001664695264
34858	0.003017111032
34859	0.0002820803793
34860	0.003362291744
34861	0.001424427092
34862	0.0008747690927
34863	0.001100179958
34864	0.0002625043545
34865	0.002034526252
34866	0.0007058644938
34867	0.0009564525094
34868	0.000859551394
34869	0.0007983104343
34870	0.0002136457814
34871	0.001595301998
34872	0.0009874854084
34873	0.0007567941588
34874	0.0007732976453
34875	0.002450738749
34876	0.003309844818
34877	0.001401268229
34878	9.553314903e-05
34879	0.0006540433116
34880	0.0004049536955
34881	0.0001328613691
34882	0.002558274734
34883	0.0008755693048
34884	0.00246008583
34885	0.001380991038
34886	0.001277719097
34887	0.001403704175
34888	0.0003400274722
34889	0.003756363546
34890	0.003801327887
34891	7.119956242e-05
34892	0.001619996243
34893	0.001737530214
34894	0.0007740846037
34895	0.002188137785
34896	0.0007200300563
34897	0.002282280224
34898	0.001236041229
34899	0.0004620117851
34900	0.0008455193808
34901	0.0006769025302
34902	0.0007820359532
34903	0.001867159845
34904	0.00191673432
34905	0.001223286807
34906	0.0005041228377
34907	0.0002425368891
34908	0.0003580553772
34909	0.0005512760754
34910	0.0002535669655
34911	0.0009414188937
34912	0.003006891219
34913	0.006420760644
34914	0.005199917834
34915	5.661879845e-06
34916	0.002606697665
34917	0.0001825464252
34918	5.661949863e-05
34919	0.001601561484
34920	0.0006059794774
34921	0.0008371943577
34922	0.003221860642
34923	3.015503951e-05
34924	0.0005331891718
34925	0.004423076403
34926	0.0001184602194
34927	0.001993349517
34928	0.003353148009
34929	0.001940771731
34930	0.001819412694
34931	7.258885905e-05
34932	0.002355397784
34933	0.004423550402
34934	0.004476307418
34935	0.0008276564866
34936	5.405867095e-05
34937	0.001980849621
34938	0.0001421360178
34939	0.001768738944
34940	0.0005602946736
34941	0.0001376400076
34942	0.001865881426
34943	0.002533023451
34944	0.0009864548091
34945	0.001120044566
34946	0.0009601763536
34947	0.002224030168
34948	0.004555985018
34949	0.001816191178
34950	0.001017358481
34951	0.0002770034053
34952	0.001005428761
34953	0.004015008126
34954	0.0002587093845
34955	0.003376069943
34956	0.0003801694852
34957	0.001249396851
34958	0.001624009439
34959	0.002640908338
34960	0.0007088945947
34961	0.003842271552
34962	0.003095738408
34963	0.001066815367
34964	0.001981457627
34965	0.001387603791
34966	0.002962176175
34967	0.002436189562
34968	0.0003241166035
34969	0.002835180641
34970	0.00155343659
34971	0.0004497080045
34972	0.002569280228
34973	0.00664550005
34974	8.692996889e-05
34975	0.0001486156445
34976	0.0005932773106
34977	0.0005627731551
34978	0.003159332857
34979	0.005069590898
34980	0.002454546437
34981	0.002529691318
34982	0.0003681223314
34983	0.000421129869
34984	0.00116069264
34985	0.004185763851
34986	0.006623843462
34987	0.0009930842823
34988	0.002293552546
34989	0.000452239231
34990	0.001550614926
34991	0.0002552626433
34992	0.0007615245925
34993	0.003321260676
34994	7.169469271e-05
34995	0.001383522258
34996	0.003820682225
34997	0.0008934727819
34998	0.004514187247
34999	0.001929655778
35000	0.0002296380078
35001	0.0007888545954
35002	0.001318183207
35003	0.001385094639
35004	0.0003789579015
35005	0.0003828160781
35006	0.00519484961
35007	0.00164842613
35008	0.0006212915628
35009	0.0007913474408
35010	0.001398392623
35011	0.0004329311942
35012	0.0008966381863
35013	0.002356096535
35014	0.00169201275
35015	0.002988874481
35016	0.0002402321228
35017	0.001365081732
35018	7.768722695e-05
35019	0.0005350868816
35020	0.004203275914
35021	0.0003344918254
35022	0.001796506673
35023	0.0003617979971
35024	0.001937215771
35025	0.0005006925945
35026	0.003631773464
35027	0.0005214294494
35028	0.001196077563
35029	0.001687668792
35030	0.006730850783
35031	0.004232249679
35032	0.0008052550188
35033	0.001640690847
35034	0.002168498977
35035	0.001488363767
35036	0.0009419702391
35037	0.0001284068837
35038	0.00118849558
35039	0.001530004878
35040	0.0005001919547
35041	0.002975324705
35042	0.00125872006
35043	0.0009194415111
35044	0.001773676422
35045	0.002099286101
35046	0.0003667249166
35047	0.006153874559
35048	0.0005952870584
35049	0.0006863889184
35050	0.001044508274
35051	0.0003516988816
35052	0.003247855616
35053	0.003390260038
35054	0.001829421322
35055	8.886909061e-05
35056	0.0004754815686
35057	0.0001835468429
35058	0.0005029964841
35059	0.0002286178134
35060	0.0003446091057
35061	0.001666318013
35062	0.000700923561
35063	0.001220025837
35064	0.0002352865873
35065	0.000267295697
35066	0.00410706369
35067	0.002167339082
35068	0.004515328309
35069	0.0007419139418
35070	0.004239750905
35071	0.002686193548
35072	0.00163371422
35073	0.004789129763
35074	0.000168891545
35075	0.001472509217
35076	0.005078646349
35077	0.005479543223
35078	0.005142616151
35079	0.006022788721
35080	0.002961836351
35081	0.003690652786
35082	0.001616896166
35083	0.003496834512
35084	0.0006164808191
35085	0.006936040335
35086	0.006589812341
35087	0.001083284303
35088	0.004727887917
35089	0.003307092152
35090	0
35091	0.0003861531178
35092	0.0001843911642
35093	0.002550918291
35094	0.0008103456928
35095	0.003573110734
35096	0.0001757280809
35097	0.007170695508
35098	0.001782698107
35099	0.0001254538983
35100	0.001397556975
35101	0.0002517691674
35102	0.0006161925034
35103	0.0001687798786
35104	0.0001730519031
35105	0.001130098299
35106	0.002862571313
35107	0.0006084973465
35108	0.0005714210129
35109	0.0008120854289
35110	0.0003279988209
35111	0.001627188515
35112	0.0005506679405
35113	0.000814177053
35114	0.0007659974326
35115	0.002632672282
35116	7.029786426e-05
35117	0.003822347238
35118	0.004947986156
35119	0.0003050943652
35120	0.002096528561
35121	0.0009434274219
35122	0.002104466045
35123	0.001635460826
35124	0.0007999184133
35125	0.003718703179
35126	1.822902635e-05
35127	0.0008794286972
35128	0.0002668750152
35129	0.0008105213895
35130	0.002604422743
35131	0.0003547240086
35132	0.001021422466
35133	0.006558911789
35134	0.0009204638052
35135	1.797942413e-05
35136	0.004282492727
35137	0.001305983998
35138	0.002681022406
35139	0.003063901961
35140	0.0005175921653
35141	0.0009957707853
35142	0.0004841118845
35143	0.0003935001829
35144	0.0003040110022
35145	0.0005495335527
35146	0.0002004980276
35147	0.0001359560828
35148	0.001289134437
35149	0.0006264890991
35150	0.00012898816
35151	0.001398633286
35152	0.0001008134561
35153	0.001198781691
35154	0.0005134814023
35155	0.002673713573
35156	0.001928469303
35157	0.0009285775002
35158	0.0001627550432
35159	0.0003865797362
35160	0.005090536249
35161	0.0001664888077
35162	0.0001416584105
35163	0.0001358676071
35164	0.000182121628
35165	0.0003017222788
35166	0.0005368984201
35167	0.0001205207402
35168	0.0004370424257
35169	0.0002995962068
35170	0.002486230379
35171	0.005790568496
35172	0.002648395399
35173	5.216145543e-05
35174	0.0004775912888
35175	0.0001775121037
35176	0.001101826871
35177	6.207450548e-05
35178	0.0007408448023
35179	4.972299521e-05
35180	0.0003321782495
35181	0.001474026024
35182	0.0002366213242
35183	0.003252794235
35184	0.00187442909
35185	0.001465916864
35186	0.001269506891
35187	0.0001160710765
35188	0.002437446429
35189	0.001297029295
35190	0.0003263421681
35191	1.107112207e-05
35192	0.0003653200898
35193	0.002779124767
35194	0.001458098727
35195	0.002011476312
35196	0.0001727300523
35197	0.004767886418
35198	0.0002708947322
35199	0.0001535250254
35200	0.004367408111
35201	0.001166758718
35202	0.001198928297
35203	0.006284713912
35204	0.001192877546
35205	0.002310969271
35206	0.0006397229094
35207	0.0003820408902
35208	0.003979886193
35209	0.004975903
35210	0.0006101987097
35211	0.002487431359
35212	0.0002699951339
35213	0.0003917827348
35214	0.0006872908744
35215	0.0007715234967
35216	7.701129766e-05
35217	0.001761329572
35218	2.513389875e-05
35219	0.0002386255839
35220	0.001108298818
35221	0.0001515095318
35222	0.0004617720867
35223	0.003826950123
35224	0.0003578538322
35225	6.933548012e-05
35226	0.000200081968
35227	9.420922669e-05
35228	8.206730478e-05
35229	9.129861833e-05
35230	1.728206601e-05
35231	0.0005541971568
35232	0.0002896357515
35233	2.370549988e-05
35234	0.0001728621722
35235	0.0002321235927
35236	0.001632929468
35237	0.0006661589224
35238	0.002805513709
35239	0.001532861535
35240	9.523451053e-05
35241	0.0001457733286
35242	0.002113246373
35243	0.0002959636251
35244	0.001622074176
35245	0.00173080767
35246	0.001936544132
35247	0.0006050420485
35248	0.0001022145993
35249	1.792580153e-05
35250	5.55806922e-06
35251	0.000100384934
35252	0.0001696716256
35253	0.002846303045
35254	0.0003069027682
35255	0.0004933155718
35256	0.0001228197841
35257	4.827164543e-05
35258	0.0001345870803
35259	7.637801847e-05
35260	0.0001845473803
35261	0.004237722051
35262	0.0001218817762
35263	0.00243362528
35264	0.0008790256734
35265	0.0002379380525
35266	6.100403529e-05
35267	0.0001753978429
35268	0.0001280300702
35269	0.002263840543
35270	5.234101608e-05
35271	0.0003373811611
35272	0.0007009774164
35273	0.0001329982636
35274	0.001152745555
35275	6.544663393e-05
35276	0.0001540536828
35277	0.0003012144172
35278	0.0003587444892
35279	0.0001460761103
35280	4.810903587e-05
35281	0.000598952849
35282	0.0001660014365
35283	0.0001208036613
35284	0.0001191095452
35285	0.0001507410693
35286	4.337218803e-05
35287	0.001822134406
35288	7.693779367e-05
35289	0.0005748427953
35290	0.0002974458456
35291	0.0001748644267
35292	5.09472088e-05
35293	0.0001459056078
35294	0.001506643901
35295	0.0001564127517
35296	1.183452955e-05
35297	8.302317327e-05
35298	0.0001551837667
35299	0.0001802115972
35300	0.008667824535
35301	0.0001004180972
35302	5.465739232e-06
35303	7.944981886e-05
35304	0.000111819044
35305	0.0002835582269
35306	0.000401632964
35307	0.0001858520897
35308	0.0006752882406
35309	1.093605802e-05
35310	0.0001604083915
35311	0.000420218543
35312	0.0001873910617
35313	2.419966933e-05
35314	0.0001712962141
35315	0.0001423247998
35316	0.0008012279062
35317	0.0002356274864
35318	0.0003244615428
35319	0.0004248715166
35320	0.000220689375
35321	0.0009410243558
35322	0.0001037467633
35323	0.0001664631017
35324	0.0002332556214
35325	0.002514738258
35326	6.582795206e-05
35327	0.0001701850376
35328	5.456624051e-05
35329	0.0002707803661
35330	0.000631941376
35331	2.782858738e-05
35332	0.0007131594164
35333	0.0001224276831
35334	0.0001053599863
35335	0.01087784898
35336	3.668715496e-05
35337	5.059180434e-05
35338	0.0001715846974
35339	0.0005287179548
35340	3.848948953e-06
35341	0.0001592111733
35342	8.902353263e-05
35343	3.10996514e-05
35344	0.0003398072615
35345	8.729278832e-05
35346	1.19947121e-05
35347	0.00194782641
35348	0.002064605983
35349	0.003534270558
35350	0.002435924485
35351	0.001286281818
35352	0.001710802351
35353	0.00127813376
35354	0.004272449383
35355	2.437750079e-05
35356	0.006515051436
35357	0.004578413186
35358	0.001078126422
35359	0.0006623375664
35360	0.001309360861
35361	0.00297720783
35362	0.001511909872
35363	0.0004085647301
35364	0.00060671832
35365	0.001367804496
35366	0.0001897364258
35367	0.005112955662
35368	0.001743652205
35369	0.002490760809
35370	0.0001056237189
35371	0.002086660701
35372	0.0008838140665
35373	0.00285129724
35374	0.003499817054
35375	0.001816698497
35376	0.001145616909
35377	0.0005603963987
35378	0.0005165894173
35379	0.003167595214
35380	0.000453737866
35381	0.001437584351
35382	0.0009647273994
35383	0.0002613633538
35384	0.00222438895
35385	0.006445515843
35386	0.003040932362
35387	4.214077022e-05
35388	0.0009644567757
35389	0.004712955125
35390	0.001488290817
35391	0.0006694966458
35392	0.005904831315
35393	0.000726255054
35394	8.013907443e-05
35395	0.002729324718
35396	0.002853208418
35397	0.001201904845
35398	0.000419292083
35399	0.0007634587091
35400	0.003086029394
35401	0.003945911086
35402	0.001612024306
35403	0.003503053941
35404	0.002961077948
35405	0.0003703926359
35406	0.002312917489
35407	0.00392615494
35408	0.0005295319811
35409	0.003477927845
35410	0.0050224073
35411	0.00110017862
35412	0.0002949973402
35413	0.003000194579
35414	0.000176134124
35415	0.001796321269
35416	0.005835473129
35417	0.003650389802
35418	0.001328052384
35419	0.003260757486
35420	0.001603897824
35421	0.001771341215
35422	3.454393773e-05
35423	0.00102102526
35424	0.00198870615
35425	0.002098990619
35426	0.003390405701
35427	0.001402404473
35428	1.864854586e-05
35429	0.002579973551
35430	0.0007736401646
35431	0.001810064058
35432	0.002884138626
35433	8.584624651e-05
35434	0.002589894858
35435	0.001770853782
35436	0.002181537033
35437	0.001833048124
35438	0.004525053659
35439	0.003928580622
35440	0.001526041708
35441	0.0003022871564
35442	0.0052731377
35443	0.0004228734845
35444	0.001748094837
35445	0.0009332827531
35446	0.001913188238
35447	0.0006225494941
35448	0.004229202398
35449	0.0001550950361
35450	0.000701527257
35451	0.002026106465
35452	0.002989493404
35453	0.0002436284673
35454	0.0005962707397
35455	0.003476278733
35456	0.0007518487269
35457	0.001339239909
35458	0.002742125431
35459	0.003381886778
35460	0.001389897986
35461	0.00051847171
35462	3.677517226e-05
35463	0.001501354382
35464	0.00202379177
35465	0.001285944428
35466	0.0003214019091
35467	0.003935676425
35468	0.002590844298
35469	0.00287173388
35470	0.00198630089
35471	0.005800828492
35472	0.00676724669
35473	0.0008679323433
35474	0.0001124398233
35475	0.0001926572253
35476	0.001999613243
35477	0.005157379295
35478	0.0009848176369
35479	0.002360895169
35480	0.0007048690936
35481	0.002495790355
35482	0.001064188679
35483	0.004369234446
35484	0.001992640515
35485	0.002021681883
35486	0.00010987191
35487	0.0001881483665
35488	0.0002018178369
35489	0.001116319394
35490	0.0003005384462
35491	0.0006387309187
35492	0.001043771977
35493	0.002664940898
35494	0.00430513512
35495	0.001556449692
35496	0.004851419817
35497	0.0004934914336
35498	0.001587529512
35499	0.00239681228
35500	0.004366595125
35501	0.0006022902576
35502	0.001055990948
35503	0.0007760213502
35504	0.00113039052
35505	0.002823705704
35506	0.003830261759
35507	0.001392121372
35508	0.00174911738
35509	0.001377660994
35510	0.002762942956
35511	0.004348815421
35512	0.0009473425234
35513	0.000953676996
35514	0.004569726285
35515	0.004903516835
35516	0.001043313746
35517	0.003901154985
35518	0.00522015091
35519	0
35520	0.002732718466
35521	0.003271246521
35522	0.002881733606
35523	0.005827686122
35524	0.006708064642
35525	0.001710187463
35526	0.004831075331
35527	0.000816565206
35528	0.002847206913
35529	0.0008272907907
35530	0.003047840487
35531	0.008569109247
35532	0.0002460614075
35533	0.009509958101
35534	0.005634757982
35535	0.001948984604
35536	0.006397115594
35537	0.001109942322
35538	0.008141695979
35539	0.006445011131
35540	0.01201995538
35541	0.006002350695
35542	0.001614692576
35543	0.00265128193
35544	0.006299800573
35545	0.006047012004
35546	0.001281783428
35547	0.000245960628
35548	0.0003366754303
35549	0.0008944611815
35550	0.003068186883
35551	0.001809987484
35552	0.0004931760762
35553	0.001753944655
35554	0.001906757286
35555	0.0001428058956
35556	0.002665494494
35557	0.0035835218
35558	0.002243084294
35559	2.064257994e-05
35560	0.002541746935
35561	0.0003291117016
35562	0.00377974717
35563	0.004566164514
35564	0.001990030458
35565	0.000712362072
35566	0.005124190006
35567	0.001142882183
35568	0.005971043118
35569	0.0004434329772
35570	0.006451775316
35571	0.003799274204
35572	0.0009288220465
35573	0.001305306405
35574	0.0001779488476
35575	0.0004991323252
35576	0.006673057043
35577	0.001038898666
35578	0.004855352241
35579	0.0008195417397
35580	0.0009917120089
35581	0.0004687777512
35582	0.0005124768568
35583	0.001376257928
35584	9.338591639e-05
35585	0.0004612037829
35586	0.0001341485633
35587	2.170074543e-05
35588	0.002191149592
35589	0.0008801695444
35590	0.0003583007696
35591	0.001144305651
35592	0.001602984866
35593	0.001007745942
35594	0.0003756480684
35595	0.004115058751
35596	0.00416965481
35597	0.002028341031
35598	0.003072703657
35599	0.001376565674
35600	0.001044904192
35601	0.002827887822
35602	0.002339195854
35603	0.001525462964
35604	0.003781649962
35605	0.002578455472
35606	0.003917132683
35607	0.001252550686
35608	0.001177617459
35609	0.001997813087
35610	0.0005448287888
35611	0.0007410975845
35612	0.000557557353
35613	0.003125500069
35614	0.0006000741485
35615	0.003405044582
35616	0.0001449765798
35617	0.002210092231
35618	0.003286535382
35619	0.0004395160683
35620	0.002019860015
35621	0.0001724152027
35622	0.0001259124268
35623	0.0008628636665
35624	0.0005254219195
35625	0.00111987258
35626	0.003424503064
35627	0.001810713968
35628	0.001008876865
35629	0.002003080837
35630	0.000388158809
35631	0.004810717868
35632	0.00101439599
35633	0.0003943485365
35634	0.003192800831
35635	5.967179107e-05
35636	0.005499769902
35637	0.0002431481345
35638	0.0009193644549
35639	2.817899238e-05
35640	0.0008799210554
35641	0.000905235081
35642	0.0005755158278
35643	0.002244517329
35644	0.0004148879462
35645	0.0005710811568
35646	0.0001996088058
35647	0.0002976852212
35648	0.0001971173975
35649	0.0001757249985
35650	0.0051527651
35651	0.00189410784
35652	0.000184070798
35653	0.001672246206
35654	0.0001022705238
35655	0.0007284233253
35656	0.0001104119369
35657	0.001776773827
35658	0.001150366809
35659	0.0008413619113
35660	0.0004164316207
35661	0.0005849697684
35662	0.006153303584
35663	0.003538222618
35664	0.0001210099172
35665	0.0001707155113
35666	0.001560680348
35667	0.0003856535774
35668	0.000948003786
35669	0.002520672282
35670	0.00320282507
35671	0.0007299838728
35672	0.003455614192
35673	0.0009362202576
35674	0.001929320525
35675	9.335679715e-05
35676	0.000557841704
35677	0.0003750180452
35678	0.00150262958
35679	0.001188700654
35680	0.0003947621493
35681	0.007344582354
35682	4.006865112e-05
35683	0.0003727691189
35684	0.0001794565881
35685	0.0003077210356
35686	0.0003467396498
35687	0.0003837581346
35688	7.668917473e-05
35689	0.0002302828132
35690	0.0003132085637
35691	2.807726031e-06
35692	5.368107655e-06
35693	9.564351638e-05
35694	0.0001667614678
35695	0.0003282866222
35696	0.0002526235588
35697	9.959257989e-05
35698	3.501686219e-05
35699	0.0009528037922
35700	3.570042734e-05
35701	0.0004041827807
35702	0.0003192896973
35703	6.419556489e-05
35704	0.0006630555314
35705	0.0003112781082
35706	0.0004389588857
35707	0.0001663344818
35708	0.0006755916877
35709	0.0004474348784
35710	4.820860356e-05
35711	0.0004595367358
35712	0.0001414343626
35713	0.003973859437
35714	0.005070254261
35715	0.0002218382528
35716	9.037791129e-05
35717	6.282335919e-05
35718	0.0001776402719
35719	0.0001520796013
35720	0.000522292572
35721	0.0003016431836
35722	0.002035046237
35723	0.001857194609
35724	0.001608965969
35725	0.003005970703
35726	0.002482079302
35727	0.0005591688264
35728	0.00355437233
35729	0.00312764064
35730	0.003898410042
35731	0.001209326484
35732	0.002029734728
35733	0.0008893905661
35734	0.001588120616
35735	0.00211526452
35736	0.0008607988509
35737	5.312309044e-05
35738	0.0003434798656
35739	0.00841432014
35740	0.002057684372
35741	0.004355648237
35742	0.0001133047356
35743	0.001042206438
35744	0.0001434712329
35745	0.002625429185
35746	0.003283410305
35747	0.001373287874
35748	0.0003991289948
35749	0.000366678544
35750	0.0007321468789
35751	0.0008853859795
35752	0.0003357505289
35753	8.767945403e-05
35754	8.436250226e-05
35755	0.002054559462
35756	1.576882974e-05
35757	0.002087069731
35758	0.002238126387
35759	0.002142445979
35760	0.004288271055
35761	0.0009890224574
35762	0.003271605271
35763	0.0029712578
35764	0.00084752055
35765	0.0001175681302
35766	0.0002434057935
35767	0.001534593123
35768	0.0001559695219
35769	0.00109669104
35770	3.946885899e-05
35771	0.004130403587
35772	0.00445090599
35773	0.0008035147545
35774	0.003154648506
35775	0.0002624504025
35776	0.003009798517
35777	2.497436089e-05
35778	0.0003352431564
35779	0.0005016364366
35780	0.005013252018
35781	0.0002753238969
35782	0.0001454275131
35783	0.001655502818
35784	0.00290561426
35785	0.001500946294
35786	0.001848659982
35787	0.0001703676084
35788	0.001571001572
35789	0.001695672369
35790	0.001398728902
35791	0.0002451524836
35792	0.001561793709
35793	0.0001483317417
35794	0.0001107315833
35795	0.0006564417682
35796	2.725304202e-05
35797	0.0002074736233
35798	0.0062860354
35799	0.0002815497047
35800	0.005610214072
35801	0.0003767414616
35802	0.002328450837
35803	0.002380026814
35804	0.0009450366547
35805	0.000162979439
35806	0.0004849967879
35807	0.0001039649746
35808	0.003948664927
35809	0.001876605096
35810	0.002280529516
35811	0.0006006784063
35812	0.00126465143
35813	0.001850172784
35814	0.0009408681217
35815	0.000116182084
35816	0.0004506907016
35817	0.002971604989
35818	4.284411839e-05
35819	0.0006557989285
35820	9.213074115e-05
35821	0.0004666578078
35822	0.000176979157
35823	0.002811829927
35824	0.000540256123
35825	0.0009283459093
35826	9.498128797e-05
35827	0.0001674641599
35828	0.00548793635
35829	0.0001048182493
35830	0.002644689752
35831	0.006370121101
35832	0.0005738627087
35833	0.0005325702177
35834	3.521510935e-05
35835	0.001098355186
35836	0.0001494851555
35837	0.002619857167
35838	0.0005568052269
35839	0.0003299032167
35840	0.0001787388897
35841	0.001421350052
35842	0.001174646151
35843	0.0003183159943
35844	0.0003004671531
35845	0.0007816363716
35846	0.0008646763431
35847	0.001481669591
35848	0.001226487824
35849	0.0002508701306
35850	0.002121655095
35851	0.002446285332
35852	0.004823895234
35853	0.004795945922
35854	0.0001248625006
35855	0.001063642724
35856	0.002028265011
35857	0.001143854847
35858	4.478621699e-06
35859	0.002610470005
35860	0.003029364868
35861	0.005142058956
35862	0.0001083794026
35863	4.900988966e-05
35864	0.001978186148
35865	0.001167609878
35866	0.002524255379
35867	0.001501520491
35868	0.004810473229
35869	0.002268747004
35870	0.0004346311953
35871	0.0003488172528
35872	7.00477598e-05
35873	0.005514150592
35874	0.001869087313
35875	0.000599130448
35876	0.0007261388049
35877	0.004984139294
35878	0.001542786362
35879	1.366321875e-05
35880	0.0008305093977
35881	0.002602832575
35882	0.0001324983934
35883	0.001021925247
35884	0.000261411113
35885	0.0004811601987
35886	0.0008562040332
35887	0.0007792274829
35888	0.0005019629634
35889	0.001026632582
35890	5.190771587e-05
35891	0.000289772317
35892	0.006553062304
35893	0.002687157979
35894	0.0006993357265
35895	0.001776859564
35896	0.0007376757072
35897	0.0003822211023
35898	0.0003482264779
35899	0.001476010745
35900	0.003866532314
35901	0.0006092980078
35902	0.000361404302
35903	4.234886663e-05
35904	0.0007530133352
35905	0.0007884078149
35906	9.083255662e-05
35907	0.005779861824
35908	0.0006905083191
35909	9.241827052e-05
35910	0.0003548163678
35911	6.6737277e-06
35912	7.23656372e-05
35913	0.0002365692681
35914	0.00504698359
35915	0.0002607654888
35916	0.003487869875
35917	0.0007265648765
35918	0.0003095792733
35919	0.004628582932
35920	0.001261885841
35921	0.0007550307004
35922	0.0004066895358
35923	0.0008023009887
35924	0.001687109538
35925	0.003639972907
35926	0.002108532145
35927	0.0005018171352
35928	0.003736110539
35929	0.0004703752654
35930	0.0004602294728
35931	0.0001343825382
35932	7.580427669e-05
35933	0.0001958597939
35934	0.0008603005534
35935	0.003699064816
35936	0.0002117539742
35937	0.001711026501
35938	0.0009760355953
35939	0.0001551979576
35940	0.001119171865
35941	0.0008439880408
35942	0.000821452039
35943	0.0001293136798
35944	0.0005931585453
35945	0.004863015194
35946	0.0018828331
35947	0.004022079574
35948	0.009632775857
35949	0.0001722406496
35950	0.0004310048045
35951	0.0006766075077
35952	0.001459728818
35953	0.001203739639
35954	0.001744810115
35955	0.003985361745
35956	0.0002167475937
35957	0.001560305943
35958	0.002167463113
35959	0.0005105784354
35960	0.00629879932
35961	8.909980092e-05
35962	0.001741825609
35963	0.0002680047437
35964	0.001623316793
35965	0.0008951596792
35966	0.001210222943
35967	0.002737989029
35968	0.0001328749046
35969	1.985920588e-05
35970	0.005913986623
35971	0.004111455511
35972	0.004126029686
35973	0.003566561544
35974	0.002753690356
35975	0.00504705131
35976	0.001302782522
35977	0.0003141955359
35978	0.001384957829
35979	0.001926466364
35980	0.002280438624
35981	0.0003328927483
35982	0.003643019041
35983	0.008548334164
35984	0.001509831736
35985	0.003453740258
35986	0.002721730045
35987	0.0004949354112
35988	0.0006870895294
35989	0.001765939241
35990	0.00263789417
35991	0.00171131149
35992	0.002800030708
35993	0.002864582313
35994	0.0006999600554
35995	0.0001674343439
35996	6.806629697e-05
35997	0.0008612045196
35998	0.0003315974908
35999	0.001245677542
36000	0.0003066803489
36001	7.691251431e-05
36002	0.0005055451951
36003	0.001819032414
36004	0.0008419250293
36005	0.003877928844
36006	0.0001635202044
36007	0.0005793573895
36008	0.0006492323587
36009	0.001581324663
36010	0.0001072577398
36011	0.001870135027
36012	9.763580803e-05
36013	0.002450878104
36014	0.0008908693846
36015	0.0004148229785
36016	8.350189713e-05
36017	0.0004208042258
36018	0.0002163290599
36019	0.001998976855
36020	0.0001706826728
36021	7.177434702e-05
36022	0.0004255224102
36023	0.0007363190265
36024	0.001332618966
36025	0.0001000657513
36026	0.0004339123604
36027	0.000390265577
36028	0.0004365967219
36029	0.002342916647
36030	0.0007287729564
36031	0.0001658927626
36032	8.980587528e-05
36033	0.0001433496069
36034	0.0003801858109
36035	0.005888265632
36036	2.656503471e-05
36037	0.0002642871842
36038	0.0004219243912
36039	0.0009034809579
36040	7.325924527e-05
36041	0.0005536290939
36042	0.00256020164
36043	0.0002725428188
36044	0.005593910409
36045	0.001091569788
36046	0.0001020029626
36047	0.000753561724
36048	0.0001622170955
36049	9.107658491e-05
36050	0.0008892789926
36051	0.0005276969535
36052	7.463181716e-05
36053	0.0001552416341
36054	0.004248729386
36055	0.0001842158741
36056	0.001643629184
36057	0.0001081943586
36058	0.0004554949651
36059	0.001984484918
36060	0.005503409293
36061	0.002365133806
36062	0.001008958567
36063	0.006267022447
36064	0.001038908895
36065	0.00165165827
36066	0.00236183784
36067	0.0005815549638
36068	0.002127684519
36069	0.0002900110091
36070	0.001758590102
36071	0.006393549145
36072	0.001774093745
36073	0.0003065755345
36074	0.0007276891245
36075	0.003968567702
36076	0.001530293802
36077	0.0004968909799
36078	0.002124101619
36079	0.000983013743
36080	0.002755770163
36081	0.004358579655
36082	5.417311302e-05
36083	0.0006235128036
36084	0.001047178665
36085	0.0007343564527
36086	0.004507278709
36087	0.0006594923763
36088	4.531087567e-06
36089	0.003759114708
36090	0.0008871235985
36091	0.0009560098969
36092	0.0004508906526
36093	0.003395040951
36094	0.004090679269
36095	0.001557088805
36096	0.005783263667
36097	5.374772254e-05
36098	0.007919612809
36099	0.0009066781835
36100	0.002001140196
36101	0.0006068397239
36102	0.005492732329
36103	0.002634073977
36104	0.001458230488
36105	0.003329991277
36106	0.0009664539689
36107	0.0004468026229
36108	0.008884226952
36109	0.002433499524
36110	0.002532088948
36111	0.002816934162
36112	0.0002452541795
36113	0.0001472588108
36114	0.003036927697
36115	0.001157631613
36116	0.001624791235
36117	0.000271497847
36118	0.0004413437839
36119	0.0007792318201
36120	0.0002191268248
36121	0.0002639996675
36122	0.0001224975393
36123	0.0004539837211
36124	0.00291800715
36125	0.000352523474
36126	0.0005827993975
36127	0.0006652814084
36128	0.0001212628521
36129	0.004391772035
36130	0.0004920733895
36131	0.006456972759
36132	0.003064173387
36133	1.677134394e-05
36134	0.003312631643
36135	0.004299945859
36136	0.001499242313
36137	0.0005492854231
36138	0.001295855806
36139	0.003146684484
36140	0.001659625731
36141	0.004354912385
36142	0.0009142954675
36143	0.0002242477598
36144	0.003381859285
36145	0.001615010134
36146	0.001833566778
36147	0.002804489577
36148	0.002171861003
36149	0.0002351909016
36150	0.001514601167
36151	0.0003013227449
36152	0.002222895735
36153	0.001832632696
36154	0.0004125976191
36155	0.0007672634579
36156	0.0008127944735
36157	0.0006101142609
36158	0.0001825522788
36159	0.001097529292
36160	0.002854127123
36161	0.001539970113
36162	0.001130146829
36163	0.0007701621209
36164	0.0003426523096
36165	0.0001313943213
36166	0.001996738004
36167	0.0004059738231
36168	0.004494103547
36169	0.001073391165
36170	0.003644440429
36171	0.003266505138
36172	0.003696628236
36173	0.003763489345
36174	0.002788624817
36175	0.003279403476
36176	0.003404302162
36177	0.00335667427
36178	0.00439602074
36179	0.002902132129
36180	0.003165487044
36181	0.0003227826822
36182	0.001569114969
36183	0.004936125711
36184	0.005647063483
36185	0.001456314331
36186	0.002453632496
36187	0.0007832947169
36188	0.001839552874
36189	0.001006226979
36190	0.0007235620738
36191	0.001599942003
36192	0.0001710596123
36193	0.00191473309
36194	0.002310083166
36195	0.0002613443832
36196	0.001898848035
36197	0.001727583957
36198	0.0001122553655
36199	0.0007528198459
36200	0.0005992702655
36201	0.0008323885358
36202	0.001102848524
36203	0.003370645886
36204	0.0006210770655
36205	0.004886759019
36206	0.001418855152
36207	0.006169698717
36208	0.005529500451
36209	0.006402353843
36210	0.003058007514
36211	0.004783954708
36212	0.000568922322
36213	0.002533423644
36214	0.002700352549
36215	0.008356346143
36216	0.006140617078
36217	0.001665502384
36218	0.005669442871
36219	0.002667664573
36220	1.622047971e-05
36221	0.002391852029
36222	0.001897267233
36223	0.00023113983
36224	0.002016319988
36225	0.002648292811
36226	0.001512682918
36227	0.0003187101071
36228	0.0009594851126
36229	0.006878756194
36230	0.002534394153
36231	0.001563919156
36232	0.004775064973
36233	0.001754033978
36234	0.0004173593611
36235	0.001362422027
36236	0.001870631363
36237	0.0006560419319
36238	0.002538453129
36239	0.0006048508867
36240	0.001781227136
36241	0.0003242794229
36242	0.003980735304
36243	0.00346119153
36244	0.00410062661
36245	0.002685005862
36246	0.0002682461428
36247	0.001264783706
36248	0.005803154307
36249	0.002853586727
36250	0.0008565152308
36251	0.002534723612
36252	0.000850865936
36253	8.737952027e-05
36254	0.000138006706
36255	8.298260664e-05
36256	0.004427671539
36257	0.0036319161
36258	0.001193213403
36259	3.163423751e-05
36260	8.381873393e-06
36261	0.000561736859
36262	0.001353573973
36263	0.005341172353
36264	0.0009050311748
36265	0.00171397473
36266	0.003591259781
36267	0.001725835538
36268	0.0001813336958
36269	0.005673938043
36270	0.002566248368
36271	0.0008184641907
36272	0.003724957548
36273	0.001577693353
36274	0.00122408311
36275	0.003729134476
36276	0.003047796782
36277	0.0001396923319
36278	0.0003139579239
36279	0.002541542597
36280	0.003243189773
36281	0.002622642676
36282	0.0004934240499
36283	0.0005540979102
36284	0.001330542939
36285	0.00174512256
36286	0.009604470856
36287	0.003170264902
36288	0.0001889106447
36289	0.002017071993
36290	0.001021155426
36291	0.001745671376
36292	0.002317890341
36293	0.001576202828
36294	0.001219029874
36295	0.0006275884587
36296	0.002080705966
36297	0.0005617281145
36298	0.004588324785
36299	0.0006632276009
36300	0.00093190852
36301	0.000734826136
36302	0.002343569763
36303	0.001316262521
36304	0.0004991218855
36305	8.518192714e-05
36306	0.0005318474374
36307	0.0009046036929
36308	0.002441799459
36309	0.007143082068
36310	0.005217841464
36311	0.0003475134296
36312	6.424971666e-05
36313	0.0005855250708
36314	0.004859937436
36315	0.0002655410767
36316	0.001424890042
36317	0.001553141419
36318	0.003737413394
36319	0.0006788575292
36320	0.00168318984
36321	0.005787863682
36322	0.001406348517
36323	0.0008784226053
36324	0.00313399683
36325	0.001892161125
36326	0.0003588944331
36327	0.0004639334702
36328	0.00108802326
36329	0.0001827624254
36330	0.0004375799068
36331	0.0001156491208
36332	0.001573701146
36333	3.667987605e-05
36334	1.315434119e-05
36335	0.0003575997921
36336	0.0001499165122
36337	0.0008941975302
36338	0.004750024286
36339	0.004983027181
36340	0.0005227553651
36341	0.002586559536
36342	0.001571263659
36343	0.0008505270682
36344	0.00115840549
36345	0.002147472392
36346	0.0003784190639
36347	0.0007355704474
36348	0.001794313728
36349	0.0006674526618
36350	0.001028193614
36351	0.001003025202
36352	0.001007757995
36353	0.0003590012348
36354	0.001174873477
36355	0.001095424584
36356	0.002774642606
36357	0.001016771641
36358	0.0002138034243
36359	0.0008617078117
36360	0.000156229819
36361	0.0001563994863
36362	0.003996177858
36363	0.001955060476
36364	0.0006238980872
36365	0.0001712635644
36366	0.001084133481
36367	0.0001329035592
36368	0.001690659883
36369	0.002643303252
36370	0.002111018724
36371	0.002490550461
36372	0.0007404106248
36373	0.004442165797
36374	0.001096748529
36375	0.001234025565
36376	0.0001385666852
36377	0.0007663438384
36378	0.001575054133
36379	0.001067994732
36380	0.0001020997238
36381	0.0008256367388
36382	0.001154008714
36383	0.002915850782
36384	0.001254970829
36385	0.003014674836
36386	0.0009761901754
36387	4.585388009e-05
36388	0.001397647609
36389	0.00168026035
36390	0.001419852494
36391	0.002611791806
36392	0.003788364026
36393	0.003422383265
36394	0.003507170325
36395	0.0006791624872
36396	5.319831409e-05
36397	0.002195026872
36398	0.0001745869163
36399	0.0005478910694
36400	1.61049892e-05
36401	0.000165558304
36402	0.001228374958
36403	0.001063332577
36404	4.644991702e-05
36405	0.0003007968073
36406	0.001521093166
36407	0.002297940022
36408	0.0007577160533
36409	0.003674477799
36410	0.001483915802
36411	0.0004948332631
36412	0.0001985025916
36413	0.004854419178
36414	0.001278383378
36415	0.0004687279789
36416	0.0006166828506
36417	0.002463926605
36418	0.007994739363
36419	0.004284787008
36420	0.0012097029
36421	0.001057154746
36422	0.005801780629
36423	0.001122126541
36424	0.0002938040996
36425	0.0007868219835
36426	0.0005654732755
36427	0.002226458939
36428	0.0004121747442
36429	3.480551357e-05
36430	9.709164332e-05
36431	0.0005821581381
36432	0.0001851941294
36433	0.0003039534766
36434	0.003659706497
36435	0.00035561281
36436	0.0006275660536
36437	0.001755226762
36438	0.0005235049732
36439	0.001600255778
36440	0.001671917491
36441	0.002664692918
36442	0.001132005648
36443	0.001981977219
36444	0.0006649267168
36445	0.0008627499535
36446	0.001107866955
36447	0.0003859132456
36448	0.0001833281996
36449	6.928089077e-05
36450	0.0002560224571
36451	0.001262479415
36452	0.0007728316581
36453	0.0003095657522
36454	0.0008571607314
36455	0.002533637629
36456	2.566430686e-05
36457	0.0007583519416
36458	0.003898500282
36459	9.998279378e-05
36460	0.0004933661649
36461	0.000969812941
36462	0.001262065112
36463	0.001053604228
36464	0.0002779692557
36465	0.0001023884777
36466	0.002697110072
36467	0.0008588846545
36468	0.000617701789
36469	0.0001568658653
36470	0.0009574808553
36471	0.0007496009733
36472	0.0001581969441
36473	0.001133579493
36474	0.0009001906732
36475	0.0003256809185
36476	0.0007091939504
36477	0.001010852681
36478	0.0007624465406
36479	0.0004588119838
36480	0.00100414303
36481	0.0006340990117
36482	0.0004685464313
36483	0.0006063371224
36484	0.0008469413196
36485	0.0005600194367
36486	0.0009541055678
36487	0.0001704827587
36488	0.000371342321
36489	0.0001455853404
36490	0.001251662127
36491	0.001823478231
36492	0.001013001001
36493	0.0002955942149
36494	0.002002971368
36495	0.001249502017
36496	0.0001626775171
36497	3.82654963e-05
36498	0.0007024221206
36499	0.00117328909
36500	0.001035007258
36501	0.0008715199896
36502	0.001198963774
36503	0.0006859068218
36504	0.0008483945119
36505	0.0005146837354
36506	0.001672119609
36507	0.0010057913
36508	0.001064527954
36509	0.0008290105521
36510	0.001362877434
36511	0.001189386769
36512	0.0007149360865
36513	0.0005842957873
36514	0.0012726576
36515	0.0008657455375
36516	0.0001904242675
36517	0.001244453041
36518	0.001427763084
36519	0.0007600709095
36520	0.002822395459
36521	0.0008584467424
36522	0.0008818864314
36523	0.001256472511
36524	0.001005777297
36525	0.0009152845439
36526	0.0004769502778
36527	6.671736929e-05
36528	0.00137898144
36529	0.0006545645551
36530	0.0004505038378
36531	0.000737661124
36532	0.001256979653
36533	0.0004257792155
36534	0.0009146811928
36535	0.001387576344
36536	0.0003425706078
36537	0.000597923091
36538	0.001640095841
36539	0.0009154135413
36540	0.001176293058
36541	0.0006593667146
36542	0.000282550211
36543	0.0005709644317
36544	0.0006436019848
36545	0.000727421962
36546	0.0002236328281
36547	0.000759308712
36548	0.0006154362962
36549	0.002073892671
36550	0.001518556797
36551	0.0006589603104
36552	3.423655326e-05
36553	0.0007448255678
36554	0.001363427028
36555	0.0007586795222
36556	0.0004459503841
36557	0.0005573822451
36558	0.0005526475936
36559	0.000673073143
36560	0.0004169793331
36561	0.001236138127
36562	0.0006308581572
36563	0.001295149442
36564	0.00107742843
36565	0.0005679708956
36566	0.0004888489345
36567	0.001013343943
36568	0.0006266759711
36569	0.0006154705368
36570	0.000779258367
36571	0.0005151295557
36572	0.001442454792
36573	0.001303564094
36574	0.001143027443
36575	0.0007211659065
36576	0.0004917598232
36577	0.001079774279
36578	0.000968886076
36579	0.0007124358136
36580	0.0007923515446
36581	0.0007526758231
36582	0.0006738103837
36583	0.0007546462109
36584	0.0004351999754
36585	0.001065485089
36586	0.001098275997
36587	0.0006670743662
36588	0.0008301025226
36589	0.0001595120973
36590	0.001406406012
36591	0.0008093204716
36592	0.0004590765182
36593	0.002639396691
36594	0.0007469648359
36595	0.0007039751701
36596	0.001194739937
36597	0.0007015848305
36598	0.0006470772945
36599	0.0005925785293
36600	0.0001902406031
36601	0.0005342519682
36602	0.0008679518585
36603	0.0003606698895
36604	0.0008924602097
36605	0.0007649155132
36606	0.0004922872666
36607	0.0004148798774
36608	0.0009937304516
36609	0.000705487845
36610	0.001078155639
36611	0.0004487021793
36612	0.0009570415097
36613	0.001045561184
36614	0.0005300837695
36615	0.001117117887
36616	0.001223845102
36617	0.001687757247
36618	0.0005646117288
36619	0.001107858654
36620	0.0006603587986
36621	0.0005486586826
36622	0.0009788607641
36623	0.001072692443
36624	0.001195082925
36625	0.0015491976
36626	0.0007344490063
36627	0.0004656911365
36628	0.001209705213
36629	0.001249007238
36630	0.0004598036303
36631	0.0007536243907
36632	0.001265037536
36633	0.0006574651078
36634	0.0006233636296
36635	0.0008759520374
36636	0.00122362349
36637	0.0002831469147
36638	0.0006286279519
36639	0.0008382926256
36640	0.0004991074344
36641	0.001091505259
36642	0.0005398315838
36643	0.0006482507836
36644	0.0006757170368
36645	0.0005641558708
36646	0.007189261427
36647	0.0002374773203
36648	0.0004145157987
36649	0.0006690716153
36650	0.000240842392
36651	0.0001095953502
36652	0.0003201226331
36653	0.001317177908
36654	0.0004772571434
36655	0.0006835917467
36656	0.0007736997418
36657	0.0007077459584
36658	0.0009835280683
36659	0.001067844694
36660	0.0005344894102
36661	0.001077693913
36662	0.0003914884473
36663	0.0004359481032
36664	0.0004921577029
36665	0.0004508156754
36666	0.0009234537053
36667	0.0004838519142
36668	0.001044873815
36669	0.001184113131
36670	0.0004567342544
36671	0.001109547823
36672	0.0008404751278
36673	0.0004889039487
36674	0.0008477936034
36675	0.001132310891
36676	0.0007254360605
36677	0.0007636886932
36678	0.0009008400501
36679	0.0001331492405
36680	0.0005136593916
36681	0.000368365154
36682	0.0006594515118
36683	0.0008939524352
36684	0.0004143494247
36685	0.0006162404179
36686	0.00130657908
36687	0.001317290899
36688	0.000525394348
36689	5.526456197e-05
36690	0.0002788145933
36691	0.001194024239
36692	0.0005404305301
36693	0.001373494955
36694	0.0004705708683
36695	0.0007914455788
36696	0.001049613675
36697	0.0005421391216
36698	0.0008905109111
36699	0.0006100220677
36700	0.0003822780616
36701	0.0007446636147
36702	0.0007908773072
36703	0.0008875810962
36704	0.000587176718
36705	0.000837398035
36706	0.0007740375266
36707	0.001036949142
36708	0.0008884658398
36709	0.0004281224321
36710	0.000664979436
36711	0.001458926768
36712	0.0006797876404
36713	0.001111891688
36714	0.000672149618
36715	0.0002654099458
36716	0.0006174149488
36717	0.0008836570141
36718	0.0005807789492
36719	0.001301282963
36720	0.0005560397309
36721	0.0006325943781
36722	0.001685665006
36723	0.001043676426
36724	0.0001458065321
36725	0.0003572942818
36726	0.0007461459466
36727	0.0003313634795
36728	0.0006982073869
36729	0.0005729673986
36730	0.00117201442
36731	0.0005216386202
36732	0.0007099510517
36733	1.703370221e-05
36734	0.001138344511
36735	0.000875993633
36736	0.0007473455186
36737	0.0004941628036
36738	0.0004910700737
36739	0.0008486162176
36740	0.0004828757799
36741	0.001022211327
36742	0.0006485239903
36743	0.0007113740563
36744	0.0006292222217
36745	0.0007696468736
36746	3.029597302e-05
36747	4.174704281e-05
36748	0.002491932729
36749	0.0005099302936
36750	0.0006480919804
36751	8.9333207e-05
36752	2.198302004e-05
36753	0.0006616428777
36754	0.0004722309602
36755	0.000845397153
36756	0.0004740898302
36757	0.0006793468651
36758	0.0006803274851
36759	0.00158673179
36760	0.00153250682
36761	0.0008967775177
36762	0.0003309045914
36763	0.0005684960719
36764	0.001271172487
36765	0.0008199406238
36766	0.0008840096795
36767	0.00126863499
36768	0.001134172378
36769	0.0006866177087
36770	0.001692392775
36771	0.0004112973653
36772	0.0006867823825
36773	0.001787657843
36774	0.0005014677043
36775	0.001350785316
36776	0.0007052941108
36777	0.000852867914
36778	0.0006263721414
36779	0.000659718037
36780	0.0005191672713
36781	0.0005499351128
36782	7.544060954e-05
36783	0.0006974899108
36784	0.0007807413848
36785	0.0006408918272
36786	0.0008654385027
36787	0.0001286447838
36788	0.001972659744
36789	0.0007917655719
36790	0.00084188288
36791	0.0005946695069
36792	0.001076354764
36793	0.0001711632789
36794	0.000258278894
36795	0.000734963262
36796	0.0007784976847
36797	0.001697337442
36798	0.0003326195143
36799	0.000796408572
36800	0.001414983327
36801	0.0006187766554
36802	0.001778539659
36803	0.0004814317118
36804	0.0007530275165
36805	0.002716785626
36806	0.001033182671
36807	4.253643063e-05
36808	0.0007317582184
36809	0.0003932484468
36810	0.0007811380474
36811	0.0004228951566
36812	0.0003092507157
36813	0.0005003756206
36814	0.0005682774742
36815	0.0005511030896
36816	3.955555882e-05
36817	0.0009563751506
36818	0.0008846116162
36819	0.0004366663892
36820	0.001039628346
36821	0.0005440448533
36822	0.0004676394797
36823	0.001176175482
36824	0.0007434630561
36825	0.0005187973756
36826	0.001480821617
36827	0.0001682496701
36828	0.000704808995
36829	0.0006050021258
36830	0.0009256821532
36831	0.0008617675422
36832	0.001304361519
36833	4.658159957e-05
36834	0.0003615560225
36835	0.0004626974046
36836	0.0006843026657
36837	0.00086005061
36838	0.0004992156956
36839	0.0008005966682
36840	0.0006164604248
36841	0.0009559115636
36842	0.0008502491623
36843	0.0007074263612
36844	0.0015385693
36845	0.0003997126868
36846	0.0007698586968
36847	0.0009723283078
36848	0.001236803181
36849	0.001074749974
36850	0.0008408256878
36851	0.001248597598
36852	0.0002900391509
36853	0.0006622809088
36854	0.0010924984
36855	0.0008006674801
36856	0.0004224347605
36857	0.0008773730914
36858	0.001093746646
36859	0.0007507515101
36860	0.0006745905392
36861	0.0006036491944
36862	0.001006467019
36863	0.0004210855487
36864	0.0003142285896
36865	0.0005878405038
36866	1.95085378e-05
36867	0.0008317877993
36868	0.0007334797159
36869	0.001057551771
36870	0.0006019308957
36871	0.0006749222106
36872	0.000167987908
36873	0.0005741702148
36874	0.0006770908782
36875	0.001137981969
36876	0.0009817295468
36877	0.0008196503715
36878	0.001032342472
36879	0.0006402427988
36880	0.001226042477
36881	0.00395974727
36882	0.003526877987
36883	0.001918586267
36884	0.0001089393196
36885	0.005624219652
36886	4.810469457e-05
36887	0.002425101391
36888	0.0003487053893
36889	0.0006439550012
36890	0.003088375472
36891	0.003952579855
36892	0.001332730502
36893	0.001054086329
36894	0.00362790335
36895	0.0002471966527
36896	0.0009868127196
36897	0.00201468197
36898	0.0008439202069
36899	0.004807453166
36900	0.0004228884277
36901	0.007678885832
36902	0.002507247296
36903	0.0001327783054
36904	0.0008198546928
36905	0.0002831304468
36906	0.0001217338729
36907	0.0002454570456
36908	0.000114531259
36909	0.0004943268144
36910	7.650768864e-05
36911	0.0001755814425
36912	0.0001568467107
36913	0.0002289247781
36914	0.0002502067581
36915	0.0001864220597
36916	0.0003295589767
36917	4.439000204e-05
36918	0.0003485563001
36919	4.694915958e-05
36920	0.0001217262236
36921	0.001146189618
36922	0.0008356108049
36923	0.0005509555141
36924	0.0001472970916
36925	0.0004123641073
36926	6.968034598e-05
36927	0.0005876609635
36928	0.000205291267
36929	0.00169511955
36930	3.466234194e-05
36931	0.001733590083
36932	6.262045649e-05
36933	0.001632147385
36934	1.816787103e-05
36935	0.0007546806872
36936	7.755266555e-05
36937	0.0001190892215
36938	0.0001520567738
36939	0.000355793342
36940	0.0006226810411
36941	0.0001194967051
36942	0.0001261509136
36943	0.0001733434378
36944	0.0001592075331
36945	0.0002505466258
36946	0.0003516237319
36947	0.001085891193
36948	0.0001260347441
36949	0.0002758811208
36950	0.0003150789333
36951	0.0001039194865
36952	0.0002548701817
36953	0.0004273814598
36954	6.777283308e-05
36955	0.0007407072109
36956	0.0001842819167
36957	0.0002189563028
36958	0.0005667871508
36959	0.001544715126
36960	0.0001507039529
36961	0.0001654205679
36962	6.44738766e-05
36963	6.878086044e-05
36964	0.0003078509497
36965	7.95232129e-05
36966	5.125019464e-05
36967	0.0002039517548
36968	0.001164110481
36969	1.294309231e-05
36970	0.0005199197056
36971	0.0001566965683
36972	0.0002532573242
36973	0.0002171724549
36974	8.367466608e-05
36975	1.088979249e-05
36976	0.001842460924
36977	0.003898861891
36978	0.001639875526
36979	0.0002476911525
36980	0.0002197801723
36981	1.269161495e-05
36982	3.210113706e-05
36983	0.0001227774294
36984	0.001909551699
36985	0.001190642725
36986	0.0004535058141
36987	0.0002097752974
36988	0.0006556545346
36989	0.0005576503536
36990	0.001071111757
36991	0.0009194415812
36992	0.0003503522108
36993	8.285359568e-05
36994	0.0001105400223
36995	0.000185848433
36996	0.0001099560032
36997	0.0002076751424
36998	0.001383912641
36999	0.0002612193741
37000	0.0004170474821
37001	1.493473013e-05
37002	0.007116796513
37003	0.00107000059
37004	0.0003752058874
37005	0.0002021119193
37006	0.0001953981496
37007	1.947439733e-05
37008	0.003634844203
37009	0.001490937926
37010	0.0002023023338
37011	0.0004894070051
37012	0.0001133983498
37013	0.0003614744504
37014	0.0006653653801
37015	3.704813486e-05
37016	1.131036942e-05
37017	2.183973558e-05
37018	0.001020804392
37019	0.002789373163
37020	0.001451816425
37021	2.337619346e-05
37022	6.929462899e-06
37023	0.0003236576741
37024	0.001590558028
37025	8.053743938e-05
37026	0.00614049328
37027	0.0002593218321
37028	0.003343498274
37029	2.232606331e-05
37030	0.00231431894
37031	0.0001301708215
37032	0.00178491732
37033	0.001078243451
37034	0.0002393228647
37035	0.0001622655455
37036	0.0005242774612
37037	0.0004742007199
37038	0.0001312939749
37039	0.0005950637737
37040	0.0001773424191
37041	7.829668508e-05
37042	0.000277322707
37043	0.0002153795767
37044	0.0005840400694
37045	0.0001406117293
37046	0.0001839356581
37047	2.177512491e-05
37048	0.0007116354117
37049	0.005834971142
37050	0.0002789436118
37051	0.001538528795
37052	0.0001689242401
37053	0.001584017432
37054	0.002977692244
37055	0.0003005030873
37056	0.0002289109018
37057	0.0002186249598
37058	6.496441562e-05
37059	0.0001160041575
37060	0.0004279317573
37061	0.0001352248796
37062	0.0002683919313
37063	0.0002504309837
37064	9.555596047e-05
37065	0.0002030208581
37066	7.452697967e-06
37067	0.0001891372932
37068	0.000236998266
37069	0.0003500873619
37070	6.073790573e-05
37071	5.261337902e-05
37072	0.000443322161
37073	0.0001271113477
37074	0.000178333245
37075	9.102138745e-05
37076	0.0002820825064
37077	4.435218353e-06
37078	0.0003546320971
37079	0.0006202129822
37080	0.001432450979
37081	0.002935031049
37082	0.005337605224
37083	0.0001387286919
37084	0.000526196905
37085	0.0006702207901
37086	0.001731235488
37087	9.778829346e-05
37088	0.0002310764651
37089	0.0002232375258
37090	0.0006675325637
37091	0.0001260350718
37092	0.0005415343754
37093	0.005111714241
37094	0.0007684810597
37095	0.001542397741
37096	0.001637581495
37097	0.002289985608
37098	0.0004666008654
37099	0.0006587538547
37100	0.0001318052311
37101	0.003282809175
37102	0.0009543047533
37103	0.001551396526
37104	0.004631020127
37105	0.0004955266513
37106	0.001384159538
37107	0.0003657728208
37108	0.0009228055846
37109	0.0002134445035
37110	0.005331037687
37111	0.001212424147
37112	3.119053834e-05
37113	0.001423428455
37114	0.0003197862702
37115	0.0001619805021
37116	0.0001040553481
37117	0.0006739470775
37118	0.0001093031569
37119	0.0001842977198
37120	0.0001039326495
37121	8.329386756e-05
37122	0.001815487089
37123	0.001821486389
37124	0.0006462067586
37125	0.0008589539935
37126	0.001281666836
37127	0.0005569946684
37128	0.0002723950888
37129	1.681010377e-05
37130	6.108423129e-05
37131	0.0005612691336
37132	0.003946275382
37133	9.307043131e-05
37134	0.0003811113652
37135	0.0004504844383
37136	0.002001837139
37137	0.001259957428
37138	0.001995171305
37139	0.000320697964
37140	0.002261863511
37141	0.001671523399
37142	0.0009467500211
37143	0.001663460071
37144	0.0005625880849
37145	0.001625189473
37146	0.0002062589276
37147	0.0003170223085
37148	0.0007895262642
37149	0.0009683117171
37150	0.0008628488151
37151	0.0007887547891
37152	0.000409807739
37153	0.0004664498846
37154	0.0003929440307
37155	0.0006577042359
37156	0.0001121962016
37157	0.0003595694961
37158	0.0005162187229
37159	0.0004777961166
37160	0.0002626875737
37161	0.0006190754651
37162	8.687199037e-05
37163	5.156131564e-05
37164	0.0001424184013
37165	0.0003552968467
37166	0.0001695674865
37167	0.0006448283984
37168	0.0001781136177
37169	5.155216868e-05
37170	2.590064702e-06
37171	0.001846954737
37172	0.0002818358765
37173	4.224303351e-05
37174	0.0001776011877
37175	0.003724520261
37176	0.0003530900723
37177	0.0005723777248
37178	0.0009900161014
37179	0.0001688594285
37180	0.0003489568126
37181	0.0001910624465
37182	0.001560225251
37183	0.0007278278955
37184	9.236133949e-05
37185	0.0006572914106
37186	0.001148738237
37187	0.0007148827761
37188	0.0008409805841
37189	0.0001381244553
37190	0.0004323721684
37191	0.000319167916
37192	9.252521178e-05
37193	0.000576452432
37194	0.001813561448
37195	0.0007504016553
37196	0.000723211267
37197	0.0004891854943
37198	0.0003695160953
37199	3.610403187e-05
37200	0.0004613956126
37201	0.002517212768
37202	0.00033475345
37203	0.0006332948786
37204	0.0002716303728
37205	0.0003511073569
37206	0.0003295484313
37207	5.870585558e-06
37208	0.001869856975
37209	8.299892274e-05
37210	0.0004636277468
37211	6.523153833e-05
37212	0.0002137882738
37213	0.0004947168065
37214	0.0002957421708
37215	0.0004805486268
37216	0.0001012852063
37217	0.0007000557184
37218	0.0006987893193
37219	0.0006084793502
37220	9.645008253e-05
37221	0.0003007499697
37222	5.56765073e-05
37223	0.003307888443
37224	0.0002265752326
37225	0.0003562847303
37226	0.0001978227559
37227	0.0003835917518
37228	0.0006389702364
37229	0.0008468495396
37230	0.0005798415987
37231	0.0001208572581
37232	0.000734540119
37233	0.0006217998023
37234	0.0001944810524
37235	0.0001294174057
37236	0.001105409243
37237	0.000347989741
37238	6.877785432e-06
37239	0.002636028521
37240	0.0004787228209
37241	0.0008379484901
37242	0.0004188790556
37243	0.0001583645472
37244	0.0005016807234
37245	0.001158182706
37246	0.0003321248904
37247	7.274280036e-05
37248	0.000222143376
37249	0.0007005998162
37250	8.171470313e-05
37251	0.001053366895
37252	0.0003738589225
37253	0.0004348837241
37254	0.0007974533812
37255	0.001328444883
37256	0.000705190933
37257	0.0005496103638
37258	0.002024805503
37259	0.0004175622304
37260	0.0005002109319
37261	0.0005080987218
37262	0.001568869786
37263	8.336170366e-05
37264	0.0003602366282
37265	0.0001220549282
37266	0.0001568990015
37267	0.0004678940017
37268	0.002803949791
37269	0.0008273485023
37270	0.0001009024782
37271	7.907777953e-05
37272	0.0002839073684
37273	0.0003653269314
37274	0.0006176335041
37275	0.0002834654739
37276	0.0003777667782
37277	0.0001897310479
37278	0.0004374168016
37279	3.948485106e-05
37280	0.003275714254
37281	0.00130542731
37282	0.0004064995836
37283	0.0006174505545
37284	0.0001394944253
37285	0.0009915693503
37286	0.0005137451494
37287	0.0002513159968
37288	0.001132882454
37289	0.0003165897751
37290	0.0001119485217
37291	0.0006986363626
37292	0.0003575541883
37293	0.001792284577
37294	6.816598637e-05
37295	0.0001725273716
37296	0.0002113192642
37297	0.0005342270375
37298	0.0002067948561
37299	0.001444281292
37300	0.0005971110605
37301	0.0002245938366
37302	0.0001276716256
37303	0.0001169918939
37304	0.002496249004
37305	0.000526180305
37306	0.001169958856
37307	0.0006038541283
37308	5.439269229e-05
37309	8.952681998e-05
37310	8.597308974e-05
37311	8.949800292e-05
37312	0.0007970908671
37313	0.0005041268378
37314	0.0002018227304
37315	0.0001288262412
37316	0.0002122251423
37317	6.197345164e-05
37318	1.940725809e-05
37319	0.0002614821446
37320	0.0001743847864
37321	1.753009593e-05
37322	7.5212034e-05
37323	3.328304888e-05
37324	0.0009410977928
37325	0.0001803815634
37326	0.0002337000734
37327	3.653999774e-05
37328	0.0003888872514
37329	0.0001312213131
37330	0.0003771603169
37331	0.0005032197
37332	0.0008924533712
37333	0.0002467109862
37334	0.0002038707011
37335	0.0004706480471
37336	0.0001723262497
37337	6.643913358e-06
37338	0.0002434113996
37339	0.0001171759748
37340	0.0003212825028
37341	8.161298016e-05
37342	0.0001094828299
37343	0.0003378411899
37344	0.0009550849911
37345	0.0001311494505
37346	0.0004877069205
37347	0.0002709479486
37348	0.0004093927362
37349	0.0002919031118
37350	0.0001506535098
37351	0.0002352965437
37352	0.0003638758518
37353	0.0001894418241
37354	2.741005672e-05
37355	0.0003195409184
37356	2.904498025e-05
37357	4.183889716e-05
37358	9.810513477e-05
37359	4.881489798e-05
37360	0.0001439211833
37361	0.0001084564055
37362	0.0002376655254
37363	6.340968948e-05
37364	0.0001833862582
37365	0.0001876214772
37366	6.038403848e-05
37367	0.0006836003838
37368	0.000550575179
37369	0.0001117079242
37370	0.001616032415
37371	0.002241906931
37372	0.0004892537008
37373	0.00048777202
37374	0.002255920838
37375	0.001010245255
37376	6.211239631e-05
37377	0.0002785618568
37378	1.546133885e-05
37379	0.000301159632
37380	0.0003682028802
37381	7.650390931e-05
37382	0.0001641078723
37383	0.00010536918
37384	0.0002216267456
37385	0.0004366102053
37386	0.0002151848886
37387	0.00111217317
37388	0.002240199126
37389	0.0001645865165
37390	0.0003425825434
37391	0.001387058604
37392	0.004395517471
37393	0.008471757782
37394	0.001686496834
37395	0.000107398978
37396	2.326302691e-05
37397	0.006273621431
37398	0.003910901695
37399	0.0002698048404
37400	0.000164790935
37401	0.007096927272
37402	0.004616841891
37403	0.0002167968256
37404	0.005879014777
37405	0.002057793145
37406	0.0007490904239
37407	0.0001735345369
37408	0.0005208052023
37409	0.001723920433
37410	0.0003079014404
37411	0.0005760679136
37412	0.002311696119
37413	0.00113197151
37414	0.0029762172
37415	0.003743188214
37416	0.003697532071
37417	0.001420786519
37418	0.004309139241
37419	0.003301683179
37420	0.0008249578753
37421	0.001864118998
37422	0.0001593129397
37423	0.0003844489256
37424	0.006474795999
37425	0.000169037522
37426	0.003919309954
37427	0.002228736342
37428	0.002957313982
37429	0.0004611345987
37430	0.001633334531
37431	0.0004406040199
37432	0.002810245546
37433	0.002486956896
37434	0.001644853837
37435	0.004810545443
37436	0.001737394785
37437	0.0003563851591
37438	0.0002335656136
37439	0.0008815931747
37440	0.001910887265
37441	0.001740751289
37442	0.006887533769
37443	0.002349372824
37444	0.0002506489507
37445	0.003279528929
37446	0.0006304553009
37447	6.69338003e-05
37448	0.0001423159778
37449	0.004202076849
37450	0.001445328715
37451	0.001670818019
37452	0.003250968002
37453	0.0002191015437
37454	0.003248672208
37455	0.0003678365649
37456	0.0004473303297
37457	0.001152524982
37458	0.000259381426
37459	0.001745751168
37460	0.0003740153158
37461	0.00149995474
37462	0.004160385043
37463	0.004256154378
37464	0.001936226678
37465	0.004132420449
37466	0.002597266121
37467	0.001308500335
37468	0.001430424066
37469	0.0003811827648
37470	0.004453074384
37471	0.002266514585
37472	0.0004026730149
37473	0.001707232281
37474	0.002447105206
37475	0.000385298234
37476	0.0007841383687
37477	0.003508518261
37478	0.0001166186425
37479	0.0004932504363
37480	0.001607742594
37481	0.004006980856
37482	6.842868704e-05
37483	0.002823541529
37484	0.001807096767
37485	0.0007252759331
37486	0.001875650866
37487	0.002646959248
37488	0.002498916469
37489	0.0006382934603
37490	0.0003128695988
37491	0.001007634721
37492	0.001097652471
37493	0.001300107489
37494	0.001339243129
37495	0.001367829446
37496	0.003668913434
37497	0.005849064209
37498	0.00514917924
37499	0.002349960058
37500	0.003437009012
37501	0.002506973295
37502	0.001492777807
37503	0.0009419836542
37504	0.0006256946939
37505	0.004025588978
37506	0.003375655901
37507	0.0006011775469
37508	0.002869292236
37509	0.001902882175
37510	0.001929100492
37511	0.0005635565682
37512	0.0001463722227
37513	0.002716942427
37514	0.0001066213496
37515	0.0008624768196
37516	0.001864310148
37517	0.0004545986722
37518	0.002150218314
37519	0.0002607143498
37520	0.0009335510422
37521	0.0002067809183
37522	0.0008618220459
37523	0.0006779664801
37524	3.294896187e-05
37525	0.002632451318
37526	0.00111543162
37527	0.00414360552
37528	0.002902634832
37529	1.669622815e-06
37530	0.001414635516
37531	0.003455887339
37532	0.00281476143
37533	0.001278223003
37534	7.459228145e-05
37535	0.00344494698
37536	0.002820512306
37537	0.002714690687
37538	0.00302428765
37539	0.00474077176
37540	0.003525911959
37541	0.001759339693
37542	0.001708546673
37543	0.004640684044
37544	0.0006668503063
37545	0.002167940504
37546	0.002675357842
37547	0.0008695482729
37548	0.001197811812
37549	0.0004525890867
37550	4.626936344e-05
37551	0.001096345717
37552	0.0002770442471
37553	0.002647335323
37554	1.651869976e-05
37555	0.0003649643271
37556	0.003338737774
37557	0.001564991631
37558	0.0002945998844
37559	0.002735025199
37560	0.002137861004
37561	0.0009259350219
37562	0.0032646866
37563	0.001651324972
37564	3.783727905e-05
37565	0.00358119811
37566	0.00114111681
37567	0.004544274756
37568	0.0001857183303
37569	0.0001003444535
37570	5.136495884e-05
37571	0.004504063629
37572	0.002687749409
37573	0.00143319178
37574	0.001952832689
37575	0.0038885615
37576	0.003186947546
37577	0.002595162092
37578	0.001917593391
37579	0.004420728006
37580	0.004145629124
37581	0.002796730574
37582	0.002449988637
37583	0.0002344154222
37584	0.008292210631
37585	0.004737024651
37586	0.0002437273056
37587	0.00977511445
37588	0.00146231876
37589	0.001110659752
37590	0.0009295695275
37591	0.001341518091
37592	8.231724542e-05
37593	0.0008444111817
37594	0.003012184942
37595	0.004749251946
37596	0.001093239345
37597	4.470585242e-05
37598	0.000526465419
37599	0.001055730987
37600	0.0005761896307
37601	0.002465165467
37602	0.004675264827
37603	0.002719370602
37604	0.005874868746
37605	0.0002879546436
37606	0.0004387936273
37607	0.0001806186046
37608	7.74024207e-05
37609	0.004718906539
37610	0.001819817059
37611	0.003597273708
37612	0.0003133625724
37613	0.001388462726
37614	0.002463503074
37615	0.0003477017007
37616	0.004478853817
37617	0.004131450082
37618	0.0007701478312
37619	0.0001366743153
37620	0.0004889905306
37621	0.0004536369761
37622	0.000874104992
37623	0.0006002524604
37624	0.0008433840771
37625	0.0002880882292
37626	0.0006168982042
37627	0.001961824977
37628	0.005974803128
37629	0.006343643947
37630	0.002978598265
37631	0.002787729898
37632	0.000270620548
37633	0.0003914017686
37634	0.0006841367031
37635	0.0002819422343
37636	0.001520289872
37637	0.0001415570552
37638	0.004488339284
37639	0.001451864347
37640	0.002980759194
37641	0.003274918319
37642	0.004773036252
37643	0.0001263694214
37644	0.003295062096
37645	0.007701798355
37646	0.001535001515
37647	0.003244513262
37648	0.002918704895
37649	0.0008802913764
37650	0.003573540654
37651	0.0005763608136
37652	0.0004009160678
37653	0.002616631027
37654	0.0007655134787
37655	0.00403499683
37656	0.001427286746
37657	0.004822665708
37658	0.002555432675
37659	0.003933200405
37660	0.0017634202
37661	2.126134212e-05
37662	0.002751661798
37663	0.002108996816
37664	0.000611057228
37665	0.0004434890686
37666	0.004801764298
37667	0.0009841767638
37668	0.002291213278
37669	0.001326985531
37670	0.0006064419285
37671	0.0003941777646
37672	0.001222338325
37673	0.001324788878
37674	0.006221224498
37675	0.002365626586
37676	0.0001348802936
37677	0.001052365664
37678	0.001296351672
37679	0.003501220307
37680	0.00569518197
37681	0.00127572155
37682	0.0007816790746
37683	0.00335358481
37684	0.001342399295
37685	0.002228404089
37686	0.00132554475
37687	0.001577344479
37688	0.0001778797844
37689	0.001418054493
37690	0.0006726145328
37691	0.002245946184
37692	0.003597554524
37693	0.00099882735
37694	0.0004441250255
37695	0.0005729202435
37696	0.001573686863
37697	0.002518292203
37698	0.003122640289
37699	0.0004890641249
37700	0.001574287311
37701	0.001888347997
37702	0.008838980308
37703	0.006411409513
37704	0.001945906614
37705	0.0001841625409
37706	0.0009934949479
37707	0.00292358933
37708	0.000595615107
37709	0.005098812443
37710	0.001500838138
37711	0.00141065822
37712	0.001798119423
37713	0.004329660151
37714	0.0005094933936
37715	0.0006738126785
37716	0.001334059664
37717	0.0008617361826
37718	0.001842421645
37719	0.002296043199
37720	0.004279248987
37721	0.002007903321
37722	0.006700477393
37723	0.002798583509
37724	1.471086333e-05
37725	0.0007281870831
37726	0.000489479188
37727	0.002331647359
37728	0.0004115751507
37729	0.001436489666
37730	5.806146279e-05
37731	0.001030877668
37732	0.004688598057
37733	0.001901701816
37734	0.0001245132125
37735	0.002967231684
37736	0.001112132242
37737	0.0007117185776
37738	0.002009387637
37739	6.304951715e-05
37740	0.002221804067
37741	0.001795641471
37742	0.001627705841
37743	0.0006657058986
37744	0.006043071441
37745	0.00147449254
37746	0.001137180654
37747	0.003168941911
37748	0.002969782895
37749	0.004044478763
37750	0.002302478439
37751	0.0007464653757
37752	0.001790262897
37753	0.003487233776
37754	0.0005638800747
37755	3.309988665e-05
37756	0.0006075083768
37757	0.0002275334961
37758	0.001506446267
37759	0.004812012773
37760	0.003244703931
37761	0.002814952423
37762	0.0002164173697
37763	0.000221368883
37764	0.001816397878
37765	0.0008145158034
37766	0.001982274927
37767	0.0008591117698
37768	0.001199555796
37769	0.001064551199
37770	6.013786095e-05
37771	0.002319909639
37772	0.0004653131734
37773	0.0007977541139
37774	0.000192094173
37775	0.00433703887
37776	8.576606545e-06
37777	0.00236404811
37778	0.005474847106
37779	0.005602534925
37780	0.006554362043
37781	0.004456572471
37782	0.0006509576613
37783	0.003180657364
37784	0.003643212633
37785	0.003363413088
37786	0.002284876762
37787	0.006664095544
37788	0.002231176515
37789	0.005502218949
37790	0.002935377229
37791	0.0003417129992
37792	0.003705192047
37793	0.004477277397
37794	0.003195704696
37795	0.001092278224
37796	0.001793049608
37797	0.007470628208
37798	0.002786689372
37799	0.002243043741
37800	0.005652632564
37801	0.002500625093
37802	0.000699644436
37803	0.0002345045506
37804	0.001980832379
37805	0.001457843563
37806	0.002308844897
37807	0.001381138788
37808	0.002604359629
37809	0.0008969549696
37810	0.001226389112
37811	0.0005067372606
37812	0.0001088370249
37813	0.0003741567798
37814	0.006893870822
37815	0.0003408256482
37816	0.001495014856
37817	0.0008232619673
37818	0.001611805453
37819	0.003621100809
37820	0.001513286459
37821	0.002144773467
37822	0.003992481973
37823	0.008170521017
37824	0.0001427845442
37825	0.0004275068122
37826	0.0005461087758
37827	0.002957868589
37828	0.001237305379
37829	0.0005416452235
37830	0.0005302888666
37831	0.002310509456
37832	0.0004840613862
37833	0.0005588039877
37834	0.005398086676
37835	0.0004001041878
37836	0.0001443205011
37837	0.000183482719
37838	6.284844198e-06
37839	0.00427488285
37840	0.001396952754
37841	0.0001707841445
37842	0.00019302653
37843	0.002831562452
37844	0.00198296804
37845	9.427807551e-05
37846	0.002832486891
37847	0.002020987111
37848	0.0009810067576
37849	5.417734531e-05
37850	0.001219762437
37851	0.001709847619
37852	5.959321937e-05
37853	0.002819578394
37854	0.003804026649
37855	0.008398743819
37856	0.002175077913
37857	0.001261203493
37858	0.003303709189
37859	0.001081205656
37860	0.004792320291
37861	0.0005271643179
37862	0.00147158222
37863	0.0008921073462
37864	0.000149956179
37865	0.001358187916
37866	0.001017029155
37867	0.006511810186
37868	0.001322810376
37869	0.0001873077748
37870	0.000440963812
37871	0.0006097297005
37872	0.0007444273318
37873	0.0006947215217
37874	0.001554796636
37875	0.001641541551
37876	0.001127899715
37877	0.001454964879
37878	0.0008050422984
37879	0.001115299171
37880	0.000569269824
37881	0.002890714948
37882	8.87572521e-05
37883	4.261717448e-05
37884	0.0003218259049
37885	0.0003826427992
37886	0.0003884427446
37887	0.0006914524359
37888	0.0003902987042
37889	0.0002145080876
37890	4.601438357e-05
37891	0.003710379191
37892	0.0001092089383
37893	0.0002192495766
37894	0.000266836253
37895	0.0005011769216
37896	0.001036592507
37897	0.00407822044
37898	0.003941213752
37899	8.520032102e-05
37900	0.0005898316732
37901	0.0008231732341
37902	0.0003980824323
37903	0.0002391419481
37904	0.001719627166
37905	0.00140091148
37906	0.0008467804616
37907	0.0006773991521
37908	0.001848844418
37909	0.0007544734086
37910	0.001727256943
37911	0.000564334062
37912	0.001838072497
37913	0.0028915185
37914	0.003474652321
37915	5.642762542e-05
37916	0.0002398150833
37917	0.001346159543
37918	0.0001338020035
37919	0.003698572009
37920	0.003564002251
37921	7.88982272e-05
37922	0.002168546424
37923	0.0003737206907
37924	0.0002818948457
37925	0.0006252529185
37926	0.0001581558315
37927	3.160574262e-05
37928	0.003437089839
37929	0.00680751704
37930	0.000698113386
37931	0.0009963920381
37932	0.002285213096
37933	0.0004156312476
37934	0.005993635798
37935	0.001461465071
37936	0.003546931269
37937	0.0003405630846
37938	6.117210292e-05
37939	0.0002474236129
37940	0.002038099223
37941	0.0001265229141
37942	0.0009387968327
37943	0.00104723128
37944	0.001579289936
37945	0.0002480760686
37946	0.002481128637
37947	0.000929831335
37948	0.001352701591
37949	0.0007880831325
37950	0.003157161387
37951	0.001075173964
37952	0.001774455493
37953	0.00155866569
37954	0.0006440439994
37955	0.00410080319
37956	0.0006340867514
37957	0.002133833038
37958	0.001650913555
37959	0.0007653054064
37960	0.0001853381609
37961	0.002712875243
37962	0.001886013258
37963	0.001703331307
37964	0.0001643967325
37965	0.001275652813
37966	0.00169697574
37967	0.0003015479994
37968	0.003542242829
37969	0.001003436279
37970	0.0003797276502
37971	0.0001341804437
37972	0.001278920417
37973	0.001304301696
37974	0.001130107271
37975	0.003506264424
37976	0.001796265369
37977	0.001119139614
37978	0.001892991482
37979	0.0006892358157
37980	0.004625006462
37981	0.002741628184
37982	0.003245462083
37983	0.0001845497162
37984	0.0001605718798
37985	0.003271767185
37986	0.003294408104
37987	0.0002204764129
37988	0.0003801791199
37989	0.001893716616
37990	0.0004663992809
37991	0.0003004363797
37992	0.001255106775
37993	0.001135512325
37994	0.00180844179
37995	7.404154487e-05
37996	0.00139223596
37997	0.0005657072768
37998	0.0002826046858
37999	3.924432547e-05
38000	0.0001209281016
38001	0.0003044912535
38002	0.005036612088
38003	6.615442367e-05
38004	0.0002049897719
38005	0.001452092351
38006	0.001186036129
38007	0.003789274784
38008	0.002756274159
38009	0.001601961326
38010	0.0006512322447
38011	0.0006246876181
38012	0.003664147025
38013	0.006787251656
38014	7.062476999e-05
38015	0.0009639801025
38016	0.0001253612808
38017	9.600534497e-07
38018	0.0002227379337
38019	0.001069778818
38020	0.0004798393502
38021	0.0002762799443
38022	0.0003089062944
38023	0.0008614756017
38024	0.0008057512937
38025	0.0001452765919
38026	0.001452630729
38027	0.000280327429
38028	0.0003440293881
38029	0.0003883158959
38030	0.001046553312
38031	8.057288726e-05
38032	0.0008237467822
38033	0.0009595717923
38034	0.004441694094
38035	0.0009944493667
38036	0.009670632475
38037	0.0001397166674
38038	0.001620184815
38039	0.0004458774359
38040	5.181231663e-05
38041	0.0006716598427
38042	0.000309064423
38043	5.087326123e-05
38044	7.822391105e-05
38045	0.00327219678
38046	0.001754868835
38047	0.001019166891
38048	0.0002860025097
38049	0.001426220519
38050	0.002632978469
38051	0.002380804865
38052	0.004564621147
38053	7.50741714e-05
38054	0.0001788616508
38055	0.00193962429
38056	0.000817172036
38057	0.0003319029167
38058	0.002439536592
38059	0.000471685918
38060	9.71239733e-05
38061	0.0005841646309
38062	0.004869709434
38063	0.0003270986786
38064	0.001003387061
38065	0.00233229274
38066	0.002440496641
38067	0.003081557381
38068	0.004247090704
38069	0.0007682494574
38070	3.706771148e-06
38071	0.002340105387
38072	0.0005644812443
38073	0.0007888680999
38074	0.001246718379
38075	0.000117156161
38076	0.002534449454
38077	2.0627074e-05
38078	7.543363947e-05
38079	0.0009913245784
38080	0.0003463801441
38081	0.0002081837461
38082	5.802731057e-05
38083	0.0004061584776
38084	0.0003796738379
38085	0.001068575323
38086	0.0007888819218
38087	0.0002636012681
38088	0.0004408617403
38089	0.0006389861079
38090	0.002596132687
38091	0.0001183583575
38092	0.005227360154
38093	0.0001395088744
38094	0.0009587856971
38095	0.0003004271119
38096	0.0004270083813
38097	0.002277079424
38098	0.004262103948
38099	0.004263736818
38100	0.002840288339
38101	0.001266345552
38102	0.002945107504
38103	0.0003462274569
38104	0.0109299016
38105	0.003568521043
38106	0.004161561211
38107	0.0040202845
38108	0.0005949986619
38109	0.0007961163677
38110	0.008791778901
38111	0.003920370813
38112	0.00035307195
38113	0.00644511201
38114	0.00271530849
38115	0.001780915888
38116	0.0003762654077
38117	0.006034833053
38118	0.001445499619
38119	0.001032259192
38120	0.008324644571
38121	0.001493089317
38122	0.002816821672
38123	0.006596960859
38124	0.003118274616
38125	0.002553463526
38126	0.0003600816591
38127	0.0002652334745
38128	0.001120607577
38129	0.0003528519038
38130	0.000368730936
38131	9.609114817e-05
38132	0.0004266576935
38133	0.001802899277
38134	0.003788987503
38135	0.003220714196
38136	0.004500768278
38137	0.0005874335787
38138	0.002079070145
38139	0.0009859527933
38140	0.002636042804
38141	0.003791633543
38142	0.0007447954672
38143	0.0002416063869
38144	0.001888461109
38145	0.0003529942727
38146	0.001180357879
38147	0.001170952553
38148	0.003877892132
38149	0.0001664884561
38150	0.003868046452
38151	0.001504818946
38152	0.0002345437262
38153	0.002090470573
38154	0.006624382357
38155	0.000528239009
38156	0.0001566030819
38157	0.0004931628347
38158	0.001778880091
38159	0.00203527182
38160	0.004163357288
38161	0.002238589444
38162	0.002567505896
38163	4.820684825e-05
38164	0.0110221667
38165	0.001228312124
38166	0.001412873308
38167	0.001746594094
38168	0.002762650396
38169	0.001698140936
38170	0.00176509172
38171	0.00167449093
38172	0.0015583927
38173	0.0007893241599
38174	0.004350570707
38175	0.0009653560312
38176	0.0007672596034
38177	0.004400553939
38178	0.0004032511698
38179	0.004941442963
38180	0.00153630168
38181	0.0009523250466
38182	0.0006365662774
38183	0.001652230812
38184	0.001678326845
38185	0.001218292737
38186	0.0004614887539
38187	0.00233274583
38188	0.004325597059
38189	0.004018440364
38190	0.005263485483
38191	0.006028238058
38192	0.0009620278665
38193	0.0002434473239
38194	0.001606344912
38195	0.003700482865
38196	0.001471280012
38197	0.0007703729638
38198	0.0003142471368
38199	0.003603458907
38200	0.0047291304
38201	0.004499629217
38202	0.00521119698
38203	0.0002492962308
38204	0.001200525879
38205	0.001556924136
38206	0.001194725114
38207	0.001795812287
38208	0.001170987046
38209	0.0001693950643
38210	0.004901220875
38211	0.0005401913756
38212	0.001675043996
38213	0.0006367650567
38214	0.002874122326
38215	0.002394517888
38216	0.0002838301221
38217	0.0006275313825
38218	0.0007341194782
38219	0.003164393484
38220	0.001221144454
38221	0.001073420652
38222	0.002333254551
38223	0.0004642694973
38224	0.003156051376
38225	0.001351998741
38226	0.003053169733
38227	0.0004417204023
38228	0.003650732144
38229	0.0007588396302
38230	0.000936529463
38231	0.0002240667163
38232	0.002666696494
38233	0.0001402839674
38234	0.0003256118089
38235	0.001560004235
38236	0.0009385219369
38237	0.003347534995
38238	0.001828646299
38239	0.002361318951
38240	0.001349198712
38241	0.0001717755781
38242	0.001921936718
38243	0.0009569517549
38244	0.002525133921
38245	0.003681429584
38246	0.00139891462
38247	0.0003583810829
38248	0.00202646721
38249	0.001858373658
38250	0.001970514915
38251	0.0002567417662
38252	8.085428334e-06
38253	0.000851192075
38254	0.001710359573
38255	0.005048668711
38256	0.001920983325
38257	0.0009950298584
38258	0.002710831931
38259	0.0009700436703
38260	0.002980022549
38261	0.001118855913
38262	0.002249965701
38263	0.004675151609
38264	0.0003342452304
38265	0.0001144251693
38266	0.004216265045
38267	0.002995928213
38268	0.001885589541
38269	0.001134588382
38270	0.003043429336
38271	0.002528806818
38272	0.004650992288
38273	0.005573281798
38274	0.002394303943
38275	0.001312257885
38276	0.0003638130959
38277	0.0003037040581
38278	0.0001866545039
38279	0.001914083141
38280	0.002238265856
38281	0.001439433785
38282	0.002252191364
38283	0.0005455405941
38284	0.001368686923
38285	0.005704675821
38286	0.002723026228
38287	0.0009536514162
38288	0.001290306231
38289	4.682263358e-05
38290	0.002635276073
38291	0.001002798025
38292	0.00142188053
38293	0.002386080849
38294	0.002469051706
38295	0.001932894553
38296	0.004473964132
38297	0.0004235678033
38298	0.001991673011
38299	0.001927596607
38300	0.0007821626888
38301	0.0004451883429
38302	0.004040578809
38303	0.0003695147802
38304	0.0005428755939
38305	0.001069010204
38306	0.00305459751
38307	0.000355774721
38308	0.001023738099
38309	0.005120357505
38310	0.00267234853
38311	0.0006510792603
38312	0.0002392176417
38313	9.832045539e-05
38314	7.691450387e-05
38315	0.001053096008
38316	0.000681536922
38317	0.0007682018649
38318	0.004256187616
38319	0.002093041551
38320	4.231625893e-06
38321	0.001154145109
38322	0.006020388567
38323	0.002618478484
38324	0.003577942999
38325	0.004212091736
38326	0.0004874760173
38327	0.003111871798
38328	0.0002384953306
38329	0.007031480663
38330	0.003043634371
38331	0.004808348811
38332	0.0003796304289
38333	0.0007347509902
38334	0.001039835067
38335	0.003074234184
38336	0.001412363929
38337	0.0007873531183
38338	0.0007500693395
38339	0.0009268599546
38340	0.003028140039
38341	0.001559018062
38342	0.0004114826948
38343	0.001322697597
38344	0.003177227824
38345	0.000387546072
38346	0.001420443486
38347	0.0008702380527
38348	0.004591865017
38349	0.001704348954
38350	0.0003299736824
38351	0.0002740268235
38352	0.001525856358
38353	0.0002192545574
38354	0.003410339801
38355	0.005200288957
38356	0.0001803995229
38357	0.00119809235
38358	0.001949576583
38359	0.002194505967
38360	0.004792023973
38361	0.001025644038
38362	0.0001405634366
38363	0.001075118789
38364	0.004106175928
38365	0.0001165364102
38366	0.0008575892945
38367	0.001045806265
38368	0.0007279149183
38369	0.0003131795097
38370	0.00322343017
38371	1.149957601e-05
38372	0.0003818249865
38373	0.002003622501
38374	0.0005796768356
38375	0.0002672643156
38376	0.0002937688091
38377	0.0003646585939
38378	0.0002574868458
38379	0.002887447225
38380	0.000225439545
38381	0.0003353540675
38382	0.0004349339495
38383	0.002843436338
38384	0.0008113713434
38385	0.0009150225234
38386	0.002772606449
38387	0.003034221822
38388	0.0002442568308
38389	0.0002263325073
38390	3.1066318e-05
38391	0.007887711986
38392	0.0003230543858
38393	0.00649349687
38394	0.002737392571
38395	0.002108849701
38396	0.004749344503
38397	0.0007738501323
38398	0.0007108855433
38399	0.002495677784
38400	0.002854782297
38401	5.511207979e-05
38402	0.001708759843
38403	0.0003499926653
38404	0.003333583193
38405	0.0006453631111
38406	0.004052975799
38407	0.001411979784
38408	0.001171088814
38409	0.004942542103
38410	8.615784697e-05
38411	0.001082927558
38412	5.021758531e-05
38413	0.001114430182
38414	0.001412762173
38415	0.000741128864
38416	0.0003207491056
38417	0.004908585002
38418	2.443941966e-05
38419	9.110899035e-05
38420	0.0009721100383
38421	0.0002795599681
38422	2.404020777e-05
38423	0.0003103243233
38424	7.432384967e-05
38425	0.002090267518
38426	0.0002211469797
38427	0.000852569053
38428	0.004470291886
38429	0.0005497275473
38430	0.001837474379
38431	0.006283867901
38432	0.004838429449
38433	0.005496349808
38434	0.0006717554329
38435	0.001050237093
38436	0.001397420504
38437	0.000326601707
38438	0.004002175741
38439	0.003453314032
38440	0.0007459374931
38441	0.003870544732
38442	0.005785738851
38443	2.116066508e-05
38444	0.001716478963
38445	0.001907693972
38446	2.968623567e-05
38447	0.0002129245659
38448	0.003678237702
38449	7.810342859e-05
38450	0.0007886762894
38451	0.002794904091
38452	0.0008043917662
38453	0.0002650883724
38454	0.003409869592
38455	0.002184749304
38456	0.0004068910574
38457	0.002302405427
38458	0.002843122427
38459	0.001555020107
38460	0.0006365158731
38461	0.002076031344
38462	0.001322134777
38463	0.00103930211
38464	0.001595649443
38465	0.001096902547
38466	0.0002300592618
38467	0.001080968273
38468	0.002613793005
38469	0.001412305088
38470	0.003147172543
38471	0.0007385907711
38472	0.0003717783137
38473	0.001229822548
38474	0.002347237365
38475	0.002462308541
38476	0.002921154256
38477	0.00179936104
38478	0.001566154176
38479	0.002566554753
38480	0.0001205746297
38481	0.0009667629237
38482	0.005627712275
38483	5.617917519e-05
38484	0.0001119712688
38485	0.001018687834
38486	0.00190617498
38487	0.0006811150008
38488	0.0003639867692
38489	7.567878196e-05
38490	0.003243139256
38491	0.002376208935
38492	0.0004618643976
38493	0.002797675918
38494	0.003372879736
38495	0.0002872405022
38496	0.003077941113
38497	0.001834059859
38498	0.003938678656
38499	0.003617817596
38500	0.0018006006
38501	0.0008445993426
38502	0.000310594957
38503	0.002155261766
38504	0.003384454218
38505	0.001155661385
38506	0.002036472272
38507	0.002021223696
38508	0.001497763556
38509	0.0002985251794
38510	0.0009368178644
38511	0.0001701795271
38512	0.003062340415
38513	0.0005886945484
38514	0.0008625345683
38515	0.001551876505
38516	4.485324453e-05
38517	0.0005963902394
38518	0.002545757635
38519	0.002837006124
38520	0.005021853554
38521	0.005358964669
38522	0.007455714801
38523	0.001710844174
38524	0.002075646809
38525	0.0007331538014
38526	0.0007978671009
38527	0.004174704272
38528	0.001602084126
38529	0.003013827253
38530	0.005909021271
38531	0.001184164399
38532	0.002999936509
38533	0.002437102347
38534	0.004693407942
38535	0.002000133326
38536	0.0009995150836
38537	0.0002575235891
38538	0.001248323054
38539	0.001667273751
38540	0.0008473887512
38541	0.002668042081
38542	0.004388213576
38543	0.0008042257788
38544	0.003994947317
38545	0.00186666519
38546	0.0001829476633
38547	0.003437898338
38548	0.001966899589
38549	0.0012220813
38550	0.00230032673
38551	0.005937381706
38552	0.0005760847843
38553	0.001270981188
38554	0.0003342489726
38555	0.002364492185
38556	0.0001174057871
38557	0.001119620644
38558	0.00202550342
38559	0.0008914021024
38560	0.0001669167097
38561	0.0001695719219
38562	0.0005049829058
38563	0.0006220144995
38564	0.003828753212
38565	0.001299076184
38566	0.001904835128
38567	0.001185176123
38568	0.001716305875
38569	0.001333460963
38570	0.001011984509
38571	0.0006253380262
38572	0.0003550752187
38573	0.000426077381
38574	0.0009725716891
38575	0.004381035452
38576	0.00560584567
38577	0.005090777389
38578	0.005002758377
38579	0.001270182314
38580	0.003850364421
38581	0.002743253843
38582	0.0002819458693
38583	0.001609204099
38584	0.003146339331
38585	0.0006398155282
38586	0.0007763590967
38587	7.175510062e-05
38588	0.003061708221
38589	0.0006209783097
38590	0.001564228878
38591	0.00488808375
38592	0.0003833966402
38593	0.001705172012
38594	0.0005068879462
38595	0.002546155927
38596	0.001667329588
38597	0.002992909418
38598	0.000701128154
38599	0.0001881069015
38600	0.0006511225164
38601	0.001628286127
38602	0.0001183097109
38603	0.001932385789
38604	0.003407869402
38605	0.001852457323
38606	0.001427611713
38607	0.002798958521
38608	0.0003034625717
38609	8.683665847e-05
38610	0.001766138299
38611	0.0004811080704
38612	9.861072885e-05
38613	0.0003880710084
38614	0.0009169286094
38615	0.004735627731
38616	0.0001167331189
38617	0.0001759542948
38618	0.001355771659
38619	0.0009544621118
38620	0.00145946971
38621	0.0009950535795
38622	0.000307263986
38623	0.0004761250059
38624	0.0001252980517
38625	0.0002492897505
38626	0.0001446656512
38627	0.0002461451738
38628	0.0003670331849
38629	0.002874980824
38630	0.0009539875333
38631	0.0004427650361
38632	4.353459421e-05
38633	0.004160678658
38634	8.685481004e-05
38635	0.0005349999591
38636	0.000196331633
38637	0.002055510399
38638	0.0002926460371
38639	0.0002807648282
38640	2.005853589e-05
38641	0.003674169851
38642	0.0005188124216
38643	0.0008313471944
38644	0.001254148007
38645	0.0002927990146
38646	0.0003136106118
38647	5.111736607e-05
38648	0.001435727232
38649	5.093194353e-05
38650	0.0005661192738
38651	0.003474837596
38652	0.0002278045671
38653	0.00353241757
38654	1.48664479e-05
38655	0.0009129023336
38656	8.201316931e-05
38657	0.002658274306
38658	0.001997557533
38659	0.0003115610331
38660	0.0001449606066
38661	0.0002567930886
38662	0.0008097469152
38663	0.001020705138
38664	0.000411355748
38665	0.0002530513044
38666	9.333022875e-05
38667	0.0002603861352
38668	0.0004349389707
38669	0.002289983236
38670	0.0001675917007
38671	0.0004503029226
38672	0.0002475628841
38673	8.646280144e-05
38674	1.907828324e-05
38675	0.0001313286182
38676	0.0001244469834
38677	0.001189903932
38678	0.001187980665
38679	0.0001873882845
38680	0.001102498524
38681	0.0008489197349
38682	4.40401435e-05
38683	0.0003114267843
38684	0.0001071978536
38685	4.063301273e-05
38686	0.0002587593113
38687	0.0001102413508
38688	0.0003684909801
38689	0.000176700749
38690	0.0006626699603
38691	0.0002111215729
38692	2.770392321e-05
38693	0.003119627901
38694	0.0006490658021
38695	0.0007125820026
38696	0.0005031670218
38697	5.215453135e-05
38698	5.342946372e-05
38699	0.0002821685526
38700	0.0003988541621
38701	0.0008707134944
38702	0.003747472468
38703	0.001328883614
38704	0.0006673760074
38705	0.0001941777102
38706	0.0002864569688
38707	2.280706958e-05
38708	4.696893243e-05
38709	0.0001389709666
38710	0.002816082102
38711	0.0008058900238
38712	0.0003520819156
38713	0.0001984156769
38714	0.005961972442
38715	0.001531262996
38716	0.0009232156221
38717	0.001019144142
38718	0.0001791119761
38719	0.0001150254245
38720	0.0003424401614
38721	0.0001807252425
38722	0.001920295358
38723	0.001568530515
38724	0.0004653988281
38725	0.0002108658878
38726	0.0001589820835
38727	0.0004347720078
38728	0.002645171891
38729	0.0005384818515
38730	0.0009797861925
38731	6.130819898e-05
38732	0.001045877915
38733	0.001463933266
38734	4.44841256e-05
38735	0.0004116334439
38736	0.0005890576018
38737	8.601705942e-05
38738	0.0002355552935
38739	0.0009145507063
38740	0.0003251027957
38741	0.00036260308
38742	6.918893245e-05
38743	0.001056618744
38744	0.0004539611628
38745	0.0002113341041
38746	0.0006779571497
38747	0.0004029452352
38748	0.0005267693104
38749	0.0002772167941
38750	0.0007955133228
38751	4.158282312e-05
38752	0.0001219685345
38753	0.0007817727589
38754	0.00147715421
38755	0.0007387899262
38756	0.002093964208
38757	0.0002358224841
38758	4.954127725e-05
38759	0.0009904448449
38760	0.0001616870215
38761	0.0001297099493
38762	0.004672013342
38763	0.0001961459332
38764	0.0004819335973
38765	0.00260228056
38766	0.003146811296
38767	0.0005997005539
38768	0.004061671995
38769	0.0004526351141
38770	0.0002146474342
38771	0.002004542029
38772	0.0005894829613
38773	0.0009359520288
38774	0.001019831407
38775	0.0009584776514
38776	0.0002684615553
38777	0.0004888754162
38778	0.001701560843
38779	0.0001163426842
38780	0.003851475771
38781	0.001676486127
38782	0.001112973314
38783	0.0003101030195
38784	0.000372408969
38785	0.001025525054
38786	0.005781892453
38787	0.0004583828118
38788	0.0007103571406
38789	0.001106102323
38790	0.0002882051368
38791	0.0004792650008
38792	0.001987408493
38793	0.0005112491123
38794	0.00218177497
38795	0.0002464411158
38796	0.007654635372
38797	0.0005641308706
38798	0.0005783891476
38799	0.002295073621
38800	0.001726278729
38801	0.0004208301596
38802	0.0003280644209
38803	0.0007922634327
38804	0.001192742579
38805	0.003568359814
38806	0.001659745597
38807	0.0001267915423
38808	0.0002404357849
38809	0.005535435355
38810	0.0003661116793
38811	0.0005636152406
38812	3.006311004e-05
38813	0.004635605015
38814	0.0009388741737
38815	0.0001647677632
38816	3.912414804e-05
38817	0.0005613230079
38818	0.0006020768739
38819	0.003342669064
38820	0.001129576727
38821	0.0001534749925
38822	0.0002796961049
38823	0.0008252809655
38824	0.0001917701085
38825	0.000219562165
38826	0.0003502077457
38827	0.0002286865652
38828	0.0002646173181
38829	0.0004309263554
38830	0.0001455937433
38831	0.000885382191
38832	0.00148497772
38833	0.0001326540081
38834	0.0002142946645
38835	8.784060546e-05
38836	0.005095583058
38837	0.0003038971192
38838	0.002533786578
38839	0.001112905263
38840	0.000817744259
38841	0.0002445767311
38842	0.0008378984386
38843	9.779283848e-05
38844	0.0004421674152
38845	0.002535968219
38846	0.0009203065885
38847	0.0001519197271
38848	0.005411980118
38849	6.281506003e-05
38850	0.0002724670997
38851	0.001954362579
38852	0.0003412579407
38853	0.0007738650275
38854	0.0001882691674
38855	0.00282811242
38856	0.0006552393661
38857	0.002472965999
38858	3.020992562e-05
38859	0.0007208899775
38860	0.0007117049052
38861	0.001205855578
38862	0.0001387626326
38863	0.0004431217978
38864	0.0002254078933
38865	0.001783372436
38866	0.001122075125
38867	0.0001288686607
38868	0.0003893932126
38869	0.0003269175766
38870	0.0002495763782
38871	6.834483875e-05
38872	0.0003766985191
38873	5.131510228e-05
38874	2.956340887e-05
38875	0.0002521585336
38876	0.0001418814691
38877	0.001916349067
38878	0.002074276356
38879	0.001438899226
38880	0.0004883876297
38881	0.0004573210292
38882	0.0001271102611
38883	0.0006528659961
38884	0.0003335938338
38885	0.002609687727
38886	0.001429962927
38887	0.0008425279192
38888	0.0003244518266
38889	0.0008207235202
38890	0.0006514665023
38891	0.0006384519907
38892	0.0008218903323
38893	3.431785232e-05
38894	0.0001972201531
38895	0.0003790574488
38896	0.0009731560938
38897	0.00101375607
38898	0.000430718049
38899	0.001177103604
38900	0.0003737821787
38901	0.0009882653908
38902	0.0008194755141
38903	0.0007838994253
38904	0.00035963179
38905	0.000236764576
38906	0.0009026899845
38907	0.0005375373705
38908	3.871396816e-05
38909	0.0003524314879
38910	0.0005280077133
38911	0.002066239501
38912	0.0007460971412
38913	0.0003547227948
38914	0.001484899693
38915	0.0003459597504
38916	0.0009259456995
38917	0.0003524049421
38918	0.004573073837
38919	0.002616030071
38920	0.003322933274
38921	0.000201734338
38922	0.0005619393849
38923	0.001018139245
38924	0.001358452211
38925	0.002375071215
38926	0.0005802259211
38927	0.00100078061
38928	0.000213384025
38929	0.001004066667
38930	0.000514353858
38931	0.0004186389389
38932	0.0004674166413
38933	0.0006634072175
38934	0.0009324072604
38935	0.000371702099
38936	0.001837296044
38937	0.0003159518507
38938	0.001829110049
38939	0.001367973542
38940	0.002229687299
38941	0.002616006153
38942	0.004296237037
38943	0.001901090708
38944	0.001549822495
38945	0.002325284506
38946	0.001680490653
38947	0.0005094409872
38948	0.0003356180869
38949	0.001559796322
38950	0.0003844235745
38951	0.0001510530115
38952	1.661906585e-05
38953	0.0002956466483
38954	0.0003803936518
38955	0.0005034714453
38956	0.0008650828416
38957	0.0009097855306
38958	0.0004939066543
38959	0.0002754913486
38960	0.0009582579788
38961	0.001181168761
38962	0.0006473065592
38963	0.0002550622824
38964	0.0006501036332
38965	0.000212528476
38966	0.0007043674085
38967	0.0005649643004
38968	0.001437396272
38969	0.00167182787
38970	2.107007924e-05
38971	0.004314132695
38972	0.002074751993
38973	0.001230479735
38974	0.0004866289696
38975	0.003607186592
38976	0.0008354243698
38977	0.0008079486427
38978	0.0002143802464
38979	0.002983256497
38980	0.001374528306
38981	0.0002709581336
38982	0.0006460151832
38983	0.0006051129294
38984	0.002958327887
38985	0.003531534236
38986	0.0002086947265
38987	0.00344271258
38988	0.0013417781
38989	0.003985468334
38990	0.003000311788
38991	0.001228502317
38992	0.003212421065
38993	0.0005734521056
38994	0.004974098204
38995	0.003314016985
38996	0.0008603513932
38997	0.002294811894
38998	0.007561349175
38999	0.001940359784
39000	0.002013939406
39001	0.004338211562
39002	0.0002136040587
39003	9.158771733e-05
39004	0.0003599863746
39005	1.956804142e-05
39006	2.474112863e-05
39007	0.001089551155
39008	0.001332485656
39009	9.499054296e-05
39010	0.0001860419116
39011	0.0001945105019
39012	0.001792242986
39013	0.0001318044199
39014	0.0002481157721
39015	0.000381552263
39016	0.000393158837
39017	0.0001930539212
39018	0.000168909359
39019	0.002807993383
39020	0.001395042121
39021	0.002789417211
39022	0.004266701981
39023	5.693697792e-05
39024	0.0005737320148
39025	0.003348702671
39026	0.0002100623365
39027	0.0009846329523
39028	0.001691276532
39029	0.00131456973
39030	0.004881257705
39031	0.002222072363
39032	0.008290712376
39033	0.003097106452
39034	0.001002422016
39035	0.001262940528
39036	0.003273184825
39037	0.003247212668
39038	0.002314498662
39039	0.00398558293
39040	0.001389459632
39041	0.0005362889555
39042	0.001151132526
39043	0.001384800186
39044	0.0002273144835
39045	0.004366772572
39046	0.002298066679
39047	0.0008160382977
39048	0.003052461612
39049	0.001936572149
39050	0.00439260834
39051	0.003728659481
39052	0.001636392046
39053	0.00203237535
39054	0.001999529059
39055	0.001520272601
39056	0.002166514388
39057	0.0005480980052
39058	0.0002826697444
39059	0.004442919634
39060	0.00136931025
39061	0.0004897371125
39062	0.003029874887
39063	0.001349817822
39064	0.0004298552205
39065	0.005636236891
39066	0.003559601521
39067	0.003051901231
39068	0.002956298875
39069	0.0006387458019
39070	0.003044933971
39071	0.0002702619213
39072	0.0009013502705
39073	0.0002651076514
39074	0.002823140658
39075	0.0002054358745
39076	0.002723464822
39077	0.0007151126055
39078	0.0009583418397
39079	0.002934199788
39080	0.001530716132
39081	0.001263219411
39082	0.001071692723
39083	0.003744964529
39084	0.004722349535
39085	0.0005202254022
39086	0.0009600778469
39087	0.004529886399
39088	0.002339075087
39089	0.001153669317
39090	0.002240888127
39091	0.0009337263624
39092	0.002273874136
39093	0.002593391318
39094	0.003851503894
39095	0.00027712231
39096	0.004286841877
39097	0.0005469620103
39098	0.005680199799
39099	0.0003233626698
39100	0.001264916777
39101	0.00154805715
39102	0.0002919837397
39103	0.001205702228
39104	0.001803369116
39105	4.599797716e-05
39106	0.001535028024
39107	4.097105366e-06
39108	0.002550003608
39109	0.0007420415208
39110	0.000129852996
39111	0.00779771123
39112	0.0008855916933
39113	4.449504163e-05
39114	0.0002955625233
39115	0.001808088068
39116	0.0001065080892
39117	0.0005470754622
39118	0.0008150846067
39119	0.0002496055118
39120	0.0002223806675
39121	0.0005071711386
39122	0.0006986095525
39123	0.0004492313655
39124	0.003185780347
39125	0.00231945051
39126	0.0001128911146
39127	0.001461003084
39128	0.0006823518224
39129	0.0002253776938
39130	0.0004866748453
39131	0.003404258518
39132	0.001120528838
39133	0.0001627971658
39134	0.002368749921
39135	0.0005474815062
39136	0.0001427802373
39137	0.0008933457027
39138	0.0002368677856
39139	0.001757972066
39140	0.0003826647341
39141	7.321702841e-05
39142	0.0002816653287
39143	0.0004580556352
39144	0.0005021469223
39145	0.0002253475807
39146	0.006596236421
39147	0.0001199757429
39148	0.001057069224
39149	6.397692343e-05
39150	0.002402844819
39151	0.0009661482707
39152	3.061584562e-05
39153	0.0003399404311
39154	0.0002152945384
39155	0.0002473650594
39156	0.0001287298003
39157	0.0002479264922
39158	6.037971564e-05
39159	0.0001579474335
39160	0.0004622117136
39161	9.780791567e-05
39162	0.0007175506463
39163	0.0002852600777
39164	0.0002737302615
39165	0.0007142954134
39166	0.005578971261
39167	0.0001084761286
39168	0.0003932866684
39169	6.189920592e-05
39170	0.0006809235279
39171	0.0003268169095
39172	0.0002003923003
39173	0.0001816630691
39174	0.0002312121371
39175	0.0001992081481
39176	4.285161276e-05
39177	0.0001269058343
39178	0.0005642709559
39179	0.0001493375481
39180	0.0004559899283
39181	0.0001923923003
39182	0.002754225685
39183	0.0005709066369
39184	0.000486697889
39185	0.004043733826
39186	0.002762874434
39187	2.547748515e-06
39188	8.742871714e-06
39189	0.003659514669
39190	0.0002367299674
39191	0.001719927369
39192	0.0003342682283
39193	0.0002828210499
39194	0.0001565245878
39195	0.0003524588769
39196	0.0007476232813
39197	0.0002684813707
39198	0.001238873865
39199	0.0004251998969
39200	0.0006127501192
39201	0.0004028338967
39202	0.002112800504
39203	0.00402012098
39204	0.0006497735765
39205	0.002631490132
39206	0.0002950760161
39207	0.00175518182
39208	0.001584359349
39209	2.731464279e-05
39210	0.0001146607351
39211	0.0034138458
39212	0.0006062020933
39213	0.002182340781
39214	0.0006327948006
39215	0.002951866652
39216	0.002228704012
39217	0.0006147234527
39218	0.0001077853929
39219	0.0002513175616
39220	0.002092690108
39221	0.001910177828
39222	0.0001904176497
39223	1.738880711e-05
39224	0.0004468411088
39225	0.0002608921504
39226	1.932639734e-05
39227	0.00128474313
39228	0.0002452606728
39229	0.0004416728106
39230	0.003505447481
39231	0.0006308150063
39232	0.006115052631
39233	0.0005440271625
39234	0.002889421052
39235	0.001525905263
39236	0.001414450128
39237	0.001396203881
39238	0.0008608356148
39239	0.0007531770163
39240	3.375505271e-05
39241	0.001022085462
39242	0.001923576073
39243	0.0001598262953
39244	0.006432820875
39245	0.007310922507
39246	0.0003953618409
39247	0.0001526974247
39248	0.0002593877633
39249	2.383762269e-05
39250	0.0008293673636
39251	0.000515457447
39252	0.0002322061126
39253	0.002113049573
39254	0.005112529256
39255	4.9661868e-06
39256	0.0006489399939
39257	0.002264476228
39258	0.001288939097
39259	0.0005327191525
39260	0.001239547321
39261	0.004920359288
39262	8.019570166e-06
39263	0.0007390278583
39264	0.0003442797721
39265	0.0004078460973
39266	0.0001902992519
39267	0.0001281401597
39268	9.988012143e-05
39269	0.0002140613618
39270	9.850428001e-05
39271	0.0001657661239
39272	0.0007509715532
39273	0.0005965793334
39274	8.813093606e-05
39275	0.004182419629
39276	0.0001703818714
39277	0.0004444610498
39278	1.316530327e-05
39279	0.000478701625
39280	6.107242226e-05
39281	0.0008431468588
39282	0.001365286652
39283	0.0009895596719
39284	0.001220248908
39285	0.0001006871684
39286	0.0005809784478
39287	0.0002370431181
39288	0.001380354569
39289	0.001296588044
39290	9.396938616e-06
39291	0.000735843117
39292	0.0009366660437
39293	0.0001729324806
39294	0.002705488603
39295	0.00260428196
39296	0.001391370125
39297	0.001250356346
39298	0.001780963173
39299	0.000413871848
39300	4.525260823e-05
39301	0.001730793007
39302	0.006906454868
39303	0.001771773582
39304	0.002885607732
39305	0.0005423925049
39306	0.0002091223739
39307	0.000445273485
39308	0.002083840993
39309	3.073432536e-05
39310	0.0003389343957
39311	0.0002253329156
39312	0.001953984678
39313	0.002424281034
39314	0.0002983462154
39315	0.001097766386
39316	1.421565281e-05
39317	0.0003727826859
39318	0.005490169205
39319	0.002300819804
39320	0.0007553799437
39321	0.00239755744
39322	0.0002374255482
39323	0.002155038977
39324	0.000600819288
39325	0.00135208545
39326	0.0008173106727
39327	8.071295485e-05
39328	0.000809497767
39329	0.002599416885
39330	0.003547095995
39331	0.00175158669
39332	0.001444672485
39333	0.0001053972285
39334	4.943605413e-05
39335	1.520086317e-05
39336	0.0005401361053
39337	0.0004109526819
39338	0.0009450716974
39339	0.0006786868675
39340	0.0001180822335
39341	0.003281564018
39342	8.800792074e-05
39343	0.003649005725
39344	0.00331730415
39345	0.0005019588205
39346	0.000735522365
39347	0.00683705927
39348	0.001960349081
39349	0.0004833587229
39350	0.002865431236
39351	0.0007037352431
39352	0.00101900857
39353	0.002923844214
39354	0.0001545952838
39355	0.0009206791386
39356	0.0003993098707
39357	0.002147143404
39358	2.396368944e-05
39359	0.0001438246662
39360	0.0002663617076
39361	0.0001608725737
39362	0.003196887361
39363	0.001002042032
39364	0.002513464864
39365	0.001786499339
39366	0.006914066702
39367	0
39368	0.000729406039
39369	0.004730222375
39370	0.0007346331734
39371	0.003405896214
39372	0.0003609275237
39373	0.005981641367
39374	1.793535773e-05
39375	0.00561948959
39376	0.003419539869
39377	0.003612446078
39378	0.002137842608
39379	0.0004532891503
39380	0.003391962881
39381	0.0002042245162
39382	0.003214536424
39383	0.002699045849
39384	0.002037523722
39385	0.003908283082
39386	0.0003626316835
39387	0.001441199749
39388	0.001800929216
39389	0.0009406948919
39390	0.0008906859809
39391	0.0009152349792
39392	0.001768606574
39393	0.003382874089
39394	0.00204511585
39395	0.002076537281
39396	0.0005041327939
39397	0.003456377092
39398	0.0008103133899
39399	0.001552021812
39400	0.001295359484
39401	0.0009648457771
39402	0.001748507077
39403	0.003569388722
39404	0.00181786573
39405	0.002559978803
39406	0.005306469188
39407	0.006673759627
39408	0.0008114858607
39409	0.003962430764
39410	0.004077431424
39411	0.0009742935616
39412	0.002442920202
39413	0.0008043507039
39414	0.002221275257
39415	0.001976591764
39416	0.004235314032
39417	0.002826877527
39418	0.003360647587
39419	0.002888126624
39420	0.001377632217
39421	0.0004742999803
39422	0.001622511997
39423	0.001687313647
39424	0.00386448931
39425	0.0005758272782
39426	0.001801879445
39427	0.001568238651
39428	0.0009715051825
39429	0.0009040053916
39430	0.003581976895
39431	0.0002562724895
39432	0.001112641824
39433	0.002146711713
39434	0.003073812676
39435	0.003245670843
39436	0.0002273236073
39437	0.002048775371
39438	0.001994645302
39439	0.002156608317
39440	0.003639736453
39441	0.0002807304994
39442	0.0008706307835
39443	0.004406066089
39444	0.001050271271
39445	0.001592792289
39446	0.00119443962
39447	0.0006722836304
39448	0.0006586222134
39449	0.002880594988
39450	0.001816539553
39451	0.001563408572
39452	0.0009358641912
39453	0.001689144108
39454	0.001452522699
39455	0.0002384908934
39456	0.004178108842
39457	0.001476390852
39458	0.0009772108275
39459	0.001192467596
39460	0.0006403869745
39461	0.002607843655
39462	0.002488155649
39463	0.000334475281
39464	0.0004466843201
39465	0.003117193807
39466	0.002516323668
39467	0.0003175910109
39468	0.003722753205
39469	0.001169387686
39470	0.002459241645
39471	0.0005048797092
39472	0.000372038709
39473	0.003662546664
39474	0.001119234391
39475	0.005098736958
39476	0.007926991919
39477	0.0004412920932
39478	0.003790459554
39479	0.001890003637
39480	0.004067645542
39481	0.003130821439
39482	0.0008023059696
39483	0.002279170543
39484	0.002503518449
39485	0.001796738441
39486	0.001240931228
39487	0.002194989452
39488	0.001999238866
39489	0.005450653052
39490	0.001935783248
39491	0.001288015905
39492	0.002349696834
39493	0.002331083103
39494	0.001274405992
39495	0.0004014564696
39496	0.006517876913
39497	0.0005316108849
39498	0.001782382766
39499	0.004744997871
39500	0.001047603098
39501	0.004820272841
39502	0.003211923292
39503	0.001269334161
39504	0.001501348795
39505	0.003966819235
39506	0.005537594202
39507	0.004271843667
39508	0.0074468629
39509	0.0003764818631
39510	0.0001446157155
39511	0.001777049767
39512	0.0009382934878
39513	0.0008744318886
39514	0.0002815670962
39515	0.001942376592
39516	0.001192843021
39517	0.003884103897
39518	0.003624303433
39519	0.001762849887
39520	0.0002730115401
39521	0.001966023446
39522	0.00339070097
39523	0.001518232325
39524	0.0003176830004
39525	0.007092264801
39526	0.00131806001
39527	0.001495559522
39528	0.002119311481
39529	0.003750561709
39530	0.003237258204
39531	0.004588025226
39532	0.004543429468
39533	0.002441567095
39534	0.0004414847067
39535	0.004335567355
39536	0.006109713943
39537	0.0008003495117
39538	0.007737063014
39539	0.004005956313
39540	0.004499630243
39541	0.0005366619839
39542	0.001269634928
39543	0.002502080906
39544	0.001602199083
39545	0.001068320123
39546	0.0008373448762
39547	0.0002485982258
39548	0.0003262668599
39549	0.005034272812
39550	0.00190942468
39551	0.001807461292
39552	0.004921952073
39553	0.002187233043
39554	8.730247804e-05
39555	0.001701141978
39556	0.0003409797828
39557	0.007685530354
39558	0.001459059085
39559	0.001274781183
39560	0.0003380031926
39561	0.003181813629
39562	0.001350430292
39563	0.005611868464
39564	0.003578504115
39565	0.001445621592
39566	0.001716741422
39567	0.001490718157
39568	0.0031586833
39569	0.0005795068205
39570	0.003638139107
39571	0.001023425764
39572	0.002550890444
39573	0.004159043659
39574	0.0008393097747
39575	0.001433286608
39576	0.00133268394
39577	0.004499719931
39578	0.002634733525
39579	0.000127543896
39580	0.0002515895543
39581	0.003110714599
39582	0.001125910467
39583	3.01931019e-05
39584	0.007155783611
39585	0.003314668252
39586	0.006139586773
39587	0.004106861118
39588	0.006405946239
39589	0.00260642971
39590	0.0006834288717
39591	0.007939740152
39592	0.003010272261
39593	0.003615330903
39594	0.004730942637
39595	0.0007488853274
39596	0.002292663216
39597	0.003660399888
39598	0.0005413840021
39599	0.00264846342
39600	0.003785245157
39601	0.004791779689
39602	0.007188595355
39603	0.002641690368
39604	0.002692506188
39605	0.005229991817
39606	0.001605684056
39607	0.002376949648
39608	0.00134830268
39609	0.001432906934
39610	0.003489652702
39611	0.001905784445
39612	0.001156955081
39613	0.002675317241
39614	0.00376325203
39615	0.003086164639
39616	0.002238634857
39617	0.0003430379012
39618	0.0003839543829
39619	0.0003455346817
39620	0.002021101568
39621	0.004685418347
39622	0.004722180202
39623	0.000938983849
39624	0.001055537589
39625	9.170740822e-05
39626	0.008459955868
39627	0.002608806614
39628	0.001341094099
39629	0.001000505197
39630	3.963092614e-05
39631	6.694862775e-05
39632	0.004911734791
39633	0.004781703676
39634	0.0004362201866
39635	0.0007737117114
39636	0.002398806003
39637	0.003548221901
39638	0.002120647953
39639	0.0001146222082
39640	0.000696721816
39641	0.003085151658
39642	0.001274757339
39643	0.0004712731942
39644	0.002085865277
39645	0.0003729747647
39646	0.001242842278
39647	0.002891797241
39648	0.000506842033
39649	0.0006659513425
39650	0.001720717365
39651	0.00296263052
39652	0.00359849409
39653	0.00168656051
39654	0.0004638833811
39655	0.002092062551
39656	0.0002805655975
39657	0.0009375320129
39658	0.0006339514672
39659	0.001621032967
39660	0.0004994303716
39661	0.0004654021751
39662	0.002805268914
39663	0.002789535461
39664	0.002345277372
39665	0.0002845251888
39666	0.0008750982475
39667	0.0005148039837
39668	0.0005899402297
39669	0.0009311885077
39670	0.0006809252326
39671	0.002405363273
39672	0.0004852184331
39673	0.000476785815
39674	0.0006129824597
39675	0.0001602566758
39676	0.002554013746
39677	0.000128837463
39678	0.0006239888669
39679	0.001485982604
39680	0.002686759904
39681	0.002963392648
39682	9.087933968e-05
39683	0.005351014081
39684	0.001599196426
39685	0.002622877936
39686	0.002693061836
39687	0.0008425089092
39688	0.0001211233259
39689	0.001056593791
39690	0.0007002591119
39691	0.0009400846721
39692	0.0004585106767
39693	0.0008034565661
39694	0.0009787919406
39695	0.001807875598
39696	0.001307754245
39697	6.964380829e-05
39698	0.005593633851
39699	0.00718478554
39700	0.0002683268197
39701	0.005456520182
39702	0.003248692217
39703	0.002069952175
39704	0.001213735772
39705	0.0001151307535
39706	0.0005644337867
39707	0.0001994453352
39708	0.008032393367
39709	0.002056809042
39710	9.288686353e-05
39711	0.0007851630455
39712	0.0004626775343
39713	0.000770604047
39714	0.000269023093
39715	0.007698723199
39716	0.003536051595
39717	0.00241373953
39718	0.002368363744
39719	0.003255921
39720	0.001690704091
39721	0.002486699478
39722	1.487847128e-05
39723	0.0002064126457
39724	0.000358111325
39725	0.001497097801
39726	0.001817711012
39727	0.0008310466378
39728	0.0002334913306
39729	0.0008112854625
39730	0.001183243567
39731	0.0007788953949
39732	0.00150670622
39733	3.21209642e-05
39734	0.0030223254
39735	0.00143646038
39736	0.001498685783
39737	0.003184400103
39738	0.0006965709251
39739	0.001336250101
39740	0.0069256742
39741	0.0004418491457
39742	0.009215451048
39743	0.0006428921259
39744	0.0001098238859
39745	0.0001489923746
39746	0.000586825228
39747	0.002110887276
39748	0.003125400239
39749	0.001733191604
39750	0.001748595252
39751	0.00560410459
39752	0.001260901684
39753	0.001383804292
39754	0.001427764798
39755	0.001354086771
39756	0.001702777528
39757	0.0009371980825
39758	0.0002524102725
39759	0.004537353077
39760	0.0005589828952
39761	0.003381316609
39762	0.0006652416973
39763	0.004233464964
39764	0.0009786180504
39765	0.0007815953101
39766	0.001222852235
39767	0.002780932084
39768	0.005714362405
39769	0.004218526306
39770	0.0001373325567
39771	0.001938852736
39772	4.057329289e-05
39773	0.0007190198369
39774	0.00113499894
39775	0.003837509172
39776	0.003843212343
39777	0.001865377533
39778	0.004964390075
39779	0.003163105868
39780	0.003341486716
39781	0.002677643738
39782	0.001272156638
39783	0.0013731707
39784	0.00586485072
39785	0.0001416167032
39786	0.0013174927
39787	0.002836686667
39788	0.01230663788
39789	0.001714871473
39790	0.00344096356
39791	0.0005754398477
39792	0.002111927472
39793	0.004765569468
39794	0.001470555839
39795	0.0008470597904
39796	0.0002771896257
39797	0.0002397686827
39798	0.001559436832
39799	0.002173321132
39800	0.004450830495
39801	0.0001685685622
39802	0.002786669896
39803	0.003945607141
39804	0.0002750397333
39805	7.757579633e-05
39806	0.001844299901
39807	0.001287341071
39808	0.002898603828
39809	0.003528107773
39810	0.001578014874
39811	0.003108218761
39812	0.002980030803
39813	0.000294552497
39814	0.0002847663765
39815	0.001013251737
39816	0.0004889807817
39817	0.001674339914
39818	0.001570681677
39819	0.001622714646
39820	0.0006246593136
39821	0.006407724751
39822	0.0006582845827
39823	0.001387240335
39824	0.003705052415
39825	0.001833664223
39826	0.003306957943
39827	0.005881506838
39828	0.000250491269
39829	0.001413346264
39830	0.0008042621283
39831	0.002374916086
39832	0.0005234271479
39833	0.004168303313
39834	0.0007995265381
39835	0.001734075944
39836	0.0004444600636
39837	0.0001547875005
39838	0.0009705261424
39839	0.002258850111
39840	0.00135696336
39841	0.005958590509
39842	0.00198321346
39843	0.001476349456
39844	0.0008218664997
39845	0.004621380499
39846	0.00176606624
39847	0.002499199119
39848	0.002410731299
39849	0.002057885725
39850	0.01130441897
39851	0.0005322668953
39852	0.003043035109
39853	0.001284791814
39854	0.0003104850434
39855	0.001997037703
39856	7.803949793e-05
39857	0.0002731304478
39858	0.001067171729
39859	0.0003691586401
39860	0.001749815757
39861	0.0004292039052
39862	0.0002858641813
39863	0.001574372942
39864	0.0001813596611
39865	1.556655008e-05
39866	0.00102240766
39867	0.002674820597
39868	0.004963317373
39869	0.005029288354
39870	0.002362785605
39871	0.001409493112
39872	0.0004318409403
39873	0.0008239736866
39874	0.0004985250951
39875	0.0003945974204
39876	0.0002826045919
39877	0.0003802238603
39878	0.0006150461965
39879	1.316874059e-05
39880	0.0009418739462
39881	0.001143709227
39882	0.0006839219728
39883	0.001756977154
39884	0.001557773814
39885	0.0001255128301
39886	0.0006746788148
39887	0.0005691587573
39888	0.0009185023488
39889	0.0001839192791
39890	6.343047132e-05
39891	0.0006924906086
39892	0.003855159254
39893	0.001292117812
39894	0.001910627709
39895	0.0003803838708
39896	0.0005869027362
39897	0.001682317393
39898	0.002681417448
39899	0.0008204692191
39900	0.0003439791919
39901	0.001075938953
39902	0.0003596532927
39903	0.001119002906
39904	0.0006005570764
39905	0.0001832769226
39906	0.0002203089159
39907	0.0003870820088
39908	0.0001331923971
39909	0.001076272793
39910	0.0001319364179
39911	0.0001495365179
39912	0.0005077468755
39913	4.002827567e-05
39914	0.00154789997
39915	0.001864684958
39916	0.001769787028
39917	0.001518228314
39918	0.001372456916
39919	0.002488050672
39920	0.000813140396
39921	0.003050554115
39922	9.665472002e-05
39923	0.0004085671234
39924	0.0006318267724
39925	0.001687654296
39926	0.000579616105
39927	0.001404802138
39928	0.0002438685146
39929	0.0002231641334
39930	3.716889035e-05
39931	0.002192803794
39932	0.001057345355
39933	0.0003827245671
39934	0.0006224315427
39935	0.00010541074
39936	0.002798422412
39937	0.0005034263747
39938	0.0008272870493
39939	0.0002270981494
39940	0.002163586919
39941	9.543050389e-05
39942	0.000872709244
39943	0.0001767044135
39944	7.690134625e-05
39945	0.001553405736
39946	0.0002254632133
39947	0.003225423762
39948	0.0003322181347
39949	0.0006595848584
39950	0.0002775087786
39951	0.0008102276522
39952	0.0003689477052
39953	0.0006726910965
39954	0.0001009784343
39955	0.0001252311798
39956	0.0007719133903
39957	5.866309533e-05
39958	0.0001440553578
39959	0.0003427515514
39960	0.003194870461
39961	5.015679073e-05
39962	0.0002186252179
39963	0.001750189724
39964	0.003874190815
39965	0.001052783651
39966	0.001734300254
39967	0.0005222401597
39968	8.029187049e-05
39969	0.001356541646
39970	0.00265795606
39971	0.003367883955
39972	0.0003394743515
39973	0.001682407631
39974	0.007888676852
39975	0.002668585684
39976	0.001038726451
39977	0.0007716555094
39978	0.001596566852
39979	0.00828724393
39980	0.003307443862
39981	0.002182857709
39982	0.001380253056
39983	0.001317569001
39984	0.0001379048724
39985	0.005056476257
39986	0.006402437238
39987	0.004138834905
39988	0.001852058231
39989	0.001870992128
39990	0.001909691921
39991	0.004078620206
39992	0.0006579902267
39993	0.001922283017
39994	0.0003586347712
39995	0.004438993414
39996	0.0001135847404
39997	0.004300236393
39998	0.002340960546
39999	0.001451923558
40000	0.001836530369
40001	0.001126574909
40002	0.0002180871821
40003	0.001617145177
40004	0.0003876426682
40005	0.003659781644
40006	0.001829919912
40007	0.00445851619
40008	0.001136527321
40009	0.002152107052
40010	0.001601147312
40011	0.0008885209283
40012	0.001032518528
40013	0.005998387104
40014	0.004338654584
40015	0.005857400257
40016	0.00639837345
40017	0.001911338569
40018	0.002443597468
40019	0.0006864342264
40020	0.001690159268
40021	0.001956198976
40022	0.002068589492
40023	0.002131234099
40024	0.002933531573
40025	0.004623949955
40026	0.002205406401
40027	0.0006839748412
40028	0.002244553667
40029	0.005872418569
40030	0.006402497926
40031	0.002898794999
40032	0.002938970261
40033	0.0001912859862
40034	0.0002555926823
40035	0.00137809907
40036	0.002818280098
40037	0.00236464173
40038	0.005476075053
40039	0.002704334417
40040	0.001722853582
40041	0.004087288643
40042	0.003652485237
40043	0.001675815513
40044	0.0007592878052
40045	0.003674487733
40046	0.004610406381
40047	0.00170562749
40048	0.0004423323631
40049	0.004889276812
40050	7.113505447e-05
40051	0.0001849450014
40052	0.001710956027
40053	0.004457875016
40054	0.00533171443
40055	0.0008788031586
40056	0.001418260646
40057	0.0003467454626
40058	0.003948743287
40059	0.002001623054
40060	0.001499564934
40061	0.004629797507
40062	0.003513653516
40063	0.003374554803
40064	0.003440713965
40065	0.00145493407
40066	0.004741378515
40067	0.0009369392302
40068	0.003161245309
40069	0.001782915366
40070	0.005820406125
40071	0.004957228588
40072	0.002089305512
40073	0.003401448062
40074	0.002178055563
40075	0.003587435957
40076	0.001183215527
40077	0.005698893163
40078	0.008240236504
40079	0.002219501398
40080	0.002479129386
40081	0.001480024205
40082	0.002076172168
40083	0.003837493574
40084	0.001128732536
40085	0.004477127473
40086	0.000478681215
40087	0.004973833022
40088	0.00124531203
40089	0.002381254575
40090	0.004057394749
40091	0.0004345476375
40092	0.00175252131
40093	0.003582656887
40094	0.002159789174
40095	0.0007276360223
40096	0.001397813025
40097	0.001987121908
40098	0.001715680246
40099	0.003967443785
40100	0.001005939866
40101	0.006374889812
40102	0.0003601379208
40103	0.002301084615
40104	0.001249503258
40105	0.002949896291
40106	0.0009640458012
40107	0.003092451735
40108	0.001194784251
40109	0.0008515381553
40110	0.001000988195
40111	0.001435987187
40112	0.002264655226
40113	0.001550018167
40114	0.001452601539
40115	0.00265488006
40116	0.0009177646361
40117	0.001060573628
40118	0.002409346408
40119	0.002868576475
40120	0.002923799456
40121	0.001708365485
40122	0.006872887801
40123	0.001559623616
40124	0.002314580171
40125	0.0005634384035
40126	0.001728646236
40127	0.0003935523638
40128	8.064220071e-05
40129	0.001017337838
40130	0.0002789191836
40131	0.002369398524
40132	0.0004345814178
40133	0.0005780484784
40134	0.001482140443
40135	0.000302708228
40136	0.003967418401
40137	0.00378785076
40138	0.001181304093
40139	0.003279120556
40140	0.002884975981
40141	0.001095604007
40142	0.003043176129
40143	0.001441640971
40144	0.001646537209
40145	0.003293894582
40146	0.002854645557
40147	0.003074554575
40148	0.001907090898
40149	0.001807737674
40150	0.002437769931
40151	0.0008619630918
40152	9.101526017e-05
40153	0.001454587253
40154	0.0003145786028
40155	0.006307059332
40156	0.002642481447
40157	0.000117818737
40158	0.003360083522
40159	0.004128816565
40160	0.001234174235
40161	0.004013969895
40162	0.001261466126
40163	0.0014947166
40164	0.001945488528
40165	0.003913073254
40166	0.004400440255
40167	0.0008597253804
40168	0.004426491068
40169	0.002994899762
40170	0.005093467335
40171	0.0003339810978
40172	0.0009619125998
40173	0.001460058756
40174	0.003551538618
40175	0.001524792994
40176	0.0008716805219
40177	0.0009884940735
40178	0.004684846897
40179	0.0001374237001
40180	0.004359731616
40181	0.0007816919328
40182	0.003270728371
40183	0.002176289857
40184	0.004463243423
40185	0.003778307698
40186	0.0001531320914
40187	0.000677682858
40188	4.668666098e-05
40189	0.003186021281
40190	0.0006584947522
40191	0.00111697047
40192	0.003973785252
40193	9.236177214e-05
40194	0.001849811717
40195	0.004514510847
40196	0.005414673076
40197	0.00114204344
40198	0.004078783588
40199	0.003474992457
40200	0.001390058612
40201	0.001035341957
40202	0.002557268608
40203	0.0001083963414
40204	0.002984188041
40205	0.0004936387561
40206	0.002241138144
40207	0.001800472248
40208	0.004437510442
40209	0.0002307858157
40210	0.003162868839
40211	0.006506757238
40212	0.007047834623
40213	0.00021472537
40214	0.002361049196
40215	0.001892115206
40216	0.001858797857
40217	0.001166428051
40218	8.271373476e-05
40219	0.000725227602
40220	0.005548529795
40221	0.002384187437
40222	0.001952353324
40223	0.0005601621184
40224	0.001507826101
40225	0.001891319736
40226	0.00389542486
40227	5.563073174e-05
40228	0.002146991898
40229	0.001532425754
40230	0.0004857996209
40231	0.0001949038979
40232	0.001034203016
40233	0.00530904603
40234	0.0008625486606
40235	0.005743779402
40236	0.0003591070226
40237	0.0005415151052
40238	0.001925614814
40239	0.0006331918492
40240	0.0001311217516
40241	0.002706175977
40242	0.0003311263303
40243	0.001252727965
40244	8.105133391e-05
40245	0.001491660488
40246	0.001689427223
40247	0.0002626881939
40248	0.0004364006005
40249	0.0005438635736
40250	0.001315829613
40251	0.001069417573
40252	0.001766487319
40253	0.001268793864
40254	0.001826249461
40255	0.002168895694
40256	0.001774262306
40257	0.004361414036
40258	0.002749517998
40259	0.002973208056
40260	0.001349035551
40261	0.003201592303
40262	0.0001300921146
40263	0.0004894364462
40264	0.004066699961
40265	0.001071390518
40266	0.003391179167
40267	0.00160301633
40268	0.00113926399
40269	0.0009584706733
40270	0.0006543817512
40271	0.001322082549
40272	0.002031901188
40273	0.005348552726
40274	6.200569747e-05
40275	0.00113774709
40276	0.0002764834195
40277	0.0004130155071
40278	0.004612016372
40279	0.0004684950546
40280	0.0009657071547
40281	0.0008256879484
40282	0.0001155454256
40283	0.002515313935
40284	0.001514532275
40285	0.001094742509
40286	0.001399496638
40287	0.0006323142067
40288	0.0001474997886
40289	0.0006470640135
40290	0.0001116061309
40291	0.002112464617
40292	0.0003876300089
40293	0.004029979406
40294	0.0008176804899
40295	8.792773238e-05
40296	0.001691522181
40297	0.001912668376
40298	0.003047600926
40299	0.001179736087
40300	0.00373448107
40301	0.002197772102
40302	0.001008413109
40303	0.0007635636411
40304	0.004313110049
40305	0.0003057793532
40306	0.002746492858
40307	0.003445417364
40308	0.0008368065324
40309	0.00286118285
40310	0.0003569750691
40311	0.0007959700033
40312	6.760245094e-05
40313	0.002538590885
40314	0.001620244079
40315	0.005412187616
40316	0.003591624411
40317	0.001575586586
40318	0.004281784991
40319	0.002917673558
40320	0.0004416280164
40321	0.001173433789
40322	0.0006433428094
40323	0.000115659638
40324	0.002571252728
40325	0.0005417710891
40326	0.0001515932173
40327	0.003731397863
40328	0.001192159042
40329	0.0008121215833
40330	0.002129276762
40331	0.00614914031
40332	0.002695951257
40333	0.003940825153
40334	0.00128632321
40335	0.0002714586305
40336	0.0009704941567
40337	0.002807330328
40338	0.0027145792
40339	0.005463904547
40340	0.001203075094
40341	0.001095051079
40342	0.007478249047
40343	0.0009485001543
40344	0.001240763475
40345	0.0005699951307
40346	0.0006841557294
40347	0.002359461501
40348	0.002521740611
40349	0.0005967093161
40350	0.001506872785
40351	0.000490301362
40352	0.001495109382
40353	0.004464132368
40354	0.000685649943
40355	0.002201946502
40356	0.0001352417803
40357	0.002616507381
40358	0.0001958389045
40359	0.004477553775
40360	0.001774189365
40361	0.001028589522
40362	8.032949412e-05
40363	0.002975226799
40364	0.004396772584
40365	0.005541981093
40366	0.001123507425
40367	7.821077953e-05
40368	0.00312327302
40369	0.0005871748776
40370	0.0004649417177
40371	0.0002521218903
40372	0.001500065093
40373	0.000497016567
40374	0.003537767387
40375	0.001083943504
40376	0.005405586726
40377	0.001366122596
40378	0.001253541048
40379	0.0008057933083
40380	0.0001581593352
40381	0.0006404854306
40382	7.545228888e-05
40383	0.0001964024655
40384	0.004550338331
40385	0.001349784084
40386	0.001324090426
40387	5.087271219e-05
40388	0.001111281262
40389	0.002384805371
40390	0.001588266756
40391	0.0005707134707
40392	0.0006585916683
40393	1.523912959e-05
40394	0.0009169113622
40395	0.0004052083709
40396	0.00102202886
40397	0.002258960653
40398	0.001031231901
40399	0.003127225105
40400	0.002442913138
40401	0.0003427724392
40402	0.0003561607563
40403	0.0004717401753
40404	0.001296281072
40405	0.00261118263
40406	0.005596361114
40407	0.001799528586
40408	0.002199913744
40409	0.001259491298
40410	0.0004119394071
40411	0.001368773887
40412	0.001172750659
40413	0.004606710963
40414	0.0003988673998
40415	0.0008064671091
40416	0.001262824966
40417	0.00355662466
40418	0.002921997889
40419	0.002767723901
40420	0.0008230639364
40421	0.008070513185
40422	0.001477582226
40423	0.002423978604
40424	0.0001979387374
40425	0.005780052545
40426	0.003495467153
40427	0.002381191841
40428	0.004636576716
40429	6.244527131e-05
40430	0.005244799207
40431	0.0005329641041
40432	0.0002261903395
40433	0.0003144153472
40434	0.001388689762
40435	0.0003790490297
40436	0.001123581988
40437	0.006219883718
40438	0.004690390448
40439	0.0006537643704
40440	0.0003595453123
40441	0.0042292013
40442	0.0004779572685
40443	0.002735566433
40444	0.002133321951
40445	0.0007924354654
40446	0.001261445498
40447	0.001169198289
40448	0.000562334196
40449	0.001281601997
40450	0.002081736565
40451	0.003507931289
40452	0.002194942408
40453	0.001268502548
40454	0.00197715456
40455	0.0002787835637
40456	0.0001726455837
40457	0.005369708668
40458	0.0007813480976
40459	0.001527664037
40460	0.004809049262
40461	0.0001498929335
40462	0.001764974644
40463	0.0009840873856
40464	0.003880569206
40465	0.0008578508681
40466	0.002221602184
40467	0.003624796274
40468	0.001334371963
40469	0.002108021899
40470	0.00785868547
40471	0.002961278432
40472	0.0008110025257
40473	1.619718776e-05
40474	0.002269474258
40475	0.0001916883733
40476	0.0004547333401
40477	0.0003653828723
40478	0.001600106398
40479	0.001453297539
40480	0.0001537815579
40481	0.001786875055
40482	0.001550756506
40483	0.0001167995059
40484	0.002299055535
40485	0.000411951944
40486	0.002304398047
40487	0.001851651326
40488	0.0007805498682
40489	0.002020006215
40490	0.0004373006055
40491	0.00022792053
40492	0.0008188420015
40493	0.0002906899317
40494	0.004552475213
40495	0.004576644796
40496	0.002620173168
40497	0.001147836069
40498	0.0008547316929
40499	0.002387005189
40500	0.002227649327
40501	0.0003742373539
40502	0.0001564949361
40503	0.001344113258
40504	0.0004461111062
40505	0.0004113641469
40506	0.0009001701822
40507	0.00188331026
40508	0.002211221001
40509	8.351266563e-05
40510	0.004383993964
40511	0.002648005163
40512	0.003292876139
40513	0.003072870043
40514	0.001725450865
40515	0.001865298537
40516	0.001003520485
40517	0.001190801517
40518	0.001102689054
40519	0.002399902114
40520	0.001974172156
40521	0.001658098862
40522	0.001284547055
40523	0.003243540001
40524	0.0004973520292
40525	0.001952285982
40526	0.0001232166865
40527	0.0009629647401
40528	8.46074602e-05
40529	8.827270864e-06
40530	0.003709099893
40531	0.002035922856
40532	0.003878680188
40533	0.003144355517
40534	0.001565758499
40535	0.003468953209
40536	0.001309700341
40537	0.000517387718
40538	0.001412512939
40539	0.00325338434
40540	0.001541122548
40541	0.004502261942
40542	0.0001097723318
40543	0.000552349492
40544	0.0004276067107
40545	0.002365488676
40546	0.003094962465
40547	0.002892853029
40548	0.004318901344
40549	0.002048970609
40550	0.0004970459978
40551	0.003636054284
40552	0.0006157429992
40553	0.002297585014
40554	0.004707071715
40555	0.001041523801
40556	0.001619865725
40557	0.002364442869
40558	0.00275116578
40559	0.006356521971
40560	0.0006292023524
40561	4.391579276e-05
40562	0.001785626608
40563	0.004471235238
40564	6.988519564e-05
40565	0.0004198439199
40566	0.0004334475155
40567	0.0001173493803
40568	0.003638327485
40569	0.0008685165395
40570	0.002062124893
40571	0.002198065373
40572	0.0005671854735
40573	0.0006755204352
40574	0.001917324658
40575	0.001054794249
40576	0.0009391138043
40577	0.003564499651
40578	0.002120201886
40579	0.001682693028
40580	0.001688005444
40581	0.0009120554008
40582	0.002168276575
40583	0.00216375573
40584	0.001007293558
40585	0.002237338524
40586	0.003084554693
40587	0.003066864483
40588	0.002035080055
40589	0.004726902745
40590	6.760245094e-05
40591	0.0005096503302
40592	0.001170527278
40593	0.004030544194
40594	0.0005991790783
40595	0.002206724626
40596	0.003545804813
40597	0.0002465804987
40598	0.004545719951
40599	0.001212559442
40600	0.000603810594
40601	0.006198433437
40602	0.00388781796
40603	0.005280163846
40604	0.000495532335
40605	0.0001275545227
40606	0.00386547593
40607	0.0009823045314
40608	0.001509596828
40609	0.001161135302
40610	0.004627998295
40611	0.005681136915
40612	0.003763281027
40613	0.00303775311
40614	0.0001097264523
40615	0
40616	0.002635815781
40617	0.000154189633
40618	0.0002257013315
40619	0.0001606150621
40620	0.004749104851
40621	0.002180606627
40622	0.001613028511
40623	0.0008574751947
40624	0.005379168203
40625	0.0004733323097
40626	0.001086473063
40627	0.0007444588349
40628	0.003907412094
40629	0.001822118267
40630	5.766836076e-05
40631	0.001987346094
40632	0.002978403996
40633	0.001578278559
40634	0.001552577693
40635	0.001306761558
40636	0.002296905101
40637	0.000196067519
40638	0.001803543097
40639	0.002753693613
40640	0.0006206500676
40641	0.0007096591477
40642	0.00592238141
40643	0.001333092196
40644	0.001062926753
40645	0.0003265759811
40646	0.0008983288963
40647	0.002828776847
40648	0.002967674362
40649	0.001755162593
40650	0.0001129285694
40651	0.0003905984409
40652	0.001845058282
40653	0.0003165335838
40654	0.00305858278
40655	0.0007110520458
40656	0.0003725979191
40657	0.003522386751
40658	0.003474260704
40659	0.005169730146
40660	5.32664888e-05
40661	0.0005377574345
40662	0.001997371437
40663	0.0008575228314
40664	0.003025561357
40665	0.001002209415
40666	0.001854107994
40667	0.001720916228
40668	0.001209150127
40669	0.0008034035228
40670	0.002379567606
40671	0.002153995959
40672	0.0008577247315
40673	0.0007557380627
40674	0.001773153483
40675	0.0003870466643
40676	0.0001665430971
40677	0.0002991159658
40678	0.003866365455
40679	0.0008421653018
40680	0.002093239349
40681	6.760245094e-05
40682	0.0007293799777
40683	0.001820605584
40684	0.001348011414
40685	0.002492999624
40686	0.0001457071182
40687	0.004739811482
40688	0.002288507484
40689	0.001486762935
40690	0.0002646103002
40691	0.0002271425197
40692	0.0004003130041
40693	0.0004184776221
40694	0.001206248186
40695	0.000166214523
40696	0.001048792334
40697	0.001215908791
40698	0.001122115623
40699	0.0005292178607
40700	0.0009600673173
40701	0.006945543688
40702	0.002170969013
40703	0.0005680474403
40704	0.0006769564687
40705	0.004119822289
40706	0.001675581926
40707	7.465264717e-05
40708	0.006844982841
40709	0.002643257026
40710	0.0001552245694
40711	0.0001081391762
40712	0.002320949475
40713	0.001291775798
40714	0.003163186911
40715	0.0007125465111
40716	0.003617588027
40717	0.0006938707563
40718	0.0002831880349
40719	0.0003890408486
40720	8.536809472e-05
40721	0.0002655473844
40722	0.005394813723
40723	0.0008112486612
40724	0.0006799732494
40725	9.714425744e-05
40726	0.000888826477
40727	0.003555532683
40728	0.002732856109
40729	0.004291360177
40730	1.635000518e-06
40731	0.001691280056
40732	0.0002804306612
40733	0.002543290917
40734	0.002662882658
40735	0.0002559488378
40736	0.0005653020217
40737	0.0006525466991
40738	0.001692923605
40739	0.0001580964963
40740	8.486200276e-05
40741	0.00189192628
40742	2.843568852e-06
40743	0.00242748297
40744	0.0002616483217
40745	0.0001659919583
40746	0.0005254528691
40747	4.102684962e-05
40748	0.001741377882
40749	0.0007536286323
40750	0.004783750823
40751	0.001438628924
40752	0.003633999437
40753	0.003084809305
40754	0.001511397128
40755	1.133663815e-05
40756	0.002846970097
40757	0.001360303133
40758	5.039641415e-05
40759	0.001290916058
40760	0.003331950405
40761	0.0006037291563
40762	0.001941872992
40763	0.001962710885
40764	0.001198912766
40765	0.0008515894575
40766	0.0009748793224
40767	0.0001107652229
40768	0.002429456938
40769	0.000155690763
40770	5.233168441e-05
40771	0.003046339436
40772	0.001102860489
40773	0.0006870744732
40774	0.001605628789
40775	0.003186144425
40776	0.0005891740578
40777	0.0009994145214
40778	0.0005413486947
40779	0.001363686656
40780	0.001453492782
40781	3.904341108e-05
40782	0.0001839527319
40783	0.001172448011
40784	0.00537579558
40785	0.0006641618415
40786	4.889582569e-05
40787	0.0005973170262
40788	0.002265499347
40789	0.0007316386849
40790	0.006772711525
40791	0.002513902833
40792	0.0002255816749
40793	7.847862357e-05
40794	0.0003204237689
40795	0.002111170181
40796	0.0002249682353
40797	0.0003324263939
40798	0.001970532286
40799	0.007853116464
40800	0.0001484054135
40801	0.002354454953
40802	0.0009863449436
40803	0.0004654313558
40804	0.0011924586
40805	0.0001416672465
40806	0.004758527867
40807	0.0001107087755
40808	0.002863771078
40809	0.0005103212595
40810	0.00200259595
40811	0.001842932157
40812	0.0001777709748
40813	0.0002002061507
40814	0.001505814617
40815	0.0004842436227
40816	0.0003211016774
40817	0.0002882421731
40818	0.0003284831773
40819	0.0001928597062
40820	0.0009080833439
40821	0.000337483395
40822	0.002838944122
40823	0.002702528645
40824	0.0002725294233
40825	5.563448517e-05
40826	0.0002489337777
40827	0.0003851559413
40828	0.0004209576528
40829	0.0003379514226
40830	0.003360012908
40831	0.0009378092207
40832	0.0004808001765
40833	0.003561260634
40834	0.003055442694
40835	0.002356146218
40836	0.005438119533
40837	0.002996824487
40838	0.001320916427
40839	0.003536986576
40840	0.002150177712
40841	0.0008772833515
40842	0.003258123945
40843	8.804444144e-05
40844	0.0004011671679
40845	0.0002634747488
40846	0.00123237741
40847	2.951182631e-05
40848	0.001884650333
40849	0.001597716709
40850	0.0009958754674
40851	0.003789755542
40852	9.467517498e-05
40853	0.001174959984
40854	0.00278462178
40855	0.0008782757757
40856	0.0002830798052
40857	0.004125262662
40858	0.0004697555671
40859	0.001220368838
40860	0.000546424696
40861	0.0009661260683
40862	0.00210962899
40863	0.004465831028
40864	0.0003350148611
40865	0.001631021319
40866	0.000743394528
40867	0.000884165351
40868	0.0008968255365
40869	0.000721084572
40870	0.001144429092
40871	0.002174626022
40872	0.0002252927676
40873	0.001235229953
40874	0.002129818893
40875	0.001339398288
40876	0.002603029295
40877	0.001054873335
40878	0.001036104295
40879	0.005112099467
40880	0.001168021852
40881	0.003497611969
40882	0.0002824727188
40883	7.740840379e-05
40884	0.0004654425733
40885	0.0005997808579
40886	0.001656761715
40887	2.450557215e-05
40888	0.002659061597
40889	0.0001745173913
40890	0.004517737368
40891	0.001082189216
40892	0.003353656149
40893	0.000981247719
40894	0.002778315008
40895	0.0008643947325
40896	0.0001909327199
40897	0.0004341837511
40898	0.0006220785154
40899	0.000383881441
40900	0.0002086656215
40901	0.0002361151248
40902	0.0003749598635
40903	0.0008563567937
40904	0.0003791630863
40905	0.0009532593548
40906	0.0003641460145
40907	0.002729792434
40908	0.0006036245652
40909	0.001204361706
40910	0.0003873550685
40911	0.0002298178226
40912	0.0003796839547
40913	0.0005718149571
40914	0.002821530076
40915	0.0004329553728
40916	0.001357772942
40917	0.0002023480261
40918	0.004331580054
40919	0.003190447082
40920	0.002850874992
40921	0.0007054305092
40922	0.002176475344
40923	0.0009909102998
40924	0.001462293016
40925	9.838330953e-05
40926	0.003344251099
40927	0.003197003836
40928	0.0001609219125
40929	0.002035136129
40930	0.00566654577
40931	0.004436170731
40932	0.0004756332382
40933	0.0001673102489
40934	0.002374189209
40935	0.002732806008
40936	0.0008965606724
40937	0.002303114172
40938	0.001492688467
40939	0.002351582216
40940	0.001473263268
40941	0.002140833845
40942	0.0004442891235
40943	0.0005513040413
40944	0.001627564097
40945	0.003228507261
40946	0.00452590565
40947	0.006776479459
40948	0.00680355302
40949	0.004000452653
40950	0.003021866195
40951	0.001054038015
40952	0.001061527835
40953	0.0009692387284
40954	0.0006773056427
40955	0.006497050049
40956	0.0001314021364
40957	0.0005907404797
40958	0.003107519076
40959	0.002801277112
40960	0.0002981771712
40961	0.0005034266896
40962	0.0005932434043
40963	0.001008095544
40964	0.005461388612
40965	0.001198318446
40966	0.003479741586
40967	0.0005577218741
40968	0.002634581838
40969	0.0007323023672
40970	0.004236609122
40971	0.001271897444
40972	0.002997615419
40973	0.0005996834468
40974	0.002234061991
40975	0.001198815992
40976	0.002651326538
40977	0.002616958665
40978	0.003015522886
40979	0.004275667666
40980	0.004423913265
40981	0.001065363118
40982	0.001969232474
40983	0.001282859627
40984	0.00340360033
40985	0.0005337656333
40986	0.005203821696
40987	0.0009032119932
40988	0.0016528795
40989	0.000439910291
40990	0.0006851106134
40991	0.0007241782702
40992	9.656701135e-05
40993	0.0005895481377
40994	0.000565791883
40995	0.005656067612
40996	0.0008112070901
40997	0.001640635818
40998	0.001951714278
40999	0.003746734725
41000	0.001902838687
41001	0.002913700701
41002	0.0008948226311
41003	0.003372734926
41004	0.004513934865
41005	0.0002552083153
41006	0.0007850921303
41007	0.0007305112546
41008	0.0001730517287
41009	0.0007151483281
41010	4.827014932e-06
41011	8.323574782e-05
41012	0.00038101183
41013	0.002755952322
41014	0.003118437745
41015	3.249822278e-05
41016	0.001130600458
41017	0.001328274391
41018	0.001579845726
41019	0.003720141738
41020	0.002585397897
41021	0.001845806754
41022	0.002241841212
41023	0.001951234711
41024	0.001856573214
41025	0.001794504906
41026	0.003788457476
41027	8.809186267e-05
41028	0.0008533245711
41029	0.002950702718
41030	0.0001738718599
41031	0.000322788586
41032	0.002615262116
41033	0.0005776514137
41034	0.000563445976
41035	0.000450637693
41036	0.000185018144
41037	4.950437309e-05
41038	0.0001498214709
41039	0.002925973934
41040	0.0002723638889
41041	0.0002387766761
41042	0.001739991713
41043	0.0003264887494
41044	0.0008524696345
41045	0.00178994417
41046	0.005850882184
41047	0.0001929887914
41048	0.0001625065808
41049	0.002094950709
41050	0.001553093698
41051	0.0007243965272
41052	0.002938904724
41053	0.0002781511633
41054	0.0001998361046
41055	0.0002221635317
41056	0.000915108259
41057	0.0002419487858
41058	0.0009981053611
41059	0.00174760963
41060	0.0005362152149
41061	0.000306989245
41062	0.0002252461168
41063	0.0001724944755
41064	0.0005606268247
41065	0.003689270184
41066	0.0001984715708
41067	0.002045028156
41068	0.001728851029
41069	0.0001074417444
41070	0.001383464568
41071	0.002435943727
41072	0.0002761741958
41073	2.122841327e-05
41074	0.0001766976869
41075	3.834463578e-05
41076	0.001322815857
41077	1.512134982e-05
41078	0.000139798063
41079	0.0002582946068
41080	0.002478694731
41081	0.0004362855996
41082	0.005600453053
41083	0.0002311500545
41084	0.001817878642
41085	0.002045097305
41086	0.001281680677
41087	2.887816827e-06
41088	0.000586167147
41089	0.00174863703
41090	0.001989737847
41091	0.001979297074
41092	0.00105319692
41093	0.003089065519
41094	0.002129364707
41095	0.002228390561
41096	0.0004178225562
41097	0.003624814455
41098	0.00385954153
41099	0.002065028927
41100	0.001191433909
41101	0.001568509874
41102	0.0005155345899
41103	0.002849662949
41104	0.00237187131
41105	0.00311721006
41106	0.0008957046372
41107	0.002657184367
41108	0.003078722642
41109	0.003166458123
41110	0.001199717375
41111	0.0005656487163
41112	0.0003142080582
41113	0.003012237499
41114	0.001095593481
41115	0.002555650226
41116	0.0005862164213
41117	0.001800872701
41118	0.002583051586
41119	0.002677950601
41120	0.0001440110955
41121	0.002763161672
41122	0.00236897781
41123	0.0008263651117
41124	0.005720628741
41125	0.006057557457
41126	0.005882186696
41127	0.006154114094
41128	0.00456894777
41129	0.005454988779
41130	0.005670528589
41131	0.005895417558
41132	0.005725460368
41133	0.006114276281
41134	0.005648453288
41135	0.005090061717
41136	0.006042523652
41137	0.006375296269
41138	0.006190695824
41139	0.00606544309
41140	0.00532602253
41141	0.00556350274
41142	0.002222717204
41143	0.001069684102
41144	5.31068484e-05
41145	0.0003246193832
41146	0.001790580743
41147	0.0002306412145
41148	0.003579008707
41149	0.001144723793
41150	0.0001448120019
41151	0.0041457472
41152	0.001920003143
41153	0.0003178996403
41154	0.002514752522
41155	0.0002685765465
41156	0.00321197687
41157	3.696212136e-05
41158	0.0008222049675
41159	0.003212093539
41160	0.0004121570065
41161	0.00025630183
41162	0.003166555686
41163	0.0008617698373
41164	0.002387438397
41165	0.005325379611
41166	0.001049390048
41167	0.000140718554
41168	0.002031348897
41169	0.0002064196957
41170	0.0001485991371
41171	3.762245861e-05
41172	0.0001074094445
41173	0.0001216473529
41174	0.0002191372903
41175	0.00075171884
41176	4.494595195e-05
41177	0.0004206429925
41178	0.001506066989
41179	0.004655497067
41180	0.0004789076198
41181	0.0009265106094
41182	0.001436913322
41183	0.001048386843
41184	0.0003311848142
41185	0.002728590849
41186	0.0007356894634
41187	0.0003320606735
41188	0.00219323771
41189	0.001277579589
41190	0.001068842409
41191	0.0008471486889
41192	0.0001494794405
41193	0.0009446988339
41194	5.014426771e-05
41195	0.003469808503
41196	0.005452268307
41197	0.0003686967931
41198	0.001400118728
41199	0.0002532937942
41200	0.0001723772669
41201	0.002381014333
41202	0.002528905871
41203	0.005968772298
41204	0.0009109478476
41205	0.0006157306939
41206	0.002518966047
41207	0.00133263016
41208	0.001760369141
41209	0.003492400759
41210	0.004503987254
41211	0.001529753958
41212	0.0002543277735
41213	0.0005926387776
41214	0.0003722351975
41215	0.001458850072
41216	0.003741006063
41217	6.066489118e-05
41218	0.002827523161
41219	0.002868140124
41220	0.001635418221
41221	0.001555941835
41222	0.0004985828601
41223	0.0008868286963
41224	0.007050841508
41225	0.001162849288
41226	0.002286306137
41227	0.0007787661262
41228	0.000338317949
41229	0.0003156237896
41230	0.0008208860877
41231	0.000935462198
41232	0.0003167173602
41233	0.001007203538
41234	0.000282663123
41235	0.002975036227
41236	0.00531207854
41237	0.003462862595
41238	0.0006278736791
41239	0.0009806216413
41240	0.000552898254
41241	0.0002619289985
41242	0.000986494942
41243	9.496507705e-05
41244	0.001257232429
41245	0.0009657631243
41246	0.000488721729
41247	0.005538169749
41248	0.0008266851162
41249	2.022447196e-05
41250	0.001709390067
41251	0.002505423038
41252	0.00330720147
41253	0.0004030828978
41254	0.001380835497
41255	0.0006567798959
41256	0.0001530295641
41257	0.0008152738859
41258	0.002085056187
41259	0.0009132613768
41260	3.346948938e-05
41261	0.0009053996976
41262	3.625869476e-05
41263	0.001059149325
41264	0.003572453587
41265	0.004650143144
41266	0.0004304072593
41267	0.002204116615
41268	0.0006653275294
41269	0.0009948404591
41270	0.0003687356537
41271	0.0004568214048
41272	0.002505606235
41273	5.282872701e-05
41274	0.0004987831941
41275	0.0003932625631
41276	0.0004854116258
41277	0.002729749911
41278	0.0003907381323
41279	0.0004549046622
41280	0.001329409524
41281	0.00103778884
41282	0.001398538549
41283	0.002980804648
41284	0.0001693213065
41285	0.004705473296
41286	8.140388369e-05
41287	0.001393229268
41288	0.001414550284
41289	0.001847867864
41290	0.0006982706395
41291	0.0007624801639
41292	0.0007322133188
41293	0.001089532123
41294	0.0001118024865
41295	0.001352375644
41296	0.0001834654264
41297	7.133584855e-05
41298	0.00354465552
41299	0.001408521594
41300	0.00638823603
41301	0.001534578777
41302	0.004632200419
41303	0.003953473686
41304	0.003324094492
41305	0.002337043374
41306	0.003173424036
41307	0.0002671124863
41308	0.00220733063
41309	0.001191878589
41310	0.0008082545675
41311	0.007586560245
41312	0.0002719515058
41313	0.003220486598
41314	0.0008791141007
41315	0.002293628071
41316	0.0005557638064
41317	0.0001775986056
41318	0.003637755565
41319	0.002755339586
41320	0.002889408492
41321	2.150183894e-05
41322	0.0009576347988
41323	0.006391833385
41324	0.004085579184
41325	0.00106697072
41326	0.0002539880958
41327	0.001668712468
41328	0.00189560041
41329	0.0004161075102
41330	0.005875010178
41331	0.002274490979
41332	0.005049358758
41333	0.00166715793
41334	0.007616585655
41335	0.004202677021
41336	0.002644934493
41337	0.001084652079
41338	0.002579536879
41339	0.0002065290006
41340	0.001360981198
41341	0.006037333752
41342	0.002260430827
41343	8.356657968e-05
41344	0.005144144679
41345	0.00464327372
41346	0.0005982076004
41347	0.0002094385945
41348	0.001418391456
41349	0.00543032536
41350	0.001993727208
41351	0.001186065574
41352	0.000651420563
41353	0.0004006923778
41354	0.002784088257
41355	0.001141438075
41356	0.001227818556
41357	0.003776762617
41358	0.0008078660102
41359	0.001273376212
41360	0.0008086403171
41361	0.000252704675
41362	0.0001437497029
41363	0.0001922727015
41364	0.00225750676
41365	0.002102302009
41366	0.004083339451
41367	0.003789522668
41368	0.001490817372
41369	7.970729342e-05
41370	0.003786336141
41371	0.002703194505
41372	0.0001116862552
41373	0.001094130237
41374	0.003725015222
41375	0.0001515410295
41376	0.0006650671042
41377	0.00239251616
41378	0.0004255095525
41379	9.208534643e-05
41380	1.099032688e-05
41381	0.007103003457
41382	0.0004690727295
41383	0.002769332871
41384	0.001210086429
41385	0.003549131694
41386	0.001770805874
41387	0.003488433654
41388	0.0001335928501
41389	0.0004517878487
41390	0.0001516949407
41391	0.002249096731
41392	0.000567595924
41393	0.001484795917
41394	0.0008046842521
41395	0.002198618266
41396	0.0001829283401
41397	0.002969886761
41398	0.003096544114
41399	0.001120142319
41400	5.431961425e-05
41401	0.001661692695
41402	0.001865525346
41403	0.001448381413
41404	0.001468267022
41405	0.001452932708
41406	0.002717366457
41407	0.001014635916
41408	0.0004733016292
41409	0.0002689683844
41410	0.001710862865
41411	0.001106514898
41412	0.001735425918
41413	0.001896881092
41414	0.0008904470138
41415	7.593332874e-05
41416	0.000118558537
41417	0.001833450212
41418	0.002323168371
41419	0.0009822504282
41420	0.000753658875
41421	0.00141964992
41422	0.00104807928
41423	0.0004688097303
41424	0.001358438893
41425	5.222985388e-05
41426	0.0004775489504
41427	0.0006748791371
41428	9.526556548e-05
41429	0.0001243013156
41430	0.001068801068
41431	0.0004059806567
41432	0.0006990480425
41433	0.0007501211716
41434	0.0007279605858
41435	0.004330103109
41436	0.00472453462
41437	0.0006734119499
41438	0.0025701995
41439	8.640627635e-05
41440	0.0008763805574
41441	0.0003836276877
41442	0.0001105133547
41443	0.0005294940426
41444	0.001858268516
41445	0.002086375928
41446	0.001617238196
41447	0.0005846039677
41448	0.000582125563
41449	0.0003306459985
41450	0.0005889662806
41451	0.001143524424
41452	0.00167328391
41453	0.001043244614
41454	0.0004741752761
41455	0.0004147806764
41456	5.962700902e-05
41457	0.0006721424422
41458	0.0005454843136
41459	0.0005268998237
41460	0.001364640547
41461	0.0003851058021
41462	0.0003264181858
41463	0.000555259721
41464	0.001353005545
41465	0.0006069659913
41466	0.0004531296038
41467	0.0003403849585
41468	0.002282482912
41469	0.000312059616
41470	0.0004892265067
41471	0.0004984621482
41472	0.0003944248503
41473	0.0008193024502
41474	0.0001047439175
41475	0.0005032470044
41476	0.002407050346
41477	0.001001578684
41478	0.0038191917
41479	0.0005926922459
41480	0.0003609924202
41481	0.0006557099129
41482	3.725662018e-05
41483	4.738467974e-05
41484	0.0006205899406
41485	0.0007109351093
41486	9.954218102e-05
41487	0.0009526361879
41488	9.885105456e-05
41489	0.0008615570998
41490	0.000132937393
41491	3.132200661e-05
41492	0.002100261925
41493	0.0002407470639
41494	0.0004853780369
41495	4.92548788e-05
41496	0.0007633029908
41497	0.002123816364
41498	1.821582757e-05
41499	0.001685510709
41500	0.006012215306
41501	0.0008229316928
41502	0.000412166429
41503	0.000366523675
41504	0.0005396564117
41505	0.0001064678602
41506	0.001504091246
41507	0.0005462685075
41508	0.0006793347648
41509	0.0001793175968
41510	0.0009810473583
41511	1.11935476e-05
41512	0.001581190871
41513	0.000265076547
41514	0.00023904573
41515	0.0002768621118
41516	0.0007561222361
41517	0.0004404973863
41518	0.0004370390989
41519	0.0008720469911
41520	0.001705599907
41521	0.0002134742087
41522	0.005740796845
41523	0.0001325197117
41524	0.0005290625168
41525	0.0005912306545
41526	0.0001926218894
41527	0.001070186168
41528	0.0006633317574
41529	0.0003122256056
41530	0.0004968647584
41531	0.002324630704
41532	0.00351229014
41533	0.003139584877
41534	0.0009987559945
41535	0.0001747190089
41536	7.667607997e-05
41537	0.000342209388
41538	4.454848389e-05
41539	0.0009291892803
41540	0.0002520046404
41541	0.001945471363
41542	0.0005202713656
41543	0.0001172464631
41544	0.0002004954498
41545	0.002090961843
41546	5.362870119e-05
41547	9.457406839e-05
41548	0.0002906561502
41549	0.0003752319974
41550	0.0002192245651
41551	0.001084871567
41552	0.0001017001411
41553	0.0001858474053
41554	0.0009693093325
41555	0.006941396965
41556	0.0009681009167
41557	0.003823000149
41558	0.002256711747
41559	0.0004447138046
41560	0.0008819428343
41561	0.001337335076
41562	1.686502113e-05
41563	0.0008836930525
41564	0.0002258967735
41565	0.0001061154961
41566	0.001500465145
41567	0.0002810200361
41568	0.0002611232257
41569	0.0007297537408
41570	0.002291344966
41571	0.0008148181551
41572	0.0001870131153
41573	0.00142985592
41574	0.0005823412735
41575	0.001365246507
41576	0.0001653777691
41577	6.73701777e-05
41578	0.0003013540738
41579	0.0001249105722
41580	9.252443852e-05
41581	0.001225163913
41582	0.004620464162
41583	0.001180207818
41584	0.0004546224044
41585	0.004980889509
41586	0.000745282978
41587	0.0009265912422
41588	0
41589	0.001821733679
41590	0.0002972714778
41591	0.0003785081065
41592	0.000246522853
41593	0.0002333442415
41594	0.001301645207
41595	0.002488077231
41596	0.0004392011177
41597	0.0004158559243
41598	0.0007772548443
41599	0.0001732447808
41600	0.0003442640439
41601	0.0007917376434
41602	0.0001955640202
41603	0.0005390796648
41604	3.939515437e-07
41605	0.0006002851
41606	8.813590418e-05
41607	0.001227408156
41608	0.001822915246
41609	0.000899431394
41610	0.005796427692
41611	0.0006586824925
41612	0.0002015025768
41613	0.0007854011381
41614	0.0002172896462
41615	0.0003620029543
41616	8.834103487e-05
41617	4.509217e-05
41618	0.000409975541
41619	0.0004776706842
41620	0.001320277627
41621	0.001235059459
41622	5.346134082e-05
41623	0.001500683627
41624	3.152339892e-05
41625	2.600308962e-05
41626	0.0005352884759
41627	0.0003038884148
41628	0.000632835264
41629	0.0002426587992
41630	0.003467066402
41631	0.00322977371
41632	0.0004814100896
41633	0.001513763045
41634	0.004287812528
41635	0.0006902660636
41636	0.001426960571
41637	0.0002744936956
41638	0.0008336794624
41639	0.0007865922227
41640	0.0002488093169
41641	0.0004098912467
41642	0.002318014808
41643	0.0003276976449
41644	0.0004346581176
41645	0.001479718869
41646	0.001361470818
41647	0.0003345103397
41648	0.0001344327689
41649	0.0002901338767
41650	0.001499942283
41651	0.001412381192
41652	0.0002774825036
41653	0.0005363764564
41654	0.0009736044292
41655	0.0002312439762
41656	0.0009673128474
41657	0.0006334030577
41658	0.002208761237
41659	0.0003066603611
41660	0.001379392871
41661	0.001073830195
41662	0.001073787649
41663	0.002217976544
41664	0.0001581203399
41665	0.002344681757
41666	9.196951062e-05
41667	0.0002968696695
41668	0.0009157258656
41669	0.00326128428
41670	0.0026794463
41671	0.00079012996
41672	0.0006503871386
41673	0.004791623176
41674	0.001303686355
41675	0.0003804836512
41676	3.792340144e-06
41677	0.001960325024
41678	0.004218436747
41679	0.006505581864
41680	0.0003471608386
41681	0.0006195400975
41682	0.002676574935
41683	0.00230825406
41684	0.002003372075
41685	0.001541688954
41686	0.001235800609
41687	0.001876962386
41688	0.001082634675
41689	0.0004877344122
41690	0.003662279207
41691	0.003230189016
41692	0.002382114382
41693	0.005277530837
41694	0.0005292388429
41695	0.0007804877414
41696	0.00346061363
41697	0.003403260356
41698	0.001716648293
41699	0
41700	0.0006083818715
41701	0.003967036211
41702	0.0003484865554
41703	0.001164117389
41704	0.001838621895
41705	0.003424803924
41706	0.0005821652282
41707	0.002345758329
41708	0.0009346233361
41709	5.080804463e-05
41710	0.0006989414178
41711	0.000871166867
41712	0.006707606802
41713	0.0005767567125
41714	0.002205305767
41715	0.000374878869
41716	0.004360946424
41717	0.0002762611205
41718	0.001533970719
41719	0.0002398008341
41720	0.002803773247
41721	0.0005525627128
41722	0.001920432342
41723	0.003090017204
41724	6.5128955e-05
41725	0.001527222387
41726	0.002569458101
41727	0.002515150429
41728	0.0002832072692
41729	0.003354908184
41730	0.004051713732
41731	0.002041749825
41732	0.001694378688
41733	0.0007312516501
41734	0.0007153454747
41735	0.0001738861044
41736	0.0001236501454
41737	0.0006058215058
41738	0.004468252643
41739	0.007920354969
41740	0.002038366526
41741	0.003003986444
41742	0.000880267018
41743	0.0006097347456
41744	0.00378491302
41745	0.003189276753
41746	0.001299939861
41747	0.0005016682432
41748	0.0007098269803
41749	0.002210801111
41750	0.003474037121
41751	0.001480287448
41752	0.001349957763
41753	0.00062708355
41754	0.0009001536576
41755	0.000893720783
41756	0.004734895868
41757	0.003408156058
41758	0.00518337374
41759	0.00236384217
41760	0.001650828126
41761	0.00122283871
41762	0.001435335326
41763	0.003224683409
41764	0.0001447068615
41765	0.003291361122
41766	0.001548826548
41767	0.004627129634
41768	0.001576198483
41769	0.003083298822
41770	0.006759478124
41771	0.0007784947429
41772	0.002262589588
41773	0.006421234422
41774	0.000599637034
41775	0.0009162256431
41776	0.0005363890276
41777	0.001740302267
41778	0.000480122708
41779	0.002152522643
41780	0.0006897285161
41781	0.0003702756201
41782	0.0007138780174
41783	0.004384484614
41784	0.003503174082
41785	0.007491136488
41786	0.005192978598
41787	2.913653733e-05
41788	0.0003618089073
41789	0.0006516562611
41790	0.0006583507023
41791	0.0005046604878
41792	0.0005813943947
41793	0.0006356650899
41794	0.0008826765884
41795	0.002114740693
41796	0.0005268892437
41797	0.001641010639
41798	0.0008693827459
41799	0.0003199612437
41800	0.001234545177
41801	0.001274511084
41802	0.001452634678
41803	0.002301539994
41804	0.002291942085
41805	0.00111754135
41806	0.001807053479
41807	0.001163035465
41808	0.001574609808
41809	0.003065069678
41810	0.0007746336645
41811	0.0023642239
41812	4.833096636e-05
41813	0.0008078729588
41814	0.005432848769
41815	0.0004230792924
41816	0.002559602518
41817	0.002642831523
41818	0.004633864679
41819	0.0005696151175
41820	0.001003097463
41821	0.0009817211214
41822	0.0052300076
41823	0.0003770609719
41824	0.001370813724
41825	0.0008157698926
41826	0.00232068021
41827	0.0001309190335
41828	3.330129859e-05
41829	0.0009042990735
41830	0
41831	0.001796857883
41832	0.006742725534
41833	0.002220427394
41834	0.004104281719
41835	0.001443441774
41836	0.003050143584
41837	0.001698543447
41838	0.001200107457
41839	0.0009083144444
41840	0.0008601908101
41841	0.004502973422
41842	0.0003013978669
41843	0.003315650635
41844	1.176353721e-05
41845	8.927579485e-05
41846	0.0009482281562
41847	0.0002661135877
41848	0.0004662753921
41849	0.001668454212
41850	0.00049965279
41851	0.003553852119
41852	0.004843067037
41853	1.46118476e-05
41854	0.001222579718
41855	0.0006247568772
41856	0.00148406163
41857	0.0005214087143
41858	0.00081498647
41859	0.0003771145578
41860	0.001829986224
41861	0.0002859659667
41862	0.0001405227512
41863	0.0001170618825
41864	0.0008936410619
41865	0.002436452132
41866	0.004026372786
41867	0.001235220889
41868	0.001635764504
41869	0.004369801581
41870	0.002027979867
41871	0.001674509618
41872	0.002359665335
41873	0.001793893094
41874	0.005515028365
41875	0.006593262496
41876	0.000784572246
41877	6.032960676e-05
41878	0.000642138195
41879	0.003707746803
41880	0.002841192772
41881	0.002065898156
41882	0.00452572576
41883	0.00308674293
41884	0.002079479645
41885	0.00188950472
41886	0.002578000143
41887	0.005593743146
41888	0.0007760881955
41889	0.0004297393614
41890	0.000447820829
41891	0.0004052001321
41892	0.0001748959167
41893	0.001406491737
41894	0.004704376461
41895	4.992418854e-05
41896	0.001752633256
41897	0.01286917536
41898	0.002488615968
41899	0.006071217125
41900	0.004221872786
41901	0.003336057016
41902	0.000668634459
41903	4.785628577e-05
41904	0.0007454414226
41905	0.001015301171
41906	0.003781239101
41907	0.001808052605
41908	0.005372949706
41909	0.009394201191
41910	0.004031867227
41911	0.002643064447
41912	0.003602283206
41913	0.001788374522
41914	0.0008107978177
41915	0.001474483202
41916	0.0007946990785
41917	0.0002173610344
41918	0.000447718806
41919	0.0006117794515
41920	0.0005088099336
41921	0.004573145711
41922	0.001585287173
41923	0.0008484337362
41924	0.001138797835
41925	0.001709060332
41926	0.0004730707666
41927	0.003955094892
41928	0.0002501504027
41929	0.0002254863401
41930	0.002585414905
41931	0.003061506121
41932	0.0002232406359
41933	7.294852759e-05
41934	0.005760184087
41935	0.003024530748
41936	0.004060972539
41937	0.0005579139295
41938	0.0002133588332
41939	0.001039564709
41940	0.0007433031261
41941	0.001116272029
41942	0.002841882502
41943	0.0005172650754
41944	0.0006825422412
41945	0.001878230449
41946	0.0001867833252
41947	0.001931762129
41948	0.000123846747
41949	0.001974094296
41950	0.002427315031
41951	0.002261052703
41952	0.002208392589
41953	0.0006263423872
41954	4.151301502e-05
41955	0.00312154913
41956	0.001470998985
41957	3.248835773e-05
41958	0.001828864658
41959	0.003098766264
41960	0.006040010514
41961	1.735144658e-05
41962	0.0001375171596
41963	0.002611005769
41964	0.002743886909
41965	0.003631696371
41966	0.00465642953
41967	0.004635031698
41968	0.000305983481
41969	0.004123187313
41970	0.002221990113
41971	0.00668271028
41972	0.0007257259754
41973	0.002069207908
41974	0.003113794093
41975	0.008189537639
41976	0.001146011238
41977	0.0004480101035
41978	0.001610370543
41979	0.0007041975669
41980	0.001144667221
41981	0.002001510115
41982	0.0004252293393
41983	0.0001258481631
41984	0.0006420804619
41985	0.0009664580799
41986	0.0007611721218
41987	2.232333171e-05
41988	0.001964300629
41989	0.00301949034
41990	0.0006417140503
41991	0.001539150979
41992	0.001410297042
41993	0.005490006718
41994	0.002477890333
41995	0.004850425977
41996	0.003597438846
41997	0.0001348343686
41998	0.000694159573
41999	0.001029863185
42000	0.001425166788
42001	0.006332457508
42002	0.0002180336055
42003	0.0005076839422
42004	0.001690265281
42005	0.00180133724
42006	0.001000462728
42007	0.007019822484
42008	0.007010856179
42009	0.004702420691
42010	0.0009385478623
42011	0.000382193399
42012	0.00158883922
42013	0.002020292758
42014	0.004936440127
42015	0.00195096222
42016	0.0006827368281
42017	0.003399180653
42018	0.004558629069
42019	0.002715832386
42020	0.002669033145
42021	0.0006591975959
42022	0.004352591037
42023	0.0007387957814
42024	0.002940327144
42025	0.0003067335209
42026	0.005658769897
42027	0.003212694413
42028	0.002083466076
42029	0.002520440262
42030	0.0002784408945
42031	0.005250106979
42032	0.00406886406
42033	0.001653190312
42034	0.0002953343812
42035	0.0004984139325
42036	0.004081953011
42037	0.001297627195
42038	0.0006228224699
42039	0.001579973777
42040	0.001037590271
42041	0.001561581938
42042	0.002005545413
42043	0.006209388913
42044	0.0007009652095
42045	0.0004228058515
42046	0.001181663404
42047	0.004463384202
42048	0.000688068857
42049	7.047295887e-06
42050	0.004282205365
42051	0.003725771347
42052	0.0009465158465
42053	0.0007721066675
42054	0.001893675615
42055	0.001294358374
42056	0.004780586933
42057	0.001670061721
42058	0.002162172835
42059	0.00419459779
42060	0.003665975329
42061	0.0003356663543
42062	0.002643424007
42063	0.004829674617
42064	0.000525526473
42065	0.006454758351
42066	0.003252568641
42067	0.006814954918
42068	0.00236090918
42069	0.0008351633874
42070	0.0009634780019
42071	0.002959545191
42072	0.003095063208
42073	0.0004467242948
42074	0.001120145984
42075	8.278310809e-05
42076	0.002131454184
42077	0.0006384630622
42078	0.003281362158
42079	0.003086292849
42080	0.00392881237
42081	0.002568409626
42082	0.0004789331457
42083	0.0008059376438
42084	0.006215767454
42085	0.004780449291
42086	0.00543192224
42087	0.0005395303372
42088	0.004295050068
42089	0.0004558477174
42090	0.0002154475574
42091	3.254721728e-06
42092	0.0003565619709
42093	0.0006747052412
42094	0.001302164146
42095	0.0001148317552
42096	0.001887091396
42097	0.001398005511
42098	0.0001300905449
42099	0.0006318755345
42100	0.003581169467
42101	0.002379317973
42102	0.0009585098659
42103	0.0006485453478
42104	0.002106655862
42105	0.006321146937
42106	0.001544657809
42107	0.002742503872
42108	0.00316734822
42109	0.001406066248
42110	0.001529780164
42111	0.001056954879
42112	0.002570405054
42113	0.0003614959156
42114	0.006525732744
42115	0.001225842577
42116	0.0001667138044
42117	0.002706773335
42118	0.0009105577979
42119	0.001645315199
42120	0.005458870049
42121	0.004738901989
42122	0.006223817157
42123	0.002961289275
42124	0.00345397301
42125	0.0005578686725
42126	0.004157384848
42127	0.00055536624
42128	0.0007185407019
42129	0.002972351352
42130	0.002291445789
42131	0.001245364621
42132	0.001862976129
42133	0.001736984669
42134	0.0024341974
42135	0.006530717443
42136	0.003881253512
42137	0.004430328935
42138	2.998728027e-05
42139	0.001193900523
42140	0.005229007458
42141	0.01075305566
42142	0.0003481314436
42143	0.0004350571731
42144	0.001413741598
42145	0.005083433156
42146	0.002208842889
42147	0.002242689167
42148	0.0003033509612
42149	0.00114483437
42150	0.001194216077
42151	4.667780759e-05
42152	0.0007492976485
42153	0.004310826354
42154	0.0003329780149
42155	0.00895756592
42156	3.203447933e-05
42157	0.00719208702
42158	0.0005423091921
42159	0.002689239974
42160	1.608825013e-05
42161	0.002750355406
42162	0.000147517928
42163	0.00134309301
42164	0.0009356510619
42165	0.004770154811
42166	0.001301206892
42167	0.001902913457
42168	0.002129079239
42169	0.0001568583919
42170	1.599632159e-05
42171	0.0001656758661
42172	0.002191917749
42173	0.001494017318
42174	0.001465421183
42175	0.00489633479
42176	0.000435891797
42177	0.007624415276
42178	0.001077198155
42179	0.0038410883
42180	0.001309794377
42181	0.002443248054
42182	0.003256316212
42183	0.0003106536855
42184	0.0007186876081
42185	0.001513635287
42186	0.001130664241
42187	0.001651113417
42188	0.002574038491
42189	0.0001946983351
42190	0.0002734149032
42191	0.004769814604
42192	0.001598016752
42193	0.0009703541248
42194	0.0007760841104
42195	0.0004937480676
42196	0.0043285074
42197	0.005095759822
42198	0.002885377956
42199	0.002353513539
42200	0.005547491353
42201	0.003893022754
42202	0.0007939715789
42203	0.001321542348
42204	0.0008965389515
42205	0.004335175582
42206	0.004620165828
42207	0.0009364045147
42208	0.003505867879
42209	0.002310427953
42210	0.0006271136627
42211	0.001164178171
42212	0.0006160279445
42213	0.0006066488571
42214	0.0001255189518
42215	0.003080075143
42216	0.003552207264
42217	0.0005870747758
42218	0.001619618283
42219	0.007053857419
42220	0.001322036412
42221	0.0005836430715
42222	0.004735857036
42223	0.0008963427337
42224	0.0005296794153
42225	6.911129956e-06
42226	0.002498265334
42227	0.00302066193
42228	0.0004681657481
42229	0.0002497641588
42230	0.002218024355
42231	0.006252795128
42232	0.001177970299
42233	0.005965904044
42234	0.002512867332
42235	0.003489855389
42236	0.001642576422
42237	0.00202721044
42238	0.002278586768
42239	0.0002796094319
42240	0.003305932502
42241	0.0008043615766
42242	0.004746756347
42243	0.006051557008
42244	0.00519632641
42245	0.003134169139
42246	0.002867994602
42247	0.0007553697167
42248	0.0008010929719
42249	0.002051924795
42250	0.002571773454
42251	0.0003272232627
42252	0.003691079637
42253	0.007308086386
42254	0.002853584636
42255	0.003092424065
42256	0.001105340394
42257	6.051658907e-06
42258	0.00038515221
42259	0.004045168782
42260	0.003727276192
42261	0.0004549862577
42262	0.0009384414575
42263	0.003767919429
42264	0.002485507992
42265	0.002171881932
42266	0.0005902249049
42267	0.002985964894
42268	0.0009945151764
42269	4.129020127e-05
42270	0.002555611114
42271	0.0004373352379
42272	0.001151874659
42273	0.001213919607
42274	0.0006652705778
42275	0.003941861601
42276	0.01083977517
42277	0.0001047121569
42278	0.003647774567
42279	0.0009032497423
42280	0.002721800539
42281	0.0002099039992
42282	0.001543738078
42283	0.002034983691
42284	0.001801619467
42285	0.001487972048
42286	0.0006151697407
42287	0.006811056345
42288	0.003315686117
42289	0.003671196269
42290	1.649726394e-06
42291	0.0004551171433
42292	0.002074219221
42293	0.0007074413079
42294	0.003333453193
42295	0.002015102081
42296	0.00129621
42297	4.952889981e-05
42298	0.00283709799
42299	0.000670460044
42300	0.002194118044
42301	0.001564953629
42302	0.001101296992
42303	0.001773011012
42304	0.005956656043
42305	0.008503800264
42306	0.003405216154
42307	0.000250954556
42308	0.002269714616
42309	0.002509274317
42310	0.0007832645185
42311	0.002289808055
42312	0.0004321248281
42313	0.002698329413
42314	0.0001174340275
42315	0.00142544098
42316	0.002862492933
42317	0.006046600649
42318	0.0001123445945
42319	0.001357385029
42320	0.001785449381
42321	0.002738095314
42322	0.002507994133
42323	0.005264971037
42324	0.002629644571
42325	0.0003624373016
42326	0.0005360211066
42327	0.005891065046
42328	0.005133205432
42329	0.001207529682
42330	0.002699500487
42331	0.0005647847882
42332	0.001263946061
42333	0.001356945328
42334	0.001490227332
42335	0.001157934347
42336	0.001283781347
42337	0.001641151779
42338	0.0003574588375
42339	0.003094157943
42340	0.001837272349
42341	0.006476195975
42342	0.001904470098
42343	0.004962105592
42344	0.0007677898174
42345	0.0004446792944
42346	0.0007920215238
42347	0.0003713912252
42348	0.0003901825955
42349	0.0002343970683
42350	0.001570116934
42351	0.005720753379
42352	0.0009356770936
42353	0.001369554548
42354	1.058597345e-05
42355	0.0002461415288
42356	0.0002866808525
42357	0.0020494926
42358	0.001467788896
42359	0.002360637071
42360	0.0001409210489
42361	0.001533303787
42362	0.002709846169
42363	0.002154991572
42364	0.003350578239
42365	0.0004409155801
42366	0.00263805809
42367	0.00167003448
42368	0.0006723126594
42369	3.429356167e-05
42370	6.124687588e-05
42371	0.001162524221
42372	0.003563236924
42373	0.004775334808
42374	0.002279580566
42375	0.00376680986
42376	0.00246017387
42377	9.128741298e-05
42378	0.003061695117
42379	0.005285013297
42380	0.0001777940194
42381	0.001667780598
42382	0.005299270764
42383	0.0007217854459
42384	0.002311564332
42385	0.002232679342
42386	2.618304453e-05
42387	0.002095949427
42388	0.0007277658008
42389	0.006568827826
42390	8.726240723e-05
42391	0.006128778496
42392	0.0001079606489
42393	0.006217492368
42394	0.0005919054146
42395	0.0002419203865
42396	0.003336477811
42397	0.001456413019
42398	0.001520454873
42399	0.0008872207939
42400	0.0003518270658
42401	2.998980333e-05
42402	0.0007915596623
42403	0.005763436148
42404	0.002224892519
42405	0.001944956731
42406	0.002490286238
42407	0.0009541169857
42408	0.001765662695
42409	0.00188268802
42410	0.002156512629
42411	0.00226084257
42412	0.0003881431726
42413	0.003165930009
42414	0.0009616887203
42415	0.004328943161
42416	0.0001765616014
42417	0.001552728694
42418	0.0004670044092
42419	0.0007141024537
42420	0.0002456246426
42421	0.003166278195
42422	0.0004346743952
42423	0.001221622371
42424	0.000130791735
42425	0.0003359120814
42426	0.0002108851461
42427	0.0001373728502
42428	0.001099371463
42429	0.000104465944
42430	0.0003242399281
42431	0.0004871242092
42432	0.0002920092034
42433	0.0005622083328
42434	0.0002864619307
42435	0.0001089888668
42436	0.001544147556
42437	0.003243814321
42438	0.001844251206
42439	0.005584836727
42440	0.0001750190239
42441	0.001310859999
42442	0.005566099886
42443	0.0001188283074
42444	0.0002632690637
42445	0.003869871606
42446	0.0001824244789
42447	0.0003071470672
42448	6.36578351e-05
42449	0.001813275409
42450	0.0008491287833
42451	0.0008884583363
42452	0.002604134569
42453	0.001518198098
42454	0.00328335901
42455	0.001909367943
42456	0.003008454813
42457	0.001472608599
42458	0.002061990641
42459	0.002174482838
42460	0.003246183029
42461	0.002088216539
42462	0.0008124423247
42463	0.001672809996
42464	0.005360264534
42465	0.0002155603914
42466	0.003891198236
42467	6.143966678e-05
42468	0.000491376113
42469	0.0001545992474
42470	0.0002684887306
42471	0.0003587944737
42472	0.0002156250837
42473	0.0003448784987
42474	0.0002231119614
42475	0.0002153494697
42476	0.0003722312221
42477	2.687829307e-05
42478	0.003700595157
42479	0.001557746975
42480	0.0001029903944
42481	7.699675456e-05
42482	7.992130773e-05
42483	0.002263014647
42484	0.0004453549679
42485	0.001527536267
42486	0.004366741576
42487	0.001456002395
42488	0.0004164751118
42489	0.004322982205
42490	0.002171092995
42491	0.0003129659289
42492	0.003504422423
42493	0.0004751150978
42494	0.003074724941
42495	0.0004296666856
42496	0.002563585726
42497	0.0006351944241
42498	0.0002432542696
42499	5.499215652e-05
42500	0.000342448596
42501	0.0002195839809
42502	0.0002232666253
42503	0.0006603784031
42504	0.0004287939042
42505	0.0005037224357
42506	0.002307957795
42507	0.0001623265727
42508	0.000199651631
42509	0.0002775419672
42510	0.003434885431
42511	0.002183835463
42512	0.001584032125
42513	0.0006752964169
42514	0.001727742636
42515	0.001452289897
42516	0.001059106554
42517	9.173719611e-05
42518	0.0005850178833
42519	0.000973514708
42520	6.698189509e-05
42521	0.0002569253428
42522	0.0005585090655
42523	0.001701813088
42524	0.001305522551
42525	0.002487766724
42526	0.003092909358
42527	0.003210775403
42528	0.001537781344
42529	0.000213766091
42530	0.001606154812
42531	0.002504645568
42532	0.003370759884
42533	0.001117219175
42534	0.001074478273
42535	0.002281048881
42536	0.0002261878264
42537	0.0006263991461
42538	0.002917729929
42539	0.001845986286
42540	0.0008196540707
42541	0.002268442457
42542	0.003745649528
42543	0.007301941534
42544	0.0008184368495
42545	1.49848527e-07
42546	0.001462099932
42547	0.006584621093
42548	0.001519497253
42549	0.001036138929
42550	0.001559176085
42551	0.002147401081
42552	0.008870140812
42553	0.000418619193
42554	0.001005678451
42555	0.005514398449
42556	0.001870101432
42557	0.00130575236
42558	0.005074949818
42559	0.005207367638
42560	0.001794007815
42561	0.001082074412
42562	0.00235833484
42563	0.004414177431
42564	0.003831327427
42565	0.003243700211
42566	0.002243676066
42567	0.0008873460622
42568	0.00329273019
42569	0.001829485279
42570	0.0004264663292
42571	0.004105298798
42572	0.003640115256
42573	0.004029986126
42574	0.002425926733
42575	0.008023347263
42576	0.001196686174
42577	0.002818099367
42578	0.0004262465652
42579	0.005791012799
42580	0.004311456561
42581	0.002799064066
42582	7.885768163e-05
42583	0.007690421315
42584	0.003254281794
42585	0.002227692259
42586	0.00402555662
42587	0.000658285033
42588	0.00204013901
42589	0.001843305541
42590	0.005442908332
42591	0.001735063577
42592	0.0003379222566
42593	0.002851339034
42594	0.0006699631509
42595	0.001305266386
42596	0.001778794462
42597	0.00772573834
42598	0.004112435185
42599	0.002562260987
42600	0.0009474656638
42601	0.006286669748
42602	0.001116867441
42603	0.0001204578737
42604	0.001815036778
42605	0.003687584773
42606	0.0004684325867
42607	0.0003145839182
42608	0.003946099606
42609	0.004769543027
42610	0.0008085597957
42611	6.57694055e-05
42612	0.003572774585
42613	0.001619100436
42614	0.0008591040899
42615	0.001343541957
42616	0.001836935614
42617	0.0008708964398
42618	0.0008178788658
42619	0.0003540847728
42620	0.000298641522
42621	0.0006519367907
42622	0.0002723161344
42623	0.000732434516
42624	0.002540394165
42625	0.000255134546
42626	0.0002107771474
42627	0
42628	0.000724202773
42629	0.0008391493127
42630	0.001801000913
42631	7.270564089e-05
42632	8.620478495e-05
42633	0.0003198036169
42634	0.0001076291266
42635	0.0001650899208
42636	0.0003248539346
42637	0.0001765513074
42638	1.138509329e-05
42639	0.0002070095141
42640	0.0004723411188
42641	3.49662508e-06
42642	0.0003852422566
42643	0.001890924506
42644	0.0001916702899
42645	0.0004067203228
42646	0.000200108059
42647	5.421396406e-05
42648	0.0002610938974
42649	0.0004481857405
42650	0.005389793017
42651	0.00181652003
42652	0.003789078506
42653	0.005519502706
42654	0.0009991798645
42655	0.004752769061
42656	0.002496088255
42657	0.001473373693
42658	0.0002976583117
42659	0.0001224452546
42660	0.0004816864401
42661	7.605460671e-05
42662	0.0003722742853
42663	0.005287972247
42664	0.0005451216767
42665	0.0004001133725
42666	0.002933296982
42667	0.0002758712306
42668	0.0003898711502
42669	0.0004434949642
42670	0.001460761665
42671	0.001138622781
42672	0.001424618615
42673	0.001297011354
42674	0.001558896702
42675	0.001434565223
42676	0.006753043695
42677	0.001280512141
42678	0.0004037382333
42679	0.006236506782
42680	0.003171283632
42681	0.0009086535658
42682	4.062014628e-05
42683	0.0003187461023
42684	0.0005788340354
42685	9.012845316e-05
42686	0.0001066429637
42687	9.799121132e-05
42688	5.862811873e-05
42689	0.003030510352
42690	0.003307795133
42691	0.0008373915
42692	0.001074055143
42693	0.004433307544
42694	0.002791667138
42695	0.001855891104
42696	0.0004281229339
42697	0.001470293142
42698	0.001770721325
42699	0.0002181217545
42700	0.003598178003
42701	0.001837442905
42702	0.00442569116
42703	0.0004278764809
42704	0.006299525612
42705	0.003159204865
42706	0.000284608884
42707	0.00636999724
42708	0.002125334895
42709	0.001298943066
42710	0.0004442496466
42711	0.00252731704
42712	0.00212783656
42713	0.00661660628
42714	0.0002687435341
42715	0.0001571234427
42716	0.0005023734107
42717	0.001426548485
42718	3.495264311e-05
42719	0.0003766118783
42720	0.001193117816
42721	0.0002254460646
42722	0.0005390775373
42723	0.0008450185983
42724	4.417912853e-05
42725	0.0002143926128
42726	0.0009072330954
42727	9.936573072e-05
42728	0.001809088992
42729	0.0004304034165
42730	0.0003970833428
42731	0.0009241077431
42732	0.0006500603722
42733	0.003236960627
42734	0.001219867594
42735	0.001133849467
42736	9.517042685e-05
42737	0.001076129997
42738	0.0002129705016
42739	0.0008862412553
42740	0.002125121255
42741	0.001182083872
42742	0.002393098553
42743	0.0006094262285
42744	0.00120020184
42745	0.0009686307999
42746	0.001066266711
42747	0.001932581566
42748	0.004916622263
42749	0.0008323367345
42750	0.002840964294
42751	0.01121918102
42752	0.0009283689254
42753	0.002206882359
42754	0.005966543497
42755	0.00296023995
42756	0.002716593671
42757	0.0006173755288
42758	0.007205145675
42759	0.0003129005651
42760	0.00100283258
42761	0.002041532497
42762	0.00283429455
42763	0.0007164802144
42764	0.002308505571
42765	0.0005802533222
42766	0.002364580549
42767	0.00187161053
42768	0.00183570401
42769	0.002289837539
42770	0.002869467172
42771	7.70127823e-05
42772	0.001950999779
42773	0.00050990899
42774	0.000554322188
42775	0.003859786796
42776	0.0001985783136
42777	0.003516851624
42778	0.0004431762806
42779	0.0005716367592
42780	0.0002701116105
42781	0.0001584238382
42782	0.0001421510382
42783	6.781301541e-05
42784	5.10653041e-05
42785	0.0003004038506
42786	1.98818044e-05
42787	0.0001004271132
42788	3.735980095e-05
42789	0.001869402156
42790	0.003357783139
42791	0.001982738542
42792	0.002066966067
42793	0.0009537281388
42794	0.002113488338
42795	0.001547614959
42796	0.0002173451936
42797	0.002345690285
42798	0.000847317829
42799	0.002418528175
42800	0.001476880805
42801	0.0003557849994
42802	0.00377285123
42803	0.003469520052
42804	0.001515476171
42805	0.0003093649026
42806	0.0003757740759
42807	0.001112077519
42808	0.0004219674458
42809	0.0006031034607
42810	0.0002508881099
42811	0.0001132791996
42812	0.0006373874169
42813	0.003886529593
42814	0.0006308785559
42815	0.003497033063
42816	0.005748590852
42817	0.008211844154
42818	0.001285969863
42819	0.0047125822
42820	0.00122726118
42821	4.279685909e-05
42822	0.0001976844594
42823	9.138154873e-05
42824	0.0005713205068
42825	0.0006624684178
42826	0.0005533331738
42827	0.0005601394923
42828	0.0003455009118
42829	0.004572039533
42830	0.004038285105
42831	0.003015224859
42832	0.0001822525586
42833	0.002765417018
42834	0.0009483993046
42835	0.004801691293
42836	0.003275859628
42837	0.0007026410184
42838	0.0001299867839
42839	0.0004723118213
42840	0.000395082343
42841	0.0009218255247
42842	0.001963186805
42843	0.0003924318569
42844	0.0003875088801
42845	0.0003876774555
42846	0.003515342365
42847	0.00554361737
42848	0.0001252049475
42849	0.001721151932
42850	0.0006831503539
42851	0.001032048563
42852	6.219412417e-05
42853	0.00169108049
42854	0.004200899299
42855	0.00102495384
42856	0.005392738244
42857	0.001380841715
42858	0.003474024877
42859	0.003130124879
42860	0.001232320817
42861	0.001567511394
42862	0.0002905252423
42863	0.001198389007
42864	0.002167589993
42865	0.0001618566704
42866	0.0001919031743
42867	0.0002690103657
42868	0.003838499038
42869	0.001264193432
42870	0.0003449293211
42871	0.002666580512
42872	0.0003251183611
42873	0.003044316684
42874	5.26396587e-05
42875	0.003112081426
42876	0.001645391104
42877	0.004064093211
42878	0.001369236037
42879	1.628589776e-05
42880	0.0006051539662
42881	0.002740962566
42882	0.002327552308
42883	0.002751821404
42884	0.0004579912289
42885	0.002522099878
42886	0.0002161110147
42887	0.001211760092
42888	0.0006078147239
42889	0.001510735616
42890	0.006154399011
42891	0.001734930915
42892	3.211070496e-06
42893	0.001106884224
42894	0.0007659811937
42895	0.0002176264735
42896	0.0003166210071
42897	0.0003583744884
42898	0.004989295403
42899	0.002367542607
42900	0.003878797597
42901	0.0004058173884
42902	0.003172050543
42903	0.0006002101211
42904	0.004470507608
42905	0.003296902572
42906	0.00298295531
42907	0.004458983598
42908	0.0001121380707
42909	0.0009586283322
42910	0.0004014971843
42911	0.004538409771
42912	0.004195559962
42913	0.0001134057643
42914	0.003243024295
42915	0.00273926721
42916	0.006018161851
42917	0.0007084866524
42918	0.002263871403
42919	0.0001041329307
42920	0.001075148531
42921	0.003884651629
42922	0.0003409061297
42923	0.0006061268237
42924	0.0001446269199
42925	0.001920649669
42926	0.0007456812328
42927	0.003575809754
42928	0.001450444815
42929	0.0005043621096
42930	0.002751247281
42931	0.0007448075547
42932	0.01104956909
42933	5.773163893e-05
42934	0.0006131469365
42935	0.002151742751
42936	0.0007876528746
42937	0.001346867717
42938	0.0006907375193
42939	0.000662903236
42940	0.0002109041352
42941	0.00198030063
42942	0.0002369386265
42943	0.0003823360079
42944	0.002176872668
42945	0.004218306445
42946	0.0005366371999
42947	6.43263849e-05
42948	0.003393659099
42949	0.0009495776172
42950	1.345071596e-05
42951	0.0026334506
42952	0.002194757093
42953	0.009276703342
42954	0.001584819087
42955	0.001266089555
42956	0.002994431839
42957	0.0008305490486
42958	0.003119573878
42959	0.005397130219
42960	0.0004342421305
42961	0.002376735131
42962	0.00153645312
42963	0.003634081296
42964	0.001417893702
42965	0.0001882899664
42966	0.0001762116708
42967	0.000262600307
42968	0.005832480626
42969	0.003035712536
42970	0.003180928528
42971	0.001104346545
42972	0.003318694823
42973	0.002719595395
42974	0.001102680139
42975	0.007228085709
42976	0.0002252845141
42977	0.0004108910435
42978	0.0003968110639
42979	1.814052531e-05
42980	0.006562777089
42981	0.0001097232018
42982	0.001989904382
42983	0.0007747627211
42984	0.0005407367904
42985	0.001847135727
42986	0.001419397215
42987	0.0005762303112
42988	0.0004765763859
42989	0.00103188934
42990	0.0007714746478
42991	0.003346746427
42992	0.00546575222
42993	0.002054724177
42994	0.0005911605841
42995	0.001921634346
42996	0.00144314929
42997	0.002255450389
42998	0.001252673516
42999	0.001179040217
43000	0.001781216816
43001	0.003657985842
43002	0.001020626856
43003	0.001826698674
43004	0.002649896796
43005	0.002685164781
43006	0.0002086279291
43007	0.0009109269959
43008	0.002285592569
43009	0.001918841942
43010	0.0007255956234
43011	0.0006212877362
43012	0.001230535735
43013	0.0007221515817
43014	0.0004756187923
43015	0.003715851476
43016	0.001048910386
43017	0.001258549198
43018	0.00171997746
43019	0.00162723479
43020	0.0009867354554
43021	0.002119013289
43022	0.0006353417169
43023	0.002458615299
43024	1.345341018e-05
43025	0.0006488917907
43026	0.00265058916
43027	0.001304128911
43028	0.0004799618846
43029	0.001899993379
43030	0.003054868972
43031	0.002998097168
43032	0.005732178352
43033	0.001085973002
43034	0.003501069955
43035	0.003770331624
43036	0.001722822324
43037	0.001221719551
43038	0.0007555030352
43039	0.001941974818
43040	0.0001627330152
43041	0.004579437256
43042	0.002162885086
43043	0.002319092041
43044	0.002557853704
43045	0.006266149081
43046	0.003206289747
43047	7.744205728e-05
43048	0.0031363974
43049	0.0001910121323
43050	0.000298556022
43051	0.0003203506264
43052	1.650685405e-05
43053	0.0004901735129
43054	0.00123217151
43055	0.00212957421
43056	0.0001922299416
43057	0.002575404846
43058	9.466949531e-05
43059	0.0002844972169
43060	0.0007307641945
43061	0.0001676383723
43062	0.0009808123083
43063	0.0006760988209
43064	0.001201548895
43065	0.0005604346523
43066	0.00203353003
43067	4.251535397e-05
43068	0.002641752789
43069	0.001756643051
43070	0.0002904004559
43071	0.0004651704729
43072	0.002647045788
43073	0.001686032467
43074	0.003101471513
43075	0.001587043791
43076	0.0041322748
43077	0.0003139528317
43078	0.0005441050658
43079	0.002206756949
43080	0.002474316522
43081	0.004966509577
43082	0.001633127042
43083	0.002516939658
43084	0.0007366790075
43085	0.003141376633
43086	0.003514151409
43087	0.000432745969
43088	0.003844380436
43089	0.004747777883
43090	0.002543000209
43091	0.001421975117
43092	0.0005338652059
43093	0.002604449394
43094	0.001143409337
43095	0.0004481242097
43096	0.0005131122597
43097	0.001086095193
43098	0.005964550262
43099	0.01006245436
43100	0.004538728796
43101	0.00565365908
43102	0.002793447097
43103	6.211072027e-05
43104	0.001629209767
43105	0.003439056046
43106	0.003898743484
43107	0.002841962044
43108	0.001218497974
43109	0.0005887910647
43110	0.005208361958
43111	0.001238563023
43112	0.001626944717
43113	0.001232098851
43114	0.0007025353306
43115	0.001682014069
43116	0.002503746385
43117	0.003148888997
43118	0.001705857406
43119	0.002569498991
43120	0.0009441616444
43121	0.0005825522559
43122	0.00248315737
43123	0.003358345146
43124	0.002176122936
43125	0.001318646641
43126	0.001398376155
43127	0.003322273597
43128	0.002257613303
43129	4.457252222e-08
43130	0.002004147755
43131	0.003340915382
43132	0.001708607626
43133	0.00330432887
43134	0.004084606954
43135	0.005076344511
43136	0.004048423601
43137	0.004751241663
43138	0.0006732758406
43139	0.005627946258
43140	0.006233720769
43141	0.005711659739
43142	1.445633588e-05
43143	0.001650307036
43144	0.003409599557
43145	0.0004385852088
43146	0.003516001698
43147	0.003387323094
43148	0.005596372864
43149	0.002091589896
43150	0.0006063574984
43151	0.002896593327
43152	0.005261185426
43153	0.001995270262
43154	0.002244563539
43155	0.006104639511
43156	0.002117604981
43157	0.002607856734
43158	0.00211843045
43159	0.001692392633
43160	0.0009510494789
43161	0.0001420295675
43162	0.0005132569856
43163	0.0009287597375
43164	0.004180811282
43165	0.00108955382
43166	0.005921128478
43167	0.001234082517
43168	0.001241810772
43169	0.003823565834
43170	0.002822414488
43171	0.001024108114
43172	0.0001997374687
43173	5.697315445e-05
43174	0.0006879796547
43175	0.001906485359
43176	0.0006732059853
43177	7.483003811e-05
43178	0.0003071477701
43179	0.005586179611
43180	0.002847859624
43181	0.001405223083
43182	0.006314838502
43183	0.002979882148
43184	0.004424524576
43185	0.0002915881071
43186	0.005715791461
43187	0.003543328832
43188	0.001429924191
43189	0.006674094016
43190	0.0002099494697
43191	0.0009648160424
43192	0.003730245981
43193	0.0001665923838
43194	0.0004103296603
43195	0.001856674756
43196	0.004511306192
43197	0.0002101105338
43198	0.007886346136
43199	0.000279283563
43200	0.003211095187
43201	0.005152096244
43202	0.001674220018
43203	0.0007295398249
43204	0.002535290697
43205	0.001578198505
43206	0.0006170149755
43207	0.004978298289
43208	0.0009407992703
43209	0.001160803861
43210	0.002446905514
43211	0.0001932257639
43212	0.0002036800718
43213	0.0004687880644
43214	0.003002154224
43215	0.002812199146
43216	9.357853659e-05
43217	0.0001492789538
43218	0.0001849597758
43219	0.0001660360595
43220	0.002879487671
43221	0.003040346646
43222	0.0004105465182
43223	0.0001580039466
43224	0.001206410195
43225	0.0005098730166
43226	0.004061657661
43227	0.0003211930613
43228	0.00124682834
43229	0.0002738431409
43230	0.001498468819
43231	0.0009295306386
43232	0.001652728706
43233	0.003778051585
43234	0.0002595881684
43235	0.0001013165564
43236	1.246674214e-05
43237	0.001856084565
43238	0.003945356644
43239	0.004478981693
43240	0.0005657887483
43241	0.0001344147029
43242	0.003216314742
43243	0.003303985633
43244	0.0003773815748
43245	5.967499842e-05
43246	3.048180617e-05
43247	0.0002659182769
43248	0.0008912019136
43249	0.0006326039898
43250	0.0003351537573
43251	0.0002917474557
43252	0.0002447102043
43253	0.0008180484591
43254	0.0007749937866
43255	0.007612945681
43256	0.0006286895284
43257	0.000322931895
43258	0.0001668374291
43259	0.001213197509
43260	0.0001803102091
43261	0.002315745622
43262	0.0003079397706
43263	0.005752625857
43264	0.0003553956083
43265	0.003153098692
43266	0.001014246449
43267	0.0004380475015
43268	0.0006117290918
43269	0.0005567280848
43270	0.001718014898
43271	0.003144919804
43272	0.001556399831
43273	8.163872938e-05
43274	0.004102950099
43275	0.0002549317798
43276	0.001516688035
43277	0.0002855902188
43278	1.373036393e-05
43279	0.002720827119
43280	0.0001506781101
43281	0.00232289032
43282	0.0001440864282
43283	0.001636402075
43284	0.001594370881
43285	0.004304428946
43286	0.0008989031929
43287	0.001761958748
43288	0.003949158719
43289	0.0003160807193
43290	0.0006122859285
43291	0.002777868487
43292	0.00246510606
43293	0.006654521787
43294	0.001699910006
43295	0.003432954665
43296	0.001266500616
43297	0.003898618674
43298	0.002694616888
43299	0.002083205395
43300	0.0003904669659
43301	0.0004908246502
43302	0.001917807997
43303	0.0004224679274
43304	0.001167534797
43305	0.003936160953
43306	0.001194214088
43307	0.001965883295
43308	0.002851572545
43309	0.001798588926
43310	0.001367834735
43311	0.003088638664
43312	0.0004503877428
43313	0.005222730609
43314	0.001901072725
43315	0.005772498877
43316	0.000712165318
43317	0.003234571909
43318	0.0005757661956
43319	2.273946209e-05
43320	0.0008851594552
43321	0.0006502292896
43322	0.001088378795
43323	0.0002765510152
43324	0.002018071412
43325	0.003178671038
43326	0.001127178694
43327	0.005859595092
43328	0.003523909505
43329	0.001039968168
43330	2.403664759e-05
43331	0.000118136445
43332	0.0004369640724
43333	0.001304295412
43334	0.002423663154
43335	0.0005894516758
43336	8.361133864e-05
43337	0.0003850006487
43338	0.0006797356392
43339	0.0005478083604
43340	0.005063767241
43341	0.005789843
43342	0.002617285387
43343	0.001547372188
43344	0.002955682959
43345	0.003104140924
43346	0.0003222706507
43347	0.001208427138
43348	0.0008177801672
43349	0.0005546981391
43350	0.002230772536
43351	0.00116721619
43352	0.0006187962358
43353	0.001398722266
43354	0.001925272394
43355	0.0008373723128
43356	0.005546152332
43357	0.004216768799
43358	0.001485047548
43359	0.001547810382
43360	0.001577317507
43361	0.003304480231
43362	0.001010634587
43363	0.003205034393
43364	0.008523805515
43365	0.002284864765
43366	0.003863836464
43367	0.0004359066594
43368	0.00461991452
43369	0.001183756207
43370	0.003502368961
43371	0.01157844466
43372	0.007525224685
43373	0.0001826885537
43374	0.003497276686
43375	0.002747873961
43376	0.001088983512
43377	0.001379889628
43378	0.0006909760571
43379	0.001171998754
43380	0.0001467200126
43381	0.0006371889468
43382	0.0007283738672
43383	0.0005372927818
43384	0.003061835973
43385	0.001724108277
43386	0.0011788215
43387	0.002286469632
43388	0.006397282244
43389	0.005027319486
43390	0.0002379031802
43391	0.000646695677
43392	0.001213589259
43393	0.006720297407
43394	0.001475073935
43395	0.003793372572
43396	0.004301717126
43397	0.001194749082
43398	5.185874863e-06
43399	0.005971148267
43400	0.0009391160107
43401	2.245423293e-05
43402	0.004678257984
43403	0.00122926775
43404	0.003447388938
43405	0.001164303724
43406	0.003221751899
43407	0.003164353733
43408	0.0001536732727
43409	0.004182597603
43410	0.002272001197
43411	0.004059563198
43412	0.002641000399
43413	0.002877460088
43414	0.005305398942
43415	0.001958403868
43416	0.0008980279421
43417	0.0003826120836
43418	0.001774007635
43419	0.001577532023
43420	0.0009197166607
43421	0.001769243196
43422	0.0004548077519
43423	0.0001713561579
43424	0.0002730143911
43425	0.003113476996
43426	0.001343465194
43427	0.007325923416
43428	5.283988337e-05
43429	0.0008016548241
43430	0.0004573354465
43431	0.0003460179582
43432	0.0001687393598
43433	0.000446154346
43434	0.0003861372316
43435	0.0037789459
43436	0.003035769275
43437	0.001784822129
43438	0.003381228195
43439	0.0004388190683
43440	0.0002783792679
43441	0.0007224928242
43442	0.002312544263
43443	0.001256055858
43444	0.002807780719
43445	0.0005830860677
43446	0.007965782975
43447	0.000108494565
43448	0.002430138513
43449	0.00197392358
43450	0.001607186077
43451	0.0001513496822
43452	0.000151099537
43453	0.0001506623128
43454	4.429877815e-07
43455	0.0001508747783
43456	0.0001506923296
43457	0.0001511634391
43458	0.0002804723043
43459	0.0002931160104
43460	0.0002923501202
43461	0.0001514173802
43462	0.0004120738159
43463	1.259181082e-06
43464	0.0001511943512
43465	0.0001411560058
43466	0.0002925206861
43467	0.0001513405013
43468	0.0005259462208
43469	0.001968200608
43470	0.002320626753
43471	0.0005695551357
43472	0.00296402192
43473	0.0006484329277
43474	0.0004496692942
43475	0.0003966085558
43476	0.003491534142
43477	0.004939550857
43478	0.002883421771
43479	0.000296299048
43480	0.001210620599
43481	0.0017092577
43482	0.000172863999
43483	0.0001887753484
43484	0.002338247152
43485	0.0007284984183
43486	0.004892935213
43487	0.001190977
43488	0.0006747265823
43489	0.0001565255265
43490	0.001685436436
43491	0.002838463018
43492	0.001022597363
43493	0.001984430562
43494	0.002649587505
43495	0.003776492072
43496	0.0008406083886
43497	0.002377199377
43498	0.0017826928
43499	5.891098969e-05
43500	0.0006847715508
43501	0.0003136027454
43502	0.002137786273
43503	0.002258933395
43504	0.0009056952558
43505	0.00236461702
43506	0.001960521863
43507	0.0006235085741
43508	0.003618866168
43509	0.001729216969
43510	0.0003423878433
43511	0.00119262615
43512	0.002265372827
43513	0.0001653076923
43514	0.001350729416
43515	0.001941845318
43516	0.0002327391455
43517	0.0003282103648
43518	0.0008987564258
43519	0.001302045083
43520	0.001853484843
43521	0.001652896976
43522	0.0004759404514
43523	0.006332340987
43524	0.0006977800142
43525	0.002028839574
43526	0.004737373833
43527	0.001199204852
43528	0.005167026056
43529	0.0003857415168
43530	0.0004341192054
43531	0.000534071737
43532	0.007109245825
43533	0.00486330199
43534	0.002067513226
43535	0.004729171666
43536	6.554274512e-05
43537	0.004307886833
43538	0.004245874744
43539	0.0002990322386
43540	0.001237196735
43541	6.847571036e-05
43542	0.00383943778
43543	0.00259950039
43544	0.001487599308
43545	5.045877747e-05
43546	0.002852914165
43547	0.00148105667
43548	0.002345979431
43549	0.004302405138
43550	0.0004413465169
43551	0.0009805901451
43552	0.001279836536
43553	0.0009143840636
43554	0.01095792101
43555	0.0003340245285
43556	0.0001482378424
43557	0.0002285639168
43558	0.003146912827
43559	0.0006392644695
43560	2.818942246e-05
43561	0.002095769984
43562	0.0007146876839
43563	0.003332593917
43564	0.003508770404
43565	0.0006082434942
43566	0.00240655997
43567	0.001528339989
43568	0.001336935083
43569	0.000358681667
43570	0.002888057796
43571	0.002702057784
43572	0.0006758398696
43573	7.43263013e-05
43574	0.005431171223
43575	0.003704114333
43576	4.562077152e-05
43577	0.0009046889294
43578	5.207523559e-05
43579	0.002632103432
43580	0.001934312787
43581	0.00528201362
43582	0.001231071385
43583	1.930334011e-05
43584	0.0005141261808
43585	0.0005005181001
43586	0.001409611838
43587	0.001401503031
43588	0.002650921274
43589	0.004253162666
43590	0.0006973201501
43591	0.0008974220604
43592	0.000873361706
43593	0.0007640169454
43594	0.0008376619133
43595	0.007708601225
43596	0.001584907863
43597	0.0005183801122
43598	0.001463721984
43599	0.003823921191
43600	0.0004675414617
43601	0.0006023941084
43602	0.001686415743
43603	0.001155993644
43604	0.002877909896
43605	0.0008308423076
43606	0.006350099478
43607	0.0008550232126
43608	0.001449742685
43609	0.003194795208
43610	0.006403679967
43611	0.004737699456
43612	0.001796857881
43613	0.0001801932093
43614	0.002005770163
43615	0.001874043242
43616	0.0004118223277
43617	0.0008618293248
43618	0.005169965902
43619	0.002077120492
43620	0.0002272510399
43621	0.0003636033799
43622	0.001311918222
43623	0.003708383168
43624	0.001757501896
43625	0.001363463343
43626	0.000917986565
43627	0.0003519028808
43628	0.0009935225719
43629	0.002712021209
43630	0.0006046261068
43631	0.00240774921
43632	0.002795729132
43633	0.003269953802
43634	0.001563072312
43635	0.002844892879
43636	0.002442323793
43637	0.001570833696
43638	0.003780862353
43639	0.005737464731
43640	0.006096168731
43641	0.002547696772
43642	0.002339695016
43643	0.005869976626
43644	0.004993217842
43645	0.0007040755313
43646	0.003949454594
43647	0.00103228437
43648	0
43649	0.0004870463154
43650	0.002427892864
43651	0.001536700555
43652	0.00360173268
43653	0.001079589449
43654	0.001174607486
43655	0.001980885641
43656	0.003142974537
43657	0.0007028835119
43658	0.00117440264
43659	0.0009699832999
43660	0.002925346329
43661	0.0009719646373
43662	0.0009767561875
43663	0.000518228268
43664	0.004249819071
43665	7.985960799e-05
43666	0.0003960658456
43667	0.003646931189
43668	9.48241813e-05
43669	0.003595806614
43670	0.0007093532567
43671	0.007178979406
43672	0.00125758504
43673	0.001684953231
43674	0.001781777879
43675	0.0002165501708
43676	0.003430837719
43677	0.0007320945207
43678	0.0008009220698
43679	0.0009177580129
43680	0.0003655783429
43681	0.002102118425
43682	0.002642550675
43683	0.001025061555
43684	0.001881604993
43685	0.0001995723667
43686	0.001720503105
43687	0.002864917747
43688	0.002558055012
43689	0.001392776525
43690	0.002066467031
43691	0.003785858081
43692	0.003166932668
43693	0.001263456773
43694	0.0008337227047
43695	0.0006288443822
43696	0.004634397438
43697	0.002730691144
43698	0.001789430159
43699	0.0008670028452
43700	0.001626510139
43701	0.001651912607
43702	0.0007696965567
43703	0.002482438165
43704	0.001210467158
43705	0.0001497391956
43706	0.001453427212
43707	0.0003904790918
43708	0.00264339235
43709	0.0005621736716
43710	0.001747646862
43711	0.002130026382
43712	0.0002249496302
43713	0.001251760612
43714	0.001570011257
43715	0.003021972333
43716	0.002953312808
43717	0.0006892912342
43718	0.00317537663
43719	0.002585712477
43720	0.002404385589
43721	8.725246295e-05
43722	0.0002595597841
43723	0.003386828351
43724	0.006541912168
43725	0.003467395413
43726	0.001483797666
43727	0.0008606678227
43728	0.001085301169
43729	0.001447358842
43730	0.003743164187
43731	0.001434221754
43732	0.003803871287
43733	0.007833847435
43734	0.001437282156
43735	0.004079391611
43736	0.0006399749047
43737	0.0001264241121
43738	0.001969750662
43739	0.0004984029859
43740	0.003012343255
43741	0.004936800257
43742	0.002588325144
43743	0.00447181753
43744	0.0005371316092
43745	0.001635446657
43746	0.000387211476
43747	0.000250392914
43748	0.005198410462
43749	0.0001283079047
43750	0.001079895557
43751	0.0008483356697
43752	0.002869473061
43753	0.002372519163
43754	0.002283230845
43755	0.002176154044
43756	0.006724445841
43757	0.005198993223
43758	0.00266098907
43759	0.001190283981
43760	0.0001582954779
43761	0.0007294028479
43762	0.004106800058
43763	0.003488358742
43764	0.001211517951
43765	0.001019310373
43766	0.0007026837309
43767	0.002078196317
43768	0.0004067222403
43769	0.001546809673
43770	0.0004776521938
43771	0.0001859609773
43772	0.002497505609
43773	2.02696936e-05
43774	0.0004848061729
43775	0.004351027695
43776	0.001923432316
43777	0.001108763295
43778	0.0001536113306
43779	2.025025177e-05
43780	0.003814349322
43781	0.0001889479953
43782	0.0001878306322
43783	0.001362147888
43784	0.003192231761
43785	0.002992053208
43786	0.003036811302
43787	0.001234412168
43788	0.005443052
43789	0.003410721548
43790	8.108714857e-05
43791	0.004575664869
43792	0.001404071756
43793	0.004818792548
43794	0.001228774556
43795	6.951592853e-05
43796	0.001178777966
43797	0.002729953217
43798	0.0003817164946
43799	0.001283183476
43800	5.879807928e-05
43801	0.003658748086
43802	0.005331660048
43803	0.0004015352133
43804	0.0008306094632
43805	0.0006847868447
43806	0.0007787629148
43807	0.0001198507196
43808	0.0003004676629
43809	0.002356066611
43810	0.004331002422
43811	0.0009758365659
43812	0.001088944596
43813	0.002276499435
43814	0.003872208346
43815	0.001896761104
43816	0.001309219965
43817	0.002063488282
43818	0.001772763656
43819	0.002037994184
43820	0.004367044521
43821	0.001037060322
43822	0.0001105804968
43823	0.0005324836479
43824	0.000224920923
43825	0.002108835417
43826	0.002831316615
43827	0.0002664573896
43828	0.001093381724
43829	0.0005076729082
43830	0.0002961194412
43831	0.001663450478
43832	0.0001293502534
43833	0.0007748110135
43834	0.001766167868
43835	0.00268048129
43836	0.001298856793
43837	0.0001866160828
43838	0.001648447939
43839	0.0004191783382
43840	0.001536265605
43841	0.004147560128
43842	0.004583137141
43843	0.004229879724
43844	0.0005413473864
43845	0.001240619338
43846	0.001807226136
43847	0.001019844938
43848	9.969316055e-05
43849	0.0003383667643
43850	0.0001101015932
43851	0.001231368685
43852	0.001764312704
43853	0.001114279191
43854	0.0001012648231
43855	0.003132468478
43856	0.001908006977
43857	0.0006437930647
43858	0.002488986933
43859	0.0003283502618
43860	0.005175573076
43861	2.323072256e-05
43862	0.0001874901058
43863	0.001764890586
43864	0.0009393335901
43865	0.002394492716
43866	0.002185537232
43867	0.0007973178331
43868	0.002093855824
43869	0.002947441701
43870	0.001011893284
43871	0.0003298212154
43872	0.0003356980993
43873	0.00459860825
43874	0.0003040476634
43875	0.0001066640207
43876	0.002594800598
43877	0.0001958081314
43878	0.001272819726
43879	7.328086264e-05
43880	0.0005474159315
43881	0.002483240748
43882	0.002013551515
43883	0.001936869591
43884	0.003458580952
43885	0.001041277399
43886	0.001814588822
43887	0.002338505147
43888	0.001847115883
43889	0.0001770646898
43890	0.001966279853
43891	0.002646515389
43892	0.002207750328
43893	0.003934791525
43894	0.003542042088
43895	0.003063151347
43896	0.0003493674809
43897	0.001665756944
43898	0.0009925264076
43899	0.003352442014
43900	0.0006109418167
43901	0.001777476297
43902	0.004631786946
43903	0.003106785415
43904	0.0009634458667
43905	0.0003471123827
43906	0.0002941577215
43907	0.00530406326
43908	0.0002306011678
43909	0.0007804449073
43910	0.0001585301808
43911	0.0007800086894
43912	0.0001555589352
43913	0.0003120376396
43914	0.0001522570772
43915	0.0004656086961
43916	0.0003118332806
43917	0.0001574381095
43918	7.554021782e-08
43919	0.0001558773783
43920	0.0001519818329
43921	1.803226398e-07
43922	6.675600288e-08
43923	0.0001586528915
43924	0.000315599484
43925	6.463059448e-07
43926	0.0001532829488
43927	0.0003123342115
43928	0.001338331831
43929	0.0004513529185
43930	0.0003193443373
43931	0.0004155808038
43932	0.005524837575
43933	0.001807376054
43934	0.001534794492
43935	0.003257048263
43936	0.00479881255
43937	0.0001363997966
43938	0.002149021715
43939	0.004016192048
43940	0.0004819582349
43941	0.0001567094153
43942	0.003406468115
43943	0.0002336275115
43944	0.000732451391
43945	0.002439495205
43946	0.0004729093591
43947	0.002021729366
43948	0.0001554268383
43949	0.002455875014
43950	0.0007914820283
43951	0.0004103357712
43952	0.0002280850411
43953	0.0004198722113
43954	0.002052285861
43955	0.001342289516
43956	0.001831555045
43957	0.003777397269
43958	0.001784128787
43959	0.0002211339694
43960	0.002688139843
43961	0.0005191186394
43962	0.001149939532
43963	0.004296474891
43964	0.0002271621012
43965	0.0003892118256
43966	0.0003319768526
43967	3.958138734e-05
43968	5.079022872e-05
43969	0.002197206726
43970	0.0004004243703
43971	0.001591234466
43972	0.006204735892
43973	0.0003513239847
43974	0.0004575994847
43975	0.0001085296775
43976	0.0013145851
43977	0.003751060943
43978	0.0004566902017
43979	0.0007180848003
43980	0.001745686528
43981	0.00171025563
43982	0.005121403004
43983	0.0008620137701
43984	0.001894864656
43985	0.001838956225
43986	0.002770408511
43987	0.001486515519
43988	0.001778773082
43989	0.001651692752
43990	0.001367759349
43991	0.005168367456
43992	0.0002492353046
43993	0.003579709898
43994	0.002735008319
43995	0.00141138264
43996	0.0007385286712
43997	0.0004673473961
43998	0.002251611378
43999	0.000589896636
44000	0.001881657187
44001	0.002644462197
44002	0.002256791271
44003	0.00253318527
44004	0.0006490903083
44005	0.00415500932
44006	0.01149015157
44007	0.005549053992
44008	0.0004047563498
44009	0.004388012854
44010	0.001298212965
44011	0.0004435026343
44012	0.002137089107
44013	0.001437232445
44014	0.003505537607
44015	5.445525856e-05
44016	0.0005092296488
44017	0.001635534545
44018	0.004334389222
44019	0.009698360303
44020	0.0003223410928
44021	0.004824405314
44022	0.004170208667
44023	0.0001440025486
44024	0.0006082194481
44025	0.0004117380298
44026	0.0001258929808
44027	0.001449477858
44028	0.001790559145
44029	0.0001483445169
44030	0.003893162252
44031	0.005615379236
44032	0.001041907291
44033	0.0008140181407
44034	0.003295721725
44035	0.002219163922
44036	0.002358169829
44037	0.001907865216
44038	0.0001685625613
44039	0.0006180501885
44040	0.003651892233
44041	0.003024394119
44042	0.00195048148
44043	0.0002233932194
44044	0.006627211991
44045	0.001837049003
44046	0.005631113531
44047	0.0004636751836
44048	0.00290134783
44049	0.0007174008988
44050	0.0007163866893
44051	0.000174052405
44052	0.0008635393909
44053	0.002837858936
44054	0.004211615195
44055	0.0001815692556
44056	0.0004312537858
44057	0.004982926885
44058	0.003002066228
44059	0.001265004245
44060	0.0006375369171
44061	0.001494073365
44062	0.002259764248
44063	0.001525762885
44064	0.0007201039776
44065	0.0007503522563
44066	0.000243217767
44067	0.003017615373
44068	0.0001899591542
44069	0.002517965994
44070	0.0007247208684
44071	0.001629532503
44072	0.0004954293976
44073	0.002016218768
44074	0.002112424176
44075	0.002249861396
44076	0.00011700068
44077	0.002102997096
44078	0.004463261513
44079	0.00499194414
44080	8.466216047e-05
44081	0.00102425616
44082	0.0001593876687
44083	0.0003340354245
44084	0.0007814783319
44085	0.0007400606296
44086	0.003002549903
44087	0.001636779685
44088	0.001503629066
44089	0.003872914392
44090	0.0003492284849
44091	0.001186575377
44092	3.734145992e-05
44093	6.026189804e-06
44094	0.000718421958
44095	0.001809026058
44096	0.003481451626
44097	0.003654197562
44098	0.002633812627
44099	0.0009545718189
44100	0.0007680707364
44101	0.0006461135019
44102	0.002108294085
44103	0.0008944365111
44104	0.0002080201254
44105	0.002904112719
44106	0.001142758621
44107	0.001871407389
44108	0.003694889423
44109	0.003778358475
44110	0.001645273682
44111	0.001594146046
44112	0.005877910578
44113	0.007301928242
44114	0.0001263510102
44115	0.0004019931553
44116	0.003869954701
44117	0.002156347302
44118	0.0004583535965
44119	0.00185228099
44120	0.0002391236032
44121	0.002180924015
44122	0.001091513668
44123	0.003472814455
44124	0.001948034916
44125	0.0001127927746
44126	0.003279527255
44127	0.00219616832
44128	0.0003787464062
44129	0.0008804874721
44130	0.007215143315
44131	0.002015188197
44132	0.002959239857
44133	0.0008054235039
44134	0.0008623281615
44135	0.0001611595856
44136	0.0006905394693
44137	0.001848757659
44138	0.003223017409
44139	0.003147725923
44140	0.00196360777
44141	0.001935532444
44142	0.001362762036
44143	0.005736801483
44144	0.0006818095706
44145	0.00434727715
44146	0.001265335495
44147	0.004415065652
44148	0.0009231044594
44149	0.002137522994
44150	0.003403903509
44151	0.002601430685
44152	0.0008527205225
44153	0.001826171949
44154	0.0003654441037
44155	0.004707674274
44156	0.004318665361
44157	0.001825671316
44158	5.7609428e-05
44159	3.067834885e-05
44160	0.0005300667873
44161	0.0002089507657
44162	1.4398159e-05
44163	0.0004853168604
44164	0.0006623960609
44165	0.001971102766
44166	0.002233831636
44167	0.005909230762
44168	0.0002661809135
44169	0.005403238034
44170	0.002010793447
44171	0.001536629644
44172	0.006786757242
44173	0.002499741557
44174	0.001819212251
44175	0.002350462032
44176	0.0001893065054
44177	0.0009445042824
44178	0.0007099799748
44179	0.001614117026
44180	0.004298401567
44181	0.003162318054
44182	0.0003578856685
44183	0.003337948521
44184	0.002902585965
44185	0.00152457665
44186	0.001654844313
44187	0.004483171303
44188	0.00814924577
44189	0.001481324537
44190	0.001794077339
44191	0.001350700852
44192	0.003877595705
44193	0.004813229155
44194	0.001951771882
44195	0.0002415068094
44196	0.001589352948
44197	0.0009891198613
44198	0.001006625837
44199	0.002674525568
44200	0.003294907716
44201	0.001015317584
44202	0.001570513114
44203	0.00196721925
44204	0.001193309751
44205	0.002127710003
44206	0.001091185187
44207	0.0002422542894
44208	0.00149733419
44209	0.001064164009
44210	0.00242546016
44211	0.002703526894
44212	0.0004175444205
44213	0.001469283645
44214	0.005887016568
44215	0.001431913884
44216	0.001076090404
44217	0.001515887559
44218	0.0002456611255
44219	6.525652589e-05
44220	0.0009762519693
44221	0.002183867679
44222	9.553810466e-05
44223	0.000919314404
44224	0.0006871254737
44225	0.00179354929
44226	9.199383964e-05
44227	0.001252877821
44228	0.0002988155981
44229	0.002499918915
44230	3.541234859e-05
44231	0.0002734470913
44232	0.003224491373
44233	0.003657740287
44234	0.004199134895
44235	0.0009993761249
44236	0.005795780868
44237	0.00177935301
44238	0.002101781267
44239	0.0009003902089
44240	0.005135897477
44241	0.001226766789
44242	0.002576064005
44243	0.004315185564
44244	0.005160373301
44245	0.003823436763
44246	0.005615497136
44247	0.0008362846314
44248	0.0003951333848
44249	0.0005434385355
44250	0.001105997441
44251	0.0005850931296
44252	0.004250986941
44253	0.00249592879
44254	0.001286878474
44255	0.001628321692
44256	0.004470396339
44257	0.001260094804
44258	0.0003006848526
44259	8.660898697e-05
44260	6.58482841e-05
44261	0.003496352783
44262	0.002432688047
44263	0.000153592857
44264	0.000590812834
44265	0.004705255641
44266	0.005607484176
44267	0.0008093698349
44268	0.0004560802798
44269	0.0003513210933
44270	0.001505725193
44271	0.001358433076
44272	0.001929727159
44273	0.0004993397039
44274	0.0001109407395
44275	9.076531898e-05
44276	0.003751989763
44277	0.0006822437629
44278	0.0008291866705
44279	0.001739812912
44280	0.0009886985453
44281	0.0002734724427
44282	0.0009822612983
44283	0.0001401182033
44284	8.549978814e-08
44285	0.0002720476703
44286	0.0002721809393
44287	0.0001401137771
44288	0.0001324360839
44289	0.0001402085506
44290	0.0001319313953
44291	4.968386887e-05
44292	0.001677324133
44293	0.003504651936
44294	0.0008935526984
44295	0.0003601653191
44296	0.0004618756594
44297	0.0004916675439
44298	0.001088790042
44299	0.0008135076859
44300	0.0006173697093
44301	0.005364578091
44302	0.002592380463
44303	0.003658889771
44304	0.0006718554555
44305	0.0009168678903
44306	0.00236728261
44307	0.0003127573042
44308	0.0008234012612
44309	0.0002481068614
44310	0.004808391325
44311	0.0005599658371
44312	0.0002150990578
44313	0.001343056501
44314	0.0003684308218
44315	0.006019333618
44316	0.004938826743
44317	0.004225121118
44318	0.0007832118031
44319	0.004006771858
44320	0.004552026351
44321	0.003148268855
44322	0.001047493435
44323	0.0001333687392
44324	0.000141956549
44325	0.0002063465816
44326	1.816926964e-06
44327	0.00246275824
44328	0.001232694665
44329	0.0002080760437
44330	0.000277895808
44331	0.001580468826
44332	0.0005185835411
44333	0.0001557706394
44334	0.001461232278
44335	0.005260160052
44336	0.0008479926853
44337	0.0004922547625
44338	0.00233069988
44339	0.000491567044
44340	0.004746468385
44341	0.0003573755382
44342	0.007224803217
44343	0.0002450325008
44344	0.0006720828426
44345	0.001106962371
44346	8.867998041e-05
44347	0.000912947641
44348	0.001328011181
44349	0.005617363728
44350	0.001564325927
44351	0.008255387468
44352	0.001487611332
44353	0.002497731536
44354	0.001311392306
44355	0.002812994814
44356	0.00165698502
44357	0.001337562257
44358	8.984417504e-05
44359	0.0009890663634
44360	0.0001854786761
44361	0.0009474955311
44362	0.001624959341
44363	0.001497527804
44364	0.0009738877569
44365	0.0001144948719
44366	0.002917115926
44367	6.644394203e-05
44368	0.002747387906
44369	0.001209404254
44370	5.109878123e-05
44371	0.002525552072
44372	0.0008968184567
44373	0.0008578732208
44374	0.0006051692803
44375	0.0006653351106
44376	7.722658111e-05
44377	0.0002509675785
44378	0.0006878839571
44379	5.368725066e-05
44380	4.808583471e-05
44381	0.003109744426
44382	0.001424130908
44383	0.002827340831
44384	0.0008293021791
44385	0.001501635635
44386	0.0008297084658
44387	0.001719165584
44388	0.003211112512
44389	0.002381043713
44390	0.000997952774
44391	0.00176075495
44392	0.001618616348
44393	0.001696267332
44394	0.00140069077
44395	0.0006477776016
44396	0.001230347024
44397	0.001853283147
44398	0.0007329851536
44399	0.0007929506997
44400	0.002272383478
44401	0.0008219973017
44402	0.002409038589
44403	0.002989965847
44404	0.00174832165
44405	0.004220730157
44406	0.001688092556
44407	8.067959872e-05
44408	0.002769940885
44409	0.0002693359372
44410	0.0001377370219
44411	0.0006628194284
44412	0.002249612757
44413	0.001092537091
44414	0.0005066694749
44415	0.0005012420197
44416	0.005228938764
44417	0.0005717872404
44418	0.002634210411
44419	0.0004571772829
44420	0.002176133472
44421	0.003453886238
44422	0.001161921557
44423	0.001455997048
44424	0.005119329263
44425	0.0001339220848
44426	0.0004011634423
44427	9.858896804e-06
44428	0.004466404391
44429	2.788090107e-05
44430	0.001261902723
44431	0.001148735831
44432	0.001100295432
44433	0.0001982511915
44434	8.657128698e-05
44435	0.001437205046
44436	0.002642583388
44437	0.001700970255
44438	0.0004700136721
44439	0.0007255393213
44440	0.002519848981
44441	0.00138730151
44442	0.0004704022484
44443	0.001415502655
44444	0.00159152617
44445	0.004947442825
44446	0.002933876648
44447	0.002563538475
44448	0.001143817318
44449	0.00251308854
44450	0.004570759572
44451	0.0005592111865
44452	0.003943334606
44453	0.0001556860069
44454	0.0004687091876
44455	0.002145514434
44456	0.001303502529
44457	0.0001182873142
44458	0.001105565612
44459	0.001728897095
44460	0.001323374097
44461	0.003489762954
44462	0.0003429884613
44463	0.002684396924
44464	0.003565120396
44465	0.00407352332
44466	4.603038194e-05
44467	0.0001419863035
44468	0.001262652278
44469	0.0002118325201
44470	0.0004595964779
44471	0.0006501478845
44472	0.004259488949
44473	0.00010737925
44474	0.001739203943
44475	0.0005809802248
44476	0.0004193941287
44477	0.001361117531
44478	0.001742742401
44479	0.001098183371
44480	6.624001807e-05
44481	0.004184457032
44482	0.001658486505
44483	0.0002541822064
44484	0.002280544146
44485	0.000943770321
44486	0.002852426389
44487	0.01179050365
44488	0.001288379136
44489	0.002305434182
44490	0.003442378192
44491	0.002685546437
44492	0.001750580746
44493	0.000219321092
44494	0.003433848814
44495	0.0009929952659
44496	0.001232115368
44497	0.004482943642
44498	0.004039699782
44499	0.002755703546
44500	0.000752257808
44501	0.005760701798
44502	0
44503	0.005460238043
44504	0.0006338122308
44505	0.001366968573
44506	0.001057724252
44507	0.0003624859789
44508	0.002842805822
44509	0.001829239138
44510	0.00178285675
44511	0.003620708086
44512	0.002499884548
44513	0.0006947091472
44514	0.006280547562
44515	0.002458380238
44516	0.002767925515
44517	0.002394268744
44518	0.0004118344556
44519	0.008263205172
44520	0.00627251131
44521	0.001754260105
44522	0.0002079635357
44523	0.001192463889
44524	0.00273265217
44525	0.002525182623
44526	0.003953020347
44527	0.001620202644
44528	0.004196942866
44529	0.000693117022
44530	0.00144700825
44531	0.00226819786
44532	0.002311258128
44533	0.00565139602
44534	0.003014879739
44535	0.00242285507
44536	0.001341392772
44537	0.004652477757
44538	0.000752137617
44539	0.006236672655
44540	0.001183030857
44541	0.007289041578
44542	0.002900557442
44543	0.0002578951927
44544	0.0006734296442
44545	0.0008248399601
44546	0.003919645993
44547	0.005696500816
44548	0.002080080422
44549	0.005426053001
44550	0.00600872003
44551	0.004880608096
44552	0.008015571276
44553	0.00422186716
44554	0.0005574499989
44555	0.000322972539
44556	0.000410454342
44557	0.004430372964
44558	0.0005085053148
44559	0.001136774532
44560	4.989886075e-05
44561	0.002697799215
44562	0.004415805409
44563	0.001581968786
44564	0.0008149066612
44565	0.001186930836
44566	0.0004172694237
44567	0.005359771963
44568	0.002604201739
44569	0.006712045964
44570	0.0005489335928
44571	0.002300320237
44572	0.0005216609145
44573	0.002558962158
44574	0.004127415349
44575	0.0007543951827
44576	0.001852214042
44577	0.008119062985
44578	0.004031276125
44579	0.0009220952773
44580	0.004629988322
44581	0.007503345047
44582	0.005104978783
44583	0.002242248751
44584	0.0001160676003
44585	0.002415420839
44586	0.001772969568
44587	0.0003929886195
44588	0.0007101378187
44589	0.002966426889
44590	0.0005775297874
44591	0.0007524557643
44592	0.001861795702
44593	0.001276383603
44594	0.001736384617
44595	0.003488659213
44596	0.001648123573
44597	0.005063458084
44598	0.008467809876
44599	0.006301883706
44600	0.00547936183
44601	0.0003736234294
44602	0.0005968869828
44603	0.003478844722
44604	0.003543971808
44605	0.0001527204902
44606	0.0001947044721
44607	0.0003333183324
44608	0.001561977537
44609	0.0008260412093
44610	0.0007147375924
44611	0.0003101407518
44612	2.58990087e-05
44613	0.0004138670207
44614	5.764956252e-05
44615	0.0009728758024
44616	0.0001242888869
44617	0.0005197402252
44618	0.0007938205851
44619	0.001226835504
44620	0.0001597548008
44621	0.000552767414
44622	0.0005137898891
44623	5.859234984e-05
44624	0.001288084956
44625	0.00072700652
44626	0.0001162679502
44627	8.28964769e-05
44628	0.0005289010056
44629	0.00110192405
44630	0.0001772313094
44631	0.0006082419673
44632	0.0005546346814
44633	5.291064065e-05
44634	0.0004497742768
44635	4.97963636e-05
44636	0.0002192924638
44637	0.0005199881217
44638	0.0004065744807
44639	0.0003037746743
44640	0.0001655414636
44641	0.0007470815944
44642	0.00742160857
44643	0.002145538472
44644	0.007126335733
44645	0.00318251013
44646	0.002188574581
44647	0.001390472391
44648	0.0034427104
44649	0.004070676542
44650	0.001531661865
44651	0.003176402123
44652	0.0003180879076
44653	0.005759871346
44654	0.0003800114216
44655	0.0007203267874
44656	0.0007284978412
44657	0.00194819354
44658	0.0002681331866
44659	0.001093783327
44660	0.0005548336713
44661	0.002594531142
44662	0.0003681536509
44663	0.001381631024
44664	0.0005645499415
44665	0.001224763129
44666	0.001777767333
44667	0.003204792342
44668	0.0001820484771
44669	0.0007036845449
44670	0.0001261480468
44671	0.0006839424465
44672	0.001630132012
44673	0.003257312161
44674	0.004912175262
44675	0.006381478689
44676	0.0004601987461
44677	0.0002328833459
44678	0.0003007183289
44679	0.0005600011582
44680	0.0003650377834
44681	0.0009905979569
44682	0.0001040185804
44683	0.009341609312
44684	0.005696617576
44685	0.003844480568
44686	0.0003959364961
44687	0.0004442290772
44688	0.004377911205
44689	0.0002127726311
44690	0.001533334676
44691	0.005346522509
44692	7.156956164e-06
44693	0.0008443554991
44694	0.002151058863
44695	0.004139876964
44696	0.003301138002
44697	0.001432769964
44698	0.003320326071
44699	0.0004500690641
44700	0.003415941467
44701	0.001871468721
44702	0.005375674448
44703	0.01116202771
44704	0.0009520448192
44705	0.003046778766
44706	0.0005391706668
44707	0.0004021945061
44708	0.001030124971
44709	0.0004961887009
44710	0.006219620241
44711	0.000864803671
44712	0.003616976277
44713	0.003106443141
44714	0.00203927078
44715	0.002107071756
44716	0.0004883667871
44717	0.001706372988
44718	0.0008500049812
44719	0.004239327148
44720	0.0005339330181
44721	0.001177810941
44722	0.0005196680208
44723	0.0009027851479
44724	0.003923959809
44725	0.002774426402
44726	0.000175672556
44727	0.0005499778533
44728	0.004382869881
44729	0.001350992581
44730	0.00329592484
44731	0.003463465967
44732	0.004255196949
44733	0.0009619083881
44734	0.002322571907
44735	0.0001326764599
44736	0.0003523314379
44737	0.001007524016
44738	0.0004183453449
44739	0.0001171325685
44740	0.009324193553
44741	0.0003929074642
44742	0.002861609498
44743	0.001603513313
44744	0.002756566777
44745	0.003111544994
44746	0.0002884635887
44747	0.003417675842
44748	0.004412019545
44749	0.00099446607
44750	0.0015650439
44751	0.0007245982615
44752	0.000148977557
44753	0.003167116321
44754	0.009916593895
44755	0.000593012678
44756	0.003825196584
44757	0.002946654048
44758	0.002752587258
44759	0.003617533602
44760	0.0001533105813
44761	0.0038350396
44762	0.001243428283
44763	0.006852717789
44764	0.003813318297
44765	0.00276227711
44766	0.006409554607
44767	0.006183275129
44768	0.001264421686
44769	0.001972004503
44770	0.004317856073
44771	0.0006280854603
44772	0.002155037759
44773	0.0001359304376
44774	0.002517503482
44775	0.001703060378
44776	0.001155038987
44777	0.005021488455
44778	0.0004981771429
44779	0.0004704442129
44780	0.001271659092
44781	0.00191250009
44782	0.002901865579
44783	0.000302072667
44784	0.007004828362
44785	0.00239234808
44786	0.00400546194
44787	0.00301184688
44788	0.001529540466
44789	0.00345588429
44790	0.000955634851
44791	2.22863265e-05
44792	0.009172312294
44793	0.002120172402
44794	0.0005961687495
44795	0.002282501792
44796	0.0003289565572
44797	0.001486231842
44798	0.003206559482
44799	0.0001215620988
44800	0.0007879904195
44801	0.0006076181805
44802	6.113125586e-05
44803	0.002343889349
44804	0.002530482588
44805	0.0009323222665
44806	0.002279188028
44807	0.0001740856317
44808	0.0005573742445
44809	0.001930908704
44810	0.008868910746
44811	0.004204367021
44812	0.0003045088674
44813	0.0006990943725
44814	0.001223578028
44815	0.0004701656189
44816	0.001308591155
44817	0.003707094483
44818	0.002527324617
44819	0.001910108027
44820	0.005732416341
44821	0.005456779753
44822	0.002507045859
44823	0.0006679244525
44824	0.0008464558618
44825	5.146698694e-05
44826	0.004116881822
44827	0.000292701881
44828	0.0002465768475
44829	0.002308565756
44830	0.00535634479
44831	0.0003680472972
44832	0.001323305374
44833	0.00138423583
44834	0.000364750892
44835	0.0008737799486
44836	0.006950112121
44837	0.00114505533
44838	0.001151962197
44839	0.003046110763
44840	0.004050788622
44841	0.002145436855
44842	0.007118183691
44843	0.003686615563
44844	0.005339869335
44845	0.002265868731
44846	0.003034718367
44847	0.003856121044
44848	0.0008830406918
44849	0.0006990093761
44850	0.00682797475
44851	0.001540547935
44852	0.007597949823
44853	0.001248589671
44854	0.0008708330866
44855	0.004441485309
44856	0.002017384776
44857	0.001115407022
44858	0.007736014323
44859	0.009647603553
44860	0.0006652269029
44861	0.002918246038
44862	0.002196051156
44863	0.0001043819286
44864	0.003914747166
44865	0.008077367946
44866	8.516118819e-05
44867	0.0002654436615
44868	0.002907825488
44869	0.001157487012
44870	6.108579658e-05
44871	0.0002210182491
44872	0.0008143006466
44873	0.005718784609
44874	0.002728999572
44875	0.001035592424
44876	0.0001877614247
44877	0.002132155023
44878	0.0002341070775
44879	0.002573242572
44880	0.0008893304619
44881	0.0009533604275
44882	0.00380419219
44883	0.005319002206
44884	0.0013974278
44885	0.001363468458
44886	0.003841183948
44887	0.0001868509954
44888	0.001243875278
44889	0.003581717225
44890	0.002876103284
44891	0.003047072018
44892	0.001033143964
44893	0.000661339029
44894	0.001247740904
44895	0.002785256053
44896	0.001292264755
44897	0.0001543003936
44898	0.0008679846821
44899	0.006218260029
44900	0.0003785248168
44901	0.000240291663
44902	0.0003352265303
44903	0.004681046311
44904	0.001239919413
44905	0.004286902179
44906	0.0007210097595
44907	0.001429082235
44908	0.0003277431156
44909	0.005221495332
44910	0.002138451381
44911	0.0003744154025
44912	0.002620471173
44913	2.792572759e-05
44914	0.002173655166
44915	0.001754043491
44916	0.0001781816461
44917	0.0007908125941
44918	0.002448666112
44919	0.002974683536
44920	0.004906368098
44921	0.0002038676335
44922	0.002104501178
44923	0.001854263737
44924	0.0001823832211
44925	0.003895684591
44926	0.002619932737
44927	0.004899728419
44928	3.931454561e-05
44929	0.0002835277812
44930	0.004373419885
44931	0.0007813863835
44932	0.0003751059987
44933	0.006033999606
44934	0.0004693100448
44935	0.001160317774
44936	0.0002312725738
44937	0.0002277050959
44938	0.0007654958293
44939	0.001082088729
44940	0.00050671579
44941	0.0004398249556
44942	0.003788957583
44943	0.0006241132195
44944	0.0002488897689
44945	0.0001306585093
44946	0.002787333181
44947	0.003985316913
44948	0.002055656761
44949	0.006421499294
44950	0.001801076421
44951	0.0002096796377
44952	0.0002656035977
44953	0.0003278635463
44954	0.0008190926781
44955	0.0002469719621
44956	0.0001231840165
44957	0.001421203614
44958	0.0004101273739
44959	0.001314932335
44960	0.0001992620316
44961	0.0023298727
44962	0.001466694851
44963	0.001276421031
44964	0.0001150029129
44965	0.0007009315765
44966	0.0008253677831
44967	0.0007053556722
44968	0.001830155103
44969	0.003124848386
44970	0.0001279733524
44971	0.00302536237
44972	0.00205739776
44973	0.001536374824
44974	0.001655353015
44975	0.001999305041
44976	0.004480718323
44977	0.001606888427
44978	2.201058572e-05
44979	0.002031138909
44980	0.002284788968
44981	0.002773861686
44982	0.001817530567
44983	0.002446489056
44984	0.001155636279
44985	0.0005207466938
44986	0.0002420133979
44987	0.003151262294
44988	0.0009140317298
44989	0.00180695187
44990	0.001199211217
44991	0.002134180049
44992	2.511354464e-05
44993	0.00194031727
44994	0.0005937145199
44995	0.0002704117511
44996	3.3830749e-05
44997	0.003299685956
44998	0.003717517604
44999	0.001407381208
45000	0.002354414202
45001	0.001323555288
45002	0.0006347511697
45003	0.006879063228
45004	0.0001963566418
45005	0.001107940691
45006	0.0002301587415
45007	0.001363081674
45008	0.002870838018
45009	0.00100995788
45010	0.001696623258
45011	0.0003690936256
45012	0.003054195405
45013	0.001124449849
45014	0.0001682987482
45015	0.0009926195815
45016	0.003544883152
45017	0.004453926352
45018	0.001050115638
45019	0.0008892729118
45020	0.001805091691
45021	0.001847375926
45022	0.002498482923
45023	0.002425686975
45024	0.000124577254
45025	0.001520599342
45026	0.003355374084
45027	0.0084140488
45028	4.875024977e-05
45029	0.0006468758805
45030	0.0005577572662
45031	0.0001430829598
45032	0.001947907266
45033	0.001285173851
45034	0.001193465166
45035	0.002070549093
45036	0.0006263855937
45037	0.002080485431
45038	0.00453699706
45039	0.003728513204
45040	0.004154148377
45041	0.005059891622
45042	0.00374196519
45043	0.0001445874031
45044	0.001125984474
45045	0.0008588972828
45046	0.001952214008
45047	0.0003391484778
45048	0.00127831606
45049	0.001063605005
45050	0.003682622165
45051	0.004476467305
45052	0.000896253494
45053	0.0004482252891
45054	0.0005342953432
45055	0.004914286453
45056	0.002719627404
45057	0.0013893135
45058	0.002418722848
45059	0.0005200712518
45060	0.001375891131
45061	0.000852181817
45062	0.001016427623
45063	0.001837608224
45064	0.003986893456
45065	0.002883121609
45066	0.0009383719899
45067	0.003480185484
45068	0.0006885255393
45069	0.0007963993111
45070	0.001611808357
45071	0.0007790189478
45072	0.001133433869
45073	0.0002099398611
45074	0.0007504983715
45075	0.0005871217282
45076	0.006610889087
45077	0.0001017216862
45078	0.0005475488398
45079	0.002738917674
45080	0.005102047845
45081	0.003190370625
45082	0.001705545163
45083	0.002376372732
45084	0.0004014300043
45085	0.002905795063
45086	0.0007288091967
45087	0.00202783856
45088	0.002507467774
45089	0.000985806033
45090	0.0009609243737
45091	0.004180724327
45092	0.0001372632518
45093	0.0006880142724
45094	0.002975333417
45095	0.002372447474
45096	0.00402569973
45097	0.000531906119
45098	0.002547062309
45099	0.002277861466
45100	0.001982437231
45101	0.004630975297
45102	0.0009206415655
45103	0.0009141624763
45104	0.00106321672
45105	0.001714552741
45106	0.00101419725
45107	0.001267684243
45108	0.004555036771
45109	0.001896689672
45110	0.0008381846023
45111	0.001299906094
45112	0.001211535147
45113	0.0001222144442
45114	0.000754269962
45115	0
45116	0.003320767415
45117	0.0003356915382
45118	0.002650631989
45119	0.0002043928962
45120	0.0004398696308
45121	0.003039375665
45122	0.001078099284
45123	0.0004975333716
45124	0.000408196997
45125	0.002030847792
45126	0.002267843066
45127	0.00202750984
45128	0.0006754728505
45129	0.00146350464
45130	0.001912056592
45131	0.001433069434
45132	0.004112961382
45133	0.004548607145
45134	0.0001093204387
45135	0.002031337478
45136	0.001290437783
45137	0.001382270452
45138	0.001770964292
45139	0.002462595539
45140	0.001606553543
45141	0.0003032107406
45142	0.0004118906335
45143	0.001024278251
45144	0.00203655241
45145	0.006283040651
45146	0.002457182067
45147	0.0002830255577
45148	0.002795281419
45149	2.393303498e-05
45150	0.0005703468691
45151	1.514556113e-07
45152	3.479385665e-08
45153	0.009014554823
45154	0.003149434034
45155	0.001003755337
45156	0.005337536725
45157	0.002842045516
45158	0.0007255752393
45159	0.003926843278
45160	0.00206412254
45161	0.005989706139
45162	0.0004820557229
45163	0.003119017058
45164	0.005155167036
45165	0.005801961392
45166	7.396551608e-05
45167	0.003558080324
45168	0.0009344810237
45169	0.0002068954183
45170	0.002868115573
45171	0.002436516174
45172	0.0001143351906
45173	0.002173124226
45174	3.711867883e-05
45175	0.003395383854
45176	0.0004647396667
45177	0.00323851602
45178	0.003607185737
45179	5.785368429e-05
45180	0.003778366882
45181	0.0008195254542
45182	0.002591200432
45183	0.001032853114
45184	0.0002125169733
45185	0.006102148914
45186	0.0005232160839
45187	0.003148802657
45188	0.00113265059
45189	0.001995820064
45190	0.006222318971
45191	0.002225470937
45192	0.001277033123
45193	0.002784469615
45194	0.001693060885
45195	0.0009468481829
45196	0.002256701967
45197	0.003363018431
45198	0.001172132944
45199	0.005820139514
45200	0.00517602122
45201	0.001992365613
45202	0.007932842009
45203	0.006257643967
45204	0.001425509726
45205	0.001261893847
45206	0.003580293828
45207	0.005224848851
45208	0.002099855648
45209	0.003098390438
45210	5.999136849e-05
45211	0.005594698338
45212	0.003074389358
45213	0.002366245563
45214	0.0004544228694
45215	0.001216044474
45216	0.001417590854
45217	0.001984420411
45218	0.00339954238
45219	0.000903737754
45220	0.000137188367
45221	0.0001525883227
45222	0.003403488787
45223	0.0008479713153
45224	0.0003212209703
45225	0.0053240593
45226	0.001580363528
45227	0.002655637919
45228	0.009180362827
45229	0.000173204174
45230	0.001240805425
45231	0.00190636378
45232	0.00200032859
45233	0.005103267811
45234	0.002606905542
45235	0.004566076773
45236	0.001649009817
45237	0.002858646938
45238	0.0006785881667
45239	0.0007605553296
45240	0.00131349823
45241	0.0007713663792
45242	0.002216360902
45243	3.030873663e-05
45244	0.0002093000955
45245	0.000342705016
45246	0.0003537715318
45247	0.000166700472
45248	0.0009193285081
45249	0.002827099387
45250	0.003875935214
45251	0.001353864077
45252	0.001071809891
45253	0.0008568125023
45254	0.0002336707908
45255	0.004359463898
45256	0.005683960843
45257	0.0001085202147
45258	0.001310134111
45259	0.00352289475
45260	0.0004334740615
45261	0.005833725067
45262	0.0007218468638
45263	0.004231061596
45264	0.00500970037
45265	0.004095215409
45266	0.004920193918
45267	0.009073936178
45268	0.004658045457
45269	7.487129025e-05
45270	0.0002718582571
45271	0.001571581854
45272	0.0007780902405
45273	0.0005969874762
45274	0.0004711047252
45275	0.0001667583916
45276	0.002927447161
45277	0.00288682949
45278	0.0007190070302
45279	0.0006724486769
45280	0.0004991938025
45281	0.0001367268009
45282	0.001366639608
45283	0.003700980052
45284	0.0003610630215
45285	0.000333369804
45286	0.0006455529888
45287	0.0003448281604
45288	0.0001566860654
45289	0.0003338646631
45290	0.003665575807
45291	0.0006736415664
45292	0.0005506114618
45293	0.0007576959145
45294	0.0006243768854
45295	0.000393878104
45296	0.001030602096
45297	0.0002555314672
45298	0.001362208075
45299	0.002736923953
45300	0.003152057171
45301	0.00025094725
45302	0.003016903192
45303	0.001109344388
45304	0.004911643714
45305	0.000791108705
45306	0.001632160879
45307	0.0002357535634
45308	0.005578980642
45309	0.0005504814139
45310	0.002489843684
45311	0.001500894457
45312	0.0001767227517
45313	0.003661545101
45314	0.001736585337
45315	0.001484266412
45316	0.001406417643
45317	0.0007241048924
45318	0.001358783526
45319	5.16520315e-05
45320	0.0009625720327
45321	0.000168387614
45322	0.002166184321
45323	7.686558181e-05
45324	0.003714470369
45325	0.0009901271371
45326	0.0004923017259
45327	0.0011848861
45328	0.002792012304
45329	0.003552011456
45330	0.008041895206
45331	0.0004960674869
45332	0.001470178774
45333	0.001938484965
45334	0.003479495465
45335	3.795768831e-05
45336	0.0008979548363
45337	0.00127896678
45338	0.00231314128
45339	0.001515292696
45340	0.00391655591
45341	0.002299416564
45342	0.001670038909
45343	0.0003901022449
45344	0.0004573451359
45345	0.004442611166
45346	0.0009023698433
45347	0.0007940254829
45348	0.0009350911791
45349	7.597491011e-05
45350	0.001551726701
45351	0.001998773405
45352	0.0006938629824
45353	0.003273321412
45354	0.004581909391
45355	0.0001747186561
45356	0.001236039944
45357	0.004599560643
45358	0.004431849133
45359	0.0008018504727
45360	0.00616100721
45361	0.0004919352158
45362	0.002313625885
45363	0.003528746974
45364	0.0005224883738
45365	0.0005619932032
45366	0.002990378405
45367	0.00446994322
45368	0.004293224089
45369	0.001030489711
45370	0.001746421514
45371	0.004579468947
45372	0.001447854273
45373	0.0001856194943
45374	0.0005030551753
45375	3.070088818e-06
45376	0.007707626194
45377	0.006533532685
45378	2.038532633e-05
45379	8.598207777e-05
45380	0.001222696647
45381	0.001242291717
45382	0.0009706946227
45383	0.002175247004
45384	0.008982774187
45385	0.0006484479504
45386	0.0004187043551
45387	0.0009724756913
45388	0.001140969666
45389	0.00655755296
45390	0.001515390544
45391	0.001488136746
45392	0.01094995205
45393	0.001898675768
45394	0.002245874155
45395	0.003977035715
45396	0.003570188464
45397	0.0004041381943
45398	0.001514205836
45399	0.004077968478
45400	0.0001230974231
45401	0.0003826106546
45402	0.002466519056
45403	0.003141957665
45404	0.002265163412
45405	0.001785612435
45406	0.00243329843
45407	0.002798510116
45408	0.004101814207
45409	0.0001918715235
45410	0.0009846079579
45411	0.004764388779
45412	0.0003192828575
45413	0.0003857773039
45414	0.0004038415021
45415	0.0007036860071
45416	0.002398168808
45417	0.000928800531
45418	0.00481281135
45419	0.000229394636
45420	0.007385501648
45421	0.0004299897967
45422	0.007436634193
45423	0.003389224952
45424	0.0001282342893
45425	0.002705668192
45426	0.00385855075
45427	0.009558420239
45428	5.752169551e-05
45429	0.0003817104185
45430	0.0002337510168
45431	0.0007559445078
45432	0.008520588446
45433	0.00253970503
45434	0.0004966630594
45435	0.006526189478
45436	0.001338872543
45437	0.004230317376
45438	0.0003964106861
45439	7.843638407e-05
45440	0.004450280954
45441	0.002148640407
45442	0.003947883331
45443	0.002034599042
45444	0.0007855716058
45445	0.003253853061
45446	0.001068579421
45447	0.002462321419
45448	0.003580324555
45449	0.002399572463
45450	0.007923784122
45451	0.004637415933
45452	0.0008920714066
45453	0.005333936173
45454	0.00167094157
45455	0.000869332335
45456	0.0005107322143
45457	1.643542269e-06
45458	3.079919648e-05
45459	0.0004754215756
45460	0.001701039577
45461	0.001473279353
45462	0.002351233338
45463	0.002961144384
45464	0.008423307613
45465	0.004855035705
45466	0.001340892769
45467	0.001448596184
45468	0.004506350727
45469	0.00518840246
45470	0.0007375326692
45471	0.001277285861
45472	0.0008381567951
45473	0.000126610909
45474	0.0008655697657
45475	0.0009429690213
45476	0.001948297717
45477	0.001175848668
45478	0.0003975976954
45479	0.001800363736
45480	0.002021608039
45481	0.002666857333
45482	0.004668565309
45483	0.0003375543023
45484	0.001514215376
45485	0.003731210807
45486	0.002281371602
45487	6.22807631e-05
45488	0.002977675878
45489	0.0005884368141
45490	0.003359290142
45491	0.002275783668
45492	0.0001749659953
45493	0.001588534725
45494	0.0007582095849
45495	0.005479670963
45496	0.0001854392891
45497	0.00134605787
45498	0.0004917818153
45499	0.001000931074
45500	0.001529524989
45501	0.0007598616349
45502	0.002384511477
45503	0.004028719213
45504	0.002632332043
45505	0.0004790727589
45506	0.00353953125
45507	0.000819171489
45508	0.0008511483342
45509	4.779249043e-05
45510	0.002313410679
45511	0.00330104579
45512	0.004788921784
45513	0.0008233341418
45514	0.004537654303
45515	0.001179264746
45516	0.00273362232
45517	0.003372573112
45518	0.0001600793791
45519	0.00370448999
45520	0.0005608332265
45521	0.00239906661
45522	0.0007300947887
45523	0.003330679325
45524	0.0002438084302
45525	0.002604729322
45526	0.001392235018
45527	0.002690576339
45528	1.123760346e-05
45529	0.0002062428842
45530	0.002548412173
45531	0.0001403454649
45532	0.002586448345
45533	0.0001137504456
45534	0.001544499383
45535	0.0006582584813
45536	0.006687238977
45537	3.117713691e-05
45538	0.0008321494046
45539	0.001276754193
45540	0.002463783851
45541	0.0007286196128
45542	0.00367627223
45543	0.0004857578903
45544	0.002042501799
45545	0.002634351367
45546	9.33287175e-06
45547	0.000595467053
45548	0.0007844348335
45549	0.0005389189768
45550	0.004268451662
45551	0.0005673883291
45552	0.001269356893
45553	0.000290536487
45554	0.007592774483
45555	0.0003712346365
45556	0.001114441514
45557	0.0004873988712
45558	8.261828987e-06
45559	0.0002056517762
45560	0.001162633106
45561	0.007752470397
45562	0.000353422767
45563	0.0002862430414
45564	0.000202607601
45565	0.0009050057414
45566	0.002110838913
45567	5.46672368e-05
45568	0.00184770353
45569	0.003823992185
45570	0.0002815799609
45571	0.0002222179259
45572	0.001815174232
45573	0.0006947459768
45574	0.001730770863
45575	0.003243963532
45576	0.004365125649
45577	0.0005968302988
45578	0.0004794766908
45579	0.001353460953
45580	0.001762175444
45581	0.001254766314
45582	0.0004086589757
45583	0.001408765637
45584	0.00911265478
45585	0.0001465734396
45586	0.001919035594
45587	0.003104176616
45588	0.004306405768
45589	0.00784755283
45590	0.0001861298644
45591	0.0004590237059
45592	0.005709647793
45593	0.003813461314
45594	0.002805626435
45595	0.003695686459
45596	0.0009879893418
45597	0.002316697617
45598	0.00399041846
45599	0.002354816924
45600	0.003017680154
45601	5.642260083e-05
45602	0.002322881604
45603	0.0005222301436
45604	0.0006624569375
45605	0.0003090899426
45606	0.004211398817
45607	0.002004367477
45608	0.0004283352058
45609	0.003743908644
45610	0.0009540988825
45611	0.002634862602
45612	0.001104571432
45613	0.002467769172
45614	0.004869781238
45615	0.00562968472
45616	0.003816790436
45617	0.0005808799977
45618	0.001365159124
45619	0.001249035443
45620	0.001183339944
45621	5.236036346e-05
45622	0.00124012864
45623	0.005199605338
45624	0.003972017672
45625	0.004289294256
45626	0.004025852929
45627	0.004029380128
45628	0.00293252023
45629	0.0004742479385
45630	0.01151297654
45631	0.002245164616
45632	0.002032394979
45633	0.003708937588
45634	0.004313570158
45635	0.005449707219
45636	0.001909301675
45637	0.001095165539
45638	0.002506584607
45639	0.002773639622
45640	0.003343649615
45641	0.0006675601474
45642	0.0006640295105
45643	0.002912645962
45644	0.001041527084
45645	0.003270052991
45646	0.002064067174
45647	0.002805771878
45648	0.004044375335
45649	0.004089790778
45650	0.002500702479
45651	0.006020572103
45652	0.002918166805
45653	0.000268061559
45654	0.001685693314
45655	0.0001770366474
45656	0.0003460974737
45657	6.674008236e-05
45658	0.007180243255
45659	0.0005800000082
45660	0.006686460975
45661	0.0006368542746
45662	0.008328284998
45663	0.000390840999
45664	0.0006549841733
45665	0.0009902669568
45666	0.000746820004
45667	0.00734979597
45668	0.00493854081
45669	0.001210292811
45670	0.00245962191
45671	0.001328296647
45672	0.001836586803
45673	7.211846376e-05
45674	0.0008794600403
45675	0.001883708261
45676	0.001565295901
45677	0.0003090294256
45678	0.0008645533413
45679	0.007265465958
45680	0.0006395567404
45681	0.001956328325
45682	0.004740646762
45683	0.001378240033
45684	0.004191962662
45685	0.001107554265
45686	0.001190491309
45687	0.004421130849
45688	0.002319927975
45689	0.002089372825
45690	0.0003980656749
45691	0.001425924015
45692	0.001351907943
45693	0.0002171993347
45694	0.001533608878
45695	0.00022760603
45696	1.06627296e-05
45697	0.008417533903
45698	0.001785106171
45699	0.00249935354
45700	0.001778132607
45701	0.000117128441
45702	0.0005438366926
45703	0.001987504718
45704	0.00303398055
45705	0.001267969301
45706	0.005095139164
45707	0.004942088465
45708	0.003003002403
45709	0.005254585858
45710	0.004332470426
45711	0.003968120676
45712	0.002385056265
45713	0.0008314400327
45714	9.284203532e-06
45715	0.003502688374
45716	0.002673422306
45717	0.003810630434
45718	0.0001636178364
45719	0.004271630833
45720	0.00525129175
45721	0.003156049966
45722	0.001591173499
45723	0.00256046303
45724	0.0001880407024
45725	0.002172050991
45726	0.002825675256
45727	0.0005093516697
45728	0.002124873493
45729	0.001391951727
45730	0.0009246002901
45731	0.001837258255
45732	0.0003669984758
45733	0.001518000973
45734	0.0006331738236
45735	0.001600141377
45736	0.002663259153
45737	0.002487714052
45738	0.003504490362
45739	0.002838931466
45740	0.001828334547
45741	0.001809050106
45742	0.0003124896438
45743	0.006455908861
45744	0.001775585187
45745	0.003381559791
45746	0.0028907839
45747	3.210627094e-05
45748	0.0006271390434
45749	0.001509790942
45750	0.003617935068
45751	0.0004565781326
45752	0.002902409301
45753	0.001778400715
45754	0.0005979984405
45755	0.0001152139709
45756	0.002658603903
45757	0.0009424460321
45758	0.001269674962
45759	0.0001142672873
45760	0.003169714452
45761	0.000366915117
45762	0.0008955453677
45763	0.004515599896
45764	0.003040999639
45765	0.005716553674
45766	0.0003818641965
45767	0.00282548501
45768	0.00049918924
45769	0.0006420907508
45770	0.00497183866
45771	0.002042596593
45772	0.0003365222181
45773	0.005197652181
45774	0.00430530362
45775	0.002235843185
45776	0.001748881115
45777	0.003854655383
45778	0.005305912894
45779	0.00127702037
45780	0.003440411452
45781	0.001079185235
45782	0.005690874821
45783	0.0001932083626
45784	0.002982211244
45785	0.0004187152142
45786	0.001425751514
45787	0.0007027069967
45788	0.001946019961
45789	0.0001791885199
45790	0.002587747575
45791	0.004722918118
45792	0.0003563020668
45793	0.0002613404994
45794	0.003062219403
45795	0.0009153549149
45796	0.0008320733125
45797	0.000663051187
45798	0.001457638227
45799	0.0006009923708
45800	0.0006843294434
45801	0.0002212561749
45802	0.000374885664
45803	0.0009053006614
45804	0.0005552650013
45805	0.001149096035
45806	0.0003099422132
45807	0.0002100986002
45808	0.0004438646961
45809	0.0001616348341
45810	0.001296774127
45811	0.001694915555
45812	0.0007089509573
45813	0.003423171879
45814	0.007051140196
45815	0.001600870586
45816	0.0006400868003
45817	0.0080726378
45818	0.0006431729799
45819	0.003381226853
45820	0.0004459852104
45821	0.001725136357
45822	0.001662516281
45823	0.002908083798
45824	0.003524501512
45825	0.001619541635
45826	0.0007980880426
45827	0.002130914067
45828	0.002025387703
45829	0.00193418537
45830	3.017568466e-05
45831	0.000811393242
45832	0.0004575132299
45833	0.0005937363064
45834	0.001845363038
45835	0.002320484208
45836	0.001739979218
45837	0.002329133096
45838	0.000572612968
45839	0.002525060564
45840	0.0001753835373
45841	3.909117225e-05
45842	0.0009937003504
45843	0.0004224230843
45844	0.0004927728587
45845	0.0004501485566
45846	0.0004156969291
45847	0.0004462362627
45848	0.0009419079664
45849	0.0007238086298
45850	0.0004362889246
45851	0.0007146981749
45852	0.0005430163708
45853	0.0006877926998
45854	0.0007754893969
45855	0.0001028518891
45856	0.002622721393
45857	0.0003518740866
45858	9.524397109e-05
45859	0.0004437515873
45860	0.0002538097117
45861	0.003273182911
45862	0.002300483477
45863	0.00431626566
45864	0.004767478781
45865	0.002974675321
45866	0.001877705275
45867	0.003306028885
45868	0.002212778598
45869	0.0003047229241
45870	0.0006681286442
45871	0.002109543951
45872	0.001676124631
45873	0.002882860589
45874	0.001370063356
45875	0.002398507451
45876	0.00107438017
45877	0.001883234431
45878	0.002003402117
45879	0.003788966552
45880	0.004520962889
45881	0.001519993774
45882	1.212867592e-07
45883	8.892107168e-05
45884	0.0009616343268
45885	0.0002160086595
45886	0.001155344762
45887	0.003309105849
45888	0.002985113144
45889	0.0009337332711
45890	0.0005805614496
45891	0.001513153192
45892	0.0003333189387
45893	0.001079211764
45894	0.0001100922491
45895	0.000650515507
45896	0.0006939805803
45897	0.00035845071
45898	0.005697802145
45899	0.00326753629
45900	0.0002186673895
45901	0.002872216138
45902	0.001124106992
45903	0.0002134803043
45904	0.002862493041
45905	0.002995276333
45906	0.0007394520472
45907	0.0001480299293
45908	0.003665666208
45909	0.0001370400253
45910	0.004836520502
45911	0.002102239204
45912	0.0009598013119
45913	0.001240654773
45914	0.0003161911283
45915	0.002408046066
45916	0.002838248239
45917	0.0005619363065
45918	0.003034916767
45919	0.00126986418
45920	0.003942714282
45921	0.0005270882493
45922	0.003654675616
45923	0.001601090419
45924	0.001656574605
45925	0.001655006886
45926	0.0004669544221
45927	0.0004324071977
45928	0.0001836007359
45929	0.00344122147
45930	0.002636804122
45931	0.0008433707715
45932	0.00145999949
45933	0.0006076581494
45934	0.00291993331
45935	0.002500816516
45936	0.00280620548
45937	0.001905952055
45938	0.0009296064475
45939	0.00164521113
45940	0.001935237844
45941	0.0004095207175
45942	0.001474441871
45943	0.002504727429
45944	0.0005837251887
45945	0.0008502925907
45946	0.001834184526
45947	0.001485104569
45948	0.00111903776
45949	0.0005088514191
45950	0.002705644596
45951	0.002933497636
45952	0.003083233738
45953	0.0001363275343
45954	0.005608760414
45955	0.003330131597
45956	0.000761508323
45957	0.001353495108
45958	0.002035055009
45959	0.0001086070546
45960	0.0009211373476
45961	0.0009112190523
45962	0.0004174261087
45963	0.0006623742247
45964	0.002311724315
45965	0.001171847248
45966	0.002218871065
45967	0.002115895878
45968	0.003214673019
45969	0.0001028977681
45970	0.004610263235
45971	0.001422895956
45972	7.910114353e-05
45973	0.001298655093
45974	0.0003982318367
45975	0.0002626477228
45976	0.0005644370074
45977	0.0007376533828
45978	0.001138449056
45979	0.004527558895
45980	0.004200958446
45981	0.00791910998
45982	0.006110435276
45983	0.007288569547
45984	0.0001459411871
45985	0.004201798792
45986	0.003158852292
45987	0.002144601511
45988	0.001064802154
45989	0.0006205021097
45990	0.0005636501756
45991	0.0002229978909
45992	8.198079889e-05
45993	0.0005647779384
45994	0.0004370040007
45995	4.075410277e-05
45996	0.001477613387
45997	0.001526262303
45998	0.0005143452311
45999	0.0008664980974
46000	4.431449708e-05
46001	0.0006525820443
46002	0.0006900947085
46003	0.0001968088437
46004	0.005102230561
46005	0.001651895665
46006	0.002344428647
46007	0.001935854166
46008	0.0001758078628
46009	0.002054198216
46010	0.00122489104
46011	0.000137718847
46012	0.001690350207
46013	0.002513473571
46014	2.636176617e-05
46015	0.002075547808
46016	0.007207883574
46017	0.003746603324
46018	0.0005657045753
46019	0.004195357965
46020	0.0009461192576
46021	2.232892543e-05
46022	0.0004332873075
46023	0.001905879007
46024	0.0007619298982
46025	0.00377342198
46026	0.0001298785634
46027	0.001637570964
46028	0.001912079278
46029	0.001088358361
46030	0.0003031871086
46031	0.001630885824
46032	0.002009100242
46033	0.0001171569531
46034	0.0002497286884
46035	0.005420131546
46036	0.0005407241828
46037	0.0003526107339
46038	0.002611250072
46039	0.001106238094
46040	0.001072169324
46041	0.0004019756352
46042	0.003314680768
46043	0.002288237686
46044	0.0009668173074
46045	0.002588049837
46046	0.0008617450129
46047	0.003201359959
46048	0.0006440692235
46049	0.003205499018
46050	0.001712558436
46051	0.0008838086511
46052	0.0006277733126
46053	0.0004047097283
46054	0.0002939641295
46055	0.0006485596467
46056	0.001482369971
46057	0.00082630819
46058	0.0006324331379
46059	0.0006523144303
46060	0.0008309916404
46061	0.003014766693
46062	0.003475176522
46063	0.0004841830689
46064	0.0008549869498
46065	6.942550414e-08
46066	0.0006502732488
46067	0.0005917318417
46068	0.0009344386108
46069	0.0007108415798
46070	0.004386366141
46071	0.005148970245
46072	0.0006639223282
46073	0.0001241253955
46074	0.002953510263
46075	0.0008288143673
46076	0.003809577502
46077	0.0007922145786
46078	0.003006159334
46079	0.0012996255
46080	0.0009094942567
46081	0.0004261152264
46082	0.002846324774
46083	0.0009291184037
46084	0.007240051865
46085	0.004228911378
46086	1.373421512e-05
46087	0.008520407552
46088	0.0006467523911
46089	0.000952969149
46090	0.003613102014
46091	0.005320277499
46092	0.002829862943
46093	0.0004936173621
46094	0.001725936336
46095	0.002538499285
46096	0.005040928394
46097	0.0003290853562
46098	0.001180953911
46099	0.0009359418223
46100	0.001527578098
46101	0.0005027278401
46102	0.004148454101
46103	0.001925816319
46104	0.001186076734
46105	0.0009033878674
46106	0.005701994672
46107	0.002078897043
46108	0.001761291904
46109	0.0009475391724
46110	0.0001065391866
46111	0.0009816738306
46112	0.0001575053648
46113	0.000278917701
46114	0.000141836247
46115	0.0002003218841
46116	0.0009615090896
46117	0.0003383994575
46118	6.098389742e-05
46119	0.0003767925927
46120	0.0005221845294
46121	0.0005970596573
46122	0.002161615886
46123	8.126659813e-05
46124	0.0004444945138
46125	0.003720092423
46126	0.001666993045
46127	0.001853194251
46128	0.0006771506145
46129	0.003915779335
46130	0.003696272946
46131	0.00696088956
46132	0.002139219187
46133	0.0009999175265
46134	0.0007373390884
46135	0.0008167209438
46136	0.001238400466
46137	0.002183474029
46138	0.00181713484
46139	0.000376218329
46140	0.001375676649
46141	0.0005142660967
46142	0.004028481847
46143	0.0005191050003
46144	0.001008014192
46145	0.0005520816526
46146	0.001035415027
46147	8.619163355e-05
46148	0.0001601501678
46149	0.0002633673394
46150	0.001061569162
46151	0.0002436401905
46152	0.0003056215614
46153	0.000394670872
46154	0.001227633607
46155	0.002319649793
46156	0.0001527909604
46157	9.433354246e-06
46158	0.002517005948
46159	0.004607176202
46160	0.00576231397
46161	0.0007198390857
46162	0.0006484545064
46163	0.003039856318
46164	0.003395012079
46165	0.0001306341159
46166	0.001815082245
46167	0.005518196503
46168	0.00277277822
46169	0.00197360631
46170	0.004350676545
46171	0.001501057762
46172	0.000521308128
46173	0.00196651214
46174	0.003049310508
46175	0.0009369760418
46176	0.006901135714
46177	0.002055134081
46178	0.007669209263
46179	0.001440858607
46180	0.0008021050135
46181	0.00379175504
46182	0.0006480006465
46183	0.0001725190761
46184	0.0006862163497
46185	0.001029237415
46186	0.001815295289
46187	0.009459680278
46188	0.0006990512784
46189	0.0008009146511
46190	0.004026386737
46191	0.001546013614
46192	0.006350610351
46193	0.0001283377559
46194	0.0010599879
46195	0.0009900180874
46196	0.0008217386195
46197	0.001470773097
46198	0.002656938264
46199	0.002130296075
46200	0.0001901994451
46201	0.003962729267
46202	0.0002221691189
46203	0.001521881919
46204	9.793209591e-05
46205	0.0006055911925
46206	0.003478158365
46207	0.001808455039
46208	0.0004318942604
46209	0.001798811652
46210	0.0003992259965
46211	0.003089471327
46212	0.004443768735
46213	0.000746028625
46214	0.004130114474
46215	0.005116531707
46216	0.0001799865603
46217	0.001711793551
46218	0.00124036264
46219	0.0008585903256
46220	0.003006298792
46221	0.0002987728614
46222	9.464077874e-05
46223	0.001054577534
46224	0.005560434627
46225	0.0008489302231
46226	0.0002102694241
46227	0.003025831513
46228	0.0006278115157
46229	0.002667550354
46230	0.00112689641
46231	0.002156755006
46232	0.002247671067
46233	0.001394130718
46234	0.0001248843367
46235	0.002812754083
46236	0.001270259765
46237	0.002688616365
46238	0.0008237902087
46239	0.00261436762
46240	0.001706039577
46241	0.005492503206
46242	0.0006148649428
46243	0.0003100934393
46244	0.0005218889552
46245	0.001500913778
46246	9.353109322e-05
46247	0.004588148726
46248	0.001383713001
46249	0.002369541968
46250	0.0004677093222
46251	0.003304539535
46252	0.002654874143
46253	0.0004396500527
46254	0.0006462258362
46255	0.003593197543
46256	0.0001427884729
46257	0.0004455465516
46258	0.0005350121581
46259	0.001666858741
46260	0.004643028165
46261	0.001422380317
46262	0.0008998127022
46263	0.000636878393
46264	0.002459045304
46265	0.002203342193
46266	0.0009941438337
46267	0.0001237895212
46268	0.0002540331943
46269	0.0005557283404
46270	0.0009415905096
46271	0.005504261421
46272	0.003009117173
46273	0.001089585327
46274	0.001721888212
46275	0.001354622666
46276	0.00155367947
46277	0.002787354639
46278	0.001204371405
46279	0.003953083065
46280	0.0005544936618
46281	0.0002042978306
46282	0.002912068294
46283	0.003371662814
46284	0.002412238258
46285	0.0005168324239
46286	0.004610084024
46287	0.000900977027
46288	0.002232859958
46289	0.001908472673
46290	0.002051716557
46291	0.005542914802
46292	0.0001690107016
46293	0.0001531863033
46294	0.000297060095
46295	0.0004337446558
46296	0.002108467673
46297	0.0003430572194
46298	0.0001334275799
46299	0.0001104253418
46300	0.0003421880928
46301	0.0001523766659
46302	0.001383011332
46303	0.002349142731
46304	0.004843452228
46305	0.002745737496
46306	0.0006091598693
46307	0.002145545706
46308	0.003085953465
46309	5.555872941e-05
46310	9.973925679e-05
46311	0.006041102524
46312	0.001603682258
46313	0.002894559287
46314	0.00294369793
46315	0.002737319929
46316	0.002420284117
46317	0.00102967824
46318	0.004697603343
46319	0.0006827647862
46320	5.617867718e-05
46321	0.001042688109
46322	0.001329398918
46323	0.00101128753
46324	0.0006419711482
46325	0.000678075085
46326	0.001228350136
46327	0.001380427768
46328	0.001599930165
46329	0.0001173810644
46330	0.00374285307
46331	0.0003591826066
46332	0.0007786200032
46333	0.002347765
46334	0.0002384594034
46335	0.002560582378
46336	0.0009385119502
46337	0.003071080008
46338	0.002530131332
46339	0.00120712399
46340	0.002229862733
46341	0.0022153536
46342	0.002541377187
46343	0.001763439182
46344	0.0006719198935
46345	0.002744544129
46346	0.006075038153
46347	0.001653280364
46348	0.0003966783226
46349	0.001145484707
46350	0.004844813479
46351	0.005954994263
46352	0.003017226884
46353	0.0008653417361
46354	2.923312519e-05
46355	0.001033229968
46356	0.002446945008
46357	0.0009068172558
46358	0.00144188832
46359	0.002206089272
46360	0.001888910811
46361	0.004279287734
46362	0.0001875965908
46363	0.002680236157
46364	0.004785159478
46365	0.001891384834
46366	0.005389396044
46367	0.0057911452
46368	0.001343755984
46369	0.0001764148235
46370	0.0003529336983
46371	0.002004278666
46372	7.281098239e-05
46373	0.0001555556121
46374	0.0005268135708
46375	0.001151572766
46376	0.0007649753034
46377	0.001017855272
46378	0.0005775015294
46379	0.001144301805
46380	0.0007855664303
46381	0.001782278135
46382	0.0008077512922
46383	0.0008762426316
46384	0.002046819651
46385	0.001232228803
46386	0.001003830093
46387	0.001573283948
46388	0.001768594644
46389	0.001735837423
46390	0.0007758304508
46391	0.003251678163
46392	0.002178001881
46393	0.0007526131864
46394	0.001061858436
46395	0.0006818401637
46396	0.001001537142
46397	0.0006354646943
46398	0.001566021852
46399	0.002373093196
46400	0.001772779363
46401	0.0007355635694
46402	0.002094578407
46403	0.001009443155
46404	0.002063607081
46405	2.705315614e-05
46406	0.0004880497699
46407	0.001020628365
46408	5.264852588e-05
46409	0.0001781863275
46410	0.0002567611315
46411	0.000259520951
46412	0.0002589110625
46413	0.0002408644971
46414	0.0002588205496
46415	0.0007750615305
46416	0.0002414362941
46417	0.0003816175513
46418	0.0005631601237
46419	0.0001315063002
46420	0.0001179151612
46421	0.0003910117583
46422	2.085513426e-05
46423	0.0002692960505
46424	0.000124163516
46425	0.001034940649
46426	0.000157608797
46427	0.0002216558302
46428	0.0003711300385
46429	0.0001131985016
46430	0.0002800612336
46431	0.0006781800968
46432	1.610669378e-05
46433	0.0001967289565
46434	0.0006252618561
46435	0.000230033687
46436	0.0001811312437
46437	0.00209079046
46438	0.0001099152951
46439	0.0002327170456
46440	0.0002910494222
46441	0.0001371587942
46442	0.0003649815019
46443	0.0002005649189
46444	0.0005247493757
46445	0.0006986449689
46446	0.000182229052
46447	0.0006450652402
46448	0.0001202057475
46449	0.000792046755
46450	0.001779695034
46451	0.0004024101717
46452	0.0008220786977
46453	5.151500874e-05
46454	0.0003076140733
46455	0.0001160495304
46456	0.0009052233079
46457	0.001009467187
46458	0.001274975467
46459	0.0006979200477
46460	8.649139175e-05
46461	4.949737621e-06
46462	0.0002633016599
46463	8.423844799e-05
46464	0.0002737627036
46465	0.0002022707055
46466	0.0006186694473
46467	0.0004919269312
46468	0.001776215717
46469	7.778176117e-05
46470	0.0007468936747
46471	0.007871712278
46472	0.005576230152
46473	0.003263222336
46474	0.00228222022
46475	0.0001684273985
46476	0.001288790362
46477	0.004978272943
46478	0.002601243203
46479	0.001770604417
46480	0.001204709822
46481	0.003013007177
46482	0.001075189492
46483	0.001965855392
46484	0.002344938403
46485	0.00168004145
46486	0.001084649133
46487	0.00395898585
46488	0.0001441490705
46489	0.00472910276
46490	0.0004445106726
46491	0.0004915539113
46492	0.0001108338633
46493	0.000191371744
46494	0.008588982211
46495	0.004119942061
46496	0.0005440883122
46497	0.0005121810549
46498	0.0001445034176
46499	0.0005799448321
46500	0.0003757140605
46501	0.0005375114558
46502	0.001102938113
46503	0.001114396911
46504	0.0021212871
46505	0.0002571115386
46506	0.00233153376
46507	0.002398397381
46508	0.0003432481229
46509	0.004453101166
46510	0.00179707809
46511	0.005951690427
46512	0.0009154859226
46513	0.002276889165
46514	0.003791737065
46515	0.001618340495
46516	0.0007437050571
46517	0.0006928318516
46518	0.0009361514986
46519	0.005953656907
46520	0.005421360183
46521	0.002942818289
46522	0.0008770283138
46523	0.005066263818
46524	0.001913875149
46525	0.002470809005
46526	0.001669160164
46527	0.002901785238
46528	0.005423367975
46529	0.0005901207856
46530	0.002584648419
46531	0.001513701941
46532	0.005081565098
46533	0.003219119101
46534	0.0008880828009
46535	0.001803533825
46536	0.001340816562
46537	0.001216890482
46538	0.0006942999144
46539	0.005916846775
46540	0.003343358525
46541	0.000637867107
46542	0.004926311599
46543	0.001830081838
46544	0.0003272893549
46545	0.000234289077
46546	0.004339802278
46547	0.0005968300064
46548	0.001215180522
46549	0.00303544766
46550	0.001634428666
46551	0.0003412176565
46552	0.0005505618289
46553	0.003773747108
46554	0.0003460297287
46555	0.0009196068772
46556	0.0001743273253
46557	0.002235999446
46558	0.0005663721283
46559	0.001711636303
46560	0.0009419990479
46561	0.002299448196
46562	0.0006412029454
46563	0.005501914531
46564	0.0003682020188
46565	0.002532108072
46566	0.003908844885
46567	0.001239114348
46568	0.002017760722
46569	0.0005437643657
46570	0.0006750729102
46571	0.002281026189
46572	0.001239662931
46573	0.001204477474
46574	0.001383683073
46575	0.0009457177502
46576	0.003413134537
46577	0.0004857168619
46578	0.001461886048
46579	0.0001161055854
46580	0.001532178219
46581	0.00537506296
46582	0.001158270905
46583	0.002578298922
46584	0.0008558968936
46585	0.0001846029589
46586	0.001997082347
46587	2.46274896e-06
46588	5.810274507e-05
46589	0.007149679299
46590	0.004014361544
46591	0.002304066619
46592	0.002676755419
46593	0.001908545158
46594	0.001495085108
46595	0.002940758661
46596	0.0004177786043
46597	0.0009207587343
46598	0.004552112723
46599	0.001151868598
46600	0.004876888492
46601	0.001599634584
46602	0.002152383697
46603	0.004956504468
46604	0.005572315242
46605	0.000337693604
46606	0.002888846791
46607	0.0006250121284
46608	0.001189417016
46609	0.002317166471
46610	0.003249474467
46611	0.001334515193
46612	0.0001993296965
46613	0.001833654966
46614	0.001652369025
46615	0.002436617955
46616	0.001573806039
46617	2.273930912e-05
46618	0.0002945276244
46619	0.000400673956
46620	0.001738536963
46621	0.003103522903
46622	0.005933676892
46623	0.003748761564
46624	0.002754770986
46625	0.000530235428
46626	0.002184360747
46627	0.000753325781
46628	0.005907750009
46629	0.002967081757
46630	5.781034593e-05
46631	0.003077731676
46632	0.0003118149365
46633	0.002071484192
46634	0.003991159984
46635	0.0004941842982
46636	2.713693357e-05
46637	0.005510816602
46638	0.001924856184
46639	0.0009602803994
46640	0.004944481241
46641	3.255568766e-05
46642	0.003089350804
46643	0.00252893079
46644	0.002938351076
46645	0.0002984371735
46646	0.0005517206454
46647	0.0002288832792
46648	0.002871624883
46649	0.001381659346
46650	0.0008810922956
46651	0.002406126018
46652	0.001855408478
46653	0.0002206793677
46654	0.0004208938344
46655	0.000232809093
46656	0.002868531917
46657	0.003744845244
46658	0.007088182336
46659	0.001497817686
46660	0.00269048552
46661	0.0009213278033
46662	0.0006361768909
46663	0.009332085513
46664	0.001880243412
46665	0.002358117867
46666	0.002614214294
46667	0.0003116454992
46668	0.002202454046
46669	0.0002985611424
46670	0.0007594886469
46671	0.001141667967
46672	0.003596308164
46673	0.003030214445
46674	0.004783368188
46675	0.0028994974
46676	0.00412034343
46677	0.002437648013
46678	0.005966844735
46679	0.001245379174
46680	0.001236816805
46681	0.00513984646
46682	0.0001667710583
46683	0.002654198764
46684	0.000724138786
46685	0.002079402534
46686	0.004276964767
46687	0.003613907532
46688	0.0008034169467
46689	0.005214886808
46690	0.0005248222587
46691	0.0007357342672
46692	2.581557184e-05
46693	0.002335462093
46694	0
46695	0.001874373474
46696	0.0005510149805
46697	0.003259957652
46698	0.0006475856986
46699	0.004506480047
46700	0.009088043836
46701	0.001711158375
46702	0.005390394524
46703	0.002884153649
46704	0.0005155871475
46705	0.007021107738
46706	0.005014617552
46707	0.00323687939
46708	0.001676413703
46709	0.002833821691
46710	0.001823689077
46711	0.002594233997
46712	0.001768013916
46713	0.003238841258
46714	0.006868938876
46715	0.004355530508
46716	0.000758244103
46717	0.0006870511019
46718	0.002344377889
46719	0.006290848624
46720	0.001408654818
46721	0.003356572074
46722	0.003276983516
46723	0.0001163515834
46724	0.0005199590856
46725	0.004022662137
46726	0.003082100668
46727	0.003817547585
46728	0.001494730935
46729	0.001619848848
46730	0.003566566731
46731	0.001317700551
46732	0.0009479917137
46733	0.0008000454393
46734	0.0004583795515
46735	0.002364293736
46736	0.0002012886704
46737	0.0009708590566
46738	0.003141545885
46739	0.004310771335
46740	0.001448772166
46741	0.00390637241
46742	0.001077849468
46743	0.002925763425
46744	0.00327748597
46745	0.005013408382
46746	0.0005152603124
46747	0.002275804296
46748	0.002132391093
46749	0.000166126144
46750	0.002747088592
46751	0.0006181259474
46752	0.001631910497
46753	0.004573869025
46754	0.005049549397
46755	8.029137052e-05
46756	0.007790758475
46757	0.005290949735
46758	0.00111911192
46759	0.00269494033
46760	0.001715627648
46761	0.001002179687
46762	7.185893792e-05
46763	0.001325118456
46764	0.0002164590628
46765	0.006641002144
46766	0.001416802177
46767	0.002419854518
46768	0.000487879309
46769	0.003666013554
46770	0.001086260904
46771	0.007420500513
46772	0.002282332111
46773	0.004009019882
46774	0.00120646381
46775	0.0010982331
46776	0.0001834229793
46777	0.002471918424
46778	0.00199445374
46779	0.002262543324
46780	0.001139984742
46781	0.0003583536606
46782	0.001454411901
46783	0.001755282704
46784	7.619909459e-05
46785	0.0016248531
46786	0.002626679588
46787	0.001166300662
46788	0.004179140913
46789	0.00114431897
46790	0.006874949058
46791	0.002132237041
46792	0.004184798565
46793	0.006197872121
46794	0.003814866127
46795	0.000435187064
46796	0.002796543593
46797	0.0004360209325
46798	0.005546372926
46799	5.446707745e-07
46800	0.003221751612
46801	0.004454078369
46802	0.001512576917
46803	0.003610627344
46804	0.002768609915
46805	0.00257866555
46806	0.002201932704
46807	0.002486283012
46808	0.003286032259
46809	0.001024465751
46810	0.000595187438
46811	0.001049094442
46812	0.0006241673253
46813	7.221795435e-05
46814	0.0006058656722
46815	0.0005657764963
46816	0.003830123341
46817	0.002006825039
46818	0.001503920297
46819	0.003167943768
46820	8.438376398e-05
46821	0.0002621437789
46822	0.000222880249
46823	0.002626800684
46824	7.718213536e-05
46825	0.003492555696
46826	0.002052639251
46827	0.0005463661451
46828	0.0006449685099
46829	0.0008857803137
46830	0.0002542342297
46831	0.004029179086
46832	0.0004546849769
46833	0.0003177405256
46834	0.0003117810222
46835	0.000320648551
46836	0.0003492403322
46837	0.004653478253
46838	0.001734842432
46839	0.001863808356
46840	0.0006599138476
46841	0.001555059182
46842	0.00244254939
46843	0.002338463906
46844	0.001989055123
46845	0.002618313585
46846	0.001762748466
46847	0.001037187989
46848	0.002667014243
46849	1.299938934e-05
46850	0.001894370767
46851	0.0006088184324
46852	0.001760067905
46853	0.00499391783
46854	0.003118440556
46855	0.000340787129
46856	2.786434489e-05
46857	0.002137463767
46858	0.000144410539
46859	0.0006767581587
46860	0.000543455888
46861	0
46862	2.539726201e-05
46863	0.000336540329
46864	0.001358846542
46865	0.0001245660664
46866	0.002444730787
46867	0.0007716941132
46868	0.005461909824
46869	0.00316177942
46870	0.005013906188
46871	0.0001927055157
46872	0.001165543411
46873	0.001053875464
46874	0.0004061694475
46875	0.0008755278277
46876	0.0005283943948
46877	0.0001715758195
46878	0.003792009009
46879	0.0002608699075
46880	0.006297142567
46881	0.0009336985799
46882	0.0002868282184
46883	0.001892267053
46884	0.006388021483
46885	0.001582471067
46886	4.643534946e-05
46887	0.001697825827
46888	0.005815985925
46889	0.0001941808039
46890	0.001462771381
46891	0.001854583626
46892	0.001319913264
46893	0.001733274808
46894	5.153224299e-05
46895	0.0006277611768
46896	0.0007089525578
46897	0.0002199645115
46898	0.0002127549196
46899	0.003063101665
46900	0.0008618574025
46901	0.0003001393115
46902	0.003287986775
46903	0.001786555583
46904	5.81284331e-05
46905	0.001002897874
46906	0.002027344237
46907	0.001405700557
46908	0.0009490619897
46909	0.001881064111
46910	0.000119762622
46911	0.001254203154
46912	0.001121102974
46913	0.000452726106
46914	0.005390710989
46915	0.002525949392
46916	0.0005533059463
46917	0.0004912512708
46918	0.0003441282639
46919	0.0008765655182
46920	0.0006644984316
46921	0.002464611167
46922	0.0007501820657
46923	0.003835446904
46924	0.001420343308
46925	0.002434266885
46926	0.004061979602
46927	0.0009904708525
46928	4.210659229e-07
46929	0.004046571279
46930	0.007256135097
46931	0.002539151498
46932	0.004009086147
46933	0.0001631971962
46934	0.00331208083
46935	0.001352327291
46936	0.0001549427259
46937	0.001490653098
46938	0.000354847957
46939	0.0002985910365
46940	0.002216079377
46941	0.0004284361386
46942	0.0001392578872
46943	0.001523355144
46944	0.003935619148
46945	0.001019311482
46946	0.0001842695371
46947	0.0005350667536
46948	0.0007151793376
46949	0.002398267493
46950	0.002997165876
46951	0.004265241293
46952	0.0003236923812
46953	0.0006430919065
46954	0.0002902829839
46955	0.00158543939
46956	0.003261188537
46957	0.0004116871883
46958	0.002015935636
46959	0.001360246598
46960	0.002117895112
46961	0.002557303922
46962	0.00167899344
46963	0.0005679637048
46964	0.002067214591
46965	0.003198146962
46966	0.0003271014153
46967	0.001071139676
46968	0.000101755667
46969	0.003221320163
46970	0.0008197581542
46971	0.001558590909
46972	0.001347798583
46973	0.002295804464
46974	3.155692769e-05
46975	0.0001152577933
46976	6.787401194e-05
46977	0.003702241332
46978	0.00116124674
46979	0.0002608125532
46980	0.001441687829
46981	0.001825493317
46982	0.001804131832
46983	0.004625363266
46984	0.001998714133
46985	0.002119731096
46986	0.0007215236886
46987	0.002805760061
46988	0.0003058191001
46989	0.0008697278808
46990	0.001429176843
46991	0.001807920353
46992	0.003704055641
46993	0.000471255139
46994	0.0008580455646
46995	0.001054599329
46996	0.0007329011842
46997	0.00373803768
46998	0.005715311293
46999	0.0002650770094
47000	0.003102449917
47001	0.0005972422374
47002	0.0004167821998
47003	0.0007236286008
47004	0.001142826835
47005	2.701864449e-05
47006	0.001219079161
47007	0.0006210523612
47008	0.001115731959
47009	0.00111069107
47010	0.001328121776
47011	0.0006508485112
47012	0.0006059030636
47013	0.002042152627
47014	6.130275333e-06
47015	0.003878375983
47016	0.001542609494
47017	0.001306101965
47018	0.002061835459
47019	0.001834162146
47020	0.002569629254
47021	0.0004973293751
47022	1.108581762e-05
47023	0.0005640673294
47024	0.0008133538614
47025	0.0001690186218
47026	0.000857838878
47027	0.0001750738093
47028	0.001228403395
47029	0.001131654114
47030	0.0003151403861
47031	0.0005560035258
47032	0.000268759514
47033	0.001441148253
47034	0.000132961788
47035	0.004282956001
47036	0.00333343232
47037	0.002669200291
47038	0.004459251537
47039	0.000653417112
47040	0.002003849157
47041	0.0001844226176
47042	0.006392475871
47043	0.005832746206
47044	0.003738028041
47045	0.0004526828852
47046	0.004305584025
47047	0.002834840534
47048	0.004036084077
47049	0.002245506914
47050	0.00213968032
47051	0.0007424592347
47052	0.0006358942931
47053	0.0001436760144
47054	0.001155417224
47055	0.001307328006
47056	0.003288556256
47057	0.001764231917
47058	0.00228185427
47059	0.0007698313872
47060	0.002282384546
47061	0.005042154362
47062	0.003808380771
47063	0.001690876953
47064	0.007903909623
47065	0.001816856391
47066	0.00439122458
47067	0.0003369969205
47068	0.001362114253
47069	0.005295622089
47070	0.005048397727
47071	0.001442233189
47072	0.002178922257
47073	0.003792011234
47074	0.006109259569
47075	0.006046932337
47076	0.002134979662
47077	0.001830040322
47078	0.001878731505
47079	0.006192754498
47080	0.004950880149
47081	0.0006823302858
47082	0.0008048731513
47083	0.002660308243
47084	0.0003321653217
47085	0.008063289546
47086	0.00438213489
47087	0.005666305424
47088	0.0004082389415
47089	1.570404891e-05
47090	0.0001623418579
47091	0.001885993435
47092	0.000599937972
47093	0.002214216225
47094	0.000820100873
47095	0.0008829221179
47096	0.0001044938747
47097	0.002412165806
47098	0.000276199882
47099	0.0007329210026
47100	0.0007896923644
47101	0.001707113908
47102	0.001357100169
47103	0.002359612181
47104	0.001839840591
47105	0.0001602074591
47106	0.00241541957
47107	0.0005671553782
47108	0.002046816399
47109	0.001112504074
47110	0.002230645571
47111	0.001300763001
47112	9.943532924e-05
47113	4.777207158e-05
47114	0.0003539314123
47115	0.002242418258
47116	0.002066418305
47117	0.0002105861151
47118	0.0008725719647
47119	0.001287886423
47120	0.005044989559
47121	0.001642764499
47122	0.001957549334
47123	0.0007239092848
47124	0.00028469203
47125	0.003672428787
47126	0.0008462404071
47127	0.0009323646251
47128	0.001615070219
47129	0.0008521837685
47130	0.002044869462
47131	0.000709490652
47132	0.002752787614
47133	0.003433476648
47134	0.001674460445
47135	0.003072765547
47136	0.002158182291
47137	0.001571099537
47138	0.000428077282
47139	0.002030500422
47140	5.755901235e-05
47141	0.005010531165
47142	0.001299515055
47143	0.001491280584
47144	0.0004982475058
47145	0.003168114864
47146	0.002592512999
47147	0.003513653065
47148	0.005494032863
47149	0.0001406249451
47150	0.00326328809
47151	0.006139604073
47152	0.005302825072
47153	0.007193354714
47154	0.006711284193
47155	0.003688952668
47156	0.004845785825
47157	0.006329029891
47158	0.001280657169
47159	0.007084996489
47160	0.001736709557
47161	0.00298013464
47162	0.004199890559
47163	0.003556168886
47164	0.006128501663
47165	0.006801100274
47166	0.007680535779
47167	0.003331557946
47168	0.004298721959
47169	0.005637696969
47170	0.0005991261111
47171	0.003225818267
47172	0.007093898492
47173	0.007757820026
47174	0.0005068036257
47175	0.007009689665
47176	0.005965223069
47177	0.001238732227
47178	0.006642241468
47179	0.0001815606674
47180	0.0004777735195
47181	0.003605462949
47182	0.0002078249803
47183	0.001739725401
47184	0.001888773263
47185	0.0005396660146
47186	0.0001060315706
47187	0.004078602547
47188	0.0004165703379
47189	0.0006834426792
47190	0.003692661266
47191	0.0002053987683
47192	0.005105233856
47193	0.003352197887
47194	0.002284143333
47195	0.003740879717
47196	0.002621035078
47197	0.001823569665
47198	0.001484858217
47199	0.003131657808
47200	0.001805087829
47201	0.007040357641
47202	0.001718003699
47203	0.001944904966
47204	0.0001020310323
47205	0.000120272419
47206	3.828569761e-05
47207	0.002111124046
47208	0.001169567473
47209	0.001354550268
47210	0.005142878279
47211	0.0007668451843
47212	0.002252745664
47213	0.002022934642
47214	0.0006521204588
47215	0.0002657364177
47216	0.001676620619
47217	0.001866402101
47218	0.0001182665241
47219	0.002088621233
47220	0.0001582613124
47221	0.002421792531
47222	0.003040077762
47223	0.001004809887
47224	0.002474635554
47225	0.0004644208458
47226	0.001691778141
47227	0.003008035975
47228	0.0002859548735
47229	0.002148218218
47230	0.0001585995374
47231	0.0008304072723
47232	0.0007741260534
47233	0.0006781925379
47234	0.0008930845475
47235	0.0004753892087
47236	0.0001495496698
47237	0.0005987094237
47238	0.001546725708
47239	0.003174155922
47240	0.001233817755
47241	0.0006829685924
47242	0.003695368959
47243	0.002262530298
47244	0.001952538777
47245	0.0004101074426
47246	0.0008300854746
47247	0.001295856249
47248	0.0001434226916
47249	0.005420328696
47250	0.0008278556782
47251	0.0007851462821
47252	0.001893094805
47253	0.001159982742
47254	0.0001404312275
47255	0.0003543587956
47256	0.0007614352287
47257	0.0002884788969
47258	0.001675831394
47259	0.00727529204
47260	0.00246327482
47261	0.0004812754556
47262	0.005692371096
47263	0.001548325403
47264	1.405865559e-05
47265	8.66132481e-05
47266	0.0006575496086
47267	0.0006288853443
47268	0.002537920084
47269	0.002107309323
47270	0.002012216584
47271	0.003737861793
47272	0.001428731702
47273	0.002323834703
47274	0.0001415934448
47275	0.01129040945
47276	3.464130931e-06
47277	0.004033081699
47278	0.0009541868504
47279	0.002352113328
47280	0.0009578666187
47281	0.001041571729
47282	0.001995345908
47283	0.003047924705
47284	0.001312512593
47285	0.003016491327
47286	0.002172421586
47287	0.0008527778515
47288	0.001289795029
47289	5.631635936e-05
47290	0.001357516622
47291	0.003079718916
47292	0.002487461974
47293	5.466984995e-05
47294	0.001357378199
47295	0.0004261955695
47296	0.001062762688
47297	0.0001692738059
47298	0.0001807724179
47299	0.003280463974
47300	0.0007494417329
47301	0.002564746162
47302	0.002313270698
47303	0.002790990129
47304	0.0003340030729
47305	0.001661157808
47306	0.003035285356
47307	0.002199893171
47308	0.006377219978
47309	0.004793083538
47310	0.003924147113
47311	0.003571267787
47312	0.001251003281
47313	0.005089759258
47314	0.001595549222
47315	0.002565519496
47316	0.001821386579
47317	0.003348168412
47318	0.005525362863
47319	0.004241098993
47320	0.00349961348
47321	0.006502997879
47322	0.0005843004242
47323	0.001070671429
47324	0.0004941037729
47325	0.008749458869
47326	0.001978816781
47327	0.002765680654
47328	0.002137914016
47329	0.003863788081
47330	0.007536566923
47331	0.004476392117
47332	0.002059387412
47333	0.001156558413
47334	0.0003532510732
47335	0.0004304613016
47336	6.994825523e-05
47337	0.001587088542
47338	0.004172231342
47339	0.0002978490132
47340	0.0001449634204
47341	0.0004214919154
47342	0.001071364603
47343	0.003551994722
47344	0.001484168137
47345	0.00194148514
47346	0.003377650979
47347	0.001998382764
47348	0.001957333246
47349	4.3248602e-06
47350	4.343106123e-05
47351	2.53981286e-05
47352	0.0003112377182
47353	0.0004480101
47354	0.0007243874532
47355	0.002832489266
47356	0.000128652586
47357	0.0003729328825
47358	0.0003592408423
47359	1.514102044e-05
47360	0.0003933823551
47361	0.0004701771886
47362	0.0002449403483
47363	6.534633245e-05
47364	0.0001724142079
47365	0.00111990219
47366	0.001850192762
47367	0.001653338768
47368	0.00123681745
47369	0.003009763735
47370	0.004782966057
47371	0.002433037285
47372	0.002342633425
47373	0.004775636967
47374	0.0001878860653
47375	7.50009506e-05
47376	0.001309186041
47377	0.0002749624654
47378	0.0005514769101
47379	0.001901546155
47380	0.001489948573
47381	0.002374578226
47382	0.001385711148
47383	0.0007740643853
47384	0.0002365339332
47385	0.002556280763
47386	0.001162259862
47387	0.001453053653
47388	0.002689096696
47389	0.002248873051
47390	0.0007625696354
47391	0.0001997163961
47392	0.0004082248857
47393	0.0002207856923
47394	0.00114659046
47395	0.004975164343
47396	0.0008115226689
47397	0.0009554824588
47398	0.003537407635
47399	0.002360601232
47400	0.003626143626
47401	0.001273706516
47402	0.0009046487398
47403	0.002779911252
47404	0.001275121986
47405	0.002212274974
47406	0.001331209168
47407	0.001893109963
47408	0.0005528340832
47409	0.001837673202
47410	0.0007215338918
47411	0.001160854407
47412	0.0002780385415
47413	0.000821418973
47414	0.002987104527
47415	0.0003600196535
47416	0.002863319534
47417	0.00161044332
47418	0.0008309414508
47419	0.003716898089
47420	0.001110795707
47421	0.002726493124
47422	0.0007663335299
47423	0.002113567674
47424	0.0005563106739
47425	0.0005499614787
47426	0.002444831965
47427	0.003945222679
47428	0.001595107646
47429	0.0007083059779
47430	0.001827014582
47431	0.00152757725
47432	0.001758170998
47433	0.0001369973172
47434	0.00431398624
47435	0.0003546212338
47436	0.0002948319398
47437	0.001129235811
47438	0.001613269765
47439	0.001310810624
47440	0.001559070107
47441	0.0008131408214
47442	0.0003399512309
47443	0.0001919711646
47444	0.001754741258
47445	0.0009774328771
47446	0.001081581913
47447	0.0003307537735
47448	0.001884662523
47449	0.004746067875
47450	0.0003251229955
47451	0.0001726256454
47452	0.00191949655
47453	0.0007914478127
47454	0.002680328353
47455	0.000445921336
47456	0.002424247579
47457	0.001799896294
47458	0.0003104993351
47459	0.001536209843
47460	0.002046674885
47461	0.001583591806
47462	0.0007419761556
47463	0.001504353936
47464	0.003587639732
47465	0.001562233191
47466	0.001311738186
47467	0.0002259818206
47468	0.0002230615435
47469	0.005225932347
47470	0.0006253429254
47471	0.001067643695
47472	0.0003563605457
47473	0.0006933563966
47474	0.001612774974
47475	0.007132166115
47476	0.0003301896338
47477	0.002017620998
47478	0.003938203531
47479	0.002963192828
47480	0.003966214452
47481	0.002784009799
47482	0.002311484791
47483	0.0004247546231
47484	0.0007814202004
47485	0.003766755416
47486	0.005855326147
47487	0.001264784619
47488	0.003300957835
47489	0.001284549731
47490	0.0009838870654
47491	0.004089631761
47492	0.001162532141
47493	0.001408938172
47494	0.0019157851
47495	0.002405754151
47496	0.002846204147
47497	0.003512559931
47498	0.0009669517215
47499	0.0008202119654
47500	9.873570766e-05
47501	5.943871548e-05
47502	0.003835175442
47503	0.0003734044549
47504	0.005744183549
47505	0.005625579393
47506	0.0002188176743
47507	0.0006474707765
47508	0.003730368899
47509	0.0003610548837
47510	0.003408948705
47511	7.481493125e-05
47512	0.0005459151547
47513	0.006405946686
47514	0.00242808339
47515	0.003037315004
47516	0.002337994786
47517	0.003247146657
47518	0.003924093611
47519	0.0007858630134
47520	0.001073005297
47521	0.001314631382
47522	0.0002008234482
47523	0.003733808021
47524	0.004928998182
47525	0.0002737866563
47526	0.001695871143
47527	0.001263927122
47528	0.00530559232
47529	0.001591251095
47530	0.003602364327
47531	0.003992004108
47532	0.0004718726044
47533	0.002234749598
47534	0.001103181704
47535	0.004464228777
47536	0.00162254688
47537	1.926405451e-06
47538	0.001126888522
47539	0.0007613299425
47540	0.00318072043
47541	0.001670339332
47542	0.002106215272
47543	0.001069157379
47544	1.409614709e-05
47545	0.00122310995
47546	0.004594944878
47547	0.00133789891
47548	0.002475685529
47549	9.352792673e-05
47550	0.0007432838182
47551	0.002767136875
47552	0.0003312322461
47553	0.0003632212441
47554	0.001042545774
47555	0.001099524741
47556	0.001882605208
47557	0.0007889116802
47558	0.0004544103191
47559	0.001829891187
47560	0.00438625418
47561	0.0007586610938
47562	0.001604820638
47563	0.0004403277053
47564	0.001724580525
47565	0.001088172311
47566	0.00221041129
47567	0.0002585626537
47568	0.003544022335
47569	0.001100545257
47570	0.001279246665
47571	0.003574168142
47572	0.007270923094
47573	0.001006237698
47574	0.00327094465
47575	0.002391265325
47576	0.001584201295
47577	0.00161533378
47578	0.003739618945
47579	0.0004352204361
47580	0.0002483140072
47581	0.0009084296341
47582	9.443046397e-05
47583	0.0003801611141
47584	0.0002700118196
47585	0.001811538011
47586	6.414637316e-05
47587	6.284655129e-06
47588	0.0004345193302
47589	0.0006306565412
47590	0.0001106945533
47591	0.001865277612
47592	0.0002836286716
47593	0.002016188377
47594	0.006331627832
47595	5.655809113e-05
47596	0.002853700538
47597	0.0003623256795
47598	0.0003989581484
47599	0.001001660995
47600	0.001724851231
47601	0.0004012988929
47602	0.001292102519
47603	0.0002034804124
47604	0.001321457112
47605	0.003136516775
47606	0.007694976319
47607	0.004220168711
47608	0.0004640375032
47609	0.008259793013
47610	0.002319975381
47611	0.0005660839483
47612	0.003277594769
47613	0.0009411121718
47614	0.002752901669
47615	0.0002474911958
47616	0.001129595901
47617	0.0007551979502
47618	0.000121542131
47619	0.0005938840545
47620	0.001437778503
47621	0.002986448354
47622	0.0003182831974
47623	0.0004625348555
47624	0.001912837397
47625	0.0004742831338
47626	0.002432797313
47627	0.0001177557142
47628	0.0001652567615
47629	0.00186066564
47630	0.0009577632164
47631	0.001588258662
47632	0.002269437535
47633	0.001837608447
47634	0.0001400912154
47635	0.007613814581
47636	0.001489099571
47637	0.001491026892
47638	0.0003372808867
47639	0.0006892372486
47640	0.003874863925
47641	0.0001014868867
47642	0.004576098272
47643	0.001977793137
47644	5.602461378e-05
47645	0.001864833267
47646	0.001560696308
47647	0.002435887991
47648	0.003970912586
47649	0.004356879821
47650	0.002210362613
47651	0.000735221597
47652	0.0005117298314
47653	0.00130302406
47654	0.002059679107
47655	0.0034935041
47656	0.0001388570885
47657	0.0003534007813
47658	0.0008636571959
47659	0.0005261519555
47660	0.000471975175
47661	0.002321114907
47662	0.0008624772922
47663	0.0001340822772
47664	0.0001932740806
47665	0.0001237073875
47666	0.004966658946
47667	0.001078182022
47668	0.005969826218
47669	0.001912390733
47670	0.002489970024
47671	0.003265183324
47672	0.0004328301294
47673	0.0008529791126
47674	0.0003986583452
47675	0.002792065238
47676	0.003020678196
47677	0.004230744036
47678	0.0002839560401
47679	0.007674000516
47680	0.007026681549
47681	0.00691158407
47682	0.001159320716
47683	0.004944939792
47684	0.0001206902676
47685	0.005863419476
47686	0.004741921298
47687	0.002540206241
47688	0.002828819549
47689	0.00357899512
47690	0.00336449343
47691	0.00214733257
47692	0.003529491498
47693	7.38411081e-05
47694	0.00131002351
47695	4.751676476e-05
47696	0.0009711123598
47697	0.002164301885
47698	0.003252895591
47699	0.003275932106
47700	0.0008906725805
47701	0.001633408521
47702	7.085689687e-05
47703	0.0002242413384
47704	0.0002419392879
47705	0.0005995149656
47706	0.004766365251
47707	0.001767740283
47708	0.001457592831
47709	0.0004140892905
47710	1.820585284e-05
47711	0.0001756015982
47712	0.002835615542
47713	0.0003339974824
47714	0.0008603120442
47715	0.002159621997
47716	0.009707347934
47717	0.001423512407
47718	0.001340272916
47719	0.0008472393484
47720	0.005496221758
47721	0.002640812028
47722	0.0001244470175
47723	0.0006264951354
47724	0.002932031717
47725	0.0002120665016
47726	0.001138411032
47727	0.002168688228
47728	0.0005930955762
47729	8.061789051e-05
47730	0.001594979726
47731	0.0004367757161
47732	0.0005730900668
47733	0.001012807234
47734	6.036117244e-05
47735	0.0007007105834
47736	0.0008684168538
47737	0.001576311806
47738	0.000899264087
47739	0.002717805813
47740	0.0005649371477
47741	0.001263500751
47742	0.0004212440179
47743	0.001481952012
47744	0.002517865188
47745	0.002128923363
47746	0.002807186206
47747	0.001074505164
47748	0.0003986853512
47749	0.001261838344
47750	0.00196823903
47751	0.0008262315573
47752	0.003852213721
47753	4.011733965e-05
47754	0.0004655650265
47755	0.002482555226
47756	0.001225676729
47757	0.0001523978813
47758	0.0009342202657
47759	0.0006411073818
47760	0.0006009573105
47761	0.0004845835861
47762	0.0003619568543
47763	0.002025982541
47764	0.001065738074
47765	0.0009814667437
47766	0.006608508292
47767	0.0001672225184
47768	0.0002756487475
47769	0.001917553661
47770	0.0003884718524
47771	0.0001005058989
47772	0.0003710420956
47773	4.708933943e-05
47774	0.0001344987252
47775	0.0001478857392
47776	3.578807971e-05
47777	0.0005606334334
47778	1.78043879e-05
47779	0.0003441121803
47780	3.169032113e-06
47781	0.0005422467003
47782	0.0007838674096
47783	0.0002209430286
47784	0.0004620767408
47785	0.0004743170456
47786	0.001675568101
47787	0.000546862703
47788	0.001904109462
47789	0.0004107842957
47790	0.0004106331813
47791	0.0001396811641
47792	0.0002444478704
47793	0.002053946138
47794	0.004625335103
47795	6.751809865e-05
47796	0.001734789354
47797	0.003120047289
47798	8.572604895e-05
47799	0.001438965817
47800	0.002757383577
47801	0.0009808395102
47802	0.0005754615604
47803	0.002612869541
47804	0.003263321182
47805	7.783172996e-05
47806	0.00271318453
47807	0.0003156093303
47808	0.0004499086893
47809	0.0008154308388
47810	0.002409182031
47811	0.001115919832
47812	0.00102394554
47813	0.0006503636242
47814	0.001295106027
47815	0.004681865502
47816	0.003308177076
47817	0.002337660334
47818	0.0007501837671
47819	0.001175939356
47820	0.002595426425
47821	0.001336784283
47822	0.006621253331
47823	0.001007198635
47824	0.003148099872
47825	0.002394846481
47826	0.002207712703
47827	0.002056499951
47828	0.0007410285527
47829	0.003087267884
47830	0.0009758920077
47831	0.001328520268
47832	0.004660605467
47833	0.0002627782688
47834	0.00679744837
47835	0.005514997236
47836	0.0001084693175
47837	0.0004201456634
47838	1.518241519e-05
47839	0.0005634887534
47840	0.004554863559
47841	0.001065754373
47842	0.0007903248311
47843	0.004192266306
47844	0.002455080986
47845	0.003191156175
47846	0.0001490477795
47847	0.001299604671
47848	0.001486619685
47849	0.00418896715
47850	0.00284583351
47851	0.004376890747
47852	0.001129550243
47853	0.00111774071
47854	0.001169556764
47855	0.001071787638
47856	0.002175943991
47857	0.001694523887
47858	0.00509007392
47859	0.001843977278
47860	0.000282099785
47861	0.0004785458837
47862	0.002490774159
47863	0.004575094995
47864	0.0009737380866
47865	0.001337072948
47866	0.002041151757
47867	0.001697586516
47868	0.002091892593
47869	0.002208441487
47870	0.0004154681069
47871	0.003255331487
47872	0.002474302069
47873	0.001938780222
47874	0.0003322121229
47875	0.0003213471889
47876	0.0003226673124
47877	0.001034455185
47878	0.004951898663
47879	0.005346267021
47880	0.0004136825675
47881	0.001786697867
47882	0.0004436641334
47883	0.003235944436
47884	2.77766957e-06
47885	0.002770570154
47886	0.00114216928
47887	0.001357507663
47888	0.003994179255
47889	0.003932877497
47890	0.000269902825
47891	2.93353948e-05
47892	2.680106657e-05
47893	0.001735709112
47894	0.003772576218
47895	0.0001298162175
47896	0.0009197386026
47897	0.002991461775
47898	0.00328861654
47899	0.003018836957
47900	0.0002643834442
47901	0.003445850834
47902	0.001686218403
47903	0.002873587675
47904	0.001727563223
47905	0.001539198131
47906	0.0007731750758
47907	0.001552838985
47908	0.0001207077925
47909	0.0006578127586
47910	0.002892687875
47911	0.003874519927
47912	0.002192818682
47913	0.0008626096854
47914	8.162983324e-05
47915	0.001373111451
47916	0.001962425717
47917	0.001103451383
47918	0.0007582481539
47919	8.197287352e-05
47920	0.008314622863
47921	0.0001140155961
47922	4.250235776e-05
47923	0.0006371005083
47924	8.4806742e-05
47925	0.001092650987
47926	0.002339055743
47927	0.004141004714
47928	0.003787753307
47929	0.006553072955
47930	0.001342304318
47931	0.003895540946
47932	9.445984065e-05
47933	0.001270185402
47934	0.005559678354
47935	0.0002138270802
47936	0.0008365439044
47937	0.006459340253
47938	0.002912321745
47939	0.002812842008
47940	0.001198824987
47941	0.003796318064
47942	0.0002912883606
47943	8.900700417e-05
47944	0.001364117075
47945	0.002822303188
47946	0.000390327921
47947	0.005251854995
47948	0.0009403528326
47949	0.005385088942
47950	0.0003071411494
47951	0.002288284476
47952	0.001354472689
47953	0.001723932133
47954	0.002312934698
47955	0.0006269827092
47956	0.001616394568
47957	0.002789238999
47958	0.0001776721098
47959	0.001021783219
47960	0.0004775715323
47961	0.002035286031
47962	0.003609770708
47963	0.0005405376738
47964	0.0005512341064
47965	0.00226328019
47966	0.005151626728
47967	0.0007657888538
47968	0.0007368234003
47969	0.0005900770294
47970	0.001584546536
47971	0.002222536306
47972	0.001009464533
47973	0.000947726235
47974	0.001232310652
47975	0.001062256508
47976	0.0002856333838
47977	0.003949966911
47978	0.0004980198174
47979	0.0006367173818
47980	0.002428928332
47981	0.002353840081
47982	0.001811312078
47983	0.002753924132
47984	0.001945409836
47985	0.005033221838
47986	0.007079870915
47987	0.0004791782166
47988	0.0002349317801
47989	0.006604766308
47990	0.0002604017182
47991	0.0009179246643
47992	0.002587719209
47993	0.001572507694
47994	0.003673291946
47995	0.00102478873
47996	0.0001723557936
47997	0.002161498814
47998	0.0004234127538
47999	0.0035015232
48000	0.0005709638284
48001	0.00641291351
48002	0.002108033544
48003	0.001583886725
48004	0.002542982637
48005	0.0008434137103
48006	0.003949564138
48007	0.004488423062
48008	0.006533903446
48009	0.001346876756
48010	0.005252556496
48011	0.001827898569
48012	0.001414815752
48013	0.006392494707
48014	5.296349677e-05
48015	5.308562458e-05
48016	0.002695035317
48017	0.0009369439833
48018	0.0006374046135
48019	0.009893554219
48020	0.005079424871
48021	0.001710278465
48022	0.001115438107
48023	0.007529302082
48024	8.112911067e-06
48025	0.0004699999704
48026	0.0001351966578
48027	0.001582823346
48028	0.001195559856
48029	9.380700374e-05
48030	0.0002115042463
48031	0.006119140939
48032	0.002027213654
48033	0.001749573138
48034	0.001684639108
48035	0.005628803856
48036	0.002682453424
48037	0.000599183269
48038	0.006650932391
48039	0.0002975268059
48040	0.002939693557
48041	0.0001536449887
48042	0.002721814741
48043	0.003005818598
48044	0.000665480877
48045	0.002509504375
48046	0.001014066319
48047	0.009203464485
48048	0.0009178774827
48049	0.007676985749
48050	0.001785232493
48051	7.479291187e-05
48052	4.864840069e-05
48053	0.000171153251
48054	0.000951107466
48055	0.001071097614
48056	0.006516676729
48057	0.00467544705
48058	0.0001146426224
48059	0.0002702118809
48060	0.0003851803228
48061	0.002261063937
48062	0.00677879905
48063	0.006544749167
48064	0.003609281751
48065	0.001460116231
48066	0.002874948152
48067	0.003667123423
48068	0.00068694482
48069	0.0005376001401
48070	0.0003338307878
48071	0.0005899989161
48072	0.0005096679863
48073	0.00104125303
48074	0.000801654278
48075	0.001507093396
48076	0.003096972825
48077	0.0004730579781
48078	0.003533214316
48079	0.001872485801
48080	0.007071288351
48081	0.005346663473
48082	0.0001011660536
48083	0.001279877152
48084	0.001195395257
48085	0.005931735111
48086	0.001089747736
48087	0.004270370701
48088	0.002801498643
48089	0.001910433637
48090	0.0003882311158
48091	0.002600691896
48092	0.003153541712
48093	0.0006989287491
48094	0.001409793648
48095	0.0006205764192
48096	0.005303070174
48097	0.007393049331
48098	0.0001847526275
48099	0.0008330450364
48100	0.000308661442
48101	0.0008438115691
48102	0.000556773403
48103	3.041567918e-05
48104	0.002249811093
48105	0.0001849390211
48106	0.002499761611
48107	0.0007016618134
48108	5.068884338e-05
48109	0.0001519086687
48110	0.0003847845021
48111	0.002687980529
48112	0.001233741437
48113	0.003211195148
48114	0.001700353347
48115	0.001072506617
48116	0.0005192609771
48117	0.001060517514
48118	0.005437979536
48119	0.0003564129982
48120	0.004575511629
48121	0.002232000351
48122	0.001693674253
48123	0.002856064403
48124	0.0008821408427
48125	0.0009103082892
48126	0.0003646620709
48127	0.003127389226
48128	0.002297089149
48129	0.001354388237
48130	0.002094344274
48131	0.005629828245
48132	0.002962659825
48133	4.969203171e-06
48134	0.001065533674
48135	0.001947205805
48136	0.001678240041
48137	0.0007670366573
48138	0.005532539597
48139	0.0005788914853
48140	0.005172020047
48141	0.004190042152
48142	0.003383151706
48143	0.0001161344508
48144	0.004315338621
48145	0.004007654174
48146	0.002747321778
48147	0.003577185404
48148	0.003637939363
48149	0.004496273401
48150	0.004691476359
48151	0.002133643822
48152	0.003821062809
48153	0.001480013745
48154	0.0002984738815
48155	0.0009971659515
48156	0.004004727602
48157	0.002937630091
48158	0.00144687555
48159	0.003561212206
48160	0.0003723588132
48161	0.003235165516
48162	0.001784411103
48163	0.003551689515
48164	0.00121033689
48165	0.004336949501
48166	0.001096544842
48167	0.003826357745
48168	0.004578052487
48169	0.001824832852
48170	0.0006738116452
48171	0.0001664819138
48172	0.003532496785
48173	0.002127129254
48174	0.001942734132
48175	5.510167523e-05
48176	0.0002609676069
48177	0.004117550605
48178	0.004515922912
48179	0.003813176586
48180	0.003202878992
48181	0.0004147657023
48182	0.0008525211356
48183	0.004710394069
48184	0.000529323429
48185	0.0003860332488
48186	0.001900749586
48187	1.536746535e-05
48188	0.001096812728
48189	0.003377390575
48190	0.001247449945
48191	0.007929783043
48192	0.003746044879
48193	0.0008356833694
48194	6.135690272e-05
48195	0.003253750375
48196	0.002774721768
48197	0.0006650566788
48198	0.001994485049
48199	0.0008994949292
48200	0.0002403432918
48201	0.002803126742
48202	4.011824202e-05
48203	0.003573891996
48204	0.00207274899
48205	0.0001503625353
48206	0.001655696173
48207	8.833404949e-05
48208	0.002595929159
48209	0.002456186657
48210	0.003488210769
48211	0.0009347684684
48212	0.00242414379
48213	0.0001130120769
48214	0.004176784872
48215	0.001779304542
48216	0.001845917906
48217	0.002318713343
48218	8.96841762e-05
48219	0.0008413853548
48220	0.0007149019891
48221	0.002660919018
48222	0.0010258072
48223	7.79296613e-05
48224	0.0001727921981
48225	0.001964997355
48226	5.122548085e-05
48227	0.002177185783
48228	0.0004698652789
48229	0.002453281701
48230	2.114635099e-05
48231	0.002599300761
48232	0.001404369803
48233	0.001455833794
48234	0.001231606996
48235	0.002416438461
48236	0.0028931393
48237	0.0019793392
48238	0.002533266449
48239	0.002534838109
48240	0.000646536445
48241	0.004465529092
48242	4.05757759e-05
48243	0.001130576833
48244	0.0002216112123
48245	0.001334952071
48246	0.003517443968
48247	0.001788156458
48248	0.0003228505187
48249	0.0008785712291
48250	0.0001282610969
48251	0.0006498372576
48252	0.0001569223535
48253	0.0008376140561
48254	0.00242187664
48255	0.0001136333877
48256	0.002472491026
48257	0.001485919285
48258	0.003305511867
48259	0.002962278546
48260	0.0001946559715
48261	0.001940980711
48262	0.0005125460128
48263	0.001220667574
48264	0.002072130852
48265	0.0007027792171
48266	0.004663263261
48267	0.001968880716
48268	0.00171249728
48269	8.938938389e-05
48270	0.001065909423
48271	0.00290881357
48272	0.003386824525
48273	0.0001731507371
48274	0.001538830175
48275	0.001378738696
48276	0.0004126683615
48277	0.0006568781195
48278	0.0001208896185
48279	0.004030496888
48280	1.942424868e-05
48281	0.003613953657
48282	0.002144563374
48283	0.009233796748
48284	0.00190365093
48285	0
48286	0.002767268898
48287	0.0001960583549
48288	0.001446336125
48289	8.828282048e-06
48290	0.001099109916
48291	0.005219844344
48292	0.003190334055
48293	0.002697456657
48294	0.0001738952171
48295	0.001378858962
48296	0.001190385821
48297	0.001531383298
48298	0.0003043837503
48299	0.001466410969
48300	0.0009326771954
48301	0.003191045199
48302	0.00345189606
48303	0.001602145249
48304	0.00187759623
48305	0.001356429082
48306	0.00273412229
48307	0.0002877732477
48308	0.00067162416
48309	0.003027439578
48310	0.00110143465
48311	0.001762887002
48312	0.0008168903852
48313	0.004025740002
48314	0.0002641874135
48315	0.0008285324183
48316	0.002448447203
48317	0.002625269215
48318	0.0003779890322
48319	0.0002570998435
48320	0.004665585546
48321	0.001193933402
48322	0.00143761895
48323	0.0005963969295
48324	0.0007148458143
48325	0.0008889374187
48326	0.00297590613
48327	0.00363454142
48328	0.0002127374341
48329	0.0007609253854
48330	0.0003634867425
48331	0.003182952427
48332	0.001842324327
48333	0.00279063988
48334	0.004839638351
48335	0.003532315857
48336	0.0009544625089
48337	0.003073264118
48338	0.001147268958
48339	0.002377285691
48340	0.003769657103
48341	0.001184192841
48342	0.003663120953
48343	0.0004321323897
48344	0.006192311251
48345	7.705940262e-05
48346	0.001237678199
48347	0.0003601964539
48348	0.001834205895
48349	0.0005900495714
48350	0.0005755397281
48351	0.0005112383772
48352	0.00177199858
48353	0.0001124706325
48354	0.0005324705858
48355	0.0004667098841
48356	0.0001657320254
48357	0.0007128818962
48358	5.866178698e-05
48359	0.0002555077906
48360	0.003022507346
48361	0.0009631157332
48362	0.001213057735
48363	0.002085638985
48364	0.001897221776
48365	0.00599964361
48366	0.00461461324
48367	0.0003617068814
48368	0.004291275694
48369	0.0003802765075
48370	0.001788658129
48371	0.0006088053466
48372	0.002827698646
48373	0.002651918236
48374	0.001876953593
48375	0.003052526251
48376	0.002687895101
48377	0.002748966563
48378	0.001132313745
48379	0.002639401929
48380	0.001363759914
48381	0.0008926091999
48382	0.0001540421637
48383	0.008380095312
48384	0.0004330816495
48385	0.0008395868538
48386	0.00409329347
48387	1.404137258e-05
48388	0.0006444920786
48389	0.004588420988
48390	0.009634648533
48391	0.001143178242
48392	0.0008155968609
48393	0.0004883567193
48394	0.001713985256
48395	0.00214058079
48396	0.006331838029
48397	0.00490029036
48398	0.002521540939
48399	0.0002189255352
48400	0.0012449293
48401	0.002199802833
48402	0.009919851123
48403	0.001577718568
48404	0.0005180129501
48405	0.01122928219
48406	0.0007896830409
48407	0.001698468085
48408	0.005044054084
48409	0.006131506253
48410	0.005216646592
48411	0.00520239096
48412	0.004336837051
48413	0.002220853284
48414	0.003532383377
48415	0.001596234875
48416	0.0002690527366
48417	0.003116520766
48418	0.0004064090398
48419	0.001081247296
48420	0.001296211216
48421	0.001827967141
48422	0.003595079932
48423	0.004339290528
48424	0.004704299182
48425	0.0006764777237
48426	0.000268186313
48427	0.001725073764
48428	0.0003916310238
48429	0.009081083642
48430	0.003103600177
48431	0.001085060872
48432	0.002039176232
48433	0.0004428538094
48434	0.005709686385
48435	0.0001199932119
48436	0.001322334337
48437	0.006958116525
48438	0.001813578186
48439	0.003208908394
48440	0.003585711934
48441	0.005858813612
48442	0.004655754329
48443	0.002755732179
48444	0.005096772541
48445	0.004993971318
48446	0.000624221156
48447	3.821944187e-05
48448	0.002015291574
48449	0.004859612238
48450	0.0008545248958
48451	0.001456380335
48452	0.003186971901
48453	0.001039982196
48454	0.00465524052
48455	0.005414460348
48456	0.001428825641
48457	0.005337539188
48458	0.0005130614487
48459	0.001138481791
48460	0.005222581696
48461	0.001905328755
48462	0.004177374903
48463	0.003745169284
48464	0.007589621561
48465	0.002522807455
48466	0.0002527594526
48467	0.004933984799
48468	0.0001927972614
48469	0.008521393865
48470	0.001116317674
48471	0.001360567947
48472	0.0009143738708
48473	0.0001916393364
48474	0.004768172123
48475	0.005754395256
48476	0.001540056965
48477	0.00571460862
48478	0.001432959237
48479	0.0005375491413
48480	0.0009905259451
48481	0.001700959288
48482	0.000287069642
48483	0.0002578922939
48484	0.003213404067
48485	0.0008571590418
48486	0.002589362465
48487	0.007397153811
48488	0.0010881507
48489	8.426430059e-05
48490	0.0006776181506
48491	0.0003670240145
48492	0.002019137609
48493	0.006166822324
48494	0.004292003446
48495	0.0006166787714
48496	0.00545786778
48497	0.002046955827
48498	0.001110514646
48499	0.0003201900284
48500	0.001030544657
48501	0.0007594403174
48502	0.0003816559185
48503	0.001532865473
48504	0.009125499046
48505	0.003707774097
48506	0.003208817553
48507	0.003168737581
48508	0.001197857199
48509	0.003084179242
48510	0.007101828673
48511	0.002261721535
48512	0.004060979219
48513	0.0002211190425
48514	0.001347864366
48515	0.0001127066707
48516	0.004539772297
48517	0.001713433168
48518	0.0006924501607
48519	0.003473195753
48520	0.0007673925941
48521	0.006111742634
48522	0.0003290313384
48523	0.0004288372067
48524	0.002465082474
48525	0.002624773641
48526	0.0009959071914
48527	0.00182188098
48528	0.001962887138
48529	0.003035542024
48530	0.01150811403
48531	0.003980881128
48532	0.0001469819366
48533	0.001672619176
48534	0.00247952594
48535	0.0001996423991
48536	0.003015671813
48537	0.004479843868
48538	0.0005418067591
48539	0.001329459219
48540	0.0003212812854
48541	0.0009253606201
48542	0.006788154478
48543	0.001996261462
48544	0.0007668299097
48545	0.001021517061
48546	0.004606922993
48547	0.000775520054
48548	3.956749276e-05
48549	0.001760083459
48550	0.002740476254
48551	0.003459260819
48552	0.002252617418
48553	0.0001915798712
48554	0.002048493958
48555	0.00134374078
48556	0.001995990369
48557	0.001051890226
48558	0.0003138679056
48559	0.004337943995
48560	0.002593311663
48561	0.0002127032446
48562	0.0001672875529
48563	0.002595877276
48564	0.003329976377
48565	0.0001692422845
48566	0.005713265257
48567	0.002019403025
48568	0.0004133902457
48569	0.0006809030404
48570	0.0005740322391
48571	0.001868256658
48572	0.0006598876278
48573	0.005251603114
48574	0.002245653783
48575	0.002067529653
48576	0.003604594594
48577	0.0009865317606
48578	0.006386701296
48579	0.001203013949
48580	0.00577172713
48581	0.0006464521515
48582	0.004907209498
48583	0.001497000086
48584	0.00577545923
48585	0.0006537267912
48586	0.004158078309
48587	0.003989139559
48588	0.0003847124388
48589	0.002087018085
48590	0.0002643079275
48591	0.0008278558121
48592	0.00185685873
48593	0.0001855027347
48594	0.0004182152825
48595	0.0002584134589
48596	0.00276431199
48597	0.00122831541
48598	0.002576564451
48599	0.004997074246
48600	0.002311909602
48601	0.001939212171
48602	0.001234771358
48603	0.004114813381
48604	0.002117115524
48605	0.0004528790497
48606	0.001653652188
48607	0.001479538781
48608	0.004306503784
48609	0.006841903694
48610	0.005058517134
48611	0.006131830116
48612	0.0004850304368
48613	0.0007566725854
48614	0.002802764346
48615	7.41150658e-06
48616	0.001340663002
48617	0.001951948948
48618	0.0004190380897
48619	0.000324737266
48620	0.0001137530315
48621	0.0009686565213
48622	0.003355088576
48623	0.001517816705
48624	0.001560766793
48625	0.002673097626
48626	0.002133263774
48627	0.001691813309
48628	0.001089527298
48629	0.003382041339
48630	0.003390230522
48631	0.003029841912
48632	0.0007055836228
48633	0.000749641592
48634	0.004627892673
48635	0.0004994457309
48636	8.144329092e-05
48637	0.001108648566
48638	0.000939773263
48639	0.001486856337
48640	0.0003748449729
48641	0.0009183840289
48642	0.00241529468
48643	0.000794581528
48644	0.001310834712
48645	0.0007414968785
48646	0.0021776299
48647	9.068794747e-05
48648	0.0003839679411
48649	0.0006595893919
48650	0.0001064210909
48651	0.0001058663059
48652	0.001047150571
48653	0.001308868989
48654	0.0006604750282
48655	0.0001214660592
48656	0.002550085271
48657	0.0002232611805
48658	0.005875902369
48659	0.001156718371
48660	0.0009562716338
48661	0.002381347082
48662	0.004635478098
48663	0.0008593747325
48664	0.001633497445
48665	0.000214670211
48666	0.002391981261
48667	0.003383988765
48668	0.001825401483
48669	0.0008132901072
48670	0.00235896597
48671	0.0006873789821
48672	0.002104851745
48673	0.001252173251
48674	0.001578457625
48675	0.001203470889
48676	0.002217025166
48677	0.001431272717
48678	0.0007304445371
48679	0.002488852898
48680	0.001603990715
48681	0.004614310002
48682	0.003601307255
48683	0.001492068761
48684	0.000840965583
48685	0.0004514576868
48686	0.001823764495
48687	0.002166007208
48688	0.001356915351
48689	0.002494945692
48690	0.0001386121533
48691	0.001479278149
48692	0.0001072887154
48693	0.00230258334
48694	0.002295849885
48695	0.0002502438124
48696	0.001399674571
48697	0.003242435995
48698	0.0006418849359
48699	0.0007248972242
48700	0.003045392496
48701	0.0007777679999
48702	0.001236044505
48703	0.0008166358674
48704	0.00331011097
48705	0.00319857732
48706	0.001322229316
48707	0.004285091734
48708	0.001000841482
48709	0.002778931723
48710	0.002520099627
48711	0.00137156322
48712	0.001989010923
48713	7.133599234e-05
48714	0.001352536226
48715	0.003289563897
48716	0.0007582247747
48717	0.003099269599
48718	0.0002833573392
48719	0.002676254061
48720	0.00491574247
48721	0.006243170046
48722	0.002367492931
48723	0.003324099206
48724	0.0006446516654
48725	0.0001105258658
48726	0.001683785708
48727	0.0004517732555
48728	0.004687074015
48729	0.001757303238
48730	0.002245796106
48731	0.003512362806
48732	0.001669857848
48733	0.002313574007
48734	0.0002115690351
48735	0.001133010387
48736	0.001408922314
48737	0.0003462267675
48738	0.000667134249
48739	0.0008459585537
48740	0.002332994127
48741	0.0009854289039
48742	0.0005838622577
48743	0.001551270845
48744	0.0008408138632
48745	2.128092833e-05
48746	0.0002080586372
48747	0.001181497506
48748	0.0006576994508
48749	0.0004290933619
48750	0.002285844895
48751	5.916496412e-05
48752	0.0004339823214
48753	0.0002547002577
48754	0.001529414264
48755	0.002280849348
48756	4.800288301e-05
48757	0.000744867969
48758	0.0009689495067
48759	0.0008391328949
48760	0.0004895284931
48761	0.00145870227
48762	0.0002377766313
48763	0.001783336016
48764	0.0003134685093
48765	0.001959972392
48766	0.000181712613
48767	0.0008268886462
48768	0.001454466822
48769	0.002404835984
48770	0.0004114012999
48771	0.0001531962879
48772	0.0005158741415
48773	0.001057745501
48774	0.000675690568
48775	0.001238688463
48776	0.001182300677
48777	0.0001014774979
48778	0.000153383239
48779	0.0003779950163
48780	0.0001544923473
48781	0.0002320688613
48782	0.0005112513014
48783	0.0004691616406
48784	0.0003641027722
48785	0.001946697555
48786	0.0001140209295
48787	0.0007913259107
48788	0.002167461696
48789	2.543729906e-05
48790	3.995911689e-05
48791	0.001816939714
48792	0.0007892523306
48793	0.0004470656651
48794	0.001917320586
48795	0.001996200777
48796	0.001558726887
48797	0.001573186707
48798	6.407367297e-05
48799	0.0002737127602
48800	7.429513904e-05
48801	0.000316362476
48802	0.0006380984235
48803	0.001154687612
48804	0.0006493762797
48805	0.001018595463
48806	0.001022262038
48807	0.0009238232226
48808	0.001469831553
48809	0.0002472076134
48810	0.0004817900919
48811	0.001133427378
48812	1.706374853e-05
48813	0.001003291646
48814	0.0001423951357
48815	0.0009793179501
48816	0.0001002268244
48817	0.0003848203883
48818	5.917865075e-05
48819	0.001705915608
48820	0.0004178619654
48821	0.003294489608
48822	0.003000562262
48823	0.0006053558948
48824	0.002420976133
48825	0.001570445942
48826	0.000531931612
48827	0.005044597691
48828	0.002434060575
48829	0.001449033121
48830	0.004534702712
48831	0.001240014932
48832	0.005801784925
48833	0.0005707238042
48834	0.003317509749
48835	0.007597145935
48836	0.0002053575689
48837	0.001938844853
48838	0.001146471903
48839	0.004370602483
48840	0.001410280679
48841	0.002385675687
48842	0.003059933433
48843	0.004192986577
48844	0.002830940865
48845	0.0001190830097
48846	0.0006921532496
48847	0.00365351553
48848	0.001080741466
48849	0.0009945876539
48850	0.003579690501
48851	0.001807611078
48852	9.689144717e-05
48853	0.003671652298
48854	0.002389534777
48855	0.0002920556912
48856	0.0007046184973
48857	0.003268236576
48858	0.0007340864482
48859	0.002354280648
48860	0.003103140659
48861	0.001368369344
48862	0.001406687808
48863	0.002332290425
48864	0.0001160840609
48865	0.005290186412
48866	0.0006058744569
48867	0.0009534443469
48868	0.0003354833116
48869	6.81449532e-05
48870	0.0002291903738
48871	0.0008102603758
48872	0.001035793354
48873	0.0008440733261
48874	0.0003333387415
48875	0.004943973689
48876	0.0006669968419
48877	0.001687185268
48878	0.001760437129
48879	0.001612791486
48880	0.0006299199614
48881	0.0009606483633
48882	6.048457651e-06
48883	0.0009965246275
48884	0.003943970816
48885	0.00258419068
48886	0.0004122265988
48887	0.0009032466385
48888	0.0003862482703
48889	0.004057396635
48890	0.003367068902
48891	0.0009282569648
48892	0.005932435039
48893	0.004886642624
48894	0.00316308788
48895	0.002630607841
48896	0.002033401828
48897	0.002027755877
48898	0.0005024084713
48899	0.0005135322841
48900	0.0003506633765
48901	0.0009527969246
48902	0.0003541055409
48903	8.002319005e-05
48904	0.00167839015
48905	0.0002116838553
48906	0.001667214831
48907	0.001362784119
48908	7.365930122e-05
48909	0.002986485892
48910	0.003446909792
48911	0.000790560965
48912	0.002084149319
48913	0.00124948838
48914	0.003170570225
48915	0.001098989584
48916	0.002628044116
48917	0.000842963443
48918	0.001837182775
48919	0.004833585881
48920	0.001560580779
48921	0.00199026339
48922	0.002733768294
48923	0.001061746484
48924	0.0003418952918
48925	0.002722498073
48926	0.002914839553
48927	0.001346987549
48928	0.002652040709
48929	0.0004830238781
48930	0.0007069272812
48931	0.000282597261
48932	0.0006985353873
48933	0.001123719464
48934	0.0001280891207
48935	0.003864691636
48936	0.0007519380499
48937	0.003494171358
48938	0.001984638615
48939	0.007352582072
48940	0.0006493072939
48941	0.001997253317
48942	0.001354873167
48943	0.0005641954064
48944	0.004470592173
48945	0.0009934001248
48946	0.0009245547985
48947	0.001088157936
48948	0.001692486359
48949	0.002684072589
48950	0.0002642826476
48951	0.001984196009
48952	0.007214876392
48953	0.0003636387237
48954	0.0004380556371
48955	0.0002307285335
48956	0.003742685285
48957	0.00338474374
48958	0.002950137117
48959	0.001680164655
48960	0.004143075971
48961	0.002111109936
48962	0.002195410954
48963	0.003422189603
48964	0
48965	0.0001512937194
48966	0.0006489871869
48967	0.003031366369
48968	0.003575909581
48969	0.001369091239
48970	0.003455326198
48971	0.004057572467
48972	7.963655115e-05
48973	0.0002055018386
48974	0.00286306766
48975	0.00063058826
48976	0.0006930246542
48977	0.00275952588
48978	0.003154168961
48979	0.002151442083
48980	0.0001212632983
48981	0.0001099470455
48982	0.004717562959
48983	0.0012528266
48984	0.0001427077131
48985	0.006495891621
48986	0.001591765589
48987	0.003098452196
48988	0.0001799321667
48989	0.001391229688
48990	0.0009394103537
48991	0.001963648102
48992	0.003831439311
48993	0.001937981923
48994	0.003360891829
48995	0.003274288403
48996	0.006387667195
48997	0.001751833077
48998	9.267998802e-05
48999	0.007244324936
49000	0.001900184027
49001	0.001283977862
49002	0.002280239633
49003	0.001928885112
49004	0.0005678842579
49005	0.00291952309
49006	0.007422417038
49007	0.001153852193
49008	0.002508039885
49009	0.00603275241
49010	0.002210796659
49011	0.004880710866
49012	0.0007056533578
49013	0.0007211107146
49014	0.000484276444
49015	0.004202173223
49016	0.001790399312
49017	0.001921249531
49018	0.0001451567986
49019	0.0009407147905
49020	0.0001527943733
49021	0.001548095078
49022	0.0002972563252
49023	0.002617254009
49024	0.0009191423154
49025	0.00234683396
49026	0.004094015655
49027	0.0003219016638
49028	0.0009442290098
49029	0.002077211701
49030	0.005869260148
49031	0.0009539553024
49032	0.001585286324
49033	0.002917977583
49034	2.658383189e-05
49035	0.001192686368
49036	0.0006162492567
49037	0.001576953777
49038	0.001625314326
49039	0.001971357965
49040	0.003372681567
49041	0.001539801716
49042	0.006045211582
49043	0.00527540329
49044	0.0003027719379
49045	0.004445798402
49046	0.001429056991
49047	0.001027019745
49048	0.004886990061
49049	0.0002054718342
49050	0.008346239992
49051	0.00684576685
49052	0.0003225588005
49053	0.0003122180843
49054	5.776871611e-05
49055	0.0008599285379
49056	0.001786958059
49057	0.001596365287
49058	0.001155100537
49059	0.003731924625
49060	0.001951309716
49061	0.002147751723
49062	0.001251252532
49063	0.001199445787
49064	0.003158110584
49065	0.001546495796
49066	0.004026769246
49067	0.006674563513
49068	0.002523434564
49069	0.002839344395
49070	0.008711946506
49071	0.0001397115694
49072	0.003574683438
49073	0.001748197297
49074	0.0008240515916
49075	0.002323020315
49076	0.001617361892
49077	0.0008770383469
49078	0.002171650165
49079	0.00248190632
49080	0.002548956659
49081	0.002658423946
49082	0.0002797719116
49083	0.001829824367
49084	0.0008793866626
49085	0.003123970023
49086	0.002329839027
49087	0.002551654619
49088	2.253045014e-05
49089	0.0003665074937
49090	0.000821290384
49091	0.001360539748
49092	0.005210111591
49093	0.001889209131
49094	0.001140216507
49095	0.002937584772
49096	0.0005699322508
49097	0.002611414781
49098	0.005013089573
49099	0.002333594104
49100	0.005215535868
49101	0.002680842375
49102	0.004126596241
49103	2.641410854e-05
49104	0.0005658954728
49105	0.001399000139
49106	0.000140463426
49107	0.0006515342618
49108	0.003597613232
49109	0.0005261095655
49110	0.001476331345
49111	0.006650510167
49112	0.001424309455
49113	0.0005356633165
49114	0.002457683587
49115	0.003271765854
49116	0.002973763002
49117	0.001438452896
49118	0.001323243524
49119	0.004593915666
49120	0.0005472300072
49121	0.0006235002078
49122	0.002099267815
49123	0.0002638774715
49124	0.002330492002
49125	0.004336997066
49126	0.002117147362
49127	0.005154726072
49128	0.001516079697
49129	0.007160067412
49130	0.004500283856
49131	0.001636056307
49132	0.002553745084
49133	0.00142115589
49134	0.003529602497
49135	0.003649486719
49136	0.001254551736
49137	0.0003415683238
49138	0.0005820988538
49139	0.0003469791982
49140	0.004577716767
49141	0.0003370579267
49142	0.0002078496999
49143	0.0002563668591
49144	0.002162961654
49145	0.004217615094
49146	0.002519388319
49147	0.001059648057
49148	0.0003256201798
49149	0.00246567659
49150	0.001264928013
49151	0.003105826542
49152	9.897908653e-05
49153	0.0006417071583
49154	0.002416752621
49155	0.0008399985864
49156	0.001434350808
49157	0.002475030646
49158	0.002762719939
49159	0.001093037747
49160	0.001830178196
49161	0.001428164087
49162	0.001077544045
49163	0.0028974713
49164	0.002423766137
49165	0.002434681485
49166	0.001603896488
49167	0.0005409839865
49168	0.0008645368412
49169	0.001273110057
49170	0.0007295545388
49171	0.0005841601102
49172	0.001004568854
49173	0.0003637743493
49174	0.001029162727
49175	0.004212107891
49176	0.00147280811
49177	0.002775445843
49178	0.001054233809
49179	0.002066028873
49180	0.001274841424
49181	0.0009492486327
49182	0.0007688484152
49183	0.0007647549991
49184	0.002519895707
49185	0.000900491112
49186	0.002520951706
49187	0.0007081607251
49188	0.003807198132
49189	0.001368276916
49190	0.003181846173
49191	0.003450786809
49192	0.004187442947
49193	0.002502471551
49194	0.001955363893
49195	0.0003639965071
49196	0.001516930727
49197	0.0007871044771
49198	0.0001898856115
49199	0.003719101641
49200	0.004368099847
49201	0.000448707638
49202	0.001673460689
49203	0.0009693794547
49204	0.0007537536306
49205	0.001394913655
49206	0.0009693739028
49207	0.002234340059
49208	0.001415885321
49209	0.00252607819
49210	0.000933701835
49211	0.0012788251
49212	0.0008681071043
49213	9.671036757e-05
49214	0.003993830729
49215	0.001239813087
49216	0.000555133956
49217	0.001205019085
49218	0.0001626931966
49219	0.001683415311
49220	0.001782891357
49221	0.001050615272
49222	0.001052036645
49223	0.002559238106
49224	0.001595778162
49225	0.001661106077
49226	0.001757423796
49227	0.0004452749642
49228	0.0003238023093
49229	0.00389575049
49230	0.0003494672914
49231	0.002106155863
49232	0.00315764873
49233	0.00323304206
49234	0.0006568584693
49235	0.0006584690363
49236	0.003798891198
49237	0.001976024235
49238	0.002277435685
49239	0.000343505148
49240	0.001616983524
49241	0.001095296425
49242	0.001108637787
49243	0.000725380174
49244	0.0002402681071
49245	0.002598466626
49246	0.001963446457
49247	0.001316750933
49248	0.0008438328354
49249	0.0004536026504
49250	0.0005630153853
49251	0.0007153605894
49252	0.0007901864037
49253	0.0002222605388
49254	0.0009688072651
49255	0.0006539318581
49256	0.004254030847
49257	0.0007757773853
49258	0.001056530392
49259	0.001150718031
49260	7.007035403e-05
49261	0.0007171073886
49262	0.0003409229202
49263	0.0007340927333
49264	0.002205437883
49265	0.001157274304
49266	0.003816809964
49267	0.003826669217
49268	0.001656475196
49269	0.003311499045
49270	0.001408759018
49271	0.001018628851
49272	0.000146768668
49273	0.0002470805442
49274	0.0005354084339
49275	0.0006230870072
49276	0.001324320547
49277	0.0008316989697
49278	0.001432241134
49279	0.0006982988244
49280	0.002548394494
49281	0.0021181623
49282	0.001703187458
49283	0.003087057016
49284	0.001071564878
49285	1.325675176e-07
49286	0.0003545527354
49287	0.001221969526
49288	0.001038743557
49289	0.002645461134
49290	0.001022103906
49291	0.002720417201
49292	0.003077795736
49293	0.0002882897278
49294	0.001208242914
49295	0.004725238312
49296	0.002915558861
49297	0.0006790660163
49298	0.0001883219555
49299	0.003355994792
49300	0.000668599043
49301	0.004474658558
49302	0.0006710443322
49303	0.0005755920219
49304	0.0001450280244
49305	0.001704244264
49306	0.0004862799256
49307	0.005662960164
49308	0.0004872134596
49309	0.000653554405
49310	5.70585438e-05
49311	0.003372736164
49312	0.006402116252
49313	0.003811686727
49314	0.004882237436
49315	0.002498202424
49316	0.0009181045411
49317	8.453229015e-05
49318	0.001989943439
49319	0.00146383078
49320	0.001514329365
49321	0.003395751317
49322	0.00357127835
49323	0.0005910208896
49324	0.001815826304
49325	0.0005654538569
49326	0.0009185886657
49327	0.001194155453
49328	0.001441314053
49329	0.00305358397
49330	0.001773997941
49331	9.310567137e-05
49332	0.0008167136347
49333	0.003611608663
49334	0.001062359387
49335	0.005657840404
49336	0.0001184270305
49337	0.001064721996
49338	0.005633980468
49339	0.004745429117
49340	0.0003519231872
49341	0.00146509101
49342	0.004074855658
49343	0.0002884436558
49344	0.003644023212
49345	0.0007137700715
49346	0.004010060019
49347	0.002725447208
49348	0.004955144183
49349	0.001726190583
49350	9.828119615e-06
49351	0.0011409513
49352	0.0001703408657
49353	0.002714152158
49354	0.0003152027074
49355	0.007808823062
49356	0.00501669798
49357	0.0009428154006
49358	0.009776741623
49359	0.0009208345482
49360	0.001050104667
49361	0.00113106367
49362	0.005419946318
49363	0.0003980395351
49364	0.003894314443
49365	0.003303407908
49366	0.002102640905
49367	0.005035390899
49368	0.0008148740449
49369	0.004574685889
49370	4.651381875e-05
49371	0.002405541361
49372	0.004218998955
49373	0.001036421277
49374	0.001496896347
49375	0.002323261078
49376	0.008834832636
49377	0.0007669583151
49378	0.0006380857539
49379	0.003126482465
49380	0.005337104094
49381	0.001808677699
49382	3.264384838e-05
49383	0.00337153773
49384	0.001116251828
49385	0.001282784612
49386	0.0001826090883
49387	7.102344612e-05
49388	0.003559984498
49389	0.001944498276
49390	0.00097329471
49391	0.0001633922064
49392	0.003534136064
49393	0.002299895115
49394	0.006888348479
49395	0.005171579728
49396	0.0009799744674
49397	0.0001500969582
49398	0.008380897245
49399	0.00770022333
49400	0.0001812446853
49401	0.002129992804
49402	0.002038537488
49403	0.004924052206
49404	0.000589467498
49405	0.001463617602
49406	0.006503442076
49407	0.0005028541135
49408	0.003452204297
49409	0.0006790946799
49410	0.004823992967
49411	0.001796867385
49412	0.001305393115
49413	0.001499897335
49414	0.001283160831
49415	0.0001302180421
49416	0.0004458005048
49417	0.002033103874
49418	0.003411343713
49419	0.0005846694524
49420	0.0007645402471
49421	0.00207347084
49422	0.005066270545
49423	0.006295195277
49424	0.002766172497
49425	0.001062448392
49426	0.002091793431
49427	0.005954981213
49428	0.004433862641
49429	0.003488688444
49430	0.0006701751238
49431	0.005149920936
49432	0.0005663671898
49433	0.003088485358
49434	0.001537903172
49435	0.002372342584
49436	0.003892656134
49437	0.002490641615
49438	0.00399318471
49439	0.002815904611
49440	0.001481400761
49441	0.0005819151733
49442	0.001676176297
49443	0.001111243651
49444	0.002493041553
49445	0.0001018101943
49446	0.001789025372
49447	0.003800901078
49448	0.0009080287231
49449	0.002840221028
49450	0.001264115411
49451	0.0008589337965
49452	0.0008491914215
49453	0.00357351409
49454	0.002619822814
49455	0.002136883658
49456	0.003763280144
49457	0.00164586925
49458	0.0006138204993
49459	0.002580172538
49460	0.0003943664869
49461	0.0003757478663
49462	9.271324239e-05
49463	0.001751062418
49464	0.005694572341
49465	0.0007842188862
49466	0.002517119825
49467	0.003658720367
49468	0.0008255462825
49469	0.002131888367
49470	0.001912853615
49471	0.002655820926
49472	0.00612025005
49473	0.005186650288
49474	0.00231418765
49475	0.003756693377
49476	0.001894200253
49477	0.002386186426
49478	0.0001944899712
49479	0.006359408342
49480	0.003838573159
49481	0.003460525013
49482	0.002268507832
49483	0.0006561307234
49484	0.004663480085
49485	0.001982363358
49486	0.004443200713
49487	0.004951140698
49488	0.003523827298
49489	0.000116839954
49490	0.001422320119
49491	0.002534646034
49492	0.0002704976853
49493	0.005291251054
49494	0.0005060370083
49495	0.002310063418
49496	0.000747283876
49497	0.00431698519
49498	0.0009192669098
49499	9.682081137e-06
49500	0.003620229136
49501	0.0007400074437
49502	0.001940840081
49503	0.00206745437
49504	0.0008782707564
49505	0.0004126847137
49506	0.002164519805
49507	0.00075883321
49508	0.0002097573938
49509	0.0001372324439
49510	0.005558279069
49511	0.004147577396
49512	0.00145939739
49513	0.001481312754
49514	0.001118522172
49515	0.001168036596
49516	0.005040306155
49517	0.001555230646
49518	0.001055759936
49519	0.000948556513
49520	0.001403614052
49521	0.0004180933248
49522	0.00381904777
49523	0.0002937567235
49524	0.0002448703811
49525	0.004302346154
49526	0.00186932138
49527	0.0003906211713
49528	0.0008404713764
49529	0.003897171325
49530	0.0003469380838
49531	0.00169002377
49532	0.0002675699377
49533	0.004337567305
49534	0.003351592661
49535	0.0003191113689
49536	0.0006976481895
49537	0.003203601891
49538	0.004352162437
49539	0.004613373112
49540	0.001568042642
49541	0.002348806185
49542	0.0005618087795
49543	0.002714569298
49544	0.004636397777
49545	0.003877540118
49546	0.002850604253
49547	0.001145897555
49548	0.001943144901
49549	0.0003372983769
49550	0.001068664054
49551	0.001997590009
49552	0.002680136601
49553	0.00203899445
49554	0.002129475538
49555	0.002966656332
49556	0.0009727732015
49557	0.002809028294
49558	0.004264019128
49559	0.001090747934
49560	0.00285355407
49561	0.001206065858
49562	0.002259411898
49563	6.626521939e-05
49564	0.0001097438468
49565	0.002070544579
49566	0.001633003347
49567	0.001335280535
49568	0.002599121302
49569	0.007380219566
49570	0.0008037158551
49571	0.004640721013
49572	2.060542704e-06
49573	0.001991120409
49574	0.0001788404078
49575	0.00124257082
49576	9.790104551e-05
49577	0.0008276773964
49578	0.009809098374
49579	0.0002629043639
49580	2.943806432e-05
49581	0.0009614509401
49582	0.001051033386
49583	0.003486313309
49584	0.008095846832
49585	3.557548721e-05
49586	0.001228285018
49587	0.001291491826
49588	0.002219895657
49589	0.0002766166788
49590	0.003257169363
49591	0.0007864399008
49592	0.001386599899
49593	0.002764485454
49594	0.001522862777
49595	0.003302681408
49596	0.0007060822488
49597	0.001495310405
49598	0.004160041483
49599	0.005026678346
49600	0.0008501347773
49601	0.0102191381
49602	0.002418010212
49603	0.0001938968458
49604	5.324830874e-05
49605	0.0004087992303
49606	0.001393271563
49607	0.00147002819
49608	0.002344678271
49609	0.0001135210636
49610	0.003125874685
49611	5.579690232e-05
49612	0.002057673042
49613	0.003773220099
49614	0.0007907619848
49615	0.003625976556
49616	0.0003665243317
49617	0.0005467780436
49618	0.002478013942
49619	0.0007792616591
49620	0.004347613561
49621	0.002121958859
49622	0.001317206253
49623	0.0008809741908
49624	0.003165735475
49625	0.003680940089
49626	0.001967804539
49627	0.0008095314476
49628	1.036681915e-05
49629	3.368635772e-05
49630	0.001094164829
49631	0.001261861688
49632	0.002587338336
49633	3.413865909e-05
49634	4.65878599e-06
49635	0.0006781793945
49636	0.005729190807
49637	0.003627812704
49638	0.001068241138
49639	0.0008440071698
49640	0.001987422295
49641	0.002054333367
49642	0.002057122313
49643	0.003716988624
49644	0.001108269393
49645	0.001825515952
49646	0.003377773554
49647	0.000915079067
49648	0.0001026526968
49649	0.002601513201
49650	0.004294438648
49651	0.001977122419
49652	0.003594267405
49653	0.004208314059
49654	0.000188426948
49655	0.002981752338
49656	0.0003242698026
49657	0.003507971522
49658	0.0002009892387
49659	0.0009463420937
49660	0.0003923763426
49661	0.000626176644
49662	0.003554983898
49663	0.002051178807
49664	0.0002836272142
49665	0.0009258896935
49666	0.002030076122
49667	0.000312372973
49668	0.0005838821673
49669	0.004592622087
49670	0.0009890410855
49671	0.001234488156
49672	0.001236275619
49673	8.03183864e-05
49674	0.0006734660401
49675	9.752716855e-05
49676	0.0004170562171
49677	0.002818545312
49678	0.00173547902
49679	0.00173774943
49680	0.0001845671683
49681	0.002436631483
49682	9.875017711e-05
49683	0.001181668147
49684	0.001964975739
49685	0.001010131612
49686	0.009679134526
49687	0.001178311873
49688	0.0006791995581
49689	0.001235825634
49690	0.00138882959
49691	0.00200298812
49692	0.001798734152
49693	0.0007280297901
49694	0.00121631491
49695	0.0001788349596
49696	0.0003479551576
49697	0.0005628834503
49698	0.002756603376
49699	0.0008553341392
49700	0.001494357982
49701	0.0008645756949
49702	0.0007955923583
49703	0.0003726925331
49704	0.001049896353
49705	0.002368715068
49706	0.002079093717
49707	0.004800716426
49708	0.001812819224
49709	0.004778120612
49710	0.002367961548
49711	0.0008648590667
49712	0.006664241684
49713	0.00455634277
49714	0.002780995347
49715	0.0005315062703
49716	0.004012560846
49717	0.003403442929
49718	0.002692257008
49719	0.0007497875174
49720	0.004835376611
49721	0.002893768699
49722	0.002645413439
49723	0.001273523467
49724	0.002640821051
49725	0.00305270666
49726	0.003858718598
49727	0.0001903237624
49728	0.0009403595137
49729	0.002623392038
49730	0.001198197936
49731	0.00347194636
49732	0.002237111334
49733	0.002300291491
49734	0.0008505241471
49735	0.0008842919793
49736	0.002217457689
49737	0.0007484165482
49738	0.000634516742
49739	0.004960455749
49740	0.00239412712
49741	0.0004576602494
49742	0.001385770151
49743	0.0002927284634
49744	0.001447948292
49745	0.002626179539
49746	0.0003713507891
49747	0.002210686081
49748	0.005123341469
49749	0.002186052062
49750	0.004070966747
49751	0.005120967761
49752	0.0008303594085
49753	0.003910299504
49754	0.004224276081
49755	4.991199425e-05
49756	0.001657545691
49757	0.002823812568
49758	0.004076614342
49759	1.833459965e-05
49760	0.00139692171
49761	0.0004790948043
49762	0.001422800235
49763	0.000836627061
49764	0.001417285005
49765	0.0001077785665
49766	0.000257686643
49767	0.002186156579
49768	0.0003271126236
49769	0.0001235882457
49770	0.001428860357
49771	0.0005799211176
49772	0.001541725614
49773	0.001210895125
49774	0.0008450253416
49775	0.0001091509572
49776	0.001031725112
49777	0.001986955342
49778	0.0008008150118
49779	0.0006934098042
49780	0.002242290672
49781	0.0003684154087
49782	0.001679738387
49783	0.001398254761
49784	0.002785432766
49785	0.0005698550866
49786	0.001920293116
49787	0.0004022734453
49788	0.004085884463
49789	0.001944927444
49790	0.002680710371
49791	0.0008883658196
49792	0.002180699629
49793	0.002032843567
49794	0.004009100397
49795	0.0008769942267
49796	0.001641374366
49797	0.002529028194
49798	0.0006275331875
49799	0.001837345437
49800	0.003238974015
49801	0.0003886290778
49802	0.0003942444707
49803	0.0008123732752
49804	0.0002492911129
49805	1.979606354e-05
49806	0.0001716672635
49807	0.0004482483342
49808	0.001424750515
49809	0.0009441478586
49810	0.0003703197588
49811	0.0008005195226
49812	0.0005389971767
49813	0.0007256177609
49814	0.000113027915
49815	0.000369311346
49816	0.002227710073
49817	2.088449432e-05
49818	0.001343791431
49819	0.0007767897592
49820	0.001254358492
49821	0.001289202081
49822	0.00113463602
49823	0.0001729499844
49824	0.0009498962731
49825	0.00113161957
49826	0.001790111858
49827	0.0002256660608
49828	0.00192210063
49829	0.00112372037
49830	0.0004737380819
49831	0.0002588722867
49832	0.0001389998963
49833	0.001967650431
49834	0.001190086505
49835	0.002393388212
49836	0.001096782317
49837	0.0009744761714
49838	0.001704410603
49839	0.001354658546
49840	0.001381308594
49841	0.001111755561
49842	0.001166484366
49843	0.001226019525
49844	0.0004894370066
49845	0.001439736598
49846	0.002150791984
49847	0.00125500462
49848	0.002017710141
49849	0.001394606625
49850	0.0001338087903
49851	0.001956125525
49852	0.0009422107809
49853	0.0001141403928
49854	0.0007940836275
49855	0.001565181145
49856	0.002905071882
49857	0.0006720969991
49858	0.0001633833357
49859	0.005233503375
49860	0.00134138841
49861	0.0003632843621
49862	0.002473375271
49863	4.502887753e-05
49864	0.0001255787745
49865	0.0004674422091
49866	0.002517945347
49867	0.002738127825
49868	0.00259909012
49869	0.0011672902
49870	0.001445722885
49871	0.000968228511
49872	0.001064600245
49873	0.001904131474
49874	0.001513039744
49875	0.0005281207772
49876	0.001053364311
49877	0.001378673565
49878	0.004532909943
49879	0.0001507756281
49880	4.648641603e-05
49881	2.088987116e-05
49882	0.005609452138
49883	0.0005651755166
49884	0.0003336394355
49885	0.0005620638214
49886	0.00157865583
49887	0.003796067966
49888	0.0005609819341
49889	0.003828109134
49890	0.001678203137
49891	0.001500709109
49892	0.001485940501
49893	0.004451824518
49894	0.003025597759
49895	0.002275465265
49896	0.004126231908
49897	0.004290315011
49898	0.005271001141
49899	3.398438104e-05
49900	5.737356663e-05
49901	0.0007801267068
49902	0.0004921147208
49903	0.002572445797
49904	0.000894223603
49905	0.0009459413812
49906	0.002274754865
49907	0.001011396414
49908	0.000106227472
49909	0.001806768464
49910	0.002553428125
49911	0.001027380937
49912	0.003157413111
49913	0.002273972275
49914	0.001851516891
49915	0.002018934614
49916	8.689231485e-05
49917	0.0001213363607
49918	0.003053473715
49919	0.002184891771
49920	0.0008956940339
49921	0.0005697633624
49922	0.0002926115898
49923	0.001644343344
49924	0.002954547709
49925	0.002917065585
49926	0.003726868837
49927	0.002128883048
49928	0.0001646735982
49929	0.0001791187224
49930	0.002310244456
49931	0.002244895188
49932	0.0001842313335
49933	0.00147280268
49934	0.002302532129
49935	0.001413985441
49936	0.0005939812245
49937	0.002700673734
49938	0.001526075117
49939	0.0004325701888
49940	0.0004003885344
49941	0.0001569819264
49942	0.0008738104738
49943	0.0006713505656
49944	0.003017329004
49945	0.0006829631507
49946	0.001900378025
49947	0.0007421169831
49948	0.004752459071
49949	0.0008545687533
49950	0.0003485501687
49951	0.000185810694
49952	0.001180401873
49953	0.0008515750307
49954	0.0001309165309
49955	0.0005144281906
49956	0.0001976053
49957	0.0001478217433
49958	0.00057811813
49959	0.007017323248
49960	0.002744319979
49961	0.002224247652
49962	0.003028867774
49963	0.001147197854
49964	0.002919071636
49965	0.002883216847
49966	0.00190727256
49967	0.002252959368
49968	1.673084152e-05
49969	0.002078320609
49970	0.0001664532672
49971	0.001568102897
49972	0.001593032514
49973	0.003458944551
49974	0.00333006133
49975	3.77003537e-05
49976	0.000317838844
49977	0.001387997998
49978	0.008613815355
49979	0.0003072631376
49980	0.001172902451
49981	0.0009548556015
49982	0.001100225827
49983	0.003947088757
49984	0.0003154608206
49985	0.003492053247
49986	0.001340834329
49987	0.002073002375
49988	0.0004884278481
49989	0.002982226414
49990	0.001706448181
49991	0.002528827303
49992	0.0003144278275
49993	0.004434620789
49994	0.0002520207168
49995	0.0008807342181
49996	0.0005395027328
49997	0.002593934655
49998	0.003053316959
49999	0.002105995678
50000	0.002599662069
50001	0.001691210325
50002	0.001771751739
50003	0.00207213411
50004	0.00219556006
50005	0.001832520331
50006	0.0004421179747
50007	0.001412579973
50008	0.002879603686
50009	0.0005865861831
50010	0.002405005388
50011	0.00229499203
50012	0.001166493871
50013	0.002655172535
50014	0.001203593318
50015	0.0007635828789
50016	0.005109041353
50017	0.001416835107
50018	0.00253267382
50019	0.00540592303
50020	0.0008694818493
50021	0.001305727919
50022	0.0002436850791
50023	0.003120778704
50024	0.00463997979
50025	0.0002462403755
50026	0.004015825668
50027	0.001627624496
50028	7.190225763e-05
50029	0.001379634032
50030	0.00277580818
50031	0.001333948995
50032	0.000494428381
50033	0.00110629271
50034	0.0009594205975
50035	4.695733016e-05
50036	0.001091520721
50037	0.002818955286
50038	0.0008366803753
50039	0.0001147255488
50040	0.004068060071
50041	0.001607292626
50042	0.0003260702962
50043	0.001669731632
50044	0.001503083504
50045	0.001647162687
50046	0.000171783348
50047	0.0004915672557
50048	0.001895419679
50049	0.0008856425421
50050	0.003401572984
50051	0.001662060034
50052	0.0002386506023
50053	0.0004637706597
50054	0.000909729121
50055	0.004504401538
50056	0.0001763389195
50057	0.0008148255992
50058	0.0005744002092
50059	0.003500451124
50060	0.006693266463
50061	0.0009003805081
50062	0.001195771866
50063	0.0005736982631
50064	0.0007877651003
50065	0.0004325715492
50066	0.0005238986975
50067	0.0002795810793
50068	0.0002008824244
50069	0.0006319441211
50070	0.0007901807777
50071	0.0001778665526
50072	0.002703878945
50073	0.001250156076
50074	0.003257178676
50075	0.004196272899
50076	0.00542619992
50077	0.0001352104182
50078	8.497013191e-05
50079	7.744713251e-05
50080	0.001343067932
50081	0.000218618543
50082	0.001520965154
50083	0.0005413256163
50084	0.002196969641
50085	0.002575507671
50086	0.00181541965
50087	0.002100000308
50088	0.002128245675
50089	0.0004952938157
50090	8.624874719e-05
50091	0.0006875742577
50092	0.002577223981
50093	0.002258612849
50094	0.003209128319
50095	0.0001172538555
50096	0.001525944765
50097	0.00668696397
50098	0.001385171786
50099	0.0008177802554
50100	0.0009005386869
50101	0.007108078273
50102	0.0002794381437
50103	0.0001316858823
50104	0.003143262261
50105	0.00284534454
50106	0.003720250931
50107	0.001280748152
50108	0.003358189496
50109	0.0006429826892
50110	0.00135711062
50111	0.0005357101907
50112	0.005361071947
50113	0.001132779198
50114	0.0006161569637
50115	0.0001751570971
50116	0.003284870248
50117	0.001943204332
50118	0.0005887047641
50119	0.0005118109001
50120	0.002557409868
50121	0.001876754544
50122	0.002249661847
50123	0.001427908607
50124	0.00137653664
50125	0.001610869439
50126	0.0005996051509
50127	0.002089676635
50128	0.0001018885783
50129	0.003442484787
50130	8.361367589e-05
50131	0.001993434311
50132	0.001820911581
50133	0.00329213812
50134	0.001081419728
50135	0.0003703805602
50136	0.000300173476
50137	0.001956113132
50138	0.002307916239
50139	0.001252676242
50140	0.004903598616
50141	0.006102708683
50142	0.003459725574
50143	0.004003645013
50144	0.005594886529
50145	0.00150078563
50146	0.002189057962
50147	0.001172870872
50148	0.001877189588
50149	0.001354570986
50150	0.002814327056
50151	0.001171919589
50152	0.001990218148
50153	0.001125395824
50154	0.001188252732
50155	0.0008433020157
50156	0.003394996028
50157	0.002502845157
50158	0.001086683248
50159	0.001718496513
50160	0.003410184177
50161	0.00226406516
50162	0.0003746858692
50163	0.000410056429
50164	0.001051438766
50165	0.0005980427545
50166	0.001655917543
50167	0.002175192345
50168	0.001791420969
50169	0.0008301314784
50170	0.002360323743
50171	0.002986720696
50172	0.002449371819
50173	6.156786028e-05
50174	0.001741132822
50175	0.002653029492
50176	0.003631588905
50177	0.00322951105
50178	0.003481624205
50179	0.0033735176
50180	0.002768921224
50181	4.813727006e-05
50182	0.005503902981
50183	0.0004105442182
50184	0.001470279433
50185	3.928243953e-05
50186	0.005478560088
50187	0.003546273509
50188	0.0006285050407
50189	0.001737143852
50190	0.0045108389
50191	0.003381747456
50192	0.0005890375393
50193	0.004972086083
50194	0.0007665181972
50195	0.001066308743
50196	0.003205611564
50197	0.001759002675
50198	0.0003402342563
50199	0.00631676663
50200	0.0005822265142
50201	0.0004162310613
50202	0.0003419642519
50203	0.003250381364
50204	0.0003723860368
50205	0.0009379969863
50206	0.001938296286
50207	0.007615917658
50208	3.545136156e-05
50209	0.002312943709
50210	0.002505189156
50211	0.0003306010392
50212	0.0006797072192
50213	0.000970524189
50214	0.005567579115
50215	0.0001838944555
50216	0.0009308055475
50217	0.000960596436
50218	0.00395089522
50219	0.00404810797
50220	0
50221	0.0008863342649
50222	0.002931873957
50223	0.0002698557393
50224	0.0005295570231
50225	0.0004373525321
50226	0.002478220654
50227	0.002596555453
50228	0.001566135139
50229	0.003292461271
50230	0.001434521489
50231	0.002800442091
50232	0.002103974167
50233	0.0002397412421
50234	0.000637437043
50235	0.0003742044924
50236	0.003740365546
50237	0.001190968709
50238	0.001421641937
50239	6.97725467e-05
50240	0.0009202424339
50241	0.0002263109946
50242	0.0001963005152
50243	0.002484590709
50244	0.0003263990792
50245	0.0008336937667
50246	0.003539108071
50247	5.64053045e-05
50248	0.0005962771688
50249	0.0004170043981
50250	0.002760091534
50251	0.002850250117
50252	0.0001718774235
50253	0.001058761874
50254	0.002419192501
50255	1.766571427e-05
50256	0.001552779886
50257	0.0004167527187
50258	0.005737742018
50259	0.001740682287
50260	0.0003319995334
50261	0.0004103194755
50262	9.256720006e-05
50263	0.0001807558833
50264	0.001002950185
50265	0.0002493335868
50266	0.0002768393555
50267	0.004442549556
50268	0.000131826892
50269	0.004319901469
50270	0.0007687183922
50271	0.003262181323
50272	0.0003102909759
50273	0.0003863943396
50274	0.0009764833862
50275	0.0009408018437
50276	0.0009254754904
50277	0.004747060953
50278	0.00428257815
50279	0.000255615559
50280	0.002743265322
50281	0.001167966176
50282	0.001515038029
50283	0.003542267776
50284	9.275840723e-05
50285	0.001589809175
50286	0.002275162552
50287	0.001739098066
50288	0.002308156248
50289	0.002031199546
50290	0.001442489201
50291	0.001776828367
50292	0.00191624784
50293	0.0004224501004
50294	0.0006593816525
50295	0.0003304355264
50296	0.0001232737322
50297	0.0001041771912
50298	9.399370142e-05
50299	0.0002625179921
50300	0.001068090127
50301	0.001535550358
50302	0.002400088311
50303	0.001953612101
50304	0.0002298155705
50305	0.004577370201
50306	0.001412704255
50307	0.001962261946
50308	0.001766103493
50309	0.0003763355211
50310	2.358773091e-05
50311	0.005641307278
50312	0.0003684791322
50313	0.001663506425
50314	0.0001652462667
50315	0.002673930089
50316	0.0008929000371
50317	0.001109386877
50318	0.0024609399
50319	0.001347979936
50320	0.002293606399
50321	0.0007942881796
50322	0.002265909913
50323	0.002093826719
50324	0.001471125963
50325	0.0009596394593
50326	0.0005460918528
50327	0.004931110075
50328	0.007292132636
50329	0.002690609322
50330	0.001713887377
50331	0.003246220674
50332	0.0006456016958
50333	0.0002849970831
50334	0.0004494901356
50335	0.001597410684
50336	0.0003499294743
50337	0.001742599656
50338	0.001906515752
50339	0.002985521905
50340	0.005594214852
50341	0.004367505784
50342	0.00404680662
50343	0.00140625466
50344	0.0009808198119
50345	0.001172678701
50346	0.006597446231
50347	0.0005766237444
50348	0.006455722058
50349	0.002971188599
50350	0.003396672625
50351	0.00439976174
50352	0.005699108944
50353	0.001000096751
50354	5.268291711e-06
50355	0.005989158826
50356	0.0009469666596
50357	0.002008107798
50358	0.003338514607
50359	0.002884552276
50360	0.002108422764
50361	0.001936820399
50362	0.004183051896
50363	0.000102339277
50364	0.003537604687
50365	0.0001491010791
50366	0.0008931270993
50367	0.001260955665
50368	0.0008033008334
50369	0.0003797332587
50370	0.002467119544
50371	0.004207402258
50372	0.0009588110456
50373	0.004807593755
50374	0.004999781219
50375	0.004070431548
50376	0.005882104275
50377	0.005468697581
50378	0.001174906785
50379	0.002919417189
50380	0.002265597988
50381	0.003726267118
50382	3.533970187e-07
50383	0.003161847856
50384	0.003877383756
50385	0.005135894067
50386	0.005896842907
50387	0.002864784933
50388	0.004662935366
50389	0.001217224697
50390	0.002588938131
50391	0.0001465406641
50392	0.003466551042
50393	0.0006417603265
50394	0.0007196244883
50395	0.0005312889736
50396	0.000685317481
50397	0.0006577298862
50398	0.002260028616
50399	0.0007392906941
50400	0.0007515078222
50401	0.0001182847987
50402	5.945400627e-06
50403	0.000102777149
50404	0.0001490062824
50405	7.240601036e-05
50406	0.0002064532402
50407	0.0001288557342
50408	1.129164138e-05
50409	0.0001067929786
50410	4.316102762e-05
50411	9.280017678e-05
50412	0.0008629258635
50413	0.003688935195
50414	0.001593683049
50415	0.001270894258
50416	0.001708262193
50417	0.002206603197
50418	0.00200574507
50419	0.001894945431
50420	0.002853233915
50421	8.227761369e-05
50422	0.00477137282
50423	0.004636099535
50424	0.001645942789
50425	8.60963245e-05
50426	0.0009194612478
50427	0.001080462294
50428	0.001956835039
50429	0.0018503592
50430	0.001057462612
50431	0.001927004125
50432	0.001129814919
50433	0.0005147503409
50434	0.002113747191
50435	0.000421697186
50436	0.004919917249
50437	0.002794220502
50438	0.003302454614
50439	0.003036812748
50440	0.0006521051562
50441	0.00522400693
50442	0.0006598823188
50443	0.002387544548
50444	0.002097955585
50445	0.0005579472647
50446	0.0008533106552
50447	0.001318786067
50448	0.0006143372768
50449	0.0007923922961
50450	0.003405055917
50451	0.001226897241
50452	0.002645583553
50453	0.002319293226
50454	0.0002164308291
50455	0.001028319051
50456	0.001537642387
50457	0.0001571330978
50458	0.0009530795133
50459	0.00054847485
50460	0.005757365214
50461	0.001858999966
50462	0.0009899995317
50463	0.004557321221
50464	0.003218050546
50465	0.003603655337
50466	0.001055290512
50467	0.001129378756
50468	0.003346947438
50469	0.0009920210437
50470	0.0002762139617
50471	0.001823239642
50472	0.005020312239
50473	0.001840827858
50474	0.0006802891163
50475	0.005993345559
50476	0.00326763423
50477	0.002219371045
50478	0.0009513284168
50479	0.002916363078
50480	0.004571244744
50481	0.0008447827892
50482	0.001078435315
50483	0.000337181488
50484	0.003695977249
50485	0.0008277011027
50486	0.00345912166
50487	0.001147845678
50488	0.0004708269447
50489	0.0003677355839
50490	0.000900169057
50491	0.005046359059
50492	0.002390217773
50493	0.002194456115
50494	0.0007826496348
50495	0.001941537458
50496	0.002593159871
50497	0.001481559576
50498	0.003970597183
50499	0.002154147186
50500	0.001348453675
50501	0.001615361737
50502	0.001604686856
50503	0.001046405207
50504	2.881104913e-05
50505	0.0001784389386
50506	5.662532368e-05
50507	0.003287105479
50508	0.003671071458
50509	0.0007861291308
50510	0.00290649103
50511	0.0003671436161
50512	0.0005244413594
50513	0.0007220118327
50514	0.0002406594347
50515	0.00187163249
50516	0.003073862653
50517	0.001647504089
50518	0.0001274971226
50519	0.001076389769
50520	0.002761622468
50521	0.00891569827
50522	0.004124330594
50523	0.0004836963111
50524	0.004903898592
50525	0.002433211659
50526	0.001425273093
50527	0.001118108253
50528	0.006073529695
50529	0.0003286230704
50530	0.002909599853
50531	0.002736387925
50532	0.0003744956116
50533	0.003947834678
50534	0.002360912699
50535	0.0009268434439
50536	0.004846280656
50537	0.0004134287605
50538	0.003419934375
50539	0.0009468559775
50540	9.971444386e-05
50541	0.002232704083
50542	0.004192410389
50543	0.000770995056
50544	0.0009721687875
50545	0.003144608922
50546	0.001004329523
50547	0.0006276176727
50548	0.002790167617
50549	0.002946057151
50550	0.0007825826594
50551	0.003756571895
50552	0.0007097686127
50553	0.001581762644
50554	0.0001645227307
50555	0.005913383899
50556	0.001576428351
50557	0.0004504794743
50558	0.00179527094
50559	0.003917612794
50560	2.240292268e-05
50561	0.001879244888
50562	0.005079962242
50563	0.001069603117
50564	0.00119280805
50565	0.0001525898467
50566	0.004458359447
50567	0.0001723709101
50568	0.000814679713
50569	0.001492771376
50570	0.001362433103
50571	0.0004472676663
50572	0.001831346699
50573	0.005470468998
50574	0.0003520736137
50575	0.001971321828
50576	0.00197189355
50577	0.0002746942614
50578	0.001304391427
50579	0.001640665513
50580	0.000484062994
50581	0.002966682288
50582	0.001368400729
50583	0.00211861625
50584	0.004531174818
50585	0.000656039769
50586	0.002087852837
50587	0.0008927087091
50588	0.0002997557507
50589	0.003101463076
50590	0.0009969888222
50591	0.001327744406
50592	0.002840711762
50593	0.003029758246
50594	0.002551432396
50595	0.005779316154
50596	0.001127438035
50597	0.0003220721628
50598	0.0002154555684
50599	0.001018245679
50600	0.001410115054
50601	0.0005071716946
50602	0.001120949025
50603	0.005352626233
50604	0.002250180993
50605	0.003923211608
50606	0.0004582786962
50607	0.001189017278
50608	0.001615975109
50609	0.006123756006
50610	0.002926072751
50611	0.004553593396
50612	0.004669798356
50613	0.002147318566
50614	0.0004205618885
50615	0.005828880872
50616	0.0001233966495
50617	0.0008654963224
50618	0.0006284957554
50619	0.0006907005032
50620	8.78778716e-06
50621	0.0001195318885
50622	0.005526946929
50623	9.180150707e-05
50624	3.705912338e-05
50625	0.00466898762
50626	0.002048594409
50627	0.004406092236
50628	0.000454720781
50629	0.004236020123
50630	0.0007829377325
50631	0.003337649782
50632	0.004159506757
50633	0.0001419982469
50634	0.003417848368
50635	8.722405267e-05
50636	0.00112214268
50637	0.001142977353
50638	0.0007444874055
50639	0.001561197369
50640	0.002241107308
50641	0.0001795643536
50642	0.0003470981196
50643	0.001355567796
50644	0.0009888275143
50645	0.0003420716671
50646	0.001583893137
50647	0.0005783141221
50648	0.004795405764
50649	0.003371334963
50650	0.001315366685
50651	0.002783322704
50652	0.000251996507
50653	0.0001730163297
50654	0.0008109940359
50655	0.0005565445368
50656	0.0005047049724
50657	0.004902209274
50658	0.0007799009166
50659	0.0003823097187
50660	0.001540716158
50661	0.002289996587
50662	0.003515257615
50663	5.217967616e-05
50664	0.007075443109
50665	0.005747971586
50666	0.005634248826
50667	0.001541157675
50668	0.005578718825
50669	0.0002354464127
50670	0.002564408152
50671	0.003017369763
50672	0.001358055553
50673	0.001051006082
50674	0.001007590404
50675	0.001265116394
50676	0.005471483529
50677	0.0007265880694
50678	0.0005466468278
50679	0.0005007638818
50680	0.0006247803323
50681	0.0003625220193
50682	0.0002032843652
50683	0.0003891722368
50684	0.000933463277
50685	0.0001655698893
50686	0.003586043156
50687	0.003946682078
50688	0.0005882824785
50689	0.0002315172641
50690	0.0003840179361
50691	0.002095286199
50692	0.001501588572
50693	3.428095789e-05
50694	0.00194327914
50695	0.0004244396676
50696	0.001323837015
50697	0.006174872867
50698	0.001564465032
50699	0.001901291604
50700	0.002886976123
50701	0.003461841911
50702	0.0006907854085
50703	0.000941341935
50704	0.001491931098
50705	0.0006709699575
50706	0.0008352714861
50707	0.0002335196528
50708	0.0007572726377
50709	0.000817372869
50710	0.000693699606
50711	0.0006866525676
50712	0.001015807626
50713	0.001328038567
50714	0.001265992845
50715	0.00234391148
50716	0.0009747839577
50717	0.004895254588
50718	0.003299569284
50719	0.0008245417987
50720	0.001096723384
50721	0.0004038965561
50722	0.00379658904
50723	0.001218005108
50724	0.002055020056
50725	0.0007418173132
50726	0.0009963126614
50727	0.002712628173
50728	0.005220936261
50729	0.0003988698589
50730	0.002151273557
50731	0.002916265793
50732	0.0009189710552
50733	4.188914615e-05
50734	0.0006783037327
50735	0.003357295853
50736	0.00205285251
50737	0.002548472003
50738	0.0004047506955
50739	0.0009578735269
50740	0.004266126276
50741	0.002782446348
50742	0.001339925353
50743	0.002427420845
50744	0.0009025336136
50745	0.0004074412122
50746	0.0002282488236
50747	0.0007062933351
50748	0.0002039180604
50749	0.0007011784997
50750	0.0008393096615
50751	0.001616426918
50752	0.0002066276501
50753	0.0004734150598
50754	0.0003182234195
50755	0.003077370479
50756	0.0003174797146
50757	0.0004564190618
50758	0.002206299926
50759	0.0004893074455
50760	0.001102168623
50761	0.001195399638
50762	0.003357360042
50763	0.001055076577
50764	0.003135719456
50765	0.00115051193
50766	0.0004490468225
50767	0.002713548793
50768	0.002986035515
50769	0.001926691677
50770	0.005054273153
50771	0.001917691077
50772	0.005738860891
50773	0.002545836369
50774	0.005027901163
50775	0.0008844658138
50776	0.0005415960699
50777	0.0002102519091
50778	0.0006843652721
50779	0.001683149035
50780	0.002574294599
50781	0.004864799506
50782	0.001858967453
50783	0.003463899769
50784	3.944686667e-05
50785	0.001606066197
50786	0.0002977190206
50787	0.005400303327
50788	0.0002975995596
50789	0.005795566008
50790	0.0006580404694
50791	0.002350354664
50792	0.0008976514641
50793	0.0009734084266
50794	0.003554502302
50795	0.004160746283
50796	0.0008324309552
50797	0.003073475049
50798	0.0005961245727
50799	0.001905431131
50800	0.000213368699
50801	0.0009335570878
50802	0.001450600345
50803	0.0001618143649
50804	0.0007289239259
50805	0.0009077481809
50806	0.001513392006
50807	0.0002897248189
50808	0.0009614835754
50809	0.002068246085
50810	0.004535943828
50811	0.0001136582834
50812	0.002243480764
50813	0.002973594601
50814	0.00165117942
50815	0.0008527197977
50816	0.002019781912
50817	0.001732853281
50818	0.001612508365
50819	0.002615705361
50820	0.002754302545
50821	0.0005940362483
50822	0.001299547269
50823	0.0001740097387
50824	0.001056648115
50825	0.0002931493496
50826	0.00264426223
50827	0.001941100066
50828	0.0009201036499
50829	0.001750960577
50830	0.002741976563
50831	0.0003605366909
50832	0.0009123639974
50833	0.0009439388033
50834	0.00306037529
50835	0.0003004663065
50836	0.003138700506
50837	0.0001590537186
50838	0.001570181904
50839	0.005806197704
50840	0.0004697241089
50841	0.0005791649914
50842	0.0003671884676
50843	0.002351751928
50844	0.0001037808889
50845	0.001628555433
50846	0.002010519413
50847	4.968182761e-05
50848	0.000160787566
50849	0.001584650192
50850	0.0002938575866
50851	0.0005275290508
50852	0.001503354311
50853	0.001338093741
50854	4.498049563e-05
50855	0.001916302644
50856	0.002338676904
50857	0.0004631657618
50858	0.0002563726891
50859	0.008337065504
50860	0.001612105431
50861	0.002195885974
50862	0.001446858213
50863	0.005040577727
50864	0.001924750316
50865	0.0002965629682
50866	0.003640774081
50867	0.008851757818
50868	0.002712631451
50869	0.0009832693299
50870	0.001757400604
50871	0.0007323324401
50872	0.001751949217
50873	0.0002030853445
50874	5.098293616e-05
50875	0.000461059619
50876	0.00177084463
50877	0.002580385315
50878	0.000339637794
50879	0.006520067032
50880	0.001338391368
50881	0.003822250278
50882	0.004037561415
50883	0.0008487129856
50884	0.00154086156
50885	0.002519754068
50886	9.423407689e-06
50887	0.000306748009
50888	0.001589970611
50889	0.0001948731155
50890	0.002456051899
50891	0.0001383407471
50892	0.005873354467
50893	0.002240217162
50894	0.004165822511
50895	0.003513069835
50896	0.002760261252
50897	0.001128248743
50898	0.008839436389
50899	0.0004501098552
50900	0.000282581892
50901	0.0006896883668
50902	0.0005592712006
50903	0.0005635014084
50904	0.000274262243
50905	0.0001500007682
50906	0.000244409497
50907	0.0003780972474
50908	2.02877054e-05
50909	0.002778285917
50910	0.00114000572
50911	0.0002460267934
50912	0.005081068369
50913	0.006064389659
50914	0.001763238325
50915	0.000651320093
50916	0.00128164077
50917	0.0008328881899
50918	0.002834813289
50919	0.002001684749
50920	0.00193872528
50921	0.0003610544957
50922	0.0006869603294
50923	0.004790989095
50924	0.004060650254
50925	0.00483958811
50926	0
50927	0.0009896934974
50928	0.003094775928
50929	0.00247669861
50930	0.0008344157025
50931	0.001984732831
50932	0.0005328774389
50933	0.0001206886843
50934	0.001003894067
50935	0.001920572767
50936	0.002067090967
50937	0.0005843399304
50938	0.001197668868
50939	0.001165299151
50940	0.002280914886
50941	0.001477951504
50942	0.001174496619
50943	0.003563829213
50944	0.003324278472
50945	0.00015753076
50946	0.001139470225
50947	0.0008450057128
50948	0.0003416008175
50949	0.00209623803
50950	0.004340637087
50951	0.001093675745
50952	0.004605716965
50953	0.003316763713
50954	0.002791180531
50955	0.000789399857
50956	0.007155891591
50957	0.003639491888
50958	0.001142239986
50959	0.005252185624
50960	0.001275775797
50961	0.005758417989
50962	0.003902532759
50963	0.001377853911
50964	0.002179177982
50965	0.006867247484
50966	0.0004577551482
50967	0.0009568978228
50968	0.0002423117579
50969	0.0001736960926
50970	0.0003555429484
50971	0.001990164843
50972	0.00113600267
50973	0.0001091497099
50974	0.0004140997951
50975	0.003840320073
50976	0.002643891276
50977	0.0001399588598
50978	0.0002582316302
50979	0.002249814791
50980	0.0008723466232
50981	0.001230885051
50982	0.001620524929
50983	0.00363010929
50984	0.001992805417
50985	0.002868037036
50986	0.008544933042
50987	0.0007680813361
50988	4.49789083e-05
50989	0.002313189534
50990	0.002001270887
50991	0.0001672074418
50992	0.0001948669373
50993	0.0004741565415
50994	0.0006112610306
50995	0.002938502335
50996	0.001054706981
50997	0.00294615264
50998	0.002566817259
50999	0.0006705207312
51000	0.001225053181
51001	0.0008026815739
51002	0.0009519575486
51003	0.00198324662
51004	0.0001089900979
51005	0.0003513834406
51006	0.0009050229175
51007	5.431404182e-05
51008	0.0002928109179
51009	0.000699978024
51010	0.0002109079588
51011	0.0005490901274
51012	0.0002033285154
51013	0.0009466936314
51014	0.0004726485874
51015	0.001849737544
51016	0.0001066529637
51017	0.000155946419
51018	0.002984658893
51019	1.751068176e-06
51020	0.005474219917
51021	0.002211449407
51022	0.001094421154
51023	0.001617420978
51024	0.002725932352
51025	0.0004559406915
51026	0.001770628256
51027	0.0004229241757
51028	0.001034580832
51029	0.004861497679
51030	0.0008213899825
51031	0.005184347141
51032	0.004707776872
51033	0.0004551112672
51034	0.002474773324
51035	0.001715080551
51036	0.002972750751
51037	0.0003340690254
51038	0.003672203797
51039	0.005940530025
51040	0.001141152352
51041	0.0003112011733
51042	0.004428876806
51043	0.004121907985
51044	0.005711562604
51045	0.002626271316
51046	0.005468939331
51047	0.006994933191
51048	0.0001564358828
51049	0.0003731355283
51050	0.0003217353102
51051	0.00489151537
51052	0.001017248305
51053	0.001590083257
51054	0.000738982255
51055	0.005380510603
51056	0.002063249164
51057	0.002946728673
51058	0.0007781097399
51059	0.001560708775
51060	0.0008890479601
51061	0.00164030077
51062	0.00105498869
51063	0.001304122929
51064	0.001279864503
51065	0.001658108026
51066	0.001885192335
51067	0.0009387765595
51068	0.0006852305236
51069	0.001066110148
51070	0.0001326738911
51071	0.002102555212
51072	0.001727987466
51073	0.00264182752
51074	0.0007162374462
51075	0.001346715738
51076	0.0005222336278
51077	0.001806248447
51078	0.001005862569
51079	0.002058482723
51080	0.001698554168
51081	0.002435915579
51082	0.001814023972
51083	0.001969853006
51084	0.0021073446
51085	0.001686702654
51086	0.001762853458
51087	0.00181292122
51088	0.001944727306
51089	0.001915366052
51090	0.00838169935
51091	0.004231584873
51092	0.00517617298
51093	0.001228825936
51094	0.005389907373
51095	0.0001740787513
51096	0.00128735445
51097	0.002919895495
51098	0.002060876464
51099	0.000750147246
51100	0.0001694024894
51101	4.472732453e-05
51102	0.001082382516
51103	0.0005673502493
51104	0.001874192823
51105	0.00540438319
51106	0.001080761968
51107	0.008549287337
51108	0.0009096932548
51109	0.001144204217
51110	0.008529149048
51111	0.002959978142
51112	0.00147464187
51113	0.0004515751336
51114	0.0006592526305
51115	0.001353213578
51116	0.005451212279
51117	0.0004458732879
51118	0.007119715794
51119	0.001208462879
51120	0.003280178218
51121	0.002162350645
51122	0.004701704462
51123	0.0001011335575
51124	0.001132302137
51125	0.003856593168
51126	0.001534261649
51127	0.0005654962558
51128	0.005245812409
51129	0.00171738257
51130	0.003875749233
51131	0.004337725525
51132	0.0005902841144
51133	0.003636175786
51134	0.0001001435439
51135	0.0004040758481
51136	0.002596334516
51137	0.002805839787
51138	0.0002897518334
51139	0.001274574141
51140	0.0004189327968
51141	0.001354285882
51142	0.004448234138
51143	0.0007418027284
51144	0.001577961734
51145	0.002874591107
51146	0.001220991056
51147	0.0008119920443
51148	0.0008445179059
51149	0.0003336449192
51150	0.0005154581717
51151	0.004076374002
51152	0.001658702155
51153	0.001239667813
51154	0.0003817932269
51155	0.003877588761
51156	0.006028944237
51157	0.0003318375916
51158	0.001844970782
51159	0.0009688362005
51160	0.006048208765
51161	0.0002757035312
51162	0.0004805463333
51163	0.001968447847
51164	0.001466838508
51165	0.002341650894
51166	0.002118986803
51167	0.003198905416
51168	0.001797121849
51169	0.006704107312
51170	0.001725653043
51171	0.001065351009
51172	0.0002561069859
51173	0.005496164084
51174	0.00451508825
51175	0.0001793523843
51176	0.004101910898
51177	0.002477726582
51178	0.00302355539
51179	0.0001211708033
51180	0.001395593827
51181	0.002217018209
51182	0.0007138767739
51183	0.0008229091759
51184	0.0002868539555
51185	0.001122507079
51186	0.0001613347125
51187	0.001080798391
51188	0.005165524468
51189	0.0007739970978
51190	0.0001038076165
51191	0.0006646164765
51192	0.001672180937
51193	0.001376405319
51194	0.001077692025
51195	0.002501032781
51196	0.006250830801
51197	0.006009869097
51198	0.00353738084
51199	5.816799889e-05
51200	0.0005622138231
51201	0.00395141193
51202	0.002494287503
51203	0.003244396817
51204	0.003785678044
51205	0.004908460385
51206	8.835467264e-05
51207	0.005575761152
51208	8.475021356e-05
51209	0.005949071163
51210	0.005438661777
51211	0.003010763467
51212	0.001236536234
51213	0.0005074781428
51214	0.002831843622
51215	0.001787688186
51216	0.003680431396
51217	0.002284950956
51218	0.00393477355
51219	0.007809863417
51220	0.002070850139
51221	0.002729465767
51222	0.003400549967
51223	0.0002401021549
51224	0.001486650927
51225	0.0002246803351
51226	0.001595573866
51227	0.004639063788
51228	0.003489879094
51229	0.002754046217
51230	0.002766617623
51231	0.0009771948425
51232	0.00485368614
51233	0.000771689692
51234	0.002866363639
51235	0.0003771966122
51236	0.0007311399867
51237	0.0008433192471
51238	0.0006512217871
51239	0.0008116482077
51240	0.007288418625
51241	0.004210344611
51242	0.0004818395544
51243	0.003733851215
51244	0.001164368361
51245	0.001530928068
51246	0.003351526283
51247	0.0008182912398
51248	0.0008155524393
51249	0.000841176859
51250	0.0017948042
51251	0.001261360067
51252	0.0004616586239
51253	0.001026978711
51254	0.009899933636
51255	0.001412883155
51256	3.105862982e-05
51257	0.001408964232
51258	0.0004527709863
51259	0.003600243386
51260	0.003957808492
51261	0.001461775813
51262	0.0002919795919
51263	1.767379642e-05
51264	0.0008713826378
51265	0.0003890875049
51266	6.529705613e-05
51267	6.237311665e-05
51268	0.001675996147
51269	0.006672388274
51270	0.001258768573
51271	0.0007958048718
51272	0.005056114026
51273	0.001722103455
51274	0.0007368737601
51275	0.002731992983
51276	0.006547141875
51277	0.0009157838332
51278	0.001855119951
51279	0.005522713963
51280	0.0002316416108
51281	0.0002840944705
51282	0.001579951256
51283	0.0001621974711
51284	0.004220547515
51285	0.003393069025
51286	0.003962441918
51287	0.001123183157
51288	0.003500987773
51289	6.100794049e-05
51290	0.001970333987
51291	0.004581864702
51292	0.002367771431
51293	0.001751746174
51294	0.003158272579
51295	0.0001078144701
51296	0.004059468497
51297	0.003003470958
51298	0.0007294803801
51299	0.001113753956
51300	0.0003462386894
51301	8.186789796e-09
51302	0.0002549657973
51303	2.174950352e-05
51304	0.0004879276938
51305	0.002228651692
51306	0
51307	0.002081002763
51308	0.004819055198
51309	0.0005709056336
51310	0.002802632114
51311	0.0004113294595
51312	0.002471216808
51313	0.001335544379
51314	0.002489299189
51315	0.001272843242
51316	0.002974068572
51317	0.0007456143026
51318	0.003134910362
51319	0.001500373194
51320	0.002303228275
51321	0.0009735866992
51322	4.138321621e-05
51323	0.001909221998
51324	0.003885387927
51325	0.001435509838
51326	0.0001548842298
51327	0.001515716087
51328	0.003348793515
51329	0.001876525468
51330	0.0001435461086
51331	0.0001803822648
51332	0.002405147977
51333	0.001736881049
51334	0.0003447176667
51335	0.004737968108
51336	0.0009018349501
51337	0.0001259703111
51338	0.0008363950928
51339	0.01232618717
51340	0.008963132444
51341	0.006443330271
51342	0.004391312951
51343	0.005177079614
51344	0.005785752161
51345	0.00834777929
51346	0.001352301679
51347	0.004521324045
51348	0.003622054134
51349	0.0003311002767
51350	0.008439450239
51351	0.00222657112
51352	0.004709240728
51353	0.0001625168474
51354	0.001225530983
51355	0.001146080659
51356	0.0005256059588
51357	0.0001306524729
51358	0.002791409358
51359	0.0009725001502
51360	0.0005165540469
51361	8.05244923e-05
51362	0.001979869343
51363	0.001009614572
51364	0.0006901225588
51365	0.001505366301
51366	0.002087889835
51367	0.003415498742
51368	0.0002972065938
51369	0.0012502762
51370	0.002616792814
51371	0.004416479708
51372	0.001056531508
51373	0.001011964817
51374	0.0006489229366
51375	0.003068784295
51376	0.00584314422
51377	0.005942905933
51378	0.0004514462205
51379	0.003151392202
51380	2.074357197e-05
51381	0.002808257512
51382	0.003975422465
51383	0.002180611712
51384	0.001014068736
51385	0.003561691813
51386	0.000389442822
51387	0.0024591635
51388	0.001104065946
51389	0.001807199858
51390	0.001011074083
51391	0.002967300528
51392	0.006653637327
51393	0.002972267033
51394	0.0006051066064
51395	0.0003634383756
51396	0.0006853909994
51397	0.0004989215625
51398	0.002164558131
51399	0.0004327658329
51400	0.0007852251408
51401	0.0007680501691
51402	0.001010142731
51403	0.002824551958
51404	0.0002183000788
51405	0.001990781424
51406	0.003493791485
51407	0.004075347357
51408	0.004420118093
51409	0.003709571251
51410	0.004396297889
51411	0.002555285545
51412	0.001088629299
51413	0.0008035309409
51414	0.004456471169
51415	0.0007329453129
51416	0.002429988971
51417	0.00135632501
51418	0.001179983203
51419	0.001454322834
51420	0.002105560631
51421	0.0002773857056
51422	0.0007322424955
51423	0.0003642947477
51424	0.008966022904
51425	0.001978419813
51426	0.002692510969
51427	0.0003267264484
51428	0.002589920331
51429	0.001742810628
51430	0.0001880090529
51431	0.001871335602
51432	0.00769200392
51433	0.0009447771208
51434	0.007074023773
51435	0.002745392112
51436	0.001231595212
51437	0.005168311941
51438	0.0002949982702
51439	0.00360304296
51440	0.00166098357
51441	0.002251471506
51442	0.002948674679
51443	0.001018556704
51444	0.002108657196
51445	0.001995906689
51446	0.0007940208114
51447	0.003303871291
51448	0.00324223166
51449	0.000951394432
51450	0.002541533288
51451	0.0001703360906
51452	0.00145589923
51453	0.000294401695
51454	0.0005223531318
51455	0.000580264859
51456	0.0007485406066
51457	0.0005561682456
51458	0.001089892441
51459	0.001691279271
51460	0.002896625452
51461	0.0007671576266
51462	0.0007784584224
51463	0.0008001615773
51464	0.001279094698
51465	0.0001126788575
51466	0.002527374873
51467	0.0003904033655
51468	0.002506925341
51469	0.0001117853703
51470	0.0004757596185
51471	0.0002823176055
51472	0.002179815627
51473	0.0001587021209
51474	0.001407147195
51475	0.0001938802008
51476	0.004933634391
51477	0.0004688017264
51478	0.0002608539285
51479	0.0003375227088
51480	2.963372962e-05
51481	0.001819936888
51482	0.0004333329611
51483	0.00234348161
51484	0.001588611482
51485	0.002717626032
51486	0.000998023066
51487	0.003319529813
51488	0.00414962149
51489	0.000448787704
51490	0.0006279802466
51491	0.002607890348
51492	0.0001449424142
51493	0.002277288118
51494	0.0009962647738
51495	0.002189964253
51496	0.0009309213912
51497	0.002010380322
51498	0.00214429174
51499	0.003708638652
51500	0.005137010332
51501	0.001696306891
51502	0.002101176146
51503	0.0003749269065
51504	0.005101509321
51505	0.0007568291579
51506	0.001536030204
51507	0.001116936817
51508	0.001063441281
51509	0.0005000394636
51510	0.001244416312
51511	0.0004974254109
51512	0.0004519278476
51513	0.0007582590138
51514	0.001747296709
51515	0.003171873034
51516	0.003588424867
51517	0.006124321365
51518	5.660217675e-05
51519	0.003701741568
51520	0.002523060417
51521	0.00138127813
51522	0.001706899835
51523	0.002286761527
51524	0.003085911892
51525	0.0004218092475
51526	0.003865288084
51527	0.005515141056
51528	0.001214305277
51529	0.00418832768
51530	0.0001608375999
51531	0.003444761411
51532	0.002120570102
51533	0.003588056746
51534	0.001782539442
51535	0.001367756795
51536	0.003795947619
51537	0.0005912271966
51538	0.001660048012
51539	0.0006117466964
51540	0.001200631874
51541	0.009010204259
51542	0.002687038498
51543	0.0004432036058
51544	0.001542365431
51545	0.0004609364572
51546	0.006557443015
51547	0.001370717263
51548	0.002525697612
51549	0.000122233085
51550	0.001110065229
51551	6.917012716e-06
51552	0.0007144468972
51553	0.0002860695258
51554	0.001110416818
51555	0.004406727705
51556	0.002762101608
51557	0.0002543510168
51558	0.001627880487
51559	0.0003644409268
51560	0.001477819551
51561	0.00335117274
51562	0.0009062139645
51563	0.003314596771
51564	0.0002441016184
51565	0.0001476857979
51566	0.0001539083071
51567	7.80439559e-05
51568	0.00116295742
51569	0.001255459187
51570	0.0001379321165
51571	0.001756651
51572	0.001380646248
51573	0.002428133331
51574	0.0002421860794
51575	7.388921282e-05
51576	0.004625248697
51577	0.001086776641
51578	0.005457665922
51579	0.001157476584
51580	0.0002250847953
51581	0.0004240727255
51582	0.002500660253
51583	0.003337330221
51584	0.001506816181
51585	0.00208381673
51586	0.0004891260505
51587	0.0003121128335
51588	0.0006283999409
51589	0.0001093567166
51590	0.0003410077727
51591	0.0001510606841
51592	0.001271462347
51593	1.762302689e-05
51594	0.0002881473316
51595	0.000124443718
51596	0.000172819306
51597	0.0001278276039
51598	0.0001673411974
51599	0.0002986958921
51600	0.0003163910376
51601	0.002474291652
51602	0.0002884364185
51603	3.41694061e-05
51604	0.002688484613
51605	0.007421355177
51606	0.002268523177
51607	0.002183635601
51608	0.001360254761
51609	0.0005903685818
51610	0.0007004244846
51611	0.003060950669
51612	0.003118688304
51613	0.0006429890753
51614	4.625922756e-05
51615	0.005529736765
51616	0.002084680677
51617	0.000386968997
51618	0.001173845093
51619	0.003672659001
51620	0.001433544753
51621	0.003415538152
51622	0.0006975740659
51623	0.0008470155679
51624	0.001086336751
51625	0.0006359558415
51626	0.0009409352507
51627	0.0007536763814
51628	0.0005914899714
51629	0.008294898015
51630	0.0002180519538
51631	0.0002091275172
51632	0.0005175082853
51633	0.0001247046057
51634	0.001398712557
51635	0.001417281133
51636	0.001962462644
51637	0.0002579947708
51638	0.0009746287337
51639	0.0002729559375
51640	0.001353009157
51641	0.0002013577743
51642	0.003132365532
51643	0.003687917373
51644	0.001891335916
51645	0.001638973354
51646	0.001573149969
51647	0.0005505023744
51648	0.005363194145
51649	0.002427033592
51650	0.002535050298
51651	0.001335766423
51652	0.001031420574
51653	0.0006680305694
51654	0.001816149304
51655	0.000913161932
51656	0.001392261613
51657	6.332470724e-05
51658	0.002201797276
51659	0.005544159863
51660	6.18938145e-05
51661	0.007871196461
51662	0.0002110231516
51663	0.002617397185
51664	0.001736639072
51665	0.000203546984
51666	0.00303186416
51667	0.004405202899
51668	0.002010290725
51669	0.000472004133
51670	0.00123078431
51671	0.0007760392983
51672	0.0005631546721
51673	6.773861743e-05
51674	0.001005081797
51675	0.00155718494
51676	0.001317684205
51677	0.0005173264319
51678	0.0005663824317
51679	0.0008223326754
51680	9.953367799e-05
51681	0.001207641202
51682	0.0009557260338
51683	0.0001177203986
51684	0.0008896423561
51685	0.008980195246
51686	0.0007704168429
51687	0.00448502068
51688	0.0009390181849
51689	0.001241279807
51690	0.003778189664
51691	0.001095623102
51692	0.005420884675
51693	0.003723976792
51694	0.0003171535136
51695	0.005012313057
51696	0.001566421562
51697	0.004699150674
51698	0.0005378144044
51699	2.635171045e-05
51700	0.001101858549
51701	0.0003690492492
51702	0.001202258425
51703	0.001427672404
51704	0.003445501828
51705	0.002984561814
51706	0.003348008125
51707	0.0006357870002
51708	0.001129037157
51709	0.002117247498
51710	0.001132759288
51711	0.001533913364
51712	0.00239844043
51713	0.0001095802562
51714	4.502013419e-06
51715	0.001775339306
51716	0.00163880041
51717	0.0001751031198
51718	0.001133635507
51719	0.001231962307
51720	0.002025174775
51721	0.000665636513
51722	0.004944749304
51723	0.0005563432756
51724	0.0001165030092
51725	0.003825364839
51726	0.002015172614
51727	0.006036106635
51728	0.0006870876652
51729	0.0013444191
51730	0.003811254289
51731	0.002049351481
51732	0.0007947818409
51733	0.0003840126965
51734	0.0005651177712
51735	0.002361486987
51736	0.004702952688
51737	0.0001494019103
51738	0.005076205073
51739	0.0009372635356
51740	0.00133628477
51741	0.0009549980823
51742	0.001942452528
51743	0.0001279109702
51744	0.002146599705
51745	0.00248782907
51746	0.0006220446456
51747	0.005419267206
51748	0.00246320689
51749	0.002996873674
51750	0.003810230385
51751	0.004415652784
51752	0.004182359466
51753	0.00179139848
51754	0.0006173973181
51755	0.003224950607
51756	0.0006440587165
51757	0.003448997698
51758	0.0008556782519
51759	0.006453406195
51760	0.002948341969
51761	0.0006601448303
51762	0.001286636286
51763	0.005225535036
51764	0.00135403574
51765	0.001814614818
51766	0.0006748978952
51767	0.0006396579945
51768	0.0002738464795
51769	0.0004153499036
51770	0.001367474141
51771	0.001913567892
51772	0.002230569631
51773	0.0005000094567
51774	2.209386316e-05
51775	0.0004064782311
51776	0.001696529661
51777	0.0006550217904
51778	0.005404776895
51779	0.001411243578
51780	0.001396939251
51781	0.003521119743
51782	0.004802536315
51783	0.003020662524
51784	0.0002055263006
51785	0.0004640501151
51786	0.006818100192
51787	0.0004355951381
51788	0.001745465898
51789	0.001167578946
51790	0.002124935799
51791	0.002520497618
51792	0.001324455439
51793	0.0009557867234
51794	0.0008524483158
51795	9.335156328e-05
51796	0.0007590048997
51797	0.001971888724
51798	0.000492491773
51799	0.000826111765
51800	0.001536142241
51801	0.001216580951
51802	0.003870189457
51803	0.001285208789
51804	0.001529028291
51805	0.00268855404
51806	0.002272780658
51807	0.001154230837
51808	0.001115461676
51809	0.003202729352
51810	0.0001957136662
51811	0.0006355432902
51812	0.002214691149
51813	0.001096977289
51814	0.0007976897297
51815	0.0002095849202
51816	0.001353935155
51817	0.0004133634227
51818	0.0006041190373
51819	0.0008579575884
51820	0.001205683414
51821	0.0006084881483
51822	5.279535521e-05
51823	0.00059605681
51824	0.0006059047014
51825	9.154914112e-06
51826	0.0008952884299
51827	0.0006886840857
51828	0.0008678075615
51829	0.0007737538891
51830	0.002461893634
51831	0.0009463421368
51832	0.004102864468
51833	0.0006080974189
51834	0.004307011153
51835	0.0009080248893
51836	0.001362791047
51837	0.00320180267
51838	9.365331134e-05
51839	0.002578158491
51840	0.005402516903
51841	0.003095831977
51842	0.001874842913
51843	0.00151971535
51844	0.002291095874
51845	1.92369796e-06
51846	0.002471575971
51847	0.001391471265
51848	0.001423949628
51849	0.0001533755585
51850	0.007437582507
51851	0.001462079827
51852	0.007416126309
51853	0.0009222722437
51854	0.0002549902981
51855	0.003420527956
51856	1.988015751e-05
51857	0.001222528547
51858	0.0008785250593
51859	0.002339003066
51860	0.001034194713
51861	0.003662492622
51862	0.0003424659892
51863	0.002894723525
51864	0.004945067781
51865	0.002239662304
51866	0.003435949034
51867	5.549984498e-05
51868	0.001276117983
51869	0.0001371754967
51870	0.002666549288
51871	0.0008638623928
51872	0.000161512274
51873	0.0002244459208
51874	0.001814424514
51875	0.0005081665882
51876	0.003651145839
51877	0.0008058077771
51878	0.0003467600708
51879	0.001353246125
51880	0.00383940241
51881	0.005650425059
51882	0.0004097171205
51883	0.002611842345
51884	0.0008103744214
51885	0.001351777197
51886	0.007363712855
51887	0.01001395232
51888	0.001624532263
51889	0.002051062918
51890	0.004295583715
51891	0.001404862042
51892	0.003834200691
51893	0.001373085139
51894	0.0001466744345
51895	0.0001367214166
51896	0.001677331704
51897	0.000420172694
51898	0.0003857531064
51899	0.0011252289
51900	0.001282004309
51901	0.001276317267
51902	0.00216711308
51903	0.001572112523
51904	0.000990784316
51905	0.001991974056
51906	0.0007629568463
51907	0.005739047971
51908	9.06529845e-05
51909	0.003541431938
51910	0.0001895443275
51911	2.093136015e-05
51912	0.0003226144852
51913	0.0001554390941
51914	0.0002234600186
51915	0.0003332635125
51916	0.0001773073153
51917	0.001987533881
51918	0.0003124917797
51919	0.003030255346
51920	0.001271764661
51921	0.0001767015282
51922	0.001731088243
51923	0.005340018528
51924	0.00258544004
51925	0.0007718467812
51926	0.003751533287
51927	0.0003559191587
51928	0.0001306422775
51929	0.003278649355
51930	0.003572850717
51931	0.001863767859
51932	0.005752614134
51933	0.003295214422
51934	0.005200613755
51935	0.0008544026722
51936	0.0006377178791
51937	0.001966906495
51938	0.001581733878
51939	0.008088618216
51940	0.003952972015
51941	0.0006613808445
51942	0.00377847217
51943	0.0008512511771
51944	0.001466750006
51945	0.003761289842
51946	0.001001554143
51947	0.0002856641305
51948	0.004937575256
51949	0.0005026907963
51950	0.000608804456
51951	0.00326321009
51952	0.001306045855
51953	0.003425054493
51954	0.002904570214
51955	0.0005368499668
51956	0.002188714798
51957	0.001418195948
51958	0.0006757797246
51959	0.002316293121
51960	0.003780435498
51961	0.002973555024
51962	0.00204506771
51963	0.001004244682
51964	0.002083883429
51965	0.001351905959
51966	0.002847691754
51967	0.001451883485
51968	0.0003983134111
51969	0.002528965876
51970	0.002303414696
51971	0.001236433559
51972	9.64143071e-05
51973	0.002699210541
51974	0.00201013518
51975	0.002693106399
51976	0.002145885189
51977	0.001225443217
51978	0.003739206117
51979	0.001279106887
51980	0.00154896605
51981	0.001636441897
51982	0.001652344039
51983	0.0002737592201
51984	0.003246948083
51985	0.003557037285
51986	0.002457631696
51987	0.002952241877
51988	0.00471087597
51989	0.001561766444
51990	0.001621406505
51991	0.0006890622577
51992	0.001783140893
51993	0.001024695464
51994	0.003154269183
51995	0.001219581853
51996	0.004658747406
51997	0.0002635528324
51998	0.003279682701
51999	7.349107267e-05
52000	0.001873625256
52001	0.003229905136
52002	0.001950444124
52003	0.003773218803
52004	0.0005132683387
52005	0.001170963804
52006	0.001106063205
52007	0.001347973581
52008	0.003412543343
52009	0.002299839108
52010	0.0002399511009
52011	0.0003399293648
52012	0.003167879851
52013	4.860954289e-05
52014	0.001908257815
52015	0.002458758993
52016	0.001215277475
52017	0.001702711338
52018	0.000315511135
52019	0.001464728758
52020	0.004967518179
52021	0.001047591839
52022	0.002149344635
52023	0.0003081725691
52024	0.004612566166
52025	0.0005601313891
52026	0.004064104099
52027	0.0006140719764
52028	0.0001182869186
52029	0.000118383932
52030	0.0001185579013
52031	0.001372188285
52032	0.0005677915147
52033	0.001012706893
52034	0.00534744059
52035	0.001787520582
52036	0.001643607675
52037	0.000332545801
52038	0.001367051272
52039	0.001230870926
52040	0.0003236266984
52041	0.002217297958
52042	0.001651835118
52043	2.576081195e-06
52044	0.001106963494
52045	0.0008140886884
52046	0.004977438524
52047	0.002891927421
52048	0.0004957036801
52049	0.004671139723
52050	0.002920805786
52051	0.003724193996
52052	0.0001433114358
52053	0.0022610603
52054	4.187983812e-05
52055	0.001695411171
52056	0.006638169754
52057	0.001540983107
52058	0.0008251250878
52059	0.003025015938
52060	0.001650844193
52061	0.0008688361075
52062	0.001863911274
52063	0.002226387846
52064	0.00069825601
52065	0.003786950489
52066	0.001009269651
52067	0.0004203165578
52068	0.00356945528
52069	0.001581772995
52070	0.001437917276
52071	0.0002865495747
52072	0.003698892057
52073	0.0007108896093
52074	0.002252820998
52075	0.0001414341234
52076	0.005809789123
52077	0.002408140895
52078	0.00202385305
52079	0.0009803487641
52080	0.002177120414
52081	0.00206830483
52082	0.007211541505
52083	0.000545611854
52084	0.001923293618
52085	0.0002396199085
52086	0.001072086064
52087	0.001840936454
52088	0.002032049704
52089	0.002847309511
52090	0.0005078635792
52091	0.003677552237
52092	0.0001223350088
52093	0.0001515954543
52094	0.002207907857
52095	0.00217697453
52096	0.00135410229
52097	0.001819781873
52098	0.00148440658
52099	0.001505738203
52100	0.0004815185957
52101	0.0001844012379
52102	0.002728007337
52103	0.001459844129
52104	0.002150511899
52105	0.0003196114005
52106	5.299611887e-05
52107	0.001831963144
52108	0.001482845303
52109	0.001262485351
52110	0.005426266783
52111	0.00103901768
52112	0.0006233396912
52113	0.0001479406861
52114	0.0007714149943
52115	2.512986696e-05
52116	0.002409454464
52117	6.45607369e-05
52118	0.0007623984671
52119	0.001589385285
52120	0.0003927428243
52121	0.0008665235616
52122	0.008103636299
52123	0.002561235872
52124	2.730499789e-05
52125	0.00137249195
52126	0.00044437866
52127	0.002308922597
52128	0.001652408438
52129	0.0005604525726
52130	0.0008055267928
52131	0.004636873511
52132	0.002546407923
52133	0.002579370407
52134	0.003650939792
52135	0.003857525129
52136	0.003129645432
52137	0.004149109136
52138	0.001590326231
52139	0.003785506327
52140	0.0021202685
52141	0.001430610916
52142	0.005481478242
52143	0.002532348253
52144	0.001154740898
52145	0.002527302775
52146	0.003079709844
52147	0.001220615385
52148	0.003026174356
52149	0.0004363655124
52150	0.0007305266225
52151	0.000906364205
52152	0.0008602220463
52153	0.00053174973
52154	0.001295580635
52155	0.003384171303
52156	0.000332968294
52157	0.005916658077
52158	0.008634182222
52159	2.442026391e-05
52160	0.001192906529
52161	0.004593350898
52162	0.003553069993
52163	0.002607001345
52164	0.0002658835545
52165	0.001025453012
52166	0.002366131383
52167	0.0008933445799
52168	0.004199148213
52169	0.005079607604
52170	0.0008885744743
52171	0.001069542653
52172	0.001070910537
52173	0.000458143657
52174	0.000998972975
52175	0.006101221394
52176	0.003014720806
52177	0.0005587031278
52178	0.0026026898
52179	0.001652169456
52180	0.002208626243
52181	0.002364478518
52182	6.675061886e-05
52183	0.006478222173
52184	0.001742051491
52185	0.0001850471743
52186	0.003158661603
52187	0.00182738474
52188	0.0001596582642
52189	0.008377289615
52190	0.001522828282
52191	0.003158289493
52192	0.0006291361155
52193	0.002265667454
52194	0.004036230291
52195	0.003213944756
52196	0.0079829431
52197	0.00140192819
52198	0.006482152225
52199	0.003533535679
52200	0.001702771388
52201	0.0002399195594
52202	0.0004584625435
52203	0.001085420507
52204	0.0005626659576
52205	4.171651709e-05
52206	0.0005628845304
52207	0.0002096008847
52208	0.003399061266
52209	0.001294210246
52210	0.001651795827
52211	0.0007513491656
52212	1.223637993e-06
52213	0.0004683549381
52214	0.002313814401
52215	0.0002522085207
52216	0.0003140063721
52217	0.00138886742
52218	0.0004830249389
52219	0.009360837801
52220	0.001384895147
52221	5.81392628e-05
52222	0.001769293773
52223	0.001880607888
52224	5.883667262e-05
52225	0.00482078648
52226	0.0001278436701
52227	0.0005423854639
52228	0.0001137951241
52229	0.0002540157501
52230	0.001432960375
52231	0.002704828412
52232	0.001377173271
52233	0.0001471698946
52234	0.0006763620301
52235	0.0005675239998
52236	0.0004672856423
52237	0.0005634471915
52238	0.002557327507
52239	0.0005951508839
52240	0.0005477448191
52241	0.004730661442
52242	0.002355216729
52243	0.00289778572
52244	0.001678887241
52245	0.003098777927
52246	0.005264319907
52247	0.003770862283
52248	0
52249	0.002877799414
52250	0.0004704336357
52251	0.001565556492
52252	0.003420692404
52253	0.001144666623
52254	0.001171091512
52255	0.002001252861
52256	0.001442785833
52257	0.0005997185064
52258	0.0004650489076
52259	0.001297230618
52260	0.0006474820773
52261	0.001233715982
52262	0.0007285212891
52263	0.004138825754
52264	0.007781446233
52265	0.002688820597
52266	0.001726062593
52267	0.0005465340911
52268	0.006240290104
52269	0.001146732897
52270	0.005949497356
52271	0.0001364014975
52272	0.0004195283506
52273	0.002188693123
52274	0.003279607568
52275	0.0005759655874
52276	0.001224459769
52277	0.0006949631235
52278	0.006234966377
52279	0.002969500574
52280	0.004603915578
52281	0.000316193093
52282	0.0003547310239
52283	0.0007699593408
52284	0.006508271259
52285	0.003114910708
52286	0.001231594581
52287	0.001451048563
52288	0.0002470822118
52289	0.001961425273
52290	0.003911543585
52291	0.0005657767361
52292	0.0007527444648
52293	0.003350940575
52294	0.001068623624
52295	0.001076290671
52296	0.002775006611
52297	0.00459625863
52298	0.0009536014304
52299	0.001557862947
52300	0.001638977414
52301	0.004759577243
52302	0.002385199523
52303	0.001687925955
52304	0.0011011011
52305	0.001717137009
52306	0.005956795028
52307	0.0007397626811
52308	0.0009884569349
52309	0.004043127098
52310	0.001735199981
52311	0.00200357981
52312	0.0006346163189
52313	3.393721889e-05
52314	0.001493884084
52315	0.001557453404
52316	0.00314286021
52317	0.00140761833
52318	0.00255449777
52319	0.002157345748
52320	0.003705006013
52321	0.001832232969
52322	0.005980323516
52323	0.0002049495568
52324	0.002478779975
52325	0.0006594865204
52326	0.004778012651
52327	0.001440837968
52328	0.0007127216566
52329	0.0001537849284
52330	0.001374594419
52331	0.0038975066
52332	0.0005915794185
52333	0.0006947443819
52334	0.004386136362
52335	0.001623935445
52336	0.0006685719491
52337	0.004307323959
52338	0.003517378784
52339	0.0007041117573
52340	0.004050348516
52341	0.0004752709241
52342	0.0004637377232
52343	0.002941826927
52344	0.006377678766
52345	0.002585982037
52346	0.001851726546
52347	7.759691596e-05
52348	0.001368629993
52349	0.002114911587
52350	0.003216269124
52351	0.001060297278
52352	0.003644404164
52353	0.0002748719501
52354	0.001988350566
52355	0.0001352762043
52356	0.00212501047
52357	0.000708497128
52358	0.002012908641
52359	0.0009185582463
52360	0.005045940301
52361	0.0001405039967
52362	0.005109305061
52363	0.001895411059
52364	0.002214697958
52365	0.001148859059
52366	0.003314437419
52367	0.001761054691
52368	0.002382749856
52369	0.0001225195249
52370	0.0007220550573
52371	0.005351253851
52372	0.0008189635532
52373	9.592904563e-05
52374	0.0002979819616
52375	0.003434775142
52376	0.007485840638
52377	0.004513561714
52378	0.00552702776
52379	0.001000920567
52380	0.0002489509463
52381	0.0008646424023
52382	0.00035561447
52383	0.0002056883296
52384	0.0002890204043
52385	0.00026712572
52386	0.003045790337
52387	0.0002736873022
52388	0.0006266087734
52389	0.0006053941382
52390	0.0005681539156
52391	0.00035212082
52392	0.0009573397168
52393	0.0003428031339
52394	0.0001017692909
52395	5.461230553e-05
52396	0.001528882148
52397	0.000661759241
52398	0.001730688475
52399	0.0009777526175
52400	0.003921079757
52401	0.001139648836
52402	0.0008214346495
52403	0.00438169065
52404	0.001493430869
52405	0.0005887143301
52406	0.001650347598
52407	3.252693064e-05
52408	0.0003316279842
52409	0.000494690521
52410	0.006327038179
52411	8.917364305e-05
52412	0.0003809353443
52413	0.0006560813809
52414	0.001903478338
52415	0.002017714908
52416	0.001239231466
52417	0.0005344036076
52418	0.001741257439
52419	0.004959293395
52420	0.001355867802
52421	0.0007465978802
52422	0.0003112354223
52423	0.003586510865
52424	0.002022954812
52425	0.004263453422
52426	0.004302647165
52427	0.000545688084
52428	0.000690605423
52429	0.0008083432844
52430	0.0009837963997
52431	0.001122451822
52432	0.001140285436
52433	0.0008689548982
52434	7.947181765e-06
52435	0.001034775542
52436	0.001105360898
52437	0.001942729624
52438	0.003254563477
52439	0.0005649859339
52440	0.006738457831
52441	0.0007881417845
52442	0.001839023416
52443	0.001992932785
52444	0.001836216032
52445	0.0006801988385
52446	0.002630036221
52447	0.0005284458978
52448	0.004613535019
52449	0.0005714071273
52450	0.001118144743
52451	0.002770696258
52452	0.0006042314264
52453	0.005128422475
52454	0.0002919023581
52455	0.001910732481
52456	0.000538484318
52457	0.002622132872
52458	0.001325150242
52459	0.001739502413
52460	0.0003712740048
52461	0.0001609236707
52462	0.0007437682879
52463	0.00251382745
52464	0.001062226832
52465	0.001302023608
52466	0.003105571857
52467	6.387017475e-05
52468	8.287701295e-05
52469	0.0005459336656
52470	0.002838775543
52471	0.0003758855179
52472	0.001666101403
52473	0.002269382086
52474	0.001593740187
52475	0.0004664031808
52476	0.002281381605
52477	0.000298611527
52478	0.004570627089
52479	0.0001464836675
52480	0.006177943347
52481	0.001304774164
52482	0.00335206009
52483	0.0005686820666
52484	0.001456516337
52485	0.001408083475
52486	0.00018050911
52487	0.001488090473
52488	0.000644846618
52489	0.0028331567
52490	0.0009413590702
52491	0.0007057347138
52492	0.002357594044
52493	0.003365234988
52494	0.007637906255
52495	0.001476461039
52496	0.0004204894223
52497	0.005932475897
52498	0.0004363173358
52499	0.002803665919
52500	0.0004589574203
52501	0.0002724289766
52502	0.000505752916
52503	0.0003737924646
52504	0.0002793841455
52505	2.18021245e-05
52506	6.999296513e-05
52507	9.570094152e-05
52508	0.00439252098
52509	0.001893713644
52510	0.0001490204314
52511	0.0002422450408
52512	7.79533707e-05
52513	0.0006667355286
52514	0.00201535536
52515	0.0001632649269
52516	0.0007139144862
52517	1.417934605e-05
52518	0.002827623084
52519	0.001306108038
52520	0.003685844694
52521	0.002607502627
52522	0.004762382687
52523	0.001353819557
52524	0.005554207816
52525	0.001212204159
52526	0.003202900277
52527	0.001222525973
52528	0.001663017329
52529	0.003163721912
52530	0.006193939196
52531	0.003708468334
52532	0.0008386939903
52533	7.072529766e-05
52534	0.003926489304
52535	0.000893582376
52536	0.004398435181
52537	0.0002167326804
52538	3.919421984e-05
52539	0.0001315323613
52540	0.001239902595
52541	0.0001432596617
52542	0.0003624380894
52543	0.007167657822
52544	0.003676982922
52545	0.001702738746
52546	0.000293415536
52547	0.003309396042
52548	0.001685737565
52549	0.00604946914
52550	0.002048665465
52551	4.825566293e-05
52552	0.001200228223
52553	0.0001872785221
52554	0.0005360480663
52555	0.0003667513759
52556	0.0009982214044
52557	0.003821017623
52558	0.001217186226
52559	0.001313034799
52560	0.006564503364
52561	0.0009096943332
52562	0.002372765172
52563	0.0009492488036
52564	4.093342245e-05
52565	6.525762546e-05
52566	0.0005125412784
52567	0.003538515414
52568	0.00484062219
52569	0.001766926035
52570	4.5206425e-05
52571	0.002275575669
52572	0.00192581817
52573	0.001243193624
52574	0.0001284704549
52575	0.003678778121
52576	0.000440133968
52577	0.002033547447
52578	0.004335623872
52579	0.0003535815481
52580	0.002689033969
52581	0.002174195114
52582	0.004329331366
52583	0.005446530923
52584	0.004427777319
52585	0.002008684432
52586	0.0003651682193
52587	0.0006568084689
52588	0.002084679412
52589	0.0083708384
52590	0.001483397714
52591	0.002811881879
52592	0.004816653407
52593	0.002587044755
52594	0.002227519821
52595	0.009909846774
52596	0.00930605357
52597	0.000444994926
52598	0.000144668293
52599	8.462859917e-06
52600	0.0007550722277
52601	0.003022643948
52602	0.001061379612
52603	0.002085556318
52604	0.002455049861
52605	0.001551908716
52606	0.00319360844
52607	0.001231319237
52608	0.003382175099
52609	0.002104320311
52610	0.002544345024
52611	0.001432918914
52612	0.0003040485597
52613	0.0001787302255
52614	0.001599260794
52615	0.001082330248
52616	0.001100820873
52617	0.0009186820213
52618	0.0009887140496
52619	0.003126831382
52620	0.0004034216258
52621	0.0002730055943
52622	0.001036871532
52623	0.0006771932498
52624	0.001420308319
52625	0.007867153688
52626	0.0007467181374
52627	0.00131658
52628	0.0005038976147
52629	0.001968059735
52630	0.004695742469
52631	0.002981006745
52632	0.001026921514
52633	0.0001241787753
52634	0.00125372917
52635	0.001001573736
52636	0.002149909332
52637	0.003530454797
52638	8.828472592e-05
52639	0.001355546163
52640	0.00291399209
52641	0.004709380782
52642	0.001412122471
52643	0.002814990582
52644	1.637201101e-05
52645	0.0006514786136
52646	0.001812874095
52647	0.0009310238356
52648	0.0009973983778
52649	0.0006360813718
52650	0.00132965938
52651	0.0005394867714
52652	0.001930602241
52653	0.001360248833
52654	0.0008311141099
52655	0.006223594495
52656	0.002261792269
52657	0.002156461377
52658	0.0005357795203
52659	0.0001500656108
52660	0.000790772078
52661	0.006842126445
52662	0.001866477621
52663	0.002331987546
52664	0.0003544804425
52665	0.001853887352
52666	0.001090756118
52667	0.000411775862
52668	0.0005229959998
52669	0.003866108025
52670	0.0002476854431
52671	0.002151139042
52672	0.001584063994
52673	7.27441782e-07
52674	0.003749461376
52675	0.001055406156
52676	0.001372821681
52677	0.00269246585
52678	0.003063285471
52679	0.0001097993373
52680	0.001704658712
52681	0.0007210732681
52682	0.00242289884
52683	0.0006220691826
52684	0.002262817792
52685	0.003078889304
52686	0.0001037335781
52687	0.000584459348
52688	0.00387698063
52689	0.001489830168
52690	0.003097212887
52691	0.002695885317
52692	0.002628232875
52693	4.688279394e-05
52694	0.002969216244
52695	0.002429761309
52696	0.001280293245
52697	0.0009453876925
52698	0.0005524267997
52699	0.001898200791
52700	3.080371262e-05
52701	0.0002757738171
52702	0.002091584106
52703	0.0009503131061
52704	0.0001899202895
52705	0.00592350556
52706	0.001092870748
52707	0.0006946008796
52708	5.634834482e-05
52709	9.781015452e-05
52710	0.004728727215
52711	0.0008721986222
52712	0.0002581498646
52713	0.0007785765192
52714	0.0001338795404
52715	0.001245230701
52716	0.004394946388
52717	0.0001892068058
52718	0.0006051701716
52719	0.0004985755876
52720	0.003239679639
52721	0.00166935698
52722	0.0002248601395
52723	0.0003033117843
52724	0.00221481888
52725	0.0008271794412
52726	0.0006052738851
52727	0.002228740464
52728	0.00100850733
52729	0.002592394807
52730	0.003773883675
52731	0.0009405645606
52732	6.910597071e-05
52733	0.00124781191
52734	0.000489204592
52735	0.0001821413636
52736	0.0003388356615
52737	0.004516679319
52738	0.0008102577041
52739	0.001725855071
52740	0.000570813255
52741	0.001866755176
52742	0.0001088037156
52743	0.001867922087
52744	0.00119390834
52745	0.001852986538
52746	0.0003767254453
52747	0.004029307423
52748	0.001424213437
52749	0.001817263153
52750	0.004678979646
52751	0.0002059452727
52752	0.001941964023
52753	0.0001625724079
52754	0.0003482774604
52755	0.002039534708
52756	0.0004368043836
52757	0.001427286333
52758	0.002743756845
52759	0.0002133105045
52760	0.0005404229394
52761	0.0004469712851
52762	0.002783065954
52763	0.0005836428591
52764	0.00170308872
52765	0.004315243612
52766	0.001667350704
52767	0.0006954530281
52768	0.003345255755
52769	8.027731341e-06
52770	0.001007686511
52771	0.001279211485
52772	0.0002905273709
52773	0.003073119391
52774	0.001216360178
52775	0.001154390238
52776	0.006130679145
52777	0.002152029616
52778	0.003422825609
52779	0.001417702311
52780	9.7611934e-06
52781	0.0009686017651
52782	0.0002030834605
52783	0.0004969971448
52784	0.0002748503643
52785	0.0007315127429
52786	0.002168371108
52787	0.0002731562817
52788	0.000259704836
52789	0.001419092057
52790	0.002079697407
52791	0.001220284198
52792	0.005894428009
52793	0.001650330073
52794	0.004159715751
52795	0.004049624259
52796	6.722336233e-05
52797	0.003179216206
52798	0.002657888207
52799	0.0001702779036
52800	9.183346808e-05
52801	0.003257899569
52802	0.00013912831
52803	0.0003841569845
52804	0.000752111008
52805	0.004264448986
52806	0.001617651351
52807	0.003723109694
52808	3.098055592e-05
52809	0.005192936116
52810	0.0001865234014
52811	1.620488846e-05
52812	0.0002338996231
52813	0.001387920179
52814	0.001075975527
52815	0.001886607326
52816	0.002447102779
52817	0.0004850558149
52818	0.002478487471
52819	0.003710048155
52820	0.003438804114
52821	0.007046101653
52822	8.654063207e-05
52823	0.0003237570327
52824	0.0005756288147
52825	0.001136325218
52826	0.0006165239332
52827	0.0007210928321
52828	8.660567891e-05
52829	0.001062095199
52830	0.001261325286
52831	8.774279074e-05
52832	0.0003701473335
52833	0.0007977671953
52834	0.001767406394
52835	0.002544262034
52836	0.0001189372946
52837	0.0008307987487
52838	0.003147446673
52839	0.0004318861367
52840	0.0009410275968
52841	0.001507676205
52842	0.0009072286688
52843	0.0001730269865
52844	0.0001478018318
52845	0.001747984431
52846	0.002636709949
52847	0.000267578042
52848	0.0007463734241
52849	0.001306984502
52850	0.001390617593
52851	0.0008453581833
52852	0.001922257004
52853	0.001726519193
52854	0.003404432639
52855	0.004469918334
52856	0.003450193701
52857	0.001358916204
52858	0.001221568351
52859	0.004772038797
52860	0.005020849113
52861	0.002988889649
52862	0.002183292624
52863	0.001755619699
52864	0.003857790414
52865	0.000721084433
52866	0.001037123036
52867	0.004730214669
52868	0.004903336937
52869	0.008075222323
52870	0.004805473838
52871	0.003295668921
52872	0.002253769326
52873	0.002951167482
52874	0.008238647438
52875	0.002468169824
52876	0.004870906815
52877	0.00735745227
52878	0.003882799457
52879	0.001020660822
52880	8.617616495e-05
52881	0.004507322934
52882	0.003803210369
52883	0.003326576035
52884	0.002273202272
52885	0.0008426001773
52886	0.005409516053
52887	0.002864416412
52888	0.004900348665
52889	0.005130452918
52890	0.004562822564
52891	0.002576554126
52892	0.002682491552
52893	5.605644755e-05
52894	0.0007007263537
52895	0.004829617655
52896	0.004492164861
52897	0.0001767773352
52898	0.001335865955
52899	0.002230635485
52900	0.006149292689
52901	0.002045197152
52902	0.00153472231
52903	0.0007158088135
52904	0.0002896278874
52905	0.003972050739
52906	0.004501970639
52907	0.006246874559
52908	0.0009811795175
52909	0.007165242721
52910	0.001828406427
52911	0.004846817299
52912	0.008976214061
52913	0.003323302756
52914	0.0002334530834
52915	0.001401836624
52916	0.0007463178905
52917	0.0001537156412
52918	0.002561615617
52919	0.003627263292
52920	0.0004055502606
52921	0.002547755395
52922	0.001628156304
52923	0.002279434677
52924	0.0005640200534
52925	0.001262202022
52926	0.001021966663
52927	0.003168902597
52928	0.001700592849
52929	0.002868620402
52930	0.0002214777218
52931	0.001938313399
52932	0.0008782991294
52933	0.0006251352226
52934	0.001233053967
52935	0.002988767693
52936	0.0004319180838
52937	0.0007370362549
52938	0.001471648461
52939	0.003723118842
52940	0.001225281462
52941	0.0002934517662
52942	0.0002041930765
52943	0.0008402118199
52944	0.0006153084517
52945	0.0005567941707
52946	0.001947030626
52947	0.001692767472
52948	0.001471600018
52949	0.001138435335
52950	0.001370730678
52951	0.002453788106
52952	0.005218421719
52953	0.005517231215
52954	0.00161943318
52955	0.002052190553
52956	0.002806293444
52957	0.002376278937
52958	0.001561858654
52959	0.004993514267
52960	0.003909166237
52961	0.004949735751
52962	0.004252688627
52963	0.001824330166
52964	0.004837005954
52965	0.006442443927
52966	0.004424182001
52967	0.0003382568296
52968	0.001193118358
52969	0.0007989579959
52970	0.004212001162
52971	0.004072273082
52972	0.006369253095
52973	0.001167823646
52974	0.001630701254
52975	0.004935063915
52976	0.001359364067
52977	0.004567617196
52978	0.003847275015
52979	0.0001774466746
52980	0.0005460689012
52981	0.002740512373
52982	0.0004349986967
52983	0.0002612687379
52984	2.559992404e-05
52985	0.002257460796
52986	0.003450298145
52987	0.002397580814
52988	0.003041347342
52989	0.001967431925
52990	0.0005997780353
52991	0.0006256602636
52992	0.001941930372
52993	0.003101983462
52994	0.002378523552
52995	0.001759352119
52996	0.003707073704
52997	0.001242450202
52998	0.002021048951
52999	3.277526846e-05
53000	0.0009541079004
53001	0.0005091513813
53002	0.0003529832114
53003	0.0005093798413
53004	0.004718248189
53005	0.002128343766
53006	0.0002581062182
53007	0.001719567318
53008	0.002000805935
53009	0.0008251636836
53010	0.003372941895
53011	0.0005760319209
53012	0.001744686468
53013	0.004368160556
53014	0.0006319916246
53015	0.00160642011
53016	0.0004305213803
53017	0.0008230624067
53018	0.00130179681
53019	0.003417366247
53020	3.619435292e-05
53021	0.00547919626
53022	0.001702271562
53023	0.0001107913476
53024	0.001357336736
53025	0.003919534682
53026	0.002039653784
53027	0.0002273565434
53028	0.001692594784
53029	0.005123569637
53030	0.0009129183133
53031	0.001119455505
53032	0.0006737156269
53033	0.002324192985
53034	0.004816808719
53035	0.003090615098
53036	0.004916596255
53037	0.0007891383462
53038	0.001594007215
53039	0.001259012486
53040	0.0002020095921
53041	0.0002297052574
53042	0.002509613504
53043	0.003141362013
53044	0.002240775996
53045	0.00353072226
53046	0.003290518486
53047	0.0003173850192
53048	0.002805434526
53049	0.001004066429
53050	0.003024460758
53051	0.002649494721
53052	0.005982542724
53053	0.0005039721783
53054	0.002037107655
53055	0.004701740569
53056	0.0006923918562
53057	0.001161759034
53058	0.0007994980583
53059	0.00116070625
53060	0.004554775612
53061	2.75001111e-07
53062	0.006453614001
53063	0.0007893500168
53064	7.572445225e-05
53065	4.726766257e-06
53066	0.0009003408688
53067	0.001633338991
53068	0.002043674265
53069	0.0001751485611
53070	8.433986841e-05
53071	0.001254436185
53072	0.001164980571
53073	0.0005856443423
53074	0.0002477265875
53075	0.004331347356
53076	4.3441768e-05
53077	0.0006288851876
53078	0.001954228876
53079	0.0005670688371
53080	0.005121606159
53081	0.0009275586555
53082	0.001416137834
53083	0.005771592889
53084	0.000116570655
53085	0.0001690451655
53086	0.0009600623567
53087	0.0003651707848
53088	0.005378743469
53089	0.001158461128
53090	0.001982668617
53091	0.0002925862238
53092	0.0009354207381
53093	0.0007937837961
53094	0.001958460008
53095	0.002254341791
53096	0.001064279353
53097	0.001673343869
53098	0.0008687653427
53099	0.0009615068835
53100	0.000785857195
53101	0.002894746071
53102	0.0002778737233
53103	0.00265737705
53104	0.000434848407
53105	0.004752233278
53106	0.002227133313
53107	0.001951483394
53108	0.001777025582
53109	0.0006112005738
53110	0.009089305029
53111	0.002281496272
53112	0.001007144391
53113	0.004422656278
53114	0.007021339622
53115	0.0004580767334
53116	0.001262066895
53117	0.0003663439281
53118	0.001279126891
53119	0.0003158269576
53120	0.003285748356
53121	0.004873572214
53122	0.001828769151
53123	0.003144060378
53124	0.0009273682103
53125	0.0003431404231
53126	0.001303866189
53127	0.0018061285
53128	2.910077133e-05
53129	0.0009224742851
53130	0.001949388698
53131	0.001657132806
53132	0.001022078532
53133	0.000258514518
53134	0.0009650199384
53135	0.0006881123005
53136	0.002535860644
53137	0.001705392453
53138	0.002515187933
53139	0.0002828709446
53140	0.001319573631
53141	0.002254422175
53142	6.387184646e-05
53143	0.0001607079874
53144	0.001670313431
53145	0.0009864252984
53146	0.005683449274
53147	0.001251543916
53148	0.004360321381
53149	0.00197220925
53150	0.004952561679
53151	0.004972770486
53152	0.0003144664749
53153	0.001479285475
53154	0.0008475911543
53155	0.002820325329
53156	0.00252332583
53157	0.0007920116057
53158	0.0004771584218
53159	7.416760306e-05
53160	0.001652168223
53161	0.005929478495
53162	0.0007104715371
53163	0.003778642522
53164	0.005186798177
53165	0.002762227061
53166	0.003649787844
53167	0.003475116061
53168	0.002581455178
53169	0.003866129927
53170	0.0006524778029
53171	0.00199214793
53172	0.001020167175
53173	0.0003371779793
53174	0.001897181699
53175	0.003076400405
53176	0.003601982336
53177	0.002056168102
53178	0.003223789645
53179	0.006476638861
53180	0.002015503559
53181	0.0009893650518
53182	0.007416631053
53183	0.006076081914
53184	0.005477953939
53185	0.004029213365
53186	0.006191331803
53187	0.003520526566
53188	8.27553057e-05
53189	0.002237969701
53190	0.0037433626
53191	0.0007660552705
53192	0.005371216917
53193	0.00250756684
53194	0.004622933657
53195	0.002827837275
53196	0.002279897309
53197	0.004312889449
53198	0.002273498238
53199	0.001022986378
53200	0.001587186023
53201	0.001186301946
53202	0.00216373281
53203	0.001124664575
53204	0.0007671995658
53205	0.008091319236
53206	0.001470489022
53207	0.002295972448
53208	0.0002187105904
53209	0.002893429953
53210	0.001583726506
53211	0.001853879626
53212	0.0002275005383
53213	0.000652655943
53214	0.0008870615139
53215	0.0007677368293
53216	0.002600041699
53217	0.0009674074419
53218	0.0004391443143
53219	0.00267596097
53220	0.0008399328745
53221	0.003465687121
53222	0.0004754478684
53223	0.0008757345663
53224	0.0003082928901
53225	0.002326139302
53226	0.003922008774
53227	0.003430134982
53228	5.761595041e-05
53229	0.001947928983
53230	0.002864990179
53231	0.002756339561
53232	0.002638195662
53233	0.002800180668
53234	0.001568806375
53235	0.0001940702569
53236	0.001764024436
53237	0.002947665968
53238	0.0007372761152
53239	0.0009034623873
53240	0.002632978469
53241	0.0004921524873
53242	0.001951970456
53243	0.002251578236
53244	0.002231229139
53245	0.002666689864
53246	0.00259515647
53247	0.004518323528
53248	0.00285260076
53249	0.002262243708
53250	0.003005375605
53251	0.0006615561896
53252	0.004428522935
53253	0.001687213908
53254	0.003621486282
53255	0.003299838987
53256	0.004665204433
53257	0.0001076510771
53258	0.002084013637
53259	0.0007985409097
53260	0.0004908835751
53261	0.0002730328964
53262	3.542527368e-05
53263	0.0007729962445
53264	0.003284506287
53265	5.699544112e-05
53266	0.00422526035
53267	0.001321707119
53268	0.003691123732
53269	0.0001848766595
53270	0.001621637638
53271	0.0001423584146
53272	0.001124089396
53273	0.001665231218
53274	4.496716806e-05
53275	1.725805396e-05
53276	0.00244801483
53277	0.0001899451702
53278	0.0005317378213
53279	0.006819552359
53280	0.001635115865
53281	0.0007754475669
53282	0.00121013938
53283	0.001278947449
53284	0.003412053297
53285	0.0003863599365
53286	0.0009175299336
53287	5.498626253e-05
53288	0.005239616629
53289	0.001486174299
53290	0.001279906038
53291	0.0001051667074
53292	0.0006766069029
53293	0.00173648595
53294	0.003555395521
53295	0.001964075065
53296	0.000438781647
53297	0.0005291340856
53298	0.001547265903
53299	0.002484676959
53300	0.001610903155
53301	0.004229648159
53302	0.000146928259
53303	0.001118747606
53304	0.001080456662
53305	0.0008386920139
53306	0.002724525709
53307	0.001589276569
53308	0.0007343357548
53309	0.0004518618343
53310	0.0009632003966
53311	0.0005831662083
53312	0.0002129352585
53313	0.001238430298
53314	0.002649695476
53315	0.0001321412273
53316	0.002447295779
53317	0.001611586001
53318	0.0006382444965
53319	0.000949467732
53320	0.002615827852
53321	0.002582721394
53322	0.001846524113
53323	0.0007491567868
53324	0.0001289468765
53325	0.0007891726499
53326	0.0007156806998
53327	0.001059097782
53328	0.00393662246
53329	0.003555942296
53330	0.001714831432
53331	0.001633368595
53332	0.001634742388
53333	0.000105985599
53334	0.002145917113
53335	0.006320488216
53336	0.0003238706742
53337	0.003517779563
53338	0.001323562191
53339	0.000969498334
53340	0.001733842706
53341	0.002209132374
53342	0.003597256037
53343	0.000958217843
53344	0.003650875154
53345	0.001906233555
53346	0.00115850161
53347	0.0002001213683
53348	0.002986684548
53349	0.0006244537887
53350	0.003330929602
53351	0.00142366551
53352	0.003887302667
53353	0.002220572103
53354	0.0009517801187
53355	0.001124087571
53356	0.0006276645277
53357	0.0004284849346
53358	0.001544943908
53359	0.0007264423351
53360	0.0007214454848
53361	0.0007091118753
53362	0.001025601323
53363	0.0008953433197
53364	0.0004243627433
53365	0.0005244362451
53366	0.001554779819
53367	0.001337888946
53368	0.001118593069
53369	0.000413514511
53370	0.000155056174
53371	0.0001292083065
53372	0.0009971926098
53373	0.0005546829111
53374	0.001684386167
53375	0.0001834727452
53376	0.0001425489591
53377	0.0006847665717
53378	0.0005284619323
53379	0.0001687087724
53380	0.000334451431
53381	0.0002339820984
53382	0.00129160477
53383	0.002010706083
53384	0.0001316050252
53385	0.000101245251
53386	0.0003945540379
53387	0.0001412483137
53388	0.0006617390502
53389	0.0001690918572
53390	0.001135767426
53391	0.0006970357873
53392	0.001678041728
53393	0.000561952793
53394	0.0002812736707
53395	0.0003543163205
53396	0.0003831455614
53397	0.0001181079943
53398	0.0002713185294
53399	0.0001782993077
53400	0.00108359879
53401	0.00106761654
53402	0.0003043662265
53403	0.0001449188972
53404	9.991017591e-06
53405	0.0001734385408
53406	0.0002048076251
53407	0.001214005566
53408	0.002551516571
53409	0.0002231683493
53410	0.002778698031
53411	0.00149397295
53412	0.001958421105
53413	0.000103020272
53414	0.0004249271623
53415	0.001056368688
53416	0.00200838093
53417	0.0001590138433
53418	0.0007453836697
53419	0.0001297976303
53420	0.0007501464205
53421	0.0006421845023
53422	2.516368047e-06
53423	0.003698297279
53424	0.00109113744
53425	0.001536729916
53426	0.001721530541
53427	0.000739110093
53428	0.002195681213
53429	0.0002672152112
53430	0.001556476645
53431	0.0008171376883
53432	0.001369550312
53433	0.0002624022649
53434	0.001970886486
53435	1.19718818e-05
53436	0.003410972067
53437	0.001067553463
53438	0.001439458842
53439	0.0002270075312
53440	0.002723467508
53441	0.00232651036
53442	0.001899243766
53443	0.0009637373804
53444	0.0001350627075
53445	0.002033058129
53446	0.0002737465492
53447	0.003517053323
53448	0.001147931221
53449	0.004111940492
53450	0.0003434593164
53451	7.881605705e-06
53452	0.003339881788
53453	0.0006245683352
53454	0.001758802438
53455	0.003980836139
53456	0.001279734701
53457	0.004450890574
53458	0.001240917546
53459	0.003076504586
53460	0.0004986450506
53461	9.438354424e-05
53462	0.001625308939
53463	0.0007045321723
53464	0.003453458355
53465	0.0006935696121
53466	0.0008219353144
53467	0.00220893826
53468	0.002786397291
53469	0.002369035046
53470	0.0009634113647
53471	0.001054215277
53472	0.002223508471
53473	0.002125957629
53474	0.001650120785
53475	0.001265396102
53476	0.001393559789
53477	0.0005396260352
53478	0.0003617185186
53479	0.001940126432
53480	9.936583157e-05
53481	0.0008510769969
53482	0.003086967738
53483	0.00149518805
53484	0.001215951722
53485	0.002362451878
53486	0.002453198294
53487	0.00352431935
53488	0.001419709381
53489	0.003797834487
53490	0.001428667438
53491	0.004425913521
53492	0.005386748675
53493	0.0001303513607
53494	0.002484581492
53495	0.0002554359984
53496	0.0001857986915
53497	0.005187975752
53498	0.001008531648
53499	0.004342409674
53500	0.004038638266
53501	0.004716299347
53502	0.0005205159905
53503	0.0005642111817
53504	0.0005871417864
53505	0.004816829911
53506	0.001768432746
53507	0.002675899196
53508	0.001058639515
53509	0.001927051337
53510	0.0014617326
53511	0.002358811008
53512	0.0003872229998
53513	0.0008612539699
53514	0.005786978206
53515	0.0003232469992
53516	0.0001506493963
53517	0.001831178039
53518	0.005060942226
53519	0.0006815175672
53520	0.003784088044
53521	0.0002442094125
53522	0.0003788055347
53523	0.004329027701
53524	0.001224611636
53525	0.001288968227
53526	0.003771000552
53527	0.005093003137
53528	6.180926586e-05
53529	0.001284304764
53530	0.001745043831
53531	0.0004167673182
53532	0.004776379982
53533	0.002233700201
53534	0.001592163774
53535	0.001020933299
53536	0.002463048924
53537	0.0004463048928
53538	0.00189700639
53539	0.0002833410751
53540	0.003501697376
53541	0.002085559261
53542	0.002237414962
53543	0.001492326956
53544	0.002597928639
53545	0.001193314777
53546	0.001175339908
53547	0.003731952699
53548	0.002181341811
53549	0.001828763199
53550	0.002419546339
53551	0.001724897897
53552	0.0007213629811
53553	0.001270349876
53554	0.0005162589713
53555	0.001521863348
53556	0.001554386815
53557	0.003558580309
53558	0.001115002088
53559	0.0006758468973
53560	0.001235094153
53561	8.791566705e-05
53562	0.0006267351882
53563	0.0002999934301
53564	0.001429347184
53565	0.002404811004
53566	0.001975785237
53567	0.001916824389
53568	0.001851460058
53569	0.003103123424
53570	0.002728974298
53571	0.0005623353885
53572	0.001909365523
53573	0.001596038972
53574	0.0003451054928
53575	0.00349800609
53576	0.0009142707772
53577	0.002527520021
53578	0.003637321872
53579	0.001441037323
53580	0.004172115482
53581	0.002032748374
53582	0.002195980629
53583	0.0007311159237
53584	0.0001678750511
53585	0.002950697095
53586	0.003195914662
53587	3.505585365e-05
53588	0.0001075226927
53589	0.003068923737
53590	0.003081805863
53591	0.0002344090798
53592	0.001876839489
53593	0.0003824822855
53594	0.0002802931187
53595	0.00344527104
53596	0.0001933246829
53597	0.002767146454
53598	0.0005146009257
53599	0.001607530378
53600	0.001293275034
53601	0.002851164208
53602	0.003501763495
53603	0.003549506377
53604	0.001982556892
53605	0.002893489966
53606	0.003445073749
53607	0.002619051362
53608	0.001828975637
53609	0.0006106666951
53610	0.000676495858
53611	0.002091974755
53612	0.001050838859
53613	0.002326741621
53614	0.002590546788
53615	0.0007766071308
53616	0.001174116782
53617	0.0001540634461
53618	0.005348940153
53619	0.001296966564
53620	0.0005340962336
53621	0.001545774917
53622	0.0005823087657
53623	0.001963363132
53624	0.004610768981
53625	0.000983222326
53626	0.0003118656787
53627	0.001500795074
53628	0.004116135441
53629	0.005643135509
53630	0.0007747282015
53631	0.0004084011926
53632	0.000942722431
53633	0.0005609343586
53634	0.003838239968
53635	0.0007703112293
53636	0.0001825161392
53637	0.0008767158492
53638	0.003562035002
53639	0.0008723343376
53640	0.008183565107
53641	0.0009494365319
53642	0.001874085776
53643	0.0001482483127
53644	0.003043113921
53645	0.0007014186295
53646	0.0001572862361
53647	0.003739520346
53648	0.001602401152
53649	0.0006685763745
53650	0.003847656467
53651	0.002373363604
53652	0.0002112873211
53653	7.261834272e-05
53654	0.002631015038
53655	0.001224320086
53656	0.0009998020877
53657	0.005320906243
53658	0.001092716974
53659	0.002759721268
53660	0.00195917492
53661	6.916767162e-05
53662	0.0002631209029
53663	0.002308697665
53664	0.0005997651121
53665	0.003876656285
53666	0.0007026713939
53667	0.0003528571009
53668	0.002507622462
53669	0.002654889545
53670	0.00114596285
53671	6.714863485e-05
53672	0.003778713805
53673	0.001297137414
53674	0.01033248085
53675	6.874238054e-05
53676	0.003849520342
53677	0.002464097816
53678	0.004893822009
53679	0.003013488484
53680	0.003092649298
53681	0.001390723405
53682	0.003152509688
53683	0.001462150222
53684	0.0005528952121
53685	0.003405489903
53686	0.0005230380244
53687	0.0007083006109
53688	0.006126894642
53689	0.001806723232
53690	0.0009321442316
53691	0.003468840941
53692	3.266368792e-05
53693	0.002513218694
53694	0.0007401500911
53695	0.0007912229823
53696	6.646222221e-05
53697	0.0005115358608
53698	0.003320600381
53699	0.0002050882916
53700	0.0004597707296
53701	0.003462839922
53702	6.43826139e-05
53703	0.0008523621329
53704	0.001580529054
53705	0.002165867234
53706	0.00236030876
53707	0.003689444264
53708	0.002665440917
53709	0.00457480838
53710	0.001262677019
53711	5.031170634e-05
53712	8.561739426e-05
53713	0.002459598914
53714	0.002768906579
53715	0.0009599241685
53716	0.000325183941
53717	0.001007906928
53718	0.007944132893
53719	0.0003473426387
53720	0.0003677875836
53721	0.0009960707976
53722	0.002467122724
53723	0.003044908946
53724	1.844279437e-05
53725	0.000247408403
53726	0.0007043992177
53727	6.065989725e-05
53728	0.005752477925
53729	0.0004535143323
53730	0.0006220225816
53731	0.0009275312785
53732	0.001727870532
53733	0.0008288294077
53734	0.002144344493
53735	0.004567499173
53736	0.0001829676818
53737	0.002873565851
53738	0.001476306705
53739	0.003195520723
53740	0.001275653472
53741	0.004700100055
53742	0.001044511338
53743	0.002318240845
53744	0.00492255894
53745	0.001309119445
53746	0.003500353187
53747	0.0001680353222
53748	0.0002622332
53749	0.003661057855
53750	0.00137491959
53751	0.001039294322
53752	0.001820267554
53753	0.00546378562
53754	0.001635401521
53755	0.00362077478
53756	0.003354139585
53757	0.001067329515
53758	2.077786224e-05
53759	0.002155081013
53760	0.0006729934041
53761	0.001104141054
53762	0.0009629660019
53763	0.0002031226865
53764	0.0003441696
53765	0.00288554275
53766	0.005198026903
53767	0.001021681028
53768	0.003234502634
53769	0.0007548061334
53770	0.001886422401
53771	0.0008329769046
53772	0.0007777296642
53773	0.0002709679252
53774	0.0005381622925
53775	0.002756783433
53776	0.002513742331
53777	0.007211623741
53778	0.003795877476
53779	0.00155787242
53780	0.002003121613
53781	0.0008386764026
53782	0.0009160789985
53783	0.0009542730706
53784	0.0004934997903
53785	0.002784998845
53786	7.633025274e-05
53787	0.002361538742
53788	0.006339005843
53789	0.007039265016
53790	0.007033559606
53791	0.0003299194255
53792	5.909171526e-05
53793	7.319780848e-05
53794	0.0008131305057
53795	0.001471821782
53796	0.001892985999
53797	0.0009679343645
53798	0.006262645563
53799	0.000240843704
53800	0.0007761155613
53801	0.0008636568406
53802	0.000402139677
53803	0.0007517484834
53804	0.001185636862
53805	0.0004006104613
53806	0.0002045065139
53807	0.002676133186
53808	0.001761870706
53809	0.004565320737
53810	0.007039923744
53811	0.006091164083
53812	0.0006930030928
53813	0.001342452613
53814	0.001642405031
53815	0.0007447386809
53816	0.004173636575
53817	0.0001213422875
53818	0.001180598011
53819	0.00471205113
53820	0.001010747235
53821	0.00111850781
53822	0.001019825892
53823	0.002072996816
53824	0.002539295843
53825	0.007792241189
53826	0.002580526876
53827	0.001779001133
53828	0.004263864017
53829	0.001560122956
53830	0.001235387663
53831	0.002997273564
53832	0.003113375326
53833	0.0008444897603
53834	0.003200331046
53835	0.002824823081
53836	0.0006152843929
53837	0.002220383983
53838	0.0008543654287
53839	0.0008687582648
53840	0
53841	0.0006134575549
53842	0.004024118286
53843	0.009613791722
53844	0.0002594670932
53845	0.001887132006
53846	0.00026636391
53847	0.00082041288
53848	0.002028363133
53849	0.001425585345
53850	0.001766119077
53851	0.001794223917
53852	0.000696186031
53853	0.001602271356
53854	0.00569251925
53855	0.001835742082
53856	0.004831205288
53857	0.0003355130475
53858	0.0005665084511
53859	0.007043877844
53860	0.001786883507
53861	0.0005677928431
53862	0.004015830626
53863	0.001439164545
53864	0.003156629447
53865	3.197149728e-05
53866	0.0002847766847
53867	0.0008658655034
53868	0.0009042407834
53869	0.002390098353
53870	0.0007550591645
53871	0.002572281981
53872	0.0003972378771
53873	3.928932236e-06
53874	0.0002802191531
53875	0.002866952386
53876	0.001933066854
53877	8.71480667e-05
53878	0.003174511505
53879	0.002631149132
53880	0.001816494851
53881	9.962347428e-05
53882	0.004105304658
53883	0
53884	0.001336186043
53885	0.002025623389
53886	0.0002187050282
53887	0.0007533414878
53888	0.001850631025
53889	9.610603045e-05
53890	0.006166985032
53891	0.0005835374143
53892	0.002335049981
53893	0.0005134172765
53894	0.0008450995688
53895	0.002327043767
53896	0.00256696495
53897	0.002134499412
53898	0.002328268153
53899	9.74041037e-05
53900	0.0001965041561
53901	0.0006957355636
53902	0.00136708361
53903	0.0008399705867
53904	0.00427042926
53905	0.00126200753
53906	0.000607822399
53907	0.0006099524555
53908	0.004588462032
53909	0.0008178069715
53910	0.0009213510887
53911	0.002552651268
53912	0.003486990281
53913	0.0003545205426
53914	0.003926445577
53915	0.0003428511098
53916	0.002443129771
53917	0.00328559082
53918	0.002046392569
53919	0.0001457579913
53920	0.0007991706776
53921	3.608036693e-05
53922	0.001930497506
53923	0.004226945038
53924	0.00201355893
53925	0.002958016941
53926	0.002076028527
53927	0.002164532281
53928	0.0002723947933
53929	0.001964326775
53930	0.009074878593
53931	0.001384666277
53932	0.001900225726
53933	0.002921449595
53934	0.0008283282093
53935	0.0006986393257
53936	0.003261365697
53937	0.00164997679
53938	0.001067830067
53939	0.0004727890648
53940	0.001635510166
53941	0.000454737107
53942	0.005202332767
53943	0.001178990209
53944	0.003791001187
53945	0.001552773599
53946	0.003266633913
53947	0.003779797894
53948	0.003208260756
53949	0.006667171774
53950	0.003429961834
53951	0.001505358345
53952	0.0001546044633
53953	0.0001408238213
53954	0.0006683153294
53955	0.00294341498
53956	0.001555881585
53957	0.006240574009
53958	0.00294751863
53959	0.00243035125
53960	0.0002335276992
53961	0.004097808465
53962	0.0001699241266
53963	0.004230512601
53964	0.00463889319
53965	0.001285518553
53966	2.954322921e-05
53967	7.623041572e-05
53968	0.0005668167836
53969	0.00578426616
53970	0.0003140195349
53971	0.00339412442
53972	0.002114197156
53973	6.340950356e-05
53974	0.002069379013
53975	0.00886567808
53976	0.0006387798327
53977	0.0008726485452
53978	0.0008288501869
53979	0.0002210734086
53980	0.005032169618
53981	0.001033801826
53982	0.002430925328
53983	0.005999905654
53984	0.002351070195
53985	0.0034104522
53986	0.001652949399
53987	0.0007570246039
53988	0.001706600546
53989	0.0001330890669
53990	0.001595399702
53991	0.0009057812375
53992	0.004707994645
53993	0.000475724519
53994	0.0008431493285
53995	0.003908670379
53996	0.003808023657
53997	0.004668081418
53998	0.004741336415
53999	0.00186155072
54000	0.0008723278437
54001	0.002358706796
54002	0.005765169728
54003	0.000970837162
54004	0.004673843957
54005	0.001902286525
54006	0.004791436723
54007	0.002693478188
54008	0.0007565799096
54009	0.002514140396
54010	0.0006064821336
54011	0.0002337218533
54012	0.003596102044
54013	0.003908096578
54014	0.001151862919
54015	0.00310344309
54016	0.0003644505659
54017	0.002789036395
54018	0.003432628857
54019	0.004332766261
54020	0.0008482027037
54021	0.0008121515792
54022	0.003796180924
54023	0.006275541014
54024	0.000307299021
54025	0.002335351274
54026	0.0005643250361
54027	0.0009327721583
54028	0.0002885061549
54029	0.005037106689
54030	0.003312600271
54031	0.002418240273
54032	0.001281027854
54033	0.005655472832
54034	0.002082127659
54035	0.0007107570079
54036	0.003260755815
54037	0.003019223078
54038	0.003882762812
54039	0.00428595183
54040	0.004215174144
54041	0.0002284075163
54042	0.002254561578
54043	5.40749085e-05
54044	8.598473926e-05
54045	0.00155345663
54046	0.002263470426
54047	0.001417984384
54048	0.001269654064
54049	0.0007917148655
54050	0.000161139477
54051	0.0004668864417
54052	0.003644920782
54053	0.002635863684
54054	0.001817739244
54055	0.0001741013181
54056	0.0003841004811
54057	0.0001613263173
54058	0.0005796355349
54059	0.00146418815
54060	0.002466764992
54061	0.00205831291
54062	0.002179836577
54063	0.0003956483362
54064	0.003039153043
54065	0.0005957504935
54066	0.0004943303061
54067	0.003477502834
54068	0.001752270772
54069	0.00267350017
54070	2.462782305e-05
54071	0.000134355398
54072	0.0001347904358
54073	0.0002464861467
54074	1.454587543e-06
54075	0.0005087567886
54076	0.0002299163394
54077	0.004656130988
54078	0.0005267258027
54079	0.00265211858
54080	0.00109740352
54081	0.001142455734
54082	0.0006022982622
54083	0.000166666357
54084	0.000121069971
54085	0.00079605371
54086	0.001096372848
54087	0.001422188413
54088	0.002439474559
54089	0.001779773667
54090	0.001894669299
54091	0.0001050713099
54092	0.0003007156655
54093	0.0006288178664
54094	0.0005695733256
54095	0.002745516786
54096	0.0006406528612
54097	0.0003000579163
54098	0.0007121545352
54099	0.007373093106
54100	0.001949557632
54101	0.0006773201473
54102	0.000399413932
54103	0.001399356894
54104	7.781174194e-06
54105	0.004275248511
54106	0.001059539366
54107	0.003431858079
54108	0.001636814837
54109	0.001926772906
54110	0.002252172356
54111	7.307196613e-05
54112	0.000806577295
54113	0.002643640713
54114	5.891425469e-05
54115	0.0004560441345
54116	0.002208654056
54117	0.002808593972
54118	0.0007772523301
54119	0.0005269777962
54120	0.000471032602
54121	0.001466713707
54122	0.001515431003
54123	0.0007795896692
54124	0.002514262707
54125	0.001091427399
54126	0.0007952093483
54127	0.000286147476
54128	1.514585817e-07
54129	7.214939151e-05
54130	0.00128691249
54131	0.001807145153
54132	0.002627812969
54133	0.002800626852
54134	0.0007064821428
54135	0.0004326893908
54136	0.0006623963722
54137	0.001218900376
54138	0.001008067154
54139	0.0009810900079
54140	0.001439803069
54141	0.002715353731
54142	0.000317335261
54143	0.0002754673166
54144	0.000651964942
54145	0.0003751889532
54146	0.003501245856
54147	0.0006359214625
54148	0.002446648372
54149	0.0009869610737
54150	0.002061064343
54151	0.002564039966
54152	0.001473012375
54153	0.0007550959227
54154	0.0003846965716
54155	6.591787732e-05
54156	0.000495140583
54157	0.0003396654994
54158	0.002007356572
54159	0.003177130806
54160	1.956108947e-05
54161	0.00175572185
54162	7.788692166e-05
54163	0.0008152377763
54164	0.002935566561
54165	0.002556567227
54166	0.001722164718
54167	0.003115403037
54168	0.003082799573
54169	6.588918233e-06
54170	0.001961061677
54171	0.001045010015
54172	0.001672656821
54173	0.002600705784
54174	7.971502444e-05
54175	0.001025089173
54176	0.0005842147305
54177	6.098443725e-05
54178	0.0004595520965
54179	0.00198800222
54180	0.0003018461173
54181	0.001186417662
54182	0.0006430404436
54183	0.005082796793
54184	0.0001182419296
54185	0.003851493241
54186	0.0007582459133
54187	0.002138712237
54188	0.001853783713
54189	0.001360186676
54190	0.001095539184
54191	0.001304675748
54192	0.0005189373494
54193	0.002893222105
54194	0.001536766933
54195	0.00305215087
54196	0.001841506938
54197	0.001457627343
54198	0.002106151952
54199	0.001380629973
54200	0.002225004352
54201	1.23997528e-05
54202	0.002595803648
54203	7.971332186e-05
54204	0.002303939575
54205	0.002740126298
54206	0.0006688773591
54207	0.0006869908308
54208	0.001440094613
54209	0.002573196405
54210	1.457091697e-05
54211	0.001073311009
54212	0.002018942875
54213	0.0006031755583
54214	0.0003302260221
54215	0.0003521595676
54216	0.001019982939
54217	0.003477997628
54218	0.003891447252
54219	0.0001676726686
54220	0.001093328499
54221	0.0006095425895
54222	0.0004646387898
54223	8.59612929e-09
54224	0
54225	0.0008304415544
54226	0.002191330673
54227	0.002874223704
54228	0.003049517166
54229	0.0009607086587
54230	0.004616378881
54231	0.0008247779841
54232	0.004639878916
54233	0.001402491427
54234	0.001512473163
54235	0.002212717818
54236	9.891625502e-05
54237	0.002746701212
54238	0.00291808959
54239	0.001377881877
54240	0.001118470348
54241	0.004852046937
54242	0.0004093351466
54243	0.002154631264
54244	0.0007169674495
54245	0.002535271058
54246	0.002485922908
54247	0.0002506938533
54248	0.002990013998
54249	0.002896024222
54250	0.005316553805
54251	0.001505302388
54252	5.37012762e-05
54253	0.005723527764
54254	0.002681636317
54255	0.0008762465354
54256	0.0003906934037
54257	0.0005463264835
54258	0.0002101132366
54259	0.001869909334
54260	0.0008116485448
54261	8.226622826e-05
54262	0.0008400242557
54263	0.005789230191
54264	0.002610791175
54265	0.003002880491
54266	0.001002888432
54267	0.002632082986
54268	0.00210263668
54269	0.002185180098
54270	0.000207805832
54271	0.004656769134
54272	0.004974687771
54273	0.0009734389628
54274	0.003607888038
54275	0.009428669149
54276	0.002885399148
54277	0.002491150985
54278	0.0004410136887
54279	0.001857051321
54280	0.002784821428
54281	0.002358535726
54282	0.002300429157
54283	9.708120626e-05
54284	0.000672003376
54285	0.0001025620484
54286	0.0005348111809
54287	0.0002371841888
54288	0.001148755092
54289	0.0008486264167
54290	0.005671485518
54291	8.040342839e-05
54292	0.002215898234
54293	0.001679664841
54294	0.002213143169
54295	0.0009672848885
54296	0.001353290423
54297	0.001662539869
54298	0.0008642543327
54299	0.002017316195
54300	0.000558887667
54301	0.004407457984
54302	0.003445164035
54303	0.00249377699
54304	0.00457264724
54305	0.002746130282
54306	0.0002559389567
54307	0.001017547033
54308	0.001526334554
54309	0.0007584346927
54310	0.0007963752726
54311	0.001438519491
54312	0.0003537889932
54313	0.001528775014
54314	0.0003799001849
54315	0.000731094346
54316	0.0002309821494
54317	0.0006600088552
54318	0.004959190853
54319	0.001579456351
54320	0.001857559186
54321	0.003926341404
54322	0.0008026532419
54323	0.0009654901105
54324	0.001174013745
54325	0.002578476462
54326	0.0004260236931
54327	0.002755367473
54328	0.0003125587155
54329	0.0004304197159
54330	0.00329470776
54331	0.0006049029871
54332	0.003086236152
54333	0.005944392932
54334	0.004277568854
54335	0.002006936481
54336	0.0009985836851
54337	0.002144072406
54338	0.0001251538418
54339	0.002967923078
54340	0.004083928839
54341	0.00197816812
54342	0.00125097466
54343	0.007348253644
54344	0.002851032753
54345	0.001956194931
54346	0.0002026871714
54347	0.0006346123964
54348	0.005764876322
54349	0.003944965861
54350	0.005299488087
54351	0.001215066264
54352	0.001222416025
54353	0.006914482461
54354	0.000762742525
54355	0.0007015189968
54356	0.001870219203
54357	0.006171739312
54358	0.002513556323
54359	0.0009070624029
54360	0.003636498877
54361	0.001992328374
54362	0.0003396491597
54363	0.001528741316
54364	0.002362089977
54365	0.0004699758046
54366	0.0004098871074
54367	0.002977623151
54368	0.003179472021
54369	0.005492150814
54370	0.001860647533
54371	0.001498297948
54372	0.001932810923
54373	0.007267205031
54374	0.0007019091709
54375	0.00127897117
54376	0.001625693212
54377	0.003346043962
54378	0.001120399115
54379	0.00247442042
54380	0.0005683345021
54381	0.005339906091
54382	0.002170486655
54383	0.001209007227
54384	0.001282510483
54385	0.0004092553899
54386	0.002492415962
54387	0.0002164407304
54388	0.002418873707
54389	0.004810700781
54390	0.002443533114
54391	0.002175674116
54392	0.0007361860128
54393	0.005405012645
54394	0.002936889704
54395	0.0005415850063
54396	0.007638538921
54397	0.0002709286887
54398	0.002151756595
54399	0.0001056397285
54400	0.001070357945
54401	0.003622663633
54402	0.002739559704
54403	1.34121046e-05
54404	0.0006644591762
54405	0.004636912385
54406	0.0009329867654
54407	0.0006180016453
54408	0.0008660106286
54409	0.002152285147
54410	0.0002137510335
54411	0.001948167211
54412	0.005023369166
54413	0.004492821593
54414	0.005528355578
54415	0.0006475106896
54416	0.005049457257
54417	0.003841215425
54418	0.001895662205
54419	0.0009081249521
54420	0.003148397337
54421	0.0003546580686
54422	0.005143615521
54423	0.004039151466
54424	0.0004036672484
54425	0.0001424092897
54426	0.003512838577
54427	0.001441306156
54428	0.006129372814
54429	0.0003172684814
54430	0.00651156465
54431	0.001425521693
54432	0.0002887693133
54433	0.0004945090219
54434	0.003962990134
54435	0.006532131324
54436	0.001174232581
54437	0.001260281088
54438	0.002562528023
54439	0.001554412827
54440	0.003455128153
54441	0.002939749459
54442	0.005622376202
54443	0.006169723087
54444	0.000786713121
54445	0.001554570322
54446	0.0003015037588
54447	0.0002517534233
54448	0.002173777144
54449	0.001222742148
54450	0.001230684675
54451	0.0002498134729
54452	0.0006706650399
54453	0.0004475774943
54454	0.0001028172872
54455	0.000153204588
54456	0.0002427334118
54457	0.001340160685
54458	0.001046742067
54459	0.001755543128
54460	0.001727258486
54461	0.002059767563
54462	0.001462310603
54463	0.001746655744
54464	0.0003028049742
54465	0.001370887499
54466	0.002893848607
54467	0.0008926808122
54468	0.0003715361687
54469	0.003742343499
54470	0.002278041022
54471	0.004380768955
54472	0.001770786243
54473	0.00583608154
54474	0.0004457077098
54475	0.0006587475024
54476	0.0003233657128
54477	0.0004525865593
54478	0.0007247133484
54479	0.0009918703369
54480	0.0002641885308
54481	0.0002956084758
54482	0.0009114520204
54483	0.00126718556
54484	0.002954684216
54485	0.003679102488
54486	0.001724366591
54487	0.002514894544
54488	0.002439922212
54489	0.001578823098
54490	0.001718440591
54491	0.001519397193
54492	0.0004254015912
54493	0.0002310578544
54494	0.001111664208
54495	0.002253794137
54496	0.001515579047
54497	0.0003134659511
54498	0.001725288992
54499	0.000999280419
54500	0.001284134228
54501	0.0001761226386
54502	0.0001326545473
54503	0.0002625089299
54504	0.0002084623492
54505	0.0002275129224
54506	0.0008230164331
54507	0.001758008591
54508	0.0004107531986
54509	8.734990886e-06
54510	9.215917247e-05
54511	0.005913850323
54512	5.983688017e-05
54513	0.0001326742224
54514	0.0001263199221
54515	0.001975689705
54516	8.952147058e-05
54517	0.0003727069516
54518	4.764386039e-05
54519	0.002297027609
54520	0.0005821754792
54521	0.000175015313
54522	0.0002235322208
54523	0.001997719213
54524	0.0001322037755
54525	1.285325995e-07
54526	0.001482723318
54527	0.001028017739
54528	0.000967350571
54529	0.0008620914574
54530	0.0004174329368
54531	0.0002325509625
54532	0.004317352553
54533	0.0002580408812
54534	0.002598340793
54535	1.541561693e-05
54536	0.002374939977
54537	8.567150686e-05
54538	0.001843777434
54539	0.001886207352
54540	0.0006023229998
54541	0.003658617608
54542	0.001862925503
54543	0.00240127544
54544	0.001265094413
54545	0.001354952526
54546	0.004619879973
54547	5.477108959e-05
54548	0.006319408369
54549	0.0007717461387
54550	0.0006971244662
54551	0.0003378490469
54552	0.006925732714
54553	0.001729747773
54554	0.002444666912
54555	0.003894350705
54556	0.003452983121
54557	0.000320880522
54558	0.0007550097613
54559	0.0003704779174
54560	0.0006011837625
54561	0.0006869643111
54562	0.0009353904913
54563	0.005642367864
54564	0.003158133399
54565	0.003736291852
54566	0.004453445288
54567	0.002741048517
54568	0.006328100035
54569	0.00257999922
54570	0.001207295792
54571	0.001449298672
54572	0.003867137038
54573	0.000591577569
54574	0.001993942882
54575	0.0004262442646
54576	0.0006093801713
54577	0.0006615271447
54578	0.001371423267
54579	0.0008943319119
54580	0.0007859447048
54581	0.001359939898
54582	0.001073866687
54583	0.001834593616
54584	3.718456093e-08
54585	0.001300342043
54586	0.004393529237
54587	0.001206619954
54588	0.005925797896
54589	0.0004194933504
54590	0.000146410401
54591	0.0008152209284
54592	1.689960273e-05
54593	0.0002276264813
54594	0.001266860877
54595	0.001713504811
54596	4.275006305e-05
54597	0.00350243549
54598	0.002360556141
54599	0.001022386588
54600	0.002728828494
54601	0.00129367231
54602	0.001323805677
54603	0.000356373025
54604	0.001340266049
54605	0.002378402438
54606	0.001810570336
54607	0.00114960802
54608	0.0005559474566
54609	0.0003653991889
54610	0.0007919367742
54611	0.002579816913
54612	0.002790228622
54613	0.001434672686
54614	0.001580772064
54615	8.025193132e-06
54616	0.0009339559299
54617	0.004274154233
54618	0.001908924815
54619	0.001221659335
54620	0.0006511325037
54621	0.002976967486
54622	0.0004230037072
54623	0.0009460042366
54624	0.0005601003016
54625	0.004602939991
54626	4.245644469e-05
54627	0.0007691930501
54628	0.0002604021222
54629	0.00350894537
54630	2.998940433e-05
54631	0.0004798672006
54632	0.002890979077
54633	0.00396094343
54634	0.002880604811
54635	0.0007808001125
54636	0.001813207416
54637	0.0002390672023
54638	0.0006894115641
54639	0.0052388233
54640	0.001069942834
54641	0.003276456258
54642	0.00104332534
54643	0.00504914846
54644	0.002645734541
54645	0.0006863964882
54646	0.0009830577105
54647	0.0005532733133
54648	0.002087759362
54649	0.002345710841
54650	0.001990424018
54651	0.001392155904
54652	0.002003514117
54653	0.0007239821097
54654	0.001317508451
54655	0.003933047066
54656	0.001159290155
54657	0.001883869009
54658	0.002915203424
54659	0.002020191483
54660	0.0003955459098
54661	0.003885704297
54662	0.003980996705
54663	0.0006610821341
54664	0.0003013977649
54665	0.0004116373685
54666	0.001980498719
54667	0.0007901383794
54668	5.158483592e-05
54669	0.001490866199
54670	0.000283666898
54671	0.001216283076
54672	0.00241131058
54673	4.718152862e-05
54674	0.0006441134921
54675	7.46919749e-05
54676	0.00094473011
54677	0.002516421111
54678	6.574468668e-05
54679	0.0006493398492
54680	0.002085350206
54681	0.001515993791
54682	0.003117297579
54683	0.006309854633
54684	0.0008838516633
54685	0.003626689418
54686	0
54687	0.0008610143979
54688	0.003345470053
54689	0.001700355422
54690	0.0005281034071
54691	3.60605713e-05
54692	0.006352994439
54693	0.001151679349
54694	0.00742932291
54695	0.0002628469239
54696	0.0008054129825
54697	0.00344140987
54698	0.002907918701
54699	0.002652473185
54700	0.0001606148593
54701	0.0005053751536
54702	0.000803465938
54703	0.0001365648482
54704	0.0008425221594
54705	0.0003761033877
54706	0.002979414789
54707	5.01277319e-05
54708	0.002781613299
54709	0.003020576792
54710	0.001031938956
54711	0.001493902465
54712	0.0004287817406
54713	0.0007124671502
54714	0.001477105625
54715	0.005324517072
54716	4.010959494e-05
54717	0.001910507947
54718	0.0008687666056
54719	0.001721649375
54720	0.002004000102
54721	0.001798389356
54722	0.0006150658326
54723	0.001444659683
54724	0.002433727611
54725	0.001801153154
54726	0.005728882371
54727	0.005865512061
54728	0.006193955024
54729	0.0007087939619
54730	0.003600061502
54731	0.0007924658054
54732	0.004239802411
54733	0.0005025122129
54734	0.001241098171
54735	0.0007197455639
54736	0.002984392263
54737	0.002776739427
54738	6.382500513e-05
54739	0.0004412234771
54740	0.004853253903
54741	0.005904595251
54742	0.003686895428
54743	0.005157878572
54744	2.650596841e-05
54745	0.001862727637
54746	0.001378329109
54747	0.0001004309497
54748	0.000170549867
54749	0.001114358768
54750	0.0001891428288
54751	0.002979424118
54752	0.001135935557
54753	0.0006413928097
54754	0.0004101275319
54755	0.001566840465
54756	0.002810648683
54757	0.001542299545
54758	0.0006333416631
54759	0.001831184246
54760	0.002807669169
54761	0.000890835001
54762	0.005186436442
54763	0.006787949509
54764	0.001339980977
54765	0.0001523274534
54766	0.003583378745
54767	0.000420556352
54768	0.0027029995
54769	0.001896962536
54770	0.001165721389
54771	0.001339130918
54772	0.00147081493
54773	0.004581265638
54774	0.0003906379775
54775	0.002756294519
54776	0.001516114702
54777	0.000642341511
54778	0.001066850673
54779	0.001079246566
54780	0.002559399281
54781	0.0007087237997
54782	0.002108768139
54783	0.001975496386
54784	0.000591088774
54785	0.0005255246605
54786	0.001280167236
54787	0.0001108619188
54788	0.00058812918
54789	0.001239162395
54790	0.002186042848
54791	0.0008365070866
54792	0.002231005803
54793	0.004250442265
54794	0.0001725576335
54795	0.0009621788191
54796	0.001767714961
54797	0.001791704704
54798	0.0008758223897
54799	0.0001191321339
54800	0.001861794799
54801	0.006855566078
54802	0.0007073781819
54803	0.0005561982658
54804	0.001290211397
54805	0.003400347642
54806	0.002324479446
54807	0.001796717558
54808	0.001103902199
54809	0.00277489748
54810	0.001137146211
54811	0.0004293607517
54812	0.003811665839
54813	6.014674917e-05
54814	0.007595179455
54815	0.0019095538
54816	0.002467137547
54817	0.0005235664244
54818	0.001018557846
54819	0.0004368131602
54820	0.001064955896
54821	0.001011598825
54822	0.0007148311431
54823	0.0005772436661
54824	0.002757360747
54825	0.0005355412618
54826	0.0005837043307
54827	0.002381505749
54828	0.004698441939
54829	0.004229273415
54830	0.00334748144
54831	0.002048753087
54832	0.004025095042
54833	0.003823458107
54834	0.001710127723
54835	0.003917908755
54836	0.004356102367
54837	0.003225827008
54838	0.001778489156
54839	0.0006454576786
54840	0.005802283417
54841	0.001502001089
54842	0.004219930332
54843	0.0009416617989
54844	0.004840131407
54845	0.005222357018
54846	0.001754710209
54847	0.007506123052
54848	0.003057253718
54849	0.0007893896152
54850	0.002269821537
54851	0.004716604847
54852	4.297197682e-05
54853	0.0005756416751
54854	0.002062768332
54855	0.004079890457
54856	0.001503320064
54857	0.0003153781065
54858	0.002159169763
54859	0.003166786597
54860	0.0002310736324
54861	0.0005486140822
54862	0.0005979281022
54863	0.0004766965751
54864	0.002201189177
54865	0.0007499933049
54866	0.002878705128
54867	0.0002836657284
54868	0.006674412627
54869	0.00387323465
54870	0.004462214706
54871	0.001028282907
54872	0.0006520764625
54873	0.0005241447782
54874	0.0006177399998
54875	0.002965543296
54876	0.002685109043
54877	0.001772239102
54878	0.0005337349915
54879	0.00198951368
54880	0.0008222820159
54881	0.00061472175
54882	0.004585856541
54883	0.001802667949
54884	0.008273191711
54885	0.002833968863
54886	5.785985319e-05
54887	0.00130954345
54888	0.01198215623
54889	0.0002026564683
54890	0.0004053907499
54891	0.0008213304337
54892	0.001517701572
54893	0.0018396218
54894	0.003830649605
54895	0.001769937658
54896	8.345604369e-05
54897	0.001563759832
54898	0.0001579381296
54899	0.007345110571
54900	0.002913768698
54901	0.001469080222
54902	0.002742546719
54903	0.0004063919218
54904	0.001550902027
54905	0.005739234884
54906	0.002107978933
54907	0.0003059055618
54908	0.003126008432
54909	0.0009103383681
54910	0.0002857145544
54911	0.003553580072
54912	0.0003770475772
54913	9.986984998e-05
54914	0.001962441793
54915	0.0008153085279
54916	0.001219574612
54917	0.003795311773
54918	0.001123965763
54919	0.002117783562
54920	0.00356541086
54921	0.002476885138
54922	0.006692596512
54923	3.116773026e-05
54924	0.000230104198
54925	7.712787321e-05
54926	0.001190951238
54927	0.0007571742229
54928	3.701259684e-06
54929	0.0006862280726
54930	0.004980641319
54931	0.0003725157521
54932	0.001472015373
54933	0.0004204583092
54934	0.001750432047
54935	0.0003717214548
54936	0.0004988040075
54937	0.003405428284
54938	0.004661915706
54939	0.001649406873
54940	0.001348400843
54941	0.0004777737889
54942	0.002331653859
54943	0.001462346726
54944	0.002602643265
54945	0.0004586415657
54946	1.679347159e-05
54947	0.006701580669
54948	0.001918535896
54949	0.003507700211
54950	0.002140642324
54951	0.0016854061
54952	0.002105863646
54953	0.0003960452969
54954	0.001388336892
54955	0.001267325451
54956	0.0004885667103
54957	0.001756080188
54958	0.0005350705709
54959	2.878115805e-05
54960	0.0005782686299
54961	0.003032296458
54962	0.001181443066
54963	0.001698833053
54964	0.0004624904071
54965	0.002618227471
54966	0.0009335606779
54967	0.001959743201
54968	0.0007325634998
54969	0.003981488586
54970	0.0009507147505
54971	0.000314083236
54972	0.00354052627
54973	0.0001611726691
54974	0.004097583588
54975	0.001034996067
54976	0.00105157861
54977	0.0001052766873
54978	0.0001615856237
54979	0.0001181306486
54980	0.0001162603456
54981	0.0001466473525
54982	0.0003920702001
54983	0.0003584958855
54984	9.499615198e-05
54985	0.0004333029062
54986	2.844472798e-05
54987	0.0001719862035
54988	5.01058865e-06
54989	0.0001089110429
54990	0.0001658344286
54991	0.0002086613236
54992	0.00119393416
54993	0.000455473574
54994	7.602757324e-05
54995	0.0005955596754
54996	0.000528782015
54997	0.0002452200851
54998	0.001257203404
54999	0.0003077160314
55000	0.0004233493386
55001	0.0006741931791
55002	0.003421480321
55003	0.0007383572552
55004	0.004218311061
55005	0.001229838724
55006	0.004019277765
55007	0.001102109173
55008	0.001320588075
55009	0.00199915607
55010	0.004393880379
55011	0.001110761879
55012	0.001610179532
55013	0.003007627168
55014	0.001260857847
55015	0.000778399383
55016	0.003830799221
55017	0.0009046532887
55018	0.005236266865
55019	0.001962639732
55020	0.002444264641
55021	0.001630690637
55022	0.0009244899752
55023	0.004535352424
55024	0.00216406733
55025	0.0007679155261
55026	0.002009517501
55027	0.0008444546986
55028	0.00107309703
55029	0.003130631046
55030	0.0005032260029
55031	0.0008525373687
55032	0.008722714407
55033	0.0007436136475
55034	0.007847233222
55035	0.0004249468433
55036	0.001178120563
55037	0.000408975835
55038	0.0006374529194
55039	0.001969846499
55040	0.003535812819
55041	0.003075676804
55042	0.0009601094592
55043	0.003365400073
55044	0.003199194675
55045	0.0005555009408
55046	0.001153835885
55047	0.004963163311
55048	0.0007635004862
55049	0.0005580972183
55050	0.0005107172907
55051	0.006264365579
55052	0.002636669278
55053	0.001166559859
55054	0.0006861815596
55055	0.0005856674136
55056	0.002375954029
55057	0.0001547713038
55058	0.0008326112549
55059	0.004212859162
55060	0.0002331567771
55061	0.0009565344454
55062	0.0005257988653
55063	0.001355061412
55064	0.001688512085
55065	5.216046163e-05
55066	0.001823358338
55067	0.000938320036
55068	0.00826829352
55069	0.001929881646
55070	0.002083194145
55071	0.0002837571708
55072	0.001679945854
55073	0.0004590278389
55074	0.0002938276953
55075	0.001101264301
55076	0.003124315512
55077	0.0007290244563
55078	5.630901182e-05
55079	0.002347598577
55080	0.0007182806312
55081	0.000143767446
55082	0.0002072825608
55083	0.001794480567
55084	0.001511076973
55085	0.001238478721
55086	0.0007795772675
55087	0.0004936422212
55088	0.005938159671
55089	0.003967599729
55090	0.000117565551
55091	0.0005227237129
55092	0.001291650264
55093	0.0002801700672
55094	0.002671624597
55095	0.001083715956
55096	0.003952297158
55097	0.002254677198
55098	0.002182674089
55099	0.001727324606
55100	0.0004714345382
55101	7.429217972e-05
55102	0.002540623912
55103	0.002473564373
55104	0.0007328935516
55105	0.001080904631
55106	0.003679583327
55107	0.0001807688447
55108	0.001741234288
55109	0.001203322295
55110	0.001365036574
55111	0.002855082899
55112	0.002840991802
55113	0.001127038104
55114	0.003318762584
55115	0.003428044074
55116	0.002848925681
55117	0.0007172105304
55118	0.002540789459
55119	0.0004604979485
55120	0.001464782558
55121	0.0002737827398
55122	0.0002042612098
55123	0.0002255696822
55124	0.0009166105513
55125	0.002077838649
55126	0.001646467332
55127	0.002983489692
55128	0.001595261368
55129	0.001837719887
55130	0.002545035599
55131	0.0005404029124
55132	0.0009693397458
55133	0.0002770291309
55134	0.005251401075
55135	0.00127201733
55136	0.001970546002
55137	0.0007972446308
55138	0.003953489552
55139	0.0002351537472
55140	0.0002973285257
55141	0.001514478039
55142	0.005551946832
55143	0.003036935709
55144	0.0008317324836
55145	0.0003831161995
55146	0.0001494378665
55147	0.001004753097
55148	0.006291093286
55149	0.003564596131
55150	0.0009307981151
55151	0.004746520309
55152	0.0004392542307
55153	0.0008182586546
55154	0.004788788598
55155	0.006192163573
55156	0.00387408093
55157	7.418696493e-05
55158	0.002808382462
55159	0.002206716961
55160	0.005395651555
55161	6.069486915e-05
55162	0.0003493830695
55163	0.0003494608812
55164	0.0001321037615
55165	0.0005625722685
55166	0.0003254862815
55167	0.0004585076478
55168	0.005515853319
55169	0.001534483965
55170	0.002469782624
55171	0.0004698276469
55172	0.0009945760991
55173	0.0009327689563
55174	0.001156526904
55175	0.0006843156148
55176	0.002238512991
55177	0.000872808172
55178	0.0007441649178
55179	0.0002809097821
55180	0.001727620872
55181	7.096329866e-05
55182	0.0002461601806
55183	0.005395335879
55184	0.002050466026
55185	0.001096072775
55186	0.001882419187
55187	0.0003518697118
55188	0.002730426845
55189	0.0007552493332
55190	0.0007276403566
55191	0.001204445749
55192	0.0003483355543
55193	0.0007934566395
55194	0.0004193660447
55195	0.005332675043
55196	0.0001530053135
55197	0.001634668855
55198	0.002217259209
55199	0.001216032899
55200	0.0002902115219
55201	0.0003143621927
55202	0.00347187253
55203	0.001707404429
55204	0.002373117006
55205	0.001134535354
55206	0.0007042073681
55207	0.00676933552
55208	0.006832613214
55209	0.000614309226
55210	0.001123210067
55211	0.002295863844
55212	0.0001337331625
55213	0
55214	0.0006041621232
55215	0.001548855878
55216	0.002942264394
55217	0.002073956354
55218	0.0004816027194
55219	7.34187347e-05
55220	0.0001923262045
55221	0.001782967898
55222	0.0009565193467
55223	0.001973322873
55224	0.000489883596
55225	0.001936457319
55226	0.002009767723
55227	0.0004309805785
55228	0.0007939768186
55229	0.0003258694922
55230	0.0007514819082
55231	0.0005353334043
55232	0.00143296938
55233	0.0008390416221
55234	0.0004549698595
55235	0.00124350324
55236	0.0007802340706
55237	0.0006733155768
55238	0.002897999444
55239	0.002699721759
55240	0.0001227618956
55241	0.009855686746
55242	0.001392373223
55243	0.003319098127
55244	0.007088304346
55245	0.002973349845
55246	0.004585707512
55247	0.0002222629732
55248	0.003251305013
55249	0.0008035856123
55250	0.0004604464873
55251	0.002950884181
55252	0.001207928444
55253	0.004116409093
55254	0.001019698382
55255	0.002810858858
55256	0.003253388182
55257	0.0001911004092
55258	0.001531321917
55259	0.0003445983332
55260	0.001201348603
55261	8.614535204e-05
55262	0.001083786555
55263	0.0001109073486
55264	0.001519794167
55265	0.00198027427
55266	0.002681881158
55267	0.002884247633
55268	0.001959686842
55269	0.004297176228
55270	0.001600434919
55271	0.002367897532
55272	0.0006116523149
55273	0.005535429987
55274	0.001763881081
55275	0.001201311556
55276	0.004929156387
55277	0.002739217351
55278	0.002731181507
55279	0.002803772383
55280	0.002953242007
55281	0.0002373403604
55282	0.0007423830425
55283	0.001251807578
55284	1.209760899e-05
55285	0.001385473909
55286	0.002097433618
55287	0.001199685031
55288	0.0008456173165
55289	0.0003861348536
55290	0.0006545232081
55291	0.001025294105
55292	0.001065786311
55293	0.000724204389
55294	0.0004830533104
55295	0.0007380338019
55296	0.0007945611067
55297	0.002367462775
55298	0.0001783098994
55299	0.00106676947
55300	0.002084084802
55301	0.002237319264
55302	0.002085813182
55303	0.002147177495
55304	0.0002423865452
55305	0.004115593655
55306	2.741781402e-05
55307	8.746926514e-05
55308	9.946672348e-05
55309	4.572718897e-05
55310	0.001624863236
55311	0.0007859537875
55312	0.003700415796
55313	0.003358091137
55314	0.001344327848
55315	0.01259655945
55316	0.002192136672
55317	0.004607229325
55318	0.006294200375
55319	0.002440013623
55320	0.001384097011
55321	0.001425965146
55322	0.002499776706
55323	0.001879730515
55324	0.001319158823
55325	0
55326	0.001293881939
55327	0.0003765609639
55328	0.001223392325
55329	0.0007693548187
55330	0.000646873466
55331	0.004695663784
55332	0.001173680903
55333	0.001825312558
55334	0.001632136798
55335	0.002448192882
55336	0.000185997836
55337	0.003081340881
55338	0.002539937708
55339	0.003768262887
55340	0.002353651049
55341	0.001523638125
55342	0.0002322114555
55343	0.001241574087
55344	0.002293841374
55345	0.001008853159
55346	0.0007662712828
55347	0.004849222638
55348	0.002436473102
55349	0.007828821442
55350	0.001329007333
55351	0.001531093384
55352	0.005862720709
55353	0.004687319379
55354	3.202304506e-05
55355	0.002251323096
55356	0.003886592641
55357	0.003028721837
55358	0.00203270525
55359	3.02356569e-05
55360	0.0003270724623
55361	0.00013906781
55362	0.001139219978
55363	0.001984016527
55364	0.001303314868
55365	0.003346476245
55366	0.0004237865864
55367	0.00500639728
55368	0.0003598663254
55369	0.0008909732205
55370	0.002084213029
55371	0.002315496106
55372	0.001620501358
55373	0.002393415525
55374	0.0008088783452
55375	0.003724465381
55376	0.001275527247
55377	0.0003507896271
55378	0.003565723835
55379	0.00312381693
55380	0.0002542328685
55381	0.0002018494675
55382	0.0003518618661
55383	0.002095401209
55384	0.001296396586
55385	0.004081010378
55386	0.003406456707
55387	0
55388	0.003785305273
55389	0.0006911131868
55390	0.0004735237945
55391	0.0008262092928
55392	0.0006259102222
55393	0.001687096286
55394	0.0007659970251
55395	0.002832467939
55396	0.0002642039377
55397	0.0001105071523
55398	0.006342197594
55399	0.0002142687877
55400	0.002118326336
55401	0.002384024164
55402	0.001715415055
55403	0.001654967418
55404	0.001667877838
55405	0.003034632938
55406	0.001128463235
55407	0.0005112228354
55408	0.0005550041106
55409	0.00591577111
55410	0.009247902959
55411	0.00208748464
55412	0.005476008731
55413	0.002835529236
55414	0.001948430653
55415	0.0004560030387
55416	0.003706281601
55417	0.002366526706
55418	0.002009302015
55419	0.0001477767799
55420	0.001794360969
55421	0.0001043872586
55422	0.001340395559
55423	0.003091795813
55424	0.0004691092909
55425	0.004871159395
55426	0.0007946004009
55427	0.002956371668
55428	0.001760880008
55429	0.001810969801
55430	6.841113657e-05
55431	0.000353648428
55432	4.840494175e-05
55433	2.464489077e-05
55434	0.00427819885
55435	0.001189860485
55436	0.001372125237
55437	0.003717528663
55438	0.0008372655445
55439	0.0008404323365
55440	0.001637676519
55441	0.002961057168
55442	0.00304825029
55443	0.002670829811
55444	0.007715793481
55445	0.0002983228663
55446	0.002174865771
55447	0.002091639651
55448	0.0002892658994
55449	8.610410236e-05
55450	0.00209345529
55451	0.0005602252301
55452	0.007546064044
55453	0.001045761707
55454	0.001661217101
55455	0.001684887943
55456	0.0001398173029
55457	0.002383069136
55458	0.0008074682148
55459	0.00690138327
55460	0.0005588462575
55461	0.003064572699
55462	0.0008026287632
55463	0.003692919282
55464	2.336065463e-05
55465	0.002681954781
55466	0.001458490124
55467	0.00253661613
55468	0.002669479811
55469	0.001083399689
55470	0.0005305572969
55471	0.001066430991
55472	0.004129049376
55473	0.000651765238
55474	0.0002700662601
55475	0.001614887506
55476	0.0001163425612
55477	0.004394108535
55478	0.0001631595701
55479	0.0005545324924
55480	0.001887098976
55481	0.004083834578
55482	0.002135173276
55483	0.0003095940609
55484	0.002387005391
55485	0.00195314671
55486	0.002502031011
55487	0.0001924448383
55488	0.001542544744
55489	0.005251405642
55490	0.005657799075
55491	0.00200436401
55492	0.006016009009
55493	0.004257180906
55494	0.001619376798
55495	0.001706623634
55496	0.002011866461
55497	0.001493997942
55498	0.0004558315282
55499	0.0002794254735
55500	0.001847457379
55501	0.0005571373817
55502	0.001747031536
55503	0.000250716661
55504	0.000550600075
55505	0.0007650422836
55506	0.002530205448
55507	0.002856193459
55508	0.002244793992
55509	0.001130696551
55510	0.0002239954737
55511	0.0008452703375
55512	0.001687684848
55513	0.000151651439
55514	0.002634587788
55515	0.0005024153406
55516	0.001433298178
55517	0.003144519743
55518	0.0004262580855
55519	0.0004534525934
55520	0.001816200833
55521	0.005887053782
55522	0.0003292659956
55523	0.0008489305242
55524	0.002937948086
55525	0.001576767121
55526	0.001338318407
55527	0.0005464339983
55528	0.0009090085148
55529	0.0003584073543
55530	0.001469371945
55531	0.0002032189975
55532	4.710355296e-05
55533	0.0001515815569
55534	0.0004621702234
55535	0.001686670191
55536	0.0009789133776
55537	0.00260226276
55538	0.004477164288
55539	0.003164239437
55540	0.00216302071
55541	0.000420251536
55542	0.0006508962958
55543	0.00167296097
55544	0.0003583979292
55545	0.003058067773
55546	0.001807468422
55547	0.001778517679
55548	0.0002479542829
55549	0.002987453713
55550	0.00152559385
55551	0.0001324565765
55552	0.000198525546
55553	0.001250145737
55554	0.001230676421
55555	0.002027423186
55556	0.0004934697253
55557	0.0009424389398
55558	0.002036017638
55559	0.004580596177
55560	0.0007679024599
55561	0.002642355955
55562	0.001181484112
55563	0.004983901194
55564	0.002529091505
55565	0.001481621649
55566	0.0008153746904
55567	0.001730434449
55568	0.000858213624
55569	0.001706336412
55570	0.0003768511952
55571	0.003417224167
55572	0.004406569048
55573	0.002342727493
55574	0.001524792972
55575	0.0004569411916
55576	0.004301113244
55577	0.002825537883
55578	0.0001295008125
55579	0.0002137171941
55580	0.003154190971
55581	0.0007594641144
55582	0.000256664803
55583	0.0002626733132
55584	0.001812962071
55585	0.002081763783
55586	0.0009634528854
55587	0.003935388947
55588	0.004285023546
55589	0.00328209151
55590	0.0004822071085
55591	0.000858478708
55592	0.0007378804529
55593	0.002558927052
55594	0.006897683734
55595	0.005590215679
55596	0.004839061642
55597	0.006601992366
55598	0.0005864622789
55599	0.001501182517
55600	0.002822777635
55601	0.002586380484
55602	0.003741665711
55603	0.003072552601
55604	0.002817340201
55605	0.001710366754
55606	0.002385159871
55607	0.0006016002381
55608	0.001073266652
55609	0.001848735113
55610	0.00167826219
55611	0.0001395825537
55612	0.0003088939599
55613	0.0001253788255
55614	1.308515661e-05
55615	0.0003905719698
55616	9.799097416e-05
55617	3.44913824e-05
55618	0.0002333669984
55619	0.002312678566
55620	0.001932749222
55621	0.002428514447
55622	0.001205683943
55623	0.0001358592326
55624	0.0008995382469
55625	0.002253392427
55626	0.0001676382576
55627	0.0012678736
55628	0.001541193005
55629	0.003044027805
55630	0.004243260839
55631	0.002258491546
55632	0.00125875855
55633	0.001372727177
55634	0.0005331399947
55635	0
55636	0.004012834676
55637	0.0006708367243
55638	0.0007834886189
55639	0.001308765296
55640	0.00103439507
55641	0.0008711070837
55642	0.000651569165
55643	0.0004707150469
55644	0.007570830976
55645	0.005529284967
55646	0.001931863516
55647	0.001569304062
55648	0.0003182068594
55649	0.0004331967544
55650	0.0006637004208
55651	0.0007357388924
55652	0.008132337965
55653	7.496530431e-05
55654	1.284541966e-05
55655	0.00173025228
55656	0.00245814117
55657	0.002051417635
55658	0.002029697834
55659	0.004119374183
55660	0.001712094214
55661	5.086789356e-05
55662	0.002395059252
55663	0.003575148674
55664	0.0008289260337
55665	0.0007952136284
55666	0.004477027649
55667	0.001754833304
55668	0.001386690349
55669	0.002340451937
55670	0.0004495167536
55671	0.003462456789
55672	0.001932202701
55673	2.57004219e-05
55674	0.000206640074
55675	0.0002579227477
55676	0.0008320484058
55677	0.002020783688
55678	0.0006302590988
55679	0.001322134109
55680	0.0009990033115
55681	0.0002174612235
55682	0.002086106763
55683	0.0002592904316
55684	8.241338705e-05
55685	0.002647411149
55686	0.0003790049458
55687	0.000531735872
55688	0.001923705849
55689	0.002695850218
55690	0.001001548273
55691	0.003320313839
55692	0.001998842939
55693	0.0009690787404
55694	0.006569740665
55695	0.002693307728
55696	0.003658769555
55697	0.0006252735854
55698	0.005386031221
55699	0.0001492646679
55700	0.0008002649948
55701	0.001930078729
55702	0.002674415137
55703	0.0009129656419
55704	0.0004705490701
55705	0.004729641474
55706	0.000816518148
55707	0.0005370320541
55708	0.0006839145727
55709	0.004183495121
55710	0.000136447553
55711	0.0002218707575
55712	0.002867439767
55713	0.007295635815
55714	0.0009560142443
55715	0.0005114173312
55716	0.001167647158
55717	0.001493338365
55718	0.004035212126
55719	0.001746541211
55720	0.004331148849
55721	0.004789500554
55722	0.002472625437
55723	0.0009306284998
55724	0.001806518169
55725	0.0003509360363
55726	0.004057818926
55727	0.00108990805
55728	0.001301702004
55729	0.00110017708
55730	0.001009193351
55731	0.0008478760778
55732	0.0003146749028
55733	0.0001565770901
55734	0.00433486234
55735	0.001782503414
55736	0.0006429310562
55737	0.0006095314491
55738	0.001787726395
55739	0.004300392452
55740	0.003102729322
55741	0.0006324423381
55742	0.002903879692
55743	0.001150122111
55744	0.005931494134
55745	0.000792065207
55746	5.477718509e-05
55747	0.001482485335
55748	0.0004472839124
55749	0.002869327318
55750	0.004357281824
55751	0.00581185463
55752	0.001034568375
55753	0.005490585674
55754	0.00258523757
55755	0.00302634306
55756	0.00577585447
55757	0.00281758251
55758	0.006072275516
55759	0.00385491574
55760	0.003531577799
55761	0.000467954539
55762	0.003471733509
55763	0.004984930872
55764	0.00268132754
55765	0.004149481297
55766	0.0005682013316
55767	0.003913749603
55768	0.001988129995
55769	0.0006653440835
55770	0.001668455743
55771	0.0002973638055
55772	0.0005820701189
55773	8.318198676e-05
55774	0.0001006193269
55775	0.001873012684
55776	0.002074033264
55777	0.0009226273207
55778	0.0007476813912
55779	0.002573738291
55780	0.002581546543
55781	0.003571591078
55782	0.003109320454
55783	0.003525088065
55784	0.002271381914
55785	0.0005049287175
55786	0.0003904113455
55787	0.0001791244812
55788	0.01006914145
55789	0.002354848388
55790	0.00157071184
55791	0.003565005239
55792	0.005427548003
55793	0.004327644605
55794	0.0002977678508
55795	0.003112854948
55796	0.005677337447
55797	0.001099934845
55798	0.002719665078
55799	0.002693046257
55800	0.002472409172
55801	0.002960600198
55802	0.003009020209
55803	0.0005354293323
55804	0.004699840915
55805	0.001208396233
55806	0.0002680929194
55807	0.0007232099003
55808	0.0004560715264
55809	0.005238338484
55810	0.0003660743337
55811	0.0007447175304
55812	0.001176786927
55813	0.0016681668
55814	0.00200938324
55815	0.003078117195
55816	0.001554771948
55817	0.004001868317
55818	0.002470877846
55819	0.001241463907
55820	0.000293347138
55821	0.006902495156
55822	0.0004609602323
55823	0.002384836126
55824	0.0003694155663
55825	0.003938008801
55826	0.001751425742
55827	0.0001054200651
55828	0.0006907245457
55829	0.0006520923039
55830	0.003042132312
55831	0.006855670679
55832	0.005915420294
55833	0.002249768194
55834	0.002497255803
55835	0.0005083584289
55836	7.231088317e-05
55837	0.001325221186
55838	0.001354931528
55839	0.0009587098039
55840	0.0009019404267
55841	0.0001547525784
55842	5.038771701e-05
55843	0.0005125071525
55844	0.001796136926
55845	0.001497822837
55846	0.0007822349859
55847	0.00237233678
55848	0.002348807926
55849	0.002095689505
55850	0.00155078585
55851	0.003296171051
55852	0.0005035187709
55853	0.002207126895
55854	0.003375326447
55855	0.002123620033
55856	0.0001407678689
55857	0.001305991963
55858	0.002135677042
55859	1.740985734e-06
55860	0.00450570172
55861	0.0009628400592
55862	0.001383252721
55863	0.0007065833589
55864	0.000677412184
55865	0.0005334412691
55866	0.0012835429
55867	0.001117955178
55868	0.00146339721
55869	0.0006987701325
55870	0.006225603927
55871	0.0001095996303
55872	0.0001126542945
55873	0.002899762254
55874	3.067981855e-05
55875	0.0006147624231
55876	0.001017423956
55877	0.002408794819
55878	0.0042974202
55879	0.0003895311192
55880	0.002394274489
55881	0.0003867526736
55882	0.001595075402
55883	0.007276277516
55884	0.0009371129294
55885	0.002105246195
55886	0.004452611973
55887	0.00636171763
55888	0.0005025781517
55889	0.0004668829874
55890	0.0005259454192
55891	0.0007200950128
55892	0.000130895022
55893	0.00529030824
55894	0.003896268782
55895	0.001398607288
55896	0.002577511544
55897	0.0002210360557
55898	0.001827833166
55899	0.001615928869
55900	0.006663237278
55901	0.005655489256
55902	0.001129190455
55903	0.0006270927196
55904	9.560621768e-05
55905	0.0001061795771
55906	0.0008886773485
55907	0.0007459278668
55908	0.002828237158
55909	0.0009375512311
55910	0.0002154111223
55911	0.001378542333
55912	0.001278754895
55913	0.001781542807
55914	0.003532465182
55915	0.004819445473
55916	0.0004279848193
55917	0.0005252740114
55918	0.001222726283
55919	0.002389240681
55920	0.0007007027737
55921	0.001412127848
55922	0.001148955092
55923	0.0006122154853
55924	0.001546263565
55925	0.001308419218
55926	0.001471857364
55927	0.000408540421
55928	0.002158204778
55929	0.00174951112
55930	0.0006535145543
55931	0.000479365779
55932	0.001709352843
55933	0.001805076057
55934	0.0001432258386
55935	0.001527054275
55936	0.00167803326
55937	0.000542849918
55938	6.689103356e-05
55939	0.001728094242
55940	0.0008644673848
55941	0.001334512799
55942	0.004937170845
55943	0.002812475645
55944	0.001306971887
55945	0.001644034856
55946	8.620060273e-05
55947	0.0003270086889
55948	0.001403991624
55949	0.0007491374143
55950	0.001043749251
55951	0.001889380344
55952	0.002607143103
55953	0.001584257447
55954	0.001346235786
55955	0.001709374812
55956	0.0006330186619
55957	0.0001872554364
55958	0.001820163157
55959	0.002212179346
55960	3.71108245e-05
55961	0.0002141088219
55962	0.004421099258
55963	0.006198224926
55964	0.002585612817
55965	0.002531747316
55966	0.002418468573
55967	0.001173453955
55968	0.0001002682996
55969	0.00402205695
55970	0.0001075818614
55971	0.0003042243782
55972	0.0005081454652
55973	0.001905607987
55974	0.0009764893343
55975	8.830982499e-05
55976	0.0002284761924
55977	0.003999567528
55978	0.001022104936
55979	0.001203305602
55980	0.00148585983
55981	0.002387059592
55982	0.005690954639
55983	0.003014133647
55984	0.005529627946
55985	0.002628748805
55986	0.000985133823
55987	0.000439539955
55988	0.001587548015
55989	0.0006768308526
55990	0.001280234482
55991	0.003744123257
55992	0.0006093813514
55993	0.0008150069809
55994	0.00124260496
55995	0.002442641032
55996	0.004812329818
55997	0.0024226575
55998	0.002575587414
55999	0.002483620172
56000	0.002257457442
56001	0.0002605716781
56002	0.002201477169
56003	0.001438204051
56004	0.0009632689519
56005	0.002936272163
56006	0.002444740615
56007	0.001173453319
56008	0.002344256239
56009	0.001777832772
56010	0.0007590882748
56011	0.00353784442
56012	0.003222496238
56013	0.002543167645
56014	0.0005995852326
56015	0.0001428333222
56016	0.002388101397
56017	0.001494070685
56018	0.00311261214
56019	0.0005260317311
56020	0.0005297217131
56021	0.0003636961862
56022	0.00253905383
56023	0.00217439988
56024	0.001195588631
56025	0.001012797645
56026	0.0002714200692
56027	0.003369519667
56028	0.003293928496
56029	0.0009443965116
56030	0.002591384196
56031	0.004963508796
56032	0.000319356447
56033	0.0006369370202
56034	0.001278106972
56035	0.002829432352
56036	0.003064488552
56037	0.003286932809
56038	0.005623240119
56039	0.0009102156859
56040	0
56041	0.000473203829
56042	0.0009478998986
56043	0.0005871754306
56044	0.00389391319
56045	0.001111201396
56046	0.0009326524479
56047	0.0002579855949
56048	0.003023320128
56049	0.0001886407739
56050	0.001706067166
56051	0.00384839939
56052	0.001949192329
56053	0.001548676147
56054	0.0007458158371
56055	0.001724733217
56056	0.002543199684
56057	0.002814888829
56058	0.0004497298363
56059	0.004036711519
56060	0.001647708612
56061	0.001386718803
56062	0.002997812125
56063	0.0009268774903
56064	0.003143518922
56065	0.002286514593
56066	0.004381398429
56067	0.001848145562
56068	0.002250899676
56069	0.001803346179
56070	0.00174823276
56071	0.001028896835
56072	0.0006740566405
56073	0.002682518439
56074	0.0008896153272
56075	0.003257437041
56076	0.0004851587244
56077	0.00033587377
56078	0.0004749900328
56079	0.004241730017
56080	0.001153682241
56081	0.002297249853
56082	0.001229874084
56083	0.0006821197642
56084	0.001361933618
56085	0.002096637762
56086	0.000452976282
56087	0.0003476787856
56088	0.001555429654
56089	0.001867475135
56090	0.003278106611
56091	0.000376167914
56092	0.005257783402
56093	0.001351522479
56094	0.002325975046
56095	0.001026638861
56096	0.00143442548
56097	0.0003874370906
56098	0.000524180978
56099	0.001104933928
56100	0.001408391508
56101	0.002115130152
56102	0.001164008876
56103	0.001751540321
56104	0.001789710303
56105	0.0007272061568
56106	0.001612677294
56107	0.001774590691
56108	0.001065688081
56109	0.001697522431
56110	0.0002059333349
56111	0.002983042348
56112	0.002100659276
56113	0.0001940679088
56114	0.000267414931
56115	0.000209676456
56116	0.000744155375
56117	0.0009103321307
56118	0.0003647349767
56119	0.004499573345
56120	0.001778053277
56121	0.0004254539515
56122	0.0008382982488
56123	0.002072797105
56124	0.00393326976
56125	0.003978868246
56126	0.001302671868
56127	0.0006400926087
56128	0.00436006031
56129	0.00265518989
56130	0.002482324806
56131	0.0004080230306
56132	0.0027039865
56133	0.002129823366
56134	0.0001851605217
56135	0.002413594133
56136	5.443655525e-05
56137	0.0003189563468
56138	0.007614073431
56139	0.0003553763365
56140	0.004846942441
56141	6.575872005e-05
56142	0.0003394120885
56143	0.002562127834
56144	0.001543840652
56145	0.001540603763
56146	1.317812063e-05
56147	0.0001046268854
56148	0.0005556915302
56149	0.0006906952488
56150	0.002401894471
56151	0.0007679391717
56152	0.00141439537
56153	0.0004356716713
56154	0.001719478613
56155	2.619772735e-08
56156	0.0002022068753
56157	0.0006525947668
56158	0.005652762436
56159	0.001452539506
56160	0.001576296421
56161	0.003037247139
56162	0.002226807861
56163	0.003356193837
56164	0.0006243484996
56165	0.0005759248884
56166	0.004427275448
56167	0.0002375049766
56168	0.001986008978
56169	0.0004625802418
56170	0.0006559305282
56171	0.002861855645
56172	0.0004193930833
56173	0.001009041613
56174	0.0001839716811
56175	0.00179874961
56176	0.003126469932
56177	0.0007650638992
56178	0.00126487001
56179	0.002716101171
56180	0.002054603325
56181	0.001120057073
56182	0.001168075987
56183	0.003829277779
56184	0.00109271533
56185	0.001371240995
56186	0.00617354714
56187	0.001604076152
56188	0.0003628017334
56189	0.001003935785
56190	0.0005281818479
56191	0.0006425498137
56192	0.001212541212
56193	0.004221173613
56194	0.001919738227
56195	0.005780159511
56196	0.0009346385987
56197	0.0009974006375
56198	0.0008177418778
56199	0.005720649896
56200	0.003755893749
56201	0.0006493165325
56202	0.001152939634
56203	0.00164454884
56204	0.002875214008
56205	0.0003468255021
56206	0.0001401907991
56207	0.001145150731
56208	0.000231165557
56209	0.002920932716
56210	0.003002538755
56211	0.003116268224
56212	0.0003184319403
56213	0.0003082436409
56214	0.0008345021269
56215	3.170742644e-06
56216	0.00184207649
56217	0.003377262455
56218	0.0006003721081
56219	0.001642875583
56220	0.0001083952446
56221	0.0001919402513
56222	0.002063025603
56223	0.003578517189
56224	0.003766730846
56225	0.002642761305
56226	0.001314418457
56227	0.001589868997
56228	0.004079631206
56229	0.0003568777343
56230	0.005230990348
56231	0.0003555275202
56232	0.001858530162
56233	0.002043688218
56234	0.0005930068987
56235	0.001445524901
56236	0.003326678692
56237	0.0007898501441
56238	0.0004823748311
56239	0.002300359261
56240	0.0004606308159
56241	0.0001687602358
56242	0.001926975358
56243	0.0003723166367
56244	0.0008896476998
56245	0.0003476177688
56246	0.0006730259503
56247	0.0006239519066
56248	0.001169862664
56249	4.766379933e-05
56250	2.380609209e-05
56251	0.0007641627115
56252	8.051381742e-05
56253	0.0001182921977
56254	0.001247157286
56255	0.0003583866257
56256	0.0006476086136
56257	9.414690904e-05
56258	0.00172347418
56259	0.0009153696074
56260	0.005155808515
56261	0.00011128662
56262	0.003919497261
56263	0.004374627183
56264	0.001627221111
56265	0.001743139911
56266	0.001207713975
56267	0.0009080981702
56268	0.0009909303886
56269	0.001547077794
56270	0.000391814472
56271	0.003823309794
56272	0.0001687399337
56273	0.0001490998798
56274	0.000154947562
56275	1.968304978e-05
56276	0.00155144489
56277	0.0008487368075
56278	0.001355340701
56279	0.002072586208
56280	0.004538369074
56281	0.0009953676707
56282	0.001264489789
56283	0.001309797021
56284	0.001220539122
56285	7.059933018e-05
56286	0.001166802607
56287	0.001071042148
56288	0.0001658395173
56289	0.001396676341
56290	0.001116951603
56291	0.001423686733
56292	0.0110639007
56293	0.004744069041
56294	0.001578971017
56295	0.0002921557922
56296	0.002141590167
56297	0.004653997029
56298	0.001295256912
56299	0.0005899402825
56300	0.002226794538
56301	0.0001539303368
56302	0.001421047735
56303	0.00127942686
56304	0.0003466837341
56305	0.00151755661
56306	0.001038718711
56307	0.001692144627
56308	0.001542171438
56309	0.001321893211
56310	0.001078361891
56311	0.0001659097627
56312	0.0004148633065
56313	1.015746706e-07
56314	0.0005335687471
56315	0.0001409129728
56316	0.0005759669723
56317	2.289392516e-05
56318	0.002284355779
56319	0.002959651888
56320	0.001749519958
56321	8.268529163e-05
56322	0.001900898961
56323	0.0004782228065
56324	0.003847017097
56325	0.001615759231
56326	0.001068804467
56327	0.00471407369
56328	0.001834480976
56329	0.002894934947
56330	0.001857848909
56331	0.0004326583688
56332	0.002987030765
56333	0.0002501888988
56334	0.005111051692
56335	0.001536480787
56336	0.002230871403
56337	0.002600127449
56338	0.003534661319
56339	0.0009360168623
56340	0.00403259248
56341	0.005751012171
56342	0.001409789169
56343	0.005105416368
56344	0.0005233237263
56345	0.001821637315
56346	0.0006164317525
56347	0.005153319494
56348	0.001675235624
56349	0.004376158834
56350	9.487076656e-05
56351	0.003470304308
56352	0.005313024249
56353	0.001744811952
56354	0.003961049755
56355	0.003305588779
56356	0.002207759639
56357	0.004914215982
56358	0.0001721685696
56359	0.003497682523
56360	1.946426978e-06
56361	0.003617539314
56362	0.0009854794035
56363	0.001082103615
56364	0.0003027512121
56365	0.002211534116
56366	0.0002454731264
56367	0.002512527959
56368	0.002305200265
56369	0.003772942435
56370	0.001314670902
56371	0.00093878626
56372	0.001212096588
56373	0.001917747794
56374	0.0005002368874
56375	0.0003584856397
56376	0.0003124875187
56377	0.0002383349652
56378	0.0005690008557
56379	0.001728659848
56380	0.005213830566
56381	0.001582651027
56382	0.002626980758
56383	0.001350077595
56384	0.002014358587
56385	0.002980334319
56386	0.001016652634
56387	0.005639432763
56388	0.004762390859
56389	0.002319201656
56390	0.001274727648
56391	0.004405893117
56392	0.001457945024
56393	0.001534995421
56394	0.004361953372
56395	0.002329722387
56396	0.005573098069
56397	0.00472890475
56398	0.005233645071
56399	0.001587850304
56400	0.0015445314
56401	0.003778793212
56402	0.001680295118
56403	0.005585956955
56404	0.001996560193
56405	0.003810351842
56406	0.001200126973
56407	0.0003755120434
56408	0.002405450927
56409	0.001237800311
56410	0.001010632785
56411	0.001007009377
56412	0.002983734338
56413	0.001368212439
56414	0.001161142474
56415	0.0003387080627
56416	0.000831763536
56417	0.0003128873191
56418	0.0003286364449
56419	0.001014257096
56420	0.001458088194
56421	0.000129604012
56422	0.0007690361473
56423	0.0003386675888
56424	8.735872194e-05
56425	0.005497672448
56426	0.0009231583614
56427	0.006855330385
56428	0.001115551529
56429	0.001764178286
56430	0.001825051369
56431	0.0007271480403
56432	0.001808596183
56433	0.008588404997
56434	0.002869470034
56435	0.002125013379
56436	0.00262037217
56437	0.004254337904
56438	0.001874873559
56439	0.0006460848078
56440	0.003302391214
56441	7.592468017e-07
56442	0.003033222328
56443	0.000318457075
56444	0.0005935457016
56445	0.003583597928
56446	3.513040766e-06
56447	0.0008031999619
56448	7.782274443e-05
56449	0.002550722482
56450	0.002527470812
56451	0.0007540301865
56452	0.0003958505572
56453	0.00138088934
56454	0.0006838974289
56455	0.00157649336
56456	0.000425506176
56457	0.003567341924
56458	0.009766809695
56459	0.0004094084265
56460	0.005579342627
56461	0.00408109819
56462	0.0007507606401
56463	0.001744342292
56464	0.001328699097
56465	0.0008119845984
56466	0.0002609518199
56467	0.00206556668
56468	9.206815262e-05
56469	0.002575147746
56470	0.000415246026
56471	0.001246776012
56472	0.0004108520319
56473	0.006544683009
56474	0.00498083797
56475	0.00253699522
56476	0.0002751002184
56477	0.00257859054
56478	0.0007574422939
56479	0.0006856995863
56480	0.0003519858708
56481	0.0004511081852
56482	0.0008790758644
56483	0.001346148081
56484	0.0002762422232
56485	0.001385657137
56486	5.888139293e-05
56487	0.002338204855
56488	0.007642419615
56489	0.003410316083
56490	0.0001272572979
56491	0.00558841607
56492	0.0006764139876
56493	0.0004504829281
56494	7.173083784e-05
56495	0.0003252474067
56496	0.00150749892
56497	0.001314211809
56498	0.0004149532417
56499	0.0007426988679
56500	0.0001643690048
56501	0.0008781992087
56502	0.0008123852566
56503	0.0005570510489
56504	0.002457859054
56505	0.0009032062138
56506	0.0004369857435
56507	0.003973813672
56508	0.0001723341778
56509	0.002801531541
56510	0.001799933458
56511	2.990671483e-05
56512	2.552936647e-05
56513	0.006770841821
56514	0.001567120547
56515	9.690081183e-05
56516	6.02786669e-05
56517	0.0003811749471
56518	0.001099901783
56519	0.0004879450793
56520	0.0007604839663
56521	0.0004816416488
56522	0.002488207682
56523	0.00124853527
56524	0.00112008585
56525	0.002711353531
56526	0.00172616423
56527	0.005148582472
56528	0.00239025807
56529	0.0002581331167
56530	0.000586740412
56531	0.0002732329104
56532	0.001821822396
56533	0.0003157592058
56534	0.000248531845
56535	0.0002084245574
56536	0.0009645661691
56537	0.001869345209
56538	0.001858089334
56539	0.002594453873
56540	0.00536722775
56541	0.0007136569104
56542	0.0001189726628
56543	0.0006836980847
56544	0.000822162513
56545	0.001041627553
56546	0.0007473521693
56547	0.0005911956644
56548	0.004075591294
56549	0.001861803084
56550	0.007483258386
56551	0.0002813144734
56552	0.001525343288
56553	0.0008139315889
56554	0.0006392128308
56555	0.001032017182
56556	0.001713054623
56557	0.0009639624079
56558	0.001893698942
56559	0.001250050557
56560	0.000823841805
56561	0.002686760881
56562	0.003487138591
56563	0.001567292782
56564	0.0002679513958
56565	0.002414332563
56566	0.0008538492275
56567	0.003250221082
56568	0.002523976641
56569	0.0007347239753
56570	0.0002882223977
56571	0.002103423772
56572	0.001007646624
56573	0.00140716752
56574	0.003198502124
56575	0.002329701938
56576	0.0006941440601
56577	0.0003570243593
56578	0.001655491899
56579	0.0003742490462
56580	0.0005530675765
56581	0.0001403214163
56582	0.0008674570221
56583	0.004409181983
56584	0.0002095939209
56585	0.001117640953
56586	0.001264208813
56587	0.0009616886118
56588	0.0009841676654
56589	1.111905164e-05
56590	0.0004366388974
56591	0.0004930042736
56592	5.433231045e-05
56593	0.000245187298
56594	0.0002926769891
56595	0.0008044966602
56596	0.0003057542863
56597	0.0008931877636
56598	0.0002533129853
56599	0.004414492224
56600	0.0001430399925
56601	0.0006762287342
56602	0.0001002375807
56603	0.0008142196854
56604	0.001631583056
56605	0.000465947385
56606	8.111628705e-05
56607	0.002257492689
56608	0.0004874448941
56609	0.0008223650086
56610	0.0003005279711
56611	0.0008250806961
56612	0.000151797702
56613	0.0003482471652
56614	0.0003469585292
56615	0.0004436084076
56616	0.002050859231
56617	0.0009057466193
56618	0.001732840838
56619	0.0007004592201
56620	0.0003499236967
56621	0.002504654838
56622	0.001700933084
56623	0.001968614686
56624	0.00436394515
56625	0.003257887867
56626	0.0005362688787
56627	0.0009505678084
56628	0.002238820625
56629	0.005693095824
56630	0.0006799096061
56631	3.904062327e-05
56632	0.003218882767
56633	0.0002844215099
56634	0.0002237299587
56635	0.0004494944414
56636	0.002790234442
56637	0.002675990997
56638	0.001863052447
56639	0.004713630156
56640	0.002455527043
56641	0.001240793783
56642	0.004112541703
56643	0.001464181923
56644	0.001817072617
56645	0.005774886368
56646	0.00049082429
56647	0.002370920369
56648	0.001277474777
56649	0.001749959165
56650	0.005676965068
56651	0.002952938589
56652	0.00289643239
56653	0.001614753495
56654	0.0009982737981
56655	0.0009726237419
56656	0.004460295312
56657	8.286704211e-05
56658	0.002583567161
56659	0.0001445215902
56660	0.0004810412961
56661	0.001374404996
56662	0.003299212289
56663	0.0008024999484
56664	0.0001087895388
56665	2.894116832e-05
56666	0.002700867773
56667	0.004763212292
56668	0.006965290936
56669	0.005417794197
56670	0.001421392949
56671	0.001562330784
56672	0.002199092917
56673	0.001385332813
56674	0.00149991197
56675	0.001048532361
56676	0.001110221394
56677	0.0008670352752
56678	0.0007805004305
56679	0.001771592525
56680	0.006693820532
56681	0.004541575498
56682	0.0025471178
56683	0.003634791755
56684	0.003642739457
56685	0.003283836391
56686	0.001303089296
56687	0.006184449082
56688	0.0009194778491
56689	2.35192077e-05
56690	8.71244678e-05
56691	0.0007104256539
56692	0.00252345472
56693	0.001565171331
56694	0.004304507116
56695	0.0009915101483
56696	0.00211179532
56697	0.001902346627
56698	0.002404069936
56699	0.001620107501
56700	0.006306812028
56701	0.009125763166
56702	0.001810202123
56703	0.0003354415038
56704	0.001339934295
56705	0.001072356166
56706	0.0005873113591
56707	0.004865767855
56708	0.003928295657
56709	0.003726133386
56710	0.0007171469893
56711	0.000309285147
56712	0.001432097287
56713	0.001832181282
56714	0.0009741716031
56715	0.005891928403
56716	0.002464683841
56717	0.0004106132966
56718	0.002832878339
56719	0.0006792720228
56720	0.008626053125
56721	0.001880016502
56722	0.001068175179
56723	0.001375879302
56724	0.004662160573
56725	0.004009400023
56726	0.0008376980146
56727	0.002258975802
56728	0.004008269972
56729	0.006750078931
56730	0.002136356367
56731	0.001182337078
56732	0.0001989566542
56733	0.0002374536574
56734	0.003871272468
56735	0.004575988241
56736	0.001688829331
56737	0.005231396072
56738	0.00330547776
56739	0.002820141643
56740	0.008068744315
56741	0.002003315631
56742	0.001960776141
56743	7.2386538e-05
56744	0.0001769178421
56745	0.004259134972
56746	0.004815764263
56747	0.00116394415
56748	0.001265518195
56749	0.001157636627
56750	0.001224719268
56751	0.002035872779
56752	0.004781404817
56753	3.847944702e-05
56754	0.003591619918
56755	0.0004602101136
56756	0.002422656009
56757	0.001428306126
56758	0.001374923329
56759	0.0001221547795
56760	0.0001183988253
56761	0.00734211333
56762	0.005509027228
56763	0.005394742717
56764	0.000340964256
56765	0.005004555035
56766	0.0004963141905
56767	0.006880894489
56768	0.002589463682
56769	0.0003011747495
56770	0.001705432553
56771	0.004507977277
56772	0.005364922336
56773	0.004304114388
56774	0.002563060539
56775	0.001923899897
56776	0.003871263904
56777	6.1725967e-05
56778	0.0057394728
56779	0.0007779600237
56780	0.001819735222
56781	0.003282050591
56782	0.0005146407225
56783	0.0006963737243
56784	0.000536177522
56785	0.0002858712751
56786	0.004302084428
56787	0.0003939072582
56788	0.001231187093
56789	0.001408738529
56790	0.0009503173077
56791	0.001454593778
56792	0.0005951709973
56793	0.0005638687878
56794	1.478688407e-05
56795	0.004931309786
56796	0.003623063497
56797	0.002525270274
56798	0.009896727509
56799	0.003995288796
56800	0.004007300653
56801	0.001774166491
56802	0.002362725943
56803	0.006121056829
56804	0.003021557395
56805	9.606244858e-05
56806	0.002878393669
56807	0.001777238548
56808	0.003873120569
56809	0.0004865979282
56810	0.002646049708
56811	0.003976017134
56812	0.0004399216627
56813	0.004226759041
56814	0.0005330829488
56815	0.002084355672
56816	0.005546735668
56817	0.001504873264
56818	0.0005029089063
56819	0.0009154791198
56820	0.0009142450704
56821	0.001301424231
56822	0.00018406898
56823	0.00110389749
56824	0.001214587411
56825	0.002182526082
56826	0.0006582788034
56827	0.0002745985866
56828	0.002252434618
56829	0.0003124341876
56830	8.963150413e-05
56831	0.002764353112
56832	0.0009858142674
56833	0.002144498744
56834	0.002522252987
56835	0.0009065040134
56836	0.002188491902
56837	0.002033774039
56838	0.002548478577
56839	0.002178437944
56840	0.001937076586
56841	0.003283256613
56842	0.00016777372
56843	0.001817013676
56844	0.005929189237
56845	0.0004249030051
56846	0.001593743707
56847	0.003297783269
56848	0.002032269475
56849	0.003868529685
56850	0.001488454991
56851	0.002564657411
56852	0.0010796687
56853	0.001006738495
56854	0.00212677523
56855	0.001405714781
56856	0.005404341563
56857	0.003004692036
56858	0.002751140747
56859	0.001815423162
56860	0.001685404575
56861	0.006467360212
56862	0.003802421771
56863	0.002115193851
56864	0.001339247483
56865	0.0004592145284
56866	0.001529403023
56867	0.0006426722379
56868	0.001108311256
56869	0.001034107568
56870	0.003469567512
56871	0.0008786205981
56872	0.0003995811185
56873	0.0007681941834
56874	6.586231284e-05
56875	0.00271847812
56876	0.0008520372616
56877	0.00133658267
56878	0.0003531592338
56879	0.0004715086373
56880	0.003707067123
56881	0.003188192559
56882	0.0007099988985
56883	0.001531107768
56884	0.00155198048
56885	0.006277655679
56886	0.00165085163
56887	0.002267910549
56888	0.006716502725
56889	0.003440454211
56890	0.004129633009
56891	0.003356725729
56892	0.007046846968
56893	0.002560891506
56894	0.002743976037
56895	0.003115613725
56896	0.002963216454
56897	3.389623062e-05
56898	0.001233855441
56899	0.0002266889796
56900	0.001821962615
56901	0.004626069038
56902	0.003665379721
56903	0.0007518898832
56904	0.00018070991
56905	0.0007083171943
56906	0.003176716827
56907	0.0007239147941
56908	0.002693069727
56909	0.004566732106
56910	0.002030508861
56911	0.004536819067
56912	0.006084789868
56913	0.002395350033
56914	0.001935304984
56915	0.001731788557
56916	0.003746572269
56917	0.001178759695
56918	0.0001193317084
56919	0.001374020483
56920	0.002419334941
56921	0.001352704529
56922	0.00194725829
56923	0.007392298944
56924	0.002744220257
56925	0.001378603108
56926	0.001043043796
56927	0.002119492254
56928	0.001545291884
56929	0.0004895118606
56930	0.002170209153
56931	0.002456156981
56932	6.44005258e-05
56933	0.003062558136
56934	0.0005373004936
56935	0.002383536212
56936	0.001368988747
56937	0.0009646269969
56938	0.005021888937
56939	0.004546831683
56940	0.0003139405822
56941	0.000270655517
56942	0.003219068033
56943	0.004121997134
56944	0.002205751166
56945	0.003219301998
56946	0.002904542271
56947	0.001877083629
56948	0.0006998471819
56949	0.007258899317
56950	0.002668546946
56951	0.003226898503
56952	0.003389606636
56953	0.006558492623
56954	0.001674569663
56955	0.005558919217
56956	0.003581744881
56957	0.00130040959
56958	0.002596605587
56959	0.004710893106
56960	5.111310427e-05
56961	0.001298340728
56962	0.0004166911537
56963	0.004199011708
56964	0.002942871367
56965	0.0009292728605
56966	0.0004074248717
56967	0.004481967102
56968	8.278112512e-05
56969	0.005081103858
56970	0.004300791534
56971	3.825601763e-05
56972	0.003227614994
56973	0.007616176638
56974	0.002297715245
56975	0.002343084191
56976	0.002023283678
56977	0.002080549218
56978	0.003456690312
56979	0.0007236708881
56980	9.406771053e-05
56981	0.002983314545
56982	0.0008479258217
56983	0.001871852234
56984	9.130307006e-05
56985	0.00203025251
56986	0.001656247718
56987	0.00175877181
56988	0.001279198516
56989	0.001268158479
56990	0.0006210696391
56991	0.003405313478
56992	0.0002258806591
56993	0.0007512919193
56994	0.002308632806
56995	0.001209405245
56996	0.0004612560675
56997	4.873501244e-05
56998	0.0005942767304
56999	0.0008145958782
57000	0.0002006163558
57001	0.0005072810683
57002	0.001780794616
57003	0.0005134213615
57004	0.003291223581
57005	0.000231073867
57006	0.001787562315
57007	0.002401378547
57008	0.001140194654
57009	0.002966750504
57010	8.011746792e-05
57011	0.0007614285004
57012	0.0002698688976
57013	0.00278758343
57014	0.0007471349683
57015	0.001421162575
57016	3.463595454e-05
57017	0.005262990279
57018	0.003478208858
57019	0.003873628003
57020	0.002782984293
57021	0.0003060407392
57022	0.003922399266
57023	1.083240103e-05
57024	0.001864765086
57025	0.001703401635
57026	0.003116315067
57027	6.95908851e-05
57028	0.001061358576
57029	0.001891193729
57030	0.004081697239
57031	0.0001174141163
57032	0.0003177792168
57033	0.001347095001
57034	0.001196854578
57035	0.002111206192
57036	0.005321905459
57037	0.0009645230311
57038	0.006116902046
57039	0.0002116207358
57040	0.003580804964
57041	0.003981099735
57042	0.001859719477
57043	0.002814037265
57044	0.0005815595889
57045	0.002919346563
57046	0.001226625873
57047	0.00174035957
57048	0.0007775270217
57049	0.00219648219
57050	0.002164560052
57051	0.003800995977
57052	0.0003155518161
57053	0.000722858102
57054	0.0004793573091
57055	0.0010458125
57056	0.002282858856
57057	0.001025468647
57058	0.002875260239
57059	0.004373447629
57060	1.867648198e-05
57061	0.003305467833
57062	0.0001330695194
57063	0.004159732332
57064	0.004814153418
57065	0.002719923607
57066	0.00156502016
57067	0.001318423151
57068	0.004497861515
57069	0.0002134297284
57070	0.001385310553
57071	0.0002961940077
57072	0.0003908447312
57073	0.001122410877
57074	0.0002925716839
57075	0.00247664694
57076	0.0001747051027
57077	0.001860548915
57078	0.0006300512956
57079	0.002360095707
57080	0.00255990876
57081	0.001986291823
57082	0.001980339453
57083	0.003557382368
57084	0.005208493203
57085	0.006594561314
57086	0.001848749397
57087	0.007421093531
57088	0.003696222079
57089	0.0001999043341
57090	0.003727517392
57091	0.003724897582
57092	0.0008211336424
57093	3.429479443e-05
57094	0.0005425285818
57095	0.005348462897
57096	0.001374964773
57097	0.0007988674155
57098	0.003658729986
57099	0.001373318896
57100	0.004053357117
57101	0.001238460694
57102	0.002349082901
57103	0.003684440307
57104	0.00162608717
57105	0.0004708237098
57106	0.0007148098417
57107	0.0006297407528
57108	0.001195235061
57109	0.009513595822
57110	0.0001704507051
57111	0.009205443708
57112	0.002278975197
57113	0.000815574661
57114	0.0001082806634
57115	0.001196658935
57116	0.0006995677225
57117	0.001444815882
57118	0.003062508811
57119	0.001747433465
57120	0.004944308518
57121	0.0002848818066
57122	0.002340678001
57123	0.0004593233056
57124	0.00516838983
57125	0.003911929487
57126	0.002718441442
57127	0.003568668029
57128	0.001245509525
57129	0.003384323755
57130	0.0005306991824
57131	0.005535639204
57132	0.002329774843
57133	0.004014468013
57134	0.001993247924
57135	0.001583783578
57136	0.0001544260187
57137	0.004857083297
57138	0.001153470785
57139	0.001913112699
57140	0.001731951501
57141	0.004759526844
57142	0.003568813863
57143	0.000862722047
57144	0.002586953864
57145	0.002370558405
57146	0.002298701705
57147	0.0002027697446
57148	0.001072083958
57149	0.0003839395474
57150	0.00487748473
57151	0.005893440024
57152	0.0009493219677
57153	0.001138591305
57154	0.0001246105997
57155	0.001919872032
57156	0.004482645685
57157	0.004469337912
57158	0.003386894442
57159	0.001525093232
57160	0.002876710857
57161	0.0004408889433
57162	2.033456969e-06
57163	0.007406670914
57164	0.002540214563
57165	7.464132506e-06
57166	0.0002215564751
57167	0.002313070207
57168	0.000498078819
57169	0.003274137841
57170	0.001185796805
57171	0.000915061607
57172	0.0009318675388
57173	0.0006196012268
57174	0.003415291894
57175	0.00110083815
57176	0.001398796002
57177	0.0008029956654
57178	0.00182615152
57179	0.003527711618
57180	0.00410344323
57181	0.001259502829
57182	0.006482075273
57183	0.002880487943
57184	0.002333621011
57185	0.004133346177
57186	0.001922673337
57187	0.0007842491447
57188	0.0006035237477
57189	0.002493639056
57190	0.0004894907216
57191	0.002545374156
57192	0.0006036921899
57193	0.001041015416
57194	1.544139465e-06
57195	0.004773818018
57196	0.001352792444
57197	0.002652112365
57198	0.00062332783
57199	0.003762879866
57200	0.001657660012
57201	0.0008381519822
57202	0.000581146199
57203	0.007755634906
57204	0.001187497821
57205	0.0005003658218
57206	0.003743712666
57207	0.001505382871
57208	0.0001594749771
57209	0.001701520496
57210	0.0008102622066
57211	0.0004358532728
57212	0.0002178275721
57213	0.001451170306
57214	0.000548136967
57215	0.0003043829769
57216	0.002379075592
57217	0.0006416136737
57218	0.003131093946
57219	0.0007398804356
57220	0.002992962461
57221	0.0004347289161
57222	0.001495806877
57223	0.000684079171
57224	0.003527871163
57225	0.0007295306514
57226	0.003985287608
57227	0.005770577042
57228	0.0004462130973
57229	0.0009700948555
57230	0.002268228073
57231	0.0007674158326
57232	0.001568241093
57233	0.003976112614
57234	0.0002895565933
57235	0.003823382635
57236	7.918238577e-05
57237	0.001863052746
57238	0.00186208297
57239	8.887115384e-05
57240	0.001928728115
57241	0.004584682325
57242	0.0009450465732
57243	0.001313462081
57244	0.000665071283
57245	0.0003277156425
57246	0.0002856323343
57247	0.003312404046
57248	0.005503586435
57249	0.001102943758
57250	0.001135876829
57251	0.00125173507
57252	0.002868280248
57253	0.003531793494
57254	0.002382148541
57255	0.0004609182571
57256	0.002710654876
57257	0.001931043769
57258	0.001268880683
57259	0.001754415139
57260	0.001409563509
57261	0.002123425997
57262	0.003243535108
57263	0.000556431292
57264	0.0006326284668
57265	0.001934360801
57266	0.001755677528
57267	0.001977607164
57268	0.0008934058465
57269	0.002477834165
57270	0.0009196589685
57271	0.008558519164
57272	0.002889228436
57273	0.00320000567
57274	0.002379885755
57275	0.001021296834
57276	9.485961075e-05
57277	0.001675937844
57278	0.002156138824
57279	0.0006870664127
57280	0.001715016847
57281	0.004113261063
57282	0.002344547033
57283	0.002081215862
57284	0.0036724669
57285	0.0002949678177
57286	0.003900495826
57287	0.0005835538665
57288	0.001833425148
57289	0.0004662354225
57290	0.003224250445
57291	0.0009007080889
57292	0.001079500568
57293	0.0006417962712
57294	0.002629481675
57295	0.001472924282
57296	0.00983440698
57297	0.001627642091
57298	0.005694105922
57299	0.004120934446
57300	0.001259469841
57301	0.002841426754
57302	0.0007874835106
57303	0.0002730253075
57304	0.0009867769196
57305	0.002568554715
57306	0.0007632179424
57307	0.002986177397
57308	0.0008784484808
57309	0.00270691875
57310	0.003069845296
57311	0.00192633346
57312	0.0003106507053
57313	0.005600739369
57314	0.0007822156077
57315	0.003041936089
57316	0.0009758826135
57317	0.002950951522
57318	0.002284873799
57319	0.003005165874
57320	0.002050866705
57321	0.00261905128
57322	0.00120556562
57323	0.0001869818452
57324	0.0006447006731
57325	0.002199634964
57326	0.00560132989
57327	0.001952597552
57328	0.00228735201
57329	0.0006650636425
57330	0.000239347086
57331	0.002010202791
57332	0.00308347242
57333	0.0005960516013
57334	0.001143535686
57335	0.0006485932149
57336	0.002537458665
57337	0.001491519327
57338	0.003615446825
57339	0.0001616447022
57340	0.001097514825
57341	0.0007732988295
57342	0.001122598805
57343	0.001043409152
57344	0.0008562211111
57345	0.0001758580889
57346	0.003417786838
57347	0.002876339779
57348	0.002245935273
57349	0.001429055703
57350	0.0004614777562
57351	0.001299861895
57352	0.0002210206173
57353	0.001327049307
57354	0.002274488124
57355	0.0002047879123
57356	0.0009794604049
57357	0.002295479487
57358	0.001914262977
57359	0.001178815227
57360	0.003484957507
57361	0.003287840288
57362	0.001822123565
57363	0.0001621832386
57364	0.00189132785
57365	0.002382288077
57366	0.001439882099
57367	0.002634591893
57368	0.0009001716938
57369	0.001463988815
57370	0.001768422855
57371	0.001289518872
57372	0.001876468895
57373	3.308565067e-05
57374	0.0008051935592
57375	0.0001492923078
57376	0.001205411517
57377	0.0009118981613
57378	0.003513222152
57379	0.001679274176
57380	0.0003601491585
57381	0.0003001618222
57382	0.00196553073
57383	0.0004471526553
57384	0.004140676949
57385	0.00124811954
57386	0.001707708414
57387	0.00189152448
57388	0.006348697265
57389	0.000446679429
57390	0.003095242372
57391	0.0007199693129
57392	0.001461706166
57393	0.0003376410923
57394	0.001449420996
57395	0.006032458763
57396	0.002075641482
57397	1.043760234e-05
57398	0.005665440799
57399	0.0008098522169
57400	0.001750788903
57401	0.005722444599
57402	0.005183994866
57403	0.002124209176
57404	0.0009268396559
57405	0.0004608125845
57406	0.0005385537136
57407	0.001656916464
57408	0.001342675153
57409	0.001600851258
57410	0.002192417689
57411	0.001787371368
57412	0.002224384642
57413	0.00692934896
57414	0.0006223991219
57415	0.0006955952279
57416	0.007569363611
57417	0.007568207659
57418	0.0008699557134
57419	0.001825827099
57420	0.003332743418
57421	0.003098365382
57422	8.334232808e-05
57423	0.001201399377
57424	0.006886683593
57425	0.002184214903
57426	0.001539078574
57427	0.001077893598
57428	1.043760234e-05
57429	0.005850026482
57430	0.001780741181
57431	0.0005143559505
57432	0.003300819174
57433	0.003845389069
57434	0.00321707661
57435	0.001824156662
57436	0.006439378927
57437	0.002975481437
57438	0.004338492599
57439	0.002631492054
57440	0.004871824667
57441	0.0007512391237
57442	0.001878389514
57443	0.003824631656
57444	0.0009268754248
57445	0.004018748886
57446	0.001335261287
57447	0.006194556867
57448	0.006225913462
57449	0.002577397929
57450	0.006638388576
57451	0.00489885492
57452	0.001776759153
57453	0.002779654685
57454	0.001622795833
57455	0.004097827664
57456	0.003608795283
57457	0.001272849828
57458	0.0002458055384
57459	0.002669707785
57460	0.002110252815
57461	0.001754492093
57462	0.0008113621167
57463	0.004257653478
57464	0.004003074362
57465	0.001764079487
57466	0.003287626223
57467	0.002022373011
57468	0.002233779232
57469	0.0006645711258
57470	0.004227233124
57471	0.002378986428
57472	0.0009400093961
57473	0.0002008996777
57474	0.0003194133996
57475	0.0003489237248
57476	0.003110632782
57477	1.641147391e-05
57478	0.002010387652
57479	0.001873342878
57480	0.000163802407
57481	0.005216313258
57482	0.001056777788
57483	0.0001505005806
57484	0.002017027142
57485	0.006344642244
57486	0.001119375883
57487	0.003455938027
57488	0.0009190715781
57489	0.005321036877
57490	0.00159202257
57491	0.003099412944
57492	0.0005946174605
57493	0.006685383863
57494	0.00146490681
57495	0.000200708828
57496	0.001698048299
57497	0.001332809701
57498	0.001346533174
57499	0.002812406898
57500	0.001942423947
57501	0.0009551905979
57502	0.0006058382512
57503	0.003986503365
57504	0.0004101782044
57505	0.001808496916
57506	0.001892436355
57507	0.007045682856
57508	0.0007548324559
57509	0.001086942999
57510	0.002928473936
57511	0.0005047758295
57512	0.002401218724
57513	0.001113561649
57514	0.0005556855277
57515	0.000703337114
57516	0.001718240005
57517	4.907838523e-05
57518	0.005965094296
57519	0.002139852606
57520	0.002161842779
57521	0.0002375006558
57522	0.0006136052594
57523	0.001374265044
57524	0.001268900188
57525	0.003298700209
57526	0.00147239743
57527	0.001109215276
57528	0.003703815913
57529	0.006279076017
57530	0.002209831465
57531	0.001141364499
57532	0.0007626081478
57533	0.003851205509
57534	0.005426244326
57535	0.001232398519
57536	5.410475159e-05
57537	0.001303147714
57538	0.001711091476
57539	0.001325127492
57540	0.002701635026
57541	0.0006081363942
57542	0.005540643406
57543	0.001567722985
57544	0.0009683474612
57545	0.002475560176
57546	0.002006258015
57547	0.004948344741
57548	0.0002790867114
57549	0.0001442690077
57550	0.001250998281
57551	0.007201646467
57552	0.005132935395
57553	0.003793100908
57554	0.0005417173039
57555	0.003426637461
57556	0.0004750246824
57557	0.007375146501
57558	0.006552415984
57559	0.001389351453
57560	0.0008994313298
57561	0.0003200704996
57562	0.001252496036
57563	0.003047156746
57564	0.0008062035885
57565	0.003873583526
57566	0.001764817211
57567	0.0003843198881
57568	0.005117191581
57569	0.001928074531
57570	0.002186059589
57571	0.000883866016
57572	0.001509271229
57573	0
57574	0.0002594276852
57575	0.005568569621
57576	0.003096380079
57577	0.00289903416
57578	0.004663096946
57579	0.001786261163
57580	0.005314976521
57581	0.001386103165
57582	0.001295802433
57583	0.001016552168
57584	0.0001985294881
57585	0.003890048257
57586	0.006482268118
57587	0.0005338883098
57588	0.002325867874
57589	0.004504512921
57590	0.001671678762
57591	0.0001486681828
57592	0.002560888648
57593	0.01204434933
57594	0.002137519398
57595	0.000284088265
57596	0.001682677307
57597	0.005487329246
57598	0.0008944160858
57599	0.003631020886
57600	0.002187292741
57601	0.006850926201
57602	0.005818734518
57603	0.002683419914
57604	0.002447302664
57605	0.00181453419
57606	0.001993848696
57607	0.0003140052257
57608	0.002730658778
57609	6.132932498e-05
57610	0.002754329084
57611	0.001595418403
57612	0.000658881073
57613	0.0002826812191
57614	0.004325706365
57615	0.0001570396013
57616	0.001898838264
57617	0.0001658022743
57618	0.0006719894285
57619	0.00421817423
57620	0.004013511569
57621	0.0008424615367
57622	0.001187106654
57623	0.0001640385603
57624	0.0009698053311
57625	0.002715130998
57626	0.005018479174
57627	0.0009295755012
57628	0.004481737986
57629	0.002980032715
57630	0.0006207299239
57631	0.0006874551476
57632	0.0001465316777
57633	0.003413373605
57634	0.003230690047
57635	0.002134479979
57636	0.001027910576
57637	0.005487011464
57638	0.002374837511
57639	0.004428405449
57640	0.001600771143
57641	0.001847906409
57642	0.000882063063
57643	0.0007770867066
57644	0.0009425137158
57645	6.263683494e-05
57646	0.0004540041417
57647	0.001564445026
57648	0.003827842392
57649	0.0058476823
57650	0.001080294318
57651	0.004857706139
57652	0.0004454026342
57653	0.0005240755558
57654	0.0002615498929
57655	0.003501491988
57656	0.0009072159313
57657	5.942709964e-07
57658	0.004155839058
57659	0.0007391662092
57660	0.002179179417
57661	0.0005498184517
57662	0.003165901067
57663	0.001003013523
57664	0.003540004525
57665	0.0003149208617
57666	0.001869890828
57667	0.002673133009
57668	0.001396943436
57669	0.004609519902
57670	0.0007793346915
57671	0.003045455509
57672	0.001706828999
57673	0.001934195696
57674	0.006375256613
57675	0.002058921464
57676	0.00296744949
57677	0.004063734198
57678	0.0006156897824
57679	0.0004864800595
57680	0.0006557817162
57681	0.002257197376
57682	0.006128215542
57683	0.0008452692547
57684	0
57685	0.00190997334
57686	0.003970173862
57687	0.003181187435
57688	0.002037356272
57689	0.003571295586
57690	0.002561793602
57691	0.0003518712368
57692	0.002974541105
57693	0.0004648492957
57694	0.0006322181071
57695	0.001386986948
57696	0.00369874966
57697	0.0005567461946
57698	0.004882226873
57699	0.002993179346
57700	0.001207920203
57701	0.0002507882064
57702	0.002497081835
57703	0.002842957448
57704	0.0007592107323
57705	0.00235042151
57706	0.00100913445
57707	0.002104918309
57708	0.003239620514
57709	0.00202960697
57710	0.004302284496
57711	0.002547029435
57712	9.232444984e-06
57713	0.002467827019
57714	0.006764007799
57715	0.002194487939
57716	0.0003392940091
57717	0.002560163863
57718	0.002649767466
57719	0.0003698625594
57720	0.0008094926058
57721	0.003908008407
57722	0.0008782651738
57723	0.0001346461316
57724	0.003002613873
57725	0.002661892034
57726	0.001803479682
57727	0.0005784098669
57728	0.0009150994547
57729	0.0002113314848
57730	0.002502217051
57731	0.005323686245
57732	0.003093444744
57733	0.001354135899
57734	0.000294454859
57735	0.002676581752
57736	0.002704473188
57737	0.0009925848113
57738	0.003244719984
57739	0.004534598651
57740	0.003140503786
57741	0.0003837614093
57742	0.003345400443
57743	0.001294738456
57744	0.001561686852
57745	0.001265372191
57746	0.0006862578338
57747	1.201177249e-05
57748	0.0006233797848
57749	0.001071404122
57750	0.00256337266
57751	0.001322537116
57752	0.0001033892363
57753	0.0001293563508
57754	0.0003114252953
57755	0.002033314263
57756	0.003952631846
57757	0.00629151161
57758	0.00227419404
57759	0.002465713214
57760	0.002038378826
57761	0.0001070923819
57762	0.001380143884
57763	7.316300083e-05
57764	0.001349363112
57765	0.0006773865652
57766	0.001701839679
57767	9.34128347e-05
57768	0.006908452565
57769	0.0008071081056
57770	0.002180834566
57771	0.001579117056
57772	0.005959660044
57773	0.003389832247
57774	0.0003666395589
57775	0.0006510036124
57776	0.0007276869218
57777	0.0008223755054
57778	0.0009630833004
57779	0.0009189961456
57780	0.006661126818
57781	0.004287353061
57782	0.0004455247408
57783	0.003724067678
57784	2.03173264e-05
57785	0.0001702724384
57786	0.001508540357
57787	0.0004690600041
57788	0.0008130499476
57789	0.001495816057
57790	0.0004460495592
57791	0.00185330798
57792	0.00331932494
57793	0.001041652858
57794	0.0009986508526
57795	4.756942615e-05
57796	0.002194612179
57797	0.00320370054
57798	0.001568767242
57799	0.004719877202
57800	0.001945750604
57801	0.0001472671472
57802	0.0003384208623
57803	0.005447044842
57804	0.001974309319
57805	0.002124398983
57806	0.0001992302279
57807	0.00031465106
57808	0.005140376223
57809	0.0008517771303
57810	0.001130285575
57811	0.0006361851783
57812	0.00193230496
57813	0.0003372093181
57814	0.003303686071
57815	0.0001672126166
57816	0.008217255445
57817	0.0001804050962
57818	0.0008201747541
57819	0.001343009325
57820	0.005754545859
57821	0.002519659913
57822	0.002457656692
57823	0.004191018672
57824	0.0004817974579
57825	0.001268400125
57826	0.00181865226
57827	0.002334100985
57828	0.001042649839
57829	0.0054587137
57830	0.002044017613
57831	0.0008344915622
57832	0.0002966552617
57833	0.003883123106
57834	0.0009554820377
57835	0.002468292695
57836	0.002619425206
57837	0.001306419904
57838	0.0004787321999
57839	0.001898695417
57840	0.0007170019326
57841	0.001071092338
57842	0.002004343113
57843	0.000630028982
57844	0.001641650111
57845	0.001707209216
57846	0.003410089846
57847	0.001989696165
57848	0.000176470686
57849	0.0001575759324
57850	0.003924641079
57851	0.002797858759
57852	0.002088296896
57853	0.003202670902
57854	0.0007894537694
57855	0.007629827595
57856	0.002129208369
57857	0.002121634282
57858	0.002337049919
57859	0.0007036952559
57860	0.002623124351
57861	0.001368159267
57862	0.004769375964
57863	0.0009731140262
57864	0.000251609029
57865	0.002630725005
57866	0.009448435543
57867	0.002415781483
57868	0.0003881200071
57869	0.001778605794
57870	0.0003267656878
57871	0.006807612781
57872	0.003712679093
57873	0.001740692437
57874	0.00334678263
57875	0.001261806285
57876	0.0009066764389
57877	0.00709928621
57878	0.0003793574798
57879	0.0002683753866
57880	0.002138716376
57881	0.004241578891
57882	0.0004611459696
57883	0.001899010542
57884	0.003666354245
57885	0.003866503236
57886	0.001457569415
57887	0.0004466836532
57888	0.001561236122
57889	0.003114475615
57890	0.005758264677
57891	0.002456420394
57892	0.0008205643202
57893	0.00381698645
57894	5.639452775e-05
57895	0.005748638829
57896	0.00380632729
57897	0.002947632816
57898	0.004326038324
57899	0.005858634524
57900	0.0003621063943
57901	0.0008678253233
57902	0.00304279639
57903	0.003800527772
57904	0.001896506832
57905	0.0004471344664
57906	0.003872421548
57907	0.0004316263145
57908	0.0006087943254
57909	0.001531370726
57910	0.0006541228948
57911	0.003259230894
57912	0.0001426175992
57913	0.001156352201
57914	0.0003753990602
57915	0.002291784366
57916	0.0003227211945
57917	0.0004356425146
57918	0.006892031932
57919	0.002663618247
57920	0.004263523712
57921	0.0007263373141
57922	0.000944923203
57923	0.003638625537
57924	0.002200037851
57925	0.003242397954
57926	0.002397516929
57927	0.003461557201
57928	0.0002580181022
57929	0.000432514505
57930	0.001310050623
57931	0.001370813809
57932	0.004304233284
57933	0.0008206590983
57934	0.002036643003
57935	0.001082141944
57936	0.0003688308462
57937	0.001417809461
57938	8.200016357e-06
57939	0.0004749951581
57940	0.004548624359
57941	0.002153722384
57942	0.001645484503
57943	0.002087227918
57944	6.580553816e-05
57945	0.001848574341
57946	0.0003326810379
57947	0.0004738393101
57948	0.001551077923
57949	0.008246980888
57950	0.003344806043
57951	0.001523673468
57952	0.0006487852858
57953	0.0009041689277
57954	0.006454786299
57955	0.0004557294971
57956	0.002219911283
57957	0.0001586301232
57958	0.001839026734
57959	0.001163662527
57960	0.001825339509
57961	0.001341445487
57962	0.001614226092
57963	0.001402374623
57964	0.0009017208308
57965	0.0006601891665
57966	0.002080798249
57967	0.006613957895
57968	0.0009211372475
57969	0.0014616522
57970	0.004760130812
57971	0.002716387355
57972	0.003663546203
57973	0.0001107354091
57974	0.004780469611
57975	0.005304679424
57976	0.003539498832
57977	0.0001536378006
57978	0.001686647017
57979	0.001130574897
57980	0.0007845980969
57981	0.003092632584
57982	0.006271525779
57983	0.0002784971041
57984	0.0008105784882
57985	0.0003122524239
57986	0.001684579154
57987	0.0009931903209
57988	0.003978616494
57989	0.002770725776
57990	0.002791476062
57991	0.0001400878131
57992	0.005754501325
57993	0.004372933073
57994	0.002190575627
57995	0.006001396921
57996	0.0001567746239
57997	0.004104836175
57998	0.008496022064
57999	0.005096903703
58000	0.001086393395
58001	0.00481968497
58002	5.80288698e-05
58003	0.0004593298709
58004	0.002992038461
58005	0.0006809863558
58006	0.000840512368
58007	0.0007062455494
58008	0.00263655946
58009	0.003476722177
58010	0.0003005353907
58011	0.001000096454
58012	0.001196181746
58013	0.0009124178439
58014	0.002169354544
58015	0.001519901174
58016	0.002839666511
58017	0.008610353693
58018	0.0008067807091
58019	0.001620937578
58020	0.003049802799
58021	0.0004894279784
58022	0.005345120992
58023	0.0006519385927
58024	0.0003874411517
58025	0.002598849646
58026	0.00251339744
58027	0.005005504349
58028	0.00103118929
58029	0.0006517420077
58030	0.0004204049569
58031	0.001214690995
58032	2.228117526e-06
58033	0.001409690764
58034	0.00294291686
58035	0.002135347897
58036	0.002965257147
58037	0.002945945803
58038	0.002850341324
58039	0.00412512164
58040	0.002447464822
58041	0
58042	0.002711352926
58043	0.001017799644
58044	0.003419003143
58045	0.001953885687
58046	0.005413416291
58047	0.001264846221
58048	0.000156367633
58049	0.005519964628
58050	0.003609212138
58051	0.00141902406
58052	0.002307947688
58053	0.004615951003
58054	0.007633810888
58055	0.001602597286
58056	0.001224571171
58057	0.002853788705
58058	0.003058274561
58059	0.0002776798758
58060	0.0007069668664
58061	0.003246691958
58062	0.001563176941
58063	0.002187379907
58064	0.00114894469
58065	0.006411674481
58066	0.0006451501025
58067	0.001917121578
58068	0.002743839734
58069	0.002364968523
58070	0.0002822183503
58071	0.002184903129
58072	0.0004681156443
58073	0.001482720868
58074	0.001604569756
58075	0.000285317719
58076	0.0001692824246
58077	7.597176881e-05
58078	0.002845846074
58079	0.0004687946783
58080	0.006632129637
58081	0.0002068055133
58082	0.0004667388688
58083	0.0008780105785
58084	0.004768171728
58085	0.003132049792
58086	0.001344830072
58087	0.003619077216
58088	0.000412722109
58089	0.003982720031
58090	0.002786037697
58091	3.969656007e-06
58092	0.000644504691
58093	0.0009563405191
58094	0.0007155477322
58095	0.005406078264
58096	0.001264984852
58097	0.007844773106
58098	0.001890788506
58099	8.438719647e-05
58100	0.0006527857679
58101	0.003304082588
58102	0.001567622551
58103	0.0009047805395
58104	0.0007995386117
58105	0.003463330171
58106	0.0002793650908
58107	0.001161675486
58108	8.26165989e-05
58109	0.00379242765
58110	0.001574919184
58111	8.23317298e-05
58112	0.001686130249
58113	0.002050928406
58114	0.001983914551
58115	0.0005805537667
58116	0.0001628609899
58117	0.001647578979
58118	0.0006032900777
58119	0.0006546901105
58120	0.002424541432
58121	0.0001457195537
58122	0.001796722598
58123	0.0001515527205
58124	0.0003039201465
58125	0.002092318193
58126	0.0007099611185
58127	0.0003154110858
58128	0.0002094553211
58129	0.00286966167
58130	0.001179584779
58131	0.0005025425347
58132	0.000510714951
58133	0.002490305746
58134	0.001026084786
58135	0.004508759821
58136	0.001988346245
58137	0.004966442042
58138	0.001235249792
58139	0.003266533084
58140	0.003293594757
58141	0.001988824522
58142	0.0001502094769
58143	0.001165878325
58144	0.003103670563
58145	0.002517466185
58146	0.002807380018
58147	0.004110020641
58148	0.00560012941
58149	0.0001426142054
58150	0.001926392433
58151	0.004095899787
58152	0.003665648942
58153	0.001079464456
58154	0.0004922118559
58155	0.001970098465
58156	0.002751580738
58157	0.00188769146
58158	0.0002496726053
58159	0.006180864795
58160	0.0026281954
58161	0.00171479044
58162	0.0006730574224
58163	0.007155771372
58164	0.0006035638414
58165	0.007155058259
58166	0.0001895850277
58167	0.001416877156
58168	0.001263023456
58169	0.0002930016146
58170	0.001544059113
58171	0.001597915525
58172	0.001268480587
58173	0.001547091325
58174	0.01160174541
58175	0.000889567556
58176	0.001859203162
58177	0.0007218920703
58178	0.003888777275
58179	0.001817677516
58180	0.0008846270392
58181	0.001385687381
58182	0.007137713301
58183	0.001804816829
58184	0.0003205056805
58185	0.001099228275
58186	0.003242449164
58187	0.002855531182
58188	0.00395307069
58189	0.0006311955684
58190	0.004945508833
58191	0.002184150919
58192	0.0021898356
58193	0.001239499601
58194	0.001561020623
58195	0.0032202699
58196	0.0009976382314
58197	0.000876567693
58198	0.001958074816
58199	0.0002713613782
58200	0.0001438420646
58201	0.002755557706
58202	0.002480963098
58203	0.0001898584281
58204	0.0004779882172
58205	0.004311023264
58206	0.003904165311
58207	0.003273721995
58208	3.904198808e-05
58209	7.936781393e-05
58210	8.312855922e-05
58211	0.0006695828592
58212	0.003252956336
58213	0.0009255993702
58214	0.0003026167797
58215	0.003959397165
58216	0.003258739612
58217	0.003019702614
58218	0.001077657997
58219	0.0003288272207
58220	3.425272078e-05
58221	7.583520138e-05
58222	0.004297766921
58223	0.004411117805
58224	0.002182250863
58225	0.0001216457877
58226	0.001076447175
58227	0.004381926879
58228	0.005384928646
58229	0.001299354188
58230	0.0003733574222
58231	0.001327818339
58232	0.003059721729
58233	0.0013177126
58234	0.006251577764
58235	0.001680851986
58236	0.000813202634
58237	3.921592461e-05
58238	0.002054704157
58239	0.00140002372
58240	0.001471489689
58241	0.0008714530362
58242	0.001850885167
58243	0.001267614805
58244	0.003711978445
58245	0.000486425889
58246	0.0002254810773
58247	0.003230592599
58248	0.001011500533
58249	0.002614862103
58250	0.0001150431238
58251	0.0004476127614
58252	0.001657693659
58253	0.00156979995
58254	0.003520230749
58255	6.930750673e-05
58256	0.000969132895
58257	0.002320023899
58258	0.001866699949
58259	0.001656125868
58260	0.002492612224
58261	0.003951720222
58262	0.007019657827
58263	0.004557030331
58264	0.0006226698665
58265	0.001753163369
58266	0.000143580626
58267	0.0007567582775
58268	0.0008421064297
58269	0.000156366141
58270	0.001187617362
58271	0.001938205732
58272	0.006662405762
58273	0.00231192863
58274	0.0006322759307
58275	0.003779816027
58276	0.002686234126
58277	0.002114405591
58278	0.003461492959
58279	0.0003615504836
58280	1.043760234e-05
58281	0.00196657836
58282	0.0005343685469
58283	0.0005879958978
58284	0.004243263721
58285	0.001168735143
58286	0.001063056116
58287	0.002132734765
58288	0.003813462711
58289	0.001433861055
58290	0.001177723971
58291	0.0009110500242
58292	0.0008948103954
58293	0.0005988645178
58294	0.002949978216
58295	0.009193206368
58296	0.002273102671
58297	0.002501923796
58298	0.002923090064
58299	0.001705765903
58300	0.001320140875
58301	0.00105989152
58302	0.00179483107
58303	0.001753893619
58304	0.003168625761
58305	0.0006212103484
58306	0.000174833684
58307	0.001699363322
58308	0.0002685332601
58309	0.000832233469
58310	0.001304008594
58311	0.0007879675596
58312	0.0001552913631
58313	0.002252136964
58314	0.000291427948
58315	0.003425692763
58316	0.003500932803
58317	0.0004753674327
58318	0.001575361173
58319	0.0005036065405
58320	0.00114073965
58321	0.00173438395
58322	0.005934643733
58323	0.003832790945
58324	0.002059527581
58325	0.0008564031748
58326	0.0008730716507
58327	0.001948308145
58328	0.001519998328
58329	0.001278925091
58330	5.308376572e-05
58331	5.790056667e-05
58332	0.0003932951398
58333	0.00222500379
58334	0.001527891629
58335	0.005459385812
58336	0.004370165568
58337	0.002608757453
58338	0.0001883341008
58339	0.00117506646
58340	0.001061345396
58341	0.003309634583
58342	0.0002797781867
58343	0.002732467793
58344	0.002510267086
58345	0.005301331137
58346	0.003552337795
58347	0.0007546402175
58348	0.00223251581
58349	0.002086653881
58350	0.003286800695
58351	0.005850621735
58352	0.002812004165
58353	0.001347278515
58354	0.002881829081
58355	0.0008536843554
58356	0.002087843413
58357	0.0003508711553
58358	0.0001363612812
58359	0.0007826612398
58360	0.0006088659338
58361	0.002491218474
58362	0.0006137506577
58363	0.005009911054
58364	0.0001276838027
58365	0.002112264334
58366	0.003729872925
58367	0.001103448475
58368	0.002004871338
58369	0.0007623838246
58370	1.043760234e-05
58371	1.043760234e-05
58372	0.0002179383828
58373	0.0009570112049
58374	0.002758334187
58375	0.001880427707
58376	0.002014799509
58377	0.002385010792
58378	0.002968938947
58379	0.002750635155
58380	0.0005732237737
58381	0.004514683079
58382	0.002636063836
58383	0.0005697740099
58384	0.006852004388
58385	0.0004976738436
58386	0.002814624991
58387	0.003890390897
58388	0.003523834181
58389	0.002004077485
58390	0.003230987565
58391	0.004973486258
58392	0.003269079391
58393	1.762632472e-06
58394	0.0007789593187
58395	0.001451171574
58396	0.006218491013
58397	0.001342863948
58398	0.001205031435
58399	0.007234753182
58400	0.005270063153
58401	0.0004676635146
58402	0.006414435125
58403	0.00540894361
58404	0.0003292011003
58405	0.004001798178
58406	0.002233069033
58407	0.008186932867
58408	0.003489346042
58409	0.001728530864
58410	0.001737121543
58411	0.0004300280582
58412	0.001385375507
58413	0.001269362492
58414	0.002471005252
58415	0.002931475026
58416	0.0005469929143
58417	0.00373286832
58418	0.0008072563676
58419	0.003397979091
58420	0.00148802701
58421	0.003289057522
58422	0.003569116002
58423	0.002403601899
58424	0.0002793455672
58425	0.007117405203
58426	0.0001475132339
58427	0.00678881247
58428	0.00108824781
58429	0.0001565710644
58430	0.0006809646638
58431	0.004758907713
58432	0.005711723706
58433	0.0001603557129
58434	0.001238642343
58435	0.002436015405
58436	0.000835184823
58437	0.003433847961
58438	0.003252507032
58439	0.001096645119
58440	0.00325976531
58441	0.002241368653
58442	0.003417592011
58443	0.001567574994
58444	0.001515316303
58445	0.003473737909
58446	0.00186355899
58447	0.003810953948
58448	0.001254608236
58449	0.00251336052
58450	0.001759001173
58451	0.0003253056895
58452	0.004415398288
58453	0.001700534603
58454	0.0002656890824
58455	0.0001416646258
58456	0.005480292711
58457	0.00460728925
58458	0.004479509281
58459	0.00329458252
58460	0.002521478279
58461	0.001391487485
58462	0.004365303365
58463	0.0004707290367
58464	0.001252122527
58465	0.0001403296099
58466	0.0035427578
58467	0.001178972145
58468	0.004593947128
58469	0.004545899927
58470	0.001710873056
58471	0.001525195759
58472	0.0007163308605
58473	0.0001320428849
58474	8.93825201e-05
58475	0.002134882096
58476	7.05436015e-05
58477	0.002760428841
58478	0.0003612176831
58479	0.0003035498368
58480	0.001948043294
58481	0.001436123793
58482	0.002096628597
58483	0.003568116153
58484	0.003530127934
58485	0.0002815039041
58486	0.002101190995
58487	0.001549973741
58488	0.0009372376315
58489	0.0003100267603
58490	0.0006424269095
58491	0.001524835593
58492	0.001082201177
58493	0.00418028055
58494	0.002920291609
58495	0.0002868872737
58496	0.0005078681353
58497	0.0008659319607
58498	0.003237952789
58499	0.001408985383
58500	0.002274740357
58501	0.007045669507
58502	0.0012931562
58503	0.004256498794
58504	0.00114938989
58505	0.0002279701026
58506	0.001874974173
58507	0.002005567365
58508	0.0008143601635
58509	0.004073971179
58510	0.006715626719
58511	0.003084199121
58512	0.0005645112798
58513	4.164482873e-05
58514	0.0008682072157
58515	0.001832736978
58516	0.0003716325823
58517	0.001458787048
58518	0.001456771126
58519	5.688170436e-05
58520	0.00293337835
58521	0.002761723832
58522	0.0008082090332
58523	0.00939728787
58524	0.0006511597155
58525	0.006641147338
58526	0.001204107927
58527	0.0002858468177
58528	0.001131024932
58529	0.0004292528112
58530	0.0003848671338
58531	0.002653844973
58532	0.001989821059
58533	0.002863009942
58534	0.003500834631
58535	0.003266149788
58536	0.00303106764
58537	0.0005338378683
58538	0.001147296984
58539	0.001103184125
58540	0.007247396729
58541	0.003661884637
58542	0.0005849033426
58543	0.004811045653
58544	0.002926527313
58545	0.001599262656
58546	0.007120616341
58547	0.002039878274
58548	0.007549555898
58549	0.001129725103
58550	0.0004850189813
58551	3.569803605e-05
58552	0.0004191143511
58553	0.003319098075
58554	0.003388868973
58555	0.004968096209
58556	0.0005813537084
58557	0.005303224674
58558	0.001482376972
58559	0.007476495024
58560	0.001668731725
58561	0.002058734535
58562	0.004440769916
58563	0.002446122086
58564	0.0004753938961
58565	4.614680252e-05
58566	0.0007613472597
58567	0.00400560347
58568	4.563979301e-05
58569	0.0006365301916
58570	0.001325734726
58571	0.003223658399
58572	0.002215229882
58573	0.001159436206
58574	0.002140169641
58575	0.003716882712
58576	0.001682628854
58577	0.002458135886
58578	0.001079915299
58579	0.0002343485881
58580	0.003333548737
58581	0.0007034125045
58582	0.0007938720388
58583	0.002801987495
58584	0.0001524368985
58585	0.002626069066
58586	0.002061439072
58587	0.005377500848
58588	0.005746534334
58589	0.003943558474
58590	0.002546346648
58591	0.003232718006
58592	0.004393054414
58593	0.0002895235981
58594	0.00100862335
58595	0.002178266051
58596	0.0008451713051
58597	0.002582467117
58598	0.001977915846
58599	0.0009368969867
58600	0.0009137840459
58601	0.004493368952
58602	0.0089356289
58603	0.002749652152
58604	0.0007790172889
58605	0.001987691635
58606	0.0009775489003
58607	0.001126279655
58608	0.004235332052
58609	0.0008393731155
58610	0.001263478134
58611	0.001088675534
58612	0.002175826748
58613	0.00352769996
58614	0.0038993078
58615	0.002346780252
58616	0.003436797406
58617	0.003379197885
58618	0.005194140217
58619	0.003325467326
58620	0.001279982059
58621	0.00113471613
58622	0.004217142028
58623	0.008815157893
58624	0.001025370685
58625	0.002434755738
58626	0.0004714812442
58627	0.004755317031
58628	0.001475113479
58629	0.002355428914
58630	0.00324672228
58631	0.004100050042
58632	0.0001706497711
58633	0.001674721741
58634	0.002658147981
58635	0.006023503198
58636	0.0001248658447
58637	0.0005404879588
58638	0.001993679399
58639	0.0007403420078
58640	0.002724957517
58641	0.002247565536
58642	0.0008423141168
58643	0.005849581622
58644	0.001786154168
58645	0.0007098368005
58646	0.000429823529
58647	0.005365903669
58648	0.006382571743
58649	0.001613305214
58650	0.001063587503
58651	0.002277242041
58652	0.00591112223
58653	0.003847590923
58654	0.001026670346
58655	0.001411828885
58656	0.0001022030733
58657	0.001404511142
58658	0.0006792466664
58659	0.001609638864
58660	0.0006901914079
58661	0.0008771762838
58662	0.002020614076
58663	0.0002599366513
58664	0.001934462277
58665	0.0006961462342
58666	0.0001106942922
58667	0.0003767552924
58668	0.002394767308
58669	0.007527434252
58670	0.001672593085
58671	0.001521050886
58672	0.000284395893
58673	0.003533838804
58674	0.001970938138
58675	6.486924812e-05
58676	0.0001323078577
58677	0.0002301049219
58678	0.002640141494
58679	0.0002265914658
58680	0.0005286475093
58681	7.192549199e-05
58682	0.003138416249
58683	0.000545036119
58684	8.498190482e-05
58685	0.0001552555294
58686	0.0027660678
58687	0.002722722024
58688	0.0004564285927
58689	0.0009526151034
58690	0.000941463691
58691	0.0005443520026
58692	0.002178407335
58693	0.0004625976678
58694	0.0003473071059
58695	0.001342589209
58696	0.00062879427
58697	0.002517972671
58698	0.006705011698
58699	0.002703132751
58700	0.003269174488
58701	0.001795367549
58702	0.001381076513
58703	0.002610300366
58704	0.0005714575693
58705	0.001043512514
58706	6.665396409e-05
58707	0.001588207996
58708	0.002227404657
58709	0.002098976923
58710	0.0007698411748
58711	0.0004720158248
58712	0.00100599098
58713	0.001249976015
58714	0.003883338657
58715	0.002207268512
58716	0.001798857503
58717	0.0003318459825
58718	0.001070742639
58719	0.0002083275149
58720	0.001612235292
58721	0.001222295528
58722	0.0008564575897
58723	0.002805721724
58724	0.002581656222
58725	0.0002785654777
58726	0.00298844739
58727	0.003576331788
58728	0.001491485557
58729	0.002411724369
58730	0.001594296529
58731	0.001829993482
58732	0.001421100686
58733	0.002602267015
58734	0.003014916903
58735	0.0002989057981
58736	0.001121318946
58737	0.002183922783
58738	0.00329647679
58739	0.001222732506
58740	0.002731097069
58741	0.001205951151
58742	0.005141391723
58743	0.0009703644285
58744	0.005338650814
58745	0.0003836378884
58746	0.0009420247377
58747	0.000711934127
58748	0.0007333577489
58749	0.0005410236437
58750	0.002714365876
58751	0.0005514105006
58752	0.0004198960036
58753	0.0008334781312
58754	0.0002965379641
58755	0.0005077705163
58756	0.0009705498598
58757	0.004385300857
58758	0.004429093737
58759	0.001994014213
58760	0.0005092786812
58761	0.002419408956
58762	0.003145767582
58763	0.003973659423
58764	0.002832179977
58765	0.0003173611301
58766	0.003225172254
58767	0.0005000294805
58768	0.006365172677
58769	0.00533840721
58770	0.003812744548
58771	0.00034685168
58772	5.881896733e-05
58773	0.001307079147
58774	0.00172664584
58775	0.002553880399
58776	0.001506737689
58777	0.007701060355
58778	0.001190302867
58779	0.004670855272
58780	0.0004731431252
58781	9.749236016e-05
58782	0.0009057345875
58783	0.001503290035
58784	0.006241782914
58785	0.0003212171383
58786	0.002529844861
58787	0.002039698739
58788	0.001676475167
58789	0.002350922387
58790	0.001558296651
58791	0.002172885536
58792	0.002263363206
58793	0.001255549463
58794	0.0005003358188
58795	0.0006880585137
58796	0.00233842776
58797	0.001765472953
58798	0.001643816033
58799	0.001583142149
58800	3.894736275e-05
58801	0.0002444103526
58802	0.0003734390229
58803	0.002086379393
58804	0.001140295014
58805	0.002872890315
58806	6.629635005e-05
58807	0.001420801178
58808	0.0009839190713
58809	0.0002102946359
58810	0.0008911480777
58811	9.449979009e-06
58812	0.0002005086678
58813	0.004553143977
58814	0.00025559144
58815	0.0009501229424
58816	0.0003174673098
58817	0.0003058551116
58818	0.0007207065675
58819	0.001658269884
58820	0.002150306845
58821	0.002699861448
58822	0.0007790951778
58823	0.0001570056053
58824	0.0007712412645
58825	0.001101712083
58826	0.0004052877375
58827	0.0002635888966
58828	0.002923535538
58829	0.002342434433
58830	0.000557189731
58831	0.0009323911368
58832	0.005098613272
58833	0.0008873005503
58834	0.003577557875
58835	0.001247536141
58836	0.0003992108564
58837	0.003248103721
58838	0.001260527557
58839	0.00252846963
58840	0.0006826462294
58841	0.001705661214
58842	0.0002786571447
58843	0.004442949454
58844	0.0001930182808
58845	0.003905824071
58846	0.004618714417
58847	0.0003281315009
58848	0.001603944474
58849	0.001402840076
58850	0.0006367759478
58851	0.0002676584776
58852	0.002048448627
58853	0.0007461067823
58854	0.005628120822
58855	0.001422474613
58856	0.004050067974
58857	0.003041182787
58858	0.004814487198
58859	0.00327659506
58860	0.001960715321
58861	0.001087287398
58862	0.001034634328
58863	0.003008674822
58864	0.000494759035
58865	0.001408739187
58866	0.003579263653
58867	0.001685495323
58868	0.0002156949863
58869	0.0002986879801
58870	0.004613333309
58871	0.007720512927
58872	0.002424124637
58873	0.002851234562
58874	0.0001609269026
58875	0.0009862407326
58876	0.001669733104
58877	0.002164052401
58878	0.0009611513093
58879	8.139484797e-05
58880	0.0007993600908
58881	0.001813850174
58882	0.000855959212
58883	0.0001543459159
58884	0.002326374595
58885	0.0003268087179
58886	0.002892266119
58887	0.001013828261
58888	0.003721058788
58889	0.001616795797
58890	0.001171845554
58891	8.329356435e-05
58892	0.0003299679444
58893	0.003878381172
58894	0.002492005388
58895	0.00385810012
58896	0.002054539931
58897	0.0001503854469
58898	0.00541252855
58899	0.0001809572217
58900	0.001584110296
58901	0.0009888314079
58902	0.001102425997
58903	0.0006982774434
58904	0.0006914026053
58905	0.0009634566888
58906	0.0007822044802
58907	0.0004797695122
58908	0.003547108336
58909	0.0004279108908
58910	0.002050779062
58911	0.0008784349265
58912	0.001573233354
58913	0.001279502833
58914	0.002215109314
58915	0.002252777801
58916	0.0001476749223
58917	0.0008063203866
58918	0.002198643758
58919	0.0002841038069
58920	0.002326634984
58921	0.005121251331
58922	0.0001663514554
58923	0.009664389085
58924	0.003229414458
58925	0.003259434185
58926	0.003728411211
58927	0.003889064218
58928	0.000533600949
58929	0.001481005199
58930	0.0008722684722
58931	0.005349469477
58932	0.0006561233888
58933	0.001749615421
58934	0.00159715851
58935	0.001999771502
58936	1.434180762e-05
58937	0.0009470204084
58938	4.697191163e-07
58939	0.002156292266
58940	0.002579306043
58941	0.001061827888
58942	0.001454402742
58943	0.001631662771
58944	0.0002431128604
58945	0.0003634191731
58946	0.006183496737
58947	0.004199957357
58948	0.005692314853
58949	0.001704565119
58950	0.001379534159
58951	0.001718542809
58952	0.0009722117144
58953	0.0004990426153
58954	0.0007249803729
58955	0.00178179297
58956	0.0003505534926
58957	0.001042300729
58958	0.0006971667673
58959	0.0005224936782
58960	0.001120586739
58961	0.004012711126
58962	0.007076696473
58963	0.0005114236465
58964	0.002517055717
58965	0.0009184687469
58966	0.003679385868
58967	0.004109441027
58968	0.004350070779
58969	0.0003863885381
58970	0.002101288916
58971	0.005724743703
58972	0.006893094527
58973	0.004124640965
58974	0.0009168547589
58975	0.0002483789939
58976	0.001148692589
58977	0.0001061036001
58978	0.002910419379
58979	0.004571871281
58980	0.001089316491
58981	0.0009226907852
58982	0.001278095718
58983	0.0006939589336
58984	0.002974273844
58985	0.0001592293414
58986	0.0008731654758
58987	0.001546812381
58988	0.00165287617
58989	0.006430571756
58990	0.001287668326
58991	0.003164729854
58992	0.003817096303
58993	0.001051681687
58994	0.001803755638
58995	0.003902697212
58996	0.005335105387
58997	0.001398372136
58998	0.0003962746799
58999	0.002754311178
59000	0.006476051182
59001	0.0009032497184
59002	0.002127085396
59003	0.0008139203531
59004	0.005126007076
59005	0.0005058671164
59006	0.001232628463
59007	0.0007487077688
59008	0.004277461569
59009	0.001492536017
59010	0.0007047937703
59011	0.0001010774756
59012	0.0002586530022
59013	0.003119405569
59014	0.0006312527162
59015	0.002741215885
59016	0.0006519277392
59017	0.002048058167
59018	0.002683648829
59019	0.001230592251
59020	0.00339190504
59021	0.001192295839
59022	0.001965051395
59023	0.004325957831
59024	0.001585869426
59025	0.002929265943
59026	0.003651324637
59027	0.001469262475
59028	0.0003882746295
59029	0.002070641063
59030	0.0006581158605
59031	0.002890977397
59032	0.004024640366
59033	0.0004378101853
59034	0.001401575568
59035	0.002294262164
59036	0.00280252266
59037	0.001507482646
59038	0.003079440267
59039	0.002777541969
59040	0.00262757898
59041	0.0001964911001
59042	0.003668967292
59043	0.001639135195
59044	0.003347951859
59045	0.0008728179878
59046	0.01015346874
59047	0.003058621647
59048	0.002429394845
59049	0.001004773969
59050	0.001491214385
59051	0.002006189403
59052	0.006767254573
59053	0.000396931101
59054	4.390215977e-05
59055	0.002537309987
59056	0.004270373903
59057	0.0001069279423
59058	0.002340893893
59059	0.000530890871
59060	0.001449404947
59061	0.003862518195
59062	0.002564956478
59063	0.003765636767
59064	0.0006856113933
59065	0.001267740811
59066	0.001068048748
59067	0.0006708874487
59068	0.0007715859395
59069	0.002428173066
59070	0.0003901204279
59071	0.003092623798
59072	0.001728494276
59073	0.001871730793
59074	0.001140449894
59075	0.0001795391461
59076	0.005509595109
59077	0.004297746907
59078	0.001425716696
59079	0.001310203154
59080	0.002260989215
59081	0.006024794465
59082	4.389933384e-05
59083	0.0002891324661
59084	0.002076091805
59085	0.0007871000484
59086	0.001694117643
59087	0.004009991911
59088	0.0006710709274
59089	0.0003372903786
59090	0.000520824586
59091	0.0008900854371
59092	0.0002460392948
59093	0.001098845147
59094	0.001950555358
59095	0.002801471302
59096	0.0001253583206
59097	0.000171564009
59098	0.0005810730014
59099	0.0001386217223
59100	0.0007152218164
59101	0.0002635546778
59102	0.0001626963886
59103	0.0002003008853
59104	0.0003463914729
59105	0.001024352524
59106	0.0002180130246
59107	9.187582706e-05
59108	0.009895267207
59109	0.003710962775
59110	9.552031998e-05
59111	0.001730344385
59112	0.001987359187
59113	0.0001141099471
59114	0.006817193876
59115	8.36526469e-05
59116	0.003260014901
59117	3.104513792e-05
59118	0.003269287814
59119	0.0003474467984
59120	0.001374697123
59121	0.002761698938
59122	0.0004148956634
59123	0.002374121294
59124	0.000144140244
59125	0.00146104754
59126	0.002300725989
59127	0.0004712874526
59128	0.0002378859192
59129	0.002784864088
59130	0.003019679571
59131	0.001652014245
59132	0.000158311262
59133	0.0004881883159
59134	0.002286649848
59135	0.003628766129
59136	0.0006672193865
59137	0.0004680507575
59138	0.000119086346
59139	0.0001186502096
59140	0.001693089934
59141	0.000168157563
59142	0.001176369159
59143	0.001144655383
59144	4.751218052e-05
59145	0.001697687126
59146	0.001304498111
59147	0.002605262319
59148	0.005728475475
59149	0.0001821228352
59150	0.001969596133
59151	0.000796303265
59152	0.0009962571676
59153	0.0007719695914
59154	0.001440112221
59155	0.0009610715026
59156	0.004079973736
59157	0.0001777903179
59158	0.001018024057
59159	0.002601858184
59160	0.001549089821
59161	9.389870668e-05
59162	0.005413693713
59163	0.001567973143
59164	7.829954053e-05
59165	0.001930420045
59166	0.00165670835
59167	0.006656277679
59168	0.004891454682
59169	0.00217227899
59170	0.0001978515032
59171	0.0001964929423
59172	0.0003242420455
59173	0.002176791798
59174	0.0004023327043
59175	0.0003267863226
59176	0.002157003738
59177	5.882846094e-05
59178	0.0005630732212
59179	0.01301443103
59180	0.0006637577937
59181	0.003671740074
59182	0.005034026262
59183	0.001452224519
59184	0.0005436218008
59185	0.002628608834
59186	0.0002694551265
59187	0.00093064029
59188	0.001752620395
59189	0.0007384466205
59190	0.001166919839
59191	7.380686234e-05
59192	0.003240553884
59193	0.0005146381274
59194	0.00334525064
59195	0.0008746018308
59196	0.001707364562
59197	0.001603724295
59198	0.0001962156546
59199	7.69196181e-06
59200	0.003517444478
59201	0.006424030932
59202	0.001420724289
59203	0.004144934653
59204	0.00333355435
59205	0.0005928475462
59206	0.001905664296
59207	0.000153898982
59208	0.001234437041
59209	0.0002950675501
59210	0.001738310146
59211	0.001358494688
59212	0.001262022666
59213	0.007885967166
59214	1.672043602e-05
59215	0.005239601206
59216	0.002712062967
59217	0.002190561476
59218	0.0002968823991
59219	0.0003788685009
59220	0.0006703094804
59221	0.001263299617
59222	0.001635433802
59223	0.0004132295689
59224	0.0002500873743
59225	0.001189732967
59226	0.0001407576086
59227	0.0002335040993
59228	0.001586110038
59229	0.002026780289
59230	0.0003624853213
59231	0.003776774869
59232	0.0001237975977
59233	0.001515851893
59234	0.0002642158563
59235	0.000257366139
59236	9.354245776e-05
59237	0.002061534451
59238	0.004488486241
59239	0.0005898261455
59240	0.005988232931
59241	0.0004123883089
59242	0.000486723267
59243	0.00168728677
59244	0.00100971479
59245	0.002067883302
59246	0.002494105528
59247	0.004889576793
59248	0.001706963924
59249	0.0008789916459
59250	0.001180566118
59251	0.001317110806
59252	0.0024286155
59253	0.006583913277
59254	0.005760755233
59255	0.002213589243
59256	0.0006845872147
59257	0.0005976438887
59258	0.0007910674804
59259	0.002701501486
59260	0.001515165247
59261	0.001521058509
59262	8.758832728e-05
59263	0.0008238002795
59264	0.0006027927851
59265	0.003383358285
59266	0.003195264739
59267	0.0001516605461
59268	0.0004378697837
59269	0.0005718972428
59270	0.0005252522871
59271	0.002679722526
59272	0.002691230913
59273	0.002921959121
59274	0.005851051048
59275	1.429372611e-05
59276	0.004549562425
59277	0.0001661548763
59278	0.000257340739
59279	0.0008562343108
59280	0.0008553755738
59281	0.0003197310985
59282	0.0001665753268
59283	0.0006051169947
59284	0.001236358962
59285	0.001169583339
59286	0.002611604735
59287	0.00298634189
59288	0.001541387222
59289	0.0004724926602
59290	0.004089813915
59291	0.0006489699088
59292	0.001610371581
59293	0.001673838552
59294	0.000896503636
59295	0.003914529913
59296	8.054798435e-05
59297	0.001609378134
59298	0.002853304343
59299	0.003679589118
59300	0.002489737076
59301	0.002698331392
59302	0.00114260477
59303	0.002061689355
59304	0.002421044261
59305	0.0005187881044
59306	0.002898102427
59307	0.001213329022
59308	1.070256486e-05
59309	0.00195886403
59310	0.00212194843
59311	0.0008756917537
59312	0.00114581827
59313	0.00167336203
59314	0.001195482073
59315	0.001960713079
59316	0.0005004045926
59317	0.0005790487841
59318	0.0004133912202
59319	0.001035305477
59320	0.0001591793345
59321	0.001657860748
59322	0.001576049634
59323	0.001234759024
59324	0.0003205964005
59325	1.617509357e-05
59326	0.001811496663
59327	0.0006459997838
59328	0.002713911744
59329	0.001280990302
59330	0.003448033564
59331	0.001892828508
59332	0.001267295414
59333	0.001456644192
59334	0.001398653851
59335	0.0001589001539
59336	0.0008688745639
59337	0.0004133695901
59338	0.005157297334
59339	0.002403039011
59340	0.000382564585
59341	0.001606750942
59342	0.00100472411
59343	0.001024191471
59344	0.002642751478
59345	0.00144193836
59346	0.0006702387107
59347	0.002199451956
59348	0.001192106962
59349	0.003577811026
59350	0.001363808884
59351	0.002859108342
59352	0.0009869033518
59353	0.0008294217861
59354	0.002213115159
59355	0.002482879658
59356	0.006323881532
59357	0.0004285253365
59358	0.004378402331
59359	0.004315566252
59360	0.002022551906
59361	0.001604260162
59362	0.0008632620152
59363	0.001125398975
59364	0.00113717605
59365	0.001189237234
59366	5.44138537e-05
59367	0.001540763311
59368	0.001099060255
59369	1.828230369e-05
59370	0.003550456501
59371	0.002417178562
59372	0.003608014827
59373	0.005741718752
59374	0.000677531273
59375	9.422456914e-06
59376	0.0005217308987
59377	0.0006741115828
59378	0.0007421442437
59379	0.001136918845
59380	0.002317008051
59381	0.004003959508
59382	0.0006315783903
59383	0.005717559186
59384	0.001315574614
59385	0.0004134183346
59386	0.003641969781
59387	0.002326203191
59388	0.006217366269
59389	0.001694102354
59390	2.339394344e-05
59391	0.005257951419
59392	0.002042941265
59393	0.00418328056
59394	0.001440845336
59395	0.001353862836
59396	0.005089961704
59397	0.002278123985
59398	0.001726352981
59399	0.0008290709938
59400	3.055056715e-05
59401	0.0005617478724
59402	7.32571262e-05
59403	0.001453576879
59404	0.0008484277384
59405	0.004840463764
59406	7.328747612e-05
59407	0.0002045458193
59408	0.00403887926
59409	0.0002989021819
59410	0.002456687179
59411	0.003700468188
59412	0.005937304245
59413	0.001254173393
59414	0.001301029478
59415	0.0003617784484
59416	0.0008899786865
59417	0.0003587002184
59418	0.0003652355003
59419	0.0009896917788
59420	0.0002981610146
59421	0.001282527122
59422	0.0009572497731
59423	0.001082733427
59424	0.001276229464
59425	0.003442390259
59426	0.001421600894
59427	0.004780814371
59428	0.003479946585
59429	0.0004096553059
59430	0.005155569651
59431	0.001049978794
59432	0.0001818117938
59433	0.002292672187
59434	0.000521405312
59435	0.002753174516
59436	0.0001499218526
59437	0.001248886625
59438	0.0005861166491
59439	0.002369142356
59440	0.000783197683
59441	0.001668483426
59442	0.001299281519
59443	9.795220022e-05
59444	0.005452622403
59445	0.0008772532263
59446	0.0007622789989
59447	0.006353306244
59448	9.991498666e-05
59449	0.0002110335786
59450	0.0002132278441
59451	0.0003928310317
59452	0.000233694102
59453	0.0001617981805
59454	0.000421568959
59455	0.0008937126046
59456	0.0003569951292
59457	0.0001625904554
59458	0.0002022468212
59459	0.000266070623
59460	0.0004186366384
59461	0.0005728412771
59462	8.274083053e-05
59463	0.0003179325332
59464	0.0003595676943
59465	0.0001631831213
59466	0.0007493598218
59467	0.0001628698548
59468	0.0002723341708
59469	0.0004611056545
59470	0.0003902509467
59471	0
59472	0.0003527548622
59473	0.0001269835332
59474	3.10841558e-05
59475	0.000900120251
59476	6.92375329e-07
59477	0.0005307043175
59478	0.0003530169897
59479	0.001196373685
59480	5.272469683e-05
59481	0.0003330673967
59482	1.56455348e-05
59483	0.0005710356488
59484	0.0002532512485
59485	3.003986357e-05
59486	6.885326973e-05
59487	0.000163500944
59488	0.001065922823
59489	0.0009248299197
59490	0.0001629528254
59491	0.0001094346348
59492	0.0002078434267
59493	0.0009225868642
59494	2.118773207e-07
59495	0.0006555309668
59496	0.0003017038766
59497	2.310674674e-06
59498	0.0005138215772
59499	0.0002836264658
59500	0.0001260705034
59501	0.000786518387
59502	0.0004622201029
59503	0.0005483095573
59504	0.0001089392668
59505	6.490502167e-05
59506	1.524277181e-05
59507	0.0002935657626
59508	0.0004814476102
59509	8.55145853e-07
59510	3.551710124e-05
59511	0.0003433989671
59512	0.00058809906
59513	0.0004400836057
59514	6.760180372e-05
59515	0.0001790465768
59516	0.00201736651
59517	0.003319918455
59518	0.003120409235
59519	0.0002856023416
59520	0.002943355683
59521	0.002929225912
59522	0.001717820436
59523	0.002004232322
59524	0.00304754106
59525	0.00288352964
59526	0.003752945359
59527	0.006700492385
59528	0.005893922871
59529	0.002144410228
59530	0.0003664631062
59531	0.0006826915088
59532	0.001803254868
59533	0.002669023711
59534	0.001323013345
59535	0.001697291683
59536	0.001265115099
59537	0.0002090314847
59538	0.0005426152824
59539	0.002026168666
59540	0.002087748955
59541	0.003041707906
59542	0.001883604641
59543	0.0001072388529
59544	0.0006652091295
59545	0.004251996194
59546	0.002754196532
59547	0.0007643778976
59548	0.005871621207
59549	0.003394442634
59550	0.001926367491
59551	0.0004833663643
59552	5.767423504e-05
59553	3.749387336e-05
59554	0.000324860892
59555	0.001431332822
59556	0.003120902357
59557	0.002335765387
59558	0.00239641344
59559	0.002027681082
59560	0.002723071979
59561	0.0004147759483
59562	0.0002774512563
59563	0.004425966766
59564	0.000653378124
59565	0.001254543417
59566	0.001828421764
59567	0.00917205973
59568	5.748971729e-05
59569	0.003235686669
59570	0.005492577904
59571	0.0006146898068
59572	0.004413119665
59573	0.002853352211
59574	0.002709904845
59575	0.001446455394
59576	0.0008451098769
59577	0.001182816761
59578	0.0001748713943
59579	0.0004808143061
59580	0.000399851877
59581	0.0002440983953
59582	0.001171278355
59583	0.003489323687
59584	0.001452639491
59585	0.0002323339412
59586	0.004860269061
59587	0.002655974198
59588	0.003081315516
59589	0.002667757838
59590	0.0003506091297
59591	0.003144856442
59592	0.0008679066957
59593	0.0009714522992
59594	0.001204429509
59595	0.005768660167
59596	9.775960163e-05
59597	0.001483684129
59598	0.0004537298463
59599	0.001990061771
59600	0.003627088135
59601	5.60144292e-05
59602	0.002294511166
59603	0.006087203815
59604	0.004342741725
59605	0.001996246863
59606	0.001474398847
59607	0.004301221162
59608	0.0003520551532
59609	0.004257418056
59610	0.004428465377
59611	0.000882835324
59612	0.001221936366
59613	0.0007200227408
59614	0.00642345894
59615	0.0009899315658
59616	0.004494224522
59617	4.511442107e-05
59618	0.001414431739
59619	0.004772878377
59620	0.0002259318087
59621	0.004569493934
59622	0.001386824444
59623	0.00622800778
59624	0.002901503259
59625	0.0001754956808
59626	0.005024805652
59627	0.0002237812754
59628	0.004556664625
59629	0.003904778802
59630	0.002127696467
59631	0.000406478586
59632	0.003616749024
59633	0.001906366204
59634	0.001157112367
59635	0.001908598106
59636	0.0007749853003
59637	0.001344604505
59638	0.002469406398
59639	0.0003986497916
59640	0.0009041847214
59641	0.0009788556481
59642	0.0006383068
59643	0.001682507506
59644	0.003913774785
59645	0.001601483338
59646	0.001709251349
59647	0.0001102645698
59648	0.003095909026
59649	0.0006422065545
59650	0.001444038343
59651	0.0009835694928
59652	0.006292872804
59653	0.0003074071732
59654	0.0004561909746
59655	0.0004181437254
59656	0.002286006265
59657	0.001725917481
59658	0.002567280606
59659	0.00164993577
59660	0.002743108978
59661	0.003893577535
59662	0.0002197759442
59663	0.003708124488
59664	0.001488697836
59665	0.004179300782
59666	0.004751015057
59667	0.001714819486
59668	0.004134265775
59669	0.003155987328
59670	0.0008362763684
59671	0.002006732614
59672	0.001416880278
59673	0.007178894353
59674	0.0009398412865
59675	0.003338618271
59676	0.001599549168
59677	0.002453794511
59678	0.001523657159
59679	0.001945278522
59680	0.00153039996
59681	0.001967797896
59682	0.003022973335
59683	0.00233647611
59684	0.001454943372
59685	0.005825622327
59686	0.0007272670608
59687	0.005471420179
59688	0.00918572521
59689	0.0003327810316
59690	0.003883848847
59691	0.001615767057
59692	0.0008939904242
59693	0.003061735062
59694	0.001264507087
59695	0.0037710062
59696	0.002187864641
59697	0.003069428979
59698	0.005871158674
59699	0.001470979809
59700	0.0003738532119
59701	0.000700232148
59702	0.0001438132997
59703	0.001886646622
59704	0.002407077201
59705	0.002709560745
59706	0.0009616507571
59707	0.000645220218
59708	6.895086402e-05
59709	0.002784188174
59710	0.004885038735
59711	0.002283528679
59712	0.00125897773
59713	9.133966131e-05
59714	0.003135633454
59715	0.002294577314
59716	0.003312631498
59717	0.00479623504
59718	0.0006669659165
59719	0.0009499259983
59720	0.003168413825
59721	0.001571827038
59722	0.002296558835
59723	0.0005612668913
59724	0.003066542949
59725	0.0004455221346
59726	0.002635276142
59727	0.00120577028
59728	0.002431553206
59729	0.003928387281
59730	0.001627079509
59731	0.004733443603
59732	0.001111280384
59733	0.004886897102
59734	0.00685784004
59735	0
59736	0.0005040221372
59737	0.001749992451
59738	9.204424183e-05
59739	0.001428120991
59740	0.0004648325567
59741	0.00153528466
59742	0.0001488153052
59743	0.00042641268
59744	0.002657779941
59745	0.0002080653631
59746	0.000929576282
59747	4.440567025e-05
59748	0.001238752004
59749	0.001363923162
59750	0.001067091731
59751	0.0004574028905
59752	0.001038291191
59753	0.002046265856
59754	0.001583769941
59755	0.00264085484
59756	0.0008968660932
59757	0.001513144214
59758	0.00188318192
59759	0.0003205684515
59760	0.004272250006
59761	0.000175662099
59762	0.004636022996
59763	0.0003445597243
59764	0.0001334248877
59765	0.0009565405621
59766	0.003163581272
59767	0.001451071021
59768	0.002290379843
59769	0.000383658775
59770	0.000502905124
59771	0.001624826359
59772	0.002146973163
59773	0.001265763062
59774	0.003075088208
59775	4.996798e-05
59776	2.042741314e-05
59777	0.0004296713838
59778	0.0002040251939
59779	0.001306758489
59780	0.001658254108
59781	0.002362633804
59782	0.001074864
59783	0.001491097996
59784	0.00144135313
59785	0.0002289488802
59786	0.0002596226878
59787	0.004637798829
59788	0.002548067454
59789	0.001027917727
59790	0.0003806282136
59791	0.001323104055
59792	0.0005996556994
59793	0.005670035267
59794	0.003487014639
59795	0.0001869461682
59796	0.001622364203
59797	0.002219094678
59798	0.001041339418
59799	0.001936313827
59800	0.001521488533
59801	0.002844123933
59802	0.0005134681117
59803	0.002051560619
59804	0.001917377953
59805	0.00135479091
59806	0.0002481753511
59807	0.0006786601914
59808	0.0007991912729
59809	0.0009112783984
59810	0.0009610760606
59811	0.001216504318
59812	0.002120738802
59813	0.0009378857912
59814	0.001085013787
59815	3.84423173e-08
59816	6.102749526e-06
59817	0.0002743828697
59818	0.00107013851
59819	2.767718652e-05
59820	0.003310249385
59821	0.0004159452591
59822	0.001491981881
59823	0.003821071188
59824	0.001479529612
59825	0.002577597089
59826	0.004559482423
59827	0.002296831696
59828	0.0007522583487
59829	0.001393267122
59830	0.002918241363
59831	0.003982545575
59832	0.002795698399
59833	0.001467253727
59834	0.001723571381
59835	0.00165729129
59836	0.00206251744
59837	0.002838712037
59838	0.004214191799
59839	0.001986308571
59840	0.001569551804
59841	0.002361549302
59842	0.006254784986
59843	0.001093998394
59844	0.007665712671
59845	0.0007842318973
59846	0.0001352769251
59847	0.001555518051
59848	0.0006756085312
59849	0.001625802429
59850	0.002492567502
59851	0.003323923252
59852	0.003091642833
59853	0.002394854245
59854	0.003785232785
59855	0.00461072528
59856	0.00277341009
59857	0.005162062961
59858	0.002440932137
59859	0.00184519114
59860	0.00321642812
59861	0.002877675269
59862	0.001834275436
59863	0.004064675652
59864	0.00077659802
59865	0.0004747527431
59866	0.003561228657
59867	0.004280983949
59868	0.0001814102716
59869	0.0003024205528
59870	0.004254129628
59871	0.001386832824
59872	0.0008601188798
59873	0.0002410986502
59874	0.002832980969
59875	0.001311982213
59876	0.001010373064
59877	0.001531081757
59878	0.0001585842501
59879	0.004438126673
59880	0.0007380766587
59881	0.0009063019077
59882	0.002377603075
59883	0.0005109762124
59884	6.857906982e-05
59885	0.001643622527
59886	0.00390717993
59887	0.000828978522
59888	0.0002135251732
59889	0.0006964261971
59890	0.003447441819
59891	0.0008653948888
59892	0.004549375352
59893	0.002974361339
59894	0.0007578707377
59895	0.0006060364249
59896	8.529757989e-05
59897	0.0009140563394
59898	0.000323350042
59899	0.0008945985338
59900	0.001866389279
59901	0.001447751229
59902	0.0003696647653
59903	0.0001841530958
59904	0.0001939320952
59905	0.0004442520762
59906	0.0006014171322
59907	8.306265687e-05
59908	7.080327687e-05
59909	1.701461476e-05
59910	4.511325859e-05
59911	9.185646456e-05
59912	0.0001090777718
59913	0.0009728314609
59914	0.0004565263809
59915	4.70260326e-05
59916	0.0001514278646
59917	0.0001978438639
59918	0.0001551867576
59919	0.0002958022861
59920	0.0002534061343
59921	0.0001196739814
59922	0.0003880606892
59923	0.000449804581
59924	0.0003382081173
59925	0.0001269488541
59926	9.692762443e-05
59927	2.498803481e-05
59928	3.119569715e-05
59929	0.00055163887
59930	0.004641012814
59931	0.002186397674
59932	0.008755680986
59933	0.01067006871
59934	0.004877089402
59935	0.004345372948
59936	0.001460508325
59937	0.0003454946509
59938	0.000489535719
59939	7.299129379e-05
59940	0.0005937712758
59941	0.004162469518
59942	0.0007240349833
59943	0.0004496081806
59944	0.001508249496
59945	0.002330132153
59946	0.0007716764186
59947	0.004053590401
59948	8.231130932e-05
59949	0.003395527998
59950	0.002880376052
59951	0.00240526924
59952	0.002568260785
59953	0.00283640505
59954	0.002103849559
59955	0.001333591317
59956	0.002540714338
59957	0.0002755307316
59958	0.001763859324
59959	0.002844350583
59960	0.001017871152
59961	0.004306876215
59962	0.008144195117
59963	0.001038379167
59964	0.001237040488
59965	0.0004293735252
59966	0.0004379869986
59967	0.0002014008826
59968	0.001104604804
59969	0.001406888349
59970	0.0001593179258
59971	0.003861040028
59972	0.0004487680909
59973	0.0002709932211
59974	0.0007418330401
59975	0.0004963467422
59976	0.0006504157585
59977	0.000976031383
59978	0
59979	0.0002418512477
59980	0.001549468288
59981	0.001217273696
59982	0.0009959479212
59983	0.001705293257
59984	0.001157801218
59985	0.00198583506
59986	0.000443571633
59987	0.002590978584
59988	0.003958535896
59989	0.001129362094
59990	0.001641464381
59991	0.001565044658
59992	0.001393234735
59993	0.002708280263
59994	0.001885755325
59995	0.002485979166
59996	0.004105299268
59997	0.001843457412
59998	0.001287771012
59999	0.004393638487
60000	0.0006620260616
60001	0.001141376247
60002	0.001343301781
60003	0.001113729482
60004	0.001244997544
60005	0.001203408888
60006	0.0009612146647
60007	0.001860817116
60008	0.001255481462
60009	0.002287786691
60010	0.001112912105
60011	0.0007348326603
60012	0.003605304565
60013	0.0003220599963
60014	0.0002456313572
60015	0.0006527921205
60016	0.001340833793
60017	0.001200717386
60018	0.0009175541199
60019	0.001392411281
60020	0.0008444682783
60021	0.002559950227
60022	0.001065910971
60023	0.004054021227
60024	6.157635468e-08
60025	0.001308016059
60026	0.003722803573
60027	7.701361783e-05
60028	0.000716230164
60029	0.001690740473
60030	0.001336283761
60031	0.001120418883
60032	0.003343288773
60033	0.0004314062798
60034	0.001829622528
60035	0.0009732227782
60036	0.003037624012
60037	0.005516330539
60038	0.0009788532114
60039	0.002154106333
60040	0.0001377570329
60041	0.001040277843
60042	0.001891874054
60043	0.003143018198
60044	0.00094490541
60045	0.003385834165
60046	0.003612464433
60047	0.000356126705
60048	0.001684536646
60049	0.003600398808
60050	0.001137973247
60051	0.002101192689
60052	0.001978987431
60053	0.001037135435
60054	0.002762037321
60055	0.002235204766
60056	0.002134599981
60057	0.002960406341
60058	0.004275062193
60059	0.00201773197
60060	0.001290420738
60061	0.002350093869
60062	0.003265819481
60063	0.001939014727
60064	0.002367324256
60065	0.001247253946
60066	0.001442455015
60067	0.00298895906
60068	0.002219887641
60069	0.001016823874
60070	0.00137319936
60071	0.0009473773333
60072	0.001306631911
60073	0.005848751239
60074	0.005567828237
60075	0.002788809926
60076	0.0007003062212
60077	0.005427794497
60078	0.003954045393
60079	0.003780161622
60080	0.001366399399
60081	0.003994953896
60082	0.001923825511
60083	0.002666587852
60084	0.001824650129
60085	0.0007082638926
60086	0.002122147969
60087	0.002076614536
60088	0.0007403719181
60089	0.001283483825
60090	0.004466588095
60091	0.0009532374616
60092	0.002031978058
60093	0.000913799101
60094	9.598902901e-05
60095	0.0007003898241
60096	0.0002771502245
60097	0.0001467969753
60098	0.0004238840623
60099	0.001737470046
60100	0.00358196883
60101	0.0003673785717
60102	0.0002634997125
60103	0.002035441286
60104	0.0003540752047
60105	0.000575457007
60106	0.00102067391
60107	0.0004149453763
60108	0.0007146009153
60109	0.0008834942825
60110	0.001054941742
60111	9.62615907e-05
60112	0.0004456742953
60113	0.001293267179
60114	0.001479319699
60115	0.001065062362
60116	8.501880736e-05
60117	0.001154339127
60118	0.0007900289329
60119	0.001053428155
60120	0.001514219335
60121	0.0005169731146
60122	0.005588485865
60123	0.0001547115319
60124	0.003508186295
60125	0.000223838137
60126	0.002222479209
60127	0.0009417190427
60128	0.001330409675
60129	0.003810954216
60130	0.001994542045
60131	0.0001168409523
60132	0.001853412467
60133	0.004835972889
60134	0.001284288319
60135	0.004402560454
60136	0.0006639096471
60137	0.002249868577
60138	0.001262108933
60139	0.003074127327
60140	0.00142667199
60141	0.00151521055
60142	5.297140504e-05
60143	0.001553272606
60144	0.0008488989713
60145	0.0004844858526
60146	0.0003645773544
60147	0.002290071647
60148	0.0002009832654
60149	0.002756639618
60150	0.0003784570333
60151	0.0004944591726
60152	0.00244876981
60153	0.003015323786
60154	0.002070300701
60155	0.001297840502
60156	0.002688631784
60157	0.0003556666115
60158	0.003395984418
60159	0.001838886488
60160	0.005328847971
60161	0.003525746752
60162	0.00300165275
60163	0.003671221589
60164	0.0009504735817
60165	0.01103822331
60166	0.000872512508
60167	0.0008583727883
60168	0.002196524725
60169	0.001662030415
60170	0.002832954492
60171	0.0005361182835
60172	0.0001573689396
60173	0.0008063842327
60174	0.00346381514
60175	0.004183706796
60176	0.0003455458888
60177	0.001798465071
60178	0.002167680604
60179	0.0005460352936
60180	0.004844730824
60181	0.007867354181
60182	0.00214789509
60183	0.001929124308
60184	0.001340238382
60185	0.0007160680309
60186	0.0005658950415
60187	0.001368000075
60188	0.004352178494
60189	0.004370580893
60190	0.005919801065
60191	0.000324907518
60192	0.0003501290932
60193	0.004960750902
60194	0.002863714998
60195	0.005249380615
60196	0.0009450775749
60197	0.001855981923
60198	0.001168003567
60199	0.001610176014
60200	0.0001569232882
60201	0.002868779288
60202	0.0006761943625
60203	0.0009358521891
60204	0.007108814881
60205	0.0009129691148
60206	0.006441250251
60207	0.001255626092
60208	0.002159810414
60209	0.001605793263
60210	0.004385416672
60211	0.0003506267649
60212	0.003834464185
60213	0.001154363339
60214	0.0004873969404
60215	0.004073951292
60216	0.0003506177344
60217	0.0004600815476
60218	0.003292282896
60219	0.003659353089
60220	0.0004160312451
60221	0.0004993013541
60222	0.001577452013
60223	0.0002317649651
60224	0.0005074811234
60225	0.002174463581
60226	0.002842351776
60227	0.003635265319
60228	0.0001846654168
60229	0.001116210725
60230	0.0007587638593
60231	0.0001566235795
60232	0.0005881090386
60233	0.003995558904
60234	0.005463841568
60235	0.001991102781
60236	0.002946520519
60237	0.004421662662
60238	0.001897235025
60239	0.0007879226479
60240	0.002053113696
60241	0.0008725400473
60242	0.000524273034
60243	0.002953552043
60244	0.0007786969484
60245	0.0009214016286
60246	0.001123234554
60247	2.903120601e-05
60248	0.000476024337
60249	0.002058220353
60250	0.0006714638317
60251	0.001650589426
60252	0.0006620225084
60253	0.0009010508629
60254	0.001042115991
60255	0.002482663659
60256	0.00231670543
60257	0.00258615539
60258	0.0004304209535
60259	0.0001248455101
60260	0.0004554924494
60261	0.002503147984
60262	0.000901419101
60263	0.00263640674
60264	0.003287027881
60265	0.003701130516
60266	2.926577937e-05
60267	0.003796824779
60268	0.002064350457
60269	0.002698285962
60270	0.0002358221792
60271	0.001654435421
60272	0.001256843031
60273	0.002579802026
60274	0.004525140057
60275	0.001513224504
60276	0.001416862975
60277	0.002388780771
60278	0.002365179358
60279	0.0004688619465
60280	0.001220129377
60281	0.001846039706
60282	0.001329737031
60283	0.000753581395
60284	0.0004895064813
60285	0.004607816957
60286	0.004554532686
60287	0.0004324156563
60288	0.000944916968
60289	7.441667744e-05
60290	0.002060529948
60291	9.337869929e-05
60292	0.0008751348687
60293	0.000508318994
60294	0.001793907954
60295	6.509368081e-05
60296	0.005237521762
60297	0.002680819362
60298	0.000571678729
60299	0.002599929964
60300	0.0005158114194
60301	0.001411512145
60302	0.00031205609
60303	0.001063788513
60304	0.007965593649
60305	0.004304623405
60306	0.001290469648
60307	0.0008022267162
60308	0.001340616329
60309	0.001709215618
60310	0.00081310803
60311	0.005435107913
60312	0.002782789588
60313	0.002678950129
60314	4.279897876e-05
60315	0.0007782700682
60316	0.001697542258
60317	0.001721218027
60318	0.002674440944
60319	0.0005432574756
60320	0.006747781197
60321	0.000749119868
60322	0.0007284830997
60323	8.073455025e-05
60324	0.0002340072304
60325	0.003208526252
60326	0.002217697053
60327	0.0002658531802
60328	0.0002427935551
60329	0.002202783144
60330	0.001537033085
60331	0.003768177716
60332	0.001623001377
60333	0.002898692587
60334	0.0002681933196
60335	0.0002020704089
60336	0.0005276259571
60337	0.001572301302
60338	0.0006561464382
60339	0.003042314891
60340	0.0008285814157
60341	0.0005527279742
60342	6.118224979e-05
60343	0.001793763863
60344	0.005941346432
60345	0.0007653978121
60346	0.0002748295006
60347	0.00151792159
60348	0.001517959079
60349	0.0003647847685
60350	0.004766926514
60351	2.342320886e-06
60352	0.0007971506553
60353	0.0004663618959
60354	0.005636436211
60355	0.003332271349
60356	0.0001278653758
60357	0.001646613028
60358	0.001184001204
60359	0.003827378934
60360	0.0001986714173
60361	0.003645101568
60362	0.002964850574
60363	0.002962484897
60364	0.003620644942
60365	0.002793265776
60366	0.005781026885
60367	0.0003210525546
60368	0.003237137573
60369	0.0005166382337
60370	0.0007824268961
60371	0.003159633714
60372	0.009710554761
60373	0.002250966385
60374	0.001144581162
60375	0.0004889721552
60376	0.004464745287
60377	0.0002115930793
60378	7.09193479e-06
60379	0.001516865604
60380	0.0002875423003
60381	0.0003261256199
60382	0.0001730324404
60383	0.000194519291
60384	0.002233251401
60385	4.84651682e-05
60386	0.001564330742
60387	0.001368973245
60388	2.003697882e-06
60389	0.0005337776484
60390	0.0007525928543
60391	0.00120653842
60392	0.001327447221
60393	0.00280341196
60394	0.003964015791
60395	0.001285181483
60396	0.000559344238
60397	0.0009619313674
60398	0.004811542489
60399	0.0002193487351
60400	0.003815402339
60401	0.001498417575
60402	0.001087217776
60403	0.000119332242
60404	0.0002815338725
60405	0.0006731152011
60406	0.0002865918617
60407	0.0003655831424
60408	0.0009613831421
60409	0.000807689221
60410	2.278854959e-05
60411	0.0008131695038
60412	0.002304048896
60413	0.0007521437372
60414	0.0005214738657
60415	7.498741932e-05
60416	0.004218140418
60417	0.0006516618568
60418	0.0001833935756
60419	0.0007577323687
60420	0.00109225137
60421	0.0006766921645
60422	0.004093732862
60423	0.001204285094
60424	0.0009584413377
60425	0.004509760194
60426	0.001521826561
60427	0.0002661786336
60428	0.007576893607
60429	0.002119015338
60430	0.0004616707255
60431	0.0021093373
60432	0.003833608615
60433	0.004561423966
60434	1.093585484e-05
60435	0.0004982454339
60436	0.0006211994793
60437	0.001514668602
60438	0.0008149590362
60439	0.0005774308805
60440	0.004546937316
60441	0.001749678196
60442	0.001090777321
60443	0.0007902987513
60444	0.0002958069046
60445	0.000138224686
60446	0.001104460252
60447	0.003743495421
60448	0.00320898386
60449	0.006433840338
60450	2.24184464e-05
60451	0.002289627083
60452	0.0001189701873
60453	0.0007033560695
60454	0.0008620231139
60455	0.001064309167
60456	0.0006067141057
60457	0.002067769105
60458	7.311201312e-08
60459	0.0007682561703
60460	0.0006186097851
60461	0.001101456509
60462	0.001733340733
60463	0.0006312776072
60464	0.002322714733
60465	0.004888291897
60466	0.008323681441
60467	0.0001612533948
60468	0.003689125361
60469	0.005525663142
60470	0.0001700317969
60471	0.006725987204
60472	0.001444280009
60473	0.0003220184133
60474	0.0005670619356
60475	0.0002532335655
60476	0.003075658778
60477	0.000622783489
60478	0.002433827176
60479	0.0006935321621
60480	0.0002559975178
60481	0.000977117143
60482	0.001777803394
60483	0.0003397184669
60484	0.001934128028
60485	0.001439196905
60486	0.0002484523972
60487	0.0006509053915
60488	0.001466924148
60489	5.887188763e-05
60490	0.0003549334043
60491	0.00100979552
60492	0.0015901645
60493	0.0009311005285
60494	0.003236038971
60495	0.001517135227
60496	0.002025581755
60497	0.001058332423
60498	0.0001497572602
60499	0.004063351945
60500	0.00276539811
60501	0.003250325434
60502	0.0009892316147
60503	0.001996465654
60504	0.001603464263
60505	0.003788004631
60506	0.003251278036
60507	0.0001661893046
60508	0.003905589382
60509	0.0005764337316
60510	0.0004569201184
60511	0.000354111782
60512	0.0006168262199
60513	0.00495286368
60514	0.001804942064
60515	0.002045387538
60516	0.0001514759464
60517	0.001620403876
60518	0.002312047806
60519	0.0002866976977
60520	0.0005510281683
60521	0.001337679662
60522	0.002082528339
60523	2.01355421e-05
60524	0.001364300255
60525	0.001021386371
60526	0.001021576606
60527	0.000280480882
60528	0.0005050689108
60529	0.002300219548
60530	0.003012182004
60531	0.0003776655883
60532	0.002285776317
60533	0.003250273517
60534	0.002178666835
60535	0.0003106863721
60536	0.002758993971
60537	0.0001947399625
60538	0.0006787391781
60539	0.001038052407
60540	0.0001222498227
60541	3.581728194e-05
60542	0.001117802629
60543	0.003274272021
60544	0.000709443947
60545	0.004467854536
60546	0.003047068866
60547	0.0008444413204
60548	0.0003415770981
60549	0.003166918724
60550	0.003444402251
60551	0.000894655572
60552	0.001919290579
60553	0.002417442101
60554	2.565153681e-08
60555	0.0044460345
60556	0.0007364678189
60557	0.0028446554
60558	0.002973013585
60559	0.0002141333546
60560	0.0001093505888
60561	0.001045044638
60562	0.00225478872
60563	0.002365616043
60564	0.0002076326286
60565	0.001212525811
60566	0.002104734955
60567	0.000807829461
60568	0.002608097489
60569	0.0002729029818
60570	0.0006989231385
60571	3.889377509e-05
60572	0.0001770152704
60573	0.0002689836051
60574	0.0005250366541
60575	0.003060832941
60576	0.0001468451646
60577	0.004565982306
60578	0.002502893242
60579	0.001801472677
60580	0.007472921124
60581	0.004545697397
60582	0.004161918836
60583	0.001214738516
60584	0.002916867811
60585	0.004769436005
60586	0.005607936353
60587	0.0009455661522
60588	0.0004951385781
60589	0.0009845874173
60590	0.0006589072918
60591	0.0006500492744
60592	0.0001135775085
60593	0.001487201191
60594	0.004405997967
60595	0.0004548190434
60596	0.0002202412142
60597	0.001590351178
60598	0.002883773456
60599	0.0009294201138
60600	0.00128790708
60601	0.00419855932
60602	0.001640555322
60603	0.0006880125041
60604	0.000800269276
60605	0.0028262233
60606	0.0002975316938
60607	0.002117026985
60608	0.000354014832
60609	0.005006252241
60610	0.002693875308
60611	0.0006663642203
60612	0.001438270995
60613	0.0002304421678
60614	0.0002906150324
60615	0.0009138832966
60616	0.00294847522
60617	0.003384992145
60618	5.170540815e-05
60619	0.0003896370972
60620	0.001457815044
60621	0.00110517787
60622	0.002072607365
60623	0.002838763354
60624	0.003494469863
60625	0.002388287472
60626	0.003966615038
60627	0.005852095871
60628	0.0001539877122
60629	0.002033243909
60630	0.003220427681
60631	0.002273293234
60632	0.001580770455
60633	0.0002175597498
60634	0.0002478897317
60635	0.003647611625
60636	0.0003872949756
60637	0.0006976059465
60638	0.001041321725
60639	0.002434771128
60640	0.001744580622
60641	0.001928548645
60642	0.0001922746259
60643	0.003786526704
60644	0.002073354436
60645	0.001163389482
60646	0.0001959520696
60647	0.002877909255
60648	0.003556513007
60649	0.0003060196741
60650	0.00265473215
60651	0.001879667211
60652	0.002291096298
60653	0.002428164547
60654	0.0005598924356
60655	0.005043438142
60656	0.001505012132
60657	0.005364466848
60658	0.0001017517406
60659	0.0006478576988
60660	0.001335899285
60661	0.007946973904
60662	0.001236573523
60663	0.00415614434
60664	0.00280248362
60665	0.003408718223
60666	0.0008453106126
60667	0.002986124823
60668	0.0003266242891
60669	0.001453375669
60670	0.001436730651
60671	0.002433068129
60672	0.003710476487
60673	0.002168961232
60674	0.0002118774481
60675	0.002833094072
60676	0.0005074976439
60677	0.0002540911981
60678	0.002424611753
60679	0.003833879538
60680	0.0004802559076
60681	0.001084214473
60682	0.0005288068151
60683	0.002222331609
60684	0.005612946744
60685	0.0002128770073
60686	0.002198837125
60687	0.004066307151
60688	0.001806163192
60689	0.002301294532
60690	0.001508658565
60691	0.004791497905
60692	0.001690012247
60693	0.001511535402
60694	0.003595425081
60695	0.002585601351
60696	0.002547525553
60697	0.007053616849
60698	0.001565910534
60699	0.00376382404
60700	0.004545508459
60701	0.0006641960754
60702	0.003617893724
60703	0.002964370896
60704	0.001021585282
60705	0.001246259571
60706	0.0005946906002
60707	0.002295327148
60708	0.002967242326
60709	0.000998688334
60710	0.002841831724
60711	0.003934509921
60712	0.004180537787
60713	0.0008812960465
60714	0.0006381216628
60715	0.002489087229
60716	0.003517844226
60717	0.002330544312
60718	0.003085559779
60719	0.003829179034
60720	0.003829005313
60721	0.004416295436
60722	0.004538121667
60723	0.002312879985
60724	0.003273259378
60725	0.0003136456425
60726	0.001418269876
60727	0.001482764395
60728	0.0008884980815
60729	0.0002631427387
60730	0.000108859144
60731	0.00151094836
60732	0.002304081851
60733	0.002717142028
60734	0.0003925653483
60735	0.004371265227
60736	0.0009361696521
60737	0.001567353843
60738	0.001667922629
60739	0.002203669601
60740	0.002684160821
60741	0.005984329323
60742	9.028301976e-05
60743	0.001699292468
60744	0.006606420594
60745	0.00470137171
60746	0.0006437840576
60747	0.0009396121564
60748	0.002322733416
60749	0.002107741154
60750	0.007235548962
60751	0.0004810415454
60752	5.557515933e-05
60753	0.002135433702
60754	0.003399694668
60755	0.002753223677
60756	0.003468386271
60757	0.000833741495
60758	0.001397484029
60759	0.001864533727
60760	0.001014100811
60761	0.002006075802
60762	0.0001704247601
60763	0.0006199705556
60764	0.0008410698253
60765	0.0009576286337
60766	5.836477045e-07
60767	3.245678378e-05
60768	0.003040619894
60769	0.00203513933
60770	0.001690997407
60771	0.001231638514
60772	0.001506266053
60773	0.0002749196018
60774	0.0007764967392
60775	0.001805358988
60776	0.002701170752
60777	0.002668563421
60778	0.0001386150715
60779	0.001095424034
60780	0.001011660893
60781	0.0006611722671
60782	0.003816399485
60783	0.003083488101
60784	0.001094037104
60785	0.002266619013
60786	0.001035497326
60787	0.000456896231
60788	0.0009445145557
60789	5.800552704e-05
60790	0.0008668005771
60791	0.00131410322
60792	0.002796950716
60793	0.001237243888
60794	0.001320726573
60795	0.0001245744225
60796	0.002929147996
60797	0.001948452556
60798	0.0005010096206
60799	0.001032188404
60800	0.0001488548652
60801	0.002902888654
60802	0.000720261664
60803	0.001506942447
60804	0.001826014262
60805	0.00114338067
60806	0.0007798683574
60807	0.0001113123936
60808	0.002183673175
60809	0.001259127848
60810	0.0007552825894
60811	0.001470408831
60812	0.002533982038
60813	0.003325927649
60814	0.0005723282324
60815	0.002191702336
60816	0.0002843311051
60817	1.280023473e-05
60818	0.0004166666465
60819	0.001117303752
60820	0.003610531161
60821	0.0004679615374
60822	0.001705352728
60823	0.00645659409
60824	0.0009387980033
60825	0.004314501708
60826	0.002808758296
60827	0.005505581931
60828	0.001447025785
60829	0.0004047645156
60830	0.004033243194
60831	0.004301164344
60832	0.000328883436
60833	0.0004136836947
60834	0.00571968393
60835	0.002106441825
60836	0.0007707131241
60837	0.002251574921
60838	0.0007407263784
60839	0.006445645273
60840	0.00043851889
60841	0.0009977350344
60842	0.004846275435
60843	3.536023856e-05
60844	0.00015199457
60845	0.002362114539
60846	0.0006710457557
60847	0.005579071326
60848	0.002420626385
60849	0.002267288869
60850	0.0008280276881
60851	0.0006394343245
60852	0.003004815689
60853	0.0008401501738
60854	0.0001183516339
60855	0.001703257698
60856	0.002472872863
60857	0.0007199732261
60858	0.0003120206468
60859	0.0003956388839
60860	0.002159232299
60861	0.0011962746
60862	0.00185926773
60863	0.001700702335
60864	0.0005673149286
60865	0.002199945352
60866	0.0005393681109
60867	0.0001824955412
60868	0.0005562081413
60869	0.002253403753
60870	0.0006484324788
60871	0.001424154885
60872	0.0006486726047
60873	5.112580752e-05
60874	1.508614863e-05
60875	0.000748669059
60876	6.454359539e-05
60877	0.00482825485
60878	0.002672719763
60879	0.0005912114206
60880	0.001306820405
60881	0.003406287209
60882	0.001978802907
60883	0.0004292368009
60884	0.002289494746
60885	0.00016176265
60886	0.0003933185181
60887	0.0008747457068
60888	0.0003475893297
60889	0.001838810381
60890	0.0008339214162
60891	6.217857165e-05
60892	0.002824198773
60893	0.001227617176
60894	0.002677854858
60895	0.002238882616
60896	0.0003730645354
60897	0.0001582953186
60898	0.0007631165765
60899	0.001585619832
60900	0.000700144718
60901	0.002260238022
60902	0.001607136098
60903	0.001068148121
60904	0.0004421628086
60905	0.0001358707932
60906	0.001087508174
60907	0.0002841426313
60908	0.0010063145
60909	0.001964963101
60910	0.002194395491
60911	0.0004829175256
60912	0.0005387849523
60913	0.0005538876488
60914	0.0008217018788
60915	0.007068129844
60916	0.003241675108
60917	0.003493566912
60918	0.001080701007
60919	0.002490709101
60920	0.003146545825
60921	0.001008205707
60922	7.13675297e-06
60923	0.0019057312
60924	0.00195384946
60925	0.0008579337289
60926	0.003364309927
60927	0.0008539849004
60928	0.002484343429
60929	0.003516786745
60930	0.001430781116
60931	0.002620722193
60932	0.002520971843
60933	0.002453569117
60934	0.002791685715
60935	0.002991587535
60936	0.003257272674
60937	0.002326975446
60938	0.002905030449
60939	0.002462537883
60940	0.002637450806
60941	0.00292583511
60942	0.002651456321
60943	0.002981153419
60944	0.002278965631
60945	0.00273502052
60946	0.002635300624
60947	0.002781196651
60948	0.002315910316
60949	0.002837959721
60950	0.003239646369
60951	0.002141790676
60952	0.002675831262
60953	0.002863125087
60954	0.003111100555
60955	0.002826084684
60956	0.00253009369
60957	0.002812994012
60958	0.003171741172
60959	0.002953578673
60960	0.002358645539
60961	0.002722373447
60962	0.002565959472
60963	0.002754769239
60964	0.002943614901
60965	0.00276984872
60966	0.002535262968
60967	0.003042499639
60968	0.0005803572974
60969	0.0004639514994
60970	0.003061754287
60971	0.003475950605
60972	7.413371419e-05
60973	0.004682445117
60974	0.001274657171
60975	0.0003372130106
60976	0.000657826673
60977	0.0005860577768
60978	0.0004493803708
60979	0.001649554743
60980	0.0004899800548
60981	0.005278128793
60982	0.002877244907
60983	0.002119827206
60984	0.001081894681
60985	7.576158586e-06
60986	0.001017111581
60987	0.0003824315453
60988	0.001080683186
60989	0.001722134936
60990	0.001192752461
60991	0.0007395607003
60992	0.000853112601
60993	0.003210344026
60994	0.004454741914
60995	0.001290505538
60996	0.006778536291
60997	0.002089332549
60998	0.002099128513
60999	0.00231736356
61000	0.001726487502
61001	5.22741517e-05
61002	0.001417484027
61003	0.00389021571
61004	0.003683445493
61005	0.003984342399
61006	0.001070075086
61007	0.004919680345
61008	0.002536796876
61009	0.0002594713748
61010	0.002760789193
61011	0.001518332908
61012	0.004497794704
61013	0.002818931305
61014	0.0001170409954
61015	0.005884842197
61016	0.001915847175
61017	3.289416589e-05
61018	0.001607196471
61019	0.002303872837
61020	0.0005387661277
61021	0.006714637331
61022	0.0004132491072
61023	0.000479978192
61024	0.0005953528805
61025	0.003095597396
61026	0.001135688962
61027	0.004573180966
61028	0.0007029848882
61029	2.181334854e-05
61030	0.003890914123
61031	0.0005787017215
61032	0.002412116379
61033	0.0005840422692
61034	0.0001302213593
61035	0.001444195668
61036	0.0009405944187
61037	0.0003444088058
61038	7.828880319e-05
61039	0.007813737794
61040	0.001381531307
61041	0.001145712238
61042	0.0005476706877
61043	0.001331098685
61044	0.001526416138
61045	0.001059165208
61046	0.003342354892
61047	0.001290096268
61048	0.0009619602372
61049	0.001106528457
61050	0.003423850724
61051	0.0005224230605
61052	0.003077618794
61053	0.00697219656
61054	0.0007714992978
61055	0.001142059228
61056	0.0008285614311
61057	0.001517068373
61058	0.001155130524
61059	0.003821878901
61060	0.0005161526216
61061	0.004664453167
61062	0.001031089853
61063	5.836950123e-06
61064	0.002785759493
61065	0.0004244895108
61066	0.0003229738058
61067	0.002995030505
61068	0.002011352105
61069	0.00418762928
61070	0.004357245183
61071	0.0005982568682
61072	0.003122190359
61073	0.003065349326
61074	0.0008543855243
61075	0.002198859761
61076	0.002595381502
61077	0.0005032934455
61078	0.002342309017
61079	0.0002507852868
61080	0.001438187391
61081	0.002671334674
61082	0.001729669831
61083	0.0003952078595
61084	0.0002420251111
61085	2.235750295e-05
61086	0.0003814350476
61087	0.0002938383611
61088	0.0007953402042
61089	0.0007945062309
61090	0.001571389725
61091	0.00101486734
61092	0.0005437281224
61093	0.0008232564768
61094	0.0007594573992
61095	0.0004004775338
61096	0.0005140147041
61097	0.0008677751917
61098	0.0001155539567
61099	0.0003469537151
61100	0.0006379128695
61101	0.0004861340644
61102	0.001072845561
61103	0.0004799018694
61104	0.0004275409706
61105	0.00160867282
61106	0.002310242977
61107	0.0003497056948
61108	0.000234673561
61109	0.0006359894051
61110	0.0001600817486
61111	0.0006084625202
61112	0.001077990353
61113	0.0006356901864
61114	0.0003208870413
61115	0.001294517501
61116	0.001924461613
61117	0.0001660111047
61118	0.0003798437162
61119	9.341800947e-05
61120	0.001834971168
61121	0.0001640702183
61122	0.0001054648928
61123	0.001071888934
61124	0.0001600907173
61125	0.0006960275795
61126	0.0008034937296
61127	0.0009818514824
61128	0.0012207048
61129	0.0006785463355
61130	0.0005174401738
61131	0.001433492235
61132	0.001157280832
61133	0.000475367228
61134	0.000275202783
61135	0.0003934674681
61136	0.0004300793124
61137	0.0009977608899
61138	0.0001176937926
61139	0.001071968833
61140	0.001691986548
61141	0
61142	0.001071600321
61143	0.001072385058
61144	0.00069314348
61145	0.0002255615252
61146	0.0007923744584
61147	5.464773824e-05
61148	6.99698475e-06
61149	0.004531587496
61150	0.001517552089
61151	0.0008606237594
61152	0.002392470896
61153	0.0003866302566
61154	0.001676693407
61155	0.0007848520713
61156	0.002214265391
61157	0.00410081185
61158	0.003326770657
61159	0.002590087748
61160	0.001918919393
61161	0.001018581439
61162	0.001397973234
61163	0.001185997022
61164	0.001255893751
61165	0.001956209486
61166	0.001468958226
61167	0
61168	0.00205740618
61169	0.0004616242401
61170	0.00215020786
61171	0.0006788878968
61172	0.002523239148
61173	0.001446938729
61174	0.001435259389
61175	0.0001169687501
61176	0.0004142127146
61177	0.0001526765092
61178	0.0007235226488
61179	0.002195539091
61180	0.0006041215132
61181	0.002518454916
61182	0.0003484481438
61183	0.001289819686
61184	0.0001295509069
61185	0.001302948324
61186	0.001371164107
61187	0.0004961445455
61188	0.00128311955
61189	0.001890638745
61190	0.0008532034112
61191	0.0002586879858
61192	0.006640298731
61193	0.0004271274747
61194	0.0002651944526
61195	7.992864439e-08
61196	0.002122368523
61197	0.00215079649
61198	0.002440804741
61199	0.0007321513736
61200	0.0003141676121
61201	0.0007569303531
61202	0.0001991644544
61203	0.003320215384
61204	0.0003095102711
61205	0.0003861597181
61206	2.205440544e-05
61207	0.0009482157642
61208	0.001534837288
61209	0.0004588524018
61210	0.003411995456
61211	0.001612305173
61212	0.003664238601
61213	0.001208138516
61214	0.005015831024
61215	0.0006610187454
61216	0.004446201595
61217	0.0002028305237
61218	0.004759949513
61219	0.002838487735
61220	4.361161246e-05
61221	0.001915668011
61222	0.00334241332
61223	0.001947372947
61224	0.00150645787
61225	0.0008980001936
61226	0.0006359736953
61227	0.003364160994
61228	0.003219571884
61229	0.001927286315
61230	0.0001732798274
61231	0.001496557497
61232	0.002294395251
61233	0.002552558345
61234	3.850424123e-05
61235	0.004073445444
61236	0.003338743103
61237	0.001729992456
61238	0.001356205726
61239	0.001107315565
61240	0.001248272364
61241	0.0008182672211
61242	0.0005026469532
61243	0.0001182944196
61244	5.613137234e-05
61245	0.0004168484983
61246	0.0004623416877
61247	0.0002047857007
61248	0.001958399218
61249	0.00229179518
61250	0.004618045173
61251	0.002615263001
61252	0.0001011727496
61253	0.001067294927
61254	0.006864278054
61255	0.004271842792
61256	0.0009685253214
61257	0.001861644119
61258	0.004280747948
61259	0.007546883983
61260	0.007099150416
61261	0.003544828878
61262	0.001197325947
61263	0.001049779155
61264	0.004986212172
61265	0.005295751169
61266	0.001158706501
61267	0.003892019746
61268	0.001844933629
61269	4.463601155e-05
61270	0.0005138737881
61271	0.001642841568
61272	0.002341193241
61273	0.001787205308
61274	0.000435712454
61275	0.003407549103
61276	0.002799191735
61277	0.005599371519
61278	0.000659641167
61279	0.008483383002
61280	0.0008415754619
61281	0.00134065169
61282	8.490547997e-05
61283	0.004374081943
61284	0.004005175512
61285	0.004449249767
61286	0.0006745397928
61287	0.002197870738
61288	0.003196292764
61289	0.0007751669861
61290	0.003398000969
61291	0.003391187789
61292	0.003576117309
61293	0.001292793469
61294	0.002961584222
61295	0.002134750312
61296	0.00704344785
61297	0.00189644388
61298	0.001147160304
61299	0.002807209142
61300	0.001289063361
61301	0.003189179752
61302	2.227356434e-05
61303	0.001084671078
61304	0.003543514465
61305	0.003355018088
61306	9.561176389e-05
61307	0.001026494428
61308	0.0001714400242
61309	1.81977802e-05
61310	0.0001464349136
61311	0.003921613065
61312	0.003501429103
61313	0.003080574007
61314	0.001624612215
61315	0.001054009569
61316	9.883304305e-05
61317	0.001917582242
61318	0.002035543748
61319	0.00125551944
61320	0.002066025921
61321	0.001421161901
61322	0.0002627005494
61323	0.000439114622
61324	0.004898041904
61325	0.0007328607425
61326	9.909007111e-05
61327	0.0004889995212
61328	0.00319355916
61329	7.665011627e-05
61330	0.002120146707
61331	0.004683413843
61332	0.001149550704
61333	0.0002539302193
61334	0.0006546428302
61335	0.002896941002
61336	0.0005883394128
61337	0.0008162133616
61338	0.001223894705
61339	0.0002032227596
61340	0.001277344852
61341	0.0005842124056
61342	0
61343	0.003577250997
61344	0.001271991489
61345	0.0002711316775
61346	9.392635132e-05
61347	0.001678345965
61348	0.002608713911
61349	0.004932219529
61350	0.002041250318
61351	0.003551002335
61352	0.004212755594
61353	0.001097723866
61354	0.0004644948297
61355	0.0006507029346
61356	0.0003323460037
61357	0.00109723311
61358	0.001777866208
61359	0.001626395572
61360	0.001517172304
61361	0.003747124184
61362	0.002986698694
61363	0.002888634067
61364	0.001763943029
61365	0.001376370472
61366	0.0008092952175
61367	0.005398143942
61368	0.001847136568
61369	0.001325124055
61370	0.0002258271101
61371	0.001107406254
61372	0.002035343074
61373	0.0004148075544
61374	0.003031047165
61375	0.003421485151
61376	0.004700904
61377	0.008551059206
61378	0.004093372806
61379	0.007408890631
61380	0.001869126298
61381	0.003187418427
61382	7.507015287e-05
61383	0.00174712723
61384	0.001496576822
61385	6.88403028e-05
61386	0.001335497648
61387	0.000339647867
61388	0.003064033554
61389	0.00486891681
61390	0.0009599827441
61391	0.003539713452
61392	1.480148499e-05
61393	0.001287955833
61394	0.001144734871
61395	0.001250674418
61396	8.601226069e-05
61397	0.0004466001162
61398	9.880577134e-05
61399	0.001084827694
61400	0.001821799155
61401	0.001844865777
61402	0.002624732639
61403	0.002276769573
61404	0.003609466757
61405	0.003494791675
61406	0.002495356861
61407	0.006179799824
61408	0.005549502608
61409	0.002958309555
61410	0.00236591382
61411	0.0004495158797
61412	0.00168230762
61413	0.002993731286
61414	0.001033229274
61415	0.005208105164
61416	0.000110418856
61417	0.002546855446
61418	0.0006014258435
61419	0.002129221511
61420	0.0008693633045
61421	0.002423224153
61422	0.0005491664776
61423	0.0003595651107
61424	0.001374727909
61425	0.001491747664
61426	0.001329444739
61427	0.0001613363977
61428	0.001624169241
61429	0.001257202987
61430	0.002473207248
61431	0.002551523889
61432	0.003005604631
61433	0.001520525799
61434	0.001214060061
61435	0.00476579335
61436	0.005810802944
61437	0.002250276828
61438	0.003562975436
61439	0.007388538128
61440	0.0008692384545
61441	0.002369427949
61442	0.0002881204506
61443	0.00229017509
61444	0.0004536480317
61445	0.002400835063
61446	0.002023419731
61447	0.004851412258
61448	0.004136274171
61449	0.00402167925
61450	0.0005202871229
61451	7.278558103e-05
61452	0.001966935056
61453	0.002276330588
61454	0.0005871627609
61455	0.00096467765
61456	0.0005631105198
61457	0.0003222615606
61458	0.0009063119445
61459	0.0009663371553
61460	7.610390865e-05
61461	0.0008117835009
61462	0.002144625907
61463	1.892179385e-07
61464	0.002879379969
61465	0.0002503462439
61466	0.0006533949275
61467	0.0006241855895
61468	0.003265430064
61469	0.001343281206
61470	0.00210404111
61471	0.0003116231735
61472	0.0002608262064
61473	7.356670741e-05
61474	0.009789872446
61475	0.004223539676
61476	0.000832100217
61477	0.0002449932824
61478	0.0009405645983
61479	0.003992067153
61480	0.002520483141
61481	0.0002047494595
61482	0.001197929355
61483	0.001327182588
61484	0.00193924024
61485	7.893218434e-05
61486	0.0004350973158
61487	0.0007385067401
61488	0.000191250223
61489	0.0006719795159
61490	0.0008110752897
61491	0.005396359837
61492	0.001159215633
61493	0.001763777008
61494	0.0009146849412
61495	6.565819948e-05
61496	2.205729079e-05
61497	0.0002209319676
61498	0.0006534576792
61499	0.005262799932
61500	0.00109638187
61501	0.004628762276
61502	0.003592325801
61503	0.001628581494
61504	0.003315004459
61505	0.003902186525
61506	2.350678252e-05
61507	0.003823099596
61508	0.00168239274
61509	0.00161373046
61510	0.002418100663
61511	0.003474534711
61512	0.002098405548
61513	0.00495194718
61514	0.001149269385
61515	0.001644243927
61516	0.00179652246
61517	0.002931815127
61518	0.002012055203
61519	0.001706894507
61520	0.00279975673
61521	0.001888427119
61522	0.001046523901
61523	0.003781886495
61524	0.001123664889
61525	0.0008358460148
61526	0.0001596286319
61527	0.001708123614
61528	0.003994623356
61529	0.002667414754
61530	0.001987190429
61531	0.0005979975993
61532	0.003745613116
61533	0.001484861952
61534	0.0003455416807
61535	0.002181646218
61536	0.001044743281
61537	0.002574679258
61538	0.001660860808
61539	0.00153386127
61540	0.00204621015
61541	0.003952740377
61542	0.002673178558
61543	7.358420493e-05
61544	0.001335033338
61545	0.00169042929
61546	0.0006782956237
61547	0.001922235825
61548	0.001536147655
61549	0.0005729490096
61550	0.0013917554
61551	0.001434567338
61552	0.0009343028078
61553	0.0004130696586
61554	0.002763964927
61555	0.00345592641
61556	0.00146857751
61557	0.002838852806
61558	0.0002510327917
61559	0.0002568043909
61560	0.0001105628442
61561	0.002577347775
61562	0.002418380004
61563	0.0007158538953
61564	0.002699798506
61565	0.001439874617
61566	0.001541979425
61567	0.004922396966
61568	0.0007811541636
61569	0.0002589751761
61570	0.002139742842
61571	0.004097091326
61572	0.0004420569171
61573	0.003204874916
61574	0.001186501905
61575	0.002982365484
61576	0.004094694806
61577	0.0002402304227
61578	0.0001380348666
61579	8.976684939e-05
61580	0.00614157149
61581	0.001687589055
61582	0.004873218876
61583	0.001841557385
61584	0.002099038598
61585	0.0008642859287
61586	0.002836556706
61587	0.000205196391
61588	0.0004911322492
61589	0.005335955411
61590	0.0007428470804
61591	3.792256911e-05
61592	0.001501694063
61593	0.004311215122
61594	0.004734729763
61595	0.0003860661195
61596	0.0008126955036
61597	6.613453998e-05
61598	0.001155466345
61599	0.000137842635
61600	0.001332832678
61601	0.004192685068
61602	0.003968947082
61603	0.001394221117
61604	0.0001702919167
61605	0.002036566294
61606	0.0003177379911
61607	0.001363554626
61608	4.925766022e-05
61609	0.0002352185784
61610	0.0004329944114
61611	0.002519563165
61612	0.001285655993
61613	2.579337746e-05
61614	0.000812322041
61615	0.0009683498764
61616	0.000619085884
61617	0.0002504433026
61618	0.002350773579
61619	0.0002599748231
61620	0.001661047057
61621	0.001247337619
61622	0.001792513768
61623	0.005248175184
61624	0.0008537695267
61625	0.001193472939
61626	0.0004534637036
61627	0.0007534556035
61628	0.001568193725
61629	0.003222950598
61630	0.004071158423
61631	0.00144900323
61632	0.001889106125
61633	0.0003261207943
61634	0.0003992453852
61635	0.0004108608366
61636	0.001146512908
61637	0.0003186959999
61638	0.001350495512
61639	0.0003335690798
61640	0.001343423596
61641	0.001580333762
61642	0.002906901675
61643	0.002130574599
61644	0.002441946165
61645	0.002690847446
61646	0.000645571358
61647	0.0003899070998
61648	0.001844010369
61649	0.001138403422
61650	0.001107212043
61651	0.001608008576
61652	0.0007415536395
61653	7.640130367e-05
61654	0.004095901118
61655	0.004292176498
61656	0.00429208374
61657	0.003103954614
61658	0.0004016696975
61659	0.003985000391
61660	0.001585112366
61661	0.002795110329
61662	0.0005078847192
61663	0.0004757335105
61664	0.006146249639
61665	0.001732896234
61666	0.0001730207169
61667	0.000392317717
61668	0.001445220991
61669	5.442683285e-05
61670	0.001334244239
61671	0.00183790811
61672	0.0008373665266
61673	0.003873408189
61674	0.004444251286
61675	9.88392277e-05
61676	0.001796822854
61677	0.0002634149994
61678	0.00255943966
61679	0.001881625806
61680	0.005291158544
61681	0.001688677541
61682	0.005164242165
61683	0.005236793236
61684	0.002373779696
61685	0.003011259843
61686	0.005755256803
61687	0.003639768655
61688	0.003355820418
61689	0.001995891622
61690	0.000276808679
61691	0.001029156783
61692	0.004589044892
61693	0.004495325767
61694	0.004516296907
61695	0.000375202642
61696	0.00163487684
61697	0.006364284048
61698	0.002177863031
61699	0.003057585336
61700	0.0004754896104
61701	0.003002563487
61702	0.001944071618
61703	0.002497233817
61704	0.0004421056467
61705	0.0003054515482
61706	0.002220826325
61707	0.000735572566
61708	0.0004084202607
61709	0.001673619059
61710	0.000201769669
61711	0.0002218122383
61712	0.0002335500885
61713	0.0007379773247
61714	0.003843684711
61715	0.002401953017
61716	0.0001776122173
61717	0.003980801251
61718	0.001423406778
61719	0.001320725365
61720	0.001747927722
61721	0.0002762504714
61722	0.001251365435
61723	0.001779777557
61724	0.006542294459
61725	0.001882299031
61726	0.006556117646
61727	0.001009649069
61728	0.001999320911
61729	0.001813640432
61730	0.001855766736
61731	0.006732747156
61732	0.001765681436
61733	0.004656404703
61734	0.0004693660334
61735	0.0006512151119
61736	0.004578385866
61737	0.0003247736296
61738	0.006319855084
61739	0.002969289029
61740	1.382783878e-06
61741	0.001388611723
61742	0.0001679789873
61743	0.0009132766104
61744	0.003119478327
61745	9.313697757e-05
61746	0.001245376097
61747	0.002653480356
61748	0.0006374668297
61749	0.0004713191905
61750	0.002789644236
61751	0.004639188575
61752	0.0006182196923
61753	0.006331322489
61754	4.498205607e-05
61755	0.00131683263
61756	0.00145584448
61757	0.001144522816
61758	1.70158594e-05
61759	0.0009757812024
61760	0.001566087326
61761	0.0006870648554
61762	0.001272310861
61763	0.0005545441131
61764	0.001147256485
61765	0.003594117276
61766	0.002762448328
61767	0.001951373833
61768	0.0004772093418
61769	0.005997746887
61770	0.001557378047
61771	0.003051074413
61772	0.006513111852
61773	0.003442982176
61774	0.005672170867
61775	0.008285306924
61776	0.0009255224178
61777	0.001687643765
61778	0.0008901034045
61779	0.0005511465978
61780	2.981318114e-05
61781	0.0002608302137
61782	0.0002692438572
61783	0.0004582156802
61784	0.001952312582
61785	0.002071187055
61786	0.004918764608
61787	0.0002165686806
61788	0.0006124772511
61789	8.190470089e-05
61790	0.0009928724833
61791	0.000660065062
61792	0.0006276541829
61793	0.004782214885
61794	0.001613272429
61795	0.001530990155
61796	0.0006034559216
61797	0.002813868729
61798	0.0004173289228
61799	0.00591559422
61800	0.002569364953
61801	0.002027183533
61802	0.002957889612
61803	0.001682350621
61804	0.0003741304732
61805	0.0006947967169
61806	0.0001235910831
61807	0.00114645182
61808	0.000163590187
61809	0.0003296851914
61810	0.0003957933238
61811	0.0007722750321
61812	0.002611714863
61813	3.938765994e-05
61814	9.293688649e-05
61815	4.000059126e-05
61816	4.658633742e-05
61817	0.0008410678292
61818	2.09002964e-05
61819	0.001978035726
61820	0.0007820980853
61821	0.007928150293
61822	0.002034506458
61823	0.005998471002
61824	0.004188557983
61825	0.0008896848598
61826	0.000665040134
61827	0.002626008964
61828	0.001208661787
61829	0.0005574842756
61830	0.001497695444
61831	0.0002481466024
61832	0.0008087901429
61833	0.002186667068
61834	0.0008805938705
61835	0.002016243919
61836	0.002476579384
61837	0.008196128783
61838	0.004476321227
61839	0.001027189085
61840	0.004522766198
61841	0.002731625423
61842	0.0008097661757
61843	0.004029731962
61844	0.003106456868
61845	0.004944860342
61846	0.001652388624
61847	0.00343949027
61848	0.001604207827
61849	0.0006685526087
61850	0.002340974858
61851	0.002487297431
61852	0.000469387635
61853	0.002135710565
61854	0.0003318313244
61855	0.0006687048203
61856	0.0004900500327
61857	0.001603365551
61858	0.000626880436
61859	0.0007625897406
61860	0.004532110924
61861	0.0006555909439
61862	0.002807915567
61863	0.001889969448
61864	0.0004372430477
61865	0.0009974530892
61866	0.0007162080482
61867	3.828715097e-05
61868	0.0003981837609
61869	0.003929648157
61870	0.0007855819892
61871	0.0004448184021
61872	5.112867036e-05
61873	0.00101730693
61874	0.0006025579005
61875	0.001547937209
61876	0.003517742184
61877	0.000868100941
61878	0.002825496522
61879	0.001438255228
61880	0.004507642928
61881	0.0001371858221
61882	0.003386610524
61883	0.0007508650496
61884	0.0004076497959
61885	0.001586407287
61886	0.001203541938
61887	1.017067661e-05
61888	0.0005463906139
61889	0.0005874185353
61890	0.0001527323446
61891	0.0002058877325
61892	0.001794910422
61893	0.0005554552948
61894	0.007626381619
61895	0.002180858093
61896	0.001152666497
61897	0.001416729805
61898	0.00233853061
61899	0.000135666719
61900	0.001442706531
61901	0.002354367442
61902	3.542105788e-05
61903	1.294134981e-06
61904	0.0003578990046
61905	0.001026653765
61906	0.0003526168569
61907	0.0001375589425
61908	0.0004942294821
61909	0.0003529738514
61910	0.0007008087112
61911	0.002788325002
61912	0.003455474712
61913	0.0001772409261
61914	0.001851103317
61915	0.001298920329
61916	0.006476591651
61917	0.007368940483
61918	0.0008490543824
61919	0.0006211633324
61920	0.002235527018
61921	0.004174458169
61922	0.001805054978
61923	0.001827121705
61924	0.002022677284
61925	0.001458258726
61926	0.0004075169214
61927	0.000361414905
61928	0.005701968767
61929	0.006489041812
61930	0.0003135811147
61931	0.0004990443945
61932	0.003670024794
61933	0.0002683077238
61934	0.003384108012
61935	0.000414270642
61936	0.001590203834
61937	0.0005592460423
61938	0.002580071238
61939	0.0009198316677
61940	0.000212139337
61941	0.0005239108609
61942	0.0009373931188
61943	0.006796735029
61944	0.001378339272
61945	0.00282605924
61946	0.00493794896
61947	0.001778247822
61948	1.18219785e-05
61949	0.003150624433
61950	0.002190077774
61951	0.002869127551
61952	0.0003348979937
61953	0.002352065571
61954	0.00187633815
61955	0.0003102150847
61956	0.0002608126522
61957	0.0003119077159
61958	0.001806372008
61959	0.001020043337
61960	0.004704565618
61961	0.001715724573
61962	0.001228868958
61963	0.0005335585629
61964	9.651911423e-05
61965	0.003148801987
61966	0.004730573834
61967	0.001389758787
61968	0.00164461816
61969	0.006791630013
61970	0.0006475469351
61971	0.002325886796
61972	0.01136781328
61973	0.003578110729
61974	0.004159625792
61975	0.0006492991372
61976	0.002081408494
61977	9.015487518e-05
61978	0.001718193046
61979	0.005031455784
61980	0.004841324023
61981	0.0003166006047
61982	0.0006825585198
61983	0.002057133622
61984	0.00224792838
61985	0.003534753574
61986	0.0005432960239
61987	0.006150115141
61988	0.006336558001
61989	0.0005135968606
61990	0.006370024026
61991	0.00040733893
61992	0.003495186637
61993	0.004460538429
61994	0.001178510785
61995	0.003305015958
61996	7.719815233e-05
61997	1.789213496e-05
61998	0.00110335431
61999	0.001988545727
62000	0.001261704657
62001	0.005512540323
62002	0.0008324397345
62003	0.001710645889
62004	0.0004626326241
62005	0.001589992084
62006	0.001233065324
62007	0.001783984056
62008	0.001776403321
62009	0.009668326883
62010	0.004023006496
62011	0.001172393243
62012	0.0001735290939
62013	0.002106403889
62014	0.00294589094
62015	0.003969014048
62016	0.002626842519
62017	0.003716084602
62018	0.003700997555
62019	0.004975978574
62020	0.003302771003
62021	0.0007072684765
62022	0.001394799286
62023	0.001840445445
62024	0.0005128364516
62025	0.0003960110483
62026	0.003712521527
62027	0.0006271140551
62028	0.001742736503
62029	0.0005721049631
62030	0.005290402065
62031	0.002073766994
62032	0.008422105656
62033	0.000484065549
62034	0.0004573397002
62035	0.0004545469719
62036	0.003219964711
62037	0.0002046620317
62038	0.003155258489
62039	0.002120072877
62040	3.100532799e-06
62041	0.001069233399
62042	0.001456295532
62043	0.002222764339
62044	0.001346430107
62045	0.001212805162
62046	0.0007074567087
62047	0.001364596323
62048	0.0001246401829
62049	0.0007245712496
62050	0.002120379722
62051	0.002670850559
62052	0.0001633557144
62053	0.004187474519
62054	0.0005962756569
62055	0.002542387268
62056	0.003949776388
62057	0.002033491431
62058	0.002879803279
62059	0.002227371337
62060	0.00281572713
62061	0.003071942622
62062	0.001370270905
62063	0.003279111044
62064	0.004402780131
62065	0.003709201136
62066	0.004265507287
62067	0.002795363684
62068	0.002331538525
62069	0.0003867583432
62070	0.004185397289
62071	0.0006572872854
62072	0.006823128781
62073	0.001856879927
62074	0.005657062201
62075	0.003178385828
62076	0.005170696257
62077	0.001389570323
62078	0.002879141257
62079	8.005707029e-05
62080	5.023210514e-05
62081	0.001134386199
62082	0.0003324589526
62083	0.0003290326619
62084	0.001441497201
62085	0.0008131847679
62086	0.001067998475
62087	0.001635908661
62088	0.003051532602
62089	0.001668094126
62090	0.001947699378
62091	0.000697289621
62092	0.0003436263769
62093	0.001683011475
62094	0.0008609568956
62095	1.586795977e-05
62096	0.001189771418
62097	0.001500456104
62098	0.001932732375
62099	0.001378311403
62100	0.001700149977
62101	0.001986892653
62102	0.00144041775
62103	0.0008316038727
62104	0.003905002079
62105	0.005324637052
62106	4.593285948e-05
62107	0.004797030581
62108	0.002662645103
62109	0.00220034141
62110	0.002145773733
62111	0.004218035903
62112	0.004348621722
62113	0.0009091984968
62114	0.0003136525583
62115	0.001108473058
62116	0.003644290751
62117	0.003287691
62118	0.0006958909421
62119	0.0004317852213
62120	0.002629630059
62121	0.002596687306
62122	0.000917148006
62123	0.001284125995
62124	0.0004077453939
62125	0.0003172366111
62126	7.01566137e-05
62127	0.000599736065
62128	4.719437863e-05
62129	6.802241473e-05
62130	0.002224168003
62131	0.003049410737
62132	0.0001836652117
62133	2.146534541e-05
62134	0.001445031234
62135	0.001226757526
62136	0.001558829179
62137	0.001297657904
62138	0.001838081409
62139	0.0009119976757
62140	0.0003685981183
62141	0.0003723552218
62142	0.007707144694
62143	0.0007142537064
62144	0.003740637045
62145	0.004637443596
62146	2.855578592e-05
62147	0.001181739161
62148	0.0009624736349
62149	0.00215505043
62150	0.0002277271918
62151	0.0007879101902
62152	0.0002968247489
62153	0.000294420392
62154	0.0002543943792
62155	0.0005111107982
62156	0.0004124379872
62157	0.0005269287394
62158	7.57179074e-05
62159	2.100916125e-05
62160	0.0009584939934
62161	6.069929219e-05
62162	5.39486343e-05
62163	0.0002275134603
62164	0.0001150188545
62165	0.0006898525306
62166	0.001244794798
62167	0.0004223338926
62168	0.001085937113
62169	0.002034037012
62170	0.0006276343386
62171	0.0002334552412
62172	0.0001985033795
62173	8.810375418e-05
62174	0.0001277737814
62175	0.0003145033554
62176	3.711067907e-06
62177	0.000229692036
62178	6.853597311e-06
62179	0.000827791635
62180	0.0004046721976
62181	0.001064817979
62182	0.0001344895092
62183	0.0007921917242
62184	0.002172834016
62185	0.002119859017
62186	0.0003895893943
62187	0.0006179946423
62188	0.001007347134
62189	0.00433462452
62190	0.00122581604
62191	0.001931470941
62192	0.0002086773029
62193	0.002848328509
62194	0.002004236925
62195	0.001118913552
62196	0.0009512355581
62197	0.001487965251
62198	0.001467675482
62199	0.003199670204
62200	0.0006192406238
62201	0.000403331591
62202	0.001471171289
62203	0.001615142894
62204	0.002303996938
62205	0.002272068611
62206	7.103429971e-05
62207	0.001873509014
62208	0.0005538766697
62209	0.0001539056641
62210	0.001106240594
62211	0.002426952945
62212	0.0006320435498
62213	0.0006343460729
62214	0.0002548551476
62215	0.0009527129085
62216	0.0003735811324
62217	0.000193595873
62218	0.0002688294662
62219	0.0002959173602
62220	5.81958627e-05
62221	0.002857311704
62222	0.0009200558136
62223	0.00150818951
62224	0.0005907040995
62225	0.0009178908756
62226	0.0007647695956
62227	0.001853998342
62228	0.0009581993597
62229	0.002662405402
62230	0.0007536075174
62231	0.001794561191
62232	0.0007437768989
62233	0.0003133045695
62234	0.0003873100385
62235	0.001091345431
62236	0.0004576734054
62237	0.001722428445
62238	0.001171300734
62239	0.001242337887
62240	0.0007172173406
62241	0.001837401654
62242	0.0003742621875
62243	0.00132895005
62244	0.002008911492
62245	0.002040916389
62246	0.0001604495922
62247	0.001064887881
62248	0.001401428449
62249	0.001856789854
62250	0.007595814701
62251	0.001428580266
62252	0.0001662804752
62253	0.001603538085
62254	0.002003483131
62255	1.01483045e-05
62256	0.001853275863
62257	0.0008274476558
62258	0.00138738958
62259	0.0001087780907
62260	2.016797904e-05
62261	0.0003235672998
62262	1.884748651e-06
62263	0.0007097918886
62264	0.0009094846017
62265	0.001724599513
62266	0.0007815431206
62267	9.190198732e-05
62268	0.0009125993957
62269	0.00325385483
62270	0.003020405902
62271	0.002046972863
62272	0.0008859149686
62273	0.0017075682
62274	0.0004918350467
62275	0.001843153075
62276	0.002346845102
62277	0.001868705407
62278	0.00327593126
62279	0.003665350351
62280	0.0009641069884
62281	0.0004353748201
62282	0.001004107043
62283	0.001716446988
62284	0.0005196752868
62285	0.0008501755472
62286	0.002121853956
62287	0.0009711050343
62288	0.001365495028
62289	0.001011853642
62290	0.0009297695278
62291	0.00135084656
62292	0.001264828268
62293	0.001316490498
62294	0.002143458928
62295	0.002456424814
62296	0.002480277797
62297	0.003231028437
62298	0.001365038029
62299	0.001346776596
62300	0.001628046846
62301	0.0003747867121
62302	0.00191671204
62303	0.0006977763966
62304	0.002151160829
62305	0.0003927916946
62306	0.001224267696
62307	1.440977046e-05
62308	0.003767046264
62309	0.003888826917
62310	0.003395792449
62311	0.001183619391
62312	0.002826379637
62313	0.001743871579
62314	0.001404379608
62315	0.001940992784
62316	0.0003471127772
62317	1.801093755e-07
62318	4.707404162e-08
62319	0.001459940838
62320	0.001462044774
62321	0.006120913619
62322	0.001096202375
62323	0.0001740453455
62324	0.001143956307
62325	0.0005911125406
62326	0.002419375335
62327	0.004433276226
62328	0.0001771833706
62329	1.433086475e-05
62330	0.001000131947
62331	0.008407397807
62332	3.899096044e-05
62333	0.0002391868336
62334	0.0008596969531
62335	0.001516415784
62336	0.005047515514
62337	0.004171053457
62338	0.00142988169
62339	0.0003619319046
62340	0.00106543462
62341	0.001040203406
62342	0.0007247577687
62343	0.0005065108235
62344	0.002485057157
62345	0.003757343881
62346	0.0008032141148
62347	0.001059044209
62348	3.213741122e-05
62349	0.0001376241264
62350	0.0008332549
62351	0.007520228509
62352	0.001129170814
62353	0.0005706536056
62354	3.825012114e-05
62355	0.004851585986
62356	0.001115969711
62357	0.003062919179
62358	0.003014614107
62359	0.0004144181369
62360	0.0004917139571
62361	0.0003282340114
62362	0.0007123019074
62363	0.0007775357395
62364	0.0001984067544
62365	0.003441428529
62366	0.001363314763
62367	0.000623556443
62368	3.74740861e-05
62369	0.002728279213
62370	0.0003446759958
62371	0.004605648822
62372	0.0004766140763
62373	0.0002650944114
62374	5.958131406e-05
62375	0.000267186706
62376	5.528712606e-05
62377	0.000304831826
62378	0.0002145637314
62379	0.0001563978164
62380	3.143996459e-05
62381	0.0005935033131
62382	0.0002213686455
62383	0.001543601455
62384	0.007122021173
62385	0.005653997205
62386	0.0001802396419
62387	0.00406324962
62388	0.0001437986412
62389	0.003021293653
62390	0.0005320669885
62391	0.002831840202
62392	0.0001364234653
62393	0.0004246896075
62394	0.002508168695
62395	0.001904174991
62396	0.0001537282009
62397	0.0007233197271
62398	0.0002398880689
62399	0.0003214030115
62400	0.0002372446206
62401	0.003329246904
62402	0.001152818053
62403	1.27426369e-05
62404	0.0004521440521
62405	0.0009907798442
62406	0.0003139441482
62407	0.0008757539129
62408	0.001253987332
62409	0.0003537316106
62410	0.001288787266
62411	0.001409045261
62412	6.942960284e-06
62413	0.001023043914
62414	0.0005293348168
62415	0.0007079154836
62416	0.00145467196
62417	0.00035323121
62418	0.0003888353398
62419	0.0003613580921
62420	0.001407595347
62421	0.001247115827
62422	0.001387138218
62423	0.0005178638098
62424	7.37595741e-05
62425	0.0001086989794
62426	0.0004694002437
62427	0.0004920446491
62428	0.0007634701577
62429	0.002178015407
62430	4.918474522e-07
62431	0.0001966711485
62432	0.0002005254478
62433	0.0005060831964
62434	0.002634299317
62435	7.247451959e-05
62436	0.0001881867249
62437	0.0003027286904
62438	0.0008177888772
62439	0.0002841210771
62440	8.583565624e-05
62441	0.0004904239784
62442	0.0009059311403
62443	0.0005340250899
62444	1.30763962e-05
62445	0.002989391132
62446	0.0002859726559
62447	1.690514075e-05
62448	0.00115045957
62449	2.938464821e-05
62450	0.0001554264386
62451	0.0001889579544
62452	0.0005724745782
62453	0.000534432249
62454	0.000596975119
62455	0.00132253603
62456	0.0001573696585
62457	3.674002292e-06
62458	4.366168155e-05
62459	0.0001703113515
62460	0.0001457829856
62461	6.649536779e-05
62462	0.003420831975
62463	0.001954346736
62464	0.000365985486
62465	0.000157530436
62466	0.0001251896123
62467	0.0003216550605
62468	0.0002083481965
62469	0.001320969134
62470	0.0009117999083
62471	0.0009721621652
62472	0.0004812645501
62473	7.562521736e-05
62474	0.0004108859836
62475	0.0008192109686
62476	3.965684745e-05
62477	0.001709362711
62478	0.0001865308259
62479	0.0001501526478
62480	0.0004633263884
62481	0.0001575094813
62482	0.001093597181
62483	0.001142361887
62484	0.0008312032847
62485	0.0001050198062
62486	0.001298723347
62487	0.000108338054
62488	7.595843515e-05
62489	0.0001018042181
62490	4.944227492e-05
62491	0.0008861617101
62492	0.0003402893091
62493	0.001037797455
62494	0.000381839683
62495	0.0002499628924
62496	0.002947408214
62497	0.0009032818103
62498	0.003815282759
62499	0.0005360210893
62500	0.0004218633257
62501	6.805453304e-05
62502	0.0001343957745
62503	0.0001771017341
62504	0.0001606435713
62505	0.0006184744525
62506	2.59841259e-05
62507	0.0004203789733
62508	0.0001901145304
62509	0.0002232652998
62510	0.001292418781
62511	0.0005926863362
62512	0.0001466329131
62513	0.00245589146
62514	3.380797576e-05
62515	0.0002243221339
62516	0.001159620761
62517	0.0002435821709
62518	0.002895381885
62519	0.001109063433
62520	0.001076773505
62521	0.001301410443
62522	0.001138483211
62523	0.0001397718813
62524	0.0003039377335
62525	0.0004484481662
62526	9.100337167e-05
62527	0.0007513084733
62528	1.660631726e-06
62529	0.0005585404948
62530	7.495322584e-05
62531	0.0008738236851
62532	0.001153401419
62533	8.887732927e-05
62534	0.000464025661
62535	0.002578939201
62536	0.0002293237388
62537	8.657651492e-06
62538	0.0002928147814
62539	0.0007271075194
62540	0.0003617347464
62541	0.0003264540289
62542	3.038452495e-05
62543	0.001899300053
62544	0.0008488238377
62545	0.006016024848
62546	8.645180081e-06
62547	0.0004404999113
62548	0.0003822855054
62549	2.629421385e-05
62550	0.0007030805468
62551	0.0004167748339
62552	0.0006762210468
62553	0.0001597673715
62554	0.0001552326237
62555	0.0004613133087
62556	0.0004743392843
62557	0.002276326155
62558	0.0005087760427
62559	0.000307423304
62560	0.004619896537
62561	0.0007729639573
62562	0.0003105238363
62563	0.0004038942067
62564	0.0001124627377
62565	0.0004345374911
62566	2.868799459e-05
62567	7.70615337e-05
62568	0.0003055804427
62569	0.0001306683517
62570	0.003045377468
62571	0.0007926935747
62572	0.0008719626056
62573	0.001527212748
62574	0.0001749857106
62575	0.0004214597472
62576	0.000372584348
62577	0.0002530441694
62578	0.0003506746023
62579	0.0005455541946
62580	0.0007529577522
62581	0.0003309580454
62582	0.001053044895
62583	0.001104195415
62584	0.001002056259
62585	0.0003166778869
62586	0.001254523853
62587	0.0004152863058
62588	0.0006527010277
62589	0.0006453024535
62590	0.0008314906035
62591	0.001436475696
62592	0.0007036122968
62593	0.002118630639
62594	0.000234145987
62595	0.0002305447322
62596	0.0001585522189
62597	0.000635047606
62598	0.0006213696552
62599	0.0004210649944
62600	0.001000981068
62601	0.001434101666
62602	5.733179564e-06
62603	0.0001209249769
62604	0.0002419477833
62605	0.0003350384158
62606	0.0004850867794
62607	0.0001883119325
62608	0.0003924116063
62609	0.0004316705895
62610	0.001945614822
62611	0.0003504060901
62612	0.0002103352738
62613	0.000573604691
62614	0.002092721965
62615	0.0006473783011
62616	0.005759236718
62617	0.005864764717
62618	0.002109363591
62619	0.0004527824036
62620	9.74753053e-05
62621	0.0002028870324
62622	9.974395498e-05
62623	0.0007974794574
62624	0.0006342353267
62625	0.001368585106
62626	0.0006012980893
62627	0.0005306551903
62628	0.003616447098
62629	0.0009856958353
62630	0.001218981068
62631	0.0001002575715
62632	0.001848744122
62633	0.000232230444
62634	0.0003304063005
62635	0.0005896702632
62636	0.001148591522
62637	1.862106546e-05
62638	0.0003908658796
62639	0.001074220585
62640	0.0005138923354
62641	7.875712618e-05
62642	0.0001581444623
62643	0.0004040091523
62644	0.0003957547938
62645	0.004053750651
62646	0.0006589547407
62647	0.001114967071
62648	0.0004153624957
62649	0.0002455219793
62650	0.0001674192153
62651	2.869084544e-05
62652	0.006007325511
62653	0.0002215984483
62654	0.0002379490463
62655	0.001372351658
62656	0.0001671085341
62657	9.408294724e-05
62658	0.000247858945
62659	0.0001163681576
62660	0.0006735715632
62661	0.0004928018464
62662	0.0004644153018
62663	0.0002501057553
62664	0.0008426408844
62665	0.0006351809166
62666	4.676880029e-05
62667	0.0008438562682
62668	0.005389372521
62669	0.0002701472352
62670	0.0003442002926
62671	0.0004678953269
62672	0.0001939267915
62673	0.001488284193
62674	0.0003136721155
62675	0.0001986655826
62676	4.33836707e-06
62677	0.0004341337219
62678	0.0005150052179
62679	0.000426741864
62680	0.0001587828389
62681	0.0002067254752
62682	0.0012307567
62683	0.0003367884329
62684	0.0006085536444
62685	0.0008740516273
62686	0.0003057929683
62687	0.0008351103944
62688	0.0003421090587
62689	0.001105991305
62690	0.003202345273
62691	0.0009533973276
62692	0.000644274186
62693	0.0003959060467
62694	0.0004593447895
62695	0.0005347451362
62696	0.00163068114
62697	0.0002052005327
62698	0.0005579558111
62699	2.473503312e-06
62700	8.57906272e-05
62701	0.00017136868
62702	0.001018172511
62703	0.001510141771
62704	0.00315048764
62705	4.558610164e-05
62706	0.0002163176606
62707	0.001162073318
62708	0.000443742555
62709	0.0008941438854
62710	0.000649172569
62711	0.002975563213
62712	0.0004237826971
62713	0.0002573306608
62714	0.001652208666
62715	0.0001200203522
62716	0.00133453205
62717	0.002798327361
62718	0.0001156661562
62719	0.0004463275831
62720	0.0007142484176
62721	0.0002411466164
62722	0.001183132806
62723	0.0009161102496
62724	0.001188702373
62725	0.000348758642
62726	0.0003315617543
62727	0.0002387152404
62728	0.0008717407943
62729	0.0001621316941
62730	0.0001464632933
62731	0.0008563936477
62732	0.001460417989
62733	0.00205386175
62734	0.002276135038
62735	1.963929104e-05
62736	0.0005566863277
62737	0.0007134658917
62738	0.0005013592214
62739	0.001284001939
62740	0.003959689515
62741	0.0002063766144
62742	0.003853544339
62743	0.002018364154
62744	0.001036653993
62745	0.003903652332
62746	7.834571413e-05
62747	7.882886607e-05
62748	0.0005026972139
62749	0.0007853484621
62750	0.0002864864859
62751	1.513337211e-05
62752	0.0008163115446
62753	0.004372054939
62754	0.000921251054
62755	0.0003436875054
62756	0.0003949345343
62757	0.001859755293
62758	0.002428509868
62759	0.001511241824
62760	3.56399741e-05
62761	0.0003059914386
62762	9.677795204e-05
62763	0.0001270441968
62764	0.0005754559841
62765	0.000275627638
62766	0.000487924226
62767	4.097116183e-05
62768	0.0004505927781
62769	0.0004440067438
62770	0.000792377361
62771	0.0005052274742
62772	0.0008470406285
62773	0.0008946855243
62774	0.001815771899
62775	2.338433386e-05
62776	0.005630390378
62777	0.001729344282
62778	0.003703802534
62779	0.00144821903
62780	0.002734729394
62781	0.003935468077
62782	0.001075437232
62783	0.002923894828
62784	0.0003695067485
62785	0.0001812712954
62786	0.0005122379324
62787	0.003087276259
62788	7.45555075e-05
62789	0.001530826348
62790	0.002762623276
62791	0.0003202503621
62792	0.003927929027
62793	0.002193177665
62794	0.0003511557255
62795	0.0002198731471
62796	0.0008731228895
62797	0.0007696519436
62798	0.0007860226708
62799	0.0008994924093
62800	0.0002293407837
62801	0.001180363227
62802	0.003478602598
62803	0.006908346076
62804	0.004103358544
62805	0.002155059934
62806	0.001338472639
62807	0.0003248199421
62808	0.0004257814577
62809	0.0003924335357
62810	0.0007522254411
62811	0.005005379935
62812	0.004112568665
62813	0.003896926296
62814	0.008350320237
62815	0.00243481669
62816	0.003861845001
62817	0.001775981825
62818	0.00443616719
62819	0.004287908351
62820	0.005304023397
62821	0.006047326784
62822	0.004071500481
62823	0.0001026913111
62824	0.004933069041
62825	0.001696636969
62826	0.0017683081
62827	0.0002737163681
62828	0.0001006734033
62829	0.0007345572475
62830	0.0001043552028
62831	0.002248978243
62832	0.00300595603
62833	0.0002298619738
62834	0.001393402751
62835	0.002418900497
62836	9.353251987e-05
62837	0.000850254903
62838	0.004041742285
62839	0.006261372286
62840	0.007499486261
62841	0.0003064513358
62842	0.0005844137685
62843	0.004234682473
62844	0.0005388606113
62845	0.000715420534
62846	0.000795228319
62847	5.178960264e-05
62848	0.0001644570572
62849	0.0004701057944
62850	0.0001383021361
62851	0.002372525107
62852	0.000503360734
62853	7.180126443e-05
62854	0.0001922842548
62855	0.001595323337
62856	0.001024318882
62857	0.0004500826758
62858	0.001931906624
62859	0.0008407205351
62860	2.753909205e-05
62861	0.004343358757
62862	0.0007176627348
62863	0.003404206044
62864	0.000589191425
62865	0.003401117864
62866	0.001244884004
62867	0.0009496520722
62868	0.0002219873218
62869	0.001054065643
62870	0.005700735135
62871	0.001853586573
62872	0.0001187054017
62873	0.001364254325
62874	0.004659941173
62875	0.001041942196
62876	0.001841392235
62877	0.002136980098
62878	0.00258963436
62879	0.002084886204
62880	0.001874095791
62881	0.0006496416251
62882	0.0005662158646
62883	0.002148684194
62884	0.005416369064
62885	0.0009716357395
62886	0.005103146612
62887	0.006571507151
62888	0.00471705232
62889	0.0005409593213
62890	0.0001870006341
62891	0.005149563927
62892	0.004836814895
62893	0.0002528928249
62894	0.001849434655
62895	0.003257403597
62896	0.0001559208344
62897	0.0008033673711
62898	0.003735641641
62899	0.002659628938
62900	0.003103443941
62901	0.005853156137
62902	0.001218757404
62903	0.001351076657
62904	0.001080334836
62905	0.001254892421
62906	0.0005542775592
62907	0.003388771254
62908	0.001911541255
62909	0.001593175539
62910	0.001355464463
62911	0.0001586954506
62912	2.446213426e-05
62913	0.0001509990761
62914	5.356750528e-05
62915	0.0003071963311
62916	9.762059227e-05
62917	0.0003362289945
62918	0.005779065099
62919	0.001408058435
62920	0.0006085891379
62921	0.0002146384001
62922	0.002928325851
62923	0.001711621917
62924	0.0007398923422
62925	0.003155882411
62926	0.0008447349939
62927	0.0001771592259
62928	0.001062229808
62929	0.0007754007087
62930	0.004042564257
62931	0.00645147025
62932	0.0003538155242
62933	0.002958529259
62934	0.003110367048
62935	0.003556804742
62936	0.006104245152
62937	0.0002259266956
62938	0.0008046042377
62939	0.001965877101
62940	0.0004977578334
62941	0.002529088743
62942	2.644810405e-05
62943	0.0009856536205
62944	0.003404112049
62945	0.000862714381
62946	0.0005598457302
62947	0.001793939066
62948	0.00179552549
62949	0.002026878558
62950	0.002602767643
62951	0.0003820253984
62952	0.002892959131
62953	0.0005713269023
62954	0.000898925471
62955	0.0001249121249
62956	0.0003891397374
62957	0.002556053279
62958	0.001123909045
62959	0.0005630553617
62960	0.01000097772
62961	0.003491035511
62962	0.004768531719
62963	0.0006505205163
62964	0.002109322391
62965	0.002034875662
62966	0.00279842553
62967	0.00448799604
62968	0.0008418922662
62969	0.0005582706297
62970	0.003615948907
62971	0.0002947043053
62972	0.002624133898
62973	0.0006100532425
62974	0.0002967457547
62975	0.000269051114
62976	0.0003842791909
62977	0.002775768654
62978	0.0006392749977
62979	0.003440535048
62980	0.0009831228515
62981	0.0002552016213
62982	0.001637571771
62983	0.0009066636595
62984	0.0009075343925
62985	0.00131037157
62986	0.0008229048793
62987	1.766750185e-07
62988	0.0001690302302
62989	0.00300692812
62990	2.173275792e-05
62991	0.0007152091364
62992	0.001427839193
62993	0.003171211418
62994	7.33533114e-05
62995	0.002340130677
62996	8.556658018e-05
62997	0.004969938916
62998	0.001721405377
62999	0.001538828816
63000	0.005431955669
63001	0.001282861236
63002	0.006730908463
63003	0.003372932628
63004	0.002754007087
63005	0.00141550163
63006	0.001236873723
63007	0.004897523735
63008	0.002647879959
63009	0.0006402647188
63010	0.00142522566
63011	0.002246576531
63012	0.0005306256162
63013	0.001790339311
63014	0.002128692295
63015	0.001166177357
63016	2.310778069e-05
63017	0.003359098567
63018	0.0007020666878
63019	0.0001112308349
63020	0.0001432489029
63021	0.0001701701855
63022	0.000363789355
63023	0.007732216428
63024	0.0008896478958
63025	0.00253932709
63026	0.0009442053328
63027	0.001856521144
63028	0.002838911926
63029	0.0008520213459
63030	0.003491217982
63031	0.0001651434691
63032	0.003430926031
63033	0.002034177749
63034	0.0006161091345
63035	0.0003849984788
63036	0.002528292561
63037	0.00266094682
63038	0.0009361995057
63039	0.0006294542937
63040	0.002373616566
63041	0.000945330078
63042	0.002717119295
63043	0.002079710278
63044	0.003179529344
63045	0.001481373301
63046	0.0004702970857
63047	0.003873726871
63048	0.001153535662
63049	0.0003013438449
63050	0.0006138593352
63051	0.0001993442454
63052	0.0002610670204
63053	0.0001211390187
63054	0.0002204238755
63055	2.658596231e-05
63056	0.0004841390986
63057	0.0001208327499
63058	0.000117688898
63059	0.001447447021
63060	0.0003214482746
63061	0.000667119433
63062	0.0001829527656
63063	7.386617476e-05
63064	0.0001296606302
63065	0.0001281844089
63066	0.0005155671681
63067	0.001187685952
63068	0.0007540776235
63069	0.0005570832931
63070	0.0003459809189
63071	0.0004769873597
63072	0.000263933985
63073	0.000588112402
63074	0.0002522931351
63075	0.0003523493615
63076	0.001947521736
63077	0.00109656972
63078	0.001727548699
63079	0.01069522758
63080	0.0002320762825
63081	0.003210649226
63082	0.001413433635
63083	0.002152965619
63084	0.005252994876
63085	0.005737161463
63086	0.0003254048035
63087	0.002421190223
63088	1.152228637e-05
63089	0.0008162954393
63090	0.007474351202
63091	0.006562006171
63092	0.0008054668344
63093	0.0008291250168
63094	0.001493095975
63095	0.002668477558
63096	0.002651255659
63097	0.0001064646806
63098	0.0001934322658
63099	0.000490806053
63100	0.00314783665
63101	0.002319733934
63102	9.549369753e-05
63103	0.0003654869037
63104	2.829924451e-05
63105	0.0007230828
63106	8.158797906e-05
63107	0.002697476642
63108	0.0003535838314
63109	0.001220803726
63110	0.0001348869244
63111	0.0001535685806
63112	0.0001407603207
63113	0.002128489658
63114	0.007321580529
63115	0.002297060696
63116	0.004731724917
63117	0.0001354944825
63118	4.069966643e-05
63119	0.0002329962864
63120	0.0003608380951
63121	0.002776825759
63122	0.0001318849442
63123	0.002918583322
63124	2.019666483e-05
63125	0.003068528393
63126	0.001164089807
63127	0.001164932813
63128	0.0009602759057
63129	0.002287484318
63130	0.0009440453702
63131	0.001720978797
63132	0.002146171716
63133	0.005472811059
63134	0.001554825379
63135	0.004115006532
63136	0.001314512242
63137	0.0008021688273
63138	0.001676347241
63139	0.0002793917773
63140	0.0004016820374
63141	0.0002533655941
63142	0.0005712156746
63143	0.0001653761863
63144	0.001042043958
63145	0.002895358424
63146	0.0004446211414
63147	0.0003400409659
63148	0.003502491272
63149	0.0005034488952
63150	0.0001944717296
63151	2.470250998e-05
63152	0.0006194681322
63153	0.0008970614354
63154	0.0001403236149
63155	0.006935678313
63156	0.0002394851517
63157	0.0001776888297
63158	8.220351958e-05
63159	0.0003561985335
63160	4.257661936e-05
63161	0.0003973996745
63162	0.0002919787136
63163	0.0002565073745
63164	0.0007258464655
63165	1.313312338e-06
63166	0.000774997692
63167	2.10590641e-05
63168	0.0011656554
63169	0.0002456857233
63170	0.000708335221
63171	0.000544166464
63172	8.460400378e-06
63173	0.0003411843878
63174	0.0001946314152
63175	0.0002835422548
63176	0.0001119757103
63177	0.000321008511
63178	0.0001864176967
63179	0.0003347190934
63180	0.001745365071
63181	0.003799929492
63182	0.0009484810564
63183	0.0006085725276
63184	0.0004047711259
63185	0.001836416997
63186	2.076645022e-05
63187	0.0008525033801
63188	0.0002721657724
63189	0.001892857457
63190	1.781180017e-05
63191	0.0003269134065
63192	0.0004701053423
63193	0.0009811471332
63194	4.179790334e-05
63195	0.001061516022
63196	0.0004261909701
63197	0.001871517817
63198	0.005543911295
63199	0.0001893089475
63200	0.000124190546
63201	0.0004644259792
63202	0.0002166817364
63203	0.003262228141
63204	0.0001698049332
63205	0.0002595428958
63206	0.00118433925
63207	0.0008024493114
63208	0.0008756926009
63209	0.002336685828
63210	0.0005708051913
63211	0.0006843112589
63212	0.0008573572515
63213	0.0003000060867
63214	5.581546879e-05
63215	0.0003421624383
63216	0.0002056293187
63217	7.750250035e-05
63218	0.0003736678631
63219	0.0001231064399
63220	0.0001908551768
63221	0.0002118010376
63222	0.0001174265257
63223	1.023365323e-06
63224	0.0001586144717
63225	0.00166382372
63226	0.00108494824
63227	0.001501525623
63228	0.000186110346
63229	0.001437507004
63230	0.001083932018
63231	0.0004812300421
63232	0.0002929133615
63233	0.0008468885979
63234	0.001056384257
63235	0.001171299541
63236	0.002341558027
63237	0.0002346619901
63238	0.001321881141
63239	0.002509663121
63240	0.00309933086
63241	0.00232930268
63242	0.0002217208218
63243	0.001172657897
63244	0.0008974614565
63245	0.002103520943
63246	0.001530448897
63247	0.003139124739
63248	7.796519892e-05
63249	0.0005980636361
63250	0.000721090231
63251	0.00327293935
63252	0.0007568267815
63253	0.008799066467
63254	0.004235424552
63255	0.0009174271963
63256	0.002981588098
63257	0.003941873622
63258	0.0006785457717
63259	0.0002187367903
63260	0.003185802235
63261	0.002279909032
63262	0.00197691272
63263	0.004883292329
63264	0.001660933761
63265	0.002246624382
63266	0.00169548546
63267	0.0007079021403
63268	0.000478719984
63269	0.0002177642474
63270	0.00381917134
63271	0.003422034298
63272	0.004805859825
63273	0.002144057228
63274	0.001165448806
63275	0.006030054592
63276	0.008151682551
63277	0.001082919092
63278	0.003861900949
63279	0.0002197633176
63280	0.003163385858
63281	0.002295416362
63282	0.001847823339
63283	0.00145085956
63284	0.007455866916
63285	0.004943468875
63286	0.0005716897317
63287	0.002417219209
63288	0.0003830448938
63289	0.003112158173
63290	0.004374829382
63291	0.004597359826
63292	0.0002819465787
63293	0.0006383401009
63294	0.0008116730271
63295	0.0009611660652
63296	0.00281313924
63297	0.001410652747
63298	0.0009436440752
63299	0.0008397780366
63300	0.002112998987
63301	0.002937987513
63302	0.00480838363
63303	0.004593667305
63304	0.00336675744
63305	0.002196887316
63306	0.002443199415
63307	0.002997424075
63308	0.0007449113919
63309	0.001914625914
63310	0.004025175471
63311	0.00124146762
63312	6.642125955e-05
63313	0.0006879621874
63314	0.00237583831
63315	0.002286798571
63316	0.00223915395
63317	0.002144154451
63318	0.001320587674
63319	0.002120460071
63320	0.001353614474
63321	0.0008783024252
63322	0.0009080895986
63323	0.002136018581
63324	0.001084934142
63325	0.00220440884
63326	0.0006135403004
63327	0.002260085283
63328	0.0002004972605
63329	0.002503714291
63330	0.0005314887444
63331	0.003347161144
63332	0.0004768417705
63333	0.003706259602
63334	0.0001336096235
63335	0.000126654043
63336	0.001634735734
63337	0.002443021851
63338	0.002116778115
63339	0.002705990232
63340	0.005382628721
63341	0.0004676021938
63342	0.002757435668
63343	0.0002983159165
63344	0.0001731568801
63345	0.0006797215643
63346	2.059283566e-05
63347	0.0002250134871
63348	0.003008439214
63349	0.0003175565025
63350	2.495261057e-05
63351	0.0007955723097
63352	0.0004275886273
63353	0.0003648330393
63354	0.000325005626
63355	0.0006490427703
63356	0.004565144918
63357	0.0003159614514
63358	0.0008013827472
63359	0.0001189072896
63360	0.002424538633
63361	0.002681628793
63362	0.0001586033635
63363	0.001097926237
63364	0.001083063463
63365	0.000501535137
63366	2.689913447e-05
63367	0.00382959599
63368	0.001589384236
63369	0.004889140732
63370	0.001079623143
63371	0.0002839583501
63372	0.0005080727455
63373	0.001202703147
63374	0.001069081708
63375	0.0002082428424
63376	0.003583681525
63377	0.001036180986
63378	0.002230380472
63379	0.001337312531
63380	0.0003564444794
63381	0.0006781323017
63382	0.000348969407
63383	0.001105867531
63384	0.0007309471283
63385	0.002355199748
63386	0.0007103972776
63387	0.001985806101
63388	0.0003687729974
63389	0.001309225932
63390	0.003256934361
63391	0.002395420552
63392	0.002381304272
63393	0.002669011516
63394	0.002825377513
63395	0.002085189529
63396	0.0007220208798
63397	0.0003393343165
63398	0.002607089963
63399	0.0005152641813
63400	1.573703817e-06
63401	0.0001147913624
63402	0.0006459576388
63403	0.0008596881853
63404	0.003780239082
63405	0.005676478381
63406	0.006822500742
63407	0.000626879115
63408	8.83820364e-07
63409	0.000363981138
63410	8.901662687e-05
63411	8.056166259e-05
63412	0.003157900042
63413	0.004033773265
63414	0.0008480778684
63415	0.0001334751879
63416	0.002679357285
63417	0.004128582082
63418	0.00358313568
63419	0.0007577636546
63420	0.00254618991
63421	0.001580284993
63422	0.002387198127
63423	0.001267513747
63424	0.001864830027
63425	0.003210978222
63426	0.002913494092
63427	0.00114788946
63428	0.00569207294
63429	0.002591027517
63430	0.002114879734
63431	0.00416786728
63432	0.002440942721
63433	0.001743528336
63434	0.001142660515
63435	0.001601807646
63436	0.001322293265
63437	0.0009972621882
63438	0.001514933256
63439	0.002865126413
63440	0.005339272681
63441	0.0006327609141
63442	0.001771401771
63443	0.002821634893
63444	0.003766900189
63445	0.002818533832
63446	0.002817406361
63447	0.001694893425
63448	1.054026437e-05
63449	0.001283803063
63450	0.0005741235132
63451	0.003509849357
63452	0.002208305224
63453	0.000230536212
63454	0.00316572179
63455	0.003094595703
63456	0.002232433071
63457	0.002524065545
63458	0.002478992988
63459	0.002147034087
63460	0.001640987882
63461	0.003300521778
63462	0.003541834091
63463	0.003109782719
63464	0.0001906292623
63465	0.00448360285
63466	0.0002596299229
63467	0.008809868213
63468	0.0001252016724
63469	0.0001618486917
63470	0.001304361815
63471	0.002432117354
63472	0.002560135198
63473	0.00282223938
63474	0.00553464355
63475	0.001147502588
63476	0.0003989149055
63477	0.002639172875
63478	0.002174553213
63479	0.005005254066
63480	0.002408088132
63481	0.0003916769495
63482	0.004744242107
63483	0.002500825492
63484	0.001490513182
63485	0.0005317253114
63486	0.001393112961
63487	0.0007340886735
63488	0.001345679783
63489	3.307038796e-05
63490	0.007353829452
63491	0.001195414388
63492	0.0004342672725
63493	0.0003285610351
63494	0.002635914812
63495	0.001239788097
63496	0.0009445250213
63497	0.001326395293
63498	0.003306628372
63499	0.001971640925
63500	0.0001374472145
63501	0.004714889716
63502	0.0007369327842
63503	0.001077810602
63504	0.0008837772983
63505	0.002477908519
63506	0.002429227382
63507	0.001975420373
63508	0.001336957583
63509	0.001192739136
63510	0.005623830091
63511	0.001311354289
63512	0.0008044284493
63513	0.003529473103
63514	0.002099974089
63515	0.001623291323
63516	0.003187208039
63517	0.003983606083
63518	0.003538394071
63519	0.0003550890345
63520	0.001954709046
63521	0.003459113116
63522	0.0001654983793
63523	7.708782162e-05
63524	0.0001058710582
63525	0.0001392763836
63526	0.005765749727
63527	0.0004646169868
63528	7.012504995e-05
63529	0.0007797346372
63530	0.0001109429167
63531	0.002830557507
63532	0.003218193484
63533	0.0006701655722
63534	0.0006765367749
63535	0.0007167280543
63536	0.001458067505
63537	0.001399919384
63538	0.0005659395132
63539	0.001643723361
63540	0.0003752811806
63541	0.0007803037465
63542	4.270209315e-05
63543	0.0002743717861
63544	0.001189577868
63545	0.0003598035306
63546	7.531328066e-05
63547	1.274038119e-05
63548	0.0003968945587
63549	0.0005689937129
63550	0.0004609272587
63551	0.0001202912393
63552	0.0003471138338
63553	0.0009792153961
63554	0.0007077056703
63555	0.0006230086868
63556	0.0001771037459
63557	0.0004836608687
63558	0.0002096119636
63559	0.001017434514
63560	0.001881368116
63561	0.001346816134
63562	0.001240230993
63563	0.001047124815
63564	0.005722046202
63565	0.0005174673254
63566	0.002751256753
63567	0.001031175841
63568	0.0009783200096
63569	0.0005934539303
63570	0.001992775762
63571	0.002994600268
63572	0.005312975261
63573	0.000970362413
63574	0.001249447638
63575	0.002408995157
63576	0.0004982406787
63577	0.003809923811
63578	0.005106474393
63579	2.949204568e-05
63580	0.001493980524
63581	0.002435227434
63582	0.001353241804
63583	0.002256378938
63584	0.0001881551468
63585	0.002352602953
63586	0.0008302860616
63587	0.0001231435677
63588	0.0007629585756
63589	0.0004212110951
63590	0.0007388189685
63591	0.002148152893
63592	0.001996162946
63593	0.002728639988
63594	0.003371884651
63595	0.0006927820576
63596	0.002703633725
63597	0.007179530207
63598	0.0001758930343
63599	0.0001673755843
63600	0.0005437752426
63601	0.002008634917
63602	0.001436542897
63603	0.002413023271
63604	1.054289396e-05
63605	0.00347457549
63606	0.001132146466
63607	0.0007646014417
63608	0.003500778709
63609	0.001049662837
63610	4.882278752e-05
63611	0.004143926745
63612	0.007057718553
63613	0.001383831733
63614	0.002381145421
63615	0.001815164777
63616	0.003127119826
63617	0.00255933017
63618	0.002732368532
63619	0.004730646584
63620	0.001716222709
63621	0.002308955691
63622	0.0004215826136
63623	0.0006914618343
63624	8.401489524e-05
63625	0.008564948815
63626	0.004458558234
63627	0.001989743026
63628	0.0001909218808
63629	0.005568504028
63630	0.0009198997734
63631	0.000215335639
63632	0.0006420136127
63633	0.0004714598264
63634	0.002620874397
63635	0.002325236119
63636	0.00233141386
63637	0.0006800183523
63638	0.006627443636
63639	7.04404428e-06
63640	0.0008029110973
63641	0.001680947886
63642	0.0006305216136
63643	0.001198553496
63644	0.000345620482
63645	0.00288463701
63646	0.007871386631
63647	0.002034071592
63648	0.001829844905
63649	0.001897941538
63650	0.00271878079
63651	0.001707253585
63652	0.002241278157
63653	0.00531577584
63654	0.001148596706
63655	0.001535669398
63656	0.003611812427
63657	0.003839798791
63658	0.009038535692
63659	0.003019278977
63660	0.000514055166
63661	0.001061312514
63662	0.002596110489
63663	0.001754804233
63664	0.008837644464
63665	0.002350073038
63666	0.0001621569542
63667	0.0003471247133
63668	0.0003816090758
63669	0.0002977879013
63670	5.782612506e-05
63671	0.0001932979199
63672	0.0009103299282
63673	0.00110696571
63674	6.636914718e-05
63675	0.0009426509035
63676	6.710440961e-05
63677	0.0001644967604
63678	0.0001977714947
63679	0.0008324230163
63680	0.0001127411453
63681	7.72833738e-05
63682	0.000189966255
63683	0.0007891873685
63684	0.0001217921038
63685	0.0002838935732
63686	0.001213517877
63687	0.005341419738
63688	0.002038439345
63689	0.0004862948504
63690	0.004291133709
63691	0.003950506698
63692	0.003243669854
63693	0.0004374222975
63694	0.000215919145
63695	0.003045176708
63696	0.001240259976
63697	0.000328409846
63698	0.0007602039932
63699	0.003198843096
63700	0.000306930457
63701	0.0007185820381
63702	0.004065943503
63703	0.0007013716095
63704	0.0008245578333
63705	0.001229036281
63706	0.002366222469
63707	0.005182114846
63708	0.004116960862
63709	0.002113012094
63710	0.001732439279
63711	0.00110385507
63712	0.001804276971
63713	0.00141356734
63714	0.0009028245897
63715	0.001384042639
63716	0.002105832613
63717	0.0006740291275
63718	0.001503414172
63719	0.001917363544
63720	0.001210131953
63721	0.0004278514381
63722	0.0008702212085
63723	0.0008466341361
63724	0.001181266122
63725	0.001235887272
63726	0.001158801891
63727	0.0006647962887
63728	0.001379940877
63729	0.0005687834147
63730	0.001060773741
63731	0.0003117193985
63732	0.001371318888
63733	0.002047908907
63734	0.000506535579
63735	0.001403813034
63736	0.0005150393145
63737	0.0008925552625
63738	0.0008831342991
63739	9.882024657e-05
63740	0.001153257907
63741	0.001412370801
63742	0.001990784162
63743	4.368762242e-05
63744	0.0005577083141
63745	0.001045039618
63746	0.0006996463119
63747	0.0007574791329
63748	0.001783042721
63749	0.001479795079
63750	0.0006893173412
63751	0.001063393938
63752	0.0005187496957
63753	0.0001798720583
63754	0.0003726785752
63755	0.0008868738592
63756	0.001111975848
63757	0.0009933265766
63758	0.001376272204
63759	0.001109290578
63760	0.002086593284
63761	0.00120132131
63762	0.0010825808
63763	0.0006277059011
63764	0.0005687616305
63765	0.0006749772351
63766	0.002022510791
63767	0.001669560075
63768	0.002634351975
63769	0.001385105914
63770	0.003839098275
63771	0.0008934144316
63772	0.003041220994
63773	0.001322545987
63774	0.004191789272
63775	0.001701301546
63776	0.001031224985
63777	0.003928569206
63778	0.001943028031
63779	0.0003190479906
63780	0.0002778194139
63781	0.0007635909788
63782	0.002818206771
63783	0.006388145343
63784	0.0002714506302
63785	0.001121705423
63786	0.003926173724
63787	0.004056417529
63788	0.003650726136
63789	0.001205650783
63790	0.009832708629
63791	0.002124569376
63792	0.0004310733459
63793	0.003036552636
63794	0.001379027052
63795	0.0007416404217
63796	0.0004503506043
63797	0.0001915038318
63798	5.443417088e-05
63799	0.0003364895394
63800	0.000587205889
63801	4.399598452e-05
63802	7.752534411e-05
63803	0.0007901044512
63804	0.0006321316491
63805	0.001322710057
63806	0.000778773046
63807	0.0001760061368
63808	0.0002810017791
63809	0.0004854579663
63810	0.002715948476
63811	0.0003652923986
63812	0.0004552717319
63813	0.001473443069
63814	0.001249519705
63815	0.001609869488
63816	0.003021172319
63817	0.004091895775
63818	0.002514774297
63819	0.001690678927
63820	0.0001855009265
63821	0.001422384911
63822	0.001104075259
63823	0.004302871086
63824	0.001122154969
63825	0.006007030875
63826	2.452319981e-05
63827	0.002732024581
63828	0.0005362503433
63829	0.0006266254664
63830	0.0008161781816
63831	0.005534651562
63832	0.001673457801
63833	0.001175776708
63834	0.001509251927
63835	0.0004859355215
63836	0.001755612357
63837	0.004415790706
63838	0.0007516946189
63839	8.638547929e-05
63840	0.002676269498
63841	0.006446888298
63842	0.0009105188004
63843	0.002629856788
63844	0.006655621835
63845	0.002774959798
63846	0.003022681187
63847	0.0009580542626
63848	0.0006718841837
63849	0.001924977178
63850	0.0003910608952
63851	0.004643818317
63852	0.00101327758
63853	0.002329210918
63854	0.003820842644
63855	0.001444994278
63856	0.0002485066875
63857	0.004211675552
63858	0.004035182341
63859	0.005912341614
63860	0.0008095526488
63861	0.003815077047
63862	0.003707334977
63863	0.0004822027114
63864	0.0002828627923
63865	0.0004504270941
63866	0.001075085589
63867	4.532729241e-05
63868	0.0004634966655
63869	0.0004721959014
63870	0.0007039510422
63871	0.00168311717
63872	0.007211957522
63873	0.001790372047
63874	0.0005642328892
63875	0.00307389866
63876	0.0004963231901
63877	0.001455666074
63878	0.001106783057
63879	4.471733477e-05
63880	0.0003377067126
63881	0.001941965003
63882	0.001249656752
63883	0.0001292743533
63884	0.002192912965
63885	0.001905305896
63886	0.004293840631
63887	0.0006694312934
63888	0.002394474833
63889	0.003069206173
63890	0.0001128804515
63891	0.0004101857353
63892	0.0009632960619
63893	0.001882563382
63894	0.003100258963
63895	0.001220085052
63896	0.002242860039
63897	0.0006140794499
63898	0.00289593954
63899	0.001653040576
63900	0.0002054422097
63901	0.0001536972372
63902	0.0006482981982
63903	0.0004331668757
63904	0.0001529034333
63905	0.0008519663843
63906	0.0001204120499
63907	0.0006656701688
63908	0.003658130903
63909	0.002638751906
63910	0.001706656092
63911	0.0002918443056
63912	0.001314927321
63913	0.003171491131
63914	0.002263041487
63915	3.077953896e-05
63916	0.006733315069
63917	0.0006863509234
63918	0.004207128294
63919	0.0004048041034
63920	0.0001278475425
63921	0.0002382215763
63922	0.003004024533
63923	0.0004105046424
63924	0.004579688979
63925	0.0001750436001
63926	0.008243725557
63927	0.00218322498
63928	0.0009918443519
63929	0.001674668997
63930	0.006116985053
63931	0.006622270499
63932	0.0001282355385
63933	0.0006725020785
63934	0.0007276188321
63935	0.0006085292398
63936	0.0005324799661
63937	0.003270986057
63938	0.005734200046
63939	0.003189281303
63940	0.001976662328
63941	0.002981489946
63942	0.003254413557
63943	0.002984028039
63944	0.001861244309
63945	0.001405147444
63946	0.0006637762827
63947	0.0005449755398
63948	0.0003865747207
63949	0.0007532918322
63950	0.007034160683
63951	0.002495034667
63952	0.001991810276
63953	0.003904281266
63954	0.001574771579
63955	0.004920039185
63956	0.0002446014975
63957	0.00314569654
63958	0.0003440523064
63959	0.0007009653959
63960	0.002731164193
63961	0.0003470474499
63962	0.002541615596
63963	0.002723183652
63964	0.004528460514
63965	7.521187208e-05
63966	4.724267076e-05
63967	0.001700483723
63968	0.001090870458
63969	0.0004228325378
63970	0.001195605907
63971	0.00484366386
63972	0.0004793401093
63973	0.0001038308054
63974	0.00735272256
63975	0.0006377908103
63976	0.0007032333243
63977	1.478161606e-05
63978	0.0008065875055
63979	0.004014085759
63980	0.001221317523
63981	0.0001823049574
63982	0.005952061555
63983	0.0001322916326
63984	0.0002583282939
63985	0.003634925495
63986	0.0001846869614
63987	0.0002535678963
63988	0.001341662966
63989	0.0003723798478
63990	0.0001833707251
63991	0.0009425468216
63992	0.0004633591461
63993	0.0003014043501
63994	0.0001135576389
63995	0.0006028951267
63996	0.0003769883209
63997	0.001144799531
63998	0.005657647736
63999	0.002426917677
64000	0.002800093075
64001	0.0004773881888
64002	0.001876147725
64003	0.0003248841495
64004	0.0002176911804
64005	0.002791599486
64006	0.005335647357
64007	0.0009204908773
64008	0.0001251032867
64009	0.003759116029
64010	0.003746322974
64011	0.0001867724287
64012	0.002010105467
64013	0.004526101152
64014	0.002854868476
64015	0.0005276020873
64016	0.0005824521019
64017	0.0007987752499
64018	0.003553071005
64019	0.00028069039
64020	0.002397503586
64021	0.0001766123479
64022	0.0008789113322
64023	0.0006313921442
64024	0.002858699518
64025	0.001552918336
64026	0.002704836586
64027	0.003391500671
64028	0.0005218141135
64029	0.001402139139
64030	0.0005889255381
64031	0.003103040975
64032	0.001852625268
64033	0.0006113719441
64034	0.003790177079
64035	0.003530127584
64036	0.000716691842
64037	0.0006419827879
64038	0.0003451158459
64039	0.0004188856946
64040	0.0004572993486
64041	0.000421994207
64042	0.008398841153
64043	0.001962414828
64044	1.923095274e-05
64045	0.0003789438651
64046	8.113215561e-05
64047	4.102828117e-05
64048	0.0008640426211
64049	0.0008877395231
64050	4.408669416e-05
64051	0.0002967163502
64052	0.001515026152
64053	0.0006053883226
64054	0.0006557983783
64055	0.000749193641
64056	0.0007297154621
64057	7.990373853e-05
64058	0.0002314452155
64059	0.005602101396
64060	0.00103838189
64061	0.001230822736
64062	0.003569763605
64063	0.0005998346472
64064	0.0001054012572
64065	0.0009067663904
64066	0.0001112542137
64067	0.0008812107867
64068	0.000239340787
64069	0.000877330897
64070	0.001118771506
64071	0.003307219629
64072	0.000498488617
64073	0.00413460661
64074	0.0003151881879
64075	0.002009895016
64076	0.001084279479
64077	0.0009749595986
64078	0.0001066582691
64079	0.001714555956
64080	0.002261276494
64081	0.001909381848
64082	0.00233295716
64083	0.0001195491862
64084	0.003094381251
64085	0.0002026916562
64086	0.001093528026
64087	0.0006356676071
64088	0.006155732525
64089	0.0009777955984
64090	0.0001804616044
64091	0.001772729961
64092	0.0003604876029
64093	0.002460793907
64094	0.001718691739
64095	0.0001755899027
64096	0.001445236422
64097	0.001622203846
64098	0.0001604437449
64099	0.002723547045
64100	0.00176454211
64101	0.0002549424217
64102	7.848866315e-05
64103	0.002535010944
64104	0.001184212063
64105	0.002990109526
64106	0.001252917451
64107	0.0001685250937
64108	0.001357060601
64109	0.002336935592
64110	0.001668509084
64111	0.001954247462
64112	0.001611850425
64113	0.001019521516
64114	0.0002606005924
64115	0.0002615611824
64116	0.003928787519
64117	0.002365340346
64118	0.001126057511
64119	0.005351791374
64120	0.0007000997199
64121	0.005630708064
64122	0.0007707283996
64123	0.0006297152145
64124	0.0001707361174
64125	9.578490369e-05
64126	8.853120676e-05
64127	0.00307564586
64128	0.002712557725
64129	1.493589303e-05
64130	0.003077998204
64131	0.0003696612002
64132	0.0005561322343
64133	0.003437985498
64134	0.0003110564715
64135	0.0002966558191
64136	0.001923283681
64137	0.0002920831615
64138	0.0003321051507
64139	0.001385648575
64140	0.0002622056963
64141	0.0003290931667
64142	0.0006660508071
64143	0.001193748367
64144	0.003661789259
64145	0.001174861632
64146	0.0005358291985
64147	0.002913901447
64148	9.772597799e-05
64149	0.0005454975292
64150	0.001470498212
64151	0.001582578456
64152	0.0001622056383
64153	0.000415662149
64154	0.0002203245415
64155	0.001764631647
64156	0.005693966495
64157	0.0001306608826
64158	0.01351929103
64159	0.0008113165619
64160	0.002295704909
64161	3.936729884e-05
64162	0.003150016619
64163	0.000851112334
64164	0.001425148458
64165	0.001633012301
64166	0.0004582967939
64167	0.0008352097633
64168	0.0001389298136
64169	0.0005752269599
64170	0.001404066252
64171	0.004758543499
64172	0.0006757835557
64173	7.010286365e-05
64174	0.001786961133
64175	0.0002921341951
64176	0.006007615496
64177	0.001466231015
64178	0.0005197619574
64179	0.0006533450095
64180	0.001817842315
64181	0.003033117688
64182	0.001091195251
64183	0.0003178055193
64184	0.001928515251
64185	0.001212609144
64186	4.434646045e-05
64187	0.001644629022
64188	0.0005191585394
64189	6.43518453e-06
64190	0.0003314065716
64191	0.0003242816441
64192	0.001332047788
64193	0.002974811449
64194	0.001568076032
64195	0.0001934062913
64196	0.0005481480925
64197	0.0004481969024
64198	0.0009316094916
64199	0.002347649417
64200	0.0002319375612
64201	0.0003250877993
64202	0.0005132201927
64203	0.0004233021729
64204	0.001380399605
64205	0.003207380823
64206	0.0002005049221
64207	0.001991239557
64208	0.001343383844
64209	0.0003481696306
64210	0.003892690702
64211	0.0002928392169
64212	9.132298453e-05
64213	0.000435667702
64214	0.0001526279302
64215	0.0001177402326
64216	6.118387887e-06
64217	0.0001468924397
64218	0.001437490931
64219	0.001292941139
64220	4.487386259e-05
64221	0.00182479956
64222	0.001030902145
64223	0.0006589880098
64224	0.001281827225
64225	0.0003685088984
64226	0.001525528671
64227	0.001576576271
64228	0.000110625192
64229	0.0006659785886
64230	0.007319548016
64231	0.002170997859
64232	0.0004332792479
64233	0.002030246139
64234	0.004280381699
64235	0.001452844694
64236	0.0002045581834
64237	0.0003505094134
64238	0.0006613123296
64239	0.0002751733132
64240	0.0001419223125
64241	0.0005378592864
64242	0.0001366875926
64243	0.001169609927
64244	0.0003822289924
64245	0.0003409318366
64246	0.0006241368273
64247	0.0001921100246
64248	0.000593720707
64249	0.0002792213624
64250	0.0006830304321
64251	0.0002869526496
64252	1.719144513e-05
64253	0.001370218337
64254	0.001123963245
64255	0.0005089925522
64256	0.0008754799939
64257	0.001612821165
64258	0.0009741920794
64259	1.362787268e-05
64260	0.001002263771
64261	0.0003988904212
64262	0.005387948574
64263	0.002229846868
64264	0.002183070439
64265	0.0005661853737
64266	0.0004373736895
64267	0.00128258239
64268	0.0001708325111
64269	1.43854693e-05
64270	0.0002935524658
64271	0.005355501591
64272	0.0007305460953
64273	0.001062796304
64274	0.001248733352
64275	0.002063079651
64276	0.0001344361483
64277	0.003426427379
64278	4.021049495e-05
64279	0.0005608406513
64280	0.0004763727454
64281	0.005916576762
64282	0.0004305646088
64283	0.0002733872648
64284	0.0007917881273
64285	0.0007975368807
64286	0.003525938744
64287	0.004096410557
64288	0.003572766844
64289	0.003003975758
64290	0.00355992275
64291	0.001886465129
64292	0.0001234687504
64293	0.002511015117
64294	6.912132421e-05
64295	0.0005261182484
64296	0.0005786762404
64297	0.007076317746
64298	0.0001429728506
64299	2.63335175e-05
64300	0.001505906784
64301	0.000538344597
64302	8.15117568e-05
64303	0.0003414448338
64304	0.001287369882
64305	0.0001383758585
64306	0.002749818788
64307	0.0006402819057
64308	0.0006657272447
64309	0.0007061574098
64310	0.002788219011
64311	0.00223192174
64312	0.0001029664349
64313	9.427078422e-06
64314	0.0003831130797
64315	8.610234322e-05
64316	0.002480460842
64317	0.0003347306571
64318	0.001330622472
64319	0.0003498063633
64320	0.0005284132071
64321	0.001377652618
64322	0.0004404963319
64323	0.0004864705557
64324	0.001050933114
64325	0.0007044943895
64326	0.0003552753327
64327	0.001230319497
64328	0.0004775697144
64329	6.403894527e-05
64330	0.0002417784471
64331	0.002033179775
64332	0.004028445913
64333	0.00185713784
64334	0.001910339639
64335	0.0002325789316
64336	0.002402286722
64337	0.000240783729
64338	0.0001934750517
64339	1.752016876e-05
64340	0.003561992073
64341	0.0001153936325
64342	0.0001917382957
64343	0.0009131172824
64344	9.843418367e-05
64345	0.001528608369
64346	0.0008236956638
64347	0.0004209448007
64348	0.001691196026
64349	0.0009519637803
64350	0.001106198253
64351	0.001158775502
64352	0.001236710892
64353	0.001098105664
64354	4.259708541e-06
64355	0.001406079406
64356	0.001108239775
64357	0.0005059980395
64358	0.001658844506
64359	0.0009231226176
64360	0.001089837564
64361	0.0008730784152
64362	0.001467119361
64363	1.466111935e-05
64364	0.00198330625
64365	0.001854870011
64366	0.0001851267995
64367	0.008864471718
64368	0.001582802439
64369	0.004655925441
64370	0.002866348649
64371	0.0005293131988
64372	0.002625575643
64373	0.0002222912698
64374	0.0005983161536
64375	0.00379752072
64376	0.004634025272
64377	0.001760014104
64378	0.001119244525
64379	0.001076596753
64380	0.009280829799
64381	0.002505906399
64382	0.001980939171
64383	0.0008090560869
64384	0.001048153277
64385	0.0008249491858
64386	0.004675989256
64387	0.001144679303
64388	0.0008989671036
64389	0.001497013115
64390	0.001197738302
64391	0.0001067611369
64392	0.00250155584
64393	0.004195790589
64394	0.001098366872
64395	0.0002066222782
64396	0.0006423264146
64397	0.008040460848
64398	0.005212136445
64399	0.0002421392409
64400	0.0002847784406
64401	0.00271733927
64402	0.0006436706928
64403	0.004450236067
64404	0.003655436898
64405	0.0001786273705
64406	0.002115365338
64407	0.0007045717178
64408	0.004752016082
64409	0.001445160463
64410	0.0009860173527
64411	5.830792861e-05
64412	0.0004626898674
64413	0.001597364447
64414	0.002103542174
64415	0.0005065542096
64416	0.0004118483601
64417	0.0006179713341
64418	0.001027755544
64419	0.005594443301
64420	0.0005167015084
64421	0.004099281562
64422	0.002061091008
64423	0.002257051644
64424	8.275415404e-05
64425	0.001813343209
64426	0.001262160676
64427	0.0001056710464
64428	0.001507685222
64429	0.0005843153397
64430	0.00144576082
64431	0.002276144825
64432	0.001964163968
64433	0.0003223896103
64434	0.0004136621892
64435	0.003702767978
64436	0.001115511924
64437	0.002010125568
64438	0.002639032443
64439	0.005599584158
64440	6.592879193e-05
64441	0.004019811369
64442	0.001430302413
64443	0.001196108088
64444	0.00310052771
64445	0.0007560631011
64446	0.0009519628548
64447	0.0001616092743
64448	0.001149912514
64449	0.0002200214143
64450	0.005364822152
64451	0.002587422605
64452	0.003934932417
64453	0.003848928695
64454	0.0006841897139
64455	0.0004032089075
64456	0.001624613837
64457	0.001261272241
64458	9.445715128e-05
64459	0.0009029531772
64460	0.001634644273
64461	0.000599111934
64462	0.002126066694
64463	0.002367832936
64464	0.0001672231996
64465	0.001420683572
64466	8.447950695e-06
64467	0.001232998937
64468	0.001748796003
64469	0.000631379439
64470	0.0001020611324
64471	0.002232852393
64472	0.002178970848
64473	0.002698304098
64474	3.211146704e-05
64475	0.0004757544763
64476	0.001225236494
64477	0.002128229873
64478	0.0009566728226
64479	0.006836707935
64480	0.0003891632415
64481	0.007949769117
64482	0.0008140027923
64483	0.0003913347788
64484	0.0009003689123
64485	0.002202773618
64486	0.00178203781
64487	0.00116150199
64488	0.003273314289
64489	0.001156579091
64490	0.002602025815
64491	0.002301627642
64492	0.00281408452
64493	0.001899754627
64494	0.0005375034911
64495	0.002270505311
64496	0.005150085876
64497	0.002056962676
64498	0.003095371014
64499	0.002221841082
64500	0.002749302426
64501	0.000449836667
64502	0.002485423682
64503	0.009066616099
64504	0.0001150405584
64505	9.278864804e-05
64506	0.0006072427689
64507	0.003532900797
64508	0.0002920000479
64509	0.001714001112
64510	0.001793317777
64511	0.00146675868
64512	0.001079428527
64513	0.0008343467586
64514	0.003781878866
64515	0.001102561263
64516	9.692452097e-05
64517	0.004474969894
64518	0.003863337723
64519	0.002982012318
64520	0.002895180881
64521	0.001647739631
64522	0.003005360779
64523	0.001743106941
64524	0.007876017078
64525	0.0006801922273
64526	0.0006113529674
64527	8.477767048e-05
64528	0.001522012969
64529	0.003216219962
64530	0.001177940604
64531	0.004971043898
64532	0.004146560176
64533	0.00297050221
64534	0.001910263387
64535	0.0008800486048
64536	8.266164451e-05
64537	0.001837550289
64538	0.007540601404
64539	0.0008140357383
64540	0.0008240713738
64541	0.001577092704
64542	0.008820736383
64543	0.005806891588
64544	0.005957920947
64545	0.001673354814
64546	0.001650388953
64547	0.005765863536
64548	8.237892693e-05
64549	5.851361165e-05
64550	0.00501925686
64551	0.0009319168609
64552	0.001128446091
64553	0.007242712624
64554	0.003574973783
64555	5.428481017e-05
64556	0.0006485204733
64557	0.003501363932
64558	0.002554941398
64559	0.001670521407
64560	0.0001648847729
64561	0.004418546102
64562	0.0008661068994
64563	0.001519458832
64564	0.002029024867
64565	0.0001605262451
64566	0.001782573017
64567	0.002165854406
64568	0.001272540359
64569	0.00106043191
64570	0.0009563921779
64571	0.002130864245
64572	0.0006059028668
64573	0.0004446969601
64574	0.001836602281
64575	0.004004640044
64576	0.002532207718
64577	0.0003588378726
64578	0.001518474068
64579	0.001179936643
64580	0.001480668527
64581	0.002012157193
64582	0.002092559388
64583	0.0004412464535
64584	0.001322067475
64585	0.0008359820118
64586	0.002186707844
64587	0.001886062203
64588	0.001627726807
64589	0.0003658937562
64590	0.001183298888
64591	0.001877143584
64592	0.0004532038657
64593	0.0004332984611
64594	0.001638916267
64595	0.0007505519584
64596	0.000990643083
64597	0.0008401885928
64598	0.001474700563
64599	0.0003061858321
64600	0.0002400541749
64601	0.0009056276872
64602	0.0007097306833
64603	3.615993527e-05
64604	0.0002667309174
64605	0.003864302984
64606	0.007776236703
64607	0.001620279913
64608	0.001711555348
64609	0.01142446129
64610	0.003172788697
64611	0.001532728746
64612	0.0005169320467
64613	0.001217200139
64614	0.001900487655
64615	0.003880161407
64616	0.003017571714
64617	0.001680118291
64618	0.001959641839
64619	0.006290406033
64620	0.0008553727099
64621	0.001917451769
64622	0.001817496882
64623	0.001035671587
64624	0.0001698022368
64625	0.002987213401
64626	0.001861341886
64627	0.004481480946
64628	0.0001921044132
64629	0.00435352208
64630	0.004344953959
64631	0.003078610308
64632	0.001028712687
64633	0.001138948179
64634	0.002039560081
64635	0.001875681141
64636	0.001703799461
64637	0.001212052151
64638	0.000733924266
64639	0.0008930290187
64640	0.0001376053292
64641	0.0003561994038
64642	0.0002384166673
64643	0.000149282962
64644	7.25320653e-05
64645	0.0004325192598
64646	0.001321805914
64647	0.0004902033046
64648	0.0004498363457
64649	0.0003234458265
64650	0.0009792209338
64651	0.0003419637754
64652	0.000800860538
64653	0.0001499115509
64654	4.470591942e-06
64655	0.001311921215
64656	0.0004325934272
64657	0.00254343029
64658	0.004044238663
64659	0.003335144354
64660	0.003636077786
64661	0.001205269183
64662	0.001150992684
64663	0.002667739137
64664	0.0008354562686
64665	0.0009920694259
64666	0.005540570816
64667	0
64668	0.004588574349
64669	0.001392830913
64670	0.002614616693
64671	0.0004332302133
64672	0.00146599265
64673	0.003930712529
64674	0.001560224624
64675	0.004680638198
64676	0.003863879708
64677	0.001762013083
64678	0.0007143908579
64679	0.001749124981
64680	0.0009893431267
64681	0.001887447233
64682	0.001426404195
64683	0.003641774795
64684	0.002858849825
64685	0.003969064666
64686	0.005426065631
64687	0.005758884983
64688	0.001333178906
64689	0.001038767487
64690	0.001343365524
64691	0.0005488685107
64692	0.0005931692053
64693	0.004545281978
64694	0.009402181959
64695	0.002627065247
64696	0.001408057101
64697	0.001841992497
64698	0.005465450926
64699	0.000818095687
64700	0.001806210836
64701	0.01131831798
64702	0.001824588003
64703	0.00353053971
64704	0.001753022346
64705	0.0005923725289
64706	0.003476676841
64707	0.003450755537
64708	0.001198879693
64709	0.000327652463
64710	0.003120275916
64711	0.001724373888
64712	0.001426575877
64713	0.000758629704
64714	0.00133884893
64715	6.140944883e-05
64716	0.001629915322
64717	0.0007007995103
64718	0.002654247315
64719	0.001108966639
64720	0.003428876785
64721	0.0001077940844
64722	0.002151366888
64723	0.004483952567
64724	0.004837731667
64725	0.0002450010159
64726	0.0003541886836
64727	0.0001574152135
64728	0.00286112608
64729	0.004278151374
64730	0.001777870977
64731	0.002480012579
64732	0.0001859190292
64733	0.0001146924078
64734	0.001542874908
64735	0.0003396664388
64736	0.0004362594102
64737	0.001933560595
64738	0.004608556751
64739	0.003498025745
64740	0.004299809582
64741	0.001599445085
64742	9.191510431e-05
64743	0.00149593317
64744	0.001773298339
64745	0.001083464972
64746	1.581225762e-07
64747	0.001152574279
64748	0.001522651429
64749	0.001554011183
64750	0.0003575427809
64751	0.0093982759
64752	0.001184927065
64753	0.002261431908
64754	0.002942829203
64755	0.0006112933333
64756	0.0007888624855
64757	0.001443658566
64758	0.001845203153
64759	0.003033798774
64760	0.006631285409
64761	0.002761589088
64762	0.0002984497002
64763	0.0002733193877
64764	0.0008850431738
64765	9.842997641e-05
64766	8.113637927e-05
64767	0.002149135916
64768	0.001618384299
64769	0.007306263074
64770	4.172986597e-05
64771	0.001496727761
64772	0.002855448314
64773	0.0007136738899
64774	0.002121437413
64775	0.002295027316
64776	0.00229334464
64777	0.0006350457773
64778	0.002279502284
64779	0.0007490661791
64780	0.006135393468
64781	0.001086898016
64782	0.0009079922612
64783	0.0002313293842
64784	0.0006584456204
64785	0.001475257194
64786	0.001999534994
64787	0.001590623934
64788	0.0004418697004
64789	0.001274149182
64790	0.001736544423
64791	0.004803117367
64792	0.0005987551643
64793	0.003149849261
64794	0.0009561006613
64795	0.004244721857
64796	0.001759773657
64797	0.000364673123
64798	0.002245576606
64799	0.001327860305
64800	0.0002191852996
64801	0.003621463684
64802	0.003664629776
64803	0.001267772954
64804	0.005377713938
64805	0.003499004105
64806	0.004257950424
64807	0.004587563646
64808	0.004220931265
64809	0.001584811664
64810	0.00388244332
64811	0.0005815921773
64812	0.002612558293
64813	0.004381350194
64814	9.873221913e-05
64815	0.000781014826
64816	0.00256634431
64817	0.0005922926935
64818	0.0003295097449
64819	0.006001084664
64820	0.006883695077
64821	0.004410948502
64822	0.0008230086949
64823	0.002701558725
64824	0.001957353577
64825	0.005445231599
64826	0.001035978287
64827	0.0009537959909
64828	0.001267517387
64829	0.003152938725
64830	0.001908389947
64831	0.0007728862886
64832	0.002887235909
64833	0.003227945412
64834	0.00243193184
64835	0.004900372391
64836	0.001277103381
64837	0.009266759939
64838	0.003018738763
64839	0.002231959283
64840	0.002154156812
64841	0.003980547961
64842	0.005241557673
64843	0.0003197940786
64844	0.0009841373437
64845	0.0009249671666
64846	0.0006628107389
64847	0.003442361346
64848	0.0001635966957
64849	0.0007603859888
64850	0.001335158364
64851	0.007640806179
64852	0.0006871585933
64853	2.501887366e-06
64854	0.005383756262
64855	0.00290220559
64856	0.002889067561
64857	0.001410314153
64858	0.001367263374
64859	0.002036403879
64860	0.005683029247
64861	0.001616995884
64862	0.002485073415
64863	0.0002543526323
64864	0.003801310632
64865	0.0007010560975
64866	0.005109139189
64867	0.002512354699
64868	0.003637857098
64869	9.34101639e-06
64870	0.0008513783027
64871	0.001168871239
64872	0.004149245032
64873	0.0004990810176
64874	0.0001472571603
64875	0.003800248825
64876	0.0009428912772
64877	0.003220825094
64878	0.00251185267
64879	0.001412075975
64880	3.015877724e-05
64881	0.000355922923
64882	0.0001194139472
64883	6.712845167e-05
64884	0.003099265925
64885	0.0002338841343
64886	0.001669690221
64887	0.0003605005969
64888	6.541862125e-05
64889	0.002086124349
64890	0.002157369215
64891	1.620575751e-05
64892	0.0004605990153
64893	0.002138558469
64894	5.964728942e-05
64895	0.0008806193313
64896	0.002793636854
64897	9.785011181e-05
64898	0.007172409942
64899	0.007512744123
64900	0.001729530297
64901	0.0004754050267
64902	0.001272918274
64903	0.0007887268541
64904	0.002728864813
64905	0.001084863524
64906	0.0003354366287
64907	0.003777146463
64908	0.001439737027
64909	0.000231295847
64910	0.001695794575
64911	0.00391711256
64912	0.001730773027
64913	0.002199985886
64914	0.0007848191464
64915	0.0001469939667
64916	0.001366354595
64917	0.000669190069
64918	0.001064504109
64919	0.001291081803
64920	0.00193081028
64921	0.0003812077584
64922	0.004558904977
64923	0.0004269476509
64924	0.0001558852539
64925	0.00208504378
64926	0.003310928669
64927	0.003019306668
64928	0.0003900541876
64929	0.006125825229
64930	0.002411869368
64931	0.00351789293
64932	0.005187971077
64933	0.00198023439
64934	0.003136986907
64935	0.0008839159086
64936	0.00183957798
64937	0.006858474109
64938	0.001097503706
64939	0.0002874996326
64940	0.001651332448
64941	0.005215126579
64942	0.0004481811017
64943	0.001234835556
64944	6.079538922e-05
64945	0.001748715551
64946	0.0007591205429
64947	0.003258815124
64948	0.0004314548591
64949	0.004173442363
64950	0.001448659361
64951	0.003604416189
64952	0.002330170214
64953	0.0007930177907
64954	0.001165351094
64955	0.002920039772
64956	0.0001463090898
64957	0.005207107995
64958	0.0004189122746
64959	0.00656770889
64960	0.002132295928
64961	0.003683556018
64962	0.001059967534
64963	0.001111189133
64964	0.0009206631683
64965	0.002308527537
64966	0.002741601476
64967	0.001518015939
64968	0.001116003828
64969	0.002523295226
64970	0.0004078314407
64971	0.005217989816
64972	0.001770937367
64973	0.005637664204
64974	0.001895609727
64975	2.339272357e-05
64976	0.0008634419673
64977	0.001875768212
64978	0.001367891376
64979	0.003118569186
64980	0.006748819164
64981	0.002774435894
64982	0.007234982511
64983	0.00485129775
64984	0.001686170064
64985	0.003865108185
64986	0.002578529747
64987	0.001601294114
64988	0.003456334676
64989	0.005733741488
64990	0.002298983251
64991	0.0007477506363
64992	0.00329861483
64993	0.001520936975
64994	0.000538708281
64995	0.006036426888
64996	0.003065654253
64997	0.00174911758
64998	0.0001339288852
64999	0.001915648928
65000	0.001045843886
65001	0.001278286469
65002	0.001414054476
65003	0.002449902781
65004	0.0005552824039
65005	0.001979168177
65006	0.00336614821
65007	0.004038648104
65008	0.0006015724993
65009	0.0001069253188
65010	0.001728204369
65011	0.002196953033
65012	0.001373979341
65013	0.004508339619
65014	0.004539864312
65015	0.0008983822737
65016	0.0007691558212
65017	0.0008499286575
65018	0.000158994664
65019	0.001182842624
65020	0.004073804472
65021	0.001590165271
65022	0.001077264523
65023	0.002692479162
65024	0.002261937516
65025	0.002971043045
65026	0.003721867047
65027	0.001405547973
65028	0.004328401716
65029	0.004344602162
65030	0.003156958145
65031	0.001960889196
65032	0.003505018922
65033	0.003077985782
65034	0.000124880972
65035	0.003173164185
65036	0.00120784438
65037	0.0004984905101
65038	0.003091899931
65039	0.0007930034627
65040	0.00187885956
65041	0.007024143125
65042	0.0004291363773
65043	0.002125576177
65044	0.0009508168565
65045	0.002247547698
65046	0.0003281245967
65047	0.0003650483323
65048	0.002270387354
65049	0.001356568385
65050	0.002439418051
65051	0.002324777437
65052	0.003433463309
65053	0.005625211235
65054	0.001539038793
65055	0.001729640844
65056	0.0001531363569
65057	0.001198884811
65058	0.004487900209
65059	0.001582014268
65060	0.0007103885421
65061	0.003118050756
65062	0.0008987782309
65063	0.0007655252344
65064	0.0007385289852
65065	0.002990536973
65066	0.0002086405543
65067	0.002506035476
65068	0.002970531394
65069	0.002911027714
65070	0.004961847622
65071	0.002412413233
65072	0.0003767595776
65073	0.0004809163984
65074	0.00210091232
65075	0.0005068342309
65076	0.0007309167716
65077	6.484420816e-05
65078	6.421925889e-05
65079	0.004341142578
65080	0.002354989827
65081	0.0006724426523
65082	0.0004692468815
65083	0.00441793954
65084	0.008399172639
65085	0.004447187736
65086	0.0008733974622
65087	0.004885272484
65088	0.001485474727
65089	0.00291064378
65090	0.002539716607
65091	0.006322229135
65092	0.002923137565
65093	0.002852924559
65094	0.004968080866
65095	0.0003157641432
65096	0.001933590681
65097	0.001885651683
65098	0.001950031261
65099	0.007197351993
65100	0.002923650644
65101	0.0006709006319
65102	0.002041996948
65103	0.005914514291
65104	0.000133166133
65105	0.0007329571316
65106	0.003472065934
65107	0.001528612307
65108	0.004620331233
65109	1.212195111e-05
65110	0.006614943357
65111	0.0005535517583
65112	0.001071657562
65113	0.003521757208
65114	0.001111507487
65115	0.002644853413
65116	0.0005877183714
65117	0.002785009222
65118	0.003768074732
65119	0.0001092881686
65120	0.003303546137
65121	0.001016627461
65122	0.001984874669
65123	0.003233189159
65124	0.0007375598843
65125	0.003487313859
65126	0.0014036157
65127	0.001522625505
65128	0.002017356824
65129	0.001990784473
65130	0.003922460574
65131	0.001994849764
65132	0.002042778708
65133	0.002473349479
65134	0.0003003015276
65135	0.006555996157
65136	0.000720178481
65137	0.0001782166474
65138	8.3361778e-05
65139	0.001645432505
65140	0.000338572843
65141	0.004802542116
65142	0.0005775833615
65143	0.0006142908603
65144	0.0003998528712
65145	0.003225338677
65146	0.0004528102088
65147	0.004986900289
65148	0.001205685477
65149	0.004458257336
65150	0.002501367064
65151	0.001485022761
65152	0.0005079755935
65153	0.0006635101838
65154	0.001445526093
65155	0.002932542402
65156	0.001510417757
65157	0.0001854790829
65158	0.003911977712
65159	0.001882754504
65160	0.002008992613
65161	0.0004029304665
65162	0.00117133379
65163	0.001787479683
65164	8.44937875e-05
65165	0.0007060874426
65166	0.001124889489
65167	0.006450433237
65168	0.0005339048931
65169	0.005359795947
65170	0.0009131547413
65171	0.003301605574
65172	0.004542048086
65173	0.0007794201037
65174	0.004810410964
65175	0.002850848426
65176	0.001216648543
65177	0.001772063989
65178	4.051026163e-05
65179	0.002127727094
65180	0.005998015637
65181	0.003094725306
65182	0.001532485037
65183	0.0009824395699
65184	0.003978374337
65185	0.0001788583694
65186	0.002695765418
65187	0.001591648963
65188	0.0007738168908
65189	0.0003677325984
65190	0.001167792663
65191	0.0001039418077
65192	0.001192947598
65193	0.009609695652
65194	0.001332139311
65195	0.0006016257327
65196	0.002346898848
65197	0.001700045077
65198	0.00162339752
65199	0.008534550831
65200	0.001214152969
65201	0.001265482996
65202	0.0009068608885
65203	0.006000232905
65204	0.000167979285
65205	0.0007847967139
65206	0.001459787234
65207	7.952082619e-05
65208	0.001267133913
65209	0.002047935189
65210	0.001476266974
65211	0.003093264216
65212	0.00274547751
65213	0.0002811843804
65214	0.0003013581431
65215	0.001385282281
65216	0.0003490153552
65217	0.007997115357
65218	0.003653937432
65219	0.000207679551
65220	0.001382397054
65221	0.0005051018953
65222	9.653459464e-05
65223	0.003571048732
65224	0.0005363585993
65225	0.002123226476
65226	0.001926986567
65227	0.0001503332323
65228	0.000497160915
65229	0.004829137931
65230	0.003110915142
65231	0.001141033437
65232	0.00391643466
65233	0.0009604564283
65234	0.00132064051
65235	0.003556688164
65236	0.00582969601
65237	0.004559825919
65238	0.0009690176728
65239	0.003824519042
65240	0.002638372561
65241	0.0009222518569
65242	0.001258365128
65243	0.0010540699
65244	0.0007250995373
65245	0.003479935878
65246	0.0003949694331
65247	0.00313224023
65248	0.0002398393351
65249	0.001014720529
65250	0.0002920118099
65251	5.382752306e-05
65252	0.0001416208417
65253	0.002836261561
65254	0.002492421257
65255	0.001926901273
65256	0.0005386444882
65257	0.001140360107
65258	0.0001049759893
65259	0.0009859920525
65260	0.004196051531
65261	0.0007465072789
65262	0.003528375205
65263	0.001536820632
65264	0.0003279479133
65265	0.00102202511
65266	0.0005826052084
65267	0.004093411954
65268	0.0008058570188
65269	0.001016429726
65270	0.002844200416
65271	0.002962750647
65272	0.001855886302
65273	0.008408646308
65274	0.000727016596
65275	0.001479699362
65276	0.002831714605
65277	0.00193098107
65278	0.002003585284
65279	0.002324929402
65280	0.005488310098
65281	0.0001503153869
65282	0.002122108655
65283	0.000543411678
65284	0.001589790362
65285	0.00085573536
65286	0.001337463095
65287	0.002804374246
65288	0.002362142708
65289	0.005381416671
65290	0.0002649021701
65291	0.0003479818452
65292	0.002665932214
65293	0.003479738698
65294	0.00173873783
65295	0.002410865753
65296	0.01155521528
65297	0.001453174155
65298	0.001431581458
65299	0.001026399413
65300	0.001030212664
65301	0.004820944568
65302	0.007504257118
65303	0.001566929371
65304	0.001292841092
65305	0.00232412012
65306	0.0002212977389
65307	0.0004988280461
65308	0.000978006158
65309	0.0007355241727
65310	0.002196756741
65311	0.000521502231
65312	2.172067093e-05
65313	0.001481202349
65314	0.001373735094
65315	0.0004124655783
65316	0.0007835131338
65317	0.003359597922
65318	3.433377056e-05
65319	5.667052922e-05
65320	0.0008821362576
65321	0.00661409646
65322	0.000462357576
65323	0.0004445975525
65324	0.0006020310356
65325	0.001045263445
65326	0.003984095946
65327	0.002905808188
65328	0.002098572912
65329	0.0001479671046
65330	0.001010547929
65331	0.0006317071063
65332	0.0006008881072
65333	0.002309963961
65334	0.002433332059
65335	0.0008470733455
65336	0.0006051345174
65337	0.0005607887554
65338	4.969758942e-05
65339	0.0001171167474
65340	0.002868785157
65341	0.00127567176
65342	4.915462736e-05
65343	0.004437587546
65344	0.002196167464
65345	0.001157374445
65346	0.001145013336
65347	0.0004667012192
65348	1.39861141e-05
65349	0.00641228346
65350	0.003139040956
65351	2.023561544e-05
65352	0.003610026819
65353	0.001392066564
65354	0.0001916964746
65355	0.0004859599101
65356	0.0004099064294
65357	0.0003551082137
65358	0.000256750158
65359	0.0008537590695
65360	0.001633684732
65361	0.0003253652953
65362	0.0002288068026
65363	0.0006304648817
65364	0.0008530348673
65365	0.004268764817
65366	0.0004805143866
65367	0.003050229762
65368	0.000620137819
65369	0.0008470106941
65370	0.003029444198
65371	0.002170624543
65372	0.001971701304
65373	0.00814217597
65374	0.000405731916
65375	0.001723709259
65376	0.001884999225
65377	0.003408897794
65378	0.003130860973
65379	0.0004088714284
65380	0.002512534431
65381	0.0009549687665
65382	0.003301280719
65383	0.001104412995
65384	0.0005257937013
65385	0.001065195546
65386	0.000992314861
65387	0.0002346502681
65388	0.001896249278
65389	0.000552908133
65390	0.006433808135
65391	0.000820522444
65392	0.005034969581
65393	0.00103508092
65394	0.002788024306
65395	0.006380544411
65396	0.006786426309
65397	0.002091602801
65398	0.006430378394
65399	0.000911034033
65400	0.003084860718
65401	0.001029085186
65402	0.001281988012
65403	0.004541676879
65404	0.003554399628
65405	0.00281761209
65406	0.004179231439
65407	0.00212133791
65408	0.0007044082616
65409	8.987451848e-05
65410	0.002860526499
65411	0.0005347041394
65412	0.003902589716
65413	0.0001572565635
65414	0.005770806697
65415	0.007261031426
65416	0.002652713098
65417	0.001788404603
65418	0.00148944084
65419	6.103689172e-07
65420	0.007237904399
65421	0.002960592051
65422	0.002995303788
65423	6.297746545e-05
65424	0.003221443462
65425	0.0015026623
65426	0.0006813475076
65427	0.0006914851748
65428	0.0004511766804
65429	0.0001443656345
65430	0.000279595584
65431	1.533060545e-05
65432	0.0001092050214
65433	4.967023232e-06
65434	0.0001766152688
65435	0.0009621121217
65436	0.000374624992
65437	0.001645149148
65438	0.0002002605067
65439	0.0004341650861
65440	0.003087013952
65441	0.003539044949
65442	7.349039946e-05
65443	0.002435812275
65444	0.0005394016483
65445	0.001535775627
65446	0.003314806079
65447	0.001254424253
65448	0
65449	0.002441060286
65450	0.0006731730236
65451	0.001876799073
65452	0.0001853252845
65453	0.001507676596
65454	0.00194809117
65455	0.0003666916066
65456	0.0001058116085
65457	7.108204775e-05
65458	0.0004241893689
65459	0.002763719801
65460	8.443243066e-05
65461	2.929990875e-05
65462	0.0008597015447
65463	0.001152848917
65464	0.001107481206
65465	0.0009649401847
65466	0.003082816884
65467	0.001203860208
65468	0.004345876683
65469	0.003581293264
65470	0.003914895116
65471	0.003595798978
65472	0.007633354194
65473	0.001550157249
65474	0.0003869044325
65475	0.004984129971
65476	0.0004229733671
65477	0.001114416567
65478	0.0003821106737
65479	0.001920583311
65480	0.001874386957
65481	0.005097244923
65482	0.001405244092
65483	0.007592308421
65484	0.002989436701
65485	0.004867783453
65486	0.0003445383638
65487	0.0003388928475
65488	0.002953158634
65489	0.00477389562
65490	0.001769710755
65491	0.0004285481115
65492	0.001225085168
65493	0.003175185483
65494	0.0001461320045
65495	0.001261932904
65496	0.001491163108
65497	0.00179179967
65498	0.002140806789
65499	0.005354152264
65500	0.003457867412
65501	0.00151958101
65502	0.000533702641
65503	5.284429976e-05
65504	0.002703308581
65505	0.0003159959168
65506	0.001248334172
65507	0.000499086289
65508	0.00136832131
65509	0.003437279196
65510	0.0007421157051
65511	0.002202211184
65512	0.0002733676979
65513	0.0002658095779
65514	0.001705791001
65515	0.003786876194
65516	0.0005995531257
65517	0.0004671767315
65518	0.001760117979
65519	0.0001062703792
65520	0.00209577302
65521	0.004916623921
65522	0.004263143493
65523	0.0001826857028
65524	0.004894106993
65525	0.002103619182
65526	0.001284099179
65527	0.00143741089
65528	0.003601123631
65529	0.003312069432
65530	0.0001578673513
65531	0.0006734936262
65532	0.0002421288774
65533	0.0007049409205
65534	0.0001852748941
65535	0.004150589933
65536	0.005558666393
65537	0.001158798387
65538	0.008878435471
65539	0.004052622061
65540	0.004401901208
65541	0.002023085444
65542	0.002825843953
65543	0.001069657754
65544	0.001964702634
65545	0.002757956646
65546	0.0006952641238
65547	0.00397961655
65548	0.00349307897
65549	0.0005338986369
65550	0.001613017625
65551	0.001804898797
65552	0.004587508093
65553	0.0009946546806
65554	0.001965221193
65555	0.0004165520119
65556	2.949534132e-05
65557	0.000423128047
65558	0.0003369251382
65559	0.004134855345
65560	0.00216596474
65561	0.0008699059167
65562	0.004901151327
65563	0.0001316859718
65564	0.001705544831
65565	0.0008443228779
65566	0.0008005729933
65567	0.0005348391259
65568	0.001659393633
65569	0.005287323014
65570	0.002153744261
65571	0.0004037465985
65572	0.004980681041
65573	0.004016630962
65574	0.003127176493
65575	0.00448682239
65576	0.003153056116
65577	0.0009290122581
65578	0.001004486033
65579	0.003211348486
65580	0.005568459888
65581	0.001586139669
65582	0.002003794938
65583	0.00131690475
65584	0.0002973247731
65585	0.001301153865
65586	0.004468669085
65587	0.001553872185
65588	0.001830460852
65589	0.001468952712
65590	0.001331024268
65591	0.001355529714
65592	0.0008490832358
65593	0.00317560547
65594	0.0002023847372
65595	0.005664777648
65596	0.001661720831
65597	0.001193418369
65598	0.002302195661
65599	0.005354405801
65600	0.004907904604
65601	0.002840961317
65602	0.0004281039051
65603	0.004366399306
65604	0.00641683888
65605	0.003339688085
65606	0.001483072362
65607	0.005998019033
65608	0.00893378651
65609	0.000142166911
65610	0.0004923501991
65611	0.0001017418266
65612	0.002090809737
65613	0.0004806050792
65614	0.002726818862
65615	0.002133251232
65616	0.001823364469
65617	0.0008818754017
65618	0.0002331159413
65619	0.0001064696835
65620	0.004653696095
65621	0.0003888753117
65622	0.001023048889
65623	0.005540997895
65624	0.003470832661
65625	0.0009281229469
65626	0.000503052732
65627	0.002838358021
65628	0.0001348557282
65629	0.0001648297365
65630	4.246948656e-05
65631	0.0002290339831
65632	1.809910712e-05
65633	0.001215840987
65634	2.316776186e-05
65635	0.0004531614478
65636	0.0001963419811
65637	0.0002046438844
65638	9.936821101e-05
65639	0.0002763359696
65640	0.0003612074788
65641	8.595679776e-05
65642	0.00012718128
65643	3.35626568e-05
65644	0.001261153829
65645	0.001494272478
65646	0.0007785831205
65647	0.0002492704143
65648	8.648029173e-05
65649	1.231000738e-05
65650	0.0001874496377
65651	0.0004036105557
65652	0.0001765995795
65653	0.002374910626
65654	0.001622084149
65655	0.001409158497
65656	0.000351948114
65657	0.0001995046219
65658	0.0002313568634
65659	0.0009403769662
65660	0.001371597834
65661	0.0003256470595
65662	0.001531060805
65663	0.001702459416
65664	0.0006144244631
65665	0.0003783534538
65666	0.0002459704746
65667	0.0002865582164
65668	0.0002147071717
65669	0.0005341561996
65670	0.004439883656
65671	0.002146645817
65672	0.001896693812
65673	0.001436067911
65674	0.001633932749
65675	0.004966636964
65676	0.0006172508979
65677	0.0004386919002
65678	6.142075768e-05
65679	0.0001138454791
65680	0.0001538462215
65681	0.0009375225069
65682	0.00122449129
65683	0.005065932671
65684	0.001391088579
65685	0.0003868473503
65686	0.000771322221
65687	0.004299270245
65688	0.002583896524
65689	0.0006166810957
65690	0.004640267823
65691	0.0009611030708
65692	0.0002938847525
65693	0.006761672764
65694	0.001296037184
65695	0.00587045663
65696	0.004862458303
65697	0.0003963189385
65698	9.38117592e-05
65699	0.0005249206784
65700	7.740440952e-06
65701	0.0001889409709
65702	0.0004348898105
65703	0.0002724191941
65704	0.0001833863437
65705	0.002236307437
65706	0.004971962216
65707	0.0007589990797
65708	0.0001454277305
65709	0.0001586394586
65710	0.005438004239
65711	0.0001080338333
65712	0.0004560093517
65713	0.003175778416
65714	0.0006149920265
65715	1.955145613e-05
65716	0.0005563872413
65717	0.002723039116
65718	0.0009543166723
65719	0.001430729698
65720	0.00437172606
65721	0.0002033438377
65722	0.0009833487966
65723	8.124261729e-05
65724	0.0009028690088
65725	0.0007229326193
65726	0.003300524983
65727	0.0007780599933
65728	0.0005217675264
65729	0.0008132784918
65730	0.004439392908
65731	0.003749801715
65732	0.0005927717601
65733	0.001998158776
65734	0.0003297538877
65735	0.0001714802362
65736	0.003207218591
65737	0.001111843872
65738	0.001439773347
65739	0.004501540218
65740	0.005003336586
65741	0.001910387285
65742	0.0004506972169
65743	0.004744209937
65744	8.222849507e-05
65745	1.430983995e-07
65746	0.00424710222
65747	0.001623974274
65748	0.006546500671
65749	0.001418623734
65750	0.002906229712
65751	0.002318880428
65752	0.001744152498
65753	0.005105684436
65754	0.001543209215
65755	0.0008273100421
65756	0.001789634441
65757	0.0007813154567
65758	0.0001164998197
65759	0.005915281278
65760	0.01074566003
65761	0.0002170438102
65762	0.003722239516
65763	0.0008808911982
65764	0.0006206778858
65765	0.001842426477
65766	0.002186777777
65767	0.003380808754
65768	0.00111245338
65769	0.0008773412667
65770	0.0004005019951
65771	0.0004135849226
65772	0.001078312127
65773	0.0004910577717
65774	0.005387250151
65775	0.0004371052087
65776	0.002362901729
65777	0.0009781131022
65778	0.001653835487
65779	0.0009669868241
65780	0.004327619592
65781	0.002843994437
65782	0.0004559758876
65783	0.002937490802
65784	0.004430117358
65785	0.002087032394
65786	0.003936044869
65787	0.005818201598
65788	0.003542551219
65789	8.263739828e-06
65790	7.418674689e-05
65791	0.0001955239199
65792	8.776559134e-05
65793	3.093998573e-05
65794	0.0001709570894
65795	7.33356652e-05
65796	0.0002611735802
65797	0.0003336238502
65798	0.0001444548581
65799	0.0002068416234
65800	2.699952572e-06
65801	0.0004301813982
65802	0.0008447563207
65803	1.68682557e-05
65804	7.091784908e-05
65805	0.0001806581899
65806	0.004219907796
65807	0.0007427998648
65808	0.0002962170663
65809	0.000650062733
65810	0.0004186146366
65811	0.0003648237117
65812	0.002166038359
65813	0.001846359961
65814	0.0006362534635
65815	0.0005403599214
65816	0.0006541857167
65817	0.002129669009
65818	0.003926084646
65819	5.180661856e-05
65820	0.0005459588089
65821	0.002534098635
65822	0.002644056422
65823	0.004113184603
65824	0.002419501871
65825	0.00349091577
65826	0.0005568256583
65827	0.0001376640563
65828	2.547062861e-05
65829	0.0001495230901
65830	0.0001714006501
65831	0.0001971358725
65832	0.0001058615132
65833	0.0002489156359
65834	1.807195027e-05
65835	0.0002739775844
65836	5.31898725e-05
65837	7.61071899e-06
65838	3.013805391e-05
65839	0.0002386287841
65840	0.0003144877584
65841	0.00148566736
65842	0.0009009495356
65843	0.0009738509097
65844	3.166221923e-05
65845	0.001707677357
65846	0.001393793378
65847	0.0009681419228
65848	0.002887565503
65849	0.001238342414
65850	0.009315487593
65851	0.0001361756615
65852	0.001183406733
65853	0.0001199699017
65854	0.0003801439102
65855	0.003851680926
65856	0.0002508037363
65857	0.001395103158
65858	0.0009038509125
65859	0.002194140118
65860	0.001174790198
65861	0.004452249499
65862	0.003291169262
65863	0.001416705497
65864	0.002742682939
65865	0.00636500192
65866	0.0008886663359
65867	0.004146877605
65868	0.0045373809
65869	6.446916577e-05
65870	0.0006564753484
65871	0.003127701173
65872	0.0001448578849
65873	0.003775702716
65874	2.716819638e-05
65875	0.002044301869
65876	0.0006763375917
65877	0.00264491113
65878	3.031768655e-06
65879	0.0001713251322
65880	0.0001680509665
65881	0.0001518855672
65882	0.002919247777
65883	0.001566977827
65884	0.004398050018
65885	0.008480903887
65886	0.002759294178
65887	0.0006583061858
65888	0.004760631156
65889	0.002793481994
65890	0.001848782917
65891	0.001671707186
65892	0.001862572391
65893	0.007666988142
65894	0.0006604381051
65895	0.0002416422739
65896	0.0006910431351
65897	0.005320109748
65898	0.006267065626
65899	0.002054250221
65900	0.0001467714781
65901	0.004101824614
65902	0.001469572519
65903	0.002311881742
65904	0.001013425462
65905	0.001171921836
65906	0.006846284229
65907	0.0007600262937
65908	0.002360505279
65909	0.001620291757
65910	0.004567308226
65911	0.003571460384
65912	0.002196858139
65913	0.001227998687
65914	0.0001582312381
65915	0.0008467945245
65916	0.001744964387
65917	0.003097738702
65918	0.003162834271
65919	0.0002772367284
65920	0.002021341185
65921	0.00130863285
65922	0.001442892653
65923	0.004359520246
65924	0.002596034027
65925	0.008688212058
65926	0.003116398527
65927	0.0007204821262
65928	0.0002060666344
65929	0.0002644061394
65930	0.004326213397
65931	0.001292182998
65932	0.0015343207
65933	0.0009429535772
65934	0.002008960873
65935	0.001708169272
65936	0.0019336236
65937	0.003681700075
65938	1.22825293e-05
65939	0.0009490136692
65940	0.001614005447
65941	0.001604846368
65942	0.00108902589
65943	5.167071251e-05
65944	0.003445083144
65945	0.0006153565788
65946	1.979482411e-05
65947	0.001548026012
65948	0.001411903134
65949	0.003719750129
65950	0.007038537968
65951	0.00357239034
65952	0.001779186685
65953	0.00306093539
65954	0.003052392345
65955	0.0003168145144
65956	0.002133837456
65957	0.000672569292
65958	0.004554595895
65959	0.003758158994
65960	0.00106538794
65961	0.00534264257
65962	0.003193477382
65963	0.002227989338
65964	0.00471157038
65965	0.005850752127
65966	0.0009966418041
65967	0.0002126816607
65968	0.00428601862
65969	0.005851160703
65970	0.0003471341742
65971	0.002182292118
65972	0.001851655687
65973	0.002405612097
65974	0.0007131947
65975	0.001357107877
65976	0.00290655724
65977	0.002110562225
65978	0.002788346576
65979	0.001024320037
65980	6.836717465e-05
65981	0.005763528264
65982	0.001598549711
65983	0.0003440889784
65984	0.0003890565287
65985	0.002004021993
65986	7.259893149e-05
65987	0.000206372336
65988	0.004552914472
65989	0.0006020072851
65990	0.003226803529
65991	0.003409215157
65992	0.002957286183
65993	4.695228279e-05
65994	0.001182296155
65995	0.0006657811269
65996	0.0009071316854
65997	0.0002702452598
65998	5.641283176e-05
65999	0.0003412543827
66000	1.466721646e-05
66001	0.003114636662
66002	0.0002539454652
66003	0.0005635299977
66004	0.0001809871096
66005	0.0001662133654
66006	0.000186657341
66007	0.0005582891162
66008	0.0004150479882
66009	0.0001788808662
66010	4.112965338e-06
66011	0.0007508026941
66012	0.0004707550751
66013	0.000269659351
66014	0.000239061557
66015	0.0001511399022
66016	0.0004874973891
66017	0.0001387106114
66018	0.0006680341143
66019	0.001067823514
66020	0.00064614598
66021	2.700142064e-05
66022	0.0002043472307
66023	5.395042081e-05
66024	0.0003935796003
66025	0.0005318533178
66026	8.473559695e-05
66027	0.0005900303163
66028	0.0001513261576
66029	0.000108352769
66030	0.0001706347116
66031	0.0006319279017
66032	0.0002599265653
66033	0.0001582257256
66034	0.0001791576588
66035	0.0001751933639
66036	0.0007986143223
66037	3.360865445e-05
66038	0.004088058048
66039	0.0006757768887
66040	0.001639636862
66041	0.0008818063172
66042	0.001097439369
66043	0.0002864393106
66044	0.000271564974
66045	0.0009429292328
66046	0.0007280791248
66047	0.003535609379
66048	0.0007409572496
66049	0.002206584265
66050	0.0005729352931
66051	0.0003836399494
66052	0.0001431651442
66053	0.001098959444
66054	0.00458829923
66055	0.0006716639791
66056	0.001774927965
66057	0.00349483473
66058	0.004730351935
66059	0.003480732539
66060	0.00243277879
66061	0.002277599013
66062	7.365569135e-06
66063	0.004853268706
66064	0.003544647502
66065	0.003608958343
66066	0.0003505118993
66067	0.001815063465
66068	0.00345131027
66069	0.0008696974364
66070	9.194726662e-05
66071	0.0007387816083
66072	0.0001374556538
66073	0.001467354498
66074	0.002543548272
66075	0.003352735976
66076	8.608937458e-05
66077	6.105293236e-05
66078	0.001340052545
66079	2.231663215e-05
66080	0.0001449827111
66081	0.0004788855428
66082	4.992239695e-05
66083	0.0002982924869
66084	0.0004306468082
66085	0.001603951611
66086	0.0003408147604
66087	0.0003914021778
66088	9.852031028e-05
66089	0.0008297956653
66090	0.000436737797
66091	0.003668755712
66092	0.0003414422347
66093	0.000169415698
66094	0.001486398507
66095	0.0001653902792
66096	0.001223314423
66097	2.191860891e-06
66098	0.0002278914194
66099	9.731352456e-06
66100	0.0001003545948
66101	0.0004917949046
66102	0.00152603844
66103	0.001343837102
66104	0.001065026205
66105	0.002268072835
66106	0.0003178260744
66107	0.0006636659695
66108	6.602143973e-05
66109	0.002655107507
66110	0.0009111546344
66111	2.567878631e-05
66112	0.0006663339223
66113	0.0003007893513
66114	0.0004223753057
66115	7.270818138e-05
66116	0.000694735087
66117	0.001568982962
66118	0.0008820665756
66119	0.002133967311
66120	0.0001192314769
66121	0.0006333591277
66122	0.00146027774
66123	0.0004010706209
66124	0.001205436322
66125	0.0007913348343
66126	0.004131363927
66127	0.0006010420829
66128	0.0006091721197
66129	0.0002005140496
66130	0.0003862916107
66131	0.0009073863725
66132	0.0002912834963
66133	0.0003760085831
66134	0.004603361861
66135	7.705022038e-05
66136	4.628326783e-05
66137	0.001694351175
66138	0.0005209290548
66139	0.0006242942159
66140	0.002503914939
66141	0.0004017535063
66142	0.0004748047415
66143	0.0001340048924
66144	0.0006613903113
66145	0.0006415112329
66146	0.003510461077
66147	0.0003456144644
66148	0.00078551948
66149	0.0004928275751
66150	0.0005027371607
66151	0.0001553763447
66152	0.003307294999
66153	0.000422433293
66154	0.0001667647338
66155	0.0008088822772
66156	0.000159366043
66157	0.0001923492618
66158	0.001980696579
66159	0.0004050368332
66160	0.001817815117
66161	0.003735741395
66162	0.000208941677
66163	0.002380330426
66164	0.0001274674513
66165	0.003109557784
66166	0.000582938222
66167	0.001552911546
66168	0.003391577748
66169	0.0004040445439
66170	0.00109477036
66171	0.003659439129
66172	0.001056305296
66173	0.0001561923942
66174	0.000816677912
66175	0.001122251709
66176	0.005100355247
66177	0.0002148237328
66178	0.001111652718
66179	0.002330263805
66180	0.0008431069662
66181	0.0001420344967
66182	0.005881445341
66183	0.006553775948
66184	0.003329615414
66185	0.002758794028
66186	0.002440370091
66187	4.109102444e-05
66188	0.0001256991741
66189	0.001767193375
66190	0.006732664698
66191	0.0002889560491
66192	0.0001209021677
66193	0.0009043880975
66194	0.001545287479
66195	0.0004996008395
66196	0.001533128221
66197	0.0002197990641
66198	0.005165944849
66199	0.002152635633
66200	0.0004502352462
66201	0.004035992448
66202	0.002674673472
66203	0.002342400226
66204	0.0004085577504
66205	0.000941275984
66206	3.227816982e-05
66207	0.003648018827
66208	8.776906184e-05
66209	0.001227445487
66210	0.004569644363
66211	0.001723322466
66212	7.535494183e-05
66213	0.00139054278
66214	0.0004710400882
66215	0.000342949921
66216	0.0003676870527
66217	0.001403872759
66218	0.007251264922
66219	0.001096180906
66220	0.001765757769
66221	0.001220630889
66222	0.002111129492
66223	0.0002551527046
66224	0.0007399097414
66225	0.004896476299
66226	0.0002780880919
66227	0.003427571876
66228	0.0005998056444
66229	0.001906727933
66230	0.002042034543
66231	0.001475189233
66232	0.0005329239044
66233	0.002878800021
66234	1.774058133e-05
66235	0.003322613069
66236	1.959829358e-05
66237	0.002618615441
66238	0.004649199476
66239	0.0002215008305
66240	0.00244952744
66241	0.002622986531
66242	0.003471595089
66243	0.002274112327
66244	0.00367282613
66245	0.006150566457
66246	0.00218173284
66247	0.005515477452
66248	0.0004764459363
66249	0.006728143428
66250	0.001034953083
66251	0.001243917513
66252	0.001686557943
66253	0.0002426305027
66254	0.00220110468
66255	0.0002780236491
66256	0.002965714888
66257	0.00439703942
66258	0.006089474309
66259	0.005886072968
66260	0.003166011217
66261	0.002424366464
66262	0.0006929960908
66263	0.003089113557
66264	0.002478618829
66265	0.002248149058
66266	0.001216720708
66267	0.001771492938
66268	0.003814624714
66269	0.002258028641
66270	0.0004248358022
66271	0.0001536872995
66272	0.0005628455815
66273	0.003579107924
66274	0.00126224316
66275	0.0009378203627
66276	0.002266614088
66277	0.001953060611
66278	0.0008616889138
66279	0.004405497602
66280	0.0006128813952
66281	0.0009861180957
66282	0.003779166855
66283	0.0009448896154
66284	0.0001475157745
66285	0.002644620368
66286	0.0006906734074
66287	0.005115539183
66288	0.006866254737
66289	0.002552536084
66290	0.003394535416
66291	0.003583149381
66292	0.0007801718788
66293	0.003507065209
66294	0.0007625322955
66295	0.0006908368033
66296	0.008322631342
66297	0.001177905085
66298	0.002115977248
66299	6.103277657e-05
66300	0.001458796452
66301	0.002103149641
66302	0.001473940538
66303	2.399791934e-05
66304	0.00193490677
66305	0.0013662019
66306	0.004213323487
66307	0.0007999247014
66308	0.002713336973
66309	0.002382033558
66310	0.0006407977329
66311	0.001742312351
66312	0.005726265685
66313	0.004346973985
66314	0.005563619353
66315	0.00242792071
66316	0.001099842219
66317	0.003617467004
66318	0.002388305207
66319	0.0001147261357
66320	0.0006273538215
66321	0.001479599586
66322	0.0005141130716
66323	0.007680535645
66324	0.005407615201
66325	0.000159356696
66326	0.002281991419
66327	0.000888536739
66328	0.006467477259
66329	0.008900648377
66330	0.003213733336
66331	0.00401174543
66332	0.002639548013
66333	0.0006449710785
66334	0.001348131334
66335	0.0007472446823
66336	0.005455477963
66337	0.001108632333
66338	0.00497096546
66339	0.003848930291
66340	0.0007331233967
66341	0.002266838615
66342	0.0003571702824
66343	0.0002726480635
66344	0.00384054328
66345	0.002317174868
66346	0.003770066822
66347	0.002717126622
66348	0.001666190983
66349	0.003311667318
66350	0.0004631987095
66351	0.002357669672
66352	0.001824820553
66353	0.001170923733
66354	0.001023795139
66355	0.0004175612401
66356	0.001670626631
66357	0.001547254611
66358	0.001469197949
66359	0.0014783611
66360	0.003389464444
66361	0.0008375029165
66362	0.003159488643
66363	0.008504580592
66364	0.00376155104
66365	0.0003944699176
66366	0.00379782524
66367	0.003420073304
66368	0.002270134166
66369	0.006251794829
66370	0.00224055717
66371	0.007376724413
66372	0.008889198693
66373	0.0007209601324
66374	7.36468916e-05
66375	0.002696957736
66376	0.00365746033
66377	0.0008494621172
66378	0.000934122328
66379	0.005349572649
66380	0.001295564543
66381	0.004314644947
66382	0.0001966667469
66383	0.0004406791971
66384	2.192788247e-05
66385	0.0006961358752
66386	0.00249479021
66387	0.0008605825986
66388	0.002349639237
66389	0.001833945287
66390	0.009919126493
66391	0.003238616517
66392	0.004022583735
66393	0.0032536336
66394	0.0008623840554
66395	0.002846916102
66396	0.001216017457
66397	0.001254625812
66398	0.001194201409
66399	0.0006856978071
66400	0.0003646867223
66401	0.003114592583
66402	0.002342367541
66403	0.004846013387
66404	0.0001079034072
66405	0.002511198578
66406	3.456816792e-05
66407	0.002889345211
66408	0.001981080477
66409	0.003108234838
66410	0.0001684734278
66411	0.002303182989
66412	0.004759274622
66413	0.001901188914
66414	0.0006678462113
66415	0.0003490063049
66416	2.647079682e-05
66417	0.001872827104
66418	0.010181472
66419	0.002483462934
66420	0.004542819989
66421	0.001108914938
66422	0.004459955004
66423	0.0006881424608
66424	0.0007592793612
66425	0.002537713926
66426	0.003005904066
66427	0.001655898414
66428	0.002532343332
66429	0.002653662826
66430	0.004643077036
66431	0.001043665231
66432	0.005192814395
66433	0.0007523572043
66434	0.0007682681721
66435	0.0009980943239
66436	0.00281299042
66437	0.003212088478
66438	0.001892897799
66439	0.003170097324
66440	0.004353752261
66441	0.003015263542
66442	0.001185797937
66443	0.002853935284
66444	0.0003740462286
66445	0.004885252145
66446	0.0008824040046
66447	0.005415721462
66448	0.004081749815
66449	0.001031075205
66450	0.0006447136815
66451	0.0003502186117
66452	0.002967843417
66453	0.0003227216812
66454	0.0006878769425
66455	0.001882554992
66456	0.0009653074626
66457	0.000187151732
66458	0.0005474837773
66459	0.002565833921
66460	0.001014755653
66461	0.0104264142
66462	0.0002643143496
66463	9.831045098e-05
66464	0.002639400392
66465	0.002313269018
66466	0.00274160077
66467	0.000103015613
66468	0.001753230739
66469	0.003822404047
66470	0.003015906023
66471	0.004314565079
66472	0.003146186687
66473	0.006865436612
66474	0.003087661134
66475	0.0004442011379
66476	0.002921199028
66477	0.003090922789
66478	0.001755183062
66479	0.001636261551
66480	0.0002957532263
66481	0.00197398847
66482	0.00373577814
66483	0.000790962075
66484	0.001114762415
66485	0.0002382387199
66486	0.008050562949
66487	0.0002173088293
66488	0.0002353199244
66489	0.0009339059464
66490	0.0001725299094
66491	0.01122772912
66492	0.0007664268591
66493	0.0008226405526
66494	0.0004882497823
66495	0.00440997785
66496	0.007207009377
66497	9.398105282e-05
66498	0.001486579437
66499	2.504971654e-05
66500	0.003730696707
66501	0.004444862975
66502	0.002797991483
66503	4.833283453e-05
66504	0.0007341686593
66505	4.905384963e-05
66506	0.0005797979916
66507	0.0009727768875
66508	0.00185640015
66509	0.005199298616
66510	0.0005076732398
66511	0.0009204621045
66512	0.0001082948494
66513	0.008877169822
66514	0.002001982244
66515	0.003736315068
66516	0.003193960287
66517	0.005298689025
66518	0.002740843502
66519	0.003315653745
66520	0.0008741346033
66521	0.0001543182362
66522	0.003506747443
66523	0.0003866451619
66524	0.0003867483705
66525	0.003399510741
66526	0.004858296346
66527	0.001086602212
66528	0.00228937435
66529	0.0006644656991
66530	0.002023895213
66531	0.005704950475
66532	3.338060864e-06
66533	0.007333877056
66534	0.003407307712
66535	0.003103596343
66536	0.0004312143694
66537	0.002944321571
66538	0.005501317188
66539	0.0007461174784
66540	0.0008123444637
66541	0.0009783734381
66542	0.0001711909619
66543	0.0003899923275
66544	0.003891712226
66545	0.000803255016
66546	0.003539948805
66547	0.004226279222
66548	0.0009336720222
66549	0.002009957229
66550	0.0004273250388
66551	0.001784983156
66552	0.002511853129
66553	0.002574702827
66554	0.003389274233
66555	0.001764368989
66556	0.001482680865
66557	0.001537349016
66558	0.002163884003
66559	0.002371786944
66560	0.0009701452081
66561	0.007549238949
66562	0.003165062803
66563	0.0005464095026
66564	0.001053923658
66565	0.001390178327
66566	0.001739180179
66567	0.005493986151
66568	0.00238747177
66569	0.00391816804
66570	0.003958402578
66571	0.00506936142
66572	0.00146604205
66573	0.0001751005296
66574	0.002341687998
66575	0.001950870139
66576	0.005068685749
66577	0.001455090755
66578	0.000408440747
66579	0.0007827493585
66580	0.004351238066
66581	0.001000167212
66582	0.0007222620752
66583	0.004473152809
66584	5.565589438e-05
66585	0.0008885426492
66586	0.00322220765
66587	2.56781985e-06
66588	0.003541287394
66589	0.002170296426
66590	0.00576762044
66591	0.000620753233
66592	0.004640926305
66593	0.003260740379
66594	0.002999480648
66595	0.00412840757
66596	0.0006953074626
66597	0.001157609432
66598	0.004597064876
66599	0.002400503825
66600	0.002451115466
66601	0.0007521013416
66602	0.0001750013977
66603	0.002202458181
66604	0.006254846007
66605	0.00433521056
66606	0.002765469047
66607	0.003397860493
66608	0.001802225209
66609	0.003518838527
66610	0.0001356854995
66611	0.003304486384
66612	0.006640151748
66613	0.0001441100117
66614	0.0003789056086
66615	0.003713800476
66616	0.004004569263
66617	0.0006593988625
66618	0.003209787775
66619	0.002800309661
66620	0.0004534391683
66621	0.002576755337
66622	0.002571496116
66623	0.001064685502
66624	0.002726701072
66625	0.002080445841
66626	0.00246788515
66627	0.0004605644334
66628	0.001293177452
66629	0.003706721195
66630	0.003916346316
66631	0.002090919032
66632	0.0002413800765
66633	0.00307727096
66634	0.003825845545
66635	0.001239653779
66636	0.003183758157
66637	0.002528916342
66638	0.000148898694
66639	0.004283288161
66640	0.009351124162
66641	0.0025381196
66642	0.004019387952
66643	2.020802085e-05
66644	0.0001751261232
66645	0.0008706448882
66646	0.00307404842
66647	0.003562739127
66648	0.0001003681625
66649	0.001386860228
66650	0.001853797148
66651	0.0002033278565
66652	0.0003436038902
66653	0.003258869489
66654	0.007238897081
66655	0.0007849940295
66656	0.0002985275537
66657	0.002253916936
66658	0.0004281313441
66659	0.001019545214
66660	0.0009599813115
66661	0.0009073631013
66662	0.005431663102
66663	0.0007824956098
66664	0.0007838258033
66665	0.0006371216656
66666	0.002962909355
66667	0.0004253501222
66668	0.0006866524073
66669	0.005077680388
66670	0.005351336374
66671	0.001223316881
66672	0.00144292451
66673	0.0002565327502
66674	0.0006630817211
66675	0.0009344871309
66676	0.0006014377572
66677	0.0009226970227
66678	0.001013029904
66679	0.0008693880458
66680	0.0005019095745
66681	0.001193820616
66682	0.0003892675201
66683	0.0005498164777
66684	0.001921104696
66685	0.002363875114
66686	0.001761910501
66687	0.005696810286
66688	0.0008593315483
66689	0.002813884898
66690	0.004046201667
66691	0.0004692510625
66692	0.0006390651626
66693	0.0009884264831
66694	0.001002505716
66695	0.002442733769
66696	0.002391655614
66697	0.000913080007
66698	0.0003183503768
66699	0.004291000683
66700	0.002223429384
66701	0.0002941573621
66702	0.003746915593
66703	0.003174135773
66704	0.0006349954952
66705	0.001648007959
66706	0.0002137344224
66707	0.001638277523
66708	0.00123560597
66709	0.0005464037071
66710	0.001524650014
66711	0.0002461988669
66712	0.0003566182568
66713	0.0007165510978
66714	0.004476958128
66715	0.0002079158571
66716	0.002727987509
66717	0.0001004674568
66718	0.003962400977
66719	0.001526859546
66720	0.001034467753
66721	8.391584524e-05
66722	0.001252968813
66723	0.004550884593
66724	0.002713173556
66725	0.004362754613
66726	0.0006546135924
66727	0.004504206822
66728	0.0007200794557
66729	0.0002577200308
66730	0.001163222907
66731	0.001033509439
66732	0.0008645547105
66733	0.0007097883756
66734	0.0001234269571
66735	0.0003043192815
66736	0.002100548491
66737	0.004939909218
66738	0.005500110942
66739	0.001723051718
66740	0.0006535878819
66741	0.001475990074
66742	0.00188591154
66743	0.001049362635
66744	0.0004823221184
66745	0.006120249551
66746	0.0003608039848
66747	0.001624250268
66748	0.0006983606703
66749	0.001061670763
66750	0.006068764546
66751	0.0001229272465
66752	0.002319386892
66753	0.0002666682534
66754	0.003234749965
66755	0.0002923304647
66756	0.001350768931
66757	0.004662967701
66758	0.004492780038
66759	0.0006636544785
66760	0.005331067947
66761	0.006721505751
66762	0.001620742104
66763	0.0008847365879
66764	0.001192180267
66765	0.001556560041
66766	0.002828903192
66767	0.0002256479593
66768	4.195542389e-05
66769	0.0007934572545
66770	0.001628241761
66771	0.0001800411841
66772	0.003692559201
66773	0.0008319754966
66774	0.0002262689619
66775	0.001904867207
66776	0.0001189066552
66777	0.001426292263
66778	0.001141711992
66779	0.003470938702
66780	0.002997218879
66781	0.0001525328602
66782	0.0009324802047
66783	0.0004932806661
66784	0.0001131783152
66785	0.000198942083
66786	0.001124944671
66787	0.001396175654
66788	0.0001605094975
66789	0.0001214815285
66790	0.001768637011
66791	0.0001772313777
66792	0.000225161715
66793	0.0003106966477
66794	0.001461031879
66795	0.001805485742
66796	0.0002823506194
66797	0.004219261376
66798	0.003497139743
66799	0.008471799775
66800	0.0008030611923
66801	0.002618771599
66802	0.005351858694
66803	0.007193022948
66804	0.003542321652
66805	0.007998091275
66806	0.005151080783
66807	0.006184633855
66808	0.006840330037
66809	0.0007013055717
66810	0.01047144972
66811	0.005293523831
66812	0.0002720066817
66813	0.001420174736
66814	0.001689510279
66815	0.002495610387
66816	0.00114728356
66817	0.00386439954
66818	0.0005925735045
66819	0.005287703292
66820	0.0002562579637
66821	0.002127728847
66822	0.007297496097
66823	0.0009991685133
66824	0.00377212493
66825	0.006113631243
66826	0.0004097612014
66827	0.005190316249
66828	0.002853726554
66829	0.005716833025
66830	0.0006276576616
66831	7.128135016e-05
66832	0.002448690009
66833	0.00108973777
66834	0.001467479073
66835	0.0009226062835
66836	0.002557750175
66837	0.0004568983501
66838	0.003513681198
66839	0.009661073392
66840	0.003604453553
66841	0
66842	0.004352911672
66843	0.002341291576
66844	0.000139675095
66845	0.0001172016792
66846	0.0001455321341
66847	0.002770959551
66848	0.003777269161
66849	3.397806917e-05
66850	0.002539364144
66851	0.001220480026
66852	0.003038691012
66853	0.0003500800559
66854	6.456003319e-05
66855	0.003687198365
66856	6.956835887e-06
66857	0.001020634398
66858	0.0008773729857
66859	0.001342229871
66860	0.001889497867
66861	0.0007224669636
66862	0.0009880756044
66863	0.002006289289
66864	0.00231755789
66865	0.0002586751015
66866	0.001966060666
66867	0.004015108606
66868	0.002284818005
66869	0.0003166856237
66870	0.001827327878
66871	0.001072674128
66872	0.001934993751
66873	0.004883983397
66874	0.004416206173
66875	0.001881557644
66876	0.00252241477
66877	0.0001188035319
66878	0.001876400584
66879	0.00158990783
66880	0.002054625141
66881	0.003349105395
66882	0.002133344674
66883	0.001443788653
66884	2.805545148e-05
66885	0.001023423588
66886	0.004669376649
66887	0.0006969690809
66888	0.001652160391
66889	0.0004219655056
66890	0.0001984633126
66891	0.004478796153
66892	0.005938145662
66893	0.00299119336
66894	0.0005176070982
66895	0.0002164269216
66896	0.00100889941
66897	0.0008135745337
66898	0.004076549125
66899	0.0006914320403
66900	0.001560789827
66901	0.0008642265328
66902	0.001290449827
66903	0.0006139280411
66904	0.0003252591169
66905	0.0007573915139
66906	0.0008377991692
66907	0.001360247097
66908	0.0003444162949
66909	0.00246019577
66910	0.001241688031
66911	0.001138965971
66912	0.0009223837676
66913	0.001862639382
66914	0.003094804856
66915	0.003252941094
66916	0.002317321152
66917	0.0002984448458
66918	0.001320020909
66919	0.002171422286
66920	0.0007192889569
66921	0.001604440858
66922	0.0002551458868
66923	0.00141008646
66924	0.0005415345495
66925	0.001582468703
66926	0.0003890830706
66927	1.682235445e-05
66928	0.006742564915
66929	0.007495708647
66930	0.0008385180623
66931	0.009982463634
66932	0.006011110301
66933	0.005834811652
66934	0.0003563338975
66935	0.002116586353
66936	0.006034926157
66937	0.003660263518
66938	0.001116875321
66939	0.002093314677
66940	2.426583347e-05
66941	0.003491987043
66942	0.002278534059
66943	0.002687943441
66944	0.004702433463
66945	0.002043061
66946	0.0003325636465
66947	0.005839973384
66948	0.003275579958
66949	0.0001029808841
66950	0.001921139023
66951	0.001822897526
66952	0.003091665657
66953	0.001364114987
66954	0.008033743848
66955	0.003863394612
66956	0.002417642798
66957	0.003274339786
66958	0.0008720974716
66959	0.004305020464
66960	3.555240417e-05
66961	0.004659652661
66962	0.0008854270407
66963	0.0004585675672
66964	5.670224791e-05
66965	0.0005751896928
66966	0.0008448528497
66967	0.004690645818
66968	0.004615733364
66969	0.002515087377
66970	0.00119793419
66971	0.002382894842
66972	0.003945476683
66973	0.002814728244
66974	0.0005570512806
66975	0.0007667373646
66976	0.001938318237
66977	0.002041991777
66978	0.0004020080273
66979	0.004063191201
66980	0.001395189043
66981	0.002720513857
66982	0.005854827876
66983	0.000529126969
66984	0.0007263869692
66985	0.004351458374
66986	0.004558419148
66987	0.0001899947026
66988	0.003875546125
66989	0.001908839438
66990	0.003236276556
66991	0.002648225955
66992	0.0008933882627
66993	0.004661410111
66994	0.001165326492
66995	0.005184104249
66996	0.001458051525
66997	0.00787395019
66998	0.002200941019
66999	0.002773351921
67000	0.002182190617
67001	0.0002666807192
67002	0.00524710179
67003	0.000309685033
67004	0.0008516612025
67005	0.005283731952
67006	0.00236444832
67007	0.0009606222896
67008	0.0001730951561
67009	6.67030014e-05
67010	0.0001355607729
67011	0.0001005809393
67012	0.0007679087225
67013	0.0005843524141
67014	0.002551974834
67015	0.001263877045
67016	0.002655164591
67017	0.004663560894
67018	0.002812906077
67019	0.002533120661
67020	0.002265175795
67021	8.403686576e-06
67022	0.003901077723
67023	0.004447099043
67024	0.0004549987976
67025	0.0003607478586
67026	0.005883140141
67027	0.00244836883
67028	0.0002430920959
67029	0.0009748557987
67030	0.001050448553
67031	1.545796757e-05
67032	4.151144208e-05
67033	0.005217478381
67034	0.002277562706
67035	0.008855545116
67036	0.006463065909
67037	0.001377043515
67038	0.0008872646314
67039	0.005703091422
67040	0.001186342914
67041	0.0009634892273
67042	0.004875626206
67043	0.0004283208596
67044	0.007929765407
67045	0.0007180835931
67046	0.003469510254
67047	0.007777277704
67048	0.00057014759
67049	0.00503590495
67050	0.001942661996
67051	0.004781224287
67052	0.00146576464
67053	0.004497016419
67054	0.002949897202
67055	0.005481895191
67056	0.001456336191
67057	0.001872957923
67058	0.004837832789
67059	0.002567740156
67060	0.004226076316
67061	0.001569445329
67062	0.001331458545
67063	0.0008394707988
67064	0.0010252825
67065	0.002004775891
67066	0.0007182806024
67067	0.005541102033
67068	0.003287794802
67069	0.003420494658
67070	0.008235481019
67071	0.01030056097
67072	0.0008749084102
67073	0.001530981526
67074	0.003069293091
67075	0.004095201855
67076	0.000193693851
67077	0.001271209919
67078	0.002630589884
67079	0.0009933609055
67080	0.000146259562
67081	0.00292009666
67082	0.00248066295
67083	0.001971933187
67084	0.0005681765363
67085	0.0008813104971
67086	0.002620757542
67087	0.002742548032
67088	0.001237782014
67089	0.001312091908
67090	0.002312027217
67091	0.001580206919
67092	0.0003721437366
67093	0.006657597888
67094	0.004102366698
67095	5.896460555e-05
67096	0.001670153003
67097	0.005402909156
67098	0.0001534118377
67099	0.0008988881715
67100	0.004527494865
67101	0.00278396232
67102	0.004892594662
67103	0.0005638183426
67104	0.006829763055
67105	0.003643547433
67106	0.005412966799
67107	0.0007276079528
67108	0.001611129565
67109	0.003999344658
67110	0.0004198833515
67111	0.001230429705
67112	0.001670617332
67113	0.003224705132
67114	0.0008761487479
67115	0.001578994097
67116	0.005612385915
67117	0.0008375945492
67118	0.001883934466
67119	0.001379206201
67120	0.000189175563
67121	0.001191102999
67122	0.005218604443
67123	0.0003045472692
67124	0.003969088313
67125	0.003904467819
67126	0.0008127316672
67127	0.004241568261
67128	0.00355995476
67129	0.006642846209
67130	0.003218044105
67131	0.003373277682
67132	0.002284992939
67133	0.000106484781
67134	0.002045682951
67135	0.002733251694
67136	0.003240673514
67137	0.001706190484
67138	0.003388811828
67139	0.005874088481
67140	0.0001426695985
67141	0.0004947170978
67142	0.004410414392
67143	0.0007566439808
67144	0.006348686536
67145	0.007470850881
67146	0.00177911048
67147	0.006455695231
67148	0.0002475421848
67149	0.006699401492
67150	0.005180104205
67151	0.001382465929
67152	0.005418002069
67153	0.003952857398
67154	0.0008969302189
67155	0.001666150751
67156	0.002383392098
67157	0.0008596605544
67158	0.004909759515
67159	9.225697734e-05
67160	0.003068488776
67161	0.006270685977
67162	0.001603611434
67163	0.0002270754412
67164	0.00252734511
67165	0.005633972269
67166	0.00283589427
67167	0.004050852283
67168	0.001543001632
67169	0.001790462993
67170	0.009926452386
67171	0.002006060192
67172	0.003578912654
67173	0.001446225499
67174	0.003576714573
67175	0.0005550353543
67176	0.00191172661
67177	0.004097516186
67178	0.002057232434
67179	0.006692548826
67180	0.003570221997
67181	0.001165214587
67182	0.005443928458
67183	0.002896415055
67184	0.00782942143
67185	0.001718167072
67186	0.001274745893
67187	0.0004769426368
67188	0.0006946751877
67189	0.0005684823874
67190	0.002195872305
67191	0.003006424017
67192	0.002634796852
67193	0.002682828958
67194	0.0007396499184
67195	0.000672495271
67196	3.566447182e-06
67197	0.001119217846
67198	0.0008428496095
67199	0.001462514641
67200	0.001661463172
67201	0.001053358534
67202	0.001977830895
67203	0.0006210300176
67204	0.003272585398
67205	0.004551919063
67206	0.001017791088
67207	0.003154116037
67208	0.004505283914
67209	0.001635058946
67210	0.0007569008189
67211	0.001126241376
67212	0.002070957019
67213	6.035561908e-05
67214	0.00151621218
67215	0.004340195052
67216	0.003973704287
67217	0.001080772505
67218	0.002915978484
67219	0.001929325365
67220	0.003236977448
67221	0.001600373001
67222	0.002181544406
67223	0.004108915325
67224	0.003955150951
67225	0.0002086636762
67226	3.954408354e-06
67227	0.003573056809
67228	0.0004897086264
67229	0.001398776626
67230	0.0003361431394
67231	0.002741340947
67232	0.0001947053839
67233	0.003593421115
67234	0.0005439225428
67235	0.002716320531
67236	2.922848635e-05
67237	0.003953180398
67238	0.002541234958
67239	0.006279488821
67240	0.003820013244
67241	0.0001067731205
67242	0.00257257927
67243	0.003473122892
67244	0.002689653827
67245	0.0006302714519
67246	0.002550696583
67247	0.000965478859
67248	0.005910917606
67249	0.002451912932
67250	0.0014028467
67251	0.000747107042
67252	0.0007784160952
67253	0.002972098353
67254	0.001401347703
67255	0.0008318440421
67256	0.005390834232
67257	0.002185377008
67258	0.0005422607547
67259	0.00118509378
67260	0.001248652151
67261	0
67262	0.0003102871684
67263	0.001628594735
67264	0.003613909161
67265	0.007361365332
67266	0.0009376961012
67267	0.001070931304
67268	0.001826662273
67269	0.001797994745
67270	0.004038050887
67271	0.0005765371254
67272	0.001048403841
67273	0.002326058103
67274	0.002291532566
67275	0.002444547031
67276	0.002020213331
67277	0.004182789469
67278	0.001563380675
67279	0.0005208229786
67280	0.001677406059
67281	0.00185770741
67282	0.003366014077
67283	0.0007260055228
67284	0.003371197731
67285	0.001163241978
67286	0.005619983412
67287	1.431794305e-05
67288	0.001562295294
67289	5.408057716e-05
67290	0.001240800093
67291	0.005724583856
67292	0.0002750980897
67293	0.005885201707
67294	0.000858635322
67295	0.003523785045
67296	0.001620829669
67297	0.006379855335
67298	0.001793875848
67299	0.002918765405
67300	0.003333540564
67301	0.00612329513
67302	0.000198293673
67303	6.588924053e-05
67304	0.002241933403
67305	0.0008094041831
67306	0.005256103431
67307	0.004195258399
67308	0.0009085909153
67309	0.001630432974
67310	0.0008959283721
67311	0.006082237255
67312	0.0003657205137
67313	0.001685185378
67314	0.0004306415036
67315	0.0007631137655
67316	0.001244374123
67317	0.001997907261
67318	0.002095159362
67319	0.001412789951
67320	0.000910801423
67321	0.00688500203
67322	0.001472136111
67323	0.00261781581
67324	0.0007301835513
67325	0.0007877902419
67326	0.001420417804
67327	0.006029094149
67328	0.006070837307
67329	0.0003109910423
67330	0.004382079156
67331	0.001760866215
67332	0.00254654661
67333	2.652417088e-05
67334	0.00229604586
67335	0.006065365289
67336	0.003230764829
67337	0.001824800459
67338	0.001630558804
67339	0.0027727714
67340	0.001245558974
67341	0.003443997605
67342	0.0003485984878
67343	0.003064172108
67344	0.00136982923
67345	0.006394312047
67346	0.003783724514
67347	0.0005370265414
67348	0.0009047588177
67349	0.004855865356
67350	0.004531106641
67351	0.0008490222515
67352	0.003281348411
67353	0.005447150135
67354	0.0006240346611
67355	0.002316736349
67356	0.002855766796
67357	0.0001765279333
67358	0.0004502652311
67359	0.005065386169
67360	0.002072376638
67361	0.003501784954
67362	0.004513170663
67363	0.0002547204336
67364	0.001693027777
67365	0.001164577992
67366	0.0004550573434
67367	0.0001035196271
67368	4.274392023e-05
67369	0.001047323783
67370	0.002225100698
67371	0.002149506104
67372	0.003665138674
67373	0.004048564673
67374	0.004751216584
67375	0.002605412441
67376	0.0008908798225
67377	0.001612053531
67378	0.00184911576
67379	0.0013418545
67380	0.001885022315
67381	6.655531421e-05
67382	0.001247891289
67383	0.004142788173
67384	0.004316760143
67385	0.000790687504
67386	0.004842887543
67387	0.002569866881
67388	0.003598240332
67389	0.001281750018
67390	0.002479961896
67391	0.00131274849
67392	0.001367353222
67393	0.00563143059
67394	0.002657604746
67395	0.0002500955524
67396	0.0009437308436
67397	0.0003256327092
67398	0.0001658106223
67399	0.000177072815
67400	0.003202205723
67401	0.0009811159996
67402	0.000938815255
67403	0.001844304049
67404	0.001988781992
67405	0.007604114586
67406	0.00183161286
67407	0.00400888123
67408	0.00348681547
67409	0.003354366115
67410	0.0008786814552
67411	0.004297780911
67412	9.337381577e-05
67413	0.0008314181404
67414	0.006296792415
67415	6.963921448e-05
67416	0.0008358856365
67417	0.006336861466
67418	0.005157629513
67419	0.002447279595
67420	0.005762552486
67421	0.001719384408
67422	0.00116432266
67423	0.0001116437254
67424	0.004859203085
67425	0.0007697336867
67426	0.001134872765
67427	0.0001611843168
67428	0.0002154306837
67429	0.0005332865539
67430	0.002129135082
67431	0.002141392078
67432	0.001288364229
67433	0.0001535888772
67434	0.0007672825496
67435	0.001800704965
67436	0.007567851264
67437	0.003517164825
67438	0.002599080442
67439	0.002350970326
67440	0.005603970234
67441	0.004968407408
67442	0.002413812329
67443	0.004347209107
67444	0.002752753131
67445	0.001952535939
67446	0.008180196529
67447	0.001315952104
67448	0.002648042928
67449	0.01015541364
67450	0.006836618153
67451	0.0009353005046
67452	0.002506884977
67453	0.003311481042
67454	0.004312186254
67455	0.001238299557
67456	0.002158085943
67457	0.0004228137742
67458	0.001637709562
67459	0.001496045819
67460	0.0004226845441
67461	0.004161411794
67462	0.00667377754
67463	0.008777817669
67464	0.000833421665
67465	0.002118278983
67466	0.004265344236
67467	0.0003283449912
67468	0.003100342863
67469	0.004362260147
67470	0.0002250157499
67471	0.00378115525
67472	0.004964593487
67473	0.001386039698
67474	0.0007416561978
67475	0.0024566294
67476	0.001790503675
67477	3.051462401e-05
67478	0.0002343485642
67479	0.001741045533
67480	0.0006616415416
67481	0.002754824715
67482	0.01064142232
67483	0.0009359740916
67484	0.0007374217067
67485	0.002825478193
67486	0.002683163036
67487	0.002778424795
67488	3.085684915e-05
67489	0.002094782498
67490	0.006328435299
67491	0.00436014031
67492	0.003176426579
67493	0.002407568591
67494	0.003013326572
67495	0.001198977162
67496	0.001945876068
67497	0.005558557948
67498	0.000322806408
67499	0.007546849888
67500	0.002605855135
67501	0.002746717878
67502	0.003930888063
67503	0.0009386064002
67504	0.001745174411
67505	6.847236309e-06
67506	0.0002089747401
67507	0.004258350632
67508	0.002092311494
67509	0.001948423469
67510	0.003186591292
67511	0.003424191683
67512	0.004225162888
67513	0.0006188360342
67514	0.0002901174957
67515	0.001454964843
67516	0.00636145815
67517	0.004916123248
67518	0.002501255539
67519	0.005529936962
67520	0.0008252713287
67521	0.0003937406307
67522	0.002279084969
67523	0.001872833479
67524	0.007414572767
67525	0.003154007337
67526	0.0002812203111
67527	0.001356436714
67528	0.001122578626
67529	0.0001142490074
67530	0.005775016645
67531	0.0006615759206
67532	0.001205647624
67533	0.0001977343981
67534	0.004663749777
67535	0.00117902602
67536	0.0004423812581
67537	0.004370069042
67538	0.00407039008
67539	0.005416610617
67540	0.01121525525
67541	0.002278202802
67542	0.003976161372
67543	0.001690899988
67544	0.002445281737
67545	0.003390376322
67546	0.007043732299
67547	0.0001806534397
67548	0.0003392651743
67549	0.003602194352
67550	0.0005163794819
67551	0.007740135927
67552	0.0001284199558
67553	0.001300805101
67554	0.001262032285
67555	0.001776527733
67556	0.003202058109
67557	0.0004117243188
67558	0.004888102945
67559	0.00359699236
67560	0.002513533543
67561	0.006355630228
67562	0.001186614362
67563	0.0008346099135
67564	0.001949753532
67565	0.002058767118
67566	0.00279643914
67567	0.003477135503
67568	0.00161566483
67569	0.007229631009
67570	0.002955926831
67571	0.005789069854
67572	0.00433937375
67573	0.0009375177206
67574	0.0004707651339
67575	0.0004176343654
67576	0.004411345013
67577	0.0005720738732
67578	0.0009763710417
67579	0.0002051221698
67580	0.002358246282
67581	0.0009449455769
67582	0.001423024478
67583	0.002088688597
67584	0.004336097046
67585	0.002327345614
67586	0.0001284199558
67587	0.002453126128
67588	3.182091086e-05
67589	0.002572536711
67590	0.004193344649
67591	0.003442150858
67592	0.003959089568
67593	0.002798285322
67594	0.00123139244
67595	0.000487665399
67596	0.002747575081
67597	0.005099311756
67598	0.001931598886
67599	0.0009783944413
67600	0.004149778338
67601	0.0008989262866
67602	0.003395701622
67603	0.000918279824
67604	0.003601551444
67605	0.003650064275
67606	0.0005154005507
67607	0.003423007825
67608	0.002205830898
67609	0.0007453759137
67610	0.008230936172
67611	0.00297683303
67612	0.006683349098
67613	0.002519888811
67614	0.0004488637797
67615	0.005213910515
67616	0.002317089446
67617	0.001701421396
67618	0.004416598162
67619	0.007362246273
67620	0.0001568444766
67621	0.003010956285
67622	0.00134140044
67623	0.005760124567
67624	0.005541897245
67625	0.0007721753037
67626	0.003552643022
67627	0.000261205119
67628	0.00075911525
67629	0.0009416161061
67630	0.002910040239
67631	0.001881862495
67632	0.003389275083
67633	0.0008064133765
67634	0.002796905232
67635	0.001519253004
67636	0.00143748896
67637	0.005251204878
67638	0.0005954949758
67639	0.002401150857
67640	0.00052015746
67641	0.004412517789
67642	0.001641336871
67643	0.007848630978
67644	2.274306579e-05
67645	0.002235033282
67646	0.004399810943
67647	0.005278283119
67648	0.002550734126
67649	0.005219377699
67650	0.001914435769
67651	0.001442156834
67652	0.004713637637
67653	0.0007356071823
67654	0.00669119096
67655	0.0006982573024
67656	0.001134094385
67657	0.0006672674174
67658	0.0003071400512
67659	0.0001284199558
67660	0.001023796244
67661	0.0006988131003
67662	0.002641657822
67663	0.0009313957317
67664	0.00281855479
67665	0.0008405945551
67666	0.008372044593
67667	0.002593573626
67668	0.0007538802359
67669	0.0006339368823
67670	0.005774469837
67671	0.002570732118
67672	0.008975890041
67673	0.002039376101
67674	0.001867638965
67675	0.002105521541
67676	0.0006787393343
67677	0.0008666132997
67678	0.002740988944
67679	0.005944358462
67680	0.0004669978944
67681	0.001956880714
67682	0.001217595061
67683	0.0001554464003
67684	0.001533942668
67685	0.00234464211
67686	0.00197611203
67687	0.001018941761
67688	4.538444392e-05
67689	0.0005270553431
67690	0.0038783811
67691	0.006024358374
67692	0.008217384542
67693	0.001609787223
67694	3.226970785e-05
67695	0.0004510271189
67696	0.0008706447454
67697	0.004081501178
67698	0.004942429637
67699	0.00312378329
67700	0.0009454750288
67701	0.0002673777313
67702	0.0006566060012
67703	0.001774075944
67704	0.001443753481
67705	0.001638282429
67706	0.0004526009396
67707	0.0005804632519
67708	0.0009633601532
67709	0.003637063417
67710	0.0001676607837
67711	0.004207716269
67712	0.004574777814
67713	0.003477420434
67714	0.001517021123
67715	0.003354830725
67716	0.002354395827
67717	0.00108147974
67718	0.002957132756
67719	0.001391062935
67720	0.006298887311
67721	0.0004648474348
67722	0.0007474797688
67723	0.003857443968
67724	0.0004835791407
67725	0.0007815798635
67726	0.002179519935
67727	0.002038101002
67728	0.001115782898
67729	0.0005797551843
67730	0.0001874224156
67731	0.004170161549
67732	0.0002707534099
67733	0.002549222552
67734	0.002145288703
67735	0.0007555956924
67736	0.001034556214
67737	0.003193275634
67738	0.001224170532
67739	0.006874923171
67740	0.003234177511
67741	0.00621066199
67742	0.003056222223
67743	0.0008120074342
67744	0.002397962035
67745	6.21259363e-05
67746	5.757394435e-05
67747	0.002267131953
67748	0.0002322709042
67749	0.002431596452
67750	0.001113895583
67751	0.007418901478
67752	0.005287448094
67753	5.029154421e-05
67754	0.001635481606
67755	0.001330201266
67756	0.001630805924
67757	0.0001010280241
67758	0.006392784211
67759	0.001202294863
67760	0.003996870951
67761	0.001562210293
67762	4.760029382e-05
67763	0.001379454488
67764	0.005461849044
67765	0.004228517789
67766	0.003415259055
67767	0.003843472474
67768	0.0008912007451
67769	0.001584601339
67770	0.003522553509
67771	0.0006130239057
67772	0.002336876779
67773	0.005519073649
67774	0.001649063157
67775	0.001534913161
67776	0.0009791212706
67777	0.0004978663576
67778	0.003150020732
67779	0.0013297416
67780	0.003896130269
67781	0.001313986053
67782	0.0009267997266
67783	0.006397878498
67784	0.0005851237676
67785	0.0007644862065
67786	0.001025640317
67787	3.626484099e-05
67788	0.001137666135
67789	4.008532517e-05
67790	0.003835461372
67791	0.0006610662819
67792	0.004459447368
67793	0.0106457672
67794	3.654052533e-05
67795	0.0008440772356
67796	0.00273448338
67797	0.001682453797
67798	0.002946573238
67799	0.0009179258529
67800	0.002913338156
67801	0.002078682714
67802	0.001716272568
67803	0.008507673887
67804	0.000305511933
67805	0.002906888787
67806	0.00730219524
67807	0.001035306178
67808	0.007698970756
67809	0.003299392852
67810	0.001563666295
67811	0.0004391281168
67812	0.001524926886
67813	0.0007516880206
67814	0.0006997710205
67815	0.001169337151
67816	0.001217872257
67817	0.0006624923528
67818	0.000896700139
67819	0.000154197583
67820	7.115272307e-05
67821	0.001611005947
67822	0.0005384875745
67823	0.0007365020005
67824	0.001730919356
67825	0.003927345338
67826	0.00160649409
67827	0.006638710996
67828	0.0005415249416
67829	0.003015211542
67830	0.004757764637
67831	0.002342299448
67832	0.007495526594
67833	0.0005619250374
67834	0.004413114893
67835	0.000113838726
67836	5.593602164e-05
67837	0.002104262819
67838	0.001479582429
67839	0.0008576486492
67840	0.00151394799
67841	0.0003144533274
67842	0.004892882272
67843	0.005838228353
67844	0.002037136229
67845	0.003598498542
67846	0.002038702972
67847	0.001156887354
67848	0.007202091284
67849	0.001556020093
67850	0.002262890398
67851	0.001995880863
67852	0.000620932782
67853	0.0006621369577
67854	0.007876580308
67855	0.001516782671
67856	0.001964945171
67857	0.002997728268
67858	0.002683924869
67859	0.0001284199558
67860	0.001921284595
67861	0.006221507696
67862	0.004157916463
67863	0.0009175134106
67864	0.002664536542
67865	0.00113202869
67866	0.002782895416
67867	0.002991262616
67868	0.00151041445
67869	0.002947184156
67870	0.007454272338
67871	0.0007563347663
67872	0.00726497174
67873	0.003749911187
67874	8.812581603e-05
67875	0.007456773873
67876	0.002997207697
67877	0.0003369941058
67878	0.001361753546
67879	0.007973378095
67880	0.001971019642
67881	0.003968668343
67882	0.001861061711
67883	0.002055722892
67884	0.0002185581669
67885	0.001896415661
67886	4.63506659e-06
67887	0.002029511978
67888	9.181591919e-05
67889	0.002873180113
67890	0.0005558871565
67891	0.008424359878
67892	0.004438030524
67893	0.001997011441
67894	0.001155474263
67895	0.00415221252
67896	0.001150834145
67897	0.0008299347956
67898	0.001671840232
67899	0.001519467315
67900	0.00314571888
67901	0.0003455377651
67902	0.001865823568
67903	0.003321478717
67904	0.002304848203
67905	0.0001796800445
67906	0.003608912539
67907	0.002129295045
67908	0.004294467045
67909	0.001430097985
67910	0.0008237747585
67911	0.000612571827
67912	0.0007749591942
67913	0.001177462696
67914	0.005103665072
67915	0.005172161355
67916	0.004936325741
67917	0.001640550048
67918	0.003972290509
67919	0.001001304565
67920	0.0007632089386
67921	0.001228597419
67922	0.004218587799
67923	0.003602254455
67924	0.002809347219
67925	0.01192030104
67926	0.001114556915
67927	0.002084001101
67928	0.0033761463
67929	0.004874057868
67930	0.0005941998016
67931	0.0001576793557
67932	0.0008188729979
67933	0.006851847647
67934	0.001103717309
67935	0.003796607348
67936	0.00186894057
67937	0.004100688598
67938	0.003760532926
67939	0.003632528072
67940	0.0069987754
67941	0.0008762681841
67942	0.0007706372248
67943	0.003587013271
67944	5.219843309e-05
67945	0.003840311026
67946	0.006123920315
67947	0.003213492981
67948	0.001351548371
67949	0.004680520471
67950	0.003985126724
67951	0.003957453244
67952	0.003320375391
67953	0.0007460732602
67954	0.00127338259
67955	0.005026820442
67956	0.002417087033
67957	0.001643061286
67958	0.008636551701
67959	0.002059301521
67960	0.003334352872
67961	0.006972154241
67962	0.007574264063
67963	0.003795210864
67964	0.0002225810335
67965	0.001378972808
67966	0.004674532228
67967	0.002552201325
67968	0.0001950710051
67969	0.0020950978
67970	0.002008080382
67971	0.001268292439
67972	0.007548762589
67973	0.001928134313
67974	0.00286140366
67975	0.0005009362257
67976	0.003156336918
67977	0.001367133912
67978	0.001228844261
67979	0.0009767586333
67980	0.001387564215
67981	0.002266224449
67982	0.0003032858197
67983	0.0002573143943
67984	0.002117711625
67985	4.221719297e-05
67986	0.005317265443
67987	0.004603902692
67988	0.001436972379
67989	0.001828452327
67990	0.002210301042
67991	0.002476141846
67992	0.004348751922
67993	0.002276059081
67994	0.002742471873
67995	0.0006189964799
67996	0.003047397165
67997	0.006219773395
67998	0.007520458582
67999	0.002486296824
68000	0.004272768757
68001	0.0003735690536
68002	0.00124866722
68003	0.0008805549066
68004	0.001663583582
68005	0.004303281865
68006	0.0007215727751
68007	0.001195273409
68008	0.002059993018
68009	0.0001535085245
68010	0.004603246633
68011	0.005765328603
68012	0.001049780818
68013	0.01412540651
68014	0.0007732139256
68015	0.001361535729
68016	0.006355942509
68017	0.0002757587234
68018	0.003670524252
68019	0.007844311723
68020	0.003880087378
68021	0.006570625561
68022	0.001195067244
68023	0.001179833275
68024	0.002065133038
68025	0.0001515171586
68026	0.001229511288
68027	0.00119946574
68028	0.001596525721
68029	0.002384475076
68030	0.0002562972179
68031	0.001447041733
68032	0.001709268242
68033	0.001273146508
68034	0.004244759784
68035	0.0001706061924
68036	0.002011830075
68037	0.001844895975
68038	0.004448235443
68039	0.002056749217
68040	0.003317651651
68041	0.002646429159
68042	0.001435980311
68043	0.001062554442
68044	0.0003712354606
68045	0.0005162615377
68046	0.003636350228
68047	0.0005567542581
68048	0.0006505380421
68049	0.00299796751
68050	0.002756573763
68051	0.0006397570026
68052	0.008128351172
68053	0.003645897915
68054	0.00345331778
68055	0.001621301332
68056	0.004144325026
68057	0.002793383334
68058	0.004224911894
68059	0.003843367197
68060	0.001104025499
68061	0.00083973251
68062	0.000784287083
68063	0.0006434881267
68064	0.004028126782
68065	0.006702676149
68066	0.0006120575855
68067	0.003805098958
68068	0.002993303425
68069	0.002183026235
68070	0.0001637240727
68071	0.0007177104094
68072	0.00620175997
68073	0.00228348724
68074	0.003156520057
68075	0.001222452222
68076	0.002654312807
68077	0.0003679776545
68078	0.001313271851
68079	0.004599289835
68080	0.0004063291925
68081	0.001918180328
68082	0.004048090733
68083	0.0030601927
68084	0.001202161028
68085	0.0003999411272
68086	0.001987957247
68087	0.0001888289345
68088	0.006441821305
68089	0.003845864245
68090	0.0006296021715
68091	0.00238059266
68092	0.002229855118
68093	0.0006357405858
68094	8.866922199e-05
68095	0.003995853977
68096	0.00249090806
68097	0.003331693641
68098	0.007548278834
68099	6.193669432e-05
68100	0.0005602387267
68101	0.0003032278215
68102	0.003458846408
68103	0.001634350911
68104	0.0006907011949
68105	0.000362387108
68106	0.001308117743
68107	0.001164045464
68108	0.0002306251044
68109	0.004432029913
68110	0.001153552257
68111	0.0003538856859
68112	0.001812502555
68113	0.005576650044
68114	0.003129756542
68115	0.0004904529161
68116	0.002088418715
68117	0.0003121428854
68118	0.0002824256156
68119	0.001525348442
68120	0.001928017242
68121	0.0004984489008
68122	0.002215427275
68123	0.005208093338
68124	0.003572787154
68125	0.008135248781
68126	0.0003718425025
68127	0.0004376922485
68128	0.0007238245032
68129	0.006016620353
68130	0.000667874863
68131	5.201601643e-05
68132	0.002721606761
68133	0.001621516456
68134	0.002010603413
68135	0.002566651608
68136	0.001822400491
68137	0.002265707829
68138	0.005686742595
68139	0.004560567081
68140	0.001279916518
68141	0.001233571024
68142	0.002628991285
68143	0.001155598622
68144	0.005219889822
68145	0.001661426607
68146	8.904076071e-05
68147	0.006071615942
68148	0.006818537838
68149	0.001833920202
68150	0.001712657388
68151	0.0004030767956
68152	0.00247595893
68153	0.003028017963
68154	0.005925233901
68155	0.002519948422
68156	0.0014033337
68157	0.00294967024
68158	0.000345232618
68159	0.001867239063
68160	0.003028526168
68161	3.323717426e-05
68162	0.001274724959
68163	0.003715669064
68164	0.00121214501
68165	0.0004625682521
68166	0.001467713804
68167	6.973823606e-05
68168	0.001387351464
68169	0.002502096572
68170	0.004624839141
68171	0.0007063821047
68172	0.007371847019
68173	0.004471683893
68174	9.216190556e-05
68175	0.002904821531
68176	0.001892879073
68177	0.002428362174
68178	0.001129857978
68179	0.003005476325
68180	0.0006110047548
68181	0.001164777129
68182	0.00211953338
68183	0.001173810763
68184	0.0005768135028
68185	0.006858983647
68186	0.0004814361895
68187	0.001763724613
68188	0.002554135028
68189	0.004146498583
68190	0.000585068301
68191	0.002336600201
68192	0.002187080976
68193	0.001964685231
68194	0.0008472394011
68195	0.0009936008403
68196	0.003144681306
68197	0.003207662113
68198	0.0004704602936
68199	0.007896470949
68200	0.0008243076297
68201	0.00206429191
68202	0.0008186929421
68203	0.007006443494
68204	0.004172255319
68205	0.001988251497
68206	0.000425198992
68207	0.005997981412
68208	0.000362059007
68209	0.0008107618693
68210	2.201784929e-05
68211	0.001340612751
68212	0.001105355648
68213	0.003147197815
68214	0.0005312995818
68215	0.001925130362
68216	0.003653607011
68217	0.002214434342
68218	0.001944251886
68219	0.001100920274
68220	0.002171058206
68221	0.0007821681457
68222	0.008107780248
68223	0.0001579777929
68224	0.001264896074
68225	0.002583123374
68226	0.0008262200021
68227	0.002721373785
68228	0.004894357328
68229	0.001593650481
68230	0.0001433889048
68231	0.001507667686
68232	0.00367059055
68233	0.003037780445
68234	0.001127508631
68235	0.001125345688
68236	0.003044666785
68237	0.000555160021
68238	0.001509531881
68239	0.001672623696
68240	0.0007290018993
68241	0.001264905177
68242	0.002206760096
68243	0.0003086815652
68244	1.709358275e-05
68245	0.002817321018
68246	0.006007685117
68247	0.004308381445
68248	0.002426550428
68249	0.005412711244
68250	0.001328057249
68251	3.134273396e-05
68252	0.001028844379
68253	0.001015628179
68254	0.003398276125
68255	0.005720690201
68256	0.003520753681
68257	7.610600662e-05
68258	0.003590275324
68259	9.56590075e-05
68260	0.001265107697
68261	0.003696081697
68262	0.0005428267638
68263	0.0009702965034
68264	0.0004371814269
68265	0.000366376091
68266	0.002055318136
68267	0.001381821821
68268	0.001016408717
68269	0.002923675116
68270	0.0008601412479
68271	0.0008895803864
68272	0.0004968996917
68273	0.002779277111
68274	0.007879359379
68275	0.006896215698
68276	0.0009812465854
68277	0.001123630841
68278	0.002118944864
68279	0.001319429343
68280	0.001887113468
68281	0.003959306841
68282	0.002785188485
68283	0.0002384336087
68284	0.003059815173
68285	0.00246843365
68286	0.002796836531
68287	0.0007268710257
68288	0.0007483848959
68289	0.0007935902986
68290	0.001284827168
68291	0.007605250713
68292	0.002002250343
68293	6.598375263e-05
68294	0.004746951095
68295	0.0006306668148
68296	0.001715380485
68297	0.002102072099
68298	0.00111293478
68299	0.00344530278
68300	0.0003914599526
68301	0.000698763906
68302	0.00563276801
68303	0.0004255536349
68304	0.00131906402
68305	0.0006017110682
68306	0.0001622253793
68307	0.00305516099
68308	0.001299266269
68309	0.0003897164244
68310	0.003244910045
68311	5.788460332e-05
68312	0.003047686568
68313	0.00263409071
68314	0.0003082096663
68315	6.225924403e-05
68316	0.004138362729
68317	0.00355986855
68318	0.00124738889
68319	0.001997107249
68320	0.0005444552544
68321	0.00836889968
68322	0.001660344785
68323	0.001223028814
68324	0.0002285449491
68325	0.001197845876
68326	0.001256743512
68327	0.004739792387
68328	0.0006499483012
68329	0.00596506783
68330	2.052599241e-05
68331	0.0004375135127
68332	0.0003054919549
68333	0.001242223484
68334	0.006947255538
68335	0.002493696526
68336	0.002366956843
68337	0.0006422864251
68338	0.00227591943
68339	0.003152487283
68340	5.904554953e-05
68341	0.0002776574741
68342	0.002615013002
68343	0.0006920660426
68344	0.002484114438
68345	0.001049825789
68346	0.0008421075014
68347	0.008905801557
68348	0.000361337127
68349	0.00123795087
68350	0.0003906690039
68351	0.003412666839
68352	0.0001394366132
68353	0.001504856881
68354	0.0001682549514
68355	0.001362477156
68356	0.001103533756
68357	0.000328228583
68358	0.000837177888
68359	0.001968385784
68360	0.002172987968
68361	0.004738878135
68362	0.001944408787
68363	0.0006916123114
68364	0.001571986446
68365	0.001324492128
68366	0.002175004519
68367	0.0008281879132
68368	0.002646347682
68369	0.0005606628523
68370	0.0007396796611
68371	1.022593579e-05
68372	0.002670948268
68373	0.001825320097
68374	0.003172198426
68375	0.000597879493
68376	0.000205796233
68377	0.005168447132
68378	0.00058089698
68379	0.0008622424782
68380	0.002824249368
68381	0.002174403788
68382	0.002006796256
68383	0.002035966736
68384	0.008233160517
68385	0.0003693686483
68386	0.001150186258
68387	0.0001288504053
68388	0.005525145423
68389	0.0009659095351
68390	0.002891608108
68391	0.001985497141
68392	0.003438472128
68393	0.0009228977223
68394	0.002686113559
68395	0.001223775733
68396	0.005636010257
68397	0.002663754073
68398	0.00223492691
68399	0.001321680059
68400	0.0007873529177
68401	0.0007097757499
68402	0.000698716534
68403	0.001011923163
68404	0.001631758908
68405	0.001802703965
68406	0.00153592262
68407	0.0007579354651
68408	0.002575074781
68409	0.00313189002
68410	0.004025358601
68411	0.0002576754384
68412	0.002542593901
68413	0.004095095834
68414	0.001824481336
68415	0.001095015606
68416	0.003967979866
68417	0.001238660422
68418	0.004564566001
68419	0.002743704228
68420	8.510118342e-05
68421	0.003585137154
68422	0.000578405971
68423	0.002059827765
68424	0.004343671442
68425	0.002453131688
68426	0.001159186082
68427	0.002747831995
68428	0.001822871346
68429	0.001389134515
68430	0.0007045871982
68431	0.002847226337
68432	0.001293096603
68433	0.0006131555279
68434	0.005619871366
68435	0.0005270979799
68436	0.001087262441
68437	0.001512473231
68438	0.0004697547145
68439	0.0004633460663
68440	0.0004767805383
68441	0.004282729826
68442	0.003986840614
68443	0.005561279763
68444	0.006386334082
68445	0.002967434868
68446	0.001054682055
68447	0.0006916667339
68448	0.003572037443
68449	0.002246397776
68450	0.003884568803
68451	0.003814598383
68452	0.0005825833736
68453	3.588950757e-05
68454	0.005167961116
68455	0.001403231019
68456	0.0001247190113
68457	0.001401570358
68458	0.0003797386726
68459	0.008579030866
68460	0.002045807815
68461	0.0005079730178
68462	0.0006525962931
68463	0.002507121856
68464	0.001821937655
68465	0.0009274953902
68466	0.001074041655
68467	0.002888472161
68468	0.002578191972
68469	0.002383193026
68470	0.0003559040349
68471	0.002206173991
68472	4.78780825e-05
68473	0.001220539782
68474	0.0006955355919
68475	0.001486743814
68476	0.002912889731
68477	0.00231247861
68478	0.003152631295
68479	0.003569568054
68480	0.0005080410696
68481	0.001689612929
68482	0.004247911601
68483	0.0008611085561
68484	0.0003114803973
68485	0.001311933067
68486	0.001689343273
68487	0.002987618773
68488	0.002056706658
68489	0.005093203584
68490	0.0009325928014
68491	0.0003936513161
68492	0.001793095375
68493	0.01015576697
68494	0.000210115339
68495	0.002311491031
68496	0.001016191333
68497	0.001128044207
68498	0.0002489606046
68499	0.002297339211
68500	0.000368662487
68501	0.001104775061
68502	0.0001950997341
68503	0.001218790027
68504	6.770069062e-05
68505	0.002892070151
68506	0.0004456001212
68507	0.002202313498
68508	0.001872365724
68509	0.002384402849
68510	0.0020858935
68511	0.005782177682
68512	0.001106457815
68513	0.002025331527
68514	0.003451180825
68515	0.003085138983
68516	0.003479512844
68517	0.00156895109
68518	0.001630732796
68519	0.0009396197786
68520	0.006481505359
68521	0.0006349451003
68522	0.005376037317
68523	0.004387761476
68524	0.000474932648
68525	0.008303845234
68526	0.0007807682329
68527	0.0003421310758
68528	0.0009385603342
68529	0.0003934572558
68530	0.001648809877
68531	8.735050123e-05
68532	0.004359044576
68533	7.062694354e-05
68534	0.000161114919
68535	0.001341680562
68536	0.002141813653
68537	0.003702567381
68538	0.002015609199
68539	0.005089219465
68540	0.002801391196
68541	0.0009581739288
68542	0.001838442281
68543	0.003639572299
68544	0.003140712326
68545	8.909318375e-05
68546	0.006711224589
68547	0.0009792169168
68548	0.0003158772017
68549	0.0008441905903
68550	0.008850916246
68551	0.00169452059
68552	0.0008687429685
68553	0.0003316930835
68554	0.001141017068
68555	0.001997553341
68556	0.002669963549
68557	0.001714509732
68558	0.007334595623
68559	0.001084832012
68560	0.0003642743919
68561	0.001166603087
68562	0.002113433364
68563	0.006843310284
68564	0.004631324373
68565	0.0008334750856
68566	0.0030804252
68567	0.001800421299
68568	0.000569588213
68569	0.004359781591
68570	0.00178578251
68571	0.0002471274489
68572	0.0006491316748
68573	0.0007208441083
68574	0.0004960945955
68575	0.003835073707
68576	0.0009592862287
68577	0.002598398296
68578	0.0005857369858
68579	0.0008781699774
68580	0.008645908502
68581	0.00047630505
68582	0.003417644815
68583	0.001083529694
68584	0.000622426915
68585	0.002395808984
68586	0.0005592322852
68587	0.004939612906
68588	0.006336824268
68589	0.001564849481
68590	0.001773088054
68591	0.003415366593
68592	0.0009243231722
68593	0.00144361499
68594	0.001622327268
68595	0.002631345
68596	0.001100915354
68597	0.002745555133
68598	0.002274737912
68599	0.0004608606913
68600	4.146568023e-06
68601	0.00365545519
68602	0.001745782085
68603	0.000418847536
68604	9.978733448e-05
68605	0.003114782181
68606	0.001959422326
68607	2.460540563e-06
68608	0.003007834412
68609	0.00101076781
68610	0.001419463331
68611	9.772864692e-05
68612	0.003378446329
68613	0.001899270699
68614	0.001716411077
68615	0.0008394929841
68616	0.0007968400382
68617	0.00717082411
68618	0.0006468761565
68619	0.0005509275173
68620	0.003409102181
68621	0.002228385508
68622	0.006291314166
68623	0.005548840568
68624	0.005545426203
68625	0.005363967073
68626	0.001007981481
68627	0.001014407381
68628	0.002153889634
68629	0.005971653915
68630	0.001036548866
68631	0.0005675561482
68632	0.001620540114
68633	0.001824129802
68634	0.002842629045
68635	0.001792773738
68636	0.0001786791767
68637	0.003081180231
68638	0.00467003005
68639	0.0009789523268
68640	0.0008070414578
68641	0.004327263534
68642	0.0004447812755
68643	0.004239895248
68644	0.0005980751524
68645	0.004792841282
68646	0.005122663052
68647	0.00399819411
68648	0.004740341407
68649	0.005718681684
68650	0.003909833815
68651	0.000303002438
68652	9.542507878e-05
68653	0.001395063042
68654	9.456383762e-05
68655	0.003888557769
68656	0.005900283048
68657	0.001774469757
68658	0.003652085132
68659	0.001623344171
68660	0.002664084391
68661	0.0004187234074
68662	0.004255251904
68663	0.004189898554
68664	0.002783226394
68665	0.004245799867
68666	0.002181758598
68667	0.00142667231
68668	0.006230381017
68669	0.001705060925
68670	0.006993940417
68671	0.008339438307
68672	0.001064639939
68673	0.00116049476
68674	0.001828201597
68675	0.003222274593
68676	0.003864894613
68677	0.0005129826946
68678	0.001758547306
68679	0.002599554783
68680	0.00176267948
68681	0.002828794933
68682	0.00548910045
68683	0.001116951426
68684	0.003000069084
68685	0.004121071257
68686	0.000858571726
68687	2.754173924e-05
68688	0.003832586466
68689	0.0001088203631
68690	0.003855335834
68691	0.0001834941092
68692	0.001224948673
68693	0.002474475936
68694	0.00260295349
68695	0.0009546677161
68696	7.416825421e-05
68697	0.002931741591
68698	1.247072915e-05
68699	0.0004705356588
68700	2.346414307e-05
68701	0.002386025216
68702	0.0001375684609
68703	0.001369952726
68704	0.0005734248696
68705	0.0001854153481
68706	0.0009092959463
68707	0.0004950617965
68708	0.0005621103459
68709	0.001578662627
68710	0.001565801233
68711	0.001692563408
68712	0.002288558553
68713	0.001306355688
68714	0.000324051898
68715	0.0005421158732
68716	0.001074292397
68717	0.001590737838
68718	0.00026159285
68719	0.002062059907
68720	0.001895549564
68721	0.0003657812873
68722	0.0001202530126
68723	0.0002717036083
68724	0.0006438720736
68725	0.000920952746
68726	0.0001407424225
68727	0.0003660338725
68728	0.001471069797
68729	0.0002626892228
68730	0.0003044723711
68731	0.001040738343
68732	0.0006078304687
68733	0.00275692009
68734	0.0009257099695
68735	0.0001839612375
68736	0.01080890657
68737	0.002656948069
68738	0.004260618552
68739	0.0003594348322
68740	0.001181266721
68741	0.00333578808
68742	2.340105544e-05
68743	0.0009005886337
68744	0.003262293108
68745	0.0005729894076
68746	0.0008686272856
68747	0.002679946265
68748	0.001542653006
68749	0.004152593813
68750	0.0008718362151
68751	0.002320449257
68752	0.004695592639
68753	0.0003866408969
68754	0.0009794526388
68755	0.006230378199
68756	0.002418350269
68757	0.0003747963076
68758	0.004768619968
68759	0.004939560265
68760	0.0003313982047
68761	0.001162592233
68762	0.00173984117
68763	0.0005168966223
68764	0.00575693827
68765	0.002231682692
68766	0.001707749646
68767	0.00210371004
68768	0.001005857387
68769	0.001258493064
68770	0.00380636406
68771	0.001580524505
68772	0.002003878661
68773	0.001631778917
68774	0.0007612902413
68775	0.0003325909922
68776	0.005564791404
68777	5.392265895e-05
68778	0.0004314399301
68779	4.459953072e-05
68780	0.004295805955
68781	0.001182568917
68782	0.002730790833
68783	0.001734417974
68784	0.00151549624
68785	0.001955942956
68786	0.001383666233
68787	0.002792208089
68788	0.00178583031
68789	0.00282124688
68790	0.0002232616716
68791	0.001682720819
68792	0.001638019198
68793	0.003984619975
68794	5.318338494e-05
68795	0.001476382543
68796	0.002934407813
68797	0.0001358593829
68798	0.003263343164
68799	0.003690143831
68800	0.0004456630415
68801	0.0004006183941
68802	0.004662122371
68803	0.004217689031
68804	0.0004117079898
68805	0.001790821781
68806	0.001941503044
68807	0.0002244218121
68808	0.0008714095436
68809	0.0001230779256
68810	0.001860999337
68811	0.002747452839
68812	0.005784514692
68813	0.001190380496
68814	0.0001663282776
68815	0.004356684226
68816	0.002990123622
68817	0.0008984511482
68818	0.001349955907
68819	0.00127851068
68820	0.002668447487
68821	0.0008673635707
68822	0.001120162572
68823	0.001911418476
68824	0.001485747068
68825	0.002426571917
68826	0.000681033352
68827	0.001468500749
68828	0.0009173450235
68829	0.0007626564481
68830	0.002574158798
68831	0.004965823096
68832	0.006107285986
68833	0.0002206855918
68834	0.0003429206987
68835	0.001076079897
68836	0.001765377228
68837	0.000526563719
68838	0.0009379171606
68839	0.001158297143
68840	0.001473305938
68841	0.002259679631
68842	0.001381037851
68843	0.0008174005968
68844	0.003181848167
68845	0.001014900791
68846	0.00256132383
68847	0.0002549414343
68848	0.001376256745
68849	0.001771206004
68850	0.0035796088
68851	0.004843846825
68852	0.00167043852
68853	0.001975095631
68854	0.002981336173
68855	0.002452465619
68856	0.002045024055
68857	0.003195954513
68858	0.0005040886345
68859	0.001263137331
68860	0.005184756838
68861	0.0004357316354
68862	0.004025891013
68863	0.0005578048293
68864	0.0002812342638
68865	0.004077898883
68866	0.001705228543
68867	0.002484700906
68868	0.0006325829683
68869	0.0004772186617
68870	0.003139067453
68871	0.0006712685099
68872	0.001365661767
68873	0.001806363279
68874	0.002392019717
68875	0.0005365646053
68876	0.00186568567
68877	0.003870950213
68878	0.0007122135877
68879	0.002578553921
68880	0.004567937498
68881	0.006958766036
68882	0.001019972075
68883	0.002368595057
68884	0.0006125323776
68885	0.00125879047
68886	0.005141029629
68887	0.002813124729
68888	0.00548307093
68889	0.003583882647
68890	0.004667151142
68891	0.003185232327
68892	0.006294715097
68893	0.002099058768
68894	0.0008882320366
68895	0.005677706011
68896	0.001105480346
68897	0.00377717257
68898	0.006928148358
68899	0.0004898341331
68900	0.0006592511135
68901	0.00526223664
68902	0.005042428911
68903	9.105345825e-05
68904	0.002041585189
68905	0.0004257781869
68906	0.0008022429276
68907	0.0004042258207
68908	0.0002291258105
68909	0.00164963362
68910	0.001048913258
68911	0.0009624430247
68912	0.00402290598
68913	0.002588912967
68914	0.0006609109901
68915	2.72216823e-06
68916	0.0009699940665
68917	0.006303071216
68918	0.0001090505394
68919	0.002344194258
68920	0.002372492776
68921	0.001496016392
68922	0.004826137238
68923	0.002749618534
68924	0.002313923747
68925	0.000690112597
68926	0.0004240269489
68927	4.186494469e-05
68928	0.001652059956
68929	0.0006857063263
68930	0.001818584565
68931	2.72297694e-06
68932	0.0007243923377
68933	0.0003559043504
68934	0.003565949839
68935	0.001842649291
68936	0.002277774853
68937	0.0004259860611
68938	0.004327448596
68939	0.003809603922
68940	0.002138439768
68941	9.814337994e-05
68942	0.004231001794
68943	0.004523219109
68944	0.0004448561005
68945	0.002390590333
68946	0.0001941824012
68947	0.001025364161
68948	0.002425438718
68949	0.003508562218
68950	0.002758069635
68951	0.0008008674848
68952	0.0005446182339
68953	0.0008422975532
68954	0.005573436602
68955	0.002711639698
68956	0.001060305025
68957	0.003500042596
68958	0.001666438751
68959	3.55955467e-06
68960	0.0001844944894
68961	0.001899754305
68962	0.0006221096916
68963	0.003850547903
68964	0.0008194397472
68965	0.0001472162518
68966	0.0008098368941
68967	0.0001856103183
68968	0.001976950055
68969	0.0001628490322
68970	0.00241043834
68971	0.0001735710007
68972	0.001461216145
68973	0.005425412596
68974	0.007822435462
68975	0.004881754167
68976	0.004642470112
68977	0.0005600285885
68978	0.0005712717944
68979	0.002149437928
68980	0.0001576544892
68981	0.0004457032552
68982	0.000312205605
68983	0.002723088164
68984	0.006473680148
68985	0.0005471899398
68986	0.002883686962
68987	0.001676091534
68988	0.001834894737
68989	0.0004487638209
68990	0.0009877874357
68991	0.0006267584016
68992	0.00547767892
68993	0.002106272665
68994	0.003047950292
68995	0.006153342742
68996	0.0006121780963
68997	0.0002778256954
68998	0.001621423866
68999	0.002434406743
69000	0.0009462026276
69001	0.0001914678668
69002	0.00330075608
69003	0.003083563913
69004	0.0003975850352
69005	0.0003493926036
69006	0.002721737158
69007	0.00149226944
69008	0.0006875369787
69009	0.001546287588
69010	0.007411233872
69011	0.001137718663
69012	0.0003387331296
69013	0.001551195746
69014	0.0008765815559
69015	0.0005247341332
69016	0.002094218904
69017	1.448134595e-05
69018	0.002181999282
69019	0.006123855206
69020	0.00355693993
69021	0.0003790880493
69022	0.001460683249
69023	0.0003363608272
69024	0.002142557853
69025	0.001087789865
69026	0.002505109989
69027	0.006766838361
69028	0.008259807552
69029	0.0001171821361
69030	0.001831937239
69031	0.001626314866
69032	0.001634115372
69033	0.00536788947
69034	0.006359174296
69035	0.003158646991
69036	0.007366874368
69037	9.816446016e-05
69038	0.005319189428
69039	0.001414288863
69040	0.003408179611
69041	0.00178306869
69042	0.0009582340984
69043	0.0002769083198
69044	0.0006754585651
69045	0.0004525679137
69046	0.0003351995746
69047	0.0005161192608
69048	0.0001414656327
69049	0.001001102979
69050	0.004468939035
69051	0.006326373355
69052	0.001971249051
69053	0.004742176969
69054	0.0007279615168
69055	0.001650237432
69056	0.0005830307859
69057	0.001213950442
69058	0.003987815607
69059	0.007172039412
69060	0.0002704694324
69061	0.0001375391268
69062	0.00430926262
69063	0.0005319119114
69064	0.001250921019
69065	0.007636905682
69066	0.004136240504
69067	0.000189314014
69068	0.002613264503
69069	0.0003915402249
69070	0.004079431316
69071	0.0005012115805
69072	0.003430641617
69073	0.0005887125357
69074	0.001119305468
69075	0.0005438672652
69076	0.001936511117
69077	0.0002465922432
69078	0.002043377552
69079	0.005684606814
69080	0.0008467650439
69081	0.0008291114931
69082	0.000133760483
69083	0.0006710784979
69084	0.007622091737
69085	0.0005617281063
69086	0.002263566569
69087	0.002637020458
69088	0.001191273185
69089	0.002260773453
69090	0.002279780491
69091	0.001023029664
69092	0.005311481153
69093	0.003511833814
69094	0.003147730922
69095	0.002966066138
69096	0.002946807318
69097	0.001824324937
69098	0.0006013958867
69099	0.001393338151
69100	0.004683489513
69101	0.002517941772
69102	0.002824393723
69103	0.001903285221
69104	0.002316582174
69105	0.001245059576
69106	0.002763116154
69107	0.001244288071
69108	0.001647797706
69109	0.0004479683601
69110	0.0009619078892
69111	0.00132267121
69112	0.0009319535491
69113	0.0001147289243
69114	0.001225270901
69115	0.005700403846
69116	0.005051335871
69117	0.002231064835
69118	0.006107366835
69119	0.004175224952
69120	0.002661351948
69121	0.0003648018741
69122	0.0004462018381
69123	0.0003193806617
69124	0.0007799319719
69125	1.633287918e-06
69126	0.0001897405337
69127	5.337653899e-05
69128	0.0003290761346
69129	0.0001628390064
69130	0.0001674070992
69131	0.0001071378122
69132	0.0003619786654
69133	3.777785376e-05
69134	0.0008311426981
69135	0.000786567619
69136	0.0003861917298
69137	0.0007304994801
69138	5.761696935e-05
69139	0.0006509035559
69140	0.000675743388
69141	7.30683915e-07
69142	0.0002934791169
69143	0.0002974107528
69144	0.0001342031683
69145	0.0002506487208
69146	0.0003004163794
69147	0.0005594275578
69148	9.376929835e-06
69149	1.091569932e-05
69150	0.0003007422774
69151	0.0001183117629
69152	0.000310900457
69153	0.0007487732826
69154	0.0009290315621
69155	0.0002952570883
69156	0.0005544472415
69157	0.0005454590441
69158	0.0004190292405
69159	0.0005355035714
69160	0.0004617753422
69161	0.000421030524
69162	0.0001099804409
69163	0.0002914548323
69164	0.0001152392946
69165	0.0006026321703
69166	0.0008965116785
69167	0.0005372712704
69168	0.0003119189016
69169	0.000819970507
69170	0.000474928083
69171	0.0001806570774
69172	0.00126234173
69173	0.001578163151
69174	0.001024866851
69175	0.0009092000429
69176	0.0001959181464
69177	0.0003181908304
69178	0.0004695298187
69179	0.0005936752462
69180	0.0004174710669
69181	0.0002410556081
69182	0.000845611607
69183	0.0006531660868
69184	0.0005372511727
69185	5.336062501e-05
69186	0.0003556560789
69187	0.0002970851313
69188	0.0002949669619
69189	0.0002977988955
69190	0.0005524236103
69191	0.0003054049092
69192	0.0002569449658
69193	6.325914486e-06
69194	0.001377666514
69195	8.450833545e-05
69196	0.0006928253588
69197	0.0005586897425
69198	0.000292995942
69199	0.001503676539
69200	0.0006098093226
69201	0.0004765219439
69202	0.0002957160651
69203	0.0007864231699
69204	0.0004885887488
69205	0.0001166572322
69206	7.620748895e-06
69207	0.0007319477413
69208	0.0001392486735
69209	0.0004169988842
69210	0.0001622982754
69211	6.353544495e-06
69212	0.000926312919
69213	0.0003683741309
69214	4.598109415e-05
69215	0.0004220813186
69216	0.0008817024452
69217	0.0006025638864
69218	0.0004895415928
69219	0.0002984227086
69220	0.0007881938417
69221	0.0002935673722
69222	0.0003033956972
69223	0.0005494470018
69224	0.0006143631534
69225	0.00119071012
69226	0.001132982289
69227	0.000381971762
69228	0.0008441878068
69229	0.001214990592
69230	0.0006073441366
69231	0.0004925350441
69232	0.000407001536
69233	0.0001790163618
69234	0.0003651870207
69235	0.0001054338738
69236	0.0001663537923
69237	0.000387610121
69238	0.00115311581
69239	0.0003691422713
69240	0.0005038362574
69241	0.0009626343692
69242	0.0008416923964
69243	0.0008442409611
69244	0.0003024656642
69245	0.0005352867413
69246	0.001159333553
69247	0.000558142696
69248	0.0002929305002
69249	0.0009282365237
69250	0.0005893270744
69251	0.0008303833856
69252	7.744937186e-05
69253	0.0003031975899
69254	0.0004801622801
69255	0.0003005084794
69256	0.0004148114526
69257	0.0006148424369
69258	0.0007112266429
69259	0.0004568149576
69260	0.0006835248864
69261	0.0003773657065
69262	0.0008474136179
69263	1.226500897e-06
69264	0.0004207266463
69265	0.0003660705157
69266	0.0007604174693
69267	0.0006430416718
69268	0.0005928784843
69269	7.679285358e-05
69270	0.0001755863723
69271	0.0002561300405
69272	0.0005443605895
69273	4.628156708e-06
69274	0.0008240876922
69275	0.0006116986234
69276	0.0001930643802
69277	9.694185839e-05
69278	0.0002319292668
69279	0.0008442578185
69280	0.0001742860708
69281	0.0003088133807
69282	2.946764202e-05
69283	0.0002947597249
69284	0.0005290386001
69285	0.0003110346605
69286	0.0002418196228
69287	0.001681767478
69288	0.001279789215
69289	0.000603867636
69290	0.001374791479
69291	2.652551821e-06
69292	0.0005403597072
69293	0.0004177613864
69294	0.001155656155
69295	0.0001885916756
69296	0.001213173794
69297	0.0002954013788
69298	0.0003086751733
69299	0.0004384470394
69300	0.0006002629068
69301	0.0009810418982
69302	3.94506953e-07
69303	0.0002387184745
69304	5.315851844e-05
69305	4.032714023e-05
69306	3.351968418e-06
69307	0.0004698062881
69308	0.0007819747194
69309	0.000289010994
69310	0.0004445895391
69311	0.0008521729535
69312	0.0001120223772
69313	1.223431224e-06
69314	0.0008431985075
69315	0.0005995756596
69316	0.0004178689291
69317	0.0009502925494
69318	8.084983187e-05
69319	0.000293970711
69320	0.0002950744112
69321	0.0004297283335
69322	0.0009803750755
69323	0.001118804452
69324	8.854060919e-05
69325	0.000720703798
69326	0.0004423999331
69327	1.113735289e-06
69328	0.0007277245048
69329	0.00024657394
69330	0.0004218742562
69331	0.0006648584776
69332	0.0005258667228
69333	2.018686912e-05
69334	0.0004222925847
69335	0.0001093304508
69336	0.0009879933569
69337	0.0007151387998
69338	0.0005452292068
69339	0.0008508176314
69340	0.000605786699
69341	0.000307505164
69342	0.0003107301695
69343	0.0004730504828
69344	0.0004675263309
69345	0.001112317224
69346	0.0002379638933
69347	1.521244562e-06
69348	0.0001089616896
69349	0.0009067561352
69350	5.532399167e-05
69351	0.0009817668096
69352	6.490606091e-05
69353	0.0001673882716
69354	0.0002978144702
69355	0.0005849085571
69356	0.0009001499302
69357	0.0005976881047
69358	0.0002973802118
69359	0.0002798891135
69360	0.000295591718
69361	4.195456969e-05
69362	0.000718885144
69363	6.630834451e-05
69364	5.207235029e-05
69365	0.0009828910365
69366	2.629538748e-06
69367	0.0005872256791
69368	0.0002882634135
69369	7.228971944e-06
69370	0.0001728770691
69371	1.978674737e-06
69372	0.0001330237047
69373	0
69374	0.0004381246893
69375	0.0006721206627
69376	0.001067595554
69377	0.002951346097
69378	0.001310475621
69379	0.001257056721
69380	0.003222278968
69381	0.005488154459
69382	0.005102863725
69383	8.895412889e-05
69384	0.001431107457
69385	0.000891073443
69386	0.001225687155
69387	0.001217670369
69388	0.0007110303795
69389	0.005099485218
69390	0.004089170042
69391	0.002469793325
69392	0.0009082495182
69393	0.002505278703
69394	0.003323009423
69395	0.001739155971
69396	0.002809819837
69397	0.003052125154
69398	0.004351505301
69399	0.0006417640037
69400	0.003092536752
69401	0.001414732815
69402	0.00621716253
69403	0.001399572611
69404	0.004727746644
69405	0.002399889753
69406	0.0004059318809
69407	0.001130783539
69408	0.002544718089
69409	0.00164361664
69410	0.003131741503
69411	0.002242985304
69412	0.00229784161
69413	0.006154127538
69414	0.0001236769751
69415	0.004690971082
69416	0.005721558874
69417	0.000279037078
69418	0.001558415298
69419	0.001237142659
69420	0.0004666619555
69421	0.001882153481
69422	0.001534623471
69423	0.0001818603251
69424	0.0007450939729
69425	0.001692530789
69426	0.001965783666
69427	0.0001636612306
69428	0.0003401451026
69429	0.0006872179381
69430	0.0008010284333
69431	0.001902953008
69432	0.0007028937744
69433	0.006299633528
69434	0.0002693501747
69435	0.006365880056
69436	0.001784151701
69437	0.004369768091
69438	0.006246135661
69439	0.000767888303
69440	0.003047237566
69441	0.002493031875
69442	0.002091152778
69443	0.001564689607
69444	0.0001522542415
69445	0.002932609439
69446	0.0006748249577
69447	0.001079780108
69448	0.0007325949081
69449	0.001934046992
69450	0.0007051450615
69451	0.002183498282
69452	0.008997465954
69453	0.001978836454
69454	0.002376960605
69455	0.00161589715
69456	0.0005798646897
69457	0.002621840565
69458	0.002078204457
69459	0.005834873378
69460	3.546891899e-05
69461	6.701553918e-05
69462	7.962104373e-05
69463	0.003496504176
69464	0.003611380926
69465	0.001351480182
69466	0.0002597495666
69467	0.0003900720423
69468	0.005688195885
69469	0.005464001915
69470	0.004136266503
69471	0.0001012823645
69472	0.002013093001
69473	0.004037317665
69474	9.729843723e-06
69475	0.0001226987672
69476	0.0004608654206
69477	0.0001730025813
69478	0.000120906435
69479	0.0001395422793
69480	4.461993067e-05
69481	5.610416728e-06
69482	9.150419962e-05
69483	9.938486256e-05
69484	4.916315363e-05
69485	6.467258233e-05
69486	2.829076472e-05
69487	8.417384223e-05
69488	9.029335833e-05
69489	5.559223589e-05
69490	2.920702949e-05
69491	7.924503277e-05
69492	5.849801157e-05
69493	0.0001601290149
69494	9.60836199e-05
69495	5.710063372e-05
69496	0.0002022754189
69497	0.0002518231336
69498	9.555608442e-05
69499	0.0001107563277
69500	2.156471788e-05
69501	3.97804487e-05
69502	4.913743648e-05
69503	5.453490601e-05
69504	6.016248925e-07
69505	0.0001144987737
69506	0.0002287559458
69507	8.113884714e-05
69508	0.0001571185091
69509	8.60854707e-05
69510	0.0001457680376
69511	0.0001077417926
69512	0.0002221290469
69513	0.0003670716995
69514	0.0007962904255
69515	8.94678949e-05
69516	1.958692051e-05
69517	5.279869346e-05
69518	1.698562022e-05
69519	0.0001856244943
69520	3.136267978e-05
69521	4.316042391e-06
69522	0.0002368771008
69523	0.0001586978694
69524	0.0001066909428
69525	0.0002057121136
69526	6.531841677e-05
69527	7.582967598e-05
69528	2.212255368e-05
69529	3.518963171e-05
69530	1.584046996e-05
69531	9.972285042e-05
69532	0.0001420331228
69533	1.353616335e-05
69534	0.0001187219282
69535	7.361487e-05
69536	4.671692664e-05
69537	0.000455343493
69538	0.0002502716024
69539	0.0001337709988
69540	0.0007477117819
69541	6.073478513e-05
69542	1.80499711e-05
69543	5.972076738e-05
69544	3.918931657e-06
69545	4.144855215e-05
69546	4.106754033e-05
69547	3.023331508e-05
69548	0.0001285136358
69549	0.0004096468876
69550	8.499443103e-06
69551	0.0005058555006
69552	0.0001218049219
69553	0.0001047008443
69554	1.723983592e-05
69555	0.0001001192196
69556	6.051394291e-05
69557	0.0001616550258
69558	1.872254255e-05
69559	0.0001071612884
69560	1.212452589e-05
69561	0.0001008045302
69562	0.0004902628935
69563	0.0001001477911
69564	2.727397949e-05
69565	0.0001052779762
69566	0.0002216111354
69567	3.200742562e-05
69568	0.0006044600232
69569	0.000109641433
69570	0.0001930289262
69571	0.0003582290121
69572	0.0001408016528
69573	8.745145644e-05
69574	0.0002008225404
69575	8.508470896e-05
69576	8.761396848e-06
69577	6.737693197e-05
69578	2.922438017e-05
69579	3.776076698e-05
69580	6.309395348e-05
69581	1.386837423e-05
69582	0.001413906458
69583	3.69706758e-05
69584	4.584142047e-05
69585	0.0001659503912
69586	0.0003760063582
69587	0.0001738431675
69588	8.550235836e-05
69589	0.0004343262152
69590	0.0002795870403
69591	1.234959897e-05
69592	5.613083697e-05
69593	5.604890209e-05
69594	7.464933018e-05
69595	0.0002039270966
69596	5.303579242e-05
69597	2.149784257e-05
69598	0.0001603896435
69599	0.0001565022221
69600	0.0001989578516
69601	2.674235999e-05
69602	5.939262793e-05
69603	3.220178033e-05
69604	0.0001140279337
69605	3.068869734e-05
69606	1.279398448e-05
69607	0.0001686299084
69608	9.489281468e-05
69609	0.0001276889847
69610	1.482882836e-05
69611	0.002730278563
69612	0.0002844414246
69613	0.001736528687
69614	0.0002310702334
69615	0.0009302848767
69616	0.002028256487
69617	0.002159626074
69618	5.546117628e-05
69619	0.0001139975567
69620	5.463631352e-05
69621	0.0001295826138
69622	5.275098589e-05
69623	0.002818665538
69624	0.003355429477
69625	0.0057987358
69626	0.004866950853
69627	2.968350158e-05
69628	0.0001807795877
69629	0.0003043546356
69630	9.529886893e-05
69631	0.0008619704263
69632	0.003297742524
69633	0.005394780339
69634	0.003374297412
69635	0.007871456143
69636	0.0007128596809
69637	5.938577156e-06
69638	0.0001145659359
69639	0.000128723388
69640	0.000203332699
69641	0.0002614784357
69642	8.916874042e-05
69643	4.860652049e-05
69644	7.156425289e-05
69645	0.006941497662
69646	0.003072426783
69647	0.002261454616
69648	6.799234194e-06
69649	0.0001115343652
69650	9.568649675e-05
69651	7.722601513e-05
69652	0.000102626243
69653	0.001214336429
69654	0.0001574930598
69655	0.0001017257909
69656	1.419352723e-06
69657	5.501979957e-05
69658	0.002860239216
69659	0.0007723641708
69660	0.0001633093197
69661	0.001304549166
69662	0.002410803585
69663	0.0001164760847
69664	6.938212368e-05
69665	1.292204228e-05
69666	5.7214495e-05
69667	9.161040181e-05
69668	0.0002244086784
69669	4.273032242e-05
69670	3.756648904e-05
69671	4.465970548e-05
69672	0.001309134853
69673	0.0001041087673
69674	0.004095058317
69675	0.0001524490441
69676	0.003440399381
69677	0.0004402631047
69678	0.001001292391
69679	0.002688270224
69680	0.0001785322583
69681	0.001373017501
69682	0.0006242750185
69683	8.145747254e-06
69684	0.0002118961877
69685	0.0002693705894
69686	0.001756988429
69687	2.195068098e-05
69688	0.003503148976
69689	0.005426352495
69690	0.005817060178
69691	0.0007136742029
69692	0.0002975099434
69693	0.002235091525
69694	0.0007065157631
69695	0.0003115524024
69696	0.0003452207817
69697	0.001928703322
69698	0.0001717246309
69699	0.0006441941808
69700	0.006762458723
69701	0.0008884814369
69702	0.006218879648
69703	0.002612951167
69704	0.003003734111
69705	3.604484524e-05
69706	0.0007979845873
69707	0.00053336903
69708	0.006524098893
69709	0.0004977686534
69710	0.0003594448739
69711	0.00361769517
69712	0.003662463039
69713	0.002915319461
69714	0.002952043915
69715	0.0003994996394
69716	0.003135357284
69717	0.004556172962
69718	0.000531941536
69719	0.005314221864
69720	0.001551955967
69721	0.0007327937492
69722	0.001748460033
69723	0.0005614992934
69724	0.001455215789
69725	0.00619480814
69726	0.005958697058
69727	0.01034205428
69728	0.001301386495
69729	0.003190426858
69730	0.002808059452
69731	0.001875356435
69732	0.001061318081
69733	0.00216445158
69734	0.01180210542
69735	0.0009453541655
69736	0.008265438171
69737	0.0007515125498
69738	0.003869544048
69739	0.002275564891
69740	0.0001015285231
69741	0.002182135993
69742	0.001050940474
69743	0.003760143341
69744	0.001766455093
69745	0.002235332826
69746	0.002790251463
69747	0.004580666223
69748	0.005038519593
69749	0.002826394439
69750	0.005739041184
69751	0.005442362001
69752	0.0007817823864
69753	0.001483269874
69754	0.009143414038
69755	0.001712736722
69756	0.005234748576
69757	0.0006006539275
69758	0.0006352626693
69759	0.004103457672
69760	0.0004166353327
69761	0.0005350700619
69762	0.006520111033
69763	0.0004329889465
69764	0.002249100497
69765	0.003008125965
69766	0.00235050055
69767	0.00333788603
69768	0.001110420606
69769	0.002203411518
69770	0.002142242388
69771	0.004156942857
69772	0.0006074042574
69773	0.004741284476
69774	4.082770638e-05
69775	0.001639130709
69776	0.002275116161
69777	0.0001759229626
69778	0.002339277653
69779	0.002339175737
69780	0.0005527037269
69781	0.001160174198
69782	0.003364157461
69783	0.004742313501
69784	0.0004301518474
69785	0.0002800425385
69786	0.002768435632
69787	0.001771897136
69788	0.001431922551
69789	4.136281246e-05
69790	0.001094599646
69791	0.001656189636
69792	0.004588764156
69793	0.007251139453
69794	0.001951900471
69795	0.0002633377834
69796	0.002518579983
69797	0.001944922807
69798	0.0005029413545
69799	0.0005601369088
69800	0.001908560059
69801	9.257157375e-05
69802	0.004608793743
69803	0.006688136423
69804	0.002414671928
69805	0.001201248344
69806	0.002599290207
69807	0.001626196776
69808	0.0006132408764
69809	0.002226256387
69810	0.0006919003272
69811	0.00191001275
69812	0.007767322352
69813	0.00265995033
69814	0.002965944254
69815	0.002590397529
69816	0.003118132506
69817	0.0003791392989
69818	0.0006404815697
69819	0.001936422188
69820	0.001074913233
69821	0.001460847955
69822	0.0009916162476
69823	0.006026822674
69824	0.00153233965
69825	0.002813783638
69826	0.001816777195
69827	0.00289743342
69828	0.0008654009703
69829	0.007228315171
69830	0.004130858842
69831	0.002505281203
69832	0.0007130295937
69833	0.001678827813
69834	0.002724713258
69835	0.005095373929
69836	4.769349806e-05
69837	5.044079018e-05
69838	3.75353603e-05
69839	0.0001195953018
69840	0.0001375280388
69841	6.390115802e-05
69842	0.0001284949105
69843	0.0002224550207
69844	0.0002648711825
69845	3.47464168e-05
69846	0.000437918708
69847	4.942854962e-05
69848	8.898258595e-05
69849	7.119343403e-06
69850	6.459815592e-05
69851	8.378818125e-06
69852	5.134083583e-05
69853	7.816718373e-05
69854	0.0001046107967
69855	1.921086124e-05
69856	5.773746783e-05
69857	2.310815787e-05
69858	3.392026916e-06
69859	1.709525402e-05
69860	8.005909792e-05
69861	0.0001310281948
69862	9.330359768e-05
69863	5.02980217e-05
69864	4.471962405e-05
69865	0.0002074029536
69866	0.0002353866999
69867	1.108269425e-05
69868	0.0001006956788
69869	0.0002896053523
69870	5.964017358e-05
69871	0.0002380127109
69872	0.0002782342807
69873	4.637691647e-05
69874	0.0001326320087
69875	3.381230161e-05
69876	4.287641406e-05
69877	4.513696049e-05
69878	6.759502176e-05
69879	6.58415667e-06
69880	3.006197513e-05
69881	6.354260183e-05
69882	3.558673093e-05
69883	4.978137391e-05
69884	0.00316930741
69885	0.0004223538426
69886	0.002813941603
69887	0.001682577473
69888	0.002272297443
69889	0.00342169099
69890	0.001920570899
69891	0.001669986254
69892	0.0008636840782
69893	0.001845041792
69894	0.0008322460929
69895	0.004017691245
69896	0.006487410506
69897	0.001178438185
69898	0.002905216061
69899	0.0003402418134
69900	0.003831458987
69901	6.151550227e-05
69902	0.00112709728
69903	0.001089227506
69904	5.637201958e-05
69905	0.001125078494
69906	0.004013517029
69907	0.001560960468
69908	0.003526702817
69909	0.001339447864
69910	0.001461024199
69911	0.004411990155
69912	0.001034558
69913	0.001027449289
69914	0.006348669826
69915	0.0001037945405
69916	4.269955637e-05
69917	9.529594021e-05
69918	6.489820074e-05
69919	5.308542971e-05
69920	0.0001198485382
69921	3.195247578e-05
69922	6.972615487e-05
69923	8.441574758e-05
69924	5.892609494e-05
69925	3.739301553e-05
69926	0.0001077077763
69927	2.263576004e-05
69928	9.297140009e-05
69929	4.689205121e-05
69930	4.650434408e-05
69931	0.000222513382
69932	0.0002135019642
69933	4.339805404e-05
69934	1.027227951e-05
69935	0.001369300882
69936	0.001498842141
69937	0.000658566047
69938	0.007469700301
69939	0.0002051009071
69940	4.988541865e-05
69941	0.0001906435722
69942	0.005925465837
69943	0.00012311148
69944	4.617064279e-05
69945	0.000109167006
69946	5.265567402e-05
69947	1.229573898e-05
69948	0.000358835718
69949	3.702169886e-05
69950	0.0001330734601
69951	6.30615436e-05
69952	7.890861404e-05
69953	4.612252544e-05
69954	4.974031884e-05
69955	1.837301095e-06
69956	9.67267047e-05
69957	1.271482463e-05
69958	8.205682156e-05
69959	7.579989525e-05
69960	8.540217437e-05
69961	0.0005406835869
69962	0.0005218760028
69963	0.005761525365
69964	0.002285622914
69965	5.075762756e-05
69966	6.70260445e-05
69967	1.332646405e-05
69968	0.0009453750374
69969	0.004659205371
69970	0.001609980355
69971	0.001463455225
69972	0.0001274836128
69973	0.005502371248
69974	7.557976947e-05
69975	0.0002023558309
69976	0.001797937458
69977	0.003039211504
69978	0.0002460005624
69979	0.0014188043
69980	7.708213627e-05
69981	6.16237874e-06
69982	0.007714986699
69983	0.002147762777
69984	0.001049882905
69985	0.001414460005
69986	0.006851799232
69987	0.0009673931788
69988	0.0006359317984
69989	0.00338495349
69990	0.001365765105
69991	0.002053925103
69992	0.0003887672005
69993	0.001441865844
69994	0.004743198181
69995	0.0001646804138
69996	0.001211776037
69997	0.003702687411
69998	0.005653757009
69999	0.01131186115
70000	0.0002922495164
70001	0.0004755933437
70002	0.001162741288
70003	0.004632383647
70004	0.001577830888
70005	0.006292252836
70006	0.001411158436
70007	0.002203567851
70008	0.007523670044
70009	0.003087637069
70010	0.003007272799
70011	0.0005083579152
70012	0.0008777076421
70013	1.884361358e-05
70014	0.001736219132
70015	0.002225124404
70016	0.0001049310753
70017	0.0005411834373
70018	0.000143363331
70019	7.293031596e-05
70020	0.0002836863613
70021	7.311719968e-05
70022	0.0009093725258
70023	0.0001041490824
70024	0.000119728839
70025	0.0005000039933
70026	2.958275226e-05
70027	3.2942563e-05
70028	0.0001830153318
70029	0.003620003443
70030	0.00750750114
70031	0.002056934084
70032	0.0009953417344
70033	0.002595942894
70034	0.0003254819081
70035	0.000867145937
70036	0.002530931638
70037	5.837987928e-07
70038	0.004114084736
70039	0.002400664545
70040	0.001749458834
70041	0.001809227247
70042	0.0008997189319
70043	0.004555293791
70044	0.004963047904
70045	0.006528162387
70046	0.001515741445
70047	0.001886970655
70048	0.001505526277
70049	0.008102126648
70050	0.00559355243
70051	0.005544386406
70052	0.003068861954
70053	1.571154393e-05
70054	0.00329986121
70055	0.00509350646
70056	0.001177876651
70057	0.0009860363315
70058	0.001815619588
70059	0.002783258268
70060	0.006332914106
70061	0.004174452762
70062	0.002116318457
70063	0.007755126597
70064	0.003420726014
70065	0.004928271219
70066	0.0002006156392
70067	0.0003116008611
70068	0.0007937731685
70069	0.001639989103
70070	0.001966805493
70071	0.0008346323196
70072	0.0007319247357
70073	0.001726346891
70074	0.004452772542
70075	0.001132939858
70076	0.0007729889813
70077	0.003258429775
70078	0.00112255543
70079	0.001023414312
70080	0.0006508403468
70081	0.002889422981
70082	0.003147532853
70083	0.00150707683
70084	7.040808319e-05
70085	0.001744166296
70086	0.004026422095
70087	0.0001455632658
70088	0.0008725932321
70089	0.00249247565
70090	0.007104569738
70091	0.00166747945
70092	0.00144340562
70093	0.001308210175
70094	0.002646022571
70095	0.001530413104
70096	0.0054920895
70097	3.281351855e-05
70098	0.001947906112
70099	0.003080831231
70100	0.001091650795
70101	0.004769276849
70102	0.004623295082
70103	0.001230033919
70104	1.884035282e-05
70105	0.0006897833198
70106	0.001612119967
70107	0.0005592173384
70108	0.002539698611
70109	0.002656008354
70110	0.0047019735
70111	0.001201259407
70112	0.002366819655
70113	0.0007386258641
70114	0.000432777204
70115	0.005245721553
70116	0.004951289044
70117	0.002716197135
70118	0.0001908168449
70119	0.000452221213
70120	0.0004135431639
70121	0.0005136833608
70122	0.0008662616067
70123	0.0006842810066
70124	0.0006789201086
70125	0.008392804127
70126	0.0003224512539
70127	0.003680655355
70128	0.0002873237184
70129	0.0001766343595
70130	0.006217680148
70131	0.003325060291
70132	0.005418274387
70133	0.0002939608856
70134	0.004030057045
70135	0.0005002062907
70136	0.005741539453
70137	0.002426574637
70138	0.001166628407
70139	0.005630000085
70140	0.0008613858542
70141	0.002641915368
70142	0.0004942891643
70143	0.0005288724376
70144	0.007234005766
70145	0.0009621149337
70146	0.0004338133305
70147	0.00251350342
70148	0.002259806228
70149	0.003114357603
70150	0.0008837902694
70151	0.002232259175
70152	0.005841448605
70153	0.001575330085
70154	0.003662722978
70155	0.003941633906
70156	0.001212000564
70157	0.0014015143
70158	1.155723418e-05
70159	0.001170253019
70160	0.004236657198
70161	0.002674839955
70162	0.002609084718
70163	0.005835953534
70164	0.002456206227
70165	0.001355350687
70166	0.001499809741
70167	0.004717756674
70168	0.003388569041
70169	0.002001014549
70170	0.00769131123
70171	0.002623200843
70172	0.001159155861
70173	0.000175685709
70174	0.0002699517432
70175	0.000636864674
70176	0.0003772760431
70177	0.003451777343
70178	0.002990575021
70179	0.0004075109054
70180	0.0004289652671
70181	0.00124302347
70182	0.001031551608
70183	0.0009023653894
70184	0.0005437352488
70185	0.005252629264
70186	0.002170375319
70187	0.0005728685246
70188	0.005032709745
70189	0.0004288150608
70190	0.0005687994399
70191	7.656410438e-05
70192	0.0008935049549
70193	0.003130892137
70194	0.001025633467
70195	0.000883353246
70196	0.0002231588812
70197	0.0005999540492
70198	0.001076280641
70199	0.0007684853819
70200	0.001622702656
70201	0.001474153518
70202	0.0009949117944
70203	0.006159797812
70204	0.006263924607
70205	0.001228865451
70206	0.003430937023
70207	0.001499479961
70208	0.0007018319114
70209	0.001911984731
70210	0.00391299131
70211	0.004486410005
70212	0.0003409253427
70213	0.0004771396318
70214	0.009990133457
70215	0.007760828592
70216	0.0002606620131
70217	0.002403734525
70218	0.0009294870263
70219	0.00423043019
70220	0.003806182587
70221	0.002504712192
70222	0.001689298287
70223	4.445242585e-05
70224	0.001447142442
70225	0.006300091111
70226	0.00781099099
70227	0.002102388679
70228	0.001738925383
70229	7.169030989e-05
70230	0.003690099611
70231	0.003243386588
70232	0.002495840282
70233	0.0002216207071
70234	0.004268556665
70235	0.005118329695
70236	0.0001094464091
70237	0.0005861941104
70238	0.003803653234
70239	0.004320716464
70240	0.004257938414
70241	0.000463732792
70242	0.005200836235
70243	0.002910707591
70244	0.002608944824
70245	0.0002657278421
70246	0.0004559438822
70247	0.002407830605
70248	0.004090184885
70249	0.009380480863
70250	0.003850531989
70251	0.004834636987
70252	0.002891891192
70253	0.002010659882
70254	0.0007657731195
70255	0.000386633542
70256	0.003797575362
70257	0.00322465298
70258	0.0005240163428
70259	0.001021529255
70260	0.002111267082
70261	0.0003902988806
70262	0.0003909483692
70263	0.002345591758
70264	0.002031387243
70265	0.00433353298
70266	0.0009999920205
70267	0.001714654501
70268	0.003356712671
70269	0.0002423919877
70270	0.002536020873
70271	0.004999867145
70272	0.00726186051
70273	0.004893065358
70274	0.001293132473
70275	0.0002875535154
70276	0.003476554695
70277	1.502162159e-05
70278	0.003167413007
70279	0.00129239639
70280	0.0003256631016
70281	0.003965663148
70282	0.0007607117035
70283	4.599170874e-05
70284	0.0006085555192
70285	0.004120397636
70286	0.001922264985
70287	0.0006055872329
70288	0.0009501817854
70289	0.002650607292
70290	0.001667273841
70291	8.251890338e-05
70292	0.0003556716631
70293	0.0004655018414
70294	0.002596020007
70295	0.0007908336546
70296	0.0008803026362
70297	0.001859700812
70298	0.002626537196
70299	0.003611887857
70300	0.003558656016
70301	0.0007818002263
70302	0.0005630184701
70303	0.002185923154
70304	0.001962225659
70305	0.001119864837
70306	0.0009973116436
70307	0.000323397321
70308	0.0004824299508
70309	0.0003310565588
70310	0.0001729745059
70311	0.002525631219
70312	0.003744802087
70313	0.001402129327
70314	0.002471229399
70315	0.004904028459
70316	0.002647818368
70317	0.0009016129353
70318	0.001206240364
70319	2.816860524e-05
70320	0.0004012942463
70321	0.00133394652
70322	0.0009321400812
70323	0.001871576075
70324	0.0005069753231
70325	0.0006152691093
70326	0.005922945726
70327	0.0001363832658
70328	0.003288449078
70329	0.001082208713
70330	0.0009654206443
70331	0.002295175147
70332	0.001913418215
70333	0.0003266569406
70334	0.002433161067
70335	0.001149088819
70336	0.0006340568293
70337	0.0009357951997
70338	0.002340704438
70339	0.0002064064202
70340	0.001015976889
70341	0.005854814808
70342	0.0007621368844
70343	0.00486441812
70344	0.005155989972
70345	0.002440463589
70346	0.006321958204
70347	0.005250254513
70348	0.001000088454
70349	0.000667496688
70350	0.0005232358602
70351	0.003421399803
70352	0.001479469634
70353	0.00157081499
70354	0.0007120976427
70355	4.812840776e-05
70356	0.002335112502
70357	0.002079485776
70358	0.003277517267
70359	0.003440149796
70360	0.000956302705
70361	0.00199108087
70362	0.003898631165
70363	0.002729423107
70364	0.004575122949
70365	0.001740880854
70366	0.001108976412
70367	0.002766438822
70368	0.003255134011
70369	0.001552576129
70370	0.005764394365
70371	0.0003026715266
70372	0.003488395267
70373	0.005278287599
70374	0.003003877321
70375	0.000619929914
70376	4.472182864e-05
70377	0.002765135736
70378	0.0005969900913
70379	0.003550780429
70380	0.001929549868
70381	0.002557531998
70382	0.002410516064
70383	0.0008891603432
70384	0.0007915056164
70385	0.001469652241
70386	0.001845723004
70387	0.0009730577803
70388	0.003747466803
70389	0.0009806498794
70390	0.0006165341166
70391	1.90311699e-05
70392	0.001055105201
70393	0.001819714151
70394	0.005525220428
70395	0.0003662619145
70396	0.001062487193
70397	0.0007448196553
70398	0.000252901112
70399	0.001231285021
70400	0.003597250401
70401	0.0002921008939
70402	0.002545465791
70403	0.0007967526867
70404	2.366161333e-05
70405	0.0007900850268
70406	0.001030974013
70407	0.003283296372
70408	0.001287757651
70409	0.005679101482
70410	0.002635100193
70411	0.0002627372404
70412	0.0005190683057
70413	1.874233113e-05
70414	0.0006566360525
70415	0.002281321435
70416	0.0002664633454
70417	0.0001665072196
70418	0.0006021265709
70419	0.002681856432
70420	0.0002053403167
70421	0.00116956717
70422	0.002422463856
70423	0.0009100825258
70424	0.001224624356
70425	0.0008522267498
70426	0.003458950564
70427	0.002143526998
70428	0.001311801937
70429	0.002299201493
70430	0.003245201587
70431	0.006978362869
70432	0.003831295735
70433	0.00452427142
70434	0.001477172171
70435	0.002001303011
70436	0.008758405462
70437	0.003461334976
70438	0.00207246833
70439	0.003872360291
70440	0.002344217878
70441	0.0002818898424
70442	0.00155896582
70443	0.00284570395
70444	0.003544218768
70445	0.0002517470057
70446	0.0004923482923
70447	0.001772101906
70448	0.000638110557
70449	0.00339268249
70450	0.005259544012
70451	0.001774316216
70452	0.003140507782
70453	0.0009782820537
70454	0.0003372888162
70455	0.0007616211223
70456	0.001417666127
70457	0.0008518847577
70458	0.0004197067491
70459	0.005285547341
70460	0.006833309992
70461	7.001869876e-05
70462	0.0003971314523
70463	0.003202653374
70464	0.0003000244949
70465	0.002876416231
70466	0.001596507765
70467	5.723400829e-05
70468	0.002851312228
70469	0.0002986207009
70470	0.005299002388
70471	0.001232002215
70472	0.003771035024
70473	0.0008723751175
70474	0.006129520451
70475	0.0004712558595
70476	0.001019058067
70477	0.001519383588
70478	0.002369733908
70479	0.001159296377
70480	0.001832120388
70481	0.001627934964
70482	0.0006299996668
70483	0.0002323193889
70484	0.0006542050134
70485	0.001257869295
70486	0.002700445487
70487	0.0007807287278
70488	0.0004317941627
70489	0.0009807957709
70490	0.001046066237
70491	0.0002091624253
70492	0.0004641471282
70493	0.001975364018
70494	0.004233300968
70495	0.000227309342
70496	0.001147869618
70497	0.001711871916
70498	0.00111984032
70499	0.0004983755752
70500	0.001437469584
70501	0.002616053381
70502	0.000341448489
70503	0.001365220028
70504	0.0001920848009
70505	0.0007878248166
70506	0.0002298471045
70507	0.003272222232
70508	0.003562281549
70509	0.001347630364
70510	0.001018296911
70511	0.001164943396
70512	0.0004749532485
70513	0.0006672449448
70514	0.005198512173
70515	0.003460204367
70516	0.0005879384354
70517	0.002881871747
70518	0.0002799110821
70519	0.000137099011
70520	0.004614033641
70521	0.001193306685
70522	0.0008036777711
70523	0.0002247004489
70524	0.0002322627482
70525	0.001229959544
70526	4.023210628e-05
70527	0.002441085206
70528	0.002644947224
70529	0.0005996250536
70530	0.001321915529
70531	0.001557549997
70532	0.001370172119
70533	0.00465444484
70534	0.0009320557766
70535	0.0009603288793
70536	0.002867427794
70537	0.001370028945
70538	0.0009293479857
70539	0.002121654792
70540	0.0001917529254
70541	0.001702777764
70542	0.00178128151
70543	0.0002415268278
70544	0.0005802230038
70545	0.00266782566
70546	0.002770864972
70547	0.003080751451
70548	0.0004402532687
70549	3.722901673e-05
70550	0.004763328218
70551	0.000419223412
70552	0.002419520117
70553	0.001578464673
70554	0.0004306726217
70555	0.000319083571
70556	0.002849556546
70557	0.002362199398
70558	0.0002962652683
70559	0.001542708244
70560	0.001516050538
70561	0.005121139875
70562	0.002755728472
70563	0.003332910423
70564	0.0006671915806
70565	0.0001608181865
70566	0.0009570048772
70567	0.003184801598
70568	0.0008677673743
70569	5.525620666e-05
70570	0.003957013925
70571	0.001906450685
70572	0.002249913523
70573	0.0001693345292
70574	0.001399424594
70575	0.001785096121
70576	0.004917725787
70577	0.004643783021
70578	0.002734654278
70579	0.001411605983
70580	0.002000382992
70581	0.0007351522741
70582	0.0009737744167
70583	0.00182157503
70584	0.005206231376
70585	0.005222967884
70586	0.005151573871
70587	0.003708648257
70588	0.003964773755
70589	0.004019095318
70590	0.005156254012
70591	0.002673898646
70592	0.00343852248
70593	0.002413662235
70594	0.003028494337
70595	0.004247043578
70596	0.0003258004202
70597	0.001823931283
70598	0.003957779688
70599	0.001247418727
70600	0.003572845906
70601	0.005132642848
70602	0.002550400211
70603	0.00510273199
70604	0.005366156694
70605	0.0004516462927
70606	0.001750052708
70607	0.0003313533212
70608	0.003960330089
70609	0.0031519346
70610	0.001290720144
70611	0.001896459174
70612	0.0007454042334
70613	0.003995801772
70614	0.003424561207
70615	0.0001559187229
70616	0.004495919014
70617	0.001698410617
70618	0.0006297060439
70619	0.004867693621
70620	0.001517935718
70621	0.001343445486
70622	0.0002443900327
70623	0.001497957809
70624	0.0008670304508
70625	0.003688486991
70626	0.002603987959
70627	0.0002816926576
70628	0.005102186803
70629	0.001886078048
70630	0.001420097662
70631	0.003397607383
70632	0.002376739757
70633	0.0002746119199
70634	0.001212390288
70635	0.00241509609
70636	0.002210319417
70637	0.002385215092
70638	0.001505149987
70639	0.003162496757
70640	0.0009467561399
70641	0.0010759968
70642	0.003733445483
70643	0.006758401673
70644	0.001604169121
70645	0.000252076738
70646	0.001199790949
70647	0.004295765887
70648	0.004667788491
70649	0.002844368915
70650	0.002216422189
70651	0.001182078851
70652	0.004955143684
70653	0.003431750865
70654	0.002613790184
70655	0.005844531784
70656	0.001828549076
70657	0.005280530669
70658	0.0001470648915
70659	0.002090984385
70660	0.003594810671
70661	0.0004115321978
70662	0.001895778326
70663	0.002341667907
70664	0.0005877987546
70665	0.006877757457
70666	4.600532928e-05
70667	3.875685237e-05
70668	0.002123478866
70669	0.000119876752
70670	0.003163400991
70671	0.003424298203
70672	0.001185187713
70673	0.0002804063996
70674	0.0004914703426
70675	0.001697843462
70676	0.000214679378
70677	0.000259847076
70678	0.002595416875
70679	8.326163637e-06
70680	0.006249050898
70681	0.002869978156
70682	0.002111446033
70683	0.0008882118358
70684	0.002288184963
70685	0.004078978606
70686	0.003759752342
70687	0.0004651874096
70688	0.0007558523289
70689	0.001161684706
70690	0.0005384789086
70691	0.0001959970233
70692	0.001088915988
70693	9.237309378e-05
70694	0.001078323228
70695	0.000793525613
70696	0.00259060354
70697	0.002445996478
70698	0.0001380983042
70699	0.009511313891
70700	0.0006786341199
70701	0.002150031394
70702	0.004868296156
70703	0.000608788539
70704	0.001351706178
70705	0.003514096854
70706	0.002255360745
70707	0.0005483554306
70708	0.001043891906
70709	0.0002441545649
70710	0.005438480312
70711	0.0003614832238
70712	0.002343871531
70713	0.000567283619
70714	0.002590846846
70715	0.00473347541
70716	0.001786874069
70717	0.0001763585778
70718	0.0001849792288
70719	0.001327946125
70720	0.0006711324733
70721	0.001611890379
70722	0.0006089142692
70723	0.001707233987
70724	0.0005106776466
70725	0.001595352776
70726	0.002211078926
70727	0.00427835861
70728	0.0006742405162
70729	0.004275693637
70730	0.002304776974
70731	0.002705269284
70732	0.0005848463423
70733	0.003427917664
70734	0.0005558745769
70735	0.001766138664
70736	0.00106856949
70737	0.00128055448
70738	0.0003509995315
70739	0.005711746326
70740	0.004613082758
70741	0.004062830207
70742	0.002968692999
70743	0.003951558164
70744	0.007750010711
70745	0.002518819313
70746	0.001277131584
70747	0.00199946374
70748	0.0006957983448
70749	0.003322654734
70750	0.0004695895125
70751	0.000355691676
70752	0.002887302123
70753	0.001136534547
70754	0.002516100373
70755	0.0005817108424
70756	0.004136960137
70757	0.00322202295
70758	0.003716468843
70759	0.0007128411535
70760	0.001700016765
70761	0.005446716799
70762	0.001403104595
70763	0.001213039418
70764	0.002111659833
70765	0.00179721594
70766	0.0007780973696
70767	0.004725812314
70768	0.00142775577
70769	0.0008570710744
70770	0.0005835537808
70771	0.003008472359
70772	0.002338002287
70773	0.00110105712
70774	0.002105998404
70775	0.004859700295
70776	0.0001362565093
70777	0.004421565772
70778	0.001009726224
70779	0.0005044585661
70780	0.0003743981941
70781	0.003033888132
70782	0.001572736044
70783	0.001244763768
70784	0.001658314529
70785	0.003083120432
70786	0.01089104202
70787	0.001400117753
70788	0.0008706131742
70789	0.0031206708
70790	0.003066089136
70791	0.001496259213
70792	0.003505563519
70793	0.00881151927
70794	0.004038260727
70795	0.002033013661
70796	0.003014023057
70797	0.0011754669
70798	0.000488837704
70799	0.003724767247
70800	0.0002018351406
70801	0.003807204703
70802	0.002301659579
70803	0.0004908407903
70804	0.004383168961
70805	0.005237423438
70806	0.000392353971
70807	0.002929087003
70808	0.006123114948
70809	0.0006894695691
70810	0.0006948758663
70811	0.003222187785
70812	0.001309712898
70813	0.0001233120295
70814	0.007513096449
70815	0.002441393234
70816	5.993056113e-05
70817	0.001035633384
70818	0.007782563156
70819	0.00204292558
70820	0.003510015242
70821	0.004500369573
70822	0.002367779336
70823	0.005588601768
70824	0.001629542742
70825	0.0007288669642
70826	0.005504335942
70827	0.004713289203
70828	0.0007146986553
70829	0.0003255587365
70830	0.0009912694927
70831	0.002926897754
70832	0.00551996189
70833	0.003452845703
70834	0.005907122886
70835	0.000117150515
70836	0.001288004903
70837	0.0009659658717
70838	0.0004320858754
70839	0.004374845827
70840	0.001116420337
70841	0.0003365797704
70842	1.423253356e-05
70843	0.001763601388
70844	0.003106106407
70845	0.001716936146
70846	0.001035960186
70847	0.004423547156
70848	0.00447699858
70849	0.0004812485677
70850	0.001288649678
70851	0.001155491165
70852	0.00137450224
70853	0.00228574082
70854	0.003856027399
70855	0.00166584441
70856	0.0001436882554
70857	4.287090385e-05
70858	0.0002043047295
70859	0.0008286484667
70860	0.001396741268
70861	0.001213224581
70862	0.000417292301
70863	0.0004888988414
70864	0.001125184703
70865	0.0008381091088
70866	0.000280843417
70867	0.0008790476553
70868	0.00231049806
70869	0.0003616592878
70870	0.0006889146183
70871	0.0005075905976
70872	0.003067528447
70873	9.410828859e-05
70874	0.00654963412
70875	0.006720409354
70876	0.001901752007
70877	5.884777631e-06
70878	0.0002187146468
70879	0.001071579474
70880	0.001123887299
70881	0.0005755301501
70882	0.0008621917175
70883	7.516642974e-05
70884	0.002465350792
70885	0.0002291845498
70886	0.002344378061
70887	0.004432133319
70888	0.0004012716399
70889	0.0006582647811
70890	0.001210106572
70891	0.0004350890749
70892	0.000957817231
70893	4.300944525e-05
70894	0.0003313591886
70895	0.006756407387
70896	0.0008658202646
70897	0.002775526266
70898	0.0001813668694
70899	0.00169924729
70900	0.0002235481294
70901	0.002590060259
70902	0.001425018191
70903	0.0009155473604
70904	0.002515771527
70905	0.004069085029
70906	0.003915745366
70907	0.001554963715
70908	0.001119650462
70909	0.0003680116596
70910	7.958139255e-05
70911	0.0002329631281
70912	0.005411581104
70913	0.003116869033
70914	0.001579209317
70915	0.001789968607
70916	0.0001827283705
70917	0.0007503172756
70918	0.0002776987134
70919	0.003021565309
70920	0.001591755939
70921	0.001160012045
70922	0.002517921164
70923	0.002456847636
70924	0.0004622100876
70925	0.006420617497
70926	0.002677436038
70927	0.005035617384
70928	0.003099410699
70929	0.001698126683
70930	0.001190936101
70931	0.0004121502201
70932	0.003023894124
70933	6.214854806e-05
70934	0.0003403692682
70935	0.001798489174
70936	0.00322489914
70937	0.001757002798
70938	0.008655524943
70939	0.006127337478
70940	0.005836205829
70941	0.009829826096
70942	0.001049615437
70943	0.006335763549
70944	0.001255057052
70945	0.002807573548
70946	0.000601887575
70947	0.001638879422
70948	0.00995882066
70949	0.001349499865
70950	0.0001785491011
70951	0.002622650805
70952	0.004335565286
70953	0.0008615544756
70954	0.005669302135
70955	7.655068908e-05
70956	0.001181473614
70957	0.0005087431247
70958	0.003101688679
70959	0.001672351507
70960	0.005085670497
70961	0.005347208535
70962	0.000855024713
70963	0.002278551729
70964	6.483576071e-06
70965	0.00187757083
70966	0.002364023201
70967	0.004728305463
70968	0.0009820930802
70969	0.001210264252
70970	0.003437535982
70971	5.422386885e-05
70972	0.001245699754
70973	0.000631624778
70974	0.0006430044779
70975	0.0004401439165
70976	0.0007984425929
70977	0.001143680877
70978	0.0008684120434
70979	0.002515158694
70980	0.0004808633137
70981	0.0004905832662
70982	0.0006242174901
70983	0.0002890447642
70984	0.001433278419
70985	0.0009571236098
70986	0.003079839017
70987	0.001276923664
70988	0.0005946297568
70989	0.006823521753
70990	0.001348093936
70991	0.004006835428
70992	0.0002200693909
70993	0.004137415292
70994	0.001502033871
70995	0.004455806885
70996	0.002459114451
70997	0.0005065509047
70998	0.0003083595971
70999	0.002261468785
71000	0.004682409185
71001	0.002316372853
71002	0.001228662911
71003	0.004450911979
71004	0.003278246147
71005	0.0003419847237
71006	0.001119287748
71007	0.001070675265
71008	0.006265128106
71009	0.0009268598608
71010	0.002233152109
71011	0.0006668472184
71012	0.001583468827
71013	0.0007413120722
71014	0.0008386301873
71015	0.003256594519
71016	0.0002245301676
71017	0.0001108457975
71018	0.0004258509336
71019	0.002364148997
71020	0.002128558797
71021	1.499454251e-05
71022	0.0003591850097
71023	0.0003601563266
71024	0.0001532075161
71025	0.0002214058543
71026	0.0008248720887
71027	7.791912355e-05
71028	0.0008427908649
71029	0.00500368936
71030	0.005827470518
71031	0.0009192907308
71032	0.004058042504
71033	7.602290221e-05
71034	0.001012863301
71035	0.001500929893
71036	0.0003744251942
71037	0.0004199498167
71038	0.001028043749
71039	0.0007338123252
71040	0.004727537901
71041	0.0004303577909
71042	0.000398480637
71043	0.001081903651
71044	0.0003309090014
71045	4.302956866e-05
71046	0.001686623264
71047	0.0009151476152
71048	0.0004342329698
71049	0.0007270982357
71050	0.002434006367
71051	0.000852138245
71052	0.0002901188304
71053	2.747402871e-05
71054	0.0005030984721
71055	0.0004847385305
71056	0.0005500954196
71057	2.286051828e-06
71058	0.003096000404
71059	0.004220784861
71060	0.003663539752
71061	0.0009169075021
71062	0.001699937653
71063	0.001564760565
71064	0.004158475268
71065	0.0008642279006
71066	0.0007829273107
71067	0.001364654123
71068	0.004357203363
71069	0.003369692784
71070	0.002911758642
71071	2.60447645e-05
71072	0.001066359668
71073	0.001186906154
71074	0.003687641204
71075	0.0008121319562
71076	0.004578394078
71077	0.001762798175
71078	0.003687800947
71079	0.0006498014154
71080	0.001930598126
71081	0.0006919970977
71082	0.001911147739
71083	0.002772121815
71084	0.002578070637
71085	0.001553601585
71086	0.0001561114134
71087	0.000146749418
71088	0.001695512076
71089	0.0001514165328
71090	0.0001654659407
71091	0.000816351542
71092	0.000878382649
71093	0.0005080015823
71094	0.001093981921
71095	0.003023053845
71096	0.004221019332
71097	0.001815172848
71098	0.000984574716
71099	0.003107979955
71100	0.0008932542922
71101	0.001354669602
71102	0.00890039227
71103	0.001609860126
71104	0.001369221745
71105	0.0006380348002
71106	0.003730305144
71107	0.001492045814
71108	0.001560124699
71109	0.001140514534
71110	0.0003664114991
71111	0.001126410216
71112	0.003039285353
71113	0.0001409730212
71114	0.001803170401
71115	0.0004348550492
71116	0.002587236033
71117	0.0005865236682
71118	0.002923527615
71119	0.001601985598
71120	0.0002187333089
71121	0.002076484445
71122	4.629154942e-05
71123	0.003012370771
71124	0.001285703439
71125	0.003209178054
71126	0.002190270625
71127	0.001979538653
71128	0.0009034979625
71129	0.005716780297
71130	0.0006576929874
71131	0.004697735973
71132	0.001796640137
71133	0.0022628236
71134	0.0003428387938
71135	0.0009512260521
71136	0.0001349880493
71137	0.001992706093
71138	0.005943177684
71139	0.0008174798869
71140	0.001815203421
71141	0.0002456957134
71142	0.001831891651
71143	0.000312052273
71144	0.002484049475
71145	0.002072465708
71146	0.001266035209
71147	0.001955442567
71148	0.001204208221
71149	0.0009855898628
71150	0.007807583349
71151	6.48133109e-05
71152	0.0006647168717
71153	4.899441319e-05
71154	0.003404252176
71155	0.001228372637
71156	0.001823458515
71157	0.001784162977
71158	0.001424762528
71159	0.001566362471
71160	0.00120094332
71161	0.0003170025582
71162	0.001347995104
71163	0.0008490155313
71164	0.0003875315965
71165	0.002777749169
71166	0.002272131821
71167	0.003766925
71168	0.001527397888
71169	0.003848677607
71170	0.0001696532751
71171	0.0006776354056
71172	0.003876602907
71173	0.003736648566
71174	0.0008581600237
71175	0.006592807885
71176	0.004320472648
71177	0.0005691764652
71178	0.00227775248
71179	0.001015791423
71180	0.0004360872305
71181	0.0009029438612
71182	0.0001349668345
71183	0.003527710923
71184	1.16382863e-05
71185	0.001858945915
71186	0.001909183918
71187	0.001924491167
71188	0.001028365067
71189	0.0006949554747
71190	0.00482906571
71191	0.001269001823
71192	9.478815472e-05
71193	0.003171837416
71194	0.002330777911
71195	0.0001514751203
71196	0.00143097475
71197	0.007336565488
71198	0.000479909896
71199	0.001325143883
71200	0.002385092319
71201	0.005731802221
71202	0.0009530208573
71203	0.001043943078
71204	0.003204873332
71205	0.003562301878
71206	0.00123222766
71207	0.004264694795
71208	0.0003314045188
71209	0.001960951636
71210	6.704925303e-05
71211	0.0003059824829
71212	0.0002959897707
71213	0.00303418716
71214	0.000185851648
71215	0.0002543548587
71216	0.004992220528
71217	0.001501431617
71218	0.003610089928
71219	0.0002826169017
71220	0.0004396240316
71221	0.005256345386
71222	0.002449080325
71223	0.006687910305
71224	0.002031609817
71225	0.002307164564
71226	0.0004626830496
71227	0.0009025381536
71228	0.005658373697
71229	0.001724930409
71230	0.003105561302
71231	0.0006754395985
71232	0.005044691767
71233	0.001916604941
71234	0.003154939042
71235	0.001343814576
71236	0.004394752179
71237	0.00122427462
71238	0.003764042609
71239	0.00400966911
71240	0.0003847067868
71241	0.001513994097
71242	0.000110711769
71243	0.004460048487
71244	0.00178419664
71245	0.001275466176
71246	0.0003561170807
71247	0.004654767357
71248	0.0002004128476
71249	0.003707633752
71250	0.0005880609498
71251	0.01117692576
71252	0.0005400569539
71253	0.001807801924
71254	0.001878100073
71255	0.0003200455072
71256	0.0007695554382
71257	0.001619870602
71258	0.0006440596987
71259	0.003415687047
71260	0.005383701906
71261	0.003355101199
71262	0.005331074432
71263	0.0003673441264
71264	0.007304471567
71265	0.003407585607
71266	0.003099379982
71267	0.002945008914
71268	0.003140442311
71269	0.00445699865
71270	0.002143719526
71271	0.0002910984614
71272	0.005581255335
71273	0.005912947982
71274	0.005165621552
71275	0.0009109960333
71276	0.003668536143
71277	0.0005466054792
71278	0.0001058551022
71279	0.00250236071
71280	0.003494357725
71281	0.003599695653
71282	0.0005010638908
71283	0.0009588364723
71284	0.0002991786008
71285	0.0002653246661
71286	0.0009107430338
71287	0.0007574563426
71288	0.001357840011
71289	0.001116646895
71290	0.0008569274359
71291	0.0009529159665
71292	0.000850467278
71293	0.001128516872
71294	0.000515142653
71295	0.001100598552
71296	0.00127488853
71297	0.002518245322
71298	0.001258039965
71299	0.001335455506
71300	0.0008720069932
71301	0.002854437874
71302	0.001467387989
71303	0.000180757592
71304	0.0005305087459
71305	0.0005840631189
71306	0.001332159075
71307	0.0005254471576
71308	0.000728136241
71309	0.0003180643995
71310	0.0004106599087
71311	0.002495095227
71312	0.0002566005892
71313	0.0005314993115
71314	0.0003719912582
71315	0.0002341097216
71316	0.0008863429342
71317	0.002940801616
71318	0.001568457506
71319	0.0006883510228
71320	0.0007039126577
71321	0.001441218159
71322	0.007204578171
71323	0.0004129526352
71324	0.001953713931
71325	2.125323428e-05
71326	0.006754310714
71327	0.00176704587
71328	0.000513453546
71329	0.00372019363
71330	0.0004055558255
71331	0.002025761922
71332	0.0004919183675
71333	0.002344269405
71334	0.001550680057
71335	0.005261229827
71336	0.0007663258667
71337	2.590304778e-05
71338	7.563712813e-05
71339	0.0004238171102
71340	0.001053364531
71341	0.0003975520758
71342	0.001229883851
71343	0.000124903584
71344	0.004764196559
71345	0.003509408577
71346	0.001604827674
71347	0.001105652166
71348	0.003041348624
71349	0.0005584842502
71350	0.001506253039
71351	0.006353470163
71352	0.0006754775081
71353	0.003624719891
71354	0.002959531701
71355	0.0009162241939
71356	0.002193183039
71357	0.001184453905
71358	0.0008652567307
71359	0.0001094254561
71360	0.00706385955
71361	0.0001066814598
71362	0.003524962786
71363	0.000232407645
71364	0.0002516490818
71365	0.0001723737065
71366	0.008546893165
71367	0.002310626733
71368	6.046685478e-05
71369	0.006018763168
71370	0.001389888857
71371	0.001359399314
71372	0.005941614875
71373	0.002151394552
71374	0.0009129767302
71375	0.002497656527
71376	0.007926384286
71377	0.002663165687
71378	0.0005589129698
71379	0.0017035622
71380	0.001357836921
71381	0.0009303766604
71382	0.001658144996
71383	0.001858935374
71384	0.001028081897
71385	0.0007084646498
71386	0.002290738075
71387	0.002325223079
71388	0.001080463556
71389	0.004475892111
71390	0.0004563900125
71391	0.006356605162
71392	0
71393	0.002065475696
71394	0.003293426268
71395	0.002321022595
71396	0.00580469213
71397	0.0002869706237
71398	0.001172379015
71399	0.0003268349571
71400	0.002017120931
71401	0.003385321322
71402	0.0006467889704
71403	0.001243713916
71404	0.001017092093
71405	0.0001332077487
71406	0.001904440873
71407	0.004846059017
71408	0.001753235219
71409	0.002885950024
71410	0.001263320634
71411	0.0001206295072
71412	0.001645311423
71413	0.005810082507
71414	0.001246237166
71415	0.002083669761
71416	0.001709199471
71417	0.002742692398
71418	0.003226333413
71419	0.00156631394
71420	0.001471714435
71421	0.002396737241
71422	0.002910209256
71423	0.002540600533
71424	0.001083179559
71425	9.822685726e-05
71426	8.885052857e-05
71427	0.0003318904646
71428	0.003586225101
71429	0.002819778092
71430	4.973682942e-05
71431	0.003528059211
71432	0.0001899600873
71433	0.0002633893507
71434	0.0006034817286
71435	0.002201695088
71436	5.660900406e-05
71437	0.0008600031714
71438	0.0002760720489
71439	0.002244864516
71440	0.0006977660217
71441	0.002538827914
71442	0.003155894497
71443	0.0005691567673
71444	0.004643096362
71445	0.000449314228
71446	0.002951607881
71447	0.0001560871485
71448	1.889729711e-06
71449	9.939810075e-05
71450	0.000314244662
71451	0.0004872639628
71452	0.002816158937
71453	0.001561741627
71454	0.002398181879
71455	0.004226964134
71456	0.002074230141
71457	0.00168877504
71458	0.001440636635
71459	0.005990260303
71460	0.001048196312
71461	0.003074832379
71462	0.004962660112
71463	0.00167704056
71464	0.002648890341
71465	0.00226242352
71466	2.847676141e-06
71467	0.003575336911
71468	0.001259659485
71469	0.008190539651
71470	0.0002634155064
71471	0.00119299098
71472	0.0004878875583
71473	0.0003495612873
71474	0.002740943903
71475	0.0002239310748
71476	0.002308585533
71477	0.0002199626046
71478	0.0002169478238
71479	2.955867158e-05
71480	0.001885547855
71481	0.0005123283587
71482	0.000119807348
71483	0.0004811205781
71484	0.001394403179
71485	0.003465328776
71486	0.002133423968
71487	0.006703675043
71488	0.001439656159
71489	0.0001864455317
71490	0.004128680789
71491	0.001258345388
71492	0.00564836533
71493	0.0006508104804
71494	0.0008436176358
71495	0.0004428911478
71496	0.004518430035
71497	0.003935115691
71498	0.0003306393694
71499	0.004079658392
71500	0.000404346311
71501	0.0006362572633
71502	0.000258207831
71503	0.002164969159
71504	0.002078170573
71505	0.0005754084025
71506	0.005176652773
71507	0.002490685363
71508	0.002611528389
71509	0.0003708134294
71510	0.00032410747
71511	0.003318921909
71512	0.001445803043
71513	0.0004411557817
71514	0.001302287569
71515	0.003234098345
71516	0.001547999239
71517	0.002085545095
71518	4.386792182e-05
71519	0.005318522073
71520	0.0003201277322
71521	0.0001899439272
71522	0.001054733761
71523	2.471611667e-05
71524	0.0005551120557
71525	0.000947876291
71526	0.00016572609
71527	0.0007320281415
71528	0.0003635542771
71529	0.0001900714732
71530	0.002433966038
71531	0.001210597582
71532	0.0008175575262
71533	0.003121379058
71534	0.005529071149
71535	0.001056094065
71536	0.000704603724
71537	1.125744927e-05
71538	0.0003529966548
71539	0.002373416038
71540	0.002450167933
71541	0.002329041874
71542	0.0007133043308
71543	0.000316561258
71544	0.001735974268
71545	0.001290833559
71546	0.0006370262337
71547	0.005456030367
71548	0.001306807936
71549	0
71550	0.0004415559406
71551	0.001944914726
71552	0.001045399428
71553	0.0001849163709
71554	0.001175447519
71555	0.0004953086493
71556	0.0006184534517
71557	0.002992585796
71558	0.002651274563
71559	0.005723546492
71560	0.001080211506
71561	0.001169022842
71562	0.0001744016319
71563	0.001954497731
71564	0.003065280219
71565	0.0008856496094
71566	0.001527050562
71567	0.000937692572
71568	0.001449806473
71569	0.003643201199
71570	0.0001923105661
71571	0.001644504375
71572	0.001223665096
71573	0.004681825861
71574	0.001060547195
71575	0.002091920273
71576	0.002795218403
71577	0.001027652936
71578	0.0002577665045
71579	0.004089649948
71580	0.0007623519942
71581	0.001090413548
71582	0.0001740955807
71583	0.0007124878663
71584	0.004426339721
71585	0.003355679268
71586	0.004622305116
71587	0.001616331903
71588	0.0001686515954
71589	0.0005023985592
71590	0.001443014984
71591	0.001057443588
71592	0.0005021824807
71593	0.001471239189
71594	0.003790903799
71595	0.0006476426425
71596	9.064746954e-05
71597	2.140288048e-05
71598	0.00602072614
71599	0.001393655274
71600	0.0002075996405
71601	0.003290419201
71602	0.007515663639
71603	0.0006456224128
71604	0.001038555083
71605	9.716727861e-07
71606	0.002299250538
71607	0.002198882529
71608	0.003348024061
71609	0.0004164874042
71610	0.0001011839167
71611	4.077639564e-05
71612	0.002565335729
71613	0.002353747991
71614	0.0001908608854
71615	0.0001247262957
71616	0.0006838997747
71617	0.001102806107
71618	0.001580237315
71619	7.60741698e-05
71620	0.004476582761
71621	0.0005588146549
71622	0.001571266273
71623	0.003638460848
71624	0.002254054491
71625	0.001302318682
71626	0.003592620455
71627	0.0003528834375
71628	0.00221870627
71629	0.003878914429
71630	0.001889559899
71631	0.0006540955987
71632	0.0006086081405
71633	0.004859466779
71634	0.0009113703358
71635	0.001834085386
71636	0.0006444954895
71637	0.0004674909974
71638	0.001147023348
71639	0.0001798597548
71640	0.0008552911717
71641	0.002676762701
71642	0.001046601873
71643	0.0003108819486
71644	0.005931292978
71645	6.305198363e-05
71646	7.526937587e-05
71647	0.0005187721866
71648	0.001792453534
71649	0.0001029144088
71650	0.0001092215756
71651	1.452819969e-05
71652	0.0006404243997
71653	0.0001414512556
71654	0.002070802196
71655	0.0003793676915
71656	0.0004259772939
71657	0.0001381180141
71658	0.003138774155
71659	0.0008508792404
71660	0.0002439828129
71661	1.158387605e-05
71662	0.0001626634298
71663	0.0001834730588
71664	0.000819855476
71665	2.094672144e-05
71666	0.0001091858654
71667	0.0001570896438
71668	0.0006591347001
71669	0.0009351838347
71670	6.520448028e-05
71671	0.0007684130743
71672	0.0002230333019
71673	0.0001115233151
71674	0.0004166219466
71675	0.0001774554609
71676	0.0002547849381
71677	0.000121556409
71678	0.0003850975104
71679	0.000346621244
71680	0.0002379089294
71681	0.0009503955213
71682	0.0001377125072
71683	0.0004959797044
71684	4.66112087e-06
71685	0.0001693706552
71686	0.0005266095261
71687	0.0009226975682
71688	0.0005799623162
71689	9.644788251e-05
71690	3.05396695e-05
71691	0.0005953980004
71692	0.003108125578
71693	0.0004127724742
71694	0.0004554211662
71695	0.0002524075199
71696	0.0001344813969
71697	0.001713929443
71698	0.0009606334787
71699	0.001918132117
71700	4.454087214e-05
71701	0.00110460373
71702	8.051405147e-05
71703	6.873238668e-06
71704	0.000802525744
71705	0.0006258132821
71706	0.0005625133103
71707	0.0002792516661
71708	0.004992883118
71709	0.0003503905185
71710	0.0003973975917
71711	0.002431264575
71712	0.0007908617293
71713	0.002715753128
71714	0.001993267633
71715	0.001178650292
71716	0.0008366321288
71717	8.726209044e-05
71718	0.0003046626347
71719	0.0001357182769
71720	0.0007598453948
71721	3.213307359e-05
71722	0.000622778191
71723	0.0004981336812
71724	6.861916782e-05
71725	0.0001754734371
71726	0.0008936476246
71727	0.0008393003924
71728	0.002284868017
71729	0.001138838309
71730	0.0007136467538
71731	0.0004655549938
71732	0.001356715277
71733	0.0004467160999
71734	0.000260128804
71735	0.0001743061685
71736	0.0002007344242
71737	2.794180632e-05
71738	0.0007582961715
71739	0.001744233513
71740	0.0002102188542
71741	0.0003628255511
71742	3.286918548e-05
71743	0.0004206243076
71744	0.001316726861
71745	0.0001348938913
71746	0.0002113064177
71747	9.83325498e-05
71748	0.001366688952
71749	3.593368826e-05
71750	9.825276004e-05
71751	0.0009548457222
71752	0.001309921909
71753	0.00190493614
71754	0.001248343763
71755	0.0001799293818
71756	0.0005454551271
71757	0.0008021949966
71758	0.0006183785253
71759	0.001498381212
71760	0.0006888989662
71761	0.0003911699571
71762	0.0004644851979
71763	9.401514648e-05
71764	5.242289892e-06
71765	0.0001255438429
71766	0.001430125259
71767	0.0002999195262
71768	0.0001668746613
71769	4.792315005e-06
71770	0.0004821206954
71771	0.0007001771378
71772	0.0004522015177
71773	0.004222109071
71774	0.002938183242
71775	0.0004365344436
71776	0.002181937673
71777	0.001551562549
71778	0.004253823628
71779	0.0004221732593
71780	0.0004555747197
71781	0.004156747443
71782	0.001814094809
71783	0.001152791431
71784	0.0005670939144
71785	0.002158762739
71786	0.003559892738
71787	0.003361553772
71788	0.005206407812
71789	0.001517481441
71790	0.007721180108
71791	0.003382158897
71792	0.003379012536
71793	0.0008955347223
71794	0.003837613545
71795	0.004630826263
71796	0.002317642015
71797	0.003861682387
71798	0.002041362526
71799	0.001051315745
71800	0.0001800955634
71801	0.0006461231596
71802	0.001177103242
71803	0.001288728065
71804	0.0001801845752
71805	0.000738730423
71806	0.0006254990106
71807	0.001120853663
71808	0.0004668641317
71809	0.0001948171097
71810	0.003654682939
71811	0.0004221265607
71812	0.003670762161
71813	0.005257172569
71814	0.002288622468
71815	0.002119365385
71816	0.000223788607
71817	0.003360159781
71818	0.005795741601
71819	0.002987517771
71820	0.0009767253526
71821	0.0010844915
71822	8.915745412e-05
71823	0.002397016065
71824	0.002574515019
71825	0.0003488479171
71826	0.001251830556
71827	0.002086747949
71828	0.002263591266
71829	0.001980166788
71830	0.00094486353
71831	0.001345103438
71832	0.002037965212
71833	0.002978783748
71834	0.004258058272
71835	0.003422489357
71836	0.0004195975704
71837	0.003425442101
71838	0.0006144341284
71839	0.004706627244
71840	0.0002068636864
71841	0.004975644426
71842	0.001088782268
71843	0.0004542464308
71844	0.001972172115
71845	0.0009493900832
71846	0.004535558325
71847	0.002644831162
71848	0.002356148747
71849	0.002261034207
71850	0.003804190519
71851	0.001936630792
71852	0.004068612924
71853	0.0009148040517
71854	3.408819369e-06
71855	0.001428381829
71856	0.0007462786047
71857	0.002355665845
71858	0.0002236491488
71859	0.000686957105
71860	0.002789169135
71861	0.002550893765
71862	0.000940966025
71863	0.0006435503768
71864	0.001821821032
71865	0.002291118421
71866	0.002852484257
71867	0.0008363451611
71868	0.002193624615
71869	0.001046395433
71870	0.001835547131
71871	1.469251142e-05
71872	0.0001855835359
71873	0.002376763941
71874	0.004459102826
71875	0.001605692632
71876	2.797981637e-05
71877	0.001187092984
71878	0.0005206800903
71879	0.001728687615
71880	0.0006417798007
71881	0.0002176701458
71882	0.0007616007572
71883	0.0004842520741
71884	0.000312129525
71885	0.009534528129
71886	0.0009439501791
71887	0.003686229595
71888	0.0003525710629
71889	0.00397381016
71890	0.0004284773882
71891	0.001961180231
71892	0.0002285252979
71893	0.002303597192
71894	0.0007851276847
71895	0.0002877946089
71896	0.002688417731
71897	0.0001252100168
71898	0.0004119564978
71899	0.0001793654465
71900	0.0008695290844
71901	3.610760556e-05
71902	0.0002480765444
71903	0.0002543505655
71904	0.0007920003796
71905	0.0005477278411
71906	0.001604370705
71907	0.0001866522826
71908	3.021292997e-05
71909	0.005952088387
71910	0.0003146399422
71911	0.0001061616405
71912	0.0008837094994
71913	0.0002500894507
71914	0.002764852337
71915	0.00313057166
71916	0.002851385513
71917	0.001190043358
71918	0.001672350185
71919	0.0001039997069
71920	0.004686872911
71921	0.001039920232
71922	0.002246135313
71923	0.001452883032
71924	0.0001962736192
71925	0.0003305130776
71926	0.002501781818
71927	0.002674296619
71928	0.0002316539636
71929	0.0001135290198
71930	0.0002329916207
71931	0.0008451970685
71932	0.001173430916
71933	0.003957400082
71934	0.004027150373
71935	0.003403433532
71936	0.007912755086
71937	0.001774267177
71938	0.005681273737
71939	0.002566334198
71940	0.003307074928
71941	0.001720338314
71942	0.003851198817
71943	0.004052784979
71944	0.003246675753
71945	0.002304978333
71946	0.00439550148
71947	0.00289752477
71948	0.004338943015
71949	0.004168048626
71950	0.004968087757
71951	0.001451320173
71952	1.785094921e-05
71953	0.006579799222
71954	3.866982309e-05
71955	0.003194703394
71956	0.002701887302
71957	0.0002679311801
71958	0.001413771965
71959	0.003922752395
71960	0.002171512695
71961	0.001096829413
71962	0.005240233971
71963	0.00446107444
71964	0.007505911015
71965	0.003463345658
71966	0.000236609479
71967	0.0004281685006
71968	0.002171739357
71969	0.000180777018
71970	0.0007147063771
71971	0.0002133370748
71972	0.004240749601
71973	0.004507537146
71974	0.0009015483408
71975	0.0022145841
71976	0.00140035321
71977	0.0005932624829
71978	0.0004780603904
71979	0.00295623429
71980	0.0005174247
71981	0.001397818284
71982	0.003152816721
71983	0.0008138168394
71984	0.0006595388638
71985	0.005224169671
71986	0.004562644173
71987	0.003981100371
71988	0.001337615997
71989	0.0009002867102
71990	0.001093296345
71991	0.0004652307525
71992	0.006900472374
71993	0.005782511871
71994	0.001292104788
71995	0.0003341288361
71996	0.001437375513
71997	0.003137349031
71998	0.002205992516
71999	0.006044369515
72000	0.0004958944305
72001	0.001280487635
72002	0.003891741908
72003	0.0002174065898
72004	0.006366935868
72005	0.0003575887604
72006	0.0006900537954
72007	0.005025729925
72008	3.155244194e-05
72009	0.0005603985495
72010	0.000429840827
72011	0.0003956191403
72012	0.001196806022
72013	0.0001909947274
72014	0.001464956206
72015	0.001997695339
72016	0.002656757589
72017	0.002011982113
72018	0.001576863807
72019	0.0005194734681
72020	4.536196045e-05
72021	0.0002460361626
72022	0.0008378909061
72023	0.0008642898597
72024	0.0007447852073
72025	0.006536307139
72026	0.001165745795
72027	0.0001179210865
72028	0.002846784911
72029	0.003203621166
72030	0.002695064546
72031	0.002878414239
72032	0.001963015807
72033	0.004203337031
72034	0.0003333009537
72035	0.001214236018
72036	0.0004965285541
72037	0.00309475535
72038	0.0008162037908
72039	0.002143811432
72040	0.0007350061188
72041	0.003324132192
72042	0.001386913404
72043	0.001549784883
72044	0.003588808856
72045	0.00230946398
72046	0.0006266199488
72047	0.001763204752
72048	0.002433820796
72049	0.002756187065
72050	0.005503733653
72051	0.002567435477
72052	0.000625966057
72053	0.0006722310774
72054	0.001939129404
72055	0.00257589919
72056	9.259664001e-05
72057	0.001104321409
72058	0.0003027879501
72059	0.0007254325569
72060	8.512395931e-06
72061	0.0003638457606
72062	0.001800083815
72063	0.004211869352
72064	0.002576570889
72065	0.00127633554
72066	0.0002010751021
72067	0.007779283506
72068	0.0003843236939
72069	0.001318264345
72070	0.001023148416
72071	0.002216802745
72072	0.006384016589
72073	0.002123631115
72074	0.004641458628
72075	0.002606120184
72076	0.00406229
72077	0.002206582698
72078	0.0004474465347
72079	0.0007097457414
72080	0.007089413254
72081	0.002244217869
72082	0.004969097792
72083	0.002755236433
72084	0.002662522306
72085	0.0007586327221
72086	0.0009549200978
72087	0.0007882131185
72088	0.002236008993
72089	0.002626926365
72090	0.004074277728
72091	0.005103478406
72092	0.002268553205
72093	0.0003106910171
72094	0.005255991274
72095	0.006408706697
72096	0.00209836941
72097	0.00463183305
72098	0.007762577285
72099	0.005117249062
72100	0.005183462479
72101	0.002101647864
72102	0.001079649806
72103	0.003380703193
72104	0.003049942426
72105	0.005403504146
72106	0.001446053366
72107	0.001668117863
72108	0.003375153398
72109	0.0002571865843
72110	0.0009396232326
72111	0.002260090327
72112	0.002732049902
72113	0.004094567014
72114	0.0002095643323
72115	0.002109436128
72116	0.0006154419411
72117	0.008666941281
72118	0.002306247559
72119	0.001927739744
72120	0.0003594564057
72121	0.001368017737
72122	0.002078353388
72123	0.001346477731
72124	0.003508680383
72125	0.004795900561
72126	0.002262972492
72127	0.0004047641048
72128	0.001522897593
72129	0.0001295715248
72130	0.003074069854
72131	0.0006252866963
72132	0.00530338444
72133	0.0001953230366
72134	0.00173247662
72135	0.007122189853
72136	0.003913644174
72137	0.004098733369
72138	0.0001579922482
72139	0.00188260724
72140	0.004259095817
72141	2.760858374e-05
72142	0.003102642292
72143	0.004943937672
72144	0.002069754509
72145	0.001020064313
72146	0.003386452572
72147	0.0002019816071
72148	0.0004043107581
72149	0.001455059579
72150	5.771150238e-05
72151	0.001166557383
72152	0.006284004354
72153	1.745795792e-05
72154	0.0004162100205
72155	0.004550763389
72156	0.0001701037355
72157	0.001835678919
72158	0.002397142887
72159	0.004711537862
72160	0.002069379244
72161	0.002728165534
72162	0.000722207242
72163	0.006421867408
72164	0.007316993342
72165	0.001024933022
72166	0.003248226913
72167	0.00785501577
72168	0.002106787496
72169	0.002687569924
72170	0.0005914010059
72171	0.002356471959
72172	4.215581879e-05
72173	0.001066296026
72174	0.003384076003
72175	0.00147299061
72176	0.002593083777
72177	0.004528179198
72178	0.004769241041
72179	0.0008467852658
72180	0.00378393351
72181	0.003191906575
72182	0.00673863282
72183	0.001401800974
72184	0.0003169985569
72185	0.004169203467
72186	0.003297226187
72187	0.006426718041
72188	0.003743834374
72189	0.004120934565
72190	0.00683986582
72191	0.008374395954
72192	0.001979147294
72193	0
72194	0.0008747397435
72195	0.002905361597
72196	0.006204903866
72197	0.001678182594
72198	0.005794118324
72199	0.00390499472
72200	0.00121817935
72201	0.004065312629
72202	0.002226966828
72203	0.00175618848
72204	0.002710781072
72205	0.001391036842
72206	0.003000721851
72207	0.003113269861
72208	0.0002607400439
72209	0.000959118852
72210	0.002462266947
72211	0.0003648949623
72212	0.0007282838235
72213	7.669239821e-05
72214	0.001688461228
72215	0.004117387314
72216	0.0008781940362
72217	0.005902182895
72218	0.002817509812
72219	0.002513399905
72220	0.002562861393
72221	0.002755738284
72222	0.004298967263
72223	0.001600546963
72224	0.003964779852
72225	0.004300019332
72226	0.0005722061901
72227	0.0005071345551
72228	0.0001243806372
72229	0.001643657776
72230	0.004845129493
72231	0.0007189676543
72232	0.0001988372261
72233	0.002011949759
72234	0.002699117915
72235	0.002119279956
72236	0.0007356587242
72237	0.001996094416
72238	0.001048093567
72239	0.005403582458
72240	0.001345487497
72241	0.001828136728
72242	0.002762064061
72243	0.001464655499
72244	0.0005518693816
72245	0.001969118584
72246	0.0003531210848
72247	0.004102963969
72248	0.003482484419
72249	0.005327538142
72250	0.002839729613
72251	0.004004746046
72252	0.0005442401601
72253	0.0008244466534
72254	0.001792221012
72255	0.002418690493
72256	0.0005387325316
72257	0.002472995934
72258	0.003743468101
72259	0.001652413112
72260	0.0007595045663
72261	0.00256416819
72262	0.0006174676901
72263	0.004838678845
72264	0.001378645921
72265	0.00390015889
72266	0.003240447385
72267	0.00259802262
72268	0.002224281821
72269	0.0001573547707
72270	0.003221688062
72271	0.003127204783
72272	0.00145443244
72273	0.006221611794
72274	0.000970738496
72275	2.455030842e-05
72276	0.003469999812
72277	0.004996051724
72278	0.003010337541
72279	0.003115985376
72280	0.006663693558
72281	0.001874147602
72282	0.00165792796
72283	0.0007991349477
72284	0.0004659116607
72285	0.001810652228
72286	0.003302662565
72287	0.001205356975
72288	0.004221432331
72289	0.0005259224303
72290	0.001061529221
72291	0.0008083029081
72292	0.0007578001883
72293	0.001963275509
72294	0.00232315381
72295	0.0005539805746
72296	0.002410450208
72297	0.002515218134
72298	0.003093709224
72299	0.001105632296
72300	0.001157082688
72301	0.003184749744
72302	0.005110111954
72303	0.001281704331
72304	0.002524585894
72305	0.0006478878802
72306	0.007168540448
72307	0.002491602159
72308	0.002961195131
72309	0.002265616939
72310	0.003026993868
72311	0.0005251149593
72312	0.003241761923
72313	0.003164657978
72314	0.0005062128438
72315	0.007947398576
72316	0.0005002033245
72317	0.004023760826
72318	0.001439044691
72319	0.005108148525
72320	0.005102731915
72321	0.001232493965
72322	0.002264354965
72323	0.001702904035
72324	0.0007401102718
72325	0.001941229178
72326	0.0006337021826
72327	0.006519336263
72328	0.00075067464
72329	0.0042685272
72330	0.003115280319
72331	0.001290196781
72332	0.0003893324745
72333	0.001019655668
72334	0.001611426972
72335	0.002843076564
72336	0.001545887548
72337	0.005545035607
72338	0.003837735429
72339	0.0008659171125
72340	0.002874437644
72341	3.236604518e-05
72342	0.005695856951
72343	0.0002478918816
72344	0.005244492655
72345	0.002813052619
72346	0.003198490587
72347	0.002599716517
72348	0.006227138344
72349	0.000519124222
72350	0.001615300585
72351	0.0006519682206
72352	0.00232912572
72353	0.001252822582
72354	0.001709992221
72355	0.001918795542
72356	0.003877268148
72357	0.0007341147839
72358	0.001008418368
72359	0.0002892710913
72360	0.005823094393
72361	0.003724258677
72362	0.0005347135723
72363	0.0026797373
72364	0.001759874913
72365	0.002615598613
72366	0.003504003792
72367	0.001678000156
72368	0.0006439800489
72369	0.001146071151
72370	0.00545816049
72371	0.006178735203
72372	0.001292002057
72373	0.005822724515
72374	0.00268386583
72375	0.006293638566
72376	0.00385385776
72377	0.003773811456
72378	0.002142738355
72379	0.0007053855779
72380	0.0003285378468
72381	0.0007149586865
72382	0.000255030138
72383	0.001752831541
72384	0.007110772766
72385	0.005221142137
72386	0.0001744202427
72387	0.003463446742
72388	0.0001884426076
72389	0.007495787123
72390	0.00827020517
72391	0.003175799456
72392	5.028619356e-05
72393	0.004927998822
72394	0.001903544332
72395	0.002810604051
72396	0.001151129001
72397	0.004012959439
72398	0.0007050670527
72399	0.001189977788
72400	9.439686653e-06
72401	0.002220861717
72402	0.00776415592
72403	0.0003663578879
72404	0.00284783462
72405	0.006250084056
72406	0.001853876708
72407	0.005617846737
72408	0.005506913835
72409	0.0005940281658
72410	0.005737027952
72411	0.003549619624
72412	0.0003604811765
72413	0.00461471399
72414	0.000312042303
72415	0.002233960461
72416	0.0029581699
72417	0.01052069162
72418	0.008065801528
72419	0.0005214437412
72420	0.0003760269167
72421	0.001988147332
72422	0.002823103316
72423	1.606846386e-06
72424	0.0004992660244
72425	0.0004561745077
72426	0.001456974948
72427	0.007131296997
72428	0.004541591938
72429	0.000304053748
72430	0.001498220235
72431	0.002468417353
72432	0.003132890518
72433	0.000724383025
72434	0.003701982376
72435	0.002084745749
72436	0.004668215642
72437	0.0001244377539
72438	0.006407344521
72439	0.0005576706336
72440	0.0001586876767
72441	0.002059862477
72442	0.002394908948
72443	0.001529639494
72444	0.008064368118
72445	0.001911862022
72446	0.0003049640175
72447	0.0009533610848
72448	0.0006398242494
72449	0.001185603505
72450	0.00367629653
72451	0.001539699388
72452	6.994177222e-05
72453	0.000691964202
72454	2.207101842e-05
72455	0.0005424346622
72456	0.0003631600693
72457	0.008313939972
72458	0.001694061489
72459	0.002046991334
72460	0.001344929612
72461	0.001110106451
72462	0.001128257499
72463	0.0005906898701
72464	0.0006168954638
72465	0.003069545702
72466	0.002935607889
72467	0.008795850151
72468	0.002148207802
72469	0.003746948587
72470	0.001447364319
72471	0.004267327073
72472	3.96066533e-05
72473	0.001955149486
72474	0.002987075497
72475	0.0006069471766
72476	0.006844993436
72477	0.007789942452
72478	0.0001563880944
72479	0.001680813537
72480	0.001034444465
72481	0.006004345266
72482	0.005161039502
72483	0.001013098745
72484	0.0002729739168
72485	0.0006301834681
72486	0.0007485911064
72487	0.001282230719
72488	0.002324783316
72489	0.003515080108
72490	0.00144456707
72491	0.0003800227372
72492	0.0003312863154
72493	0.005140643332
72494	0.00178697905
72495	0.0009805794999
72496	0.00421750386
72497	0.002686835456
72498	0.00118424302
72499	0.0002648880326
72500	0.001749571212
72501	0.002989055096
72502	0.001433072885
72503	0.002963650592
72504	0.000341912546
72505	0.001254498934
72506	0.003737370409
72507	0.001399264243
72508	5.202169455e-05
72509	0.0001134418616
72510	0.001461146446
72511	0.002887680191
72512	0.004864761636
72513	0.0009499873163
72514	0.002130877751
72515	0.0003153106283
72516	0.004539086428
72517	0.0009238921265
72518	0.000797450573
72519	0.001047651583
72520	0.0001097567635
72521	0.002827568496
72522	0.00204186826
72523	0.002752873072
72524	0.002382754269
72525	0.0009060815719
72526	0.003080606014
72527	0.002146621551
72528	0.001130955703
72529	0.00159012346
72530	1.500761842e-05
72531	0.0004003823932
72532	0.003263346939
72533	0.001838807438
72534	0.001925147577
72535	0.004567049271
72536	0.001243275604
72537	0.002982386595
72538	0.001331974242
72539	0.004565970319
72540	0.004631817519
72541	0.008104377068
72542	0.001363302616
72543	0.001030763664
72544	0.001281826832
72545	0.001746570398
72546	0.004718089339
72547	0.0006732370705
72548	0.003402034527
72549	0.003172708573
72550	0.001729926502
72551	0.0001669248771
72552	0.0001993718385
72553	0.003225538464
72554	0.005242276937
72555	0.001177293736
72556	0.0005632863736
72557	0.007890606795
72558	0.0003333317727
72559	0.007936729421
72560	0.0014545153
72561	0.002909574729
72562	0.0004893204358
72563	0.003481318996
72564	0.002824166781
72565	0.001384282939
72566	0.0025918396
72567	0.005403513009
72568	0.0006042394539
72569	0.002017940386
72570	0.006828538655
72571	0.0008251014254
72572	0.003699451139
72573	0.005483286281
72574	0.001933487166
72575	0.0004290546408
72576	0.0004038935739
72577	0.001641571171
72578	0.00184830408
72579	0.000749027985
72580	0.001456526044
72581	0.0005942888535
72582	0.001635456577
72583	0.002936771047
72584	0.001849151295
72585	0.0008273346662
72586	0.003992233856
72587	0.0007466620845
72588	0.000576838371
72589	0.002895169715
72590	0.005192007536
72591	0.001510825894
72592	0.002406414803
72593	0.000245315488
72594	0.001744610414
72595	0.004769815473
72596	0.004939351261
72597	0.0007279122788
72598	0.004269125353
72599	0.001891989427
72600	1.861086384e-05
72601	0.002315981685
72602	0.0007372666211
72603	0.0001837962254
72604	0.002470021766
72605	0.004019974921
72606	0.005530787141
72607	0.001219985255
72608	0.003745970558
72609	0.001398416681
72610	0.0003343654416
72611	0.004591133709
72612	0.002059130949
72613	0.002916619276
72614	0.002388396876
72615	0.0003418577016
72616	0.00536185108
72617	0.01037189052
72618	0.0003541787017
72619	0.001524258114
72620	0.002433033814
72621	0.0004217436353
72622	0.00651282082
72623	0.002257308236
72624	3.76605226e-05
72625	0.004539360189
72626	0.001642026935
72627	0.002852575989
72628	0.0001625337536
72629	0.002531181719
72630	0.002287223831
72631	0.00399263399
72632	0.0007254955194
72633	0.00506545259
72634	0.00212414091
72635	0.002429892467
72636	0.001166551797
72637	0.004969827079
72638	0.0001618197116
72639	0.001240606075
72640	0.004654012399
72641	0.00399195296
72642	0.0001475079031
72643	0.0006289594147
72644	0.004288383254
72645	0.002861207941
72646	0.0002516446832
72647	0.004608157307
72648	0.000247834875
72649	0.001648386957
72650	0.003231313766
72651	0.001812041985
72652	0.001167642013
72653	0.003792729222
72654	0.00700238434
72655	0.001805765387
72656	0.0001581770318
72657	0.005621719114
72658	0.006095751727
72659	0.003691828374
72660	0.004448598524
72661	0.0005440627142
72662	0.0015487623
72663	0.002619373555
72664	0.0004530765791
72665	0.00632368082
72666	0.003158924164
72667	0.002084060077
72668	0.00640209597
72669	0.0003695030384
72670	0.000743052521
72671	0.00151828586
72672	0.003165711901
72673	1.90704165e-05
72674	6.913532478e-05
72675	0.00463486793
72676	0.005587776812
72677	7.130280978e-05
72678	0.002615536295
72679	0.0006992778992
72680	5.47089734e-05
72681	0.0002901365132
72682	0.0007054789402
72683	0.01195677321
72684	0.001269210322
72685	0.001466858063
72686	0.0006100097256
72687	0.002984532274
72688	0.0005161138243
72689	0.002907394399
72690	0.006388452054
72691	0.001270766856
72692	0.001243622797
72693	0.009332607555
72694	0.0009394856236
72695	0.005178003875
72696	0.004195926287
72697	0.0005016164946
72698	0.002524610943
72699	0.004381740525
72700	0.001475483406
72701	0.003203922987
72702	0.0006118332601
72703	0.001687853
72704	0.0004939418403
72705	0.000771190128
72706	0.002869827517
72707	0.001006783004
72708	0.0001295873545
72709	0.003805464855
72710	0.002969104071
72711	0.003202065433
72712	0.001389645548
72713	0.0009302633059
72714	0.003040618357
72715	0.00132565714
72716	0.0001692930816
72717	0.003049736368
72718	0.004117049187
72719	0.0003438731716
72720	0.0005259088968
72721	0.003475154815
72722	0.001368065209
72723	0.003794028232
72724	0.003740686628
72725	0.00500877954
72726	0.002130104428
72727	0.004542053392
72728	0.006738992867
72729	0.0001956330748
72730	0.001334235881
72731	0.000189550196
72732	0.0006815835442
72733	0.002205483904
72734	0.0002064581061
72735	0.005804728775
72736	0.0002179236928
72737	0.001079425062
72738	0.002100590612
72739	0.0004146284203
72740	0.0005791924673
72741	0.003450113082
72742	0.001780752763
72743	0.0004325624928
72744	4.122585843e-05
72745	0.001566385556
72746	0.0004872748185
72747	0.001597409658
72748	0.003538420751
72749	0.001030179712
72750	0.00507601329
72751	0.0007400419599
72752	0.0007899685663
72753	0.00190991294
72754	0.002133543763
72755	0.001071278041
72756	0.0002127495931
72757	0.003011009447
72758	0.0002279459462
72759	0.005597746084
72760	0.001384768033
72761	0.003344177527
72762	0.0005807751897
72763	0.004547002663
72764	0.004187244769
72765	3.371485563e-05
72766	0.008497297316
72767	0.002295122443
72768	0.00371916738
72769	0.002944164322
72770	0.001176741569
72771	0.0005314045856
72772	0.005711296476
72773	0.001401638071
72774	0.0007193757251
72775	0.002022633114
72776	0.002058202239
72777	0.001634302722
72778	0.0001460870744
72779	0.0001060350101
72780	0.0005666796971
72781	0.003471227842
72782	0.0002321879622
72783	0.0003308281216
72784	0.002396512814
72785	0.0005167762407
72786	0.002012638099
72787	8.907477065e-05
72788	0.002994390966
72789	0.0009617242629
72790	0.0009057776848
72791	0.003462552153
72792	0.001323256961
72793	0.0004300806667
72794	0.001084937184
72795	0.007991460145
72796	0.003935607311
72797	0.005834861811
72798	0.00137221344
72799	0.001258141044
72800	0.0005914499251
72801	0.004875298294
72802	0.001652861176
72803	0.0003766211154
72804	0.001751140704
72805	0.00416278003
72806	0.0005003153228
72807	0.002687159632
72808	0.00323729726
72809	0.001666730063
72810	0.0007431196315
72811	0.003396666811
72812	0.00202473497
72813	0.002171197453
72814	0.0007218471059
72815	0.0001878945257
72816	0.0005612730331
72817	0.002243103882
72818	0.00240561626
72819	0.003938630628
72820	0.001576645368
72821	0.003949623531
72822	0.005376228758
72823	0.002844393432
72824	0.002611542058
72825	0.006119382896
72826	0.005802212601
72827	0.004677949045
72828	0.0004398343024
72829	0.0001795046738
72830	2.829358656e-05
72831	0.007775831799
72832	0.003161957406
72833	2.073931842e-05
72834	0.0008516845065
72835	0.005342419034
72836	0.001943730992
72837	0.002757260317
72838	0.006141833324
72839	0.006111064469
72840	0.002988266801
72841	0.002453097261
72842	0.0006017933884
72843	0.0009759637566
72844	0.003512099978
72845	0.001481046907
72846	0.001163539487
72847	0.0007757995052
72848	0.0001280566379
72849	0.0005532543889
72850	0.01006600605
72851	0.001625513755
72852	0.001161701309
72853	0.005863107473
72854	0.0007779469644
72855	0.003021803312
72856	0.002767069651
72857	0.00201571463
72858	0.0005653299741
72859	0.0004163145218
72860	0.0005314174793
72861	0.0003658562089
72862	0.001684044097
72863	0.002340819154
72864	0.0003268539359
72865	0.001595161093
72866	0.0004736660729
72867	0.002563111153
72868	8.542334535e-05
72869	0.002490438997
72870	0.003016396614
72871	0.002380087925
72872	0.002865133451
72873	0.001091750945
72874	0.003106878764
72875	0.002879460385
72876	0.001100791933
72877	0.0005235901406
72878	8.912719655e-05
72879	0.0001369569915
72880	0.001680080776
72881	0.001181143484
72882	0.0008622909067
72883	0.004256383869
72884	0.006731942331
72885	0.004305719549
72886	0.003556778211
72887	0.003816721092
72888	0.01342252576
72889	0.002842401518
72890	0.003351113698
72891	0.00280355493
72892	0.001286769376
72893	0.001817920547
72894	0.001895717928
72895	0.00220677083
72896	0.0009892746013
72897	0.002323196024
72898	0.002094120484
72899	0.001784823279
72900	0.001713316811
72901	0.001854468594
72902	0.001794218955
72903	0.00290670997
72904	0.002023275692
72905	0.002073578886
72906	0.001845099587
72907	0.001362815302
72908	0.002179982047
72909	0.002054322126
72910	0.002043070122
72911	0.001639293311
72912	0.00127494502
72913	0.001893736611
72914	0.001566211446
72915	0.00175447042
72916	0.001755811035
72917	0.00179416289
72918	0.00176610046
72919	0.001515368386
72920	0.0006113584165
72921	0.0002615719228
72922	0.0003474772078
72923	0.005238886376
72924	0.0005784720604
72925	0.0003814971665
72926	0.00123691594
72927	0.0001980093173
72928	9.689293752e-07
72929	0.0008972689671
72930	0.0006445271326
72931	0.0001337611517
72932	0.001717203584
72933	0.0007367294241
72934	0.0003369425208
72935	0.0007254353929
72936	0.001353713824
72937	0.003321539625
72938	0.0001162217659
72939	0.008267182719
72940	0.0005119660695
72941	0.005016259874
72942	0.0009094695391
72943	0.001988376405
72944	0.003420403741
72945	0.003355882924
72946	2.2853506e-05
72947	0.0005346237249
72948	0.0002396977634
72949	0.0003273978398
72950	0.0003115551743
72951	0.0003889236135
72952	0.0005822014661
72953	0.0003511296061
72954	0.0003067256478
72955	0.0001061304392
72956	0.0006987786743
72957	0.00043286636
72958	0.0006325665656
72959	0.0006465019706
72960	0.0007485536263
72961	0.002256255189
72962	0.0001256236046
72963	0.0001887778683
72964	0.0004582969042
72965	0.0002374087509
72966	0.001256875831
72967	0.0009000851853
72968	0.001014353108
72969	0.000714671326
72970	1.630742474e-05
72971	0.0001922574238
72972	0.0001369336209
72973	0.00133189352
72974	0.0006066469235
72975	0.001715638046
72976	0.0005269158159
72977	0.0008580912337
72978	0.0004555664722
72979	0.003436695812
72980	0.002809388672
72981	0.001551074746
72982	0.0006420342227
72983	0.002054446354
72984	0.0007182281327
72985	0.0009441700582
72986	0.005989768731
72987	0.001204775434
72988	0.001239957339
72989	0.002386039811
72990	0.005461702466
72991	0.0008411447949
72992	0.0005544614491
72993	0.00524711743
72994	0.0001423514156
72995	0.002083827486
72996	0.004350641457
72997	0.002498349975
72998	0.004158511054
72999	0.003462475935
73000	0.0006194586982
73001	0.0001497694431
73002	0.0004997764795
73003	0.000334428248
73004	0.0006658708014
73005	5.982940228e-05
73006	0.0001404335503
73007	0.0001164395306
73008	3.513714918e-05
73009	0.0005749400373
73010	0.0002166908821
73011	0.001833463753
73012	0.004101960445
73013	0.0004011953719
73014	0.001046730939
73015	0.001184903274
73016	0.002834615993
73017	0.0001925343564
73018	0.0007378293083
73019	0.0004798824184
73020	0.0009885083832
73021	0.004141023168
73022	0.000122499833
73023	0.002284385941
73024	0.0003105138185
73025	0.0001532647248
73026	1.468851929e-05
73027	0.0006171877967
73028	0.0004138074148
73029	0.0001983346036
73030	0.000276069489
73031	0.0001529743469
73032	0.0003715642806
73033	0.0003584579632
73034	0.0007888628173
73035	0.002159871
73036	0.0007821107998
73037	0.001426392687
73038	0.009635836065
73039	0.0003570874537
73040	0.0009558557072
73041	0.0005931822406
73042	0.0003487097155
73043	0.004056771439
73044	0.0008558544724
73045	0.000278466544
73046	0.002063138064
73047	0.002163421948
73048	0.003172264465
73049	0.0003296826778
73050	0.001431111727
73051	0.0009729427412
73052	0.00445925993
73053	0.000250837851
73054	0.001712274964
73055	0.004202742744
73056	0.0007654378756
73057	0.00135968831
73058	0.0008179026139
73059	0.003221486934
73060	0.002395948847
73061	0.003879728732
73062	0.001189033015
73063	0.001792821128
73064	0.004007663619
73065	0.0005730627276
73066	4.776278083e-05
73067	0.002285577974
73068	0.0006878790889
73069	0.003945416154
73070	0.000381026597
73071	0.002051432319
73072	0.004749233507
73073	0.001025632268
73074	3.777221883e-05
73075	0.003326604638
73076	0.0003833776616
73077	0.001423830022
73078	0.007743262106
73079	0.001480216709
73080	0.00143842672
73081	0.001458012939
73082	0.0004420311717
73083	0.001971166491
73084	0.000184647054
73085	0.001479919419
73086	0.001288393919
73087	8.182536408e-05
73088	0.002158028256
73089	0.004281866999
73090	0.003344879739
73091	0.002356636096
73092	0.0003362096813
73093	0.002666487734
73094	0.002417889227
73095	0.002194163845
73096	0.01019460009
73097	0.002975843628
73098	0.004696086518
73099	0.001039856574
73100	0.0001445261702
73101	0.003092316331
73102	0.001389119535
73103	3.198352406e-05
73104	0.003249645499
73105	0.0007632365385
73106	0.003826662002
73107	0.002913181218
73108	0.001704142301
73109	0.002822729527
73110	2.006222037e-05
73111	0.004042667596
73112	0.005606379727
73113	0.001095255059
73114	0.002002962254
73115	0.005378698096
73116	0.002567844535
73117	0.002348682015
73118	0.001344016234
73119	0.00212367587
73120	0.003359692577
73121	0.00448414379
73122	0.001667533727
73123	0.001325585181
73124	0.005194259918
73125	0.005425016881
73126	0.001109022349
73127	0.007815080782
73128	0.0005383600682
73129	0.005115339488
73130	0.00297732994
73131	0.008280376168
73132	0.002117396076
73133	0.002376452404
73134	0.005693033542
73135	0.0007010490103
73136	0.001213402043
73137	0.003790876679
73138	0.0002011875029
73139	0.001749581443
73140	0.0002273309498
73141	0.0008310734761
73142	0.000526628332
73143	0.003054514222
73144	1.671027286e-05
73145	0.0002288769272
73146	0.00453793898
73147	0.0001299500194
73148	0.0003452962813
73149	0.007153721318
73150	0.001392377295
73151	0.002121188094
73152	0.002944247087
73153	0.002257300906
73154	0.001391345551
73155	0.0005007044741
73156	0.000260553555
73157	0.0008310031631
73158	0.0001179440343
73159	0.01030541604
73160	0.00198571386
73161	0.0002612458591
73162	0.0006652346827
73163	0.006141080179
73164	0.003195703344
73165	0.005227105492
73166	0.002393446804
73167	0.005046007242
73168	0.006714041436
73169	0.0001540213637
73170	0.004951030472
73171	0.003295237851
73172	0.003179667873
73173	0.002296890439
73174	0.0006973400764
73175	0.004526762411
73176	0.0003402629213
73177	0.0001029502733
73178	0.002558658023
73179	0.0004680117058
73180	0.0001959794499
73181	0.001907447221
73182	0.005013947409
73183	0.0001630330006
73184	0.001189207667
73185	0.0008788223487
73186	0.001434266245
73187	5.858640044e-05
73188	0.0002731511987
73189	0.0006921280779
73190	0.0001119913566
73191	0.0003258807306
73192	0.0007272605723
73193	0.001503482092
73194	0.003022677587
73195	0.00161782182
73196	0.0004747071359
73197	0.0002065104754
73198	4.900264675e-05
73199	0.0003630428708
73200	0.0002053200916
73201	0.0006112244895
73202	0.0005543905007
73203	0.0004443156349
73204	4.739243336e-05
73205	0.0003012584457
73206	0.0003534312948
73207	0.000260974155
73208	0.0002388886408
73209	0.0007494479856
73210	0.0002983513189
73211	0.0007183903153
73212	3.032090791e-05
73213	0.0004614442344
73214	0.001403423282
73215	0.005781410894
73216	0.002718626241
73217	0.0008952738063
73218	0.003365784855
73219	0.0008359205547
73220	0.001940386429
73221	0.0004767164807
73222	0.0009669311451
73223	0.000175494088
73224	0.0006904252668
73225	1.596859269e-05
73226	0.0003001018148
73227	0.0005647811415
73228	0.005467996088
73229	0.002117589631
73230	0.000440497838
73231	0.0003108043376
73232	0.0001267559786
73233	0.001271960549
73234	0.004829978935
73235	0.002201624106
73236	0.005337715785
73237	0.0009438681629
73238	0.0003836660665
73239	0.000202805522
73240	0.002217147128
73241	0.002523062169
73242	0.002130267586
73243	0.0002808792743
73244	0.001625243696
73245	0.001068010177
73246	0.0001490415603
73247	0.0003707677462
73248	0.0002410122461
73249	0.002386782737
73250	0.004431139173
73251	0.0001503351975
73252	0.000664874879
73253	0.0001239084164
73254	0.001459689314
73255	0.002449141561
73256	0.003143665886
73257	0.0009094497016
73258	0.003104828516
73259	0.002202990017
73260	0.00275946332
73261	0.001550132432
73262	0.004614328156
73263	0.003689487278
73264	0.002640575023
73265	0.00185060903
73266	0.003372998761
73267	0.001460520435
73268	0.002114183545
73269	0.0004931109509
73270	0.0003778379559
73271	0.001671841657
73272	0.004163840659
73273	0.004961431054
73274	0.001017474995
73275	0.003736979776
73276	0.003616272679
73277	0.0008858656913
73278	0.0005741608738
73279	0.0006193904347
73280	0.003991406961
73281	0.000341761555
73282	0.005987230224
73283	0.003037589413
73284	0.0006421698799
73285	0.0006660873275
73286	0.0007228809226
73287	0.005449596912
73288	0.0009158169104
73289	0.001082204483
73290	0.001733263179
73291	0.0004461289055
73292	0.0009038281912
73293	0.00213361748
73294	0.002472092687
73295	0.001475305832
73296	0.003916477672
73297	0.00226539708
73298	0.003856618673
73299	0.00234879216
73300	8.496877812e-05
73301	0.005888314509
73302	0.002029731843
73303	0.004279612615
73304	0.0003768008012
73305	0.0002622122484
73306	0.003561612711
73307	0.007621517115
73308	0.001620663316
73309	0.004433930632
73310	0.005434308643
73311	0.0001583764177
73312	0.0001863121809
73313	0.002499279862
73314	0.001854828018
73315	0.001008768014
73316	0.000874243064
73317	0.004737349116
73318	0.002154443643
73319	0.0004515162384
73320	0.004239325547
73321	0.00188226884
73322	0.004699932288
73323	0.000537944937
73324	0.00543839089
73325	0.003833120817
73326	0.002324094017
73327	0.0004106538732
73328	0.002074337917
73329	0.002911682052
73330	0.0002602534499
73331	0.001365235333
73332	0.003576226375
73333	0.001327949777
73334	0.0009448044852
73335	0.001182807329
73336	0.00527534526
73337	0.0004830799143
73338	0.004172513029
73339	0.004728297724
73340	0.003808584035
73341	0.003722683121
73342	0.002741026861
73343	0.00205696179
73344	0.001933939816
73345	0.002419562297
73346	0.004411528347
73347	0.004022535611
73348	0.001877956304
73349	0.0007843203932
73350	0.001819399746
73351	0.00347650719
73352	0.003088536631
73353	0.001438162763
73354	0.001891672707
73355	0.0006167350024
73356	0.001266580649
73357	0.0002554012128
73358	0.001145471003
73359	0.0001364406484
73360	0.0003864287167
73361	0.001649316746
73362	0.0007005302396
73363	0.00104125636
73364	0.001817268303
73365	0.0003680811726
73366	0.00154397069
73367	0.006697162451
73368	0.001809742436
73369	0.002524777713
73370	0.0007363906966
73371	0.001389859148
73372	0.001277092387
73373	0.004262032852
73374	0.001667428828
73375	0.003253746936
73376	0.001585611603
73377	2.236190256e-05
73378	0.001076583263
73379	0.001883990015
73380	0.004089343947
73381	0.004513623608
73382	0.001201349666
73383	0.0005859672751
73384	6.718865025e-05
73385	0.001497109931
73386	0.001429821912
73387	0.001208669286
73388	0.00111968127
73389	0.000311534207
73390	0.001565057154
73391	0.0009991028092
73392	0.0005226931432
73393	0.001268024744
73394	0.0001182656358
73395	0.0004239921632
73396	0.001249997489
73397	0.0008997286591
73398	0.001327140076
73399	0.003880524069
73400	0.001252117094
73401	1.247980536e-05
73402	0.0005474684256
73403	0.004059430542
73404	0.002795293
73405	0.0008094890176
73406	0.001317876418
73407	0.0007893129147
73408	0.0008871042024
73409	0.0001727022888
73410	0.0003159105608
73411	0.0003577882275
73412	0.002866688631
73413	0.001647048632
73414	0.002606567323
73415	0.002359213337
73416	0.002271239506
73417	0.0025867662
73418	0.001909504629
73419	0.0004697579718
73420	0.0001475769427
73421	0.002811940151
73422	0.0007702384744
73423	0.001042102189
73424	0.001097955503
73425	0.0008677707924
73426	0.0004529146844
73427	0.001886767392
73428	0.000188776059
73429	0.000360182957
73430	0.0003972435089
73431	0.0006119124055
73432	0.0001585015416
73433	0.002212796556
73434	0.0009667275876
73435	0.002897459003
73436	0.0006698604055
73437	0.0005711471513
73438	0.002859976607
73439	0.001098414785
73440	0.0001535933117
73441	0.001246799429
73442	0.00321862451
73443	0.004668172646
73444	0.003434443828
73445	0.0001741971047
73446	0.002261177368
73447	0.0007249354734
73448	0.003125868042
73449	0.0009479823768
73450	0.001591053052
73451	0.0002942156269
73452	0.000257959044
73453	0.002355799996
73454	0.004437471316
73455	6.64516837e-05
73456	3.352404222e-05
73457	0.003138685255
73458	0.0004627076818
73459	0.001880170105
73460	0.003446176238
73461	0.004961398259
73462	0.001666675953
73463	0.0009892578805
73464	0.0006843431891
73465	0.0003103551639
73466	0.004123725594
73467	0.0008194372704
73468	0.0003138855407
73469	0.0002023096439
73470	0.001439706151
73471	0.0001689068294
73472	0.000200374928
73473	0.0002278678638
73474	0.002614776119
73475	0.0003465548562
73476	0.005320249418
73477	0.004009471042
73478	0.001494289202
73479	0.0009544409275
73480	0.001481614244
73481	0.0005410186116
73482	0.006465834922
73483	0.001553546094
73484	0.001387920253
73485	0.0007516079711
73486	0.001999372718
73487	0.001172592505
73488	0.003520250799
73489	0.001487094586
73490	0.004983696713
73491	0.001897390471
73492	0.002600552799
73493	0.0004222374614
73494	0.000502542085
73495	0.0001937430143
73496	0.003271469081
73497	3.929259246e-05
73498	0.001526086521
73499	7.646288006e-05
73500	0.003631971061
73501	0.0006852841462
73502	0.0003775311366
73503	0.0004408500272
73504	0.0006230989177
73505	0.0008203431292
73506	0.001322766288
73507	0.005913594584
73508	0.001556828431
73509	0.004197758115
73510	0.0003896392463
73511	0.0003662479234
73512	1.729687565e-05
73513	0.0004988922859
73514	0.001745819703
73515	0.001918383814
73516	0.001518547948
73517	0.0001976928824
73518	0.001899180147
73519	0.0007127306583
73520	0.0003827316481
73521	0.001383508584
73522	0.006720583118
73523	0.0005988955071
73524	1.125806303e-05
73525	0.001584535326
73526	0.002659958104
73527	0.002665955848
73528	3.956698274e-05
73529	0.003304342732
73530	4.261626094e-05
73531	0.001585255228
73532	0.002585529029
73533	0.001250232205
73534	0.0001468794674
73535	0.002155047111
73536	0.0009176964343
73537	0.003841120095
73538	0.002376503817
73539	0.000652900052
73540	0.001375320164
73541	0.001466900987
73542	0.0006940791672
73543	0.003266842806
73544	0.003565791133
73545	0.001609571339
73546	0.004098060707
73547	0.001535020629
73548	0.001834561553
73549	0.002556043849
73550	0.001628965402
73551	0.001941237583
73552	0.004167746005
73553	0.0009733931396
73554	0.006978050334
73555	0.003536909625
73556	0.001559421315
73557	0.002789169592
73558	0.003623620343
73559	0.00326619369
73560	0.00747014455
73561	0.0007675197447
73562	0.0010584577
73563	0.003782876819
73564	0.0004677412626
73565	0.002587684038
73566	0.008751950702
73567	0.001213726756
73568	0.006767624295
73569	0.0009618202199
73570	0.005187606993
73571	0.001057908689
73572	0.01108180626
73573	0.002379180109
73574	0.00511754185
73575	0.004734525742
73576	0.005518887235
73577	0.0007653519381
73578	0.001886291483
73579	0.0002302807129
73580	0.006802247986
73581	0.004430588433
73582	0.006733375817
73583	0.0001564129229
73584	0.001218841227
73585	0.002904475201
73586	0.003506227787
73587	0.002733984389
73588	0.003701777921
73589	0.0001650415867
73590	0.00368759816
73591	0.0006701592516
73592	0.0005581674495
73593	0.00306517261
73594	0.002578484668
73595	0.004538389962
73596	0.007612568755
73597	0.001426812576
73598	1.65570565e-05
73599	0.002965227622
73600	0.003200406515
73601	0.003578789744
73602	0.004094575961
73603	0.0009367109566
73604	0.00160896557
73605	0.001808051546
73606	0.0001775672723
73607	0.000512360916
73608	0.0002835707792
73609	0.002821097627
73610	0.001936541669
73611	0.0006062932986
73612	0.001859652098
73613	0.001415477856
73614	0.0009264335803
73615	0.001533130509
73616	0.002801460625
73617	0.0005603457272
73618	0.00518184187
73619	0.0008656698871
73620	0.003455382843
73621	0.002114457729
73622	0.0001844556259
73623	0.0050258102
73624	0.00127985674
73625	0.001067296262
73626	0.003921341855
73627	0.00167700779
73628	0.002015214522
73629	0.0005582927365
73630	0.002493108541
73631	0.005183983922
73632	0.001372104716
73633	0.0008154363706
73634	0.002770813358
73635	0.002176760546
73636	0.0008363183817
73637	0.0002930060965
73638	0.002076312091
73639	0.003212927121
73640	0.003697546232
73641	0.0008658890502
73642	0.001197346181
73643	0.001592327381
73644	0.002869662746
73645	0.001760514361
73646	0.003160225789
73647	0.0007427004021
73648	0.002448138527
73649	0.0006914791096
73650	0.0009269204708
73651	0.00335655772
73652	4.252233654e-05
73653	0.0003870111334
73654	0.000686867256
73655	0.0006145403708
73656	0.001614173482
73657	0.001873346008
73658	0.0044826073
73659	0.0009497979988
73660	0.0009810392286
73661	0.0002861729584
73662	0.00413466916
73663	0.0002755282209
73664	0.001474280909
73665	0.001760144117
73666	0.00499023914
73667	0.001398627548
73668	0.003286347481
73669	0.0001270834771
73670	0.00248387311
73671	8.523896717e-05
73672	0.001263063096
73673	0.001424985507
73674	0.003805258289
73675	0.003361322476
73676	0.0006572531261
73677	0.003546357148
73678	0.0002606970885
73679	0.00281552574
73680	0.0005259782987
73681	0.0003342624576
73682	0.0001658192341
73683	0.001250184338
73684	0.001052598905
73685	0.0001689095802
73686	0.004587102184
73687	0.002165990713
73688	0.00147273083
73689	0.00729481703
73690	0.002182242851
73691	0.004282864862
73692	0.004449690599
73693	0.001973167172
73694	0.000369724506
73695	0.0002904872154
73696	0.001731725482
73697	0.000782713217
73698	0.0008286520838
73699	0.0002108664336
73700	0.001906273706
73701	6.1852425e-05
73702	0.00326206433
73703	0.0008953336671
73704	0.001407164589
73705	0.001087342592
73706	0.001751382685
73707	0.002572111684
73708	0.0007954620789
73709	4.107257391e-05
73710	0.0006459439495
73711	0.004572618068
73712	0.002340748358
73713	0.002168175668
73714	9.088949313e-05
73715	0.002852320927
73716	0.002149196615
73717	0.0009577449138
73718	0.0002546503853
73719	0.003844934074
73720	0.003207215783
73721	0.001308787015
73722	0.00183547617
73723	0.0002590395694
73724	0.006683997515
73725	0.0005655681534
73726	0.0003619352269
73727	0.006868915945
73728	0.001306150035
73729	0.0007783565621
73730	0.001129743933
73731	3.775435688e-05
73732	0.0009581577666
73733	0.001178490007
73734	0.001644674668
73735	0.001195915291
73736	0.002483594487
73737	0.00126955841
73738	0.0003860155878
73739	0.002399912318
73740	0.002384031672
73741	0.0008925619106
73742	0.01019173111
73743	0.002940147465
73744	0.003254328524
73745	0.003901842731
73746	0.007288793027
73747	0.004913038535
73748	0.003440578338
73749	0.0006442245647
73750	0.0001068595899
73751	0.000946834169
73752	0.0004034799596
73753	0.0004653146036
73754	0.001910269813
73755	0.0002423346227
73756	0.002808398443
73757	0.003128236209
73758	0.009655985703
73759	0.0001202791316
73760	0.001064848054
73761	0.0009681761362
73762	0.00195033853
73763	0.0003196841303
73764	0.0003989978801
73765	0.00010107571
73766	0.00213031678
73767	0.001937473326
73768	0.002077318116
73769	0.0007880650838
73770	0.002048089283
73771	8.315038416e-05
73772	0.005266844738
73773	0.007065183695
73774	0.001131550827
73775	0.001152908883
73776	0.0008205568898
73777	0.003409289498
73778	0.00285923198
73779	0.0008700584731
73780	0.000582609357
73781	0.0002833426588
73782	0.003110505066
73783	0.00370816391
73784	0.001108296104
73785	0.003128591378
73786	0.004133318497
73787	0.001842136695
73788	0.001948365792
73789	0.008830268345
73790	0.000710742586
73791	0.004577321046
73792	0.001824658703
73793	0.001433846959
73794	0.001488317314
73795	0.0010582322
73796	0.001744154888
73797	0.003329935858
73798	0.001306074341
73799	0.001753039025
73800	0.00239390836
73801	0.003270964957
73802	0.00231899293
73803	0.0008294151297
73804	0.001584343413
73805	0.00476582453
73806	0.0002955601193
73807	0.003281057067
73808	0.001471536409
73809	0.0003750418726
73810	0.002249321745
73811	0.0009404184835
73812	0.0005266759875
73813	0.0001893898065
73814	0.001387315601
73815	0.002178606853
73816	0.0003310674942
73817	0.001186444988
73818	0.0007412238889
73819	0.004176739781
73820	0.0009006275331
73821	0.002263072399
73822	0.002385764748
73823	0.001288219526
73824	0.0005050369938
73825	0.001211792575
73826	0.002194014852
73827	8.36723832e-05
73828	0.004214546119
73829	0.003006883087
73830	0.005027797633
73831	0.0006770673376
73832	0.0006219970735
73833	0.001965033561
73834	0.001832443927
73835	0.002129515356
73836	0.001410358901
73837	0.001960080491
73838	0.002676629567
73839	0.0009496526799
73840	0.004574577214
73841	0.0009814468442
73842	0.003292158392
73843	0.0003903087167
73844	0.0006393967913
73845	9.670463795e-05
73846	0.0003913252803
73847	0.0006467059764
73848	0.00245870938
73849	0.001710044085
73850	0.0001382992714
73851	0.0003918987525
73852	0.0006285437903
73853	0.001440719537
73854	0.0008404108317
73855	0.001283138879
73856	0.0007234881399
73857	0.003363401771
73858	0.005226754857
73859	0.0003682493163
73860	0.0001001182347
73861	0.001703858599
73862	0.001941615998
73863	0.002706133743
73864	0.0008460084117
73865	0.002883572313
73866	0.005987534901
73867	0.001703991846
73868	0.005227022852
73869	0.001452093735
73870	0.0005423383857
73871	0.0009527518327
73872	0.0003884780712
73873	0.0005594981182
73874	0.0003182715548
73875	0.001202145498
73876	0.006654623153
73877	0.00125230935
73878	0.001781297775
73879	0.003716182734
73880	0.003860603465
73881	0.002202433801
73882	0.001127482451
73883	0.001016952631
73884	0.002201399009
73885	0.004988210985
73886	0.000174417426
73887	0.001455966341
73888	0.0009882401588
73889	0.005735819528
73890	0.0002220530527
73891	0.002490439534
73892	0.002506057361
73893	0.001018009811
73894	0.002714901194
73895	0.003721100433
73896	0.0004750788584
73897	0.0005486411356
73898	0.001260791738
73899	0.00722029224
73900	0.001317633503
73901	0.0004428576318
73902	0.003908141814
73903	0.0004436909373
73904	0.0009881864858
73905	0.0001393782058
73906	0.0009900309676
73907	0.01388273058
73908	0.001414403862
73909	0.0005019838213
73910	0.002723950575
73911	0.004448762523
73912	0.005692451182
73913	0.0001148136971
73914	0.004288867349
73915	0.001315795097
73916	0.002987974916
73917	0.001053038967
73918	0.001014940793
73919	0.003365503469
73920	0.0004653625454
73921	0.0008860146151
73922	0.002011289969
73923	0.0003321544614
73924	0.001718729422
73925	0.007705288029
73926	0.004195078405
73927	0.0005041964895
73928	0.0002164346546
73929	0.003141550664
73930	0.003680180022
73931	0.0006099843916
73932	0.0003061365492
73933	0.003320096076
73934	0.0008438128358
73935	0.003291634847
73936	0.001930132336
73937	0.001057715612
73938	0.0001236584628
73939	0.002571539438
73940	0.0005035482254
73941	5.078046068e-05
73942	0.0004831121796
73943	0.004544997676
73944	0.0006164837343
73945	0.00209966942
73946	0.001390276062
73947	0.0003064299913
73948	0.0001768940989
73949	0.003170532476
73950	0.001626326689
73951	0.0005267473359
73952	0.001169568894
73953	0.001082602153
73954	0.001740556582
73955	0.002755166886
73956	0.005073462176
73957	0.002016571722
73958	0.001449308018
73959	0.003603587982
73960	0.001132452196
73961	0.006669706187
73962	0.004466045401
73963	0.00123802383
73964	0.003738463986
73965	0.002345949939
73966	0.005159742964
73967	0.003271434296
73968	0.0004157661278
73969	6.369620655e-06
73970	0.0003712460515
73971	0.00196832935
73972	0.005650810169
73973	0.004089558588
73974	0.005586762019
73975	0.001713602563
73976	0.007275605747
73977	0.00182420905
73978	0.001262051285
73979	0.006225375869
73980	0.007500837907
73981	0.006495866087
73982	0.007315191498
73983	0.007301233087
73984	0.006814045566
73985	0.0009992541631
73986	0.001080092511
73987	0.002252326982
73988	0.001463382545
73989	0.0002047295244
73990	0.00472365371
73991	0.001234089547
73992	0.003724796996
73993	0.0003701975372
73994	0.004181585015
73995	2.395795199e-05
73996	0.0005504956988
73997	0.000650177457
73998	0.002909029706
73999	0.005457243782
74000	0.001518032683
74001	0.004984661351
74002	0.004510061344
74003	0.01002297653
74004	0.0002608567887
74005	0.003360863703
74006	0.003093667483
74007	0.003920274451
74008	0.001784282778
74009	0.001681723571
74010	0.002565632065
74011	0.003489207169
74012	0.003381546112
74013	0.002632002362
74014	0.004642196274
74015	0.002074891647
74016	0.002091256915
74017	0.00125120688
74018	0.002087674624
74019	0.001502300681
74020	0.001977224875
74021	0.007424861654
74022	0.005641170024
74023	0.004698855615
74024	0.0004103153089
74025	0.0009083670648
74026	0.0009361413465
74027	0.002920748345
74028	7.302467824e-05
74029	0.00140276238
74030	0.002750270297
74031	0.0007040309441
74032	0.001020920058
74033	0.00163665953
74034	0.0002797502649
74035	0.006567386353
74036	0.003685363031
74037	8.23293672e-05
74038	0.0008997066234
74039	0.00212933534
74040	0.003178337988
74041	0.00179202285
74042	0.001292639047
74043	0.00129924731
74044	0.002874403606
74045	0.0007929148569
74046	0.001511233303
74047	0.0009140347108
74048	0.001801419617
74049	0.003645036013
74050	0.001474502003
74051	8.811745059e-05
74052	0.0004661549251
74053	0.002747415507
74054	0.001466610584
74055	0.007472343875
74056	0.00432425215
74057	0.003440970398
74058	0.0001635485046
74059	0.001035421446
74060	0.004444006352
74061	0.0004340291564
74062	0.004167442219
74063	0.001411441213
74064	0.002321512186
74065	0.005241682937
74066	8.392548109e-05
74067	0.003426116555
74068	0.006313720634
74069	8.296659526e-05
74070	0.005229128282
74071	6.632382427e-05
74072	0.0004200421761
74073	0.0007142881588
74074	0.0009607880841
74075	0.0007870324863
74076	0.001217658667
74077	0.001621372476
74078	0.000187479962
74079	0.001549028643
74080	0.00193314759
74081	0.0001914173428
74082	0.0005263880168
74083	0.0001194769022
74084	0.00053994192
74085	0.0003525737124
74086	0.001502045134
74087	0.001034785452
74088	0.0009678885182
74089	0.003815290725
74090	0.00115365884
74091	0.001006994973
74092	0.0004466176647
74093	5.906411776e-05
74094	0.0004386822064
74095	0.001054479819
74096	0.006568101296
74097	0.002479153994
74098	0.003767878331
74099	0.002019055227
74100	0.0004476532843
74101	0.002822953071
74102	9.342458172e-06
74103	0.00180945845
74104	6.385522084e-05
74105	0.003506374237
74106	0.003300951785
74107	0.0004088644385
74108	0.002832273533
74109	0.0007650281193
74110	5.24902911e-05
74111	0.00272174076
74112	0.001722435546
74113	0.0002158860713
74114	0.002388211238
74115	0.0042553582
74116	0.003189220011
74117	0.00322675664
74118	0.00651850913
74119	0.003100390583
74120	0.00210418897
74121	0.000603956626
74122	0.0004696430719
74123	0.001950538545
74124	0.0005192773426
74125	0.001960229985
74126	0.0004634569322
74127	0.001981504528
74128	0.0005759984811
74129	0.002450424369
74130	0.0005661660178
74131	0.0007007741019
74132	0.004762856178
74133	0.0009575786086
74134	0.005946421957
74135	7.456253668e-05
74136	0.001437268653
74137	0.002487425591
74138	0.003150703904
74139	1.892495936e-05
74140	0.0003031232677
74141	0.002848483671
74142	0.0003838249119
74143	0.002699623955
74144	5.437645779e-05
74145	0.002948510093
74146	0.004237450195
74147	0.002978289746
74148	0.000958460171
74149	0.0002376550656
74150	0.00036378804
74151	0.005065787973
74152	0.003289741091
74153	0.002302616759
74154	0.004861070447
74155	0.0006460335241
74156	0.001185232584
74157	0.004502333278
74158	0.005915116314
74159	0.000722840474
74160	0.001835716302
74161	0.0005920260549
74162	0.0004854924614
74163	0.003230621256
74164	0.000125441442
74165	0.001759526963
74166	0.001724181141
74167	0.0001477148394
74168	0.0009519984708
74169	0.001384872076
74170	0.0004724646156
74171	0.00189360927
74172	0.002040014888
74173	0.0009316369035
74174	0.001004561129
74175	0.004124159102
74176	0.003341225535
74177	0.002119886192
74178	0.005682049599
74179	0.0006410216851
74180	0.0006319253413
74181	0.003522074682
74182	0.00214497979
74183	0.0005619272945
74184	0.002026909145
74185	0.0009772386819
74186	0.003816737039
74187	0.0005441975139
74188	0.008906315386
74189	0.004332614641
74190	0.0003297112374
74191	0.002564948721
74192	0.0005230881696
74193	0.0008849751934
74194	0.001734141787
74195	0.008417478155
74196	0.002290567786
74197	0.0007867348584
74198	0.003294619607
74199	0.001214258789
74200	0.001730161468
74201	0.004326102852
74202	0.003284415926
74203	0.003410573796
74204	0.001076744897
74205	0.00274507284
74206	0.002881224707
74207	0.001821727864
74208	0.007006069117
74209	0.006398888559
74210	0.0001448817484
74211	0.001357549413
74212	0.00252213702
74213	0.0002749971969
74214	0.0004442113115
74215	0.0001916840345
74216	0.002396888651
74217	0.0007998527739
74218	0.001665007311
74219	0.001362160227
74220	0.001727529495
74221	0.001836191066
74222	0.005236823365
74223	0.002219400395
74224	0.003154052837
74225	4.06869092e-05
74226	0.002428636765
74227	0.0001181831705
74228	8.453986474e-05
74229	0.0001050096872
74230	0.0007176807146
74231	0.006391552979
74232	0.002392499846
74233	0.001447419702
74234	0.002233195929
74235	0.001464141544
74236	0.003935897568
74237	0.003470828505
74238	0.002802948859
74239	0.001653580652
74240	0.001850618871
74241	0.001617149688
74242	0.00287427257
74243	0.002427748782
74244	0.004556973826
74245	0.002338251379
74246	0.003661926532
74247	0.005064038044
74248	0.0002564714029
74249	0.002946375554
74250	0.0008680278923
74251	0.007964289937
74252	0.003409601891
74253	0.00119429132
74254	0.005663962133
74255	0.003412334475
74256	0.002698464525
74257	0.004508571654
74258	0.007030362809
74259	0.006275418636
74260	0.007083100888
74261	0.00316782614
74262	0.007614946391
74263	0.004154222746
74264	0.004686250957
74265	0.001340959576
74266	0.0001386687883
74267	0.005338360736
74268	0.0003691339255
74269	0.0008609921756
74270	0.001151478817
74271	0.001728685935
74272	0.002424282211
74273	0.002953600963
74274	0.001306488337
74275	0.0008996085275
74276	0.001493674781
74277	0.002051876721
74278	9.622175388e-05
74279	0.0004612618893
74280	0.002066186844
74281	0.005782559929
74282	0.002518284247
74283	0.001015764103
74284	0.003257538718
74285	0.002244081417
74286	0.0004067391463
74287	0.00193212342
74288	0.002750130549
74289	0.0005571695084
74290	0.0001834110343
74291	0.006777292805
74292	0.0009824254996
74293	0.005332268076
74294	0.001267169557
74295	0.001858506781
74296	0.001674071179
74297	0.003793149751
74298	0.003030648333
74299	0.008074203571
74300	0.002827113844
74301	0.001815752631
74302	0.004249690662
74303	0.00142577758
74304	0.001043153788
74305	0.003539719055
74306	2.396635979e-05
74307	0.005447696529
74308	0.00230757235
74309	0.001602064264
74310	0.000293051326
74311	0.001493431004
74312	0.002514749553
74313	0.004386027745
74314	0.004345239652
74315	0.006063901506
74316	0.001288745862
74317	0.001869611459
74318	0.004674348347
74319	0.00410138057
74320	0.002249995184
74321	0.0005644334881
74322	0.002248202052
74323	0.0002796949627
74324	0.000858848641
74325	0.003110110987
74326	0.001224449214
74327	0.0007002953065
74328	0.002379343425
74329	0.003563700518
74330	0.0003434915225
74331	0.00267772631
74332	0.002217374521
74333	0.00166119287
74334	0.0002044931569
74335	0.00274369804
74336	0.007486011249
74337	0.0005964299238
74338	0.002140186344
74339	0.0008154260931
74340	0.0003143097591
74341	0.001477826077
74342	0.0036381656
74343	0.0008434405044
74344	0.00280493782
74345	0.000471970266
74346	0.0007891466037
74347	0.002663397163
74348	0.004730033773
74349	0.0004774910493
74350	0.00126606432
74351	0.003624592973
74352	0.00168993967
74353	0.002478248052
74354	0.003199912799
74355	0.001783032595
74356	0.001246028478
74357	0.0008051805887
74358	0.002940915796
74359	0.002796353451
74360	0.0007576869373
74361	0.004579755556
74362	7.397661304e-05
74363	0.00135140773
74364	0.0005182209379
74365	0.0006383292084
74366	0.001207557504
74367	0.003920685336
74368	0.002547425854
74369	0.001853263559
74370	0.001765703416
74371	0.0003485984953
74372	0.0004539847148
74373	0.004178988643
74374	0.004648897677
74375	0.0006470041099
74376	0.001290317411
74377	0.002348938165
74378	0.003350035691
74379	0.0007577953384
74380	0.0002911027958
74381	0.005633028306
74382	0.001948908789
74383	0.001770910023
74384	0.0009747407362
74385	0.001762453042
74386	0.002512780127
74387	0.0005688011198
74388	0.001987514905
74389	0.001323066771
74390	0.0002139430292
74391	0.00034519051
74392	0.0001315216073
74393	0.0006885646798
74394	0.0004336940725
74395	0.0006749157337
74396	0.0002939950379
74397	0.001515719829
74398	0.00240155088
74399	0.0002221183394
74400	0.0001457270589
74401	0.005700140384
74402	0.004707116322
74403	0.0001881951856
74404	0.0006003723436
74405	0.001989983812
74406	0.001475718816
74407	0.0003837867377
74408	0.0006270494841
74409	0.00256624223
74410	0.001935948787
74411	0.00343404612
74412	0.0003829292315
74413	0.001139191908
74414	0.001362905576
74415	0.0005111719739
74416	0.0004282124695
74417	0.002320955136
74418	0.001209839846
74419	0.004269279079
74420	0.001030511379
74421	0.000593448543
74422	0.003070588178
74423	0.00499636581
74424	0.003099975629
74425	0.002664090381
74426	0.002499855164
74427	0.002300992873
74428	0.0001924350397
74429	0.001327453543
74430	0.001928840406
74431	0.004320266391
74432	0.001020399878
74433	0.0005572811522
74434	0.0007230679335
74435	0.001190280151
74436	0.0001338394776
74437	2.664577637e-05
74438	0.002585644618
74439	0.0007489424525
74440	0.002362411295
74441	0.004058913263
74442	0.001208822421
74443	0.004746703079
74444	0.004398938791
74445	0.002226255489
74446	0.002578350686
74447	0.003116617234
74448	0.001818952871
74449	0.001587939486
74450	0.003808576986
74451	0.003457309715
74452	0.001615929805
74453	0.001356155003
74454	0.003881131265
74455	0.001995830505
74456	0.004104590248
74457	0.00435805374
74458	0.001804590243
74459	8.967932082e-05
74460	0.0007034520633
74461	0.0004292636851
74462	0.0006457918215
74463	0.002613612387
74464	0.003618708266
74465	0.001606222961
74466	0.0001673145838
74467	0.001104394917
74468	0.001409485629
74469	0.0009194252418
74470	0.0002704685489
74471	0.001780223978
74472	0.002702287593
74473	0.001766780506
74474	0.001498191245
74475	9.952198621e-05
74476	0.003654504898
74477	0.00070887855
74478	0.0003547693504
74479	0.0009664631477
74480	0.002269772813
74481	4.039174478e-05
74482	0.001633856285
74483	0.004327393085
74484	7.413491125e-05
74485	0.001871577191
74486	0.000725448
74487	0.003038759109
74488	0.003828336739
74489	0.004502076766
74490	1.364920114e-05
74491	0.006236830066
74492	0.001266402178
74493	0.00106198521
74494	0.0002305789468
74495	0.006667391344
74496	3.29617721e-05
74497	0.0105761459
74498	8.904142214e-05
74499	0.004643711967
74500	0.0004643301022
74501	0.00632068512
74502	0.0002591837801
74503	0.001242325892
74504	0.0007265752591
74505	0.0008655290208
74506	0.004165388553
74507	0.001599681102
74508	0.00529814321
74509	0.00117982673
74510	5.30066021e-05
74511	0.00332219599
74512	0.001058393692
74513	0.002344648622
74514	0.0006069854935
74515	0.002171186346
74516	0.002774677742
74517	8.239417038e-06
74518	0.0008444267203
74519	0.001897614478
74520	0.005348084342
74521	0.003436011139
74522	0.001699772859
74523	0.00451658495
74524	0.0008585421048
74525	0.0002579030522
74526	0.0009332829361
74527	0.001915565917
74528	0.0008288500252
74529	0.0009981362789
74530	0.002872989687
74531	0.004162776381
74532	0.00112184713
74533	0.0004429558065
74534	0.001099338434
74535	0.002885305739
74536	0.002643128619
74537	0.0008166519636
74538	0.004109282876
74539	0.007488836725
74540	0.0008541445806
74541	0.0002701561679
74542	0.0008744425499
74543	0.007676162191
74544	0.004335278646
74545	0.0006159086746
74546	0.003163655919
74547	0.0008208904885
74548	0.002853314963
74549	0.004404505245
74550	0.004025143714
74551	0.00379621905
74552	0.001430417059
74553	0.004457129564
74554	0.001178793847
74555	0.0003007433858
74556	0.003518052732
74557	0.000108759104
74558	0.0004683137306
74559	8.851243118e-06
74560	0.004139785107
74561	0.001607149572
74562	0.004749723034
74563	0.000151243311
74564	0.002940867124
74565	0.007196506841
74566	0.0009093894501
74567	0.004654960604
74568	0.0007965665908
74569	0.000898028852
74570	0.0009814292453
74571	0.003099874527
74572	0.003502352873
74573	0.001719565979
74574	0.007299634649
74575	0.001623556788
74576	0.001768227704
74577	0.002749114376
74578	9.63921849e-05
74579	0.005701085433
74580	0.00188155887
74581	0.006348360594
74582	0.0001199582073
74583	0.001461709518
74584	0.006472304388
74585	0.00180316146
74586	0.004887980645
74587	0.001903241736
74588	0.0004852434685
74589	0.0009608676622
74590	0.003321860911
74591	1.189075781e-05
74592	0.002904449329
74593	0.005350607613
74594	0.002355326125
74595	0.00204872401
74596	0.004868976048
74597	0.001134229073
74598	0.0001575896607
74599	0.003997289631
74600	0.0001040015295
74601	0.003782446161
74602	0.0004942325761
74603	0.0002400326983
74604	0.0006785340059
74605	1.214942139e-05
74606	0.0001292942148
74607	0.001636864006
74608	0.0009508471824
74609	0.0003282792633
74610	0.003742854616
74611	0.0002341932947
74612	0.001650886692
74613	0.003940472832
74614	3.376837164e-05
74615	0.0001647460575
74616	0.0001222032822
74617	0.0002613146268
74618	0.0002020443275
74619	0.002318241854
74620	0.0005206140427
74621	0.0009882868549
74622	9.063433553e-05
74623	4.684169127e-05
74624	5.627300341e-05
74625	0.0009212963989
74626	9.266641157e-05
74627	0.0001950838809
74628	0.003577956954
74629	0.005899369066
74630	2.249841169e-05
74631	0.0002705163922
74632	0.001730991641
74633	0.001174952464
74634	0.0007263976567
74635	0.0006060084781
74636	0.0008834577536
74637	0.003766458256
74638	0.001289882178
74639	0.0001046060743
74640	0.001310547407
74641	0.002858988947
74642	0.001691871628
74643	0.004396391008
74644	0.0009450366998
74645	0.001545758169
74646	0.000160537699
74647	0.002164017266
74648	0.001215348721
74649	1.545576552e-05
74650	0.004589939169
74651	0.002369947424
74652	0.0005078495676
74653	0.001317906465
74654	0.000117326472
74655	0.002650975903
74656	0.004251363171
74657	0.001038038013
74658	1.347759975e-05
74659	0.002980693682
74660	0.0002826805749
74661	0.0001553162998
74662	0.0008023829676
74663	0.002900207151
74664	0.0006413920916
74665	0.002960417389
74666	0.00112922818
74667	0.0009630751696
74668	0.000173027059
74669	0.0006409425032
74670	0.001015737003
74671	0.0001015465486
74672	0.006469779941
74673	0.0008529839285
74674	0.00265915571
74675	0.0009682972059
74676	5.973071621e-05
74677	0.003033484976
74678	0.0001681812283
74679	0.0008835998703
74680	0.00358156011
74681	0.002455627995
74682	0.0002652836891
74683	0.001256204079
74684	0.0003105535131
74685	0.001530710564
74686	0.001207883234
74687	0.004347975614
74688	0.001884576031
74689	0.0009222136614
74690	0.0001204169399
74691	0.002114151369
74692	7.059246367e-05
74693	0.001034752234
74694	0.00430009664
74695	1.878359683e-05
74696	7.890892669e-07
74697	0.0009747027772
74698	0.0006329934913
74699	0.0007204430132
74700	0.0007409738175
74701	0.00381630341
74702	0.0003661995999
74703	0.001517432449
74704	0.0002127095437
74705	0.0003868988174
74706	0.001051321853
74707	0.001104973103
74708	0.002256272819
74709	0.0004002602647
74710	0.0003936138109
74711	0.00028012843
74712	0.005072701541
74713	0.0001899052963
74714	0.0005901253366
74715	0.0002585455681
74716	0.001119265426
74717	0.00100301321
74718	0.001710701726
74719	9.42202361e-05
74720	0.0002115310203
74721	0.0007822818078
74722	0.001037958258
74723	0.001160973789
74724	0.00109237431
74725	0.001644600778
74726	0.000909874506
74727	0.003546796101
74728	0.003256943164
74729	0.001171777942
74730	0.0002449161977
74731	0.0001353702937
74732	0.001285347202
74733	0.002771276683
74734	0.001382775639
74735	0.0003689228591
74736	0.0009337474997
74737	0.00397990454
74738	0.002054295875
74739	0.0004224644321
74740	0.000120658905
74741	0.001599203632
74742	4.50542272e-05
74743	0.00238504829
74744	0.000120715106
74745	4.955645515e-06
74746	0.0001835898756
74747	0.001475031542
74748	0.005702805653
74749	0.0003318255898
74750	0.001403666827
74751	0.000296310382
74752	0.0004221486771
74753	0.0002165564036
74754	3.979321548e-05
74755	0.00298529431
74756	8.107838785e-05
74757	0.0004250782024
74758	0.002982084047
74759	0.0007211907531
74760	0.00123971264
74761	0.001398555963
74762	0.00233272128
74763	4.869650141e-05
74764	0.0001964972925
74765	2.161551615e-05
74766	0.00235451732
74767	0.006827743353
74768	2.066308634e-05
74769	0.00208870496
74770	0.0005866313684
74771	0.000215579073
74772	0.001579973021
74773	0.0006327707315
74774	0.004876734939
74775	0.001628465598
74776	0.001054989398
74777	0.0007143008875
74778	2.29983495e-05
74779	0.003312855873
74780	0.002906623135
74781	0.001144428601
74782	0.001521735728
74783	0.001128344403
74784	0.004131690063
74785	0.0004673434414
74786	0.0001351909101
74787	0.0001832538245
74788	6.546174336e-05
74789	0.0006892046055
74790	0.0009657077915
74791	0.001166239449
74792	0.0003251592718
74793	0.0004973536453
74794	0.00131059312
74795	0.00171767479
74796	0.001732627999
74797	1.822786416e-05
74798	0.0001176750226
74799	0.0005952708567
74800	0.001707666976
74801	0.0002082954872
74802	0.003774767461
74803	0.0003849929411
74804	0.001900392924
74805	0.0004615746295
74806	0.0006604590502
74807	6.44359092e-07
74808	0.0003777145914
74809	0.0004045957568
74810	0.000913038917
74811	0.002202877383
74812	0.0003050387807
74813	0.0007353360669
74814	1.928484738e-05
74815	0.003181816195
74816	0.0003936048262
74817	0.0001214673654
74818	0.0004315453932
74819	0.00239485043
74820	0.0008979977533
74821	8.109631e-05
74822	1.494715976e-06
74823	0.0002961606351
74824	0.0009745415783
74825	0.001755826196
74826	0.002060084108
74827	0.001150775764
74828	0.002087647573
74829	0.001385280886
74830	0.0005573324133
74831	0.004172721738
74832	0.0009712939086
74833	0.003506424775
74834	3.051762099e-05
74835	5.601588237e-05
74836	0.003525666634
74837	0.000264417381
74838	0.0001434520049
74839	2.501002886e-05
74840	0.002874128054
74841	0.003477191908
74842	0.000512383118
74843	0.004462603897
74844	0.004708757501
74845	4.193193296e-05
74846	0.0001295820394
74847	0.0001757498147
74848	0.0003371793817
74849	0.0002517798412
74850	4.355834875e-05
74851	0.001090458308
74852	0.005438202569
74853	0.000248971275
74854	0.000666406051
74855	0.0002248296594
74856	0.002942222582
74857	0.0003221689613
74858	0.004545348729
74859	0.006084802793
74860	0.000598985374
74861	0.000149051389
74862	0.0002778245217
74863	0.0002595627637
74864	0.0005499415782
74865	0.000731917926
74866	0.002171380976
74867	0.004407245205
74868	0.0002292104688
74869	0.0003623874749
74870	0.0002368787433
74871	2.100116309e-05
74872	0.0003073142103
74873	0.0005386997974
74874	0.0003037700309
74875	0.003792690266
74876	0.003907745865
74877	3.989576889e-05
74878	1.030444809e-05
74879	0.001527211113
74880	0.001013855288
74881	0.0002369600046
74882	0.0001927097363
74883	0.004242992325
74884	0.003248174478
74885	0.004722945778
74886	0.0001094426932
74887	0.0007583828457
74888	0.00117084913
74889	7.259815813e-05
74890	0.0001014548498
74891	0.002004259702
74892	9.223323073e-05
74893	0.001095263701
74894	1.903580514e-05
74895	0.0005633357282
74896	8.713247273e-05
74897	0.0006354376836
74898	3.498358774e-05
74899	0.001139612407
74900	0.0003495775121
74901	0.005294445715
74902	0.0001587043626
74903	0.0002985855332
74904	0.00410355611
74905	0.001154558676
74906	0.0003709529228
74907	0.00173090488
74908	0.0004105470449
74909	0.0003068655293
74910	9.904290548e-05
74911	0.001379202654
74912	0.0005848529642
74913	0.0002913184462
74914	0.0004249499817
74915	3.575295576e-05
74916	0.0001743892926
74917	0.0001591632137
74918	0.0008558031376
74919	0.0003636760138
74920	0.005723689542
74921	0.0004857059808
74922	0.0007653626291
74923	0.0004258959761
74924	1.420741384e-05
74925	1.754684013e-05
74926	0.0020768558
74927	0.003493380942
74928	0.002456953051
74929	0.0006115627471
74930	0.0008048116968
74931	0.002026087104
74932	3.328756106e-05
74933	0.0001117355976
74934	1.127795026e-06
74935	0.000441347114
74936	0.0006654785091
74937	0.003741447189
74938	1.784831998e-05
74939	0.001564699351
74940	5.529205626e-05
74941	0.0002216892035
74942	0.0001206578326
74943	0.0004864624114
74944	0.000158932787
74945	9.158707101e-05
74946	0.000363960275
74947	0.0005552999499
74948	0.001597631757
74949	0.0001382873697
74950	0.000519773523
74951	0.000699633332
74952	0.0004724245985
74953	0.0001659877253
74954	0.0004445217803
74955	0.002674117217
74956	0.00395574749
74957	0.004970547669
74958	0.00112702106
74959	9.041049441e-05
74960	0.001104416723
74961	3.361935456e-05
74962	0.0007009123039
74963	0.0002793890283
74964	6.918723013e-05
74965	0.0009420870833
74966	0.0001844160447
74967	0.000598302639
74968	0.0001450636225
74969	0.004053761279
74970	0.0001469343667
74971	0.0006654463549
74972	0.0002561058865
74973	0.001918949951
74974	0.0006509587072
74975	0.002190251732
74976	0.002717818075
74977	0.0008939159146
74978	0.0001997446971
74979	7.250809482e-05
74980	1.992638441e-07
74981	9.965310588e-05
74982	0.0001682929586
74983	4.97125071e-05
74984	0.001572269373
74985	0.0002658732211
74986	0.001526190424
74987	0.001985966032
74988	0.001254662924
74989	0.0007398109386
74990	0.001168026783
74991	0.0001402133746
74992	0.0007947168659
74993	0.0002582341477
74994	0.002731794582
74995	0.003647044973
74996	0.0002493575861
74997	0.0006437373375
74998	0.0007586751073
74999	0.002139244123
75000	0.0005253290365
75001	0.0001150779921
75002	0.003112803058
75003	0.0009128963611
75004	0.001589268819
75005	0.00762603856
75006	0.0001884133839
75007	0.001154632465
75008	0.0006980710588
75009	0.003132112272
75010	0.001112306459
75011	0.003373255431
75012	0.0002416613931
75013	0.002482940416
75014	8.198691064e-05
75015	0.0004855960134
75016	0.00511811573
75017	0.005976796078
75018	0.001064782091
75019	0.0004319974076
75020	0.00388805947
75021	0.0008506156654
75022	0.0001964131786
75023	0.000362531681
75024	0.0002814580607
75025	4.728399185e-05
75026	0.002375492724
75027	0.005859521854
75028	0.001835805518
75029	0.001770706336
75030	0.002590195554
75031	0.0008823949473
75032	0.0009212347951
75033	0.0002972284596
75034	0.0003121324946
75035	0.0009395339144
75036	0.0002920937461
75037	0.0002518012034
75038	0.0001069462129
75039	0.002847258688
75040	0.003372726164
75041	0.0004309864917
75042	0.0002031245376
75043	0.0003400755989
75044	0.0001599543816
75045	0.0001626157842
75046	0.0001708582058
75047	0.0006267922525
75048	0.0001379469913
75049	0.0002726003759
75050	0.0006414039807
75051	0.0001349484308
75052	0.0002271706286
75053	0.004106529538
75054	0.0004617940202
75055	0.001149900973
75056	0.0002229927839
75057	0.004444747359
75058	0.0002188913759
75059	0.0002385072071
75060	6.941884664e-05
75061	0.0003755210125
75062	0.002630554135
75063	0.001848507615
75064	0.000376437589
75065	0.001155180794
75066	0.00144719769
75067	0.0001093049782
75068	0.0001432558104
75069	0.0002105120721
75070	0.0003448063814
75071	0.0002658943595
75072	0.001646128576
75073	0.0001644762623
75074	0.001256387503
75075	0.004002143235
75076	0.004341390159
75077	0.001165893257
75078	0.000289803819
75079	0.0003054292115
75080	0.0007033274787
75081	0.0003566766682
75082	0.0003413722768
75083	0.002637959
75084	0.0005422542575
75085	0.001629385867
75086	0.0006912158215
75087	7.499527169e-05
75088	0.00233402198
75089	0.004122417995
75090	0.0009436044509
75091	0.0002141746426
75092	6.759973648e-05
75093	0.0003284494345
75094	0.0005802931542
75095	0.0003302798019
75096	0.004154045976
75097	1.721274761e-05
75098	0.000188784041
75099	4.255634018e-05
75100	0.0003102775976
75101	0.0005595960201
75102	0.002898987943
75103	4.918800899e-05
75104	0.0007439846313
75105	0.001923238644
75106	0.0001287571994
75107	0.0001222412175
75108	0.002471137237
75109	0.001598346388
75110	0.001150712746
75111	0.0002854217662
75112	0.0001404907528
75113	0.0008177919492
75114	5.073580057e-05
75115	0.0007758405582
75116	0.002463028084
75117	0.0004487646944
75118	0.003175192959
75119	0.002451397282
75120	5.821631726e-05
75121	0.0004560339992
75122	4.497297121e-06
75123	5.593904305e-05
75124	0.0009194649732
75125	0.001056972474
75126	0.002763735521
75127	0.000718709045
75128	0.002686917642
75129	0.0001820719489
75130	0.000249419049
75131	0.001178338993
75132	0.0002982882945
75133	0.001331780165
75134	0.0007013681711
75135	0.0006981115014
75136	1.740703494e-05
75137	7.018644871e-05
75138	0.0009559536185
75139	0.0004254995266
75140	0.001205995342
75141	0.004017116221
75142	0.003635269111
75143	0.0001878677163
75144	2.391232357e-05
75145	0.001257787427
75146	0.005613562231
75147	0.0004483296199
75148	0.0003605231646
75149	2.229364323e-05
75150	2.940828428e-05
75151	0.00066914879
75152	0.0003206434191
75153	0.0003408563022
75154	0.0001183302971
75155	0.0005969637244
75156	0.0006410375326
75157	0.007754911937
75158	0.0005663862291
75159	0.001999962138
75160	0.004847855465
75161	0.0001394516408
75162	0.001565894835
75163	0.0002042085477
75164	0.000594259566
75165	0.005471070739
75166	0.0005290039313
75167	9.329373992e-06
75168	0.003508135928
75169	0.002422800408
75170	8.056458959e-05
75171	0.001197121212
75172	0.001321687793
75173	0.003634350408
75174	0.002656993691
75175	0.001638474831
75176	0.003766301397
75177	0.002073062731
75178	0.0002650869571
75179	0.001214299044
75180	0.0007146491721
75181	1.508805298e-05
75182	0.0001139577322
75183	0.002010119799
75184	0.0003122060616
75185	0.0003818507429
75186	0.0002657251442
75187	0.0002398625214
75188	0.0007113721047
75189	0.002583997088
75190	0.00030022089
75191	0.001055304085
75192	0.00295866159
75193	0.002624125055
75194	0.001515752891
75195	0.001130256435
75196	0.0003491579152
75197	0.0006177859362
75198	0.00241997817
75199	0.002076716734
75200	8.613394717e-05
75201	0.0005607321705
75202	0.002817185721
75203	0.0004815623002
75204	0.001328469039
75205	1.675871906e-05
75206	0.000755567718
75207	0.004800893781
75208	0.0005618630427
75209	0.0009306654102
75210	0.000673821031
75211	0.003178066733
75212	0.001213356193
75213	0.001682984711
75214	0.004321086724
75215	0.0006916691998
75216	0.005454584345
75217	0.003620918257
75218	0.0008906306487
75219	0.0005378411906
75220	0.001620525357
75221	0.001429528156
75222	0.002571732609
75223	0.0007388464574
75224	0.0001645203192
75225	0.002445857971
75226	0.0003135100062
75227	0.0002344672266
75228	0.006668124156
75229	0.002650644833
75230	0.004476373687
75231	0.000296988057
75232	0.001494931769
75233	0.002874128883
75234	0.0005014921788
75235	0.0006416078156
75236	0.0008715071472
75237	0.002539121115
75238	0.0004624361278
75239	0.001109028834
75240	0.0003024423303
75241	0.00295960335
75242	0.003765016071
75243	0.004042493922
75244	0.0001871520558
75245	0.001482135876
75246	0.00444522321
75247	0.001482909925
75248	0.0007591745902
75249	0.0005731506224
75250	0.0001667518995
75251	0.0009299634869
75252	0.002450473831
75253	0.002192102512
75254	0.002511135078
75255	0.002357494203
75256	0.0004362947397
75257	0.0002458493827
75258	0.0009568647269
75259	0.000851098141
75260	0.0006502400341
75261	6.956725236e-05
75262	5.15051473e-05
75263	0.001990993357
75264	5.808748353e-05
75265	0.0001850019499
75266	8.204650683e-05
75267	0.0001353374573
75268	6.849824205e-05
75269	0.001438021111
75270	0.0006531530703
75271	0.00119765389
75272	0.003867393513
75273	0.005902652117
75274	0.002548411543
75275	0.008265450988
75276	0.001428538093
75277	0.002208441102
75278	0.001529562876
75279	0.003519560427
75280	0.001769827382
75281	0.002453651395
75282	0.005573336428
75283	0.003134937951
75284	0.002347488909
75285	0.006470741474
75286	0.002461225393
75287	8.922632908e-05
75288	0.001025685439
75289	0.00605168816
75290	0.006142700445
75291	0.002615616837
75292	0.0007739450903
75293	0.0004423464157
75294	0.005705712
75295	0.0008122558255
75296	0.003963021218
75297	1.294727696e-05
75298	0.003726977173
75299	0.001744653558
75300	0.003084930489
75301	0.001849861206
75302	0.002123073811
75303	0.0026299468
75304	0.0003941789701
75305	0.0005212510646
75306	0.0004664707131
75307	0.00025062045
75308	0.001144418618
75309	0.0007786392572
75310	3.219286996e-05
75311	0.001498772762
75312	0.0007887443964
75313	0.001769492252
75314	0.003602182089
75315	0.002691823039
75316	0.0002646375973
75317	0.004109281491
75318	0.002073312593
75319	0.001785852476
75320	0.003030700304
75321	0.003484405199
75322	0.005205612861
75323	0.003547302499
75324	0.0002068058162
75325	0.004496473025
75326	0.0003340706349
75327	0.001285239528
75328	0.004295001485
75329	0.009691207468
75330	0.004613087044
75331	0.000402877595
75332	0.0004049831634
75333	0.0004049594315
75334	0.0003736050269
75335	0.001496535806
75336	0.004176015541
75337	0.006410887804
75338	0.001499883013
75339	0.005932167016
75340	0.004020351386
75341	0.000334869037
75342	0.0003846052825
75343	0.0008445215906
75344	0.003169870945
75345	0.002870663758
75346	0.005491397019
75347	0.0001559762386
75348	0.0003436188448
75349	0.001654573874
75350	0.003159573766
75351	0.001310185042
75352	0.0001638507293
75353	0.001049881635
75354	0.004040315352
75355	0.001252831112
75356	0.002585803446
75357	0.0004271601268
75358	0.0004154354643
75359	0.001750214902
75360	0.01359999801
75361	0.0006267132696
75362	0.0008186098818
75363	0.005248165855
75364	0.005557830718
75365	0.001544154325
75366	0.0008596375027
75367	0.004032825636
75368	0.001568975571
75369	0.005812173841
75370	0.001809265013
75371	0.001768370057
75372	0.005500005142
75373	0.001706741862
75374	0.001279369466
75375	0.006014922407
75376	0.0005399737273
75377	0.001678145829
75378	0.00159952937
75379	0.003455816773
75380	0.003400938754
75381	0.003688594446
75382	0.006214143664
75383	0.0001580481613
75384	0.00622125948
75385	0.00336268408
75386	0.0006642820026
75387	0.0054894477
75388	0.0006300276831
75389	0.00348073395
75390	0.005231270587
75391	0.007592084231
75392	0.001652097587
75393	0.00311052464
75394	0.0004262970759
75395	0.008044067938
75396	0.001247383104
75397	0.0008835297194
75398	0.001936175238
75399	0.0002707150036
75400	0.002990465582
75401	0.003257567987
75402	0.002716231325
75403	0.001631592817
75404	0.001234312567
75405	0.001051340978
75406	0.00490824968
75407	0.00587094051
75408	0.003745715661
75409	0.001733252914
75410	0.002513576296
75411	0.002624784894
75412	0.002628831369
75413	0.003160098377
75414	0.002471497977
75415	0.002174244767
75416	0.00442537418
75417	0.001690178691
75418	0.003610833868
75419	0.001684264326
75420	0.006841543761
75421	0.007754680936
75422	0.002258844939
75423	0.0005582538461
75424	0.002759626652
75425	0.003348809839
75426	0.004759623908
75427	0.005661983598
75428	0.0008975376763
75429	0.0001319927089
75430	0.0004829650289
75431	0.000404881962
75432	0.002019809313
75433	0.001058293073
75434	0.003290754583
75435	0.006077912041
75436	0.0005768382107
75437	0.000432799301
75438	9.055986191e-05
75439	0.004900682972
75440	0.002813419886
75441	0.001253642031
75442	0.002265719588
75443	0.0007167641228
75444	0.0006584368936
75445	0.002047555292
75446	0.001270138115
75447	0.005663941734
75448	0.0009018745631
75449	0.003501166037
75450	0.002306968526
75451	0.0001188659295
75452	0.0005232687121
75453	0.0001122417824
75454	0.00151398176
75455	0.0009025533979
75456	0.001560277633
75457	0.001725590095
75458	0.001596794218
75459	8.124941788e-06
75460	8.312012022e-05
75461	0.005861329478
75462	0.002130496877
75463	0.002084154904
75464	0.0006664937967
75465	0.008531621498
75466	0.001238209786
75467	0.0001303230929
75468	0.002954784127
75469	0.0005112518417
75470	0.003898471181
75471	0.003169258561
75472	0.001712193292
75473	0.001543174483
75474	0.002345422746
75475	0.0002141702047
75476	0.002550275563
75477	0.000726632524
75478	0.001543787551
75479	0.002869963341
75480	0.001990921837
75481	0.001532661836
75482	0.001785693057
75483	0.001543343304
75484	0.001877138394
75485	0.001466681325
75486	0.001426300344
75487	0.002308052441
75488	0.00160966377
75489	0.002011338682
75490	0.001263990382
75491	0.001988208708
75492	5.83985928e-06
75493	0.001382367828
75494	0.001225652978
75495	0.001104871207
75496	0.001600310498
75497	0.001122399222
75498	0.0001808095044
75499	0.0007970513952
75500	0.0003870364261
75501	0.001280463378
75502	0.002516059102
75503	8.059262915e-05
75504	4.904436662e-05
75505	0.001859633126
75506	0.002705406789
75507	0.001108648263
75508	0.006015301692
75509	0.003152078266
75510	0.001326637227
75511	0.0006091854327
75512	0.004114593433
75513	0.01440985221
75514	0.004890981064
75515	0.003236948503
75516	0.003949510154
75517	0.0007996135867
75518	0.0003034141727
75519	0.0001338762213
75520	0.001740804876
75521	0.001542345447
75522	0.001692832583
75523	0.004934655907
75524	0.003955361983
75525	0.004310662268
75526	0.007959576341
75527	0.001261420363
75528	0.0005621015115
75529	0.0007740056933
75530	0.002149706064
75531	0.0009500796505
75532	0.001424044894
75533	0.000217137219
75534	0.00111656898
75535	0.001531355895
75536	0.002276422008
75537	0.001107142436
75538	6.516410329e-06
75539	0.002472017658
75540	3.573107233e-05
75541	0.003009972713
75542	8.575698522e-05
75543	0.0002613099624
75544	0.0009099782551
75545	0.007919484501
75546	0.003389480082
75547	0.0009348189455
75548	0.002729075643
75549	0.003655296144
75550	0.0002541717032
75551	0.002797377758
75552	0.0003561300575
75553	0.003426645626
75554	0.004742264021
75555	0.003142703571
75556	0.001612200674
75557	0.002503439583
75558	0.002149750543
75559	0.003705200775
75560	0.0006544092136
75561	0.00498812009
75562	0.003622641017
75563	3.643644024e-05
75564	0.003215898784
75565	0.003501047259
75566	0.006572634152
75567	0.003077084952
75568	0.003255331307
75569	0.0002872738687
75570	0.001905591576
75571	0.0002499736907
75572	0.003664868698
75573	0.001876095979
75574	0.0004269710522
75575	0.0005696261273
75576	2.980241852e-05
75577	0.000436696273
75578	1.426266748e-06
75579	0.0009397845758
75580	0.003085400681
75581	0.001609617932
75582	8.541968686e-05
75583	0.003295516369
75584	0.001309702645
75585	9.071197395e-05
75586	0.0003893610181
75587	5.244986276e-05
75588	0.007038196933
75589	0.001872337761
75590	0.0001707210747
75591	0.004707485876
75592	0.0004909638192
75593	0.0004125258874
75594	0.004528132058
75595	0.005931979972
75596	0.004750571806
75597	0.004248235807
75598	0.0003548401681
75599	0.0001481883964
75600	0.0008016961433
75601	0.0002035988983
75602	0.0006152379126
75603	0.001290852714
75604	0.00203768542
75605	0.0003455381877
75606	0.003037984189
75607	0.002886290551
75608	0.004111727586
75609	0.004612206744
75610	0.003696195508
75611	0.00221717601
75612	0.005155567143
75613	0.007644782755
75614	0.004068353149
75615	0.004095803429
75616	0.0001792633019
75617	0.003931526944
75618	0.002586518244
75619	0.0002792118032
75620	0.0009347467352
75621	0.0004648194064
75622	0.00107700825
75623	7.43304415e-05
75624	0.000147823028
75625	0.001085898318
75626	0.007602440399
75627	0.003734445579
75628	0.001043292118
75629	0.002500948333
75630	0.0007975626329
75631	0.00246219733
75632	0.004169864638
75633	0.001070702813
75634	0.001398519688
75635	0.0003147760416
75636	0.002850535399
75637	0.0002791852724
75638	0.0002162026825
75639	0.0005185648238
75640	0.0004137553354
75641	1.386824418e-07
75642	0.000141972363
75643	0.002179151986
75644	0.002936503135
75645	0.001753769369
75646	7.009806466e-05
75647	0.002450650919
75648	0.003730185039
75649	0.0006123208574
75650	0.003795370103
75651	0.0006616057221
75652	0.0001068877131
75653	0.002953954743
75654	0.001818496944
75655	0.001855221575
75656	0.0008865092333
75657	0.001710545558
75658	0.0002056137819
75659	0.0004856019778
75660	0.002370270371
75661	0.001881769276
75662	0.001781373916
75663	0.0008688352004
75664	0.001938978614
75665	0.001203893651
75666	0.002050193949
75667	0.0001960782124
75668	0.0004366339604
75669	0.002845369752
75670	0.00021411341
75671	0.0031661274
75672	0.0002334175043
75673	0.0003845879062
75674	0.0004644237451
75675	0.0001076532631
75676	2.534608085e-05
75677	0.0004519181713
75678	0.0001562395759
75679	5.40804022e-05
75680	0.0006975310916
75681	0.0008219423272
75682	0.004864674562
75683	0.002235538771
75684	8.273480276e-05
75685	4.576913966e-05
75686	0.0005924402771
75687	0.0001890941086
75688	0.0005492918175
75689	0.001210725182
75690	0.002132119008
75691	0.00124599279
75692	0.003536864596
75693	0.0009862447715
75694	0.005333812445
75695	0.0003892307041
75696	0.0009735312604
75697	0.0008010525521
75698	0.001211931874
75699	0.0005791793421
75700	0.006102260416
75701	0.001186057462
75702	0.0002228372958
75703	0.005414236809
75704	0.002136706724
75705	0.0003288166682
75706	0.00204993703
75707	0.001590993539
75708	0.002861172971
75709	0.001054290448
75710	0.003566824651
75711	0.00179005297
75712	0.0001479115338
75713	0.000690593064
75714	0.0006608754561
75715	0.006006293791
75716	0.003817907019
75717	0.00149559818
75718	0.002027801266
75719	0.000403757343
75720	0.002376251263
75721	0.0005359291648
75722	0.001961186202
75723	0.002173474844
75724	0.003373819335
75725	0.001146708346
75726	0.002740754338
75727	0.0004423240542
75728	0.004377153642
75729	0.0006529322297
75730	0.001600712318
75731	0.0009337838981
75732	0.00424998976
75733	0.001732145439
75734	0.005090789125
75735	0.0005611324758
75736	0.005933544158
75737	0.00316018789
75738	0.00153788951
75739	0.0005624460546
75740	0.0008727838929
75741	0.009182575689
75742	0.002158856446
75743	0.004399964293
75744	0.001310411101
75745	0.006454889123
75746	0.001083011948
75747	0.001517466609
75748	0.0009796925887
75749	0.002266060009
75750	0.003451892054
75751	0.002391878848
75752	0.0004820205673
75753	0.001408616335
75754	0.004477798593
75755	9.807915936e-06
75756	0.002365983441
75757	0.0008560671039
75758	0.003798614517
75759	0.001788214273
75760	0.006078172212
75761	0.0007554276756
75762	0.003378100654
75763	0.004743814447
75764	0.0003492542984
75765	0.0005229864868
75766	0.002333178446
75767	0.002866830699
75768	0.001581766354
75769	0.001089082204
75770	0.00029238586
75771	0.001384083755
75772	0.003797438772
75773	0.004602372026
75774	0.0003473368279
75775	0.0008898045745
75776	0.003117242655
75777	0.0009913894858
75778	0.007510175452
75779	0.002827858805
75780	0.003704694652
75781	0.002057349342
75782	0.001545279783
75783	0.006625443337
75784	0.00296397398
75785	0.001039646392
75786	0.004165149204
75787	0.001132183909
75788	0.004496654595
75789	0.001536877757
75790	0.002742539634
75791	0.002073219921
75792	0.0003898947049
75793	0.002860281329
75794	0.00460348163
75795	0.005122476898
75796	0.002441007214
75797	0.0003983949474
75798	0.003221996303
75799	0.003177139525
75800	0.006846466408
75801	1.458853684e-05
75802	0.001903209781
75803	0.005907693995
75804	0.003124270971
75805	0.001370135903
75806	0.003368384088
75807	0.001115379332
75808	0.001193353747
75809	0.001481655035
75810	0.003139070109
75811	0.002160225191
75812	0.00111962829
75813	0.003658382834
75814	0.001885421634
75815	0.0005006324224
75816	0.003425635221
75817	0.0001951888839
75818	0.008349726298
75819	0.004238125382
75820	0.0001144495797
75821	0.0002305795554
75822	2.208343595e-05
75823	0.005910898126
75824	0.005382863119
75825	0.001524800951
75826	0.006041006722
75827	0.001356693853
75828	0.002434070062
75829	0.0008116247959
75830	0.005575220229
75831	0.003248625762
75832	0.003601448162
75833	0.002171439119
75834	0.00159601961
75835	0.0001784515215
75836	0.00117439164
75837	0.002182242905
75838	0.001953075463
75839	0.0004714039935
75840	0.000837246327
75841	0.001338633761
75842	0.005143295489
75843	0.0004673836129
75844	0.003038004959
75845	0.001272612066
75846	0.0008835519692
75847	0.001631330553
75848	0.002369662101
75849	0.003776927294
75850	0.002627378057
75851	0.002633896624
75852	5.166290659e-05
75853	0.001915873785
75854	0.003822224284
75855	0.002346612358
75856	0.001836040536
75857	0.002210161668
75858	0.000669140261
75859	0.002349018084
75860	0.001668755753
75861	3.937730895e-05
75862	0.001314725403
75863	0.0002830366557
75864	0.0007575454521
75865	0.001458452139
75866	0.006831218106
75867	0.001884901582
75868	0.003743429584
75869	0.003699207987
75870	0.001443220847
75871	0.002755886792
75872	0.001062752937
75873	0.00248776592
75874	0.0008441957687
75875	0.005093528739
75876	0.001776948819
75877	0.001901333083
75878	0.002157996986
75879	0.002685979607
75880	0.0005600526726
75881	0.002220529888
75882	0.004464760941
75883	0.001336339784
75884	0.00394971504
75885	0.003958075052
75886	0.001687334959
75887	0.001870444865
75888	0.001827921286
75889	0.007541992027
75890	0.0009785956065
75891	0.003862608149
75892	0.001447350659
75893	0.0002256387425
75894	3.275860363e-05
75895	0.001486989358
75896	0.002693825851
75897	0.001284853792
75898	0.008096148888
75899	0.001245207995
75900	0.005412582246
75901	0.0002578083015
75902	0.00119383581
75903	0.0007957677496
75904	0.0002388035912
75905	0.000370583663
75906	0.004698670315
75907	0.004245103318
75908	0.003982179927
75909	0.00741482656
75910	0.005524520931
75911	0
75912	0.00280509754
75913	0.002552301425
75914	0.0006679134083
75915	0.0005733632019
75916	0.005731051532
75917	0.00406216782
75918	0.0002150182879
75919	0.0008657461549
75920	0.003358807403
75921	0.001521505386
75922	0.002502375478
75923	0.0001296249884
75924	0.0004749049468
75925	0.001125434811
75926	0.002914412165
75927	0.0004346032184
75928	0.001100246119
75929	0.0003336573613
75930	9.254710326e-05
75931	0.002250521833
75932	0.001294096027
75933	0.004042805954
75934	0.00285673774
75935	0.0002821167754
75936	0.001131926994
75937	0.001639402824
75938	0.004837310515
75939	0.001900717852
75940	0.002089667868
75941	0.001284237644
75942	0.002660785835
75943	0.0007551573725
75944	9.614386228e-05
75945	0.0006274327977
75946	0.003081588999
75947	0.001290067335
75948	0.0003877271824
75949	0.003815238628
75950	0.0002923418049
75951	0.002448472128
75952	0.002027344999
75953	0.000692739907
75954	5.864612243e-05
75955	0.002666899202
75956	0.003245836981
75957	0.001691784788
75958	6.155924704e-06
75959	0.001289099847
75960	0.0004039714756
75961	0.0001911410167
75962	0.000563815783
75963	0.002638748217
75964	0.002082387818
75965	0.0005589381893
75966	0.00208893355
75967	0.0007364498217
75968	0.0007861971778
75969	0.0009210910348
75970	0.0009005181083
75971	0.001701729631
75972	0.00162938352
75973	0.004312359062
75974	0.000863360556
75975	0.001489239746
75976	4.922254661e-05
75977	0.0002304017766
75978	0.0007856807207
75979	0.0004165874873
75980	0.001746248536
75981	3.361768469e-05
75982	0.005121690905
75983	0.0002948412701
75984	0.0005032914169
75985	0.001416545556
75986	0.001734647895
75987	0.0004813900432
75988	0.007352825094
75989	0.001691756418
75990	0.001965632734
75991	0.001746613273
75992	0.002782549787
75993	0.0004044070514
75994	0.001287236178
75995	7.317724497e-05
75996	0.002758541981
75997	0.002294198448
75998	0.001166648911
75999	0.000419504181
76000	0.0001221367015
76001	0.0008703167611
76002	0.004344926952
76003	0.0004612124146
76004	0.00210585409
76005	0.002401150976
76006	5.348810868e-05
76007	0.001068060127
76008	0.0004492530884
76009	0.003093873406
76010	0.0003265397311
76011	0.0002586005165
76012	3.271434084e-05
76013	0.0001467356232
76014	0.004703407524
76015	0.002802375232
76016	0.001738549401
76017	0.0005223675005
76018	0.002063294239
76019	0.0007451778625
76020	0.004703039953
76021	0.004973744412
76022	0.0003034027787
76023	0.002878629714
76024	0.0001186951385
76025	0.003772858185
76026	0.001495638844
76027	0.0001393123826
76028	0.003007718971
76029	0.002789420969
76030	0.0009339953585
76031	0.002104806904
76032	0.0005328163793
76033	0.00502512209
76034	0.001068811249
76035	0.006044345476
76036	0.0001584328996
76037	0.0001665503359
76038	0.001213697142
76039	0.004205567736
76040	0.003660211843
76041	0.0004912592318
76042	0.001048062121
76043	0.0048420287
76044	0.0006775455389
76045	0.000952718785
76046	0.001952837859
76047	0.001475345443
76048	0.002003447722
76049	0.005330545121
76050	0.0009615838122
76051	0.0008855342758
76052	0.0008964994726
76053	0.0007245014423
76054	0.0006973224082
76055	0.0007566825718
76056	0.004326850852
76057	0.0002335182582
76058	0.0006140706364
76059	0.004897912968
76060	0.006770196525
76061	0.0004900343048
76062	0.004431466619
76063	4.027319887e-05
76064	0.001243516335
76065	0.001614719206
76066	0.000261803258
76067	0.001093149256
76068	0.000257831354
76069	0.001446446329
76070	0.001022451481
76071	0.002819594857
76072	0.004076829461
76073	0.001299663586
76074	0.001031641313
76075	0.001004021341
76076	0.0002140670908
76077	0.001022419824
76078	0.001681230372
76079	0.001537296422
76080	0.001600005923
76081	0.0001827870376
76082	0.0007311915412
76083	0.0008872951541
76084	0.001903899073
76085	0.001406877976
76086	1.329449634e-05
76087	0.0001416656179
76088	0.0002201055876
76089	3.525712612e-06
76090	0.004352374203
76091	0.000311809583
76092	0.003608120759
76093	0.001040644416
76094	3.222789131e-05
76095	1.066393671e-06
76096	0.001609685509
76097	1.691998076e-05
76098	0.002437659383
76099	0.001803239096
76100	0.0003336220449
76101	0.004796571279
76102	0.0005291195707
76103	6.616355384e-06
76104	0.001717294681
76105	0.0005973356481
76106	0.0006571715787
76107	0.001870920894
76108	0.002069050956
76109	0.002198637974
76110	0.0005288534965
76111	0.0002328504618
76112	0.002384958336
76113	0.001673720976
76114	0.0008962682186
76115	0.002612337729
76116	0.0005690187773
76117	0.00234377814
76118	8.093151637e-05
76119	0.0003129217811
76120	0.0002686413016
76121	0.002046080922
76122	0.002125979576
76123	0.00206053636
76124	0.001625825101
76125	0.0004972107888
76126	3.197507056e-05
76127	0.0008295914057
76128	0.005435209387
76129	0.0005040347188
76130	0.00632084451
76131	0.0007498183844
76132	0.005779590383
76133	0.00119506958
76134	0.001461209329
76135	0.002390240168
76136	0.002827496843
76137	0.000690951181
76138	0.0009353405526
76139	0.001566291521
76140	0.004646694142
76141	0.002291699677
76142	0.0005486572355
76143	0.003661537343
76144	0.005643097662
76145	0.001728303781
76146	0.003939101929
76147	0.005873016787
76148	0.002631307855
76149	0.001095137068
76150	0.002324066848
76151	0.0003503627207
76152	0.001320383737
76153	0.0003227548923
76154	0.001898124347
76155	0.001896575513
76156	0.0005497865557
76157	0.003419019464
76158	0.003532354087
76159	0.001942716629
76160	0.002850744132
76161	0.003915148412
76162	0.004510167516
76163	0.0009712202919
76164	0.001551952914
76165	0.0008658096925
76166	0.000331362891
76167	0.002085346783
76168	0.002516113988
76169	0.0002403940541
76170	0.0009784692846
76171	0.0001645118005
76172	0.002440472598
76173	0.0003428716448
76174	0.00251410777
76175	0.002580111191
76176	0.0008626936437
76177	0.002277011956
76178	0.0009281818734
76179	0.00125431603
76180	0.002258685888
76181	0.0002065583344
76182	0.0007485840989
76183	0.001220827882
76184	6.698484639e-05
76185	0.0003642978443
76186	0.0002378077016
76187	0.0006611208057
76188	0.0009893433687
76189	0.002572842194
76190	0.001010504664
76191	0.0005039557056
76192	0.00272340745
76193	0.0003051324557
76194	0.0002649565583
76195	0.004414307073
76196	0.0001666826163
76197	0.002613868898
76198	0.002800706784
76199	0.004318983019
76200	0.0005440657489
76201	0.001176741012
76202	0.001995343423
76203	0.002586784293
76204	0.002068790048
76205	0.006138556735
76206	0.003467291691
76207	0.0003887325321
76208	0.0009672928271
76209	3.409786856e-05
76210	0.007650175733
76211	0.002066560538
76212	0.0005555757537
76213	0.0003000866673
76214	0.004246466881
76215	0.002675989992
76216	0.001143498973
76217	0.004945316159
76218	0.001511084505
76219	0.002370815953
76220	0.001517862116
76221	0.001243499598
76222	0.005687719156
76223	2.794343659e-05
76224	3.066000678e-05
76225	0.004610356027
76226	0.003808817981
76227	0.003026869339
76228	0.0004968022704
76229	0.0007760908181
76230	0.001154248704
76231	0.001652935172
76232	0.001586082779
76233	0.0003710561919
76234	0.001174074102
76235	8.575558935e-05
76236	0.004046818663
76237	0.0002332680548
76238	0.006542073207
76239	0.0001763183143
76240	0.0002981714531
76241	0.00177233533
76242	0.005868207199
76243	6.084922421e-05
76244	0.0009603709101
76245	0.004253511908
76246	0.003556221866
76247	0.001401663138
76248	0.002844028708
76249	0.0005706093605
76250	0.0009815288446
76251	0.001039323961
76252	0.009548583847
76253	0.009604499082
76254	0.000183497686
76255	0.002625687695
76256	0.0004683438477
76257	0.002369792663
76258	0.002808703293
76259	0.002679253841
76260	0.005566917994
76261	0.003277175827
76262	0.0003288745432
76263	0.001019123604
76264	0.005824558687
76265	0.001686268232
76266	0.002558507488
76267	0.0009469631848
76268	0.003082320759
76269	0.001252829951
76270	0.003840987543
76271	0.0002789161816
76272	0.003297018633
76273	0.001876586938
76274	0.001256681776
76275	0.0008797979826
76276	0.002027803595
76277	0.001926436791
76278	0.003851386412
76279	0.001689357028
76280	0.001464226129
76281	0.004820100314
76282	0.002243000641
76283	0.002162476652
76284	9.120757189e-05
76285	0.003587241012
76286	0.0005715656597
76287	0.003704666797
76288	0.0002229911731
76289	0.001699861683
76290	0.002245383412
76291	0.001541946702
76292	0.0008937599396
76293	0.004043052052
76294	0.002197500278
76295	0.003375454507
76296	0.001073063484
76297	0.0004730364652
76298	0.001079653092
76299	0.0006558010824
76300	0.000852914147
76301	0.001042821978
76302	0.0008154141297
76303	0.001067642246
76304	0.0007604898325
76305	0.005241249885
76306	0.001470704268
76307	0.005805722751
76308	0.002699707591
76309	0.00772643714
76310	0.001197909962
76311	0.0002264953264
76312	0.0001721831022
76313	0.0007569033558
76314	0.001372733205
76315	0.004413709879
76316	0.0005938024922
76317	0.0003133116295
76318	0.0003639857771
76319	9.054497143e-05
76320	0.0002034840956
76321	0.003733756734
76322	0.002903653118
76323	0.0004708423777
76324	0.001661183109
76325	0.0006552421291
76326	0.0003521937787
76327	0.0005999629428
76328	0.0009810170666
76329	0.000972052206
76330	0.001046634447
76331	0.001915731649
76332	0.0002338558113
76333	0.0007629686504
76334	0.0004458494805
76335	0.0008323209648
76336	6.523574694e-05
76337	0.008662561571
76338	0.001333477788
76339	0.004517790072
76340	0.001839938618
76341	0.002011087667
76342	8.932804198e-05
76343	0.002521407975
76344	0.001129118436
76345	0.003525795003
76346	0.00199211672
76347	0.004494123713
76348	0.002731897327
76349	0.001161415675
76350	0.004593316498
76351	0.008339544312
76352	0
76353	0.0005847115582
76354	0.0002579220597
76355	0.0003036885886
76356	0.00157008124
76357	0.002030508949
76358	0.007991460544
76359	0.0003095785143
76360	0.0003132061832
76361	3.535252279e-05
76362	0.0002186930009
76363	0.0003261578554
76364	6.772804003e-05
76365	0.0002557929338
76366	5.057918991e-05
76367	0.0008121276593
76368	0.004868578898
76369	0.0006733507139
76370	0.002427748827
76371	0.001296737228
76372	0.002070107452
76373	0.001868091217
76374	0.002075212723
76375	0.001814482668
76376	0.001794456136
76377	0.004629904808
76378	0.002357218493
76379	0.004261140539
76380	0.00252933016
76381	0.00307279164
76382	0.002173000553
76383	0.0002185817482
76384	0.001423333849
76385	0.001274202126
76386	0.001550906432
76387	1.526020766e-05
76388	0.0008469723998
76389	0.002713858296
76390	0.0003496576935
76391	0.0007431733268
76392	0.0007940524238
76393	3.15472298e-05
76394	0.002551412726
76395	0.0005901266534
76396	0.002066653518
76397	0.0004701177998
76398	0.0002557439165
76399	0.001995076513
76400	0.0005046643384
76401	1.746738166e-05
76402	0.000701247681
76403	0.004085660035
76404	0.002971870231
76405	0.002979731364
76406	0.003228946699
76407	0.002160838959
76408	0.003896402342
76409	0.001531897198
76410	0.001045970709
76411	0.0004660239247
76412	0.003988414703
76413	0.002436953405
76414	0.0003077754503
76415	0.0005456072777
76416	0.006892393355
76417	0.003374887334
76418	0.004270155805
76419	0.003148291082
76420	0.004913476374
76421	0.00093854012
76422	0.003947518162
76423	0.0006218034886
76424	0.001367816168
76425	0.0006206819377
76426	3.263315446e-07
76427	0.001706779194
76428	0.0005995884534
76429	0.0003140387297
76430	0.0006212283453
76431	3.100889008e-07
76432	0.000447078611
76433	0.0004858764005
76434	0.001854639242
76435	0.00202965819
76436	0.0003441857099
76437	0.005043607188
76438	0.0002500399231
76439	0.009508148904
76440	0.002380956797
76441	0.0002261892103
76442	0.0006053616268
76443	0.0008671291556
76444	0.004588424604
76445	0.002898072688
76446	0.002131465916
76447	0.001606430819
76448	0.002463722709
76449	0.0003506091372
76450	0.001199587519
76451	0.0006999452446
76452	0.002409894748
76453	0.0005332377756
76454	0.002322985052
76455	0.000934546046
76456	0.0005788722197
76457	0.00242959248
76458	0.001400336465
76459	0.0007638348157
76460	0.001333595228
76461	0.001104058785
76462	0.001288524135
76463	0.00185572815
76464	0.0009566318227
76465	0.002523272933
76466	0.002136816663
76467	0.007414948684
76468	0.0008340060856
76469	0.001448368769
76470	0.008369050594
76471	0.005584852556
76472	0.0003579184046
76473	0.0002153482454
76474	0.001846196359
76475	0.004891434278
76476	0.003662994389
76477	0.001344731249
76478	0.002383655383
76479	0.0002065330487
76480	0.005166372014
76481	0.00256524635
76482	0.00682441847
76483	0.00504119872
76484	0.005984312838
76485	0.003504913139
76486	0.004902921651
76487	0.003977921698
76488	0.004714912528
76489	0.006206222893
76490	0.00129559351
76491	0.0018653722
76492	0.002714821009
76493	0.002590390989
76494	0.0008677112078
76495	0.001682528136
76496	0.0008151410323
76497	0.000806488239
76498	0.0002963219455
76499	0.001561188915
76500	0.005626317451
76501	0.0007558266596
76502	0.0004527627477
76503	0.0009890929757
76504	0.0008420519678
76505	0.001720990358
76506	0.005231571074
76507	0.0001768251106
76508	0.006604995463
76509	0.002879599709
76510	0.001050875873
76511	0.0052125458
76512	0.003350306553
76513	0.002724861591
76514	0.0004709052448
76515	0.004375716773
76516	0.003502324847
76517	0.003743486368
76518	0.004370882239
76519	0.0007481717898
76520	0.001747642212
76521	0.003431872168
76522	0.002362030896
76523	0.001096257374
76524	0.001914312845
76525	0.0006313759667
76526	0.002021786709
76527	0.001675507225
76528	0.002819716977
76529	0.004332132773
76530	0.002801045475
76531	0.002331321283
76532	0.00422032027
76533	0.002280702317
76534	0.001836286922
76535	0.002152471601
76536	0.0004540420313
76537	0.0007156417657
76538	1.20597961e-05
76539	0.001613137902
76540	0.001513428955
76541	9.798093268e-05
76542	0.00154557974
76543	0.001193041473
76544	0.002060893813
76545	0.00151158055
76546	0.001206650504
76547	0.000379023366
76548	0.001857453894
76549	0.002826705519
76550	0.001866573785
76551	0.006371012132
76552	0.01034702071
76553	0.0008941881212
76554	0.003112628122
76555	0.0009287275858
76556	0.003011476655
76557	0.001506435428
76558	0.0006923877641
76559	0.002210333788
76560	0.003972928106
76561	0.001286182862
76562	0.003511068052
76563	0.00344213584
76564	0.006966254603
76565	0.002225810073
76566	0.001132155539
76567	7.610438011e-05
76568	0.0002952760526
76569	0.0008462147126
76570	0.0006134377161
76571	0.005336634434
76572	0.003268037252
76573	0.002157368357
76574	0.001045614194
76575	0.001078753581
76576	0.002766323938
76577	0.001223217003
76578	0.0003055100918
76579	0.00124235102
76580	0.0003173669669
76581	0.003353772048
76582	0.002677172791
76583	0.001411327671
76584	0.0008236792888
76585	0.0007967872001
76586	0.002646289048
76587	0.005911582342
76588	0.002345248303
76589	0.001218342174
76590	0.003914442923
76591	0.002375238953
76592	0.0009359695272
76593	0.00158058377
76594	0.0002462360359
76595	0.0004283091066
76596	0.00107577062
76597	0.0002532463556
76598	0.002222670661
76599	0.0008751581149
76600	0.001087886927
76601	0.001364728119
76602	0.003535429892
76603	0.002838796215
76604	0.0006000864116
76605	0.001356196663
76606	0.002287796581
76607	0.0007680185973
76608	0.000520365934
76609	0.001398017955
76610	0.002125170163
76611	0.0008781546454
76612	0.0005804875539
76613	0.0009750262966
76614	0.001699684288
76615	0.001596933977
76616	5.40803188e-06
76617	0.001890544089
76618	0.0004694563931
76619	0.002199770661
76620	0.002801656338
76621	0.0005102552809
76622	0.003781951902
76623	0.002595406027
76624	0.001540067541
76625	0.001353592559
76626	0.002421425058
76627	0.001437988309
76628	0.0002665028542
76629	0.001742273431
76630	0.002307041352
76631	0.001588329803
76632	0.0007932081967
76633	0.004576937232
76634	0.0001606218322
76635	0.000110411483
76636	0.002374577589
76637	0.002382168654
76638	0.0006420222906
76639	0.002371205858
76640	0.001680099824
76641	0.002375862943
76642	4.61784355e-05
76643	0.003454826184
76644	0.0019635847
76645	0.0006155527129
76646	0.0007186997179
76647	0.0005541228348
76648	0.000328100036
76649	0.0008353317426
76650	0.0007126008263
76651	0.004620915071
76652	0.001869321689
76653	0.0009437326956
76654	0.001120776046
76655	0.0009702975335
76656	8.033348575e-05
76657	0.003107037009
76658	0.001578644226
76659	9.096498193e-05
76660	0.0008959088379
76661	6.735532637e-05
76662	0.007210185245
76663	9.13699169e-05
76664	0.00564315417
76665	0.00231515425
76666	0.0009504542293
76667	0.006299321846
76668	0.0003790587479
76669	0.0004411940298
76670	0.0004572113876
76671	0.0002857945259
76672	0.005335797165
76673	0.0009405465613
76674	0.002874244615
76675	0.001471099089
76676	0.0009294863432
76677	0.001823597407
76678	0.002083331425
76679	0.001697855118
76680	0.001420284517
76681	0.004367877274
76682	0.001697982782
76683	0.001057227447
76684	0.0003635230422
76685	0.001055458198
76686	0.0001922010634
76687	0.005789254987
76688	0.0006517810187
76689	0.0003532596287
76690	0.002171009209
76691	0.000160999046
76692	0.0003461970299
76693	0.003495711195
76694	0.002765420556
76695	0.002995582779
76696	0.0008866649739
76697	0.000172607752
76698	0.0002350159243
76699	0.000658386732
76700	0.002234109232
76701	0.004989394117
76702	0.0001883942137
76703	0.001446465412
76704	6.243343043e-05
76705	0.00190392615
76706	0.003072101156
76707	0.002500799962
76708	0.003703589245
76709	0.007617574023
76710	0.0008088033199
76711	0.001028270077
76712	0.001440649341
76713	0.004154693046
76714	0.002449096753
76715	0.001356825743
76716	8.9768259e-05
76717	0.001819729355
76718	0.00306824595
76719	0.002581742534
76720	0.002855919115
76721	0.001918156986
76722	0.001587657816
76723	0.000428674911
76724	0.005011035203
76725	0.001102144519
76726	0.00143974266
76727	0.0001914054875
76728	8.172331755e-05
76729	0.0008718598084
76730	0.0005477671473
76731	0.0004435802311
76732	0.00107078948
76733	2.299021611e-05
76734	0.0009218597997
76735	0.00381353778
76736	0.001639634265
76737	0.0001760323424
76738	0.000986614031
76739	0.001369764141
76740	0.002703774776
76741	0.005559094798
76742	0.001816112679
76743	2.897296099e-05
76744	0.0008938878802
76745	0.003374738961
76746	0.001637193978
76747	0.003090375082
76748	0.00102411163
76749	0.001127086552
76750	4.589129928e-05
76751	0.001052198688
76752	0.0007674742069
76753	0.001471140641
76754	0.0002961809058
76755	0.00108351343
76756	0.00243101023
76757	0.0088492896
76758	0.001779555655
76759	4.887787661e-05
76760	0.0009740974278
76761	0.003272234278
76762	0.0002291884531
76763	0.003592683324
76764	0.0001562024052
76765	0.009473460605
76766	0.0005246802335
76767	0.001184173444
76768	0.001408436312
76769	0.003193762888
76770	0.0008710806723
76771	0.00342258976
76772	0.005303559467
76773	0.0008058804144
76774	0.002232241574
76775	0.0007090571813
76776	0.001016818527
76777	0.0005364786382
76778	0.0007421574051
76779	0.0004785252003
76780	0.005042763232
76781	0.0001220032005
76782	0.002823595079
76783	0.0003394007153
76784	0.002409538669
76785	0.003023536121
76786	0.0001278854406
76787	0.0007543108202
76788	0.0006701251296
76789	0.004795255383
76790	0.001170160493
76791	0.004438318466
76792	0.0005609679216
76793	0.003679281931
76794	0.0005554977617
76795	0.003361428315
76796	0.003148495096
76797	0.001226599561
76798	0.005000614894
76799	0.001372552551
76800	0.002196507582
76801	0.00397925605
76802	0.0011511208
76803	0.0007454961439
76804	0.0008708628004
76805	0.001328325533
76806	0.002416603799
76807	0.0001886433637
76808	0.004422485226
76809	0.001020496373
76810	0.001013350108
76811	0.005032769172
76812	0.0009146261156
76813	0.002534425616
76814	0.001044628955
76815	0.002839635244
76816	0.001771021663
76817	0.00613672883
76818	5.874392398e-05
76819	0.001315284887
76820	0.002289195894
76821	0.003002320199
76822	0.003870146466
76823	0.003462753459
76824	0.002582942723
76825	0.003429329754
76826	0.001229873104
76827	0.002540815485
76828	0.00106544478
76829	0.001875078844
76830	0.004512312419
76831	0.0005314104703
76832	0.00265786893
76833	0.004612066845
76834	0.0006518312094
76835	0.003655696132
76836	0.00366265778
76837	0.001057907831
76838	0.000193585527
76839	0.0008707325267
76840	0.0001716784241
76841	0.0007410194121
76842	0.001546628209
76843	0.0004668912257
76844	0.0006568559375
76845	0.0005863564667
76846	0.003044106161
76847	0.003875245367
76848	0.0009255796893
76849	0.0007004683545
76850	0.0004956784116
76851	0.0002330647166
76852	0.0006892829722
76853	0.002502927779
76854	0.001344591496
76855	0.0006709168048
76856	0.0003615320163
76857	0.0007798441952
76858	0.001901150189
76859	0.0008028381363
76860	0.005735203638
76861	0.001804143009
76862	0.002052779507
76863	0.002330143866
76864	0.001645939697
76865	0.008362364713
76866	0.0006397990921
76867	0.004632317828
76868	0.004189769541
76869	0.003825705669
76870	0.000436877812
76871	0.003065892493
76872	0.003633002992
76873	0.0005741751545
76874	0.003188632181
76875	0.0009611947417
76876	0.001553229378
76877	0.003868633875
76878	0.000996175847
76879	0.001662770315
76880	1.24355119e-05
76881	0.004561308461
76882	0.001142739819
76883	0.005854782686
76884	0.0008895635601
76885	0.001240374014
76886	0.002684156739
76887	0.0003069981535
76888	0.00376266188
76889	0.001878781271
76890	0.001646010489
76891	0.001157596808
76892	0.0005206596521
76893	0.002003540022
76894	0.001434997192
76895	0.0001903274719
76896	0.001565402065
76897	0.001237774882
76898	0.001350287262
76899	0.0003408033317
76900	0.0002596624223
76901	0.001548352723
76902	0.0007608715649
76903	0.0002412618513
76904	0.0004580917917
76905	0.001683134141
76906	0.001161684514
76907	0.001630945535
76908	0.003606894637
76909	0.002184713648
76910	0.002258768954
76911	0.001220043532
76912	0.001968534618
76913	0.001425818913
76914	0.002336205916
76915	0.001482322699
76916	0.002909542958
76917	0.0004711317065
76918	0.0001699195499
76919	0.001789463101
76920	0.0003490220406
76921	0.001433084503
76922	0.00274697942
76923	0.001026970451
76924	0.003663339733
76925	8.666230103e-05
76926	0.001105421247
76927	0.001020604003
76928	0.001915399713
76929	0.001054875216
76930	0.0004950045914
76931	0.005122783641
76932	0.002763608487
76933	0.001841771025
76934	0.004434425039
76935	0.001677726337
76936	0.0002442891061
76937	0.001712361388
76938	0.00189384536
76939	0.001063216472
76940	0.001336640252
76941	0.000172011172
76942	0.003437935155
76943	0.0008736193284
76944	0.0003955609158
76945	0.007039035675
76946	0.0006997934487
76947	0.005908836375
76948	0.0002279653869
76949	0.0003077924887
76950	0.001492956058
76951	0.001597724027
76952	0.0007053658888
76953	0.0003238975534
76954	0.002040256567
76955	0.001024067208
76956	4.942660199e-05
76957	0.0007318645599
76958	0.0001931114835
76959	0.0001781632097
76960	0.001802865576
76961	0.002620049304
76962	0.0005724136551
76963	0.001280304225
76964	0.002397070387
76965	0.001703885083
76966	0.002924457574
76967	0.002164346639
76968	0.001242913677
76969	8.494035436e-05
76970	0.001027021097
76971	0.001616595029
76972	0.002384445045
76973	0.003988229722
76974	0.002407654853
76975	0.0002296404055
76976	0.002224057116
76977	0.002714872554
76978	1.747825191e-05
76979	0.001668849727
76980	0.0009004459756
76981	0.0001498900773
76982	5.427925965e-05
76983	0.0008384688878
76984	0.002362651144
76985	0.002814580629
76986	0.0005147460442
76987	0.004547218183
76988	0.0005306944486
76989	0.0003567150304
76990	0.0005306315277
76991	0.002967860657
76992	0.0007843232908
76993	0.00405743631
76994	0.0009299942514
76995	0.002712491815
76996	0.000710406341
76997	0.003459056408
76998	0.0004819310957
76999	0.003033251277
77000	0.004247556129
77001	0.001742115641
77002	0.0008625092424
77003	0.000850535899
77004	0.001963422295
77005	0.00508591224
77006	0.0002764542404
77007	0.0002572783276
77008	0.001160486574
77009	0.0001060319811
77010	0.0003304911476
77011	4.189623732e-05
77012	0.0005882680158
77013	0.0005626040349
77014	0.0004687179902
77015	0.0001157654764
77016	0.0001150057458
77017	0.0008769825327
77018	0.00339177363
77019	0.0007656500443
77020	0.001287156796
77021	0.0007034041707
77022	0.0009839609604
77023	0.002046924635
77024	0.00324337345
77025	0.001279048583
77026	0.0002703180806
77027	0.002248160482
77028	0.001253516783
77029	0.00110976234
77030	0.002204596965
77031	0.002820829938
77032	0.0008091208143
77033	0.0006860067007
77034	0.00197886042
77035	0.0007328704108
77036	0.0002913961092
77037	0.005875307553
77038	0.002065914791
77039	0.0009946884236
77040	0.0003459804287
77041	0.001810176761
77042	0.006710647255
77043	0.0004356296743
77044	0.001667688572
77045	0.001319078535
77046	0.007303250719
77047	0.0003324378763
77048	0.002334002786
77049	0.002222210483
77050	0.003505224764
77051	0.0008728716337
77052	0.0002725536231
77053	0.0005746063777
77054	0.001840972476
77055	0.000985575376
77056	0.0001361896663
77057	0.001157208335
77058	0.0008384341174
77059	0.003408194633
77060	0.00158287492
77061	6.369980301e-05
77062	6.079494781e-05
77063	0.003289460068
77064	0.001678406486
77065	0.0006901107506
77066	0.004850133484
77067	0.003659603802
77068	0.003672749105
77069	0.0004986808346
77070	0.000344259333
77071	0.001295157114
77072	0.001480803615
77073	0.004657806354
77074	0.002943060291
77075	0.00339214596
77076	0.008864566765
77077	0.0009834285542
77078	0.001011614849
77079	0.004985631635
77080	0.003741905298
77081	0.000849533691
77082	0.002247799089
77083	0.004717518385
77084	0.004000555089
77085	0.002034518919
77086	0.008364977233
77087	0.003320571393
77088	9.499653976e-05
77089	0.001131955474
77090	0.003251102561
77091	0.00552116338
77092	0.000434414746
77093	0.0006041497575
77094	0.0002803069525
77095	0.0002441542772
77096	0.0004171710967
77097	0.0008559094158
77098	1.508580625e-05
77099	0.0002357547555
77100	0.0001801696832
77101	0.001338397146
77102	0.001068001737
77103	0.000213744894
77104	0.001216929196
77105	7.856658847e-05
77106	0.001338090974
77107	0.0007844985111
77108	0.001192379766
77109	0.001748507912
77110	0.0009808591999
77111	4.150999769e-05
77112	0.002306723086
77113	0.001210455185
77114	0.0007359779241
77115	0.001345277297
77116	0.0002114458349
77117	0.0001182790002
77118	0.003545419965
77119	0.0004265137144
77120	0.0002280989994
77121	0.0004208706717
77122	0.0009532255957
77123	0.0005979021451
77124	0.0006520425722
77125	0.0002054468712
77126	0.001799248607
77127	0.004915158653
77128	0.001752059493
77129	0.0001810953245
77130	0.0002946281209
77131	0.0009093670233
77132	0.0009038776264
77133	0.0004122998472
77134	2.805925185e-05
77135	0.0002967745375
77136	3.410864577e-05
77137	0.0007055756686
77138	0
77139	0.002244456126
77140	0.000133432904
77141	0.004896258561
77142	0.001198926202
77143	0.004214346839
77144	0.002772126017
77145	0.003342671636
77146	0.0006669090636
77147	0.003947821601
77148	0.0006915387913
77149	0.005715772532
77150	0.001851705602
77151	0.0008076196866
77152	0.001287532275
77153	0.0001512874882
77154	0.0001822082201
77155	0.003147780172
77156	0.002888627845
77157	0.002413080224
77158	0.003901713809
77159	6.107399325e-05
77160	0.002285519298
77161	0.001171217427
77162	0.00240499026
77163	0.003546142897
77164	0.001691045042
77165	0.0009594477462
77166	0.00125306594
77167	0.002851829334
77168	0.001320616554
77169	0.001755970507
77170	0.000409409753
77171	0.003740581558
77172	0.001733042777
77173	0.0004764796705
77174	0.0006552151218
77175	0.005517305841
77176	0.0009552552112
77177	0.00338209845
77178	0.002070520146
77179	4.652561622e-06
77180	0.0003858679403
77181	0.001295285756
77182	0.0009987358434
77183	0.0002597070376
77184	0.00140361913
77185	0.0005781835218
77186	0.001943885325
77187	0.0009851801108
77188	0.003513818231
77189	0.01021339148
77190	0.002719539533
77191	0.001061568097
77192	0.002845269501
77193	0.0002994154878
77194	0.0005084252479
77195	0.0007454047501
77196	0.00519835747
77197	0.0007405267736
77198	0.002198949457
77199	0.004932411919
77200	0.0003829349552
77201	0.001553945206
77202	0.007768144318
77203	0.002379573421
77204	0.0005127679884
77205	0.0005469607929
77206	0.004213756213
77207	0.005272177973
77208	0.007170395735
77209	0.001775789596
77210	0.001044256138
77211	0.001626678876
77212	0.004692686933
77213	0.0004188200869
77214	0.005885287566
77215	0.0007469774942
77216	0.003668148145
77217	0.002988109088
77218	0.001950777639
77219	0.003915205014
77220	0.003154060139
77221	0.0003146804782
77222	0.000641540947
77223	0.006764290756
77224	8.515050322e-05
77225	0.0001708025118
77226	0.002954411697
77227	0.001593393267
77228	0.001742039338
77229	0.002401533969
77230	0.001841368523
77231	0.0002398785657
77232	0.004826088692
77233	0.007621948874
77234	0.001315824232
77235	0.001326500678
77236	0.0004238463304
77237	0.001581614342
77238	0.00702471476
77239	0.0003032182311
77240	0.001927569139
77241	0.001383577091
77242	0.002569277713
77243	0.0009129135537
77244	0.001747278196
77245	0.002134792213
77246	0.001906246193
77247	0.002542258813
77248	0.0007384381451
77249	0.0007138235406
77250	0.003150050257
77251	0.001877748754
77252	0.002687914564
77253	0.005044951573
77254	0.005557435503
77255	0.0008187382072
77256	0.004484683354
77257	0.0003507250318
77258	0.0006000003963
77259	0.007375994983
77260	0.0002773469543
77261	0.0005578121645
77262	0.0006814813602
77263	0.003105473675
77264	0.0006852408211
77265	0.005230011491
77266	0.004050157341
77267	0.001868255955
77268	0.0003542974217
77269	0.0001844764865
77270	0.002373759375
77271	0.004096802577
77272	0.002530605913
77273	0.003188730388
77274	0.002076840032
77275	0.001631618313
77276	0.001329826061
77277	0.0002284396369
77278	0.001819977344
77279	0.003929411798
77280	0.00222330738
77281	0.0009452176209
77282	0.0009139636471
77283	0.002886068674
77284	0.004469114235
77285	0.001782301564
77286	0.006943221731
77287	4.999433884e-05
77288	0.0005434581872
77289	0.0004317264032
77290	8.51908433e-05
77291	0.001006745341
77292	0.0024042837
77293	0.0001078187295
77294	0.0004286228256
77295	1.58553879e-05
77296	0.000135741031
77297	0.000525677385
77298	0.000804185726
77299	0.0001811000111
77300	0.0003552200417
77301	0.0002412687951
77302	0.0003146735547
77303	0.0002728123341
77304	0.0006566229677
77305	0.0003271692256
77306	0.0002636424953
77307	0.0004542488012
77308	0.000390720936
77309	0.000691439445
77310	0.0008260946733
77311	0.001559931499
77312	0.0003209284542
77313	0.00034994134
77314	0.0004331080641
77315	0.0001370331677
77316	0.0002173203283
77317	0.0002474139158
77318	0.0003551203917
77319	0.00158395836
77320	0.000546374062
77321	6.815781617e-06
77322	0.0005852261068
77323	0.0004605197478
77324	0.001254865404
77325	0.0001330080674
77326	0.0002177556283
77327	0.0001126298188
77328	0.0007075987323
77329	0.0005045517224
77330	1.411368144e-06
77331	0.0002767707138
77332	0.001150675808
77333	0.0003791234278
77334	0.0004373028334
77335	0.0001145223017
77336	6.270147629e-05
77337	0.0003743023013
77338	0.0002100719378
77339	0.0001527802681
77340	1.101882552e-05
77341	0.0002187823837
77342	0.0002253050892
77343	0.0001831579439
77344	3.444797576e-05
77345	0.0003912733837
77346	7.956852023e-05
77347	0.0004083250157
77348	0.001786626568
77349	0.0003505305145
77350	4.855568661e-05
77351	0.0002286856611
77352	0.000290842175
77353	0.0004342051956
77354	2.877184778e-05
77355	0.0003705737569
77356	6.594207564e-05
77357	0.0003079182493
77358	0.0001472268053
77359	0.000611371467
77360	8.754594013e-05
77361	0.0006293705425
77362	0.0004432252469
77363	0.001061196297
77364	2.601398229e-05
77365	1.813576662e-05
77366	0.0007120207144
77367	3.304324189e-05
77368	0.0002228645187
77369	0.0002982982447
77370	0.0006243333602
77371	0.0003170542626
77372	8.306893434e-05
77373	0.0001183344261
77374	5.150349078e-05
77375	5.063731053e-06
77376	0.0001065318968
77377	5.692388528e-05
77378	0.0008843355585
77379	0.0001909468526
77380	7.837897791e-05
77381	0.0001485485992
77382	0.000373247341
77383	0.0003270067841
77384	0.0002700148766
77385	0.0003728422897
77386	0.0003256625701
77387	0.0003074303886
77388	4.190079481e-05
77389	0.0001483361924
77390	0.007621906944
77391	0.0007699076284
77392	0.002195600711
77393	0.0008177723973
77394	0.003152865239
77395	0.0002994454806
77396	4.478648865e-05
77397	0.0008626574629
77398	0.002626114862
77399	0.001823756178
77400	0.0002745245477
77401	3.680631131e-05
77402	0.004071891648
77403	0.003900272964
77404	0.00198207889
77405	0.004514177958
77406	8.160381119e-05
77407	0.0005452369613
77408	0.002964769582
77409	0.0002737289848
77410	0.00516610154
77411	0.001012695452
77412	0.0002196683079
77413	0.004188811874
77414	0.0005011924477
77415	0.001480617645
77416	0.000598189473
77417	0.0006185430196
77418	0.002267808015
77419	0.0005878409359
77420	0.0005558741455
77421	0.0001797201395
77422	0.005465051013
77423	5.973778994e-05
77424	0.00116370835
77425	0.0002244211084
77426	0.000741203413
77427	0.0001123525998
77428	0.0007340630467
77429	0.0002138084761
77430	0.001684643552
77431	0.0005457677253
77432	0.0005425776394
77433	0.0004503184331
77434	0.0007365982554
77435	0.0003199157555
77436	0.0006774292958
77437	0.002188542681
77438	0.0005398036658
77439	3.479898709e-05
77440	0.0001899581523
77441	0.001632001346
77442	0.0006362787407
77443	0.0002477541003
77444	3.88942786e-05
77445	0.0001923380875
77446	0.0003604600821
77447	0.0002742506498
77448	0.001047152697
77449	0.0005437279604
77450	0.005794601537
77451	0.0006261321835
77452	3.365635233e-05
77453	0.0003712955658
77454	0.0002741021881
77455	0.001783433615
77456	0.003634288336
77457	0.004131966432
77458	0.0003054107304
77459	0.0006385053454
77460	0.0008269246061
77461	0.009142675751
77462	0.0008235725173
77463	0.001516927042
77464	0.0001829567159
77465	0.002116492503
77466	0.0007242892964
77467	0.003102783515
77468	0.003980451224
77469	0.002854263389
77470	0.0009705750492
77471	0.0009440310558
77472	8.131590622e-05
77473	0.0008309551351
77474	8.456511134e-05
77475	0.0007584944324
77476	0.0003860843701
77477	0.0004612943042
77478	0.002139697607
77479	0.0003658186997
77480	0.0006595783567
77481	0.0004733677412
77482	0.001632627787
77483	0.0008248990359
77484	0.000436332316
77485	5.904574542e-05
77486	0.0001586020883
77487	0.0004374262249
77488	0.005708347767
77489	0.0005950043015
77490	0.0007540451802
77491	0.0005357189002
77492	0.006707900691
77493	0.001826734106
77494	0.0006182777557
77495	0.003856337872
77496	0.002596561551
77497	0.001654129503
77498	0.002013841507
77499	0.001399115444
77500	0.001296152432
77501	0.004356221933
77502	0.0004302675074
77503	0.001394306452
77504	0.003967719943
77505	0.0003744956443
77506	0.002617988628
77507	0.004405184809
77508	0.0001918325147
77509	0.001438230537
77510	0.00118655523
77511	0.002993585182
77512	0.0008637194763
77513	0.0003011450253
77514	0.005515013661
77515	0.002950429194
77516	0.002896272637
77517	0.006014603959
77518	0.001972801942
77519	0.00221702915
77520	0.002465974775
77521	0.0004889641204
77522	0.006701435345
77523	0.002036280833
77524	0.0004753559726
77525	0.001392383764
77526	0.001296284762
77527	0.003248067723
77528	0.0004333988051
77529	0.002304838584
77530	0.005327818633
77531	1.112084346e-05
77532	0.004115499508
77533	0.0007167078652
77534	0.001002955287
77535	0.0001909560902
77536	0.0005247816843
77537	0.000108919131
77538	0.001128546439
77539	0.002718440952
77540	0.0003072108677
77541	0.004409951166
77542	0.00608783915
77543	0.00045046878
77544	0.001090160789
77545	0.0002330616242
77546	0.0001990956433
77547	0.003505447974
77548	0.001631379329
77549	0.0006908446967
77550	0.0002759333406
77551	0.0002678131446
77552	0.001319911012
77553	0.002529061828
77554	0.0004134304333
77555	0.002079984446
77556	0.0004576886138
77557	6.747868998e-06
77558	0.002457528518
77559	0.001957505985
77560	0.0004362950065
77561	0.0003184415277
77562	0.0008086241988
77563	0.003969942123
77564	0.003604510252
77565	0.002778171397
77566	0.004195420381
77567	0.0005184121687
77568	0.001066632116
77569	0.003350560783
77570	0.006314579606
77571	0.0008920522556
77572	0.004785566395
77573	0.0007185895466
77574	0.004839742514
77575	0.0006818258047
77576	0.0004910132403
77577	0.002280560745
77578	0.0009735748153
77579	0.002943667175
77580	0.001435098537
77581	0.003258873689
77582	0.0001502178218
77583	0.004711396655
77584	0.0001610612287
77585	0.001975426901
77586	0.0003397622759
77587	0.0002603194638
77588	0.0005819559524
77589	0.002353123153
77590	0.0008518741665
77591	0.0002873616001
77592	0.002903333313
77593	0.0008716676872
77594	0.001714413791
77595	0.0007691899526
77596	0.002813301718
77597	0.001283508142
77598	0.002013679432
77599	0.002942142523
77600	0.001555636778
77601	0.0005158630606
77602	0.001040233861
77603	0.006113706113
77604	0.002356531593
77605	0.004979208508
77606	0.0007980020054
77607	0.001097194555
77608	0.002356854781
77609	0.003485491234
77610	0.003946728334
77611	0.001820855687
77612	0.00621723377
77613	0.0001430360488
77614	0.00284159857
77615	0.0048403458
77616	0.0006968164965
77617	0.007215923273
77618	0.002045694146
77619	9.155310331e-05
77620	0.004029221953
77621	0.0005955185578
77622	0.0007559345903
77623	0.004779818038
77624	0.001667221779
77625	0.004561118083
77626	0.00167140633
77627	0.003950342295
77628	0.007875983991
77629	0.001360430626
77630	0.00185043216
77631	0.002164916929
77632	0.003129497764
77633	0.002095556099
77634	0.001013372021
77635	0.0004628984019
77636	0.002997712668
77637	0.002688327421
77638	0.001167312341
77639	0.005319061384
77640	0.001561672757
77641	0.0006576636714
77642	0.001458562327
77643	0.001209424655
77644	0.005124375501
77645	0.003231138629
77646	0.0001656616922
77647	0.007571141122
77648	0.006540980729
77649	0.002190168929
77650	0.006810003967
77651	0.001954555293
77652	0.003254904048
77653	0.002144112192
77654	0.0008558521479
77655	0.002282047946
77656	0.0003105237016
77657	0.001892170476
77658	0.0004943645733
77659	0.005412065731
77660	0.001726461257
77661	0.006979236115
77662	0
77663	0.002833977244
77664	0.00565992437
77665	0.001715917818
77666	0.003598225439
77667	0.002447764885
77668	0.005278331639
77669	0.001253915551
77670	0.005342643295
77671	0.001641659579
77672	0.0009261437859
77673	9.827166704e-05
77674	0.003778778219
77675	0.005879793284
77676	0.00141897532
77677	0.00194106109
77678	0.004058284664
77679	0.0006754307945
77680	0.0001868306289
77681	0.001924078114
77682	0.001526864687
77683	0.00017028852
77684	0.0004217617564
77685	0.0002223216622
77686	0.0003247494687
77687	0.00228794323
77688	0.0002122675337
77689	0.0001958634188
77690	0.00174461014
77691	0.003317045062
77692	6.35563283e-05
77693	0.0003778725505
77694	0.00193874331
77695	0.00228636284
77696	0.0004973949198
77697	0.001816172153
77698	0.0001341426648
77699	0.003364117047
77700	0.001461406767
77701	0.007433902226
77702	0.0005824033918
77703	0.0002448940008
77704	0.0005742927106
77705	2.605990612e-05
77706	8.072622698e-05
77707	0.0004015262509
77708	0.0005002742478
77709	7.278501772e-05
77710	0.0008778834908
77711	0.0004271954679
77712	0.0006775582898
77713	0.003442139909
77714	0.002552695054
77715	0.003750849715
77716	0.00468260576
77717	0.0001726576149
77718	0.002285992039
77719	0.004320463812
77720	0.003026114093
77721	0.0003922418489
77722	0.003683445727
77723	0.0007222478928
77724	7.90371899e-05
77725	0.009134208912
77726	0.003305256407
77727	0.002319782051
77728	0.000146175929
77729	0.004258109171
77730	0.004770975842
77731	0.008796964869
77732	0.0005527675602
77733	0.003131223112
77734	0.002682771087
77735	0.003873669751
77736	0.006772816395
77737	0.008667234496
77738	0.003059351467
77739	0.003368866037
77740	0.007197098729
77741	0.002640520739
77742	0.001857544613
77743	0.006514343739
77744	0.004520788394
77745	0.0003312870664
77746	0.0001199682748
77747	0.003505646504
77748	0.0001354678561
77749	0.002417480871
77750	0.004616606921
77751	0.0005234380456
77752	0.008908754081
77753	0.004625074666
77754	0.001862516815
77755	0.0004134170351
77756	0.000584508795
77757	0.006898649538
77758	0.0004083702013
77759	0.001156347921
77760	0.001657051271
77761	0.001252422076
77762	0.0002515442141
77763	0.001228702706
77764	0.005526210722
77765	0.0004180633236
77766	0.002752168731
77767	0.003467312161
77768	0.003413356855
77769	0.0008649291434
77770	0.001539408957
77771	0.005013526575
77772	0.002318131467
77773	0.004175576213
77774	0.002304228907
77775	0.003758289275
77776	0.0007028946896
77777	0.002712393806
77778	0.0004096964804
77779	0.004621102484
77780	0.002283503825
77781	0.001191117051
77782	0.003454124077
77783	9.948749307e-05
77784	0.0008158216566
77785	0.0005823665406
77786	0.001270377907
77787	0.0004109430544
77788	0.0008929148785
77789	0.001107998314
77790	0.0006092720343
77791	0.00696233144
77792	0.002041456857
77793	0.00183471509
77794	0.001819269785
77795	0.002069892138
77796	0.004070214735
77797	0.0002895385546
77798	0.004423781664
77799	0.0006368519516
77800	0.0004774143245
77801	0.004826733572
77802	0.004875202493
77803	0.001319473653
77804	0.00538626053
77805	0.0009887036722
77806	0.004425669372
77807	0.005096847357
77808	0.001945492612
77809	0.0003945285838
77810	0.001799742699
77811	0.002561660016
77812	0.002860934343
77813	0.000163130608
77814	0.0009643959652
77815	0.001053202492
77816	0.0005262760907
77817	0.001045353645
77818	5.574625698e-06
77819	0.0004783604525
77820	0.0001537367519
77821	0.0003537893248
77822	0.0007095248416
77823	0.0002361547552
77824	0.001907492484
77825	2.666157881e-05
77826	0.002900797613
77827	0.0005186272238
77828	0.0009593345542
77829	0.002314875227
77830	0.007489184231
77831	0.0004257252744
77832	0.004374244331
77833	0.0002129025284
77834	0.0009858212363
77835	0.001620472776
77836	0.0006209796091
77837	0.001036010566
77838	0.0006558326257
77839	0.004773504179
77840	0.0001257914226
77841	0.0007066676546
77842	0.002112327778
77843	0.0006431167335
77844	0.0004678858027
77845	0.001319630233
77846	9.769258746e-05
77847	7.692446402e-05
77848	0.001164239929
77849	0.0004191741164
77850	0.0001815765487
77851	0.002915082247
77852	0.0008759359094
77853	0.0009289076572
77854	0.0004135156161
77855	0.003457268033
77856	0.001384523964
77857	0.0004514312413
77858	0.002499848074
77859	0.0006571861577
77860	0.0003656749938
77861	0.008475526476
77862	0.0002534459729
77863	0.004730873291
77864	0.002098031077
77865	0.001150913394
77866	0.002118215216
77867	0.003875363218
77868	0.001907064528
77869	0.0008147347949
77870	0.002182696774
77871	0.0006091199283
77872	0.0006788646624
77873	0.004608646796
77874	0.004992538366
77875	0.000620750767
77876	0.003095811364
77877	0.0003892049063
77878	0.004131792995
77879	0.0005949853398
77880	0.002565491978
77881	0.0007483410561
77882	0.0004012718435
77883	0.004042776566
77884	0.0004123686218
77885	0.004432098815
77886	0.0008192471354
77887	0.00835029777
77888	0.0008222977632
77889	0.0004268573052
77890	0.001609750608
77891	0.0007016317784
77892	0.001186719196
77893	0.001069808755
77894	0.00650607186
77895	0.001489523744
77896	0.0008881659589
77897	0.001538075627
77898	0.001026394107
77899	0.003332920715
77900	0.002103889849
77901	0.002278606374
77902	0.0003295826878
77903	0.0001208588914
77904	0.001021985979
77905	4.864950634e-06
77906	0.003007088168
77907	0.002856609978
77908	0.002205346897
77909	0.00273149804
77910	0.003596810012
77911	0.0005056460064
77912	0.0005100688834
77913	0.0006830466027
77914	0.003456961984
77915	0.006746297012
77916	0.005161547232
77917	0.004108826701
77918	0.004072402155
77919	0.003408826464
77920	0.003961932577
77921	0.001680545338
77922	0.001710538159
77923	0.000741927331
77924	0.0004801679341
77925	0.0002251404939
77926	0.0006717227107
77927	1.35069396e-05
77928	0.0005271111153
77929	0.0003650414846
77930	4.207547628e-05
77931	0.007305826105
77932	0.0008638748653
77933	0.003678584202
77934	0.001679846632
77935	0.001946994136
77936	0.002202444344
77937	0.002548409196
77938	0.0004371075931
77939	0.0002063269208
77940	0.0002780218783
77941	0.0005516620848
77942	0.00262852402
77943	0.0008647018512
77944	0.0005683212721
77945	0.0005258491784
77946	0.0003194299524
77947	0.001486979072
77948	0.0003188748151
77949	0.001505306238
77950	0.0004579730928
77951	0.0001684519385
77952	0.0004261194223
77953	0.005029082204
77954	0.001408769096
77955	0.0008540171357
77956	0.00258930968
77957	0.005140550547
77958	0.0007171531283
77959	0.005886282528
77960	0.0007118171586
77961	0.00204457725
77962	0.001525151491
77963	2.088095043e-05
77964	0.001910244688
77965	0.001244319942
77966	0.001665953422
77967	0.003615222921
77968	0.002547685835
77969	7.572061786e-05
77970	0.0003540718581
77971	0.0005620355578
77972	0.0004582653888
77973	0.0001292715406
77974	6.121327222e-05
77975	0.0002471621611
77976	0.0002430724494
77977	0.0001599932207
77978	0.0001163549128
77979	0.0004502292642
77980	0.0001322244824
77981	0.0002225037517
77982	0.0005440515072
77983	0.0004237089122
77984	0.0003838171546
77985	0.0004088602012
77986	0.0001300586301
77987	0.0004016659386
77988	0.0001710857482
77989	0.0004169314208
77990	0.0001535952176
77991	0.0001425510341
77992	3.524652197e-05
77993	0.0002675479108
77994	9.33209744e-06
77995	0.0002023738814
77996	0.000593139567
77997	0.0003366196229
77998	0.0003699084514
77999	0.0004037112492
78000	3.526448107e-05
78001	0.0002544465709
78002	8.658713335e-05
78003	0.0004105242072
78004	2.797697569e-05
78005	0.000108363389
78006	0.0001927729771
78007	1.204476822e-05
78008	0.0005012766661
78009	0.0004798090484
78010	7.176161857e-05
78011	3.055520128e-05
78012	0.0002709567442
78013	0.0001540925955
78014	6.003218126e-05
78015	9.588466877e-05
78016	0.0002619191328
78017	0.0001802638625
78018	0.0005382361722
78019	0.0002605536161
78020	0.0002135619727
78021	0.0003799386446
78022	0.0002596704218
78023	0.0001610732287
78024	0.0004215652784
78025	0.0004365048214
78026	0.0004096219589
78027	0.0003437504511
78028	6.781291987e-05
78029	0.0004584683644
78030	0.0003301477594
78031	6.101120555e-05
78032	0.0001292752109
78033	0.000176533878
78034	0.0003019590892
78035	0.0003957076588
78036	0.0001138004165
78037	6.574167818e-05
78038	0.0004133003392
78039	0.0001099690604
78040	0.0007488090974
78041	0.0002826131168
78042	9.174137044e-05
78043	0.0003057421366
78044	2.610379647e-05
78045	0.0004985317136
78046	0.0008090189698
78047	0.0002163020632
78048	0.0001947446869
78049	0.0002709490348
78050	9.91160583e-06
78051	0.0002088966056
78052	0.0001979641416
78053	0.0004870473137
78054	0.0005351237
78055	0.0002821814043
78056	0.0002592519318
78057	3.666678331e-05
78058	1.749030226e-05
78059	0.0001739748942
78060	5.754861642e-06
78061	0.002218783361
78062	0.002050521058
78063	0.0019903698
78064	0.0009492949532
78065	0.0001496999582
78066	0.0004472077482
78067	0.0006804468316
78068	0.0002000428018
78069	0.001115281426
78070	0.004243952875
78071	0.004156810505
78072	0.001865019439
78073	0.003323149892
78074	0.002016627291
78075	0.0004525632285
78076	0.0003122993265
78077	0.003363291355
78078	0.0001173744588
78079	0.0007331283463
78080	7.639419091e-05
78081	0.0008111722915
78082	6.025230897e-05
78083	0.0004427331068
78084	0.001705928929
78085	0.0009085034938
78086	1.79440079e-05
78087	6.934633094e-05
78088	0.000378791979
78089	0.0003842848852
78090	0.0002760044956
78091	0.0001938095165
78092	0.0005600063864
78093	0.0002427032368
78094	0.0008079209533
78095	0.0003444870286
78096	0.0004659997685
78097	0.0001211938563
78098	5.930875595e-05
78099	1.699685431e-05
78100	0.0004530363591
78101	0.0001027269079
78102	0.0002025278262
78103	0.0006280392856
78104	0.0003243827522
78105	0.001711204111
78106	9.256256614e-05
78107	0.001557207994
78108	0.0003874540464
78109	0.0004932085075
78110	0.001410246959
78111	0.0002799776695
78112	0.0002828498712
78113	0.0004380410514
78114	0.0005930869759
78115	0.0002934653975
78116	0.0001488456413
78117	0.0002577265518
78118	0.0003875134973
78119	0.0004639428681
78120	0.000409602101
78121	0.0003920669046
78122	0.0001527880239
78123	0.0006448421689
78124	0.0001472933629
78125	0.0005451865948
78126	0.0001645514815
78127	0.001123343293
78128	0.0004879165256
78129	2.125423595e-06
78130	0.000184207923
78131	0.0008246255379
78132	6.385782676e-05
78133	0.0002173569056
78134	0.0001549509078
78135	0.000384668268
78136	4.479498349e-05
78137	0.0006707249903
78138	0.0002789579511
78139	0.0006064395574
78140	0.0004118190821
78141	1.468649687e-05
78142	2.370720905e-05
78143	0.0001093797245
78144	0.0006555863759
78145	0.0005262431748
78146	8.029790878e-05
78147	0.0005230294866
78148	0.0004606367781
78149	0.0002615241429
78150	9.057815624e-05
78151	0.0004040016311
78152	0.0002500657366
78153	0.000498048948
78154	0.0003166474493
78155	0.0007306291891
78156	0.0004192649524
78157	0.0001514306268
78158	0.00117075121
78159	8.650681813e-05
78160	0.0003290896652
78161	0.0001575302238
78162	0.0004218183822
78163	0.000622115084
78164	0.000221937896
78165	2.50087922e-06
78166	0.001035320594
78167	0.0001718697155
78168	0.0003121098305
78169	0.0006583220515
78170	6.944104709e-05
78171	0.0003944157446
78172	0.0004062451511
78173	0.0001803679788
78174	0.0002846605979
78175	0.0001177033868
78176	0.0002146332321
78177	1.963525358e-05
78178	4.952299572e-05
78179	0.001041245737
78180	0.0005941454318
78181	2.603028846e-05
78182	0.0002733336351
78183	0.0006601322046
78184	9.897820947e-05
78185	0.000677000114
78186	0.0001094231065
78187	0.000330049884
78188	0.0009623612613
78189	8.437824757e-05
78190	3.083823936e-06
78191	0.0005244092932
78192	0.0005636150079
78193	0.0002095464704
78194	0.0004259100357
78195	6.097175976e-05
78196	0.0002362920705
78197	0.0001928721532
78198	0.0005520286486
78199	0.0002515671411
78200	0.0003579028906
78201	0.0002082580031
78202	2.766390725e-05
78203	8.012499929e-05
78204	0.000593350094
78205	0.0008378761661
78206	0.0007381917604
78207	0.0004288646075
78208	0.0002454660345
78209	0.000314657934
78210	0.0005379616193
78211	0.0001622244951
78212	0.0003134579357
78213	0.0002264518862
78214	5.866653968e-05
78215	6.711394143e-06
78216	0.0003481997378
78217	0.0005086213063
78218	9.963445322e-05
78219	0.0004243411192
78220	0.0001078276353
78221	4.705922808e-05
78222	0.0003696457596
78223	0.0009327628506
78224	0.0002608433712
78225	0.0003308938556
78226	0.000596056499
78227	0.0002537160154
78228	0.000238085473
78229	0.0002136951054
78230	0.001143841257
78231	0.000535071462
78232	5.592838187e-05
78233	0.001465103758
78234	0.0002772239588
78235	7.124534317e-05
78236	0.0004743181485
78237	0.0007377535506
78238	0.0001278917176
78239	0.0001244619016
78240	0.0001876697908
78241	7.809963433e-05
78242	0.0004562467892
78243	0.0001864199752
78244	0.0002248006596
78245	6.16523957e-05
78246	0.0002181168785
78247	0.0001447035199
78248	0.0002950105164
78249	0.0002705785405
78250	0.0001853179581
78251	0.0007413328315
78252	0.0002080690037
78253	0.0002153642724
78254	0.0003421402229
78255	0.001377162382
78256	0.0001077065031
78257	2.202753982e-05
78258	0.0004874450896
78259	0.0009120156502
78260	0.0002718911586
78261	0.0001401058057
78262	0.0003851913545
78263	0.0004205480806
78264	0.0001764121394
78265	0.0001294205403
78266	0.0004337295476
78267	0.001434455524
78268	0.0003286738699
78269	0.0002125949529
78270	0.0001234127279
78271	4.699768575e-05
78272	0.0002677247478
78273	0.0003903821582
78274	7.231512656e-05
78275	0.0004127465614
78276	0.0007303153486
78277	0.000302494788
78278	0.0001015022056
78279	9.694558504e-05
78280	0.0002038422326
78281	0.0005367372182
78282	8.141170368e-05
78283	0.000251544825
78284	0.0003465777577
78285	0.001255175564
78286	3.090486659e-05
78287	0.0003159294282
78288	0.0001445151144
78289	5.113608004e-05
78290	1.916689371e-05
78291	0.0001029433366
78292	0.0004120186626
78293	0.0002255233869
78294	4.570294451e-05
78295	7.358912237e-05
78296	0.0001567916485
78297	0.0002494245621
78298	5.07285505e-05
78299	1.604991081e-06
78300	0.0001958057416
78301	0.000142296056
78302	1.46563774e-05
78303	0.0006139604386
78304	3.115779208e-05
78305	0.0004729437706
78306	0.0001078836347
78307	0.0003790709865
78308	0.0001062579577
78309	0.0002708318336
78310	0.0004000118219
78311	0.0001163627475
78312	0.0003392216126
78313	0.00106271308
78314	0.0001769773964
78315	0.0004208482794
78316	0.0001674572228
78317	7.928011398e-05
78318	7.7156667e-05
78319	0.0002740398888
78320	0.0002357502204
78321	0.000247653242
78322	0.0003127559987
78323	0.0001439722034
78324	0.0002671037745
78325	9.907466768e-05
78326	5.611901702e-05
78327	4.384490822e-05
78328	8.183695403e-05
78329	0.0002127393494
78330	0.0001086860684
78331	0.0002895336877
78332	6.049938755e-05
78333	0.0002306973712
78334	0.0001521086071
78335	2.231903208e-05
78336	0.0005004128494
78337	0.0002065760345
78338	0.0003647584272
78339	0.0003084725909
78340	0.0003377116082
78341	5.849229112e-05
78342	0.0001500375577
78343	0.0003193330764
78344	6.090740337e-06
78345	9.047898177e-05
78346	0.0003012067184
78347	5.018635635e-06
78348	0.0004109700623
78349	9.741608686e-05
78350	4.386925455e-05
78351	0.0003304951933
78352	6.218061506e-05
78353	0.000190942583
78354	0.0002714996993
78355	0.0002112652644
78356	0.000153653557
78357	0.0001416305738
78358	0.0001622752503
78359	0.0003432494775
78360	9.340586666e-05
78361	5.713844695e-05
78362	0.0001793052123
78363	0.0001014903421
78364	8.031106709e-05
78365	0.0005367235058
78366	9.464650477e-05
78367	1.199925186e-05
78368	0.001190694739
78369	0.0001898905244
78370	0.0003285627468
78371	0.000417476494
78372	0.0003492801039
78373	2.772096199e-05
78374	0.0002512092654
78375	0.00135218651
78376	0.0002676538403
78377	0.001591182092
78378	0.0002627545109
78379	0.001468252632
78380	0.000356861774
78381	5.84909605e-05
78382	0.001058634446
78383	0.001670175923
78384	0.001382892573
78385	0.001804387745
78386	6.887497807e-05
78387	0.001219116176
78388	0.002918904945
78389	0.002885193415
78390	0.002338964965
78391	9.076994456e-05
78392	0.0002814277645
78393	6.115528479e-05
78394	0.0001959386704
78395	0.0008040086492
78396	0.0002975910456
78397	0.0003304680728
78398	0.000184639534
78399	0.0004182562378
78400	0.0003628377732
78401	7.359370735e-05
78402	1.164464534e-05
78403	0.0002402490675
78404	0.0004850716308
78405	5.624734552e-05
78406	0.0003805233692
78407	0.0005160898656
78408	0.0004338348093
78409	2.123298178e-05
78410	6.206572491e-05
78411	1.678879199e-05
78412	4.360408642e-05
78413	0.0001778911967
78414	0.001505983536
78415	0.001835738979
78416	0.00180488834
78417	0.0008752685203
78418	0.0006109327968
78419	5.61129582e-05
78420	1.863455199e-05
78421	0.001104943539
78422	0.001627099832
78423	0.0001119538124
78424	0.001457681494
78425	0.0002339766698
78426	0.0007783084275
78427	0.001227269645
78428	0.0004425006595
78429	0.0001088155721
78430	0.0008607118734
78431	4.485831776e-05
78432	0.000469637771
78433	0.002407327927
78434	0.000574598363
78435	0.0004145061191
78436	0.001212256638
78437	0.001209279356
78438	7.534880766e-05
78439	0.0004926919071
78440	0.0002209515452
78441	0.0004522363402
78442	4.470256981e-05
78443	2.514818423e-05
78444	5.20702834e-08
78445	0.0004855039018
78446	0.003552572679
78447	0.0008874560868
78448	0.002151627854
78449	0.0008230019238
78450	0.002729681633
78451	0.00224821994
78452	0.0001312949368
78453	0.0001084151682
78454	0.0001627363703
78455	0.0007085686568
78456	0.0007882475352
78457	0.001993564019
78458	0.0002321170439
78459	4.140243611e-05
78460	0.0006321360462
78461	0.0005076813556
78462	0.001764915748
78463	0.003410180982
78464	0.0009201398066
78465	0.0004113573081
78466	0.0037815998
78467	0.0002109040133
78468	0.002977488543
78469	0.004018133569
78470	0.001832883938
78471	0.003090675672
78472	0.002707041461
78473	0.004154073143
78474	0.004157988911
78475	7.057829083e-05
78476	0.006913063857
78477	0.006481610579
78478	0.00220473611
78479	0.0001621645982
78480	0.0005718210192
78481	0.0004898151363
78482	0.001425504175
78483	0.005109810435
78484	0.0001318472385
78485	0.0001912343982
78486	4.634316983e-05
78487	0.0006265470181
78488	0.001168819929
78489	0.0003777380717
78490	0.0004818919123
78491	0.0003352222509
78492	0.0003538488793
78493	0.0005651080098
78494	0.0001869724066
78495	0.0002763596623
78496	0.0005143006546
78497	0.003818015962
78498	3.645815446e-05
78499	0.004924386655
78500	0.004678695061
78501	0.0001495162926
78502	0.0018383203
78503	0.0006121993406
78504	0.002759810215
78505	0.001262679583
78506	0.0011278318
78507	0.003057718028
78508	0.0005498490424
78509	0.0009004902711
78510	0.00123820767
78511	0.001670003274
78512	0.0003224714078
78513	0.00027709438
78514	0.0003489338615
78515	0.0003275238964
78516	0.001621336469
78517	0.001252871204
78518	0.002005916911
78519	0.004145579875
78520	0.000954029197
78521	0.005135748322
78522	0.006964742644
78523	0.007902148637
78524	0.002150604941
78525	0.00338091625
78526	0.003543141316
78527	0.00253399402
78528	0.001572791551
78529	0.001898920777
78530	0.00231782712
78531	0.002701507113
78532	0.004203332911
78533	0.0003142097557
78534	0.001711683584
78535	0.002861198708
78536	0.001101068624
78537	0.002514084247
78538	0.0006661213449
78539	0.001142482965
78540	0.0007504501315
78541	0.0002947019121
78542	0.0005458214764
78543	5.083784627e-05
78544	0.001246345951
78545	0.0001952388986
78546	0.0004976005234
78547	0.0004761848855
78548	0.0009643476586
78549	9.414085413e-05
78550	0.0005939344602
78551	0.0005752179283
78552	0.000383053368
78553	0.0003417996628
78554	0.0003744016711
78555	0.0007119107337
78556	0.001260206664
78557	0.0001847561106
78558	0.0006192057272
78559	0.0006448243696
78560	0.0005426947192
78561	0.001520490441
78562	0.001078550481
78563	0.0005835871342
78564	7.694811993e-05
78565	0.0004186243608
78566	1.712197735e-05
78567	0.008008114222
78568	0.0002039268052
78569	0.0002488788298
78570	0.00469594211
78571	0.001738109935
78572	0.000271374206
78573	0.001157614365
78574	0.001891492514
78575	0.001438094982
78576	0.002445776692
78577	0.001771634751
78578	0.0001134086582
78579	0.0003809594727
78580	0.002632256348
78581	0.0009653281883
78582	0.001245064551
78583	0.0005099900794
78584	0.0001458804704
78585	0.0002135678508
78586	0.0001103981577
78587	0.0009505550263
78588	0.001958702395
78589	0.0007848204417
78590	0.0004584324319
78591	0.003104517736
78592	0.000526913229
78593	0.002765283223
78594	0.0007564886632
78595	0.0008479205165
78596	0.0007258349047
78597	0.001988602561
78598	0.004845626445
78599	0.00448393552
78600	0.002026340737
78601	0.001453756686
78602	0.002421646328
78603	0.0005436908811
78604	0.0005767247002
78605	0.001492674257
78606	0.000116111403
78607	0.0005236781011
78608	0.002250182456
78609	0.0002144658463
78610	0.001026429194
78611	0.0007127835346
78612	0.0005814044605
78613	3.802434474e-05
78614	0.004052316365
78615	6.027753361e-05
78616	9.970266821e-06
78617	0.0006380853702
78618	0.004475909715
78619	0.003095142061
78620	0.001136107827
78621	0.002002141565
78622	0.0003509491847
78623	0.003437514124
78624	0.0007325588817
78625	5.870382693e-05
78626	0.001492211858
78627	0.002792577701
78628	0.001182480806
78629	0.0001866727014
78630	0.001266050692
78631	0.002101529057
78632	0.0001891747945
78633	0.003519524106
78634	0.006038857922
78635	5.366819705e-05
78636	5.410397975e-05
78637	0.001501837589
78638	0.0006610900155
78639	0.0004415537781
78640	0.006926324291
78641	0.001162286126
78642	0.0001629826052
78643	0.0004706770321
78644	0.0003791891308
78645	0.0004383980879
78646	0.001370556894
78647	0.0001272676212
78648	0.002761035885
78649	0.0002084770513
78650	0.005019243829
78651	0.005036889948
78652	0.004642550171
78653	0.000933690706
78654	0.0007296002001
78655	0.003736784651
78656	4.364541256e-05
78657	0.001131631537
78658	0.003917918464
78659	0.00162837466
78660	0.0004776235249
78661	0.0004370379653
78662	0.001956770857
78663	0.0007012080034
78664	0.001213435463
78665	0.0006075997346
78666	0.0006819300028
78667	0.0008564471146
78668	0.0007805205244
78669	0.001011814133
78670	0.001725126825
78671	0.006843512307
78672	0.006760409065
78673	0.00211099517
78674	0.001080554661
78675	0.0005166955187
78676	0.0003111588472
78677	0.003469486679
78678	0.0005518316708
78679	0.001911138142
78680	0.0006116119142
78681	0.0007091346283
78682	0.0008811060293
78683	0.001670990567
78684	0.0003777837592
78685	0.001449860695
78686	0.0002655549906
78687	0.005244528242
78688	0.0005350339938
78689	0.003012701441
78690	0.0006984740413
78691	0.0006787302644
78692	0.001801527414
78693	0.0007927984981
78694	4.97574318e-05
78695	0.0007308692117
78696	0.0003467193439
78697	0.005711691887
78698	0.0013168728
78699	0.001239643593
78700	0.001278778162
78701	0.0001210124122
78702	0.00493466766
78703	0.003806090123
78704	0.003783199466
78705	0.007539957231
78706	0.007014214764
78707	0.007641749567
78708	0.0001410890883
78709	0.008226290314
78710	0.003356896042
78711	0.008558107535
78712	0.01010667598
78713	0.003263299901
78714	0.00309597909
78715	0.008703305676
78716	0.003737611831
78717	4.82697235e-07
78718	0.004022057644
78719	0.004943708701
78720	0.005393511319
78721	0.005769818973
78722	0.005846166608
78723	0.004529506984
78724	0.006019148048
78725	0.001373216734
78726	0.004220775009
78727	0.005710776947
78728	0.001068561454
78729	0.005794505738
78730	0.00405399121
78731	0.003233261108
78732	0.003635837599
78733	0.003692731209
78734	0.001032508906
78735	0.00105139273
78736	0.001988017049
78737	0.0006050023763
78738	0.0005981089295
78739	0.002623915684
78740	0.0006048339304
78741	0.006373682627
78742	0.001155794151
78743	0.0005740390646
78744	0.0009399722427
78745	4.928395596e-05
78746	5.780404623e-05
78747	0.0002838264621
78748	0.0004659274326
78749	0.0008839818529
78750	0.004441895863
78751	0.0006038400645
78752	0.0001578649233
78753	0.0009793357224
78754	0.006982407921
78755	0.002980771659
78756	5.790505081e-05
78757	0.0002571855337
78758	0.000603522814
78759	0.002291126805
78760	0.006144926152
78761	0.001981120735
78762	3.193636947e-05
78763	0.002576960304
78764	0.001042804098
78765	0.001500047437
78766	0.0005967302635
78767	0.003141172717
78768	0.002285844387
78769	0.003493661264
78770	0.003753942484
78771	0.008033986642
78772	2.294806716e-05
78773	0.001705379465
78774	0.001971848663
78775	0.003517431023
78776	0.0001837666649
78777	0.003855288231
78778	0.001286198581
78779	0.004654607756
78780	0.00122950887
78781	0.00283720745
78782	0.002509429494
78783	1.733406267e-05
78784	0.003906960376
78785	0.00397915777
78786	0.0004806414376
78787	0.003601879666
78788	0.0002890035625
78789	0.003254932372
78790	0.007502236588
78791	0.003992976055
78792	0.001807407868
78793	0.00143466928
78794	0.001780511332
78795	0.0001313553389
78796	0.004027883842
78797	0.002792484994
78798	0.00437925958
78799	0.006941600663
78800	0.001438596453
78801	0.002422729439
78802	0.001021753897
78803	0.002681067088
78804	0.003271734375
78805	0.00351621869
78806	0.004542262408
78807	0.001263267962
78808	0.001159227165
78809	0.002275524926
78810	0.001753761753
78811	0.004904257694
78812	0.005838082924
78813	0.001965943519
78814	0.0007091081962
78815	0.004648160462
78816	0.001666310529
78817	0.005326462616
78818	0.002626388893
78819	0.0005799409471
78820	0.002070516367
78821	0.001829590563
78822	0.003910997265
78823	0.001282462229
78824	0.006230342895
78825	0.003212783915
78826	0.000650760345
78827	0.003824032718
78828	0.002950309588
78829	0.0006573579857
78830	0.003965009004
78831	0.0004943362059
78832	0.006852279424
78833	0.001792014166
78834	0.00418447006
78835	0.004167910538
78836	0.0002996505337
78837	0.003178805315
78838	0.005210383472
78839	0.003587187519
78840	0.0003732582004
78841	0.001396204504
78842	9.306939114e-05
78843	0.003068862478
78844	0.0009634552454
78845	0.003406971373
78846	0.002927537295
78847	0.004840119714
78848	0.0002941758782
78849	0.003319404649
78850	0.006405291653
78851	0.001738562627
78852	0.003355126973
78853	0.003180144812
78854	0.003380000166
78855	0.005544918054
78856	0.004046936573
78857	0.003051709596
78858	0.002924035945
78859	0.001222856288
78860	0.002375726376
78861	0.003622116267
78862	0.005316522081
78863	0.005141430172
78864	0.0006743507991
78865	0.006317712046
78866	0.0007483104842
78867	0.000159875667
78868	0.002941624547
78869	0.00370875612
78870	0.00347385775
78871	0.002109896036
78872	0.0007780641378
78873	0.0004371570209
78874	0.00185496366
78875	0.005120358012
78876	0.00104929742
78877	0.001462715291
78878	0.0007530476304
78879	0.001014410125
78880	0.001754239386
78881	0.002226949697
78882	0.003438839474
78883	0.0004424858569
78884	0.0006030980318
78885	0.005184015751
78886	0.0001573941647
78887	0.00406602676
78888	0.0007791460847
78889	0.0002338075826
78890	0.0002418447032
78891	0.001372176916
78892	0.0006199866838
78893	0.0007104590402
78894	0.002179912838
78895	0.00273925885
78896	0.002476058906
78897	0.004194447136
78898	0.0006028073104
78899	0.003020946889
78900	0.002939948416
78901	0.006185317668
78902	0.0005785682118
78903	0.001217412333
78904	0.0002231499651
78905	0.001699473643
78906	0.00217756314
78907	0.002798320069
78908	0.002759667291
78909	0.003293834377
78910	0.0001946926025
78911	0.000753403389
78912	0.002228515836
78913	0.0002108075597
78914	0.001783550652
78915	0.004241251817
78916	0.003662403705
78917	4.090737947e-05
78918	0.002386163266
78919	0.001180884497
78920	0.004595511379
78921	0.001125820925
78922	0.0001119262398
78923	0.0002804095488
78924	0.0003540490502
78925	2.961894215e-05
78926	7.260389374e-05
78927	1.807281725e-05
78928	4.491643906e-05
78929	0.0004586745248
78930	0.0001093805028
78931	0.001045767363
78932	0.005683463368
78933	0.0007727379031
78934	0.002297546026
78935	0.0007950647883
78936	0.003826159537
78937	0.001314696617
78938	0.0001476973936
78939	0.003107473433
78940	0.005565401799
78941	0.0008614088801
78942	0.002204949097
78943	0.0005664186117
78944	0.001376222796
78945	0.002575191933
78946	0.001559971643
78947	7.362424907e-06
78948	0.001546878428
78949	0.002910242695
78950	0.002895782569
78951	0.003045310002
78952	0.00199256272
78953	0.0003300706634
78954	0.001045761057
78955	0.003044194069
78956	0.003586372009
78957	0.005189156511
78958	0.001742586572
78959	0.000684159308
78960	0.00217259206
78961	0.0004961681405
78962	0.005105571448
78963	0.001054009143
78964	0.001706374108
78965	0.004542560592
78966	0.001407906502
78967	0.0003469554341
78968	0.002170030368
78969	0.002155483066
78970	0.0006854496483
78971	0.001285150302
78972	0.001044887535
78973	0.006821451105
78974	0.002028792969
78975	0.0008201294384
78976	0.0002890577852
78977	0.001310941471
78978	0.001004567187
78979	0.002260773777
78980	0.002312124959
78981	0.003996311431
78982	0.0001675694953
78983	0.001805795873
78984	0.002156590061
78985	0.004711768902
78986	0.0008076916631
78987	0.0007332200121
78988	0.002375262656
78989	0.001416411755
78990	0.001928432318
78991	0.004874447018
78992	0.0002950918573
78993	0.001013795647
78994	0.003882303573
78995	0.002372580331
78996	0.0008966794113
78997	0.004165590407
78998	0.002874800715
78999	3.418077565e-05
79000	0.003045482203
79001	0.0001640523982
79002	0.005704378344
79003	0.0003579498017
79004	0.00054232806
79005	0.001608153062
79006	1.74115153e-05
79007	0.002871721008
79008	0.001607695929
79009	0.0004765444886
79010	0.003607404492
79011	0.002161809639
79012	0.0007041718037
79013	0.001359586963
79014	1.496593525e-05
79015	0.008028856934
79016	0.002568574018
79017	0.001288702017
79018	0.0007945711748
79019	0.003481780261
79020	0.0007537910964
79021	0.0007611279339
79022	0.0002544292055
79023	0.0009012970615
79024	0.0005861281986
79025	0.005540467159
79026	0.002134685786
79027	0.0008167753869
79028	0.002291036669
79029	0.00054157904
79030	0.006745606738
79031	0.001839639936
79032	0.001705401533
79033	0.002083738464
79034	0.0005473870652
79035	0.004448605677
79036	0.003437669901
79037	0.0009684409125
79038	0.004137961068
79039	0.001297624194
79040	0.002142702359
79041	0.0007775186654
79042	0.004668518284
79043	0.002568076434
79044	0.004178511004
79045	7.571300953e-05
79046	0.0001581923069
79047	0.001271696157
79048	0.007490835747
79049	0.001207955688
79050	0.001115385102
79051	0.0003987909302
79052	0.0007766728415
79053	0.000138939758
79054	0.0001820977015
79055	0.002403967508
79056	0.0004955194396
79057	0.001550060828
79058	0.003535429559
79059	0.00151333987
79060	0.005613207367
79061	9.483037122e-05
79062	0.002942626335
79063	0.006592037477
79064	0.004990013066
79065	0.001289453254
79066	0.001072476759
79067	0.002880061624
79068	0.001993215773
79069	0.0001569118273
79070	0.0008410336883
79071	0.002304826099
79072	0.000456679483
79073	0.003233088035
79074	0.005958266545
79075	0.001910259381
79076	0.001443555773
79077	0.003058907647
79078	0.001824948959
79079	0.001218891828
79080	0.0008848120536
79081	0.0008309895438
79082	0.0002387656243
79083	7.941100748e-06
79084	0.0006471258128
79085	0.001713537761
79086	0.006791027462
79087	0.0007630980094
79088	0.0021791534
79089	0.003139140717
79090	0.003008611601
79091	0.002380405499
79092	0.001281154067
79093	0.001135947183
79094	0.001945427265
79095	0.002518964232
79096	0.004425098183
79097	0.00262358018
79098	0.0004450158008
79099	0.0003308627209
79100	0.0004220353408
79101	0.001894287545
79102	9.175435881e-05
79103	0.0007599906473
79104	0.0003958642319
79105	0.0009440991062
79106	0.001524482459
79107	0.00109551728
79108	0.0004039671029
79109	0.002201820278
79110	0.004023211873
79111	0.0006017830095
79112	0.002946954976
79113	0.002476571657
79114	0.0004184229698
79115	0.001049664534
79116	0.000624840773
79117	0.002760593196
79118	0.001041645967
79119	0.001532444331
79120	0.001417573394
79121	0.003754447568
79122	0.002541951038
79123	0.001946154062
79124	0.0003310278807
79125	0.001865541658
79126	0.002127912615
79127	0.002824948524
79128	0.002494777001
79129	0.001127895033
79130	0.0002920596178
79131	0.004392218074
79132	0.00408137423
79133	0.0005372643659
79134	0.002996797684
79135	0.0006649110714
79136	0.0009815391363
79137	0.002875625088
79138	0.003217158785
79139	0.001401192621
79140	0.003692886988
79141	0.002251708959
79142	0.003273823196
79143	0.003049116584
79144	0.001923899803
79145	0.002898210889
79146	0.001004956597
79147	0.003151064614
79148	0.001811022793
79149	0.0001003593653
79150	0.000331577519
79151	0.002540659354
79152	0.004972453957
79153	0.0004805965492
79154	0.0003539372495
79155	0.002849739077
79156	0.002376582366
79157	0.002661186199
79158	0.001883784766
79159	0.0004329849282
79160	0.00107004806
79161	0.00360522012
79162	7.680869426e-05
79163	0.002050191699
79164	0.001139487445
79165	0.001445006801
79166	0.002032300477
79167	0.0008588693304
79168	0.001689269459
79169	0.001014786431
79170	0.003059664366
79171	0.002300091518
79172	0.001383563063
79173	0.001158184737
79174	0.001223994971
79175	0.001557237176
79176	1.023550927e-05
79177	0.004533567877
79178	0.0009143292096
79179	0.00111430253
79180	0.001139946888
79181	0.001160710575
79182	1.544593616e-05
79183	0.0004228327373
79184	0.001879723374
79185	0.002729740756
79186	0.0008123045556
79187	0.0004966267877
79188	0.002020013409
79189	0.0005086610751
79190	0.00294792433
79191	0.001781656372
79192	0.002007788904
79193	0.00223495358
79194	0.002013226734
79195	0.003715369817
79196	0.001927939272
79197	0.0008453235484
79198	0.002090611982
79199	0.006090359035
79200	0.001108570326
79201	0.0009629782295
79202	0.0004642148375
79203	0.00291511758
79204	0.003485424304
79205	0.005135566374
79206	0.0003864824947
79207	0.003034493072
79208	0.001862954598
79209	0.0001779345344
79210	7.879736882e-05
79211	0.002674755031
79212	0.002718659864
79213	0.002158654733
79214	0.0005488265945
79215	0.0007894584664
79216	0.001928185593
79217	0.0008987240149
79218	0.001688553097
79219	0.0004405249736
79220	0.001965508254
79221	0.0006003744827
79222	0.001883334526
79223	0.001915785236
79224	0.001569397353
79225	0.001032434431
79226	0.0001926697936
79227	0.004421037212
79228	0.000525396615
79229	0.005911394593
79230	0.002223655908
79231	0.006038521519
79232	0.001773242054
79233	0.002825236669
79234	0.001728018493
79235	0.001557152644
79236	0.0007712070899
79237	0.003325494742
79238	0.0001173514911
79239	0.001503069572
79240	0.002158148374
79241	0.0005806076623
79242	0.0005123136818
79243	0.0004543472817
79244	0.003395193974
79245	0.00355640918
79246	0.002287948518
79247	0.001280851054
79248	0.0008881938266
79249	0.001346130279
79250	0.001202909162
79251	0.0001708560361
79252	0.0004583115156
79253	0.001065097317
79254	0.001560731129
79255	0.001946275712
79256	0.009940361007
79257	0.006571384151
79258	0.002840737367
79259	0.007494464306
79260	0.00161684008
79261	0.00340194369
79262	0.0002002796086
79263	0.004355703478
79264	0.002915414653
79265	0.0003408106262
79266	0.002257424693
79267	0.003087097261
79268	0.001609399424
79269	0.002089184143
79270	0.003701251793
79271	0.001549707378
79272	0.0003875850033
79273	0.002304815369
79274	0.00223387965
79275	0.0008550480097
79276	0.00395641371
79277	0.005310223836
79278	0.003504063014
79279	0.003538118454
79280	0.0003325605503
79281	0.006628667023
79282	0.004453160699
79283	0.002480993655
79284	0.002282249236
79285	0.003506623376
79286	0.001435098663
79287	0.002023249253
79288	0.0008732598042
79289	0.001160669952
79290	0.0003230780374
79291	0.0001638907995
79292	0.00494206024
79293	0.001656303189
79294	0.0008115786514
79295	0.001527769943
79296	0.001761521517
79297	0.0003706929781
79298	0.001443623684
79299	0.001987762232
79300	0.0004524915516
79301	0.0001926971782
79302	0.002048467891
79303	0.002903442232
79304	0.0001727639025
79305	0.000983927115
79306	0.0002575172107
79307	0.002455731376
79308	0.002169789774
79309	0.0003242599086
79310	0.002635446426
79311	0.001157460617
79312	0.002849432754
79313	0.003170626457
79314	0.001196595042
79315	0.002189392253
79316	0.0002137590199
79317	0.00154153939
79318	0.003691493351
79319	0.001409513895
79320	0.001424990866
79321	0.0009369126942
79322	0.005978687092
79323	0.003568790175
79324	0.0007232355847
79325	0.006379654203
79326	0.004187091374
79327	0.006857161497
79328	0.004699967368
79329	8.836381355e-06
79330	0.00424599326
79331	0.007565608247
79332	0.003832030655
79333	0.00771967516
79334	0.001526874033
79335	0.002116290829
79336	0.001960775319
79337	0.0006977683166
79338	0.001481207977
79339	0.0008022656333
79340	0.0002055652467
79341	0.002236260163
79342	0.001536195983
79343	0.000678705639
79344	0.002019530435
79345	0.0003059393532
79346	0.004174000542
79347	0.001888159043
79348	0.001280041853
79349	0.00609982398
79350	0.0027691871
79351	0.003829760872
79352	0.00367345252
79353	0.003238967284
79354	0.003099936946
79355	0.0008756869024
79356	0.004830464002
79357	0.00427169571
79358	0.0009976663758
79359	0.00603294283
79360	0.001132625081
79361	0.004701341224
79362	0.005269291745
79363	0.003376652302
79364	0.005400830959
79365	0.004505774493
79366	9.160255235e-06
79367	0.004603356578
79368	0.0007101317173
79369	0.002814580948
79370	0.005258818884
79371	0.0002729423204
79372	0.004339583234
79373	0.005301124645
79374	0.002487846257
79375	0.005285985465
79376	0.007740721197
79377	0.004846697302
79378	0.0004805717141
79379	0.002056238233
79380	0.001054382899
79381	0.002554196847
79382	0.003180620036
79383	0.004467381559
79384	0.0002026134014
79385	0.006700431876
79386	0.004051228617
79387	0.0003130876042
79388	0.006354233252
79389	0.003402195729
79390	0.01066597087
79391	0.003258032478
79392	0.004851639632
79393	0.001489855704
79394	0.001406015258
79395	0.002727708944
79396	0.002770589926
79397	0.004591282676
79398	0.006607063481
79399	0.002515203934
79400	0.007113016645
79401	0.002415380072
79402	0.005189886964
79403	0.0008897744233
79404	0.002231021466
79405	0.002676276367
79406	8.771330208e-06
79407	0.0009183407383
79408	0.004029658564
79409	0.002760991756
79410	0.0002213741989
79411	0.006185129567
79412	0.002350388661
79413	0.002661988526
79414	0.001995967278
79415	0.0005153579205
79416	0.003985699039
79417	0.001893638168
79418	0.001686785904
79419	0.0003078310353
79420	1.898940348e-05
79421	3.481422004e-06
79422	0.001771406582
79423	0.0003133325072
79424	0.003345227224
79425	0.002055709142
79426	0.0002161930087
79427	0.0005635535487
79428	0.001902051603
79429	0.002913410994
79430	0.001673954238
79431	0.003274137363
79432	0.001246389069
79433	0.004446042236
79434	0.0004712557581
79435	0.0005271770429
79436	0.001255957047
79437	0.001363665078
79438	0.0009710003794
79439	0.004127599528
79440	0.0008625949601
79441	0.003229569978
79442	0.002656150208
79443	0.003097518735
79444	0.0002587341989
79445	0.0008774262353
79446	0.006537125614
79447	0.0009817893235
79448	0.004578921026
79449	0.0004862536054
79450	0.000287092452
79451	0.002957144981
79452	0.001958669652
79453	0.002624086544
79454	0.0008272206571
79455	0.0001139026605
79456	0.0004903777339
79457	0.002252898186
79458	0.003641692156
79459	0.003253146878
79460	0.00177367014
79461	0.003483015225
79462	0.00491120147
79463	0.001639192348
79464	0.0008340309379
79465	0.0002018431028
79466	0.004626419257
79467	0.005761571842
79468	0.00342829184
79469	0.001480313247
79470	0.0009854820696
79471	0.0023350999
79472	0.001613371466
79473	0.000286518052
79474	0.0004784679869
79475	0.004648179745
79476	0.004426568457
79477	0.001936361194
79478	0.003186236126
79479	0.00134639094
79480	0.0006773715928
79481	0.00202003
79482	0.0008497254796
79483	0.0003818465808
79484	0.001397915215
79485	0.0008364681893
79486	2.095989157e-05
79487	0.0005213171053
79488	0.0056297745
79489	0.00251914865
79490	0.001572201227
79491	0.001628817767
79492	0.002074047176
79493	0.003880626813
79494	0.00413754856
79495	0.002203008739
79496	0.001400787006
79497	0.003925992462
79498	0.002169194351
79499	0.004442441636
79500	0.0002029985332
79501	0.001347761219
79502	0.003050417476
79503	0.002756944168
79504	0.0007980102921
79505	0.005932627685
79506	0.003110834085
79507	0.002372887079
79508	0.003874206707
79509	4.599416824e-05
79510	0.00568990815
79511	0.0001495372345
79512	0.0001425012469
79513	0.002067541675
79514	0.001819928067
79515	0.0003037285645
79516	0.001073290384
79517	0.002621621232
79518	0.0006394093179
79519	0.004202875076
79520	0.00369559016
79521	0.001047618146
79522	0.00106188016
79523	0.004105252024
79524	0.000451711037
79525	0.001728191497
79526	0.002515594257
79527	0.002269083362
79528	0.003293190297
79529	0.0001494283528
79530	0.0004045763606
79531	0.002732849283
79532	0.0006674009371
79533	0.00503337162
79534	0.003543744559
79535	0.002076797422
79536	0.0009032524438
79537	0.0005843687255
79538	0.002137394279
79539	0
79540	0.002959087106
79541	0.0009670958223
79542	0.0001794968797
79543	0.003215243135
79544	0.003050509936
79545	0.001249335157
79546	0.0001447417525
79547	0.001612208023
79548	0.0002005755672
79549	0.003950145907
79550	0.003576030411
79551	0.0009653247266
79552	0.0001011177062
79553	0.002500099005
79554	0.002292798343
79555	0.002178619541
79556	0.001346737406
79557	0.001780853166
79558	0.0006102859869
79559	0.005023888643
79560	0.0009886448392
79561	0.003608967411
79562	0.0008440779066
79563	0.005368426624
79564	0.005232505125
79565	0.0008291058055
79566	0.00652009241
79567	0.00150645995
79568	0.000625330069
79569	0.0008140071955
79570	0.0003301924632
79571	0.002409515754
79572	0.0001431324149
79573	0.0006744677922
79574	0.004910813953
79575	0.001057881934
79576	0.005015971635
79577	0.002091545781
79578	0.0008598415905
79579	0.001062038711
79580	0.0003660959563
79581	0.0004044847559
79582	0.001613753745
79583	2.027174608e-05
79584	0.001507917991
79585	0.004667681713
79586	0.003729578234
79587	0.0006685758279
79588	0.0004930481289
79589	0.0004673818066
79590	0.002112824631
79591	0.001067266841
79592	0.0002380729338
79593	0.001129267239
79594	0.002342800025
79595	0.00213002323
79596	8.275558164e-05
79597	0.004487912518
79598	0.002016947318
79599	0.001942740196
79600	0.001851221877
79601	0.002370466775
79602	0.0006192795253
79603	0.001253097832
79604	0.002433520151
79605	0.0008733401416
79606	0.0001969928305
79607	0.002589394803
79608	0.002450088802
79609	0.0006961988053
79610	0.003355510383
79611	0.0002329090942
79612	0.001780574548
79613	0.002388954788
79614	0.0002974840558
79615	0.004293211373
79616	0.001891176475
79617	0.002223908197
79618	0.001136636716
79619	0.001121253086
79620	0.002848186904
79621	0.001379258252
79622	0.003678372015
79623	0.001488008953
79624	0.00452578325
79625	0.00304274145
79626	0.0003342834095
79627	0.004272340277
79628	0.001902895943
79629	0.001555501963
79630	0.0001325159512
79631	0.001307763944
79632	0.0007982477807
79633	0.0009001107994
79634	0.0003239166729
79635	0.00104601516
79636	0.0002500434573
79637	0.002628815741
79638	0.002290880927
79639	0.001131942564
79640	0.0007815892008
79641	0.0004303074539
79642	0.001101650612
79643	0.001151428395
79644	0.001117944146
79645	0.0053365627
79646	0.0008163905975
79647	0.002345610696
79648	0.004232632806
79649	0.001654682741
79650	0.002726548398
79651	0.003991408635
79652	3.39474777e-05
79653	0.001288041997
79654	0.000647015354
79655	0.0009039887748
79656	0.001336341617
79657	0.004341618912
79658	0.001796389758
79659	0.002547755419
79660	0.002112592734
79661	0.000325853805
79662	7.124667224e-05
79663	0.001470407676
79664	0.004415745377
79665	0.0006173336718
79666	0.001850812665
79667	0.002400963466
79668	0.0005857679025
79669	0.005021312689
79670	0.001156040622
79671	0.003267184637
79672	0.001659139886
79673	0.001234105458
79674	2.655679708e-07
79675	0.002711552445
79676	0.0004905727426
79677	0.003270858542
79678	0.0003533257819
79679	0.001964138022
79680	0.00192747153
79681	0.001329578616
79682	0.0007223595245
79683	0.002851634294
79684	0.001716329135
79685	0.0004398167578
79686	6.849245871e-05
79687	0.0004001566387
79688	0.00634298845
79689	0.00286196155
79690	0.000227829896
79691	0.001683383699
79692	0.0003396045172
79693	8.936286226e-05
79694	0.0003874182425
79695	0.002145666599
79696	0.0009698755498
79697	0
79698	0.001389100004
79699	0.002441154538
79700	0.0006410708452
79701	0.005946794336
79702	0.0005852027029
79703	0.004067047159
79704	0.002109037652
79705	0.006398669838
79706	0.004781312245
79707	0.007323697122
79708	0.003113087175
79709	0.002099084266
79710	0.002952414679
79711	0.00514048287
79712	0.005828966872
79713	0.000511190752
79714	0.006999366422
79715	0.001900828413
79716	3.762076173e-05
79717	0.004235986186
79718	0.0005682676541
79719	4.623984656e-05
79720	0.003042093939
79721	0.003584897541
79722	0.0001458193473
79723	0.005501468681
79724	0.002774666601
79725	0.00837606
79726	0.005670232932
79727	8.080738577e-05
79728	0.005288848709
79729	0.004195077049
79730	0.003234560452
79731	0.001891339487
79732	0.001042204593
79733	0.002398641746
79734	0.0008705502835
79735	0.00414754311
79736	0.002197747881
79737	0.002598566426
79738	0.004493978968
79739	0.00334073776
79740	0.003992671232
79741	0.0009930385378
79742	0.0003918532288
79743	0
79744	0.001016259977
79745	0.002919050684
79746	0.0009695476422
79747	0.004407177955
79748	0.0003081403955
79749	0.004521836437
79750	0.000672698563
79751	0.002056811146
79752	0.003346868998
79753	0.003136131936
79754	0.002213263773
79755	0.001149789144
79756	0.004635779408
79757	0.005453272678
79758	0.002868481267
79759	0.0006939202879
79760	2.781161808e-05
79761	0.001337033936
79762	0.0006247781366
79763	0.0008196294566
79764	0.001781428887
79765	0.003853976052
79766	0.006035821196
79767	0.002975330269
79768	0.0005030814459
79769	0.008806241498
79770	0.0002425290348
79771	0.0004902524044
79772	0.0003655510823
79773	0.0007137515903
79774	0.00119574614
79775	0.001425326427
79776	0.007321668028
79777	4.317521094e-06
79778	0.001991829452
79779	0.001473339382
79780	0.0002905052746
79781	0.002353125645
79782	0.004341268441
79783	0.002905496379
79784	0.001526404351
79785	0.001757398231
79786	0.0001076386839
79787	0.002814523887
79788	0.001070525241
79789	0.001068722783
79790	0.002029418431
79791	0.001193549744
79792	0.00053893556
79793	0.004570059822
79794	0.0009734891749
79795	0.001961966409
79796	0.0007023965271
79797	0.002019079979
79798	0.001257269863
79799	0.0004156121886
79800	0.0001360533526
79801	5.809836969e-05
79802	0.0005344919608
79803	0.0002870422235
79804	0.000473226769
79805	0.001161436098
79806	0.001601172981
79807	0.002650419787
79808	0.001457202931
79809	0.004994617334
79810	0.004040500507
79811	0.002085434647
79812	0.0005942949351
79813	0.001474530604
79814	0.001539152039
79815	0.002408727469
79816	0.002397867321
79817	0.002124121801
79818	0.0006800315438
79819	0.003078961194
79820	0.0003105557196
79821	0.003209127782
79822	0.0007959133304
79823	0.003673337414
79824	0.00111814341
79825	0.001954693439
79826	0.002286686
79827	0.002658262246
79828	0.0007092578104
79829	0.000489337496
79830	0.003400667059
79831	0.003799448629
79832	0.002780815569
79833	0.001504282848
79834	0.0009885851994
79835	0.0004152299936
79836	0.0005155238976
79837	0.002700823156
79838	0.002392394332
79839	0.001167053727
79840	0.001824199299
79841	0.002846522416
79842	0.00334141252
79843	0.0002686857429
79844	0.000749376575
79845	0.0005775768463
79846	0.006322075567
79847	0.006228283231
79848	7.904530671e-05
79849	0.001674160216
79850	0.001819071582
79851	0.0007732182244
79852	0.005242150025
79853	0.0001443916792
79854	0.0008865324425
79855	0.002063298416
79856	0.004080711482
79857	0.0007823447643
79858	0.0001297713292
79859	0.001644862551
79860	0.001411248107
79861	0.001158182329
79862	0.002503298964
79863	0.00374169855
79864	0.007235924851
79865	0.003449967198
79866	0.002396436731
79867	0.007008407273
79868	0.0005708525486
79869	0.0004654089814
79870	0.0005423789539
79871	1.464842092e-05
79872	0.002243124819
79873	0.003966951012
79874	0.005057261804
79875	0.001288682467
79876	0.002471763825
79877	0.003892688916
79878	0.002221611911
79879	0.003100441612
79880	0.0005570285598
79881	0.001413159395
79882	0.003874786631
79883	0.00222664494
79884	0.002048142075
79885	0.0006180098959
79886	0.002920390725
79887	0.001889336274
79888	0.0001132743849
79889	0.0005518786317
79890	0.0005340530176
79891	0.007110218405
79892	0.001508790484
79893	0.001579087853
79894	0.0007858329736
79895	0.0004718324023
79896	0.005395468188
79897	0.001416413881
79898	0.002806749561
79899	0.003923269857
79900	0.0006084190877
79901	0.003074830159
79902	0.005237299075
79903	0.006126712545
79904	0.003929652332
79905	0.002927813537
79906	0.001423469534
79907	0.001492727632
79908	0.0009086487707
79909	0.003336703501
79910	0.004725009415
79911	0.0004802141358
79912	0.003374464444
79913	0.00278937321
79914	0.0009458194785
79915	0.004232448197
79916	0.003562656453
79917	0.005799888275
79918	7.232837358e-05
79919	0.0004935159932
79920	0.002041184659
79921	0.004257605181
79922	0.0009572809924
79923	0.001749642342
79924	0.002165054532
79925	0.0003343999063
79926	0.006675516754
79927	0.001146641379
79928	0.0009231845319
79929	9.779447099e-05
79930	0.0008039725561
79931	0.0002476916378
79932	0.002178329675
79933	0.003931588113
79934	4.536340348e-05
79935	0.002634769111
79936	0.002990979608
79937	0.004942577368
79938	0.002231867433
79939	0.006542314901
79940	0.002101209064
79941	0.004859480862
79942	0.002330952355
79943	0.001372211881
79944	0.001376213282
79945	0.003158332984
79946	0.002221161691
79947	0.0007513636756
79948	0.0008803258288
79949	0.001596065404
79950	0.002701972125
79951	0.002949553689
79952	0.0009197584521
79953	0.002279987339
79954	0.0009371541623
79955	0.002492600843
79956	0.004326420357
79957	0.0004446884621
79958	0.001708486109
79959	0.001437477778
79960	0.0009655162759
79961	0.003311186335
79962	0.003736889387
79963	0.003998199838
79964	0.001984777992
79965	0.001096305444
79966	0.003461960706
79967	0.0004356254824
79968	0.001064590478
79969	0.002935140004
79970	0.002833364403
79971	0.002204906488
79972	0.002168430342
79973	0.002445262002
79974	0.0002499446923
79975	0.0008468778742
79976	0.003011295996
79977	0.0006259358644
79978	0.001487203976
79979	0.002312912707
79980	0.000259749092
79981	0.000228583681
79982	0.001826322043
79983	0.001513888979
79984	0.002118342443
79985	0.001008964448
79986	0.001302923904
79987	9.210801707e-05
79988	0.005005896684
79989	0.0007855476022
79990	0.0005232833254
79991	0.004954380732
79992	0.001766051279
79993	0.003047054075
79994	0.0007447429523
79995	0.005582593281
79996	0.001673305857
79997	8.068967012e-05
79998	0.0007861207256
79999	0.004372723349
80000	0.001417500197
80001	0.001779476136
80002	0.001905522387
80003	0.001676140106
80004	0.0002021302399
80005	0.004909568386
80006	7.44898681e-05
80007	0.001494073869
80008	0.0009688220621
80009	0.002538854462
80010	0.001648760053
80011	3.119249228e-05
80012	0.0005612986431
80013	0.003326902914
80014	0.00388814489
80015	0.001489761532
80016	0.001229261805
80017	0.0008353264467
80018	0.002806804423
80019	0.003750981298
80020	0.001668641763
80021	0.0004622695821
80022	0.002656350304
80023	0.00266763356
80024	0.001399311086
80025	0.0007924256951
80026	0.003154645614
80027	0.0002297651003
80028	0.0007223132002
80029	0.003555823815
80030	0.0009205756044
80031	0.002210964307
80032	0.004085899604
80033	0.005062150235
80034	0.00212038375
80035	0.002779665674
80036	0.002459389769
80037	0.0003196169747
80038	0.0004239136336
80039	0.003246208992
80040	0.00152615181
80041	0.00187026061
80042	0.0005957473546
80043	0.0002295601444
80044	0.001068600625
80045	0.003432955554
80046	2.821753118e-05
80047	0.001332512527
80048	0.0009176654905
80049	0.0007942768437
80050	5.806911397e-05
80051	0.001324735072
80052	0.0007630406683
80053	0.001229475395
80054	0.00167344162
80055	0.003897842664
80056	0.004079136829
80057	0.0005797682143
80058	0.001897577218
80059	0.000229736955
80060	0.000153698782
80061	0.0009904263775
80062	0.0004061856576
80063	0.001219985021
80064	8.373933888e-06
80065	0.004603556219
80066	0.001190451081
80067	0.00410721074
80068	0.001587565288
80069	0.00170029906
80070	8.047445182e-05
80071	0.0009210736715
80072	0.0008359614667
80073	0.001539193049
80074	0.0008872550652
80075	0.002094141708
80076	0.0008617814967
80077	0.001106016113
80078	7.973635282e-05
80079	0.003287724684
80080	0.002372717891
80081	0.0018495934
80082	0.002289812897
80083	0.0001934483187
80084	0.001134549492
80085	0.000793171643
80086	0.0004616975005
80087	0.002148586231
80088	0.002531661239
80089	0.004242893459
80090	0.002271215888
80091	0.002803952418
80092	0.003428741273
80093	0.001903752361
80094	0.0007350491367
80095	0.002986739871
80096	0.001042378989
80097	0.0009440681406
80098	0.001937070874
80099	0.001576759226
80100	0.0002518055163
80101	0.001525276094
80102	0.0002439434934
80103	0.003506593924
80104	0.0006933865058
80105	4.132244668e-05
80106	0.002717325905
80107	0.001483592993
80108	0.005056535104
80109	0.001054276994
80110	0.0004870995621
80111	0.0003925071038
80112	0.0004240690564
80113	0.0002650336038
80114	0.0005758865282
80115	0.0001131928075
80116	0.001670229418
80117	0.002068393604
80118	0.005494423818
80119	0.0004407127136
80120	0.002788079963
80121	0.001055410411
80122	0.000469055289
80123	0.0001825158124
80124	0.0002015083397
80125	0.002063841273
80126	0.003144819143
80127	0.002197888039
80128	0.0005442416329
80129	0.000407631597
80130	0.001712926071
80131	0.001576887203
80132	0.0007420838606
80133	0.0004304707738
80134	0.0002011173241
80135	0.0007526156171
80136	0.001192545993
80137	0.003300249628
80138	0.002482321153
80139	0.003487608122
80140	0.001885351283
80141	0.000312016073
80142	0.0005337633344
80143	0.0004435449533
80144	0.0002052746811
80145	0.002724281442
80146	0.00102915904
80147	0.0009566588377
80148	0.000513446956
80149	0.002060307717
80150	0.002419593489
80151	0.001712689663
80152	0.0005313983719
80153	0.003551807256
80154	0.002531453938
80155	0.0006378588112
80156	0.001340359443
80157	0.0006852083801
80158	0.003206548335
80159	0.001160921062
80160	0.002387179443
80161	0.0007585050139
80162	0.001477975237
80163	1.680587734e-05
80164	0.004208896647
80165	0.00281308766
80166	0.0003494211176
80167	0.0003269874469
80168	0.00241774304
80169	0.0006913186976
80170	0.00151864024
80171	0.0002376676695
80172	0.0004114481595
80173	0.0009664018292
80174	7.320285139e-05
80175	0.0001120752489
80176	0.001388625075
80177	0.001070240339
80178	0.0003186958416
80179	0.001559555395
80180	0.0005740137998
80181	0.0003380719622
80182	0.0005818558182
80183	0.0007891321563
80184	0.0003435701184
80185	0.0001542083874
80186	0.0007724090487
80187	0.004072468716
80188	0.0008098411832
80189	0.000520270364
80190	0.0006718787093
80191	0.000200926383
80192	0.0003706545
80193	0.0008666623249
80194	0.0004373506334
80195	0.001942596862
80196	0.0004414364827
80197	0.005381006731
80198	0.001038132503
80199	0.0003367584431
80200	0.000695322488
80201	0.002186976692
80202	0.0006600587208
80203	0.001214355712
80204	0.001769863742
80205	0.001435973307
80206	0.005052800767
80207	0.002421536343
80208	0.0002640807335
80209	0.001253667783
80210	7.227526526e-05
80211	0.0003491441185
80212	0.004492051634
80213	0.003958869561
80214	0.003763842583
80215	0.003940554558
80216	0.002175869232
80217	0.002009627912
80218	0.003356918098
80219	0.004601960605
80220	0.004252104578
80221	0.005590560969
80222	0.004106930242
80223	0.00248520081
80224	0.0005139201029
80225	0.004012969463
80226	0.004148627781
80227	0.003759024998
80228	0.004087642818
80229	0.003892725751
80230	0.002653772737
80231	0.003206165979
80232	0.003544902873
80233	0.006039695052
80234	0.002410440017
80235	0.003565021655
80236	0.004315923338
80237	0.004302415986
80238	0.004359549986
80239	0.004307258539
80240	0.003943320567
80241	0.003733829082
80242	0.005514379534
80243	0.004158031723
80244	0.003294675088
80245	3.034769058e-05
80246	0.004038199865
80247	0.004840607709
80248	0.001954826887
80249	0.003164351293
80250	0.003589553376
80251	0.003167727266
80252	0.00381471779
80253	0.003477785321
80254	0.002597597928
80255	0.0004900703447
80256	0.002935466708
80257	0.002179251412
80258	0.002437923096
80259	0.002785470649
80260	0.00106127877
80261	0.000271803814
80262	0.0002618830189
80263	0.00117705551
80264	0.004875392431
80265	0.001375931958
80266	0.003947296993
80267	3.548251992e-05
80268	1.852415693e-05
80269	0.004680444209
80270	0.001488227557
80271	0.002389289678
80272	0.003386760207
80273	0.002046616915
80274	0.003307718155
80275	0.0001278705205
80276	0.003902974154
80277	0.002930725599
80278	0.00109028593
80279	0.003247741208
80280	0.0001549536195
80281	0.003897007233
80282	0.0004235422329
80283	0.0005135017996
80284	0.0002913311931
80285	0.0006850674467
80286	0.00163948196
80287	0.0005507222472
80288	0.002559589619
80289	0.003074598634
80290	0.002915587253
80291	0.001049325023
80292	0.003821956555
80293	0.002687292555
80294	0.0009695932644
80295	0.002298380583
80296	0.001915536971
80297	0.0001533803109
80298	0.0009145708944
80299	0.001763763295
80300	0.003279975588
80301	0.0003209771585
80302	0.0008582009125
80303	0.005610863971
80304	0.00840574077
80305	2.087631397e-07
80306	0.003728003838
80307	0.001625316636
80308	0.0001507280808
80309	0.001983752379
80310	0.0006762230281
80311	0.001076029564
80312	0.004881578807
80313	0.001312863933
80314	0.001343547729
80315	0.0005902267718
80316	0.004913990043
80317	0.001075845998
80318	0.003242940229
80319	8.789940068e-07
80320	0.0001301302967
80321	0.001796479295
80322	0.005507198255
80323	0.004677922515
80324	0.001615014686
80325	0.001812229207
80326	0.006088523221
80327	0.0007764003086
80328	0.001025322566
80329	0.0002395433624
80330	4.161420777e-06
80331	0.0002691189694
80332	0.0004165468174
80333	0.003116825703
80334	0.003620210656
80335	0.001360818141
80336	0.0009377637114
80337	0.002045985325
80338	0.0009456510214
80339	0.0009214115339
80340	0.005024266579
80341	0.00107993493
80342	0.0004427764225
80343	0.002085239724
80344	0.003677585853
80345	0.003610387395
80346	0.005332232547
80347	0.00152682052
80348	0.002250259514
80349	0.003426910762
80350	0.003737525647
80351	0.001135698155
80352	0.001825049899
80353	0.003377504584
80354	0.002068689223
80355	0.0001252096918
80356	0.001073709889
80357	0.003463650155
80358	0.0005221249198
80359	3.904420086e-06
80360	0.00116706572
80361	0.007768202446
80362	0.002649627037
80363	0.001019074789
80364	0.002673374572
80365	0.005688162071
80366	0.004575590976
80367	0.0009505424832
80368	0.003261607716
80369	0.001884030889
80370	0.0006987749542
80371	0.004850301153
80372	0.006548438862
80373	0.0003854061182
80374	0.005722308602
80375	0.0002112497315
80376	0.002387273908
80377	0.002467033964
80378	0.005234566398
80379	0.002155545849
80380	0.0027997453
80381	0.002586403421
80382	0.006542610673
80383	0.0007045225895
80384	8.428989693e-05
80385	0.0003630855524
80386	0.001912890423
80387	0.002363580931
80388	0.00736030514
80389	0.001777476879
80390	0.001668972883
80391	0.001944600743
80392	0.0003984384354
80393	0.0002892663809
80394	0.005370776157
80395	0.002168896695
80396	0.0006731896314
80397	0.001941971594
80398	0.001244261357
80399	0.002422469258
80400	0.002552421806
80401	0.0008909726957
80402	0.0003427510486
80403	0.002012192252
80404	0.0004967311141
80405	0.001906038867
80406	0.0001908662601
80407	0.0003213325364
80408	0.006852490119
80409	0.002034026215
80410	2.247055319e-05
80411	0.0002062668727
80412	0.001790840852
80413	0.0003516070083
80414	0.004737817461
80415	0.0005718002863
80416	0.0001547054432
80417	0.001072036411
80418	0.002665756461
80419	0.002768300094
80420	0.007337357613
80421	4.357870881e-05
80422	0.000109943567
80423	0.003694219343
80424	0.001490326749
80425	0.0007006675825
80426	0.0005546296183
80427	0.001864137103
80428	0.001362067486
80429	0.0002769918967
80430	0.0005970833751
80431	0.0006826853176
80432	0.00312962616
80433	0.002804747761
80434	0.0002605229067
80435	0.003945154072
80436	0.0002791321821
80437	0.001288663905
80438	0.0003188043769
80439	0.001462036764
80440	0.0003786764982
80441	0.0001387468329
80442	0.0001259914589
80443	0.0006578142825
80444	8.959246988e-05
80445	0.0002479820166
80446	0.0004564555574
80447	0.0002895955307
80448	0.0005143675027
80449	0.0004709709661
80450	0.0002437029199
80451	0.0001678747527
80452	0.0005799817669
80453	0.000465834502
80454	6.238202512e-05
80455	0.0003442236562
80456	5.252793297e-05
80457	0.0002212617917
80458	0.0002808077137
80459	0.000168855796
80460	0.0002679780992
80461	0.0001800222527
80462	0.0003457407426
80463	0.0004164585373
80464	0.0003567263348
80465	0.0002645840027
80466	0.0004437025034
80467	0.0001394326765
80468	0.0003743191428
80469	0.0002017650077
80470	0.0005108377866
80471	0.0001003099617
80472	0.0002304631651
80473	7.44189434e-05
80474	4.496699093e-05
80475	0.0003252391406
80476	0.0004074279374
80477	0.0003790862085
80478	0.0002877610995
80479	0.0005217358622
80480	0.0004536365368
80481	0.0002055915623
80482	0.000498582354
80483	0.0006202458414
80484	0.0001225476515
80485	0.0006175732882
80486	0.0003084746784
80487	0.0003583991561
80488	6.686229234e-05
80489	9.518642901e-05
80490	0.0005861896279
80491	0.0003688974766
80492	1.17534953e-05
80493	7.508994591e-05
80494	0.0002662388507
80495	0.0004241200727
80496	0.0003028311424
80497	4.345916241e-06
80498	0.0003719174864
80499	0.0008367603485
80500	0.000138925559
80501	0.0003861626728
80502	0.0003744453073
80503	0.0003212662699
80504	0.0002196704703
80505	0.0006881274813
80506	0.0002806241836
80507	7.591271668e-05
80508	0.0001190451441
80509	0.0003425257434
80510	0.0001421970161
80511	0.001067030241
80512	0.0003216472214
80513	0.0003914022469
80514	0.0001389466957
80515	0.0003862250523
80516	0.0001969758183
80517	0.0005576843445
80518	0.0001677964597
80519	0.0002809452429
80520	0.0004569897229
80521	0.0005508134653
80522	0.0003863259116
80523	0.0002384012523
80524	9.16302959e-05
80525	0.0005272454532
80526	0.0004889939935
80527	0.0002461387729
80528	0.0005952441702
80529	0.001007539193
80530	0.00074968828
80531	0.00132125861
80532	0.0003610493141
80533	0.001137179569
80534	0.0008461317048
80535	0.0004280892241
80536	0.0004356937922
80537	0.0004181804369
80538	0.0005176694753
80539	8.763410676e-05
80540	0.000424799801
80541	0.0005135105825
80542	0.0001837972928
80543	0.0003592844629
80544	0.0004980872746
80545	0.000325216846
80546	0.0004066979162
80547	0.0003325194592
80548	0.0003090151696
80549	0.000364822828
80550	0.00032881183
80551	0.0003242061886
80552	0.0001799226412
80553	0.0002639075098
80554	0.0002914618621
80555	0.0001605992075
80556	0.002078365822
80557	0.0007800024634
80558	0.001054887052
80559	0.002788939815
80560	0.0006801508104
80561	0.00047853672
80562	0.001458671787
80563	0.00167921667
80564	0.003670621112
80565	0.0002805749247
80566	0.0001401759981
80567	0.002520090981
80568	9.950898813e-06
80569	0.004820935399
80570	0.00326519218
80571	0.003434461507
80572	0.0008499483578
80573	0.003750511163
80574	0.002115386227
80575	0.001418842473
80576	0.001191062848
80577	0.001662747838
80578	0.0001150706589
80579	0.0009690127618
80580	0.003136135842
80581	2.036406711e-05
80582	0.00011674193
80583	0.0006219113248
80584	0.0004369133469
80585	0.0003829368483
80586	0.001962881105
80587	0.002718789442
80588	0.002296482386
80589	0.0009086932653
80590	0.0005541182349
80591	0.003867269385
80592	0.0005953477358
80593	0.0002950992442
80594	0.001567637077
80595	0.003052293961
80596	0.002536661101
80597	0.003292210183
80598	0.00137409991
80599	0.001106596296
80600	0.00518119379
80601	0.001476005933
80602	0.001767497995
80603	0.0002683329148
80604	0.0001493958398
80605	0.0009831372093
80606	0.001069318554
80607	0.0009957094835
80608	0.001191403004
80609	0.002614425622
80610	0.002160454957
80611	0.000487901214
80612	0.0044974532
80613	0.000153222416
80614	0.0007551756014
80615	0.003850996822
80616	0.0002867835357
80617	0.003034320091
80618	0.0006569520582
80619	0.001384483425
80620	0.0001237120811
80621	0.004430008147
80622	0.003176073844
80623	0.003822104925
80624	0.0007445642135
80625	0.002991624751
80626	2.918787927e-05
80627	0.002404621605
80628	0.004054753095
80629	0.002340141665
80630	0.0006768754419
80631	0.0004376101667
80632	0.00126810868
80633	0.000302942158
80634	0.0003494981262
80635	0.001260116758
80636	0.001447128143
80637	0.003017894423
80638	0.0004227255018
80639	0.001050166238
80640	0.0002583189009
80641	1.515431318e-05
80642	0.001251456848
80643	0.005156804181
80644	0.0004587573521
80645	0.002573111321
80646	0.0002881691337
80647	0.0006785394109
80648	4.135362706e-07
80649	0.001531229625
80650	0.003207257859
80651	9.820673667e-05
80652	0.003716901841
80653	3.385863782e-05
80654	0.001406828698
80655	0.001642308331
80656	0.004758956913
80657	0.0009632457941
80658	0.001971489706
80659	0.003944400468
80660	0.003633519781
80661	0.001356687973
80662	0.00321373755
80663	0.0002788916085
80664	0.004829907748
80665	0.0005213111499
80666	0.0006217978042
80667	0.002092504374
80668	0.006726414036
80669	0.001114209046
80670	0.001739261111
80671	8.24801979e-05
80672	0.002344242821
80673	0.001384971017
80674	0.001432828106
80675	0.0003913777471
80676	0.003427338908
80677	0.001153410733
80678	0.0002385198892
80679	0.002408813071
80680	0.002141605935
80681	8.839709073e-05
80682	0.0005194485209
80683	0.0005706207201
80684	0.0008451910943
80685	0.002281742768
80686	0.001006304832
80687	0.001216309087
80688	0.0007381312046
80689	0.002201442534
80690	0.0006973678625
80691	0.002606484632
80692	0.001698488424
80693	0.0006809471121
80694	0.002020966258
80695	0.0006925461213
80696	0.002384153686
80697	0.004319850707
80698	0.000551487781
80699	0.001082672254
80700	0.001802096488
80701	0.00105098515
80702	0.001209941647
80703	0.000180811128
80704	0.00237093993
80705	0.005686204882
80706	0.003418774931
80707	0.004360418439
80708	0.0003341065485
80709	0.0004843096996
80710	0.001162486294
80711	0.003008116309
80712	0.003421758031
80713	0.002497457657
80714	0.003953626305
80715	0.005094299667
80716	0.0002970822411
80717	0.0009917292347
80718	0.001556936593
80719	5.049897277e-05
80720	0.0008598186409
80721	0.001974451527
80722	0.0007963933233
80723	0.0008273845229
80724	0.0004437382285
80725	1.478752511e-05
80726	0.0002140814641
80727	0.000338427564
80728	0.001135164921
80729	0.003114292274
80730	0.001525076204
80731	0.002410822997
80732	0.0008500846382
80733	0.001244656576
80734	0.0004750844535
80735	0.002467658535
80736	0.00197139283
80737	0.0003570749274
80738	0.000999522755
80739	0.0005368190233
80740	0.0001217784018
80741	0.0006689179336
80742	0.0001761644168
80743	0.001009065992
80744	0.001226904554
80745	0.0003662941207
80746	0.001234285745
80747	0.001398536506
80748	0.001154299756
80749	0.003379594553
80750	0.001924562871
80751	0.0002765113602
80752	0.002077148474
80753	0.0009610357736
80754	0.002671122453
80755	0.002140387977
80756	0.0006416897787
80757	9.302151316e-05
80758	0.00374485826
80759	0.0005549549811
80760	0.00148677448
80761	0.00230857462
80762	0.0007131373164
80763	0.0009888055489
80764	0.00103610985
80765	0.002438270773
80766	0.001092645465
80767	0.0003658183264
80768	0.002112419913
80769	0.001089899806
80770	0.0007263975581
80771	0.002327893617
80772	0.003257892017
80773	0.0005582150507
80774	0.001917841464
80775	0.002840653068
80776	0.0004947362345
80777	0.0002281536471
80778	0.003327781438
80779	0.002533249035
80780	0.001473569763
80781	0.0006155796787
80782	0.0004995663378
80783	0.0001534501141
80784	0.0007329178901
80785	0.002246030606
80786	0.0008764876228
80787	0.002567767629
80788	0.003592783026
80789	0.0007290798247
80790	0.002298841573
80791	0.0001405782228
80792	0.001702454338
80793	0.0008153176832
80794	0.002838820925
80795	0.004496784246
80796	0.001189888768
80797	0.001577469498
80798	0.002944937349
80799	0.005638521825
80800	0.0049969352
80801	0.001574513209
80802	0.002277614838
80803	0.003172061968
80804	0.0003396616679
80805	0.0001911942207
80806	0.0006600760357
80807	0.005264233832
80808	0.001493862408
80809	0.004147374329
80810	0.001472009641
80811	0.000104754185
80812	0.003910915488
80813	0.004505116654
80814	0.002605474907
80815	0.004166507005
80816	0.005933062176
80817	3.627843318e-05
80818	0.001813316077
80819	0.002908458163
80820	0.00204231183
80821	0.001002921703
80822	0.0001294181372
80823	0.0001373164303
80824	0.0007893458389
80825	0.0001779759205
80826	0.002341208799
80827	0.0005913986243
80828	7.225287775e-05
80829	0.0005957526496
80830	0.002008202998
80831	0.0001691989174
80832	0.000406640385
80833	0.001122035282
80834	0.0006493029185
80835	0.00136476495
80836	0.001354602765
80837	0.0002404848164
80838	0.005441020551
80839	0.001653951131
80840	0.002372485993
80841	0.0008007117309
80842	0.001189265075
80843	0.0003417753835
80844	0.0002399521955
80845	0.000312589969
80846	0.0001097635736
80847	0.001369198119
80848	0.0008011767309
80849	0.001061551683
80850	0.002935227758
80851	0.001563490492
80852	0.0008079684851
80853	0.000543988482
80854	0.0007997965372
80855	0.003123826103
80856	0.003352553171
80857	0.002055853036
80858	0.005521423994
80859	0.004136375798
80860	0.001401540618
80861	0.001909570557
80862	0.005792755662
80863	0.001837844111
80864	0.001369993609
80865	0.003254873079
80866	0.002909416504
80867	0.003666968599
80868	0.002415469455
80869	0.0002996182016
80870	0.0007384024192
80871	0.006747457591
80872	0.003493842864
80873	0.001038026748
80874	0.004430146496
80875	0.006179127718
80876	0.003342023413
80877	0.004777756384
80878	0.0006556354352
80879	0.003442473642
80880	0.0009654172691
80881	0.0008179115456
80882	0.002313997697
80883	0.0008799041859
80884	0.001138061912
80885	0.003165526187
80886	0.00217893488
80887	0.0008833473468
80888	0.002438276178
80889	0.001097685396
80890	0.002537493652
80891	0.005028616779
80892	0.002159327403
80893	0.002864127405
80894	0.0007051909193
80895	0.002787475944
80896	0.0008163508109
80897	0.002010340005
80898	0.001452930971
80899	0.0008259601729
80900	0.0007899495095
80901	0.002357667978
80902	0.002148658301
80903	0.002067921794
80904	0.001361136492
80905	0.001532872546
80906	0.001721508419
80907	0.0006608294441
80908	0.002207093864
80909	0.0009113458623
80910	0.005235272724
80911	0.0008138652046
80912	0.001561781975
80913	0.0007520164155
80914	0.0020402432
80915	0.001155406122
80916	0.004521995549
80917	0.001580657974
80918	0.003190028222
80919	0.0004715687851
80920	0.002189115034
80921	0.00152652525
80922	0.0009393339704
80923	0.001853949735
80924	0.003690046105
80925	0.0007734915096
80926	0.003733750115
80927	0.0001282519345
80928	0.0005651039288
80929	0.003007056167
80930	0.001712009532
80931	0.001693194071
80932	0.002824289864
80933	0.001178089124
80934	0.003133546129
80935	0.001234909675
80936	0.001202016034
80937	0.0003610117049
80938	0.003161030176
80939	0.0043067144
80940	0.0008094963781
80941	0.001656367101
80942	0.0002692933028
80943	0.0002469930557
80944	0.001220409585
80945	0.001251810221
80946	0.001038949609
80947	0.0005780310241
80948	0.0003488666889
80949	0.002039694796
80950	0.0004194574082
80951	0.0004680952364
80952	0.0006969421795
80953	0.002213938845
80954	0.0002323392618
80955	0.002491261002
80956	0.00155871147
80957	0.001314522839
80958	0.00274632365
80959	0.0008375880373
80960	0.0002496596002
80961	0.002605601284
80962	9.352148441e-05
80963	0.0006213309993
80964	0.001937502926
80965	0.00200969164
80966	0.000630021128
80967	0.002697224782
80968	0.004705283263
80969	0.001131879777
80970	0.002052451562
80971	0.002313940918
80972	0.00260207306
80973	0.002069392495
80974	0.003820945891
80975	0.003923008333
80976	0.005588683635
80977	0.002455740454
80978	0.006212053865
80979	0.004747373293
80980	0.003015459293
80981	0.004412038333
80982	0.003976358235
80983	0.0002034602859
80984	0.0002958050429
80985	0.001559547479
80986	0.00304710955
80987	0.005516263814
80988	0.0009941317027
80989	0.000410021722
80990	1.286249557e-05
80991	0.002087973303
80992	0.005011636392
80993	0.0007958573277
80994	4.058521822e-05
80995	0.0006040943339
80996	0.001942547592
80997	0.0001037767544
80998	0.002407994059
80999	0.005092086475
81000	0.006573656206
81001	0.0007063918226
81002	0.002179089519
81003	0.001947097399
81004	0.0006940913618
81005	0.002276688762
81006	0.002139350756
81007	0.001204209145
81008	0.002280088579
81009	0.002383326056
81010	0.000314181741
81011	0.0001626073743
81012	0.00405032686
81013	0.002358534102
81014	0.002205144306
81015	0.0002136873152
81016	0.004825140213
81017	0.003143892524
81018	0.001333494639
81019	0.004909728865
81020	0.0007213257113
81021	3.057624338e-05
81022	0.000113174731
81023	0.0007568345316
81024	0.0003809596597
81025	2.739054947e-05
81026	0.0004182565288
81027	0.000666816894
81028	0.001139372303
81029	0.0002735288006
81030	0.0001161412355
81031	0.001023384935
81032	3.586451754e-05
81033	0.0004250332005
81034	0.0009117240223
81035	0.0003676776077
81036	0.0005941203127
81037	0.0003467563901
81038	8.25775418e-05
81039	0.0004939332778
81040	0.0003682583595
81041	0.0008738819104
81042	0.004205908661
81043	0.00380988347
81044	0.0004755789042
81045	0.002530858775
81046	0.00414133794
81047	0.0004688376511
81048	0.002190794998
81049	0.002363458136
81050	0.001397107468
81051	0.004340040457
81052	0.0005546320799
81053	0.00378492796
81054	0.001090237281
81055	0.002031846971
81056	0.000654071196
81057	0.0001657315915
81058	0.0009938168338
81059	0.0006612753382
81060	0.001176138848
81061	0.000230784166
81062	0.002385167963
81063	0.004088459873
81064	0.001885079441
81065	0.002015716906
81066	0.001503138626
81067	3.775350126e-05
81068	0.0005749406666
81069	0.0009680082287
81070	0.0001911734041
81071	0.000730885626
81072	0.002816537157
81073	8.321756396e-05
81074	0.00105166954
81075	0.004622353167
81076	0.0002839042552
81077	0.0003954730474
81078	7.653966359e-07
81079	0.0002922437423
81080	0.0006286384989
81081	0.003311918286
81082	0.0005552556951
81083	0.002406644554
81084	0.0007074108502
81085	0.0005382289773
81086	0.003041474167
81087	0.0001280996755
81088	0.0007610672748
81089	0.0004732450954
81090	0.001545272927
81091	0.003480049793
81092	0.000644706623
81093	0.0001299787281
81094	0.0008975937358
81095	0.0002969921499
81096	0.002703798142
81097	0.0002815998186
81098	0.0008575424953
81099	0.0004503045973
81100	0.003846876852
81101	0.0009970262216
81102	0.002230229267
81103	0.0001279929946
81104	0.00345911682
81105	0.0005834116379
81106	0.001764806809
81107	0.002743600385
81108	0.000691815839
81109	0.002220811286
81110	0.0004471870216
81111	0.002747750221
81112	0.003376355022
81113	0.00163428521
81114	0.006222007168
81115	0.004681752815
81116	0.004315306714
81117	0.003868798914
81118	0.001103491498
81119	0.00623094579
81120	0.005010580945
81121	0.0005113280356
81122	0.00092860816
81123	0.003144858054
81124	0.003044818428
81125	0.0003551977725
81126	0.0007240403414
81127	0.00159967537
81128	0.003499893619
81129	0.001019926125
81130	0.001478548812
81131	0.0002665792835
81132	0.0006061651144
81133	0.0002745575996
81134	0.002460167377
81135	0.0002875724282
81136	0.0009027669014
81137	0.001401056335
81138	0.0004441051508
81139	0.0004069329727
81140	0.0003899016788
81141	0.0003223397398
81142	0.0003974693346
81143	0.00212518953
81144	0.0003612705474
81145	0.001228733865
81146	0.0009154285192
81147	0.003589683751
81148	0.002246092163
81149	0.003037850713
81150	0.004551909032
81151	0.0009767219501
81152	0.002270415023
81153	0.001115483818
81154	0.004077025971
81155	0.00235748325
81156	0.00369911166
81157	0.00335557898
81158	0.0008333281966
81159	5.470675507e-07
81160	0.004643759036
81161	0.006933030536
81162	0.00143084284
81163	2.075214348e-05
81164	0.004459018698
81165	0.001489570737
81166	0.002585455851
81167	0.002532515234
81168	0.002685925298
81169	0.002311688583
81170	0.003804116966
81171	0.002798923764
81172	0.002018323093
81173	0.003444042614
81174	0.002321916007
81175	0.0009428243951
81176	0.0001033945835
81177	1.596626802e-05
81178	0.0003403897116
81179	0.0004335868984
81180	0.0002372881316
81181	0.0002526817321
81182	0.0004175384616
81183	0.0002427204409
81184	0.0008096698408
81185	0.0003433385905
81186	0.0005031748147
81187	0.0005739237767
81188	0.0004432703338
81189	0.0007124947162
81190	0.0004358837874
81191	0.0008635052716
81192	0.0007330758485
81193	0.0003956473333
81194	4.528336168e-05
81195	0.0002245518563
81196	7.765913236e-05
81197	0.001061426781
81198	0.0002880773254
81199	0.0007962915571
81200	0.0001843725397
81201	5.7145008e-05
81202	0.0002829355812
81203	0.0003437277462
81204	0.0007429206388
81205	0.0006139822159
81206	0.0007051488938
81207	8.884259551e-05
81208	0.0003603785536
81209	0.0008768345436
81210	0.0003900006756
81211	0.0004603836617
81212	0.0002417011033
81213	0.0005832028987
81214	0.0001919912969
81215	0.0003380107823
81216	0.000473162702
81217	0.0005082238716
81218	7.763410255e-05
81219	0.0002632827289
81220	0.0005380815187
81221	0.0002203298416
81222	0.0003939746191
81223	7.937884294e-05
81224	0.0003498721469
81225	0.0006933777098
81226	0.0007277496851
81227	0.0001190382425
81228	0.0002161274214
81229	0.0001863283043
81230	6.850756343e-05
81231	4.267222945e-05
81232	0.0002232332525
81233	0.0004343086622
81234	0.0002625793065
81235	0.0001669292449
81236	0.0008199770443
81237	0.000461815749
81238	0.0003854936757
81239	0.000339637455
81240	0.0005398073018
81241	0.0006032626506
81242	0.0004133895313
81243	2.850319175e-05
81244	0.0006870202634
81245	0.0006088441645
81246	0.0004184140624
81247	0.000348060958
81248	0.0007889843337
81249	0.001398702574
81250	0.005220434524
81251	0.001230325812
81252	1.08418153e-05
81253	0.0005102943085
81254	0.002065100807
81255	0.003781420203
81256	0.0008096198983
81257	0.0002746192527
81258	0.000182612727
81259	0.00109299645
81260	0.003901479715
81261	0.001535015365
81262	0.001037324441
81263	0.0006577336431
81264	0.0005689586325
81265	0.001445478013
81266	0.002575252296
81267	0.0005112045488
81268	0.003877459991
81269	0.0002101757787
81270	0.0002715686248
81271	0.0005613161529
81272	0.0009720962663
81273	4.365175305e-05
81274	0.00182670304
81275	0.00124432279
81276	0.0002642339959
81277	0.001383776733
81278	0.0008372935839
81279	0.000671981495
81280	0.0003587046481
81281	0.000412959407
81282	0.0001152945303
81283	0.00155847784
81284	0.0001540593882
81285	1.355981661e-05
81286	0.0003799407992
81287	0.00104893627
81288	0.0003293057411
81289	0.002205774451
81290	0.0006069739429
81291	0.003455878657
81292	0.0001459352583
81293	0.00292884667
81294	0.0002437020152
81295	0.0007200829383
81296	0.0001977550542
81297	0.0002645246094
81298	0.0001345766997
81299	0.0002860175367
81300	0.0002498303652
81301	0.000286212485
81302	0.0001441358346
81303	7.265981422e-05
81304	0.0005947351835
81305	0.0003134594329
81306	0.0001991121854
81307	0.000981451292
81308	0.000592917943
81309	0.0004883562478
81310	0.000326374128
81311	0.0002820439378
81312	0.0007311826434
81313	0.000679973307
81314	0.0002518989418
81315	0.0001344167525
81316	0.0003074297785
81317	0.0004302342912
81318	0.0005982299756
81319	5.78893229e-05
81320	0.0003082511324
81321	0.0001911378328
81322	0.0002935211685
81323	0.0007404611827
81324	0.0002868187512
81325	0.001719164782
81326	0.0005851243933
81327	0.0006692361972
81328	0.0009397113244
81329	0.0001850187367
81330	0.0001951174085
81331	0.003256182175
81332	0.0004359929877
81333	0.0007270647694
81334	0.0004926356318
81335	0.0001463368283
81336	0.0007651543198
81337	4.904283695e-05
81338	0.0005366814148
81339	0.0003571565547
81340	0.0005393297348
81341	0.002200413425
81342	7.695119949e-05
81343	0.00263009414
81344	0.000817182767
81345	0.000822076365
81346	0.0005626251932
81347	0.001263639166
81348	0.0001182541767
81349	0.0002852128273
81350	0.0002385774604
81351	0.0006421024783
81352	0.0001091736765
81353	0.0003451919699
81354	0.0002804173241
81355	0.0003076986613
81356	0.0002415343621
81357	0.0005791261604
81358	0.0003303192302
81359	0.0004275592033
81360	0.0005885119279
81361	0.0003275877765
81362	0.000439467262
81363	6.706890093e-05
81364	0.0002769396804
81365	0.0003813231502
81366	0.0005246680498
81367	0.0003526449207
81368	0.0003322159469
81369	0.0001048437235
81370	1.194498997e-05
81371	0.0004554885642
81372	0.0001533821038
81373	0.00058748804
81374	0.0003176218379
81375	3.288288002e-05
81376	0.000115115829
81377	0.001372706962
81378	0.0009477895355
81379	0.0004537727224
81380	0.0005529018606
81381	0.0008074208024
81382	0.0002164181942
81383	0.003538017197
81384	0.001550990267
81385	0.000401070047
81386	0.001135996243
81387	0.0009783894909
81388	4.642321227e-06
81389	0.000520629074
81390	5.916207599e-05
81391	0.001734843119
81392	0.0008665554179
81393	0.0005377736394
81394	0.002142807757
81395	0.001301753713
81396	0.001277271913
81397	0.0006524313314
81398	0.0009233037621
81399	0.0004749990587
81400	2.663641142e-05
81401	0.001643952972
81402	0.000124725
81403	0.003115416675
81404	0.001295046103
81405	0.000161037697
81406	0.002954540305
81407	0.002088869374
81408	0.003477638309
81409	0.001124219186
81410	0.0008437113435
81411	0.0006573419203
81412	0.0001689698263
81413	0.0005631329158
81414	0.001331761855
81415	0.002017623563
81416	0.0003069209064
81417	0.0001340837004
81418	0.0003708670583
81419	0.002241676254
81420	0.002422094867
81421	0.0003146304064
81422	0.002809406594
81423	0.003200652377
81424	0.003676965259
81425	0.000815910599
81426	0.003151598741
81427	0.001380931351
81428	0.003075109791
81429	0.001809650289
81430	0.002657390288
81431	0.001000071007
81432	0.002019635491
81433	0.005275235432
81434	0.002660758094
81435	0.007525958784
81436	0.002944150825
81437	0.0003625885416
81438	0.0009792129433
81439	3.45565656e-05
81440	0.0003061617545
81441	1.734971405e-05
81442	0.001226279498
81443	0.0006975178929
81444	0.0003903258582
81445	0.002197494019
81446	0.0008935449658
81447	0.001667402441
81448	0.000498595398
81449	3.472275094e-06
81450	1.445801128e-05
81451	0.0002373737395
81452	0.0006937418751
81453	0.002713034535
81454	0.004162480149
81455	0.001667982462
81456	0.003807750925
81457	0.002757438324
81458	0.000345803387
81459	0.0008135402567
81460	0.003460801799
81461	0.001167354366
81462	0.000929033653
81463	0.0004240426906
81464	0.0005044070105
81465	0.0006366673615
81466	0.0002504893585
81467	0.001087079446
81468	0.0008951987632
81469	0.001139336534
81470	0.0009805278344
81471	0.00164419265
81472	2.874039592e-05
81473	0.001439255448
81474	0.001796825499
81475	0.003090082567
81476	0.00382909997
81477	0.00235957573
81478	0.0007952019327
81479	0.003379003595
81480	0.001467924558
81481	0.001496712351
81482	0.002051650822
81483	0.002943724377
81484	0.00269312163
81485	0.002018939666
81486	0.0008708365052
81487	1.249702287e-05
81488	0.002295512022
81489	0.001811763513
81490	0.001432116829
81491	0.0008859498466
81492	0.0002056713516
81493	0.000440347378
81494	0.001349932751
81495	0.004385360578
81496	0.002995620596
81497	0.003458678954
81498	0.00128933847
81499	0.002125691091
81500	0.00136580641
81501	0.0007314789964
81502	0.0004983763008
81503	0.001653446382
81504	0.000994437281
81505	0.0002169084478
81506	0.0002729736289
81507	0.0001713247508
81508	0.002679878049
81509	0.001811826898
81510	0.001595256935
81511	0.0001357809763
81512	0.0008364584289
81513	0.000273605369
81514	0.005096642906
81515	0.0002924242283
81516	0.0001737693014
81517	7.560137973e-05
81518	0.0006328009746
81519	0.001263272941
81520	0.001629825495
81521	0.00228135394
81522	0.001945792145
81523	0.0001905034363
81524	0.0004458064433
81525	0.0003635634768
81526	0.003024588028
81527	0.001550235206
81528	0.00201719294
81529	0.003096057146
81530	0.0007301717621
81531	0.0007060157176
81532	0.001570639101
81533	0.0004391734438
81534	6.979135382e-05
81535	0.0008502880921
81536	0.0001688011821
81537	0.006494835264
81538	0.002445410189
81539	0.001654998319
81540	0.004278745265
81541	0.001265854811
81542	0.001307614579
81543	0.0003765885266
81544	0.00041644046
81545	0.0009505804442
81546	0.0003685025244
81547	0.001990479995
81548	0.000747450692
81549	0.002134653133
81550	0.001956061592
81551	0.0002250755422
81552	0.001141464335
81553	0.0003046383669
81554	5.835335283e-07
81555	0.000795908117
81556	0.0003933493713
81557	0.0002389318557
81558	0.0005870159277
81559	0.001351339912
81560	0.003709931489
81561	0.0009498928556
81562	0.0008646106572
81563	0.0007671737768
81564	0.0005939417157
81565	0.002631484364
81566	0.001139782394
81567	0.002932705696
81568	0.001122713922
81569	0.0008338595638
81570	0.0001818878801
81571	0.000174066959
81572	0.001542197255
81573	0.002450847721
81574	5.864251174e-05
81575	0.0009978090773
81576	0.001932126807
81577	0.008613634657
81578	0.0001023831414
81579	0.00175598296
81580	0.002184409509
81581	0.001104068678
81582	0.0009234465085
81583	0.00230101036
81584	0.0005891523631
81585	0.0009483991473
81586	0.0002037348167
81587	0.001595456563
81588	0.001023893333
81589	0.003675235452
81590	0.002422780585
81591	0.001091459977
81592	0.0006583498399
81593	0.005112441051
81594	0.0009522745616
81595	0.006561763008
81596	0.0004924132549
81597	0.0007501597705
81598	0.001027479904
81599	0.0006444005971
81600	0.0005112084587
81601	0.0006942188529
81602	0.003516075254
81603	8.171298405e-05
81604	0.001710741501
81605	0.0006415446785
81606	0.000742359244
81607	0.00215009217
81608	0.0002171618418
81609	0.0003813824564
81610	0.004949547888
81611	0.0002894607871
81612	0.003758159987
81613	5.482137016e-05
81614	0.005344711939
81615	0.004953643327
81616	0.001269384376
81617	0.006788246252
81618	8.551394489e-05
81619	0.004813566599
81620	0.001323578332
81621	0.0001744376321
81622	0.003063344761
81623	0.0001191271727
81624	0.004334378793
81625	0.0002936650423
81626	0.00140048569
81627	0.001140391565
81628	0.0002860211713
81629	0.003670234621
81630	0.0007667630488
81631	0.004128549074
81632	8.151564335e-05
81633	0.001675305118
81634	0.0010761659
81635	0.002826946801
81636	0.005225484483
81637	0.0008289191388
81638	0.0007599293218
81639	0.0006624259433
81640	0.0002320757868
81641	0.001816517812
81642	9.879237375e-05
81643	0.001504063797
81644	0.0002460712406
81645	0.0006862436095
81646	0.001031798843
81647	0.000110842996
81648	0.0008246159174
81649	0.003412724887
81650	0.0007004006026
81651	0.0004632753514
81652	0.001920049598
81653	0.0001659700807
81654	0.001584297318
81655	0.0008816941142
81656	0.0004968196563
81657	0.000211998311
81658	0.0004596178466
81659	0.001527275564
81660	0.002492727068
81661	0.001240487747
81662	0.0005001636993
81663	9.933725407e-05
81664	0.001350771925
81665	0.0001200729526
81666	5.543877891e-05
81667	0.002515741362
81668	0.001023257498
81669	0.0005456208384
81670	1.384064884e-05
81671	0.002227761094
81672	0.0008066347473
81673	0.000468104633
81674	0.001820607781
81675	0.002162210581
81676	0.00372113291
81677	0.002568656194
81678	0.001639366723
81679	0.001666849071
81680	0.002391457734
81681	0.002693624401
81682	0.002344282815
81683	0.00570377241
81684	0.0007587461198
81685	0.0009488164299
81686	0.001837230029
81687	0.0007399773768
81688	0.00303486968
81689	0.0005340666527
81690	0.002354824793
81691	0.006814663465
81692	8.448881756e-05
81693	3.873684204e-05
81694	0.0005854349148
81695	0.0002550204191
81696	0.002121439234
81697	0.001209120678
81698	0.0004224885514
81699	0.001391486373
81700	0.0008242574887
81701	0.0008156379064
81702	4.243812891e-05
81703	0.0003080781423
81704	0.0006392787989
81705	0.0006911769465
81706	0.0002162417077
81707	0.001240824944
81708	0.00410512958
81709	0.0002935200522
81710	0.0008267370677
81711	0.0023546919
81712	0.005938199561
81713	0.004434920537
81714	0.0037551543
81715	0.003610665583
81716	0.001416506807
81717	2.867260737e-05
81718	0.0006916319498
81719	0.0007556323504
81720	0.001878017543
81721	0.0002272977505
81722	0.002489784573
81723	0.0004203267019
81724	0.001466428864
81725	0.001033804028
81726	0.003383807799
81727	0.003909950911
81728	0.001884155879
81729	0.0009805309224
81730	0.0004937239189
81731	0.0001458597703
81732	0.001875923269
81733	0.003198503475
81734	0.00562530491
81735	0.0009247196489
81736	0.002404889366
81737	0.0007873967937
81738	0.0007317807704
81739	0.005430125086
81740	0.0008001995038
81741	0.006308868743
81742	0.005903617681
81743	0.002469163492
81744	0.0015654352
81745	0.002392074782
81746	0.00421260089
81747	0.0005379473523
81748	0.002190639892
81749	5.806568499e-05
81750	0.002579593891
81751	0.001393447149
81752	0.001824050294
81753	0.0010920626
81754	0.006340355627
81755	0.001379541166
81756	0.001829983275
81757	0.001027851147
81758	0.00296863488
81759	0.00101907671
81760	0.001973646218
81761	0.00515272534
81762	0.002733794064
81763	0.0008242517806
81764	0.0001149360764
81765	0.001336201084
81766	0.002776732485
81767	0.0006198034835
81768	0.00514233454
81769	0.002390758435
81770	0.001335463707
81771	0.0002971928436
81772	0.001570614486
81773	0.001453594102
81774	0.005248480501
81775	0.003933349813
81776	0.001398891951
81777	0.003761443939
81778	0.001303671296
81779	0.004267475317
81780	0.003458516855
81781	0.003338031786
81782	0.0001680439793
81783	0.002031880156
81784	0.005598118888
81785	0.003058560881
81786	0.0004882844829
81787	0.001181558484
81788	0.002108973886
81789	0.0001847177153
81790	0.0004761832488
81791	0.002876442388
81792	0.007347931922
81793	0.0006268702409
81794	3.782603089e-05
81795	0.001470135768
81796	0.0007028973393
81797	0.003794095917
81798	0.003605925536
81799	0.001127174867
81800	0.0008886108828
81801	0.002171072327
81802	0.0005729737913
81803	0.00037074244
81804	0.0002294676014
81805	1.057897415e-05
81806	0.0005884557155
81807	0.007924499982
81808	0.0007658109873
81809	0.00341043628
81810	0.001570472896
81811	0.002133585126
81812	0.0001538435553
81813	0.003126153214
81814	0.005329187108
81815	0.0002782515445
81816	0.0004219731754
81817	0.000828635742
81818	0.0001139081393
81819	0.001109574023
81820	0.0007831247218
81821	0.00145003412
81822	0.002163023342
81823	0.002924979633
81824	0.002410575865
81825	0.003651749883
81826	0.001000465188
81827	0.0005302880319
81828	0.0001642564965
81829	0.005308928809
81830	0.00205159062
81831	0.004342512626
81832	0.002772112552
81833	0.002027358058
81834	0.003311847697
81835	0.0008982043549
81836	0.0005217707792
81837	0.0007339129317
81838	0.0005960546143
81839	0.0006877098382
81840	0.001830121121
81841	0.001270411038
81842	0.001287940564
81843	0.0007677042062
81844	0.001026962239
81845	0.001191442973
81846	0.0006634085886
81847	0.000822199708
81848	0.001498192606
81849	0.003033108789
81850	0.001156130127
81851	0.002471900433
81852	0.003731420253
81853	0.000305757275
81854	0.003759083393
81855	0.0009442527958
81856	0.0003123602792
81857	0.0004178690552
81858	0.001593122026
81859	0.0006880432862
81860	0.0002806544237
81861	0.001014178129
81862	0.004606530224
81863	0.004553890803
81864	0.0004519808341
81865	0.0002025827335
81866	0.0001627049343
81867	0.000460934527
81868	0.001591510267
81869	0.004361296788
81870	0.001258962529
81871	0.001664688008
81872	0.001913207458
81873	0.000503019236
81874	0.003407394924
81875	0.0003855919796
81876	0.003454499382
81877	0.004960238428
81878	0.0001271333882
81879	0.00162912416
81880	0.0001670385452
81881	4.446912559e-06
81882	0.002202187578
81883	7.920483822e-05
81884	0.001483948085
81885	0.001326125508
81886	0.004178126489
81887	0.003184052706
81888	0.002797987037
81889	0.0003600386738
81890	4.567709579e-05
81891	0.001548479411
81892	0.003497260958
81893	0.0002624201377
81894	0.001807576132
81895	0.001820468496
81896	0.0004075948906
81897	0.004141431841
81898	0.004082653605
81899	0.003748416861
81900	0.0001533266401
81901	0.004005872143
81902	0.0001909100317
81903	1.248371531e-05
81904	0.001291913978
81905	0.0001473537382
81906	0.004687388505
81907	5.628076934e-05
81908	0.001065190365
81909	5.442099732e-05
81910	0.0002376590345
81911	0.004533930307
81912	0.001450633713
81913	0.0003362064157
81914	0.000705087839
81915	0.001197643411
81916	0.002337611382
81917	0.001731933669
81918	4.422860536e-05
81919	0.0007651389746
81920	0.0007765790357
81921	0.002058377572
81922	0.002405529706
81923	0.0005462258444
81924	0.003086206537
81925	0.0002140254779
81926	0.001429992223
81927	0.001019968604
81928	0.005050917813
81929	0.004833840984
81930	0.00247703935
81931	0.003763029856
81932	0.001272592612
81933	0.001415679289
81934	0.000434400614
81935	0.001050034396
81936	0.000708410538
81937	0.0008274177349
81938	0.0007519252672
81939	0.0005306338369
81940	0.003700020464
81941	0.002522076835
81942	0.001211913582
81943	0.001832413155
81944	0.003272030421
81945	0.001722017022
81946	0.001010612026
81947	0.000505855909
81948	0.001902736846
81949	0.002751720247
81950	0.0007694556169
81951	0.00189839767
81952	0.0003811938819
81953	0.001352748793
81954	0.001433990555
81955	0.000773422475
81956	0.001332580562
81957	0.0008151711654
81958	0.002848585743
81959	0.002924752204
81960	0.001209489743
81961	0.001832447574
81962	0.0007115628375
81963	0.000921676925
81964	0.001347380172
81965	0.002426019241
81966	0.0007868762875
81967	0.0006977480332
81968	0.002818575059
81969	0.00315915589
81970	0.0004340304141
81971	0.001954370574
81972	0.002241835393
81973	0.00364799734
81974	0.0008211642275
81975	0.001638410172
81976	0.003854862353
81977	0.0008104600868
81978	2.392612896e-05
81979	0.004817726932
81980	0.004705341387
81981	0.002214733895
81982	0.001501380813
81983	4.355323932e-05
81984	0.006812139332
81985	0.001442122613
81986	0.001692639545
81987	0.0007445709399
81988	0.002134730235
81989	0.002627647166
81990	0.0007019120455
81991	0.0007575965694
81992	0.001931569227
81993	0.002343835826
81994	0.001242687286
81995	0.0006461476447
81996	0.006309709728
81997	0.0002223553213
81998	0.004289019572
81999	0.0004917825804
82000	0.001631573589
82001	0.007262538238
82002	0.0005768077518
82003	0.0003113361113
82004	0.001122547773
82005	0.002820655281
82006	0.0002303471279
82007	0.003539624651
82008	0.001614481861
82009	0.0005570144678
82010	0.001906402512
82011	0.002471238863
82012	0.003637858758
82013	0.001059920636
82014	3.762928643e-05
82015	0.0009026117614
82016	0.0005085845045
82017	0.001437231104
82018	0.002462488976
82019	0.001275846204
82020	0.0009926356016
82021	0.0008389159102
82022	0.005714087928
82023	0.002462926456
82024	0.0041916849
82025	0.002085249024
82026	0.008900160903
82027	0.0003875697743
82028	0.0005212273786
82029	0.004202310871
82030	0.00126631025
82031	0.001863806096
82032	0.003119027315
82033	0.008009737833
82034	0.0007869396885
82035	0.004187413462
82036	0.001318901058
82037	0.0004536491177
82038	0.002508086863
82039	0.000185326911
82040	0.002256018825
82041	0.00675176903
82042	0.002519204739
82043	0.0008036611977
82044	0.004991676281
82045	0.0003086554396
82046	6.859401593e-05
82047	0.002094333275
82048	0.002317788805
82049	0.002816073633
82050	2.365706855e-06
82051	0.0003009602751
82052	0.001580481822
82053	0.002810193871
82054	0.002991381167
82055	0.0003245441516
82056	0.002739719028
82057	0.0001338407222
82058	0.000534886653
82059	0.004829779993
82060	0.004300163545
82061	0.005556408037
82062	0.0003555978149
82063	0.001941169871
82064	0.000665459367
82065	0.00278771671
82066	0.000514785948
82067	0.006378742374
82068	0.0002398010135
82069	0.0009594125361
82070	0.00257311861
82071	0.003843804316
82072	0.0008443900876
82073	0.002307426396
82074	0.006449215614
82075	0.0015333922
82076	0.01003349693
82077	0.006847757991
82078	0.002000395947
82079	0.002163523803
82080	0.0006464093541
82081	8.607664677e-05
82082	0.0003337274384
82083	0.002150339365
82084	0.0006157839335
82085	0.002380897302
82086	0.002790509489
82087	0.005190155238
82088	0.0005567079973
82089	0.0006144168801
82090	0.002214914607
82091	0.0001326656802
82092	4.307462995e-06
82093	0.0007892662868
82094	0.0007362402009
82095	0.0001019802753
82096	0.004248255102
82097	0.002953803204
82098	5.246299354e-06
82099	0.001572298489
82100	0.001411148035
82101	0.001579509907
82102	0.0008153130607
82103	0.005268940253
82104	0.0006920033148
82105	0.001238550757
82106	0.002124382708
82107	0.002906928653
82108	0.0003071006798
82109	0.003858749281
82110	0.004555975514
82111	0.001902727778
82112	0.0004671794151
82113	0.001944951741
82114	0.001001444651
82115	0.006085404458
82116	0.0005717784314
82117	0.004823005965
82118	0.0001330167421
82119	0.003811566847
82120	0.001354575596
82121	0.0002478117789
82122	0.00551949316
82123	0.007898203552
82124	0.004910206559
82125	0.001765556611
82126	0.002360637217
82127	0.001384682914
82128	0.00443204931
82129	0.0007181322916
82130	0.000698630363
82131	0.003714507698
82132	0.001710957528
82133	0.0003280110141
82134	0.00081114108
82135	0.003839078202
82136	0.00206806884
82137	0.002055954953
82138	0.001294073327
82139	0.001305923372
82140	0.003821719059
82141	0.005106062122
82142	0.001575111651
82143	0.003932031381
82144	0.001368922218
82145	0.003879510232
82146	0.0005157458788
82147	0.000853355475
82148	0.001483263915
82149	0.001141402472
82150	0.003068557704
82151	0.002572117461
82152	0.004149826659
82153	0.001597739617
82154	0.0108568757
82155	0.001981848588
82156	0.0002924761021
82157	0.001569260223
82158	0.001621402934
82159	0.0002733945375
82160	0.0006854581633
82161	0.002712133021
82162	0.00124680035
82163	0.0007111978117
82164	0.002155449382
82165	0.001733646911
82166	0.0005056406512
82167	0.007006192381
82168	0.005604675011
82169	0.00624549154
82170	0.002602364819
82171	0.001753620143
82172	0.0022950698
82173	0.001644971614
82174	0.00546497035
82175	0.002243207395
82176	0.0001648809746
82177	1.985247323e-05
82178	0.0008559237091
82179	0.002442550313
82180	0.0001908238442
82181	0.001380883202
82182	0.004299597518
82183	0.0007535692844
82184	0.0007648331909
82185	0.0003303204512
82186	0.002368153313
82187	0.0003418805015
82188	0.001191123894
82189	0.001896256571
82190	0.004589716933
82191	0.0008540161937
82192	0.002544345314
82193	0.004269513148
82194	0.001053757588
82195	0.001169599651
82196	0.0008818304273
82197	0.005054323332
82198	0.0007221303452
82199	0.0001118433326
82200	0.006038721906
82201	0.003535514759
82202	0.001329655085
82203	0.004223753631
82204	0.004351021873
82205	0.0001573427513
82206	0.003473384192
82207	0.001832352149
82208	0.001445900218
82209	0.001458897941
82210	0.002089633838
82211	0.0003740495242
82212	0.002582053238
82213	0.0005329152014
82214	0.0001599696586
82215	5.978176984e-05
82216	0.0004269734064
82217	0.001090287021
82218	0.0001540482868
82219	6.65271875e-05
82220	0.001450263146
82221	0.00109851887
82222	0.0009343168813
82223	0.0009325376711
82224	0.0003922868302
82225	0.001270779851
82226	0.0004580701042
82227	0.006386812299
82228	0.001008921478
82229	0.0004042971751
82230	0.0001813471089
82231	0.001127278732
82232	0.0002762558993
82233	0.0003300623184
82234	0.001116167313
82235	0.00316892375
82236	0.0006583996695
82237	4.526046295e-05
82238	0.003410704522
82239	0.002552516788
82240	0.001754841261
82241	0.001053666254
82242	0.003425822033
82243	0.002532545887
82244	0.001826987094
82245	0.00259645302
82246	0.001976651559
82247	0.001519210121
82248	0.001138469693
82249	0.002414813665
82250	0.001774544332
82251	0.000741887464
82252	0.0007972066773
82253	0.0005372646953
82254	0.002969470436
82255	0.0008739024523
82256	0.0003244012535
82257	0.0004089470743
82258	7.429633917e-05
82259	0.0003022186483
82260	0.0002669400847
82261	0.000218700104
82262	9.648812772e-05
82263	0.0003882513485
82264	0.0005323915198
82265	0.00134011682
82266	0.0005720412424
82267	0.001286812116
82268	0.0008748838654
82269	0.000840963864
82270	0.002996626705
82271	0.001617648636
82272	0.002551915112
82273	0.000257002195
82274	0.005228422311
82275	0.002309686803
82276	0.001485667715
82277	0.0005600773952
82278	0.0007637728184
82279	0.0009043743023
82280	0.0002951572274
82281	0.0003277384819
82282	2.69361001e-05
82283	0.001472919839
82284	0.002668048411
82285	0.00312832795
82286	5.621819424e-05
82287	0.000254707704
82288	0.001446616201
82289	0.00298076042
82290	0.0004934631515
82291	0.001304276713
82292	0.00027646398
82293	0.0003990737452
82294	0.005833289717
82295	0.003096114653
82296	0.0004278667917
82297	0.0007454888391
82298	0.0002954474434
82299	2.294064789e-06
82300	0.006283663545
82301	0.005443276589
82302	0.003309765772
82303	0.0009251914633
82304	0.004547973231
82305	0.001976290051
82306	0.001920937666
82307	0.001606954276
82308	0.004013164212
82309	0.001912897705
82310	0.004420540867
82311	0.00234100947
82312	0.001488929295
82313	0.001371491208
82314	0.002125204102
82315	0.007454162623
82316	0.00157915247
82317	6.458359063e-05
82318	0.0005422200024
82319	0.004638816638
82320	0.001981487808
82321	0.001196775555
82322	0.0001189319912
82323	0.003499453403
82324	0.0002647019072
82325	0.002239035776
82326	0.003039538094
82327	6.814416412e-05
82328	0.001556042528
82329	0.001372013277
82330	0.001385833498
82331	0.001903153304
82332	0.0001143478417
82333	0.0004994816467
82334	0.003757629695
82335	0.001119012311
82336	0.0009138759156
82337	0.002470597839
82338	0.00105239668
82339	0.001025891188
82340	0.0001096226974
82341	0.002054210045
82342	0.0009610952819
82343	0.01105870529
82344	0.000264151411
82345	0.000839511213
82346	0.0003168910196
82347	0.0005244613733
82348	0.0007089257825
82349	0.0008312927438
82350	0.0006585081459
82351	0.0007825600567
82352	0.001019743991
82353	0.002163970073
82354	0.0001771050594
82355	0.0008668021037
82356	0.0003814340542
82357	0.0001244237601
82358	0.003038051964
82359	0.000466283569
82360	0.0007053178933
82361	1.829732587e-05
82362	0.002356592924
82363	0.00193723381
82364	0.002082298752
82365	0.001996128219
82366	0.001282078068
82367	0.0007246763808
82368	0.0002241862328
82369	0.004928601908
82370	0.005272968181
82371	0.0001287468467
82372	0.0009074225358
82373	0.001417236516
82374	0.00129882308
82375	0.001115725407
82376	0.0003779439701
82377	0.001708501884
82378	0.002073649003
82379	0.003315168528
82380	0.0003708932569
82381	0.0008272247931
82382	0.0008685544058
82383	8.682918148e-05
82384	0.0008595019706
82385	0.0002603362247
82386	0.0002348094842
82387	4.123097616e-05
82388	0.001543388779
82389	0.0006700334173
82390	0.001626972615
82391	0.004212214497
82392	0.004977488413
82393	0.003947477896
82394	0.001160965143
82395	0
82396	0.0009218099837
82397	0.002813053395
82398	0.0007829530294
82399	0.003349717509
82400	0.002204948893
82401	0.0008554339354
82402	0.0003472624706
82403	0.001206622803
82404	0.0006257396951
82405	0.002396188875
82406	0.0006364074862
82407	0.00182364928
82408	0.001269760383
82409	0.004029673129
82410	0.002731355908
82411	0.001750617428
82412	0.002655080281
82413	0.004446507785
82414	0.005128972607
82415	0.001133627487
82416	0.003021893101
82417	0.00151374452
82418	0.0001175800792
82419	0.0005306936234
82420	0.0005911904683
82421	0.001964071068
82422	0.0001505701
82423	0.00332682313
82424	0.00185947456
82425	0.002023504216
82426	0.0006288110046
82427	0.001826265115
82428	0.0001599719279
82429	0.002685601739
82430	0.004576691839
82431	0.002956816613
82432	0.003906866102
82433	0.005164306095
82434	0.0002373566681
82435	0.000507377316
82436	0.0001619663479
82437	0.001123330949
82438	0.005075888828
82439	0.000768602781
82440	0.0016698627
82441	0.0003855724003
82442	0.003595961384
82443	0.006757103932
82444	0.002479465512
82445	0.0003712606846
82446	0.001797926886
82447	0.0007583100263
82448	0.001795776446
82449	0.001928199704
82450	0.001361759056
82451	0.001066921396
82452	0.002621350402
82453	0.0054594186
82454	0.001110753756
82455	0.0003914105472
82456	0.002288510428
82457	0.001022458961
82458	0.001275115745
82459	0.0001882620079
82460	0.003055460058
82461	0.004877066503
82462	0.002998078902
82463	0
82464	0.0001412528507
82465	0.002045232311
82466	0.003833169737
82467	0.000574851515
82468	0.0008567773314
82469	0.002003582045
82470	0.003938996851
82471	0.0007967531225
82472	0.00147664223
82473	0.002907020046
82474	0.0008985059748
82475	0.0002887602572
82476	0.001056375528
82477	0.003290091803
82478	0.004162126457
82479	0.001972836662
82480	0.001592508951
82481	0.002858112411
82482	0.000317264624
82483	0.001103579352
82484	0.003701220732
82485	0.001111909889
82486	0.003796088144
82487	0.00298555813
82488	0.003309235243
82489	0.00540962505
82490	0.0002045372134
82491	0.001745237265
82492	0.0005152442959
82493	0.00217993859
82494	0.008581959825
82495	0.003175160046
82496	0.001530462236
82497	0.001064552549
82498	0.001472695169
82499	0.0006909502707
82500	0.001939892283
82501	0.0009433902121
82502	0.001012130241
82503	0.003038681529
82504	0.001180534791
82505	0.005870257861
82506	0.001744611589
82507	0.004308948162
82508	0.00136932242
82509	0.001543011758
82510	0.0001173374212
82511	0.001432698386
82512	0.000515078884
82513	0.00236211146
82514	0.004144622856
82515	0.002062566642
82516	0.003232547005
82517	0.003291536369
82518	0.001719292629
82519	0.0008593414379
82520	0.0007073197908
82521	0.007677378522
82522	0.004485484265
82523	0.001605652354
82524	0.003005785505
82525	0.0001373112206
82526	0.000481336784
82527	0.002442504042
82528	0.004895628103
82529	0.0006807059951
82530	8.465985147e-05
82531	0.003184749625
82532	0.002016339967
82533	0.003500809166
82534	0.0002001536285
82535	0.004573425921
82536	0.005395173962
82537	0.0002251723379
82538	0.002154434406
82539	0.001179420349
82540	0.001688746117
82541	0.001577086806
82542	0.004575868957
82543	4.750907483e-05
82544	0.006387818613
82545	0.00169140746
82546	0.005734682181
82547	0.001552175899
82548	0.00244336612
82549	0.003979706643
82550	2.66975525e-05
82551	0.004411137069
82552	0.001233471125
82553	0.0003033299006
82554	0.0003518707378
82555	0.0006109197402
82556	2.907427514e-05
82557	0.001022845036
82558	0.001384067345
82559	0.003381781452
82560	0.002825203182
82561	0.002717705232
82562	0
82563	0.003192488547
82564	0.003100494782
82565	0.0001193648135
82566	0.007010994598
82567	0.001273561125
82568	0.003274137756
82569	0.0005389842148
82570	0.003935690759
82571	0.0003807665543
82572	0.001376954723
82573	0.0006974952965
82574	0.001014169249
82575	0.0019625582
82576	0.001469063876
82577	0.003546996684
82578	0.001661320285
82579	0.002454823234
82580	0.002366522586
82581	0.002072086953
82582	0.003847079472
82583	0.005744579841
82584	0.0003198504437
82585	0.0003301566091
82586	0.005593792885
82587	0.0001589796726
82588	0.002586523981
82589	0.001452855403
82590	0.003495567682
82591	0.001922173088
82592	0.0004938216263
82593	7.472005812e-05
82594	0.001052230732
82595	7.868096378e-05
82596	0.000729038033
82597	0.0001070689323
82598	0.0002687080354
82599	7.961774914e-06
82600	0.0002109715549
82601	6.259603577e-06
82602	0.0001132510024
82603	2.101736834e-05
82604	5.601978866e-05
82605	3.38429706e-05
82606	0.004494830322
82607	0.008096430557
82608	2.56495206e-05
82609	9.244188609e-05
82610	0.004757465168
82611	8.398618938e-05
82612	4.801225401e-05
82613	0.008712757037
82614	0.00159357871
82615	0.0002539489173
82616	0.005859360588
82617	0
82618	0.0002447367102
82619	0.0002791522194
82620	0.0001164198764
82621	0.007192637062
82622	0.0008972033242
82623	0.00134369838
82624	0.003226606948
82625	0.002878131751
82626	0.0004289828558
82627	0.004382547811
82628	0.000358425106
82629	0.001377681664
82630	0.0003051138362
82631	0.001016487177
82632	0.003163439795
82633	0.001288442712
82634	0.001088009434
82635	0.0008930897906
82636	0.005929425894
82637	0.001694995694
82638	0.004412098678
82639	0.003971967667
82640	0.0001988600488
82641	0.002731008205
82642	0.004301239729
82643	0.001504582276
82644	0.006059008348
82645	0.001988069509
82646	0.007133092006
82647	0.002311470159
82648	0.0006205277727
82649	0.0002596697761
82650	0.001926398831
82651	0.0008827624546
82652	0.00311661439
82653	0.0007830561109
82654	0.001707840419
82655	4.057661502e-05
82656	0.003950957227
82657	0.0006619204862
82658	0.00336460974
82659	0.003281647803
82660	0.005003582126
82661	0.002770297177
82662	0.001882636302
82663	0.0006056938092
82664	0.002957373477
82665	0.007506098138
82666	0.001411942484
82667	0.000853074147
82668	0.0002024301799
82669	0.0006391847767
82670	0.003810431948
82671	0.0009437588587
82672	0.00227192875
82673	0.001324152065
82674	0.003429973692
82675	0.00321375166
82676	0.002214269488
82677	0.003318634785
82678	0.002683267009
82679	0.002116724984
82680	0.005851873561
82681	0.002188357604
82682	0.001481450401
82683	0.0005336247034
82684	0.002566398507
82685	0.005041403077
82686	0.0008197259411
82687	0.0002726722585
82688	0.0004895788969
82689	0.001378476406
82690	0.0008489003611
82691	0.004080572062
82692	0.005267037761
82693	0.0004383213121
82694	0.002600464711
82695	0.0003544605666
82696	0.002738125045
82697	0.002258592951
82698	0.005349742294
82699	0.0003722846245
82700	0.001571930937
82701	0.002864481468
82702	0.002410467092
82703	0.007391695053
82704	0.0001323029923
82705	0.002556396627
82706	0.0007884094853
82707	0.0003857593835
82708	0.004965231662
82709	0.003226977764
82710	0.003672873959
82711	0.0002189556263
82712	0.003940120795
82713	0.001274639027
82714	0.002592292762
82715	0.0001751682833
82716	0.0005741086787
82717	0.003349541338
82718	0.006761612609
82719	0.004469711126
82720	0.005979728817
82721	0.0018851107
82722	0.003769439749
82723	0.0005087066095
82724	0.0001554398619
82725	0.003061506393
82726	0.004028128395
82727	0.004670179319
82728	0.00187326565
82729	0.001714592596
82730	0.002731823884
82731	0.0002288941546
82732	0.005570724389
82733	0.0006377068141
82734	0.00471553187
82735	0.007435758157
82736	0.0004940106922
82737	0.004613610549
82738	0.002224107211
82739	0.001148259462
82740	0.0006980209542
82741	0.003503316121
82742	0.0002042933079
82743	0.0003325701903
82744	0.002395957994
82745	0.0055342878
82746	0.002753918488
82747	0.001418603862
82748	0.001187541438
82749	0.005820975299
82750	0.0008415162547
82751	0.002273350972
82752	0.0006489723646
82753	5.564476819e-05
82754	0.0003819440789
82755	0.003582674245
82756	0.006426041552
82757	0.004982988366
82758	0.0007701179877
82759	0.003310476674
82760	0.005676793378
82761	0.0001507183371
82762	0.001860186927
82763	0.0005861831277
82764	0.0008102100423
82765	2.85320637e-05
82766	0.0002720660908
82767	0.004213265463
82768	0.002081588498
82769	0.0002061699519
82770	0.00373397674
82771	0.002945576101
82772	0.001486037915
82773	0.007257803879
82774	0.001502358011
82775	0.001831381514
82776	0.0002585531614
82777	0.005099634197
82778	0.0006447412009
82779	0.002454334683
82780	0.003313384806
82781	0.002587903469
82782	0.003339832495
82783	0.000655622849
82784	0.001412953584
82785	0.0024806834
82786	0.001245271925
82787	0.005458255274
82788	0.000751063423
82789	0.003713846285
82790	0.0001846117017
82791	0.00425540591
82792	0.002787801538
82793	0.006921909603
82794	0.0005276902348
82795	0.002663937224
82796	0.0004987449069
82797	0.004763012757
82798	0.006068354824
82799	0.002035596883
82800	0.00096880218
82801	0.005395950035
82802	0.0006304841351
82803	0.0004202821769
82804	0.002998959978
82805	0.002910125742
82806	0.002665498078
82807	0.002297661066
82808	0.0001063533875
82809	0.002158703038
82810	0.002885346949
82811	0.0008522924191
82812	0.0006449653166
82813	0.002312420307
82814	0.0003415599666
82815	0.001357366787
82816	0.001338094957
82817	0.0009960776896
82818	8.106576216e-05
82819	0.001947089309
82820	0.001597389763
82821	0.001491623174
82822	0.0009327977102
82823	0.00430458563
82824	0.001049171937
82825	0.002991291742
82826	0.001333479528
82827	0.002435478359
82828	0.001612746549
82829	0.0001246335206
82830	0.001456887551
82831	0.001829125766
82832	0.001465045012
82833	0.0007797686996
82834	0.0003465609112
82835	0.003680353998
82836	0.0008322328468
82837	0.000603852896
82838	4.016039713e-05
82839	0.00297100727
82840	0.001450028003
82841	0.001367629134
82842	0.0003768836076
82843	0.006396434392
82844	0.003039808753
82845	0.0004524848791
82846	0.0008615283145
82847	0.0004567787114
82848	0.00336428395
82849	0.001656914524
82850	0.001810516141
82851	0.001962785199
82852	0.0008676802284
82853	0.0004729950667
82854	0.001061509104
82855	0.001655887874
82856	0.000826523976
82857	2.709638535e-05
82858	8.038894968e-06
82859	0.001272642914
82860	0.001144371385
82861	0.002944235052
82862	0.0004773811775
82863	8.603340988e-05
82864	0.002707924532
82865	0.002933096494
82866	0.001658003045
82867	0.0008370520863
82868	0.001266625081
82869	0.003248397923
82870	0.003425107796
82871	0.002223250002
82872	0.0008456378051
82873	0.0007580201871
82874	0.004738694878
82875	0.0001630989972
82876	0.002319669325
82877	0.002032328541
82878	0.003040549291
82879	0.003124702738
82880	0.0009908685388
82881	0.001220241382
82882	0.001907448636
82883	0.003926459823
82884	0.000387527092
82885	0.004639661153
82886	0.0009325960036
82887	0.0001178435102
82888	0.001142506487
82889	0.007593357828
82890	0.006969121407
82891	0.003283012809
82892	0.00276292883
82893	0.00308692736
82894	0.003195074897
82895	0.003585263478
82896	0.002073330315
82897	0.005400822467
82898	0.0001523793012
82899	0.001166988792
82900	0.004455214977
82901	0.005541323619
82902	0.001449018041
82903	0.001490601166
82904	0.001290725428
82905	0.0005910555544
82906	0.001087645947
82907	0.000485891969
82908	0.002815620948
82909	0.003943040341
82910	0.001811001783
82911	0.006598138182
82912	0.001801847992
82913	0.0004184292565
82914	0.002255673354
82915	0.0001342402362
82916	0.0006094014741
82917	0.00410397215
82918	0.001599313256
82919	0.0004615948273
82920	0.0006386683129
82921	0.0006538603205
82922	0.0006315569909
82923	0.00148143951
82924	0.001878278592
82925	0.005690987497
82926	0.002163618046
82927	0.0009663925097
82928	0.003094401309
82929	1.929023367e-05
82930	0.002195666775
82931	0.0004997625882
82932	0.00232174758
82933	0.004224439021
82934	0.003834304813
82935	0.0006110213751
82936	0.002394520638
82937	0.00278459282
82938	0.0007999475991
82939	0.0002660416075
82940	0.0007342287579
82941	0.0018035597
82942	0.002663453007
82943	0.003507365996
82944	0.003088217958
82945	0.004249717141
82946	0.003944090012
82947	0.002113131245
82948	0.003607495048
82949	0.005075354858
82950	0.002224532747
82951	0.0008115231504
82952	0.001203771201
82953	0.0002258928035
82954	0.0001162054041
82955	8.560575358e-05
82956	0.002078397902
82957	0.0009267203791
82958	0.002318319214
82959	0.0002408560753
82960	0.001840046077
82961	0.002081744963
82962	0.0008179215231
82963	0.001339238806
82964	0.001425422591
82965	0.0007662876176
82966	0.0003383155033
82967	0.002533554585
82968	0.0005035628453
82969	0.001771891569
82970	0.001814416066
82971	0.0003181498391
82972	0.001725478036
82973	0.0004612006351
82974	0.0008238743462
82975	7.865109407e-06
82976	0.001598795843
82977	0.003364841833
82978	0.001696451624
82979	0.001425301673
82980	0.0002605766648
82981	0.0004824362844
82982	0.0004420712944
82983	0.0001265706699
82984	0.00208618492
82985	0.001128355941
82986	0.002758362312
82987	0.001842458716
82988	0.0002901381976
82989	0.001487276068
82990	0.003528730761
82991	0.00391766216
82992	0.002460721227
82993	0.0001558067067
82994	0.002890121312
82995	0.003688868066
82996	0.004882471375
82997	0.001080543114
82998	0.0006929766414
82999	0.001751530049
83000	0.0001860040758
83001	0.0002650903262
83002	0.00210815399
83003	0.0004533299464
83004	0.001427699015
83005	0.002223238731
83006	0.001192576656
83007	4.582766339e-05
83008	0.0001625088059
83009	0.0003192122136
83010	0.0002878236768
83011	0.0003488417525
83012	0.0001982269813
83013	0.0009901804975
83014	0.0006578761365
83015	0.001260785931
83016	0.0008233551046
83017	0.005588726839
83018	0.00242648046
83019	0.0004322887146
83020	0.001428209854
83021	0.001220332682
83022	0.000161853335
83023	0.0007742471289
83024	0.0004416416755
83025	0.0007654900243
83026	0.002115253748
83027	0.002464864233
83028	0.0005964074084
83029	1.596981789e-05
83030	0.00188823683
83031	0.0004489503951
83032	0.001103176988
83033	0.0003138788597
83034	0.0002322996623
83035	0.0002439665628
83036	0.0008520781294
83037	0.0005067913261
83038	0.0005074189069
83039	0.0002656448325
83040	0.000373658231
83041	0.0002862733949
83042	0.003294864253
83043	0.001582636105
83044	0.001030618149
83045	0.000143081985
83046	0.0002302718152
83047	0.000769728616
83048	0.001491698212
83049	0.0002331266713
83050	0.001497491029
83051	0.0004193922183
83052	0.005756906729
83053	0.0001247268241
83054	0.003066290176
83055	0.0008656513152
83056	0.003658546008
83057	0.001018991289
83058	0.008249256727
83059	0.004565254676
83060	0.0007404608403
83061	0.0003541958851
83062	0.002826063559
83063	0.001183971689
83064	0.0008129252382
83065	0.004443569604
83066	8.697796692e-05
83067	0.001282389097
83068	0.00035518438
83069	1.242103216e-05
83070	0.001479578976
83071	0.0002837155669
83072	0.001686018959
83073	0.0002290874167
83074	0.001671903249
83075	0.0008981934445
83076	0.0006192950479
83077	0.00107066986
83078	0.004326420316
83079	0.0002110215997
83080	0.0002441902699
83081	0.0003035289165
83082	0.0005595398184
83083	0.0005699333907
83084	0.0008129591084
83085	0.0005189817419
83086	0.003087546458
83087	0.000874526714
83088	0.001455645713
83089	0.002403636581
83090	0.0008019390492
83091	0.001043362367
83092	0.00047214244
83093	0.0006669569556
83094	0.003701668216
83095	0.001564502294
83096	5.277322355e-05
83097	0.001959550835
83098	0.0003438982988
83099	0.0003004632832
83100	0.0002330720725
83101	0.0005952407156
83102	0.0005653997574
83103	0.0009728839521
83104	0.002427828354
83105	0.005106806636
83106	3.380288855e-05
83107	0.006029651458
83108	0.001116829628
83109	0.0004600937169
83110	0.003138280032
83111	0.003825278219
83112	0.003049702824
83113	0.003027695132
83114	0.00219413104
83115	0.0002509057639
83116	0.001138116023
83117	0.001960192484
83118	0.001600113946
83119	0.0001805298637
83120	0.001852133359
83121	0.000611411225
83122	5.489181964e-05
83123	0.001322611145
83124	0.0002072983221
83125	0.001089895975
83126	7.386156193e-05
83127	6.996824819e-05
83128	0.0001724457291
83129	4.862078744e-05
83130	0.0001268116983
83131	1.409635739e-05
83132	6.500008979e-05
83133	4.240625956e-05
83134	0.0001987265897
83135	4.399544626e-05
83136	2.29434448e-06
83137	0.0001386805742
83138	0.0005258651912
83139	0.002778134719
83140	0.002537874905
83141	0.002204211981
83142	0.002267482835
83143	0.0009537678304
83144	0.001756332654
83145	0.002424180345
83146	0.004710590608
83147	0.003602968304
83148	0.003629083705
83149	0.004009119335
83150	0.0009707062634
83151	0.002103570024
83152	0.0006831354801
83153	8.90809429e-05
83154	0.0004522926514
83155	0.002809921316
83156	0.0005222221043
83157	0.003630645531
83158	7.160972482e-05
83159	0.0001276294827
83160	9.89098941e-05
83161	9.150539377e-05
83162	0.0001816851268
83163	8.296626155e-05
83164	9.899430311e-05
83165	0.0001651844321
83166	8.137222174e-05
83167	9.884137022e-05
83168	7.9430479e-06
83169	8.323954009e-05
83170	8.75978274e-05
83171	9.887868611e-05
83172	9.89410195e-05
83173	6.688733698e-05
83174	0.0001484070726
83175	9.896597009e-05
83176	9.893346748e-05
83177	0.0001754588795
83178	0.0001552154928
83179	0.0001953678045
83180	9.894474766e-05
83181	9.891750148e-05
83182	8.395406179e-05
83183	0.0004596526621
83184	0.0004388459355
83185	0.0002529722261
83186	0.0001355853901
83187	0.00021836825
83188	0.0004988447898
83189	0.003331997832
83190	0.000414943434
83191	5.911799785e-05
83192	0.0004980087021
83193	0.0005980907918
83194	0.0001752906499
83195	0.0002786730958
83196	0.0003449048255
83197	0.00139492334
83198	0.0004044536026
83199	0.0002275992717
83200	0.0004190613676
83201	0.0003277576533
83202	0.001770985
83203	9.330046329e-05
83204	7.42579825e-05
83205	0.0002462823654
83206	0.0005968165709
83207	0.003076800778
83208	0.00331649346
83209	0.0002588574337
83210	0.006249794531
83211	0.0002653948903
83212	0.000389578071
83213	0.0007448658241
83214	0.0001500866988
83215	0.0006815514442
83216	0.0001064353091
83217	0.0001351442202
83218	0.0003760175345
83219	0.0006439579962
83220	0.001127417409
83221	0.001501398748
83222	0.001133633594
83223	0.00017189949
83224	0.0007630992414
83225	0.0008722234023
83226	0.001236231905
83227	0.0005765781184
83228	6.205679922e-05
83229	0.0001900395693
83230	0.000399915005
83231	0.0003358760352
83232	0.0004824613283
83233	0.0002270152403
83234	0.0002839837549
83235	0.0001055576184
83236	0.0001180256065
83237	0.0004534932902
83238	0.002432754195
83239	0.003043491696
83240	0.003118212837
83241	0.0002475150618
83242	0.0002946311541
83243	0.0009402422885
83244	0.004950498337
83245	0.0003661007023
83246	0.002962366774
83247	0.0006717654849
83248	0.0006493892366
83249	0.004077124267
83250	0.001672584737
83251	0.0001322710893
83252	0.001090670435
83253	0.00026781402
83254	0.0003952002767
83255	0.0002174011898
83256	2.83268563e-05
83257	6.308050973e-05
83258	0.0008048003937
83259	0.002359154987
83260	0.0004322778014
83261	0.002469973679
83262	0.0009041720445
83263	0.0007730353142
83264	0.0005226967229
83265	0.002285704606
83266	0.004071662705
83267	0.0004196125806
83268	0.005083516225
83269	0.000355192806
83270	0.0003507023693
83271	0.0004189627952
83272	6.078531787e-07
83273	0.0005805950559
83274	0.0003078834326
83275	0.0006046977896
83276	0.001395773406
83277	0.0008732700466
83278	0.0001076478993
83279	0.0004489634326
83280	0.0001985215065
83281	0.001143476444
83282	7.384091184e-05
83283	0.0004178436928
83284	0.0009461070788
83285	0.0004186328477
83286	0.0007343146049
83287	0.0001215602276
83288	0.0005717247003
83289	9.047535738e-05
83290	0.0001563128733
83291	0.0002127238513
83292	0.000211598066
83293	0.0001192456434
83294	0.0003879780368
83295	0.0001056644747
83296	0.0001804869661
83297	0.0004022218094
83298	0.0004466001248
83299	0.0007422246419
83300	0.0008944559449
83301	0.0004934741643
83302	0.0001028032308
83303	1.741345531e-05
83304	0.0003347506428
83305	0.0003510115991
83306	0.0004906547997
83307	0.0003534392244
83308	2.562278118e-06
83309	8.226652293e-05
83310	0.0003058179627
83311	0.0005799385179
83312	1.563715709e-06
83313	0.0004389758353
83314	1.526751432e-05
83315	6.577838438e-05
83316	0.001869780247
83317	0.0005813710414
83318	0.001199528391
83319	0.001678090958
83320	0.003670055553
83321	0.001443712808
83322	0.0003023006579
83323	0.001034896933
83324	0.004806788007
83325	0.001159744986
83326	0.0005036871995
83327	0.003428523262
83328	0.005060986079
83329	0.0005805329248
83330	0.0006727458915
83331	0.006453586022
83332	0.0007524139918
83333	0.0004423559108
83334	0.005131023869
83335	0.0008965020212
83336	0.00102852165
83337	0.001828040969
83338	3.620062868e-06
83339	0.0002465426218
83340	0.000152437763
83341	0.0006684149963
83342	0.0006322818952
83343	0.0004383249491
83344	7.706784637e-05
83345	0.0002605670011
83346	5.451418276e-05
83347	9.847302305e-05
83348	0.0003187516116
83349	0.0005057900255
83350	6.759978372e-05
83351	8.869297001e-05
83352	0.0001995123923
83353	0.0004680506761
83354	0.0004924843912
83355	0.0006428197589
83356	0.0002183143761
83357	0.0006224578412
83358	0.000487212735
83359	0.0006919113443
83360	0.0003331064589
83361	1.02137679e-05
83362	0.0002760437755
83363	0.0008606589492
83364	0.0007451610119
83365	3.562595582e-05
83366	0.00122202187
83367	0.001857144722
83368	0.0007939883259
83369	0.0002998569928
83370	0.0007809090219
83371	7.420367414e-05
83372	0.001301520072
83373	0.0008456244821
83374	0.0002500404702
83375	6.678072193e-05
83376	0.0008572575341
83377	0.001854994718
83378	0.000520075399
83379	0.0008249839141
83380	0.000400862326
83381	0.004432549548
83382	0.002260522431
83383	0.0007979844638
83384	0.0009799024671
83385	0.0004710788072
83386	0.0002846897188
83387	0.00112931178
83388	0.004565368857
83389	0.002494841969
83390	0.001099531213
83391	0.004007192323
83392	5.967508746e-05
83393	0.0001963278204
83394	0.0001965475201
83395	0.000197584827
83396	0.0001784356703
83397	0.0002986690177
83398	0.002901135983
83399	0.002950822705
83400	0.002156799847
83401	0.003086248564
83402	0.0003854154194
83403	0.002952065879
83404	0.001019511331
83405	0.001886683769
83406	0.00403321338
83407	0.001000427914
83408	1.729776906e-05
83409	0.005716700789
83410	0.0003573478298
83411	0.001896117317
83412	0.001793685629
83413	6.321151224e-05
83414	0.001668114951
83415	0.002681517362
83416	0.007266620276
83417	0.001838456833
83418	0.0003407305766
83419	0.002753208198
83420	0.002048819759
83421	0.002373075145
83422	6.08919015e-06
83423	0.0006526486023
83424	0.001492910837
83425	0.0003995981683
83426	0.0001103203488
83427	0.0001190544813
83428	0.0009762904763
83429	2.177793098e-05
83430	0.0009426982563
83431	0.0002386244972
83432	0.001553695012
83433	0.002247528368
83434	0.0003458260705
83435	0.00162176142
83436	0.001328056368
83437	0.005360421888
83438	0.0001529832234
83439	0.0005031568098
83440	0.003247508773
83441	4.442603028e-05
83442	0.0003479356672
83443	4.399225701e-05
83444	0.0005149296936
83445	0.001301107915
83446	0.002684533512
83447	0.000205233918
83448	0.002962798629
83449	0.001607841216
83450	0.003864108697
83451	0.0003913454086
83452	0.006160302179
83453	0.006116970327
83454	0.0002588173368
83455	0.001423094443
83456	0.005513618555
83457	0.001581355145
83458	0.001329796031
83459	0.001498468253
83460	0.00137955583
83461	0.001175217455
83462	0.001497707222
83463	0.0006248036421
83464	0.003086692632
83465	0.002661940826
83466	0.003530740764
83467	0.0001871898749
83468	0.00200371834
83469	0.00141078312
83470	0.001362755868
83471	0.003532111751
83472	0.003396490979
83473	0.005894473858
83474	0.005789937688
83475	0.0005860744288
83476	0.001782987387
83477	0.002524385827
83478	0.001228840462
83479	0.0004282297526
83480	0.002029516506
83481	0.003269557203
83482	0.002806251454
83483	7.75911481e-05
83484	0.004955049602
83485	0.007765262046
83486	0.002471527188
83487	0.002444566035
83488	0.002909249457
83489	0.002478343494
83490	0.003172068347
83491	0.001616950382
83492	0.001559581319
83493	0.001222552876
83494	0.006419595112
83495	0.0007493494825
83496	0.002829218002
83497	0.0009693416947
83498	0.001238843212
83499	0.003072292773
83500	0.0001471883941
83501	0.0009713958583
83502	0.002110563453
83503	0.002558673598
83504	0.0004734444732
83505	0.009075674595
83506	0.001915106746
83507	0.004004876457
83508	0.0008039555747
83509	0
83510	0.001961813545
83511	0.00149951909
83512	0.006379618641
83513	0.006642022452
83514	0.004516950131
83515	0.0002916240351
83516	0.002074116659
83517	0.001150860833
83518	0.001488070124
83519	0.0004921262997
83520	0.001213332992
83521	0.003385028438
83522	0.0006578248422
83523	0.001616685765
83524	0.0007497345667
83525	0.0004746656901
83526	0.001065955539
83527	0.002711964726
83528	0.003582737815
83529	0.0005101851347
83530	0.002039549182
83531	0.002446402396
83532	0.001939170644
83533	0.002984746303
83534	0.001505116086
83535	0.0001207103546
83536	0.001620892004
83537	0.001619065484
83538	0.00214276204
83539	0.002863144655
83540	0.002361065508
83541	0.002089917532
83542	0.000163760773
83543	0.00338724639
83544	0.0005317307655
83545	0.003002922726
83546	0.001940886876
83547	0.002217091268
83548	0.0009618053398
83549	0.004563733911
83550	0.002355356036
83551	6.577742615e-05
83552	0.0009275402337
83553	0.0005845781685
83554	0.0006547161878
83555	0.002512627747
83556	0.002541906034
83557	0.005721788248
83558	0.001596523515
83559	0.002018650999
83560	0.003367264362
83561	0.001468470244
83562	0.001248248348
83563	0.007825889076
83564	0.006568166991
83565	0.00315441017
83566	0.002634473426
83567	0.0003356477358
83568	0.003124559519
83569	0.004270121799
83570	0.001324161893
83571	0.0005416307649
83572	0.0006524435325
83573	0.004941342571
83574	0.003276423006
83575	0.0003631935222
83576	0.0001376189888
83577	0.00334530153
83578	0.004430494865
83579	0.006721672145
83580	0.0002932459899
83581	5.039894025e-05
83582	0.0004717658438
83583	0.001800145786
83584	0.0001866555396
83585	0.00577989761
83586	0.001771812476
83587	1.094583136e-05
83588	0.003473665463
83589	0.003490344109
83590	0.001834446406
83591	9.841523424e-05
83592	0.002568826645
83593	0.004653500604
83594	0.003268764538
83595	0.0001836599288
83596	0.0009060760713
83597	0.0002175397061
83598	7.25045964e-05
83599	2.496785645e-05
83600	0.001190635077
83601	0.001615907361
83602	0.005196864753
83603	0.006483708934
83604	0.00587766219
83605	0.0005217722465
83606	0.0002349816838
83607	0.001544357847
83608	0.00048215265
83609	0.0003588817386
83610	0.003738235051
83611	0.000377307848
83612	0.002606651586
83613	0.001529556575
83614	0.0009541127534
83615	0.001287286198
83616	0.002212144935
83617	0.003141131511
83618	0.0009280999889
83619	0.002532568577
83620	0.001109042153
83621	0.006329798851
83622	0.002829663452
83623	0.00710267055
83624	0.004214457448
83625	0.0005433946452
83626	0.001811062259
83627	0.001507648576
83628	0.0005065114812
83629	0.000828744646
83630	0.0007618419213
83631	0.0003763745975
83632	0.003238392602
83633	0.002928886434
83634	0.003685766764
83635	0.0005857583563
83636	0.0008228658918
83637	0.001181326621
83638	0.001003048985
83639	0.006345240338
83640	0.0005659556145
83641	0.00412472634
83642	0.001343317311
83643	0.001260465575
83644	0.002567929179
83645	0.001362124266
83646	0.0001775699949
83647	0.0004973786569
83648	0.0003264745454
83649	0.002928005387
83650	0.001250020706
83651	0.001066500449
83652	0.0007168643196
83653	0.002315756339
83654	0.00265765197
83655	0.001972438443
83656	0.001711456362
83657	0.002893323836
83658	0.001127442231
83659	0.002116558942
83660	0.002117255809
83661	0.0004289304478
83662	0.002647789755
83663	0.002688137902
83664	0.00289923226
83665	0.0005420328692
83666	0.004134463321
83667	0.0002474554501
83668	0.003429760666
83669	0.001070832107
83670	0.002247220022
83671	0.0009651996952
83672	0.0006742467637
83673	0.001173310925
83674	0.007462096249
83675	0.004541954929
83676	0.003402154922
83677	2.303056772e-06
83678	0.001967565031
83679	0.001416297878
83680	0.001163908343
83681	0.0005913816551
83682	0.002579198847
83683	0.001206844781
83684	0.002094307643
83685	0.001048827225
83686	0.0005029295833
83687	0.001631578435
83688	1.937118723e-06
83689	0.000919198709
83690	0.001238492184
83691	0.0008497833603
83692	0.0008350057806
83693	0.0002562984999
83694	0.0007863524561
83695	0.002919407248
83696	0.003157704471
83697	0.00257774394
83698	0.001232995316
83699	0.001493668379
83700	0.003180389977
83701	0.001966661284
83702	0.001520335026
83703	0.0006869146912
83704	0.002177187026
83705	0.0002633272613
83706	0.002085867437
83707	0.001919714729
83708	0.0003464244041
83709	0.0007318123358
83710	0.00310411055
83711	0.0003056512319
83712	0.001055445323
83713	0.0004803958858
83714	0.001148259871
83715	0.0003147597645
83716	0.001398110312
83717	2.871522741e-05
83718	0.0008819273954
83719	0.003236742789
83720	0.002831127183
83721	0.001888894669
83722	0.0007279375589
83723	0.001177539843
83724	0.0005067511383
83725	0.002931937224
83726	0.003376207939
83727	0.003502371812
83728	0.001751110366
83729	6.810473179e-05
83730	0.001105009806
83731	7.26762591e-06
83732	0.0009513261247
83733	0.003047628807
83734	0.003223131824
83735	0.002091857625
83736	0.001741536119
83737	0.003723574115
83738	0.000599062443
83739	0.002311599253
83740	0.00195760393
83741	0.0007309207621
83742	0.002412583136
83743	0.0001843787384
83744	0.0007042314814
83745	0.004072494494
83746	0.00177415098
83747	0.002948826991
83748	0.00115963417
83749	0.001004667664
83750	0.000404548709
83751	0.001853832734
83752	0.003324593328
83753	0.001484211586
83754	0.001312310698
83755	0.0004079276081
83756	0.001783412559
83757	0.0003036369196
83758	0.000657858812
83759	0.004077200871
83760	0.0006836837264
83761	0.001868574952
83762	0.002577871594
83763	0.001601688238
83764	0.003881096911
83765	0.003566436546
83766	0.002629881138
83767	0.003336603988
83768	0.003383704114
83769	0.0004493910241
83770	0.001045306144
83771	0.001826932334
83772	0.00118461135
83773	0.002935415587
83774	0.0004410175642
83775	0.001101422635
83776	0.00130645721
83777	0.001156398361
83778	0.002434461624
83779	0.0001503419315
83780	0.001600672157
83781	0.00111979217
83782	0.0007180116014
83783	0.001240579699
83784	0.002237643116
83785	0.002181173023
83786	0.001291964934
83787	6.477051334e-07
83788	0.001077415803
83789	0.001533212226
83790	0.002471176224
83791	0.007806782003
83792	0.0005468707865
83793	0.003010346343
83794	0.005738436956
83795	2.148562814e-05
83796	0.00186050553
83797	0.004030075942
83798	0.005578094456
83799	0.001259870812
83800	0.00203982267
83801	0.0004863954721
83802	0.0007273271231
83803	0.0006726659567
83804	0.001785956514
83805	0.001135525379
83806	0.0002878365067
83807	0.0001243675825
83808	0.004842294305
83809	0.0005965047593
83810	0.001991912712
83811	0.00083411914
83812	0.0004712672083
83813	0.003484327465
83814	0.0004197412655
83815	0.001051000486
83816	0.001484107809
83817	0.001715691219
83818	0.001585781934
83819	0.004559505669
83820	0.0008551080182
83821	0.0005915094882
83822	0.001141467092
83823	0.001743040123
83824	0.001428091844
83825	0.0004676037492
83826	0.00180989038
83827	7.427438494e-06
83828	0.002014031382
83829	0.0007164974385
83830	0.001920572901
83831	0.001760694781
83832	0.0009024523838
83833	0.002089105456
83834	0.0009687722177
83835	0.00197893356
83836	0.001629743585
83837	0.001881446225
83838	0.001495185007
83839	0.0004509651615
83840	0.002994786636
83841	0.004907682592
83842	0.001107704422
83843	0.005382810351
83844	0.002374090541
83845	0.0003247161619
83846	0.004831183409
83847	0.002279634208
83848	0.002118981353
83849	0.002754132054
83850	0.001561525331
83851	0.001820513565
83852	0.0004190783496
83853	9.059677881e-05
83854	0.002897863911
83855	0.0009823526619
83856	0.000336255518
83857	0.002404499426
83858	5.525592645e-06
83859	4.5172583e-05
83860	0.0005629366931
83861	0.001882923653
83862	0.004095268022
83863	0.0007662185092
83864	0.003303799217
83865	0.0007967794212
83866	0.0008403644263
83867	0.0009107075579
83868	0.0008891189818
83869	0.004885636624
83870	0.001370942242
83871	0.001927110187
83872	0.002110524386
83873	1.595378569e-05
83874	0.001108734564
83875	0.0001656459164
83876	0.002762291883
83877	0.002641639539
83878	0.001911146091
83879	0.003703924718
83880	0.0006534967396
83881	0.006811135891
83882	0.001358590221
83883	0.0002854762877
83884	0.0007440601848
83885	0.002437699613
83886	0.004658312587
83887	0.001632799656
83888	0.0007143793515
83889	0.004269207165
83890	0.001491761962
83891	0.003270885568
83892	0.0003750977363
83893	0.005056349738
83894	0.0002253938916
83895	0.002036934401
83896	0.0006338707862
83897	0.001648398499
83898	0.0001827793833
83899	0.0007412243562
83900	0.001289540413
83901	0.0006589911724
83902	0.00138715481
83903	0.001566949168
83904	0.001075542634
83905	0.0007909649757
83906	0.0004686638825
83907	0.0009156514251
83908	0.003619863959
83909	0.003565365839
83910	0.0006193191689
83911	0.001775745405
83912	0.0006455532281
83913	0.0004354503467
83914	0.003568389374
83915	0.003452007737
83916	0.000905265065
83917	0.001083636359
83918	0.001420550121
83919	0.003920678503
83920	0.002491931524
83921	0.002402299514
83922	0.0005188664439
83923	0.0004925574125
83924	0.001141675097
83925	0.0004770186812
83926	0.001303129929
83927	0.003113480708
83928	0.003829022362
83929	0.003898710385
83930	0.004114214137
83931	0.000978127136
83932	0.001978281811
83933	0.0007215175519
83934	0.004768354044
83935	0.002283155147
83936	0.00165061865
83937	0.00156234103
83938	0.001769598433
83939	0.004854401257
83940	0.002126898173
83941	0.0007852469623
83942	0.002450242958
83943	0.001411299285
83944	0.000885240598
83945	0.001997215748
83946	0.0002407245424
83947	0.0007967651742
83948	0.0009867726454
83949	0.008542398687
83950	0.001549213238
83951	0.0008931832357
83952	0.001939859136
83953	0.0019771546
83954	0.0004020743704
83955	0.0007516719599
83956	0.00239971434
83957	4.033724317e-05
83958	4.064549042e-05
83959	0.0006301687047
83960	0.0002439205073
83961	0.002475839268
83962	0.002340534447
83963	0.004238712899
83964	0.001472104284
83965	0.002618613423
83966	0.0005557636253
83967	0.001148822424
83968	0.002636007158
83969	0.001997861111
83970	0.0003704017375
83971	0.001497465555
83972	0.001471845603
83973	0.002816068597
83974	0.001106094611
83975	0.003065782457
83976	0.001642733731
83977	0.0006236448894
83978	0.003234087615
83979	2.466639446e-05
83980	0.0001479386
83981	0.003330581759
83982	0.002465210868
83983	0.003594674981
83984	0.006243824853
83985	0.0035743198
83986	0.003887614186
83987	0.00209906309
83988	0.001562717017
83989	0.0008299197063
83990	0.002569627577
83991	0.001212751577
83992	0.0024561875
83993	0.0009532806693
83994	0.0007005388023
83995	0.001634315527
83996	0.0009722442819
83997	0.006699774565
83998	0.006180687246
83999	0.0002231264587
84000	0.004275872522
84001	0.003732821256
84002	0.001145259589
84003	0.002005591783
84004	0.007499977079
84005	0.001228498853
84006	0.0001128487693
84007	0.0009616069199
84008	0.001730317459
84009	0.001223799517
84010	0.0004548556473
84011	0.001138072084
84012	0.0001171213956
84013	0.0006788698281
84014	0.001947138504
84015	0.0008725000486
84016	0.001541331925
84017	0.0009598264747
84018	3.850477521e-05
84019	0.0002689531817
84020	0.001112978688
84021	0.0008974729255
84022	0.0007267350506
84023	0.001228348224
84024	0.0004139463832
84025	0.00110721529
84026	0.001727238295
84027	0.006936340626
84028	0.0008348096954
84029	0.002603230111
84030	0.001994337067
84031	0.001463344127
84032	0.0006757869347
84033	0.002290028588
84034	0.00171284357
84035	0.001316396954
84036	0.0004688609852
84037	4.973852411e-05
84038	0.001434818534
84039	0.001732002866
84040	0.004899897401
84041	0.0001087784308
84042	0.0002837846017
84043	0.0008329657066
84044	0.003275661459
84045	0.0005220884588
84046	0.0002875430867
84047	3.980228754e-05
84048	0.003691484318
84049	0.0004695439713
84050	0.002292533032
84051	0.005206861078
84052	0.003928341046
84053	8.211667796e-05
84054	0.002679948037
84055	0.003888673726
84056	0.0001670278573
84057	0.001249669366
84058	0.001574330214
84059	0.001622510535
84060	0.003033649438
84061	0.001003102942
84062	0.0004697209237
84063	0.0009442921352
84064	0.00510588234
84065	0.0007002587048
84066	0.001073104989
84067	0.004600931945
84068	0.00173081347
84069	0.001514072428
84070	0.0002380237463
84071	0.003014593538
84072	0.003240458601
84073	0.003020935877
84074	0.001113499598
84075	0.00123871198
84076	0.002452358529
84077	0.004855505485
84078	8.475467243e-05
84079	0.0003767647296
84080	0.001682577406
84081	0.0002313295432
84082	0.001010559131
84083	0.0001199916975
84084	0.0008663972741
84085	0.001279066663
84086	0.0009025072256
84087	0.001868726116
84088	0.00131500034
84089	0.001584129329
84090	0.001798133643
84091	0.0009942933172
84092	0.000287945235
84093	0.0005599943434
84094	0.001341618059
84095	3.876966182e-05
84096	0.0020736624
84097	0.0004851014542
84098	0.002190531828
84099	0.001568960286
84100	0.003021269168
84101	0.001928292112
84102	0.003520441763
84103	0.0006803215662
84104	0.002675569804
84105	0.001379876298
84106	0.002650254219
84107	0.001072141444
84108	0.002237009249
84109	0.002766718381
84110	0.002788006062
84111	0.001958646811
84112	0.001041916499
84113	0.001683581026
84114	0.0016480619
84115	9.228135946e-05
84116	0.002074033188
84117	0.001154560798
84118	0.0008863585361
84119	0.00221501251
84120	0.003304239937
84121	0.0007973352926
84122	0.0006974293584
84123	0.002456875509
84124	0.003621773677
84125	0.003760998368
84126	0.0008341624123
84127	0.0005180026336
84128	0.0001565713938
84129	0.001036681029
84130	0.002561797545
84131	0.003103747303
84132	0.0004439598389
84133	0.00112899203
84134	0.0009284976551
84135	0.002897441939
84136	0.0007465908266
84137	0.004786630194
84138	0.001669518687
84139	0.007113516983
84140	0.002938582714
84141	0.001586895998
84142	0.001466803635
84143	0.002041424533
84144	0.001542083829
84145	0.0028854312
84146	0.0006345280871
84147	0.004220300757
84148	1.238691277e-05
84149	0.002134683355
84150	0.002594161031
84151	0.0006414093974
84152	0.00253744902
84153	7.437625445e-05
84154	0.00223903989
84155	0.001014810336
84156	0.00202742818
84157	0.003727793645
84158	0.002582708953
84159	0.0006867042959
84160	0.001256277472
84161	0.000825291697
84162	0.006653044039
84163	0.002018321654
84164	0.003663047027
84165	0.0001529736049
84166	0.002904556501
84167	0.00177898173
84168	0.0001957907951
84169	0.003701733821
84170	0.0004528246059
84171	0.001182628226
84172	0.000890122334
84173	0.002434892884
84174	0.001113940631
84175	0.005990213859
84176	0.001288142328
84177	0.00113267499
84178	0.0008629740522
84179	0.0001574422333
84180	3.798966988e-05
84181	0.001112622448
84182	0.00570842704
84183	0.0008745640858
84184	0.0009400480718
84185	0.001478264381
84186	0.002154167942
84187	0.001893578694
84188	0.003377903246
84189	0.0003569622856
84190	0.001244236986
84191	0.0017132443
84192	0.004491953903
84193	0.0001022551859
84194	0.002136063185
84195	0.004129349376
84196	0.00188562194
84197	0.004154270616
84198	0.007641135985
84199	0.002640418196
84200	7.440745149e-05
84201	0.0009512249038
84202	0.0001286663952
84203	0.0002559380767
84204	0.001554549485
84205	0.00129772962
84206	0.0003901925295
84207	0.0004798377456
84208	0.0001911188747
84209	0.004178515319
84210	0.0001150328091
84211	0.001699861136
84212	0.005714435304
84213	0.001673725242
84214	0.003833767193
84215	0.003024528779
84216	0.006790873268
84217	0.002080035253
84218	0.0005287218237
84219	0.001375510346
84220	0.0008610848085
84221	0.00109170835
84222	0.0006848116828
84223	0.001756789307
84224	0.00158545284
84225	0.001321113351
84226	0.001415297849
84227	3.662123525e-05
84228	8.212987495e-05
84229	0.0001190077588
84230	0.002886553224
84231	0.001383333566
84232	0.00154057164
84233	0.001327355462
84234	0.001962080266
84235	0.001099175367
84236	0.001107095257
84237	0.002490244263
84238	0.0009789814398
84239	0.00236297022
84240	0.002249525055
84241	2.011349377e-05
84242	0.002309251345
84243	0.004057874917
84244	0.003919983917
84245	0.004159083138
84246	0.002086102649
84247	0.005012105676
84248	0.001468633175
84249	0.004239854791
84250	0.001234244385
84251	0.005992536402
84252	0.002946459286
84253	0.0008880421745
84254	0.001457506498
84255	0.0002910311517
84256	0.002123219315
84257	0.001147907527
84258	0.0005661234153
84259	0.0006472321298
84260	0.001947460802
84261	0.001339305784
84262	0.0003692931675
84263	0.002134092583
84264	0.001020014259
84265	0.0007156394667
84266	0.0006894740883
84267	0.003341399385
84268	0.002709071561
84269	0.0007876618928
84270	0.001565913909
84271	0.002312622875
84272	0.002425475725
84273	0.00375721851
84274	0.004456147209
84275	0.001242839878
84276	0.002949136502
84277	0.001025897602
84278	0.000911919471
84279	0.002739843175
84280	0.001083215615
84281	0.00242036608
84282	0.002470578196
84283	0.0004371976411
84284	0.0005143528532
84285	0.000182941089
84286	0.0002490859977
84287	0.001362931826
84288	2.179643131e-05
84289	0.0001651113978
84290	0.0009681037493
84291	0.0005419814498
84292	0.0002679675705
84293	0.002331736946
84294	0.002135720685
84295	0.004577513495
84296	0.00163121765
84297	7.251824062e-05
84298	0.0003759912371
84299	0.00145361982
84300	0.001582267157
84301	0.0006375722389
84302	0.004459625396
84303	0.0004141335483
84304	0.00182317608
84305	0.001009848668
84306	0.00245088151
84307	0.003440509475
84308	0.0004910429449
84309	0.000349012081
84310	0.002005291034
84311	0.0004360375839
84312	0.001186074296
84313	0.001536882656
84314	0.003499528687
84315	8.685930959e-06
84316	0.001154117401
84317	0.002718181126
84318	0.004111673495
84319	0.002691024609
84320	0.002684634232
84321	4.475299272e-05
84322	0.0004515438762
84323	1.885259608e-05
84324	8.281648257e-06
84325	0.003105653874
84326	0.001498287417
84327	1.510451372e-05
84328	0.001098374939
84329	0.0002338948017
84330	0.0004618465989
84331	0.002375452648
84332	0.001162483564
84333	0.002565465143
84334	0.001873006222
84335	0.001875795997
84336	0.002534017316
84337	0.00120596709
84338	0.004481617209
84339	0.001019403695
84340	0.003474657598
84341	0.0003803832303
84342	0.0005651187156
84343	0.002877960417
84344	0.00203136995
84345	0.004409691084
84346	0.001431363836
84347	0.002102888327
84348	0.002471706879
84349	0.002213863316
84350	0.002084955494
84351	0.001050994335
84352	0.0009362166905
84353	0.0008735369738
84354	0.0005651183543
84355	0.001152109895
84356	0.0002585767971
84357	0.001613328426
84358	0.001470333578
84359	0.001335729185
84360	0.001141824406
84361	0.0009370470989
84362	0.0003154200119
84363	0.001064840262
84364	0.000120522843
84365	0.002601425144
84366	0.001051745821
84367	0.001478171765
84368	0.001499246965
84369	8.019886176e-05
84370	0.0004794972683
84371	0.0008283800425
84372	0.0006732539191
84373	0.0008111960478
84374	0.000943768602
84375	0.001630900232
84376	0.003393851613
84377	0.0007119489709
84378	0.003452851634
84379	0.0006724282382
84380	0.004103211175
84381	0.00181943833
84382	0.004846742959
84383	0.002507671133
84384	0.001984655762
84385	0.004671282593
84386	0.003028401088
84387	0.002568656085
84388	0.001976802404
84389	0.0009621059458
84390	0.004660115752
84391	0.002487860869
84392	0.0009015630643
84393	0.002162758507
84394	0.001310326129
84395	0.0009686227605
84396	0.0009257188684
84397	0.005353569324
84398	0.0005090412725
84399	0.002469785884
84400	0.001797321311
84401	0.002702066563
84402	0.002750984373
84403	0.001573262513
84404	0.0008618990462
84405	0.006360174979
84406	0.004510630986
84407	0.000785293667
84408	0.0004559962121
84409	0.00111405678
84410	0.001265402243
84411	0.002848068504
84412	0.001199041549
84413	0.0006232414437
84414	0.0003537330392
84415	1.465407513e-05
84416	0.0013725282
84417	0.0003863127816
84418	0.002882337468
84419	0.0009762039083
84420	0.002048191146
84421	0.0004886045252
84422	5.487254132e-05
84423	0.00152403852
84424	0.00075006404
84425	0.001229740876
84426	0.001910453793
84427	0.001680823714
84428	0.001785721183
84429	0.002945194802
84430	0.005483580598
84431	0.002244681637
84432	0.002895016743
84433	0.00219121498
84434	0.001308284731
84435	0.003335002282
84436	0.00292980402
84437	0.0006664737797
84438	0.0002731572011
84439	0.003557303454
84440	5.718415606e-05
84441	0.003780554999
84442	1.951444551e-05
84443	0.001479395391
84444	0.0004189257362
84445	0.002055664501
84446	0.002139391802
84447	0.00345068585
84448	0.002594984361
84449	0.000305788296
84450	0.002155913305
84451	0.002829060015
84452	0.002124806862
84453	0.001100011054
84454	4.808408266e-05
84455	8.319880359e-05
84456	0.002077565368
84457	5.934612654e-05
84458	0.004277692969
84459	0.002270966395
84460	0.001455461956
84461	0.0005121989698
84462	0.00283930019
84463	0.001045999729
84464	0.001774161043
84465	0.001136378495
84466	0.0006844739427
84467	0.000441442702
84468	0.0008944566639
84469	0.002281358017
84470	0.002111546995
84471	0.005704022387
84472	0.002333523404
84473	0.001378317799
84474	0.002285087286
84475	0.003305528867
84476	0.0003718034528
84477	0.0005909318155
84478	0.002272622042
84479	0.002216504575
84480	0.004009114642
84481	0.001263086382
84482	0.002620934391
84483	0.003219431923
84484	3.134045827e-05
84485	0.002549062574
84486	0.0002536881065
84487	8.26638959e-05
84488	0.00269690556
84489	0.001277936603
84490	0.001690214093
84491	0.003039850155
84492	0.0005594419966
84493	0.001013025401
84494	0.007177359237
84495	0.0004527550719
84496	0.001440592509
84497	0.001213559674
84498	0.001193621307
84499	0.002189102089
84500	0.0007218600148
84501	0.001208559224
84502	0.0004218107889
84503	0.001416640158
84504	0.0008455638296
84505	0.002141793247
84506	0.002959082608
84507	0.00149964186
84508	0.002295681958
84509	0.001202359074
84510	0.002392392437
84511	0.002996129199
84512	0.0007869824319
84513	0.006915353774
84514	0.001182468186
84515	0.002111187059
84516	0.001725362611
84517	0.000866807831
84518	0.001403665104
84519	0.003223973727
84520	0.00126402184
84521	0.001149093876
84522	0.001058231279
84523	0.001182207399
84524	0.0009944075374
84525	0.001817185968
84526	0.001375232799
84527	0.001968074023
84528	0.002318340501
84529	0.003902802648
84530	0.003727427281
84531	0.0004652405551
84532	0.001120341966
84533	0.001409823149
84534	0.000722858943
84535	0.002608472375
84536	0.0003155359342
84537	0.001728588286
84538	0.0007520805633
84539	0.0001728597635
84540	0.003175065139
84541	0.0008273395407
84542	0.00152267221
84543	0.002562567691
84544	0.001260482271
84545	0.001548223312
84546	0.00181117401
84547	0.006349905094
84548	0.003121029216
84549	0.0002936142302
84550	0.007325926074
84551	0.00269295525
84552	0.0007545359706
84553	0.001764036567
84554	0.00244302002
84555	0.001484000892
84556	0.0002093157264
84557	0.0009955412212
84558	0.002312721306
84559	0.001034233245
84560	0.000722799314
84561	0.002172111447
84562	0.0004239481602
84563	0.0006762439671
84564	0.004689741429
84565	0.005678065821
84566	0.001564782026
84567	0.002756094292
84568	0.001697803991
84569	0.00282292052
84570	0.0009587452474
84571	0.004703084507
84572	0.0005328129078
84573	0.0008440168771
84574	0.001910258933
84575	0.005599733545
84576	0.0006183593585
84577	0.001402140393
84578	0.002555795387
84579	0.0009393064186
84580	0.0008091824283
84581	0.001235752642
84582	0.002513800428
84583	0.007115417863
84584	0.0002793203108
84585	0.0001068296845
84586	0.001603671059
84587	0.002379476876
84588	0.001276859314
84589	0.0007862777109
84590	0.002191959901
84591	0.0008510582556
84592	0.0004000991208
84593	0.001402163184
84594	0.002160718737
84595	0.0003339214748
84596	0.002447627707
84597	0.0008982499055
84598	0.00143596909
84599	0.003948836757
84600	0.01180723096
84601	0.001292086292
84602	0.001574352427
84603	0.002013069205
84604	0.006318439595
84605	9.376464711e-05
84606	0.002533394739
84607	0.001369133883
84608	0.002312142923
84609	0.001233743873
84610	0.0004552084954
84611	0.005027556488
84612	0.004628422179
84613	0.002012784631
84614	0.006436481638
84615	0.0003589290009
84616	0.0004011235141
84617	0.001972221632
84618	0.002061224492
84619	0.004641440773
84620	0.004382420985
84621	0.00162303237
84622	0.001512864034
84623	0.0004986157842
84624	0.001849412994
84625	0.0006155754401
84626	0.003302476582
84627	0.0003566987562
84628	0.0006572963582
84629	0.001576580498
84630	0.001067709634
84631	0.002754792605
84632	0.001853182644
84633	0.003417555318
84634	0.004046141787
84635	0.0007484682901
84636	0.001264703736
84637	0.001657830039
84638	0.0012796317
84639	0.001070522361
84640	0.002070212959
84641	0.001006802785
84642	0.0002734049077
84643	0.001072799332
84644	0.001177787391
84645	0.001891970387
84646	0.003371091668
84647	0.0002752240011
84648	0.002073954876
84649	0.004062452922
84650	0.001548550387
84651	0.0005924429286
84652	0.003949500553
84653	0.000256161909
84654	0.000501586075
84655	0.003309082142
84656	0.0007591809455
84657	0.004332492635
84658	0.001495322015
84659	0.001914383259
84660	0.001660104947
84661	0.0007563246786
84662	0.002323737958
84663	0.002380732119
84664	0.003631668734
84665	0.000954757085
84666	0.001907590742
84667	0.003060102751
84668	0.0003614452544
84669	0.0001160597009
84670	0.001043470097
84671	0.002645343356
84672	0.004912941867
84673	0.005683053207
84674	0.005692228595
84675	0.00151863239
84676	0.002970665242
84677	0.0002557884434
84678	0.001889344215
84679	0.003235839304
84680	0.002006064823
84681	0.001026572724
84682	0.0007076728366
84683	0.0004236421105
84684	0.0002023661191
84685	0.0009568244372
84686	0.0002759189895
84687	0.0006684749559
84688	0.001826679382
84689	0.003061834757
84690	0.001369903597
84691	0.002291230795
84692	0.0001872983752
84693	0.002163202605
84694	0.002116370625
84695	0.004135390503
84696	0.002286357139
84697	0.001576809943
84698	0.003466894797
84699	0.003969182144
84700	0.001194854815
84701	0.001336438254
84702	0.00382032806
84703	6.310027363e-05
84704	0.002706317733
84705	0.001803034568
84706	0.0009010035764
84707	0.002358480013
84708	0.001695337629
84709	0.003709977692
84710	0.00344664266
84711	0.002962483045
84712	0.003260275765
84713	0.003119756285
84714	0.004697659061
84715	0.003679857343
84716	0.0003675223959
84717	0.00159313362
84718	0.004417999638
84719	0.003469178027
84720	0.0003883684313
84721	0.00158478147
84722	0.002023794916
84723	0.0009200274922
84724	0.003584704667
84725	0.003108098816
84726	0.004445248845
84727	0.0005288844205
84728	0.0005812378552
84729	8.728932993e-05
84730	0.0001916657399
84731	0.001055453448
84732	0.001642934081
84733	0.003128896516
84734	0.001058532791
84735	0.001003461278
84736	0.0005045655646
84737	3.751710189e-05
84738	0.000575584796
84739	0.0003792554826
84740	0.003991719908
84741	0.0009304980983
84742	0.001302706125
84743	0.001874901339
84744	0.001004984037
84745	0.00320469004
84746	0.004800508607
84747	0.0007078053404
84748	0.001061905309
84749	0.001848634131
84750	0.003343785159
84751	0.003141074689
84752	0.001250219649
84753	0.001481198859
84754	0.001000608335
84755	0.002546587081
84756	0.001293031098
84757	0.003001349526
84758	0.002008119617
84759	0.002709281181
84760	0.0006280340477
84761	0.001966756986
84762	0.001950031588
84763	0.0004694502855
84764	0.001530104426
84765	9.678073848e-05
84766	0.0007338493621
84767	0.002686271256
84768	7.813074701e-05
84769	0.00280848598
84770	0.0008578466137
84771	0.001736891941
84772	0.001661628526
84773	0.0002177841598
84774	0.0009658958664
84775	0.001705357071
84776	0.002577697131
84777	0.004597246359
84778	0.001540296082
84779	0.002343046465
84780	0.0004976842987
84781	0.003104677017
84782	0.0006294075945
84783	0.002725783251
84784	0.001262124843
84785	0.00126995146
84786	0.001713241932
84787	0.00077739964
84788	0.001079404962
84789	0.000873861575
84790	0.0002003560869
84791	0.001275094665
84792	0.004712099436
84793	0.00102751142
84794	0.004807003167
84795	0.001184254238
84796	0.0004132281652
84797	0.002470810525
84798	0.0005680436414
84799	0.006325821744
84800	0.001721764063
84801	0.001072245069
84802	0.004198804374
84803	0.002779750155
84804	0.001005813487
84805	0.0009469062659
84806	0.001817506501
84807	0.002442744689
84808	0.000714991963
84809	0.001717523833
84810	0.00165262043
84811	0.0003038217501
84812	0.002825299605
84813	0.00301241789
84814	0.001598506836
84815	0.0006648804807
84816	0.002152851891
84817	0.001677552426
84818	0.004854071954
84819	0.00172428304
84820	0.0001401105921
84821	0.003170068428
84822	0.0006044775064
84823	0.001793639516
84824	0.001421771832
84825	0.003792489602
84826	0.002196122686
84827	0.002485175142
84828	0.001402207842
84829	0.0008464795742
84830	0.0003160899636
84831	0.001803932198
84832	0.002321637798
84833	0.0003510815169
84834	0.005002321107
84835	7.539199074e-05
84836	0.001236193549
84837	0.0007799979854
84838	0.002099296863
84839	0.002005008328
84840	0.00023194387
84841	0.0004744339045
84842	0.0005275597571
84843	0.001765556259
84844	0.001418005703
84845	0.0003489601473
84846	0.0007327049645
84847	0.001056089425
84848	0.0006105300075
84849	0.004559921497
84850	0.002717871717
84851	0.001495793686
84852	0.004263649215
84853	0.001729420178
84854	0.00200247609
84855	0.0002311918655
84856	0.0008468036823
84857	0.00243466996
84858	0.000357126867
84859	0.001025579913
84860	0.001014766989
84861	0.001278462013
84862	0.0005300925451
84863	0.0004225939258
84864	0.001595923536
84865	0.002391388805
84866	0.003516534583
84867	0.0007168045447
84868	0.001221304062
84869	5.740894181e-05
84870	0.006916816621
84871	0.0009000631712
84872	0.003222862885
84873	0.001979258229
84874	0.004233803431
84875	0.001516912731
84876	0.001126373861
84877	0.003859263247
84878	0.0005397254024
84879	0.00056951397
84880	0.002379081148
84881	0.001632510008
84882	0.000807419128
84883	0.0004055166323
84884	0.0004921414401
84885	0.000821259616
84886	0.0002601710047
84887	0.00469483874
84888	0.006197962001
84889	0.00171805031
84890	0.001497569018
84891	0.0009058409034
84892	0.0009492604565
84893	0.005382179998
84894	0.002770319046
84895	0.0002512756325
84896	0.002542168444
84897	0.00203229347
84898	0.0009333329168
84899	0.001343451942
84900	0.001207270357
84901	0.0009443902691
84902	0.0009605375692
84903	0.0008494550804
84904	0.002624623449
84905	0.001908340814
84906	0.006170561759
84907	0.001519585565
84908	0.0009825140045
84909	0.002481050396
84910	0.0009441365464
84911	0.004362330697
84912	0.001530016795
84913	0.003145793254
84914	0.0003865710445
84915	0.003471332975
84916	0.004959178549
84917	0.006793342449
84918	0.0001719179562
84919	0.003115314386
84920	0.00115460026
84921	0.001581133111
84922	0.001144647203
84923	0.004905712634
84924	0.001181942611
84925	0.002404757459
84926	0.003535339318
84927	0.003424247299
84928	0.001997089225
84929	0.004393211264
84930	0.002944193672
84931	0.001137834701
84932	0.0004862008048
84933	0.00130976833
84934	0.001217185746
84935	0.002750200611
84936	0.001415840889
84937	0.0008116020782
84938	0.0003135422276
84939	0.005840251207
84940	0.007044934695
84941	0.0002405653157
84942	0.0008433847673
84943	0.001283545127
84944	0.002945974184
84945	0.001518323889
84946	0.001467643815
84947	0.0003419286065
84948	0.0004182691388
84949	0.002192678971
84950	0.001441314861
84951	0.0002781927846
84952	0.002952063541
84953	0.00187433349
84954	0.0008914060503
84955	0.001302504985
84956	0.0009635354535
84957	0.003215530702
84958	0.0007755475042
84959	0.001131319758
84960	0.0009877185843
84961	0.003653645907
84962	0.002850210112
84963	0.0005159769414
84964	0.001511304215
84965	0.0007164559521
84966	0.002131309222
84967	0.006810990091
84968	0.00240334015
84969	0.0005581553223
84970	0.005172387096
84971	0.0008572283785
84972	0.0006461145992
84973	0.0006725027934
84974	0.002886866449
84975	0.00167178017
84976	0.001067718794
84977	0.001534967061
84978	0.0004835599136
84979	0.003689162326
84980	0.006194745388
84981	0.001749374466
84982	0.003059819714
84983	0.001287625146
84984	0.002962345704
84985	0.0006681945179
84986	0.0005746237187
84987	0.001297208736
84988	0.002090613895
84989	6.500310822e-05
84990	0.0007496911842
84991	0.001276396893
84992	0.001978677096
84993	0.002667132451
84994	0.00104883644
84995	0.00209903454
84996	0.004318140523
84997	0.001613169547
84998	0.001638823162
84999	0.002412608226
85000	0.001380723511
85001	0.001727579292
85002	0.0009617287702
85003	0.002331948742
85004	0.001307792319
85005	0.003076155009
85006	0.0002534940073
85007	0.001008007311
85008	0.003455547381
85009	0.002637384569
85010	0.001506925522
85011	0.0009852029249
85012	0.001647247052
85013	0.00169199761
85014	0.006622108656
85015	0.001383400448
85016	0.00176091415
85017	0.001161600745
85018	0.003621399734
85019	0.001174152162
85020	0.000490649941
85021	0.001275804194
85022	0.001215097993
85023	0.001893864429
85024	0.001414903109
85025	0.0007639214155
85026	0.0009939490147
85027	0.002068874018
85028	0.001370265367
85029	0.00340757861
85030	0.0008300745372
85031	0.0008579623516
85032	0.001400906248
85033	0.002529619473
85034	0.003471131451
85035	0.003521173192
85036	0.001835097275
85037	0.0007694550715
85038	0.001173988616
85039	0.002017457222
85040	0.001637124901
85041	0.001980557313
85042	0.0008539279716
85043	0.0008149803916
85044	0.0002902346673
85045	9.431754899e-06
85046	0.003285996384
85047	0.004547579697
85048	0.004578602803
85049	0.001143747259
85050	0.00450599812
85051	0.004392374779
85052	0.003281942321
85053	0.00433352206
85054	0.001289540001
85055	0.0008120444397
85056	0.005810630901
85057	0.001618670569
85058	2.195230937e-05
85059	0.001974932919
85060	0.0007989694977
85061	0.0006738353621
85062	0.0003221274458
85063	0.0009477371171
85064	0.001299697505
85065	0.0007030594091
85066	0.0004914617878
85067	0.001000832824
85068	0.005393892771
85069	0.0024335535
85070	0.001350702111
85071	0.00189424404
85072	0.00216401802
85073	0.0004616869396
85074	0.0007906438507
85075	0.0006723846976
85076	0.0001182502725
85077	0.002893134361
85078	0.0001546080498
85079	0.001188906321
85080	0.0003468457571
85081	0.003677951503
85082	0.002081949776
85083	0.001846136046
85084	0.001468800683
85085	0.0001059078468
85086	0.00262889821
85087	0.00101960684
85088	0.002420462298
85089	0.001495300734
85090	0.0007175203789
85091	0.001525871241
85092	0.002000947066
85093	0.0009222588059
85094	0.002139691732
85095	0.0009249314605
85096	0.0005060029203
85097	0.00131025074
85098	0.000805544665
85099	0.001064307645
85100	0.003266177343
85101	0.0005350622603
85102	0.000900676134
85103	0.001936489725
85104	0.001604024588
85105	0.005353775106
85106	0.002222980466
85107	0.001061121555
85108	0.001110500824
85109	0.001243088769
85110	0.0006097902889
85111	0.002569654459
85112	0.002224186902
85113	0.003110794397
85114	0.001727933091
85115	0.001536551857
85116	0.001332342014
85117	0.004608698512
85118	0.0004848701063
85119	0.004634851603
85120	0.000326592085
85121	0.0006975466681
85122	0.001779689348
85123	0.00328184183
85124	0.0002040986362
85125	0.001652400838
85126	0.002045929136
85127	0.00273305139
85128	0.001378021398
85129	0.0001195358283
85130	0.002475778122
85131	0.001259648802
85132	0.0006979586106
85133	0.003203956217
85134	0.001272591064
85135	0.001123553122
85136	0.001046747619
85137	0.0009505085749
85138	0.0006372869419
85139	0.00277562244
85140	0.005464886687
85141	0.0009360380205
85142	0.0008358988067
85143	0.0009650251215
85144	0.002083376737
85145	0.001617973635
85146	0.001681647092
85147	0.002423970084
85148	0.0008622227809
85149	0.003869637886
85150	0.00122502539
85151	0.001162311341
85152	0.0003366320796
85153	0.00356617396
85154	0.00256126814
85155	0.003094769166
85156	0.0002152156717
85157	0.001656690027
85158	0.001262120036
85159	0.002188235809
85160	0.0008320639704
85161	0.001518257987
85162	0.001432527746
85163	0.001623339634
85164	0.001432960528
85165	0.003502397149
85166	0.0008839570903
85167	0.001767093007
85168	0.0007084220928
85169	0.002334642142
85170	3.664913927e-05
85171	0.002326383905
85172	0.001350000815
85173	0.001710486507
85174	0.002504974504
85175	0.0009092965093
85176	0.0009911033416
85177	0.001570717318
85178	0.002078826815
85179	0.0008345093993
85180	0.001530697266
85181	0.001347999536
85182	0.002289689205
85183	0.002233453307
85184	0.0007996887204
85185	0.006937335773
85186	0.001730393898
85187	0.0006016742622
85188	0.00131249069
85189	0.0002650784142
85190	0.0007392040073
85191	0.0003396029484
85192	0.001361745158
85193	0.003356724475
85194	0.00348075297
85195	0.0004516521123
85196	0.001767313225
85197	0.0003290088016
85198	0.001028412567
85199	0.000347841078
85200	0.0021589957
85201	0.000676152198
85202	0.003436551164
85203	0.002499801438
85204	0.0007472791238
85205	0.0008888000702
85206	0.00232687167
85207	0.002241449466
85208	0.001123683647
85209	0.0004359475641
85210	0.001925217409
85211	0.0003281563648
85212	0.002455959631
85213	0.002638889542
85214	0.0002293077004
85215	0.0008846434166
85216	0.0008595785631
85217	0.0005868073265
85218	0.003237078365
85219	0.0007555647415
85220	0.0006774300154
85221	0.00192406031
85222	0.000632823825
85223	0.0007963750463
85224	0.001294512719
85225	0.0001696894136
85226	0.001600869013
85227	0.003064179557
85228	0.00122092969
85229	0.001882894234
85230	0.0005287986656
85231	0.002291011519
85232	0.003396991274
85233	0.001014721998
85234	0.0007852555998
85235	0.001592733513
85236	0.002167816306
85237	0.00285001033
85238	0.0001300573255
85239	0.003171865304
85240	0.003127390291
85241	0.0009983417136
85242	0.0006529240744
85243	0.001872900011
85244	0.0002143495975
85245	0.001309630948
85246	0.002579104636
85247	0.0005026284878
85248	0.002061461878
85249	0.003759016338
85250	0.009911980383
85251	0.000730062834
85252	0.001252608261
85253	0.002622426991
85254	0.0007795923061
85255	0.001062804954
85256	0.001582654916
85257	0.003740936636
85258	0.003653174897
85259	0.001510742856
85260	0.0003677218364
85261	0.001957693176
85262	0.006913145449
85263	0.004273848116
85264	0.00384393217
85265	0.00209584524
85266	0.003921776264
85267	0.003592073244
85268	0.00166699776
85269	0.002028407878
85270	0.000951241942
85271	0.0005307250855
85272	0.002270064974
85273	2.149884115e-05
85274	0.00117172821
85275	0.002800921269
85276	0.003315266276
85277	0.003986502631
85278	0.002661509168
85279	0.0001150686298
85280	0.003288667251
85281	7.951043599e-05
85282	0.002293179807
85283	0.003735548716
85284	0.0006452498973
85285	0.0005235362425
85286	0.0005197596588
85287	0.002094988746
85288	0.003175093035
85289	0.003042984041
85290	0.003803761662
85291	0.001748161762
85292	0.00482134915
85293	0.0003407783342
85294	0.002486823581
85295	0.0004765562554
85296	0.0003632753109
85297	4.662260175e-05
85298	0.003522056627
85299	0.0009186781816
85300	0.0004551649507
85301	0.001622188633
85302	5.86431913e-05
85303	0.001388306976
85304	0.003021342812
85305	0.000509520195
85306	0.001334306503
85307	0.002212948773
85308	0.0008139364235
85309	0.00131410411
85310	0.002673741507
85311	0.001303859927
85312	0.004555584195
85313	0.003461496844
85314	7.79602423e-05
85315	0.002354143639
85316	0.001376229322
85317	0.0004666445022
85318	0.0007370512218
85319	0.00317362045
85320	0.001313311255
85321	0.005496981067
85322	0.001794194246
85323	0.001826664909
85324	0.004427259512
85325	0.001315443414
85326	0.004835043888
85327	0.0004699725809
85328	0.0008963261696
85329	0.0009257845383
85330	0.002132511287
85331	0.0009929170444
85332	2.875535965e-05
85333	0.001424491824
85334	0.001238231605
85335	0.001183142824
85336	0.001161475306
85337	0.0007904346274
85338	0.001227613912
85339	0.002886170574
85340	0.002852880329
85341	0.001890905145
85342	0.000789988736
85343	0.002501269718
85344	0.007178213651
85345	0.001207750135
85346	4.73015046e-05
85347	0.002408668802
85348	0.0009872582171
85349	5.889803804e-05
85350	0.002372646406
85351	0.001488961326
85352	0.001418174303
85353	8.936052843e-05
85354	0.003564396067
85355	0.001403705495
85356	0.001691422158
85357	0.002236126879
85358	0.002492998802
85359	0.00104978481
85360	0.003654669175
85361	0.002049075736
85362	0.003187927166
85363	0.0006242658179
85364	0.002118959432
85365	0.0005131266147
85366	0.001506574395
85367	0.008141816266
85368	0.003965496053
85369	0.0009669424657
85370	7.705574223e-05
85371	8.444215342e-05
85372	0.006176290393
85373	0.001736471447
85374	0.001348748
85375	0.0009965394771
85376	0.0023598661
85377	0.001430096555
85378	0.0004180209595
85379	0.001079768445
85380	0.001053897923
85381	0.001730096922
85382	0.003064724433
85383	0.0008123161609
85384	0.002983237644
85385	0.005187992729
85386	0.003523312085
85387	0.003499260284
85388	0.001315321424
85389	0.001268117797
85390	0.004234602087
85391	0.001000641045
85392	0.001030835202
85393	0.00199697155
85394	0.002055506058
85395	0.001491766007
85396	0.0008384209961
85397	0.003550962705
85398	0.0002938713974
85399	0.0009115103017
85400	0.001365302172
85401	0.001311660306
85402	0.001599140523
85403	0.003832157963
85404	0.005099319705
85405	0.0004048048243
85406	0.002197172968
85407	0.002904984893
85408	0.002133460206
85409	0.0003117904999
85410	0.002106392009
85411	0.001710490226
85412	0.002773891741
85413	0.000802394718
85414	0.006125507882
85415	0.0001890031351
85416	0.00111715224
85417	0.0005550607307
85418	0.001584866338
85419	0.006714667061
85420	0.003360085026
85421	0.00204922709
85422	0.005549908791
85423	0.00166102591
85424	0.0002143457287
85425	0.001521248978
85426	0.004405282793
85427	0.002085546305
85428	0.001213465736
85429	0.004289035342
85430	0.001763467414
85431	0.001467166895
85432	0.001255405756
85433	0.003346199447
85434	0.001337249978
85435	0.002356707331
85436	0.001433151797
85437	0.002111874933
85438	0.00373872427
85439	0.003238396216
85440	0.004085555856
85441	0.001384623499
85442	0.003002993905
85443	0.005633383675
85444	0.00556437722
85445	0.004394317067
85446	3.799474105e-06
85447	0.001570712691
85448	0.003009353308
85449	0.002435945267
85450	0.003444422664
85451	0.0009776770478
85452	0.001329841446
85453	0.002203528253
85454	0.00327835582
85455	0.001593490443
85456	0.002044492593
85457	0.003244359924
85458	0.003133780231
85459	0.0005007036263
85460	0.001371908427
85461	0.000867649662
85462	0.003585790214
85463	0.003663825639
85464	0.0004597187703
85465	0.001158460553
85466	0.002358397559
85467	0.001775878726
85468	0.002454349199
85469	0.005020397939
85470	0.005713086422
85471	0.002006892609
85472	0.002113580293
85473	0.001002535113
85474	0.000714945577
85475	0.001443732406
85476	0.001036557757
85477	6.34871444e-05
85478	0.001293756872
85479	0.0005730167395
85480	0.002149994128
85481	0.001231780291
85482	0.001018829648
85483	0.002016550468
85484	0.0002934484208
85485	0.001356690491
85486	0.001611060879
85487	0.00151851574
85488	0.001089359834
85489	0.0002373835177
85490	0.004803584743
85491	0.001670859416
85492	0.0009932684918
85493	0.0005571925151
85494	0.002152834578
85495	0.0006666736983
85496	0.0009668247716
85497	0.003163879158
85498	0.001782366047
85499	7.768170511e-05
85500	0.0015662943
85501	0.0007401156723
85502	0.00147636202
85503	0.0002277647467
85504	0.0007872617467
85505	0.0008036072844
85506	0.0002132566216
85507	0.002907128402
85508	1.531119675e-05
85509	0.0008558820343
85510	0.00494908977
85511	0.0001096882883
85512	0.002159660141
85513	0.001082072728
85514	0.001133646097
85515	0.0007979351143
85516	0.001390269868
85517	0.000655079141
85518	0.000944773241
85519	0.003543542676
85520	0.001002149291
85521	0.004587993962
85522	0.001586455249
85523	0.001002324891
85524	0.001368745622
85525	0.001336893537
85526	0.001505576545
85527	0.002280050485
85528	0.001374752979
85529	0.0008384467158
85530	0.0008958602178
85531	0.001553461242
85532	0.0003005282333
85533	0.001381526548
85534	0.0009571954867
85535	0.005331472284
85536	0.001774083922
85537	0.001212020572
85538	0.003960846615
85539	0.002336093834
85540	0.0007226256995
85541	0.0004311790152
85542	0.002979123228
85543	0.003115917937
85544	0.001033898601
85545	7.941267497e-05
85546	0.0005271150624
85547	0.003222979262
85548	0.0004035644499
85549	0.00100929677
85550	1.382913009e-05
85551	0.003341808014
85552	0.002291308527
85553	0.001688206197
85554	0.003553130689
85555	0.005995050684
85556	0.0005853881395
85557	0.0004839503844
85558	0.003066208373
85559	0.001596525955
85560	0.001367669863
85561	0.001527447965
85562	8.233913752e-05
85563	0.002111375206
85564	0.002984499968
85565	0.001456091405
85566	0.0008824272603
85567	0.00230423542
85568	0.0008841891564
85569	0.001621541396
85570	0.002318378895
85571	0.0005284716537
85572	0.001521297021
85573	0.004466658142
85574	0.004555291997
85575	0.0009489593426
85576	0.001166344931
85577	0.0007619704985
85578	0.001025528143
85579	6.537395921e-05
85580	0.0003058344571
85581	0.001608907687
85582	0.001023589929
85583	0.0008487067412
85584	0.003664162094
85585	0.001219318854
85586	0.001006870448
85587	3.249144278e-05
85588	0.002226492892
85589	0.001821586419
85590	0.0009985242936
85591	0.0009266715804
85592	0.00436770692
85593	0.0007093766655
85594	0.001538521536
85595	0.001585286131
85596	0.001485831209
85597	0.001191940815
85598	0.001235114045
85599	0.000322926695
85600	0.0005960333053
85601	0.001329466283
85602	0.002306450201
85603	0.001369886061
85604	0.002995827956
85605	0.0005309418749
85606	0.004125029899
85607	0.001428027426
85608	0.000301267904
85609	0.0003784747974
85610	0.001866387033
85611	0.001318877551
85612	0.001869312413
85613	0.001236335054
85614	0.0006117643858
85615	0.0003114542095
85616	0.0008131695846
85617	0.00136545232
85618	0.0008478025997
85619	0.001587604836
85620	0.001915000664
85621	0.0008510402004
85622	0.000360085504
85623	0.001040318311
85624	5.151167182e-05
85625	0.002632232191
85626	0.001950105954
85627	0.005473571181
85628	0.000262666825
85629	0.00145080241
85630	0.000616226119
85631	0.0003792649849
85632	0.001893725201
85633	0.003110105849
85634	0.002079439459
85635	0.0001042436903
85636	0.006094769824
85637	0.000125481936
85638	8.237580825e-05
85639	0.003637006025
85640	0.001190191858
85641	0.001398195107
85642	0.0004468939554
85643	0.001519585446
85644	0.002004668297
85645	0.0006916118037
85646	0.0005332586417
85647	0.001533820969
85648	0.0004668779957
85649	0.00101130531
85650	0.001539312609
85651	0.001838623857
85652	0.00201592216
85653	0.002831436741
85654	0.001617663729
85655	0.0003149730443
85656	0.001489714177
85657	0.0009069710231
85658	0.000262073856
85659	0.007272482427
85660	0.0002449883754
85661	0.0008111119304
85662	0.0007668171818
85663	0.000102760702
85664	0.002514874993
85665	0.002028032835
85666	0.001671743668
85667	0.00122627502
85668	0.001919394479
85669	0.0007138350648
85670	0.0002474367723
85671	0.0004774891761
85672	0.001663701457
85673	0.0001437045114
85674	0.001356410735
85675	0.0006079756112
85676	0.001667227204
85677	0.001682969987
85678	0.001727515371
85679	0.0007189009796
85680	0.0008024792814
85681	3.388796644e-05
85682	0.005507728402
85683	0.0009237880333
85684	0.0001475213077
85685	0.0005661569698
85686	0.003992819443
85687	0.0006875919634
85688	0.003236797185
85689	0.001889153496
85690	0.004016148898
85691	0.0001817036242
85692	0.001018221217
85693	0.0009014153067
85694	0.003375088336
85695	0.00335519511
85696	0.002982909037
85697	0.001089427318
85698	0.0009082825956
85699	0.0006264903678
85700	0.0008006630251
85701	0.001321166506
85702	0.0006553901975
85703	0.002740635739
85704	0.002842665792
85705	0.001529540705
85706	0.001115979436
85707	0.0007975413
85708	0.0003929380474
85709	0.005709148945
85710	0.001779644129
85711	0.0008952523306
85712	0.001795084622
85713	0.0006022230466
85714	0.0006538556053
85715	0.001855812176
85716	0.003207474719
85717	0.0003694482105
85718	0.001144050491
85719	0.0004391062692
85720	0.0001707836956
85721	0.0001267962291
85722	0.00315235632
85723	0.0009408373524
85724	0.0009742785447
85725	4.185782023e-05
85726	0.0008107285168
85727	0.0003386778248
85728	0.0002114899675
85729	0.004262511802
85730	0.0004339579183
85731	0.002571912477
85732	0.0003995266104
85733	0.0006676202982
85734	0.0007199045007
85735	0.0008853385232
85736	0.0008285956708
85737	0.001396209389
85738	0.0002789344341
85739	0.001225482438
85740	0.001155645946
85741	0.0001559270324
85742	0.003348435345
85743	0.001013386458
85744	0.0003744653676
85745	0.0009991044913
85746	0.001559908982
85747	0.0006519953946
85748	0.0007502840322
85749	0.001157411966
85750	0.001119276647
85751	0.0006007878558
85752	0.003892408467
85753	0.001211459222
85754	0.001347171746
85755	0.0003355934012
85756	0.002117576408
85757	0.0004863328836
85758	0.0004221987447
85759	0.001207447585
85760	0.001216512082
85761	0.0005483524256
85762	0.0006207640128
85763	0.00111142501
85764	0.001835120344
85765	0.002238475473
85766	0.002784761203
85767	0.0005864610524
85768	0.0009804114854
85769	0.004246974218
85770	0.0005686589964
85771	0.0002950915169
85772	0.0009373981469
85773	0.001407407546
85774	0.0004317398805
85775	0.001073870596
85776	0.001335776425
85777	0.001534296356
85778	0.002071740365
85779	0.001201462602
85780	0.0007542647488
85781	0.0007494487342
85782	0.0006069954714
85783	0.001655283326
85784	0.001693935623
85785	0.002376347191
85786	0.0004108904494
85787	0.003785614814
85788	0.001202709094
85789	0.006901908399
85790	5.564760561e-05
85791	0.002577452448
85792	0.0006314847227
85793	0.001313604584
85794	0.0004337364182
85795	0.0001363025758
85796	0.005119775737
85797	0.0003437970298
85798	0.0006130262517
85799	0.001899113186
85800	4.480166038e-05
85801	0.002830050318
85802	0.001617497297
85803	0.004307757259
85804	0.00137342689
85805	0.003034851371
85806	0.0009149781699
85807	0.002327925515
85808	0.0003832794335
85809	0.00201887338
85810	0.002395173718
85811	0.00169646853
85812	0.0009686260895
85813	0.0009311376063
85814	0.0005585553914
85815	0.00169656863
85816	0.0007176964743
85817	0.0001003956694
85818	0.000181392122
85819	0.0008375884905
85820	0.001787639573
85821	0.0009004545028
85822	0.0005327331728
85823	0.0007950179161
85824	0.004481980283
85825	0.004886787352
85826	0.001397600411
85827	0.002016079103
85828	0.004227279731
85829	0.0003219579729
85830	0.0001110265744
85831	0.0001541969868
85832	0.0003783128336
85833	0.001206473338
85834	0.0003921167651
85835	0.001425620788
85836	0.002801805086
85837	0.002083812805
85838	0.002808909412
85839	0.0028281254
85840	0.003295702824
85841	0.001972447245
85842	0.001846586279
85843	0.0009071026992
85844	0.001447210838
85845	0.001210276389
85846	0.001761328091
85847	0.0002719312841
85848	0.000385558612
85849	0.0008441388623
85850	0.000675739732
85851	0.00036176926
85852	0.000518469106
85853	0.002963394697
85854	0.001542781012
85855	0.001982288903
85856	0.002138537687
85857	0.00104165811
85858	0.00202065844
85859	0.0002684980691
85860	0.000248648442
85861	0.001500604735
85862	0.002721078969
85863	0.001337217078
85864	0.00280546268
85865	0.0007065034837
85866	0.0006299872054
85867	0.002278834046
85868	0.003987568422
85869	0.001012693391
85870	0.000519749804
85871	0.001436224913
85872	0.0007636170073
85873	0.001842367006
85874	0.009323354872
85875	0.001966882025
85876	0.001466648431
85877	0.00459382547
85878	5.225732104e-06
85879	0.0001491003744
85880	0.002260238147
85881	0.004963540208
85882	0.001236478791
85883	0.000191990705
85884	7.323157012e-05
85885	0.002759266556
85886	0.001516021024
85887	0.0003868793376
85888	0.0008438797314
85889	0.0003634040762
85890	0.00188948025
85891	0.0003714780431
85892	0.003777988301
85893	0.00170390696
85894	0.0009053307949
85895	0.001374204841
85896	0.00751025613
85897	0.001220376921
85898	0.0006540191154
85899	0.002121248659
85900	0.001138941752
85901	0.004991574478
85902	0.0006140252358
85903	0.001321784906
85904	0.003495527533
85905	0.001139823599
85906	0.0002527770263
85907	0.002439355817
85908	0.0007256923755
85909	2.097247907e-05
85910	0.003130683779
85911	0.0003095909323
85912	0.002015939859
85913	0.001106940194
85914	0.0005387812334
85915	0.002641398357
85916	0.001292315064
85917	0.00420577733
85918	0.0008811298981
85919	0.002425139467
85920	0.001251098971
85921	0.001361498593
85922	0.0006772591582
85923	0.002095957189
85924	0.001098662908
85925	0.001731941361
85926	0.003738565213
85927	0.001334665774
85928	0.0007853275677
85929	0.002480282905
85930	0.0006549048601
85931	0.0009796953255
85932	0.001192649717
85933	0.0003742018795
85934	0.0005811370645
85935	0.0001889902665
85936	0.001241639106
85937	0.001709847385
85938	0.001910653611
85939	0.002708758547
85940	4.987232984e-05
85941	0.002010316538
85942	0.001499692063
85943	0.0004433949355
85944	0.00362411277
85945	0.001868869319
85946	0.001420679062
85947	0.0001892704086
85948	0.002234033107
85949	0.0004292603044
85950	0.001258892354
85951	0.0005576701747
85952	0.0008974912003
85953	0.0009733763166
85954	0.001326647782
85955	0.001625193931
85956	0.003076192334
85957	0.005577164759
85958	0.0006507048505
85959	0.0003000989304
85960	0.0009436006774
85961	0.001469830392
85962	0.0006374192325
85963	0.0002040461152
85964	0.001290918258
85965	0.001844213219
85966	0.00381907791
85967	0.0009377388541
85968	0.001377142561
85969	0.002448333438
85970	0.000474859298
85971	0.001725362172
85972	0.002697668708
85973	3.008434998e-06
85974	0.001064302241
85975	0.0001155216073
85976	0.000749615248
85977	0.0004000977705
85978	0.003956935293
85979	0.0005465180269
85980	0.002005300131
85981	0.001802715406
85982	0.00182863719
85983	0.002114423683
85984	0.0002488551079
85985	0.001116141755
85986	0.001576245144
85987	0.001458819017
85988	0.001136719532
85989	9.557196742e-05
85990	0.001502373583
85991	0.0003818054517
85992	0.001315118077
85993	0.001017787796
85994	2.12230022e-05
85995	0.0009470675267
85996	0.000824908465
85997	0.0007074030579
85998	0.001562477987
85999	2.684473669e-05
86000	0.0004804143645
86001	4.374169568e-05
86002	0.003589110445
86003	0.001798584578
86004	0.001465723952
86005	0.002381960911
86006	0.002593551048
86007	0.0001898413331
86008	0.0008216144066
86009	0.001321796236
86010	0.003392814901
86011	0.0008898798782
86012	0.0001566364498
86013	0.002714839741
86014	0.001018192668
86015	0.001448736962
86016	0.0005892733286
86017	0.001517857585
86018	0.001646797735
86019	0.001187829732
86020	0.0003123513185
86021	0.001364175117
86022	0.00300862793
86023	0.002020910359
86024	0.003247560484
86025	0.001563797393
86026	0.001111092063
86027	0.0008698074704
86028	0.000292809484
86029	0.001194420733
86030	0.0006421196561
86031	0.0008572648697
86032	0.0007817222272
86033	0.005901522705
86034	0.0003545448696
86035	0.001781578238
86036	0.000576431411
86037	0.001502033859
86038	0.0002313190245
86039	0.001600270438
86040	0.003420079679
86041	0.0009658416742
86042	0.001715522643
86043	0.001309598063
86044	7.711237487e-06
86045	0.0004827662297
86046	0.003203088624
86047	0.0002604266254
86048	0.001717937215
86049	0.003220007134
86050	0.0003838001485
86051	0.004406606603
86052	0.00079132676
86053	0.001407479676
86054	0.001165669312
86055	0.00112111638
86056	0.0006286051114
86057	0.006719296243
86058	0.002366381529
86059	0.0002404643488
86060	0.003252985352
86061	0.00160823715
86062	0.002514984254
86063	0.002721546905
86064	0.00138627602
86065	0.001925441759
86066	0.0008052554273
86067	0.001961408828
86068	5.147384528e-05
86069	0.003041352714
86070	0.003458373218
86071	0.0009398675187
86072	0.0003486081208
86073	0.0004004035577
86074	0.00220382231
86075	0.001719370422
86076	0.0003582117361
86077	0.0001925877595
86078	0.0007546544263
86079	0.00263066662
86080	0.0001149966791
86081	0.0002374317742
86082	0.00126420994
86083	0.0007913692246
86084	0.004053388325
86085	0.0001338631337
86086	0.001797930167
86087	0.00272005151
86088	0.001182717765
86089	0.001259270783
86090	0.001240465616
86091	0.003952839019
86092	0.0009171259285
86093	0.001221545651
86094	0.001936745668
86095	0.007114462479
86096	0.001703423612
86097	0.0008676178686
86098	0.002485897356
86099	0.0009258986506
86100	0.0001960967753
86101	0.0008821359914
86102	0.002386125135
86103	0.001170276305
86104	0.002100220284
86105	0.003346242749
86106	0.0001193195013
86107	0.0009698267604
86108	0.0001292568573
86109	0.001454793664
86110	0.0002554682765
86111	0.0003810183041
86112	4.821380634e-05
86113	0.001533898385
86114	0.001745978004
86115	0.0003345627733
86116	0.001932436415
86117	0.0005516734655
86118	0.001428860991
86119	0.0001859014922
86120	0.0002087739982
86121	0.0005129820849
86122	0.002813765433
86123	0.001541462995
86124	0.000403192711
86125	0.001438341626
86126	0.0007744394085
86127	0.0006115432854
86128	0.0002782638771
86129	0.001436932959
86130	0.003629815057
86131	0.002094469627
86132	0.001217696801
86133	0.0003012185344
86134	0.0004784295401
86135	0.000331688742
86136	0.004126800302
86137	0.001647122804
86138	0.0006282368772
86139	0.001147790125
86140	0.002481826539
86141	0.0001548251552
86142	0.0006841028989
86143	0.001247222167
86144	0.001410591721
86145	0.002071824729
86146	0.0008772968476
86147	0.0009556842435
86148	0.00157567521
86149	0.002536482172
86150	0.002575224761
86151	0.0006084104044
86152	0.0009961785341
86153	0.0007423011822
86154	0.0009433866713
86155	0.000841042354
86156	0.00135668164
86157	0.0007694501958
86158	0.001004627416
86159	0.0006226178321
86160	0.002377097126
86161	0.002781726146
86162	0.004888265777
86163	0.0007043333233
86164	0.001159445422
86165	0.0009287609477
86166	0.0002074827226
86167	0.00146506767
86168	0.001632617448
86169	0.0003146969071
86170	0.001499152032
86171	0.0001069927364
86172	0.001429142689
86173	0.001831115011
86174	0.0008322474303
86175	0.0007706247516
86176	0.001117664311
86177	0.001115147357
86178	0.002704141354
86179	0.001241765412
86180	0.0009618572437
86181	0.0023723412
86182	0.002516986154
86183	0.002302507207
86184	0.0002370552681
86185	0.00126521028
86186	0.004383001257
86187	0.002472510537
86188	0.001773442275
86189	0.002612713998
86190	0.001009111695
86191	0.00113612538
86192	0.000439098063
86193	0.0005715313349
86194	0.0007353403916
86195	0.0005811452315
86196	0.000275791183
86197	0.002510543723
86198	0.002657013443
86199	0.002377636388
86200	0.0001126647934
86201	0.0009785179837
86202	0.001376825362
86203	0.001118159466
86204	0.001846077196
86205	0.001995761676
86206	0.00207770457
86207	0.001004450264
86208	0.001383222642
86209	0.0008865047333
86210	0.003090035355
86211	0.000870805575
86212	0.0006633907393
86213	7.457528524e-05
86214	0.001680676139
86215	0.003685055273
86216	0.0006983829537
86217	0.0001455668569
86218	0.002772048755
86219	0.002522127944
86220	0.002082932433
86221	0.0005770920074
86222	0.001103773354
86223	0.003065995427
86224	0.000135319559
86225	0.0009893809069
86226	0.001792977919
86227	0.002214021876
86228	0.001513515841
86229	0.0006286314626
86230	0.009583607248
86231	0.0001643827118
86232	0.0003989282948
86233	0.005895449824
86234	0.0004256778438
86235	0.0009404138387
86236	0.0001331842488
86237	0.001046985749
86238	0.001045908962
86239	0.001103117227
86240	0.003600549533
86241	0.0006373394252
86242	0.0002874180699
86243	0.0003431758648
86244	0.002351974191
86245	0.0007784811393
86246	3.98624526e-05
86247	0.000316494607
86248	0.005380490433
86249	0.0009197037824
86250	3.910476976e-05
86251	5.45591055e-05
86252	0.0004417015998
86253	0.0007515055123
86254	0.0007929608855
86255	0.00324310059
86256	0.001414547255
86257	0.00022106261
86258	0.0008371860692
86259	0.0002744698602
86260	0.000323644542
86261	0.0007759040852
86262	1.950481366e-05
86263	0.002953197758
86264	0.0009090678247
86265	0.0005079839831
86266	0.0007995578759
86267	0.0001884116667
86268	0.0005034954346
86269	0.002522733174
86270	0.0004180997638
86271	0.000168730822
86272	0.0005935363733
86273	0.0008422031718
86274	0.001505619908
86275	0.0006129053898
86276	0.000788285706
86277	0.0001030237327
86278	0.004869172627
86279	0.002549551092
86280	0.001266066349
86281	0.0009357138868
86282	0.0002825926349
86283	0.0008961001709
86284	0.003287919249
86285	0.001229043937
86286	0.0006784224278
86287	0.003417029651
86288	0.0002747900727
86289	0.001805705156
86290	0.0004075998737
86291	0.0009038397718
86292	9.159271706e-05
86293	0.002694369242
86294	0.001934312674
86295	0.002969304605
86296	0.001176397492
86297	0.002658540431
86298	0.006313828021
86299	0.00164552837
86300	0.000662288596
86301	0.001115627019
86302	0.002917804301
86303	0.003531094576
86304	0.002472113507
86305	0.004522762
86306	0.001065603563
86307	0.003718268021
86308	0.0003470532813
86309	0.001095504265
86310	0.001071415427
86311	0.0001698560415
86312	0.004764645933
86313	0.0009165237854
86314	0.0035118069
86315	0.0009146698452
86316	0.0009942170502
86317	0.001166762867
86318	0.0001631282381
86319	0.0005401329873
86320	0.0005217553509
86321	0.0008562155281
86322	0.002103132875
86323	0.003084535844
86324	0.003702052902
86325	0.0003963412633
86326	0.0004184426178
86327	0.0004523070349
86328	2.256093595e-06
86329	0.0008182302636
86330	0.0006070976012
86331	3.190220616e-05
86332	0.0005114910727
86333	0.001296133287
86334	3.995463127e-05
86335	5.969727731e-05
86336	0.001668290955
86337	0.003172095999
86338	0.000607701308
86339	0.000583296334
86340	0.002867965228
86341	0.0009863520815
86342	0.0004298413291
86343	0.002167896578
86344	0.0006905534799
86345	0.002365609629
86346	0.0004096349739
86347	0.001415682425
86348	0.0006728831384
86349	0.0009034971051
86350	0.001118108984
86351	0.001403071239
86352	0.003080141936
86353	0.002223154993
86354	0.0007755057315
86355	0.0005870557772
86356	0.001422859318
86357	0.002351281158
86358	0.001138233862
86359	0.0005042036253
86360	6.329510191e-05
86361	0.0008259271955
86362	0.0006508160364
86363	0.001873688697
86364	0.000509363831
86365	0.002643901576
86366	0.001704151797
86367	0.002285576479
86368	0.00057398106
86369	0.002767323917
86370	0.0001962185345
86371	0.001859379903
86372	0.000527427854
86373	0.005484051978
86374	0.001996945053
86375	0.0007003917492
86376	0.001172407699
86377	0.001509109432
86378	0.0001332160759
86379	0.0007677250938
86380	0.001188146143
86381	0.001689814042
86382	0.0003856373883
86383	0.0001105382174
86384	0.0008980477151
86385	0.002515014619
86386	0.001493242597
86387	0.001757943417
86388	0.0002437529948
86389	0.0007548738573
86390	0.003424840877
86391	0.001169654591
86392	0.001663739886
86393	0.000446583977
86394	0.003813135456
86395	0.001141907472
86396	0.0006946347992
86397	0.0007611264631
86398	0.0002550407752
86399	8.860831696e-05
86400	0.0001919769856
86401	0.0006681115412
86402	0.00160596755
86403	0.001446749695
86404	0.0001135424512
86405	0.0008745277166
86406	0.0003872537475
86407	0.000694735542
86408	0.0006216198822
86409	0.0001809303833
86410	0.0008737269892
86411	0.002783432317
86412	0.001292787047
86413	0.001911142347
86414	0.001987790019
86415	0.000618407501
86416	0.002530444911
86417	0.0007666098324
86418	0.004779671719
86419	0.0003188650708
86420	0.0007949007374
86421	1.964040086e-05
86422	0.003946137365
86423	0.0008854013497
86424	0.00288424445
86425	0.0006234376845
86426	0.000431454705
86427	0.001246509577
86428	0.001678307308
86429	0.001478333096
86430	0.001595359272
86431	0.001073067938
86432	6.853081463e-05
86433	0.002430778842
86434	0.0009009949359
86435	0.001455187241
86436	0.001447823716
86437	2.881093524e-05
86438	0.002456087842
86439	0.00425953638
86440	0.001898979542
86441	0.002456013634
86442	0.00113386345
86443	0.0003525911078
86444	0.001448921201
86445	0.003600916766
86446	0.001664539414
86447	0.0006126839757
86448	0.0007839974748
86449	0.004300348127
86450	0.002197875515
86451	0.003783465537
86452	0.002136889379
86453	0.0001886811474
86454	0.001488872298
86455	0.0001343119947
86456	0.001143136657
86457	0.003455025422
86458	0.00157961984
86459	3.999986106e-05
86460	0.0002797879357
86461	0.0004491302297
86462	0.003624552556
86463	0.0002736780637
86464	0.001731267967
86465	0.0008036484209
86466	0.0005972911801
86467	0.002174064337
86468	0.0003808851688
86469	0.0002341694101
86470	0.0002418799498
86471	0.000181512079
86472	0.0007557919653
86473	0.001533236529
86474	0.0006591959106
86475	0.001508308325
86476	0.0008375865548
86477	0.001320286417
86478	0.002288246874
86479	0.0007318342081
86480	0.0004483848377
86481	0.004939788878
86482	0.0009371434478
86483	0.000458935293
86484	0.0005313334772
86485	0.001864700027
86486	0.001046230806
86487	0.003178764285
86488	0.0005961669068
86489	0.001525109847
86490	0.005179050903
86491	0.00657901855
86492	0.003256006939
86493	0.001646129501
86494	0.0007577706873
86495	0.003877972081
86496	2.863885714e-05
86497	0.00049716533
86498	0.002302642522
86499	0.002797463248
86500	0.0009821333639
86501	0.001565758052
86502	0.0006990761742
86503	0.004616391778
86504	0.0004386724531
86505	0.0004938990979
86506	0.002516712879
86507	0.0008910795794
86508	0.003871082555
86509	0.0008748689699
86510	0.001716599976
86511	0.00223555757
86512	6.582178106e-05
86513	0.0008388364796
86514	0.0009307771202
86515	0.0003574537279
86516	0.001201250998
86517	0.002002013626
86518	0.0007812682528
86519	0.0003981976199
86520	0.0005113831963
86521	0.0006465301863
86522	0.001837147379
86523	0.000995164292
86524	0.001367126164
86525	0.0008036256572
86526	0.0002959328687
86527	0.001416893442
86528	0.0009637626459
86529	0.002654146493
86530	0.0005062812527
86531	0.00161732735
86532	0.0002837960256
86533	0.0003277336883
86534	0.000773497108
86535	0.0001331376549
86536	0.002174999634
86537	0.002150786238
86538	0.0007327645784
86539	0.002019546703
86540	0.001597827318
86541	0.003957139074
86542	0.002115480294
86543	0.000788012255
86544	0.0001206968095
86545	0.001205294285
86546	0.001231367798
86547	5.805572103e-05
86548	0.0004060395013
86549	0.0005330223537
86550	0.002094525379
86551	0.002832142223
86552	0.001640408426
86553	0.0003751924851
86554	0.0007240493187
86555	0.0007603293414
86556	0.001966109723
86557	0.0009205177694
86558	0.003166640082
86559	0.0003932123191
86560	0.004188098487
86561	0.001185547043
86562	0.001553021366
86563	0.002524083738
86564	0.001883208396
86565	0.001613893676
86566	7.510104079e-05
86567	0.003491317178
86568	0.0006799057148
86569	0.001172917695
86570	0.0006725350981
86571	0.001308426417
86572	0.0001122920731
86573	0.0005195956512
86574	0.002212888423
86575	0.00149638922
86576	0.0006604268082
86577	0.001339284607
86578	0.0009612493588
86579	0.0004161322727
86580	0.000768750145
86581	0.001032305206
86582	0.001402982997
86583	0.00232628638
86584	0.0004881095257
86585	0.0005894791242
86586	0.001131150299
86587	0.005068796727
86588	0.0004439545985
86589	0.0008760637601
86590	0.001278074034
86591	0.001630364302
86592	0.001544513794
86593	0.001270697984
86594	0.0009852196711
86595	0.001605992346
86596	4.850392351e-05
86597	0.0006009917464
86598	0.0006029145953
86599	0.000526441782
86600	9.996701833e-05
86601	0.0004924486684
86602	0.0008581226924
86603	0.0008859674339
86604	0.000130375006
86605	0.003672744129
86606	0.0003061478698
86607	0.002227810578
86608	0.001892550548
86609	0.00081795481
86610	0.000237071853
86611	0.0001957345556
86612	0.0001513675938
86613	0.0001109761662
86614	0.0002654869354
86615	0.001133653553
86616	0.0009136531595
86617	0.0009668721666
86618	0.001451522568
86619	0.001894028923
86620	0.0007425361191
86621	0.001000577703
86622	0.0006254784359
86623	0.001577698754
86624	0.0002303462183
86625	0.0007676611351
86626	0.0008462144052
86627	0.0006556806109
86628	0.0009857969737
86629	0.002439334795
86630	0.0004111348209
86631	0.00323163801
86632	0.0008152800094
86633	0.0003601224285
86634	0.001270010269
86635	0.001473815089
86636	0.001838974689
86637	0.0005998785379
86638	0.0005811265266
86639	0.0007531410722
86640	0.001266632142
86641	0.003901178742
86642	0.002261369748
86643	0.001037685316
86644	0.001835817247
86645	0.002170565861
86646	0.002562985789
86647	0.0004364521783
86648	0.0008362045022
86649	0.001978047281
86650	0.0008144328466
86651	0.001606227641
86652	0.001451174498
86653	0.001027629088
86654	0.001679608882
86655	0.0008197372989
86656	0.0006923922315
86657	0.00014745632
86658	0.0004226142539
86659	0.001443589395
86660	0.0006097416946
86661	0.0004916056293
86662	0.000960713896
86663	0.004142634202
86664	0.001814056837
86665	0.00011792737
86666	0.001864056809
86667	0.001866545171
86668	0.0005116133189
86669	0.001891239489
86670	0.001578686588
86671	0.0004595871961
86672	0.005792043547
86673	0.001335356589
86674	0.0002988761309
86675	0.0006853486424
86676	0.0003165613326
86677	0.001055916615
86678	0.0002266607791
86679	0.002208541746
86680	0.001827039825
86681	0.00132828903
86682	0.004045346678
86683	0.0007688809589
86684	0.003962505986
86685	0.001239271099
86686	0.002636506406
86687	0.0003068067007
86688	0.001089884621
86689	0.004943005357
86690	0.001749382933
86691	0.0006282254316
86692	0.001443316643
86693	0.0003889055959
86694	0.001417549195
86695	0.004038062322
86696	0.0005300256473
86697	4.825270166e-05
86698	0.0007190939743
86699	0.0001662309196
86700	4.364859511e-05
86701	0.0008456060565
86702	0.0001708487394
86703	0.001347821597
86704	0.0008650440615
86705	0.0002650589577
86706	0.0001784446556
86707	0.004067241403
86708	0.005911450509
86709	0.0009551909891
86710	0.004132643352
86711	0.001710356321
86712	0.006862310269
86713	0.003668641016
86714	7.667014279e-05
86715	0.001011591706
86716	0.0003465976791
86717	0.0009390464718
86718	0.002464091716
86719	0.0008709512875
86720	0.0017692461
86721	0.000766455917
86722	0.0001354198572
86723	0.002200174482
86724	0.002574626744
86725	0.001216466493
86726	0.0009965627976
86727	0.0002452628976
86728	0.0006016686892
86729	0.001226169389
86730	0.002806139043
86731	0.0008779055125
86732	0.0008284410862
86733	0.001227508899
86734	0.002873325909
86735	0.0007735891661
86736	0.002588590123
86737	0.0004033245611
86738	0.0007397041403
86739	0.000751127576
86740	0.002619184952
86741	0.001394583309
86742	0.0004144444163
86743	0.0005587151603
86744	0.001037706667
86745	0.0009483621417
86746	0.0005362499211
86747	0.0004710159023
86748	0.006828518797
86749	0.002007340825
86750	0.001249423126
86751	0.001054796841
86752	0.0001916386014
86753	0.005537165354
86754	0.00294410281
86755	0.001343049772
86756	3.847884511e-05
86757	0.0009582443657
86758	0.0005424405046
86759	0.0009574114262
86760	0.00109097927
86761	0.002769410179
86762	0.0009858960039
86763	0.0005202897102
86764	0.0003729995833
86765	0.0008813711766
86766	0.004646117737
86767	0.0005716665001
86768	0.004335681195
86769	0.00114055989
86770	0.0008423831495
86771	0.0001250322235
86772	0.0001105512881
86773	0.002401696789
86774	0.004222012208
86775	0.001823520235
86776	0.0001676385369
86777	0.0002995320146
86778	0.0002758946745
86779	7.303840648e-05
86780	0.001531597141
86781	0.0002668394176
86782	0.0008370671333
86783	0.001351475976
86784	0.0008731777074
86785	0.0007593819935
86786	0.001660905664
86787	0.001695060569
86788	0.0007014512957
86789	0.000597742414
86790	0.001245885644
86791	0.0001555243185
86792	0.0006598540293
86793	0.0005032320813
86794	0.001571334266
86795	0.0018626482
86796	0.003708559775
86797	0.0009902913253
86798	0.00145022239
86799	0.001644940748
86800	0.0001926876942
86801	0.0009961748877
86802	0.00014338419
86803	0.003497093464
86804	0.003014079006
86805	0.0007175871947
86806	0.0008646548362
86807	0.001001124266
86808	0.001594933985
86809	0.001940340451
86810	0.0005035743871
86811	0.000357598949
86812	0.001904432314
86813	0.001161300296
86814	0.00528999366
86815	0.001280899555
86816	0.00114019662
86817	0.001456717582
86818	0.002578653978
86819	0.002104952034
86820	0.0001640704074
86821	0.0002814236254
86822	0.0004895248788
86823	0.0007874993486
86824	0.0002220545502
86825	0.001776275957
86826	0.001112909335
86827	0.0002962135508
86828	0.00121799826
86829	0.001068789546
86830	0.001359749951
86831	0.003311522496
86832	0.001910213949
86833	0.0005250881167
86834	5.186833647e-05
86835	0.002225874489
86836	0.001100667551
86837	0.001421703048
86838	0.003309871523
86839	0.001128094021
86840	0.001179214252
86841	0.0006422679914
86842	0.001176919126
86843	0.004233204591
86844	6.230778075e-05
86845	0.002997261783
86846	0.00129094485
86847	0.004265042881
86848	0.002878171163
86849	0.0009738704342
86850	0.00105723169
86851	0.0009684900698
86852	0.002307408684
86853	0.001180781247
86854	0.001090329448
86855	6.654918848e-06
86856	0.002068579759
86857	0.0009726909551
86858	0.001204440375
86859	0.001719799117
86860	0.001143509091
86861	0.0005338710617
86862	0.0003453375001
86863	0.0006928319742
86864	0.0002440110634
86865	0.0008505139716
86866	0.0007727069391
86867	0.002391269286
86868	0.001176624725
86869	0.0001516273671
86870	0.001074230138
86871	0.001177284795
86872	0.00107529952
86873	0.002492481672
86874	0.002026054995
86875	7.742698829e-05
86876	0.001469403535
86877	0.0008210966446
86878	0.001930388551
86879	0.0007664945593
86880	0.0003220940143
86881	0.001618568052
86882	0.001470804773
86883	0.0009509825682
86884	0.002664358568
86885	0.0001799486703
86886	0.0005149033617
86887	0.002154315843
86888	0.0008082749673
86889	0.003522387801
86890	0.00365701723
86891	0.001948144918
86892	0.0007814606004
86893	0.0009546119015
86894	0.0002623063769
86895	0.00210742291
86896	0.0002064206304
86897	0.001820576603
86898	0.001983003544
86899	0.001802206618
86900	0.002326237768
86901	0.002255507686
86902	0.001775627346
86903	0.0004377518146
86904	0.0001671926428
86905	0.001424748119
86906	0.0009483622465
86907	0.005566596117
86908	0.0006240922665
86909	0.001127324639
86910	0.00124901366
86911	0.0007269625022
86912	0.0009018814978
86913	0.001047433981
86914	0.0009588806578
86915	0.001182218977
86916	0.001977249043
86917	0.002720308594
86918	0.00069352131
86919	0.002098157737
86920	0.0002588413624
86921	0.001087274989
86922	0.00321688517
86923	0.001027888951
86924	0.001206248094
86925	0.001254233389
86926	0.001306955645
86927	0.001121272196
86928	0.000873064152
86929	0.0004551221294
86930	0.0006135714984
86931	0.00133089935
86932	0.000720658591
86933	0.0004229383089
86934	0.00329136215
86935	1.875058641e-05
86936	0.0009370425645
86937	0.00363908947
86938	0.0009798907867
86939	8.463877174e-05
86940	0.0002786126458
86941	0.002347923511
86942	0.0002133395954
86943	0.001741341913
86944	0.001055919263
86945	0.001921777225
86946	0.002484951881
86947	0.001383437565
86948	0.001388449187
86949	0.0001857690173
86950	0.0003625590002
86951	0.002370448757
86952	0.00335328219
86953	0.001733848709
86954	0.001581695149
86955	0.002914256636
86956	0.004270193831
86957	0.002592056782
86958	0.0006382272848
86959	0.0008868649615
86960	0.0007775276814
86961	7.943541894e-05
86962	0.0004270618418
86963	0.0002049794039
86964	0.0006392119728
86965	0.002023483329
86966	0.001423353765
86967	0.002853958168
86968	0.003105734346
86969	0.008152217233
86970	0.0001491408604
86971	0.0002145351603
86972	0.002751404536
86973	3.435875259e-05
86974	0.001420178139
86975	0.00183082168
86976	0.001646671774
86977	0.0006784394773
86978	0.0009878086942
86979	0.001720899478
86980	0.000289735649
86981	0.00224001454
86982	0.0003591432896
86983	0.003248748851
86984	0.0001746899535
86985	0.00222272253
86986	0.0006853855481
86987	0.00166370614
86988	0.0002696147492
86989	0.000971987116
86990	0.004094521582
86991	0.0006111656279
86992	0.004198403904
86993	0.002091813801
86994	0.0004755212982
86995	0.0007303742921
86996	0.0006176967452
86997	0.001013980912
86998	0.0001757402346
86999	0.0002046675722
87000	0.002049783317
87001	0.001585787618
87002	0.0005997893009
87003	0.003744404843
87004	0.0001969370264
87005	0.0007856555088
87006	0.005583801576
87007	0.0001899190528
87008	0.001026754449
87009	0.0002069129802
87010	0.0005860435213
87011	0.002019415686
87012	0.0005637552254
87013	6.952054707e-05
87014	0.001691282842
87015	0.0004446943006
87016	0.004599700128
87017	0.003508293353
87018	0.00300082575
87019	0.00248568525
87020	0.001292210862
87021	0.003439711691
87022	0.002509844489
87023	0.0005533627079
87024	0.001873863612
87025	0.0008509570102
87026	0.002244739755
87027	0.001149970628
87028	0.0006569098101
87029	0.003847760469
87030	0.003555831759
87031	0.0002059365832
87032	0.0001333158388
87033	0.002949774607
87034	0.002230244311
87035	0.003917169286
87036	0.000874111636
87037	9.731228209e-05
87038	0.001308196323
87039	2.681269203e-05
87040	0.001484283694
87041	0.0007186875557
87042	0.0004289686794
87043	0.003086721625
87044	6.340691798e-05
87045	0.003614453421
87046	0.004231770025
87047	0.0008597962663
87048	0.001457074996
87049	0.004315497211
87050	0.0007323074011
87051	0.00194248443
87052	0.0008826713603
87053	0.0008380731314
87054	0.002109982196
87055	0.0008295234603
87056	0.002388007155
87057	6.939383229e-05
87058	0.0007253036109
87059	7.078472185e-05
87060	0.0008835358562
87061	0.0003458932066
87062	0.0007999562475
87063	0.001890677032
87064	0.0004248793469
87065	0.00160955251
87066	0.001434181191
87067	0.0007859452733
87068	0.002890334554
87069	0.0008194855603
87070	0.002031441607
87071	5.776140442e-05
87072	0.001257298659
87073	0.0005361835801
87074	0.001146519944
87075	0.002053175688
87076	0.0007516881573
87077	0.005155805601
87078	0.002342298608
87079	0.001234845855
87080	0.001029089509
87081	0.001433558867
87082	0.0003523176967
87083	0.001148878663
87084	0.0040852806
87085	0.0008634350977
87086	0.0009304991632
87087	0.002153533358
87088	0.0003900043982
87089	0.0007359640265
87090	0.002453927684
87091	6.668058281e-05
87092	0.0002394273232
87093	0.001095636944
87094	0.0014589815
87095	0.000832251567
87096	0.002674704521
87097	0.001478111753
87098	0.001595614802
87099	0.0003708110378
87100	0.0003244300246
87101	0.0009864550256
87102	0.0006706460592
87103	0.001905133473
87104	0.003372729196
87105	0.0005205605089
87106	7.8169767e-05
87107	0.0004485879161
87108	0.0001374736983
87109	0.002155322267
87110	0.001162867493
87111	0.0004094417123
87112	0.003936634174
87113	0.003053253827
87114	0.0004699269688
87115	0.001120675933
87116	0.002189080068
87117	0.00113589295
87118	0.0003663813564
87119	0.0004415187157
87120	0.0009088067021
87121	0.0008473018505
87122	0.0008075208975
87123	0.0009414148246
87124	0.001630382297
87125	0.0004295996775
87126	0.004992706311
87127	0.0001587575289
87128	0.0003378576606
87129	0.002470840277
87130	5.249233632e-05
87131	0.002958429865
87132	0.001461697719
87133	2.597930996e-05
87134	0.001126636834
87135	0.00026820347
87136	0.002851051674
87137	0.0002038091539
87138	0.003124372033
87139	0.002031592578
87140	0.0005414131466
87141	0.001831932097
87142	0.001440354578
87143	0.002841158473
87144	0.0007570684545
87145	0.000557463319
87146	0.001042812457
87147	0.0009363606072
87148	0.001401825683
87149	0.0003264216209
87150	0.0006856229352
87151	0.0008512603498
87152	0.003335248897
87153	0.001513007426
87154	0.0008937263803
87155	0.0006904240446
87156	0.001921953548
87157	0.00276940939
87158	0.0005595006227
87159	0.000676269929
87160	0.0003034889728
87161	0.0007696138871
87162	0.000876775221
87163	0.0006454674175
87164	0.0012245135
87165	0.0007728302777
87166	0.003386181316
87167	0.0002885130004
87168	0.0007748459495
87169	0.0002805276119
87170	0.0007483242426
87171	0.0007971966442
87172	0.0005284378099
87173	0.003149080399
87174	0.0006682601935
87175	0.0009084715772
87176	0.001359188071
87177	0.0002393048823
87178	0.0001749064
87179	0.0004648070258
87180	0.002053692689
87181	0.005603721377
87182	2.650265906e-05
87183	0.001483340762
87184	0.001819700682
87185	0.002619116234
87186	0.008578903632
87187	0.001727815862
87188	0.0007289163653
87189	0.0005188141307
87190	0.0004843870265
87191	0.001345723276
87192	0.003948265959
87193	0.0008922208879
87194	6.811364196e-05
87195	0.0002481279581
87196	0.001380083895
87197	0.003519140199
87198	0.0008767482135
87199	0.001002863333
87200	0.004815903277
87201	0.002017436165
87202	0.0003654160647
87203	0.000823139366
87204	0.0006245935044
87205	0.001390790937
87206	0.0005369877758
87207	0.002886669247
87208	0.0005237672463
87209	0.001672802196
87210	0.001139423472
87211	0.0003839049526
87212	0.0006637416234
87213	0.002682692781
87214	0.003924379828
87215	0.001548867172
87216	0.004615830906
87217	0.001085946042
87218	0.001667222819
87219	0.0003061369024
87220	0.0004679039935
87221	5.06524317e-05
87222	0.000149123156
87223	0.0004059027695
87224	4.941163127e-05
87225	0.0007853298231
87226	0.001752904491
87227	0.0008213020088
87228	0.004077309564
87229	0.002074992156
87230	0.002260690257
87231	0.001532018133
87232	0.0007633678862
87233	0.002084921043
87234	0.001758151138
87235	0.0009909904077
87236	0.0006445620435
87237	0.002883267977
87238	0.002139527259
87239	0.00163009341
87240	0.003668442412
87241	0.005553500661
87242	0.0006055960487
87243	0.001935801124
87244	0.003037714509
87245	0.0008675047653
87246	0.0004116547225
87247	0.0003085295155
87248	0.00100468975
87249	0.001739077428
87250	0.001725426064
87251	0.000242398862
87252	0.0002260664666
87253	0.003158376766
87254	0.002577456614
87255	0.002538248007
87256	0.0007840578852
87257	0.001453054294
87258	0.0008400236847
87259	0.0002075971864
87260	0.000408489383
87261	0.0001727405886
87262	0.0008213958867
87263	0.001598972416
87264	0.0008015369051
87265	0.001321835187
87266	0.0007644666116
87267	0.0006593021339
87268	0.002231562515
87269	0.0001314313959
87270	0.0003380880902
87271	0.0008105522811
87272	2.151087537e-05
87273	0.00301070659
87274	0.0009715004682
87275	0.0002555775779
87276	0.000129315673
87277	5.310587726e-06
87278	0.0002276651498
87279	0.001824966404
87280	7.934275212e-05
87281	0.001653651976
87282	0.002355478186
87283	0.003268387451
87284	0.002275428677
87285	0.0004982469672
87286	0.0007141356481
87287	0.0006984305877
87288	0.001024667694
87289	0.002117006913
87290	0.001632394013
87291	0.0002841548741
87292	0.001982913671
87293	0.001390597993
87294	0.0018045804
87295	0.0004981485593
87296	0.0004452794305
87297	0.001866489211
87298	0.002395743893
87299	0.001407840029
87300	0.002326546522
87301	0.002174537559
87302	0.006358664887
87303	0.0009051145831
87304	0.001454381439
87305	0.00170799637
87306	0.002093401028
87307	0.001489883072
87308	0.0007792952687
87309	0.002895875595
87310	0.001409954035
87311	0.001613498783
87312	0.0005449915563
87313	0.0001592290725
87314	0.0001942137426
87315	0.001015860508
87316	0.0009710389582
87317	0.0002421296479
87318	0.000179646696
87319	0.003217773629
87320	0.0005839154246
87321	0.000711292661
87322	0.0007576658571
87323	0.000692800497
87324	0.001265363431
87325	0.004508966533
87326	0.000957852727
87327	0.0006776218404
87328	0.0008502769998
87329	0.001033383532
87330	0.0003895294989
87331	0.0002669422836
87332	0.0001595423983
87333	0.0003426318607
87334	0.0004478437361
87335	0.001373604315
87336	0.0001936180702
87337	0.001825965545
87338	0.004327916477
87339	0.002704119779
87340	0.001805476649
87341	0.002674405621
87342	0.0006830843472
87343	0.0004322845004
87344	0.0004747265163
87345	0.002369798385
87346	0.001223774976
87347	0.0007044895491
87348	0.0002970515853
87349	0.00327866023
87350	0.0005872907061
87351	0.0006013141816
87352	0.0005516338272
87353	0.0009155630513
87354	0.003579512827
87355	0.002140387882
87356	0.0005487874309
87357	0.0002836783248
87358	0.0006272831617
87359	0.003256000657
87360	0.003694120745
87361	0.0004397993858
87362	0.001763460114
87363	0.0007565836476
87364	0.0009535887445
87365	0.0005483833455
87366	0.00152859931
87367	0.001346344772
87368	0.0005672640182
87369	0.002315693742
87370	0.001757333443
87371	0.001730534317
87372	0.0001342155465
87373	0.00126225836
87374	0.001491463662
87375	0.001021759533
87376	0.001468868273
87377	0.0008509950498
87378	0.0013825203
87379	0.0003198381757
87380	0.002262235736
87381	0.0008373372886
87382	0.001834444731
87383	0.005561223183
87384	9.33713656e-05
87385	0.001105150894
87386	3.125702918e-05
87387	0.001741050657
87388	0.001793736575
87389	0.0008244133147
87390	0.001390070324
87391	0.001654898759
87392	0.000522039782
87393	0.00252385233
87394	0.003899402627
87395	0.001567425505
87396	0.003483463188
87397	0.00384123962
87398	0.0005363804376
87399	0.003235862545
87400	0.0001093340275
87401	0.001042053002
87402	0.0003840530128
87403	0.0005957827918
87404	0.0004530299866
87405	0.002302502791
87406	0.003047072647
87407	0.000361430623
87408	0.001183824422
87409	0.0007610076533
87410	0.001982254055
87411	0.0008018837806
87412	0.00211102043
87413	0.00213284157
87414	0.0007567693209
87415	0.0006563436581
87416	0.002302888491
87417	0.001103136161
87418	0.0004366313174
87419	2.814344763e-05
87420	0.001522050547
87421	0.0001297008796
87422	0.00109959387
87423	0.0006005171006
87424	0.002107258702
87425	0.0004484621287
87426	0.0001445705765
87427	0.002219207141
87428	0.003441233758
87429	0.003309674528
87430	0.001097754888
87431	0.001919974674
87432	0.002449012021
87433	0.0006971083398
87434	0.0002330325708
87435	0.001241695344
87436	0.0004791555327
87437	0.0005204650264
87438	0.001047881625
87439	0.0001673447004
87440	0.001143762724
87441	0.003017520066
87442	0.0009035336853
87443	0.002380123149
87444	0.000531126419
87445	0.003209846668
87446	0.00103203868
87447	0.002105741118
87448	0.0008076061531
87449	0.0004113049748
87450	0.0002016725498
87451	0.000563955604
87452	0.001566074441
87453	0.002795665881
87454	1.801243877e-05
87455	0.000859959361
87456	0.00109195862
87457	0.0009108231733
87458	0.0002132372244
87459	0.0003558361702
87460	0.0005535408661
87461	0.001528501239
87462	0.0006070065487
87463	0.002219838203
87464	0.002167526175
87465	0.0006725834583
87466	0.0005816977251
87467	0.001583187035
87468	0.0002206905813
87469	0.0005493099764
87470	0.002550838706
87471	0.004098156954
87472	0.001948110918
87473	0.006064947766
87474	0.0007307278435
87475	0.004938814341
87476	0.001039410631
87477	0.001007400847
87478	0.002863406948
87479	0.001610360881
87480	0.003121319298
87481	0.001488157881
87482	0.0005566250512
87483	0.0002428290378
87484	0.0004772353601
87485	0.0008766483823
87486	0.004029746461
87487	0.0003719079281
87488	0.001603770183
87489	0.0009960878012
87490	0.000445526305
87491	0.000512975522
87492	0.0005146006629
87493	0.001181099209
87494	0.003426780673
87495	0.005013436009
87496	0.004313727807
87497	0.0005478919946
87498	0.003752239401
87499	0.000316590032
87500	0.000775569049
87501	0.0004194291099
87502	0.0001909048423
87503	0.002102141834
87504	0.0003033960954
87505	0.002306822284
87506	7.732018229e-05
87507	0.0005325128887
87508	0.001764805381
87509	0.000562432794
87510	0.000417281098
87511	0.00347219942
87512	0.001737008154
87513	0.0009717845338
87514	0.0007573068235
87515	0.001436344263
87516	0.002596672596
87517	0.000309732044
87518	0.001000552481
87519	0.0003648860945
87520	0.001200773625
87521	0.001622011204
87522	0.0003300878155
87523	0.0004171936447
87524	0.002821537297
87525	0.003151462402
87526	0.001382861644
87527	0.001504664551
87528	0.001385279616
87529	0.0003438946145
87530	0.002359473273
87531	0.0002681010968
87532	0.0007425805818
87533	0.001692923677
87534	0.0008942521432
87535	0.0004476329739
87536	0.0003847922866
87537	0.002331321245
87538	0.001544949576
87539	0.0008859149632
87540	0.0008882518545
87541	0.0002561713962
87542	0.0007672653586
87543	0.0001920901254
87544	0.001945089235
87545	0.002246747893
87546	0.00047036178
87547	0.00180129977
87548	0.002768523138
87549	0.002018127177
87550	0.0008123314574
87551	0.0001037330325
87552	0.0005884670809
87553	0.0007140755531
87554	0.003047688491
87555	0.001148809452
87556	0.002481039234
87557	0.004017813978
87558	0.003001503388
87559	0.001657052849
87560	0.001169004845
87561	0.004443688737
87562	0.002018448206
87563	0.001865304598
87564	0.0004352991703
87565	0.0005960549244
87566	0.0009273192562
87567	0.001851556894
87568	0.0008882325747
87569	0.0002876781043
87570	0.002338478178
87571	0.001280084416
87572	0.001019701599
87573	0.001049516077
87574	0.002681468328
87575	0.000512057147
87576	0.003300486016
87577	0.0002244937583
87578	0.0006207240028
87579	0.00029615326
87580	0.000974387767
87581	0.0002975861919
87582	0.0003496257185
87583	0.0009862472735
87584	0.003612832292
87585	0.005994533827
87586	0.003603116598
87587	0.002168810088
87588	0.000214981104
87589	0.001060123667
87590	0.001022632424
87591	0.000772416955
87592	0.0004853187784
87593	0.001044349874
87594	0.0009596120696
87595	0.0007111695339
87596	0.001328632009
87597	0.003504220158
87598	0.0002702055345
87599	0.0005741457846
87600	0.0007549845336
87601	0.00307430207
87602	0.00151402353
87603	0.001472279649
87604	0.0004905773127
87605	0.001847452137
87606	9.614471646e-06
87607	0.0002159612431
87608	0.0007451697958
87609	0.0007652714459
87610	0.002659804558
87611	0.0009549975894
87612	0.002107802379
87613	0.0001039743611
87614	8.141212676e-05
87615	0.001726798124
87616	0.0003930081933
87617	0.0007277783377
87618	0.0005347344912
87619	0.002388109689
87620	0.0007731269962
87621	0.0005168301665
87622	0.002499298647
87623	0.002022004732
87624	0.0003157065477
87625	0.0008794030782
87626	0.000209109682
87627	0.001948198582
87628	0.0004521964127
87629	0.002832055065
87630	0.0002156246792
87631	0.002992658376
87632	0.001482733268
87633	0.000975704661
87634	0.001724852585
87635	0.001009022078
87636	0.001573387133
87637	0.0009685030025
87638	0.001495865259
87639	0.0009848870976
87640	0.001089047952
87641	0.002296123677
87642	0.001981047184
87643	0.0006736358196
87644	0.00250432689
87645	0.0008887291031
87646	0.001821836828
87647	0.002031445395
87648	0.003186095896
87649	0.002193815326
87650	2.664173555e-05
87651	0.0005807247306
87652	0.001050418015
87653	0.0002774202099
87654	0.002271791916
87655	0.002060108905
87656	0.001197399004
87657	0.001797754019
87658	0.0006425765672
87659	0.0004019927655
87660	0.0006879372314
87661	0.002328138646
87662	0.002362440072
87663	0.0009951128659
87664	0.0007888449325
87665	0.004190899135
87666	0.002031562807
87667	0.001733384144
87668	0.001122177161
87669	0.0004698848431
87670	0.001160768001
87671	0.0005288620996
87672	0.001948004418
87673	0.0006968735598
87674	0.001480890774
87675	0.0001084811675
87676	0.0009679804492
87677	0.00193003824
87678	0.001955067151
87679	0.0002134383056
87680	0.0009273742614
87681	0.002554803459
87682	0.0002937348381
87683	0.001130741407
87684	0.004383184689
87685	0.001104722857
87686	0.00314306431
87687	0.0007901316794
87688	0.001583007444
87689	8.761792348e-05
87690	0.001058611621
87691	0.001359776689
87692	0.001105282457
87693	0.001597274317
87694	0.001619697892
87695	0.000357748087
87696	0.0009838234675
87697	0.0005471744876
87698	0.004092977308
87699	0.0007737694233
87700	0.0001267048316
87701	0.001076680994
87702	0.0006560082753
87703	0.004566036609
87704	0.0007519845809
87705	0.002083034682
87706	0.003514279061
87707	0.0008565831605
87708	0.000705508476
87709	0.00603997967
87710	8.932388094e-05
87711	0.0009853404002
87712	0.002430430602
87713	0.001369777083
87714	0.004475132878
87715	0.001680017186
87716	0.002211614298
87717	0.0002822721266
87718	0.004504271059
87719	0.001355386003
87720	0.0005307260502
87721	0.001948568453
87722	3.788885641e-05
87723	0.0003334063211
87724	0.001152690462
87725	0.0008359106227
87726	0.0007055675788
87727	0.003901041124
87728	0.007182343439
87729	0.001104725754
87730	0.008676009223
87731	0.001501666955
87732	0.0006900692872
87733	0.000567063132
87734	0.0006190702492
87735	0.0006878475714
87736	0.00185443308
87737	0.002543134613
87738	0.0002812885775
87739	4.195782821e-05
87740	0.003049283226
87741	0.002119656596
87742	0.0006576245337
87743	0.005438649288
87744	0.0007326311446
87745	0.0007366124813
87746	0.002308075968
87747	0.002226725433
87748	0.003192732157
87749	0.004621615292
87750	0.001454036894
87751	0.0009021542139
87752	0.001336125519
87753	0.001414866057
87754	0.0003907967707
87755	0.0005415571193
87756	0.001416259761
87757	0.001109774081
87758	0.0007212703492
87759	0.001594435416
87760	0.0003492905474
87761	0.001109453194
87762	0.001440224817
87763	0.000730129755
87764	0.002726589485
87765	0.0004174703214
87766	0.001667898675
87767	0.001611739033
87768	0.001605052917
87769	0.0006163761894
87770	0.0006662983166
87771	0.003417385134
87772	0.007074891369
87773	0.001267243132
87774	1.859222e-05
87775	0.0002460324247
87776	0.001562809816
87777	0.001278502645
87778	0.0005714375464
87779	0.000366723838
87780	0.0004855553613
87781	0.003265090722
87782	0.0005632263172
87783	0.001631602326
87784	0.0001336481734
87785	0.004349601514
87786	0.0007775256821
87787	0.002823078039
87788	6.849085081e-05
87789	9.761887607e-05
87790	0.0004125942574
87791	0.000571483117
87792	0.0001855230693
87793	0.000330215441
87794	0.001173270822
87795	0.0002369353189
87796	0.0005834379106
87797	0.0004639533173
87798	0.002387488393
87799	0.000719220685
87800	0.0007339526562
87801	0.0001521046492
87802	0.0004338874543
87803	0.005718848053
87804	0.0002096976266
87805	0.0007060328414
87806	6.72740439e-05
87807	0.0003161811481
87808	0.0007142715454
87809	0.0001434859697
87810	0.000498683531
87811	0.0007519803807
87812	3.782950422e-05
87813	0.001943398283
87814	0.002434970556
87815	0.0006929905256
87816	0.004767466529
87817	0.001469863361
87818	0.0004822307969
87819	0.002495144032
87820	0.0006739975356
87821	0.005014616295
87822	0.0008654215315
87823	0.002244427997
87824	0.00164411711
87825	0.00130802056
87826	0.0003268539801
87827	0.001294296423
87828	0.000457438855
87829	0.0004764132347
87830	0.0001019452279
87831	0.001178939106
87832	0.0003343744284
87833	0.0007757491575
87834	0.0001097537265
87835	0.001037166939
87836	0.001799973796
87837	0.0007771943502
87838	0.0004094642209
87839	0.0004755653906
87840	0.0002497880527
87841	0.002191114194
87842	0.000916161861
87843	0.0004721165674
87844	0.001398317803
87845	0.0008108190854
87846	0.001863495528
87847	0.0001633319033
87848	0.0006036468932
87849	0.0007004255386
87850	0.001007502884
87851	0.001127760069
87852	0.008504285445
87853	0.001223022212
87854	0.00209081143
87855	0.0008406819664
87856	0.0001674257723
87857	0.0007366196391
87858	0.001674514624
87859	0.0007198431032
87860	0.001068214758
87861	0.0004885685155
87862	0.001273437633
87863	0.0006879023249
87864	0.004101236598
87865	0.00202758363
87866	0.001626453501
87867	0.004528796602
87868	0.002754021663
87869	0.003300277525
87870	0.0007061937802
87871	0.001755245076
87872	0.0004881944513
87873	0.003934798571
87874	0.00427690886
87875	0.00108609762
87876	0.006180723978
87877	0.0005705135373
87878	0.0002783302613
87879	0.001648797522
87880	0.001028005873
87881	0.0006284765077
87882	0.00412557871
87883	0.001293559998
87884	0.00545332019
87885	0.003572524145
87886	1.069486006e-05
87887	0.0006215911862
87888	0.001661360208
87889	0.002499507323
87890	0.0007276223399
87891	0.004479198982
87892	0.00328095433
87893	0.0007679474745
87894	0.001659859193
87895	0.0005694324886
87896	8.851761911e-05
87897	3.239751431e-06
87898	0.000426070822
87899	0.0001653254909
87900	0.001064421321
87901	0.002567693357
87902	0.0007007134913
87903	0.000469728565
87904	0.001576712668
87905	0.001021388698
87906	0.001396741765
87907	0.008719691507
87908	0.001523147791
87909	0.001671715175
87910	0.001739423202
87911	0.001382945977
87912	0.0003985384267
87913	0.005255483744
87914	0.002279740694
87915	0.0009011267804
87916	0.0006504862236
87917	0.0009486754556
87918	0.0008305374086
87919	0.007352643097
87920	0.001073320144
87921	0.001521526592
87922	0.001087596969
87923	0.0003815433282
87924	0.0005612758847
87925	0.001080881334
87926	0.004307622203
87927	0.001812153063
87928	0.001171593628
87929	0.003137446861
87930	0.00471367349
87931	0.004990627477
87932	0.0006363198593
87933	0.001854416199
87934	0.0005240024055
87935	0.001934837838
87936	0.001325003055
87937	0.002480090547
87938	0.001849945012
87939	0.002420212531
87940	0.0008594060001
87941	0.0008160473875
87942	0.0008320290067
87943	0.001320391547
87944	0.0006150829698
87945	0.0004107322214
87946	0.002439607222
87947	0.001254437906
87948	0.003322150765
87949	0.001421904526
87950	0.005639944081
87951	0.003258917309
87952	0.0004218977667
87953	0.003079363909
87954	0.0002252609029
87955	0.002052860768
87956	0.001424850738
87957	0.0001539884799
87958	0.0004488862882
87959	0.003795806837
87960	0.001023919576
87961	0.001301617844
87962	0.0001476066433
87963	0.002102002232
87964	0.0004071904119
87965	0.001423468232
87966	0.003016009052
87967	0.003000155294
87968	0.0007196035799
87969	0.0008412016991
87970	0.002234163293
87971	0.001609246096
87972	0.003822267845
87973	0.000956482502
87974	0.003676626573
87975	0.002138087722
87976	0.003036383347
87977	0.0004733885747
87978	0.0005659079491
87979	0.003027862477
87980	0.0006919260282
87981	0.0008652711787
87982	0.001285281867
87983	0.00036053945
87984	0.002039138408
87985	0.0002791568833
87986	0.004088615594
87987	0.003384365424
87988	0.0005842250444
87989	0.001124292572
87990	0.001389231658
87991	0.006259476096
87992	0.0006640023441
87993	0.002446284324
87994	0.003081753325
87995	0.002200617692
87996	0.002745532603
87997	0.004115253925
87998	0.006539429809
87999	0.0008350399746
88000	0.001279974042
88001	7.425141471e-06
88002	0.0003300615131
88003	0.004463076223
88004	0.001486281471
88005	0.004570046495
88006	0.0009584446628
88007	0.0003592950456
88008	0.001467662681
88009	0.001976468149
88010	0.002259462122
88011	0.003594936328
88012	0.0005311344924
88013	0.001658856099
88014	0.0005856625429
88015	0.001934733755
88016	0.004130003751
88017	0.0008679070358
88018	0.004841962999
88019	0.003336253067
88020	0.001225065657
88021	0.001211102953
88022	0.001303275227
88023	0.0003566089591
88024	0.00221435872
88025	0.003198080612
88026	0.00418677068
88027	0.0007693004731
88028	0.003946687207
88029	0.001709505595
88030	0.0002640778701
88031	0.001716897306
88032	0.00207547594
88033	0.0006495799868
88034	0.0003733127443
88035	0.003637379509
88036	0.0005192631719
88037	0.002257128238
88038	0.004680243059
88039	0.0007876319992
88040	0.0001839193324
88041	7.962795782e-05
88042	0.0002502539737
88043	0.001865624465
88044	0.001202556316
88045	0.001250875671
88046	0.000209118609
88047	0.001670133452
88048	0.0006412362386
88049	0.001488950997
88050	0.0002505582473
88051	0.00130428297
88052	0.0001260295251
88053	0.002321513689
88054	0.004114347997
88055	0.0008217009847
88056	0.0001917394994
88057	0.001094971889
88058	0.002244520329
88059	0.002387537152
88060	0.001095600091
88061	0.002019784921
88062	0.001246245928
88063	0.002616989732
88064	0.004400799453
88065	0.003684191562
88066	0.001340215216
88067	0.001567846763
88068	0.0001708117393
88069	0.0008375104989
88070	0.0007106214024
88071	0.001941281797
88072	0.001479858718
88073	0.00634843102
88074	0.001724373867
88075	0.001953201229
88076	0.003787602518
88077	0.003959263101
88078	0.004344217628
88079	0.0008758894658
88080	0.001486676858
88081	0.0003936747099
88082	0.00421862653
88083	0.001022592543
88084	0.001108780638
88085	0.001634078846
88086	2.122519444e-05
88087	0.001304563624
88088	0.001539024011
88089	0.002897202128
88090	0.001505232501
88091	0.0004371773805
88092	0.001103499316
88093	0.001745199695
88094	0.002394182874
88095	0.003104422222
88096	0.001518569769
88097	0.001200514358
88098	0.00045477837
88099	0.00448929622
88100	0.0006754558204
88101	0.003666334907
88102	0.001372715539
88103	0.001049182529
88104	0.001788765271
88105	0.001719650872
88106	0.001119085365
88107	0.0008370091471
88108	0.0007469354531
88109	0.00103937966
88110	0.00190578299
88111	0.001455797092
88112	0.008248499967
88113	0.0009683374575
88114	0.002323630077
88115	0.002559726467
88116	0.00186336285
88117	0.002033837462
88118	0.002028508369
88119	0.001041066026
88120	0.002205549108
88121	0.002524201301
88122	0.002322534262
88123	0.00082025474
88124	0.002362341374
88125	0.004404280255
88126	4.601512831e-05
88127	0.0009672297791
88128	0.001760614047
88129	0.001915837995
88130	0.003030163946
88131	0.001122889944
88132	0.003211571395
88133	0.0007090309724
88134	0.0005113657298
88135	0.001707522904
88136	0.003343164023
88137	0.00121990475
88138	0.001331234586
88139	0.003603106243
88140	0.0002035930163
88141	0.0004221573057
88142	0.002129516198
88143	0.004798328399
88144	0.001720411796
88145	0.003186448303
88146	0.001708497721
88147	0.002795279757
88148	0.0001741314074
88149	0.00262272466
88150	0.001494735467
88151	0.001490263363
88152	0.002506166834
88153	0.002646861515
88154	0.001151417728
88155	0.004043592781
88156	0.001144136021
88157	0.002354724924
88158	0.003956036413
88159	0.00113811823
88160	0.001155573631
88161	0.001976560548
88162	0.0004569906818
88163	0.002016935525
88164	0.0004681036759
88165	0.001736444878
88166	0.0008091555066
88167	0.001870628106
88168	0.001287179918
88169	0.001104056813
88170	0.003115044544
88171	0.001491879758
88172	0.004205889661
88173	0.002088608619
88174	0.002525681522
88175	0.002377394156
88176	0.003036334065
88177	0.001707660011
88178	0.001450435982
88179	0.001410993845
88180	0.00158975994
88181	0.001149168528
88182	0.003540410121
88183	0.006042162894
88184	0.001519151986
88185	0.002591279869
88186	0.002380533572
88187	0.000240402321
88188	0.001833032096
88189	0.001519068698
88190	0.002398213467
88191	0.002236342127
88192	0.002343631789
88193	0.002914458117
88194	0.003229590939
88195	0.002516370011
88196	0.001053356132
88197	0.001217204474
88198	0.005580559244
88199	0.001539748684
88200	0.001985412299
88201	0.003049910791
88202	0.002590198015
88203	0.002856996849
88204	0.004757740297
88205	0.001165150604
88206	0.0003422512695
88207	0.004096671002
88208	0.001957364645
88209	0.002201843754
88210	0.003075781858
88211	0.0042913019
88212	0.0004789257571
88213	0.002843292949
88214	0.0002639712353
88215	0.004011700901
88216	0.001298020317
88217	0.003911477858
88218	0.002498734893
88219	0.00185885412
88220	0.003663185505
88221	0.0005088230685
88222	0.003958618652
88223	0.004990979618
88224	0.001320608299
88225	0.001665129516
88226	0.003827285513
88227	0.002270234219
88228	0.002548803296
88229	0.002601887094
88230	0.001853059109
88231	0.001534948107
88232	0.002543693484
88233	0.004139318665
88234	0.002371863092
88235	0.002016360358
88236	0.003738769881
88237	0.001804924485
88238	0.002608843528
88239	0.004807888413
88240	0.002181535024
88241	0.0003800813819
88242	0.001936612457
88243	0.002340385041
88244	0.00013455204
88245	0.001396298094
88246	0.0002250739746
88247	0.001511236318
88248	0.002226884953
88249	0.001685385055
88250	0.0003674328826
88251	0.001916691852
88252	0.0008650393737
88253	0.002873379496
88254	0.003318809159
88255	0.001127067566
88256	0.0005983828358
88257	0.001418791225
88258	0.001965019037
88259	0.00223361769
88260	0.002639496723
88261	0.002057072497
88262	0.003163418973
88263	0.001860463028
88264	0.0005520124546
88265	0.002194347232
88266	0.005774791955
88267	0.002794121016
88268	0.003440177096
88269	0.001684215539
88270	0.004221322286
88271	0.002119141092
88272	9.169001159e-05
88273	0.002011841307
88274	0.002796562376
88275	0.003050886365
88276	0.002821181102
88277	0.003068926396
88278	0.003080580998
88279	0.001192343886
88280	0.001881180376
88281	0.001620013469
88282	0.003155818236
88283	0.001122000334
88284	0.002280866137
88285	0.002092943084
88286	0.001574745333
88287	0.000427468651
88288	0.002326604684
88289	0.00139637411
88290	0.0006330577006
88291	0.002023453787
88292	0.002315464563
88293	0.0009594618653
88294	0.002129610937
88295	0.004258858915
88296	0.00304981841
88297	0.003273262672
88298	0.002693301052
88299	0.002464787559
88300	0.002031029139
88301	0.001998609278
88302	0.001574629868
88303	0.002184115398
88304	0.0005143967686
88305	0.001675103787
88306	0.00267562965
88307	0.003726919818
88308	0.001131276996
88309	0.002008897551
88310	0.002765662536
88311	0.002900962475
88312	0.002686366996
88313	0.00247959976
88314	0.002837913588
88315	0.002536353891
88316	0.001622167642
88317	0.002276073549
88318	0.002244626873
88319	0.0007556284212
88320	0.002071659537
88321	0.001401162529
88322	0.002456872552
88323	0.004700434302
88324	0.001816715803
88325	0.001917579451
88326	0.001391571397
88327	0.001576016503
88328	0.003192730175
88329	0.0008490766319
88330	0.001359232164
88331	0.002002446504
88332	0.002136820795
88333	0.00107678017
88334	0.001806285164
88335	0.00202067612
88336	0.0006106906738
88337	0.001487468804
88338	0.001385546418
88339	0.001796341986
88340	0.001788303449
88341	0.00186320076
88342	0.002021597004
88343	0.0004807945571
88344	0.001623975955
88345	0.0005851880892
88346	0.001990537375
88347	0.00298673195
88348	0.004723773025
88349	5.337040977e-05
88350	0.001509185382
88351	0.003948055402
88352	0.00210382105
88353	0.001258288791
88354	0.003035149029
88355	0.00209856366
88356	0.003585596805
88357	0.002017428964
88358	0.001217654908
88359	0.0003582635765
88360	0.002210069296
88361	0.004343943004
88362	0.003298171981
88363	0.003377623309
88364	5.992682851e-05
88365	0.004446406298
88366	0.00223710915
88367	0.00195432847
88368	0.001643709094
88369	0.001090661006
88370	0.002219934559
88371	0.001658745524
88372	0.001501319752
88373	0.004174831122
88374	0.003466767199
88375	0.001423698749
88376	0.001786741628
88377	0.001210325831
88378	0.003182380768
88379	0.004242979255
88380	0.00272341221
88381	0.002268048963
88382	0.002234030522
88383	0.001015819661
88384	0.002299016999
88385	0.001278898108
88386	0.002171522048
88387	0.001346491538
88388	0.002546710182
88389	0.003242859485
88390	0.0007008614234
88391	0.001854775593
88392	0.003787879212
88393	0.002259445079
88394	0.002342994377
88395	0.001386272522
88396	0.002105408948
88397	0.001133894852
88398	0.003402228458
88399	0.002152968461
88400	0.001095091133
88401	0.002290034105
88402	0.001224236877
88403	0.002029511284
88404	0.002148940588
88405	0.002548262553
88406	0.003814590733
88407	0.002076050794
88408	0.0004895755267
88409	0.001068119448
88410	0.002691205013
88411	0.001519628249
88412	0.0004793137092
88413	0.001700341212
88414	0.001576624677
88415	0.0008520198536
88416	0.0006160326676
88417	0.003490861457
88418	0.003768987585
88419	0.001135302374
88420	0.002272479784
88421	0.0007715259397
88422	0.002492297612
88423	0.002114834055
88424	0.003472303787
88425	0.002119486362
88426	0.00156196043
88427	0.002218428804
88428	0.002186707308
88429	0.001803910682
88430	0.002165905246
88431	0.001360888797
88432	0.00286478515
88433	0.001659112418
88434	0.002491123391
88435	0.001769566725
88436	0.000590316693
88437	0.00135836138
88438	0.001307254244
88439	0.001143629369
88440	0.0008403593507
88441	0.0004271513767
88442	0.0003232702259
88443	0.000546246819
88444	0.0006115855583
88445	0.0003271349906
88446	0.001633439709
88447	0.0007982718216
88448	0.0007298485499
88449	0.0006703493237
88450	0.0007249855711
88451	0.001039220941
88452	0.0002576424176
88453	0.002324751284
88454	0.0005248954389
88455	0.000727427652
88456	0.001731737431
88457	0.0002213015558
88458	0.0005885830093
88459	0.0008432408315
88460	0.0006104527419
88461	0.0001925483843
88462	0.001393345567
88463	0.0007383487319
88464	4.235057667e-05
88465	0.0002774181884
88466	0.0007587788914
88467	5.378002588e-05
88468	0.0004751676562
88469	0.001325447479
88470	0.0005169482962
88471	0.0009396218867
88472	0.0006054154679
88473	0.003354737822
88474	0.000671300174
88475	0.0001695020776
88476	0.002668986356
88477	0.0006142302428
88478	4.327181973e-05
88479	0.0004464443184
88480	0.0001145848223
88481	0.001875215606
88482	0.003200140328
88483	0.0009212663515
88484	0.0002856052691
88485	0.001339371434
88486	0.0006013141832
88487	0.0008218381461
88488	0.001302600421
88489	0.001342561563
88490	0.0004847230881
88491	0.0002872540686
88492	0.0003759542105
88493	0.002184160339
88494	0.0006350901353
88495	0.002343096082
88496	0.000844186842
88497	0.002468574721
88498	0.000752352764
88499	0.0008158040421
88500	0.0002063785881
88501	0.0004106028327
88502	0.0002771830403
88503	0.000613748679
88504	0.0007239195079
88505	0.0002682961453
88506	0.0006069455019
88507	0.0004298355622
88508	0.000564201485
88509	0.0004792614403
88510	0.0008590984668
88511	0.000701124699
88512	0.004107493822
88513	0.001498260563
88514	0.0003762616629
88515	0.001028902913
88516	0.000224465242
88517	0.0007067591055
88518	0.0007222813433
88519	0.001191711931
88520	0.0004734121337
88521	0.0001939524802
88522	0.0007606123779
88523	0.0003385550049
88524	0.001159330361
88525	0.000450159777
88526	0.000759980002
88527	0.0004268755478
88528	0.0005490868199
88529	0.0009227260717
88530	0.0003774690534
88531	0.00359595514
88532	0.001234443399
88533	0.003651532773
88534	0.001630159308
88535	0.001980456831
88536	2.505034634e-05
88537	0.001871025197
88538	0.001355524406
88539	0.005213914587
88540	0.002027028889
88541	0.0003367279723
88542	0.002029051528
88543	0.002424020859
88544	0.0006628847078
88545	0.002448576072
88546	0.001145305627
88547	0.00123140778
88548	0.0003929820298
88549	0.0005936659119
88550	0.0004012010914
88551	0.001947869867
88552	0.002246102355
88553	0.002114151464
88554	0.0006248649033
88555	0.001697874491
88556	0.002501100989
88557	0.0007032600222
88558	0.001567337939
88559	0.002991841916
88560	0.001507610263
88561	0.003235946495
88562	0.004797844522
88563	0.001669528359
88564	0.0003427142595
88565	0.002592880489
88566	0.001507775441
88567	0.00251497464
88568	0.002075580388
88569	0.0003160065118
88570	0.002535097039
88571	0.007097107894
88572	0.001562459964
88573	0.002134883098
88574	0.001417615631
88575	0.00221506387
88576	0.003818521122
88577	0.0009108143012
88578	0.00622270431
88579	0.0022244972
88580	0.00277925123
88581	0.0005986847177
88582	0.004505991358
88583	0.0002083936557
88584	0.001190940554
88585	0.002001142431
88586	0.001264237409
88587	0.001492120119
88588	0.002599204327
88589	0.001825480071
88590	0.005183113355
88591	0.002093171679
88592	0.002729474664
88593	0.001903123198
88594	0.002704941275
88595	0.0006623503452
88596	0.001045376221
88597	0.001543484152
88598	0.001950852605
88599	0.0007195129051
88600	0.001042945159
88601	0.004815947757
88602	0.001057018484
88603	0.002092263628
88604	0.002903114181
88605	0.001849403664
88606	0.004509861773
88607	0.002455550832
88608	0.002526591163
88609	0.0002447560499
88610	0.001252974783
88611	0.003372277856
88612	0.001529115379
88613	0.001448048724
88614	0.002093555876
88615	0.003349478918
88616	0.0001809141305
88617	0.001363724871
88618	0.002102173653
88619	0.002148887815
88620	0.000347205583
88621	0.001805740577
88622	0.003972895109
88623	0.00215665349
88624	0.002170034436
88625	0.0005998260306
88626	0.001813361391
88627	0.002952554417
88628	0.002804705531
88629	0.003631286191
88630	0.0010883144
88631	0.002974302664
88632	0.003563139288
88633	0.0009468048199
88634	0.002525360266
88635	0.003324353118
88636	0.001304118821
88637	0.0009828007458
88638	0.00131084775
88639	0.0001661450238
88640	0.001050658602
88641	0.002067547279
88642	0.002900952171
88643	0.004140760793
88644	6.31226872e-05
88645	0.003065150994
88646	0.002155407107
88647	0.0003293637361
88648	0.001402504629
88649	0.0004251441795
88650	0.001151033215
88651	0.002972518929
88652	0.0008803713051
88653	0.002110917632
88654	0.00411811791
88655	0.002003534052
88656	0.00201126005
88657	0.002138640836
88658	0.002730490721
88659	0.001979002372
88660	0.002665220313
88661	0.0005871595299
88662	0.002855333994
88663	0.003895726672
88664	0.0005757692373
88665	0.0006982983396
88666	0.001470469032
88667	0.002391656797
88668	0.0009564257761
88669	0.001539706982
88670	0.001413271548
88671	0.002494542674
88672	0.000263343795
88673	0.0007866300379
88674	1.792664683e-05
88675	0.002939888532
88676	0.002530233256
88677	0.002241556651
88678	1.345016998e-05
88679	0.002229467061
88680	0.002303452159
88681	0.001437295563
88682	0.002373156321
88683	0.002547308618
88684	0.006379636082
88685	0.001183484182
88686	0.002119140691
88687	0.002469165199
88688	0.001955365627
88689	0.004022581388
88690	0.0005855515509
88691	0.001052621398
88692	0.001558385418
88693	0.0003172015036
88694	0.004246322491
88695	0.0008375941634
88696	0.0003239384133
88697	0.002532491381
88698	0.004473255654
88699	0.003674964918
88700	0.0001080069792
88701	0.002086693895
88702	0.0002298166848
88703	0.002946327475
88704	0.001506014517
88705	0.001397538494
88706	3.371594904e-05
88707	0.0007039072064
88708	0.002628342178
88709	0.0007353140133
88710	0.002758995073
88711	0.001937909123
88712	0.002267468922
88713	0.001867426575
88714	0.003499631092
88715	0.001715047584
88716	0.001983295012
88717	0.001592848035
88718	0.001656616461
88719	0.003137684425
88720	0.001648805052
88721	0.003073940089
88722	0.002452349185
88723	0.0009250886336
88724	0.002402255488
88725	0.001586578944
88726	0.003269808569
88727	0.001371564366
88728	0.001918824078
88729	0.00134492968
88730	0.002844454181
88731	0.0001355935196
88732	0.000114509269
88733	0.001805093999
88734	0.0008162929145
88735	0.002424651639
88736	0.002901359289
88737	0.00172141668
88738	0.0002410312775
88739	0.0007771083924
88740	0.002703171077
88741	0.001284157491
88742	0.003652411158
88743	0.001521982558
88744	0.00300396649
88745	0.005002106517
88746	0.001893543912
88747	0.001463232736
88748	0.001004853439
88749	0.001063285662
88750	0.0009742048321
88751	0.001644902
88752	0.002233264179
88753	0.0003765458292
88754	0.0006751377782
88755	0.002202350865
88756	0.0008502070998
88757	0.002396620629
88758	0.002586355675
88759	0.0006897959418
88760	0.001814651584
88761	0.001593557368
88762	0.00386245843
88763	0.001727874045
88764	0.001326296472
88765	0.002427084412
88766	0.002988442743
88767	0.00187559863
88768	0.002006574596
88769	0.001740998138
88770	8.204257059e-05
88771	0.001999479585
88772	0.001872578557
88773	0.00211209967
88774	0.003140285825
88775	0.000427499677
88776	0.001236268566
88777	0.001994365144
88778	0.001786711458
88779	0.002239754714
88780	0.001337039944
88781	0.001274682166
88782	0.001728323491
88783	0.002577786591
88784	0.002226450704
88785	0.002380515183
88786	0.0001127545359
88787	0.0006396921953
88788	0.001271703011
88789	0.002279697833
88790	0.002065548107
88791	0.003152639869
88792	0.002940496282
88793	0.003471922203
88794	0.0001831624466
88795	0.0009242818408
88796	0.001483259937
88797	0.0003533942246
88798	0.00126018264
88799	0.004451133722
88800	0.001624111618
88801	0.0002433071505
88802	0.001246049596
88803	0.0027325018
88804	0.002118565008
88805	0.005171382234
88806	0.001884585334
88807	0.002015886122
88808	0.001370940893
88809	0.001746401952
88810	0.001248330908
88811	0.003127107294
88812	0.002243462557
88813	0.00322515904
88814	0.0007323365755
88815	0.002851344317
88816	0.0021966925
88817	0.001762613749
88818	0.001713646603
88819	0.0008680533584
88820	0.000382466385
88821	0.002903664374
88822	0.0005807809261
88823	0.0009939677388
88824	0.001835644358
88825	0.00292094434
88826	0.00217720324
88827	0.001716850954
88828	0.001844975477
88829	0.003797104852
88830	0.00336821116
88831	0.000423574492
88832	0.0006456234238
88833	0.0008269744601
88834	0.002095168646
88835	0.003641129027
88836	0.002309989165
88837	0.002295588415
88838	0.0006613125725
88839	0.0007002928137
88840	0.0005234215911
88841	0.002263936333
88842	0.002041270436
88843	0.002004249177
88844	0.001016089428
88845	0.002549669616
88846	0.0001517451438
88847	0.0008152803254
88848	0.001113232271
88849	0.003157401614
88850	0.001162277721
88851	0.000996069477
88852	5.2129027e-05
88853	0.004069883188
88854	0.001034408403
88855	0.003859230879
88856	0.001931369124
88857	0.002105543274
88858	0.0008547199546
88859	0.001230613318
88860	0.002107450522
88861	0.0006448194743
88862	0.00278073102
88863	0.001384096827
88864	0.0005819039915
88865	0.002162462594
88866	0.003484154868
88867	0.000672588431
88868	0.001093105506
88869	0.002419277868
88870	0.00271701346
88871	0.0001211238282
88872	0.001709083854
88873	0.004233190527
88874	0.001326842976
88875	0.0008402665388
88876	0.001751447855
88877	0.001932506869
88878	0.002690580544
88879	0.0002606203913
88880	0.001533833292
88881	0.001712571765
88882	0.001231249389
88883	0.001725806657
88884	0.00145856682
88885	0.004275184643
88886	0.001275118304
88887	0.001934362752
88888	0.003030699375
88889	0.001853668731
88890	0.001126914762
88891	3.942286654e-05
88892	0.001820346707
88893	0.001831403391
88894	0.002004792405
88895	0.0006331982389
88896	0.003793498721
88897	0.001284891133
88898	0.002176917
88899	0.002073097028
88900	0.003779590947
88901	0.003234787365
88902	0.0002828820966
88903	0.0009103344469
88904	0.002059038019
88905	0.001411545059
88906	0.003183857266
88907	0.003685581836
88908	0.00163619109
88909	0.0003815946971
88910	0.002566479904
88911	0.004752487007
88912	0.002874570613
88913	0.001330555543
88914	0.001030397473
88915	0.004997301592
88916	0.0009574445855
88917	0.00223030401
88918	0.0002440415196
88919	0.003921079824
88920	0.00208487268
88921	0.001714648577
88922	0.001845228859
88923	0.002719563188
88924	0.001659668155
88925	0.001385749696
88926	9.318834452e-05
88927	0.002661368578
88928	0.004471903126
88929	0.001798926776
88930	0.00596612045
88931	0.001881456672
88932	0.005450290972
88933	0.0003580155849
88934	0.00260686684
88935	0.001690029451
88936	0.002366459143
88937	0.002337283159
88938	0.001131039694
88939	0.0004237736949
88940	0.002712370574
88941	0.001560924143
88942	0.002485472512
88943	0.002026384825
88944	0.001720906407
88945	0.001394670619
88946	0.0005758434597
88947	0.0001610049879
88948	0.002084503946
88949	0.0007627169014
88950	0.00141078839
88951	0.0002919522809
88952	0.001638877511
88953	0.003195307649
88954	0.001158985199
88955	0.0001963285434
88956	0.002317495231
88957	0.001323242061
88958	0.00366043861
88959	0.001449110981
88960	0.0004042434597
88961	0.0002160410594
88962	0.002158344473
88963	0.002945118304
88964	0.00504132185
88965	0.0004505389542
88966	0.0007534801093
88967	0.001599281536
88968	0.001433777943
88969	0.001050966028
88970	0.001769929982
88971	0.0006340668981
88972	0.001252842533
88973	0.0004698491823
88974	0.0002036440605
88975	0.0011622913
88976	0.001746430526
88977	0.001914755491
88978	0.005470258039
88979	0.003170642275
88980	0.002625269064
88981	0.0007742734587
88982	0.0007358369685
88983	0.00222056901
88984	0.006497616706
88985	0.0007403904623
88986	0.0007143789415
88987	0.004749950166
88988	0.001079204531
88989	0.003192887628
88990	0.0009666152588
88991	0.002176189977
88992	0.0005345548291
88993	0.002654412272
88994	0.001822592091
88995	0.002250559714
88996	0.004387954121
88997	0.00185718698
88998	0.002296185989
88999	0.0005182112027
89000	0.0007685181539
89001	0.001562610338
89002	0.001664179507
89003	0.001722436166
89004	0.002723854829
89005	0.004958823062
89006	0.00130200733
89007	0.001668075833
89008	0.002594521911
89009	0.001662318363
89010	0.0002795051048
89011	0.00346342669
89012	0.00378543018
89013	0.002241092541
89014	0.002744391025
89015	0.001698840152
89016	0.00326581429
89017	0.0008100374991
89018	0.005172715629
89019	0.003279349834
89020	0.002649314188
89021	0.002795169372
89022	0.001087099267
89023	0.002142819413
89024	0.00575643401
89025	0.001637704688
89026	0.00100918426
89027	0.003118372802
89028	0.003028325543
89029	0.002410042436
89030	0.00217907649
89031	0.0005583127695
89032	0.000174248281
89033	0.0008896725937
89034	0.002724867159
89035	0.002379740738
89036	0.003711795433
89037	0.0006323712484
89038	0.003593734894
89039	0.005232251384
89040	0.005202111217
89041	0.001866788323
89042	0.002228658571
89043	0.001163734433
89044	0.002610598877
89045	0.001744636327
89046	0.001187559779
89047	0.000981026271
89048	0.003481264098
89049	0.00103562626
89050	0.002960167877
89051	0.001919193718
89052	0.001599132606
89053	0.001914907076
89054	0.0006746934631
89055	0.0007627536854
89056	0.0005727015766
89057	0.001416485348
89058	0.001011497136
89059	0.001086636196
89060	9.660474368e-05
89061	0.002647133369
89062	0.001233017118
89063	0.001829447663
89064	0.0001660676996
89065	0.004216775654
89066	0.00328044151
89067	0.003599361439
89068	0.001325498798
89069	0.001981486679
89070	0.002248966765
89071	0.0007454457649
89072	0.002768584372
89073	0.001685704632
89074	0.002438763128
89075	0.001799227628
89076	0.001194308095
89077	0.001056169338
89078	2.473102125e-05
89079	0.001982465226
89080	0.001665658209
89081	0.001881127367
89082	0.0001524988372
89083	0.002482603814
89084	0.002779779477
89085	0.0005912739705
89086	0.001187364267
89087	0.001415960245
89088	0.006014305614
89089	0.001246157528
89090	0.003995740983
89091	0.002592780545
89092	0.001356797136
89093	0.002270513311
89094	0.001738789361
89095	0.003503806127
89096	0.002853423137
89097	0.0005996683442
89098	0.004022019013
89099	0.004136597118
89100	0.00133926356
89101	0.002048511992
89102	0.004567559552
89103	0.001564439242
89104	0.0001235993537
89105	0.00172846873
89106	0.001467045955
89107	0.002249699581
89108	0.000637006382
89109	0.002706296606
89110	0.003031685716
89111	0.003814668041
89112	0.0002058416652
89113	0.001388091916
89114	0.002228913375
89115	0.001061865426
89116	0.0001840963277
89117	0.002889443256
89118	0.001805808863
89119	0.001488696224
89120	0.001530705052
89121	0.001963463246
89122	0.001975515464
89123	0.004485375403
89124	0.003119569878
89125	0.00031227552
89126	0.002130584482
89127	0.0001240923687
89128	0.003297668873
89129	0.003321615093
89130	0.0003146594843
89131	0.001178453392
89132	0.003106685699
89133	0.001159340013
89134	0.003234189903
89135	0.0001597599449
89136	0.002289903687
89137	0.002167643967
89138	0.00263805179
89139	0.002568812496
89140	0.001267272956
89141	0.0006399940887
89142	0.002233149206
89143	0.002901399961
89144	0.0003177825246
89145	0.0007354868113
89146	0.0006885727844
89147	0.0001857529765
89148	0.001914278474
89149	0.00285519681
89150	0.002031651974
89151	0.002321777834
89152	0.001261543778
89153	0.0016973301
89154	0.002434658975
89155	0.0008953899164
89156	0.002902663541
89157	0.0008338042435
89158	0.001169171878
89159	0.001879264664
89160	0.002096050384
89161	0.002309113767
89162	0.001852677047
89163	0.002447063181
89164	0.002415758451
89165	0.002302806697
89166	0.002576617773
89167	0.002405469135
89168	0.0005362622452
89169	0.0003292662325
89170	0.00365372924
89171	0.0003142044948
89172	0.001871330639
89173	0.0002135006523
89174	0.0008984902767
89175	0.003482606225
89176	0.00244432731
89177	0.0001483365405
89178	0.001709967605
89179	0.002008383573
89180	0.002109236776
89181	0.002428631323
89182	0.004357598306
89183	0.001352839804
89184	0.001811397862
89185	0.002214702172
89186	0.003086093888
89187	0.001390455281
89188	0.002294211013
89189	0.001369242787
89190	0.001928047273
89191	0.002415349558
89192	0.0003116232117
89193	0.001900458321
89194	0.001125376098
89195	0.001872619027
89196	0.001853737251
89197	0.001492553189
89198	6.450218993e-05
89199	0.0003762030189
89200	0.001063877508
89201	0.002124381417
89202	0.003631724606
89203	0.001067510577
89204	0.001592236951
89205	0.002255626012
89206	0.00138175301
89207	0.005399267825
89208	0.003387074771
89209	0.003174329257
89210	0.0003541130592
89211	0.000797494621
89212	0.001524020186
89213	0.001550942594
89214	0.00220718283
89215	0.002740561106
89216	0.004905256144
89217	0.002715161158
89218	0.001031618816
89219	0.002544497222
89220	0.001429684068
89221	0.001850014313
89222	0.0003210174737
89223	0.003600503722
89224	0.0006938490291
89225	0.0009831459412
89226	0.003816035486
89227	0.0006335488162
89228	0.003497412603
89229	0.001905133699
89230	0.001785236084
89231	0.003180495423
89232	0.001991799866
89233	0.001998421199
89234	0.0001742721965
89235	0.0006723018698
89236	0.001270017851
89237	0.002229367543
89238	0.0006417253949
89239	0.001774545032
89240	0.001705965367
89241	0.002793074954
89242	0.002118114432
89243	0.001747955232
89244	0.0003146909142
89245	0.001972942589
89246	0.001549007144
89247	0.00169983244
89248	0.001693890165
89249	0.001775116587
89250	0.002839783687
89251	0.002683769319
89252	0.002077421711
89253	0.0002870785716
89254	0.003876929702
89255	0.002075344485
89256	0.0005436745093
89257	0.002154406552
89258	0.001695436464
89259	0.003357482475
89260	0.0009248888699
89261	0.0003314723722
89262	0.004450803256
89263	0.0009945891221
89264	0.0009937269565
89265	0.002150974695
89266	0.001120067347
89267	0.002610588279
89268	0.003340014154
89269	3.156504682e-05
89270	0.0005576839999
89271	0.002262226919
89272	0.002358940172
89273	0.00351210329
89274	0.001428172077
89275	0.00232246416
89276	0.0006313507491
89277	0.002987304139
89278	0.000255314536
89279	0.0002242207117
89280	0.002865391319
89281	0.001797594712
89282	0.004756196439
89283	0.001996086085
89284	0.001870134436
89285	0.003192349714
89286	0.0003276139125
89287	0.001609883485
89288	0.002330589756
89289	0.0005528192257
89290	0.001920310103
89291	0.0002819883086
89292	0.002715573596
89293	0.00294796067
89294	0.002979251199
89295	0.001741987197
89296	0.0009488465257
89297	0.00487146916
89298	0.002117669722
89299	0.002005782504
89300	0.001814522021
89301	0.002082875056
89302	0.001540913628
89303	0.0002975708455
89304	0.00331691752
89305	0.002602790936
89306	0.0004566212152
89307	0.0005449094058
89308	0.001279003695
89309	0.0030301824
89310	0.0005480378289
89311	0.0001566847218
89312	0.0003574657337
89313	9.833986522e-05
89314	0.0007806770223
89315	0.00111265617
89316	0.002541379865
89317	0.00141456217
89318	0.002091880704
89319	0.0006743606243
89320	0.002370079705
89321	0.003746004343
89322	0.001066614277
89323	0.004424730307
89324	0.001831382461
89325	0.001897396484
89326	0.003203304376
89327	0.004342949171
89328	0.003703834872
89329	0.0003014541335
89330	0.003637283724
89331	1.553011335e-05
89332	0.002282046499
89333	0.003071428272
89334	0.003542359778
89335	0.0001471125497
89336	0.002044182339
89337	0.001427712313
89338	0.002257603456
89339	0.002643357867
89340	0.001910331004
89341	0.002077984609
89342	0.0007888826391
89343	0.005521315357
89344	0.0006746069055
89345	0.001041993783
89346	0.0008970334833
89347	0.00135104186
89348	0.0009121008031
89349	0.001789367724
89350	0.001315280608
89351	0.002091064658
89352	0.0004056298813
89353	0.003230845131
89354	0.002264900561
89355	0.002186487834
89356	0.001167743828
89357	0.00158140183
89358	0.001411158491
89359	0.003668963301
89360	0.003447151259
89361	0.0003597477041
89362	0.004128722592
89363	0.003771710836
89364	0.00204251201
89365	0.001603799033
89366	0.001739560409
89367	0.002141889869
89368	0.0007136147805
89369	0.0006495718746
89370	0.001672521289
89371	0.003378457499
89372	0.002158750707
89373	0.003525197152
89374	0.001017618757
89375	0.0002514452163
89376	0.001866989851
89377	0.001833552894
89378	0.0002544425726
89379	0.00166809475
89380	0.004252238702
89381	0.0003906691712
89382	0.001057919723
89383	0.002211817453
89384	0.0003514873692
89385	0.0005322880589
89386	0.001410202068
89387	0.001193227865
89388	0.005141683461
89389	0.00305521126
89390	0.0009983669151
89391	0.001264832166
89392	0.002272328626
89393	0.003022176846
89394	0.0001618062152
89395	0.0009169778305
89396	0.001557258843
89397	0.002226836143
89398	0.002655016207
89399	0.001761654653
89400	0.002325598732
89401	0.003898215396
89402	0.003134308554
89403	0.0006038948816
89404	0.0009701891519
89405	0.002268060878
89406	0.002696746754
89407	0.0008193139965
89408	0.005545344116
89409	0.001823257226
89410	9.788776111e-06
89411	0.001280425125
89412	0.003709256073
89413	0.003025787509
89414	0.003024302366
89415	0.0006541511659
89416	0.0007336528874
89417	0.002088566502
89418	0.001937433335
89419	0.004382266737
89420	0.001273653648
89421	0.003443392151
89422	0.002001046002
89423	0.000446497748
89424	0.0008804428868
89425	0.00250595652
89426	0.001326763352
89427	0.0005052382145
89428	0.004051452035
89429	0.002792794483
89430	0.002442786297
89431	0.0006823330955
89432	0.001383627599
89433	0.002181363566
89434	0.002540415972
89435	0.003880734461
89436	0.003988209064
89437	0.002523436147
89438	0.0008042569852
89439	0.001372630597
89440	0.001618958238
89441	0.00193118919
89442	0.001976398121
89443	0.002902823164
89444	0.001960372807
89445	0.003209863898
89446	0.00326329444
89447	0.001375488178
89448	0.002570201314
89449	0.004381589502
89450	0.0006696056801
89451	0.000375504693
89452	0.001347564975
89453	0.002801921501
89454	0.001421432299
89455	0.004537966124
89456	0.0008043522104
89457	0.001888654973
89458	0.002036062545
89459	0.002251998579
89460	0.002014323191
89461	0.001859534274
89462	0.003334631674
89463	0.0007852343925
89464	0.002386732025
89465	0.002366162707
89466	0.001987289175
89467	0.0006727810013
89468	0.003291196353
89469	0.0009883717748
89470	0.002041095833
89471	0.002036975776
89472	0.003858400748
89473	4.184255982e-05
89474	0.00136205805
89475	0.001353334904
89476	0.001949081628
89477	0.002721570423
89478	0.003716642275
89479	0.005655488953
89480	0.001403257388
89481	0.0004393326276
89482	0.002096002442
89483	7.367864335e-05
89484	0.002891251541
89485	0.002946379303
89486	0.001606590741
89487	0.002525421164
89488	0.003345863832
89489	0.003083687416
89490	0.002596324028
89491	0.005639597909
89492	0.002316574415
89493	0.0004508077845
89494	0.0008689585747
89495	0.002054306816
89496	0.00131607558
89497	0.003260780684
89498	0.003682088649
89499	0.002454333371
89500	0.00199743062
89501	0.002232147546
89502	0.00191311757
89503	0.001622331007
89504	0.002923123913
89505	0.003341158025
89506	0.003907406664
89507	0.0009304870773
89508	0.001818012633
89509	0.0006520858915
89510	0.002440746489
89511	0.005729987337
89512	0.001814760864
89513	0.002874513335
89514	0.001386139031
89515	0.002361177789
89516	0.002220806477
89517	0.001540108059
89518	0.004486357043
89519	0.001315213234
89520	0.001882512438
89521	0.002658829591
89522	0.0001339227948
89523	0.00406505441
89524	0.001595152987
89525	0.001369592477
89526	0.004551294154
89527	0.00162046323
89528	0.002337503719
89529	0.001311780067
89530	0.001962574203
89531	0.002070612584
89532	0.001366072207
89533	0.002619308103
89534	0.001715893146
89535	0.0002136799971
89536	0.001716001853
89537	0.001803387804
89538	0.002354543672
89539	0.003055187003
89540	0.001779118584
89541	0.001394472151
89542	0.002206834151
89543	0.001860409035
89544	0.001086561233
89545	0.003572707655
89546	0.003344756005
89547	0.003081513761
89548	0.002115307726
89549	0.001343223657
89550	0.003137768127
89551	8.965883292e-05
89552	0.00204491389
89553	0.0002292813925
89554	0.002108865125
89555	0.001860030529
89556	0.002717593978
89557	0.0006338805268
89558	0.0008455558076
89559	0.003183587393
89560	0.00110615964
89561	0.002589070782
89562	0.002103155463
89563	0.00397310306
89564	0.00255617725
89565	0.002831283356
89566	0.003009131284
89567	0.003001772253
89568	0.001662358473
89569	0.00200541372
89570	0.005741604086
89571	0.001178892555
89572	0.0007623909876
89573	0.00160905418
89574	0.0004646218378
89575	0.001517831482
89576	0.001629906752
89577	0.002719680661
89578	0.0004785510168
89579	0.001584300046
89580	0.0007258473093
89581	0.001772171476
89582	0.001840585039
89583	0.001991252045
89584	0.001879889116
89585	0.006342423401
89586	0.0007684046303
89587	0.002560018417
89588	0.003625746262
89589	0.001133263539
89590	0.003515727825
89591	0.001558619754
89592	0.002093576464
89593	0.002886056055
89594	0.002112739309
89595	0.0009101984199
89596	0.00189207745
89597	0.002080668494
89598	0.0003584620428
89599	0.001560252997
89600	0.001829277331
89601	0.002749432353
89602	0.004025661695
89603	0.003321594194
89604	0.0003019128258
89605	0.002383542289
89606	0.001013897022
89607	0.003269547171
89608	0.002048719909
89609	0.002810239508
89610	0.002439373562
89611	0.002451703495
89612	0.002565132002
89613	0.001202761061
89614	0.00121433656
89615	0.001489528044
89616	0.001702757264
89617	0.002004009438
89618	0.004076458055
89619	0.001248470603
89620	0.001561232823
89621	0.004828392426
89622	0.0001997814841
89623	0.0005777859224
89624	0.0022781805
89625	0.001124846485
89626	0.001489267527
89627	0.002377731199
89628	0.00245246663
89629	0.001359231611
89630	0.005858931549
89631	0.001837953686
89632	0.004263063205
89633	0.002673728093
89634	0.004499477139
89635	0.002598768551
89636	0.001056173907
89637	0.000497362253
89638	3.515719286e-06
89639	0.001953731586
89640	0.00217849039
89641	0.001699969668
89642	0.001004968124
89643	0.002091512404
89644	0.0003113059622
89645	8.194000749e-05
89646	0.002746988278
89647	0.002248936489
89648	0.0006998492227
89649	0.003436802796
89650	0.001240568274
89651	0.002786950471
89652	0.001577477327
89653	0.002150365838
89654	0.002501191701
89655	0.001796059532
89656	0.00295578074
89657	0.001930373694
89658	0.00262732018
89659	0.001913688892
89660	0.0006757599972
89661	0.002095607931
89662	0.002240038641
89663	0.001692437689
89664	0.003263736145
89665	0.00351993527
89666	0.002170490999
89667	0.006444149814
89668	0.001690677121
89669	0.00157973851
89670	0.0006257914837
89671	5.995802602e-05
89672	0.002749743086
89673	0.003043617133
89674	0.0006832343247
89675	0.0001733758536
89676	0.0001718634164
89677	2.886279725e-05
89678	0.0005357482149
89679	0.000192061836
89680	8.70036101e-05
89681	0.0006331700843
89682	0.000368509931
89683	0.0001638693572
89684	0.00201979163
89685	0.0001723281938
89686	0.0008097509067
89687	0.0003525397293
89688	0.000159428968
89689	0.0004199715769
89690	0.0001143862588
89691	0.0001954577227
89692	0.0001381250025
89693	0.001987820156
89694	0.0009396131058
89695	0.002049344226
89696	0.002350646473
89697	0.001227598301
89698	0.001868048337
89699	0.001809884451
89700	0.001587481419
89701	0.001024308069
89702	0.003077798393
89703	0.0006159028702
89704	0.003396332209
89705	0.0003908690059
89706	0.001391789341
89707	0.002264820896
89708	0.001201816054
89709	0.001182977671
89710	0.0004622333977
89711	0.001426752244
89712	0.001207751453
89713	0.002268953775
89714	0.00108752122
89715	0.0008348476994
89716	0.0004806683833
89717	0.001607862914
89718	0.001089765222
89719	0.003195515551
89720	0.001124212868
89721	0.002163657954
89722	0.000822476533
89723	0.002092363794
89724	0.0002754518376
89725	0.003113872588
89726	0.0007842404742
89727	0.001490772443
89728	0.001252706924
89729	0.0009196730696
89730	0.0006573159981
89731	0.0005399609252
89732	0.002230503634
89733	0.0001277140584
89734	0.001922339301
89735	0.001340492409
89736	0.000403425832
89737	0.0006590646097
89738	0.0005460295832
89739	0.0008058955892
89740	0.0009851164671
89741	0.0008473325452
89742	0.0001887904114
89743	0.0007871086842
89744	0.000167154459
89745	0.001911855786
89746	0.0001606416029
89747	0.002504347616
89748	0.0004756297245
89749	0.001165301104
89750	0.001463542276
89751	0.002430365089
89752	0.001574788634
89753	0.003173166273
89754	0.0007597076634
89755	0.0007009472331
89756	0.002955513365
89757	0.0004166575303
89758	0.0002852793716
89759	0.00169315692
89760	0.000273099428
89761	0.004751108034
89762	0.0009494759977
89763	0.001769705433
89764	0.005194263932
89765	0.0007887086911
89766	0.001302652145
89767	0.003953488271
89768	0.003911279743
89769	0.0004692170893
89770	0.001130861385
89771	0.007016799392
89772	0.00263690498
89773	9.297432786e-05
89774	0.0009960880636
89775	0.005244264684
89776	0.0009748843877
89777	0.0008255338918
89778	0.00384406612
89779	0.001837908784
89780	0.0001659946403
89781	0.001420658564
89782	0.001663586528
89783	0.0008151190571
89784	0.003228374899
89785	0.0009199129187
89786	4.988482056e-05
89787	0.001078313145
89788	0.0002173174494
89789	0.001234145247
89790	0.0003188785656
89791	0.002194343493
89792	0.001445473782
89793	0.00170138363
89794	0.002363678281
89795	0.004588620707
89796	0.001237961664
89797	0.003721686126
89798	0.0007198245138
89799	0.0004136849191
89800	0.0003403439445
89801	0.001014919949
89802	0.004332551709
89803	0.007492694831
89804	0.00127000835
89805	0.002178305534
89806	0.002007158887
89807	0.001902558447
89808	0.002396450199
89809	0.00721209146
89810	6.278852123e-05
89811	0.007017135938
89812	0.004365530031
89813	0.001051311194
89814	0.0007867786829
89815	0.0008755931108
89816	0.00121723001
89817	0.00589630737
89818	0.002974771072
89819	0.002766427803
89820	0.002059859102
89821	0.002127515999
89822	0.002697883414
89823	0.001591286555
89824	0.001218038793
89825	0.001023745431
89826	0.00325376252
89827	0.0006379231277
89828	0.003704861638
89829	0.003524952294
89830	0.0001632545184
89831	0.004141621516
89832	0.001549784366
89833	0.002123201933
89834	0.0008923299293
89835	0.001474607326
89836	0.0005629211683
89837	0.0008430226026
89838	0.001060500539
89839	0.001242136705
89840	0.0005988487094
89841	0.0007125180098
89842	0.001084424167
89843	0.003848357073
89844	0.0007360346683
89845	0.002086185416
89846	0.0001736661025
89847	0.0004714173977
89848	0.001057247648
89849	0.001153963577
89850	0.001177139684
89851	0.0007996454394
89852	0.004786842167
89853	0.001034054537
89854	0.001694084396
89855	0.001764428485
89856	0.0016197313
89857	0.005041711627
89858	0.002007119891
89859	0.003348055569
89860	0.0006763263225
89861	0.001064860939
89862	2.228527168e-05
89863	0.0004724599314
89864	0.001456193857
89865	0.001411982281
89866	0.008170498397
89867	0.003099012773
89868	0.0005555814403
89869	0.001826451581
89870	0.003210676355
89871	0.001949250887
89872	0.000913013509
89873	0.004918741646
89874	0.002638010536
89875	0.001507076587
89876	0.002356121039
89877	0.004649360888
89878	0.001338315073
89879	0.005293899148
89880	0.003752929243
89881	0.000322842482
89882	0.002314969379
89883	0.000149388754
89884	0.004848873288
89885	0.0003433438252
89886	0.003909119408
89887	0.001134108522
89888	0.0006849599183
89889	0.001467708393
89890	0.007249700884
89891	0.000402876598
89892	0.001470174903
89893	0.001596661036
89894	0.00131699748
89895	0.0002420709844
89896	0.0006514485691
89897	0.0006102075075
89898	0.006920353629
89899	0.002687419567
89900	0.00549527089
89901	0.002478342056
89902	0.005136634731
89903	0.0007341107567
89904	0.0003419198176
89905	0.003371553806
89906	5.293506559e-06
89907	0.003502508608
89908	0.003846815499
89909	1.720585007e-05
89910	0.00446653872
89911	0.00173480392
89912	0.001533364471
89913	0.001141940619
89914	0.0009421143155
89915	0.0002495336049
89916	0.0005851353117
89917	0.0003467526272
89918	7.538858156e-05
89919	6.60161945e-05
89920	0.0002462411019
89921	0.0001786604445
89922	7.976764346e-06
89923	0.0003538624174
89924	0.0009820647977
89925	0.00445785577
89926	0.001204238197
89927	0.001742172292
89928	0.0004211278629
89929	0.00896341635
89930	0.004905306393
89931	0.004635319701
89932	0.00100445013
89933	0.003460762783
89934	0.0001800297964
89935	0.0003364294979
89936	0.001606898604
89937	0.001110843469
89938	0.006757926363
89939	0.008000873134
89940	0.003948146393
89941	0.00396773229
89942	0.0004645430408
89943	0.001510416286
89944	0.003957528413
89945	0.003711002316
89946	0.002122586655
89947	0.002187749704
89948	0.0004664236579
89949	0.001237027538
89950	0.009345527673
89951	0.002146793934
89952	0.003713922232
89953	0.001774195546
89954	0.0005449242748
89955	0.00248980513
89956	0.001584467045
89957	0.003794373932
89958	0.0001764830383
89959	0.002733338388
89960	0.001597736703
89961	0.0008558919889
89962	0.0001305680014
89963	0.001058292915
89964	0.0003744114222
89965	0.000598904129
89966	0.003563058626
89967	0.0008912901425
89968	0.0001309041808
89969	0.0009527618896
89970	0.001359975134
89971	0.001434657902
89972	0.0006264067442
89973	0.000264245859
89974	0.0007851342684
89975	0.00025990712
89976	0.005180040736
89977	0.0007993641866
89978	0.0003746644456
89979	0.0006921022907
89980	0.0008847011479
89981	0.001014885897
89982	0.003773733255
89983	0.002920848585
89984	0.001971386286
89985	0.003447287945
89986	0.0005551585254
89987	0.000522900108
89988	0.0002588469222
89989	0.003389162961
89990	0.003153786789
89991	0.0003659438286
89992	0.000172181451
89993	0.0008194655448
89994	0.0001784223857
89995	0.0001055590969
89996	0.0005990364932
89997	0.000249308723
89998	2.610838397e-05
89999	0.0006797152342
90000	0.0003598444827
90001	0.0003579665798
90002	0.0004812340084
90003	0.001832692956
90004	0.002252386099
90005	0.001424907934
90006	0.003062122105
90007	0.0007469604132
90008	4.600131152e-05
90009	0.002527242914
90010	0.001754061564
90011	0.005221493525
90012	0.005807768123
90013	0.003198213433
90014	0.0009135291271
90015	0.001677204401
90016	0.007195356324
90017	0.002100260348
90018	0.003100526245
90019	1.158064694e-05
90020	0.0003377696444
90021	0.005879600525
90022	0.004647803896
90023	0.004285869217
90024	0.005144035674
90025	0.001493428376
90026	0.00572758719
90027	0.00207013401
90028	0.00238531394
90029	0.004143529477
90030	0.00527676246
90031	0.006828707519
90032	0.0003905249471
90033	0.0001744633632
90034	0.0002017405193
90035	0.0001205501111
90036	0.001299293472
90037	0.001505663646
90038	0.000515400359
90039	0.001031740769
90040	0.0001620418955
90041	0.002621938144
90042	0.007001838729
90043	0.001388307977
90044	0.003149882861
90045	0.002548117165
90046	0.0004723247228
90047	0.003699498506
90048	0.0001724929056
90049	0.0004172491813
90050	0.005247385787
90051	0.005110168382
90052	4.817169687e-05
90053	0.002971227823
90054	0.0005775678956
90055	0.0008699254661
90056	0.0005250723098
90057	0.001044079573
90058	0.0005608045777
90059	0.001169366086
90060	0.001838546781
90061	6.985515767e-05
90062	7.279880392e-05
90063	7.67539434e-05
90064	0.003366940516
90065	0.001940917826
90066	0.003395903528
90067	0.0006516538788
90068	0.0001959993763
90069	0.002886272424
90070	0.002869327896
90071	0.001334153492
90072	0.0001250606047
90073	0.005222646768
90074	0.001076921211
90075	0.0004428622219
90076	0.002477626515
90077	0.0008603481775
90078	0.0004641454867
90079	0.001340997038
90080	0.000508791093
90081	0.0004268033083
90082	0.002110683593
90083	0.002772398057
90084	0.0003416449571
90085	0.0001116628277
90086	0.001469230209
90087	0.002407592108
90088	0.0007313902004
90089	0.0002749744562
90090	0.000417972124
90091	0.003621938822
90092	5.226223575e-05
90093	0.003230241106
90094	0.005462011773
90095	0.00340047449
90096	0.00781546871
90097	0.0009309582008
90098	0.007124533302
90099	6.45586381e-05
90100	0.0003418827245
90101	0.002169560717
90102	0.0003947551576
90103	0.001024210866
90104	0.003276745715
90105	0.0008016563092
90106	0.002998838908
90107	0.0004548329527
90108	0.0002674740358
90109	0.001438563387
90110	0.003336059775
90111	0.001367163613
90112	0.0007893691399
90113	0.001044946251
90114	0.0001329498176
90115	0.0001387695098
90116	0.001841429029
90117	0.00218230853
90118	0.001482664816
90119	0.0002246126133
90120	0.001501835933
90121	0.001012137817
90122	0.0004920730862
90123	0.001957148779
90124	0.003816678416
90125	0.0007703423294
90126	0.0009247616462
90127	0.004227622493
90128	0.002548609619
90129	0.002377346717
90130	0.002358017814
90131	0.0009467342479
90132	0.0009733031617
90133	0.00221790916
90134	0.001275259786
90135	0.001469457925
90136	0.001087891274
90137	0.003157504362
90138	0.001186611946
90139	0.002549056415
90140	0.0006857115942
90141	0.0001031599579
90142	0.0003821147489
90143	0.004503941625
90144	0.0002585871426
90145	0.0004527134777
90146	0.001765358241
90147	0.003267136673
90148	7.584512281e-05
90149	0.00436620826
90150	3.995982729e-05
90151	0.00288431878
90152	0.0006348052623
90153	0.0004352331177
90154	0.002086348743
90155	0.003856412743
90156	0.0002353912983
90157	0.004921109161
90158	0.006257198336
90159	0.003355200476
90160	0.001657679871
90161	0.002652093856
90162	0.002290683291
90163	0.0005560752573
90164	0.005200320717
90165	0.002324472785
90166	0.001350228459
90167	0.007453278525
90168	0.003347668884
90169	0.0003284493081
90170	0.002891402532
90171	0.006746179371
90172	0.003739328992
90173	0.006604282111
90174	0.002451194586
90175	0.0002459108785
90176	8.227366503e-05
90177	0.0009812604666
90178	0.0001564687658
90179	0.002257816156
90180	0.003778293311
90181	0.0005150424701
90182	0.0003578206079
90183	0.0009525236111
90184	0.004637725499
90185	0.00353114001
90186	0.003443723841
90187	0.0004989279211
90188	0.001769692774
90189	0.004528449521
90190	0.000213947941
90191	0.00276720151
90192	0.001723938071
90193	0.001089746696
90194	0.003362413168
90195	0.0004741570097
90196	0.002630448058
90197	0.00108038036
90198	0.0002536257679
90199	0.0009531013643
90200	0.004221552296
90201	4.417164868e-05
90202	0.00449082159
90203	0.003426342387
90204	0.0009209152984
90205	0.002416810648
90206	0.001438689029
90207	0.0006679142023
90208	0.00111824065
90209	0.001144935883
90210	0.001590724067
90211	0.001718512667
90212	0.003146975175
90213	0.001982220841
90214	0.0006885457486
90215	0.004805924309
90216	0.002935516832
90217	0.0001374716619
90218	0.00147492789
90219	0.002243401368
90220	0.00486890433
90221	0.003355705038
90222	0.005838735422
90223	0.002343263652
90224	0.0003480473696
90225	0.004539740625
90226	0.0004008895299
90227	0.00391230149
90228	0.004210144132
90229	0.0002699494748
90230	0.0008495705132
90231	0.002995153324
90232	0.002805802848
90233	0.0057896019
90234	0.001792444382
90235	0.0005407286414
90236	0.002682437989
90237	0.001609253037
90238	0.0008840590872
90239	0.00462771549
90240	0.0002549129819
90241	0.0006364593716
90242	0.001192900293
90243	0.005146316024
90244	0.003708732398
90245	0.001553027694
90246	0.00118226754
90247	0.0006275293703
90248	0.001434091621
90249	0.001762429656
90250	0.001959993347
90251	0.001550505363
90252	0.0005197439187
90253	0.002134567316
90254	0.003366136496
90255	0.00284204715
90256	0.0005964153569
90257	0.001207827691
90258	0.001577363947
90259	0.001821307532
90260	0.005560496273
90261	0.004304650376
90262	0.0005077983721
90263	0.0004282779107
90264	0.003279264934
90265	0.0002055146794
90266	0.0002206185649
90267	0.001381427954
90268	0.002753887785
90269	0.001382166754
90270	0.002006020019
90271	0.002034573161
90272	2.760734848e-06
90273	0.0009727742206
90274	4.557083742e-05
90275	0.001706261291
90276	0.00111967176
90277	0.003489050283
90278	8.314180543e-05
90279	0.0004793761778
90280	3.082571658e-05
90281	0.0005546171561
90282	0.0003040071623
90283	0.003158849339
90284	0.001530106021
90285	0.002077735047
90286	0.0003199310005
90287	9.478946913e-05
90288	0.004396185045
90289	0.001726208074
90290	0.002366308572
90291	0.001526007586
90292	0.001195726079
90293	0.002307425983
90294	0.0005119354932
90295	0.0008582906633
90296	0.0009755190043
90297	0.0001607470486
90298	6.140092347e-09
90299	0.001003743502
90300	0.001040173575
90301	0.0003357247944
90302	0.002864688754
90303	0.001070397103
90304	0.002570028595
90305	0.005995210212
90306	0.003546458619
90307	0.0004764141958
90308	0.0002777623378
90309	0.002149180048
90310	0.002861552218
90311	0.006323458984
90312	0.002070323442
90313	0.002393037895
90314	0.001131832034
90315	0.002784179768
90316	0.001226377117
90317	0.001714377206
90318	0.001057941241
90319	0.00165000525
90320	0.003984391283
90321	0.001180760696
90322	0.002927355596
90323	0.002871145851
90324	0.0003193167726
90325	0.0009813827528
90326	0.0007842229493
90327	0.001343935495
90328	0.0006767670379
90329	0.0001812289456
90330	0.003932566414
90331	0.005322866669
90332	0.007538298782
90333	0.0002162833496
90334	5.490286517e-05
90335	0.00250914607
90336	0.001301628057
90337	3.29858322e-05
90338	0.0004847058097
90339	0.003122832767
90340	0.008260861379
90341	0.0005568430276
90342	0.002830218225
90343	0.002674082816
90344	0.002517904211
90345	0.0009807498934
90346	0.001907326112
90347	0.004371903016
90348	0.00149071812
90349	0.002625238304
90350	0.00114014638
90351	0.002979880111
90352	0.004466231789
90353	9.201013245e-05
90354	0.0004946455513
90355	0.004914482083
90356	0.0005245147719
90357	0.001284945307
90358	0.00147992768
90359	0.0004021622149
90360	0.002326180679
90361	0.001678141246
90362	0.00414006355
90363	0.004044703639
90364	0.001325196434
90365	0.003718251897
90366	0.00101593393
90367	0.003963930779
90368	0.008586862076
90369	0.001237640256
90370	0.0006672237529
90371	0.004271515466
90372	0.002065569221
90373	0.0006635136404
90374	0.001774311627
90375	0.002474606638
90376	0.002895266129
90377	0.0005842065356
90378	0.004053957503
90379	0.0008540239272
90380	0.001211595086
90381	0.0004595073826
90382	0.0006218334116
90383	0.007745072429
90384	0.001153358761
90385	0.000559910088
90386	0.005073757728
90387	0.001306423973
90388	0.004883217332
90389	0.00423117312
90390	0.001634289855
90391	0.001244503011
90392	0.004202038979
90393	0.0009270196092
90394	0.002671372501
90395	0.0006394852231
90396	0.001107789179
90397	6.080331759e-05
90398	0.0003482788337
90399	0.0003989438916
90400	3.702204561e-05
90401	0.002571489466
90402	0.004616982449
90403	0.001264128879
90404	0.001666855171
90405	0.001229763563
90406	0.0003797910648
90407	0.001704999153
90408	0.002517571735
90409	0.0002155747604
90410	0.003012276141
90411	0.0003264854413
90412	0.003962232309
90413	0.004608194425
90414	0.0001079878268
90415	0.001807658638
90416	0.000864209057
90417	0.001725684049
90418	0.0002179687266
90419	0.001790739464
90420	0.0001448041251
90421	0.0005713899548
90422	8.003710202e-05
90423	0.0003499931861
90424	0.001514381498
90425	0.0008414012628
90426	0.001306606989
90427	0.0009243039779
90428	0.002972700481
90429	0.002369695502
90430	0.002881118767
90431	0.004850585645
90432	0.0001888626843
90433	0.0003320581608
90434	0.002457364497
90435	0.001116581521
90436	0.00295564043
90437	0.0003726888581
90438	0.001596565833
90439	0.003428610185
90440	0.0003508350027
90441	0.007123809039
90442	0.0003290684975
90443	0.0008946615769
90444	0.005608319157
90445	0.001645214848
90446	0.001411833764
90447	0.002911458385
90448	0.0009967019344
90449	0.005305521613
90450	0.0001702912113
90451	0.004684740137
90452	0.009570273244
90453	0.002656637183
90454	0.002360346104
90455	0.00114095171
90456	0.0003128582301
90457	0.0001028203095
90458	0.003464383472
90459	6.721081616e-05
90460	0.004411719019
90461	0.001447101348
90462	8.705960953e-05
90463	0.000527084577
90464	7.85876697e-05
90465	0.0004421497311
90466	0.0009517834995
90467	0.001169572711
90468	0.0004321471438
90469	0.0006056621227
90470	0.001063656282
90471	0.0002083600413
90472	0.00036349997
90473	0.0001470012149
90474	0.001351634783
90475	0.006436458504
90476	0.003655156849
90477	0.0003852913717
90478	0.004066511112
90479	0.001694527332
90480	0.002725596207
90481	0.002333863738
90482	0.005325732627
90483	0.003479025273
90484	0.007002883471
90485	0.00156213197
90486	0.002803624157
90487	0.003078134307
90488	0.0004529048103
90489	0.002513666723
90490	0.001513386854
90491	8.644196739e-05
90492	0.001159556781
90493	0.003017365804
90494	0.001536529869
90495	0.003425969263
90496	0.0003878833819
90497	0.00308821777
90498	0.0009935072771
90499	0.00016731023
90500	0.0008267927763
90501	0.0007139531651
90502	0.003811157137
90503	0.001446616364
90504	2.180532325e-05
90505	0.0008250270071
90506	0.005342297549
90507	0.006546236115
90508	0.002421019484
90509	0.0009824383997
90510	0.0008350712276
90511	0.0007522093806
90512	0.0009147961078
90513	0.003153120501
90514	0.00124206492
90515	0.003198847247
90516	0.001984995958
90517	0.001193875334
90518	0.002784147809
90519	0.002354020276
90520	0.0001398241165
90521	0.004520527505
90522	0.005931762444
90523	0.002223113016
90524	0.0008879093335
90525	0.0008798219682
90526	0.00042907976
90527	0.003798754638
90528	0.001018338479
90529	0.008217730383
90530	0.0002748472588
90531	0.003222354495
90532	0.00244063404
90533	0.005392098105
90534	0.002807618938
90535	0.001002606806
90536	0.001360592452
90537	0.0034967466
90538	0.001579648439
90539	0.0006118840642
90540	0.0004608039467
90541	0.0003735382785
90542	0.0008626099156
90543	0.0004737883733
90544	0.0001283713929
90545	0.0004283437009
90546	0.001946210802
90547	0.001772255699
90548	0.001178952368
90549	0.0001670869563
90550	0.001146538931
90551	0.0003645960937
90552	0.001823380198
90553	9.161672964e-05
90554	0.004081135504
90555	0.002060224831
90556	0.0001394348175
90557	0.0009482956462
90558	0.000113419828
90559	0.002223996952
90560	0.0006379164984
90561	0.001391917169
90562	0.001721152924
90563	0.00829142436
90564	0.0004451875843
90565	0.000247927722
90566	0.0007615212
90567	1.436730452e-05
90568	0.00212587059
90569	4.929976186e-06
90570	0.0001503328431
90571	0.002223385293
90572	0.0004376989532
90573	0.0004264924549
90574	0.0001560683415
90575	0.0006915183937
90576	0.000855682408
90577	0.003799112633
90578	0.003635144561
90579	0.001613040786
90580	0.003286141793
90581	0.004578043267
90582	0.00197572289
90583	0.0004344289528
90584	0.009417681465
90585	0.0006399900973
90586	0.0002116025393
90587	0.0005657065782
90588	0.0008347454213
90589	0.001625616366
90590	0.001938077648
90591	0.002320502396
90592	0.0006366725957
90593	0.001643805334
90594	0.002458403327
90595	0.002192779364
90596	0.000404495258
90597	0.001910905882
90598	0.004187601938
90599	0.002105805809
90600	0.002754877245
90601	0.002432603072
90602	0.001521971665
90603	0.002910755595
90604	0.001166755345
90605	0.000699780243
90606	0.0009407902484
90607	0.003436504714
90608	0.002629291141
90609	0.0006555330554
90610	0.001587782303
90611	0.002919429199
90612	0.001712606863
90613	0.003310603066
90614	0.001019832248
90615	0.001744065768
90616	0.004241928262
90617	0.000147478774
90618	0.00133555282
90619	0.0006185689243
90620	0.0005954568366
90621	0.003377315171
90622	0.0004622508468
90623	0.001882122564
90624	0.0003682165503
90625	0.003546890747
90626	0.0009831740625
90627	0.007220957417
90628	0.00132426277
90629	0.001123580513
90630	0.000194521878
90631	0.0001907049221
90632	0.001817413372
90633	0.002105480433
90634	2.757841704e-05
90635	0.001209214827
90636	0.002393638726
90637	3.547644199e-05
90638	0.001104820935
90639	0.001000266444
90640	0.0005598195155
90641	0.0007125030127
90642	0.001934332277
90643	0.0009115058483
90644	0.000278331589
90645	0.004117336626
90646	0.005041055989
90647	0.00212593031
90648	0.001278492546
90649	0.001363275784
90650	0.0005193848516
90651	0.0008985749067
90652	0.0008236955672
90653	0.0009255442859
90654	0.001816262404
90655	0.003470047973
90656	0.002505366368
90657	0.001575358532
90658	0.001038718836
90659	0.002194923114
90660	0.0003274667236
90661	0.0009412400201
90662	0.003189065433
90663	0.00157788966
90664	0.006590299397
90665	0.002987306378
90666	0.002925851128
90667	0.0006986040745
90668	0.001524531897
90669	0.002026386166
90670	0.0009303885288
90671	0.0003812139314
90672	0.00114608466
90673	0.001674414482
90674	0.001422689849
90675	0.001012574124
90676	0.0005143349398
90677	0.002068103817
90678	0.001974834725
90679	0.001031666401
90680	0.007145194263
90681	0.001315886201
90682	0.001986802042
90683	0.0002811952297
90684	0.002603912439
90685	0.006614346706
90686	0.0006237161978
90687	0.001477924945
90688	0.0005139653258
90689	0.002692291493
90690	6.294206487e-05
90691	9.061586792e-05
90692	0.003146640375
90693	0.0007118948688
90694	0.0007739987181
90695	0.005598667867
90696	0.002020650769
90697	0.003897376425
90698	0.001960129734
90699	0.002263746702
90700	0.004309252457
90701	0.002760857289
90702	0.0009628886507
90703	0.003054463583
90704	0.002397913345
90705	0.001023171671
90706	0.002127165283
90707	0.002496178483
90708	0.001637235869
90709	0.001244387095
90710	0.001683118911
90711	5.488412354e-05
90712	0.001846357576
90713	0.004496961994
90714	0.003137521637
90715	0.001693241637
90716	0.0007198598489
90717	0.003100474682
90718	0.002756537712
90719	0.0009003512093
90720	0.0006652742303
90721	0.0004016575496
90722	0.0003847751943
90723	0.0001900366774
90724	0.002583422435
90725	0.002840051727
90726	0.001469089319
90727	0.004580023348
90728	0.002002620128
90729	0.0001081755666
90730	0.0008295486532
90731	0.001324777268
90732	0.006983554686
90733	0.0006178295356
90734	0.001201382846
90735	0.001641442419
90736	0.001592643188
90737	0.002865180384
90738	0.0002461617953
90739	0.004937379979
90740	0.0004680536532
90741	0.005362701689
90742	0.001040873382
90743	0.002727951433
90744	0.001456966638
90745	0.001022333795
90746	0.001766475972
90747	0.0003404500844
90748	0.0005997721751
90749	3.604471081e-05
90750	0.000712402027
90751	0.005302008341
90752	0.003077661969
90753	0.003692813419
90754	0.001235711294
90755	0.003887527164
90756	0.001064992854
90757	0.0003950102061
90758	0.003373068194
90759	0.0004358566129
90760	0.0001484920261
90761	5.799638344e-05
90762	6.634670741e-05
90763	0.001328871576
90764	0.001260045117
90765	0.006023669284
90766	0.002272653953
90767	0.0007979476747
90768	0.000229102136
90769	0.0004781054839
90770	0.0001583619834
90771	5.80316718e-05
90772	0.002634576707
90773	0.0005378356635
90774	3.480186928e-05
90775	0.001623807878
90776	0.0006169497721
90777	0.003390354238
90778	0.002135630225
90779	0.00332678351
90780	0.000540196295
90781	0.003212019989
90782	0.003504678539
90783	0.0018864321
90784	0.002781479044
90785	0.002453941611
90786	0.003719487457
90787	0.0001006794723
90788	0.001651041929
90789	0.0005087551523
90790	0.0002280621038
90791	0.003586309725
90792	0.003387221633
90793	0.000112440002
90794	0.0001330727482
90795	0.002020958169
90796	0.001236551436
90797	0.003511700678
90798	0.005695803972
90799	0.0009858771991
90800	0.003404530314
90801	0.0006623946135
90802	0.00337493086
90803	0.001477727494
90804	0.000177304839
90805	0.001390362319
90806	0.003544891003
90807	0.003886904928
90808	0.003144287204
90809	0.0005598520234
90810	0.0002930904344
90811	0.0001302787397
90812	6.942514141e-05
90813	9.419330673e-05
90814	2.142821347e-05
90815	0.0001880803291
90816	0.003852707303
90817	0.005209507503
90818	0.002663737774
90819	0.002028890245
90820	0
90821	0.001665002887
90822	0.0006635713713
90823	0.0002470932868
90824	0.002755827649
90825	0.0002050938947
90826	0.0009814079618
90827	0.0001164069229
90828	0.000359845147
90829	0.0007976913919
90830	0.0004708119254
90831	0.0003261681847
90832	0.001031917206
90833	0.0007177909266
90834	0.002209010589
90835	0.001019567535
90836	5.691027723e-05
90837	0.0003023171748
90838	0.002052329505
90839	8.054305853e-06
90840	0.001059539733
90841	4.166592569e-05
90842	0.003651876515
90843	0.001029168754
90844	0.002275748836
90845	0.002611993242
90846	0.0007227240188
90847	0.0006134714068
90848	0.00528469662
90849	0.0004785891905
90850	0.0006260545469
90851	0.003849211703
90852	0.0008779197674
90853	0.001221706236
90854	0.004211981342
90855	0.0006033764634
90856	0.002155865641
90857	0.002291261417
90858	0.001342759665
90859	0.005692906607
90860	0.002552642439
90861	0.0004256965873
90862	0.002168504809
90863	0.001296684746
90864	0.0034414452
90865	0.003466844468
90866	0.005714810938
90867	0.0005614011017
90868	0.003030030837
90869	0.0005396010811
90870	0.0003424683718
90871	0.001075768642
90872	0.003728556682
90873	0.0006865290944
90874	0.002090540581
90875	6.700011719e-05
90876	0.002381981774
90877	0.001253347546
90878	0.002504902317
90879	0.001309029701
90880	0.0007469817972
90881	0.001638055681
90882	0.001280188936
90883	4.836864924e-05
90884	0.0004239605493
90885	0.002665745067
90886	0.0001924849744
90887	0.0006152660177
90888	0.0001333424431
90889	1.660705093e-05
90890	0.002351741485
90891	1.498473501e-05
90892	0.002651115447
90893	0.0055386308
90894	0.0001848883035
90895	3.169809924e-05
90896	0.0003859323018
90897	0.000737960338
90898	0.002486257177
90899	0.001571308697
90900	0.0005455890736
90901	0.002065130587
90902	0.002104532151
90903	0.007164648758
90904	0.004154195043
90905	0.0003873169965
90906	0.001068618995
90907	3.663858764e-06
90908	0.0008314228731
90909	0.000344135782
90910	0.003274034022
90911	0.004682858964
90912	0.001156875646
90913	0.0001769269384
90914	0.002213529017
90915	0.003607050366
90916	0.002397042783
90917	0.0005963274812
90918	0.001168987899
90919	0.0009643031167
90920	8.186832764e-05
90921	0.0003928147585
90922	0.002352236815
90923	0.00404374603
90924	0.0007327482659
90925	0.001957627395
90926	0.002025279295
90927	0.002474770807
90928	0.0005769823574
90929	0.004047254437
90930	0.0007349585228
90931	0.002148165945
90932	0.001276148133
90933	8.487689972e-05
90934	0.001141797033
90935	4.934115235e-08
90936	0.000236456888
90937	0.000696514843
90938	0.0005538806707
90939	0.001986828834
90940	0.001133311887
90941	0.004100102992
90942	0.0001265510029
90943	0.00211236411
90944	0.002104525163
90945	9.60149053e-05
90946	0.0002255156923
90947	0.002812332042
90948	0.000127464367
90949	0.001106221326
90950	0.004422402743
90951	0.0009792988241
90952	0.001038569743
90953	0.0001296843111
90954	0.004553730731
90955	0.005236701563
90956	0.0001392084828
90957	0.00242143366
90958	0.0005865433383
90959	0.001990729095
90960	0.001267153404
90961	0.0003827220708
90962	0.000853706197
90963	0.001285061714
90964	0.002590193318
90965	0.003613771509
90966	0.0006790368992
90967	0.001077530554
90968	0.002672181084
90969	0.0001107247339
90970	0.002837579554
90971	0.001367930619
90972	0.0007872084359
90973	0.002853039261
90974	0.0001491811369
90975	0.0006409002241
90976	0.0006787725542
90977	0.0005018330235
90978	8.402572838e-05
90979	0.0001012783031
90980	0.001312251163
90981	0.005644367434
90982	0.001419790787
90983	0.0001909627562
90984	0.0006294646774
90985	0.0003346229339
90986	0.001931622304
90987	0.001160107321
90988	0.001021907968
90989	0.001134832744
90990	0.0002648162391
90991	0.003738757244
90992	0.008118799906
90993	3.894008289e-05
90994	0.0006626023562
90995	5.575934242e-05
90996	0.001177112128
90997	0.004850030524
90998	0.0006391192417
90999	0.001438700155
91000	0.0006892986374
91001	0.002540000277
91002	0.002499289809
91003	0.001223854408
91004	0.0004356886218
91005	0.0005278645159
91006	0.0001098393116
91007	0.001550765842
91008	0.0004373664644
91009	0.0006017307333
91010	0.001367772794
91011	0.003445833928
91012	4.726588569e-05
91013	0.001659729044
91014	0.004646391368
91015	0.001924927661
91016	0.001355119077
91017	0.0002413408701
91018	0.0004557110823
91019	0.004113598568
91020	0.0002736744096
91021	0.0004877942936
91022	0.001091951172
91023	0.00168494205
91024	0.0001537628457
91025	0.001081430928
91026	0.001588277201
91027	2.299526413e-05
91028	0.0006731587991
91029	0.001550665076
91030	0.0005357088811
91031	0.003922027873
91032	0.0004369648027
91033	0.002037259976
91034	0.00213819966
91035	0.0003745816323
91036	0.0004237792622
91037	0.00244153686
91038	0.002133371669
91039	0.001757028904
91040	0.002144967451
91041	0.0002436497249
91042	0.0002942301985
91043	0.003396979658
91044	0.00374631503
91045	0.001074362805
91046	0.001681959074
91047	0.001093269886
91048	9.948686265e-05
91049	0.00125162003
91050	0.0001490846167
91051	0.003006819395
91052	0.001046616835
91053	0.0007209797472
91054	0.0008392906115
91055	0.0007890574958
91056	0.0006356762718
91057	0.001415750754
91058	0.002425221447
91059	0.001550655423
91060	0.003181814773
91061	0.002013077868
91062	0.003402825983
91063	0.002308619125
91064	0.00608505501
91065	0.003415421917
91066	0.00517362054
91067	0.0001161941617
91068	0.004118580111
91069	0.001407297746
91070	0.0002173436847
91071	0.0003110310656
91072	0.0001112074055
91073	0.0004582639607
91074	0.003454581561
91075	0.001291736805
91076	0.005450647137
91077	0.001834506964
91078	0.007838159798
91079	0.002082512432
91080	0.001521889225
91081	0.002215824066
91082	0.0007855167474
91083	0.005086185531
91084	0.0001379556983
91085	0.001022114382
91086	0.0003996448535
91087	0.001390800269
91088	0.0001773984788
91089	0.0005330562083
91090	0.0003192489256
91091	0.0001233252595
91092	0.000799868461
91093	0.001355097771
91094	0.0004425468458
91095	0.0001905077253
91096	5.078576689e-06
91097	0.0004479859547
91098	0.005863061799
91099	0.00104340864
91100	0.001191902025
91101	0.005727283005
91102	0.001332009598
91103	0.001661168705
91104	0.002194750618
91105	0.002264401501
91106	8.631843221e-05
91107	0.00200820437
91108	0.0001497935993
91109	0.002694782128
91110	0.007241261614
91111	0.004440699162
91112	0.0034745327
91113	0.003974446601
91114	0.0005581841029
91115	0.004519712781
91116	0.002287693076
91117	0.0005722186365
91118	0.0003419377122
91119	0.004237509698
91120	0.003758226061
91121	0.005206247928
91122	0.0003948548808
91123	0.0006786982653
91124	0.001866336363
91125	0.0006776114596
91126	0.0007099290624
91127	0.0008934305159
91128	0.002151410019
91129	0.003185663703
91130	3.28426401e-05
91131	0.002062956273
91132	0.002872756543
91133	0.004155397724
91134	0.003702903414
91135	0.0001357293739
91136	0.001127618127
91137	0.001359652954
91138	0.001422529163
91139	0.002433980765
91140	0.002299094753
91141	0.0003202006334
91142	0.002049456816
91143	0.0004037351882
91144	9.303324222e-05
91145	0.0009133740631
91146	0.001053311179
91147	3.035969083e-05
91148	0.0001714660017
91149	0.001213267104
91150	0.001042097553
91151	0.0002969441736
91152	0.0009216282524
91153	0.000687008742
91154	0.001182924355
91155	0.0007649602685
91156	0.001883435074
91157	0.001064812074
91158	0.0002558633939
91159	0.001318491801
91160	0.001903902315
91161	0.0008417069456
91162	0.001197177375
91163	0.0006932429542
91164	0.0002565473419
91165	0.0009036133011
91166	0.0007637441586
91167	0.0008192265758
91168	0.001356050325
91169	0.001877425511
91170	0.001888946993
91171	0.0004067567678
91172	0.0009215256689
91173	0.001871361325
91174	0.0006415229067
91175	0.001317138181
91176	0.0006385964193
91177	0.0002448686358
91178	1.136791107e-05
91179	0.0001521525684
91180	0.002022502529
91181	0.0006753361399
91182	0.001357405568
91183	3.960590172e-07
91184	0.0004983596027
91185	0.000499483364
91186	0.0003682718838
91187	0.0008250875248
91188	0.001634714095
91189	0.001453558425
91190	0.001060954334
91191	0.001452618899
91192	0.0003848308342
91193	0.001898361799
91194	0.001462411903
91195	0.001106957916
91196	0.0005416859161
91197	0.00119080258
91198	0.001092843581
91199	0.0009576357221
91200	0.0002687956579
91201	0.001195463334
91202	0.001194374525
91203	0.001177278391
91204	0.0008178340549
91205	0.001882495985
91206	6.294193536e-07
91207	0.0002675703773
91208	0.001096717399
91209	0.001050952507
91210	0.0002706855406
91211	3.257615311e-06
91212	0.0003680104996
91213	0.0002782149878
91214	0.001451162027
91215	0.001894718382
91216	0.001094238466
91217	0.001329256399
91218	0.00103582493
91219	0.00119105248
91220	0.000648587662
91221	0.00104627517
91222	0.0002915622226
91223	0.0001664713056
91224	2.408477501e-05
91225	0.001062565504
91226	0.001096839446
91227	0.0006409118628
91228	0.001453586052
91229	0.000381837418
91230	0.001340353779
91231	3.227668021e-13
91232	0.001181138503
91233	0.000911939135
91234	0.0001308340592
91235	0.002170584507
91236	0.001195944317
91237	0.0003925430445
91238	0.001453929992
91239	0.0005026175303
91240	0.003988009183
91241	0.003051552956
91242	0.00144700763
91243	0.0006109923556
91244	0.001431544036
91245	0.0008761029767
91246	0.0007014814152
91247	0.002250115423
91248	0.0009991818139
91249	0.003249602244
91250	0.0004577522284
91251	0.00023856275
91252	0.003405959768
91253	0.001267064519
91254	0.0005324810865
91255	0.003311741978
91256	4.478845733e-05
91257	0.0004689375907
91258	0.002099861288
91259	0.0004732804214
91260	0.0001117092609
91261	0.001575918414
91262	0.0003878591123
91263	0.0005224574823
91264	3.592437976e-05
91265	0.002101113449
91266	0.000300749459
91267	0.0001945588114
91268	0.0003987350113
91269	0.001262562026
91270	2.603207734e-05
91271	5.762458787e-05
91272	0.0003139974434
91273	0.0008703746822
91274	0.0002842979773
91275	0.000136399069
91276	0.001036605822
91277	0.0004998663095
91278	0.0001765779644
91279	0.001211798797
91280	0.0001145149449
91281	0.001542020256
91282	0.001739920504
91283	0.001217748317
91284	0.0009444776093
91285	0.0003706786408
91286	0.0002248442877
91287	0.004167063983
91288	0.0007563357555
91289	0.0009078327656
91290	0.0001636473511
91291	0.001185147342
91292	0.0007074151179
91293	0.001105382374
91294	0.0008000780409
91295	0.0006181867605
91296	0.0005736932371
91297	0.0001997261139
91298	0.0002850438075
91299	0.001206131264
91300	0.0002112351458
91301	0.001583770422
91302	0.0003901728136
91303	0.0004460293382
91304	0.005695721299
91305	0.0001193406273
91306	0.001670773622
91307	0.00261488343
91308	0.0006069828378
91309	0.003100737552
91310	0.0009150432608
91311	0.0001446711058
91312	4.81317963e-05
91313	0.0004860711983
91314	0.002024025113
91315	0.004145717964
91316	0.0001860738655
91317	0.0001342746524
91318	0.0002264344347
91319	0.000649740942
91320	0.0003398049736
91321	0.0004817481009
91322	0.0003154833139
91323	0.001763361946
91324	0.0005473535975
91325	0.0005045759042
91326	0.001170093175
91327	0.001910919417
91328	0.0003442527107
91329	0.0002401336117
91330	0.0007200664551
91331	0.0007233102522
91332	3.765207885e-05
91333	0.00139095797
91334	0.009883323678
91335	0.0008126933103
91336	0.001027884803
91337	0.003195487076
91338	0.0009828316187
91339	0.004353903135
91340	0.001129265948
91341	0.0005543974703
91342	0.0006539383347
91343	7.737695108e-05
91344	0.002438883712
91345	0.0038619687
91346	0.002753413458
91347	0.003023345288
91348	7.105429807e-05
91349	0.002040680916
91350	0.002847674712
91351	0.001003542174
91352	0.001538855784
91353	0.001624404259
91354	0.002371152001
91355	0.003008256288
91356	0.000690136188
91357	0.00054981104
91358	0.001179809697
91359	9.518991602e-05
91360	0.002501731034
91361	0.0001641479868
91362	0.002159622465
91363	0.0008436096901
91364	0.002789472956
91365	0.003321472157
91366	0.0004841039371
91367	0.002508971718
91368	0.0003549160223
91369	0.001694134204
91370	0.004328464066
91371	0.0003066125435
91372	0.001896061018
91373	0.003680544129
91374	0.0001986701108
91375	3.064564557e-05
91376	0.0005474592134
91377	0.002825200956
91378	0.004114162087
91379	0.005265709122
91380	0.001431137844
91381	0.004752668353
91382	0.00254198959
91383	6.706875598e-05
91384	0.0002618082072
91385	0.001261350649
91386	0.0008271730477
91387	0.0002339956417
91388	0.003138827245
91389	0.001420960622
91390	0.006463880278
91391	0.001580762435
91392	0.0001951824416
91393	0.0007435725434
91394	0.000900095099
91395	0.0003889173336
91396	0.001203749949
91397	0.0004595256491
91398	0.0008037770271
91399	0.0001693954825
91400	0.0005139968948
91401	0.0004489996186
91402	0.001558165743
91403	4.518060308e-05
91404	0.0002913668473
91405	0.0005661667256
91406	0.0001362965335
91407	0.0002258080955
91408	3.191203477e-05
91409	0.0003709675788
91410	0.0004139045336
91411	0.001735622541
91412	0.002449816673
91413	0.003352451492
91414	0.003077142377
91415	0.003439840341
91416	0.0002756045168
91417	0.002336284099
91418	0.002418572985
91419	0.003332887807
91420	0.0003441529611
91421	0.004011685802
91422	0.0004338091622
91423	0.0007396328599
91424	0.002446496262
91425	0.001393288673
91426	0.004240360511
91427	0.005562783853
91428	0.0009673049936
91429	0.0003981086261
91430	0.001555812631
91431	0.002296605762
91432	7.267003394e-05
91433	0.0012670701
91434	0.001296048528
91435	0.0008487660515
91436	0.0003931507993
91437	0.00204847223
91438	0.00223879987
91439	0.0008379179833
91440	0.00365414271
91441	0.001977579742
91442	0.001093737604
91443	0.0004679807762
91444	0.001794966564
91445	0.0006196825485
91446	0.0002768912192
91447	0.001686074509
91448	0.00392816411
91449	0.0007019527897
91450	0.0002685967913
91451	0.001192980706
91452	0.0004138013179
91453	0.001631917925
91454	0.003460349206
91455	0.0006960942034
91456	0.0003672030111
91457	0.0002823921158
91458	7.29974033e-05
91459	0.001310051542
91460	0.0007409628417
91461	0.0001341967813
91462	0.003066504865
91463	0.0007592417004
91464	0.0001486873328
91465	0.0001638053821
91466	0.007779869062
91467	0.001191464584
91468	0.0003379148421
91469	0.0008569800191
91470	0.0006392298598
91471	0.0003381751191
91472	0.0002542321319
91473	0.0003173742021
91474	0.002624080481
91475	0.003206273862
91476	0.003581766357
91477	0.0003577963829
91478	0.002224596795
91479	0.003103608244
91480	0.006177216208
91481	1.289235128e-05
91482	0.003314567257
91483	0.0001567769207
91484	0.0008114281659
91485	0.004584110074
91486	2.058512871e-05
91487	0.000792849658
91488	0.002877707222
91489	0.003646804533
91490	0.0001407654895
91491	0.0062040867
91492	0.002296630514
91493	0.00141322912
91494	0.000360643533
91495	0.001586096773
91496	0.001098739091
91497	0.002108089597
91498	3.368850494e-05
91499	0.003010458923
91500	0.0021052524
91501	0.002273383573
91502	0.002391759238
91503	2.440437281e-05
91504	0.005414558656
91505	0.001006292296
91506	0.001062186227
91507	0.002431923171
91508	0.001608583943
91509	0.001735988749
91510	0.003114226374
91511	0.002144190853
91512	0.0009307845987
91513	0.001019106222
91514	0.004281088547
91515	2.218047268e-05
91516	0.006386533869
91517	0.002323462262
91518	0.0001720338458
91519	0.0009815579463
91520	0.005956322324
91521	0.002070473986
91522	0.001296669867
91523	0.003643956532
91524	0.002225516734
91525	0.0001886913899
91526	0.0002720858016
91527	0.0004764901277
91528	0.003080279787
91529	0.0001795416222
91530	0.006740217309
91531	0.008522940562
91532	0.002070326189
91533	0.0003294546143
91534	0.003854413156
91535	0.001201400035
91536	0.006035574422
91537	0.007168835437
91538	0.001388816365
91539	0.001775482681
91540	0.00302771928
91541	0.001375332625
91542	0.0003837103193
91543	0.0001467405277
91544	0.0001460170405
91545	0.000146059705
91546	0.000282317628
91547	0.0001263909895
91548	0.002193692178
91549	0.002099452283
91550	0.001838397822
91551	0.0008885243045
91552	0.00147059944
91553	0.0001432715613
91554	0.002246817468
91555	0.0002622775518
91556	0.002812442806
91557	0.00098874015
91558	0.0014403273
91559	0.003173300762
91560	0.004083400594
91561	0.002810333275
91562	0.001367329939
91563	0.0005655013289
91564	0.0007996949272
91565	0.002706016149
91566	0.0005311203151
91567	0.001603603764
91568	0.006363993295
91569	9.34801093e-05
91570	6.608646609e-05
91571	8.782593106e-05
91572	0.0009294579394
91573	0.004236315274
91574	0.006829978689
91575	0.0006506724004
91576	0.0005649566401
91577	0.001628713486
91578	0.001176898177
91579	0.003276957128
91580	0.001941426038
91581	0.004071518573
91582	0.0002313555162
91583	0.001475251858
91584	0.0003015382808
91585	0.0003249431361
91586	0.002858511291
91587	0.005864664468
91588	0.0003614334571
91589	0.002599043883
91590	0.001661899092
91591	0.003633225377
91592	0.001574506072
91593	0.003296000282
91594	9.860722658e-05
91595	0.000377099127
91596	0.0002855899554
91597	0.0002740334792
91598	5.093322943e-05
91599	5.519889615e-05
91600	0.004422044521
91601	0.001727836969
91602	0.002794967345
91603	0.002527649144
91604	0.0003353075014
91605	0.003435514557
91606	0.002027685071
91607	0.009238767065
91608	0.001451989933
91609	0.005063790561
91610	0.006190931416
91611	0.001694638792
91612	0.0002835954059
91613	0.0002949250967
91614	0.002823567215
91615	0.0009094369025
91616	0.0001691495269
91617	0.001010778567
91618	0.0003674663757
91619	0.001490825305
91620	0.000766680509
91621	0.00133593295
91622	5.757746642e-05
91623	0.0004977122766
91624	0.002905149417
91625	0.000411356096
91626	0.0002695117946
91627	0.00014757712
91628	0.001417831921
91629	0.0007975896087
91630	0.0001712259613
91631	0.001791564743
91632	0.0005801969453
91633	0.001198767554
91634	0.00296907305
91635	0.0001438782646
91636	0.0003805811825
91637	0.003241672825
91638	0.0005649957736
91639	0.00084816911
91640	0.003603325007
91641	0.0003666362312
91642	0.0005504506345
91643	0.003479445879
91644	0.002454849916
91645	0.0005210319044
91646	0.003663398432
91647	0.0003413363922
91648	0.0003755934483
91649	0.004213637354
91650	0.00440481793
91651	0.002805845372
91652	0.003497528396
91653	0.0007555189375
91654	0.0001885179803
91655	0.002040525011
91656	0.0007702246967
91657	0.001485214832
91658	0.002346450265
91659	0.001160694015
91660	0.0009381888974
91661	0.001720762097
91662	0.002097842867
91663	0.002068830318
91664	0.0003421678253
91665	0.004096705163
91666	0.0002413629737
91667	0.0004061865559
91668	0.002586294101
91669	0.002170271977
91670	0.002195805291
91671	0.0001502941195
91672	0.000369034227
91673	0.006939845205
91674	0.002031454195
91675	0.0002033521244
91676	0.0002778933126
91677	0.002045957158
91678	0.0004656499024
91679	0.001435180014
91680	1.373983302e-05
91681	0.0004180512335
91682	0.0003889290948
91683	4.969431004e-05
91684	0.0001811055773
91685	0.0006147486711
91686	0.001159915872
91687	0.0009826025105
91688	7.853496592e-05
91689	0.0003506229291
91690	0.0003098545292
91691	0.000476019714
91692	0.000406214398
91693	0.0001161767788
91694	0.002195895737
91695	0.0002686956141
91696	0.001833549203
91697	0.007077610789
91698	0.001205765886
91699	0.0003354318939
91700	0.001660586194
91701	8.617719545e-05
91702	0.003323602208
91703	5.73431751e-05
91704	0.0001464722124
91705	0.00110716426
91706	0.0006514075712
91707	0.001363952367
91708	0.004633021178
91709	0.002062836165
91710	0.000957831819
91711	0.001251088796
91712	0.0004484171264
91713	0.0003556719668
91714	0.00655849957
91715	0.0004999445002
91716	0.00280380932
91717	0.0040969138
91718	0.006841883165
91719	0.001344535319
91720	0.00162450576
91721	0.0004553968516
91722	0.001092131695
91723	0.0005089474058
91724	0.001585763034
91725	0.006188249388
91726	0.004694504916
91727	0.0008933145771
91728	0.002370498109
91729	0.001434983058
91730	0.003121053239
91731	0.004623049139
91732	0.0008462197082
91733	0.006177725028
91734	0.001239553872
91735	0.003615056783
91736	0.0003367917795
91737	0.001172113381
91738	0.003271954516
91739	0.0006492790937
91740	0.0004441171313
91741	0.0007444558045
91742	0.00058503433
91743	0.003539749446
91744	0.000117000697
91745	0.0006235186308
91746	0.002670235484
91747	0.002078524461
91748	0.0009939500329
91749	0.002041487414
91750	0.001196810083
91751	0.0001218952909
91752	0.001612607235
91753	0.002713517617
91754	0.004685373186
91755	0.002789158005
91756	5.424768664e-07
91757	0.0005624815423
91758	0.002769235826
91759	0.001827856454
91760	0.0001933447831
91761	0.000580469802
91762	0.001737462423
91763	0.002942764092
91764	0.0003059247926
91765	0.001550452499
91766	0.003069993795
91767	0.0001308908784
91768	0.0009224317849
91769	0.001123957536
91770	0.0002741939442
91771	0.001217206413
91772	0.002659753889
91773	0.0008759443814
91774	0.0004416905374
91775	0.001366359997
91776	0.004518512254
91777	0.0005121980085
91778	0.00141746011
91779	0.002024787219
91780	0.00437060953
91781	0.0003660589173
91782	0.0003437052125
91783	0.002659677916
91784	0.001720379624
91785	0.00333592039
91786	0.002156453878
91787	0.0008794535686
91788	0.001079581589
91789	2.929987144e-05
91790	0.004260821403
91791	0.0009471073646
91792	0.0006735947611
91793	0.00202926142
91794	0.0007788968084
91795	0.00113704696
91796	0.001153983768
91797	0.0013238356
91798	0.0008303371218
91799	0.0002419519601
91800	0.001633296006
91801	0.0010432837
91802	0.002574096456
91803	0.0009943726164
91804	0.0005138615558
91805	0.0003296825957
91806	0.001223868027
91807	0.001869267441
91808	0.0008708903815
91809	0.0007923542455
91810	0.00086644237
91811	0.00186369351
91812	0.0009829822389
91813	0.0001722231163
91814	0.001778223218
91815	0.002775517455
91816	0.0006449083926
91817	0.0008797712315
91818	0.0008457071662
91819	0.003577189724
91820	0.001278070891
91821	0.0009519645237
91822	0.0001143624295
91823	0.002494711179
91824	0.0006538467972
91825	0.0001235395763
91826	0.002924376405
91827	0.008064642877
91828	0.002488159838
91829	0.001625247371
91830	0.001303837611
91831	0.00410513335
91832	0.0005398260958
91833	0.002129735801
91834	0.0006356604925
91835	0.004140387266
91836	0.002552267701
91837	0.0002999527439
91838	0.001552567092
91839	0.0006223029634
91840	0.00387180234
91841	0.0005028006657
91842	0.003012900653
91843	0.002180659112
91844	0.002874362723
91845	0.00378069771
91846	0.0003076144799
91847	0.00321086954
91848	0.001448981256
91849	0.00111666195
91850	0.001674777714
91851	0.001017045524
91852	0.001952956176
91853	0.0004124824562
91854	0.001121634264
91855	0.001460285547
91856	0.002476383025
91857	0.0007087142631
91858	0.0001540972032
91859	0.001675915718
91860	0.0005619072425
91861	0.0009960867259
91862	0.001577541026
91863	0.00023503739
91864	0.004330389599
91865	0.006869632001
91866	0.0006812717228
91867	0.0004168555813
91868	0.0008745107762
91869	0.0005317075414
91870	0.0002507043006
91871	0.0002267854989
91872	0.00155034925
91873	0.0002168183893
91874	0.0007030525773
91875	0.0009680785648
91876	0.001262524506
91877	0.0001764892942
91878	0.001691623341
91879	0.0006290185693
91880	0.001778711556
91881	0.001642963436
91882	0.003005750871
91883	0.002020085616
91884	0.004871207782
91885	0.0002013504171
91886	0.0012721423
91887	0.001171154164
91888	0.002502135784
91889	0.001054119993
91890	0.0005380083367
91891	0.001151640669
91892	0.001136016137
91893	0.0001721688534
91894	0.001068885341
91895	0.001424791334
91896	0.002087458764
91897	0.002516864845
91898	0.0002734385969
91899	0.0005774873292
91900	0.003784319349
91901	0.002681160064
91902	0.000745996885
91903	0.0008592991271
91904	0.000126336411
91905	0.003307897707
91906	0.001314458681
91907	0.004351886016
91908	0.003023385307
91909	0.001183698007
91910	0.003299608269
91911	0.001002080206
91912	0.002359452119
91913	0.002085666909
91914	0.0004435266518
91915	0.003540175533
91916	0.001646141672
91917	0.0005747914885
91918	0.0004443927032
91919	0.0004843874275
91920	0.004047267362
91921	0.0002536993212
91922	0.0006159126018
91923	0.0005972656975
91924	0.0009623639872
91925	0.003640207323
91926	0.003113610862
91927	0.001033581508
91928	0.001126278167
91929	0.002414271204
91930	0.0006029967844
91931	0.003648826901
91932	0.000634851365
91933	0.001150086661
91934	0.002533232494
91935	0.002024697599
91936	0.001103404847
91937	0.0001196567195
91938	0.0002925248034
91939	0.0008090882376
91940	0.001108715863
91941	0.003674233034
91942	0.0002213968463
91943	3.457692592e-05
91944	0.00186924913
91945	0.002405375204
91946	0.001850649253
91947	0.0005908084309
91948	0.0003217607583
91949	0.001410325415
91950	0.004795528665
91951	0.0005775609241
91952	0.002335213864
91953	0.000133974713
91954	0.003244878946
91955	0.001552426252
91956	0.0007782747139
91957	0.001036556064
91958	0.001845261142
91959	0.001602670314
91960	0.001121634264
91961	8.629532151e-05
91962	0.0004180046959
91963	0.0008433421902
91964	0.0009319487552
91965	1.500395897e-05
91966	0.002088936615
91967	0.001388991126
91968	0.00549944892
91969	0.0004565670487
91970	0.001871470994
91971	0.001415712562
91972	0.0006974753329
91973	0.001328135007
91974	0.002703389703
91975	0.005789951399
91976	0.0002268110914
91977	5.542051144e-05
91978	0.001956203883
91979	0.004177871754
91980	0.0001703030648
91981	0.0003578204314
91982	0.0008267325697
91983	0.0002375346262
91984	0.003281762647
91985	0.001926137748
91986	0.001976873073
91987	0.004467679072
91988	0.001189745042
91989	0.003034479148
91990	0.0004387626239
91991	0.0009404321871
91992	0.0004578893313
91993	0.0004936270258
91994	0.002447244681
91995	0.0003740985158
91996	0.0005707938352
91997	0.00134927648
91998	0.001021704477
91999	0.001301066197
92000	0.002125646445
92001	0.000146706218
92002	0.001970235207
92003	0.0001385155414
92004	0.001468487396
92005	0.0007620677475
92006	0.001170121714
92007	0.001698288664
92008	0.0002512277498
92009	0.005087261098
92010	1.32105529e-05
92011	0.003062690983
92012	0.000437242511
92013	0.001900109535
92014	0.0001492833139
92015	1.405348315e-05
92016	0.008989651038
92017	0.001343685437
92018	0.004035697104
92019	0.0002876150891
92020	0.001933639738
92021	0.002675687507
92022	0.0008728602576
92023	0.0006234588824
92024	0.002088645001
92025	0.003550956494
92026	0.002629336023
92027	0.003958180033
92028	8.410821292e-05
92029	0.000251928072
92030	2.773888093e-05
92031	0.001333846179
92032	0.001283862843
92033	0.000436116001
92034	0.0003937375572
92035	0.001212619221
92036	0.001407102768
92037	0.006718050047
92038	0.001699420398
92039	0.001318453939
92040	0.0001922242038
92041	0.00577773899
92042	0.001094526704
92043	0.0008052737877
92044	0.0007264493574
92045	0.004766444167
92046	0.0009367051462
92047	0.001066650966
92048	0.003664097336
92049	0.003281813746
92050	0.000974260922
92051	0.0007320853178
92052	0.0007913633405
92053	0.0004346213375
92054	0.0008245794472
92055	0.001987376264
92056	0.004280338061
92057	0.00188810404
92058	0.0004249583163
92059	0.002237918175
92060	0.001316878501
92061	0.0009873455353
92062	0.001565886416
92063	0.0005124539384
92064	0.00551881092
92065	0.002439480365
92066	0.003437922706
92067	0.0002644085687
92068	0.003278250538
92069	0.001377017507
92070	0.001331703706
92071	0.001428070591
92072	0.005891839791
92073	0.0001564273863
92074	0.001786612788
92075	0.0001365435396
92076	0.006780766599
92077	0.001395896107
92078	0.001516823883
92079	0.0007329469444
92080	0.003078631002
92081	0.0009538067498
92082	0.0005410945095
92083	0.005743717823
92084	0.0006260362039
92085	0.0006117660382
92086	0.001149745734
92087	0.0001562946305
92088	0.0009446724441
92089	0.003301703057
92090	0.001920448527
92091	0.0003707453675
92092	0.004578425509
92093	0.0009309124391
92094	0.001521314949
92095	0.0004757370368
92096	0.001382965694
92097	0.003650768359
92098	0.003286198344
92099	0.003267303779
92100	0.002449454573
92101	0.0008646004475
92102	0.005347870376
92103	0.003215647044
92104	0.003095401288
92105	0.0004595338206
92106	0.003700873739
92107	3.337469635e-05
92108	0.001813830131
92109	0.0001553113603
92110	0.009996696421
92111	0.003548764956
92112	0.0005322250659
92113	0.001260449606
92114	0.0004138067828
92115	0.001366563852
92116	0.001722681175
92117	0.00041353768
92118	0.003908439123
92119	0.002017467636
92120	0.002574217111
92121	0.0019326365
92122	0.0005428337524
92123	0.003166504347
92124	0.002024640622
92125	5.595370412e-05
92126	0.0005321688904
92127	0.002387081439
92128	0.002464231232
92129	0.0001573184071
92130	0.0001400924987
92131	0.001815671233
92132	0.0002818338669
92133	0.0003864392413
92134	0.002582411364
92135	0.002482044933
92136	0.002866986782
92137	0.000835743674
92138	0.0003792443559
92139	0.0008182710356
92140	0.003351036751
92141	0.002784429037
92142	0.003139945146
92143	0.001022743559
92144	6.401115728e-05
92145	1.60573167e-05
92146	0.00303062949
92147	0.005218736675
92148	0.001947836211
92149	0.0005865059576
92150	0.0008366430314
92151	0.0001974192752
92152	0.003543906646
92153	0.002868252379
92154	0.0005543480119
92155	0.0006225499552
92156	0.0003439934054
92157	0.001242388626
92158	0.001656959429
92159	0.0006983312621
92160	0.0004781039265
92161	0.001167532985
92162	0.0009970672914
92163	0.00149570462
92164	0.002079993961
92165	1.460084327e-05
92166	0.0002227618899
92167	0.002034669293
92168	0.00112907008
92169	0.0007153144973
92170	0.0005756886739
92171	0.00170962541
92172	0.004430418896
92173	0.004114838837
92174	0.0006857233346
92175	0.0002761387952
92176	0.002276287984
92177	0.001699426148
92178	0.001249327222
92179	0.003008007376
92180	0.0003990746747
92181	0.001459467199
92182	0.002321911545
92183	0.003028449009
92184	0.001429939236
92185	0.0008636836329
92186	0.002269309675
92187	0.004108905238
92188	0.00246274884
92189	0.002342105128
92190	0.001101993342
92191	0.001039610574
92192	0.0003086703191
92193	0.003824983264
92194	0.0002790873506
92195	0.0006178127431
92196	0.001838723092
92197	0.0003488454404
92198	0.0001215099689
92199	0.003774325459
92200	0.003898469507
92201	0.006529656526
92202	0.004071632634
92203	0.001725285227
92204	0.001911623796
92205	0.0015209018
92206	0.0001432637786
92207	0.001408655469
92208	0.001082703402
92209	0.004455635137
92210	0.000306832222
92211	0.005451450516
92212	0.0011054815
92213	0.00400874371
92214	0.00589093187
92215	0.003608318598
92216	0.002222688502
92217	0.00140267824
92218	0.002671607808
92219	0.002329423775
92220	0.002684140705
92221	8.495004579e-05
92222	0.001005691469
92223	0.001642084938
92224	0.0009447653551
92225	0.0002033451847
92226	0.003383566831
92227	0.003170344298
92228	7.80073256e-05
92229	0.003295094989
92230	0.001400594452
92231	0.006507750043
92232	0.0001354856759
92233	0.002759268436
92234	0.000617547036
92235	0.00127073891
92236	0.001006803541
92237	0.001133811435
92238	0.003069509261
92239	0.001259973086
92240	0.002151488222
92241	0.0004847967512
92242	0.00160658051
92243	0.003465883003
92244	0.00152804204
92245	0.003661784156
92246	0.004694338457
92247	0.004164328673
92248	0.0002971365609
92249	0.002264314438
92250	0.001385866889
92251	0.003381409644
92252	0.002642217888
92253	0.001897552919
92254	0.002713471125
92255	0.001681771148
92256	0.0002167064272
92257	0.002459558798
92258	0.0006089570967
92259	0.002334255417
92260	0.002461666138
92261	0.001814531265
92262	0.002255667806
92263	0.001860335877
92264	0.0009803643887
92265	0.00301136456
92266	0.0003145866284
92267	0.0001029364456
92268	0.001343131213
92269	0.002207986279
92270	0.004150849874
92271	0.001557313864
92272	0.0008984976263
92273	4.991596184e-05
92274	0.0007485085569
92275	0.001966694365
92276	0.002664270394
92277	0.001054468345
92278	0.001219600145
92279	0.0009485520577
92280	0.001324433049
92281	0.001050181073
92282	0.001874013745
92283	0.0008699641863
92284	0.0002799224975
92285	0.002386511937
92286	0.001016486941
92287	0.001892298863
92288	0.000586800809
92289	0.00237909478
92290	0.002083263757
92291	0.001131835628
92292	0.001578611936
92293	0.002855044173
92294	0.000338843594
92295	0.002063950079
92296	0.003412545015
92297	0.0003684536319
92298	0.002831705488
92299	0.001312616713
92300	0.00106058826
92301	0.0005592686979
92302	0.0002333420778
92303	0.0009662054073
92304	0.0008833775055
92305	0.00112348675
92306	0.000444298323
92307	0.000420494149
92308	0.00338681981
92309	0.0009769406618
92310	0.00377970795
92311	0.001496025969
92312	0.001434104866
92313	0.003950483626
92314	0.001606920291
92315	0.000291205804
92316	0.003012315583
92317	0.002053959072
92318	0.003695187627
92319	0.006504229624
92320	0.002211028256
92321	0.0008972438125
92322	0.002136701617
92323	0.0006713521979
92324	0.002369771573
92325	0.001745127272
92326	0.006219366886
92327	0.004386267366
92328	0.001416500132
92329	0.002981376765
92330	0.005664426624
92331	0.002190614239
92332	0.001825003227
92333	0.001545096608
92334	0.001193297034
92335	0.001814265193
92336	0.001985821071
92337	0.003945737737
92338	0.001622102992
92339	0.001516136787
92340	0.002516151903
92341	0.0001752846609
92342	0.002104665863
92343	0.002572203857
92344	0.002579628552
92345	0.0001075814489
92346	0.005558953477
92347	0.0009296723781
92348	0.002338137526
92349	0.0005550779062
92350	3.093975644e-05
92351	0.001983297621
92352	0.001619288131
92353	0.001561405939
92354	0.00148962233
92355	0.00154906183
92356	0.003071560794
92357	0.0007137306113
92358	0.0009030520628
92359	0.0007233477919
92360	0.001165469184
92361	0.002415561449
92362	0.0001410011718
92363	0.002850831563
92364	0.003183185981
92365	0.004332113881
92366	0.003811598133
92367	0.00394413915
92368	0.002861355479
92369	0.002218098974
92370	0.001570891013
92371	0.003378383213
92372	0.002425889167
92373	0.002195701761
92374	0.0003198950345
92375	9.194812687e-05
92376	0.004177229696
92377	0.004181723137
92378	0.001802768226
92379	0.002140178974
92380	0.0006569740166
92381	0.0006035782129
92382	0.0004772253773
92383	0.001615759623
92384	0.0006508384329
92385	0.0001964539702
92386	0.00093945104
92387	0.0008232594308
92388	0.000189226272
92389	0.001426608411
92390	0.001946780829
92391	0.005863508683
92392	0.0004584799443
92393	0.0005149835336
92394	0.0004143018838
92395	0.002067376825
92396	0.0001447174441
92397	0.0008232873777
92398	0.0006939631816
92399	0.001281767325
92400	0.0002998998569
92401	0.007002721302
92402	0.001642011232
92403	0.001191752351
92404	0.002047669806
92405	0.003914725006
92406	0.004081658273
92407	0.0005775528971
92408	0.0007350272521
92409	0.001393298422
92410	0.003775555151
92411	0.0003477027039
92412	0.006059104601
92413	0.00194990512
92414	0.0003424235447
92415	0.0006177063248
92416	0.001350566901
92417	0.001595647819
92418	0.003189613915
92419	0.0003500707382
92420	0.002305785478
92421	0.001439431567
92422	0.002808468868
92423	0.001671311862
92424	0.003184080617
92425	0.002528908288
92426	0.003454899153
92427	0.00302640129
92428	0.002769985922
92429	0.000206032352
92430	0.0001782989513
92431	0.001309863698
92432	0.0003513187984
92433	0.003915317775
92434	0.006255999834
92435	0.0006682691577
92436	0.001691923238
92437	0.0005533241033
92438	5.189313817e-05
92439	0.001035799119
92440	1.913281369e-05
92441	0.0004065378326
92442	0.000564035721
92443	0.003612181172
92444	0.0004175872291
92445	0.000927025981
92446	0.001053122399
92447	0.001342990988
92448	0.002971283747
92449	0.001535645273
92450	0.0004065558816
92451	0.009144956594
92452	0.005250820973
92453	0.0008953822027
92454	0.001064224407
92455	0.002835478535
92456	0.002136374816
92457	0.0009680122063
92458	0.0007014112918
92459	0.0003967722669
92460	0.0006794564152
92461	0.001124442494
92462	0.0008592285515
92463	0.003658334206
92464	0.0008623419574
92465	0.0003526405397
92466	0.004235544488
92467	7.182193356e-05
92468	0.0024080208
92469	0.0003024623684
92470	0.0002053749669
92471	0.001901035199
92472	0.0009067695912
92473	0.0003167649468
92474	0.001068388902
92475	0.001746850898
92476	0.003872002418
92477	0.001978242803
92478	0.004580044501
92479	0.0002161266864
92480	0.001435677725
92481	0.001201618854
92482	0.000175281931
92483	0.000819112661
92484	0.0002909545661
92485	0.000284328489
92486	0.00145374633
92487	0.002320726624
92488	0.0004210812808
92489	0.002072640919
92490	0.0008583663524
92491	0.001339659138
92492	0.001006529058
92493	0.0002475748392
92494	0.0002399951956
92495	0.004448701916
92496	0.0009654045592
92497	0.0005953051894
92498	0.00290643929
92499	0.001722628767
92500	0.00115963782
92501	3.321582319e-05
92502	0.002603688078
92503	0.0009243009854
92504	0.001253080897
92505	0.001850193746
92506	0.001032011718
92507	0.0001838848713
92508	0.001592188588
92509	0.001844733281
92510	0.001422839118
92511	0.001228857774
92512	0.0001023229196
92513	0.002292537113
92514	0.003527044128
92515	0.0005599074827
92516	0.0004399658824
92517	0.001570341439
92518	0.002730770492
92519	0.0006502998247
92520	0.003302007207
92521	0.0002769349991
92522	0.002830586674
92523	0.002672061228
92524	6.18617537e-05
92525	0.0008101054651
92526	2.163149505e-05
92527	0.0002108820796
92528	0.0009725719062
92529	0.0003505244695
92530	0.002935092169
92531	0.001796866445
92532	0.0005027765053
92533	0.001540384118
92534	0.0009227801649
92535	0.001588317015
92536	0.003710247044
92537	0.001393766679
92538	0.001001281818
92539	0.00463401103
92540	0.001140618479
92541	0.000943878095
92542	0.001127414685
92543	0.0004539318281
92544	0.00101387061
92545	0.004029668745
92546	0.002506943997
92547	7.343067348e-05
92548	0.0001736601151
92549	0.000338417425
92550	0.0007904590013
92551	5.130244607e-05
92552	0.0004042529148
92553	0.002017988715
92554	0.0003166974549
92555	0.001349616852
92556	0.0002421526674
92557	0.0004719706163
92558	0.002202066051
92559	0.0004736196561
92560	0.0001525130694
92561	0.0002275153738
92562	0.002821179213
92563	0.0001977413189
92564	0.00308838127
92565	0.002630488314
92566	0.002326458075
92567	0.0001042348777
92568	0.001965674433
92569	0.001192801314
92570	0.001112894687
92571	0.000688902164
92572	0.00133173584
92573	9.434359633e-05
92574	2.68154991e-06
92575	0.001160697055
92576	0.002777547828
92577	0.003540608827
92578	0.000872319472
92579	0.0009569432381
92580	0.008570590398
92581	0.0002371990544
92582	0.001399159941
92583	0.001305248777
92584	0.001062817272
92585	0.0004861001983
92586	0.002305226046
92587	0.001281698336
92588	0.001061913864
92589	0.001133774195
92590	0.003395365111
92591	0.0008423831918
92592	0.0002286911615
92593	0.002335734888
92594	0.001988459405
92595	0.001035180483
92596	0.002743503582
92597	0.002789817682
92598	0.0008858563231
92599	0.0005574331501
92600	6.181072038e-05
92601	0.001204537261
92602	0.001284030182
92603	0.000658752349
92604	0.001080156116
92605	0.002365434411
92606	0.004543897916
92607	0.001942672811
92608	0.001335592088
92609	0.001976584438
92610	0.001023815628
92611	0.000996500359
92612	0.002125895365
92613	0.0004277644011
92614	0.002290480763
92615	0.0007459148727
92616	0.002154744406
92617	0.003961792737
92618	0.005209289409
92619	0.00487244061
92620	0.001406185534
92621	0.0007563227611
92622	0.0003226113969
92623	0.0008187107112
92624	7.606014086e-05
92625	0.0003426211617
92626	0.0006970356223
92627	0.0005115988655
92628	0.0001008900088
92629	0.0006625870201
92630	0.0001840172975
92631	0.0004852018004
92632	0.0005099425511
92633	0.0001298367869
92634	5.661073208e-05
92635	0.0007287297803
92636	0.002288374017
92637	0.0004301184025
92638	0.0008780326587
92639	0.0005990306357
92640	0.0005458545252
92641	5.919722596e-05
92642	0.0003269088429
92643	0.0001837640046
92644	0.0004391689344
92645	0.001463682853
92646	0.002200988036
92647	0.004290035773
92648	0.0008966279517
92649	0.0001855752149
92650	0.001282796018
92651	6.603668513e-05
92652	9.904247978e-05
92653	0.001848583404
92654	0.0001279999257
92655	0.001492953144
92656	0.000885972928
92657	0.001371761499
92658	0.002323164291
92659	0.001125455292
92660	0.00201261675
92661	0.0009895026125
92662	0.003082242943
92663	0.001546037109
92664	0.0006757695066
92665	0.003982196575
92666	0.00296430015
92667	0.003674639061
92668	1.784814935e-06
92669	0.000129668653
92670	0.0004595728858
92671	0.001841328435
92672	0.003522687865
92673	0.000602005214
92674	0.001257996338
92675	2.345172223e-05
92676	1.136039412e-05
92677	0.0001690086541
92678	0.000921682392
92679	0.0001584619816
92680	0.0001731530037
92681	0.001084980489
92682	0.001832671525
92683	0.0001561793933
92684	1.693485833e-05
92685	0.001708778211
92686	0.0003181514575
92687	0.001892472313
92688	0.0003167585986
92689	0.0004667517265
92690	0.0006205002111
92691	0.001608580291
92692	0.0003651971063
92693	2.743125193e-05
92694	0.001081234902
92695	0.000435494865
92696	0.003783702077
92697	0.003004941121
92698	0.0009422728644
92699	7.958635865e-06
92700	0.0002179632392
92701	0.002341342993
92702	0.001662596317
92703	0.0002000667614
92704	0.0001268965705
92705	0.0001017510423
92706	0.0002661606173
92707	0.0001077275582
92708	0.0004225505556
92709	0.0003732189826
92710	0.0002005620497
92711	0.0001542595745
92712	0.0002441958155
92713	0.0001319158189
92714	0.0002036191749
92715	6.016862532e-06
92716	0.001274752808
92717	0.0007414493852
92718	0.001250470848
92719	0.001147381385
92720	0.002102004505
92721	0.0008136607044
92722	0.001840046215
92723	0.001313101398
92724	0.003290153967
92725	0.001170621589
92726	0.0004884520055
92727	0.003121865983
92728	0.001984282268
92729	0.002140740244
92730	0.006035821676
92731	0.0008651637339
92732	0.001638756557
92733	0.001145767514
92734	0.002296014751
92735	0.0003338745576
92736	0.001163521114
92737	0.001337171206
92738	0.006157322945
92739	0.003952798418
92740	0.00232912454
92741	0.0003911192685
92742	0.001204210552
92743	0.001013870887
92744	0.002609217456
92745	0.0004932355998
92746	0.0009992523077
92747	0.001331455057
92748	0.007389551026
92749	0.001848359271
92750	0.003216898153
92751	0.0001744192983
92752	0.002169388385
92753	0.003545178976
92754	0.0007412769043
92755	0.003987173682
92756	0.0002001961883
92757	0.0009020881
92758	0.003191703017
92759	0.005048022163
92760	0.0008694921899
92761	0.00402938744
92762	0.00112228363
92763	0.001289679022
92764	0.000637870831
92765	0.001631960208
92766	0.0007948346328
92767	0.003696996078
92768	0.001177311257
92769	0.001146129187
92770	0.003292516902
92771	0.004099187473
92772	0.0005960679895
92773	0.004726680742
92774	0.0001639665447
92775	0.00194141936
92776	0.003958733908
92777	0.0001791865101
92778	0.00215151887
92779	0.001896219566
92780	0.001131292692
92781	0.003589435514
92782	0.001038521907
92783	0.0006327367881
92784	0.0005382138238
92785	3.899605089e-05
92786	0.006438331475
92787	0.001389736345
92788	0.004322076862
92789	0.0002088815517
92790	0.002242766743
92791	0.0006629399595
92792	0.003156521231
92793	0.001709786194
92794	0.0004183772471
92795	0.002688460933
92796	0.0002661746706
92797	0.004153335477
92798	0.00420704169
92799	0.003909906745
92800	0.001111790745
92801	0.0009037875394
92802	0.0007313272094
92803	0.002704995843
92804	0.00141594931
92805	0.002456750272
92806	0.0008474520847
92807	0.001417332133
92808	0.0008242522627
92809	0.001842052967
92810	0.0009468894711
92811	0.002092267334
92812	0.001382080629
92813	0.002653368278
92814	0.004360458244
92815	0.002996839522
92816	0.0002391040972
92817	0.00137395522
92818	0.0004359028158
92819	0.00203781351
92820	0.002556607893
92821	0.0003311796232
92822	0.000153804633
92823	6.50401305e-05
92824	0.0002822814031
92825	0.0001646729212
92826	0.000445731353
92827	0.0005045259256
92828	0.0001953889951
92829	0.0001904603726
92830	3.381308772e-05
92831	0.0002320090039
92832	0.0002200690816
92833	0.000121559321
92834	4.690982159e-05
92835	0.0002378027327
92836	0.0001050889108
92837	0.0001992212616
92838	4.983327977e-05
92839	4.954395275e-05
92840	2.793641249e-05
92841	5.473277939e-05
92842	4.298531658e-05
92843	0.0002054548615
92844	9.200104402e-05
92845	0.003703586107
92846	0.0002494891943
92847	0.0007843868734
92848	0.000865043288
92849	0.001798496546
92850	0.000426331257
92851	0.006999811279
92852	0.0009305099663
92853	0.0001378436478
92854	0.004992958522
92855	0.001799037642
92856	0.003343332843
92857	0.0007792527007
92858	0.003518332675
92859	0.008601618627
92860	0.0002555826834
92861	0.004026922403
92862	0.0002771965238
92863	0.001939478141
92864	0.000421403462
92865	0.0003637766246
92866	0.0022045162
92867	0.0020979097
92868	0.0008038855674
92869	0.002731215688
92870	0.00480760352
92871	0.002708551251
92872	0.002385245034
92873	0.002278897406
92874	0.0009480174459
92875	0.0009209051958
92876	0.002097472417
92877	0.0009037367465
92878	0.002056866057
92879	0.002232856344
92880	0.003462831698
92881	0.000205618009
92882	0.0009130546062
92883	5.340303385e-05
92884	0.0002446488437
92885	0.001506317411
92886	0.001436493578
92887	0.0005927660108
92888	0.004956687049
92889	0.0005761028218
92890	0.002633908646
92891	0.0006940199119
92892	0.004299619161
92893	0.001891306389
92894	0.003185570622
92895	0.004625426054
92896	0.006765152968
92897	0.0002172166234
92898	0.002318630115
92899	0.002730123566
92900	0.001501166415
92901	0.00336606797
92902	0.003198419138
92903	0.0004274418079
92904	0.001975314732
92905	0.0005639872513
92906	0.001238341719
92907	0.002719267852
92908	0.0005297917179
92909	0.002228952867
92910	0.002271371803
92911	0.004011481932
92912	0.0004686844642
92913	0.0002866073223
92914	0.001955962953
92915	0.002324455826
92916	0.0003678229937
92917	0.003704773353
92918	0.0004113034163
92919	0.0001542015308
92920	0.001748552405
92921	0.00483206168
92922	0.0002784960291
92923	0.0009969471161
92924	0.000722711552
92925	0.001984951572
92926	0.003054348385
92927	0.003036826073
92928	0.0004170918994
92929	0.00175373637
92930	0.0004695171131
92931	0.0006089157098
92932	0.00319404651
92933	0.002452040651
92934	0.0003441906699
92935	0.0002303478744
92936	3.655382714e-05
92937	0.00334738063
92938	0.0001564302984
92939	6.731334872e-05
92940	4.322753383e-05
92941	0.0001375818977
92942	5.190327723e-05
92943	0.0008818546918
92944	5.537900304e-05
92945	0.001063735923
92946	0.0006207308389
92947	0.006168041428
92948	0.005516534755
92949	0.00131734072
92950	0.0002099432464
92951	0.0003546108425
92952	0.0003975494983
92953	0.001316912836
92954	0.001686264502
92955	0.001676643888
92956	0.001662519506
92957	0.001544200769
92958	0.005769659455
92959	0.003441571685
92960	0.001376663191
92961	0.002482382958
92962	9.472089296e-05
92963	0.00213425798
92964	4.793997642e-05
92965	0.004589253758
92966	2.38899764e-05
92967	0.0002921906573
92968	8.702703734e-05
92969	0.0001465626224
92970	0.001358975751
92971	0.0005479062207
92972	0.000609789352
92973	0.0001516189089
92974	0.002031008591
92975	0.001059170699
92976	0.003587973273
92977	0.001178014284
92978	0.0003452361931
92979	0.001493490943
92980	0.0009408599929
92981	0.0003122307268
92982	1.713604707e-05
92983	0.0002966952099
92984	0.0009876777685
92985	0.0002523908656
92986	0.002883238605
92987	9.318322319e-05
92988	0.0001344041219
92989	0.0003485838644
92990	0.0003680694492
92991	0.0003984772421
92992	0.0001308905877
92993	0.0001260833319
92994	0.0005873400624
92995	4.542321085e-05
92996	0.0001985282605
92997	0.0005318745378
92998	0.002121050242
92999	0.002216264199
93000	0.001144840496
93001	0.002282146433
93002	0.0002370848515
93003	6.808526553e-05
93004	9.845288016e-05
93005	0.0004737566585
93006	0.0004400147386
93007	0.0006071658323
93008	0.002035387217
93009	0.0008598689773
93010	0.0007287313116
93011	0.001222238044
93012	0.0002087423561
93013	0.0001889869616
93014	0.0004837507479
93015	0.0002753145944
93016	5.399788481e-05
93017	0.0005298258624
93018	0.0003867588225
93019	0.0008012084896
93020	0.0003381480112
93021	2.420858191e-05
93022	0.0005276804112
93023	0.0008600336767
93024	0.0009867618863
93025	0.0003075446588
93026	0.0006909921566
93027	0.001242438838
93028	0.0001068600297
93029	0.0008059017297
93030	0.0007474623278
93031	0.0001865746917
93032	5.648180702e-05
93033	0.0003291610002
93034	4.916799593e-05
93035	0.000222273261
93036	0.003248512951
93037	0.002016178539
93038	0.0006600675394
93039	0.000288791196
93040	0.001296571515
93041	0.001792861476
93042	6.60663707e-05
93043	0.001946126829
93044	0.0007571265986
93045	0.003508287272
93046	0.001486333147
93047	0.001601153793
93048	0.0003376889863
93049	0.0004176328814
93050	0.000209028676
93051	8.006818464e-05
93052	0.0003456834966
93053	0.0008416159088
93054	0.0001976082714
93055	0.001680677585
93056	9.867251131e-05
93057	0.001218679255
93058	0.0015000708
93059	0.0001959518808
93060	0.00144980938
93061	0.001234332817
93062	0.0001290440383
93063	0.0006606175642
93064	0.0002155200935
93065	0.0009618592994
93066	0.00124991987
93067	0.0003252538399
93068	0.002610839021
93069	0.001769630742
93070	0.00361808385
93071	0.002703926157
93072	0.001105059519
93073	0.00158357908
93074	0.004644762614
93075	0.002588345748
93076	0.001099488287
93077	0.005537247585
93078	0.001128501204
93079	0.0003307838399
93080	0.0002906668524
93081	0.0007351485631
93082	2.571753605e-05
93083	0.0006291190334
93084	0.002980110922
93085	0.001144569141
93086	0.001909418122
93087	0.002001110415
93088	0.002289477642
93089	0.0002726004532
93090	0
93091	0.004378345618
93092	0.001122675205
93093	0.004973789207
93094	0.001445915168
93095	0.0003839896518
93096	0.005265257649
93097	0.008787670842
93098	0.0006039418002
93099	0.005949208823
93100	0.0001323011306
93101	0.005748014536
93102	0.003781430197
93103	0.003161387594
93104	0.0007522733177
93105	0.003932879389
93106	0.004372301399
93107	0.0001302710204
93108	0.0003974304498
93109	0.005079825199
93110	0.003118815703
93111	0.0005091132661
93112	0.001163372197
93113	0.001173868597
93114	0.001533706913
93115	0.002430791643
93116	0.0009874333592
93117	0.0009297136558
93118	0.0006426512746
93119	0.002269714875
93120	0.0001516555149
93121	0.0002142025108
93122	0.001131830588
93123	0.002560596888
93124	1.868166201e-05
93125	0.0004491877347
93126	0.001394141815
93127	0.002069935528
93128	0.002043169877
93129	0.001460578243
93130	0.001206648467
93131	0.002691310578
93132	0.000168214358
93133	0.002330216513
93134	0.002740468231
93135	0.0004572996773
93136	0.0007272610913
93137	0.0001152111964
93138	0.0003054616204
93139	0.002827185319
93140	0.003330449991
93141	0.001417154843
93142	0.002482396196
93143	0.003613494435
93144	0.004779376034
93145	0.00212031057
93146	0.000367170935
93147	0.002377504689
93148	0.0001175529984
93149	0.0004737315406
93150	0.0001824474653
93151	0.0003418716645
93152	0.002961210257
93153	0.004593703215
93154	0.0038548731
93155	0.002053320858
93156	0.001317173945
93157	0.001477786641
93158	0.003219830582
93159	0.004591627612
93160	0.002138278425
93161	0.00451255673
93162	0.0008082556397
93163	0.0002109781341
93164	0.002070624524
93165	0.001862760432
93166	0.003272987306
93167	0.0005307764573
93168	0.0008937574988
93169	0.003149467546
93170	0.004575340161
93171	0.0009583821837
93172	0.001227741732
93173	4.046060202e-05
93174	0.001057866652
93175	0.001402002521
93176	0.0002052932742
93177	0.002609551209
93178	0.000999261232
93179	0.001658322455
93180	0.004729031115
93181	0.002014672908
93182	0.0006298991754
93183	0.004092846833
93184	0.002302177723
93185	0.001726501514
93186	1.338659499e-05
93187	0.003198677499
93188	0.001571939871
93189	0.005369283783
93190	0.0003624593816
93191	0.001428952513
93192	0.00251610945
93193	0.003595264106
93194	0.003362364143
93195	0.002743643772
93196	0.0008316436466
93197	0.002398475774
93198	0.001287286403
93199	0.005563646178
93200	0.001524603848
93201	0.002524475223
93202	0.002615442433
93203	0.002125006547
93204	0.001435840412
93205	0.002660516562
93206	0.002573054528
93207	0.003110326191
93208	0.004483720823
93209	0.0005781908118
93210	0.003285745186
93211	0.0007687082569
93212	0.002224586896
93213	0.003219234323
93214	0.002163036178
93215	0.005353399013
93216	0.004852769974
93217	0.00249878699
93218	0.0009169546933
93219	0.003907692979
93220	0.002762424791
93221	0.001977569369
93222	0.002227196213
93223	8.499385202e-05
93224	0.000154469253
93225	0.003745820403
93226	0.004560080747
93227	0.0002159177994
93228	0.002117727541
93229	0.004442032123
93230	2.783518646e-05
93231	0.0004509194195
93232	0.003220785601
93233	0.00107849524
93234	0.0001150220936
93235	0.001300151605
93236	0.0007593771387
93237	0.0005036814461
93238	0.001355540907
93239	0.003759048673
93240	0.001125942048
93241	0.0003449506218
93242	0.002863286769
93243	0.003045043181
93244	0.0009427221164
93245	0.003749424469
93246	0.0007494318104
93247	0.002753648009
93248	5.758414582e-05
93249	0.000331985686
93250	4.883890653e-05
93251	3.934692882e-05
93252	0.002082882194
93253	0.004414305788
93254	0.002682716374
93255	0.003662983816
93256	0.0005060330563
93257	0.0001562954848
93258	0.000546317193
93259	0.003012802693
93260	0.0007472210804
93261	0.0009025734205
93262	0.003104466076
93263	0.002281819469
93264	0.003814646581
93265	0.0007453771284
93266	0.002026520376
93267	0.00289811357
93268	0.000914352922
93269	0.003950449113
93270	0.001571179811
93271	0.003816617587
93272	0.005943414896
93273	0.0001785674007
93274	0.001297738856
93275	0.002834088629
93276	0.001759598369
93277	0.0008951388209
93278	0.001412425762
93279	0.002608651785
93280	0.001802459485
93281	0.0001669791443
93282	0.001570320655
93283	0.004122279585
93284	0.002720084372
93285	0.000366234154
93286	9.428671003e-05
93287	0.0005489367019
93288	0.0003965380554
93289	0.000946911928
93290	0.001072643802
93291	0.0007924796921
93292	0.005826996728
93293	0.0003125074282
93294	0.0005766680848
93295	0.001788727117
93296	0.0003133535511
93297	0.000680198077
93298	0.0010287638
93299	0.001299715179
93300	0.001650333749
93301	0.004656935313
93302	0.00105120829
93303	0.005289749122
93304	0.008850431161
93305	0.002335344382
93306	0.002409898676
93307	0.0001965666029
93308	0.0009310976894
93309	0.0004352283787
93310	0.003107901035
93311	0.0009805213701
93312	0.003161440934
93313	0.001197398878
93314	0.002992171627
93315	0.0005836173652
93316	0.002307529287
93317	0.001258594003
93318	0.0008802339534
93319	0.003102921507
93320	0.0001762096302
93321	0.003433870786
93322	0.001926535327
93323	0.001284979632
93324	0.005659829183
93325	0.000243495008
93326	0.0001581152585
93327	0.002211032636
93328	0.001705742196
93329	0.0003186294696
93330	0.0001920345549
93331	0.000245950687
93332	0.0004888760294
93333	0.002984507252
93334	0.002302208218
93335	0.0004433664838
93336	0.003569838567
93337	0.0006168171552
93338	0.002929571285
93339	0.001129215307
93340	0.002240785192
93341	0.005338372112
93342	0.004536444332
93343	0.0006820670477
93344	0.003599539456
93345	0.0005064929044
93346	0.0009497748921
93347	0.004081886372
93348	0.0009427385991
93349	0.0007187244072
93350	0.001032750578
93351	0.0006750094538
93352	0.0009823058453
93353	0.001773559314
93354	0.001966917299
93355	0.001213979547
93356	0.0004527101544
93357	0.00177521618
93358	0.00141419052
93359	7.070164272e-06
93360	0.0002979308204
93361	0.0006232237581
93362	0.0004101868253
93363	0.001664396124
93364	0.0008745855831
93365	0.001848467358
93366	0.001000368128
93367	0.001331206295
93368	0.0004761404478
93369	0.0004299913383
93370	0.001616166154
93371	0.001543261983
93372	0.0006593703842
93373	0.000237482891
93374	0.0003229119065
93375	0.0001361712624
93376	0.001945410923
93377	8.261307355e-05
93378	0.01079557807
93379	0.002343282764
93380	0.0005960198291
93381	0.002493871774
93382	0.002380024487
93383	0.002575037365
93384	0.0004538445758
93385	0.0009916505222
93386	0.00386932932
93387	0.000179632072
93388	0.001052463
93389	0.001410463261
93390	0.001096803019
93391	0.002110620125
93392	0.002368369072
93393	0.001476176081
93394	0.0009485081424
93395	0.0005981299748
93396	0.005008917854
93397	0.001209702441
93398	2.337574798e-05
93399	5.034408474e-05
93400	0.0008183506446
93401	0.0002187811553
93402	0.002528396116
93403	0.0004454208147
93404	0.0001911609699
93405	0.003265944306
93406	0.00397776108
93407	0.004152670746
93408	0.001560352422
93409	0.001846224735
93410	0.001912742246
93411	0.002622644121
93412	0.004740548043
93413	0.0009974480945
93414	0.001842644749
93415	0.002150897713
93416	0.001284032167
93417	4.862486931e-05
93418	0.003951288548
93419	0.002848955201
93420	9.444369808e-05
93421	3.672607406e-05
93422	0.0004315764002
93423	0.001525683068
93424	0.003207908044
93425	0.003364475659
93426	0.0005401637417
93427	8.69305932e-06
93428	0.0002764584474
93429	0.001771829228
93430	0.0001935294589
93431	0.0004643495194
93432	0.004136478152
93433	0.0004241893387
93434	0.001347088329
93435	0.001502710535
93436	0.001141029885
93437	6.991118534e-05
93438	0.00336797319
93439	0.002578928245
93440	0.0006696259035
93441	0.002812878057
93442	0.0002910829165
93443	0.001239136435
93444	0.0009603645258
93445	0.0004509243089
93446	0.0008294182419
93447	9.715472506e-05
93448	0.0008808155789
93449	0.001375254357
93450	0.0009457629708
93451	0.005113066952
93452	0.002554914528
93453	0.0001981112744
93454	0.002725114129
93455	0.001442216629
93456	0.0001454887973
93457	0.002557159838
93458	0.001965001701
93459	0.004113637274
93460	0.001269043776
93461	0.0007839710345
93462	0.007206885554
93463	0.0003494178725
93464	0.001337134805
93465	4.590032593e-05
93466	0.0001653830961
93467	0.0006197524672
93468	9.015410359e-05
93469	0.001092719488
93470	0.002793219355
93471	0.009256532593
93472	0.003824052261
93473	0.004253124327
93474	0.000862988692
93475	0.001479007565
93476	0.001661475968
93477	0.0009824476883
93478	0.0004480587111
93479	0.0001095427655
93480	0.001567089355
93481	0.002329611148
93482	0.0006588877028
93483	0.002974677155
93484	0.00373499191
93485	0.002423761509
93486	0.006355236388
93487	0.004394877554
93488	0.007238191347
93489	0.0005638184192
93490	0.001706854366
93491	0.0009781233724
93492	0.002278379119
93493	0.00219638651
93494	0.001642825077
93495	0.0006197149601
93496	0.003751674556
93497	0.001754320021
93498	0.002038376982
93499	0.002683124913
93500	0.003066857009
93501	0.001543133392
93502	0.002174144596
93503	0.003639763031
93504	0.0001564818287
93505	0.0006793030606
93506	0.001688955148
93507	0.002057609882
93508	0.0005770412674
93509	0.002120769165
93510	0.002573291599
93511	0.002905517085
93512	0.00532324835
93513	0.0002305986697
93514	0.003353851641
93515	0.001953208291
93516	0.003198895347
93517	0.001051201315
93518	0.002222337729
93519	0.0009090095361
93520	0.000765530186
93521	2.757249013e-05
93522	0.003557115771
93523	0.002853095322
93524	0.001655398248
93525	0.0009911003475
93526	0.0005817536385
93527	0.0029411064
93528	0.0001210280199
93529	0.004647487998
93530	0.0007595168771
93531	0.00033383284
93532	0.001871232495
93533	0.0003624704077
93534	0.0014299301
93535	0.002039145347
93536	8.195041182e-05
93537	0.002620839221
93538	0.0001907979928
93539	0.00317322774
93540	0.0008787861755
93541	0.001798874932
93542	0.00157283066
93543	0.0007649712471
93544	0.003226958415
93545	0.002007931367
93546	0.005222552766
93547	0.0003322730608
93548	0.001403762243
93549	0.0006966226284
93550	0.001198095421
93551	0.0003152730098
93552	0.004598278911
93553	0.002837897507
93554	0.001172923312
93555	0.002823740681
93556	0.0006361315752
93557	0.000586524537
93558	0.0005342206436
93559	0.005632912814
93560	0.001218444479
93561	7.526683255e-05
93562	0.0005372793668
93563	0.005258393539
93564	0.003236679274
93565	0.001728947384
93566	0.0003468556921
93567	0.006558457298
93568	0.001475774404
93569	0.004033287596
93570	0.007116757828
93571	0.0004660052979
93572	0.0001939808953
93573	0.003422132795
93574	0.004761046427
93575	0.00316324857
93576	0.002106239828
93577	0.0007598009031
93578	0.001837115594
93579	0.001574042164
93580	2.929826092e-05
93581	0.0009169123091
93582	0.0006041990675
93583	0.001015431447
93584	0.0005260822207
93585	0.0008732141143
93586	0.003475137467
93587	0.0003970898042
93588	0.00129211924
93589	0.004489149327
93590	0.0007739244645
93591	4.598603282e-06
93592	0.001850076082
93593	0.0006960432755
93594	0.00459636748
93595	0.000245658245
93596	0.0002975124309
93597	0.003255911618
93598	0.001699804475
93599	0.001633039421
93600	0.0002419390035
93601	7.793823603e-06
93602	0.0001347970679
93603	0.0004544931361
93604	0.0002746857252
93605	0.001065390021
93606	0.0008127715168
93607	0.0007667839873
93608	0.01086081721
93609	0.0006950870674
93610	0.0004271786104
93611	0.0009418009409
93612	0.002337021813
93613	0.002560460426
93614	0.003083220504
93615	0.00167006794
93616	0.002860567633
93617	8.212879602e-05
93618	0.001363106386
93619	0.0009187342641
93620	0.0007811176536
93621	0.0003213525043
93622	0.002906979894
93623	0.0001803156959
93624	0.0001137240829
93625	0.0001994118481
93626	0.00282158794
93627	0.00308287928
93628	0.002782915711
93629	0.00120284691
93630	0.0008122223495
93631	6.178651878e-05
93632	0.002104074292
93633	0.005556214367
93634	0.00576526903
93635	0.004286267733
93636	0.0007716697291
93637	0.005174410888
93638	0.0004416981193
93639	0.00230097792
93640	0.00603905194
93641	0.0007125644151
93642	1.317289505e-05
93643	4.231539647e-05
93644	0.003226257427
93645	0.0004680624981
93646	0.001722714064
93647	0.0006396693996
93648	0.0006386581555
93649	0.002543573083
93650	0.003616045621
93651	0.003349951052
93652	0.003498099171
93653	0.001705876481
93654	0.0001283538838
93655	0.000802315371
93656	0.002651437949
93657	0.001309681548
93658	0.003280170238
93659	0.00278938398
93660	0.001191623218
93661	0.00143450852
93662	0.002649205508
93663	0.003310108014
93664	0.000405084095
93665	0.0003900223165
93666	0.001050474663
93667	0.001980381396
93668	0.001315458481
93669	0.0004121719389
93670	0.002378134331
93671	3.008954482e-07
93672	0.001173049669
93673	0.0004041451574
93674	0.0009269097884
93675	0.001994953511
93676	0.0003976016232
93677	5.927753827e-06
93678	0.001994253358
93679	0.000794756845
93680	0.001726712612
93681	0.002135446438
93682	0.001462909311
93683	0.002255544053
93684	0.0005152830196
93685	0.001704125047
93686	0.0009302495021
93687	0.0006690335899
93688	0.001722799163
93689	0.001997173523
93690	0.003302554762
93691	0.001594554374
93692	0.002120738662
93693	0.001339361139
93694	0.001341244375
93695	0.002913203121
93696	0.001977024243
93697	1.932452754e-05
93698	0
93699	0.0006738127954
93700	0.00173174597
93701	0.0006593078487
93702	0.001985160665
93703	0.0009271886838
93704	0.00197778462
93705	1.334023094e-06
93706	0.001065622683
93707	0.002112168444
93708	0.002650969612
93709	0.001722165457
93710	0.001590908111
93711	0.0007971207228
93712	0.00185846261
93713	0.002779348848
93714	0.001456643085
93715	0.000267207099
93716	0.0001298082053
93717	0.001330342329
93718	0.001724322466
93719	0.002239031942
93720	0.001591588369
93721	6.754899403e-06
93722	0.001865717544
93723	0.0004077271649
93724	0.001718788032
93725	0.001457922321
93726	0.002372227841
93727	0.001991876252
93728	0.001717399496
93729	0.002130291758
93730	4.911746074e-08
93731	0.001444386893
93732	0.0007998280683
93733	0.001725607013
93734	1.423241046e-06
93735	0.002378628209
93736	0.001726061062
93737	0.001990242175
93738	0.001734900872
93739	0.003175046956
93740	0.0006729810148
93741	0.0001353270337
93742	0.0007925059364
93743	0.004226314938
93744	0.0006618913528
93745	0.0001303385235
93746	0.001199497147
93747	0.0005385658747
93748	0.0003978858871
93749	0.001857815354
93750	0.001193947278
93751	0.0009306071149
93752	0.001860723593
93753	0.001589328499
93754	0.002255618558
93755	9.410329313e-07
93756	0.001730058006
93757	0.002001924108
93758	0.0007925324225
93759	0.001204423935
93760	0.002784416878
93761	0.0003986766396
93762	0.001974438816
93763	0.0006606298419
93764	0.001449136853
93765	0.002005472434
93766	0.000179915808
93767	0.0006566560137
93768	0.0008186498054
93769	5.619243412e-05
93770	0.0001947616078
93771	4.08442976e-05
93772	0.004111443722
93773	0.005052930059
93774	0.0002015755115
93775	5.493561009e-05
93776	0.00266337753
93777	1.935456637e-05
93778	0.0008000342015
93779	0.001752427412
93780	0.003525679269
93781	0.009792324066
93782	0.002099165996
93783	0.0009045847418
93784	0.001681296182
93785	0.0006986896873
93786	0.002045826634
93787	0.000701501542
93788	0.00185222454
93789	0.001367254881
93790	0.0009939742679
93791	0.005426563935
93792	0.001708429677
93793	0.0004105027715
93794	0.000789428737
93795	0.0004754707829
93796	0.003154666996
93797	0.0005651790807
93798	0.006677008245
93799	0.005423359275
93800	0.0008437478001
93801	0.002965473575
93802	0.002721503377
93803	0.002649770746
93804	0.001223916484
93805	0.0001303755951
93806	0.0008713462908
93807	0.000578768517
93808	0.0002903981782
93809	0.001167202242
93810	0.001877399284
93811	0.0008439118324
93812	0.006723564691
93813	0.005127249593
93814	0.007557655714
93815	0.001442616554
93816	0.0004149853198
93817	0.001860634305
93818	0.002794497738
93819	0.002820029601
93820	0.003635016171
93821	0.001770032448
93822	0.001237985088
93823	0.0001877676471
93824	0.001148742831
93825	0.001104745305
93826	0.003472213277
93827	0.000562748037
93828	0.001091076951
93829	0.004085026004
93830	0.002300605479
93831	0.002265530357
93832	0.002255835228
93833	0.0005327078089
93834	0.002348106706
93835	0.006488768273
93836	0.001759201877
93837	0.0005719593871
93838	0.002293440699
93839	0.003187820987
93840	0.000350270709
93841	0.003215734762
93842	0.0001694656743
93843	0.002493055564
93844	0.002831111997
93845	0.0002461449245
93846	0.001107864046
93847	1.482307127e-06
93848	0.001030869905
93849	0.001718997435
93850	0.0009568101406
93851	0.002147176504
93852	0.0009903529516
93853	0.003465485739
93854	0.003952244031
93855	0.0002350815574
93856	0.001468476355
93857	0.002952174999
93858	0.001849490667
93859	0.0002740358081
93860	0.0004356467738
93861	0.001359250201
93862	0.001375931831
93863	0.002318309536
93864	0.0004448962312
93865	0.000740695656
93866	0.004416307284
93867	0.0006619058722
93868	0.0002898599524
93869	7.84308723e-05
93870	0.002705577383
93871	5.313886578e-05
93872	0.006784212138
93873	0.001389565428
93874	0.0003609802161
93875	0.0006855334902
93876	0.001252316587
93877	7.529109864e-05
93878	0.008705716073
93879	0.001376384486
93880	0.0001745967979
93881	0.001729001279
93882	0.003184432584
93883	0.002162916642
93884	0.006328304117
93885	0.002448048717
93886	0.00401991624
93887	0.005253802868
93888	0.001607274645
93889	0.0029164908
93890	0.0009006811597
93891	0.0002320994239
93892	0.001441439769
93893	0.007044417587
93894	0.001740845646
93895	0.004857286315
93896	0.001699225838
93897	0.001203686262
93898	0.0004241174808
93899	0.0003220237635
93900	0.007331447679
93901	0.000836387939
93902	0.001468853436
93903	0.002098440452
93904	0.0001429111903
93905	0.001608029581
93906	0.0007974067011
93907	0.001650480044
93908	0.0005165545849
93909	0.0008509728807
93910	0.001981740044
93911	0.001886232826
93912	0.001125110404
93913	0.00185733829
93914	0
93915	0.001422410961
93916	0.004231179117
93917	0.003654190727
93918	0.000265355082
93919	0.001133374797
93920	0.005079299413
93921	0.001748638283
93922	0.001144913277
93923	0.001387600357
93924	0.0002978008399
93925	0.0002817022207
93926	0.003940728318
93927	0.00176207611
93928	0.0004496016217
93929	0.0002452444161
93930	0.004865689212
93931	0.003825150142
93932	0.002216362851
93933	0.003443445987
93934	0.003087239848
93935	0.001430790838
93936	0.0015183083
93937	0.0008764156364
93938	0.00400638978
93939	0.001282055008
93940	0.001392876245
93941	0.002218057869
93942	0.002323882229
93943	0.001128388018
93944	0.006675180594
93945	0.003124382099
93946	0.001527214081
93947	0.00234070972
93948	0.0005956148122
93949	0.002257470035
93950	0.0005533800389
93951	0.0001251012659
93952	0.002819938543
93953	0.001021202061
93954	0.003584255666
93955	0.001226446794
93956	0.001411237907
93957	0.0009099981414
93958	0.0002483383629
93959	0.0004337474992
93960	0.0008453141199
93961	0.001865961531
93962	0.0003771213291
93963	0.0006662500337
93964	0.0006848315181
93965	0.002595060683
93966	0.00230351455
93967	0.001886931183
93968	0.0008139897476
93969	0.001103823943
93970	0.002797971041
93971	0.0007523897079
93972	7.438680799e-05
93973	0.0003378323792
93974	0.003129422159
93975	0.0005385639027
93976	0.001561760631
93977	0.001148893686
93978	0.0007263882549
93979	0.002275797542
93980	0.001519645071
93981	0.001772193078
93982	0.0001442405646
93983	0.001502012434
93984	0.001733476339
93985	0.001333815721
93986	0.002429378093
93987	0.001038964146
93988	0.001060734524
93989	0.009312324548
93990	0.0009746034128
93991	0.004585262456
93992	0.004094665908
93993	0.00276930807
93994	0.000996324007
93995	4.424008645e-06
93996	0.00179231372
93997	0.002517039452
93998	0.001667868193
93999	0.001020546137
94000	0.0003629865793
94001	0.001868122982
94002	0.0009018034855
94003	0.003014642664
94004	0.002059030881
94005	0.002819038665
94006	0.00199425781
94007	0.0004992190215
94008	0.000487394718
94009	0.002288835929
94010	0.005541622122
94011	0.001330749072
94012	0.003857201736
94013	0.003732677959
94014	0.002978456326
94015	0.0005576163956
94016	0.001594371701
94017	0.009209421798
94018	0.002014882818
94019	0.001982458731
94020	0.001135729138
94021	0.0007881161527
94022	0.004991931004
94023	0.001830368873
94024	0.001449087049
94025	0.003841720538
94026	0.002298862477
94027	0.0006367105758
94028	0.0002168673197
94029	0.001840496693
94030	0.001080377206
94031	0.0001578832274
94032	0.003366303554
94033	0.002037451374
94034	0.001380893789
94035	0.003833469623
94036	0.001403217642
94037	0.004111206738
94038	0.00187074798
94039	0.0006590234946
94040	0.002916763021
94041	0.000727791414
94042	0.00152392406
94043	0.004969730195
94044	0.0002761456593
94045	0.001402138967
94046	0.001003149709
94047	6.920384273e-05
94048	0.001666446255
94049	0.003292515563
94050	0.001589995081
94051	0.0003150961678
94052	0.0002907919997
94053	0.001624559614
94054	0.0006095341935
94055	0.0001883869925
94056	0.000494261275
94057	0.0006370052418
94058	0.002189904077
94059	0.005166032484
94060	0.003188942472
94061	0.0009776047262
94062	0.000391523875
94063	0.001805684727
94064	0.00469621047
94065	0.00169136804
94066	0.005259843407
94067	0.001690000546
94068	4.872797755e-06
94069	0.002706578689
94070	0.002169807557
94071	0.001253702405
94072	0.002002394862
94073	0.004237028969
94074	0.0007806451331
94075	0.001426841312
94076	0.00182656497
94077	0.006955928822
94078	0.0006270422773
94079	0.003355335519
94080	0.000177795653
94081	0.003852812019
94082	3.450537311e-05
94083	0.001287487609
94084	0.00144194796
94085	0.0004768325232
94086	0.0006677969249
94087	0.004284668613
94088	0.0003175661011
94089	0.0001880753717
94090	0.0008279683954
94091	0.001644265417
94092	0.0004145201813
94093	0.000715904108
94094	0.0009252891326
94095	0.000298974008
94096	0.004422895757
94097	0.001633001723
94098	0.002277705367
94099	0.003707490046
94100	0.003103082314
94101	0.00229029868
94102	0.001999346498
94103	0.004731082529
94104	0.001432089628
94105	0.001907070946
94106	0.001780897159
94107	0.001017947843
94108	0.003810815701
94109	0.001418837695
94110	0.003276357009
94111	0.003679210195
94112	0.0006738152773
94113	0.0003434911108
94114	0.001465831964
94115	0.0003021352003
94116	0.001252189695
94117	0.002212586753
94118	0.0002881247431
94119	0.002677754039
94120	0.006546173729
94121	0.000276905874
94122	0.00420611173
94123	0.002635986736
94124	0.001294407191
94125	0.002698831242
94126	0.0009569794725
94127	0.000226416256
94128	0.0005392440293
94129	0.0002483049918
94130	0.003550780163
94131	0.001848827322
94132	0.000993053654
94133	0.005709301134
94134	0.006990340448
94135	0.001438827581
94136	0.001860687173
94137	0.001571741853
94138	0.001208979607
94139	0.005149165886
94140	0.0008535558855
94141	0.004692757711
94142	0.002424645235
94143	0.0006717543795
94144	0.005035804501
94145	0.0006073962596
94146	0.003611836943
94147	0.000628037431
94148	0.004887466741
94149	0.002999482903
94150	0.0001454778665
94151	0.0008452457241
94152	0.0004939922085
94153	4.449882094e-05
94154	0.001522425068
94155	0.002270989806
94156	0.00138403265
94157	0.001842557249
94158	0.0002290622963
94159	0.002424393116
94160	0.001853127014
94161	0.0001595066588
94162	0.001275015851
94163	0.001024943227
94164	0.003190165893
94165	0.002340325109
94166	0.001923149151
94167	0.0003798277881
94168	0.002097889458
94169	0.001370661617
94170	0.0008074629111
94171	0.001591086809
94172	0.004195005671
94173	0.002119479001
94174	0.004507752145
94175	0.002501745552
94176	0.000843681679
94177	0.001280473931
94178	0.006164270423
94179	0.002430267962
94180	0.001828082975
94181	0.00125457083
94182	0.001880717977
94183	0.003026521797
94184	0.0010605089
94185	0.0009264833387
94186	0.001325655298
94187	0.0004535058509
94188	0.003406533755
94189	0.000200741381
94190	0.005830662442
94191	0.002315972845
94192	0.002224272567
94193	0.007288387419
94194	0.004128444972
94195	0.001572218724
94196	0.003606750666
94197	0.0004458892227
94198	0.0001109653972
94199	0.003051476479
94200	0.000783476176
94201	0.004000332909
94202	0.001109194108
94203	0.002133806636
94204	1.423515564e-05
94205	0.006127549079
94206	0.001582503631
94207	0.001862629915
94208	0.002421171695
94209	0.002096830639
94210	0.0008134515411
94211	0.003947407469
94212	0.0027210748
94213	0.002139158026
94214	0.0003068972657
94215	0.001702274547
94216	0.001165482109
94217	0.001446353455
94218	0.0003671191347
94219	0.003931992993
94220	0.001553520059
94221	0
94222	0.0009039975071
94223	0.002157505608
94224	0.003056684192
94225	0.003434440916
94226	0.001629334269
94227	0.001043690025
94228	0.005192803963
94229	0.006631072759
94230	0.0009184438793
94231	0.001048232412
94232	5.845066689e-05
94233	0.00117907675
94234	1.61076381e-05
94235	0.003066390091
94236	0.002446529748
94237	0.0006463767966
94238	0.00188601439
94239	0.0005346007446
94240	0.000846036452
94241	0.001408679775
94242	0.003700542576
94243	0.0001521456387
94244	0.005015900681
94245	0.003056680886
94246	0.0002934975655
94247	0.002291099589
94248	0.003616840186
94249	0.005200640609
94250	0.001233740672
94251	0.002714704036
94252	0.0003510052136
94253	0.004008977403
94254	6.290059342e-05
94255	0.001991960983
94256	0.002067550657
94257	0.0007801469217
94258	0.0007950512817
94259	0.001619122241
94260	0.005069989825
94261	0.001190986773
94262	0.001227451604
94263	0.002994374484
94264	0.007541346216
94265	1.929307648e-05
94266	0.0009854075271
94267	8.291730293e-05
94268	0.003708116728
94269	0.0001709135816
94270	0.0005863437514
94271	0.003087630837
94272	0.004088316863
94273	0.0003930629686
94274	0.0003758724865
94275	0.001989577256
94276	0.001289609817
94277	2.251447743e-06
94278	0.0003714221118
94279	0.0003472637007
94280	0.002039259383
94281	0.00306128945
94282	0.001127906484
94283	0.002479402853
94284	0.0022263187
94285	0.001229398599
94286	0.003525263022
94287	0.005957726813
94288	0.0008610304692
94289	0.005379060279
94290	0.001057039353
94291	0.0004920219543
94292	0.005881131483
94293	0.002038757919
94294	0.0002817921183
94295	0.001246673599
94296	0.0001438949775
94297	0.001046573801
94298	0.0007423983501
94299	0.0002470060139
94300	0.0009935074532
94301	0.001867532083
94302	0.001737405342
94303	0.0009979659248
94304	0.00284085071
94305	0.0002259764389
94306	0.0004245905644
94307	0.004126399307
94308	0.001556238732
94309	0.001274729659
94310	0.0007480178483
94311	0.0003654422755
94312	0.001184577574
94313	5.516748535e-05
94314	0.0007687896641
94315	0.001702658326
94316	0.00360138775
94317	0.004519659689
94318	0.002489556975
94319	0.0007402531354
94320	0.002972005751
94321	0.000996065525
94322	0.003873633099
94323	0.001687765309
94324	0.001400644773
94325	0.0003861920001
94326	0.002653188106
94327	0.005698664294
94328	0.0003454041477
94329	0.002490927903
94330	0.003415944389
94331	0.002843073338
94332	0.005304678696
94333	0.0004145664959
94334	0.008299207466
94335	0.001154374754
94336	0.0008997135851
94337	0.0001372658581
94338	0.001666720662
94339	0.002631651973
94340	6.471384488e-05
94341	0.00144223504
94342	0.002324664436
94343	0.00406386051
94344	0.003718753883
94345	0.001860793544
94346	0.002149779923
94347	0.004392268746
94348	0.003079066491
94349	0.00253161209
94350	0.001529901987
94351	0.002227312175
94352	0.002255657001
94353	0.001966695896
94354	0.001839086748
94355	0.001722875014
94356	0.002252082617
94357	0.0007818508568
94358	0.0003209882464
94359	0.002258731325
94360	0.0004215336954
94361	0.001082372713
94362	0.002525226535
94363	0.0009615676763
94364	0.00615153679
94365	0.0002568304182
94366	0.0006307806948
94367	0.002946556141
94368	0.0006795738505
94369	0.001314588526
94370	0.006419043763
94371	0.002747743574
94372	0.0004119958111
94373	0.0001277419937
94374	0.0004257344122
94375	0.000613303314
94376	0.0008471875701
94377	0.0008555151682
94378	0.0006741578133
94379	0.005302246593
94380	0.001217957812
94381	0.004785968997
94382	0.001151680475
94383	0.0008516248978
94384	0.0002635700186
94385	0.002437216693
94386	0.00785005043
94387	0.001263019918
94388	0.002852447841
94389	0.001745321943
94390	0.001567607739
94391	0.001822080902
94392	0.001539272407
94393	0.004052580657
94394	0.002190604573
94395	0.00214924714
94396	0.0004430114005
94397	0.00265664556
94398	0.002673545898
94399	1.00369116e-05
94400	0.0003332472863
94401	0.003829003948
94402	0.005839149919
94403	0.001199174582
94404	0.002420488604
94405	0.00519766576
94406	0.002929969145
94407	0.001936771901
94408	7.706987556e-05
94409	0.0010703151
94410	0.001132758061
94411	0.001907214982
94412	0.0002678721869
94413	0.0003109449342
94414	0.007197077615
94415	0.0003428513908
94416	0.002768177538
94417	0.003052883898
94418	8.188701052e-05
94419	0.0007688331024
94420	0.0003226315209
94421	0.003264089897
94422	0.002010394905
94423	4.313470327e-05
94424	0.001444569117
94425	0.002026206877
94426	0.0005389156914
94427	0.00527718915
94428	0.002419875877
94429	0.003071441344
94430	0.0008420645089
94431	0.00353962652
94432	0.005510619765
94433	0.002287677233
94434	0.001098688041
94435	0.002956100409
94436	2.142533095e-05
94437	0.0001234201526
94438	0.004405982256
94439	0.002993879917
94440	0.0004718491429
94441	0.002736679879
94442	0.007482940206
94443	0.001567190038
94444	0.0003898888487
94445	0.001895933652
94446	0.003868452715
94447	0.002989398644
94448	0.003178457929
94449	0.0007496329186
94450	0.004513764464
94451	0.001758884673
94452	0.002754127539
94453	0.0006751383729
94454	0.0005502689196
94455	0.006334837018
94456	0.002253037295
94457	0.001783630385
94458	0.001057624713
94459	0.0003401081616
94460	0.001524660078
94461	0.0003006309649
94462	0.002629003016
94463	0.00283907559
94464	0.003107419733
94465	0.001023994918
94466	0.002632288231
94467	0.004406030969
94468	0.004212444448
94469	0.0009295482329
94470	0.003210491112
94471	0.006647641975
94472	0.001771329853
94473	0.002339385641
94474	0.007719445434
94475	0.002772073496
94476	0.001584270365
94477	3.291515952e-06
94478	0.002807867599
94479	0.002539336343
94480	0.004132454575
94481	0.003848502528
94482	0.0009629786715
94483	0.001496305928
94484	0.003064286551
94485	0.0028056155
94486	0.001015228722
94487	0
94488	8.42709816e-05
94489	0.002215613262
94490	0.001392511293
94491	0.008062353782
94492	0.007181512574
94493	0.001501401248
94494	0.003486219422
94495	0.0007333284929
94496	0.0008585193575
94497	0.00168140068
94498	0.003946392113
94499	0.004858052446
94500	0.002811748583
94501	0.002394134476
94502	0.00361389861
94503	0.0009048575569
94504	0.002408246966
94505	0.0005505204723
94506	0.001149509835
94507	0.0005983772253
94508	0.0003497682573
94509	0.004827269968
94510	2.052439301e-05
94511	0.002966980656
94512	0.002257459719
94513	0.001813332023
94514	0.001507024844
94515	0.001842613844
94516	0.005576313097
94517	0.00245337457
94518	0.003018233448
94519	0.001236301423
94520	0.005129527018
94521	0.0007157870272
94522	0.000970046203
94523	0.0005919411269
94524	0.002377588063
94525	0.001484227134
94526	0.005031850792
94527	0.006416671094
94528	0.001406427706
94529	3.62825642e-05
94530	0.0008949323338
94531	0.003869472344
94532	0.00531756665
94533	0.0007594960161
94534	0.00198773604
94535	0.0007803387879
94536	0.000847287623
94537	0.004516242583
94538	0.000135603336
94539	0.0008142138586
94540	0.000879928911
94541	0.004881697642
94542	0.001030410621
94543	0.0003204173322
94544	0.001273523671
94545	0.001437064721
94546	0.0003680283912
94547	0.001170052769
94548	0.0008920267774
94549	0.005802975478
94550	0.002162926469
94551	0.002073524024
94552	0.001249916664
94553	0.001999496582
94554	0.0005541196613
94555	0.0002192134273
94556	0.003778720039
94557	0.0003116894164
94558	0.0004630058164
94559	0.00173588394
94560	0.002087529326
94561	0.00512606079
94562	0.003093853733
94563	1.75786458e-05
94564	0.00437647166
94565	0.004270509909
94566	3.208533839e-05
94567	0.004313052028
94568	0.006428648668
94569	0.001546988612
94570	0.0003793971732
94571	0.001463712583
94572	0.0006917337285
94573	0.001233031875
94574	0.00201214716
94575	0.001598135858
94576	0.00482188604
94577	0.001584698155
94578	0.0005022127451
94579	0.003647091191
94580	0.0004346961266
94581	0.002630848708
94582	0.002318696359
94583	0.000696130448
94584	0.001925654451
94585	0.0003942445683
94586	0.002423470855
94587	0.002264604109
94588	0.003409335282
94589	0.002505367938
94590	0.0002020459489
94591	0.002209111318
94592	0.001646643904
94593	0.001742085983
94594	0.002938414763
94595	0.003000703537
94596	0.0003059819887
94597	0.001656946629
94598	0.0004925605246
94599	0.003832160347
94600	0.003688711332
94601	0.0008709743156
94602	0.005942457548
94603	0.001522903959
94604	5.040331337e-05
94605	0.0009719246662
94606	0.001830820608
94607	0.002811908616
94608	0.002382552867
94609	0.0007083308294
94610	0.003227790172
94611	0.003831534377
94612	0.0006237443395
94613	0.002426038161
94614	0.0002726231848
94615	0.008363561377
94616	0.000194747261
94617	0.001737005349
94618	0.004198828042
94619	0.001993199881
94620	0.004544039787
94621	0.0005858820549
94622	0.002580787759
94623	0.003040644007
94624	0.001587235691
94625	0.0005906558865
94626	0.003308778072
94627	0.003604763345
94628	0.001393986541
94629	0.001159215327
94630	0.001964898331
94631	0.008371632294
94632	0.001739838003
94633	2.47158583e-05
94634	0.004079607726
94635	0.001673259703
94636	0.0001686772081
94637	0.002073133793
94638	0.002321569268
94639	0.002840197763
94640	0.002277266639
94641	0.003209495073
94642	0.003426281039
94643	0.001739782881
94644	0.0006960906648
94645	0.00239243611
94646	0.002919164017
94647	0.0004533242932
94648	0.001065359867
94649	0.001035554001
94650	0.001059224566
94651	0.001615250951
94652	0.001244483118
94653	0.0002311887462
94654	0.005576981108
94655	0.002915915317
94656	0.002158469379
94657	0.0003927784196
94658	0.0001314826356
94659	0.0005380081728
94660	6.061559139e-05
94661	0.001141248359
94662	0.0007933275383
94663	0.002600314021
94664	0.004488869003
94665	0.000134923568
94666	0.00182357263
94667	0.0002210817481
94668	0.0003409748351
94669	0.002936410559
94670	0.002165203437
94671	0.002718256315
94672	0.0009234222817
94673	9.141213934e-05
94674	0.008636034429
94675	0.008494464407
94676	0.002639386241
94677	0.0008635599334
94678	0.0012634995
94679	0.001164201651
94680	0.002816329953
94681	0.0002754295293
94682	0.001392030646
94683	0.00396009404
94684	0.005248520832
94685	0.0001303122571
94686	0.0007317926301
94687	0.001396248558
94688	0.0005835861159
94689	0.003884898537
94690	0.004798371661
94691	0.001291162959
94692	0.003164672925
94693	0.00062661719
94694	0.0009439262144
94695	0.004219334358
94696	0.002239818427
94697	0.001575868706
94698	0.0005528476876
94699	0.0003697103509
94700	0.0001653557776
94701	0.0001073099361
94702	0.001155111529
94703	0.0002756921343
94704	0.0002172355854
94705	0.004122006264
94706	4.943183174e-06
94707	0.0002462926512
94708	0.001833004201
94709	0.0006865546319
94710	0.001026712845
94711	0.002009987032
94712	0.0005930987519
94713	0.002844518783
94714	0.001696540831
94715	9.054011807e-05
94716	0.0002502141242
94717	0.0001839866301
94718	0.0006928098114
94719	4.064057103e-05
94720	0.000666288297
94721	0.0007556568965
94722	0.0001641181492
94723	0.0003313812976
94724	5.874741198e-05
94725	0.0004077150437
94726	0.00139237427
94727	0.001169030595
94728	3.900931478e-05
94729	0.0007428352882
94730	0.0003866370819
94731	0.0006141461032
94732	0.0003490250245
94733	0.0001324252412
94734	0.0007653548794
94735	0.0005788862064
94736	0.0003408748017
94737	7.775845276e-05
94738	0.000359903253
94739	0.0007489336241
94740	0.0001956366254
94741	0.0003345452403
94742	0.0001563453135
94743	0.000609566051
94744	0.001247667408
94745	0.0002011537813
94746	0.001050245744
94747	0.0005645456105
94748	0.003224985322
94749	0.0002895536303
94750	0.0001450701909
94751	0.0009373779404
94752	2.959974083e-05
94753	4.221567406e-06
94754	0.001594906831
94755	0.001785882764
94756	0.0002889794493
94757	0.0009160257675
94758	0.0003675394674
94759	0.0001138587693
94760	0.0003271175956
94761	0.001466385582
94762	0.0001189268744
94763	0.004704987347
94764	0.000118521479
94765	0.000119715113
94766	0.0002302244314
94767	0.0001404541267
94768	0.002266714355
94769	0.0001534037376
94770	0.000230791923
94771	0.001321189677
94772	0.001332931879
94773	0.002474199912
94774	0.002606415284
94775	0.00302785399
94776	0.002599427726
94777	0.001715402273
94778	0.003571318059
94779	0.001315840517
94780	0.0007565697249
94781	0.001790617603
94782	0.0004323377011
94783	0.00101910216
94784	0.002366626061
94785	0.001811908776
94786	0.001712265935
94787	0.003728503053
94788	0.001337269091
94789	0.001033226744
94790	5.316429641e-06
94791	0.002592266782
94792	0.007614810155
94793	0.002432542293
94794	0.0009962885354
94795	0.006279718768
94796	0.0006282410865
94797	0.0008236864227
94798	0.003170745215
94799	0.004883355843
94800	0.0008990834039
94801	0.001349675765
94802	0.0007536847652
94803	0.005075063211
94804	0.004311216733
94805	0.001811928298
94806	1.201518618e-05
94807	0.0008595984148
94808	0.0006956883578
94809	1.221012107e-05
94810	0.0006239454933
94811	0.002503647953
94812	3.590978634e-05
94813	0.001107638942
94814	0.0001988040286
94815	0.0001720794239
94816	0.0009320149778
94817	0.0001067497215
94818	0.0009164918569
94819	0.0004120054904
94820	0.000261917233
94821	0.0007183031429
94822	0.001180703971
94823	0.000616166799
94824	0.0002340240108
94825	0.003179720891
94826	0.001397680205
94827	0.0003128380826
94828	0.001582082861
94829	0.006782888361
94830	0.0009849502466
94831	0.009553620855
94832	0.0008887626523
94833	0.0003499508158
94834	0.002137387351
94835	0.004270813149
94836	0.0007416734554
94837	0.0006668753067
94838	0.0018648364
94839	0.0001525669063
94840	1.584937319e-05
94841	0.001536021293
94842	0.002088415897
94843	0.001416138343
94844	0.001329618182
94845	0.002858713351
94846	0.002294978802
94847	0.003463990822
94848	0.001958119619
94849	0.001574289539
94850	0.002732741296
94851	0.0008860293325
94852	0.001175944039
94853	5.578854954e-05
94854	0.0004627982572
94855	0.001020241349
94856	0.0001444285946
94857	0.0004021640014
94858	0.0003442419536
94859	0.006386874255
94860	0.0003320647928
94861	0.001935194757
94862	0.001835785251
94863	0.002540692207
94864	0.0007265190582
94865	0.0009204176517
94866	0.0006462718457
94867	0.002638601066
94868	0.004206608952
94869	0.003002647901
94870	0.0008782595255
94871	0.004322444914
94872	0.001729579106
94873	0.0001976831024
94874	0.00195438904
94875	0.001810622814
94876	0.007895382633
94877	0.001494108602
94878	5.835881819e-05
94879	1.242289833e-05
94880	0.0005894420393
94881	0.001815948009
94882	6.73301986e-05
94883	0.0009754313062
94884	0.001005574745
94885	0.002654101803
94886	0.0003047916543
94887	0.004961383013
94888	0.006405283957
94889	0.002064575703
94890	0.004001630611
94891	0.002093862009
94892	0.001334577589
94893	0.001909676859
94894	0.002585857606
94895	0.0008961125331
94896	6.908854947e-05
94897	0.0004724879112
94898	0.0007557926085
94899	0.0006629168756
94900	8.173460874e-05
94901	0.005183545468
94902	8.397384966e-06
94903	0.001748876322
94904	0.001182469591
94905	0.005313556044
94906	0.001407411355
94907	0.001101946882
94908	0.0001539816846
94909	0.001518268887
94910	0.0007281431664
94911	0.001634213796
94912	0.001456256359
94913	1.874553827e-05
94914	0.00038113653
94915	0.001389464506
94916	0.0001525502586
94917	9.58567765e-05
94918	0.0001766529855
94919	0.003857579239
94920	0.003821252248
94921	0.001061097721
94922	0.0006932463756
94923	0.002590607437
94924	0.000885538977
94925	0.008824008401
94926	0.002312496253
94927	0.001193369156
94928	0.0008200155858
94929	0.0004810142151
94930	0.0002300575986
94931	0.002369592531
94932	0.002612509203
94933	0.0007513029023
94934	0.004492450839
94935	0.001234069373
94936	0.0004265511167
94937	0.001813893916
94938	0.0008323101862
94939	0.001982812481
94940	0.0007165571565
94941	0.0003283729271
94942	4.155138524e-05
94943	1.322336386e-06
94944	0.004542703517
94945	0.005404181302
94946	0.0003298542038
94947	0.0004117307869
94948	0.00012165578
94949	8.675313214e-05
94950	0.001253773975
94951	0.0004500619577
94952	0.0001331044976
94953	7.733457922e-05
94954	0.002356482137
94955	0.001175395467
94956	0.002366887676
94957	0.000433032637
94958	0.002768773211
94959	0.001171055618
94960	0.001846279125
94961	0.007996286284
94962	0.0002072014094
94963	0.0005877861355
94964	0.0007054397813
94965	9.490213652e-05
94966	0.001627531583
94967	0.001319033299
94968	0.002467462887
94969	0.0001490597649
94970	2.551741295e-06
94971	0.003164471086
94972	0.0001633437104
94973	0.00393025879
94974	0.002514385154
94975	9.517352232e-05
94976	6.437087829e-05
94977	0.0001662850543
94978	0.0008568015421
94979	0.0005477400099
94980	0.003182597453
94981	0.006817609956
94982	0.0007586567755
94983	0.000804000903
94984	0.001401458715
94985	0.000470849965
94986	0.0004250191158
94987	0.001645023915
94988	0.001709480538
94989	0.0004010551266
94990	0.003022698076
94991	0.0006938944981
94992	0.004692357073
94993	0.002105332766
94994	0.0009003487468
94995	0.001326713297
94996	0.002758595439
94997	0.0008171354767
94998	2.62548525e-05
94999	0.0005377618718
95000	0.0024344927
95001	0.0009476085476
95002	0.003173764291
95003	5.034514481e-05
95004	9.640232914e-05
95005	0.003001554442
95006	5.50313838e-05
95007	0.001279893971
95008	0.001479509146
95009	0.0008695230729
95010	2.327524491e-05
95011	0.000275048336
95012	0.003051664916
95013	0.001579688636
95014	0.001715759969
95015	0.001271809574
95016	0.001986370771
95017	0.002855146012
95018	0.001654133295
95019	0.0003635360538
95020	3.121668886e-05
95021	0.001806022616
95022	0.000498552223
95023	0.00161020738
95024	0.0004087570798
95025	0.0008772479331
95026	0.001255942519
95027	0.0044351889
95028	0.001524933207
95029	0.00473612414
95030	0.0009052248744
95031	0.00241751866
95032	0.001911889982
95033	0.001845793984
95034	0.002600570425
95035	0.002147969863
95036	0.0009142207245
95037	0.0001349393332
95038	0.0002875229524
95039	0.004360826191
95040	0.006115659455
95041	5.423751861e-05
95042	0.0008179924613
95043	0.00421081429
95044	0.001221098546
95045	0.001217783893
95046	5.712124501e-05
95047	0.007675257883
95048	0.0005416020116
95049	0.0006157303942
95050	0.001401905984
95051	0.0009208892521
95052	0.001736306437
95053	0.001064139018
95054	0.001308356643
95055	0.0008337418194
95056	0.0004503794264
95057	0.002585290023
95058	0.0004266638396
95059	0.0004578096293
95060	0.001376171544
95061	0.0005956414493
95062	0.0003290426985
95063	0.0001328566792
95064	0.001354354611
95065	0.0008045036616
95066	0.001519601441
95067	0.0003381023395
95068	0.000146416277
95069	4.784523134e-05
95070	9.493048488e-05
95071	0.002607516146
95072	0.002588274309
95073	0.0004433287104
95074	0.0005117619595
95075	2.546328124e-05
95076	0.0004488216267
95077	0.00139010176
95078	0.0004953725698
95079	0.0003915154058
95080	0.0006441968666
95081	0.002344025238
95082	0.0002580534043
95083	7.151902323e-06
95084	3.640199198e-05
95085	0.006974232105
95086	0.002633810093
95087	0.00100049921
95088	0.003647640266
95089	0.001910971658
95090	0.002790689216
95091	0.0006990521488
95092	0.0009629658265
95093	0.00143191124
95094	0.0008062978031
95095	0.00208187915
95096	0.001122962506
95097	0.0003860270649
95098	9.501944835e-05
95099	0.0005739545909
95100	0.0004007082182
95101	0.0004569177795
95102	0.001698946471
95103	0.000755073244
95104	0.003100127361
95105	0.0007975298973
95106	0.002951114085
95107	0.0007191611586
95108	8.343040848e-05
95109	0.0001577678941
95110	0.0003369033576
95111	5.079396224e-05
95112	0.001369788381
95113	0.0005245093554
95114	0.0006650046253
95115	0.001275085092
95116	6.560344469e-05
95117	0.0001891690089
95118	0.0002529046422
95119	0.001676094161
95120	0.001673963349
95121	0.003139786952
95122	0.0008297112672
95123	0.0001098566235
95124	0.002357874683
95125	0.002722785331
95126	0.0007579012449
95127	0.0002330344093
95128	0.004504574172
95129	0.001172856799
95130	0.0001186320718
95131	0.0009875017034
95132	0.0002064034651
95133	0.0002593015943
95134	0.001103768516
95135	3.337599954e-05
95136	0.0008786567053
95137	0.006540256881
95138	1.518744424e-05
95139	0.0004530868265
95140	3.614514927e-05
95141	0.00154457237
95142	0.005298597046
95143	0.000723190622
95144	0.000539245355
95145	0.0006028574413
95146	0.0007291769278
95147	0.00225485329
95148	0.001186505296
95149	7.287482204e-05
95150	0.0009550417034
95151	3.607365602e-05
95152	0.003378736918
95153	0.0005894274197
95154	9.560803294e-06
95155	0.0007054521067
95156	0.0006071092044
95157	0.0001889881095
95158	0.0006054546263
95159	0.0007485040183
95160	0.0005429100735
95161	0.001797372216
95162	0.001066161705
95163	0.0004226118492
95164	9.071060041e-05
95165	0.0001562233175
95166	0.004017774027
95167	0.0001051721851
95168	0.0008823597669
95169	0.0007640372598
95170	0.0006368526996
95171	0.001882561925
95172	0.002638233325
95173	0.0005660218164
95174	0.0003992372466
95175	0.001804408804
95176	0.002081625286
95177	0.00348102152
95178	0.0004947440099
95179	0.0002664090328
95180	0.0003237827408
95181	0.0004805189128
95182	0.001586151818
95183	0.0009215436232
95184	0.00244723904
95185	0.0001863391099
95186	0.001335390961
95187	0.004014673565
95188	0.00140133095
95189	0.003868726137
95190	0.005030053312
95191	0.0009449739591
95192	0.001088251486
95193	0.001325246992
95194	0.0003697314005
95195	0.001945111686
95196	0.0002408010055
95197	0.000247663712
95198	0.0005590837238
95199	0.003258794163
95200	0.004647710332
95201	0.002827888417
95202	0.006036999258
95203	0.0005667675831
95204	0.003091994866
95205	0.009795251471
95206	0.001081116554
95207	0.001184514725
95208	0.003821157166
95209	5.972487097e-05
95210	0.0003940291789
95211	0.0008283364224
95212	0.0002804444959
95213	0.002101918896
95214	0.005067715865
95215	0.005713626007
95216	0.002653136604
95217	0.001154948705
95218	0.001166126435
95219	0.001009291501
95220	0.003058558631
95221	0.0005325749534
95222	0.001051938368
95223	0.006076856641
95224	0.002456523851
95225	0.0007192207835
95226	0.00422830317
95227	0.001785126735
95228	0.001368411888
95229	0.006924071639
95230	0.001332986489
95231	0.0009947277999
95232	0.001142335323
95233	0.001442176482
95234	0.00254206348
95235	0
95236	0.0007664197666
95237	0.00238493922
95238	0.0003514459398
95239	0.001308117198
95240	0.002645303864
95241	0.004491601568
95242	0.003358640985
95243	0.007155381395
95244	0.001406617179
95245	0.003616587008
95246	0.003526144937
95247	0.00097166757
95248	0.0007518924032
95249	0.0001462964309
95250	0.0007546475044
95251	0.002662954181
95252	0.005027909521
95253	0.002957217337
95254	0.0001665343964
95255	0.002095741134
95256	0.004244911033
95257	0.004406097133
95258	0.002965284715
95259	0.001955605259
95260	0.0009869637273
95261	0.00174770353
95262	0.001976442544
95263	0.004181465251
95264	0.0009143583954
95265	0.00232503304
95266	0.00359354036
95267	0.001025342461
95268	0.005698395684
95269	0.0005429410124
95270	0.004340832384
95271	0.002838570638
95272	0.00345106314
95273	0.00293074885
95274	0.002225149382
95275	0.004779605937
95276	0.007245334832
95277	0.005740309568
95278	0.0009179588481
95279	0.001205332163
95280	0.0006811431778
95281	0.0002291743392
95282	0.002809456646
95283	0.001209014625
95284	0.0003653207295
95285	0.0003773249288
95286	0.001800771967
95287	0.0007174043689
95288	0.0004444912969
95289	0.002058276053
95290	0.001043121499
95291	0.0005708434894
95292	0.00197263651
95293	0.007723982855
95294	0.003968287398
95295	0.005501934635
95296	0.004402427956
95297	0.003485960925
95298	0.003427731515
95299	0.0009323269893
95300	0.002880078803
95301	0.002947660883
95302	0.001308467188
95303	0.0008183360203
95304	0.003011156268
95305	0.0002082028294
95306	0.00704691318
95307	0.003685022558
95308	0.0005895252543
95309	0.001130594047
95310	0.005791273197
95311	0.002432825978
95312	0.001062986202
95313	0.005077128903
95314	0.0008829708914
95315	0.001931644623
95316	0.004209860788
95317	0.002040240598
95318	0.006467189047
95319	0.004101700822
95320	0.003190563567
95321	0.000293608965
95322	0.00104105003
95323	0.0004837074134
95324	0.002898026177
95325	0.002767726475
95326	0.001409860074
95327	0.002345798737
95328	0.003036710059
95329	0.0001685404752
95330	0.001838426151
95331	0.004082880516
95332	0.002574986391
95333	0.001940708723
95334	0.0009376175909
95335	0.0005371426723
95336	0.0006694362126
95337	0.0002373033335
95338	0.001345133755
95339	0.000445220604
95340	0.0002557640354
95341	0.002564429657
95342	0.004105818073
95343	0.0002614172716
95344	0.002758929064
95345	0.001533055653
95346	0.0004078363472
95347	0.00033951294
95348	0.001598591894
95349	0.001392110999
95350	0.001396499157
95351	2.187248466e-05
95352	0.0003510601512
95353	0.0004325963444
95354	0.0003185423495
95355	0.0001261502202
95356	0.00297011152
95357	0.0004916804405
95358	0.001278755366
95359	0.001590773302
95360	0.002167914321
95361	0.0002036929176
95362	0.0003369920947
95363	0.001816652067
95364	0.0004399385024
95365	0.005358375345
95366	0.00140882569
95367	0.001566298536
95368	0.0002055171847
95369	0.0008549904243
95370	0.002357126328
95371	0.006212107569
95372	0.002259572914
95373	0.002868152604
95374	0.0002927504259
95375	0.005133921209
95376	0.003225455743
95377	0.001054754644
95378	0.0007027179597
95379	0.002247017547
95380	0.005135896216
95381	0.0004285648655
95382	0.0008137001297
95383	0.00266828433
95384	0.00203057682
95385	0.0005907564123
95386	0.0007769172371
95387	0.001445938671
95388	0.0006900737526
95389	2.436887222e-05
95390	0.001148799637
95391	0.002702887786
95392	4.04562446e-05
95393	0.0030690934
95394	0.001383360215
95395	0.003556322668
95396	0.0006054889128
95397	0.004912094362
95398	0.002892478663
95399	0.0001510917723
95400	0.001381843326
95401	0.004422399371
95402	0.001611595308
95403	0.0008544836703
95404	0.0005113851864
95405	0.000138439884
95406	0.003405161897
95407	0.0004634257274
95408	0.0003291372541
95409	0.002183667467
95410	0.0002060384415
95411	6.326721436e-05
95412	0.006350709823
95413	0.0006190949147
95414	0.003559359452
95415	0.0001047541612
95416	9.971776692e-05
95417	0.003584352431
95418	0.001045253216
95419	0.0007214757141
95420	0.002188103299
95421	0.0001662520977
95422	0.001431092004
95423	0.001320397326
95424	0.001665794645
95425	0.0009008598454
95426	0.003282858063
95427	0.0002895517878
95428	0.0021135086
95429	0.003793622427
95430	0.00265554292
95431	0.0009707820331
95432	0.003886335404
95433	0.003710417438
95434	0.0005970534225
95435	0.0009499949723
95436	0.004865022664
95437	0.004743225563
95438	0.003233358405
95439	0.003708413704
95440	0.0002395695511
95441	0.0004353852437
95442	0.002603941544
95443	0.001180135578
95444	0.0001221667701
95445	0.0006827835826
95446	0.000550660984
95447	0.0003702618447
95448	0.001524182177
95449	0.000209553522
95450	0.001764855711
95451	0.0001502173332
95452	0.0006327962433
95453	0.0004832088121
95454	0.00180190392
95455	0.002892390066
95456	0.002627245768
95457	0.002030509644
95458	0.002187602858
95459	0.006663483166
95460	0.005859894892
95461	0.00356769476
95462	0.005952802103
95463	0.0001861850755
95464	0.001860073602
95465	0.0005090600552
95466	4.37373641e-05
95467	0.0003322073047
95468	0.0001221529772
95469	9.744733682e-05
95470	5.575847063e-05
95471	0.0003451850817
95472	0.00376086282
95473	0.002549744395
95474	0.002854199339
95475	0.001149358025
95476	0.001932613353
95477	0.001404740223
95478	0.002031459
95479	0.00620136828
95480	0.004375340923
95481	0.0006218088127
95482	0.000913950399
95483	0.0007712281356
95484	0.002580764447
95485	0.002027832597
95486	0.005688844334
95487	0.002246045887
95488	0.0009090391346
95489	0.005418430989
95490	0.0001022166442
95491	0.001281522532
95492	0.004279656546
95493	0.004178868382
95494	0.001039132568
95495	0.004300461217
95496	0.005235251034
95497	0.0004621160469
95498	0.0007332277381
95499	0.003037225166
95500	0.001801424642
95501	0.0005202596919
95502	0.001933210113
95503	0.0002870024634
95504	0.0001485603298
95505	0.0007397336604
95506	0.002629669304
95507	0.003357047469
95508	0.001426842135
95509	0.001924339117
95510	0.005574846079
95511	0.002324366912
95512	3.851532238e-05
95513	0.001009703219
95514	0.0009430869325
95515	0.001793791154
95516	0.0009011121867
95517	0.001836995019
95518	0.002846953252
95519	0.002054980286
95520	0.001759032375
95521	0.0001212893539
95522	0.002337483218
95523	0.0005202826941
95524	0.004089981093
95525	0.0005701386213
95526	0.003527481305
95527	0.001799994795
95528	0.002285105648
95529	4.420112692e-05
95530	0.0004979017762
95531	3.952930204e-06
95532	0.002683608238
95533	0.000133942498
95534	0.002954506829
95535	0.0004328027512
95536	0.001441276414
95537	0.0001476017174
95538	0.0002823219687
95539	1.764362448e-05
95540	0.0002466586401
95541	0.004755219927
95542	0.0002256423831
95543	0.001384440778
95544	0.004170066536
95545	0.0005745102806
95546	0.00067452987
95547	0.001778883479
95548	0.000174538947
95549	0.0005862103944
95550	0.0004867573079
95551	0.000557950104
95552	0.00323347112
95553	0.002869976037
95554	0.0002092722376
95555	0.0007881670888
95556	0.000924333333
95557	0.002987852926
95558	0.001179719645
95559	7.882933816e-05
95560	0.0002687573112
95561	0.000291040407
95562	0.005878519644
95563	0.0001266001397
95564	0.00125357032
95565	0.0006340281867
95566	0.002827795147
95567	0.001224879429
95568	0.003107646324
95569	9.191520595e-05
95570	0.0006926847452
95571	9.565965111e-05
95572	0.00107550322
95573	0.0003610910063
95574	0.002363939043
95575	0.001378043014
95576	0.0006889757477
95577	0.0003198296158
95578	0.001008706933
95579	0.006853246087
95580	0.0008247932835
95581	0.001626669709
95582	0.0001124054889
95583	0.001648882639
95584	0.001873602354
95585	0.002067947266
95586	0.0005658574325
95587	0.001228947471
95588	0.0007304207759
95589	0.001355353668
95590	0.0005935832617
95591	0.0004742516861
95592	0.0002972123301
95593	0.0009649733393
95594	0.0001534826172
95595	7.171957185e-05
95596	4.914135693e-05
95597	0.001487765021
95598	8.841335048e-05
95599	0.0002992359056
95600	0.0014206915
95601	0.0001223240203
95602	0.0009329616717
95603	0.003044358555
95604	0.001116691549
95605	0.001230184193
95606	6.728941662e-05
95607	0.0001507697105
95608	0.001077840458
95609	0.001950293129
95610	0.003350729654
95611	0.007474917958
95612	0.001446263132
95613	0.002424202712
95614	0.0001031760416
95615	0.0004137060534
95616	0.00350441898
95617	0.002184952231
95618	0.0005505317854
95619	0.001944491435
95620	0.0007865399867
95621	0.003706032204
95622	0.00109538774
95623	0.002656520079
95624	0.000347479549
95625	0.0009426507576
95626	0.0006687613833
95627	0.0009712622473
95628	0.0005080373233
95629	0.0001219809124
95630	0.0003221914265
95631	0.0002729833012
95632	0.0001874764538
95633	0.0005169390506
95634	1.505793356e-05
95635	0.001842254796
95636	0.0002083308347
95637	0.0001168007721
95638	2.505669705e-05
95639	0.0006006298201
95640	0.001865638762
95641	0.001728748782
95642	5.881957375e-05
95643	0.004843427288
95644	0.002313741045
95645	0.002072244231
95646	0.002900076047
95647	0.002846965095
95648	0.0005158136978
95649	0.001405150711
95650	0.001268465831
95651	0.001223239761
95652	0.0007202344592
95653	0.00242080003
95654	0.00255120403
95655	7.804265811e-05
95656	0.003455368958
95657	0.004151830589
95658	0.003699533995
95659	0.002550902967
95660	0.000501710777
95661	0.002065218683
95662	0.0006863171333
95663	0.0005558156508
95664	0.008031483898
95665	0.002839482173
95666	0.003156925784
95667	0.005696719512
95668	0.0009103360109
95669	0.003131137971
95670	0.002315292442
95671	0.000316924856
95672	0.005530878753
95673	0.003651060623
95674	0.0004114108083
95675	0.003066561598
95676	0.0001564118313
95677	0.003482280042
95678	0.002827922311
95679	0.0009681975635
95680	0.000279258244
95681	0.001043778886
95682	0.00093934039
95683	0.003987755106
95684	5.275497018e-07
95685	0.0008124506431
95686	0.0001545092969
95687	0.002480222009
95688	0.001671109709
95689	0.004631778976
95690	1.272794471e-05
95691	0.00533740463
95692	0.0003777335724
95693	0.00105167084
95694	0.0008920638369
95695	6.589964178e-05
95696	0.001450765692
95697	0.001824564988
95698	0.0001933099392
95699	0.00250810463
95700	0.001425576568
95701	0.001706540461
95702	0.002610047832
95703	0.001853137823
95704	0.0006024542096
95705	0.0006088511155
95706	0.001861944426
95707	0.001185450582
95708	0.002332442075
95709	0.004632968118
95710	0.002709276179
95711	7.394720302e-05
95712	0.0002131531062
95713	0.000166719887
95714	0.0006845057284
95715	0.0003579264167
95716	0.0002264802288
95717	0.0003026339371
95718	0.001891212497
95719	0.0008752266563
95720	0.0006803529898
95721	0.0009376971568
95722	2.842189569e-05
95723	0.001218643675
95724	4.209572407e-05
95725	0.0002840231009
95726	1.629546343e-05
95727	0.000137902666
95728	5.165942562e-05
95729	2.5109444e-05
95730	8.995557017e-05
95731	0.0005596507538
95732	0.0006951554761
95733	0.0007563378911
95734	0.0004201740508
95735	6.151266845e-05
95736	0.0003650664578
95737	0.0001206569389
95738	0.0006698615191
95739	0.0003080491413
95740	0.004422594071
95741	0.001492290676
95742	0.001120087191
95743	0.001995841819
95744	0.0001164036326
95745	0.002052186099
95746	0.00354716717
95747	0.0009602958603
95748	0.0003233509023
95749	0.004169161718
95750	0.0005782784785
95751	0.0006300645397
95752	0.0004501517473
95753	0.001377304253
95754	0.002780467775
95755	0.002352855714
95756	0.001276827825
95757	0.0006120828377
95758	0.003030545653
95759	0.0002054257773
95760	0.00354450089
95761	0.002356590126
95762	0.00394946264
95763	0
95764	0.0003926656617
95765	0.002763237899
95766	0.002321657562
95767	0.00305935745
95768	0.00337630366
95769	0.003929570018
95770	0.001373484066
95771	8.9433984e-05
95772	0.0006531977667
95773	0.003922966097
95774	0.004856362006
95775	0.00512184624
95776	0.001493606487
95777	0.0001716994136
95778	0.002977761363
95779	8.566570547e-05
95780	0.001574250363
95781	0.000349379364
95782	0.002861426198
95783	0.002472808329
95784	0.00234406491
95785	0.0003415573303
95786	0.001665611272
95787	0.0002240225695
95788	0.003309082107
95789	0.0008538707688
95790	0.004845319412
95791	0.004688297549
95792	0.002310410918
95793	0.0007270272046
95794	0.00270310584
95795	0.0003365018723
95796	0.002329596585
95797	0.0009440141806
95798	0.004375361268
95799	0.002119701474
95800	0.004827941332
95801	0.0005410216867
95802	0.00113085205
95803	0.004153502862
95804	0.002160515426
95805	0.008233554959
95806	0.001979866591
95807	0.003165419043
95808	0.003831143241
95809	0.006213348183
95810	0.0047988189
95811	0.0008489316519
95812	6.200035663e-05
95813	0.001465651596
95814	0.001457075329
95815	0.0001295248354
95816	0.0003110845858
95817	0.0007840953595
95818	0.002409807829
95819	1.004998554e-05
95820	0.00321471883
95821	0.002427902828
95822	0.0006176789867
95823	0.000936145
95824	0.00140265685
95825	0.001322091287
95826	0.001013107456
95827	0.004029008855
95828	0.001608545575
95829	0.001709841917
95830	0.001520374007
95831	0.004158878062
95832	0.001628445768
95833	0.005995821829
95834	0.00151482751
95835	0.0005911726054
95836	0.0005333449784
95837	0.001579049856
95838	0.001944717576
95839	0.00056161624
95840	0.005312137012
95841	4.106520223e-05
95842	0.002961625997
95843	0.0004187951962
95844	0.002431448293
95845	0.0001071538051
95846	0.002635607484
95847	0.0007114349821
95848	0.001178370813
95849	0.001530648078
95850	0.004932191292
95851	0.002657285229
95852	0.0003061771859
95853	0.0006385712082
95854	0.0005794853153
95855	0.0008028642239
95856	0.0002056713381
95857	0.0005729226957
95858	0.0004191658299
95859	7.214509567e-06
95860	0.0001533661763
95861	0.000411577006
95862	0.000255978932
95863	0.000116322515
95864	4.701098165e-05
95865	0.00382745268
95866	0.001122593533
95867	0.001748628907
95868	0.0002548457429
95869	0.001892031421
95870	0.0005095533226
95871	0.0009855128867
95872	0.002724964551
95873	0.0008181135305
95874	0.002591332635
95875	0.0009214311877
95876	0.0008263002566
95877	0.01256481245
95878	0.002092967788
95879	0.003466874896
95880	0.0005630397803
95881	0.002567092771
95882	0.0001024666032
95883	0.00107197618
95884	0.00340481483
95885	0.0006970161717
95886	0.0007482071422
95887	0.004561598775
95888	0.001575725212
95889	0.001979032532
95890	0.0009599729312
95891	0.0004229565265
95892	0.002312792357
95893	0.0007141530073
95894	0.0006406932351
95895	0.0001167603851
95896	0.005631411249
95897	0.003710537262
95898	0.002143463122
95899	0.001104790294
95900	0.003587577484
95901	0.00247214191
95902	2.806870002e-05
95903	0.0005842240888
95904	0.0003854007209
95905	0.0006544363532
95906	0.0005475836971
95907	0.001238716478
95908	0.0004645927164
95909	0.0001424842145
95910	0.0001429235606
95911	0.002638212018
95912	0.001905328814
95913	0.00254558631
95914	0.0008872393574
95915	0.001156911197
95916	0.002095648681
95917	0.0005088862228
95918	5.067911223e-05
95919	0.0003414329697
95920	0.0004139999144
95921	0.0008175610881
95922	0.000127022816
95923	1.344742834e-05
95924	0.0002747343689
95925	0.0002644285854
95926	0.0004905542174
95927	0.0003891254299
95928	7.307779975e-05
95929	0.0001570061839
95930	2.490788136e-05
95931	0.0002970410289
95932	0.0001455318452
95933	0.001656764487
95934	0.0009417111472
95935	0.0001904071089
95936	0.0001332117097
95937	0.0003306680988
95938	0.0001288153653
95939	0.0003803076284
95940	0.0001140280864
95941	0.0003093728642
95942	0.0003411465568
95943	0.0002917141165
95944	0.0004478753204
95945	0.0004459889705
95946	7.594907205e-05
95947	0.0004407266855
95948	0.0003432697372
95949	0.0001769781504
95950	0.0001329287392
95951	0.0006208591893
95952	0.0001695087489
95953	0.0002227788633
95954	0.000137831128
95955	0.0005313413036
95956	0.0001593801089
95957	0.0003939771704
95958	0.0003825300655
95959	0.0002465140598
95960	0.0003273188102
95961	0.0003100369031
95962	0.0001579889999
95963	0.0005654604848
95964	0.0005582336898
95965	0.0002954721085
95966	4.943229691e-06
95967	8.812282658e-05
95968	0.0001756995105
95969	4.572973871e-05
95970	0.000323948884
95971	0.0006333219402
95972	0.0007797810574
95973	0.0001712806669
95974	4.527034112e-05
95975	0.0001256132713
95976	0.0009488023033
95977	5.171439028e-05
95978	0.0005070636174
95979	1.27291931e-05
95980	0.0001329435228
95981	0.0002863107824
95982	0.0001257688016
95983	0.0001734341644
95984	9.108104917e-05
95985	0.0002826144239
95986	0.007111634313
95987	0.0001194803962
95988	0.0009223147555
95989	0.001089783416
95990	0.002687758897
95991	0.0004274039983
95992	0.0005691976575
95993	3.352580923e-05
95994	0.001610286013
95995	0.001366673578
95996	0.0003629792742
95997	3.261242154e-05
95998	0.004130629325
95999	0.0006266712321
96000	0.006479020946
96001	0.001289102635
96002	0.0005630495196
96003	0
96004	0.000504425917
96005	0.002387422343
96006	0.003476440369
96007	0.001486897447
96008	0.003153435977
96009	0.002054734345
96010	0.002131637401
96011	0.001849011021
96012	0.00567664036
96013	0.0005072870951
96014	0.001601413001
96015	0.001183566321
96016	0.003598146358
96017	0.001086652946
96018	0
96019	0.001849916069
96020	0.00189228234
96021	0.0008820076335
96022	0.0008403026128
96023	0.003803529459
96024	0.002518823762
96025	0.001025210756
96026	0.001284553848
96027	0.0008950173816
96028	0.0001254825332
96029	0.002260256803
96030	0.002943979209
96031	0.002366650025
96032	0.004461532452
96033	0.001877582821
96034	0.003603695351
96035	0.001905845346
96036	0.00102653312
96037	0.001052121691
96038	0.003303013373
96039	0.001110910504
96040	0.0002450869073
96041	0.001590641835
96042	0.002321305325
96043	0.001416158635
96044	0.002417588395
96045	0.002935496622
96046	0.002779333973
96047	0.002745092262
96048	0.0008473329476
96049	0.001010653665
96050	0.003047945051
96051	0.004434309942
96052	0.0004502293007
96053	1.25477592e-06
96054	2.874324055e-05
96055	0.0003157692644
96056	0.001988357833
96057	0.0006429800352
96058	0.004587876878
96059	0.001051559104
96060	0.0003609804623
96061	0.0001198785009
96062	0.0007223973913
96063	0.0001288252447
96064	0.0004747124637
96065	0.0004886895892
96066	2.209164312e-07
96067	0.0003592050449
96068	1.592749803e-07
96069	0.0004842309836
96070	0.0006044107038
96071	0.00384885664
96072	0.001467465396
96073	0.0008786219091
96074	0.0007872842764
96075	0.005952176928
96076	0.002660691074
96077	0.00170732171
96078	0.002522760178
96079	0.0005290548254
96080	0.002905933111
96081	0.001606090128
96082	0.0008056422649
96083	0.002898184218
96084	0.001209570502
96085	7.556293424e-05
96086	0.003697902541
96087	7.166609321e-05
96088	0.003379326481
96089	0.002292497655
96090	0.002253901182
96091	0.002082067035
96092	0.00018826053
96093	0.00576557229
96094	0.002307383457
96095	0.0009313687706
96096	0.0007846681525
96097	0.002970451229
96098	0.001193844428
96099	0.001853547155
96100	0.004309666487
96101	0.001680830592
96102	0.001026927035
96103	0.004558659367
96104	0.001632109553
96105	0.001912684554
96106	0.0008245739128
96107	0.003628623571
96108	0.001299117193
96109	0.0006834593086
96110	0.005324916506
96111	0.0008241938785
96112	4.622148076e-05
96113	0.0001580159983
96114	0.0001037971155
96115	0.0006346571873
96116	0.003637726301
96117	0.003211336394
96118	0.001536028884
96119	0.0008615361597
96120	0.002152208753
96121	0.0008971896744
96122	0.002775262219
96123	0.003408668789
96124	0.001493475613
96125	0.001454014061
96126	0.001216524329
96127	0.00248631258
96128	0.003057861649
96129	0.006225395434
96130	0.004949901538
96131	0.0001349823496
96132	0.000346043056
96133	0.0001582859844
96134	9.176020754e-05
96135	0.0001394568089
96136	0.001215034329
96137	0.0004628425202
96138	0.0005224377618
96139	0.001276282621
96140	0.002142554167
96141	0.0001968848569
96142	0.000757003953
96143	0.0002462572439
96144	0.001549904358
96145	0.0004597679749
96146	0.0004851504265
96147	0.000333119858
96148	0.0004022694043
96149	1.349753942e-05
96150	7.636681455e-05
96151	0.0002130834361
96152	0.001411207355
96153	0.0004417103416
96154	0.0001119612774
96155	0.0007993624607
96156	0.0003444765912
96157	0.0005200114199
96158	0.0002811221024
96159	5.036226126e-06
96160	0.0003507755289
96161	0.0004825260591
96162	0.0001997162313
96163	0.003330572812
96164	8.981803483e-05
96165	0.0007928639628
96166	0.0005183758625
96167	0.003030019916
96168	0.0003963908629
96169	0.0001235362664
96170	0.0007765519641
96171	0.0001321982191
96172	0.0002891198671
96173	9.911997399e-05
96174	0.002299573725
96175	0.0001969660855
96176	0.0005429110569
96177	0.002240439568
96178	0.0003830582066
96179	0.004725200745
96180	0.003616039638
96181	0.0003082883721
96182	0.001204510381
96183	0.001043263731
96184	0.0001748507573
96185	0.0004632222213
96186	8.160414498e-05
96187	0.0004736890792
96188	6.863710496e-05
96189	0.001005533412
96190	0.002025551628
96191	0.007200366304
96192	0.001874450968
96193	0.0002230581845
96194	0.000125367811
96195	0.0003713641286
96196	0.002078219782
96197	0.0001037172466
96198	0.001054276659
96199	0.0001790895259
96200	0.001091369476
96201	0.000709274624
96202	0.0004163656115
96203	0.0003732889973
96204	0.002254152114
96205	0.002657983956
96206	0.000232410524
96207	0.00044425745
96208	0.001129603031
96209	0.001159885782
96210	0.0002275253383
96211	0.0001367468243
96212	0.0031686797
96213	0.003132531579
96214	7.516696831e-05
96215	0.001192787221
96216	0.001055035545
96217	0.0001700919593
96218	0.0003420845305
96219	0.000846997034
96220	0.0001096691686
96221	0.000765594591
96222	0.001137363898
96223	0.0009168122496
96224	6.484198718e-05
96225	0.003245497481
96226	0.001605684332
96227	0.0004178993754
96228	1.620073263e-05
96229	0.0004957507737
96230	0.00259281558
96231	0.00639572547
96232	2.696941369e-05
96233	0.001984685512
96234	0.00604918382
96235	0.000560865638
96236	0.001217120976
96237	0.001001757773
96238	0.0002634318272
96239	0.0004653244449
96240	0.001252682001
96241	0.0012141387
96242	0.0002957204674
96243	0.0002739719929
96244	0.0006576765004
96245	0.002084009272
96246	0.00102065365
96247	0.001112673928
96248	0.0006715328007
96249	0.001692763456
96250	0.000855622897
96251	0.002980454958
96252	0.0001486246424
96253	0.001266974493
96254	0.0005214473003
96255	0.0002703224473
96256	0.001630340446
96257	0.0003565103832
96258	3.344215379e-05
96259	0.002840889729
96260	0.000738527325
96261	6.71826658e-05
96262	0.0001297389969
96263	0.001326590628
96264	0.002174713701
96265	0.006327815749
96266	0.0001279298924
96267	0.000107508573
96268	0.0004479442971
96269	0.0003377518788
96270	0.001196753421
96271	0.000534153367
96272	0.000705163508
96273	0.001522384374
96274	0.0009076845059
96275	0.0008686542512
96276	0.0004242485834
96277	3.273031453e-05
96278	0.0001954742896
96279	0.001243359487
96280	0.0008092204782
96281	0.0002034310072
96282	0.001268089129
96283	0.001175587224
96284	0.0003861029602
96285	0.0007481495563
96286	0.001152419281
96287	9.24266134e-05
96288	0.0003065154027
96289	0.0007391977312
96290	0.001867553811
96291	7.402595925e-05
96292	0.0005026563982
96293	0.0003639994223
96294	0.0009558873179
96295	0.0001315431513
96296	9.512810402e-06
96297	3.270764512e-05
96298	0.001361958866
96299	0.004431469769
96300	3.153569757e-05
96301	0.00183396041
96302	6.721083069e-06
96303	0.000195385248
96304	0.0003672138734
96305	0.001710813344
96306	0.004358918166
96307	0.004590678677
96308	0.003669899027
96309	0.00207713718
96310	0.0001675204224
96311	0.005329284902
96312	0.003404344516
96313	0.00149759373
96314	0.001493053171
96315	0.001094756232
96316	3.542477126e-05
96317	0.003838282591
96318	0.0002997219717
96319	0.003011601686
96320	0.002230583082
96321	6.492743858e-05
96322	0.0006995275506
96323	0.001576953932
96324	0.001233050723
96325	0.004743014625
96326	0.00386474019
96327	0.001460249892
96328	0.001131014644
96329	0.0018201892
96330	0.003545155466
96331	0.0007489878932
96332	0.0006424777185
96333	0.0005804625703
96334	0.001170749815
96335	0.002446092118
96336	0.0006995355045
96337	0.006633571489
96338	0.00440797126
96339	5.967104183e-05
96340	0.004391381815
96341	0.005579396636
96342	0.002186522483
96343	7.291966506e-06
96344	0.0002254550982
96345	4.007260409e-05
96346	0.005194676165
96347	0.0002367586394
96348	0.0005847655291
96349	0.001846919514
96350	0.001997849236
96351	0.0004773062838
96352	0.003488435709
96353	0.0008158526266
96354	0.001721408441
96355	0.0003096467456
96356	0.004169527751
96357	0.0003124104416
96358	0.003063478503
96359	0.0045140083
96360	0.0001329666492
96361	0.004878876112
96362	0.007317774979
96363	0.001489430097
96364	0.001744540825
96365	0.001568100643
96366	0.001465515966
96367	0.001164683194
96368	0.0001167588771
96369	0.001380991955
96370	0.002283364492
96371	0.002880366371
96372	0.00384984557
96373	0.002466773326
96374	0.0004372654034
96375	0.001003511072
96376	0.0009516478534
96377	0.004043921451
96378	0.0007899403623
96379	0.001021625289
96380	0.0002712941082
96381	0.003330330332
96382	0.001077164684
96383	0.005128296597
96384	0.0008080515017
96385	0.001994305549
96386	0.0008529276976
96387	0.001422076292
96388	0.002827742381
96389	0.006606097329
96390	0.001659440162
96391	0.001737980082
96392	0.003584339258
96393	0.001118208166
96394	0.0004524439359
96395	0.001275683999
96396	0.0007035881688
96397	0.0005626672627
96398	0.003083464725
96399	0.001252780156
96400	0.0007960813216
96401	0.002295407352
96402	0.001026194487
96403	0.0006630680414
96404	0.004198391281
96405	0.001629187647
96406	5.815488949e-05
96407	0.0001614839676
96408	2.256466712e-06
96409	0.0002583878238
96410	1.29651829e-05
96411	0.00048220738
96412	3.40810548e-05
96413	0.0002190119059
96414	0.0006364167749
96415	0.0005308159205
96416	9.329048567e-05
96417	0.000192635871
96418	0.0001452922696
96419	0.0004244603619
96420	0.0006637176632
96421	0.0005660538963
96422	0.0001910578323
96423	0.0006385719574
96424	0.0005076417562
96425	0.0003671210243
96426	0.0006925420815
96427	0.004590299806
96428	0.001672495877
96429	0.002466591716
96430	0.00113250773
96431	0.00266505079
96432	0.00112718851
96433	0.002363823581
96434	0.002035160507
96435	0.004113931804
96436	0.001758315862
96437	0.005554961522
96438	0.0005191336569
96439	0.0002410266788
96440	0.0003755257462
96441	0.003223334487
96442	3.609258132e-05
96443	0.0003225627601
96444	0.005769922953
96445	0.001112162325
96446	0.00392154059
96447	0.001191855633
96448	0.001405930235
96449	0.003755992226
96450	9.337836516e-05
96451	0.001279979807
96452	0.001804833476
96453	0.001444232163
96454	0.0003607584711
96455	0.002225562092
96456	0.004116823511
96457	0.002144706416
96458	0.001222735304
96459	0.001125611133
96460	0.003490142123
96461	0.0004421320871
96462	0.0009109052817
96463	0.0009729534759
96464	0.001868128981
96465	0.001367018618
96466	0.000475960823
96467	0.0001053274431
96468	0.001541495751
96469	0.0006418835858
96470	0.0006852165006
96471	0.0001546739519
96472	0.0005133096759
96473	0.0002386152961
96474	0.0005208464356
96475	0.001018580949
96476	7.301437092e-06
96477	0.0001535935198
96478	0.0004982381849
96479	0.0007752627616
96480	0.0004391118522
96481	0.0002269274751
96482	8.595307725e-05
96483	0.0001991783787
96484	0.0002606625904
96485	0.0003056857718
96486	7.102150665e-05
96487	2.003393493e-05
96488	5.700770185e-05
96489	0.0004792257506
96490	0.00152914898
96491	0.0001785070575
96492	0.0008045168062
96493	0.0001572158576
96494	0.001342946163
96495	0.001534198168
96496	0.0003164722437
96497	0.005755308671
96498	0.002487608883
96499	0.001271181613
96500	0.0003208130702
96501	0.00137965973
96502	7.717086308e-05
96503	0.003505480623
96504	0.002659848937
96505	0.001584374327
96506	0.0002009927795
96507	0.004751721082
96508	0.00609722344
96509	0.001848081953
96510	0.0002682559592
96511	0.0003128206105
96512	0.009427434425
96513	0.000696555836
96514	0.0007268123078
96515	0.00145308265
96516	0.001741723024
96517	0.003179160349
96518	0.002154641157
96519	0.0003257678146
96520	0.003207662097
96521	0.002402325123
96522	0.001339104033
96523	0.0006295875132
96524	0.003162313538
96525	0.0003999355442
96526	0.001039189942
96527	0.0001452395182
96528	0.0007459662934
96529	0.001178614576
96530	0.000930545397
96531	0.00570833936
96532	0.0002968963226
96533	0.0006479509909
96534	1.136868635e-05
96535	0.0003342226983
96536	0.002590307077
96537	0.002996474074
96538	0.001109030703
96539	0.001777457182
96540	0.000174210361
96541	0.002564290662
96542	0.002446261806
96543	0.002482844464
96544	0.002124486962
96545	0.001339271159
96546	0.0003170742657
96547	0.001061098188
96548	0.001703336899
96549	0.0008671380882
96550	1.123625718e-05
96551	0.0008385813683
96552	0.0001056629007
96553	0.004458459923
96554	0.0006356971729
96555	0.001477220185
96556	0.005157155798
96557	0.002968325116
96558	0.0009867038088
96559	0.0002510300564
96560	0.001656535769
96561	0.003342932888
96562	0.0003704371489
96563	0.005322578107
96564	0.0004919613998
96565	0.004643559576
96566	0.001825707884
96567	0.0001641384718
96568	0.006832694334
96569	0.0009022311116
96570	0.0004393791211
96571	0.0006008967267
96572	0.001471343175
96573	0.00578970522
96574	0.002435558335
96575	0.001918391073
96576	0.0002056763378
96577	0.0009124457542
96578	0.001080587973
96579	0.0004461994392
96580	0.001909074634
96581	0.005216234889
96582	0.0006765304739
96583	0.0009032993384
96584	0.0004850590407
96585	0.001609414911
96586	0.0006149982877
96587	0.002498414353
96588	4.130130026e-05
96589	0.001355368183
96590	0.003880054255
96591	0.0003249539324
96592	0.003775259429
96593	0.0004612973369
96594	0.002678119105
96595	0.0003956927651
96596	0.001201347786
96597	0.0007640027563
96598	0.0001856244417
96599	0.001578105455
96600	0.002317222643
96601	0.002197613055
96602	0.0004559611166
96603	0.0007581535712
96604	0.0001840290406
96605	0.0006831739065
96606	0.002432040232
96607	0.003969302981
96608	0.001479634723
96609	0.0009213213049
96610	0.0008422802083
96611	0.004327803682
96612	0.0002066406779
96613	1.486935036e-05
96614	0.001164472041
96615	9.799337057e-05
96616	0.0003915625544
96617	0.000226527883
96618	0.002934647983
96619	0.001231200386
96620	0.001218046826
96621	0.001579188207
96622	0.0005860818261
96623	0.00185855514
96624	0.001907833595
96625	0.0001319281685
96626	0.0005208211821
96627	0.00705859272
96628	0.0006294818939
96629	0.000498838563
96630	0.004183263177
96631	0.006460089285
96632	0.002543524358
96633	0.0004194362358
96634	0.004178590875
96635	0.0004539347568
96636	0.00100360486
96637	6.007008796e-05
96638	0.005745622741
96639	3.650853849e-05
96640	0.001143678907
96641	0.005834770229
96642	0.0001662843209
96643	0.0007631548485
96644	5.946960452e-05
96645	0.0004733114649
96646	0.0001762154937
96647	0.001999491179
96648	0.0006114699465
96649	0.0003723851719
96650	0.0001619151622
96651	6.845380938e-05
96652	0.001553349337
96653	0.003238713638
96654	0.001437230085
96655	0.005279830492
96656	0.004175935391
96657	0.0009586202121
96658	0.003356656736
96659	0.0009984837428
96660	0.000424082226
96661	6.51464866e-05
96662	0.002693274593
96663	0.0003545560002
96664	0.001577468048
96665	0.002193592619
96666	0.001077668593
96667	0.0005092374506
96668	0.0002359599881
96669	0.0004830987969
96670	0.0003883660982
96671	0.00649897836
96672	6.802458626e-05
96673	0.0004867127488
96674	0.0006168092211
96675	0.0003759769914
96676	0.001081020968
96677	0.003060357307
96678	0.0001928168944
96679	0.0001005666718
96680	0.0007052592387
96681	0.002719015016
96682	0.0001038783744
96683	0.0005382793901
96684	0.001923490438
96685	0.0003508140628
96686	0.002190362948
96687	0.002072862921
96688	0.001385838115
96689	0.001323355584
96690	0.001146349888
96691	0.001374511728
96692	0.0006010632427
96693	0.001134113914
96694	0.001363049652
96695	0.002136524187
96696	0.00471515767
96697	0.001200243388
96698	0.002990204173
96699	0.0007137532063
96700	0.0008338359371
96701	0.0005491525265
96702	0.0001392816641
96703	0.0007155866348
96704	0.000270231565
96705	0.001086370531
96706	0.001522521988
96707	0.001457384729
96708	0.001044816932
96709	0.001906644066
96710	0.008653647334
96711	6.61628386e-05
96712	0.0002620495208
96713	4.682788018e-05
96714	0.00015516458
96715	0.0006834492215
96716	0.000917133503
96717	0.0002667702386
96718	0.000972735368
96719	0.001104064745
96720	3.500313824e-05
96721	0.001400213772
96722	0.001872936263
96723	0.001561731245
96724	6.559513354e-05
96725	0.001457906224
96726	0.0001323699282
96727	0.0002400100384
96728	0.0007136039602
96729	0.0001170906206
96730	0.0003684164308
96731	0.0004368899272
96732	0.000919803754
96733	0.0002132187381
96734	0.001132094392
96735	7.627462374e-05
96736	2.318030409e-05
96737	0.0008772188782
96738	0.002271948408
96739	0.0007737416898
96740	4.860730014e-05
96741	0.0002878278276
96742	3.483044035e-05
96743	0.0009226278704
96744	0.0003670836378
96745	0.004279646809
96746	0.0002749507034
96747	0.001072916108
96748	0.001514410053
96749	0.003472068538
96750	0.004368831576
96751	1.536626274e-05
96752	0.002973596319
96753	0.0001242552983
96754	0.00537348573
96755	0.002155554088
96756	0.001704592323
96757	0.001731854542
96758	0.003945148348
96759	0.001767092881
96760	0.0005181627742
96761	0.0004010363566
96762	0.0003789502419
96763	0.0003254618059
96764	0.002882731083
96765	0.0003604661212
96766	0.001713163391
96767	0.002857932588
96768	0.0005469605393
96769	0.001714479951
96770	0.001651814521
96771	0.001425916311
96772	0.0009263257693
96773	0.001898342218
96774	0.0009543947854
96775	0.003058576573
96776	0.0009094157182
96777	0.001425160053
96778	0.006942531449
96779	0.0008498027716
96780	0.002088061658
96781	0.002399436337
96782	0.0004768126028
96783	0.0005414040717
96784	0.002983395165
96785	0.0004040472931
96786	0.003075888843
96787	0.001093724304
96788	0.003525420391
96789	0.0008839194475
96790	0.003586372065
96791	0.002304336979
96792	0.003527817592
96793	0.0006751509361
96794	0.002075309837
96795	0.003113344061
96796	0.003522948736
96797	0.002531569222
96798	0.00191379823
96799	0.0001354381391
96800	0.001759578402
96801	0.003189979039
96802	0.003262445037
96803	0.003130593602
96804	0.002792458947
96805	0.003388986486
96806	0.002662588543
96807	0.002982742568
96808	0.003658000874
96809	0.0001395497812
96810	0.002318595711
96811	0.001494326922
96812	0.001839835309
96813	0.001841607688
96814	0.0003996755445
96815	0.003106286916
96816	0.002092257285
96817	0.000683528643
96818	0.002460978685
96819	0.002576295277
96820	0.002301210743
96821	0.002762547887
96822	0.003633715222
96823	0.0005439264823
96824	0.003527413997
96825	0.003391134573
96826	0.003470861398
96827	0.00283162804
96828	0.002143734254
96829	0.001791018864
96830	0.002432601589
96831	0.002458041603
96832	0.002241582794
96833	0.003496594046
96834	0.0001344518862
96835	0.002499533538
96836	0.002464889205
96837	0.003610014926
96838	0.003634011912
96839	0.003387584373
96840	0.002764680765
96841	0.0024392158
96842	0.002955912683
96843	0.003176599516
96844	0.002005101635
96845	0.001309196661
96846	0.003654956516
96847	0.002176140048
96848	0.003522602221
96849	0.001740709209
96850	0.002975137977
96851	0.002988084577
96852	0.002693591566
96853	0.002030909353
96854	0.003177264406
96855	0.002436467545
96856	0.002337829559
96857	0.001222636559
96858	0.002919507198
96859	0.001360918954
96860	0.0017242918
96861	0.0009512286727
96862	0.003126010941
96863	0.001085075768
96864	0.003529051276
96865	0.001763458846
96866	0.003071361991
96867	0.003520452156
96868	0.001914491198
96869	0.003669996102
96870	0.00243504809
96871	0.001771469461
96872	0.0036343731
96873	2.112068988e-07
96874	0.002564504944
96875	0.00365709654
96876	0.002965569873
96877	0.001082776093
96878	0.00311895638
96879	0.002457668701
96880	0.003118459404
96881	0.0006700176935
96882	0.001769437754
96883	0.002356209989
96884	0.001768290145
96885	0.001447252361
96886	0.000134418965
96887	0.003247209974
96888	0.0009377154361
96889	0.003327610381
96890	0.002842570709
96891	0.003236345311
96892	0.003381691201
96893	0.003472199779
96894	0.003117960951
96895	0.003100177629
96896	0.001893601366
96897	0.002623444667
96898	0.0005511235508
96899	1.052754153e-05
96900	0.0003920122592
96901	0.0001359746314
96902	0.0004170454636
96903	0.0001408824547
96904	0.0001328602173
96905	7.596937381e-06
96906	3.986041864e-06
96907	0.000816260883
96908	0.0004170839046
96909	0.0005313423448
96910	0.000397503133
96911	0.001090510551
96912	0.0008054646691
96913	0.001076216386
96914	0.0004155761006
96915	1.407437353e-05
96916	0.001201539553
96917	0.0001292675965
96918	0.0005383318609
96919	0.0001315208824
96920	0.0006734790858
96921	0.0005323668221
96922	0.0005173673048
96923	0.0008082742482
96924	0.00132808963
96925	0.0005992565322
96926	0.0008446320345
96927	2.09551889e-05
96928	0.0002663207402
96929	0.0001884106882
96930	0.0001878486887
96931	0.0005901244688
96932	0.001232408933
96933	3.323197718e-05
96934	0.002405119857
96935	8.11644589e-05
96936	0.000266509083
96937	0.0005684681301
96938	0.001746952851
96939	0.0008536918187
96940	0.0008632354167
96941	0.0005245534455
96942	0.0006092268497
96943	0.001407272257
96944	0.0002114630727
96945	0.001302532881
96946	0.0003947355498
96947	0.000406737489
96948	0.0006879102114
96949	0.0007773996159
96950	0.001695548473
96951	0.0007981559157
96952	0.0001460185391
96953	5.997319275e-05
96954	0.003294682739
96955	0.0006875973698
96956	0.0002199882693
96957	0.0002707239557
96958	0.006044038513
96959	0.003183159613
96960	0.0005262638169
96961	0.0006263087297
96962	0.0008701918988
96963	0.0002202118707
96964	0.0002312955138
96965	0.0004057683422
96966	8.319692806e-05
96967	0.0003124519495
96968	0.0007283974625
96969	0.0001090826734
96970	0.0005056778374
96971	0.0001274410032
96972	0.0004695928263
96973	0.0009451931578
96974	0.0005239851827
96975	0.0001349245759
96976	0.00048587271
96977	0.0003981905687
96978	0.0008454290079
96979	0.001649465921
96980	0.0005481600383
96981	0.0002988311789
96982	8.501409701e-05
96983	0.001263747127
96984	0.0006021833719
96985	0.001822301494
96986	0.0005936462586
96987	0.002885975228
96988	0.0005973020802
96989	0.00076004736
96990	0.001026839258
96991	6.021642575e-05
96992	0.0002823640092
96993	0.001817212047
96994	0.001732214046
96995	0.001072615122
96996	0.0004155827289
96997	0.0009712145713
96998	0.00206881518
96999	0.000946515769
97000	0.001173342544
97001	0.0009111656726
97002	0.001854405377
97003	0.000777114669
97004	0.0005721826031
97005	0.001909881189
97006	7.328793453e-05
97007	0.001041446156
97008	0.00158728326
97009	0.0002939472758
97010	0.0001232048959
97011	0.0009035347674
97012	0.002866999364
97013	0.002168213133
97014	0.001155614819
97015	9.688533268e-05
97016	0.001345995948
97017	0.000539521845
97018	0.00260851422
97019	0.0006661126
97020	0.000477531528
97021	0.003132396708
97022	0.0003061183623
97023	0.0006998715888
97024	0.001636385018
97025	0.0004254778586
97026	0.000463105253
97027	0.001618787599
97028	0.00163178235
97029	0.0008342289585
97030	0.0007638179025
97031	0.0005883463429
97032	0.003528232757
97033	0.0002375396906
97034	0.0002702174516
97035	5.22559873e-05
97036	9.285041416e-05
97037	0.0007335753853
97038	0.003993435805
97039	8.030297407e-05
97040	0.003965620599
97041	0.0003310754791
97042	3.212436222e-05
97043	0.001601729292
97044	0.0002768120511
97045	0.001189152789
97046	0.002518273471
97047	0.0003196549346
97048	0.00144401275
97049	0.000781645207
97050	0.001482848156
97051	0.0002914396657
97052	1.569426972e-05
97053	0.0003769703522
97054	0.001158703484
97055	0.0002506636035
97056	0.0001106383181
97057	0.001383666561
97058	0.0005611556988
97059	0.001282674091
97060	0.0005222463798
97061	0.0004567333256
97062	0.001550514199
97063	0.001582913011
97064	0.0006847609852
97065	0.0006303219351
97066	0.0003947990802
97067	0.00217283877
97068	0.000399919825
97069	0.002075515601
97070	0.0005085613503
97071	0.0002571196946
97072	0.001208730648
97073	0.0008011493253
97074	0.0002214883119
97075	0.0003732676151
97076	0.002693434148
97077	0.00103897339
97078	0.001009648533
97079	8.521453969e-05
97080	0.0008556197712
97081	3.482056212e-05
97082	4.221387835e-05
97083	0.0003409961887
97084	0.0008574136484
97085	0.002494322948
97086	0.0002784855396
97087	0.0009646324974
97088	0.0009461287167
97089	0.0008526899319
97090	0.002070421416
97091	0.0007880367875
97092	0.0004189806267
97093	0.001260165104
97094	0.0003622870185
97095	0.0004216162226
97096	4.467517256e-05
97097	0.002186627396
97098	0.0003432904843
97099	0.0006216245256
97100	0.00164492862
97101	0.0005645960994
97102	1.730501669e-05
97103	0.0009050223994
97104	0.0004166513723
97105	0.001318123408
97106	0.001364878553
97107	0.0004713659994
97108	0.003374395116
97109	0.001241183468
97110	0.001012803819
97111	0.002376464351
97112	0.001889115103
97113	0.001063976516
97114	0.000307944361
97115	0.001107856094
97116	0.002867167932
97117	0.0002896686998
97118	0.003079809985
97119	0.002649933144
97120	0.003527583016
97121	0.0003527482373
97122	0.0002786991277
97123	0.0008864461223
97124	0.002939857644
97125	0.0005260642847
97126	0.001652666338
97127	0.001675525987
97128	0.002098575473
97129	8.805110653e-05
97130	0.0002554388907
97131	0.0004770336661
97132	0.001601667912
97133	0.001326915147
97134	0.0006196854364
97135	6.903021343e-05
97136	0.0004919440694
97137	0.0002560556197
97138	0.002939162487
97139	0.001522883636
97140	0.0004631468996
97141	0.0005574682482
97142	0.001601258222
97143	0.0004071135818
97144	0.0009328202032
97145	0.001655017105
97146	0.0001731519774
97147	0.0005456054543
97148	0.0006649295248
97149	6.685249944e-05
97150	0.000436427646
97151	0.0001416771646
97152	0.0008043634267
97153	0.001138412654
97154	0.001767814457
97155	0.0003777346955
97156	0.0005235460775
97157	0.0009233702761
97158	0.0006396645138
97159	0.0004776884053
97160	0.00136658453
97161	0.0007334113466
97162	0.0007370480331
97163	0.0006218435995
97164	0.000333334107
97165	0.001491649922
97166	0.0006300046395
97167	0.0002572285089
97168	0.000774611679
97169	0.0001987095483
97170	0.0006294763708
97171	0.001153576216
97172	0.0003480270192
97173	0.0005746801519
97174	0.0004389603346
97175	0.0008980639393
97176	0.0005315355178
97177	5.309968954e-05
97178	0.0007311058969
97179	0.0006728417266
97180	0.00244396548
97181	0.001369187608
97182	0.0004475443392
97183	0.001772282403
97184	0.0002277747041
97185	0.0002643590114
97186	0.001095853905
97187	0.0001209160559
97188	0.001089847095
97189	9.299092288e-05
97190	0.0001025200032
97191	0.001027527873
97192	0.001484482049
97193	0.0006883642002
97194	0.0001479401725
97195	0.001396807452
97196	0.0004432428585
97197	0.0003869273023
97198	0.0004193150976
97199	0.0007998400855
97200	0.001869012637
97201	0.0005667646193
97202	0.0009699740168
97203	0.0003742560527
97204	0.0006412525908
97205	0.0007259500853
97206	0.000389870118
97207	0.001286931557
97208	4.93556763e-05
97209	0.0003463511125
97210	0.0002188150034
97211	0.001286502406
97212	0.00179666792
97213	0.0008135766806
97214	0.0008326356431
97215	0.0003747309839
97216	0.001189007606
97217	1.077707692e-06
97218	0.002713756784
97219	0.0002863751777
97220	0.0001043279265
97221	7.912521089e-05
97222	0.0005572144926
97223	0.0004658351281
97224	0.002312721112
97225	0.0007548263543
97226	1.651504995e-05
97227	0.000308285791
97228	4.431673509e-05
97229	0.0004580571318
97230	0.002220551806
97231	0.0002572968152
97232	0.0001053550079
97233	0.001087112763
97234	0.002781883063
97235	0.0001533240952
97236	0.001677125771
97237	0.0005260399938
97238	0.0008317801674
97239	0.001845121336
97240	0.0009320801612
97241	0.0005465349853
97242	0.0005690193656
97243	0.0009584881909
97244	0.0004065927032
97245	0.0008417405007
97246	0.0007648184707
97247	0.001721135841
97248	0.0005666262591
97249	0.0005681492458
97250	0.000424976076
97251	0.0003543590492
97252	0.0001916858543
97253	0.002792909065
97254	0.0002008904337
97255	0.0007765334971
97256	2.870038049e-05
97257	0.0009338937063
97258	0.0009361461148
97259	0.0001677107878
97260	0.0004238258652
97261	0.0006873975351
97262	0.0002530062191
97263	0.0005646483652
97264	0.004412224899
97265	0.001686644582
97266	0.0002046081316
97267	0.001885735907
97268	0.0006845013356
97269	0.003000233999
97270	0.0005315372015
97271	0.001548847542
97272	0.0002752517008
97273	0.0007797026869
97274	9.016462631e-05
97275	0.002029964579
97276	0.0003525025907
97277	0.0001647395221
97278	0.001375486235
97279	0.0009903371906
97280	0.0007144577184
97281	0.0007625885492
97282	0.001051389791
97283	0.00133829754
97284	0.00172532071
97285	0.0006571642311
97286	0.000901648413
97287	0.00197705856
97288	0.001209746132
97289	0.0006476563914
97290	0.0001397937156
97291	0.001086834233
97292	0.0001607386025
97293	0.001159448304
97294	0.0002708459485
97295	0.0003302701173
97296	0.0001051606136
97297	0.0009538274145
97298	0.000262731496
97299	0.0001647658389
97300	0.0007914547839
97301	0.0007012920703
97302	0.002011840618
97303	0.0002402728496
97304	0.0005398482348
97305	0.0009502076336
97306	0.001172542235
97307	0.003675498927
97308	0.003145389555
97309	0.000561733818
97310	0.0001000783315
97311	0.001171399776
97312	0.000501372212
97313	2.589289218e-05
97314	0.001195257907
97315	0.00071918064
97316	0.0001077317165
97317	0.000647665368
97318	0.002355045356
97319	4.65620176e-05
97320	0.0001417912164
97321	6.000438478e-05
97322	0.0001975836797
97323	0.0001801141307
97324	0.0006705530052
97325	4.132387991e-05
97326	0.001632067868
97327	0.0009273451028
97328	0.00124037064
97329	0.001081806369
97330	0.0001958813845
97331	0.001353555712
97332	0.0001914384491
97333	0.0009001545067
97334	0.0006584720236
97335	0.0004715396698
97336	0.002529041985
97337	0.0004891034586
97338	0.0008085468493
97339	8.586655013e-05
97340	0.0003510910484
97341	0.003884689315
97342	0.001642845669
97343	0.0002391240034
97344	0.0006016619637
97345	0.0003971200274
97346	3.28057929e-05
97347	0.0008796334111
97348	0.001471786562
97349	0.000434199217
97350	0.0001020676543
97351	0.002145328375
97352	0.00239085493
97353	0.0007866827182
97354	0.002195704964
97355	0.0002885150991
97356	0.000653163298
97357	0.001699349564
97358	0.0003432269791
97359	0.0001846982491
97360	0.0003448993477
97361	0.0005636224922
97362	0.0004479887314
97363	0.0006659070704
97364	0.0009743642685
97365	0.0008417872137
97366	0.001117932953
97367	0.0009107740598
97368	0.0003562992432
97369	0.001076595236
97370	8.419376753e-05
97371	0.0001923091657
97372	0.001446070704
97373	6.587689976e-05
97374	0.0008513835692
97375	0.002063402179
97376	0.0009391366263
97377	0.002686016068
97378	0.0002167119597
97379	0.0002581401001
97380	0.003368061766
97381	5.718853427e-05
97382	0.0008131239861
97383	5.284634883e-05
97384	0.0005091408637
97385	0.001973341161
97386	0.0009027447917
97387	0.0008790681961
97388	0.001272402886
97389	0.0003797699474
97390	0.0007307677784
97391	0.0007041878223
97392	0.002957198666
97393	0.0001073469094
97394	0.00181875764
97395	0.002067353324
97396	0.002313486557
97397	0.002777114887
97398	0.0003742386499
97399	0.001019211979
97400	0.001811000373
97401	9.987133815e-05
97402	0.0003913974713
97403	3.515743048e-05
97404	0.0005634585717
97405	0.0005531277532
97406	0.001835995103
97407	0.0008195613114
97408	0.003756444752
97409	7.521782051e-05
97410	0.0004321459843
97411	0.0002096268494
97412	0.002681409116
97413	0.0005142973698
97414	0.0002490638495
97415	0.0009241488151
97416	0.0004869169222
97417	0.0002835548199
97418	0.001011344001
97419	0.0002933080717
97420	0.0001543952669
97421	0.0003448886368
97422	0.000969526174
97423	0.001309883395
97424	0.0009513069908
97425	0.0002151132176
97426	0.0005492029953
97427	0.0009360681553
97428	0.0002308612709
97429	0.0007482439783
97430	0.001076159788
97431	0.003368027563
97432	0.002237398465
97433	0.00136575293
97434	0.001315325135
97435	0.0004539442573
97436	0.0007584281942
97437	0.000429452
97438	0.0008774087053
97439	0.0002378317924
97440	0.0008863434778
97441	7.857408764e-07
97442	0.0004587405131
97443	0.0003926592323
97444	4.751571083e-05
97445	0.001149053972
97446	0.004381818011
97447	0.002995840773
97448	0.001177484052
97449	0.005861230998
97450	7.015350436e-05
97451	0.0008147287143
97452	0.0002229444167
97453	0.002687972623
97454	0.001406758029
97455	0.0006011900217
97456	0.0003646568802
97457	0.001583414138
97458	0.0008065123119
97459	0.002207149122
97460	0.0001513122313
97461	5.811001141e-05
97462	0.002376324036
97463	0.003568138699
97464	0.001738409255
97465	0.0006929360996
97466	0.002636172348
97467	0.00376693078
97468	0.000326688413
97469	0.001196379586
97470	0.0002556185022
97471	0.0007090437516
97472	0.003465959633
97473	0.001374707673
97474	0.0002976313818
97475	0.0004531437453
97476	0.001180805173
97477	0.0008290121759
97478	0.005017966683
97479	0.0002628684147
97480	0.006270402537
97481	0.0045367159
97482	0.001200545814
97483	0.001386401356
97484	0.0001984162893
97485	0.001918589011
97486	0.004751546048
97487	4.224096146e-05
97488	0.00131949377
97489	0.001527700441
97490	0.000274677338
97491	0.0004623888742
97492	0.002872566093
97493	0.00100869664
97494	0.0009387179351
97495	0.002430609748
97496	0.0001181449625
97497	0.003017331496
97498	8.559687849e-05
97499	0.0004966821635
97500	0.001050116904
97501	0.0009047121399
97502	0.002800240182
97503	0.003560256375
97504	0.0005100980956
97505	0.0001201502699
97506	0.001434094397
97507	0.0007240427832
97508	3.705751087e-05
97509	0.00462176409
97510	0.001922846577
97511	0.0002384260599
97512	0.0003811302115
97513	0.000328383312
97514	0.004844656455
97515	0.001227505429
97516	0.0009594673071
97517	0.0003180020583
97518	0.002250208492
97519	0.002978509972
97520	0.0009068886882
97521	0.007214361997
97522	0.003072704331
97523	0.002098689306
97524	0.0008004135427
97525	0.0002115320507
97526	0.004429321345
97527	0.002051165483
97528	0.003037654655
97529	0.0006421028467
97530	0.001561450737
97531	0.0005141302274
97532	8.326415956e-05
97533	0.001822830366
97534	0.003930135016
97535	0.001900068975
97536	0.002321327439
97537	0.0001579265267
97538	0.003077679411
97539	0.002247410184
97540	0.002127618187
97541	0.001405369545
97542	0.000420151344
97543	0.001106886994
97544	0.0005624930048
97545	0.0008952172861
97546	0.0008980238219
97547	0.002942438718
97548	0.002033017374
97549	0.008492775239
97550	0.002740902087
97551	0.003866303031
97552	0.002489618034
97553	0.0005196356897
97554	0.007195080105
97555	0.002061768954
97556	0.00275723082
97557	0.001384367797
97558	0.005565644378
97559	0.003657461357
97560	0.001613955906
97561	0.005288050535
97562	0.001427628197
97563	0.000544407371
97564	0.002438443426
97565	0.003680270959
97566	0.001190131233
97567	0.0007469938286
97568	0.005702442917
97569	0.002136721788
97570	0.002439607006
97571	0.0003721756096
97572	0.006727804073
97573	0.0007289363046
97574	0.003422748265
97575	6.777871995e-05
97576	0.001752515412
97577	0.001541459143
97578	0.0008962747182
97579	0.0008736739405
97580	0.0008521532885
97581	0.002083610884
97582	0.0009311011832
97583	0.0005651819289
97584	0.0006656200455
97585	0.001915294013
97586	0.0006595209494
97587	0.006700276982
97588	0.004287615993
97589	0.0005018391021
97590	0.00315172637
97591	0.0005330055128
97592	0.001506281547
97593	0.0007813327995
97594	0
97595	0.002061984659
97596	0.003531554253
97597	0.002523141464
97598	0.003105225757
97599	0.002989014576
97600	0.005397479918
97601	0.0008670459132
97602	0.001038277683
97603	0.0001184051942
97604	0.0004002900214
97605	0.002774551243
97606	0.002887302192
97607	0.0002801070993
97608	0.002261344623
97609	0.0004391272028
97610	0.0006807333446
97611	0.001652121492
97612	0.005323876356
97613	0.0001687535647
97614	0.004598569373
97615	0.0001128636173
97616	0.001235085971
97617	0.002472992962
97618	0.0005664903555
97619	0.0004687170602
97620	0.00117609262
97621	0.001165707204
97622	0.0002400325832
97623	0.001300893583
97624	0.001522905809
97625	0.0005358064731
97626	0.004969978143
97627	0.001638964625
97628	8.320279489e-05
97629	0.0004807043414
97630	0.005074577892
97631	0.003497387514
97632	4.486519457e-05
97633	0.0005368704383
97634	0.0002740476392
97635	0.001334841706
97636	0.0006171508553
97637	8.987446938e-05
97638	0.002124406727
97639	0.0002562273205
97640	0.001970048326
97641	0.001568217954
97642	0.0002610623548
97643	0.002528199532
97644	0.002282996058
97645	0.0001429802033
97646	0.001172223715
97647	0.004597024988
97648	4.7889099e-05
97649	0.000472924495
97650	0.000889824872
97651	0.0002642484707
97652	0.003165402349
97653	0.003323616561
97654	0.0003769216105
97655	0.0008797891436
97656	0.003573417804
97657	0.005506717411
97658	0.001164945123
97659	0.00206139865
97660	0.00229869056
97661	0.001432490755
97662	0.002185245767
97663	0.00057067059
97664	0.0008278002669
97665	0.003989859117
97666	0.002940268449
97667	9.041590403e-05
97668	0.001640589172
97669	0.0004549384325
97670	0.0008472355964
97671	0.003034945533
97672	6.172464072e-05
97673	0.004093326527
97674	0.0008064545446
97675	0.0006374497063
97676	0.003469071516
97677	0.0006141965969
97678	0.0004971111375
97679	0.0001612791996
97680	0.0005448334992
97681	0.0001896409338
97682	0.0001020478584
97683	0.001251068991
97684	0.001094007605
97685	4.973821511e-05
97686	0.002133049141
97687	0.000908120584
97688	0.002819054941
97689	0.0005032840235
97690	0.003694873834
97691	0.0007675229747
97692	0.0003378317367
97693	0.0007629389731
97694	0.0005033617363
97695	0.0005092673097
97696	0.001448013242
97697	0.001292818659
97698	0.0009645826402
97699	0.000586752184
97700	0.0001601944789
97701	0.004205870826
97702	0.0009961666526
97703	0.002839497522
97704	0.0005671242993
97705	0.002676112769
97706	0.001365274082
97707	0.003202297279
97708	0.003010597986
97709	0.003573056755
97710	0.004786106603
97711	0.001715154162
97712	0.0004119241067
97713	0.0006406111755
97714	0.0007802073919
97715	0.000634538243
97716	0.001426397933
97717	0.001875159869
97718	0.001115120529
97719	0.0004448004792
97720	0.0009767711729
97721	0.0009381121927
97722	0.00061152389
97723	0.002363517493
97724	0.005449519728
97725	9.487387145e-05
97726	0.0005497755766
97727	3.329450493e-05
97728	0.0005884536245
97729	0.0005476778713
97730	0.0001158920503
97731	0.0005324507696
97732	5.907230545e-06
97733	0.0006963302617
97734	0.0002177821492
97735	0.001366764223
97736	6.609452791e-05
97737	0.002986892302
97738	0.0001425577949
97739	0.001724007193
97740	0.001920305665
97741	0.00152514576
97742	0.001470608003
97743	0.001179101647
97744	0.001072491045
97745	0.001943972216
97746	0.003399926233
97747	0.002179750841
97748	6.227359661e-05
97749	0.004804681691
97750	0.001447839285
97751	0.0001460132895
97752	0.001582192233
97753	0.001029137336
97754	0.001507644449
97755	0.001401776905
97756	8.518379395e-06
97757	0.004055723072
97758	0.0004767044959
97759	0.001926549991
97760	0.000512703239
97761	0.002497947177
97762	0.003279106959
97763	0.000839706417
97764	0.003851210883
97765	0.005198499013
97766	0.0001665634275
97767	0.000935886388
97768	0.001132960409
97769	0.001665633418
97770	0.0004854038182
97771	0.002748711826
97772	0.005463618495
97773	0.001899414599
97774	0.004802325161
97775	0.002870116286
97776	0.002672072671
97777	0.000111323132
97778	0.0002021710857
97779	0.001740213052
97780	0.0006898959083
97781	0.001097091582
97782	0.003054007116
97783	0.008287399131
97784	0.0006742088177
97785	0.001405518222
97786	0.0005025897503
97787	0.0003250268638
97788	0.001719858021
97789	0.002042608568
97790	4.067426073e-05
97791	0.0008829228725
97792	0.00344346087
97793	7.102655095e-05
97794	0.0002345210892
97795	0.0001924296539
97796	0.0002229383139
97797	0.001115851845
97798	0.0008265440932
97799	0.000865769938
97800	0.002178301909
97801	0.002957808135
97802	0.000562922658
97803	0.002761236265
97804	0.002135094973
97805	0.0004129522519
97806	0.0006054439881
97807	0.0003429745519
97808	0.001081272889
97809	0.002507757667
97810	0.00230494102
97811	0.0005706427197
97812	0.002538633234
97813	0.002951477759
97814	0.0001622879654
97815	0.001629070031
97816	0.0005443658393
97817	0.003460281028
97818	0.005251070846
97819	0.00075754828
97820	0.008943269955
97821	0.001125645968
97822	0.0004579661952
97823	0.0006482012372
97824	0.0003245066623
97825	0.0001669641573
97826	0.004945187411
97827	0.0002428279991
97828	0.0006918852233
97829	0.005052458511
97830	0.004324888522
97831	0.001551402676
97832	0.002662427146
97833	0.001724694453
97834	0.003975044739
97835	0.005076945387
97836	0.001531894085
97837	0.0007237018431
97838	0.001513983526
97839	0.003729314763
97840	0.006315136976
97841	0.0002297066356
97842	0.00271483455
97843	0.001792706193
97844	5.865751201e-05
97845	0.001895757075
97846	0.0004673945306
97847	0.001880828135
97848	0.001529461427
97849	0.002564832457
97850	0.004632607816
97851	0.001199013594
97852	0.001268708811
97853	0.002893523411
97854	0.002495570439
97855	9.567151752e-05
97856	0.003000844654
97857	0.0005993310449
97858	0.002148471374
97859	0.004053700048
97860	0.0005568074116
97861	0.004981385568
97862	0.002057747123
97863	0.003068832536
97864	0.002028499789
97865	0.002946694661
97866	0.004825103868
97867	0.00449550456
97868	0.003132910633
97869	0.0008581066119
97870	0.002431701018
97871	0.001746290919
97872	0.001653375254
97873	0.0003109631273
97874	0.0037627566
97875	0.001915597415
97876	0.002546060249
97877	0.003820189401
97878	3.09369117e-08
97879	4.617760793e-05
97880	0.009392981655
97881	0.008658198901
97882	0.0008865514168
97883	0.003055536489
97884	0.001388705777
97885	0.002952689937
97886	0.001687478732
97887	0.0003606951478
97888	1.97218366e-06
97889	0.002379902346
97890	0.003720876864
97891	0.001071702914
97892	0.002086658032
97893	0.000274732588
97894	0.003471430446
97895	0.002884181805
97896	0.001685074539
97897	0.0003876338001
97898	0.008809159615
97899	0.001139173057
97900	0.0006118367188
97901	0.001433579686
97902	0.0004512408849
97903	0.001249439889
97904	0.00144555365
97905	0.000749597405
97906	0.00138921203
97907	0.000873164645
97908	0.001023316709
97909	0.0007331562126
97910	0.001615749332
97911	0.0004521382776
97912	0.001325981916
97913	0.0002840475395
97914	0.0001488961648
97915	0.002187895228
97916	1.839955981e-05
97917	0.001173138724
97918	0.0001483085077
97919	0.003422720405
97920	0.001305246393
97921	0.00231678697
97922	0.001726082696
97923	0.005257333993
97924	0.0002041350014
97925	0.001510303611
97926	0.0008650488034
97927	0.003185575008
97928	0.000574439189
97929	0.0002779053458
97930	0.001675167783
97931	0.003193100382
97932	0.0009219516611
97933	0.002108227805
97934	0.002076507169
97935	0.0001976024923
97936	0.001134789019
97937	0.0004971603423
97938	0.001376656204
97939	0.001399213398
97940	0.006876111833
97941	0.001353368037
97942	0.00218691447
97943	0.000291246763
97944	0.0009837003611
97945	0.0004682793874
97946	0.00459751664
97947	0.00258278409
97948	0.0009991953977
97949	0.003437989855
97950	0.003911303074
97951	0.0005417652057
97952	0.0009095226731
97953	0.001291022755
97954	0.004997427438
97955	0.0006393440319
97956	0.003545569626
97957	0.0002384200673
97958	0.0002496640132
97959	0.002082112716
97960	0.0007038233669
97961	0.0006915056766
97962	0.001896044127
97963	0.0005946609409
97964	0.0006069414134
97965	0.002648665244
97966	0.002152614794
97967	0.001084580754
97968	0.005478687234
97969	0.002898794156
97970	0.001410238946
97971	0.0004596484803
97972	0.0007059845874
97973	0.002327265742
97974	0.001861149459
97975	0.000425398964
97976	0.003670836289
97977	0.003845007217
97978	0.0003757817821
97979	0.0002294354878
97980	0.002037219835
97981	0.004010504349
97982	0.0003019662344
97983	0.00109797573
97984	0.001328417412
97985	0.003432744451
97986	0.0003065249326
97987	0.0002403142991
97988	0.002488043919
97989	0.002729431318
97990	0.0004237273593
97991	0.001935520755
97992	0.0006927199078
97993	0.001734334043
97994	0.000517314344
97995	0.005835380435
97996	0.001344088002
97997	0.001528801424
97998	0.00569056305
97999	0.0008776876975
98000	0.0002698729887
98001	0.0001668264678
98002	0.001844212524
98003	0.003684394624
98004	0.001549801673
98005	0.002801002868
98006	0.002557987351
98007	0.001000375418
98008	0.00236591092
98009	0.003776237544
98010	0.004518865122
98011	0.002319504665
98012	5.978905313e-05
98013	0.0003171226058
98014	0.0005788104368
98015	0.002366144274
98016	0.0006067759479
98017	0.001667455995
98018	0.003306917295
98019	0.005255297937
98020	0.001977069607
98021	0.003843364611
98022	0.002698048925
98023	0.001070006752
98024	8.454120212e-05
98025	5.572274278e-05
98026	0.001654780358
98027	0.00782955708
98028	0.001189655548
98029	0.003864159358
98030	0.00160469472
98031	0.0003501734523
98032	0.001234011848
98033	0.001726106696
98034	0.002026864091
98035	0.001744846519
98036	0.001385880517
98037	0.0004191356936
98038	0.0001726946864
98039	0.001113726879
98040	9.415991419e-05
98041	0.001030291172
98042	0.0003211151351
98043	0.001737418782
98044	0.001199371409
98045	0.002463959821
98046	0.001371783788
98047	0.0001371008364
98048	1.715798313e-05
98049	0.0002594402252
98050	0.002890137355
98051	0.004010607697
98052	0.0001420054168
98053	0.002915180371
98054	0.002480665494
98055	8.311680899e-05
98056	0.002566448415
98057	0.002284153837
98058	0.002193533486
98059	0.001437457503
98060	0.0005388463545
98061	0.002732416281
98062	0.0002414823693
98063	0.0009506948137
98064	0.002183222546
98065	0.002504148841
98066	0.002207865706
98067	0.0005672450891
98068	0.0008796653961
98069	0.002223074237
98070	8.23342508e-05
98071	0.001259560763
98072	0.003642919769
98073	0.0002602635564
98074	0.00029868227
98075	0.001674334207
98076	4.817844125e-05
98077	0.003056657266
98078	0.002968601005
98079	0.0006920791791
98080	0.001126772762
98081	0.001514480564
98082	0.00603264874
98083	0.005019317243
98084	0.0001949095629
98085	0.0007636480087
98086	0.002181865789
98087	0.003195585469
98088	0.001778874448
98089	0.0009397969866
98090	0.001935174226
98091	0.002265077463
98092	0.0006004301368
98093	0.001554521535
98094	0.001297587939
98095	0.0002112955442
98096	0.0007085390586
98097	0.0009285947794
98098	0.0005352149543
98099	0.00446853801
98100	0.002248859684
98101	0.0006626259508
98102	0.001651866864
98103	0.002117337586
98104	0.000656187317
98105	0.005458291491
98106	0.0001680627145
98107	0.0007747199489
98108	0.003991276361
98109	0.005802035347
98110	0.005271134037
98111	7.546871492e-05
98112	0.0005711882978
98113	0.0001290439972
98114	0.003978112995
98115	0.001262411195
98116	0.001368802322
98117	0.001388315702
98118	0.0003988417332
98119	0.0006045805693
98120	0.001541712463
98121	0.003927058775
98122	0.001676190154
98123	0.00275240569
98124	0.001484847078
98125	0.0002292476492
98126	0.006793709523
98127	0.000447880326
98128	0.0001696160695
98129	0.008430971958
98130	0.001053533342
98131	0.006143348507
98132	0.000555584209
98133	0.0009360098597
98134	0.000141831247
98135	0.0009417770418
98136	0.00267730707
98137	0.0009632058637
98138	0.006870385599
98139	0.0009296852116
98140	0.002187946801
98141	0.0006100098466
98142	0.0006581106173
98143	0.0005416860502
98144	0.001093664853
98145	0.001164854481
98146	0.002640736029
98147	0.005513711612
98148	7.165393598e-05
98149	0.0005756702267
98150	0.001281817037
98151	0.001441040681
98152	0.0008251353323
98153	0.002536889296
98154	0.0001574111023
98155	0.0007012920036
98156	0.00227012395
98157	0.001233893726
98158	0.001375801848
98159	0.0004560130872
98160	0.001775863222
98161	4.515549317e-05
98162	3.311583802e-05
98163	0.0007831648901
98164	0.0001893154344
98165	0.002159681936
98166	0
98167	0.002644343816
98168	0.0002544378778
98169	0.001414042726
98170	0.007250281365
98171	0.0009451896068
98172	0.002396454391
98173	0.004498960653
98174	0.00252162302
98175	0.001083307957
98176	0.0011777043
98177	0.006798395691
98178	0.002004649935
98179	0.0009182704952
98180	0.002155611624
98181	0.0008474500145
98182	0.0030161082
98183	5.393267444e-05
98184	0.007212305825
98185	0.002356705305
98186	0.0003705871657
98187	0.00168806183
98188	0.0009456373964
98189	0.0005383551456
98190	0.001093963077
98191	0.003118913718
98192	0.00532473074
98193	0.004484864771
98194	0.0002779032266
98195	0.005897315757
98196	0.003306179867
98197	0.002613217772
98198	0.002998041729
98199	0.0004492783818
98200	0.0001560922936
98201	0.001059407758
98202	0.004409076488
98203	0.00236121385
98204	0.002324888971
98205	0.001034294117
98206	0.002460119578
98207	0.0005752164491
98208	0.000552798063
98209	0.001437885892
98210	0.0005084837009
98211	0.002475151259
98212	0.001646270008
98213	1.685015007e-05
98214	0.0009693095322
98215	0.0002249606623
98216	0.003608898698
98217	0.001823911392
98218	0.0006159142086
98219	7.256701426e-05
98220	0.001197840448
98221	0.003962083676
98222	0.001728301393
98223	0.0008625821406
98224	0.001787103645
98225	0.0001274298482
98226	0.001133328562
98227	0.001047972602
98228	0.00231089784
98229	2.706198991e-05
98230	0.002070938789
98231	0.001522303665
98232	0.003598530943
98233	0.0010844218
98234	0.003170786599
98235	0.002991519537
98236	0.001248794503
98237	0.006193949153
98238	0.0009350995009
98239	0.0001006608142
98240	0.0003560091729
98241	0.0001449623819
98242	0.0004302209031
98243	0.0002074106787
98244	0.0004626610521
98245	0.0001952369264
98246	2.310366712e-05
98247	0.0002364159361
98248	0.0004668484761
98249	0.0002410218131
98250	0.0003227643303
98251	0.0002193494182
98252	0.003819145798
98253	0.0002598082483
98254	0.0001849429541
98255	0.0002767178002
98256	0.000572744996
98257	0.0002262218544
98258	0.0007826103369
98259	0.0005682732656
98260	9.626943248e-05
98261	4.637883768e-05
98262	6.212801742e-06
98263	0.0004844385675
98264	0.0002926474625
98265	0.000316770431
98266	6.193816717e-05
98267	0.0005361043823
98268	0.0002908529012
98269	0.000208263166
98270	7.298300649e-05
98271	3.225214562e-05
98272	0.0005347390489
98273	0.0001815962553
98274	0.0004130082079
98275	0.0008178383275
98276	0.003645515652
98277	0.001770545141
98278	0.002243215872
98279	0.003127206231
98280	0.002489564546
98281	0.002444459287
98282	2.497188855e-06
98283	0.001508379097
98284	0.003613266902
98285	0.002223013878
98286	0.001003718341
98287	0.0004166111999
98288	0.0002595137916
98289	0.0008992395429
98290	0.003972461584
98291	0.0004724676091
98292	0.0001033413501
98293	0.0002040538398
98294	0.002202302279
98295	0.0002739517704
98296	0.0001652735069
98297	8.018675534e-06
98298	0.0011146937
98299	0.0005645709103
98300	0.003164854427
98301	0.0001830230918
98302	0.0001648844579
98303	0.0016905843
98304	0.003110755207
98305	0.001270398346
98306	0.001441629736
98307	0.0009560915748
98308	0.0007743137502
98309	0.002529430983
98310	0.003265098483
98311	0.003187345744
98312	0.004320625988
98313	0.0008905176841
98314	0.002561681911
98315	0.002251088284
98316	0.004498713513
98317	0.002143528988
98318	0.001946068808
98319	0.002001734382
98320	0.0002156485114
98321	0.002399015253
98322	0.002662526244
98323	0.001818987999
98324	0.001736957006
98325	0.002396802426
98326	0.003158161764
98327	0.002958212261
98328	0.006013889519
98329	0.00120926843
98330	0.002129789608
98331	0.0001188076439
98332	0.002339606072
98333	0.004599480749
98334	0.004629137446
98335	0.001354191351
98336	0.001163586873
98337	8.171127851e-05
98338	0.0006756129377
98339	0.002485085294
98340	0.0008940039005
98341	0.002908307188
98342	0.001622594185
98343	0.003877053887
98344	0.001746784394
98345	0.0001381571401
98346	0.002118439373
98347	0.001299405686
98348	0.007610386256
98349	0.0006097918663
98350	0.005045891923
98351	0.003946134429
98352	1.464739126e-05
98353	0.0009866085657
98354	0.003452935097
98355	0.002378848259
98356	0.005501112315
98357	0.002203630487
98358	0.002725619224
98359	0.002134471488
98360	0.007479698017
98361	0.001291851977
98362	0.003046955231
98363	0.000516504907
98364	0.002352502875
98365	0.002085861316
98366	0.001000861687
98367	0.003169268234
98368	0.003757274615
98369	0.0006789580517
98370	0.001752053578
98371	0.003534855529
98372	0.001033959165
98373	0.0006384889862
98374	0.0001883790045
98375	0.0005936837492
98376	0.0001661744755
98377	0.0009271439175
98378	0.003083582838
98379	0.002033515092
98380	0.0004523269278
98381	0.002243629828
98382	0.003368844073
98383	0.001238233237
98384	0.0003435999424
98385	0.0002233321391
98386	0.0005674753023
98387	0.0003593615862
98388	0.001012786725
98389	1.969068164e-07
98390	0.0005491652984
98391	0.002751942673
98392	0.002565933641
98393	0.0003135753121
98394	0.002067434595
98395	0.0004732528734
98396	0.001438795686
98397	0.001219840246
98398	0.003176156894
98399	0.002819659502
98400	0.002611219867
98401	0.001877924556
98402	0.0001210677002
98403	0.0007433732038
98404	0.007676489192
98405	0.003013294121
98406	0.0004750908375
98407	0.0004382157581
98408	0.002024185545
98409	0.002906507157
98410	0.001805424079
98411	0.00129836943
98412	0.002988766591
98413	0.00407199999
98414	0.00242585226
98415	0.002823260702
98416	0.002243529755
98417	0.00039235891
98418	0.005176139059
98419	0.001577919381
98420	0.001705940703
98421	0.0003167928505
98422	0.0009352074694
98423	0.003336195831
98424	0.0007274393532
98425	0.006119778201
98426	0.004833527606
98427	0.002773581813
98428	0.0004644283711
98429	0.007005002019
98430	0.004075457592
98431	0.0006296059762
98432	0.005053993111
98433	0.005478217582
98434	0.0005794369275
98435	0.002198490813
98436	0.002713403322
98437	0.002625650662
98438	0.0006930762562
98439	0.004950701179
98440	0.00398552151
98441	3.969704525e-05
98442	0.0006152175707
98443	0.006651903619
98444	0.003845789162
98445	0.00287375628
98446	0.001365891497
98447	0.0001429618622
98448	0.000854352333
98449	0.003736631036
98450	0.003805937587
98451	0.0001664589329
98452	0.002558035387
98453	0.0002118403564
98454	0.0002854873999
98455	0.000993320402
98456	7.709319066e-05
98457	0.005325504255
98458	0.003838621859
98459	0.001079114812
98460	0.002844304136
98461	0.0009907705332
98462	0.006328167936
98463	0.002127699189
98464	0.0003527451683
98465	7.222572699e-05
98466	0.01011598194
98467	0.001120310391
98468	0.007497601481
98469	0.001726638145
98470	0.001471860482
98471	0.0004395213976
98472	0.002629391195
98473	0.002989457158
98474	0.0006426046981
98475	0.001252933918
98476	0.002750333566
98477	0.00208848614
98478	0.0008188918341
98479	0.001654251556
98480	0.002398630936
98481	0.0009331317967
98482	0.001100224005
98483	0.0003620524032
98484	0.001847031488
98485	0.0003384349187
98486	0.0008004495868
98487	0.0009363662241
98488	0.00349760066
98489	0.007733431088
98490	0.001501429577
98491	0.00761500921
98492	0.004399588489
98493	0.000250160999
98494	0.0003608086011
98495	0.0008251110454
98496	0.0009260178134
98497	0.003078409818
98498	0.0004780093229
98499	0.002487438951
98500	2.670035644e-05
98501	0.004030155119
98502	0.005389568095
98503	3.728408355e-06
98504	0.002787873179
98505	0.005913731439
98506	0.001823029318
98507	0.01197423126
98508	0.00350703742
98509	0.004035028948
98510	0.001641583801
98511	0.0003007078113
98512	9.057414229e-05
98513	0.007740934792
98514	0.001907631881
98515	0.001977412572
98516	0.0007833231777
98517	0.001552881914
98518	0.0007271416536
98519	0.003851464904
98520	0.001219126553
98521	0.002529666453
98522	0.002822043769
98523	0.0001180533472
98524	0.004955728401
98525	0.001074882083
98526	0.003309441556
98527	0.0006756729276
98528	0.003024829669
98529	0.006947383531
98530	0.0003701821846
98531	0.0006959623705
98532	0.002949117573
98533	0.002218670416
98534	0.001579320873
98535	0.002386070484
98536	0.001878884615
98537	0.001355553874
98538	0.003105598793
98539	0.001199720629
98540	0.004013020555
98541	0.0003699274047
98542	0.00943279503
98543	0.001483076925
98544	0.003685818427
98545	0.009320942571
98546	0.003927066064
98547	0.006442385338
98548	0.007427484986
98549	0.002745565363
98550	0.003667989455
98551	0.004432863029
98552	0.002233690219
98553	0.000292157221
98554	0.002358445723
98555	0.001976221709
98556	0.003906112416
98557	0.000268489815
98558	0.002554002999
98559	0.001908529649
98560	0.008269941233
98561	0.002383719311
98562	0.002949429579
98563	0.002927806227
98564	0.001744034387
98565	0.003225691865
98566	0.00740943377
98567	0
98568	0.0001882925381
98569	0.002371613393
98570	0.000510026631
98571	0.001427634451
98572	0.002122910547
98573	0.001864145524
98574	0.00100440629
98575	0.005341651049
98576	0.003304810492
98577	0.0007241897304
98578	0.001238566463
98579	0.007177752776
98580	0.00404469938
98581	0.005872111183
98582	0.001686329245
98583	0.01275092894
98584	0.007605137382
98585	0.001055648694
98586	0.002915961252
98587	0.00184048348
98588	0.002956935795
98589	5.659452747e-05
98590	0.0009452121522
98591	0.001355933812
98592	0.00233311559
98593	0.002517901872
98594	0.006212201288
98595	0.003800838134
98596	0.001963178894
98597	0.0001323246596
98598	0.001385851882
98599	0.0007099911051
98600	0.0006925029479
98601	0.003556795575
98602	0.0003081632758
98603	0.001898529234
98604	0.002763056541
98605	0.002899500861
98606	0.0005738624809
98607	0.0002302930187
98608	0.005490428359
98609	0.001660337386
98610	0.004832550876
98611	0.004497805116
98612	0.005873344469
98613	0.0005195210954
98614	0.001347415617
98615	0.0006801391576
98616	0.001043762224
98617	0.001814084444
98618	0.001334598921
98619	0.00599993216
98620	0.008871757843
98621	0.003040600316
98622	0.002908568215
98623	0.001236628811
98624	0.00125470382
98625	0.00292130553
98626	0.0005950105417
98627	0.004680509796
98628	0.00370458487
98629	0.001741057614
98630	0.001620671643
98631	0.001511348704
98632	0.000541470034
98633	0.000130825941
98634	0.00265746214
98635	0.002889937205
98636	0.002631661924
98637	0.002630458618
98638	0.003695909085
98639	0.001263711501
98640	0.002697245672
98641	0.002713505207
98642	0.003236713132
98643	0.0005919982479
98644	0.007060117993
98645	0.003015226683
98646	0.0004803936598
98647	0.002873951261
98648	0.005148644918
98649	0.004294733395
98650	0.004771507373
98651	0.001431633282
98652	0.001047238358
98653	0.001221905193
98654	0.001357982781
98655	0.0002475488021
98656	0.004993776409
98657	0.002840745714
98658	0.0007854914442
98659	0.003713050256
98660	0.00254505463
98661	0.002440873625
98662	0.001534634841
98663	0.002703341737
98664	0.003732353077
98665	0.00608403
98666	0.004022817163
98667	0.0006303911103
98668	0.0002528687765
98669	0.001605476203
98670	0.001484934046
98671	0.001184540462
98672	0.0003105625328
98673	0.001335401641
98674	0.003096228725
98675	0.0007804950782
98676	0.0006106016557
98677	0.001087163506
98678	0.001066058659
98679	0.0004882730497
98680	0.0007714084366
98681	0.0009860973086
98682	0.0001673421678
98683	0.004237125524
98684	0.0003427704143
98685	0.001543364162
98686	0.006171938224
98687	3.68012425e-05
98688	0.0005723979396
98689	0.0002872642397
98690	0.001025496907
98691	0.0007423632608
98692	0.0006695781956
98693	0.001168739244
98694	0.003904020466
98695	0.001422373427
98696	0.003157534914
98697	0.004544284972
98698	0.002413957796
98699	0.002486641915
98700	5.732504423e-05
98701	0.001649398559
98702	0.0008674982516
98703	0.0005703692069
98704	0.001864727012
98705	0.003524005598
98706	0.00254477385
98707	0.0008626676843
98708	0.001464461077
98709	0.0006377364464
98710	0.001064836509
98711	0.002816482414
98712	0.0001685854362
98713	0.000906941587
98714	0.001266790865
98715	0.0006395764739
98716	0.001410793697
98717	0.001796370767
98718	0.0008921254221
98719	0.0007870817071
98720	0.0002980585931
98721	0.002013969619
98722	0.002673630596
98723	0.003173968944
98724	0.008705989788
98725	0.001763348957
98726	0.002245202375
98727	0.001714286856
98728	0.002039246058
98729	0.004712266764
98730	0.001653777464
98731	0.004674338567
98732	0.0006228009349
98733	0.0024246359
98734	0.001475162337
98735	0.0003743607452
98736	0.0016352138
98737	0.002317375531
98738	0.0005673532805
98739	0.005690041534
98740	0.00206828547
98741	0.004120680968
98742	0.000208061763
98743	0.0003873693128
98744	0.0009122482808
98745	0.001946564142
98746	0.005728751133
98747	0.0004193581839
98748	0.002772016363
98749	0.002238507616
98750	0.003807981915
98751	0.001332861538
98752	0.0008261230559
98753	0.001683269152
98754	0.001356647913
98755	0.001027132615
98756	0.0008381647606
98757	0.0002752806173
98758	0.0009291571163
98759	0.00117422409
98760	0.001987230973
98761	0.0001302964023
98762	0.003659017626
98763	0.004176836906
98764	0.001201689012
98765	0.00492657522
98766	0.0003792961325
98767	0.003504488871
98768	0.00124095043
98769	0.005172769757
98770	0.001369699298
98771	0.0002022761755
98772	0.002948798728
98773	0.0003154139344
98774	0.002728171552
98775	0.002285888837
98776	0.0006204842573
98777	0.002298807212
98778	0.0008784034385
98779	0.0004249839594
98780	0.001988532986
98781	0.00105077993
98782	0.005153343381
98783	0.0001386133595
98784	0.002678755675
98785	7.3119759e-05
98786	0.003761687522
98787	0.002359045261
98788	3.501989896e-05
98789	4.447657543e-06
98790	0.0002663621021
98791	0.0001506811308
98792	0.0007670446892
98793	2.244551806e-05
98794	0.000154464985
98795	0.001910626778
98796	0.000556989877
98797	0.0005022634672
98798	9.950158963e-05
98799	0.0005455944325
98800	0.0005735892212
98801	0.0001220591291
98802	0.0001183870162
98803	0.0005416172788
98804	0.0008085222282
98805	0.0004529931204
98806	9.048787459e-05
98807	0.0003842424431
98808	0.0001261354417
98809	2.173436907e-06
98810	0.0002693895784
98811	0.0004395400299
98812	0.0005053371175
98813	0.002192425392
98814	0.0001686293005
98815	0.0003411274951
98816	0.00125109734
98817	0.001252910124
98818	9.464662507e-05
98819	0.0006956173596
98820	0.0002200344839
98821	0.002561908092
98822	0.001055851433
98823	5.34574174e-05
98824	0.0001881975249
98825	4.575526981e-05
98826	0.0009904139197
98827	0.0004172033027
98828	0.0008207707072
98829	0.0002274767134
98830	0.001816339072
98831	0.0009000853668
98832	0.001083495018
98833	0.00193794469
98834	0.0009055813897
98835	0.002458046708
98836	0.00135166
98837	0.0008621555868
98838	0.0004731746605
98839	0.0008421797141
98840	0.001601309222
98841	0.001536484273
98842	0.0007873787005
98843	0.001262880832
98844	0.0009938255918
98845	0.0005407952778
98846	0.003779808064
98847	0.00147967297
98848	0.00106701604
98849	0.001684069657
98850	0.0002439199748
98851	0.000977429647
98852	0.001300957702
98853	0.001605163576
98854	0.003977072852
98855	0.0006522806758
98856	0.003476084822
98857	0.001069715983
98858	0.0008088219842
98859	0.0001765006872
98860	0.002397789266
98861	0.000291671875
98862	0.0001731553987
98863	0.0002995056784
98864	0.0004989719526
98865	0.004219014139
98866	0.002406314298
98867	0.001852638225
98868	0.0005181034787
98869	0.002273086717
98870	0.003997874085
98871	0.002046118013
98872	0.004594487944
98873	0.0005812802682
98874	0.004281318179
98875	0.0009024638857
98876	0.001337732404
98877	0.0002949549055
98878	0.001254475899
98879	3.136952523e-05
98880	0.001561176962
98881	0.00114978443
98882	0.0004377771231
98883	0
98884	0.002740279851
98885	0.0007818265002
98886	0.002682417909
98887	0.003219725316
98888	0.001096316833
98889	0.002005080284
98890	0.0001685341977
98891	0.0003380994459
98892	4.599146357e-06
98893	0.0003742330178
98894	3.182566002e-05
98895	0.0001303506493
98896	0.0003230840344
98897	0.0007719197137
98898	7.131446887e-05
98899	0.0001228971622
98900	0.0008790326427
98901	0.0002594427907
98902	0.0004383084557
98903	0.0002110369075
98904	0.0003927801129
98905	0.0004414655544
98906	0.0006185975927
98907	0.0006501150262
98908	0.000177825675
98909	0.0008400859414
98910	0.0001739432114
98911	0.0001741844991
98912	0.0006118045191
98913	0.00329803455
98914	0.0009175274691
98915	0.001840508651
98916	0.0009113381292
98917	0.0003941199895
98918	0.001079355841
98919	0.00454440054
98920	0.0004389500671
98921	0.0003645671138
98922	0.000942897685
98923	0.004375002976
98924	0.001521092407
98925	0.004123714922
98926	0.001092663322
98927	0.00105248162
98928	0.001215796918
98929	0.000654767779
98930	0.003640415275
98931	0.001997565068
98932	0.001538028533
98933	0.003008948252
98934	0.0001878381384
98935	0.002721885116
98936	0.0006444164442
98937	0.004539946403
98938	0.0006189592923
98939	0.0008928909384
98940	0.00294256766
98941	0.001664817524
98942	0.002128688914
98943	0.002737119541
98944	0.0007613401338
98945	0.004214106206
98946	0.002700863181
98947	0.001596813511
98948	0.002498117002
98949	3.110626807e-05
98950	0.00129501766
98951	0.0005750043675
98952	0.0003762734661
98953	0.0001268466268
98954	0.0001242712414
98955	2.274413677e-05
98956	7.7581901e-05
98957	0.0002988753354
98958	1.124020162e-05
98959	0.0003869342334
98960	0.0002805964911
98961	3.91943828e-05
98962	0.0004528125303
98963	0.0002759186965
98964	0.0003318412002
98965	0.0003686492005
98966	0.0004915526342
98967	0.000114108709
98968	0.0001032552118
98969	0.0002609602926
98970	7.121936042e-07
98971	0.0002032240577
98972	0.00052875069
98973	0.0003739334457
98974	0.0003902031167
98975	0.0001532191724
98976	0.0002195850366
98977	0.000118669271
98978	0.0002062316212
98979	8.760510482e-05
98980	4.181756776e-05
98981	3.545087268e-05
98982	0.0006442542672
98983	6.187421541e-05
98984	0.0004115885358
98985	0.0002660770707
98986	0.0001171965841
98987	7.408711178e-05
98988	0.0002699168861
98989	2.026553759e-05
98990	9.522587262e-05
98991	0.0008250251829
98992	1.625926923e-05
98993	0.005115294331
98994	0.0002303524292
98995	0.0006159439844
98996	0.00286654936
98997	0.00215037432
98998	0.0003179502025
98999	0.001447318006
99000	0.001604606968
99001	0.00359272298
99002	0.002238894127
99003	0.002774392806
99004	0.00342849734
99005	0.001021877187
99006	0.0002045644884
99007	0.001621372752
99008	0.002634701677
99009	5.825542589e-05
99010	3.863037691e-06
99011	0.001781813943
99012	0.004476126882
99013	0.003792481167
99014	0.003504632937
99015	0.002195762268
99016	0.0007152520811
99017	0.0022741766
99018	0.001858490333
99019	0.0006318122598
99020	7.733564578e-05
99021	0.0011739508
99022	0.0006318826432
99023	0.00310378224
99024	0.001101397168
99025	0.0005466663536
99026	0.002193663124
99027	0.001377551751
99028	0.00173349414
99029	0.0004331304951
99030	0.0015768562
99031	0.0004247393885
99032	0.0005374251849
99033	0.004285499888
99034	0.005283479877
99035	0.00371545132
99036	0.000433854711
99037	0.001313467941
99038	0.004876902747
99039	0.0004291842743
99040	0.002172234099
99041	0.001535333256
99042	0.000918255682
99043	0.0007220531923
99044	0.002308951188
99045	0.0005619857531
99046	0.003298877535
99047	0.0002637833001
99048	0.0008142763497
99049	0.003600134616
99050	0.001354170532
99051	0.0008577863375
99052	0.002052669024
99053	0.002247002947
99054	0.001214177832
99055	0
99056	0.007660284776
99057	0.001848139959
99058	0.0003852668186
99059	0.002196698374
99060	0.004291647929
99061	0.008423353907
99062	0.002354146073
99063	0.00217610353
99064	0.001274791092
99065	0.002917648557
99066	0.004020040118
99067	0.0009674695448
99068	4.917253768e-05
99069	0.001699709375
99070	0.004445639235
99071	0.003343334
99072	0.000167348046
99073	0.001361306253
99074	0.003353159238
99075	0.00293122939
99076	0.003479379315
99077	0.002089513747
99078	0.004514389636
99079	0.002173082201
99080	0.003126446528
99081	0.004820580973
99082	0.0001398902968
99083	0.0007963398009
99084	0.0005052924144
99085	0.0006756756194
99086	0.0004225952021
99087	0.0006123037026
99088	0.0003934895507
99089	0.000432866565
99090	0.008338840058
99091	0.001594224064
99092	0.0001257506742
99093	0.0003492900582
99094	0.0003492977797
99095	0.0003713475283
99096	0.0001249387599
99097	0.0002511510321
99098	0.0002241587271
99099	0.0003496822803
99100	0.0003269571586
99101	0.0003497020087
99102	0.0003594877577
99103	0.0005403798708
99104	0.002184476921
99105	0.002693371789
99106	0.002802210091
99107	0.004356047943
99108	0.006401828405
99109	0.004122766366
99110	0.001310526562
99111	0.003926346987
99112	0.0003718561113
99113	0.006900298394
99114	5.725990648e-05
99115	0.002036130659
99116	0.003493969307
99117	0.002402571051
99118	0.00109381595
99119	0.002642834306
99120	0.002815719534
99121	0.002088175999
99122	0.001563624118
99123	0.0006692922831
99124	0.0007317258197
99125	0.002889079793
99126	0.0001226427634
99127	0.001830091389
99128	0.003385015288
99129	0.0003818791375
99130	0.002415112043
99131	1.039648745e-05
99132	0.0008815637168
99133	0.0008573818651
99134	0.0004369523506
99135	0.0008002391474
99136	0.001332152251
99137	0.0002856068316
99138	0.0002269639147
99139	0.0005001111668
99140	0.001309310458
99141	0.002299351535
99142	0.0001263321332
99143	0.0004108812813
99144	9.80036149e-05
99145	0.0005380226179
99146	0.0001508934039
99147	0.0003854146792
99148	0.0001969070501
99149	9.899318996e-05
99150	3.338575565e-05
99151	0.0001974171231
99152	0.0002591658058
99153	0.001487170825
99154	5.040883631e-05
99155	0.000980527656
99156	0.001788465885
99157	0.0001272593963
99158	6.724936956e-05
99159	6.231629922e-05
99160	8.361412849e-05
99161	0.0001818194389
99162	0.0007051682214
99163	0.0005602649706
99164	0.0002477938126
99165	0.001034158744
99166	0.0001427072676
99167	0.001698253359
99168	0.001382330798
99169	0.001383926409
99170	0.0004709557305
99171	0.0006775537893
99172	0.0002508467762
99173	0.000917997906
99174	0.0003093865503
99175	0.000370928638
99176	0.0001374568216
99177	9.038903536e-05
99178	0.0001929203569
99179	0.0005099482814
99180	0.0002091858602
99181	6.370388178e-07
99182	0.0008155120457
99183	0.003498296272
99184	0.004086707469
99185	4.538256246e-05
99186	1.976240195e-05
99187	0.001292833279
99188	0.004126648107
99189	0.001266854023
99190	0.0001460732368
99191	0.001111185938
99192	0.001737790821
99193	0.002170053841
99194	0.0008454812427
99195	0.0009922320901
99196	0.003684603773
99197	0.001221252781
99198	0.004969439788
99199	0.0001978901623
99200	0.0004574171684
99201	0.0001694597106
99202	3.113707873e-05
99203	0.00305388511
99204	0.002220414164
99205	0.002536046173
99206	0.0007791681602
99207	0.0001831519673
99208	0.004324978167
99209	0.0001881281058
99210	0.003345469187
99211	0.0003237839318
99212	0.002014282864
99213	0.001316076826
99214	0.00182571058
99215	0.002364931309
99216	0.0003975145007
99217	0.0009245140079
99218	0.0004200729455
99219	0.00149184817
99220	0.0009273028386
99221	0.001277018211
99222	0.001501236981
99223	0.0007906527953
99224	0.0005204263023
99225	0.0005907296873
99226	0.0001342153724
99227	0.0007955834573
99228	0.001126147182
99229	0.00159520702
99230	0.001911643746
99231	2.012560089e-05
99232	0.00282917162
99233	0.0001468528773
99234	0.0002484352202
99235	0.002840221493
99236	0.0009778937457
99237	0.00478250472
99238	0.001704527581
99239	0.002058773098
99240	0.0003088941603
99241	0.00123025719
99242	0.001040605583
99243	0.003845578415
99244	0.004566266554
99245	0.001111421803
99246	0.005671180204
99247	0.0009547160711
99248	0.0008298942139
99249	0.003630690914
99250	0.009635753464
99251	0.004028798668
99252	0.001072642629
99253	0.0007044670094
99254	0.0005783766381
99255	0.0004552531704
99256	0.0001750901676
99257	0.001589341531
99258	0.0006167467519
99259	0.0004465933174
99260	0.004601825711
99261	0.0006642499379
99262	0.001465587405
99263	0.001142791123
99264	0.0001758979531
99265	0.001048718574
99266	0.00169134935
99267	0.002286429073
99268	0.003239602248
99269	0.002096124251
99270	0.0002025542874
99271	0.0005135048507
99272	0.002470010937
99273	0.0008115656181
99274	0.0008519463293
99275	0.0009412803126
99276	0.004029827398
99277	0.0006118041426
99278	0.001035617425
99279	0.001040289881
99280	0.0006365275686
99281	0.0007641158617
99282	0.001554563775
99283	0.001813134498
99284	0.002702347196
99285	0.0007779620705
99286	0.002573973245
99287	0.0002569897768
99288	0.001969536608
99289	0.0009195624357
99290	0.002015229251
99291	0.0006559458459
99292	0.003303744835
99293	8.307187679e-05
99294	0.001381074751
99295	0.008299562776
99296	0.0008689282018
99297	0.001203590666
99298	0.001045110023
99299	0.00130578073
99300	2.25870585e-05
99301	0.001560793465
99302	0.00521359012
99303	0.003259421412
99304	0.002866627954
99305	0.002286727577
99306	0.001734519823
99307	0.001417685045
99308	0.0004386731454
99309	0.003542944359
99310	0.0006634117871
99311	0.002883330257
99312	0.001921692578
99313	0.003578950694
99314	0.002054360908
99315	7.219950717e-05
99316	0.002857221063
99317	0.0009629575246
99318	0.00241914163
99319	0.001807630807
99320	0.003422493481
99321	0.00244422503
99322	0.001256775558
99323	0.003368135474
99324	0.001034247573
99325	0.001754971336
99326	0.0003061833436
99327	0.0003804709539
99328	0.002356976696
99329	0.0005197421051
99330	0.002041246523
99331	0.001403132096
99332	0.0002318699104
99333	0.001152840152
99334	0.0007268828453
99335	0.004869591157
99336	0.003996714419
99337	0.0007121206588
99338	0.00210142849
99339	0.001480764054
99340	0.0007924602144
99341	0.006236760657
99342	0.004680162434
99343	0.004023347247
99344	0.001217864604
99345	0.001540008977
99346	0.003172943613
99347	0.001403271436
99348	0.0006368073623
99349	0.001381963473
99350	0.001200977512
99351	0.0003085817584
99352	0.0007745316114
99353	0.001824373143
99354	7.457522269e-05
99355	0.00272023893
99356	0.001060853069
99357	0.006470043764
99358	0.001507163584
99359	0.0001314953615
99360	0.0004497296884
99361	2.733820808e-05
99362	0.0009187560492
99363	0.0008375193996
99364	0.003041727118
99365	0.002340019386
99366	0.00103759569
99367	0.0005897829597
99368	0.0002889622387
99369	6.382780572e-05
99370	0.001039003621
99371	0.004272116146
99372	0.001224225918
99373	0.0006556703337
99374	0.001803839052
99375	0.0005868865587
99376	0.004307509037
99377	0.0001116004218
99378	0.0003806937773
99379	0.002942060801
99380	0.001655245578
99381	0.001464109927
99382	0.0004485383009
99383	0.001180528108
99384	7.548425623e-06
99385	0.001653168368
99386	0.001940233829
99387	0.002308355293
99388	0.001999715308
99389	0.003600229473
99390	0.0007349285298
99391	0.00209446837
99392	0.003176529964
99393	0.001295138702
99394	0.001703654601
99395	0.001375862316
99396	0.000215516986
99397	0.001975183097
99398	0.000711797255
99399	0.000783363997
99400	0.005303725718
99401	0.0004829846593
99402	0.003708582916
99403	0.001322145492
99404	0.00270340123
99405	0.0006448056518
99406	0.001849491654
99407	0.0002699504157
99408	0.002109314257
99409	0.0005546357727
99410	0.001002477156
99411	0.001174536346
99412	0.001158793198
99413	0.002105087265
99414	0.004265903791
99415	0.003161419924
99416	0.002658913004
99417	0.002047672153
99418	0.007148688263
99419	0.002097359311
99420	0.001909747803
99421	0.002529304101
99422	0.0006182289815
99423	0.003074763442
99424	0.005023215458
99425	0.0006293024488
99426	0.001829399144
99427	0.0009781132229
99428	0.0007102042611
99429	8.969974884e-05
99430	0.0004298907099
99431	0.0009407290152
99432	0.000225369398
99433	0.001900305388
99434	0.0006328119314
99435	9.921186588e-05
99436	0.004319051109
99437	0.004364724234
99438	0.00031333997
99439	0.004603652535
99440	0.005475255962
99441	0.002142381178
99442	0.0001826955402
99443	0.004264787303
99444	0.0007159340547
99445	0.007833425222
99446	0.0002408805987
99447	0.0002698953287
99448	0.0009571300112
99449	0.003309782056
99450	0.0006775083768
99451	0.001651840845
99452	0.001295219581
99453	0.006852395978
99454	0.0003667382028
99455	0.001665531042
99456	0.001132296405
99457	0.000145271995
99458	0.002217493389
99459	0.0002117157477
99460	0.0004444920338
99461	0.0006748883235
99462	0.004167908406
99463	0.002041410694
99464	0.003363416785
99465	0.0001319595965
99466	0.00219310721
99467	0.001843392955
99468	0.001851033603
99469	0.00406919232
99470	0.001845936094
99471	0.002931835176
99472	0.001189446019
99473	0.0009471597845
99474	0.0001320827565
99475	0.003906801752
99476	0.0004756457007
99477	0.0001359095338
99478	0.002875665581
99479	0.001813648933
99480	0.002132780251
99481	0.001781139915
99482	0.00108420839
99483	0.003043028073
99484	0.001314955284
99485	9.015474717e-05
99486	0.0009592124216
99487	0.001086057298
99488	0.0004777092166
99489	0.0001333963157
99490	0.0007350141123
99491	0.0002062664634
99492	0.0003755235171
99493	0.0007562579528
99494	0.000185796058
99495	0.00581909073
99496	0.0002264170488
99497	0.0001654926873
99498	0.002554788999
99499	0.003721831785
99500	7.524260916e-07
99501	0.003431872989
99502	0.001986999264
99503	0.001559553197
99504	0.002806400644
99505	0.001008286495
99506	0.002193424046
99507	0.001919159173
99508	0.00153595471
99509	0.002842122523
99510	0.0007267943009
99511	0.004466078518
99512	0.0009956796814
99513	0.0007380553529
99514	0.003720278771
99515	0.001371236055
99516	0.0003210892457
99517	0.001468068914
99518	0.001273486291
99519	0.0004965900655
99520	0.003401529948
99521	0.0006017606671
99522	0.001182729507
99523	3.962280179e-05
99524	0.005454908283
99525	0.001897826122
99526	0.0003075860033
99527	0.0007037414971
99528	0.0008817676245
99529	0.0002094099734
99530	0.002097431017
99531	0.006492702948
99532	0.007099856347
99533	0.003165622504
99534	0.002227728946
99535	0.003412037689
99536	0.0009176014837
99537	0.002228145746
99538	0.0001316494213
99539	0.001298441544
99540	0.002939024441
99541	0.00200800173
99542	0.004673940004
99543	0.0002352659893
99544	0.003194382981
99545	0.001023936898
99546	0.00137810124
99547	0.003003881358
99548	0.003545375289
99549	0.001411820981
99550	0.005546608996
99551	0.0008741197576
99552	0.004036696015
99553	0.001278791142
99554	0.002515824289
99555	0.0007694873135
99556	0.0004942567788
99557	0.0007823456006
99558	0.001204665763
99559	0.002282683393
99560	0.001088317082
99561	0.007027902385
99562	0.0004401288435
99563	0.001941522873
99564	0.00208301026
99565	0.002357743022
99566	0.002267624028
99567	0.001231845174
99568	0.00533433105
99569	0.002035037957
99570	0.001098172424
99571	0.0003448345813
99572	0.001036133198
99573	0.0001350428158
99574	0.001138555994
99575	0.0004246942721
99576	0.0002612399734
99577	0.000925966877
99578	0.002273122807
99579	0.0007046562847
99580	0.0004401381568
99581	0.003083426587
99582	0.0005588368697
99583	0.0005170906006
99584	0.001148674951
99585	0.000457307835
99586	0.002826791456
99587	0.001257919808
99588	0.00130769312
99589	0.0005838860913
99590	0.001946928658
99591	0.001477909819
99592	0.0009633508216
99593	0.002409282608
99594	0.0001582127139
99595	0.001486556771
99596	0.005321966461
99597	0.000104223228
99598	0.003022150112
99599	0.001198205569
99600	0.003589367495
99601	0.003852127945
99602	0.0002338972579
99603	0.001796867098
99604	0.002759139182
99605	0.001542021225
99606	0.0003196690041
99607	0.0009123475794
99608	0.003898411802
99609	0.0002515790183
99610	0.005149151224
99611	0.001354649166
99612	0.001751312203
99613	0.002312136975
99614	0.002097908798
99615	0.0002033863884
99616	0.0005850140445
99617	0.005913265328
99618	0.00306522811
99619	0.006046398412
99620	0.002951136633
99621	0.0007288319644
99622	0.002113579656
99623	0.0004670341118
99624	0.004026559457
99625	0.001827630137
99626	0.00388783604
99627	0.003031047449
99628	0.0008267630746
99629	0.002834121103
99630	0.001313196927
99631	0.005235497121
99632	0.002294534775
99633	0.0008554772299
99634	0.0001967753868
99635	0.007517719317
99636	1.807143093e-05
99637	0.0005118267054
99638	0.003601454784
99639	0.000293572251
99640	0.0006533284196
99641	0.0004945819551
99642	0.002772448107
99643	0.0007846777032
99644	0.002168915792
99645	0.0002193268334
99646	0.001181978257
99647	0.0007409667272
99648	0.002907433843
99649	0.005087540356
99650	0.0002941866713
99651	0.000124619168
99652	0.001530965965
99653	0.005211612369
99654	0.0004751497909
99655	0.0007061805871
99656	0.0002528338021
99657	0.0008262326298
99658	0.002645569011
99659	0.000833974997
99660	0.004706482696
99661	0.0006089133466
99662	0.001288840497
99663	0.003608797563
99664	0.0005259690899
99665	0.00520194731
99666	0.001268591129
99667	0.00491206786
99668	0.002089376406
99669	0.004640052807
99670	0.001037778298
99671	0.00357263523
99672	0.004865903442
99673	0.001346615372
99674	0.001094782738
99675	0.001712459909
99676	0.001917477468
99677	0.00158891025
99678	0.001854445335
99679	0.003816412677
99680	0.00316693254
99681	0.002568006555
99682	0.006263907602
99683	0.006193591207
99684	0.003536371912
99685	0.001840855278
99686	0.004403253883
99687	0.003909400582
99688	0.003855961696
99689	0.0006169188398
99690	0.0003493278213
99691	0.006255379203
99692	0.0009497494367
99693	0.005919239866
99694	0.0002368666449
99695	0.001241125549
99696	0.001786122527
99697	0.001587098063
99698	0.004479893533
99699	0.005157753131
99700	0.006280544677
99701	0.0004068080516
99702	0.001312950291
99703	0.001275104446
99704	0.001187913551
99705	0.002046233683
99706	0.001714507045
99707	0.0003717749055
99708	0.002117595511
99709	0.002965029434
99710	0.00273993495
99711	0.00014738518
99712	0.000766277352
99713	0.002748534019
99714	0.0004083002243
99715	0.0007082934241
99716	0.0007859188703
99717	8.006364195e-05
99718	0.004062166979
99719	0.001249909739
99720	0.001373566208
99721	0.003137834495
99722	0.003715595622
99723	0.005498419416
99724	0.001986105619
99725	6.440869612e-05
99726	0.002591715959
99727	0.0007639792968
99728	0.001293798862
99729	0.004655414753
99730	0.002605771334
99731	0.0007071467854
99732	0.0008271874094
99733	0.001556493541
99734	0.003596478464
99735	0.0009367377703
99736	0.002149952945
99737	0.002569207879
99738	0.004147285749
99739	0.0004285738118
99740	0.0004070891039
99741	0.001710944686
99742	0.002696690911
99743	0.0002704679147
99744	0.0002251656893
99745	0.0004266483777
99746	0.003509629169
99747	0.002497767518
99748	0.002766440203
99749	0.0007799490074
99750	0.001379966928
99751	0.001560972866
99752	0.008833460178
99753	0.0008824515459
99754	0.002354230964
99755	0.004377500038
99756	0.00252893689
99757	0.0002030928387
99758	0.0003135809495
99759	0.003306887983
99760	0.001967425794
99761	0.002928694089
99762	1.562631649e-05
99763	0.001316558859
99764	0.0004877384747
99765	0.001038301468
99766	5.59822443e-05
99767	0.0007942520206
99768	5.199329806e-05
99769	1.470065011e-06
99770	0.0002154289774
99771	0.0009154357622
99772	0.002845639132
99773	0.007666467992
99774	0.003946285721
99775	0.002851259138
99776	0.003509498278
99777	0.001898215081
99778	0.0009388302434
99779	0.0006591913848
99780	8.588529614e-05
99781	0.001826219433
99782	0.0001087952957
99783	0.0007046593777
99784	0.001288884322
99785	0.007722231107
99786	7.689700613e-05
99787	0.0003101690969
99788	0.0003305740472
99789	0.0001961052649
99790	0.0008289718849
99791	0.0006230460765
99792	0.0008114940512
99793	0.0002415931107
99794	0.0009880749369
99795	0.001683338912
99796	0.003371988527
99797	0.005568744899
99798	0.001247735706
99799	0.001378158026
99800	0.0007482590313
99801	0.002869210412
99802	0.0007419610825
99803	0.0008181002633
99804	0.001646710481
99805	0.001888135527
99806	0.0006353811063
99807	0.0008168545592
99808	0.0001083673349
99809	0.003378303575
99810	0.001469047325
99811	0.009844331779
99812	0.0003690820437
99813	0.002953721214
99814	0.005044785202
99815	0.0009559515087
99816	0.003682734487
99817	0.00226625061
99818	0.002643039689
99819	0.004711168514
99820	0.001722847261
99821	0.003142165209
99822	0.0003929097455
99823	0.0009430905121
99824	0.00106846051
99825	0.002604269004
99826	0.002845983843
99827	0.006150186975
99828	0.00109318599
99829	0.001371284347
99830	0.002440394558
99831	0.001389906613
99832	0.001592925722
99833	0.0002731230864
99834	0.001155987619
99835	0.0002514387274
99836	0.001899562738
99837	0.003700853724
99838	0.002649172157
99839	0.001121892566
99840	0.003720916363
99841	0.003704137078
99842	0.001274945737
99843	0.00161966123
99844	0.0004248686853
99845	0.004814459852
99846	0.001933517405
99847	0.004656769349
99848	0.001563795499
99849	0.001432957215
99850	0.0005380429671
99851	0.002502866231
99852	0.001906481519
99853	0.002064069655
99854	0.0004252666922
99855	0.0008975780844
99856	0.004153474081
99857	0.001468865964
99858	0.004361219378
99859	0.000981907161
99860	0.003001796642
99861	0.001803097441
99862	0.001866773696
99863	8.404608359e-05
99864	0.00160280084
99865	0.0006462463051
99866	0.00236429727
99867	0.001104393981
99868	0.00129555077
99869	0.003058619058
99870	0.001345585771
99871	0.0006481805857
99872	0.001667606329
99873	0.004567000358
99874	0.001406221274
99875	0.0007205839373
99876	0.005276260076
99877	0.001043316962
99878	0.005226097766
99879	0.001585089951
99880	0.0007528412925
99881	0.003086869161
99882	0.001850088233
99883	0.0005673557858
99884	0.002993806396
99885	0.000209389788
99886	0.001502375082
99887	0.0007906826221
99888	0.005124404992
99889	0.004209378871
99890	1.407873816e-05
99891	0.002166516995
99892	0.005615343775
99893	0.0001306726132
99894	0.002470283666
99895	8.957902081e-06
99896	0.006831489381
99897	0.003671229315
99898	0.0008430499985
99899	0.002246783729
99900	0.0007836164632
99901	0.001094816578
99902	0.001586737912
99903	0.004123991799
99904	0.001926822391
99905	0.0006106097416
99906	0.003024870793
99907	0.0009739316918
99908	0.002911267096
99909	0.004511714594
99910	0.004336775689
99911	0.005710172794
99912	6.540555698e-05
99913	0.006468260482
99914	0.0009608269543
99915	0.0001594217305
99916	0.00674074984
99917	0.005774597979
99918	0.0003078994648
99919	0.003389114558
99920	0.002305523964
99921	0.0001774413394
99922	0.005289190804
99923	0.001350709617
99924	0.001618191027
99925	4.579673565e-06
99926	0.002714756322
99927	0.005298777148
99928	0.002217183275
99929	0.001015448413
99930	0.002094630349
99931	0.001480113648
99932	0.001368581877
99933	0.004989876342
99934	0.0003487194067
99935	0.002517430375
99936	0.00159564359
99937	0.002139387676
99938	0.001048466563
99939	0.001084369381
99940	0.001929995945
99941	0.0003272051311
99942	0.0001159133191
99943	0.00183803808
99944	4.169446622e-05
99945	0.001958000879
99946	0.0004513977986
99947	0.00186745236
99948	0.003385618837
99949	0.004122973914
99950	0.0004699331912
99951	0.001847871947
99952	0.003882852063
99953	0.00163816692
99954	0.001239624369
99955	0.001813226777
99956	0.00210356493
99957	0.00751135921
99958	0.001589347116
99959	0.0005184656134
99960	0.002506844173
99961	0.004444934354
99962	0.001924732197
99963	0.001678488998
99964	0.001600412037
99965	0.003889388104
99966	0.0002073208721
99967	0.0005964365527
99968	0.001635103392
99969	0.0003174890232
99970	8.599336891e-05
99971	0.0004059460838
99972	0.0003903670114
99973	0.0001942255831
99974	6.455123451e-05
99975	0.0001236617004
99976	0.000152154326
99977	0.0002883944673
99978	0.0002711621569
99979	0.0002158344507
99980	0.001294095246
99981	0.0006595718081
99982	0.0001665940933
99983	0.0001169116804
99984	0.000654115151
99985	0.000378909002
99986	0.000357175471
99987	0.001590280094
99988	0.001930262011
99989	0.0002393310874
99990	0.003780193842
99991	0.001436506421
99992	0.0002639685562
99993	0.002832922774
99994	0.0002287997355
99995	0.001240685253
99996	0.0004050629919
99997	0.003120664623
99998	7.518099116e-05
99999	0.001148093997
100000	0.0003063502345
100001	0.002335849617
100002	0.002132791344
100003	0.0009929927296
100004	6.487657476e-06
100005	0.002125261447
100006	0.002771184418
100007	0.004177804971
100008	0.00190495681
100009	0.002902993234
100010	0.0009742379663
100011	0.003451018856
100012	0.001617802728
100013	0.0006837588397
100014	0.003852493248
100015	0.001958453796
100016	0.0006822492508
100017	0.001974786828
100018	0.00115557515
100019	0.001035381248
100020	0.001537542761
100021	0.002642520089
100022	0.003524200264
100023	0.0009326210331
100024	0.002180371718
100025	0.000357868199
100026	0.0006151613717
100027	0.0001845945822
100028	0.001555877318
100029	0.004424107026
100030	0.0006889410058
100031	0.004290130966
100032	0.004022634734
100033	0.002397004626
100034	0.001003188221
100035	0.0003001854752
100036	0.003959989674
100037	0.0003691551426
100038	0.0002019000815
100039	0.001680850135
100040	0.0008454290711
100041	0.003350662477
100042	0.001445580214
100043	0.002836200355
100044	0.001988759497
100045	0.002391786873
100046	0.00122428579
100047	4.833102673e-05
100048	0.000749994411
100049	0.0008959783241
100050	4.862881947e-05
100051	0.002784181379
100052	0.001024466437
100053	0.001627316437
100054	0.00392508827
100055	0.000459076112
100056	4.027908993e-05
100057	6.733236283e-05
100058	0.000236819673
100059	0.0005769654448
100060	5.600576582e-05
100061	0.002640014842
100062	0.0001674555665
100063	3.410946647e-05
100064	0.004328919639
100065	0.002146835327
100066	0.005414690822
100067	0.004131073444
100068	0.003149475326
100069	0.004632984297
100070	0.004817768623
100071	0.006583473983
100072	0.0008592829816
100073	0.0003604250585
100074	0.002494916168
100075	0.002298494089
100076	0.0002399970224
100077	0.002504923018
100078	0.003479841374
100079	0.001033869849
100080	0.001112477704
100081	0.002308710619
100082	0.0014214819
100083	0.002674581263
100084	0.001005094061
100085	0.005831690081
100086	0.001083353589
100087	0.002936968051
100088	0.0005403278207
100089	0.003000288762
100090	0.00140651081
100091	0.0002911639241
100092	7.336501903e-05
100093	0.002298206484
100094	0.001524513018
100095	0.0008779683084
100096	0.0009959658676
100097	0.0004434053765
100098	0.002197536174
100099	0.0002475018574
100100	0.003201796742
100101	0.0004273792663
100102	0.0001412630922
100103	0.005112398122
100104	0.0007666350418
100105	0.003698620271
100106	0.00431158326
100107	0.00525958395
100108	0.0002054975126
100109	0.001962815091
100110	0.005047264907
100111	0.001484835869
100112	0.001979764903
100113	0.001796653377
100114	0.001225307415
100115	0.002988769536
100116	0.0004326712957
100117	0.002409063319
100118	0.001919361453
100119	0.003488233503
100120	0.002008828275
100121	0.001071302909
100122	0.003570928317
100123	0.002869088567
100124	5.831427211e-05
100125	0.000429698143
100126	0.001769094183
100127	0.004905881113
100128	0.0006018497102
100129	0.007796772233
100130	0.004776252021
100131	0.001416971445
100132	0.0003675091826
100133	7.930142948e-05
100134	0.0009488635545
100135	0.0006239276878
100136	5.075072651e-05
100137	0.0004887358848
100138	0.001496579458
100139	5.722616545e-06
100140	0.0006386109947
100141	0.0004714605605
100142	4.653480051e-05
100143	0.0001456597895
100144	9.375775086e-05
100145	0.0003544715315
100146	0.0003115055597
100147	0.0001775361753
100148	0.0001297136333
100149	0.0002854439249
100150	0.0007460742259
100151	0.004038055647
100152	0.0005805408568
100153	6.375492602e-05
100154	0.002515429384
100155	0.001003627306
100156	0.0008847476585
100157	0.0006715269787
100158	0.002798060388
100159	0.0008103402121
100160	0.003921910934
100161	0.002132256952
100162	0.001269232423
100163	0.000513982174
100164	0.002422254229
100165	0.001968025998
100166	0.002175804285
100167	2.502590302e-05
100168	0.0001212594459
100169	0.001856558042
100170	0.0002788085585
100171	0.002256967371
100172	1.191433575e-05
100173	0.001437532974
100174	0.003369986551
100175	0.003851682309
100176	0.0002533704441
100177	0.0022638099
100178	0.0007865785414
100179	0.00111565364
100180	0.003783869808
100181	0.001340106202
100182	0.0001796538214
100183	0.000703324469
100184	0.003280553623
100185	0.005928680195
100186	0.001290990474
100187	0.0004105610059
100188	0.0004857286119
100189	0.0004656271204
100190	0.007172777613
100191	2.836535655e-06
100192	0.002300731634
100193	0.0008608098593
100194	0.005962534166
100195	0.005338299566
100196	0.003668979182
100197	0.002391067841
100198	0.0004788480161
100199	0.0001385333436
100200	0.002281892041
100201	0.0001170395286
100202	0.003248548724
100203	0.002192473389
100204	0.002826210937
100205	0.001723411545
100206	0.007121016287
100207	0.000649803764
100208	0.0002405082109
100209	0.003865296539
100210	0.001420006788
100211	0.007714948108
100212	0.003165222182
100213	0.001732154963
100214	0.00153372548
100215	0.000886564038
100216	0.003197004757
100217	0.006132407384
100218	0.00525678008
100219	0.007737444432
100220	0.0003210282645
100221	0.0003371450679
100222	0.0002197370027
100223	3.176409699e-05
100224	0.003924605231
100225	0.0001839959578
100226	0.0003091303358
100227	0.0004733130338
100228	0.003987371202
100229	0.001652369596
100230	0.006980583364
100231	0.008363905971
100232	0.0007178736845
100233	0.002443340155
100234	0.002939862218
100235	0.002456483475
100236	0.007754263203
100237	0.001143258547
100238	0.001794092371
100239	0.004940735823
100240	0.0006452422295
100241	3.482628463e-05
100242	0.0002174374538
100243	0.001538384136
100244	0.0008566338908
100245	0.004440151093
100246	0.004960079857
100247	0.0001274870648
100248	0.0006057873346
100249	0.003681343585
100250	0.00494726183
100251	0.00579224237
100252	0.003313687718
100253	0.002376812773
100254	0.0006085739977
100255	0.002311838997
100256	0.004973170045
100257	0.0005402017061
100258	0.00143229492
100259	0.0007035879832
100260	0.001849792653
100261	0.001219875837
100262	0.001895904579
100263	0.0002371711693
100264	0.002646825954
100265	0.001823305848
100266	0.004077486381
100267	0.001561178962
100268	0.005877495318
100269	0.0003935740187
100270	0.001431881113
100271	0.002129917704
100272	0.003153515164
100273	4.716807505e-05
100274	0.003118828975
100275	0.0007085098421
100276	0.001553854002
100277	0.001858706419
100278	0.0001707780334
100279	0.002360701687
100280	0.0008273829548
100281	0.006268511908
100282	0.00242576405
100283	0.003568445084
100284	0.002931579649
100285	0.0005512433855
100286	0.004836404563
100287	0.0002996225598
100288	9.982767551e-05
100289	0
100290	3.945564281e-05
100291	0.0002296244923
100292	0.001189065286
100293	0.007871014934
100294	4.413076153e-05
100295	0.001184887161
100296	0.003139948015
100297	0.002233604369
100298	0.005623644717
100299	0.002737303471
100300	0.0001391438659
100301	0.002177010334
100302	0.0009669128104
100303	0.0008706932458
100304	0.00197362863
100305	0.002346053355
100306	0.0002196908487
100307	0.001810984932
100308	0.003103015503
100309	0.001368124732
100310	0.0008451575133
100311	0.001352691697
100312	0.001981301432
100313	0.002086644821
100314	0.001569883569
100315	0.003634822096
100316	0.0001185508768
100317	0.001260081111
100318	0.007723280506
100319	0.002134724736
100320	0.006715152637
100321	0.003387914277
100322	0.002603904611
100323	0.001465602245
100324	0.003735452845
100325	8.85947983e-05
100326	0.0003491073641
100327	0.0008573889439
100328	0.0009254990544
100329	0.0007709411038
100330	0.000813039689
100331	0.004261160896
100332	0.001357684749
100333	0.0007443332296
100334	0.0007513349809
100335	0.001003633971
100336	0.001759761859
100337	8.627918612e-06
100338	0.001335148553
100339	0.001810591168
100340	3.068152557e-05
100341	0.002626685378
100342	0.0006482571251
100343	0.002722711705
100344	0.001420759259
100345	0.0003204836861
100346	0.00266958897
100347	5.590675469e-05
100348	0.001850393554
100349	0.001481257957
100350	0.005521182098
100351	0.01016307654
100352	0.01016222143
100353	0.001232025839
100354	0.002575209927
100355	0.004801865198
100356	0.001580972688
100357	0.001966782921
100358	0.0003711442732
100359	0.0006285867798
100360	0.002577566634
100361	0.004353181649
100362	0.0009839990583
100363	0.00083604959
100364	0.0006016565049
100365	0.00332923184
100366	0.003222367523
100367	0.00103235904
100368	0.000399099569
100369	0.003940811385
100370	0.002079987761
100371	0.005153765583
100372	0.001474691188
100373	0.006006460118
100374	0.0009244556485
100375	0.001609537248
100376	0.002694931289
100377	0.00139802831
100378	0.001389758998
100379	0.001741410121
100380	0.0005897359971
100381	0.0004444634946
100382	9.107185794e-06
100383	0.0004330414456
100384	0.001720681117
100385	0.0002865926693
100386	0.000964850507
100387	0.0006872700229
100388	0.001431535409
100389	0.0007118593188
100390	0.002693870552
100391	0.000281464565
100392	1.351523136e-05
100393	0.0008530392908
100394	0.0001331876648
100395	0.003712228333
100396	0.006780364697
100397	0.008876268906
100398	0.002177797481
100399	0.00974031472
100400	0.001185601543
100401	0.0002160423288
100402	0.007477248779
100403	0.001983867776
100404	0.002536358562
100405	0.001118727604
100406	0.0001346189812
100407	0.003002116934
100408	0.001370750601
100409	0.000613673236
100410	0.003027260794
100411	0.0006473055169
100412	0.0009020359725
100413	0.0008964837923
100414	0.001069552436
100415	0.000320748175
100416	0.0007986353824
100417	0.001169037931
100418	0.0003972307305
100419	0.001740554903
100420	0.002145524686
100421	0.0009332148912
100422	0.001804160662
100423	0.0004543519785
100424	0.0003819343457
100425	0.0003257040661
100426	0.0007838709972
100427	0.001895081899
100428	0.0009104137579
100429	0.0008408379517
100430	0.001495763466
100431	0.002075594504
100432	0.002130433569
100433	0.0005998047833
100434	0.0002491845759
100435	0.0003963719879
100436	0.001952043976
100437	5.091603704e-05
100438	0.0008672422102
100439	0.002578913703
100440	0.001061009197
100441	0.001883932519
100442	0.0002811022325
100443	0.002253611722
100444	0.0003370670589
100445	0.002883508672
100446	0.0004852739108
100447	0.0008655918265
100448	0.005603646597
100449	0.002221909999
100450	0.001511847407
100451	0.001470400921
100452	0.004710107913
100453	0.0002565851823
100454	0.0004590780973
100455	0.0001439988797
100456	0.003982834785
100457	0.003136922292
100458	0.0005207649039
100459	0.00207832731
100460	0.001833846207
100461	0.002339678763
100462	0.0004411426164
100463	0.01023266748
100464	2.242843348e-05
100465	0.0004301660776
100466	3.126207778e-07
100467	0.0001417762654
100468	0.0001098822733
100469	0.0005056308895
100470	0.0002041319597
100471	0.0002710526719
100472	0.0002732591692
100473	0.000432662447
100474	0.0003373493124
100475	8.305140616e-07
100476	0.0002040887373
100477	0.0003180953056
100478	2.091500304e-07
100479	0.000203693503
100480	0.0001850506002
100481	0.000950531507
100482	0.002253630708
100483	0.001320187213
100484	0.003079873901
100485	0.001139911673
100486	0.003538491997
100487	0.006800339728
100488	0.000431350232
100489	0.0001426218748
100490	0.001481626035
100491	0
100492	0.0006681766035
100493	0.006876758997
100494	0.0002879936346
100495	0.002377543025
100496	2.733627432e-05
100497	0.001465142218
100498	0.00142877937
100499	0.00174269633
100500	0.00046554032
100501	0.0004186420551
100502	0.005809646189
100503	0.001304984264
100504	0.0001520743964
100505	0.001470783594
100506	0.006012629187
100507	0.003364490322
100508	0.003470759108
100509	0.0008816311777
100510	0.001520299891
100511	0.0003629739372
100512	0.0006713211898
100513	0.002659715223
100514	0.0003245734454
100515	0.0003908159178
100516	0.003619369748
100517	0.0009761310134
100518	0.002615229418
100519	0.0007607695911
100520	0.0006566556777
100521	0.0009365755244
100522	0.002650784636
100523	0.003282724695
100524	0.002726018214
100525	0.0001456603648
100526	0.0001732743626
100527	0.004687126634
100528	0.004758567613
100529	0.001832097063
100530	0.006405228631
100531	0.005891838546
100532	0.006184349837
100533	0.004840738626
100534	0.0005318875669
100535	0.002852837473
100536	0.003688903327
100537	0.0005928858082
100538	0.001878152707
100539	0.001405184199
100540	0.001113948253
100541	0.0001086353616
100542	0.004096772334
100543	0.0003415033382
100544	0.0004998646041
100545	0.004536850753
100546	0.0005979336057
100547	0.000202270193
100548	0.003768596272
100549	5.37477779e-05
100550	0.004688254268
100551	0.001946113466
100552	0.002407515415
100553	0.003365774157
100554	0.003352354535
100555	0.001359246673
100556	0.001349007433
100557	0.0009970500113
100558	0.001881349677
100559	0.0008937741929
100560	0.00338637597
100561	0.001738786647
100562	0.006265339427
100563	0.002706508511
100564	0.00557868228
100565	0.001400747805
100566	0.004566962835
100567	0.0009872084618
100568	0.0002868906505
100569	0.0033023877
100570	0.003159063659
100571	0.005296354246
100572	0.002149753201
100573	0.0002254790108
100574	0.0008283875346
100575	0.004088446013
100576	0.001049145953
100577	0.0008472042488
100578	0.005292748651
100579	0.001866869314
100580	0.00119916803
100581	0.0001084837518
100582	0.0003246443845
100583	0.001301184456
100584	0.001831138695
100585	0.0007056652417
100586	0.0008798014983
100587	0.0003257602022
100588	0.001515187612
100589	0.0005785937064
100590	0.001589054051
100591	0.002467535949
100592	0.001629071371
100593	0.0002417740413
100594	0.006228679618
100595	0.0008744042202
100596	0.001003891236
100597	0.0007059680345
100598	0.004481731423
100599	0.003048158622
100600	0.0009299656775
100601	0.002488648241
100602	0.0002766573683
100603	0.006013691614
100604	0.001093903814
100605	0.001150917496
100606	0.0001879150794
100607	0.002444021375
100608	0.002482455609
100609	0.0008477791732
100610	0.005857288263
100611	0.002730490112
100612	0.0009004527952
100613	0.002066743206
100614	0.00522461759
100615	0.0020104266
100616	0.007308424004
100617	0.0006848814184
100618	0.0005223836702
100619	0.001500930944
100620	0.002890573927
100621	0.002496559292
100622	0.001912906093
100623	0.006989433045
100624	0.003773282388
100625	0.004232479921
100626	0.003777952983
100627	0.0009517879601
100628	0.006998717654
100629	0.002954191853
100630	0.0009804188713
100631	0.001243020439
100632	0.003377257881
100633	0.005396062625
100634	0.0006211768472
100635	0.001485797001
100636	0.0007157378285
100637	0.0005201297239
100638	6.551570981e-05
100639	0.001929666051
100640	0.002046155675
100641	0.004822358787
100642	0.008115243508
100643	0.0009364107449
100644	0.0005613751084
100645	0.00125860094
100646	0.002937284351
100647	0
100648	0.006367108837
100649	0.002642670463
100650	0.006069996606
100651	0.004610936573
100652	0.0003259643243
100653	0.0004044322439
100654	0.000717967291
100655	0.00183712061
100656	0.003713025643
100657	0.002103647102
100658	0.002188071437
100659	0.002487958956
100660	0.0002872678527
100661	0.001389218119
100662	0.002834355656
100663	0.0004675450831
100664	0.00263742334
100665	0.004536242871
100666	0.002155644046
100667	0.004022312763
100668	0.005739815171
100669	0.001785749002
100670	0.003367988403
100671	0.0004608390116
100672	0.002497822604
100673	0.0007304851493
100674	0.001079081795
100675	0.0002512552012
100676	0.002189856066
100677	0.003624684885
100678	0.0004915617103
100679	0.005413918641
100680	0.001174395661
100681	0.005341364831
100682	0.0005188745004
100683	0.0005446118509
100684	0.007672238058
100685	0.004629474945
100686	0.0002090219528
100687	0.003045879447
100688	0.0001199017034
100689	0.001013302979
100690	0.0006808988771
100691	0.001719472524
100692	0.00277197023
100693	0.005119607971
100694	0.001082547914
100695	0.002311015662
100696	0.001301448971
100697	0.002105628693
100698	0.003086271302
100699	0.001060319392
100700	0.000533009655
100701	0.003894168484
100702	0.002546100926
100703	0.000360074783
100704	0.003258212199
100705	0.001960270387
100706	0.00276576129
100707	0.004730435006
100708	0.006985847635
100709	0.006448271374
100710	0.001938923875
100711	0.0074075721
100712	0.006596680316
100713	0.003794718577
100714	0.005292291004
100715	0.0005528026717
100716	0.0003249215403
100717	0.001684531305
100718	0.001306529206
100719	0.001135477167
100720	0.001978318696
100721	0.0007319796241
100722	0.004790783117
100723	0.002819243499
100724	0.001052793739
100725	0.005223749137
100726	0.007425480469
100727	0.004801007574
100728	0.001974555911
100729	0.008431338688
100730	0.001613223763
100731	0.002893836971
100732	6.244420342e-05
100733	0.001976405365
100734	0.001080090305
100735	0.003662098245
100736	0.00271875146
100737	0.000314320356
100738	0.002539713448
100739	0.001741443772
100740	0.0009015111435
100741	0.001346126602
100742	0.0007607745939
100743	0.0007808940855
100744	5.819601539e-05
100745	0.000998929347
100746	0.004169136476
100747	0.0007836625752
100748	0.001414896239
100749	0.001963876038
100750	0.007121197
100751	0.001449340896
100752	0.002645526485
100753	0.001305783415
100754	0.0002741481191
100755	0.0009506861323
100756	0.0006190723289
100757	0.01025011441
100758	0.0006554736777
100759	0
100760	0.002341095103
100761	0.0004919081081
100762	0.0001111993288
100763	0.003034099674
100764	0.002197295606
100765	0.001089099397
100766	0.0001046208125
100767	0.0007394569154
100768	0.004898095327
100769	0.002490980397
100770	0.001201741901
100771	0.0003548283813
100772	0.002397287774
100773	0.001486179711
100774	0.0002213830543
100775	0.0007174918094
100776	0.001808887589
100777	0.0008055844536
100778	7.962658542e-06
100779	0.000944805464
100780	0.0006618481483
100781	0.004628466512
100782	0.0006482882336
100783	0.001959696273
100784	0.001848829987
100785	7.480221379e-05
100786	0.003537533567
100787	0.005988286731
100788	0.003018991993
100789	0.003876142778
100790	0
100791	0.00190095035
100792	0.001352545945
100793	0.0004451257457
100794	0.0001721559509
100795	0.002873861699
100796	0.001594965487
100797	0.000106955133
100798	0.001063242289
100799	0.006595842963
100800	0.000987990299
100801	0.001225528736
100802	0.001118966042
100803	0.00277275629
100804	0.0006285979408
100805	0.004829659817
100806	0.003855947455
100807	0.0006303455832
100808	0.004082870718
100809	0.002954397735
100810	0.005937740263
100811	0.0002237198573
100812	0.0004961710159
100813	0.003409449928
100814	0.001488433709
100815	0.002752559718
100816	0.001404773469
100817	0.001151628419
100818	0.0008095729766
100819	0.0005836033142
100820	0.00106016624
100821	0.002230290009
100822	0.00835237231
100823	0.001716315499
100824	0.0003649998169
100825	0.007348694297
100826	0.002118399623
100827	0.00315215494
100828	0.0007869057887
100829	6.501530511e-05
100830	0.0004015984818
100831	2.904686708e-06
100832	0.00306171056
100833	9.839670781e-05
100834	0.0005522884193
100835	0.00119609422
100836	0.004399636375
100837	0.001977363459
100838	0.001918817665
100839	0.0008582673671
100840	0.002339834662
100841	0.001689892255
100842	0.00220802313
100843	0.005801415971
100844	0.0005817347508
100845	0.00695493637
100846	0.004115288094
100847	0.0002392057537
100848	5.492159669e-05
100849	0.003879872458
100850	0.003609854202
100851	0.0006975259375
100852	0.0001458590991
100853	0.001225931788
100854	0.002277971171
100855	0.003155201356
100856	0.0001189613742
100857	0.001444418889
100858	0.000129789768
100859	0.004895499681
100860	0.0001000607142
100861	0.0005681092259
100862	0.0001404677861
100863	0.002858584565
100864	0.0005373111837
100865	0.005919015953
100866	0.001954594778
100867	0.004777201915
100868	0.002388835964
100869	6.011393761e-05
100870	0.002232565685
100871	0.000550937231
100872	0.001444616907
100873	0.003429080766
100874	0.005034260463
100875	0.001743814297
100876	3.146164034e-05
100877	0.002361359741
100878	0.00158870776
100879	0.002191304822
100880	0.003207545927
100881	0.001040749889
100882	0.00180856604
100883	0.002359715789
100884	0.0002288422398
100885	0.002182125855
100886	0.0008572393079
100887	0.004687771535
100888	0.0004864523818
100889	1.321442681e-05
100890	0.0008094158233
100891	0.002320616069
100892	0.0019761385
100893	0.000318482256
100894	0.0006122330826
100895	0.001334026586
100896	0.001291406793
100897	0.0001618306356
100898	0.002536339969
100899	0.001894937939
100900	0.0008588239026
100901	0.003327293003
100902	0.0009325187525
100903	0.00103421438
100904	0.00430698804
100905	0.001689570785
100906	0.0007744871385
100907	0.0008102526938
100908	0.0009944931623
100909	0.00123912776
100910	0.001779999873
100911	0.005630386078
100912	0.0001216782487
100913	0.0001202004569
100914	0.0002527856656
100915	0.0002569712543
100916	0.0003756843784
100917	5.343378343e-06
100918	5.224692274e-06
100919	0.0002448661437
100920	0.0001221314518
100921	0.000121830349
100922	0.0002460557325
100923	0.0006414032793
100924	0.0001107469216
100925	0.0008877589797
100926	1.100223532e-06
100927	0.000632935832
100928	0.0005171070524
100929	0.0001399873544
100930	8.090388633e-08
100931	0.0001340864822
100932	0.0006408627027
100933	1.200336384e-06
100934	0.0004986626372
100935	0.0002564230793
100936	0.0005006129594
100937	0.0005149868375
100938	0.0006456038311
100939	0.0003784325037
100940	0.000756829113
100941	0.0007809541754
100942	1.384740745e-05
100943	1.807292498e-06
100944	0.0007733852178
100945	0.0003909357758
100946	0.0001259618398
100947	0.0003844695978
100948	0.0002605306135
100949	6.809785537e-08
100950	0.0003728109727
100951	0.0005140341943
100952	0.0003899039243
100953	0.0002594102703
100954	0.0005193546508
100955	0.003021632487
100956	0.002365145899
100957	0.000416950695
100958	0.001916253819
100959	0.0003342773156
100960	0.002567998371
100961	0.003046844715
100962	0.002127279106
100963	0.000373319585
100964	0.001421745085
100965	0.002620709388
100966	0.0001229543937
100967	0.003421010149
100968	0.001097081763
100969	0.0002987280696
100970	0.0007275474238
100971	0.002026731383
100972	0.001449463861
100973	0.00127974438
100974	0.002528649342
100975	0.003351300637
100976	0.005311237576
100977	0.002037044295
100978	0.001752130288
100979	0.0005972011088
100980	0.00102470432
100981	0.001174037454
100982	0.001387112539
100983	0.001093799173
100984	0.0004627522383
100985	0.0006594090405
100986	0.0003955152625
100987	0.003104331359
100988	0.001030859745
100989	0.006985377377
100990	0.003099495678
100991	0.001838567544
100992	0.001805847283
100993	0.002410110567
100994	4.790402369e-05
100995	0.0003287101682
100996	0.001044481339
100997	0.001896345956
100998	0.0001718773313
100999	0.004032854191
101000	0.00118743292
101001	0.003081052056
101002	0.003595075987
101003	0.003700448936
101004	0.001294484626
101005	0.0003420984944
101006	0.0008414735551
101007	0.000413090922
101008	0.0004884121419
101009	0.00270203537
101010	0.0008307810168
101011	0.004971432397
101012	0.002429053644
101013	0.004336221008
101014	0.0005499861468
101015	0.003013891867
101016	0.002773207772
101017	0.003356860074
101018	0.001707942141
101019	0.0003426373803
101020	0.00241499577
101021	0.004249737919
101022	0.0007848963616
101023	0.0005168663301
101024	0.001336525666
101025	0.006303729893
101026	0.0009919533207
101027	0.0002951842008
101028	0.00147177161
101029	0.002279762759
101030	0.001313787233
101031	0.0001260513556
101032	0.0001249478643
101033	0.0001253489486
101034	0.0001252200419
101035	0.001837326032
101036	0.001721831595
101037	0.001890585145
101038	0.002524906668
101039	4.685560896e-05
101040	0.001841965804
101041	4.800819594e-05
101042	0.00257321617
101043	0.001814877807
101044	0.002156164266
101045	0.003682941232
101046	0.001061422246
101047	0.004010149924
101048	0.001472744277
101049	0.001996658279
101050	0.002012726148
101051	0.001885567656
101052	0.0003909188633
101053	0.001624667105
101054	0.006752050094
101055	0.005163950951
101056	0.002827584587
101057	0.0001093272959
101058	0.002276246906
101059	8.276967294e-05
101060	0.002058459803
101061	1.470889225e-05
101062	0.0001638744847
101063	0.0002265903344
101064	6.317933968e-05
101065	0.0001075392226
101066	0.0001616489564
101067	3.010394035e-05
101068	0.0001946500338
101069	3.566886846e-05
101070	0.0002711787918
101071	0.0003165342653
101072	0.0001009744208
101073	0.0001241358346
101074	0.002550850468
101075	0.003257930402
101076	0.001881942046
101077	0.0002824454654
101078	0.0004854221005
101079	0.001767583766
101080	6.189729041e-05
101081	0.005384680693
101082	0.0002750170503
101083	0.006075925505
101084	0.002606498348
101085	0.004380032853
101086	0.002519383362
101087	6.277242609e-05
101088	0.0003099235327
101089	0.0004893090508
101090	0.0001809512063
101091	0.0003166250523
101092	0.001885609145
101093	0.0001075212597
101094	0.002553983603
101095	0.0002937360789
101096	0.0009482299541
101097	0.004597270163
101098	0.002260424531
101099	0.002720763911
101100	0.001427503521
101101	0.002292519917
101102	0.001862020054
101103	0.001687885155
101104	0.003791392676
101105	0.001228870602
101106	0.002918404121
101107	0.001333574046
101108	0.0008836294722
101109	0.002010279168
101110	0.004420871599
101111	0.002984483649
101112	0.001243082633
101113	0.0006109362059
101114	0.001910587347
101115	0.002648870858
101116	0.003489152377
101117	0.0002533956446
101118	0.002967527084
101119	0.0003651344833
101120	1.943605508e-05
101121	0.0005977845471
101122	0.004095880546
101123	0.0009620297935
101124	0.0001110861573
101125	0.0004480954039
101126	0.003744263857
101127	0.003014116138
101128	0.001426701628
101129	3.510457533e-06
101130	0.0007440141196
101131	0.0002143718909
101132	0.0003070579012
101133	0.0005635066764
101134	0.0003589715452
101135	0.004627835401
101136	0.002145336943
101137	0.000742280591
101138	0.001109403391
101139	0.003742071573
101140	5.867968185e-05
101141	0.0004960577574
101142	9.987218413e-05
101143	0.0005336713358
101144	0.000570718229
101145	0.002064827438
101146	0.0008901651232
101147	0.0002369792903
101148	0.0003552156821
101149	0.0001425269587
101150	0.0001785486089
101151	0.0006055533721
101152	0.0003992998035
101153	0.0004108738322
101154	0.0006869771427
101155	0.000904811132
101156	0.0008220069025
101157	0.0009906501187
101158	0.001317977607
101159	0.002162123819
101160	0.001456359554
101161	8.295790381e-06
101162	0.0002194967891
101163	0.002176281763
101164	0.001554146412
101165	0.0001053983178
101166	0.0001434527596
101167	0.0004730260292
101168	0.0002271434799
101169	0.0005320349425
101170	0.0009687506774
101171	0.002199948716
101172	0.001244848523
101173	0.0003010324414
101174	8.466289922e-06
101175	0.0001845241766
101176	0.000388382631
101177	0.001333087687
101178	0.0008391867573
101179	0.00320517146
101180	0.004596799906
101181	0.001609981424
101182	0.004834230047
101183	0.000768669236
101184	0.00242171125
101185	0.001299542039
101186	0.0005659140919
101187	0.002177931353
101188	0.002163169075
101189	0.0004502164764
101190	0.001029690528
101191	0.002549973991
101192	2.952546848e-05
101193	0.00365444686
101194	0.002079279302
101195	0.001264414844
101196	0.004914954935
101197	0.0003386294083
101198	0.001562608078
101199	0.002258483962
101200	0.002265581503
101201	0.005124402103
101202	0.003725535396
101203	0.0006748077909
101204	0.001232814716
101205	0.0005345573879
101206	0.001669464243
101207	0.0004956712543
101208	0.005661934585
101209	0.001658846909
101210	0.001592047407
101211	0.006738095873
101212	0.001244619263
101213	0.004222680446
101214	0.0002616731706
101215	0.0007599015637
101216	0.0006242961046
101217	0.009423584835
101218	0.001160970572
101219	0.001105455799
101220	0.005096635604
101221	0.003425674172
101222	0.0007410129275
101223	0.0005861640189
101224	0.00449024219
101225	0.0004939035338
101226	0.002914853445
101227	0.002971954204
101228	0.003884899241
101229	0.002815689288
101230	0.002825147868
101231	0.001961174252
101232	2.144941873e-05
101233	0.001245126264
101234	0.0006567508048
101235	0.003386371913
101236	0.004491524973
101237	0.006160998573
101238	0.00359115467
101239	0.001792707124
101240	0.006040944267
101241	0.0004410649018
101242	0.001872960732
101243	0.0006362919014
101244	0.0001706077644
101245	0.001589480332
101246	0.0002588990436
101247	0.0003862001216
101248	0.006056275734
101249	0.00162436104
101250	0.0003482566307
101251	0.0002346700799
101252	0.001218560329
101253	0.003811559964
101254	0.001107459735
101255	0.0004710244893
101256	0.0005724441634
101257	3.56718245e-05
101258	0.001323022548
101259	0.002012268476
101260	0.0002184960771
101261	0.001234566381
101262	0.004854524594
101263	0.0003482801497
101264	0.00497540039
101265	0.001334625491
101266	0.002392316056
101267	0.0008071573664
101268	0.00234283925
101269	0.00254538659
101270	0.005978675112
101271	0.0006588732091
101272	0.0005748364616
101273	0.0001343346677
101274	0.002540217849
101275	0.003521552482
101276	0.0007417716483
101277	0.001405796699
101278	0.001542957272
101279	1.104262728e-06
101280	0.001273535731
101281	0.001614406707
101282	0.002324509624
101283	0.0007037378891
101284	0.0003037069244
101285	0.0003307212575
101286	0.0009578486291
101287	0.0006030093531
101288	0.005053172879
101289	0.003160653796
101290	1.441588393e-05
101291	0.001817518425
101292	0.007411740169
101293	0.001467693731
101294	0.0004053708773
101295	0.001806246761
101296	0.001296580395
101297	0.004212960623
101298	0.001497207159
101299	0.001235325876
101300	0.0007261199647
101301	0.001834478136
101302	0.0001143247589
101303	0.002924226147
101304	6.474739779e-05
101305	0.0003145694901
101306	0.0005172129219
101307	0.0008303890494
101308	0.0004742578271
101309	0.002983611492
101310	9.642414316e-06
101311	0.001272848797
101312	0.001582349107
101313	0.0003626406845
101314	0.001028371218
101315	0.001351927613
101316	1.357057038e-06
101317	0.0009308665875
101318	0.001858691056
101319	0.0007226851625
101320	0.001971570428
101321	0.0005089205545
101322	0.001688992491
101323	0.0001747439588
101324	0.00191270833
101325	5.102655906e-05
101326	0.0005461067551
101327	0.000398106682
101328	0.0003640788472
101329	0.0006819575804
101330	0.00027975016
101331	0.0008226342679
101332	0.0006938833628
101333	0.001535214975
101334	0.001848656827
101335	0.0009392432188
101336	0.001396270046
101337	0.001815336041
101338	0.0007689129366
101339	0.0004546439864
101340	0.0009347296208
101341	0.001469160432
101342	0.000743878408
101343	1.617500828e-05
101344	0.0008705478545
101345	0.0009983574877
101346	0.001889094881
101347	0.001744522201
101348	0.003176051333
101349	0.003065336505
101350	0.003419646612
101351	0.0009349825271
101352	0.0008751516866
101353	0.001612035156
101354	0.0006180064405
101355	0.002266614871
101356	0.0009914914443
101357	0.001293244516
101358	0.0009667724593
101359	0.001496194079
101360	0.0004259052583
101361	0.0003109208906
101362	0.0001222720031
101363	0.0005274055514
101364	0.001409170447
101365	0.001825290689
101366	0.001042318494
101367	0.0009568030977
101368	0.007043927418
101369	0.004595416382
101370	0.00236641683
101371	0.00338352715
101372	0.003430944279
101373	0.002739347561
101374	0.004757579612
101375	0.0007692808952
101376	0.001483910349
101377	0.0006349002357
101378	0.001430320598
101379	0.001359883808
101380	0.00159199539
101381	0.002161920881
101382	0.0008201320945
101383	0.001237185238
101384	0.002182939923
101385	0.0002995233835
101386	0.006797193026
101387	0.001333339499
101388	0.002590498192
101389	0.005195982442
101390	0.0003030718465
101391	0.001898925398
101392	0.002666368326
101393	0.001106879925
101394	0.004373127367
101395	0.001827159586
101396	0.002568939088
101397	0.00101942084
101398	0.002315937732
101399	0.0009288995825
101400	0.0002288566132
101401	0.003030222951
101402	0.0007779753077
101403	0.0007958109566
101404	0.001033801511
101405	0.00295703992
101406	0.001894098126
101407	0.001007920464
101408	0.001025406843
101409	0.001490328029
101410	0.00311288261
101411	0.002197812948
101412	0.00200590905
101413	0.001523331613
101414	0.004427104852
101415	0.001412963301
101416	0.0006616144191
101417	1.627727369e-07
101418	0.003162270838
101419	0.000565308102
101420	0.001240714176
101421	2.708312561e-05
101422	0.0007101256269
101423	0.0005770584162
101424	0.0002538653847
101425	0.00053775772
101426	0.001307025398
101427	0.002286025648
101428	0.0009349866108
101429	0.002702842164
101430	0.001155375071
101431	0.0003081434408
101432	0.0001629584105
101433	0.005985961935
101434	0.004916887621
101435	0.001259062155
101436	0.001501755581
101437	0.001608249915
101438	0.0003026282349
101439	0.002210819269
101440	0.0001572726762
101441	0.0002507218427
101442	0.0003983249336
101443	0.001752260517
101444	0.004737033574
101445	1.13840842e-05
101446	0.0003246836164
101447	0.003653984593
101448	0.0006562491087
101449	0.000576128711
101450	0.001953450312
101451	0.0005483063535
101452	0.0006704877246
101453	0.001527605041
101454	0.002017668202
101455	0.0001720383488
101456	0.0005656893111
101457	0.0007984496816
101458	0.001096000495
101459	0.001179938922
101460	0.003586300329
101461	0.0004367981858
101462	0.0001466330317
101463	0.0003780512017
101464	0.003549057808
101465	0.001347140745
101466	0.00192184077
101467	0.0009515839633
101468	0.002676623502
101469	7.397584181e-05
101470	0.001610114076
101471	0.0003444318406
101472	0.0008039435051
101473	0.0001674099317
101474	0.006109252673
101475	0.0009319909708
101476	0.0006486293216
101477	0.0001225779118
101478	0.001195108051
101479	0.003356667767
101480	0.001735267835
101481	0.0002323630996
101482	0.001292450211
101483	0.002796287931
101484	0.003074848429
101485	0.000668162552
101486	0.00131757447
101487	0.0002517212833
101488	0.0006549930051
101489	0.002297481051
101490	0.001668514874
101491	0.001082358018
101492	0.0007473171908
101493	0.003059570733
101494	0.004025407021
101495	0.0001673585057
101496	0.002018555744
101497	0.001455688404
101498	0.001441131208
101499	0.0003035653231
101500	0.001771629042
101501	0.003178118317
101502	0.0003947338223
101503	0.002658274237
101504	0.001745231258
101505	0.003292701528
101506	0.0009152524323
101507	0.0003488809447
101508	0.002686114646
101509	0.0002779780106
101510	0.001414650314
101511	0.0002063232664
101512	0.0006376867751
101513	0.001581361425
101514	0.004984212748
101515	0.00245601269
101516	0.0001341152012
101517	0.003969216906
101518	0.004306123344
101519	0
101520	0.002418463238
101521	0.002158144833
101522	0.001883760768
101523	0.0008155067866
101524	0.002875759353
101525	0.0002206825002
101526	0.0009257982745
101527	0.0004382368647
101528	0.005420465587
101529	0.0001112326975
101530	0.002708873552
101531	0.002156676007
101532	0.000502564282
101533	0.002276114268
101534	0.0007257611448
101535	0.007632697165
101536	0.001338360218
101537	0.0004440853799
101538	0.00414944273
101539	0.00172929136
101540	0.001230988743
101541	0.004374849978
101542	0.001700174954
101543	0.001184339244
101544	0.001547683716
101545	0.004256144979
101546	0.001016886118
101547	0.004144269953
101548	0.002918364325
101549	0.0009989906913
101550	0.004012219778
101551	0.007229477114
101552	0.004625704029
101553	1.23849129e-05
101554	3.14455842e-05
101555	0.0002606785913
101556	0.001779814665
101557	0.0001178975222
101558	7.474056853e-05
101559	0.0002741255326
101560	4.309790903e-05
101561	0.001394850094
101562	0.0004007292667
101563	0.001358202583
101564	2.813589988e-05
101565	0.0001388713074
101566	2.803199798e-05
101567	0.0001217166341
101568	0.0002161574225
101569	0.0005178134022
101570	3.145752374e-07
101571	0.003310583508
101572	0.001780025499
101573	0.001444332653
101574	8.974362718e-05
101575	0.00141538266
101576	0.0006522973558
101577	0.002139702274
101578	0.001662359452
101579	0.0002061007431
101580	0.0008346846045
101581	0.0009405581296
101582	0.001721290919
101583	0.003699715665
101584	0.0006301293835
101585	0.001322535439
101586	0.003921420548
101587	0.002264726479
101588	0.000599394873
101589	0.0001509751497
101590	0.001723426614
101591	0.001276536632
101592	0.003582322283
101593	0.00399041828
101594	0.001395934466
101595	0.0006618002594
101596	0.002593025829
101597	0.0004863843353
101598	0.001431783242
101599	0.001357181971
101600	0.0009941652405
101601	0.0004648718497
101602	0.0008775129379
101603	0.002155058517
101604	0.002271616978
101605	0.001677421373
101606	0.00197738594
101607	0.002741495821
101608	0.001362050639
101609	0.0004140017002
101610	0.005042444023
101611	0.002352913635
101612	0.004785048728
101613	0.0005857165618
101614	0.002211002905
101615	0.004321083164
101616	0.000360445356
101617	0.002356795932
101618	0.005647645598
101619	0.0004432044994
101620	0.0002090006638
101621	0.0002640250171
101622	0.0001313117561
101623	0.0005267349538
101624	6.174655491e-07
101625	0.000310106259
101626	0.00042803216
101627	0.0006941402726
101628	0.0001333387405
101629	0.0003104599995
101630	0.0004240446476
101631	0.000309920598
101632	3.733427456e-07
101633	0.0001506359582
101634	0.000531394698
101635	0.0001277524372
101636	0.000260509713
101637	0.0001315061313
101638	0.0005569192058
101639	4.819375836e-05
101640	0.0006734937945
101641	0.0003103859024
101642	0.0006864721617
101643	0.0004056345541
101644	0.0001253701317
101645	0.0001590133786
101646	3.237720416e-05
101647	0.0002870268771
101648	0.0004010240827
101649	0.0004165170482
101650	0.0004211166465
101651	0.0001168655514
101652	0.0005567402445
101653	0.0003179913812
101654	0.0002233658838
101655	0.000420945578
101656	0.001637733051
101657	0.002182385697
101658	0.0009134853279
101659	0.0009549845302
101660	0.0002182427866
101661	0.002247926158
101662	0.0004027863816
101663	0.001477795615
101664	0.002676342557
101665	0.002077654133
101666	0.001985257202
101667	0.002362966231
101668	0.003116073735
101669	0.0008654996375
101670	0.002994203987
101671	0.001078772961
101672	0.001812040824
101673	0.003552137899
101674	0.00123647385
101675	0.001225237943
101676	0.0006578826174
101677	0.005258848718
101678	0.0007420697469
101679	0.0005183974898
101680	0.001298308604
101681	0.0001646600642
101682	0.0006068292497
101683	0.003971648159
101684	0.002175286222
101685	0.001515326639
101686	0.0009657641958
101687	0.0004868116959
101688	0.001962740874
101689	0.0009099309377
101690	0.0005296047673
101691	0.001772433801
101692	0.002870503163
101693	0.0009756201699
101694	0.0002730587985
101695	0.004663726602
101696	0.000212084785
101697	0.005132603175
101698	0.001955844187
101699	0.001240957363
101700	0.000299970581
101701	0.0009676730056
101702	0.002604561323
101703	0.001348032331
101704	0.0007844661629
101705	0.004557224814
101706	0.0002650218305
101707	0.0001695622742
101708	0.001419530756
101709	0.0009904726713
101710	0.0005284128358
101711	0.0004795996607
101712	0.001985439736
101713	0.0009392504831
101714	0.0001157106467
101715	0.0001775273487
101716	0.0007262846858
101717	0.001051077407
101718	8.844712186e-05
101719	0.0002895284844
101720	0.0001652450813
101721	0.001975700952
101722	0.001358430288
101723	0.0007238646493
101724	0.001654012112
101725	0.001654326121
101726	0.001914654734
101727	0.003190210955
101728	0.001102312807
101729	0.002668896891
101730	0.004760590139
101731	0.002489873307
101732	0.000438174944
101733	0.005657816336
101734	0.0007551596261
101735	0.004198474583
101736	0.0001552839743
101737	0.00251048822
101738	0.001647393832
101739	0.001595923252
101740	0.0007831716618
101741	0.001248683891
101742	0.000736149483
101743	0.001201941429
101744	0.005169158691
101745	1.273566175e-05
101746	0.0007100288297
101747	0.002459955867
101748	0.0008665735461
101749	0.000520787952
101750	0.001015219648
101751	0.0001942117659
101752	0.003671417366
101753	0.0001860588414
101754	0.001280612285
101755	0.0004826062506
101756	0.0009134114223
101757	0.0006078700025
101758	0.0003968673085
101759	0.000117620983
101760	1.269258519e-05
101761	0.0003506233163
101762	0.0004433335851
101763	0.002169649451
101764	0.002183086744
101765	0.001894775198
101766	0.00133456739
101767	0.0009594314082
101768	0.0009100347481
101769	0.0006526014345
101770	0.001215804924
101771	0.0007854173251
101772	0.001075269022
101773	0.0004626988469
101774	0.001536206244
101775	0.0005489784509
101776	0.0002092267353
101777	0.0003969609194
101778	0.001637884684
101779	0.0001942426263
101780	0.0006025008085
101781	0.002542791816
101782	0.001874206405
101783	0.0001285956495
101784	0.001509335382
101785	0.001953505242
101786	0.003838857384
101787	1.119507753e-05
101788	0.001527636008
101789	0.0002806787435
101790	0.001017302386
101791	0.001665934753
101792	0.001907556764
101793	0.001927883775
101794	0.002089077153
101795	0.005767457578
101796	0.001991862041
101797	0.002188110055
101798	0.001349956932
101799	0.00385912332
101800	0.003170946838
101801	0.002544130555
101802	0.002996446248
101803	0.003934426746
101804	3.687783526e-05
101805	0.0006039393871
101806	0.003154466512
101807	0.002249783581
101808	0.001617786828
101809	0.000628285193
101810	0.003667786738
101811	0.0009655495744
101812	2.691221382e-05
101813	0.003705672889
101814	0.006303013903
101815	0.003453691001
101816	0.002574441284
101817	0.005350077863
101818	0.002918775673
101819	0.001322212293
101820	0.0006362093509
101821	0.0007165514983
101822	0.001757089619
101823	0.00136166373
101824	0.00222805857
101825	0.004310731093
101826	0.00227544997
101827	0.0001707082691
101828	8.290785041e-06
101829	0.0001763465063
101830	0.0001524130129
101831	0.002583010569
101832	0.003554419152
101833	0.0005247226799
101834	0.001317149626
101835	0.002995380909
101836	0.002006111032
101837	0.0004285102078
101838	0.002780762685
101839	0.0008201733702
101840	0.002957063167
101841	0.0009919382782
101842	0.000560698349
101843	0.0002179814183
101844	0.003054176278
101845	0.0002315203798
101846	0.002109827479
101847	0.001347025838
101848	0.001591595892
101849	0.003991195257
101850	0.001729580157
101851	0.003254877649
101852	0.00487630271
101853	0.0008404829662
101854	0.001325297327
101855	0.004788680369
101856	0.001297951497
101857	0.002221640448
101858	0.000565163981
101859	0.0001308972025
101860	0.0004722307453
101861	0.0007134702183
101862	0.00180459007
101863	0.000370660657
101864	0.002646884574
101865	0.00524877056
101866	0.001330121856
101867	0.0004349373745
101868	0.00200773504
101869	0.001355221195
101870	0.001591365266
101871	0.001143251596
101872	0.00449012499
101873	0.003147561982
101874	0.005543846302
101875	0.004277693125
101876	0.002405666481
101877	0.002976917034
101878	0.004090377246
101879	0.001148599262
101880	0.0005541390451
101881	0.003654596934
101882	0.002934282606
101883	0.006110923342
101884	0.002588116503
101885	0.002364935639
101886	0.005498816644
101887	0.001062089709
101888	0.003189135598
101889	0.0003827402981
101890	0.0004450502318
101891	0.001094214731
101892	7.098075779e-05
101893	5.539337007e-06
101894	0.004609979041
101895	0.001016839361
101896	0.005123557724
101897	0.001442449766
101898	0.001832883735
101899	0.0003033303386
101900	0.0008086587302
101901	0.001394487382
101902	3.746243763e-05
101903	0.001159486343
101904	1.031412614e-06
101905	0.002090402048
101906	0.001198320027
101907	0.002687187328
101908	0.0006853470139
101909	0.0008758492265
101910	0.002031796629
101911	0.004558085168
101912	0.0002915136912
101913	0.001053063713
101914	8.056647735e-05
101915	0.0001320441151
101916	0.00336205569
101917	0.0008443454689
101918	0.001317015403
101919	0.002455065098
101920	0.002225076522
101921	0.007488877273
101922	0.002665217668
101923	0.001001414719
101924	0.0008468014769
101925	0.001014806079
101926	4.489085372e-05
101927	0.001240505802
101928	3.283216899e-05
101929	0.001373435654
101930	0.0002840324393
101931	0.0006274237517
101932	0.0002849684998
101933	0.005411367022
101934	0.005961647555
101935	0.004741720496
101936	0.0006016413784
101937	0.004015185228
101938	0.005913495377
101939	0.002867648141
101940	0.003431837197
101941	0.003893471321
101942	0.002548370148
101943	0.002319612637
101944	0.003729818768
101945	0.00289254579
101946	0.0003889117104
101947	0.002063066419
101948	0.0004131666355
101949	0.002382263827
101950	0.0005368573297
101951	0.002441147618
101952	0.001151115345
101953	0.0001977904935
101954	0.002728846939
101955	0.003219906787
101956	0.001368467875
101957	0.0006388594453
101958	0.0007146599733
101959	0.003084576018
101960	0.0001648662349
101961	8.971166644e-05
101962	6.669911219e-05
101963	0.001002804521
101964	0.0002914063949
101965	0.001049558946
101966	1.389528245e-05
101967	0.001692264465
101968	0.0007837225482
101969	0.001882235334
101970	0.0003988296245
101971	0.0003525037335
101972	0.001742697272
101973	0.0006484270611
101974	0.0003285869342
101975	0.0002167011061
101976	0.0004578230314
101977	0.0003797579597
101978	0.0009030984957
101979	0.0002165448612
101980	3.365062912e-05
101981	0.0001434243189
101982	0.0004875923728
101983	0.0003833395494
101984	0.0006705616136
101985	0.0007668053216
101986	0.001882144414
101987	0.0005253233491
101988	0.0002986321551
101989	0.004821179795
101990	0.006821716794
101991	0.006209904697
101992	0.0007737101919
101993	0.005883722136
101994	0.006196510792
101995	0.001359637242
101996	0.0008187598672
101997	0.004221407138
101998	0.001423617278
101999	0.002304931889
102000	0.008105110405
102001	0.006079315811
102002	0.001834941001
102003	0.006737048999
102004	0.00335421225
102005	0.003843753439
102006	0.005956628819
102007	0.000545038213
102008	0.003133251181
102009	0.005400127412
102010	0.004230481524
102011	0.003538938895
102012	0.003465232719
102013	8.128154646e-08
102014	0.0003218655886
102015	0.002726839187
102016	0.001581161651
102017	0.006112308722
102018	0.001363701263
102019	0.002529930023
102020	0.001124238711
102021	0.0003534787379
102022	0.004279273972
102023	0.002260220527
102024	0.004524167421
102025	0.001160395962
102026	0.0007368040672
102027	0.0006565185103
102028	0.0003666870946
102029	0.0003196218534
102030	0.003699980361
102031	0.001275820378
102032	0.001817083453
102033	0.0003412136201
102034	3.501785214e-05
102035	0.000412645194
102036	0.0009178969673
102037	0.0002208083314
102038	9.965630833e-05
102039	9.253535522e-05
102040	0.002438858621
102041	0.002280048415
102042	0.001490906793
102043	0.0007875967749
102044	0.00178803059
102045	0.0006371660407
102046	0.0001835406
102047	0.000301227138
102048	0.0009269065724
102049	0.00168698002
102050	0.0003058074829
102051	0.0005202563803
102052	0.0005959584513
102053	0.003396416918
102054	0.0005431638513
102055	0.00268245783
102056	0.002700875581
102057	0.001269976125
102058	0.002625039705
102059	0.008023007044
102060	0.001146920818
102061	0.006763176395
102062	0.001841072034
102063	3.676245069e-05
102064	0.001559896429
102065	0.002255472444
102066	0.005807261478
102067	0.0001422611167
102068	0.005086303588
102069	0.001694266636
102070	0.001571091398
102071	0.00194140263
102072	0.005313333423
102073	0.00240079948
102074	0.004386113847
102075	0.004087240698
102076	0.0004268214357
102077	0.0007113145321
102078	0.004517636153
102079	0.004540448699
102080	0.002237551557
102081	0.001280065166
102082	0.002499089926
102083	0.0002888035205
102084	0.007268644825
102085	0.003308646573
102086	0.003137960435
102087	0.003091215739
102088	0.004423860972
102089	0.00536608103
102090	0.001698152054
102091	0.003411261522
102092	0.004946924594
102093	0.004096639494
102094	0.003908501903
102095	0.002207264618
102096	0.001128550608
102097	0.005192683044
102098	0.004918308539
102099	0.00606789031
102100	0.001413743621
102101	0.0002933042597
102102	3.467761494e-06
102103	0.001279342785
102104	0.0004199629332
102105	0.0005654553439
102106	2.291847002e-07
102107	0.0007143763558
102108	0.0005720958605
102109	0.0005065913413
102110	0.0004910018378
102111	0.005480768584
102112	0.001697579535
102113	0.0001970421399
102114	0.0003453895111
102115	0.0009772555359
102116	0.004135001016
102117	0.003316315478
102118	0.001981307613
102119	0.002724836744
102120	0.004746141113
102121	0.001587612822
102122	0.002621449044
102123	0.003223652317
102124	0.002216190076
102125	0.001401017327
102126	0.000979753348
102127	0.0001593321269
102128	0.00241798715
102129	0.001957896321
102130	0.0004014454997
102131	0.0006547953799
102132	0.000579804131
102133	0.001173101361
102134	0.001449239885
102135	0.001799942002
102136	0.0005307452833
102137	0.002051370704
102138	0.006957496413
102139	0.002923162406
102140	0.00377692954
102141	0.0007951931291
102142	0.0006478921844
102143	0.001203103943
102144	0.0009649651471
102145	0.0002583298099
102146	0.002479578216
102147	0.001131160655
102148	0.0007092939285
102149	0.001014235686
102150	0.0003387373537
102151	0.0002000787107
102152	0.001391499785
102153	0.001686386745
102154	0.002775073582
102155	0.002212264112
102156	0.002492976282
102157	0.0001485700096
102158	0.0003916373421
102159	0.001127051319
102160	0.000655387074
102161	0.001937226586
102162	0.0002531987699
102163	0.002020543305
102164	0.0004250105514
102165	0.003471519582
102166	0.000146493771
102167	0.0008228341437
102168	0.0003559754539
102169	0.003719264261
102170	0.006410811845
102171	0.002018708099
102172	0.0009407936709
102173	0.0001910256445
102174	0.0004739746981
102175	0.0005426182715
102176	0.0001503512369
102177	0.000209117687
102178	0.001125530436
102179	0.001458544332
102180	0.002359015375
102181	0.002062638232
102182	0.002047433406
102183	0.00598050804
102184	0.001961740458
102185	0.0005396673556
102186	0.001540038631
102187	0.006854816936
102188	0.003673159879
102189	0.00207041113
102190	0.00179654049
102191	0.001535144824
102192	0.001922855833
102193	0.001395118379
102194	0.001919156616
102195	0.002963526864
102196	0.001458243197
102197	0.001668232359
102198	0.004581536539
102199	0.000413852235
102200	0.002884924398
102201	0.0008460603113
102202	0.003819311888
102203	0.0005353555054
102204	0.0006340151589
102205	0.001699133292
102206	0.001522527071
102207	0.0003268246054
102208	0.002847412232
102209	0.0003956016103
102210	0.0007577122572
102211	0.003520782943
102212	0.0002649442729
102213	0.000523996013
102214	0.001561941897
102215	0.001946824381
102216	0.001156325943
102217	0.0003111734406
102218	0.002047097984
102219	0.0003896931095
102220	0.006039640974
102221	0.001149658099
102222	0.002430965611
102223	0.001113210883
102224	0.002053569117
102225	0.002442826304
102226	0.001263204201
102227	0.003134770597
102228	0.007787444599
102229	0.0006691686663
102230	0.0008346818396
102231	0.004103742035
102232	0.001333214591
102233	0.0009269908198
102234	0.0006289642321
102235	0.000323475945
102236	0.0004687253506
102237	0.00110511295
102238	0.000395380057
102239	0.003706820883
102240	0.000312474136
102241	0.0006840342835
102242	0.0005100129961
102243	0.0009087639783
102244	0.0006999109207
102245	0.001003561499
102246	0.0004949260032
102247	0.002151987141
102248	0.0008043156844
102249	0.001243488653
102250	0.00305315084
102251	0.0002163478494
102252	0.001343360083
102253	0.001515370168
102254	0.001086420342
102255	0.008281482658
102256	0.004850529952
102257	0.002609213943
102258	0.002848609054
102259	0.002573391311
102260	0.002968287713
102261	0.0008240436502
102262	0.003392555078
102263	0.0006949341591
102264	0.0004576255743
102265	0
102266	0.0003275229254
102267	4.180644917e-05
102268	0.0002634549221
102269	0.0001609607803
102270	0.0007486183613
102271	0.001299064084
102272	0.002822576392
102273	0.003458343082
102274	0.00172638958
102275	0.002829254579
102276	0.0006449847037
102277	0.0001644307948
102278	0.002876406647
102279	0.0031790186
102280	0.0002444859886
102281	0.001530726794
102282	0.001932990407
102283	0.002525977496
102284	0.0002033457767
102285	0.003217823711
102286	0.003245205599
102287	0.002006699571
102288	0.0009835110457
102289	0.001055430939
102290	0.002429507232
102291	0.0008561361959
102292	0.002184521191
102293	0.001890026273
102294	0.0009206071776
102295	0.003107006555
102296	0.001681818046
102297	0.001768575997
102298	0.001012930894
102299	0.004717894486
102300	0.002400955136
102301	0.002154406224
102302	0.002885327881
102303	0.005273197974
102304	0.001123150139
102305	0.004060583554
102306	0.0009972135773
102307	0.001844414445
102308	0.003858245854
102309	0.0003225738378
102310	0.0004638163903
102311	0.0001634738218
102312	0.009704393526
102313	0.0007042043158
102314	0.0006356854949
102315	0.002809918591
102316	0.001403436122
102317	0.001643631699
102318	0.001834802149
102319	5.262936297e-08
102320	0.002476100896
102321	0.003479093774
102322	0.0009561792458
102323	0.00141015461
102324	0.001817435468
102325	0.0003027360073
102326	0.001098734463
102327	0.0006630551698
102328	0.0006078565952
102329	0.002364954655
102330	0.0008946113398
102331	0.0002492603676
102332	0.001915205401
102333	0.001643970447
102334	0.0008645754213
102335	0.004088849134
102336	0.002443373914
102337	0.005767565103
102338	3.558113708e-06
102339	0.001888101479
102340	0.0002861129699
102341	0.001492260339
102342	0.0009878406162
102343	0.0008000687095
102344	0.009001976721
102345	0.001504656865
102346	0.0003681392544
102347	0.0003049771848
102348	0.003212272806
102349	0.0009689837323
102350	0.002087328396
102351	0.001460050755
102352	0.0002055776245
102353	0.002395883514
102354	0.006237405322
102355	0.000330694718
102356	0.0002972464432
102357	0.001165309428
102358	0.003711711341
102359	7.673098765e-05
102360	0.003985269015
102361	0.00279494334
102362	0.003923369057
102363	0.002998591137
102364	0.002164975706
102365	0.002208525464
102366	0.004204643436
102367	0.00330809085
102368	0.003746998143
102369	0.001028078764
102370	0.0008596261905
102371	0.0003232959776
102372	0.0007618650005
102373	0.001125669292
102374	0.001039960833
102375	0.001123138303
102376	0.001024526483
102377	0.0004418031928
102378	0.001136589628
102379	0.0003641048347
102380	0.0008841612708
102381	0.001192060264
102382	0.001456203197
102383	0.001040781527
102384	0.0006846321746
102385	0.001597497534
102386	0.001071981479
102387	0.001045130594
102388	0.001237124106
102389	0.0001088360037
102390	0.001780279126
102391	0.000787306489
102392	0.001220703883
102393	0.001898451688
102394	0.001164582055
102395	0.000544856415
102396	0.0009699456073
102397	0.001035702343
102398	0.00159606875
102399	0.001129232524
102400	0.001282123306
102401	0.0005375672412
102402	0.001551756024
102403	0.0009370912444
102404	0.0006876929982
102405	0.001168361377
102406	0.0007705556451
102407	0.0005966512353
102408	0.001112174712
102409	0.0008910222256
102410	0.001281562668
102411	0.001391858854
102412	0.002047942142
102413	0.0004779831965
102414	0.0009196454714
102415	0.001113038344
102416	0.0009575276714
102417	0.0005398838788
102418	0.001038505959
102419	0.0008716535762
102420	0.003725478743
102421	0.000909609819
102422	0.001563952614
102423	0.004073350157
102424	0.001059831029
102425	0.001384379753
102426	0.001463303549
102427	0.001297617792
102428	0.0008754213427
102429	0.001505064481
102430	0.001329285425
102431	0.001275202046
102432	0.0008946863507
102433	0.001227501166
102434	0.00128642647
102435	0.001190986087
102436	0.001086530269
102437	0.001380440317
102438	0.001741933119
102439	0.001273307436
102440	0.001679309052
102441	0.001699256484
102442	0.004858147262
102443	0.00110017936
102444	0.000745372728
102445	0.001386415966
102446	0.00200886298
102447	0.001216437379
102448	0.0001168489598
102449	0.001389977517
102450	0.001546901292
102451	0.0006150847617
102452	0.0004351969923
102453	0.0005665127338
102454	0.001697367065
102455	0.001491625887
102456	0.00142136618
102457	0.0009983991695
102458	0.001879678002
102459	0.0004120013152
102460	0.002302275111
102461	0.0004624717878
102462	0.0009830917367
102463	0.006273871934
102464	0.001193245322
102465	0.0003355542991
102466	0.0009442476009
102467	0.001794871204
102468	0.001704155543
102469	0.002132743031
102470	0.004796608136
102471	0.002445492872
102472	0.0007098552253
102473	0.001723700365
102474	0.003860931257
102475	0.0009245878114
102476	0.003041334056
102477	0.002459122311
102478	0.000535912266
102479	0.004433092609
102480	0.00150162275
102481	0.003290652682
102482	0.002078289721
102483	0.002271008833
102484	0.003409607708
102485	0.0001257186888
102486	0.0002329025962
102487	0.001260039486
102488	0.0006535630785
102489	0.004940822596
102490	0.002321402569
102491	0.001315641735
102492	0.001260833151
102493	0.001637062576
102494	0.003119819019
102495	0.0001814615197
102496	0.0008537675011
102497	0.002584223954
102498	0.0006277396633
102499	0.003309010923
102500	0.001767939436
102501	0.001052263582
102502	0.001809938007
102503	0.0005925018108
102504	0.0003631659767
102505	0.00100580605
102506	0.001631537525
102507	0.003003193603
102508	0.001878299928
102509	4.854470534e-05
102510	0.001065462357
102511	0.001136386717
102512	0.001081792511
102513	0.00258064635
102514	0.004224419979
102515	0.008422204332
102516	0.0006952209271
102517	0.001811427005
102518	0.0006719794249
102519	0.001234892843
102520	0.003196628242
102521	0.001060232882
102522	0.001406606433
102523	0.0006811435752
102524	0.001139229913
102525	0.002524953271
102526	0.001669583009
102527	0.00190179878
102528	0.001971765829
102529	0.0008579398461
102530	0.001852591925
102531	0.002360182867
102532	0.001567191235
102533	0.002645591287
102534	0.001016815009
102535	0.001334096135
102536	0.003951140572
102537	0.00174856812
102538	0.0005955313735
102539	0.001310121013
102540	0.0003598885247
102541	0.002161077335
102542	0.00389592149
102543	0.0004937028747
102544	0.003786496411
102545	0.001563170052
102546	0.00157997862
102547	0.002480683374
102548	0.0005036143362
102549	0.002926428454
102550	0.002172126185
102551	0.001632326229
102552	0.0005607159487
102553	0.001695206792
102554	0.00321263356
102555	0.001316019702
102556	0.003578329279
102557	0.002290877026
102558	0.0008737688403
102559	0.001567342396
102560	0.000376313111
102561	0.001576423035
102562	0.0009460220334
102563	0.0005262985907
102564	0.001083439457
102565	0.00270861059
102566	0.001339470036
102567	0.001100040039
102568	0.001765877998
102569	0.001728856951
102570	0.001049282171
102571	0.001598265696
102572	0.001743655919
102573	0.002822090653
102574	0.001502228179
102575	0.001812059665
102576	0.001734848752
102577	0.001054848653
102578	0.00258394832
102579	0.0009860412528
102580	0.0005774340359
102581	0.002621068613
102582	0.002438659584
102583	0.001832700178
102584	0.0007831561978
102585	0.0007924984015
102586	0.001660796569
102587	0.0008611680376
102588	0.00282749302
102589	0.0006119253743
102590	0.001712820388
102591	0.001155338338
102592	0.0008229628244
102593	0.001788874952
102594	0.001460584948
102595	3.910583728e-05
102596	0.0001139480756
102597	0.003559511056
102598	0.000528029451
102599	0.002528986535
102600	0.001116376362
102601	0.001454322054
102602	0.0003084933004
102603	0.003037573002
102604	8.562503648e-05
102605	0.001097937596
102606	0.005553552917
102607	0.00393006892
102608	0.003165910785
102609	0.002590985263
102610	0.0008355552952
102611	0.002626444266
102612	0.0004729051277
102613	0.0001509439432
102614	0.000162735746
102615	0.0003062087258
102616	0.002594014191
102617	0.001289827573
102618	0.002344661128
102619	0.0003750592635
102620	0.0006349299889
102621	0.0002991138661
102622	0.000231249521
102623	0.0002734383798
102624	0.003746502761
102625	0.0003512218993
102626	0.001622662537
102627	0.0008358107319
102628	0.0008034155175
102629	0.0009932780821
102630	0.0005658155679
102631	0.001798546393
102632	0.002094928021
102633	0.002356452741
102634	0.0002952315252
102635	0.004286702265
102636	0.001099078308
102637	0.0003808141835
102638	0.000171611247
102639	0.001024605268
102640	0.000570425687
102641	0.0003067893186
102642	0.0004671365019
102643	0.0008683977811
102644	0.001504728463
102645	0.0001710171098
102646	0.0009098904662
102647	0.0003080023207
102648	0.0006035779444
102649	0.002125832556
102650	0.001504996325
102651	0.0002244440881
102652	0.00107316865
102653	0.00233611678
102654	0.004021976479
102655	0.001709012486
102656	0.001175750106
102657	0.001643792617
102658	2.209328837e-05
102659	0.0002140338091
102660	0.001140720679
102661	0.000336436819
102662	0.0001759537366
102663	5.912931677e-05
102664	0.0007061492514
102665	0.00016719946
102666	9.029658491e-05
102667	0.0002990570045
102668	7.062721018e-05
102669	0.0002982884204
102670	0.0005471472686
102671	0.0008394757002
102672	0.0002412054498
102673	0.0001770511839
102674	0.0005493338898
102675	0.0001247665671
102676	3.123459152e-06
102677	2.612198406e-05
102678	0.0009909627558
102679	0.00072401675
102680	0.0002334657169
102681	0.004622858443
102682	0.002011552993
102683	0.0001436246286
102684	0.001955769659
102685	0.001643866365
102686	0.002847969519
102687	0.0005943944859
102688	0.0002129897397
102689	0.0005804075132
102690	0.001492306295
102691	0.0007760253238
102692	0.0004789614122
102693	0.000368595361
102694	0.0002850037349
102695	0.0004262841853
102696	0.0004224640757
102697	0.001388089438
102698	0.0003005438613
102699	0.001091997586
102700	0.0006568610893
102701	0.0004766305392
102702	0.0005656287566
102703	0.0002688323704
102704	0.0003997481896
102705	0.00226877137
102706	0.0008446346092
102707	0.0009798583823
102708	0.003518851349
102709	0.007824382683
102710	0.000781970752
102711	0.0007319277246
102712	0.004867352594
102713	0.00289537224
102714	0.00643630425
102715	0.001719685548
102716	0.0002309702953
102717	0.0001061806763
102718	9.519185881e-05
102719	0.0007413428305
102720	0.004143428433
102721	0.001746726147
102722	0.001622031739
102723	0.001745734225
102724	0.001493863211
102725	0.00434663469
102726	0.002588351277
102727	0.001004527011
102728	0.004661014247
102729	0.002818858224
102730	0.0007594745158
102731	0.003035563045
102732	0.001509890791
102733	0.0006793872989
102734	0.001451938238
102735	0.001070533969
102736	2.563185647e-05
102737	0.001319812802
102738	0.000228998598
102739	0.0007845851524
102740	0.0005860552465
102741	0.0002662284998
102742	0.0004493674962
102743	0.003625126647
102744	0.0007465637144
102745	0.001622344775
102746	0.0006571477163
102747	0.005682676415
102748	0.0009671568543
102749	0.0008424818385
102750	0.00123792115
102751	0.0003881511464
102752	0.0002869129136
102753	0.0003136106287
102754	0.000157510548
102755	0.0006910971992
102756	0.0007310165294
102757	0.0003174439705
102758	8.083525443e-05
102759	5.294443141e-06
102760	0.0003035456982
102761	0.0004641495834
102762	0.0002059588894
102763	0.0001150374485
102764	0.001462891716
102765	0.0006082328583
102766	0.001764485294
102767	5.774821488e-05
102768	0.0001103165237
102769	0.004731431753
102770	0.0005272653276
102771	6.700910227e-05
102772	0.0002390597402
102773	0.001692102848
102774	0.002535900102
102775	0.003321663371
102776	0.005442927269
102777	0.006535278414
102778	0.002943063323
102779	0.002727487638
102780	0.003147720506
102781	0.0026656821
102782	0.003310804913
102783	0.001817880482
102784	0.0006911557603
102785	0.0001498037714
102786	0.000431391301
102787	0.000203338942
102788	0.0005736217841
102789	0.001888984025
102790	0.001023792928
102791	0.0005788975748
102792	0.0003578192991
102793	0.0007087832173
102794	0.001427974973
102795	0.0001252401152
102796	0.006595513388
102797	0.0003862566016
102798	0.0001684219992
102799	0.0005822112641
102800	0.001604734381
102801	0.0007920638526
102802	0.004648324394
102803	0.003800857502
102804	0.001428900737
102805	0.001657166357
102806	0.001080343462
102807	0.004288913734
102808	0.001908959081
102809	0.003898081983
102810	0.003072161703
102811	0.004160473769
102812	0.0003317496028
102813	0.0005717332165
102814	0.0007056097574
102815	0.0002035734149
102816	0.001146921552
102817	0.000239468996
102818	0.001232986128
102819	0.002243072879
102820	0.001782672189
102821	0.00478703043
102822	0.001606596926
102823	0.004111505851
102824	0.002114477352
102825	0.0001566329446
102826	0.001129991721
102827	0.001248825722
102828	0.001169673388
102829	0.002560620861
102830	0.001045245846
102831	0.001723471235
102832	0.0007818316461
102833	0.002722622408
102834	0.003860648687
102835	0.001810146734
102836	0.002000415446
102837	0.005358844417
102838	0.005713127752
102839	1.124205504e-06
102840	0.003203522812
102841	0.001091766029
102842	0.0005544178522
102843	0.005167158477
102844	0.002861552604
102845	0.0008466403156
102846	0.001382370537
102847	0.00348525249
102848	0.0005864690386
102849	0.007880391487
102850	0.0007154247779
102851	0.008511494754
102852	0.002201265848
102853	0.001303449195
102854	0.002135120546
102855	0.001044381894
102856	0.003001606213
102857	0.005325294718
102858	0.001719233141
102859	0.0008865573338
102860	0.00148238008
102861	2.84968742e-05
102862	0.001739431265
102863	0.003041999943
102864	0.0003943481639
102865	0.004674109279
102866	0.001155618031
102867	0.0007730074917
102868	0.00149960229
102869	0.001849502308
102870	0.0005521160415
102871	0.001150967812
102872	0.001917939665
102873	0.0006623906946
102874	0.001697662186
102875	0.004033040232
102876	0.0006161433161
102877	0.00293388842
102878	0.003676202517
102879	0.001150172274
102880	0.002292889235
102881	0.003146113297
102882	4.557103768e-05
102883	0.0007880039699
102884	0.00241756119
102885	0.0005951184927
102886	0.0007623413784
102887	0.0007730701369
102888	0.004608395474
102889	0.0004337994916
102890	0.00262971613
102891	0.0008521761911
102892	0.00174614966
102893	0.002145980486
102894	0.002384582809
102895	0.004921529468
102896	0.0005369347517
102897	0.005536766756
102898	0.002755605693
102899	0.004394839812
102900	0.001219665439
102901	0.000910164917
102902	0.0007548188128
102903	0.0001651261687
102904	0.001154291021
102905	0.001743697924
102906	0.003038691084
102907	0.002102884533
102908	0.005548369229
102909	0.003364091826
102910	0.001864564846
102911	0.004866361886
102912	0.0002306562075
102913	0.006392922176
102914	0.001439696404
102915	0.002826499632
102916	0.001405140039
102917	0.002788012145
102918	0.001390432824
102919	0.0008857014234
102920	0.001303510493
102921	0.0001496740425
102922	0.0001293695596
102923	0.002903688478
102924	0.0026004336
102925	0.0008134315249
102926	0.0002463169836
102927	0.002852048616
102928	0.0002514066571
102929	0.0001532130699
102930	0.007232688677
102931	0.004512687696
102932	0.0003212899161
102933	0.001285293636
102934	0.002106496243
102935	0.0003834046119
102936	0.003739358899
102937	0.002003830076
102938	0.003711620821
102939	0.00152781473
102940	0.00526537855
102941	0.000187026031
102942	0.002897710956
102943	0.001080607953
102944	0.0007879860133
102945	0.002802829721
102946	0.001265727335
102947	0.0003883519172
102948	0.001897144884
102949	0.003585852625
102950	0.001412302538
102951	0.0002959946025
102952	0.003409800302
102953	0.000289033397
102954	7.029050192e-05
102955	0.001010016415
102956	0.000294662568
102957	0.000221833515
102958	0.00124420081
102959	0.002772803684
102960	0.001573844377
102961	0.002291381271
102962	0.002145328545
102963	0.00067475753
102964	0.0007594228748
102965	0.004046635051
102966	0.0004571378428
102967	0.004428148026
102968	0.003238785024
102969	0.001826421151
102970	0.000522328317
102971	0.003594053029
102972	0.0002249210724
102973	0.0016124988
102974	0.0008227236007
102975	0.00136909297
102976	0.002098028999
102977	0.002698656211
102978	0.002244123823
102979	0.002441131452
102980	0.002976678476
102981	0.001824846301
102982	0.007587954848
102983	0.002444446705
102984	0.004300521941
102985	0.0003092419406
102986	0.001216464009
102987	0.0004057444896
102988	0.0005355240059
102989	0.001492012162
102990	0.001386134773
102991	0.003021388536
102992	0.002960996252
102993	0.001800936721
102994	0.0002733657804
102995	0.0001636299246
102996	0.001162409131
102997	0.001230587255
102998	0.002993306954
102999	0.0005167682609
103000	0.001763678981
103001	0.003400735727
103002	0.0002563564095
103003	0.002167783108
103004	0.0001844015678
103005	0.001629589481
103006	0.001589367125
103007	0.002048500242
103008	9.460813707e-05
103009	0.001605019021
103010	0.004300218393
103011	0.000425736155
103012	0.00172669439
103013	0.0001603225534
103014	0.001828075005
103015	0.003766318726
103016	0.000179440009
103017	0.001486564449
103018	0.0005792505701
103019	0.001315937971
103020	0.002565779683
103021	0.003527845971
103022	0.003138890176
103023	0.001751501015
103024	0.001445810497
103025	0.003458601816
103026	0.001288773952
103027	0.00236648157
103028	0.001560669949
103029	0.0003082415792
103030	0.0007211312589
103031	0.001306740907
103032	0.003776296459
103033	0.001866851646
103034	0.0007569473161
103035	0.0004995179805
103036	0.001005292927
103037	0.002975003257
103038	0.004496277834
103039	0.001173423697
103040	0.0008402533003
103041	0.001824916202
103042	0.0003944296798
103043	0.0009087752349
103044	0.0004424744584
103045	0.001201549801
103046	0.0001986182875
103047	0.002546439348
103048	0.00638154094
103049	0.0003252243293
103050	0.001832069621
103051	0.004550484799
103052	0.00100062205
103053	0.001193914429
103054	0.001534232054
103055	0.001904397268
103056	0.0004718536831
103057	0.003455304935
103058	0.001047283312
103059	0.003356239406
103060	0.0006368829225
103061	0.001526706234
103062	0.004040154317
103063	0.0008321569638
103064	0.0005962217063
103065	0.0006296224415
103066	0.002341237202
103067	0.0005571435711
103068	0.002466906362
103069	0.0007876681908
103070	0.0001312308276
103071	0.0004079722474
103072	0.002456522294
103073	0.002622215308
103074	0.001088727342
103075	0.000139663428
103076	0.002151987156
103077	0.0002245615952
103078	0.001872794316
103079	0.0004625507648
103080	0.001846456925
103081	0.001975472659
103082	0.0001225672707
103083	0.001682528421
103084	0.000270953223
103085	0.001954326077
103086	0.002600159523
103087	0.001379077857
103088	0.0002877512052
103089	3.222081244e-05
103090	0.0002045331923
103091	0.0004158530008
103092	0.0001264855652
103093	0.002478166643
103094	0.006174077739
103095	0.001167679222
103096	0.0004527914648
103097	0.006496872884
103098	0.003000110606
103099	0.002336959279
103100	0.004294632168
103101	0.002333349438
103102	0.002758814682
103103	0.001024909135
103104	0.005069031464
103105	0.0004943213571
103106	0.0007414604374
103107	0.0007312293612
103108	0.0004950636784
103109	0.0001161412508
103110	0.001027723858
103111	0.003985527557
103112	0.006008228767
103113	0.002927777706
103114	0.00235874482
103115	0.001697598653
103116	0.002131221139
103117	0.002618768982
103118	0.002271702575
103119	0.0002815909798
103120	0.0005091826641
103121	0.001325783591
103122	0.00083081226
103123	0.001602317477
103124	0.001185074359
103125	0.001775194017
103126	0.004339418318
103127	0.0005231199475
103128	0.004183574877
103129	0.001037650595
103130	0.003466361751
103131	0.000942607437
103132	0.0001666038888
103133	0.002788790568
103134	0.002689323411
103135	0.002127584211
103136	0.004970095703
103137	0.0001984228957
103138	0.00108929598
103139	0.001313364376
103140	0.001147070368
103141	0.001219229088
103142	0.0005204737687
103143	0.003281593477
103144	0.001463961272
103145	0.003729711426
103146	0.002589569404
103147	0.004286893804
103148	0.001585112042
103149	0.001233228876
103150	0.001701792533
103151	0.001674627685
103152	0.001119880885
103153	0.003138678464
103154	0.004419538978
103155	0.004823256912
103156	0.001472616763
103157	0.002586631808
103158	0.005536623369
103159	0.0001182932903
103160	0.001759537224
103161	0.0005757670446
103162	0.003868395497
103163	0.005177370203
103164	0.00144225798
103165	0.0001498135092
103166	0.004049968277
103167	0.006224287505
103168	0.001674684643
103169	0.0008971405889
103170	3.698627878e-05
103171	0.002647647314
103172	0.000627100645
103173	3.398038971e-05
103174	0.003196715437
103175	0.00295052665
103176	0.0006727567496
103177	0.0005915989559
103178	0.007436818756
103179	0.0001176658837
103180	0.005712492433
103181	0.004284266519
103182	0.00705309857
103183	0.001017098902
103184	0.0008555314987
103185	0.001846442713
103186	0.003830671476
103187	0.005028112264
103188	0.001533148923
103189	0.001890765
103190	0.002729354863
103191	0.007206438178
103192	0.0003648132012
103193	0.004028166271
103194	0.003396445182
103195	0.0005670365055
103196	0.006920299826
103197	0.003131064902
103198	0.003192771455
103199	0.001677001566
103200	0.000658642931
103201	0.0003251617104
103202	0.0009409735603
103203	0.00401031027
103204	0.003771049795
103205	0.0001606165038
103206	6.395951879e-05
103207	0.000597189735
103208	0.003269129494
103209	0.005277608742
103210	0.002421079121
103211	0.003075030421
103212	0.0004100929829
103213	0.00105911621
103214	0.0009359176913
103215	0.001353031702
103216	0.001682728401
103217	0.005100394056
103218	0.003875590137
103219	0.003389332993
103220	0.00382122253
103221	0.0003872752587
103222	0.001177351372
103223	0.005026164353
103224	0.003171336825
103225	0.003761232919
103226	0.002770941383
103227	0.0004711540173
103228	0.0002235742196
103229	0.002392018189
103230	0.001013685704
103231	0.003807982009
103232	0.0001723587761
103233	0.0001116462276
103234	0.0005589251202
103235	0.002386912969
103236	0.003391298575
103237	0.001002580642
103238	0.0009913724151
103239	0.0009177068107
103240	0.0002510350287
103241	0.0006413751204
103242	0.001980581665
103243	0.001434209725
103244	0.0001562335085
103245	0.001273248907
103246	0.0007836761164
103247	1.869364127e-05
103248	0.0002071010247
103249	0.001668113599
103250	0.003084918218
103251	0.0004172415364
103252	4.328680686e-05
103253	0.0001483647457
103254	0.0001444319163
103255	1.1262865e-05
103256	0.0004974791783
103257	0.001302125322
103258	7.01682878e-05
103259	0.0002300570578
103260	0.000815273601
103261	0.0008829333517
103262	0.002107832347
103263	0.0007336617067
103264	0.004132643956
103265	0.001131276966
103266	0.003134585203
103267	0.003292747355
103268	0.001853479145
103269	0.005445697055
103270	0.0004344601596
103271	0.0019717067
103272	0.005681947641
103273	0.003079008818
103274	0.002062273015
103275	0.003139827253
103276	0.004432926231
103277	0.0001022314203
103278	0.0001109748927
103279	0.001781468993
103280	0.001936018148
103281	0.0008152218228
103282	0.001077716311
103283	0.001441973446
103284	0.003790446835
103285	0.0006593799658
103286	0.0001234771913
103287	0.002003385054
103288	0.003687510576
103289	0.0009144398608
103290	0.002150335618
103291	0.0004102811994
103292	0.008233247574
103293	0.001948120234
103294	0.001790539083
103295	0.00281022937
103296	0.0004509145329
103297	0.00172397249
103298	0.0001993702698
103299	0.0009093888445
103300	0.005965232399
103301	0.0004649428528
103302	0.0003842658458
103303	0.002002599859
103304	0.0007435143376
103305	0.0002899177346
103306	0.001969531964
103307	0.0007077944206
103308	0.001568336002
103309	0.0003705201931
103310	0.0008539044512
103311	0.008013100546
103312	0.002336359757
103313	0.002233800544
103314	0.0001267650394
103315	0.001909375653
103316	0.0005026839001
103317	0.00489523201
103318	0.004924496042
103319	0.001162013438
103320	0.00203167053
103321	0.001168703081
103322	0.001000618083
103323	0.0004479065277
103324	0.002821947826
103325	8.272715786e-05
103326	0.001326530376
103327	0.003377223326
103328	0.00197730688
103329	0.002639975165
103330	0.0002446139453
103331	0.001855886748
103332	0.002060979785
103333	0.001418860833
103334	0.0009253232008
103335	0.003384017772
103336	0.004720679156
103337	0.001615570064
103338	0.002939417853
103339	0.0001307468302
103340	0.003582568229
103341	0.0001593819208
103342	0.004900372549
103343	0.001327493365
103344	0.0005041269583
103345	0.0001031461203
103346	0.0006196493622
103347	0.003507587192
103348	0.0006655731454
103349	0.001031979696
103350	0.001349244001
103351	0.003058893588
103352	0.0002970895178
103353	0.004445619717
103354	0.005909047897
103355	0.0006739354869
103356	0.001472780016
103357	0.009992968278
103358	0.003483722476
103359	0.007744362931
103360	2.483238329e-05
103361	8.951935763e-05
103362	0.000351680467
103363	0.0003971671803
103364	0.0001519142439
103365	0.000136795007
103366	2.737124307e-06
103367	8.600187542e-05
103368	0.0006934523406
103369	0.0001033013346
103370	0.004602474341
103371	5.200126183e-05
103372	0.0001638057587
103373	0.000433518246
103374	0.0004588244393
103375	0.0002433050891
103376	0.005344944823
103377	0.002396935194
103378	0.001596788853
103379	0.003998084906
103380	0.0009837994104
103381	0.001645506115
103382	0.0002675336907
103383	0.003370573359
103384	0.003373958051
103385	0.0008877996035
103386	0.0003648092944
103387	0.002286462938
103388	0.0004051052444
103389	4.131120501e-05
103390	0.003929336931
103391	8.589779256e-05
103392	0.001513529197
103393	0.00306813192
103394	0.0004903723706
103395	6.796076353e-05
103396	0.0002344443584
103397	0.003626252436
103398	0.0004752237595
103399	0.002147738687
103400	0.001774975504
103401	0.005039422236
103402	0.001194785418
103403	0.003722089853
103404	0.0005077388528
103405	0.0005804031028
103406	0.0007380126353
103407	0.00339398288
103408	0.001440741833
103409	0.0009815275638
103410	0.001570483103
103411	0.001519131944
103412	0.0002244862771
103413	0.001328088239
103414	4.848142073e-05
103415	0
103416	0.004829048859
103417	0.003128688793
103418	0.0001311140329
103419	0.001684441646
103420	0.001192597982
103421	0.0007015841661
103422	0.0001953796551
103423	0.0003429276438
103424	0.0009740665552
103425	0.002136428543
103426	0.005087376063
103427	0.007439613258
103428	0.0004694905937
103429	0.001206247341
103430	0.001105514142
103431	0.004022122434
103432	0.005593038709
103433	0.001300051748
103434	0.004271675464
103435	0.001490012813
103436	0.001098436684
103437	0.005839391209
103438	0.001023979659
103439	0.00201342768
103440	0.001762189085
103441	0.004751602026
103442	0.004807097248
103443	0.004907074065
103444	0.001359880344
103445	0.007241560699
103446	0.0003343325199
103447	0.001324223583
103448	0.00658905815
103449	0.00187621392
103450	0.002472244485
103451	0.0007081173756
103452	0.002500492348
103453	0.001071202109
103454	0.0001524599212
103455	0.002738883799
103456	0.0003863399661
103457	0.01228865519
103458	0.00496304463
103459	0.001886754196
103460	0.001454983954
103461	0.003202437473
103462	0.001247431104
103463	0.00274711627
103464	0.001049999381
103465	0.005129900228
103466	0.0055837982
103467	0.005536163852
103468	0.01380874228
103469	0.002104247732
103470	0.00141147072
103471	0.002482878161
103472	0.002210427276
103473	0.003887157496
103474	0.00257197206
103475	0.0005031166809
103476	0.0005640467412
103477	0.0009848047595
103478	0.003898859692
103479	9.607568008e-05
103480	0.003524576028
103481	0.005025331063
103482	0.000996984631
103483	0.002168287618
103484	0.001126978153
103485	8.980724419e-05
103486	0.003739555451
103487	0.001109769455
103488	0.002542891972
103489	0.0006573404586
103490	0.000261168469
103491	0.001341235631
103492	0.0006347132748
103493	0.002738636669
103494	0.0002339696594
103495	0.0001090629296
103496	0.0006049296293
103497	0.003957404691
103498	0.006971914987
103499	0.004553890652
103500	0.0003067513862
103501	0.004175575352
103502	0.002889766153
103503	0.001193225148
103504	0.004390687051
103505	0.0001356046129
103506	0.001669508708
103507	0.008292065086
103508	0.002625111512
103509	0.002840024429
103510	0.001658735377
103511	0.001079224365
103512	0.001498978098
103513	0.001680953815
103514	0.001041694764
103515	0.001437155586
103516	0.001505335324
103517	0.002364807656
103518	0.0001289657138
103519	0.002379450855
103520	0.0005869753288
103521	0.0003977457421
103522	0.009936991399
103523	0.003927420538
103524	0.00232009002
103525	0.003457300793
103526	0.00151738053
103527	0.004467436268
103528	0.005766412108
103529	0.003429428298
103530	0.00489622618
103531	0.001023823614
103532	0.001860715906
103533	0.004313977465
103534	0.002932342158
103535	0.004675202118
103536	0.00398040992
103537	0.004201500151
103538	0.0008611665314
103539	0.002933628521
103540	0.000443751064
103541	0.001718941327
103542	0.00121265856
103543	0.002587439057
103544	0.007606770632
103545	0.001766296475
103546	7.627217063e-05
103547	0.00087685013
103548	0.00127759668
103549	0.00393974716
103550	0.0007607117905
103551	0.00187790192
103552	0.003860154221
103553	0.003983696931
103554	0.0005014320496
103555	0.002012347346
103556	0.002239979778
103557	0.001522987733
103558	0.0001152386073
103559	0.001754968549
103560	0.003089903733
103561	0.00340460283
103562	0.0009946147688
103563	0.001041617722
103564	0.0006011441681
103565	0.0004007258632
103566	0.0003444590685
103567	0.0008098255408
103568	0.0004900798291
103569	0.005993372663
103570	0.00167281158
103571	0.002917822462
103572	0.007773438495
103573	0.001359990228
103574	0.00257457889
103575	0.002375159264
103576	0.0021795055
103577	0.000196945201
103578	0.001605519206
103579	0.0003832466546
103580	0.0004180956106
103581	0.001891492281
103582	0.001346847374
103583	0.008255109745
103584	0.002099558747
103585	0.001871923168
103586	0.001911253384
103587	0.006199348466
103588	0.005223749381
103589	0.005332004067
103590	0.005367933756
103591	0.001219975805
103592	0.001227519168
103593	1.371519812e-05
103594	0.002558508674
103595	0.0001487319932
103596	0.003887851297
103597	0.006837493145
103598	0.002671793446
103599	0.001048123212
103600	0.0002596317683
103601	0.004286403794
103602	0.000519588668
103603	9.068053986e-05
103604	0.0005672279649
103605	0.001215590135
103606	0.001328591147
103607	0.0005597173498
103608	0.0008365653412
103609	0.003128687197
103610	0.006878684932
103611	0.004001662805
103612	0.003948605478
103613	0.0005424435684
103614	3.502779615e-05
103615	0.0005208865922
103616	0.002285118437
103617	0.003429395175
103618	0.0002425960287
103619	0.0005630793052
103620	0.0009611645902
103621	0.001108533718
103622	0.002626837022
103623	0.0007620264644
103624	0.0004221421096
103625	0.003128032973
103626	7.117434647e-05
103627	0.0004944819917
103628	0.00101653268
103629	0.00114944973
103630	0.0003918522723
103631	0.0001903600389
103632	0.004081592009
103633	0.0007198178352
103634	0.001244020069
103635	0.006807090163
103636	0.00230797411
103637	0.004387933591
103638	0.001965801809
103639	0.002765477479
103640	0.002601610636
103641	0.001099252786
103642	0.003160949859
103643	0.004156021767
103644	0.002047890746
103645	0.00454868561
103646	0.0002874121898
103647	0.01213129242
103648	0.001658013209
103649	0.002401794724
103650	1.181933477e-05
103651	0.0003915060755
103652	0.001880517414
103653	0.001467531341
103654	0.0007608324769
103655	0.001240807431
103656	0.003594133676
103657	0.002081219194
103658	0.0006148274827
103659	0.0002223640727
103660	0.002505092849
103661	0.0002378557718
103662	0.0005993899937
103663	0.0008591922424
103664	0.001487444335
103665	0.0004360183272
103666	0.001383835589
103667	9.03947412e-05
103668	0.0003988422427
103669	0.002539962711
103670	0.005492112034
103671	0.002108746541
103672	0.001090678257
103673	0.002604252528
103674	0.0008148519682
103675	0.002888221005
103676	0.0005682820244
103677	0.001834104719
103678	0.0003031777987
103679	0.0004912794749
103680	0.001809134831
103681	0.001833262485
103682	0.001305182501
103683	0.003335647624
103684	0.001478776409
103685	0.0005950794896
103686	0.0003072958974
103687	0.0008154075732
103688	0.0001524484096
103689	0.002493416608
103690	0.003430749142
103691	0.0004385296263
103692	0.0005844165624
103693	0.0001583985827
103694	0.0001710438868
103695	0.0006363549201
103696	0.0007082202968
103697	0.0008355894477
103698	0.0006395063234
103699	0.000492721753
103700	0.001151248385
103701	0.00275351263
103702	0.001601839972
103703	0.00686093177
103704	0.002778323638
103705	0.001691984427
103706	0.00132874232
103707	0.003543618979
103708	0.00054834905
103709	0.001230696512
103710	0.0008149929443
103711	8.380640314e-06
103712	0.0002927314838
103713	0.0003838254881
103714	0.004126111089
103715	0.0005069146922
103716	0.0007387727552
103717	0.003282186362
103718	0.002979569642
103719	0.002592698423
103720	0.000183623195
103721	0.0002367988139
103722	0.001692303175
103723	0.00284327912
103724	0.001399523691
103725	0.001060642098
103726	0.0008371619918
103727	0.0003766544997
103728	0.003298983064
103729	0.00163577329
103730	0.0008980802382
103731	0.0003711275228
103732	0.0001165440257
103733	0.0003715369836
103734	0.002553786705
103735	0.0001049910787
103736	0.001601893005
103737	0.002292407914
103738	1.966086845e-06
103739	0.0002223391621
103740	0.005035375615
103741	0.0006465087585
103742	0.0009117009721
103743	0.001448129518
103744	0.00216226571
103745	0.000520233801
103746	0.0001176433044
103747	5.661886597e-05
103748	0.001980489772
103749	0.003609710351
103750	0.0003775740649
103751	0.003931584587
103752	0.001130867127
103753	0.0009941189359
103754	0.0008331554503
103755	2.716621678e-05
103756	0.0008451822227
103757	0.002353190814
103758	0.0009624389851
103759	0.0001512055674
103760	0.001377242537
103761	0.001696681691
103762	0.004268537446
103763	0.0007411794459
103764	0
103765	0.003692880182
103766	0.001429875584
103767	0.001972567895
103768	0.003041770706
103769	0.001359257946
103770	0.004359370839
103771	0.0009987162699
103772	0.000568661738
103773	0.00130234402
103774	0.003732557804
103775	0.002598004595
103776	0.002788609464
103777	0.002729356888
103778	0.0004844062536
103779	0.00477089057
103780	0.001810352577
103781	0.0005799029112
103782	0.001247044956
103783	0.002076642185
103784	0.0001600694131
103785	0.001274029158
103786	0.001502416208
103787	0.002166132617
103788	0.007371186735
103789	0.004284956488
103790	0.0002556492113
103791	0.0002146795514
103792	0.0002939624837
103793	0.001007146832
103794	0.0002917907504
103795	0.005435306911
103796	0.0007441270049
103797	2.10832662e-05
103798	6.680198537e-05
103799	0.0001159671522
103800	0.001664596271
103801	0.001516690955
103802	0.0007719873602
103803	0.0002134052233
103804	0.001014622146
103805	0.002376301861
103806	0.0006868056057
103807	0.0005619133051
103808	9.57947184e-05
103809	0.0008727089405
103810	0.003725941442
103811	0.0001686478277
103812	0.009507884331
103813	0.0005596714041
103814	0.0006416159308
103815	0.0003184887296
103816	0.001795510043
103817	0.001074767753
103818	0.00235685858
103819	0.0006417669201
103820	0.0008152810346
103821	0.001819216294
103822	0.00298390891
103823	0.001551851512
103824	0.001634865223
103825	0.001838301544
103826	0.002781523018
103827	0.0009071211071
103828	0.002469440768
103829	0.004299800347
103830	0.001035871669
103831	0.0006517537077
103832	0.002724260482
103833	0.002980385864
103834	0.0008904557149
103835	0.003517369198
103836	0.005600552342
103837	0.003187165637
103838	0.0005882840209
103839	0.00157313778
103840	0.001022183159
103841	0.004212030754
103842	0.001038214538
103843	0.0004458764424
103844	0.0005042722272
103845	8.186789796e-09
103846	0.00589600411
103847	0.004418572795
103848	0.00348347955
103849	0.0007806715011
103850	0.003236953055
103851	0.002980524811
103852	0.005558522343
103853	0.002290565563
103854	0.0001915588405
103855	0.0004944171665
103856	0.0002933159895
103857	0.0002594414876
103858	0.001844521511
103859	0.002224700745
103860	0.006585028971
103861	0.00153291072
103862	0.0005872173523
103863	0.0007104794232
103864	0.001829894877
103865	0.000613128382
103866	0.001156063585
103867	0.001414305843
103868	0.001616370979
103869	0.003804809799
103870	0.00366155531
103871	0.001293621001
103872	0.00128754058
103873	0.0006651117165
103874	0.002257475401
103875	0.001022755927
103876	0.0003854498353
103877	0.001128842358
103878	0.002124057165
103879	5.330298654e-05
103880	0.001451663693
103881	3.240001727e-05
103882	0.002250993236
103883	0.001217102683
103884	0.002802191175
103885	0.0006569615796
103886	0.0004892937344
103887	0.003422342199
103888	0.002540467066
103889	0.0007663451095
103890	0.000937937844
103891	0.001224814294
103892	0.0006977268325
103893	0.0003505950495
103894	0.0009367627747
103895	0.001256753192
103896	0.0007818363109
103897	0.002610977807
103898	0.002742008796
103899	0.0006239379147
103900	0.001388995375
103901	0.002295540998
103902	0.0001034712954
103903	0.001546724786
103904	0.0002134420654
103905	0.0007331352346
103906	0.000592835111
103907	0.002504951024
103908	0.002624474286
103909	0.0006675274688
103910	0.0003544024181
103911	0.0007663491868
103912	0.0003864157773
103913	0.001001068446
103914	0.000674038932
103915	0.004126146418
103916	0.0002426516319
103917	0.002403192205
103918	0.002503592357
103919	0.001041688048
103920	0.001599987308
103921	0.0001125034007
103922	5.414445065e-08
103923	3.69676974e-08
103924	0.002082500973
103925	0.0004447271329
103926	0.001156571499
103927	0.001884123101
103928	0.002981221982
103929	0.002141681174
103930	0.001526290084
103931	0.001048745234
103932	0.001759968075
103933	0.0079660472
103934	0.003732530104
103935	0.002936530809
103936	0.002064236992
103937	0.004978961735
103938	0.004606526237
103939	0.0001047299984
103940	0.0009021978366
103941	0.0004272787493
103942	0.0003594231848
103943	0.002869089832
103944	0.002296090136
103945	0.0008738523099
103946	0.0005943181536
103947	0.002098131713
103948	0.0007327859868
103949	0.001134040954
103950	0.000252994921
103951	0.003630499296
103952	0.0003892655946
103953	0.002204179616
103954	0.001386394202
103955	0.0009050817566
103956	0.0004031445456
103957	0.0009298769085
103958	0.003930201805
103959	0.002901989646
103960	0.0006178065992
103961	0.003450907715
103962	0.004246235381
103963	0.001627442305
103964	0.003747006444
103965	0.001389410405
103966	0.008005192165
103967	0.002436236738
103968	0.0009963330897
103969	0.003736741154
103970	0.001599989438
103971	0.001695515616
103972	0.004450507927
103973	0.0008964494882
103974	0.002927906312
103975	0.004210624711
103976	0.002733738774
103977	0.002874883726
103978	3.598418485e-05
103979	0.002080280544
103980	0.001935527057
103981	0.001738629562
103982	0.002718674108
103983	0.002091770151
103984	0.001743131896
103985	0.002596552673
103986	0.002899764412
103987	0.001200394004
103988	0.002220658556
103989	0.003105149237
103990	0.002529919566
103991	0.00147883033
103992	0.003887461885
103993	0.003581244755
103994	0.0001039674362
103995	0.002584177934
103996	0.003793313902
103997	0.005000031869
103998	0.0001046912699
103999	0.003217287625
104000	0.001309284425
104001	0.002377251765
104002	0.0008465534914
104003	0.003326553104
104004	0.001973225595
104005	0.003948385354
104006	0.002548668668
104007	0.0009221626589
104008	0.004877024441
104009	0.003295282689
104010	0.0002404575627
104011	0.0008870187706
104012	0.0009100137747
104013	0.00101356155
104014	0.0002368526143
104015	0.0005924171881
104016	0.0009471750299
104017	0.001542679302
104018	8.623117251e-05
104019	0.001495444266
104020	0.001512773003
104021	0.001195551576
104022	1.187515726e-05
104023	0.002023582776
104024	0.0008545128927
104025	0.004359980213
104026	0.002140560707
104027	0.001992996107
104028	0.0007602651119
104029	0.00129132142
104030	0.0005473092697
104031	0.0005215933994
104032	0.0001479655118
104033	7.336154421e-05
104034	0.001669941924
104035	0.002321092292
104036	0.001068342487
104037	0.001429030378
104038	0.002679325448
104039	5.26019348e-05
104040	0.003461687598
104041	0.0006008249126
104042	0.001733039063
104043	0.0001862273662
104044	0.000553804271
104045	0.002375297638
104046	0.001345098933
104047	0.0004560757783
104048	0.0003962760513
104049	0.001646936747
104050	0.00124667096
104051	0.004229026873
104052	0.005468835201
104053	0.001350248448
104054	0.002298865149
104055	0.0005373087363
104056	0.0003831938939
104057	0.001298333115
104058	0.001262125718
104059	0.00176211912
104060	0.001325704526
104061	0.002131105162
104062	0.0007322313436
104063	0.002852121399
104064	0.001976522703
104065	0.0009489276403
104066	0.000441131811
104067	0.002217612156
104068	0.001122796481
104069	0.002568708943
104070	0.0003856803087
104071	0.0008404228745
104072	0.002374828824
104073	0.001155785318
104074	0.000632582733
104075	0.0005076124285
104076	0.001856741925
104077	0.001514850574
104078	0.001856273626
104079	0.001057636311
104080	0.0001419698311
104081	0.001416459927
104082	0.0004175898825
104083	0.0002660692346
104084	0.0005828326583
104085	0.0003491738988
104086	0.001929994939
104087	0.003050525016
104088	0.002367458483
104089	0.001956684857
104090	0.0008851962173
104091	0.004285344423
104092	0.002196574794
104093	0.007089069304
104094	0.000813534627
104095	0.003441873556
104096	0.003612891395
104097	0.005285204486
104098	0.002628756997
104099	0.00460325417
104100	0.0004360893972
104101	0.001143497642
104102	0.00110871096
104103	0.00118059523
104104	0.000982629922
104105	0.001958051617
104106	0.001651466223
104107	0.0003595268402
104108	0.0006598118712
104109	0.0003332517248
104110	0.002281072105
104111	0.001394657654
104112	0.004505458057
104113	0.001798359062
104114	0.002548120348
104115	0.001707420966
104116	0.0002322865454
104117	0.001556333934
104118	0.0008045374207
104119	0.005950513407
104120	0.006896365083
104121	0.002703461851
104122	0.0052806454
104123	0.001902728978
104124	0.000793659276
104125	0.002121917913
104126	0.00285915107
104127	0.006627083534
104128	0.007017551641
104129	7.335915858e-05
104130	0.0003243887987
104131	0.001203231128
104132	0.001860772472
104133	0.001078979406
104134	0.0006341012133
104135	0.002794948071
104136	0.00136929222
104137	0.001466985678
104138	0.002260816991
104139	0.000796536083
104140	0.00459659244
104141	0.002032851094
104142	0.003789875941
104143	0.002343994143
104144	0.002888294926
104145	0.003712648987
104146	0.00085645152
104147	0.001618751818
104148	0.0004672569688
104149	0.0001394637362
104150	0.0002518191412
104151	0.005281165598
104152	0.003724132613
104153	0.002713403954
104154	0.002070883951
104155	0.007052516469
104156	0.003041085283
104157	0.004159833965
104158	0.004911757627
104159	0.003039340913
104160	0.001570027499
104161	0.00276840081
104162	0.003543511183
104163	0.00223779049
104164	0.0002786939357
104165	0.001019305178
104166	0.00371131225
104167	0.001050216431
104168	0.001850507181
104169	7.411741849e-05
104170	0.001322862405
104171	9.225062026e-05
104172	0.0008295046972
104173	0.001062247449
104174	0.001762938796
104175	0.002328938444
104176	0.002789971273
104177	0.0004336669689
104178	0.001484989021
104179	0.001221846793
104180	0.0003570812263
104181	0.00186248031
104182	0.003886138156
104183	0.004008802093
104184	0.002721786349
104185	0.002407811899
104186	0.002022642201
104187	0.001841218319
104188	0.004263437321
104189	0.002431524643
104190	0.0008565680227
104191	0.000414526152
104192	0.001126186658
104193	0.006252855232
104194	0.003266762821
104195	0.001993059259
104196	0.001722293445
104197	0.002252793618
104198	0.002581157908
104199	0.000912153444
104200	0.008224553854
104201	0.002937140125
104202	0.002087693892
104203	0.007728716066
104204	0.006489318457
104205	0.002521202685
104206	0.003118302107
104207	6.661040308e-05
104208	0.0006256226174
104209	0.0007286553876
104210	0.001461423518
104211	0.003277412765
104212	0.005329256086
104213	0.002908698089
104214	0.00309722556
104215	0.001403104364
104216	0.0067738013
104217	0.001215893298
104218	0.001503554496
104219	0.003572543151
104220	0.003368416698
104221	0.004719807572
104222	0.0005496967389
104223	0.005635534868
104224	0.001799975538
104225	0.0004323892652
104226	0.00194912831
104227	0.001850541521
104228	0.002018227326
104229	0.00358171649
104230	0.00378228093
104231	0.0009319256998
104232	0.005508461719
104233	0.004166846447
104234	0.002548478221
104235	0.001720895775
104236	0.0003797928174
104237	0.001463820605
104238	0.007803861935
104239	0.0009018878779
104240	0.003060986366
104241	0.002400153519
104242	0.003369066952
104243	0.0006159525407
104244	0.0009014918125
104245	0.001046980338
104246	0.004299021729
104247	0.006674094637
104248	0.0004392469438
104249	0.001970887377
104250	0.003468720879
104251	0.0005516746213
104252	0.001777362628
104253	0.002663846344
104254	0.0010425385
104255	0.00161789751
104256	0.002531913083
104257	0.006812531377
104258	0.003850381037
104259	0.002317256537
104260	0.003565988273
104261	0.0008769144864
104262	0.001619825513
104263	0.001331919458
104264	0.001950473094
104265	0.00352527861
104266	0.007962576074
104267	0.00228836614
104268	0.001212992692
104269	0.0007044593746
104270	0.001042145421
104271	0.0006903161462
104272	0.0006170449012
104273	0.003100028501
104274	0.003219578886
104275	0.0007984175453
104276	0.002252118948
104277	0.002475617773
104278	0.0008689352518
104279	0.00500949535
104280	0.004127484472
104281	0.001465286356
104282	0.0007272556112
104283	0.002291681044
104284	0.005280873161
104285	0.004353332867
104286	0.001877407171
104287	0.0001376223949
104288	0.002607021458
104289	0.0009033622509
104290	0.003436475964
104291	0.002762160743
104292	0.003082627091
104293	0.00209805567
104294	0.0007839841758
104295	0.001646769573
104296	0.003418420915
104297	0.002664658045
104298	0.0002644626652
104299	0.0003195451874
104300	5.535184677e-05
104301	0.0005811900448
104302	0.0002754474535
104303	0.0008213899305
104304	0.0005866117482
104305	0.006071083861
104306	0.0004487568681
104307	0.001884572286
104308	0.0004040366273
104309	0.0002815966607
104310	0.001167339239
104311	0.002211493861
104312	0.0009758088396
104313	0.0004025505962
104314	0.001422912797
104315	0.002569005113
104316	0.001163236173
104317	0.0001154727009
104318	0.00266030262
104319	0.0008252074861
104320	0.0004286496101
104321	0.001704629587
104322	0.0009241642542
104323	0.004158293657
104324	0.001225643741
104325	0.001399246158
104326	0.001266657029
104327	0.0007134494636
104328	0.002422627891
104329	0.002207457375
104330	0.001154462261
104331	0.00108008347
104332	0.001607938311
104333	0.001327907256
104334	0.002148349141
104335	0.0009085946796
104336	0.0005164579319
104337	0.003164772822
104338	0.004385497144
104339	0.001738106829
104340	0.0007815040955
104341	0.0001244393446
104342	0.0008549553541
104343	9.769108836e-05
104344	0.001802617758
104345	0.002305192304
104346	0.001111067036
104347	0.001230125135
104348	0.001305905317
104349	0.002094818401
104350	0.001070353446
104351	0.0004939861765
104352	0.001396236164
104353	0.001600729784
104354	0.002692413157
104355	0.002052372545
104356	0.001660222565
104357	0.0001330800336
104358	0.0004217288343
104359	0.001661646903
104360	0.0006169291265
104361	0.006169784143
104362	0.004389746118
104363	0.002625113669
104364	0.0001657941895
104365	0.00345527696
104366	0.0009357273923
104367	0.005300386088
104368	0.002799415866
104369	0.001191512117
104370	0.002578127323
104371	4.652764871e-05
104372	0.002939277607
104373	0.001241287643
104374	0.002614354941
104375	0.003540500815
104376	0.002655514412
104377	0.000793883039
104378	0.000221490983
104379	0.0008765449437
104380	0.0005886899895
104381	0.0002534170718
104382	5.161137613e-05
104383	0.001201324114
104384	0.001493896248
104385	0.0024277753
104386	0.001945672659
104387	0.001391550912
104388	0.003014450967
104389	0.003168022973
104390	0.003743594549
104391	0.002650948953
104392	0.001565821326
104393	0.0009913227814
104394	0.0005555391466
104395	0.001908902808
104396	0.001984142573
104397	0.0008669778488
104398	0.002408551042
104399	0.002581834685
104400	0.002144826023
104401	0.001503104505
104402	0.002923092944
104403	0.003313254593
104404	0.002747506574
104405	0.00123745844
104406	0.002500394433
104407	0.003183545616
104408	0.0005580670786
104409	0.005749160813
104410	0.004025073055
104411	0.003685234996
104412	0.0004445540762
104413	0.001236303021
104414	0.0003654790263
104415	0.0007595626083
104416	0.003755128275
104417	0.0005078124843
104418	0.002105586209
104419	0.001419103028
104420	0.002331796809
104421	0.002151288147
104422	0.0004655326606
104423	0.002534961965
104424	0.001767722651
104425	0.000187314464
104426	0.002973477126
104427	0.001355845697
104428	0.001860742932
104429	0.0006952240721
104430	0.0004345798682
104431	0.001598147028
104432	0.00247637508
104433	0.0007971181749
104434	0.0007076012956
104435	0.001330907969
104436	0.000374838696
104437	0.001527471374
104438	0.0008519995582
104439	0.001324397236
104440	0.000706317792
104441	0.002434814026
104442	0.001407351186
104443	0.002207392718
104444	0.00267709579
104445	0.002573693578
104446	0.00154818223
104447	0.0007281486631
104448	0.001860570673
104449	0.00396044936
104450	0.0007557235355
104451	0.002631409101
104452	0.001385931083
104453	0.004420352009
104454	0.003039722257
104455	0.001486994854
104456	0.001041333896
104457	0.0007256015025
104458	0.0007267611354
104459	0.0005103148147
104460	0.0006821400096
104461	0.0005599857647
104462	0.00118434429
104463	0.0004650635442
104464	0.002320748036
104465	0.002377347874
104466	0.002431903393
104467	0.001402131489
104468	0.001522546284
104469	0.001579259552
104470	0.001588772387
104471	0.001283036644
104472	0.001447616925
104473	0.001591247306
104474	0.0006302960541
104475	0.0008447905391
104476	0.003562465854
104477	0.00178194595
104478	0.001880262334
104479	0.002247552235
104480	0.00234736251
104481	0.002318261325
104482	0.001877884809
104483	0.002819733154
104484	0.002344107878
104485	0.002810190158
104486	0.001809117017
104487	0.0001085772495
104488	0.0004800882827
104489	0.001653661263
104490	0.0004601619134
104491	0.002133676982
104492	0.0007645505921
104493	0.00303011325
104494	0.001659933243
104495	0.001414473721
104496	0.0008069804392
104497	0.001719256147
104498	0.003544091087
104499	0.004328393083
104500	0.008456728134
104501	0.004715846589
104502	0.002690110452
104503	0.001245509534
104504	0.002859204793
104505	0.002196414182
104506	0.0008976730443
104507	0.0006694290905
104508	0.001357441544
104509	0.0002946340579
104510	0.003431288255
104511	0.0005842536856
104512	0.001090012532
104513	0.0008784330189
104514	0.008783373716
104515	0.001143220945
104516	0.001137019275
104517	0.004295787895
104518	0.0012544311
104519	0.001728876346
104520	0.0044808739
104521	0.0007653205341
104522	0.000393130276
104523	0.0002307060481
104524	0.00065210673
104525	0.003734298972
104526	0.005089766007
104527	0.006285118523
104528	0.003795929831
104529	0.004091053498
104530	1.560158797e-05
104531	0.004636082887
104532	0.00199027701
104533	0.0008347014795
104534	0.003372653913
104535	0.00646107662
104536	0.00459968711
104537	0.00297526291
104538	0.007410366982
104539	0.0007108115226
104540	0.0045514331
104541	0.00134756338
104542	0.003427841653
104543	0.001785520868
104544	0.0009881052756
104545	0.0003034215378
104546	0.003486444928
104547	0.005009457019
104548	0.002233751341
104549	0.001988052391
104550	0.004514063163
104551	0.007505826732
104552	0.006986043599
104553	0.0008246454622
104554	0.004034389808
104555	0.0004581559679
104556	6.600479141e-05
104557	5.241457757e-05
104558	0.008212675382
104559	0.0003948642887
104560	0.001521064212
104561	0.004254587108
104562	0.000403376245
104563	0.001681985818
104564	0.005324713997
104565	0.0009743552076
104566	0.0001291432778
104567	0.008308863464
104568	0.0060017491
104569	0.003474308368
104570	0.001226557302
104571	0.0006420686403
104572	0.0001938566629
104573	0.002124732735
104574	0.007179503099
104575	0.000997175707
104576	0.001439608186
104577	0.003555050154
104578	0.00205902558
104579	4.440432963e-05
104580	0.006774285673
104581	0.003994252094
104582	8.962864876e-05
104583	0.001879708291
104584	0.0004631689448
104585	0.003601364274
104586	0.0006004115119
104587	6.042660202e-05
104588	0.001019642557
104589	0.0002800410875
104590	0.001029127708
104591	0.001299503355
104592	0.003316348006
104593	0.006900346581
104594	7.75557728e-05
104595	0.00207985375
104596	0.00801103304
104597	0.003499694191
104598	0.001596106383
104599	0.004900854852
104600	0.0004960808784
104601	0.001964916618
104602	0.001803175182
104603	0.001079777525
104604	0.001435584138
104605	0.001745217873
104606	0.001521826531
104607	0.00288466687
104608	0.0004984036726
104609	0.005900651025
104610	0.0051453855
104611	0.00456120549
104612	0.007981241817
104613	0.001676777658
104614	0.002856620046
104615	0.001385840404
104616	0.0009915312863
104617	0.000983835898
104618	0.00374085652
104619	0.006414900905
104620	0.001857729467
104621	0.003750815591
104622	0.00179275694
104623	0.00297453046
104624	2.522753158e-05
104625	0.0002541690566
104626	0.0001691170302
104627	0.001662910979
104628	0.0008635764808
104629	0.002764299857
104630	0.006520099559
104631	0.003608122833
104632	0.001348759226
104633	0.003934682663
104634	0.0005657651901
104635	0.006324107535
104636	0.007950891011
104637	0.000348946627
104638	0.002170211563
104639	0.004128682376
104640	0.0009506452489
104641	0.0006096587708
104642	0.001652486183
104643	0.006091114849
104644	0.002411300227
104645	0.0005560149708
104646	0.003219023201
104647	0.002708023448
104648	0.00529590706
104649	0.001856881383
104650	0.003038714287
104651	0.0008799915388
104652	0.005094243489
104653	0.003596747193
104654	0.006047491411
104655	0.001650863733
104656	0.001307001114
104657	0.002964594351
104658	0.008700955585
104659	0.003252972268
104660	0.003402419752
104661	0.004762799198
104662	0.001748919364
104663	0.0003448469959
104664	0.002573713676
104665	0.001965169786
104666	0.002100216813
104667	0.002763132427
104668	0.004388055594
104669	0.004253571684
104670	0.0001497443935
104671	0.006042400055
104672	0.003470870618
104673	0.003185525073
104674	0.004000725118
104675	0.003969806934
104676	0.005024731305
104677	0.006811655323
104678	0.001612648949
104679	0.001627150872
104680	0.003089980848
104681	0.0003244127213
104682	0.004041317272
104683	0.0009805580527
104684	0.004917405146
104685	0.002697203753
104686	0.0005493214598
104687	0.001404941411
104688	0.001079491681
104689	0.0005237351817
104690	0.003829629432
104691	0.0001654554428
104692	0.00021244162
104693	0.0006876546272
104694	0.003093395318
104695	0.003492131339
104696	0.000399650596
104697	0.008180006964
104698	0.001105922617
104699	0.002192588929
104700	0.004401931075
104701	0.0008369025248
104702	0.006060996806
104703	0.002875395635
104704	0.0008143753696
104705	0.003669091693
104706	8.235940061e-05
104707	0.006886473089
104708	0.002427117466
104709	0.003645310844
104710	0.003576247638
104711	0.007576136732
104712	0.002577858734
104713	0.007997144018
104714	0.007627882209
104715	0.0004803089484
104716	0.001156246722
104717	0.003342158126
104718	0.0003019053247
104719	0.006531306443
104720	0.00109962655
104721	0.001086141042
104722	0.005220552257
104723	0.001673841872
104724	0.002063206472
104725	0.004720877021
104726	0.0005494273609
104727	0.0005325101243
104728	0.003579322304
104729	0.00109124327
104730	0.000998525666
104731	0.0002933171798
104732	0.0007138292478
104733	0.001553789369
104734	0.001703161564
104735	0.008072171878
104736	0.001719668107
104737	0.002783366279
104738	0.0006578729311
104739	0.007311034712
104740	0.003796153815
104741	0.0002472333183
104742	0.0001420021155
104743	0.0004459394388
104744	0.002134433257
104745	0.0009779847723
104746	0.0001070434358
104747	0.001428184982
104748	0.005964538728
104749	0.001590064692
104750	0.001176617564
104751	0.0004631123937
104752	0.004664138879
104753	0.002504832424
104754	0.001876091905
104755	0.0001109345284
104756	0.0002679240908
104757	0.0005831205331
104758	0.0006399923929
104759	0.002126419692
104760	0.001164611164
104761	0.002129296307
104762	0.005058903538
104763	2.713114015e-05
104764	0.0003381152982
104765	0.00316721291
104766	4.386347528e-05
104767	0.002383968031
104768	0.005274200693
104769	0.00389204952
104770	0.002075990041
104771	0.0015894494
104772	0.0009414028005
104773	0.005367135732
104774	0.001871291658
104775	0.006500317716
104776	0.002066302701
104777	0.001894590987
104778	0.0008746236284
104779	0.001920277065
104780	0.003621240755
104781	0.001903671387
104782	0.001710962456
104783	0.0001402740413
104784	0.006054112019
104785	0.0008722906154
104786	0.001569295398
104787	0.001487856007
104788	0.00206910767
104789	0.002402908864
104790	0.008531581143
104791	0.004705562015
104792	0.002332450712
104793	0.002091714323
104794	0.003936535489
104795	0.0002185716873
104796	0.0004747619231
104797	0.006441781049
104798	0.001942282069
104799	0.002447107903
104800	0.0009182016413
104801	0.003049218365
104802	0.00315384502
104803	0.002446187281
104804	0.0003316607178
104805	8.447417335e-05
104806	0.0002912134611
104807	0.001163907192
104808	0.002959042403
104809	5.03278784e-05
104810	0.001766248178
104811	0.007109437089
104812	0.001879737103
104813	0.001526853634
104814	0.003883948845
104815	0.001558745962
104816	0.003574928326
104817	0.0008267400979
104818	0.0005971893819
104819	0.00303252633
104820	0.002942229508
104821	0.00148780456
104822	0.001485647145
104823	8.270391161e-05
104824	0.002511493156
104825	0.0002143678347
104826	0.00146113768
104827	0.004996041195
104828	0.001598766038
104829	0.003122010085
104830	0.0035173706
104831	0.001302569379
104832	0.0003294035187
104833	0.002437800598
104834	0.00743819588
104835	0.0002383413212
104836	0.0002503641412
104837	0.001132893409
104838	0.006515993262
104839	0.002637557029
104840	0.0008590416763
104841	0.004711753535
104842	0.0004087640797
104843	0.002122151921
104844	0.001500449377
104845	0.001267298221
104846	0.003299664902
104847	0.00117875394
104848	0.0009609414071
104849	0.001211953837
104850	0.001440256594
104851	0.004454531675
104852	0.005501290923
104853	0.0008560929783
104854	0.0002622429671
104855	0.001741160219
104856	0.003823519114
104857	0.0003138501118
104858	0.001702692518
104859	0.002866484566
104860	0.00310815982
104861	0.008804529112
104862	0.004597351426
104863	0.001576096136
104864	0.003670491495
104865	8.10946399e-05
104866	0.005389857225
104867	0.002448726925
104868	0.00450371469
104869	0.0005828118128
104870	0.003193953671
104871	0.0007957018595
104872	0.004488944048
104873	0.0007351314639
104874	0.001907115969
104875	0.0005634133091
104876	0.002584415029
104877	0.0002658496241
104878	0.003689169955
104879	0.0005127764194
104880	0.002563318539
104881	0.001122342879
104882	0.0003830543471
104883	0.00434303665
104884	0.0006689176837
104885	0.001831627035
104886	0.002513554198
104887	0.0003788032002
104888	0.0003701976766
104889	0.001121556962
104890	0.005434291961
104891	0.0005847203981
104892	0.0003731584758
104893	0.00117653542
104894	0.001562780582
104895	0.0001748782625
104896	0.0003400703926
104897	0.0006707829758
104898	0.0002020943921
104899	0.00193723017
104900	0.0001289698867
104901	0.001826797698
104902	0.002422576812
104903	0.003071045511
104904	0.004693443164
104905	0.001776968164
104906	0.003621222036
104907	0.003854613143
104908	0.01022259681
104909	0.0004351895944
104910	0.0002296525242
104911	0.001186523627
104912	0.001449596107
104913	4.933822092e-05
104914	0.0004230211914
104915	0.002359511792
104916	0.000289085237
104917	0.005557238746
104918	0.001144077859
104919	0.001392414462
104920	0.0004216009059
104921	0.003984112632
104922	0.002589494482
104923	0.00111058574
104924	0.0009053863343
104925	0.00279013335
104926	0.00144832885
104927	0.00425252489
104928	0.0002941584352
104929	0.002494404399
104930	0.003022780477
104931	0.002414611943
104932	0.001307929425
104933	0.007365610924
104934	0.0001230386368
104935	0.00353931405
104936	0.001101716993
104937	0.002760537636
104938	0.001363729693
104939	0.002348889398
104940	0.0008825147485
104941	0.0006331259621
104942	0.0003745002237
104943	0.001439870898
104944	0.002780307785
104945	0.001608761276
104946	0.001093379357
104947	0.004084182516
104948	0.0007900458953
104949	0.003107108695
104950	0.004819705884
104951	0.0009454437885
104952	0.002338826503
104953	0.003354234089
104954	0.0004562584484
104955	0.001809311304
104956	0.003995363016
104957	0.0002596967486
104958	0.001412422542
104959	0.008443317815
104960	0.001506016797
104961	0.005836561515
104962	0.005316731587
104963	0.000228665716
104964	0.001228137116
104965	0.0002562240026
104966	0.0008657530402
104967	0.0002480882282
104968	0.004916784385
104969	0.00250004679
104970	0.004567806736
104971	0.0006417668803
104972	0.001409932921
104973	0.003559725304
104974	0.002228113437
104975	0.003813887771
104976	0.001619817198
104977	0.0007319550581
104978	0.002007546304
104979	0.0003608233268
104980	0.0005120138584
104981	0.002386979687
104982	0.002379855386
104983	0.0007779243534
104984	0.001402585249
104985	0.0001888344315
104986	0.001193220709
104987	0.003325565736
104988	0.00154976999
104989	0.001419611859
104990	0.001220708872
104991	0.003105982699
104992	0.004511852456
104993	2.56192015e-05
104994	0.002512671787
104995	0.005446390648
104996	4.896841705e-05
104997	0.003314153965
104998	0.001615437495
104999	0.0004320084053
105000	0.003928675819
105001	0.006054916841
105002	0.0005295515834
105003	0.001273079012
105004	0.001778705429
105005	0.00255391874
105006	0.0008431275844
105007	0.0009729689858
105008	0.002282536134
105009	0.002261748438
105010	0.004689157584
105011	0.0006208395991
105012	0.0009096180235
105013	0.002787781046
105014	0.000408551864
105015	0.0008085525015
105016	0.0001786430192
105017	0.0006418928438
105018	0.005107962804
105019	0.001722945931
105020	0.001332390166
105021	0.0004356921059
105022	0.001294870644
105023	0.0003988008356
105024	0.004976411673
105025	0.001360527183
105026	0.001878210485
105027	0.00349952275
105028	0.002998914039
105029	0.001313406127
105030	0.001802623089
105031	0.003301353375
105032	0.002290251844
105033	2.511704777e-05
105034	0.002239555312
105035	0.001567048255
105036	0.002177627713
105037	0.002785588566
105038	0.00137609815
105039	0.001329059828
105040	0.0002060441627
105041	0.0009817083531
105042	0.0001988477296
105043	0.005310142887
105044	0.0005670580592
105045	0.00314891944
105046	0.002802040418
105047	0.0005273050423
105048	0.006162052935
105049	0.003495392889
105050	0.001398792961
105051	8.341193078e-05
105052	0.0004994556094
105053	0.002048543859
105054	0.0007179347024
105055	0.0002798347015
105056	0.001080390702
105057	0.004197442089
105058	0.001867399266
105059	0.000108904767
105060	0.002953706348
105061	0.0004620524601
105062	0.001444439663
105063	0.0007600115523
105064	0.001054429382
105065	0.001937783559
105066	0.00170337956
105067	0.00559440819
105068	0.003615228839
105069	0.004194964186
105070	0.0001681578586
105071	0.0009369778693
105072	0.0007241389383
105073	0.00350806523
105074	0.005149928943
105075	0.006074432755
105076	0.001981260031
105077	0.00314239487
105078	0.0009341585127
105079	0.0009593721251
105080	0.0005326126612
105081	0.002129644449
105082	0.001386263892
105083	0.003425106051
105084	0.0001934599211
105085	0.002429177114
105086	0.003822648301
105087	0.0005264632086
105088	0.0001889460612
105089	0.005916831519
105090	0.001031668747
105091	0.0002562268707
105092	0.0002662831758
105093	0.003262464527
105094	0.000192781421
105095	0.0005229044195
105096	0.001509992443
105097	0.006133788934
105098	0.0005715102436
105099	0.0007416903258
105100	0.005947726328
105101	0.004814758593
105102	0.003279485172
105103	0.00217706612
105104	0.0005391723288
105105	0.001780148751
105106	0.00430726983
105107	0.0006089879579
105108	0.001119954179
105109	0.003132044662
105110	0.0009151317841
105111	0.003733160118
105112	0.005759864861
105113	0.0005688812139
105114	0.0007835630071
105115	0.002894293413
105116	0.001656421803
105117	0.0002360017339
105118	0.005330518311
105119	0.002538366458
105120	0.0006617347332
105121	0.001496889602
105122	0.001179786184
105123	0.000749690134
105124	0.002998923562
105125	0.004124816631
105126	0.005604676895
105127	0.000493683704
105128	0.0007055445106
105129	0.001679049807
105130	2.976941166e-05
105131	0.002573372157
105132	0.002051483985
105133	0.0009604844973
105134	0.000624256022
105135	0.005464531006
105136	0.003827538259
105137	0.007321863479
105138	0.0007556407976
105139	0.0001319120336
105140	0.001094902317
105141	0.0004363560759
105142	0.004062133535
105143	0.003053276422
105144	0.0004135641877
105145	0.0004914002018
105146	0.0006688881422
105147	7.496250001e-05
105148	0.001460907729
105149	0.0008257462723
105150	6.04884235e-05
105151	0.001453606181
105152	0.0019962745
105153	0.0005114448358
105154	0.0002121788556
105155	0.0003767260172
105156	0.0008216583689
105157	3.240303658e-05
105158	0.001035039928
105159	0.0006873693148
105160	0.0009881008861
105161	0.0005766734365
105162	0.0009295238231
105163	8.621795797e-05
105164	0.0002115044156
105165	0.0004970863248
105166	8.637331091e-05
105167	0.001297301473
105168	0.0002780777116
105169	0.0004500377998
105170	0.0002373817209
105171	0.0004752897839
105172	0.0004005938081
105173	0.001319908068
105174	0.0003755144498
105175	0.0001972299405
105176	0.0002682263715
105177	0.001078815727
105178	0.0009518514721
105179	0.001112869944
105180	0.0001417460535
105181	8.135232913e-06
105182	0.001328135856
105183	0.001267868054
105184	9.906017403e-05
105185	0.001626500488
105186	0.0002704194723
105187	0.0005118955392
105188	0.001297319328
105189	0.0002113699407
105190	0.0004280394185
105191	0.00185241354
105192	0.001054935983
105193	0.0001239688232
105194	0.0007594352572
105195	0.0003995990393
105196	0.001074880507
105197	7.231931085e-05
105198	0.0005466337051
105199	0.0004273882852
105200	0.0003840611738
105201	0.0003313688748
105202	0.0009508319527
105203	0.0002810836214
105204	0.0009908641969
105205	0.001807797355
105206	1.869185158e-05
105207	0.0005497288681
105208	0.001194491892
105209	0.001316493897
105210	0.0006924448448
105211	0.0003950209337
105212	1.688775807e-05
105213	0.0004372808197
105214	0.0005240458027
105215	0.0009325153045
105216	0.001413003513
105217	0.002286548163
105218	0.001466160669
105219	0.001721611856
105220	0.001970770068
105221	0.0003882699616
105222	0.0001085816597
105223	0.000592508082
105224	0.0001951943659
105225	0.0002449651666
105226	0.0006168011744
105227	0.0001332759328
105228	0.0001428878439
105229	0.0001214307999
105230	0.0003967787645
105231	0.001737209614
105232	0.0006791799759
105233	0.0002079200847
105234	0.0007470785515
105235	0.000440672659
105236	0.0002798784457
105237	0.003774175704
105238	0.0008540254868
105239	0.0006316346732
105240	0.001269287804
105241	0.001036432931
105242	0.0009205606862
105243	0.0008650353267
105244	0.002504400367
105245	0.0004827851556
105246	0.001997728193
105247	0.002000853348
105248	0.001657999669
105249	0.001299436775
105250	0.0004871742627
105251	0.005338879755
105252	0.0004241477478
105253	0.002930559571
105254	0.0007710505229
105255	0.001403932828
105256	0.0007668105054
105257	0.0008697449801
105258	0.001981259752
105259	0.0006757993441
105260	0.001189678942
105261	0.0001223089074
105262	0.0008859786767
105263	0.0004951981684
105264	0.0009308351074
105265	0.001271021641
105266	0.001922280506
105267	0.001382394689
105268	6.061435467e-05
105269	0.002744151132
105270	0.002365408409
105271	0.001640019231
105272	0.001823980009
105273	6.760302221e-05
105274	0.000859486072
105275	0.001297848064
105276	0.001184429511
105277	0.0003608592041
105278	0.0003442575
105279	0.000149719316
105280	0.001488034769
105281	0.003339009957
105282	0.0009366056528
105283	0.00921963822
105284	0.00118142097
105285	0.00185970043
105286	0.002517470507
105287	0.005628709351
105288	0.002394264674
105289	0.00215594206
105290	6.85495584e-05
105291	0.002144315324
105292	0.001695899384
105293	0.0008524288548
105294	0.0006719694153
105295	8.204997675e-05
105296	0.001138821694
105297	0.002797707357
105298	0.002469216524
105299	0.002170806232
105300	0.0001317174676
105301	0.001376648611
105302	0.001017557718
105303	0.001734284741
105304	0.001631686222
105305	0.002656801161
105306	0.0003141245683
105307	0.0007657999307
105308	0.0005145922788
105309	0.004915523903
105310	0.0005132555626
105311	0.00311953023
105312	0.000602279698
105313	0.001431936062
105314	0.002004458508
105315	0.0008555666125
105316	0.003887956044
105317	0.004404552145
105318	0.001630333684
105319	0.0007172171175
105320	0.0008869767512
105321	2.857104822e-05
105322	0.001741859776
105323	0.0008348028216
105324	0.0016696558
105325	0.001109595542
105326	0.0002779242056
105327	0.002258694901
105328	0.001117410746
105329	0.003002175242
105330	0.000103846792
105331	0.001201504072
105332	0.005208275497
105333	0.002260077579
105334	0.0001842408552
105335	0.002547483184
105336	0.001117442888
105337	0.001764286647
105338	0.005281213977
105339	0.0007885006462
105340	0.001914149112
105341	0.006622400856
105342	0.000784708176
105343	0.002775936908
105344	0.0009879407749
105345	2.618273869e-05
105346	0.001672962422
105347	0.002660696653
105348	0.0005217485338
105349	0.000358808966
105350	0.001046310458
105351	0.00202398301
105352	0.0001386997311
105353	0.001499720351
105354	0.002463626946
105355	0.00153713829
105356	0.002470689688
105357	0.001229962289
105358	0.0004568295912
105359	0.002328412607
105360	0.000828290851
105361	0.001657337137
105362	0.0001172295508
105363	0.0002270238925
105364	0.001338347326
105365	0.001619847171
105366	0.0003896175898
105367	0.0005303661438
105368	0.003462214764
105369	0.000601070382
105370	0.0006752691053
105371	0.001911969905
105372	0.001464714945
105373	0.001915461033
105374	0.003322004172
105375	0.0009745213386
105376	0.002266546532
105377	0.002602877065
105378	0.000415793535
105379	0.002503067128
105380	0.002512162219
105381	0.0009658924738
105382	5.606185382e-05
105383	0.001950356475
105384	0.001695740956
105385	0.0008518224206
105386	0.001054208396
105387	0.001825448285
105388	0.002123158075
105389	0.002165307862
105390	0.0007868685639
105391	0.001723176981
105392	0.002973135779
105393	0.0002674246408
105394	0.001260802188
105395	0.001767626465
105396	0.001062183249
105397	0.0003662284351
105398	0.0001656840771
105399	0.00150711602
105400	0.002596418865
105401	1.602992637e-06
105402	0.003352958172
105403	0.002101923548
105404	0.000258014402
105405	0.002040517835
105406	0.0001041923891
105407	0.003439973291
105408	0.001662952439
105409	0.001223099567
105410	0.002807200254
105411	0.003024024486
105412	0.0003507068491
105413	0.003270183805
105414	0.0006006122707
105415	0.0004933073374
105416	0.006281430253
105417	0.002094449592
105418	0.0002895503435
105419	0.001296610867
105420	0.0002007699186
105421	0.0007183679097
105422	0.002679758632
105423	0.004118925753
105424	0.002263857981
105425	0.004114998516
105426	0.0006678130992
105427	0.0001485341887
105428	0.001417460198
105429	0.001128812614
105430	0.004078873113
105431	0.0009468046075
105432	0.006172492692
105433	0.0005891505902
105434	0.005212856186
105435	0.001419558488
105436	0.0001396230342
105437	0.0005673945613
105438	0.001541243601
105439	0.0016389097
105440	0.004436337021
105441	0.002307643908
105442	0.001254647349
105443	0.002437401489
105444	0.001102081882
105445	0.00459532377
105446	0.0002982072152
105447	0.0004292142922
105448	0.001417211815
105449	0.007052807786
105450	0.0002440500173
105451	0.001668145854
105452	0.001742214213
105453	0.003303394118
105454	0.0003389963414
105455	0.001560171558
105456	0.0008892525144
105457	0.004658552616
105458	0.0008166842015
105459	0.0001676049702
105460	0.0003706697551
105461	0.001739572801
105462	0.003832282337
105463	0.001106848732
105464	0.0001169127231
105465	0.001202707461
105466	0.00800875673
105467	0.002025945173
105468	0.005375021778
105469	0.003776802847
105470	0.001898505381
105471	0.001079539577
105472	0.0002349443911
105473	0.002591414073
105474	0.0006985137773
105475	0.0002999848587
105476	0.003020212228
105477	0.00105603
105478	0.001737578185
105479	0.0002756065585
105480	0.001182400103
105481	0.002699863661
105482	0.0002598482036
105483	0.008754377325
105484	0.001887964747
105485	0.002573245497
105486	0.003928473361
105487	0.005840150188
105488	0.002380514609
105489	0.003192812914
105490	0.0004493857948
105491	0.0007351181367
105492	0.004486846901
105493	0.001787102095
105494	0.0004401312168
105495	0.002358033487
105496	0.001007151551
105497	7.483457454e-06
105498	0.001310381001
105499	0.002138909063
105500	0.001634767682
105501	0.002913668733
105502	0.0002520588907
105503	0.00124960598
105504	0.001125459767
105505	0.001912985746
105506	0.001904584091
105507	9.690738658e-06
105508	0.0004232219998
105509	0.000215037108
105510	0.0009793976151
105511	0.002129734014
105512	0.002112143709
105513	0.002717282045
105514	0.001114237328
105515	0.002145501815
105516	0.006596487288
105517	0.002781949863
105518	0.00339095859
105519	0.0005294645859
105520	0.0006643256341
105521	0.002184548652
105522	0.002923902642
105523	0.006043770764
105524	0.0005580219742
105525	0.005837254654
105526	0.001073380098
105527	0.0001006451664
105528	0.003459519919
105529	0.00224357119
105530	0.002754567664
105531	0.0006383266199
105532	0.002427904662
105533	0.001140428738
105534	0.003824047276
105535	0.003705782442
105536	0.001186944874
105537	0.001875476906
105538	0.002358045967
105539	0.0003574915489
105540	0.001135563629
105541	0.0009043581934
105542	0.002271015307
105543	0.005480613331
105544	0.00250905367
105545	0.000302260897
105546	0.001077994046
105547	0.001575769467
105548	0.0005971920107
105549	0.002091349815
105550	0.001216686812
105551	0.004334730059
105552	0.003311513646
105553	0.005487015653
105554	4.228666272e-06
105555	0.00094439467
105556	0.001313105769
105557	0.0009802701692
105558	0.003259717856
105559	0.00348582887
105560	0.002181260793
105561	0.0003751272289
105562	0.001905431358
105563	0.001289244866
105564	0.0001580267999
105565	0.000254384999
105566	0.002331705899
105567	0.004648259279
105568	0.0004830276049
105569	0.004530329474
105570	0.0002444325157
105571	0.001874451889
105572	0.002679241816
105573	0.0003052122171
105574	2.545177486e-05
105575	0.00153406983
105576	0.0001210419474
105577	0.001506878991
105578	0.001334235865
105579	0.004065532696
105580	0.002121172815
105581	0.002651762744
105582	0.002251656288
105583	0.002516687355
105584	0.003270366803
105585	0.002437721648
105586	0.002235579352
105587	0.0001674432753
105588	0.001677120613
105589	0.001401592495
105590	0.0007403424355
105591	0.002762824961
105592	0.001549724491
105593	0.0008140578603
105594	0.0007324457658
105595	0.0003819038275
105596	0.002494698272
105597	0.003761794006
105598	0.001407360246
105599	0.0003928794981
105600	0.0001057374574
105601	0.007144067138
105602	0.0008540650073
105603	0.00190563393
105604	0.0005031225724
105605	0.0008022792842
105606	0.00038857151
105607	0.0001761253492
105608	0.002880883154
105609	0.004834266097
105610	0.004688192503
105611	0.0007482743483
105612	0.001796084052
105613	0.003949634567
105614	0.004574150748
105615	0.002698432889
105616	0.001824844876
105617	0.001225854598
105618	0.005138424488
105619	0.001598577742
105620	0.0007435877734
105621	0.005577788384
105622	0.004594965395
105623	0.001631976762
105624	5.498404138e-05
105625	0.0006489039945
105626	0.000994735912
105627	0.0004415924146
105628	0.001855233901
105629	0.006103727324
105630	0.004468951324
105631	0.001191792684
105632	0.003843741133
105633	0.001108053309
105634	6.539346591e-05
105635	0.002026802469
105636	0.0001612931271
105637	0.001668436046
105638	0.0005319866257
105639	0.00356784586
105640	0.0003648976542
105641	0.001479679242
105642	0.002167801418
105643	0.001498216167
105644	0.0001895776064
105645	0.003543159252
105646	0.0009780918606
105647	0.002522892749
105648	0.005044043012
105649	0.003086455797
105650	0.000856864632
105651	0.004482436749
105652	0.0005673000947
105653	0.0004437650355
105654	0.0003391774386
105655	0.002036943782
105656	0.0002608229344
105657	0.0001701532951
105658	0.002177782933
105659	0.0009677153012
105660	9.931253821e-05
105661	0.001528415688
105662	0.0014368784
105663	0.00317097521
105664	5.906428368e-05
105665	9.484539566e-05
105666	0.001606947827
105667	0.00125425208
105668	0.0001376989999
105669	0.0006824243702
105670	0.004794037624
105671	0.0009427186988
105672	0.0008364767291
105673	0.002096826468
105674	0.003804196339
105675	0.002687433957
105676	0.0009547987558
105677	0.0005060313995
105678	0.001972859748
105679	0.0001928855102
105680	0.002289368548
105681	0.0001577147393
105682	0.0002186845155
105683	0.003073600429
105684	0.002560467803
105685	0.001088234937
105686	0.001153101787
105687	0.0008108109624
105688	0.0002729421311
105689	0.0004409121828
105690	0.001373002552
105691	0.0008248084544
105692	0.0007296667313
105693	0.001611263151
105694	0.001534658143
105695	1.068060318e-05
105696	0.0007862857879
105697	0.001206015418
105698	0.002035353343
105699	0.0002387886517
105700	0.0006556973974
105701	0.001099234659
105702	0.001059844037
105703	0.0001124361115
105704	0.0005340907666
105705	8.903820097e-06
105706	0.001808858308
105707	0.00203640136
105708	0.002089441207
105709	0.0005308657712
105710	0.0005894461525
105711	0.00266983653
105712	0.0006214585067
105713	0.002628242024
105714	0.001004836361
105715	0.003743441039
105716	0.002749168023
105717	0.001380972292
105718	0.002282096055
105719	0.003502961884
105720	0.004838605395
105721	0.0001548017584
105722	0.0007325261799
105723	0.004767756621
105724	0.00460346416
105725	0.000397182128
105726	0.002433906084
105727	0.0007947999042
105728	0.0003616031783
105729	0.001535285546
105730	0.001896173128
105731	0.003535267057
105732	0.0002958006385
105733	0.00319077981
105734	0.002166352041
105735	0.0007007545488
105736	0.002109794083
105737	0.002846967481
105738	0.003496572963
105739	0.0004100945638
105740	0.0003723359726
105741	0.002119760961
105742	0.000256426383
105743	0.0005570488861
105744	0.001282093099
105745	0.006708017738
105746	0.003029927661
105747	0.003519889827
105748	0.005947034002
105749	0.002498930193
105750	0.005441459669
105751	0.001530902677
105752	0.0006379550774
105753	0.0008833210418
105754	0.0003483102735
105755	0.0005116139174
105756	0.002526755241
105757	0.000220471271
105758	0.002764380019
105759	0.0002787988894
105760	0.00143449496
105761	0.001171335975
105762	0.00422179635
105763	3.368279242e-08
105764	3.70452236e-08
105765	8.236495321e-08
105766	1.218954523e-07
105767	1.087673502e-07
105768	0.001008574605
105769	0.001560812757
105770	0.000745595057
105771	0.001929771635
105772	0.003305842315
105773	0.0003204624547
105774	0.0003760159369
105775	0.00243353663
105776	0.001888172577
105777	0.0006312261863
105778	0.001795461867
105779	0.0008036308371
105780	6.42143687e-05
105781	0.0007779617173
105782	0.0007466355416
105783	0.0008873161655
105784	0.002649999157
105785	0.0018485237
105786	0.0003495444341
105787	0.0006613648849
105788	0.0001152612512
105789	0.003157322642
105790	0.0008674568735
105791	0.0007973983296
105792	0.0001200467054
105793	0.0001288457382
105794	4.607591029e-05
105795	0.0008589110925
105796	0.003165383412
105797	0.0007537049606
105798	0.001650025296
105799	0.004414006059
105800	0.002105623651
105801	0.003012703144
105802	0.001582301971
105803	0.007917644474
105804	0.002312674668
105805	0.003503980915
105806	0.00496981989
105807	0.001841585579
105808	6.489323855e-06
105809	0.001262905618
105810	0.0001397478632
105811	0.001258333312
105812	0.0001189466024
105813	5.052565182e-05
105814	0.0012518043
105815	0.00023095814
105816	0.0007270609872
105817	0.0003022983627
105818	0.0002030258464
105819	0.0004993649577
105820	0.000631090945
105821	3.86688e-05
105822	0.0003826373189
105823	0.0007382272118
105824	0.005000717084
105825	0.001416832456
105826	0.001225268818
105827	0.004390081459
105828	0.003754326237
105829	0.001510089075
105830	0.0004711684287
105831	0.002712517391
105832	0.001663127852
105833	0.000363080057
105834	0.000740505572
105835	0.002135568653
105836	0.004252715625
105837	0.004387507847
105838	0.0008756508351
105839	0.001603882951
105840	0.0001205068067
105841	0.0008118931499
105842	0.0008294548168
105843	0.0007784913794
105844	0.001166144896
105845	0.004533988244
105846	0.008677711716
105847	0.001054406501
105848	0.00105823427
105849	0.00178864003
105850	0.000420904745
105851	0.0001802105253
105852	0.0006416893979
105853	0.001304928906
105854	3.113670031e-05
105855	0.0009266462197
105856	0.0003111340572
105857	0.0003358063381
105858	0.0002154441048
105859	2.055968343e-05
105860	0.0002822013942
105861	0.0003818084549
105862	0.0007069416764
105863	0.0009321011153
105864	0.0003754896704
105865	0.001691383209
105866	0.000216530588
105867	0.001028019655
105868	0.001390528381
105869	3.559799763e-05
105870	0.001743484829
105871	0.002534681118
105872	0.001051588437
105873	0.001461036017
105874	0.001945177064
105875	0.001578885538
105876	0.002535873707
105877	0.005160500626
105878	0.0003370482859
105879	0.003401237959
105880	0.004130849066
105881	0.000538097655
105882	0.0002667137056
105883	0.000133145628
105884	0.0006040350066
105885	0.002086485917
105886	0.003022710818
105887	0.001459112164
105888	0.002478613238
105889	0.006352675335
105890	0.003168879693
105891	0.000931586571
105892	0.00110569058
105893	0.0007896669744
105894	0.006618871211
105895	0.002967576396
105896	0.001144541249
105897	0.0007349154599
105898	0.0001587000194
105899	0.002904252847
105900	0.00286485137
105901	1.624927448e-05
105902	0.005559020219
105903	0.00298661118
105904	0.004522828042
105905	0.002179336681
105906	0.002264077878
105907	0.003413750802
105908	0.0006927902952
105909	0.004691380616
105910	0.002759530006
105911	0.002691512632
105912	0.007244846653
105913	0.001256116164
105914	0.002149510616
105915	0.002275584993
105916	0.001215399447
105917	0.0009713917729
105918	0.002921025633
105919	0.004287916417
105920	0.001766794007
105921	0.001840762078
105922	0.0002618438224
105923	0.001321692847
105924	0.001116434691
105925	0.001936606345
105926	0.00597421963
105927	0.001026206269
105928	0.001597140457
105929	0.002768583748
105930	0.002287518753
105931	0.0003462862219
105932	0.002605129342
105933	0.0003745959632
105934	0.00420153443
105935	0.001333516373
105936	0.001921662207
105937	0.001737494118
105938	0.0004652014871
105939	0.0004993191456
105940	0.002296698165
105941	0.002715489373
105942	0.007411023635
105943	0.005769992095
105944	3.7477021e-05
105945	0.0009613492353
105946	0.00293704063
105947	0.00592527096
105948	0.001605854135
105949	0.001046736995
105950	0.0005416777872
105951	0.001755953144
105952	0.0008587033189
105953	0.00231313027
105954	0.001313428683
105955	0.0003033000377
105956	0.001985969994
105957	0.002679498842
105958	0.002034665798
105959	0.002345782916
105960	5.897297723e-05
105961	0.00426767736
105962	0.004744337213
105963	0.00241926671
105964	0.002104896217
105965	0.00159453185
105966	0.0003989899254
105967	0.001455037997
105968	0.001946369861
105969	0.0002804139906
105970	0.001905906306
105971	0.001317209795
105972	0.002397231659
105973	0.0015623839
105974	0.003566133142
105975	0.00160749937
105976	0.001196301643
105977	0.0005753904481
105978	7.26583098e-05
105979	0.0002883567078
105980	0.002943734569
105981	0.001350595079
105982	5.076053702e-05
105983	0.003233122537
105984	0.0004972676979
105985	0.0009503932592
105986	0.000377940405
105987	0.003954464322
105988	0.000584536485
105989	0.001804232438
105990	0.0005539038204
105991	0.0007173129614
105992	0.0008335937579
105993	0.004121001463
105994	0.003792049511
105995	0.0002063325037
105996	0.001824993789
105997	0.0002009430456
105998	0.0005631832158
105999	0.004502958026
106000	0.000690463194
106001	0.001551565286
106002	0.0004531806496
106003	0.001958566137
106004	0.001520689194
106005	0.0005306834099
106006	0.0002338407935
106007	0.0005019144797
106008	0.006070434397
106009	0.0004081185632
106010	0.003834292527
106011	0.001606564598
106012	0.0005415722861
106013	0.001068231376
106014	5.727889458e-06
106015	0.003202743223
106016	0.001176476154
106017	0.001167578231
106018	0.001274612376
106019	0.002778909664
106020	0.001665661483
106021	0.00782433038
106022	0.001981152888
106023	0.003330033662
106024	0.0002189310228
106025	0.002517682778
106026	0.003641559429
106027	0.005393490761
106028	0.0004670667008
106029	0.001741722852
106030	0.003309411089
106031	0.00259699467
106032	4.150702427e-08
106033	0
106034	0.00146377392
106035	0.004014760551
106036	0.0001478586232
106037	0.001395463297
106038	0.001191843609
106039	0.001972182778
106040	0.000155049332
106041	0.001484679297
106042	0.001299963399
106043	0.0006445006283
106044	0.00165603638
106045	0.002092182571
106046	0.0003149093574
106047	0.0005907016045
106048	0.001640858099
106049	0.0009396355648
106050	0.0008848176287
106051	0.001880231995
106052	0.001446013666
106053	0.002031631362
106054	0.007811007914
106055	0.001948465763
106056	0.0003254160855
106057	0.0001056810679
106058	0.002109583075
106059	0.005987824089
106060	0.004532731418
106061	9.12905091e-05
106062	0.0005220390255
106063	0.0005942791823
106064	0.0004039222554
106065	0.0001735190595
106066	0.0001086576498
106067	9.551641569e-05
106068	0.001505692653
106069	0.0001586226102
106070	0.000207260531
106071	0.0002596219896
106072	0.004236308414
106073	0.000241197888
106074	0.00121686145
106075	0.0001578058909
106076	0.001759094368
106077	0.0002085917587
106078	0.000123083605
106079	0.0002959059989
106080	0.0009038726454
106081	0.001034772703
106082	0.001011596189
106083	0.0005721722721
106084	7.620267321e-05
106085	0.002470470266
106086	0.001806212219
106087	9.173620933e-05
106088	0.0004038291596
106089	0.0006358191707
106090	0.001661468612
106091	0.0007770694238
106092	0.0009627099702
106093	0.001012457661
106094	0.0002283040245
106095	0.001712296281
106096	0.000401828417
106097	0.00433680857
106098	0.004835885534
106099	0.002059129647
106100	0.001494040452
106101	0.0004600654398
106102	0.003139359295
106103	0.001194394869
106104	0.002943471427
106105	0.003043601371
106106	0.001187235607
106107	0.00125924099
106108	0.001458213465
106109	0.00103401525
106110	0.002565764262
106111	0.001796405606
106112	0.001060298134
106113	0.000378609241
106114	0.001564098583
106115	0.002130664978
106116	0.002618653809
106117	0.003258916829
106118	0.001146703219
106119	0.0008187285963
106120	8.64932698e-05
106121	0.0009339600499
106122	0.001081974349
106123	0.0004239372994
106124	0.0009750247207
106125	0.0008380263011
106126	0.001221141702
106127	0.001168323865
106128	0.0009749691194
106129	0.0003768421418
106130	0.0002046900897
106131	0.001514620799
106132	0.0001049043084
106133	0.001995517371
106134	0.0001030935158
106135	0.0007264121917
106136	0.001712987443
106137	0.0006169165693
106138	0.002796508408
106139	0.0008159480891
106140	0.00285853409
106141	0.0006109813037
106142	0.0008442491703
106143	0.001884391823
106144	0.0008793637713
106145	8.434564929e-05
106146	0.001899616449
106147	0.001101439142
106148	0.001494192713
106149	0.001459656051
106150	0.001248264539
106151	0.002236250733
106152	9.792774017e-05
106153	0.0002538080957
106154	0.0005087945801
106155	0.001243757419
106156	1.773746569e-07
106157	0.000791183241
106158	0.001373848506
106159	0.002959687176
106160	2.122567562e-05
106161	0.0001867262249
106162	0.0008475508318
106163	0.0009959369435
106164	0.0005547329877
106165	0.0009212309471
106166	0.001263242716
106167	0.003262682734
106168	0.0002249782383
106169	0.001928250842
106170	0.001303921604
106171	0.001011730524
106172	0.0004941041587
106173	8.464942657e-05
106174	0.0004789604059
106175	0.0004193305831
106176	0.003542881724
106177	0.0005699821618
106178	0.0002031609781
106179	0.0008220284201
106180	0.002103180257
106181	0.005405599297
106182	0.0001073976767
106183	0.0005988146962
106184	8.865566758e-05
106185	0.002255809565
106186	0.001985495368
106187	0.005054014105
106188	0.004752116367
106189	0.003095109938
106190	0.002221731469
106191	0.0009434536186
106192	0.001956648774
106193	0.001288888911
106194	0.001876100735
106195	0.002313610838
106196	5.743135061e-05
106197	0.0003883073072
106198	0.004822145471
106199	0.0008390043694
106200	0.0001505423107
106201	0.001511847602
106202	0.001878302109
106203	0.0002080321371
106204	0.002010232627
106205	0.0007876694085
106206	0.003623477712
106207	0.002578811039
106208	0.001169239079
106209	0.004857934983
106210	0.001201809262
106211	0.001047601965
106212	0.0002448388067
106213	0.001428217884
106214	0.002304164916
106215	1.143156765e-05
106216	0.003292161796
106217	0.003143940364
106218	0.0006624741598
106219	0.0006817136627
106220	0.0003234385347
106221	0.0007787965208
106222	0.003329370438
106223	0.0005598456726
106224	0.0009163661193
106225	0.0005505336389
106226	0.003075022119
106227	0.0007149404365
106228	0.0002134967056
106229	1.683647086e-06
106230	0.002057829374
106231	0.00141060361
106232	0.0007665185015
106233	0.000327776928
106234	0.001586039882
106235	4.814785667e-05
106236	0.0001290235951
106237	0.001145765184
106238	0.001680313099
106239	0.00150388427
106240	0.001132659746
106241	0.001290929898
106242	0.003825493089
106243	0.001208751985
106244	0.0003240188063
106245	0.0007609997498
106246	0.0004995467457
106247	0.005590937687
106248	0.003204603858
106249	0.000344534295
106250	0.003331247337
106251	0.003247530637
106252	0.001944311697
106253	0.003643192912
106254	0.004697474223
106255	0.001819061329
106256	0.002829271769
106257	7.050692946e-05
106258	0.00125239448
106259	0.0007331686541
106260	0.00191341968
106261	0.0002034847354
106262	0.001684207396
106263	0.0004951103338
106264	0.001949936758
106265	0.001172794583
106266	0.001084919258
106267	0.001156931066
106268	0.0009191136766
106269	0.0002541574456
106270	0.00133840522
106271	0.001318889448
106272	0.004472822746
106273	0.003379941545
106274	0.001201014692
106275	0.005611030857
106276	0.002982057439
106277	0.006387483462
106278	0.00244411882
106279	0.002505146156
106280	0.0009921491416
106281	9.210785387e-05
106282	0.01062632301
106283	0.0012003686
106284	0.006112552457
106285	0.0001761071794
106286	0.008295617736
106287	0.0004112066165
106288	0.002297430603
106289	0.000495639638
106290	0.003245703989
106291	0.001902031026
106292	0.001943852636
106293	0.001683252474
106294	0.002311027051
106295	0.0007282711394
106296	0.002439213626
106297	0.001032631225
106298	0.001728421534
106299	0.006485736804
106300	0.0007339127407
106301	0.001775673286
106302	0.0004634917405
106303	0.000823137255
106304	0.0009986349273
106305	0.0003004888164
106306	0.0002276903984
106307	0.004994003395
106308	0.0007709466003
106309	0.001506040114
106310	0.003643570963
106311	0.003504164016
106312	0.001267406884
106313	0.005748276451
106314	0.0009694588339
106315	0.004843683255
106316	0.0001115258068
106317	0.002072613657
106318	0.0006539809072
106319	0.0007286614587
106320	0.0003983548857
106321	0.004610837822
106322	0.001209956928
106323	0.000300230979
106324	0.0001679526148
106325	0.001456171759
106326	0.001442886952
106327	0.00012445954
106328	0.005329043416
106329	0.000604600028
106330	0.003009042306
106331	0.002632477869
106332	0.001945379183
106333	0.002610245832
106334	0.001155804799
106335	0.002710598085
106336	0.0005399182554
106337	0.002680770635
106338	0.001590450838
106339	0.00120382034
106340	0.0008925655537
106341	0.003364743716
106342	0.004829315755
106343	0.009678632749
106344	4.790585425e-05
106345	0.004806667407
106346	0.00407781903
106347	0.007984360051
106348	0.0009243240843
106349	0.001460292363
106350	0.0009573602303
106351	0.001781538211
106352	0.002203805299
106353	0.0004934151094
106354	0.002189206804
106355	0.006503552684
106356	0.001685040818
106357	0.0008873722988
106358	0.0006651101397
106359	0.001712946256
106360	5.618145755e-05
106361	0.0001986360232
106362	0.002607239546
106363	0.0007310055374
106364	0.006718725228
106365	0.0002517353782
106366	0.005546184647
106367	0.002180674393
106368	0.0002265344575
106369	0.000739831018
106370	0.003228506008
106371	8.21119651e-05
106372	0.003122929144
106373	0.0001446612251
106374	4.99126433e-05
106375	0.00294096924
106376	0.002158667727
106377	0.0008181318846
106378	0.00307106242
106379	0.0006224554159
106380	0.004716394718
106381	0.008048082103
106382	0.0004033274446
106383	0.003236240465
106384	0.0009598645131
106385	0.00240501305
106386	0.002143976785
106387	0.002094102774
106388	0.0008313886247
106389	0.005112609082
106390	0.0005239073182
106391	0.0003018573983
106392	0.003460308418
106393	0.0007610257336
106394	0.002059462529
106395	0.003145940664
106396	0.0006760813815
106397	0.002449046588
106398	0.0003977021641
106399	0.002202315178
106400	0.0003755614679
106401	0.002635647923
106402	0.0009326730761
106403	0.002206532848
106404	0.002104669523
106405	0.004382223633
106406	0.002464141906
106407	0.000488136835
106408	0.003692182292
106409	0.0006455908515
106410	0.003297613015
106411	0.002075325986
106412	0.001514895537
106413	0.001297889508
106414	0.001111229157
106415	0.0004892234234
106416	0.001782751503
106417	0.0001768437638
106418	0.000568184911
106419	0.0001229417168
106420	0.001218803136
106421	0.0001668201463
106422	0.0003033594224
106423	8.494152538e-05
106424	0.002323128408
106425	0.0002202385467
106426	0.0005541225281
106427	0.004994541363
106428	0.000732871775
106429	0.001365998087
106430	0.002951593307
106431	0.001247533393
106432	0.003978775941
106433	0.004202994296
106434	0.003321138653
106435	0.0005657291356
106436	0.005149571419
106437	0.0005353923443
106438	0.001060003208
106439	0.001856776467
106440	0.0009304446613
106441	0.002391343637
106442	0.001210515131
106443	9.771982613e-05
106444	0.002714665131
106445	0.002845036178
106446	0.0002407923434
106447	0.001044711045
106448	0.002496100659
106449	0.001330917944
106450	0.0004365948946
106451	0.0003577717101
106452	0.0001818403346
106453	0.001253085386
106454	0.0003742805436
106455	6.603586875e-05
106456	0.0006018648264
106457	0.000151043386
106458	0.002903927183
106459	0.000660225335
106460	0.0004790605187
106461	0.0005677958099
106462	0.001222616465
106463	0.0009000615353
106464	0.00210811898
106465	0.0007704091009
106466	0.001989977929
106467	0.00041794303
106468	0.005129696837
106469	0.0003331176974
106470	0.002763792051
106471	0.001295275976
106472	0.003164731764
106473	0.001518810563
106474	0.002609381133
106475	0.0006931351485
106476	2.229822273e-05
106477	0.004701388207
106478	0.002657394093
106479	0.001413052683
106480	0.006333273341
106481	0.003523817384
106482	0.002277717614
106483	0.001669599459
106484	0.002009073656
106485	0.0001490921656
106486	0.008024606669
106487	0.001192655052
106488	0.000343011583
106489	0.0004046563159
106490	0.001258317332
106491	0.001982974884
106492	0.008606828841
106493	0.004697460842
106494	0.008190336742
106495	0.001224354644
106496	0.004720913076
106497	0.002350869234
106498	0.003699566118
106499	0.001539511183
106500	0.0005585594009
106501	0.0007776885709
106502	0.000707580047
106503	0.00079057423
106504	0.002727451939
106505	0.001120997472
106506	0.004728625012
106507	0.0003648265971
106508	0.001075422289
106509	0.0001026964009
106510	0.00266196892
106511	0.001789800004
106512	0.004604552732
106513	0.003345013615
106514	0.00208344301
106515	0.001116487691
106516	0.004337812673
106517	0.0008996951396
106518	0.002002867736
106519	0.003791752598
106520	0.0001282869032
106521	0.0001665050675
106522	0.001264969742
106523	0.001732242686
106524	0.0003829824281
106525	0.00543801903
106526	0.002511375842
106527	0.004068115617
106528	0.003878859624
106529	0.002118071223
106530	0.005889886746
106531	0.003347625438
106532	0.001013282743
106533	0.0006186220303
106534	0.002762516038
106535	0.0005333477639
106536	0.005136039233
106537	0.01052052638
106538	0.001645902448
106539	0.00450810048
106540	0.003692357295
106541	0.00104504103
106542	0.001078780323
106543	0.003623122625
106544	0.0008749206634
106545	0.002753809767
106546	0.0002855930204
106547	0.0009841285076
106548	0.0005431344681
106549	0.002683193465
106550	0.001325555861
106551	1.94486293e-05
106552	0.001559966832
106553	0.003480749424
106554	0.002866913496
106555	0.001825530334
106556	0.001505812281
106557	8.24500224e-05
106558	0.0008379334497
106559	0.001637274755
106560	0.003422141508
106561	0.004452301971
106562	0.0004337292741
106563	0.001119675826
106564	0.0006123954128
106565	0.0001872129312
106566	0.0005393446378
106567	0.003561994125
106568	0.003650280329
106569	0.0009448158578
106570	0.002679215856
106571	0.002677410399
106572	0.003924671135
106573	0.002501067347
106574	0.003146738594
106575	0.002537706402
106576	0.0004155940672
106577	0.005001496831
106578	6.70423394e-05
106579	0.002143488324
106580	0.0005591548009
106581	0.000180811255
106582	0.0005577173923
106583	0.0008534626152
106584	0.002395437607
106585	0.002298409929
106586	0.0004459530168
106587	0.002772410272
106588	0.001377602077
106589	0.001282747367
106590	0.0009528519156
106591	0.003056238806
106592	0.003213943988
106593	0.001487070532
106594	0.003243020593
106595	0.0003844527697
106596	0.0002261961157
106597	0.002338172369
106598	0.002214766671
106599	0.00120678372
106600	0.0007545100827
106601	0.000991203099
106602	0.005930893946
106603	0.0006990926936
106604	0.0007134450677
106605	0.002725605916
106606	0.001592436702
106607	0.00161070279
106608	0.001294322952
106609	0.0005295418422
106610	0.001596358392
106611	0.0008436966585
106612	0.002082713394
106613	0.004935009991
106614	0.001799317663
106615	0.0004684193398
106616	0.002931886461
106617	0.001137481142
106618	0.001989778667
106619	0.00574220208
106620	0.003439466277
106621	0.0006481894804
106622	0.00075543057
106623	0.001066637684
106624	0.00170265931
106625	0.0004622371429
106626	0.002507058078
106627	0.0002033443936
106628	0.00118394186
106629	0.001721277336
106630	0.002489309722
106631	0.0004917367877
106632	0.003211954256
106633	0.001777099873
106634	0.0006127591793
106635	0.0001399506838
106636	0.002362827603
106637	0.003773040322
106638	0.001534163654
106639	0.002998143661
106640	0.001039100535
106641	0.002969888517
106642	0.00165202337
106643	0.003053275973
106644	0.0002706481801
106645	0.0004756394811
106646	0.003619225363
106647	3.180270424e-05
106648	0.005217325156
106649	0.002587221233
106650	0.002827933792
106651	0.0009340623667
106652	0.002909066477
106653	0.003713258466
106654	0.0002980238874
106655	0.001256357794
106656	0.00208148905
106657	0.00189051001
106658	0.001922601152
106659	0.00137558643
106660	0.001914188272
106661	0.00190054306
106662	0.002551738319
106663	0.0009608800499
106664	2.530386356e-08
106665	0.0004340402211
106666	0.00010631591
106667	7.521240064e-06
106668	0.0005553272179
106669	0.000158354116
106670	0.0006805379018
106671	0.0006719374426
106672	0.0003188439583
106673	0.0001397008631
106674	0.000117088761
106675	0.000101828076
106676	7.501808326e-05
106677	0.001277020832
106678	0.0004404934736
106679	8.819509114e-05
106680	0.0003918187636
106681	0.0001554396694
106682	0.0001556865772
106683	0.0006596239678
106684	0.0004434437682
106685	0.0005426722634
106686	0.0008075056658
106687	7.933673706e-05
106688	0.0003126705154
106689	0.0002430713271
106690	0.0008912033826
106691	0.004194897529
106692	0.001896528635
106693	0.004392587814
106694	0.000418200189
106695	0.001344746973
106696	0.003325809039
106697	2.930344961e-05
106698	0.002545785708
106699	0.0001634152356
106700	0.0009890803226
106701	0.000581856643
106702	0.0007774218718
106703	6.083541325e-05
106704	0.0001533940119
106705	0.0005868372749
106706	0.002799814651
106707	0.002188140165
106708	0.002184816442
106709	0.00712331482
106710	0.0002577185299
106711	0.001909789098
106712	8.30196999e-05
106713	0.0006054445485
106714	0.0009721687104
106715	0.0001938066573
106716	0.000945944112
106717	7.176947994e-05
106718	0.0001004916073
106719	0.006112176815
106720	0.003012118833
106721	0.001741748437
106722	0.002205317613
106723	0.0003354722851
106724	0.0002243321296
106725	0.0002904460824
106726	0.0001562064414
106727	8.378901328e-07
106728	1.725774309e-05
106729	0.0001612668935
106730	0.003892964217
106731	0.001287330062
106732	0.001208701191
106733	0.0008474094889
106734	0.004160340401
106735	0.002165623815
106736	0.005069205078
106737	0.001174012719
106738	0.003995297172
106739	0.001797147957
106740	6.732194315e-06
106741	0.007229365859
106742	0.002112972931
106743	0.003285206205
106744	0.001764543019
106745	0.0003864376723
106746	0.000708273924
106747	0.001647462505
106748	0.004055550327
106749	7.96450929e-05
106750	0.0002367281304
106751	0.0002178222792
106752	8.531180777e-05
106753	0.0001604381082
106754	0.0001587735578
106755	0.0001326425648
106756	0.0007034574404
106757	0.0003169440869
106758	0.001668039792
106759	0.002155086586
106760	0.0008935240471
106761	0.006097780057
106762	0.0002703029088
106763	0.0009861628211
106764	0.001039187821
106765	0.001538272832
106766	0.002306641775
106767	0.0007700995069
106768	0.003761575075
106769	0.001619582545
106770	9.349131447e-05
106771	0.0005384197044
106772	0.0005905209009
106773	0.003574499539
106774	0.003127285034
106775	0.002227069375
106776	0.002013084441
106777	0.0007101671522
106778	0.001201818717
106779	0.00010827249
106780	0.005983738586
106781	0.001711381763
106782	0.004099662561
106783	0.001279436996
106784	0.001420892795
106785	0.002464836574
106786	0.003623556873
106787	0.002742588071
106788	0.003759497298
106789	0.002195916904
106790	0.004883642791
106791	0.003341369897
106792	9.203263537e-05
106793	0.004069619027
106794	0.0002837256292
106795	0.003213621509
106796	0.003288414146
106797	0.003656100958
106798	0.004150722689
106799	0.001368701843
106800	0.000655695738
106801	0.002519909622
106802	0.003040557927
106803	0.004571591576
106804	0.001058990502
106805	0.00113030717
106806	0.002499840111
106807	0.0003400360243
106808	0.003651611755
106809	0.001604334861
106810	0.0008552258142
106811	0.00230244536
106812	0.0002404128903
106813	6.866596607e-05
106814	5.192738596e-05
106815	0.004137247459
106816	0.0002841399954
106817	0.0007948744638
106818	0.004020480069
106819	0.001714328081
106820	0.0006748356267
106821	0.00245583658
106822	0.00625040192
106823	0.001099846628
106824	0.0005463234271
106825	0.000715581889
106826	0.0008100671157
106827	0.002781141162
106828	0.001103454885
106829	0.0002864149755
106830	0.00547518891
106831	0.0006646696795
106832	0.000146665377
106833	0.0008539518432
106834	0.0005927155533
106835	0.0006225651748
106836	9.306510196e-05
106837	0.0003220205265
106838	0.0005469810384
106839	0.001262200592
106840	0.00038389173
106841	0.001220011824
106842	0.009616764548
106843	0.0007545290437
106844	0.001151047915
106845	0.001770859341
106846	0.001925938437
106847	0.0005227997681
106848	0.001268132545
106849	0.004371027415
106850	0.00358209874
106851	0.0005539001015
106852	0.0009209268735
106853	0.00115131366
106854	0.001821052676
106855	0.003293585054
106856	0.002138362664
106857	0.0006537316735
106858	0.0005046053108
106859	0.0006771569304
106860	0.002764997278
106861	0.001744378762
106862	1.146461042e-05
106863	0.0006303838681
106864	0.002042170816
106865	0.0005646239859
106866	0.003596186461
106867	0.001121852569
106868	0.001690671
106869	0.004918284886
106870	0.004702249975
106871	0.0008421167565
106872	0.0004364653088
106873	0.0005850165459
106874	0.005630101439
106875	0.003421347912
106876	0.0002370528117
106877	0.00203339329
106878	9.492116132e-06
106879	0.0008659860889
106880	0.0005579653354
106881	0.003628153031
106882	0.0008976188188
106883	0.0001403500942
106884	0.002399242478
106885	0.0004488434885
106886	0.0004227741769
106887	0.000630026381
106888	0.0002995456664
106889	0.0003099240206
106890	0.0003925354436
106891	0.002535010248
106892	0.000242851166
106893	0.002787707716
106894	0.001043914312
106895	0.00154531566
106896	0.001299551498
106897	0.0001121030614
106898	0.002525214528
106899	0.003352181601
106900	0.00516501398
106901	0.0006627848934
106902	0.001253060428
106903	0.0004396166269
106904	3.443265253e-06
106905	0.001771950328
106906	0.001152179536
106907	0.0004530373901
106908	0.001376251056
106909	0.001362512884
106910	0.001612784339
106911	0.002200292337
106912	0.0007513537873
106913	0.002925554622
106914	5.309170739e-05
106915	0.00201536837
106916	0.001746268445
106917	0.003626475045
106918	0.001490189591
106919	0.0004213487204
106920	0.003594740146
106921	0.003911964044
106922	0.004190810545
106923	0.001415290341
106924	0.003141752677
106925	0.009109179481
106926	0.004944840331
106927	9.45129423e-05
106928	0.006402660411
106929	0.00396877953
106930	0.003021249168
106931	0.004204482488
106932	0.001337191151
106933	0.003573269999
106934	0.004283311175
106935	0.0009745687907
106936	0.001853529151
106937	0.0003358173017
106938	0.002402723008
106939	0.0005759167724
106940	0.002674659271
106941	0.0009201933104
106942	0.004095940369
106943	0.0003181138772
106944	0.001094699996
106945	0.005674038472
106946	0.001618320001
106947	0.003159987884
106948	0.001915031865
106949	0.003784065054
106950	0.003918189238
106951	0.001154845687
106952	0.0005913732483
106953	0.003965800151
106954	8.357867011e-05
106955	0.001046591612
106956	0.0005066599801
106957	0.001263501842
106958	0.002818484672
106959	0.004480508076
106960	0.004929648131
106961	0.001089380625
106962	0.000135884759
106963	0.003139978354
106964	0.00573267535
106965	0.0004043593333
106966	0.0006995214744
106967	0.002310854683
106968	0.00148592932
106969	0.0005946938494
106970	0.001657211238
106971	0.0007741103133
106972	0.0004119500962
106973	0.000877315994
106974	0.002704787954
106975	0.001251385179
106976	0.000240732943
106977	0.0005282595008
106978	0.001344399177
106979	1.903428628e-07
106980	0.0005839827096
106981	0.001169261654
106982	0.0004513642558
106983	0.001410580197
106984	0.001442433446
106985	0.004207184064
106986	0.0002689575021
106987	0.005215990806
106988	0.003908641165
106989	0.002212090786
106990	0.0004692585909
106991	0.002411423957
106992	0.001458986765
106993	0.0002678456866
106994	0.000303424871
106995	0.002337182861
106996	0.003063169323
106997	0.0009589097571
106998	0.0003319496596
106999	0.001606150676
107000	0.002485064804
107001	0.003142033084
107002	0.0003328852989
107003	4.067781267e-05
107004	0.002404372496
107005	0.0003446701889
107006	0.007649680177
107007	0.000527667981
107008	0.001323888908
107009	0.0101746801
107010	0.0008355663256
107011	0.0009526561293
107012	0.003234150611
107013	0.00081126246
107014	0.0008563022891
107015	0.006353050135
107016	0.003965774021
107017	0.003975607335
107018	0.0002649460268
107019	0.002445348357
107020	0.0005557028537
107021	0.0008748964491
107022	0.0005256056581
107023	0.003684952181
107024	0.00326860461
107025	0.0016050839
107026	0.002444129704
107027	0.0007154357374
107028	0.003061372495
107029	0.005918099983
107030	0.002891679646
107031	0.003156996363
107032	0.0006999209531
107033	0.00106933208
107034	0.002473693786
107035	0.002013052661
107036	0.004652398296
107037	0.00303591015
107038	0.003407051136
107039	0.003809960856
107040	0.0003323455133
107041	0.004515123643
107042	0.001765124726
107043	0.001707231315
107044	0.004613885798
107045	0.0004351169345
107046	0.0006281065803
107047	0.005505780944
107048	0.001299850079
107049	0.002430414517
107050	0.003978982949
107051	0.0003606691052
107052	0.0004978661396
107053	0.001936688409
107054	0.002268870614
107055	0.001183812854
107056	0.001092736803
107057	0.001230837536
107058	0.001179259702
107059	0.001800716315
107060	0.001616436804
107061	0.0009026265831
107062	0.0005899868231
107063	0.002757793181
107064	0.004721628141
107065	0.0006737186862
107066	0.0008651636899
107067	0.00109333594
107068	0.001967325037
107069	0.002759881311
107070	0.001205116983
107071	0.0002489645154
107072	0.0008306049547
107073	0.00262807361
107074	0.005799050824
107075	0.002993394513
107076	0.001691549301
107077	0.000358708282
107078	0.0002293174974
107079	0.00530491999
107080	0.0009414375362
107081	0.0007445184359
107082	0.001783173716
107083	0.001397897055
107084	0.003543428627
107085	0.001960004198
107086	0.000637035558
107087	0.001454186309
107088	0.001108172679
107089	0.0006610477111
107090	0.003710857855
107091	0.003508522702
107092	0.000995570794
107093	0.00130935125
107094	0.000458788017
107095	0.004614679811
107096	0.00399213075
107097	0.0008626343043
107098	0.001624016966
107099	0.001296078835
107100	1.815847206e-05
107101	0.002996349669
107102	0.001333182757
107103	8.37560836e-05
107104	0.0001830488147
107105	0.0007918357813
107106	0.0001414284169
107107	0.001193578325
107108	1.71757129e-05
107109	0.0001235928408
107110	0.001208103555
107111	0.0006669797838
107112	0.0005750999173
107113	0.002710936881
107114	0.0003979563156
107115	0.004909944997
107116	0.0004736497721
107117	0.001293581204
107118	0.001482052595
107119	0.005350217441
107120	0.0005806086519
107121	0.0005781695655
107122	0.000282996186
107123	0.0002688620789
107124	0.003236923
107125	0.0004177130774
107126	0.001195592667
107127	0.00112754264
107128	0.003372882242
107129	0.0003891521045
107130	0.004106903139
107131	0.003334096687
107132	0.002411203679
107133	0.003632272298
107134	0.0005066076623
107135	0.00506706228
107136	0.004236901883
107137	0.0008171187
107138	0.001480876196
107139	0.002825498371
107140	0.0005607656887
107141	0.002214818443
107142	0.0003902303383
107143	0.003102207536
107144	0.0003429111035
107145	2.630356464e-05
107146	0.0005578074475
107147	0.002725409488
107148	0.001324163036
107149	0.00121966271
107150	0.0009681247706
107151	0.001351088096
107152	0.004983387885
107153	0.003883570928
107154	0.001142690024
107155	0.0001323465532
107156	0.001990349131
107157	0.003202496038
107158	0.001541039864
107159	2.12672641e-05
107160	0.0003984821387
107161	0.00253215373
107162	0.003128620528
107163	0.003867255797
107164	0.003115984116
107165	0.0009075856389
107166	3.435923387e-05
107167	0.0002962253861
107168	0.001153079666
107169	0.00189544662
107170	0.0006651253593
107171	0.001273775986
107172	0.0015033586
107173	0.00248878253
107174	0.0003937673729
107175	0.00204712591
107176	0.0008117517113
107177	7.669325483e-06
107178	0.0003583852601
107179	0.0008549955063
107180	0.00151583553
107181	0.00356561162
107182	0.002115125968
107183	0.0001930967313
107184	0.001436317784
107185	0.001618283159
107186	0.0001238921687
107187	0.00403340536
107188	0.001762151437
107189	0.001703261523
107190	0.0009966431664
107191	0.0002664910077
107192	0.003206018653
107193	2.029551805e-05
107194	0.001806255188
107195	0.0008752749165
107196	0.000290907832
107197	0.0004423318075
107198	0.001485033252
107199	1.708930637e-05
107200	0.002590511549
107201	0.003710331806
107202	0.0008164535336
107203	0.001002237964
107204	0.0005201880613
107205	0.0007009621201
107206	0.0003519102022
107207	0.0001679458752
107208	2.664437826e-05
107209	0.0002085946833
107210	0.0002808071731
107211	0.002683688273
107212	6.075804822e-05
107213	0.0009980070709
107214	0.0002402299952
107215	0.0004240367789
107216	0.00403200848
107217	0.001761016705
107218	0.0003318911287
107219	0.00937942288
107220	0.001954910316
107221	0.0005194050661
107222	0.004126215922
107223	0.003300558797
107224	0.0004450033118
107225	0.0002324435757
107226	0.000668700546
107227	0.001924288473
107228	0.002461826418
107229	0.001269161356
107230	0.003202837922
107231	0.00141027655
107232	0.00599566914
107233	0.0003091744368
107234	0.0001938504314
107235	0.00264993589
107236	0.0003646186028
107237	0.002543293138
107238	0.001949936695
107239	0.001758666147
107240	0.001130316338
107241	0.001383573098
107242	0.001383549285
107243	0.001128718653
107244	0.00101338655
107245	8.377452603e-06
107246	0.0001923288325
107247	3.743308632e-05
107248	0.0006689381953
107249	0.001069937736
107250	0.001054137443
107251	0.0005605269462
107252	0.0006077630259
107253	0.00134495049
107254	0.0005050597747
107255	0.001765436637
107256	0.001511901406
107257	0.00379225611
107258	0.002044571316
107259	0.001378646449
107260	0.001495119387
107261	0.001044669538
107262	0.001415294808
107263	0.0009443467996
107264	0.001149100723
107265	0.001630024696
107266	0.001600283343
107267	0.0008014360037
107268	0.0005952122566
107269	0.001029795588
107270	0.001637886465
107271	0.00142460982
107272	0.00184640559
107273	0.001251212765
107274	0.001288115662
107275	0.001311233057
107276	0.001534059396
107277	0.001016040973
107278	0.001542937383
107279	0.0016811799
107280	0.001449575614
107281	0.00161079606
107282	0.001076632945
107283	0.00215172044
107284	0.00113130898
107285	0.001853395813
107286	0.004347298035
107287	0.00113502098
107288	0.0006052739412
107289	0.0006519885407
107290	0.002545630803
107291	0.003062183749
107292	0.003470443022
107293	0.005996601209
107294	3.059764886e-05
107295	0.0002449060598
107296	0.0005244994825
107297	0.0008391017224
107298	0.0004595492103
107299	0.002576500072
107300	0.001110132663
107301	0.0001304853065
107302	0.0005578497492
107303	0.002613606696
107304	0.0007692914254
107305	0.001712870331
107306	0.001282519615
107307	0.005115426476
107308	0.004382077287
107309	0.0001907988634
107310	0.0005736318123
107311	0.0003150250265
107312	0.001427933251
107313	3.456364794e-05
107314	0.003548292329
107315	0.0001919602457
107316	0.0002579872619
107317	0.0007441311993
107318	0.000891454194
107319	0.00095562526
107320	0.0009171702688
107321	0.0006224465202
107322	0.0009449831815
107323	0.002042077636
107324	0.001255912459
107325	0.0001246172824
107326	0.001341726724
107327	0.0005086826743
107328	3.832350628e-08
107329	0.002349128015
107330	0.0008872931245
107331	0.002023060452
107332	0.002149379566
107333	0.000196587418
107334	0.002042362594
107335	0.001575339982
107336	0.001002534464
107337	0.000999613542
107338	0.0003347206786
107339	0.002153656914
107340	0.0008487304037
107341	0.002650928078
107342	0.002543245941
107343	0.002929734576
107344	0.001927868748
107345	0.002093291953
107346	0.0006221525609
107347	0.002467295431
107348	0.0008270780042
107349	0.0003808601528
107350	0.0006311851891
107351	0.00192737843
107352	0.0002344729809
107353	0.0002445573205
107354	0.001715755445
107355	0.0009612481921
107356	0.00206812754
107357	0.001927333841
107358	0.002049940566
107359	0.003090304021
107360	2.136752136e-07
107361	2.228853522e-07
107362	0.001072852196
107363	0.0001818182734
107364	0.0009118524728
107365	0.004154491017
107366	0.001641589568
107367	0.001749568329
107368	0.004011824596
107369	0.002554776931
107370	0.002356208392
107371	0.0006201071757
107372	0.0009274068378
107373	0.001842369411
107374	0.0002748267598
107375	0.001237213168
107376	0.006375685063
107377	0.003400128913
107378	0.002994124756
107379	0.0005281701842
107380	0.0002230729661
107381	0.001977081228
107382	0.00170498464
107383	0.002245557764
107384	0.0006207716293
107385	0.0006470158121
107386	0.003563458229
107387	8.365272244e-05
107388	0.005875696617
107389	0.0002812718181
107390	0.0002452004619
107391	0.003318076347
107392	0.005228744576
107393	0.0002602242235
107394	0.002394767941
107395	0.002157540106
107396	0.003961103357
107397	0.000736941934
107398	0.001004141577
107399	0.002475974495
107400	0.001690956024
107401	0.0003441668029
107402	0.002234345388
107403	0.001355645315
107404	0.001109214834
107405	0.001888401399
107406	0.001255154313
107407	0.0006524644596
107408	0.0001334803021
107409	0.0009747444527
107410	0.004402105796
107411	0.00147726241
107412	0.0012592593
107413	0.008310650924
107414	0.0001737081824
107415	0.001452498854
107416	0.000218240672
107417	0.001720326905
107418	0.0004218547037
107419	0.0004812121599
107420	0.00173580113
107421	0.001113917525
107422	0.002140703935
107423	0.001340825804
107424	0.003260873683
107425	0.0008542439175
107426	0.0009548003977
107427	0.002120946702
107428	0.00116999532
107429	0.0006814741812
107430	0.0002495782841
107431	4.957234195e-05
107432	0.0002534197263
107433	0.001926102518
107434	0.004282234089
107435	0.0001233605668
107436	0.0003127648483
107437	0.001925000137
107438	0.0002178130332
107439	0.0003013306635
107440	0.0001132026175
107441	0.002050992961
107442	0.0006545963743
107443	1.835420556e-05
107444	0.002283302009
107445	0.001512048941
107446	0.001297085382
107447	0.0001983697502
107448	0.0007576695231
107449	0.0001384732597
107450	1.345794915e-05
107451	0.000327664883
107452	0.0001807502627
107453	0.003214705324
107454	0.005876048305
107455	0.000134161649
107456	0.0003666981954
107457	0.001037829432
107458	0.0001742859513
107459	0.01081556568
107460	0.005418474181
107461	0.002273289453
107462	0.0009844443613
107463	0.0004460867829
107464	0.005374761842
107465	0.0001932807785
107466	0.0005703995526
107467	0.0002496763601
107468	0.002520118352
107469	0.0008644029972
107470	0.0005584182543
107471	0.001697323011
107472	0.006445262127
107473	0.0002825132547
107474	0.0005793766425
107475	0.000122506859
107476	0.002712708683
107477	0.0007519024798
107478	0.001601688739
107479	0.001028354889
107480	0.003883178297
107481	0.0001536683824
107482	0.002823456711
107483	0.004415845958
107484	0.001427598071
107485	0.001638431148
107486	0.000766725516
107487	0.003968197189
107488	0.001617485574
107489	0.001296987077
107490	0.0003373449939
107491	0.001099222038
107492	0.0001149763831
107493	0.0002936803505
107494	0.0008620914818
107495	0.000673853498
107496	0.000279957555
107497	0.0009217749808
107498	0.000845239204
107499	0.002315291985
107500	0.003716561163
107501	0.000943399096
107502	0.0002681326433
107503	0.001556161721
107504	0.001347030699
107505	0.001241220261
107506	0.002270946154
107507	0.003408840215
107508	0.002465570164
107509	0.005488728306
107510	0.0006867937738
107511	0.002396752784
107512	0.0009267521258
107513	0.006376731736
107514	0.001578156331
107515	0.0008907357092
107516	0.001789375993
107517	0.0004725548734
107518	0.001419928727
107519	0.003771614272
107520	0.001088015519
107521	0.0009406548786
107522	0.001363213023
107523	0.0006914303947
107524	0.0005811324154
107525	0.0007094646723
107526	0.000341056342
107527	0.000183775911
107528	0.0007656400353
107529	0.001060244735
107530	0.001860025318
107531	0.001128742917
107532	0.003894284933
107533	0.001437199404
107534	0.004402860352
107535	0.002133948401
107536	0.0008592510564
107537	0.001356702086
107538	0.001657292861
107539	0.002558711124
107540	0.002357686047
107541	0.005475299348
107542	0.0003461764376
107543	0.003348927416
107544	0.0004056947336
107545	0.0006403933303
107546	0.003109869013
107547	0.005644944208
107548	0.003806489597
107549	3.570238124e-05
107550	0.0008883843844
107551	0.003259626477
107552	0.002371390029
107553	0.001604147518
107554	0.002752764717
107555	0.002369512157
107556	0.008137714588
107557	0.002270061186
107558	0.001454407321
107559	0.000218925463
107560	0.002399707262
107561	0.001222121395
107562	0.0004293831171
107563	0.005879434641
107564	0.0009744871147
107565	0.005389833126
107566	0.0007280355729
107567	0.0006133819631
107568	0.004421117751
107569	0.0001192772009
107570	0.000934064243
107571	0.003135846205
107572	0.001394015478
107573	0.0002200955392
107574	0.002763956221
107575	0.002619266194
107576	0.003715420359
107577	0.001250947396
107578	0.0002629668513
107579	0.005756584051
107580	0.0009923325328
107581	0.001555160535
107582	0.001627714528
107583	0.0008318994796
107584	0.0002941171756
107585	0.003834549123
107586	0.002207504534
107587	0.003674101127
107588	4.917940451e-05
107589	0.00204729647
107590	0.002727643252
107591	0.0002415346711
107592	0.001213722152
107593	0.002088404362
107594	0.001849715257
107595	0.0002710476389
107596	0.003846913396
107597	0.002470078188
107598	0.0004713257436
107599	0.0003260080039
107600	5.10786084e-05
107601	0.0003567034747
107602	0.0002555367664
107603	0.001810427963
107604	0.001102367442
107605	0.0002560576524
107606	0.001369449146
107607	0.001829576984
107608	0.0005877930207
107609	0.001933507691
107610	0.001147553727
107611	1.498650132e-05
107612	0.0001686039718
107613	0.001177352408
107614	0.0008232278443
107615	0.004547669754
107616	0.001641373438
107617	0.001112086438
107618	0.005106769684
107619	0.002005976681
107620	0.003291697409
107621	0.0010133106
107622	0.006475140444
107623	0.0003029120634
107624	0.0002432640049
107625	0.001551888751
107626	0.006531522337
107627	0.006091396065
107628	0.001020473532
107629	0.003578327146
107630	0.002239457155
107631	0.007159320752
107632	0.0001660930348
107633	0.0026519523
107634	0.0002800427536
107635	0.0002519660317
107636	0.006589621984
107637	0.001336056435
107638	0.0027059529
107639	0.0004439839975
107640	8.967830968e-05
107641	0.0002300571242
107642	0.002020528941
107643	0.001730361508
107644	0.001031553877
107645	0.0002081435513
107646	0.0002207222879
107647	0.001554634417
107648	2.63797225e-05
107649	0.0005126501343
107650	5.498177904e-06
107651	0.002693689087
107652	0.001128415115
107653	0.002704530086
107654	0.00215748268
107655	0.003532711674
107656	0.00228799534
107657	0.003228718934
107658	0.004705192806
107659	0.001777018815
107660	0.0001554247085
107661	0.0005484254149
107662	0.001441142043
107663	0.0009723390998
107664	0.003991374127
107665	0.0004425903486
107666	0.0009241642063
107667	0.001835849097
107668	0.003620659184
107669	0.004465647911
107670	0.002894329988
107671	0.0001958725237
107672	0.0007538051862
107673	0.0001502382733
107674	0.0002719397919
107675	0.0004809284108
107676	0.0004949392849
107677	0.0003796066558
107678	6.140766555e-05
107679	0.0004494963231
107680	0.00011508402
107681	0.0002948295521
107682	0.0002084119534
107683	7.235782807e-05
107684	0.0001092464051
107685	0.001309470517
107686	0.002494554997
107687	0.001401723529
107688	0.007466301791
107689	0.003165487914
107690	0.003671286379
107691	5.218139386e-05
107692	0.0003236761059
107693	0.001263972634
107694	0.001900712465
107695	0.004202553694
107696	0.001875637535
107697	0.00585320484
107698	0.0006696267068
107699	9.570723268e-05
107700	0.001833480974
107701	0.002545189586
107702	0.000246933056
107703	0.002595952037
107704	0.002954470161
107705	0.0009418936812
107706	0.002614368092
107707	0.002068633562
107708	0.001716774493
107709	0.01166753195
107710	0.002683515188
107711	0.001472123611
107712	0.0005319904556
107713	1.991929957e-05
107714	0.002143325129
107715	0.0006130955381
107716	0.0001872173804
107717	0.000144214451
107718	0.0002756851573
107719	0.001423396237
107720	0.001192774426
107721	0.008261747174
107722	0.003528502791
107723	0.0007409926601
107724	0.0006310382661
107725	0.002109924759
107726	0.001380169514
107727	0.003980795452
107728	0.004665104351
107729	0.0004645757681
107730	0.0005191838123
107731	0.004723370942
107732	0.003362424363
107733	1.03466671e-05
107734	0.0008573699785
107735	0.00174951163
107736	0.001827363014
107737	0.001680353619
107738	0.000627010163
107739	0.0001501255776
107740	0.0004604413714
107741	0.001358964808
107742	0.0004494399436
107743	0.003021135264
107744	0.0002638058362
107745	0.003001153253
107746	0.001769683841
107747	0.006259256311
107748	0.002016197778
107749	0.00467114127
107750	0.001266337697
107751	0.001302310559
107752	0.002674750122
107753	0.005848446014
107754	0.0007314187271
107755	0.0008348326603
107756	0.0008403192338
107757	0.002553043522
107758	0.0006038485291
107759	0.002154184005
107760	0.00251717206
107761	0.00294657276
107762	0.002595186625
107763	0.0001636582726
107764	1.502787063e-05
107765	0.002716825391
107766	0.0001047913026
107767	0.0005822281196
107768	0.001299768103
107769	0.001197911548
107770	0.002777839937
107771	0.0007987720144
107772	0.004724544331
107773	0.003346719765
107774	0.003805236734
107775	0.001040704022
107776	0.0005048522795
107777	0.001182396991
107778	0.00107552625
107779	0.0004684818444
107780	0.006987793843
107781	0.0003349328498
107782	0.000484294742
107783	0.004212474305
107784	0.001146671963
107785	0.0004806451687
107786	0.0006161848534
107787	0.001765888804
107788	0.0001767026966
107789	0.002184314847
107790	0.00144089757
107791	4.779897024e-06
107792	0.001339303977
107793	0.001740555004
107794	0.0006797111148
107795	0.0004467374897
107796	0.003082412443
107797	0.0006704641915
107798	0.002053511676
107799	0.000814641815
107800	4.660761365e-06
107801	0.001146692018
107802	0.002498357453
107803	0.0002058462724
107804	0.004877214689
107805	0.002682981937
107806	0.006375876842
107807	0.004659548452
107808	0.0001088886729
107809	0.002754169806
107810	0.001777021881
107811	0.0007797777794
107812	0.0005192267382
107813	0.000465499909
107814	0.00200993829
107815	0.004773285453
107816	0.001702518193
107817	0.002069387245
107818	0.001912476324
107819	0.0006577650873
107820	0.001661645801
107821	0.001808213354
107822	0.002377110131
107823	0.002515762023
107824	0.002835882083
107825	0.002769121191
107826	0.004885246652
107827	0.000428033559
107828	0.002404011688
107829	0.0002103323713
107830	0.001336985099
107831	0.0005270771309
107832	0.001167940192
107833	0.001453703832
107834	0.001647850359
107835	0.0008349457047
107836	0.000753082852
107837	0.001018235713
107838	0.004402938257
107839	0.001363506455
107840	0.001454816086
107841	2.197017967e-05
107842	0.00569628372
107843	0.001216443513
107844	0.001827209033
107845	0.0001136388605
107846	0.0001446762139
107847	0.0009136230706
107848	0.0006045324621
107849	0.00086994143
107850	0.003699390509
107851	0.0001298721629
107852	0.00107616252
107853	0.001865870933
107854	0.003908333755
107855	0.000286903823
107856	0.003652715789
107857	2.552276003e-05
107858	0.0007237260497
107859	0.003983674053
107860	0.000918969893
107861	0.004894830736
107862	0.0006267763387
107863	0.001715815787
107864	0.002259026736
107865	0.001768968925
107866	0.0009483453639
107867	0.002135244618
107868	0.002737641446
107869	0.002188512667
107870	0.002513970984
107871	0.0017016879
107872	0.001555737363
107873	0.003402339341
107874	0.0007994971444
107875	0.001063691931
107876	0.002828671401
107877	0.001627910207
107878	0.00160202583
107879	0.0006265100521
107880	0.002136385629
107881	0.001594044825
107882	0.003027231485
107883	0.003029062727
107884	0.001625429246
107885	0.002035818456
107886	0.002275916125
107887	0.00132499682
107888	0.000351670316
107889	0.001868074488
107890	0.001468103161
107891	0.001241157251
107892	0.00145590105
107893	0.001011433149
107894	0.002059608609
107895	0.002542293902
107896	0.005559673477
107897	0.001496291515
107898	0.001617499708
107899	0.002178120028
107900	0.001522113409
107901	0.00134551497
107902	0.000771161314
107903	0.001036000081
107904	0.0002663366246
107905	0.001978410976
107906	0.0007835240675
107907	8.188157137e-06
107908	0.0001250507802
107909	0.000227352577
107910	0.00175806608
107911	0.002351155351
107912	0.004258662749
107913	0.002592112989
107914	0.0006209991884
107915	0.002536944477
107916	0.002337921569
107917	0.003947425484
107918	0.001635270995
107919	0.0007756796394
107920	0.001932439919
107921	0.002527965247
107922	0.0005063065942
107923	0.007782259744
107924	0.004134640602
107925	0.0005100278024
107926	0.001361572172
107927	0.002467681666
107928	0.00147167171
107929	0.0008058810725
107930	0.0001025879587
107931	0.003666033791
107932	5.866615437e-05
107933	0.001592402064
107934	0.001895428111
107935	0.0009311522566
107936	0.004330357201
107937	0.001040170645
107938	0.000356344074
107939	0.002688377361
107940	0.001304842184
107941	0.004986784333
107942	0.001073080471
107943	0.001203505666
107944	9.680630265e-05
107945	0.004019790901
107946	0.003445764567
107947	0.003675019875
107948	0.003306937908
107949	0.002361167648
107950	0.00403266935
107951	0.001314578439
107952	8.199662179e-05
107953	0.001140345354
107954	0.002148488796
107955	8.669483503e-05
107956	0.002163577162
107957	0.0005151716748
107958	0.0002861680959
107959	0.0002241334052
107960	0.001075546347
107961	0.0001696882904
107962	0.001052112149
107963	0.001787385474
107964	0.006177034441
107965	0.006371586814
107966	0.001027143501
107967	0.002613868601
107968	0.005112832362
107969	0.002694853462
107970	0.001034225713
107971	0.002689584862
107972	0.003879242954
107973	0.0003661991839
107974	0.00227653679
107975	0.0008897176455
107976	0.0007574827427
107977	0.001057233057
107978	0.0001013047099
107979	0.0007962658961
107980	0.002138908619
107981	0.002911641113
107982	0.0009588489369
107983	0.003273599976
107984	0.00571047975
107985	0.002565459574
107986	0.001709471385
107987	0.002752300295
107988	0.001493426718
107989	0.0002664056222
107990	0.001566716501
107991	0.0003881353453
107992	0.001170524591
107993	0.0002842610688
107994	0.0007857291144
107995	0.0009622509349
107996	0.0004368554548
107997	0.004159554431
107998	0.002129638588
107999	0.0007078442696
108000	0.0004933325173
108001	0.0002677973448
108002	0.002232078237
108003	0.002731650684
108004	0.0006091641389
108005	0.001908758314
108006	0.001008905271
108007	7.925580719e-06
108008	0.001595885665
108009	7.364783085e-05
108010	0.0008073903214
108011	5.428727643e-05
108012	0.00265982745
108013	0.001104326409
108014	0.0006875384618
108015	0.001054386674
108016	0.0002662235249
108017	0.0002186974183
108018	0.00324575849
108019	0.0008648075223
108020	0.0006599623325
108021	0.00719111484
108022	0.0009850777786
108023	0.001045960376
108024	0.0007393280999
108025	0.00202065225
108026	0.0003176060399
108027	0.0002440464391
108028	0.001200942283
108029	0.0001261519549
108030	0.0003171279481
108031	0.0008120065326
108032	0.0009781366254
108033	0.001935072006
108034	0.002435975026
108035	0.0009553700732
108036	0.0008770438219
108037	0.0006626915548
108038	0.006800883449
108039	0.001883103514
108040	0.0003738614993
108041	0.004222200115
108042	0.002190182068
108043	0.001159546533
108044	0.00155465551
108045	0.001570475897
108046	0.004030993729
108047	0.0001977306083
108048	0.001976744392
108049	1.966806408e-05
108050	0.002054888534
108051	0.003224570829
108052	1.902242651e-05
108053	0.001702638626
108054	0.001108500251
108055	0.002556890037
108056	0.002091969269
108057	0.001436250696
108058	0.0009676141729
108059	0.002527080204
108060	0.004569698455
108061	0.0006495680789
108062	0.005890300789
108063	0.0004141504453
108064	0.0005594779612
108065	0.0006630826038
108066	0.0008782541047
108067	0.00187467691
108068	0.004196885507
108069	0.0006460353512
108070	0.0003956478083
108071	0.0008953681319
108072	0.007104090523
108073	0.005963117404
108074	0.003683013423
108075	0.005701825732
108076	0.004023111487
108077	0.001354639399
108078	0.001426781952
108079	0.006825611647
108080	0.001066325023
108081	0.0004924696142
108082	0.001832823922
108083	0.003147112627
108084	0.00167359056
108085	0.003875761913
108086	0.001244163947
108087	0.002863065955
108088	0.002219718667
108089	0.004913893657
108090	0.002491301745
108091	0.002431279786
108092	0.0004035009288
108093	0.001838837004
108094	7.617098897e-05
108095	0.002549293083
108096	0.005436318919
108097	0.004383928969
108098	0.0006168435815
108099	3.296527553e-05
108100	0.0001450510652
108101	0.0004990845787
108102	0.005466446658
108103	0.002785713525
108104	0.00464082718
108105	0.001353886395
108106	0.002824100051
108107	0.001820198854
108108	0.0006007522082
108109	0.005999596064
108110	0.001492320585
108111	0.003249903669
108112	0.000153976386
108113	0.001368962613
108114	0.003189604049
108115	0.002586237121
108116	0.0007548071503
108117	6.145502686e-06
108118	0.00163770178
108119	0.005589078888
108120	0.003497570613
108121	0.0006399021449
108122	0.001694698621
108123	0.0001984537615
108124	0.001671891915
108125	0.0009755896875
108126	0.005163939054
108127	1.929164283e-05
108128	0.001002645593
108129	0.002002918752
108130	0.001068484252
108131	0.000642166546
108132	0.0001876037772
108133	0.0003234634522
108134	0.000749152442
108135	5.35083219e-05
108136	0.00107626178
108137	0.007468545699
108138	0.0003575617468
108139	0.001551095136
108140	0.0004730294406
108141	0.0015349749
108142	0.003388439236
108143	0.006003468529
108144	0.001163067005
108145	0.0003748079476
108146	0.001610781809
108147	0.0004372430365
108148	0.004757366825
108149	0.001431664933
108150	0.004994559803
108151	0.0002026885676
108152	0.0001323587162
108153	0.001029706292
108154	0.001426666336
108155	0.00292575326
108156	0.003225222285
108157	0.001158978024
108158	0.002764534377
108159	0.003069395345
108160	0.001286334912
108161	0.0002927752142
108162	3.444001417e-05
108163	0.002481195521
108164	0.003072328389
108165	0.003236044511
108166	0.003680484077
108167	0.007435369865
108168	0.001610571888
108169	0.003863967865
108170	0.00548880547
108171	0.002622748275
108172	0.00447216634
108173	0.003681816328
108174	0.001414716618
108175	0.0002244163519
108176	0.005043232012
108177	0.003604507299
108178	0.001572518639
108179	0.001347901312
108180	0.001984123519
108181	0.0001618636042
108182	0.002298034394
108183	0.001921539023
108184	0.007510635807
108185	0.0001517832962
108186	0.003911497522
108187	0.001628215879
108188	0.001241631108
108189	0.001547151111
108190	0.002299633417
108191	0.002325233716
108192	0.004257305332
108193	0.003202736924
108194	0.001292623582
108195	0.001014493465
108196	0.0002421304451
108197	0.003152314001
108198	0.0001527080072
108199	0.004520280631
108200	0.001540653471
108201	0.0003559873165
108202	0.000974852364
108203	0.0001748721921
108204	0.003442666266
108205	0.003096282445
108206	0.0003060086068
108207	0.008628115989
108208	0.003328997009
108209	0.002245361356
108210	0.004534160707
108211	0.001724405008
108212	0.0008896795204
108213	0.0008700539694
108214	0.002118254421
108215	0.003436137172
108216	0.0007255258059
108217	0.001618465221
108218	0.0001856377042
108219	0.002309775217
108220	0.001406971127
108221	0.00245738521
108222	0.002115325707
108223	0.003668431971
108224	0.0006185068417
108225	0.003973124103
108226	0.002677594452
108227	0.001512009829
108228	0.003640030068
108229	0.002439423925
108230	0.0005424152968
108231	0.0006839939048
108232	0.0008101568559
108233	0.001267540517
108234	0.0004810837041
108235	0.005333221371
108236	0.004591722462
108237	0.003181707799
108238	0.002803035867
108239	0.005130162005
108240	0.002046303626
108241	0.001024388556
108242	0.002404588398
108243	0.001054411929
108244	0.0001053952108
108245	0.0009996691046
108246	0.0012576516
108247	0.002875678013
108248	0.0007569562532
108249	0.0003439251902
108250	0.001533322393
108251	0.002333862715
108252	0.006366103544
108253	0.003884348811
108254	0.003798537983
108255	0.001876674949
108256	0.002993525796
108257	0.005880309922
108258	0.001028730733
108259	0.003959929748
108260	0.002471570432
108261	0.003124639177
108262	0.0007755367951
108263	0.001195525726
108264	0.003229558808
108265	0.00324111002
108266	0.002453032313
108267	0.0003907768411
108268	0.000565338936
108269	0.0002342096827
108270	0.002199329023
108271	0.0006062439723
108272	7.086804677e-05
108273	0.0001156903338
108274	0.001153808752
108275	0.0009743225159
108276	0.002439375038
108277	0.0004974057681
108278	0.0006142434781
108279	0.0004248594122
108280	0.005130815149
108281	0.0008294094762
108282	0.002393516633
108283	0.004164053696
108284	0.002293482029
108285	0.0007289670369
108286	5.41002946e-05
108287	0.00432003965
108288	0.0009035484705
108289	0.001829282993
108290	0.0001788354976
108291	0.001980049454
108292	0.002306365151
108293	0.002290072283
108294	0.001790834409
108295	0.0002969852119
108296	0.0001479126116
108297	0.0007268338612
108298	0.001712150809
108299	0.001798779163
108300	0.003412063523
108301	0.002563924604
108302	0.0008732722874
108303	0.0009646673193
108304	0.005569836647
108305	0.0012220568
108306	0.006392907215
108307	0.00337231946
108308	0.00557952275
108309	0.0007016412871
108310	0.0003484292931
108311	0.004742840203
108312	0.0007399970409
108313	0.003433596901
108314	0.004272473451
108315	0.0002087244553
108316	0.003735997189
108317	0.00112608322
108318	0.006079052311
108319	0.003439058229
108320	0.002944269269
108321	0.00253639634
108322	0.003597878854
108323	0.002349498589
108324	0.0009086611533
108325	0.001929320624
108326	0.000453186055
108327	0.002130751689
108328	0.004320748368
108329	0.006238775612
108330	0.001358491862
108331	0.003346788415
108332	0.0001211494569
108333	0.0001157615953
108334	0.004270166074
108335	0.0002749741663
108336	0.006255309237
108337	0.002756503784
108338	8.40416576e-05
108339	0.003834662976
108340	0.0005384994475
108341	0.0001826834742
108342	0.00401108499
108343	0.004294123679
108344	0.0001171991701
108345	0.001792076673
108346	0.0001626539297
108347	0.002936318949
108348	9.009691145e-05
108349	0.0009882006578
108350	0.002282460124
108351	8.979440549e-05
108352	7.519158388e-05
108353	0.000719523111
108354	0.0006253075849
108355	0.0006620898572
108356	0.00232355631
108357	0.003647808505
108358	0.00299273342
108359	0.001727143921
108360	0.001244784811
108361	0.002783899342
108362	0.003740411274
108363	0.0001778924713
108364	0.001079973869
108365	0.0007441280094
108366	0.001144579755
108367	0.003049942917
108368	0.002199156522
108369	2.445619294e-05
108370	0.0005896493907
108371	0.002514948087
108372	0.003839593279
108373	0.0008448809135
108374	0.0004687305328
108375	0.0009709418204
108376	0.0008316284417
108377	0.001222906118
108378	0.0005353202275
108379	0.000738176486
108380	0.001136935236
108381	0.001303592701
108382	0.002724855753
108383	0.0008863392048
108384	0.007831927012
108385	0.0009017138482
108386	0.007273447105
108387	0.001742952878
108388	0.003807580294
108389	0.000327055942
108390	0.001376204251
108391	0.002660480431
108392	0.0004476235142
108393	0.0006298024544
108394	0.002786016465
108395	4.541855272e-05
108396	0.001661428177
108397	0.001182810562
108398	0.003832780849
108399	0.003190681869
108400	0.004110789559
108401	0.002275246167
108402	0.00309296934
108403	0.0008573758698
108404	0.001442167369
108405	0.003758507397
108406	0.001338176037
108407	0.003127726475
108408	0.001481755302
108409	0.0003882518178
108410	0.007134114565
108411	0
108412	0.000935835389
108413	0.001748218657
108414	0.0002439178676
108415	0.003939162596
108416	0.0007648423462
108417	0.002784783838
108418	0.0008315497652
108419	3.282439453e-05
108420	0.0004673730044
108421	0.003551740693
108422	0.002393565915
108423	0.002460167213
108424	0.00446233013
108425	0.002561571123
108426	0.0005805341495
108427	0.001484300223
108428	0.001090017944
108429	0.001913639371
108430	0.003559808252
108431	0.0001663622013
108432	0.0009707176021
108433	0.001249432665
108434	0.002543385009
108435	0.003541925411
108436	0.000497077446
108437	0.0004792450491
108438	0.000392563684
108439	0.0004453225855
108440	6.59620125e-05
108441	0.0003834652144
108442	0.000532171422
108443	0.00408551137
108444	0.002022214982
108445	0.00150353373
108446	0.000196304826
108447	0.002875379088
108448	0.003610846166
108449	0.00160540219
108450	0.002228022905
108451	0.002132722779
108452	0.001164595577
108453	0.0001670575968
108454	0.002813917011
108455	0.0003674120306
108456	0.0003860589676
108457	0.002560694286
108458	0.0004419593032
108459	0.00120828576
108460	0.002423898167
108461	0.008895301134
108462	0.004145966431
108463	0.001329318854
108464	0.0005815600869
108465	0.001294166185
108466	0.005240508587
108467	0.003480778377
108468	0.008236066702
108469	0.005608027563
108470	0.000793064086
108471	0.00570966052
108472	0.003966603595
108473	0.004540725505
108474	0
108475	0.003420530227
108476	0.006544254285
108477	0.0001764622799
108478	0.0004546229925
108479	0.002068293599
108480	0.001099690902
108481	0.0008681159513
108482	0.003595433529
108483	0.0004290973671
108484	0.002598235345
108485	0.003750160405
108486	0.002228680743
108487	0.003996592535
108488	0.000140003365
108489	0.0005362189182
108490	0.003725138966
108491	0.0003898330554
108492	9.404317139e-05
108493	0.001321951763
108494	0.002915237989
108495	0.0007394788613
108496	0.004838272507
108497	0.0002949184084
108498	0.001223864981
108499	0.002089871849
108500	0.003065197011
108501	0.003786981778
108502	0.0007477695176
108503	0.0007817018367
108504	0.001510540696
108505	0.00286726929
108506	0.00276759636
108507	0.004335553583
108508	0.001105406328
108509	0.00472088221
108510	0.004307118675
108511	0.003099695058
108512	0.0006036982459
108513	7.357817999e-05
108514	0.001671772615
108515	0.004125922768
108516	0.002065201455
108517	0.0005886936779
108518	0.002211095599
108519	0.0003761671275
108520	0.002101530382
108521	0.002983066247
108522	0.002808384725
108523	0.0034648868
108524	0.002522785174
108525	0.001578874217
108526	0.00141028192
108527	0.0004086930485
108528	0.002640457173
108529	0.001054241863
108530	0.005902451384
108531	0.003954605306
108532	0.006641271569
108533	0.006751635037
108534	0.003814456018
108535	0.001016878498
108536	0.003373049304
108537	0.005840781155
108538	0.001096304041
108539	0.005014978424
108540	0.0004373665044
108541	0.003200255575
108542	0.003860920931
108543	0.0002105362605
108544	0.004537967245
108545	0.0002364751561
108546	0.003812088359
108547	0.0001786325543
108548	0.0005375904848
108549	0.003528446318
108550	0.0002491145031
108551	0.003769246337
108552	0.0002290140369
108553	0.002779763908
108554	0.0003332023952
108555	0.001406047773
108556	0.0006124141861
108557	0.01291543192
108558	0.004532570816
108559	0.0006364551411
108560	0.002298942425
108561	0.001252296082
108562	5.412079277e-05
108563	0.003191969951
108564	0.001913503849
108565	0.002178353974
108566	0.002310028499
108567	0.0003917365226
108568	0.0009335818476
108569	0.001150246535
108570	0.0005309904308
108571	0.0008108450654
108572	0.007919023684
108573	0.0007708498276
108574	0.00218703406
108575	0.004154411213
108576	0.002862334764
108577	0.001962032242
108578	0.0003075082212
108579	0.003513691746
108580	0.001369674613
108581	0.004361000342
108582	0.0009101982003
108583	0.003302503758
108584	0.0004935436452
108585	0.006283563934
108586	0.00023399176
108587	0.001795302654
108588	0.01097729351
108589	0.001248034097
108590	0.0005846204157
108591	0.002349882563
108592	0.0005498372343
108593	0.005996847632
108594	0.008053996626
108595	0.001126823478
108596	0.003688081175
108597	0.001026705734
108598	0.003534526307
108599	0.01164353988
108600	0.0004799225732
108601	0.002325081302
108602	0.003554743749
108603	0.003850834159
108604	0.004819879704
108605	0.0006431744354
108606	0.0007763984005
108607	0.004340829156
108608	0.002585848441
108609	0.007670542696
108610	0.003121532777
108611	0.005175533029
108612	0.0005312553598
108613	0.005678995771
108614	0.0006938046906
108615	0.00355392525
108616	0.0009810959223
108617	0.002507582454
108618	0.007171621388
108619	0.001389347172
108620	0.0003629140835
108621	0.004912039698
108622	0.0006084976773
108623	0.004894993369
108624	0.003689075333
108625	0.00189334162
108626	0.0003578553985
108627	0.001032881633
108628	0.002045908025
108629	0.005138075413
108630	0.002895342844
108631	0.001774367665
108632	0.004306561416
108633	0.006435909583
108634	0.002099501003
108635	0.0006010839511
108636	0.00218658965
108637	0.001081302772
108638	0.004404183572
108639	0.001072567956
108640	0.00147490586
108641	0.0007845784595
108642	0.0005348882007
108643	0.002660319639
108644	0.001873477811
108645	0.0004500478704
108646	0.002680135809
108647	0.001726046316
108648	0.0004222285355
108649	0.004459239211
108650	0.0002598339404
108651	0.001514821719
108652	0.0008134684432
108653	0.005582707007
108654	0.002543866911
108655	0.001683911888
108656	0.0006848952747
108657	0.002263720235
108658	0.001700071907
108659	0.006007609151
108660	0.0005404844148
108661	0.002785503356
108662	0.001261998278
108663	0.005005750299
108664	4.22480585e-05
108665	0.001968095605
108666	0.0005697507696
108667	0.0008124446642
108668	0.001702261304
108669	0.003313548977
108670	0.001694922531
108671	0.001966747861
108672	0.003411477868
108673	0.001748143039
108674	0.002447622813
108675	0.004658635679
108676	0.0008465814389
108677	0.0001532638953
108678	0.001158905144
108679	0.005223815358
108680	0.003429277079
108681	0.002274879601
108682	0.002398893619
108683	0.001711684993
108684	0.002308313391
108685	0.007437893941
108686	0.00164496864
108687	0.0005786486508
108688	0.002994347294
108689	0.0001784802747
108690	0.001504864337
108691	0.001163169368
108692	0.0009133299248
108693	0.0003223619655
108694	0.000229211948
108695	0.003859726908
108696	0.002468311763
108697	0.004786833957
108698	0.007510513809
108699	0.003842123692
108700	0.007318163245
108701	0.001057507247
108702	0.003359671298
108703	0.0023005829
108704	0.000254688608
108705	0.00209853735
108706	0.002592045154
108707	0.001552017973
108708	0.002549957785
108709	0.001182554006
108710	0.003665213755
108711	0.00449724753
108712	0.003630782766
108713	0.0007593857993
108714	0.001224171917
108715	0.0006120321843
108716	0.001368842718
108717	0.0007946709107
108718	0.00161474488
108719	0.001502697984
108720	0.001498144642
108721	0.00476425574
108722	0.0003814145557
108723	0.001411354326
108724	0.002802153581
108725	9.382374307e-05
108726	0.0003832641236
108727	0.001519101084
108728	0.006198836595
108729	0.003516235688
108730	0.0009381225813
108731	0.0004250131254
108732	0.0009593319242
108733	0.0003808040643
108734	0.001336806066
108735	0.0005796423018
108736	0.0002975287171
108737	0.0003879918357
108738	0.0002009166663
108739	0.003172381953
108740	0.00646752005
108741	0
108742	0.005473673208
108743	0.002665456901
108744	0.001923508593
108745	0.00586191484
108746	0.003757993622
108747	0.003839815258
108748	0.001673220751
108749	0.004224577451
108750	0.001014337197
108751	0.002959764136
108752	0.0002228646066
108753	0.002900906488
108754	0.001923475821
108755	0.000837203901
108756	0.003858852781
108757	0.001730175077
108758	0.0003168119709
108759	0.003703008249
108760	0.002436675607
108761	0.001879923615
108762	0.003910488686
108763	0.002695291897
108764	0.003593071408
108765	0.003019121586
108766	0.0008686446759
108767	8.127684069e-05
108768	0.0004324600601
108769	0.004791232043
108770	0.0008094260651
108771	0.001476097036
108772	0.005762693129
108773	0.005220859668
108774	0.004914471322
108775	0.002087470161
108776	0.003805690257
108777	0.0007010187944
108778	0.001778448702
108779	0.0005803665422
108780	0.0009316707093
108781	0.002804554637
108782	0.005063410578
108783	0.006760151952
108784	0.004638531898
108785	0.0081566288
108786	0.002307234034
108787	0.003896383606
108788	0.00111451933
108789	0.005223100264
108790	0.001292012167
108791	0.006173994973
108792	0.001449975813
108793	0.007667564672
108794	0.004424853954
108795	0.0009598114269
108796	0.00126536379
108797	0.0003429763248
108798	0.001940884682
108799	0.0006997080742
108800	0.003783836111
108801	0.0006282023496
108802	0.00586547629
108803	0.00177746282
108804	0.004501353982
108805	0.0003003723306
108806	0.004626477809
108807	0.001293304765
108808	0.003106226733
108809	0.007225920497
108810	0.0002512522404
108811	0.001312855621
108812	0.002626644
108813	0.005929272775
108814	0.0002067183286
108815	0.0005649218459
108816	0.000673473844
108817	0.002650053895
108818	0.007456444231
108819	0.003529870491
108820	0.003804852328
108821	0.004716290061
108822	0.001424126832
108823	0.004912206026
108824	0.0002993399225
108825	0.003861027929
108826	0.007226473515
108827	0.0005924375659
108828	0.002138325788
108829	0.00189826082
108830	0.003816461954
108831	0.00253224356
108832	0.0005284396731
108833	0.0008585418912
108834	0.0006090792885
108835	0.002762880288
108836	0.001544614107
108837	0.004865211903
108838	0.0009394802311
108839	0.002445125042
108840	0.0007226117148
108841	0.002708500867
108842	0.003479518643
108843	0.003134972895
108844	0.0003945235943
108845	0.009559669087
108846	0.0007680645196
108847	0.002066705482
108848	0.0003894199284
108849	0.0001245633381
108850	0.0007175417704
108851	0.0003245117609
108852	0.00225878714
108853	0.0006951610222
108854	0.003748232771
108855	0.001690535133
108856	0.002294548335
108857	0.000120048778
108858	0.0007947980624
108859	6.095161865e-05
108860	0.00630145282
108861	0.003351263296
108862	0.002121452605
108863	0.0009801539984
108864	0.002992712216
108865	0.003120109357
108866	0.0005783875533
108867	0.004919685069
108868	0.005927057426
108869	6.961465818e-05
108870	0.002940649625
108871	0.003816595024
108872	0.0003445624782
108873	0.003321954619
108874	0.001382281667
108875	0.0009095390877
108876	0.0001197421091
108877	0.0003270237934
108878	0.0008150387683
108879	0.0007798025792
108880	0.000137643486
108881	0.004705643071
108882	0.001460557654
108883	0.0004290641719
108884	0.004305618905
108885	0.002549219367
108886	0.0005138902764
108887	0.004899862384
108888	0.005547298824
108889	0.003334695081
108890	0.002456833155
108891	0.00408600718
108892	0.00327423583
108893	0.001843679894
108894	0.002860795727
108895	0.001834495471
108896	0.001192259659
108897	0.003324053265
108898	0.002486363638
108899	4.195395186e-05
108900	5.070527874e-08
108901	0.0007041175646
108902	0.00277300429
108903	0.004460812295
108904	0.003465482922
108905	0.0004062899159
108906	0.001801557596
108907	0.001050847707
108908	0.0001971962488
108909	0.0008816661783
108910	0.0007238534412
108911	0.001173980127
108912	0.002197142445
108913	0.002485221113
108914	0.00199157453
108915	0.00194602964
108916	0.002282559756
108917	0.000844555543
108918	0.0002613672753
108919	0.0002410476519
108920	5.31510301e-05
108921	0.0007612572759
108922	0.0002833465682
108923	0.0002148345364
108924	0.0006262929627
108925	0.0003524227935
108926	0.0001219021844
108927	0.0001774540628
108928	0.0006896512057
108929	0.003114648905
108930	0.00341522537
108931	0.003108003325
108932	0.0004143032742
108933	0.002276677537
108934	0.001467848405
108935	0.001889521837
108936	0.002445846498
108937	0.002223966931
108938	0.001295309289
108939	0.002971444656
108940	0.0001983958788
108941	0.001545384189
108942	0.001484476913
108943	0.006269420032
108944	0.001372628999
108945	0.003175896329
108946	0.002101053267
108947	0.001951755289
108948	0.002076770519
108949	0.002773145465
108950	0.001337725623
108951	0.004815030672
108952	0.003782030222
108953	0.00378294001
108954	0.00133794625
108955	0.001990120609
108956	0.00100508068
108957	0.001052598759
108958	0.003296473388
108959	0.002148234869
108960	0.002983539764
108961	0.0004277273463
108962	0.0002048260802
108963	0.001326549003
108964	0.0004779177971
108965	0.0009508439927
108966	0.0004535761661
108967	0.001666089428
108968	0.001784094847
108969	0.00362713931
108970	0.001257930001
108971	0.004419299499
108972	0.001410083619
108973	0.001390799528
108974	0.002091640908
108975	0.00108167504
108976	0.003651282234
108977	0.0008369462626
108978	0.003821934524
108979	0.001732079617
108980	0.006175419682
108981	0.00391328249
108982	0.002856647984
108983	0.002445139157
108984	0.001492791348
108985	0.006606737701
108986	0.0001040064213
108987	0.002883132925
108988	0.002442235387
108989	0.005019273324
108990	0.00031734139
108991	0.001162880056
108992	0.0004433457347
108993	0.002001568968
108994	0.001154696947
108995	7.583398858e-05
108996	0.001885552571
108997	0.0002319247769
108998	0.001899720862
108999	0.001845440065
109000	0.003600474236
109001	0.003651690957
109002	0.002048417215
109003	0.0009269880901
109004	0.0007044765458
109005	0.0005939804746
109006	0.003607090975
109007	0.0009443261666
109008	0.00139903078
109009	0.00252674796
109010	0.004039466706
109011	0.0009522656262
109012	0.003341348277
109013	0.002877302854
109014	0.0007286808766
109015	0.0009267342555
109016	0.001284800116
109017	0.001752899461
109018	0.00135696355
109019	0.001651173689
109020	0.001239077333
109021	0.0002292648273
109022	0.005707666262
109023	0.003090506267
109024	6.322233874e-05
109025	0.003738067396
109026	0.00260948827
109027	0.001346550831
109028	0.003405718543
109029	7.722075378e-05
109030	6.177748001e-05
109031	0.003537660068
109032	0.0004215529875
109033	0.0009295565845
109034	0.001825174812
109035	0.008499918838
109036	0.001668614645
109037	0.001611310244
109038	0.004076317876
109039	0.00311567096
109040	0.001972119985
109041	0.001881665971
109042	0.0004314380432
109043	0.0002898403002
109044	0.005415778914
109045	0.002750530131
109046	0.0001635586736
109047	0.003863355669
109048	0.005830652378
109049	8.484145234e-05
109050	0.001265871444
109051	0.001186989401
109052	0.0004815374705
109053	0.002260186766
109054	0.002503445599
109055	8.113560216e-05
109056	0.0007724607282
109057	0.0005701319703
109058	0.002514465598
109059	4.535309332e-05
109060	0.001446930043
109061	0.0006255769689
109062	0.004091600735
109063	0.003137866258
109064	0.004246480912
109065	0.0001012942562
109066	2.604214717e-05
109067	0.001753738396
109068	0.00137165293
109069	0.001125619479
109070	0.001219723763
109071	0.002208914356
109072	0.000708744207
109073	0.0001582702065
109074	0.000426178232
109075	0.001408755995
109076	0.00151220317
109077	0.002566460676
109078	0.0003915767902
109079	0.0006185073144
109080	4.301109274e-05
109081	0.0007669408362
109082	0.001986950354
109083	0.002452882788
109084	0.003205041917
109085	0.001937189462
109086	0.003247797636
109087	0.0006739411224
109088	0.0006650287421
109089	0.002145758792
109090	0.002106412878
109091	0.003986946786
109092	4.424138819e-05
109093	0.0011685256
109094	0.002816000831
109095	0.0001929862706
109096	0.002035426484
109097	0.001185093672
109098	0.0005218868981
109099	0.0008733626699
109100	0.001428450015
109101	0.001852173261
109102	0.001393397409
109103	0.008161810768
109104	0.002073722752
109105	0.0008950307038
109106	0.001325389289
109107	0.0001425846313
109108	0.003328365471
109109	0.0008923563414
109110	0.003057226592
109111	0.001185224393
109112	0.002377120964
109113	0.0002262515341
109114	0.0004757504479
109115	0.001187837314
109116	0.0004350144672
109117	0.0002012389772
109118	0.00213540138
109119	0.004555825119
109120	0.0009888574793
109121	0.0008895565079
109122	8.750390806e-05
109123	0.0004393871176
109124	0.005158675403
109125	0.002554710966
109126	0.007542098107
109127	0.001566008465
109128	0.0001404215223
109129	0.001088882158
109130	0.0008315954656
109131	8.692556454e-05
109132	0.0005461803455
109133	0.001763504847
109134	0.0002571215527
109135	0.005942474217
109136	0.006193178508
109137	0.001495840962
109138	0.002003986967
109139	0.001578281381
109140	0.003503599342
109141	0.0005039459561
109142	0.003459881406
109143	0.001338721113
109144	0.0001242601445
109145	0.002371343458
109146	0.004706566938
109147	0.001436155534
109148	0.003722115125
109149	1.803591522e-05
109150	0.0006725850207
109151	0.001711761517
109152	0.007029269415
109153	0.002530141479
109154	0.003328700606
109155	0.002635271677
109156	0.003643636828
109157	0.001922443515
109158	0.002934449753
109159	0.005447559881
109160	0.002859371156
109161	0.00112279713
109162	0.003588867777
109163	0.002671514641
109164	0.0007718406731
109165	0.0002755216519
109166	0.002028767456
109167	0.0001053873016
109168	0.002139228792
109169	0.003090454918
109170	0.002440623503
109171	0.005017519359
109172	0.0006634317895
109173	0.003216846862
109174	0.003006350385
109175	0.003004245711
109176	8.047921516e-05
109177	0.0008779802584
109178	0.0009606354056
109179	0.0004639352414
109180	0.0031260172
109181	0.003184179226
109182	0.0001578723619
109183	0.001078886337
109184	0.0003228210211
109185	0.0004567312582
109186	0.002145665626
109187	0.001088849614
109188	0.001499743571
109189	0.001240084278
109190	0.001401899708
109191	0.00394584627
109192	0.0007201196367
109193	0.001208368124
109194	0.0008173350755
109195	0.0003187053611
109196	0.003023221444
109197	0.001261136311
109198	0.0005341651206
109199	0.002094474178
109200	0.003869198071
109201	0.0004717582616
109202	0.0001275333512
109203	0.0001363835268
109204	0.0002323794717
109205	0.0002541235924
109206	0.001384326988
109207	0.0009531124062
109208	0.001377115641
109209	0.0001505887368
109210	0.0005478040149
109211	0.0002636135685
109212	0.0005636869673
109213	0.0006239458618
109214	0.0009752576816
109215	0.0004320832765
109216	0.0009568695486
109217	0.0008190377911
109218	0.00013651519
109219	0.0001076055564
109220	0.0004022371839
109221	0.0006966565851
109222	0.0009502587615
109223	0.0001758257224
109224	0.002721699119
109225	0.0002674514034
109226	0.0008259163915
109227	0.004952547854
109228	0.004442677583
109229	0.003906374987
109230	0.003072536184
109231	0.001825405
109232	0.006574222466
109233	0.001579859186
109234	0.004161321699
109235	0.0004707840897
109236	0.005785993983
109237	0.004895672625
109238	0.001063852545
109239	0.001814913396
109240	0.0006468699634
109241	0.003680604224
109242	2.077017352e-05
109243	0.0001097514883
109244	0.00352721726
109245	0.003690110237
109246	0.0005879630626
109247	0.0002517283094
109248	0.004299240357
109249	0.002459502237
109250	0.004081181363
109251	0.003641852078
109252	0.002972166813
109253	0.004229202001
109254	0.001317367309
109255	0.002270374121
109256	0.0009447825112
109257	0.003842882883
109258	0.0007142778475
109259	0.002599402391
109260	0.001490328913
109261	0.0008185935861
109262	0.002557095991
109263	0.0003445427583
109264	0.004025795424
109265	0.001883629944
109266	0.000911785295
109267	0.001182545031
109268	0.0002006800239
109269	0.0004256035022
109270	9.930469939e-05
109271	0.004187609676
109272	0.003954938657
109273	0.0003442090722
109274	0.005586099857
109275	0.001478551503
109276	0.00182846544
109277	0.0008241792704
109278	0.003461461682
109279	0.0004123491324
109280	0.001511042997
109281	0.0007687261769
109282	0.001410202421
109283	0.0007647875721
109284	0.002484156836
109285	0.004331824282
109286	0.005039572595
109287	0.001573068338
109288	0.003893152156
109289	0.003101214161
109290	0.001571690119
109291	0.004762300812
109292	0.005162038382
109293	0.0007686013056
109294	5.22398358e-05
109295	0.004123416414
109296	0.002316779546
109297	0.0002096143182
109298	0.0008033552734
109299	0.001147058963
109300	0.001841035913
109301	0.0009883521155
109302	0.0005782160467
109303	0.001287858854
109304	0.001732280013
109305	0.0008945744363
109306	0.000354779566
109307	0.001195983818
109308	0.001684592466
109309	0.001936191355
109310	0.001421267596
109311	0.0001692571812
109312	0.001206820455
109313	0.002040032689
109314	0.001526736793
109315	0.000842765894
109316	0.0008276390535
109317	0.0002095464626
109318	0.002641270793
109319	0.002495859798
109320	0.001505167996
109321	0.003346740283
109322	7.405931686e-05
109323	0.004951623565
109324	0.004147937357
109325	0.0001733817964
109326	0.001717763087
109327	0.001816158749
109328	0.0005418241581
109329	0.002324993111
109330	0.001543424754
109331	0.003807617151
109332	0.002403801437
109333	1.884633655e-05
109334	0.001159249336
109335	5.094093257e-05
109336	0.002136878255
109337	0.001201084115
109338	0.0008924137493
109339	0.001107133398
109340	0.0001939807369
109341	0.0007000101085
109342	0.002904339347
109343	0.0009888123224
109344	0.0006121713856
109345	0.003893958859
109346	0.002329014507
109347	0.004866578942
109348	0.004103118428
109349	0.001691457125
109350	0.0080731155
109351	0.002388127718
109352	0.0002718721802
109353	0.004871184072
109354	4.61247932e-05
109355	0.002398580801
109356	0.003706547633
109357	0.001019072903
109358	0.004945480683
109359	0.0007120896613
109360	0.002538540575
109361	0.002591479836
109362	0.004007024851
109363	0.0008028706761
109364	0.002078753079
109365	0.001289364856
109366	0.002331407291
109367	0.004882410648
109368	0.0008209022079
109369	0.002335678301
109370	0.001135308183
109371	0.0005390118224
109372	0.001010703871
109373	0.003560737447
109374	0.001076570946
109375	0.0001700397791
109376	0.00175073229
109377	2.299502908e-05
109378	0.0006985918687
109379	0.001268797801
109380	0.002288775233
109381	0.004492071597
109382	0.001275986643
109383	0.002147780878
109384	0.00400254957
109385	0.001049666707
109386	0.002926274619
109387	0.00339940701
109388	0.001173637504
109389	0.00321024319
109390	5.612239778e-05
109391	0.0009020628441
109392	0.001176797396
109393	0.001715963265
109394	0.0002664028621
109395	0.000759245513
109396	0.0001531241886
109397	7.886795607e-05
109398	0.002927603243
109399	0.002902764807
109400	0.0001453184273
109401	0.00162855237
109402	0.004973642515
109403	0.0002831668313
109404	0.00462818063
109405	0.001439597995
109406	0.002346391097
109407	0.00155649619
109408	0.0004991170984
109409	0.001233214337
109410	0.0008066162562
109411	0.0004706371283
109412	0.0008515021659
109413	3.920668415e-05
109414	0.001952394789
109415	0.0008344043883
109416	0.001960641942
109417	0.001320658676
109418	0.002221804337
109419	0.001684784102
109420	0.0008184969681
109421	0.003976985867
109422	1.8801487e-05
109423	0.001366834754
109424	0.002619145052
109425	0.001818367569
109426	0.003390942951
109427	0.0007249135956
109428	0.001813471566
109429	0.001979223002
109430	0.004265388652
109431	0.0006115202246
109432	0.007773322976
109433	0.0004136611579
109434	0.002389868318
109435	7.710779292e-05
109436	0.003120999605
109437	0.00362897144
109438	0.0007055636244
109439	0.002406816785
109440	0.003765431697
109441	0.004769391775
109442	0.002237423512
109443	0.0035415043
109444	0.002260999651
109445	0.001122934136
109446	0.004090946434
109447	0.006337700236
109448	0.0003349617675
109449	0.003848576336
109450	0.007505938573
109451	0.003486972134
109452	0.007726183799
109453	0.0004810357196
109454	0.001964575086
109455	0.0001027428043
109456	0.0003050080913
109457	0.004845571103
109458	0.003811669788
109459	0.003342908687
109460	0.002692681417
109461	0.0003989238023
109462	0.00313445491
109463	0.005666316353
109464	0.001970220132
109465	0.000120972065
109466	0.005386825764
109467	0.002195514212
109468	0.001718942816
109469	0.002550733532
109470	0.002228433289
109471	0.002267393
109472	0.001943260062
109473	0.0004678516373
109474	0.008570618871
109475	0.0003932053628
109476	0.001554849051
109477	0.002660585597
109478	0.001310706422
109479	0.005751751035
109480	0.001367089133
109481	0.0008936992539
109482	0.004625058847
109483	0.004620691458
109484	0.0005300017065
109485	0.002035471013
109486	0.0005343914902
109487	0.00303824726
109488	0.0001710882032
109489	0.001686357651
109490	0.0008404131887
109491	0.001205520428
109492	0.002770766093
109493	0.0001166696268
109494	9.299459287e-05
109495	0.003847409868
109496	0.002273032385
109497	0.001848192813
109498	0.004895586477
109499	0.003370071419
109500	0.001571113886
109501	0.004591542308
109502	0.003730698576
109503	0.005416849811
109504	0.0002150250196
109505	0.0009880555727
109506	0.002241787397
109507	0.002233368464
109508	0.0002692565978
109509	0.001272354347
109510	0.008712823935
109511	0.0001130591317
109512	0.001691788335
109513	0.0003153756679
109514	0.0002250831542
109515	0.001505996566
109516	0.006035965823
109517	0.0004636780463
109518	0.004607054134
109519	0.003841097031
109520	0.003438133882
109521	0.0004519048876
109522	0.0005761207068
109523	0.002633818175
109524	0.00821895825
109525	0.001007254619
109526	0.003932191348
109527	0.001394880606
109528	0.003045237665
109529	0.0001336365031
109530	0.003331479864
109531	0.0004526251191
109532	0.0006862404849
109533	0.003283954623
109534	0.000943010112
109535	0.002486847364
109536	0.003204917388
109537	0.002965725576
109538	0.003266090251
109539	0.0007084532368
109540	0.006554108566
109541	0.002992913482
109542	0.000231089
109543	0.004502202941
109544	0.004128331614
109545	0.001379707343
109546	0.005077701261
109547	0.00164090493
109548	0.004192514576
109549	0.005160067022
109550	0.002368461437
109551	0.00157861085
109552	0.001922140476
109553	0.0004602844524
109554	3.411083195e-05
109555	0.001126198109
109556	0.0001453351793
109557	0.001161654256
109558	0
109559	0.00269075383
109560	0.0004038098088
109561	0.003594554258
109562	0.001525717965
109563	0.003730704057
109564	0.0002950288914
109565	0.003039647691
109566	0.00143766472
109567	0.0002603857113
109568	0.001203118911
109569	0.003481188061
109570	0.0006539916841
109571	0.006655979018
109572	0.002875440101
109573	0.005453294834
109574	0.001122865568
109575	0.001126216227
109576	0.0007916522306
109577	0.003940032048
109578	0.001599531614
109579	0.001324268774
109580	0.0003126459153
109581	0.005842888412
109582	0.001805185983
109583	0.003918818375
109584	0.0002199142588
109585	0.002068045293
109586	0.0007133247687
109587	0.002335788683
109588	0.001401228807
109589	0.001306425764
109590	0.001828304821
109591	0.0003639712804
109592	0.0001401121995
109593	0.009164384799
109594	0.001269007744
109595	0.0006870936007
109596	0.002366058387
109597	0.00107400199
109598	0.003016161437
109599	0.0006633151728
109600	0.004398239405
109601	0.0004602601985
109602	0.0001130417117
109603	0.005497602947
109604	0.001955182237
109605	0.000731578687
109606	0.0003125684183
109607	0.002576393906
109608	0.007097517973
109609	0.001363177161
109610	0.004218435781
109611	0.002370781392
109612	0.001072693216
109613	0.002395970938
109614	0.006949257002
109615	0.004522160646
109616	0.0003171754839
109617	0.001265982433
109618	0.0001798271984
109619	0.01062243182
109620	0.0004889545662
109621	0.0001215510648
109622	0.001886692592
109623	0.001875293065
109624	0.003535817393
109625	0.002890513845
109626	0.0002169011532
109627	0.0011088072
109628	0.002910339407
109629	0.001661317566
109630	0.001327619864
109631	0.003941488652
109632	0.001096263932
109633	0.004647125214
109634	0.002619227702
109635	4.018631893e-05
109636	0.002955484924
109637	0.003527826758
109638	0.0002823619618
109639	0.002663362743
109640	0.007067488514
109641	0.001717850805
109642	0.002918606057
109643	0.01045753311
109644	0.001001988718
109645	0.002515107969
109646	0.002359838763
109647	0.001902874502
109648	0.0002898707865
109649	0.001165571236
109650	0.0006552215148
109651	0.003539331137
109652	0.0008319223517
109653	0.003973428727
109654	0.002408661269
109655	0.004633353905
109656	0.001364442215
109657	0.002092772271
109658	0.003833318337
109659	0.0001084480112
109660	0.005899253261
109661	0.002371379207
109662	0.002658856829
109663	0.001902540691
109664	0.003109223165
109665	0.003143537737
109666	0.001991861127
109667	0.0008404769543
109668	0.004895032696
109669	0.004109578019
109670	0.001661164736
109671	0.0006962403049
109672	0.001972447771
109673	0.002226071701
109674	0.0008706911716
109675	0.001709919514
109676	0.005454848085
109677	0.002800090292
109678	0.000979077885
109679	0.004958235957
109680	0.003318495982
109681	0.0009045976037
109682	5.988151782e-05
109683	4.863025619e-05
109684	0.002074116732
109685	0.0006737391442
109686	0.001341118569
109687	0.002204623057
109688	0.005571677242
109689	0.0001497772825
109690	0.001220111761
109691	0.003054204058
109692	0.001593205713
109693	0.0004831504513
109694	0.0007591382924
109695	8.072231304e-05
109696	0.0006608090685
109697	0.001997448682
109698	0.003626196527
109699	0.002278555018
109700	0.001258278573
109701	0.003127133708
109702	0.001418544135
109703	0.005106491391
109704	0.001226075832
109705	0.004465661992
109706	0.0006167876665
109707	0.0009459064519
109708	0.0005511217737
109709	0.006866473888
109710	0.00592045088
109711	0.001142358964
109712	0.001544503817
109713	0.001192789777
109714	0.001413971491
109715	0.009646014246
109716	0.001846455548
109717	0.003958720262
109718	0.0008793875478
109719	0.0008482072098
109720	0.004880024236
109721	0.001172571577
109722	0.00460636274
109723	0.001578879059
109724	0.002340642269
109725	0.0001316247615
109726	0.0004499654395
109727	0.001869059453
109728	0
109729	0.0006259893739
109730	0.001500798432
109731	0.0002797446967
109732	0.00031162498
109733	9.644162369e-05
109734	0.003673288957
109735	0.003048812219
109736	0.00409233211
109737	0.002278155374
109738	0.0006151357373
109739	0.001400628636
109740	0.001693881118
109741	0.003847133343
109742	0.000159772303
109743	0.0003377605028
109744	5.858709057e-05
109745	0.001263090208
109746	0.000199554554
109747	0.0005531769053
109748	2.18018378e-07
109749	0.0009348763764
109750	0.002047194767
109751	0.003626397899
109752	0.0002266847678
109753	0.001281164963
109754	0.001150860184
109755	0.0001478714276
109756	0.0008047704439
109757	0.001466037174
109758	0.001004718823
109759	0.0001181420019
109760	0.002261459625
109761	0.0006006315703
109762	0.001340201835
109763	0.0002455145076
109764	0.001781776665
109765	0.001368270478
109766	0.0006369891428
109767	0.001174100469
109768	0.0008180431053
109769	0.000545723374
109770	0.002070887163
109771	0.0002581540781
109772	0.0001636312889
109773	0.001629960543
109774	0.0003137670713
109775	0.002742125994
109776	0.000148044112
109777	4.111418304e-05
109778	0.001048977768
109779	0.0007159361782
109780	0.000300850133
109781	0.003010203188
109782	4.635215969e-05
109783	0.0001229598086
109784	0.0006101084595
109785	0.001760529373
109786	0.0002608349741
109787	0.0009890957583
109788	0.00102685533
109789	0.001549088802
109790	0.001163554791
109791	0.0008078369613
109792	0.0001359698626
109793	0.002091276033
109794	0.002450489816
109795	0.001036014927
109796	0.0002345794743
109797	0.0003508128276
109798	0.001517442213
109799	0.0006909129272
109800	0.00156819157
109801	0.002281230407
109802	1.945232229e-05
109803	0.0003773922812
109804	0.001108793241
109805	0.001008520948
109806	0.001162890795
109807	0.0007987638136
109808	0.001897357567
109809	0.0001481908381
109810	0.001234306393
109811	0.0006895755074
109812	0.0005912096894
109813	0.001016505595
109814	0.0006323863747
109815	0.0002160760023
109816	0.002385256121
109817	0.001408644631
109818	0.004659355052
109819	0.003602463327
109820	0.0002707950133
109821	0.002215906724
109822	0.002735533898
109823	0.00246268278
109824	0.005284348935
109825	0.002066922641
109826	0.000698582761
109827	0.001177145823
109828	0.001359643029
109829	0.0005411339138
109830	0.0002903285683
109831	0.003963185788
109832	0.002686341917
109833	0.0051198229
109834	0.001528087192
109835	0.003975020589
109836	0.004323025036
109837	0.0008681752165
109838	0.0009051497616
109839	0.00294070289
109840	0.00102002514
109841	0.003503582742
109842	0.0005420280661
109843	0.001223351286
109844	0.01003428869
109845	7.126887808e-06
109846	0.002147976832
109847	0.006185205862
109848	0.001369295915
109849	0.0005616386705
109850	0.0004339435482
109851	0.001761954076
109852	0.006849760175
109853	0.001770468866
109854	0.0009701742011
109855	0.0006481510358
109856	0.002410551508
109857	0.001345437508
109858	0.0008784042884
109859	0.001991790145
109860	0.006283107285
109861	0.0008405370548
109862	0.006793165718
109863	0.001995451725
109864	0.0009543934086
109865	0.001665703834
109866	0.006075059282
109867	0.0003710378649
109868	0.0006299971163
109869	0.001043801557
109870	0.00279414592
109871	0.001962573043
109872	0.007538372529
109873	0.006601176742
109874	0.001570757074
109875	0.002334353416
109876	3.654756391e-05
109877	0.001500777708
109878	0.00397350694
109879	0.002481490861
109880	0.003412965132
109881	0.001136825676
109882	0.0002359649541
109883	0.0007212790888
109884	0.0005185531243
109885	0.004640031725
109886	0.001199403276
109887	0.0002513653161
109888	0.0006112617738
109889	0.002004232761
109890	0.002471664239
109891	0.00314136389
109892	0.003121467688
109893	0.001423647173
109894	0.002882780588
109895	0.0007619202787
109896	0.0002560600009
109897	0.0007498681681
109898	0.002782695432
109899	0.002214980585
109900	0.0003993148584
109901	0.007039933276
109902	0.003746232327
109903	0.00166802711
109904	0.002990816112
109905	0.006343798316
109906	0.0007891246729
109907	0.001159090244
109908	0.003047683755
109909	0.001008088426
109910	0.004128021976
109911	0.004159919557
109912	0.0008458659529
109913	0.001864593431
109914	0.002067818167
109915	0.0002019696527
109916	0.00186126349
109917	0.005604271238
109918	0.0008465918473
109919	0.000537664801
109920	0.002030241441
109921	0.007373972975
109922	0.003305199611
109923	0.003295906079
109924	0.0002776521937
109925	5.546582397e-05
109926	0.001237197257
109927	0.001209734582
109928	0.0004997578576
109929	0.002751172219
109930	0.0004522181027
109931	0.0006981438777
109932	0.0002023390946
109933	0.005201045161
109934	0.001687749761
109935	0.003339961914
109936	0.003032332184
109937	0.0001567564886
109938	0.0004363379325
109939	0.003599353872
109940	0.0001280516387
109941	0.001177555764
109942	0.001503997429
109943	0.000537555887
109944	0.001150280816
109945	0.002879590537
109946	0.00408921462
109947	0.00468781463
109948	0.0024701845
109949	0.0001940413528
109950	0.005342901639
109951	0.00045382176
109952	0.000559961724
109953	0.002067379458
109954	0.004293368442
109955	0.0005051885687
109956	0.0001730747286
109957	0.00702981229
109958	0.0002187076351
109959	0.004216868465
109960	0.004178189607
109961	0.0009106464347
109962	0.001277014612
109963	6.390151623e-05
109964	0.0001979127035
109965	0.004319026315
109966	6.418043327e-05
109967	0.001414517596
109968	0.001679072592
109969	0.006339189625
109970	0.001334094612
109971	0.002446782745
109972	0.0008299124445
109973	0.003018233651
109974	0.000199198975
109975	0.001236991639
109976	0.003013614614
109977	0.0007152805556
109978	0.0003700973023
109979	0.002684071065
109980	0.0002706473537
109981	0.004796566679
109982	0.005137615573
109983	0.0009431276955
109984	0.0004379486391
109985	0.001209218643
109986	0.002301575338
109987	0.004082602841
109988	0.00276286473
109989	0.0002765221656
109990	0.002246789829
109991	0.0003012099387
109992	0.004657162545
109993	0.00106188238
109994	0.005091279822
109995	0.0006720579636
109996	0.002202612084
109997	0.003179443108
109998	0.003173367287
109999	0.002371195811
110000	0.0003667299767
110001	0.002301193306
110002	0.0008953973929
110003	0.00447812983
110004	0.002817360656
110005	0.001574960642
110006	0.0002685889285
110007	0.00188289779
110008	0.0005982576869
110009	0.003593514448
110010	4.359730883e-05
110011	0.001888550654
110012	0.003124208512
110013	0.0005896391332
110014	0.001261740456
110015	7.649678131e-05
110016	0.001233866203
110017	0.003595715553
110018	0.0006309570957
110019	0.000825356319
110020	0.002632888104
110021	0.0005742813214
110022	0.003015226351
110023	0.002032929037
110024	0.0004970646216
110025	0.001967463737
110026	0.002068629203
110027	0.00250764273
110028	0.001675776815
110029	0.001160997727
110030	0.002073824233
110031	0.002332528441
110032	0.00500118454
110033	0.005247359307
110034	0.0024307467
110035	0.002038494797
110036	0.002634388438
110037	0.001961522155
110038	0.005961431131
110039	0.001377263933
110040	0.001203683442
110041	0.002968225288
110042	0.0007562241261
110043	0.006234308095
110044	0.0003346793866
110045	0.001626553013
110046	0.0001697156633
110047	0.005799703983
110048	0.001891517659
110049	0.002598923551
110050	0.003617410259
110051	0.003449862202
110052	0.0002585995374
110053	0.001532152642
110054	0.004642508397
110055	0.006242678971
110056	0.0002512598031
110057	0.001989943868
110058	0.00467451081
110059	0.00264043932
110060	0.001574336866
110061	0.0005996644172
110062	0.00111558473
110063	0.004248453917
110064	0.002014644943
110065	0.002802493689
110066	0.001314986883
110067	0.002702272868
110068	0.004137899757
110069	0.0004280740796
110070	0.0001952823514
110071	0.005900065213
110072	0.005851565636
110073	0.000850586024
110074	0.0002733173632
110075	0.002066409544
110076	0.003483136412
110077	0.002430833609
110078	0.001541524825
110079	0.0006985029898
110080	0.004232905641
110081	0.001981613315
110082	0.0001865306902
110083	0.0005902206444
110084	0.002659105459
110085	0.0009820349184
110086	0.001018393485
110087	0.001443581482
110088	0.007445898567
110089	0.005866534427
110090	0.001484735118
110091	0.0002513653161
110092	0.00114697119
110093	0.0003223132912
110094	0.0003884429045
110095	0.0002360721903
110096	0.003702166788
110097	0.002196848337
110098	0.005575025528
110099	0.0004365081254
110100	0.00298859477
110101	0.002046504046
110102	0.00204699591
110103	0.002727512448
110104	0.002719808152
110105	0.0002794470643
110106	0.0009240462114
110107	0.001160632156
110108	0.001395052617
110109	0.0001827549363
110110	0.001434334474
110111	0.0003604608937
110112	0.001197380082
110113	0.004149477449
110114	0.005179780306
110115	0.0002988482463
110116	0.001815023648
110117	0.0006452051318
110118	0.001154699706
110119	0.002171110712
110120	0.002176633268
110121	0.0004770068567
110122	0.008188797413
110123	0
110124	0.0003668031256
110125	0.0001687350769
110126	0.001004633327
110127	0.001441042698
110128	0.001940292569
110129	0.0004596225136
110130	0.0001494351559
110131	0.005744243289
110132	0.001684312595
110133	0.002742628886
110134	0.0009293619472
110135	0.002081800641
110136	7.814669978e-06
110137	0.0001360010279
110138	0.00347014289
110139	0.001492382626
110140	0.001293916988
110141	0.0001815827548
110142	0.001940180962
110143	0.007105927574
110144	0.001274923808
110145	0.002712687811
110146	0.001515265378
110147	0.0003651467937
110148	0.0006942009171
110149	0.004946887426
110150	0.001866340022
110151	0.0006100552017
110152	0.003143826566
110153	0.001373021238
110154	0.0009880240584
110155	0.0005938626835
110156	0.0006428334909
110157	0.003515463653
110158	0.001663318646
110159	0.00231171868
110160	0.0008796182118
110161	0.0004511941296
110162	0.004253498533
110163	0.002696720888
110164	0.0009852646848
110165	0.0002448076823
110166	0.002836265175
110167	0.0006420223957
110168	0.002971777362
110169	0.008445092023
110170	0.0003166698087
110171	0.0001430679335
110172	0.003471426143
110173	0.0006117575361
110174	0.001111860015
110175	0.0006465653613
110176	0.001129324655
110177	0.0009467026684
110178	0.004755897589
110179	0.004530805308
110180	3.158430973e-06
110181	0.001227757896
110182	0.00124402445
110183	0.001434165254
110184	0.003530573207
110185	0.001329101841
110186	0.001064634508
110187	0.001527466434
110188	0.004253304614
110189	0.005997905796
110190	0.0005180011559
110191	0.005847128306
110192	0.001365765738
110193	0.0008403498205
110194	0.002187134387
110195	0.002598641503
110196	0.001160321155
110197	0.0007103272954
110198	2.668617764e-05
110199	0.005239282192
110200	0.0002928168642
110201	0.003313282261
110202	0.0004895823522
110203	0.0004238626888
110204	0.000116785656
110205	0.0005348693868
110206	0.001866337852
110207	0.0005404021108
110208	0.001088547618
110209	0.001585471105
110210	0.005076084336
110211	0.003751204913
110212	0.0001080529424
110213	0.0006321768006
110214	0.003670703541
110215	0.002765615484
110216	0.002291933726
110217	0.0007956835259
110218	0.0005667831355
110219	0.0002561997986
110220	0.001901426191
110221	0.005203481903
110222	0.002574301261
110223	0.0003072776592
110224	0.001717745571
110225	0.000306354775
110226	0.002940426096
110227	0.00107402226
110228	0.002603148071
110229	0.001388578546
110230	0.0008815391223
110231	0.002585290732
110232	0.002822499255
110233	0.001732208873
110234	0.001431721229
110235	0.009453962764
110236	0.002397905991
110237	0.0003213987176
110238	0.008030433176
110239	0.0005427098786
110240	0.0005718361771
110241	0.000942812503
110242	8.037979825e-05
110243	0.001350327036
110244	0.00195917306
110245	0.001346274888
110246	0.001476894651
110247	0.0007035068957
110248	0.0004716029281
110249	0.003563519614
110250	0.00427915839
110251	0.0008738536034
110252	0.004332973124
110253	0.001218840534
110254	0.001044044753
110255	0.004748345195
110256	0
110257	0.003522085827
110258	0.0003234371726
110259	0.002978601331
110260	0.00013709035
110261	0.001771933855
110262	0.001025464592
110263	0.0006212509149
110264	3.233244644e-05
110265	0.001168938775
110266	0.00425921615
110267	0.009250985647
110268	0.003262390261
110269	0.0008744596479
110270	0.0005283704922
110271	0.0003879234588
110272	0.001671251226
110273	0.005029219642
110274	0.0008978309616
110275	0.0002013715535
110276	0.002304012275
110277	0.003421632738
110278	0.001490676085
110279	0.005720440688
110280	0.0009509625179
110281	0.001465080722
110282	0.003816638567
110283	0.0005128663113
110284	0.002068485819
110285	0.0008517433706
110286	0.003867693529
110287	2.494807486e-05
110288	0.0009405068125
110289	0.0002156291593
110290	0.002230578226
110291	0.002693373216
110292	0.005461859445
110293	0.00143557761
110294	0.0001902206524
110295	0.001421272724
110296	0.0004072169779
110297	0.003865411924
110298	0.0006235446785
110299	0.004308204401
110300	0.003036587765
110301	0.002443946087
110302	0.003454178289
110303	0.003113104147
110304	0.002519524727
110305	0.0009718064697
110306	0.0001217623203
110307	0.005605120625
110308	0.00444263856
110309	0.002003901516
110310	0.003323708886
110311	0.001709547244
110312	0.001431392451
110313	0.0002109748105
110314	7.137424508e-05
110315	0.005645337674
110316	0.0005094104458
110317	0.002363034948
110318	0.002368850182
110319	0.0004747445181
110320	0.0004601496569
110321	0.0001451098517
110322	0.0006202978507
110323	0.001004876314
110324	0.00357692243
110325	0.0007575037885
110326	0.001650395288
110327	0.001918215842
110328	0.008919803583
110329	9.8777437e-05
110330	0.0003708582241
110331	0.0004129504913
110332	0.0009951598937
110333	0.0004527601255
110334	0.0008024917569
110335	0.001395493058
110336	0.0009206681951
110337	0.001300099964
110338	0.006120240555
110339	0.0005854105031
110340	0.005405751213
110341	0.005497057438
110342	0.0008215705657
110343	0.003308102843
110344	1.559049362e-05
110345	0.003923240184
110346	0.001472505887
110347	0.00351006289
110348	0.0001502058717
110349	2.129206193e-05
110350	0.0004418036174
110351	0.0001100576127
110352	0.0004893212072
110353	0.001811084139
110354	0.0008937004455
110355	0.002279733664
110356	0.0006966202061
110357	0.003966513136
110358	0.001493059845
110359	0.006124922295
110360	0.001189022373
110361	0.001058120019
110362	0.002692872072
110363	0.006221545637
110364	0.007138970137
110365	0.001568030208
110366	0.002518297468
110367	0.006764813346
110368	0.001625641631
110369	0.0008813426178
110370	0.002030623553
110371	0.0009731585078
110372	0.001187208738
110373	0.0007673054728
110374	0.0002227000343
110375	0.000143618148
110376	0.0005002041932
110377	0.004841295033
110378	0.003943671871
110379	0.0007792062007
110380	0.0003486342103
110381	0.001845807648
110382	0.001706223215
110383	0.0005879520126
110384	0.004635616962
110385	2.921623695e-05
110386	0.003380259095
110387	0.002133514696
110388	0.004435689272
110389	0.0005524498306
110390	0.0001683839488
110391	0.002189605075
110392	0.005559894461
110393	0.003686350326
110394	0.0005560142596
110395	0.003040876746
110396	0.002138683731
110397	0.003622500391
110398	0.002603328973
110399	0.001299496679
110400	0.0003914349361
110401	0.0007139595271
110402	0.001853808296
110403	0.00239183284
110404	0.002917284484
110405	5.95680142e-06
110406	0.003121729101
110407	0.00205727827
110408	0.002798707495
110409	0.0001931517809
110410	0.001862391859
110411	0.0004316070165
110412	0.0001754256115
110413	0.000794507031
110414	0.002514386002
110415	0.0007933005454
110416	0.001166078981
110417	0.0009445713453
110418	0.004374776746
110419	0.002770095125
110420	0.003522840456
110421	0.005731377149
110422	0.002605935536
110423	0.008915321612
110424	0.000942444522
110425	0.001556821061
110426	0.0009330419856
110427	0.000800643526
110428	0.004718708075
110429	0.000544413086
110430	0.002294136137
110431	0.002918588569
110432	0.003160394009
110433	0.0003572888752
110434	0.002700407267
110435	0.005775166262
110436	0.001695772293
110437	0.0005028189523
110438	0.002847124075
110439	0.0001740195162
110440	0.002854750893
110441	0.0002378153327
110442	0.003641768019
110443	0.001096681414
110444	0.0003781852159
110445	0.006129231122
110446	0.004404889583
110447	0.001018261573
110448	0.002283900454
110449	0.0009019618793
110450	0.008180414519
110451	0.00278485017
110452	5.350181287e-06
110453	3.376704646e-05
110454	0.0002035665224
110455	0.0003934034094
110456	0.005984201334
110457	0.0005457230639
110458	0.0004804530554
110459	0.0002318376169
110460	0.00312137799
110461	0.003153652559
110462	0.0008047747486
110463	0.002520372088
110464	0.0003426172543
110465	0.001306687066
110466	0.0008512357827
110467	0.0001280897991
110468	0.0001017348457
110469	0.002370344591
110470	0.003227050977
110471	0.001635638766
110472	2.538862046e-05
110473	0.0009199461488
110474	1.434642676e-05
110475	0.0009755381969
110476	0.004877085452
110477	0.0006734295822
110478	0.003524417432
110479	0.0002128665717
110480	0.003381962932
110481	0.002357302997
110482	0.001564207052
110483	0.0003200001812
110484	0.001611902548
110485	0.0004599079407
110486	0.001994986367
110487	0.0002744785841
110488	0.0005514134887
110489	0.000906667751
110490	0.0006953211277
110491	0.001428740962
110492	0.003741964407
110493	0.002278579049
110494	0.0009136212479
110495	0.000483868988
110496	0.001902530357
110497	0.0001677638255
110498	0.0002440409765
110499	0.002362399136
110500	4.502111997e-05
110501	0.002617626395
110502	0.0003605297845
110503	0.004161368827
110504	0.00179291724
110505	0.0007222821413
110506	0.003532312433
110507	0.0007731084492
110508	0.002115817239
110509	0.000121704129
110510	0.001302675487
110511	0.0005742197236
110512	0.001381219343
110513	0.0007898802513
110514	0.0009781309625
110515	0.0027252272
110516	0.0001490930752
110517	0.001892053745
110518	0.0003154851179
110519	0.0006578165517
110520	0.0008806158739
110521	0.00304177456
110522	0.004269125834
110523	0.002541528819
110524	0.0009929838233
110525	0.0005927587768
110526	0.0003884807238
110527	0.003002867253
110528	0.0004628754658
110529	0.0018761213
110530	0.00393830534
110531	0.0007472805277
110532	0.0005666006348
110533	0.002867645732
110534	0.0003393132051
110535	0.003240937649
110536	0.004601804152
110537	0.0002658591548
110538	0.002927537392
110539	0.0008984650591
110540	0.004338504421
110541	0.003366856374
110542	0.001011134981
110543	0.0008285468332
110544	0.002735233733
110545	0.0005273442031
110546	0.0005772883605
110547	0.002452162411
110548	0.00361262975
110549	0.001349571085
110550	0.001524952971
110551	0.0003366818165
110552	0.003328637305
110553	0.0001367536916
110554	0.001317102852
110555	0.0003825694769
110556	0.0009426024178
110557	0.001662699943
110558	0.0005412939775
110559	0.0003246122971
110560	0.003672113246
110561	0.001827730677
110562	0.0001561657277
110563	0.003033300121
110564	0.00249053397
110565	0.001049581241
110566	0.0007157816963
110567	0.002989090712
110568	0.001612150464
110569	0.002104019066
110570	0.0007952602441
110571	0.004848744344
110572	0.001523578666
110573	0.00182266167
110574	0.002997060004
110575	0.00220612551
110576	0.0007275946409
110577	0.002697779558
110578	0.0003775456424
110579	0.0009143148177
110580	0.0005980141392
110581	0.00325154982
110582	0.006000653758
110583	0.0003139273735
110584	0.001079831612
110585	0.0008335335228
110586	0.001087456439
110587	0.00850381159
110588	0.003415492616
110589	0.001640063505
110590	7.626736763e-05
110591	0
110592	0.0002524659199
110593	0.002008999702
110594	0.002481266297
110595	0.001835344625
110596	0.001947235584
110597	0.0007117920156
110598	0.0005841621875
110599	0.0004952776689
110600	0.002826353582
110601	0.004122320228
110602	0.003980794844
110603	0.0002128755152
110604	0.005151962695
110605	0.003462644358
110606	0.003333017619
110607	0.001223461709
110608	0.001150803482
110609	3.71064487e-05
110610	0.002222534319
110611	0.0002139450388
110612	0.000927648021
110613	0.0006821786279
110614	0.000381659594
110615	0.001182166722
110616	0.000217475309
110617	0.001486880334
110618	0.0004178518021
110619	0.003561631037
110620	0.003200479979
110621	0.001028156927
110622	0.0003208615977
110623	0.001437828773
110624	0.0001309879832
110625	0.002273164347
110626	0.002599648798
110627	0.005792784984
110628	0.001225577582
110629	0.002003622966
110630	0.001089534011
110631	0.0007650622407
110632	0.0007888314221
110633	0.0009793644235
110634	0.001522151192
110635	0.001978425147
110636	0.001227026267
110637	0.0002081336214
110638	0.0005947218368
110639	0.001134288896
110640	0.001144631157
110641	0.003221750308
110642	0.001746457234
110643	0.001268830045
110644	0.003174282114
110645	0.005089505561
110646	1.351614387e-05
110647	0.002755791276
110648	0.001344726128
110649	0.002099659588
110650	0.0007735856611
110651	0.002119178334
110652	0.002574879097
110653	0.003359627861
110654	0.003240435254
110655	0.001736733539
110656	0.000823258298
110657	0.003015167623
110658	0.0006516506181
110659	0.0006648644756
110660	0.002588965238
110661	0.0008836097721
110662	0.001255206685
110663	0.0003438573581
110664	0.001882976049
110665	0.002658293956
110666	0.0004561092656
110667	0.0002341831492
110668	0.001233316191
110669	0.004938307462
110670	0.001853151401
110671	6.392825444e-05
110672	0.004553457225
110673	0.001542894878
110674	0.005727688858
110675	0.0005869215306
110676	0.001158285362
110677	0.01114594992
110678	0.001605560575
110679	0.007437353543
110680	0.001969908374
110681	0.003512056038
110682	0.0003048349799
110683	0.0002000958329
110684	0.00489955905
110685	0.001760582763
110686	0.0002679749499
110687	0.001178919186
110688	3.715413998e-05
110689	0.0009786900423
110690	0.002359367586
110691	0.001398775038
110692	0.001536643132
110693	0.0002429419004
110694	0.001754251457
110695	0.008720993042
110696	0.002282732169
110697	0.002253527046
110698	0.001864166033
110699	0.0001920574542
110700	0.00268979259
110701	0.001237159381
110702	0.002269556635
110703	0.008498731724
110704	0.002471999062
110705	0.0004390436555
110706	0.0007470325995
110707	0.000463515228
110708	0.002158180346
110709	0.0001853441512
110710	0.001458846493
110711	0.000394905
110712	0.004926275926
110713	0.002604480197
110714	0.0005400005916
110715	0.0006182082556
110716	0.004386622201
110717	0.001018086683
110718	0.00289775089
110719	0.0004763639676
110720	0.0005016776915
110721	0.001054328292
110722	0.005314850132
110723	0.001107063193
110724	0.001388383753
110725	0.001466845148
110726	0.005171139791
110727	5.025405302e-06
110728	0.002986071329
110729	0
110730	0.0002554326768
110731	7.129329447e-08
110732	0.001321659694
110733	0.001374172432
110734	0.006236233198
110735	0.001272725264
110736	0.001517733448
110737	0.0002683028801
110738	0.003461178148
110739	0.0003858592874
110740	0.002453705034
110741	0.000547986439
110742	0.001654267305
110743	0.0006464080835
110744	0.0001486499162
110745	0.002940591173
110746	0.001355021048
110747	0.000584482402
110748	0.001673809516
110749	0.00601058407
110750	0.002493426502
110751	0.001447812321
110752	0.00309003905
110753	0.0009962466454
110754	0.003600558261
110755	0.0048826192
110756	0.0007193696273
110757	0.001863613268
110758	0.005497335613
110759	0.004325963451
110760	0.004951613143
110761	0.00258369674
110762	0.0008790781816
110763	0.0001609593289
110764	0.0001512715699
110765	0.001697242705
110766	0.001539395608
110767	0.0008308361773
110768	3.544673176e-05
110769	0.001115378633
110770	0.003271956053
110771	0.0009832684819
110772	0.002185972392
110773	0.0005716083637
110774	0.0006541259434
110775	0.0001920827432
110776	0.001070722531
110777	0.003124184694
110778	0.001961766896
110779	0.003274120823
110780	0.002716487771
110781	0.003942956259
110782	0.001736249296
110783	0.003386668597
110784	0.00308616979
110785	0.0007200904031
110786	0.003626507091
110787	0.002246387017
110788	0.0006268574694
110789	0.00186594592
110790	9.251545056e-05
110791	0.006006126931
110792	0.0008850437766
110793	0.003085738668
110794	0.001651101215
110795	0.0001857684447
110796	0.006221221543
110797	0.0002868250122
110798	0.003766650398
110799	0.003080223755
110800	0.008314035133
110801	0.0002646954325
110802	0.00325344763
110803	0.001438930897
110804	0.0001773097821
110805	0.002065095793
110806	0.001526881774
110807	0.001021842652
110808	0.001112371131
110809	0.002024342251
110810	0.001352822159
110811	0.002089037819
110812	0.002396151642
110813	0.001401381925
110814	0.002019782249
110815	0.0002203570621
110816	0.001650869583
110817	0.006252921561
110818	0.00140978919
110819	0.005093581335
110820	0.0008654172382
110821	0.000605521031
110822	0.005379440928
110823	0.0003767247994
110824	9.025735791e-05
110825	0.003413311728
110826	0.001725947653
110827	0.0007242773488
110828	0.003031523819
110829	0.002344601627
110830	0.002807009923
110831	0.001564481182
110832	0.0003587650553
110833	0.001419061549
110834	0.0002686817558
110835	0.0001808692072
110836	0.002110128
110837	0.001935249376
110838	0.002135400917
110839	0.001148394244
110840	0.0006010774771
110841	0.004826000573
110842	0.002531134282
110843	0.001306383205
110844	0.004455788559
110845	0.0004096335279
110846	0.0001929995963
110847	0.0007153932362
110848	0.001266329748
110849	0.003162294942
110850	0.000388422611
110851	0.0005228656878
110852	0.000273093777
110853	0.001699416185
110854	0.004357508702
110855	0.0009638322418
110856	0.005579124081
110857	0.005988204361
110858	0.003829599463
110859	0.003874520946
110860	0.0002798646874
110861	0.001770043731
110862	7.269026339e-05
110863	0.0002346641656
110864	0.001971125144
110865	0.002296236185
110866	0.007905463321
110867	0.001207214164
110868	0.003196633649
110869	0.0008679056234
110870	0.006060754698
110871	0.004440940469
110872	0.0003606381856
110873	0.003115823188
110874	0.005564902507
110875	0.001408050138
110876	0.0007540959653
110877	0.003688294911
110878	0.0007150520756
110879	0.0031676015
110880	0.002994752762
110881	0.0003160069834
110882	0.0008240702236
110883	0.001564293139
110884	0.002479213573
110885	0.0005277513311
110886	0.002398812224
110887	0.001690411339
110888	0.002677761955
110889	0.0006185113322
110890	0.005249859637
110891	0.0003377557203
110892	0.003720252105
110893	0.001436629548
110894	0.002974985605
110895	0.0001393310517
110896	0.0003476653025
110897	0.004499800515
110898	0.00335804414
110899	8.556175905e-05
110900	0.006533617505
110901	0.001798029164
110902	0.009286855771
110903	0.006335621055
110904	0.00366468792
110905	0.0007877485234
110906	0.001116183211
110907	0.001734665837
110908	0.0007578569322
110909	0.001272697943
110910	0.00434919229
110911	0.00401402907
110912	0.0003930045483
110913	0.001104409818
110914	0.001663329879
110915	0.0009440982411
110916	0.001511308061
110917	0.001641666418
110918	4.46142232e-05
110919	0.004001431189
110920	0.006895077869
110921	0.002294511778
110922	0.001737974623
110923	0.003652288609
110924	0.002493403859
110925	0.002330673169
110926	4.611891279e-05
110927	0.00097853378
110928	0.002026441764
110929	0.00355114179
110930	0.001611332433
110931	0.0009690615804
110932	0.001585974699
110933	8.489617975e-05
110934	0.001032420214
110935	0.000603302023
110936	0.0005241118257
110937	0.002334673312
110938	0.0005685896974
110939	0.002086114144
110940	0.003956574499
110941	5.674142507e-05
110942	0.0008623035599
110943	0.001663341694
110944	0.003291896376
110945	0.001227678419
110946	8.440633823e-05
110947	0.0007843369004
110948	0.002838376927
110949	0.001230514727
110950	0.002113298356
110951	0.0006341677072
110952	0.008645473332
110953	0.005571743573
110954	0.00141508371
110955	0.004039167146
110956	0.001154335315
110957	0.0006910041439
110958	0.000831078115
110959	0.001183754403
110960	0.001481702225
110961	0.003998480346
110962	0.001896904508
110963	0.000198343801
110964	0.001258149129
110965	0.001830263603
110966	0.002498393096
110967	9.836230014e-05
110968	0.0001519934359
110969	0.001254560091
110970	0.0001130223459
110971	0.0002398108743
110972	0.0002131346027
110973	0.0005195402949
110974	0.006097346294
110975	0.002339589048
110976	0.00158054926
110977	0.0009383680463
110978	0.000993523524
110979	0.001196254103
110980	0.002457629772
110981	0.001784408523
110982	0.001513906113
110983	0.0001054092028
110984	0.002054418221
110985	0.005121810903
110986	0.0002933183668
110987	0.001218270983
110988	0.001166324733
110989	0.001270459255
110990	0.002643208789
110991	0.001728768482
110992	0.001636221617
110993	0.0002235558969
110994	0.001459826334
110995	0.003796502939
110996	0.003213736826
110997	0.003273203073
110998	0.001711226686
110999	0.001511051959
111000	0.00262368013
111001	0.004391393295
111002	0.002732096759
111003	0.0007654488565
111004	0.001326235358
111005	0.0004939498982
111006	0.002400716128
111007	0.0005672977202
111008	1.91522025e-05
111009	0.0007943036196
111010	0.0007255969889
111011	0.002303417017
111012	0.0008034318241
111013	0.001060758033
111014	0.001879403882
111015	0.001510119585
111016	0.001003055412
111017	0.000630068954
111018	0.001358211564
111019	0.000542229645
111020	0.001064631975
111021	0.000363508411
111022	0.001234134149
111023	0.001148356634
111024	0.0002527845714
111025	0.004754229742
111026	0.00269437553
111027	0.0003528985553
111028	0.0005870783805
111029	0.002488410396
111030	0.0006710124932
111031	0.003573932386
111032	0.0005738717783
111033	0.0005461842593
111034	0.001823142417
111035	0.003408083387
111036	0.003673623986
111037	0.0009667547225
111038	0.003539012279
111039	0.0003115670366
111040	0.006218944173
111041	0.0006909213778
111042	8.522973446e-06
111043	0.003929857817
111044	0.006129175399
111045	0.001286996858
111046	0.006133524268
111047	0.0003036577537
111048	0.000420846172
111049	0.003213590144
111050	0.003038311824
111051	0.001912007708
111052	0.0006499350687
111053	0.003853805525
111054	0.003118123773
111055	0.0003205747966
111056	0.001080217363
111057	0.0008252114164
111058	0.001101981778
111059	0.004176079504
111060	0.001160042673
111061	0.0002138346794
111062	0.002372599956
111063	0.004166869107
111064	0.005403177336
111065	0.003121067404
111066	0.00379215028
111067	0.003060545011
111068	0.003592688608
111069	0.0002254695091
111070	0.00179632128
111071	0.004248537124
111072	0.001838733467
111073	0.003275835284
111074	0.0002278195614
111075	0.004281647987
111076	0.0009432292969
111077	0.006450307754
111078	0.001561115392
111079	0.003377825807
111080	0.004399905023
111081	0.006166761862
111082	0.003101643293
111083	0.007507827954
111084	0.0008409754662
111085	4.214773816e-05
111086	0.004556031676
111087	0.001837813219
111088	0.0006500811565
111089	0.006282156284
111090	1.815869888e-05
111091	0.0007853069539
111092	0.0004504619657
111093	0.0001839460118
111094	0.004054785988
111095	0.0002716696876
111096	0.0003322752919
111097	0.002133791031
111098	0.0003978318782
111099	0.003121176535
111100	0.0005302900622
111101	0.001503859784
111102	0.0004806325743
111103	0.001780773495
111104	0.002668695746
111105	0.001666605641
111106	0.001124869673
111107	0.0004820571513
111108	0.0004096679022
111109	0.0007819244052
111110	0.0007935801611
111111	0.001649933774
111112	0.0007049407063
111113	0.000893143517
111114	0.001432420109
111115	0.002670175235
111116	0.002784833708
111117	0.0004108585182
111118	0.001638204064
111119	0.002110286167
111120	0.002701297824
111121	0.0001204484569
111122	0.0002162070832
111123	0.004220078337
111124	0.001186732972
111125	0.002349879982
111126	0.001487844676
111127	0.001941163454
111128	0.001031852398
111129	0.004030849318
111130	0.006170635593
111131	0.00344066145
111132	0.001962072677
111133	0.00484796007
111134	0.001897740306
111135	0.002646537083
111136	0.003954353908
111137	0.0007714313769
111138	0.001330211126
111139	0.001099145009
111140	0.0003495087621
111141	0.0005708809309
111142	0.003476734854
111143	0.001590559089
111144	0.002970926763
111145	5.600869047e-05
111146	0.001407604363
111147	0.004411703806
111148	0.004445038088
111149	0.00134811174
111150	0.0002776876698
111151	0.003302936826
111152	0.004295344927
111153	0.001664402964
111154	0.003727931101
111155	0.0007088266646
111156	0.0001675995911
111157	0.001614684393
111158	0.002643508175
111159	0.001747800728
111160	3.115762775e-05
111161	0.0003345108731
111162	0.0004782372445
111163	0.0006881482705
111164	0.000396792392
111165	0.001040249838
111166	0.003310229236
111167	0
111168	8.290182088e-05
111169	0.001088354412
111170	0.001023964204
111171	0.003050348628
111172	0.0001100796424
111173	0.0004089186057
111174	0.0009982025175
111175	0.00375162097
111176	0.001841091547
111177	0.001205137315
111178	0.001526560819
111179	0.001708432051
111180	0.001881224533
111181	0.001532008772
111182	0.0004123945553
111183	0.002258917045
111184	0.003528228552
111185	0.0005307111608
111186	0.006654465205
111187	0.0004812488236
111188	0.002725102744
111189	8.247483563e-05
111190	0.0009563451812
111191	0.001482017082
111192	0.0009321450954
111193	0.002179229361
111194	0.003116176454
111195	0.00179015365
111196	0.002838710462
111197	8.400755291e-05
111198	7.607349813e-05
111199	0.001090723324
111200	0.001786834299
111201	0.004053939124
111202	0.0007928471192
111203	0.0006943488571
111204	0.0001381112009
111205	0.00224901084
111206	0.004991470615
111207	0.0002517195278
111208	0.001667777194
111209	0.003118849929
111210	1.671492523e-06
111211	0.003769817256
111212	0.004410141028
111213	0.002330190091
111214	0.003502735276
111215	1.677869678e-05
111216	0.001883317485
111217	0.001393713679
111218	0.001433780514
111219	0.004815174081
111220	0.004254113786
111221	0.001285897465
111222	0.004273593344
111223	0.00520200855
111224	0.00601418787
111225	0.004590064225
111226	0.0001674658584
111227	0.001448325124
111228	0.005236582526
111229	0.005158887867
111230	2.024875827e-05
111231	0.00459514559
111232	0.004039395998
111233	0.001053446299
111234	0.006429654958
111235	0.005063605987
111236	0.003324961972
111237	0.0008950262304
111238	0.002789446858
111239	0.001344611289
111240	0.001631511068
111241	0.0005884858666
111242	2.218785336e-05
111243	0.0006259797323
111244	0.004237725725
111245	0.0003538682078
111246	0.001940146915
111247	1.343067674e-07
111248	0.0004947386316
111249	0.0003821497183
111250	0.000119723494
111251	0.001789969311
111252	0.0009259482636
111253	0.002917347243
111254	0.0004656142555
111255	0.0002177458149
111256	0.0007025856931
111257	0.003024716281
111258	0.0003058859813
111259	0.0005963828812
111260	0.003885714706
111261	0.002608028689
111262	0.002466288826
111263	0.0008596982659
111264	0.00172390006
111265	0.001539474198
111266	0.001976579714
111267	0.00328230515
111268	0.002413615178
111269	0.0009997275393
111270	0.0004796344893
111271	0.000216219405
111272	0.000633505503
111273	0.001081104933
111274	0.0002385543332
111275	0.001659179343
111276	0.002266634291
111277	0.002844797442
111278	1.400393053e-05
111279	0.0006734237049
111280	0.000266332937
111281	0.00206623306
111282	0.0003838724943
111283	0.006597654049
111284	0.002016508076
111285	0.001093662241
111286	0.002667019305
111287	0.0005155637949
111288	0.0005080119619
111289	0.0006473322089
111290	0.004326740521
111291	0.000257852405
111292	0.002912043258
111293	0.002424503479
111294	4.995607463e-05
111295	0.0002981922699
111296	0.002053748575
111297	0.004718558093
111298	0.002468771672
111299	0.004603173594
111300	0.004753332178
111301	0.004701281319
111302	0.000204223803
111303	0.001408762841
111304	0.001131119384
111305	0.004089655955
111306	0.002218171685
111307	0.004786373866
111308	0.004827171143
111309	0.001131351754
111310	0.001326775351
111311	0.002608221263
111312	0.003232627686
111313	0.004672629038
111314	0.00256095652
111315	0.002634036174
111316	0.001568546569
111317	0.003936260514
111318	0.002052370482
111319	0.0007995771372
111320	0.002342305627
111321	0.003776554286
111322	0.003975809594
111323	0.002602684192
111324	0.002197686741
111325	0.00221159409
111326	0.002025516059
111327	0.002601064497
111328	0.002883679333
111329	0.004734408183
111330	0.0008126744246
111331	0.002484581491
111332	0.003654982401
111333	0.002141220368
111334	0.001498159522
111335	0.001604563179
111336	0.004246071319
111337	0.005696756222
111338	0.001539051241
111339	0.001489562547
111340	0.002773441942
111341	0.003060787495
111342	0.002793233554
111343	0.003958494241
111344	0.0004659914831
111345	0.004742088386
111346	0.0002950288988
111347	0.002574067857
111348	0.002802915334
111349	0.003696466105
111350	0.002004208677
111351	0.005573140331
111352	0.0003871252563
111353	0.004700520718
111354	0.002393367593
111355	0.003755848926
111356	0.0001548552373
111357	0.003845022737
111358	0.003878216249
111359	0.001235935101
111360	0.004791087913
111361	0.001075441999
111362	0.001648581714
111363	0.0001252715519
111364	0.0001394365423
111365	0.002778848447
111366	0.0003208383354
111367	0.0004578222126
111368	0.0001874267019
111369	0.001053638934
111370	0.007114875932
111371	0.001053483277
111372	0.0004216631716
111373	6.796270903e-05
111374	0.002306877816
111375	0.002767667872
111376	0.003931260259
111377	9.526454914e-05
111378	0.0001858213549
111379	0.0008235252278
111380	0.0007932738516
111381	0.006110903804
111382	0.0028140307
111383	0.005584833876
111384	0.002048542232
111385	0.002298935898
111386	0.003237754399
111387	0.002381129201
111388	0.005891754848
111389	0.002426675725
111390	0.000673856614
111391	0.0004364542274
111392	0.002811823103
111393	0.004518123566
111394	0.003175467643
111395	0.0008312563606
111396	0.004591779169
111397	0.001301699
111398	4.667122303e-05
111399	0.0004180351119
111400	0.0007223355241
111401	0.00339171312
111402	0.001278822294
111403	0.001947338531
111404	0.002629420828
111405	0.006264546743
111406	0.005226184792
111407	0.00424301748
111408	0.006393307746
111409	0.002142436554
111410	0.002285609234
111411	0.003339300715
111412	0.001883425232
111413	0.001304532283
111414	0.004667892662
111415	0.007965346129
111416	0.001903300765
111417	0.002874253843
111418	0.004759148139
111419	0.001920807172
111420	0.004130062091
111421	0.003288053393
111422	0.002799755732
111423	0.001343995435
111424	0.002699084491
111425	0.004571169583
111426	0.006913552065
111427	0.001040810435
111428	0.0007727848555
111429	0.001848300489
111430	0.001222251465
111431	0.00315027501
111432	0.004752982786
111433	0.002647507571
111434	0.001197505244
111435	0.002481978941
111436	0.002996843842
111437	1.574120574e-05
111438	0.0006035001951
111439	0.001636107945
111440	0.002336969817
111441	0.0002232838179
111442	0.00244158318
111443	0.0004586058493
111444	0.0006128753573
111445	0.002792082098
111446	0.005442084101
111447	0.005118482278
111448	0.002353346443
111449	0.0003236085772
111450	0.0001881020933
111451	0.003091856874
111452	0.002206714205
111453	0.001486477895
111454	0.002891034759
111455	0.001349152437
111456	0.001422862498
111457	0.004666582604
111458	0.003614368282
111459	0.0001650818953
111460	0.0001589660147
111461	0.003250729755
111462	0.001699009529
111463	0.002336874861
111464	0.007074185555
111465	0.004841126426
111466	0.002468532627
111467	0.005527254522
111468	0.002605512399
111469	0.001126812708
111470	0.0001596742424
111471	0.003301593509
111472	0.001232301156
111473	0.002309345877
111474	0.0007217368487
111475	0.001632814732
111476	8.510414926e-05
111477	0.007449738038
111478	0.005054664821
111479	0.003522891272
111480	0.0006479503612
111481	0.005129633563
111482	0.003220181081
111483	0.003132291345
111484	0.004602606375
111485	0.001308580687
111486	0.00336182377
111487	2.051292521e-06
111488	0.001901132921
111489	0.000818055697
111490	0.00775652268
111491	0.004983894378
111492	0.002895749697
111493	0.002713103941
111494	0.004987082717
111495	0.002398796119
111496	0.0008800926174
111497	0.001462816059
111498	0.007196951376
111499	0.0004584731286
111500	0.007663747232
111501	0.001721339964
111502	0.006021569935
111503	0.001742410867
111504	0.001156979247
111505	0.004937931087
111506	0.001696888231
111507	0.004392483056
111508	0.0003643569358
111509	0.002728756104
111510	0.003164742088
111511	0.0009702334767
111512	0.002115720886
111513	0.000548071452
111514	0.003796795502
111515	0.0006941565956
111516	0.00137011147
111517	0.002091764288
111518	0.002794137198
111519	0.00303306795
111520	0.0001093657622
111521	0.00129550495
111522	0.0007630526986
111523	0.002089674465
111524	0.003203686502
111525	0.001928693221
111526	0.004951905607
111527	0.001051113681
111528	0.0007900225736
111529	0.003029997675
111530	0.003314687847
111531	0.002571532069
111532	0.001498859894
111533	0.0006428380148
111534	0.00183380622
111535	0.0001787933843
111536	0.006950705371
111537	0.001583190669
111538	0.0009525641622
111539	0.001732627198
111540	0.001865191295
111541	0.0004865692032
111542	0.007609053352
111543	0.0004886665648
111544	0.0009858199634
111545	0.004216620757
111546	0.003711846361
111547	0.0006491694449
111548	0.0008532826774
111549	0.003552181368
111550	0.0003090808306
111551	0.003667983831
111552	1.787631136e-05
111553	0.006111907212
111554	0.004478789044
111555	0.0008720508469
111556	0.002710231563
111557	0.00539100541
111558	0.005786617351
111559	1.364524832e-06
111560	0.004922564144
111561	0.0006405406382
111562	0.002235141652
111563	0.001373374732
111564	0.003216667764
111565	0.0009125921266
111566	0.002178553747
111567	0.00282065435
111568	0.004446876483
111569	0.002170080733
111570	0.002727309793
111571	0.005152712994
111572	0.0002348439254
111573	0.003124944165
111574	0.0009224032624
111575	0.0005677077544
111576	0.006623061065
111577	0.001532030696
111578	0.00248444384
111579	0.003366932604
111580	0.003068629322
111581	0.003639264919
111582	0.008506833417
111583	0.00304898313
111584	0.002047433255
111585	0.005357793981
111586	0.00978603546
111587	0.003349810171
111588	0.0006501573638
111589	0.00216192902
111590	0.00587705949
111591	0.006008137655
111592	0.001560239416
111593	0.0009690967763
111594	0.001216371222
111595	0.004148785984
111596	0.004593067354
111597	2.807743426e-05
111598	0.003777590018
111599	0.001785184225
111600	0.001795357122
111601	0.00190057883
111602	0.001925849349
111603	0.002669956429
111604	4.350953051e-05
111605	0.002554972696
111606	0.002599803055
111607	0.0007810406138
111608	0.003258815418
111609	0.002161393354
111610	0.008622217491
111611	0.00129804154
111612	0.003507831886
111613	0.0003349269108
111614	0.0001047844162
111615	0.0009523294651
111616	0.00228038968
111617	0.004625877639
111618	0.001904413249
111619	0.006479916338
111620	0.005040115372
111621	0.002308955389
111622	0.0006764438136
111623	0.001132834467
111624	0.001824416218
111625	0.001811825045
111626	0.0003837313404
111627	0.0007640902955
111628	0.001908889864
111629	0.001152137318
111630	0.0002264264874
111631	0.000528557637
111632	0.001039291456
111633	0.0005376196889
111634	0.001919695849
111635	0.0007412132802
111636	0.0005544566176
111637	0.001128313845
111638	0.0006484995619
111639	3.790202372e-05
111640	0.0006870218993
111641	0.00117839384
111642	0.0008038608222
111643	0.0008960570108
111644	0.001008212977
111645	0.001233953179
111646	0.0006229292844
111647	0.001199633574
111648	0.0006546394979
111649	0.001442773167
111650	0.001650927607
111651	0.0008812872022
111652	0.0006575526037
111653	0.0008033058682
111654	0.0002062687842
111655	0.0008580749532
111656	0.000144523208
111657	0.0004135423554
111658	0.0002934587257
111659	0.0003404924856
111660	0.0008955354011
111661	0.003208427965
111662	0.0006668112073
111663	0.0007462581032
111664	6.816974157e-05
111665	0.0005346220244
111666	0.000397273279
111667	0.0003074625144
111668	0.0005713240912
111669	0.0009735186215
111670	0.0005547807563
111671	0.0003551733972
111672	0.001156714951
111673	0.000326283124
111674	0.0004609842141
111675	0.0002112003605
111676	0.0006701191268
111677	0.000394794764
111678	0.0002231286675
111679	0.0006006745215
111680	6.561934649e-05
111681	0.0004338942803
111682	0.0003648518163
111683	0.0002598056524
111684	0.001034087979
111685	0.000831994631
111686	0.0007679802575
111687	0.0005304230267
111688	0.0009174157271
111689	0.0008740758685
111690	8.008334933e-05
111691	0.0002085728469
111692	0.000584812718
111693	0.001423667475
111694	1.333323308e-05
111695	2.502746565e-05
111696	0.001306823661
111697	0.0009757658732
111698	3.640650014e-05
111699	0.0007873429525
111700	0.0007059137777
111701	4.136669477e-05
111702	0.001281645664
111703	0.0004104585948
111704	0.000179134322
111705	0.0004254185643
111706	0.001209658995
111707	1.702043627e-05
111708	0.0002182257811
111709	9.619065035e-05
111710	0.000309626066
111711	0.0004269687745
111712	0.0006608402873
111713	0.0001680632423
111714	0.001477933524
111715	0.000130097278
111716	0.001012201358
111717	0.0009410319724
111718	0.0009742415587
111719	0.0002185701018
111720	0.001289574667
111721	0.0003465461229
111722	0.0007227045763
111723	0.0002333513871
111724	0.0004746723048
111725	0.0003900832174
111726	0.0004345848138
111727	0.001299842575
111728	0.0006989542788
111729	0.0001184355601
111730	0.0004272179692
111731	2.598574072e-05
111732	7.988817419e-05
111733	0.0001674182517
111734	0.0003613363353
111735	0.002282195131
111736	0.0002709989229
111737	0.0002761200761
111738	0.002414521055
111739	0.00129039847
111740	0.0001686973348
111741	0.0009434116947
111742	0.001455125813
111743	0.0005302850172
111744	0.0005115505253
111745	0.0007638776692
111746	0.002215242761
111747	2.792565072e-05
111748	0.0002872717924
111749	0.0003197222689
111750	0.0004435124365
111751	0.0007509041333
111752	0.0002684206636
111753	0.0007796098706
111754	0.0004202147486
111755	0.0006539112999
111756	0.0004563433282
111757	7.57371918e-05
111758	0.002829722105
111759	0.0004502166921
111760	0.002497333849
111761	0.0006233074144
111762	0.0006097959884
111763	0.000902152691
111764	0.0006045656828
111765	0.001197551545
111766	0.0007614967308
111767	0.0006596301106
111768	0.0009077933909
111769	0.0002847106572
111770	6.150624922e-05
111771	0.001190665563
111772	0.00067222127
111773	0.0001065903862
111774	0.0008031112015
111775	0.0003512634457
111776	0.0009762192124
111777	0.0003139102179
111778	8.741190038e-05
111779	0.003482650501
111780	0.0006336754527
111781	0.001286871563
111782	0.0007092116124
111783	0.0003168033874
111784	0.0008563319636
111785	0.0006459189535
111786	0.001087775292
111787	0.0004723259414
111788	0.0007670590702
111789	0.001621116324
111790	0.0006187518014
111791	0.0005382022182
111792	0.000734950942
111793	0.0002219185269
111794	0.00060449848
111795	0.0003103374714
111796	7.805925193e-05
111797	0.001910842198
111798	0.0008247989365
111799	0.0001888571645
111800	0.003286916941
111801	0.0005693264965
111802	0.002585713606
111803	0.0008209162863
111804	0.001017889336
111805	0.0003421302521
111806	0.001514989446
111807	0.003475519599
111808	0.002928522642
111809	0.001097630095
111810	0.002724701707
111811	0.0004591083624
111812	0.005345468927
111813	0.0009227391282
111814	0.001973482166
111815	0.001195946877
111816	0.000462917342
111817	0.0008393181873
111818	0.003523997901
111819	0.0006366859888
111820	0.0003829047623
111821	0.004180574189
111822	0.002452661861
111823	0.001064196043
111824	0.004385336964
111825	0.002175639434
111826	0.0002619460533
111827	2.19127762e-05
111828	0.0009210081778
111829	0.002242321773
111830	0.001620884137
111831	0.003560389963
111832	0.001515209469
111833	0.0001559791193
111834	0.0008112473447
111835	0.003569838777
111836	0.0005766750447
111837	0.0003129828552
111838	0.001814688457
111839	0.001905513372
111840	0.001699418043
111841	0.0009595349698
111842	0.0004882154907
111843	0.004410719637
111844	0.002808890351
111845	0.0004144293949
111846	0.0005242599088
111847	0.0001995382472
111848	0.001228941251
111849	0.002031529269
111850	0.003129570813
111851	0.001140879255
111852	0.002909000806
111853	0.002069454965
111854	0.003257138023
111855	0.0007925845351
111856	0.004170462165
111857	0.002649798723
111858	0.002958986432
111859	0.002471756308
111860	0.001463316991
111861	0.0004262072828
111862	0.0009564735378
111863	0.0001285771031
111864	0.002037275854
111865	0.0004847059598
111866	0.000556220945
111867	0.001716338553
111868	0.000384178014
111869	0.002282648976
111870	3.548641877e-05
111871	0.00412952793
111872	0.001457661276
111873	0.0001590817836
111874	0.0001583131811
111875	2.055298711e-05
111876	0.006573137683
111877	0.002406228857
111878	0.00443649023
111879	0.002282605347
111880	0.00151710913
111881	0.002440878175
111882	0.002453982844
111883	0.001568558578
111884	0.003825483546
111885	0.004395173535
111886	0.002488632729
111887	0.001294235906
111888	8.85654946e-06
111889	0.002587397373
111890	0.003992426406
111891	0.002797456962
111892	0.004415914734
111893	0.002938991812
111894	0.003308785421
111895	2.043668283e-05
111896	0.0005699908686
111897	0.0002801950728
111898	0.002336098321
111899	0.0003551627393
111900	0.001489820226
111901	0.002445378085
111902	0.002133021192
111903	0.001740414382
111904	0.004315264565
111905	0.002637073784
111906	0.002806958417
111907	0.002642077094
111908	0.0001621470688
111909	0.0007281663831
111910	1.968038835e-05
111911	0.003091691956
111912	0.001161681486
111913	0.001565097341
111914	0.0005898166508
111915	0.002169405002
111916	0.00177518193
111917	0.003980729247
111918	0.00328958858
111919	0.001284338943
111920	0.001460055043
111921	0.001854984889
111922	0.002401587705
111923	0.003882300121
111924	0.001499594786
111925	0.002361756294
111926	0.00180717749
111927	0.003446796116
111928	0.0005858731179
111929	0.001451085665
111930	0.002176917385
111931	0.0008631664498
111932	0.003652616284
111933	0.002802159659
111934	0.0007170689866
111935	0.000321574053
111936	0.002154500949
111937	0.001224979217
111938	0.0008489566946
111939	0.0008085359395
111940	0.001972428941
111941	0.0008208165957
111942	0.00181436223
111943	0.001266882378
111944	0.003343396159
111945	0.003830869947
111946	0.0009483941269
111947	0.002232158418
111948	0.001601684631
111949	0.0006043487938
111950	0.0001302408885
111951	0.0001954387794
111952	0.003249041416
111953	0.0008882016818
111954	0.001113651584
111955	0.00101467593
111956	0.0007829332305
111957	0.001518554353
111958	0.0001083034326
111959	0.000195298676
111960	0.0003670928936
111961	0.00108057856
111962	0.0008830431477
111963	0.003581692687
111964	0.002097256405
111965	0.003027878827
111966	0.001507125644
111967	0.003080355758
111968	0.0008349658528
111969	0.006012928897
111970	0.000105111855
111971	0.001732771181
111972	1.298156794e-05
111973	0.001872912561
111974	0.000113849158
111975	0.0007756680793
111976	0.0008540236011
111977	0.0007499692651
111978	0.0007778222842
111979	0.0005056041812
111980	0.001168973493
111981	0.007254710743
111982	0.001838725849
111983	0.000587506602
111984	0.0002298520126
111985	7.742964164e-05
111986	0.001538410084
111987	0.001393136998
111988	0.000828400047
111989	0.00193936495
111990	0.001294131256
111991	0.0009901600787
111992	0.0002225865688
111993	0.001448839272
111994	0.002508245345
111995	0.0003499938647
111996	0.0005966728335
111997	0.002123296331
111998	0.0008622401501
111999	0.0005293326762
112000	0.0008131097091
112001	0.003280948141
112002	0.0003013644056
112003	0.0003422443317
112004	0.0007905538077
112005	0.002206122059
112006	0.002397372152
112007	0.000960194742
112008	0.0003829922628
112009	0.003559066968
112010	0.000570379515
112011	0.0004935326266
112012	0.0001639015995
112013	0.0008406959321
112014	0.00239431884
112015	0.000774487894
112016	0.0002258929443
112017	0.001180785918
112018	0.0009672152694
112019	0.0005404103379
112020	0.0005331017054
112021	0.001758966567
112022	0.0003702235293
112023	4.731530015e-05
112024	0.0004639294045
112025	0.000401854062
112026	0.001382861035
112027	0.007253113132
112028	0.001411141007
112029	0.001418504148
112030	0.0001981709031
112031	0.0001268966261
112032	0.001583543983
112033	0.0006703134998
112034	0.0003068168537
112035	0.0002706277402
112036	0.001404858409
112037	0.0006835886329
112038	0.001449391893
112039	0.0004546261596
112040	0.002462792488
112041	0.001584610516
112042	0.0008681322759
112043	0.003062197556
112044	0.001239535212
112045	0.001209137268
112046	0.003871741918
112047	0.0009997041508
112048	0.001524525831
112049	0.0003119733264
112050	0.0002960719884
112051	0.0006466507116
112052	0.001148523335
112053	0.001520487193
112054	0.001364028552
112055	0.0001271704691
112056	0.0003020241254
112057	0.0002262667767
112058	0.001425386036
112059	0.004862791493
112060	0.0001033166511
112061	0.003010255198
112062	0.0007986530825
112063	0.0002048367815
112064	0.0005064847926
112065	0.0004977536455
112066	0.001397800178
112067	0.001257671592
112068	0.0003052153147
112069	0.0008033349225
112070	6.582011973e-05
112071	0.0006111026442
112072	0.0009037636955
112073	0.003893400499
112074	0.0007752438498
112075	0.0004759498467
112076	0.0002447771907
112077	5.850017262e-05
112078	0.001255283096
112079	0.001459650723
112080	9.553878163e-05
112081	0.000215747623
112082	0.005811862396
112083	0.0005782074391
112084	0.00333559345
112085	0.001077273412
112086	0.00194205876
112087	0.0007882767849
112088	0.0001219984613
112089	3.73338595e-05
112090	0.003090686243
112091	0.005731222996
112092	0.001314284208
112093	0.0001143563549
112094	0.0001083898213
112095	0.001606360266
112096	0.003096639511
112097	0.00113009157
112098	0.0004726160815
112099	0.001034113241
112100	0.002504928613
112101	0.001861473138
112102	0.0003606858576
112103	0.001352928385
112104	0.0002344379835
112105	0.002394209971
112106	0.002475547942
112107	0.0007720892672
112108	0.001612792921
112109	2.947455763e-05
112110	0.0004578162905
112111	0.0002728382154
112112	0.004139177814
112113	0.000780617413
112114	0.00310755339
112115	0.002181930248
112116	0.0003094527252
112117	0.0003080896282
112118	9.197696545e-05
112119	0.0001269907858
112120	5.640169519e-05
112121	0.0004256697425
112122	0.0005005776012
112123	0.0001002996467
112124	0.0003739414036
112125	0.001858917566
112126	0.0003478265281
112127	0.001429425732
112128	0.0003986231301
112129	0.001097387173
112130	0.0006774002766
112131	0.0003772716733
112132	0.004091601662
112133	0.0004590738709
112134	0.0002115319254
112135	0.001306801671
112136	0.0005122653867
112137	0.0004222199139
112138	0.0001383300793
112139	0.001020408867
112140	0.001993985867
112141	0.0006471447391
112142	0.00114465139
112143	0.000855475606
112144	0.0002384556783
112145	0.0004321134117
112146	0.0004006363458
112147	0.000184262182
112148	0.0001497381849
112149	0.0005622399838
112150	0.000705703301
112151	0.0004496031377
112152	0.001169300275
112153	0.0004073284112
112154	0.0001868338628
112155	0.0005586311611
112156	0.001916858635
112157	0.0008197972844
112158	0.0003334114807
112159	0.0001330154444
112160	0.001204516563
112161	0.0003702219784
112162	0.0006921280475
112163	0.001042827733
112164	0.0001813839919
112165	7.67706285e-05
112166	0.0003197137648
112167	0.0002218650974
112168	0.0002095062125
112169	0.0007291964196
112170	0.001039017796
112171	0.0002486235188
112172	0.001013193286
112173	1.467796703e-05
112174	0.0002354106125
112175	0.001215085645
112176	0.001109166027
112177	0.0008227751196
112178	0.0005962061495
112179	0.0008545957749
112180	0.0006826785999
112181	0.0007095736062
112182	0.000309821745
112183	0.0009685885005
112184	0.0001069922113
112185	2.251403728e-05
112186	0.0002272117188
112187	0.0006144342909
112188	7.853299544e-05
112189	0.0008625971314
112190	0.001337230688
112191	0.0005847253329
112192	0.0009278594617
112193	0.0002516110995
112194	0.001322344452
112195	0.0002610163815
112196	0.001318268927
112197	0.002042592123
112198	0.0008697786965
112199	0.0006176796214
112200	0.0001609906859
112201	0.001394778392
112202	0.0005695526939
112203	0.0006173421522
112204	0.003127200888
112205	0.004452457822
112206	0.003219829597
112207	0.0008035713182
112208	0.001112504065
112209	0.0006371683718
112210	0.001183332169
112211	0.001220108428
112212	0.001497202794
112213	0.0002630986231
112214	0.003403145642
112215	0.003072090426
112216	0.0017011003
112217	0.0009433479732
112218	0.002387313312
112219	0.0007195448318
112220	0.0006883185819
112221	0.0004655882712
112222	0.0003668002564
112223	0.0008855231042
112224	0.001497568494
112225	0.003237107473
112226	0.0007555370392
112227	0.0007878212966
112228	0.0002630885228
112229	0.002848651796
112230	0.00127002508
112231	9.452234169e-05
112232	0.0001330444298
112233	0.0001782824492
112234	0.002040888218
112235	0.003108821993
112236	0.004072709038
112237	0.0002532822124
112238	0.001855806597
112239	0.002950995756
112240	0.00158381363
112241	0.008625312901
112242	0.004294207671
112243	0.005773040457
112244	0.002080800544
112245	0.003141622945
112246	0.005237006514
112247	0.001739093192
112248	0.008636940225
112249	0.0005129574289
112250	0.007235292476
112251	0.005842132604
112252	0.008515833769
112253	0.003512677653
112254	0.000409665398
112255	0.0006449097369
112256	0.0005316782606
112257	0.0002793782116
112258	0.002514934172
112259	0.002305300776
112260	0.0002962354255
112261	0.00290705697
112262	0.0003264879791
112263	0.005234001572
112264	0.0006715516162
112265	0.0004455448706
112266	0.002690597233
112267	0.001239877582
112268	6.760992606e-05
112269	0.0002158125139
112270	8.423877328e-05
112271	0.002103386146
112272	0.001269197209
112273	0.0002589203191
112274	0.0004671613419
112275	0.0007723352611
112276	0.00161502948
112277	0.0005437236155
112278	0.0005284091886
112279	0.001180249644
112280	0.0001405418523
112281	0.0002402619112
112282	0.001307884402
112283	0.001177677499
112284	0.0004583019804
112285	0.0002835598379
112286	0.001013281657
112287	3.200552032e-05
112288	0.001848259654
112289	0.001309801044
112290	0.002943308951
112291	0.00183730039
112292	0.001934661656
112293	0.004441762889
112294	0.00205595056
112295	0.002989259294
112296	0.002700335064
112297	9.127138046e-06
112298	0.0006076905955
112299	0.0006795006747
112300	0.006687952407
112301	0.001270322983
112302	0.003728055371
112303	0.007505010325
112304	2.367838575e-05
112305	0.001730900504
112306	0.0009478895837
112307	0.0003799792624
112308	0.00026325574
112309	0.0001323615662
112310	0.001003436264
112311	0.0007831364957
112312	0.0001081347008
112313	0.0008560323414
112314	0.0003362874766
112315	0.0004959510913
112316	0.0002155049231
112317	0.0007765747427
112318	0.0009627263366
112319	0.0005354492752
112320	0.0007086368004
112321	0.0006435904629
112322	0.0001181079545
112323	0.0009740529582
112324	0.0009921984289
112325	0.0003546320141
112326	0.002139024603
112327	0.0006246411181
112328	0.001082954942
112329	0.0004286042741
112330	0.0001686727457
112331	0.000311756492
112332	0.00104041938
112333	3.712633582e-05
112334	0.0006561512328
112335	0.0006409337851
112336	0.000336772157
112337	0.001304516969
112338	8.419448936e-05
112339	0.00063160692
112340	0.000710195387
112341	0.0009584817541
112342	0.0005237801224
112343	0.0002090012602
112344	0.0001603105603
112345	0.0001224381327
112346	0.0007944652962
112347	0.0002705258156
112348	0.0001897396221
112349	0.0004153490464
112350	0.0001659440279
112351	0.0007875356091
112352	0.0007022178309
112353	0.0006152014925
112354	0.001073458648
112355	0.0008773496069
112356	0.001714685131
112357	0.0002371529335
112358	0.001233184725
112359	0.0001225614836
112360	0.0005514719038
112361	0.0002719922847
112362	0.0011396058
112363	0.001080412784
112364	0.001779935437
112365	0.0004202177392
112366	0.0002582104758
112367	0.000890417932
112368	0.0006290032086
112369	0.0002685727795
112370	0.0003268967926
112371	0.0006490391972
112372	4.19114107e-05
112373	0.0001415343331
112374	0.0007649281882
112375	0.0003974741602
112376	0.000242378348
112377	0.0005035298632
112378	0.0001480506959
112379	0.0002504191507
112380	0.000161597226
112381	0.001321590285
112382	0.0009337836243
112383	0.0001447979385
112384	0.0006877743997
112385	0.00100081208
112386	0.0004210934821
112387	0.0004182726413
112388	0.001166645484
112389	0.0007992146201
112390	0.000715410345
112391	0.0004637502697
112392	0.0004886578454
112393	0.001440074676
112394	0.001666648743
112395	0.001462468832
112396	9.838351447e-06
112397	0.0007210051032
112398	0.0003280105238
112399	4.542251628e-06
112400	4.584044616e-05
112401	0.0002813468699
112402	0.0006332345466
112403	0.0007454576003
112404	0.0009076751682
112405	0.005480893517
112406	0.001516716743
112407	0.000249596338
112408	0.002339668748
112409	0.002586614856
112410	8.946099885e-05
112411	0.0007288175704
112412	0.003604334448
112413	0.004447724269
112414	0.004577278033
112415	0.004310854323
112416	0.003490943218
112417	0.004359748378
112418	0.0008306293751
112419	0.0004103975619
112420	0.0002241369647
112421	0.0001250355087
112422	0.001036930375
112423	0.001287506237
112424	0.0006463902283
112425	0.0001276209245
112426	0.0003348974575
112427	0.0007379261873
112428	0.000539075163
112429	0.001262471886
112430	0.0004580114114
112431	0.001318279504
112432	0.0009087181618
112433	0.0009397665075
112434	0.002154505217
112435	1.666725476e-07
112436	0.000224090061
112437	0.001110206613
112438	0.0006284708559
112439	5.24706775e-05
112440	0.001713026379
112441	0.001894226738
112442	0.0003492956156
112443	0.001190047174
112444	0.0005808722037
112445	0.001768146058
112446	0.002562638208
112447	0.001078058577
112448	0.000548524219
112449	0.002015168365
112450	0.007689844893
112451	0.005109770937
112452	0.003049207583
112453	0.002392205036
112454	0.0008602649499
112455	0.002620816109
112456	0.002178397177
112457	0.003984962221
112458	9.557025443e-05
112459	0.002016297858
112460	0.0002760696478
112461	0.001281261606
112462	0.001283202139
112463	0.001519151135
112464	0.0005860045894
112465	1.285442288e-07
112466	0.0008338055407
112467	0.0006323307766
112468	0.001356246008
112469	0.0004174777036
112470	0.008057204715
112471	0.0005693066924
112472	0.002104794841
112473	0.0001243100041
112474	0.00183621826
112475	0.0003813424568
112476	0.0008135862309
112477	0.001955979071
112478	0.001812563025
112479	0.003265886988
112480	0.001537515515
112481	3.902536278e-05
112482	6.812261096e-05
112483	0.0005244290697
112484	0.001175495367
112485	0.0001225190663
112486	0.001578483509
112487	0.001035170531
112488	0.00628177117
112489	4.887821429e-06
112490	0.001252701917
112491	0.002465661818
112492	0.005993362531
112493	0.0003088536934
112494	0.001743798661
112495	0.001187547116
112496	0.0001015886058
112497	0.003062955967
112498	0.004419324311
112499	0.006093951316
112500	0.002136903967
112501	0.001820231203
112502	0.002074225763
112503	0.002808938994
112504	0.002281223387
112505	0.0003041298371
112506	0.000536873148
112507	0.0002363350562
112508	0.004289955665
112509	0
112510	0.001099413504
112511	0.00127846519
112512	0.0007740758492
112513	0.0006194410029
112514	0.002944239694
112515	0.0006658304958
112516	0.004169667396
112517	0.00304139743
112518	0.002118447618
112519	0.00230430249
112520	0.002413421599
112521	0.0022347756
112522	0.00421617562
112523	0.0004148176414
112524	0.0003948737643
112525	0.002288187577
112526	0.0004018927347
112527	0.001281553215
112528	0.002533199875
112529	0.001387671903
112530	0.0009701899461
112531	0.001309601556
112532	0.00601424534
112533	0.002590171307
112534	0.003940335021
112535	0.002637287812
112536	0.002043039637
112537	0.001969746689
112538	0.001442764225
112539	0.0009230481985
112540	0.001152105394
112541	0.007306252915
112542	0.000763554472
112543	0.004329178561
112544	0.0007589545823
112545	0.0004549684439
112546	0.005416336659
112547	0.002593400057
112548	0.0001095328499
112549	0.002122704774
112550	0.005134539175
112551	0.001484578592
112552	0.004216446821
112553	0.005826394904
112554	0.0005735777715
112555	0.005784347047
112556	0.002473240546
112557	0.004161921772
112558	0.00107141492
112559	0.0005446937743
112560	0.001162490752
112561	0.0009374196756
112562	0.001672708407
112563	0.01078697593
112564	0.0006734234861
112565	0.001265397194
112566	0.002300028878
112567	0.00317768115
112568	5.805393756e-05
112569	0.003149535592
112570	0.0008017628899
112571	1.120713505e-05
112572	0.0005131447163
112573	0.001228587002
112574	0.003117016603
112575	0.001208316449
112576	0.0009803215306
112577	0.002247531681
112578	0.001597434091
112579	0.0001411748753
112580	0.002297889341
112581	0.005449023845
112582	5.192172023e-05
112583	0.002346404481
112584	0.0001675159279
112585	0.0005954348829
112586	0.0005786786632
112587	0.0008651548106
112588	0.001753325776
112589	0.002413012657
112590	0.001523928324
112591	0.001983384916
112592	0.003976273944
112593	0.001087187785
112594	0.002001755347
112595	0.00156413253
112596	0.0003384267976
112597	0.0009302470509
112598	0.0002042524482
112599	0.000728579598
112600	0.0004686833336
112601	0.0002366343714
112602	0.0002565510286
112603	0.0007047627083
112604	0.0002565834114
112605	0.0008401583066
112606	0.002449844633
112607	0.001347286953
112608	0.001756306521
112609	0.0002671542298
112610	0.00102339517
112611	0.0009242998817
112612	0.004897222191
112613	0.004972172749
112614	0.001722807794
112615	0.0001670264535
112616	0.0008940861627
112617	8.053984839e-05
112618	1.761276341e-05
112619	0.0003241707632
112620	0.003104159464
112621	0.005124471273
112622	0.001016808559
112623	0.0006210493578
112624	0.0005504330192
112625	0.00137004977
112626	0.003592308032
112627	0.001565019334
112628	9.098765949e-05
112629	0.005773560312
112630	0.003467287417
112631	0.004636102674
112632	0.001622473998
112633	0.0002500540384
112634	0.00215627117
112635	0.001862074815
112636	0.002157822497
112637	0.002072232816
112638	0.00387111049
112639	0.001301264336
112640	0.002815115368
112641	0.0007792661801
112642	0.002045041005
112643	0.0003139387438
112644	2.576825641e-08
112645	0.001764647909
112646	0.0008540958857
112647	0.002315962399
112648	0.001088036315
112649	0.001192462735
112650	0.0007974477349
112651	0.0002231449027
112652	0.003268431614
112653	0.0006648562575
112654	0.001486269382
112655	0.001606242884
112656	0.001674222056
112657	0.004187170646
112658	0.004236090364
112659	0.003964588261
112660	0.004907655352
112661	0.001449334632
112662	0.0001609199731
112663	0.002164069527
112664	0.002988487094
112665	0.007409296674
112666	0.001557334055
112667	0.00153424132
112668	0.0009761599387
112669	0.004350374166
112670	0.005103626575
112671	0.0001352811649
112672	0.001361431464
112673	0.001069118601
112674	0.0003369696315
112675	0.003282961374
112676	6.390311669e-05
112677	0.005817079115
112678	0.003544457453
112679	0.0002372381124
112680	0.003624019617
112681	0.00197054201
112682	0.001582146845
112683	0.001768026736
112684	0.001660630419
112685	0.001237982434
112686	0.0004389053117
112687	0.0001768682333
112688	0.006080370062
112689	0.0009313267039
112690	0.001338801096
112691	0.001027880573
112692	0.004140853628
112693	0.001747476462
112694	0.0008918396653
112695	0.001538300697
112696	0.001355207386
112697	0.002084550892
112698	0.0004206657491
112699	0.004166056619
112700	0.0003661717511
112701	0.00231405587
112702	0.0007245815077
112703	2.694490298e-05
112704	0.001341681937
112705	0.000172422471
112706	0.000801460755
112707	0.0008184152491
112708	0.001849889967
112709	0.002365748724
112710	0.0002578804177
112711	0.0006533377729
112712	0.001411385504
112713	0.001803614977
112714	0.00304873434
112715	0.00105077954
112716	6.075408473e-05
112717	0.002118963943
112718	0.0004853854003
112719	0.003329378078
112720	0.001883249948
112721	0.002314907419
112722	0.001969040317
112723	0.0001645326222
112724	0.004600482882
112725	0.0009059682029
112726	0.002629979386
112727	0.001986011386
112728	0.001213987225
112729	0.001309076519
112730	0.0007281159881
112731	0.000809502811
112732	0.002302593358
112733	5.485982046e-05
112734	0.002807268336
112735	0.002444078423
112736	0.0020781232
112737	0.0005678707576
112738	0.003804100248
112739	0.003850766614
112740	0.002786201771
112741	0.001303549834
112742	0.002017401536
112743	0.001605231634
112744	0.002389261447
112745	0.001323843392
112746	0.002055237727
112747	0.003464651657
112748	0.001792715854
112749	0.002374014188
112750	0.0007259509967
112751	0.002546587028
112752	0.001412698737
112753	0.001351711454
112754	0.0009211975547
112755	0.004453969395
112756	0.003968776862
112757	0.0007291663662
112758	0.0003427453774
112759	0.003405767734
112760	0.000361452612
112761	0.001212701044
112762	0.0005747565838
112763	0.002984530098
112764	0.006720115107
112765	0.001232689377
112766	0.001557712276
112767	0.003194089448
112768	0.001485096923
112769	0.002110197841
112770	0.002643757613
112771	0.0002876424151
112772	0.001880874959
112773	0.0003971602776
112774	0.002332505395
112775	0.003720680542
112776	0.001982034344
112777	0.004717398154
112778	0.0001155698573
112779	0.001661322316
112780	0.004153624877
112781	0.001633504016
112782	0.000125889228
112783	0.0009952702368
112784	0.001900516649
112785	0.002029560013
112786	0.00336582236
112787	0.001780310903
112788	0.0003166115922
112789	0.0001015543456
112790	0.0002954484578
112791	0.002015855319
112792	0.006532256088
112793	0.001119580555
112794	0.001960906408
112795	0.002080354777
112796	0.001988376581
112797	0.001990979907
112798	0.003076729628
112799	0.0008349772366
112800	0.0009046879511
112801	0.006297331163
112802	0.001247826221
112803	0.0004360602291
112804	0.0002746959076
112805	0.0005765092358
112806	0.0003753225046
112807	0.0005973204307
112808	0.0003589452821
112809	0.0005266825101
112810	0.0006885719248
112811	0.0008239686557
112812	0.001132484297
112813	0.0005027012825
112814	0.0002975056252
112815	0.001961783771
112816	0.001123234726
112817	0.005608024357
112818	0.001557323422
112819	0.00010066165
112820	0.001974198107
112821	0.001690985261
112822	0.00123046454
112823	0.006622831545
112824	0.0003734089188
112825	0.0002426682717
112826	0.001462134295
112827	0.001706379389
112828	0.0005565248456
112829	0.0002616992556
112830	0.002564743399
112831	0.002133117163
112832	0.0008919891561
112833	0.00238248578
112834	0.001965411123
112835	0.001839619072
112836	0.0003295111417
112837	0.0005515516918
112838	0.004771173813
112839	0.001970604152
112840	0.001672988402
112841	0.005641563194
112842	0.002461359626
112843	0.005079396763
112844	0.002870669401
112845	0.001720187139
112846	0.001354966685
112847	0.001317373361
112848	0.001634008009
112849	0.002252140704
112850	0.001383325454
112851	0.003166652601
112852	0.0008476604393
112853	0.002281348855
112854	0.003396217899
112855	8.851369141e-05
112856	2.32928201e-05
112857	0.002249739137
112858	0.003584980088
112859	0.0002009630444
112860	0.001001302217
112861	0.003574981298
112862	0.002191397781
112863	0.001030420981
112864	0.002891068452
112865	0.002712647498
112866	0.001694931072
112867	0.0003416914911
112868	0.002105196508
112869	0.001396572578
112870	0.001897512577
112871	0.0008190718405
112872	0.0002347815974
112873	0.001349716869
112874	0.001645839733
112875	0.00125289255
112876	0.004272766984
112877	0.004596908652
112878	0.0002726015668
112879	0.002679391437
112880	0.0002436451796
112881	0.003545287393
112882	0.001947350829
112883	0.0004747409208
112884	0.0002748768585
112885	0.0007313298608
112886	7.449682535e-05
112887	0.0009092850838
112888	0.002486065552
112889	0.00171299681
112890	0.001657451574
112891	0.00126986279
112892	0.004676546203
112893	0.000489029586
112894	0.002837588155
112895	0.005149262546
112896	0.0004827878759
112897	0.001300116198
112898	8.735806206e-05
112899	0.00271116507
112900	0.00366299723
112901	0.001167025355
112902	0.001090304548
112903	0.001059645225
112904	0.0004794905497
112905	0.00266073194
112906	0.000791907345
112907	0.001424581116
112908	0.00188724858
112909	0.001405512082
112910	0.001095066775
112911	0.0009715304837
112912	0.0008155091986
112913	0.002915117243
112914	0.002165408171
112915	0.0003751063425
112916	0.0007734540323
112917	0.002780705457
112918	0.003657521964
112919	0.001900497342
112920	0.0002584481696
112921	0.003500361168
112922	0.003238134409
112923	0.00107908853
112924	0.0004168461908
112925	2.846072809e-06
112926	0.0006324357488
112927	0.001222383222
112928	0.001289112975
112929	0.00103602898
112930	0.003014108841
112931	0.0004909167219
112932	3.577021069e-05
112933	0.003981999381
112934	0.002310288484
112935	0.003439010375
112936	0.001460943304
112937	0.0009709030462
112938	0.004781229192
112939	0.001094763389
112940	0.001356874694
112941	0.003401944988
112942	0.004162141818
112943	0.001148255361
112944	0.003329671777
112945	0.002839108807
112946	3.194537484e-05
112947	0.004272697064
112948	3.927050809e-05
112949	0.001649867439
112950	0.0009146296576
112951	0.0009917417203
112952	0.000460597841
112953	0.001123741344
112954	0.001244759323
112955	0.001195513072
112956	0.0011620819
112957	0.004764325757
112958	0.006175940491
112959	0.002181685719
112960	0.004015040131
112961	0.003087116251
112962	0.0006228622287
112963	0.003178082169
112964	0.00130455856
112965	0.002498078313
112966	0.002984314504
112967	6.317197121e-05
112968	0.002659379067
112969	0.004236049366
112970	0.006161221869
112971	0.0009422026535
112972	0.0008300773672
112973	0.0006363808013
112974	0.002639393718
112975	0.0003801125466
112976	0.002081374196
112977	0.0006349151033
112978	0.000871382525
112979	0.002027806358
112980	0.002060018337
112981	0.0008632566327
112982	0.0006935832294
112983	0.000493721603
112984	0.00169767647
112985	0.00117165028
112986	0.001308808681
112987	0.0009561656687
112988	0.000791163811
112989	0.0002319306643
112990	0.0003911042796
112991	0.0007207585846
112992	0.0008112986386
112993	0.001020264006
112994	0.0005766589728
112995	0.002389157606
112996	0.001297773397
112997	0.0005705669632
112998	0.0004203735743
112999	0.0002154717199
113000	0.0005736239505
113001	0.002656865753
113002	0.002083508982
113003	0.001288050934
113004	0.001678678389
113005	6.315286647e-05
113006	0.004837335969
113007	0.0004993506016
113008	0.001009083
113009	0.001877689397
113010	0.003410612629
113011	0.001438789614
113012	0.001441844678
113013	0.001144603542
113014	0.0002374391242
113015	0.001651792478
113016	0.0006077972217
113017	0.003014770456
113018	0.001236910421
113019	0.0001474927789
113020	0.001012084414
113021	0.004259977081
113022	0.001755947427
113023	0.002032598535
113024	0.005795666262
113025	0.004021121799
113026	0.004064138793
113027	0.0007845678701
113028	0.0009579625822
113029	0.001027850011
113030	0.000776980178
113031	0.000390062995
113032	7.041997038e-05
113033	0.0001009687713
113034	0.0004852419368
113035	0.0005082898348
113036	0.0007194346858
113037	8.337499619e-05
113038	0.001455326895
113039	7.415664926e-05
113040	0.001052229177
113041	0.001009521137
113042	0.0007458050287
113043	0.002039966338
113044	0.005989824591
113045	0.0004239330294
113046	0.007783009244
113047	0.002929328733
113048	1.111031926e-05
113049	0.0008147731944
113050	0.001802950438
113051	0.001380103897
113052	0.0004205591861
113053	0.0002388917239
113054	0.0006938192647
113055	0.0001236151026
113056	0.0003631143195
113057	0.0006764352538
113058	0.001504085782
113059	0.0007649081616
113060	0.00123554968
113061	0.0007138522057
113062	0.001091096315
113063	0.002271068317
113064	0.0004107375599
113065	0.0003551659923
113066	0.002385957335
113067	0.0002194494347
113068	0.0005837793759
113069	0.001228583125
113070	0.0004703324809
113071	0.0005471539393
113072	0.001516755152
113073	8.198696857e-05
113074	0.001057478362
113075	0.0009332867896
113076	0.0007835800137
113077	0.000869787802
113078	0.0004636195666
113079	0.0003128571738
113080	0.0003885901729
113081	9.631842008e-05
113082	0.0002959617886
113083	0.0001635479875
113084	0.0001979282376
113085	0.001176818082
113086	0.0005595916277
113087	0.0006737786983
113088	0.001008324825
113089	0.001186783275
113090	0.0002419298601
113091	0.0004415161682
113092	3.132709714e-07
113093	0.0004166418945
113094	0.0004488344172
113095	0.001021258757
113096	0.0005553957806
113097	0.0001600218789
113098	0.0007090415498
113099	0.0002682795182
113100	0.001052168027
113101	0.001205966331
113102	0.0002270197191
113103	0.0007252647531
113104	0.001752679033
113105	0.0002996608031
113106	1.136694557e-05
113107	0.0003871130027
113108	0.0007889557241
113109	0.001833070964
113110	0.0004820375901
113111	0.00127721215
113112	0.0004067990136
113113	0.0008966113851
113114	0.0004923929305
113115	0.0009796436551
113116	0.0003066409582
113117	0.00261537441
113118	0.001184012254
113119	0.002021563594
113120	0.001361300034
113121	0.0005880264202
113122	0.001873068725
113123	0.002531618061
113124	0.00176978445
113125	0.0009214370349
113126	0.001779248725
113127	0.0004276368517
113128	0.002445270905
113129	0.001929008246
113130	0.001341838122
113131	0.001204267996
113132	0.001675913823
113133	0.001426590436
113134	0.0007943783456
113135	0.001049877806
113136	1.766439692e-05
113137	0.001636779846
113138	0.002225330624
113139	1.490803749e-05
113140	0.0006223048097
113141	0.00236169217
113142	0.002234382701
113143	0.003568857294
113144	0.0008131532112
113145	0.0007470552061
113146	0.002803574283
113147	0.001346353403
113148	0.0009057305108
113149	0.001585529252
113150	0.002447775437
113151	0.0005320210045
113152	0.0004504122886
113153	0.002932224741
113154	0.0002058145301
113155	0.001002357012
113156	0.00236187262
113157	0.000193034449
113158	0.001298499332
113159	0.000999763305
113160	0.00180388273
113161	0.002233292034
113162	0.0008455917546
113163	0.001619437546
113164	0.0002332375622
113165	0.002316090372
113166	7.866317308e-05
113167	0.000394318213
113168	0.002697855224
113169	0.002745370914
113170	0.001143181133
113171	0.004743459973
113172	0.0003803956298
113173	0.00177278107
113174	0.004669892116
113175	0.0005607560423
113176	0.0004000832595
113177	0.001570576717
113178	0.003774770305
113179	0.001446515471
113180	0.002002296374
113181	0.0002313946668
113182	0.001598960589
113183	0.002885443836
113184	0.0001323354885
113185	0.0002643213233
113186	0.001875375117
113187	0.003514286898
113188	0.0009356762634
113189	0.0009496704933
113190	0.0003592440341
113191	0.004167343946
113192	0.002291246489
113193	0.0006256949902
113194	0.0005801118562
113195	0.000252777158
113196	0.001389043754
113197	0.0001348821957
113198	0.0004215701636
113199	0.001067714923
113200	0.001515470671
113201	0.0006558140253
113202	0.0006197962583
113203	0.001011451156
113204	0.001184201162
113205	0.001921432017
113206	0.0003509797188
113207	0.003196981225
113208	0.0002371797703
113209	0.002012588124
113210	0.0002824966912
113211	0.0008524635801
113212	0.0030761792
113213	8.483256989e-06
113214	0.0001916881549
113215	0.001942066851
113216	0.0008773328988
113217	0.001630464839
113218	0.003002370452
113219	0.0006948540074
113220	0.0004558972542
113221	0.000221066105
113222	0.001346611756
113223	0.0004398012219
113224	0.002528457869
113225	0.002058885842
113226	0.0004076639183
113227	0.001175306782
113228	0.0009477788509
113229	0.000770260227
113230	0.001664787818
113231	0.0004204261334
113232	0.002895952822
113233	0.000408746279
113234	0.0020156874
113235	0.001120935172
113236	0.001016819597
113237	0.001344977087
113238	0.0005072709762
113239	0.0001163491815
113240	0.001039446982
113241	0.0003802824152
113242	0.0009739047663
113243	0.0002466214932
113244	0.001278549604
113245	0.001529176137
113246	0.001305798167
113247	0.001867116307
113248	0.001470501721
113249	0.001282035303
113250	0.001490250717
113251	0.002269880191
113252	0.001310441844
113253	0.001023499504
113254	0.0005308159727
113255	0.0001381833723
113256	0.0002155331082
113257	0.0002373151977
113258	0.0006825690298
113259	0.002536428924
113260	0.0009894307457
113261	0.004185600782
113262	0.001232014731
113263	0.0006408369111
113264	0.001360726031
113265	0.0007827406587
113266	0.0001672486067
113267	0.001889239499
113268	1.376297233e-07
113269	0.001631063905
113270	0.001985699343
113271	0.001850707793
113272	0.0008339273377
113273	2.459491526e-05
113274	0
113275	0.0002183851376
113276	0.0009234366062
113277	0.0004645514401
113278	0.0005189519833
113279	0.0008724627421
113280	0.0001458294035
113281	0.0008386520498
113282	0.0001391497636
113283	0.0004861208268
113284	0.0006206689377
113285	0.0002972043207
113286	0.0001129466554
113287	0.0008578492153
113288	0.0003934380218
113289	0.0005239165857
113290	0.0003897541327
113291	0.0002014562519
113292	0.0004557423239
113293	0.0005392825703
113294	0.002059375676
113295	0.0008360116626
113296	0.0002395996308
113297	0.002048777754
113298	0.001177400304
113299	0.001392179481
113300	0.001872226706
113301	0.000732078105
113302	0.001125482244
113303	0.0009605072119
113304	0.001057465271
113305	0.001556052866
113306	0.001221811386
113307	0.003978233222
113308	0.0005542944697
113309	0.001118557311
113310	0.0011936672
113311	0.00119394356
113312	0.00128174479
113313	0.002372934242
113314	0.004769586025
113315	0.0005780733132
113316	0.008155554574
113317	0.0005828202566
113318	0.0008754984943
113319	0.003926486124
113320	0.002718085683
113321	0.001671962335
113322	0.007305973529
113323	0.002054689059
113324	0.003557381554
113325	0.003257982768
113326	0.0004045658531
113327	0.01006716043
113328	0.00166758228
113329	0.005564011679
113330	0.001267273266
113331	0.00240199864
113332	0.0005105261682
113333	0.0003990820351
113334	0.0006260011683
113335	0.002516103534
113336	0.003693797963
113337	0.0001001438851
113338	0.0005254016162
113339	0.000564642224
113340	0.001924805108
113341	0.002202822645
113342	0.003529837674
113343	3.556246319e-05
113344	0.0006350193752
113345	0.0009214180732
113346	0.0001921807679
113347	0
113348	0.001532312321
113349	0.002803861357
113350	0.0007376104765
113351	0.004250027403
113352	0.0001326747369
113353	0.001597021217
113354	0.0001307567809
113355	0.0004635579735
113356	0.0001510358417
113357	0.001067732521
113358	0.003887910725
113359	0.002843748306
113360	0.0001862978673
113361	0.0005443771739
113362	0.001217707299
113363	0.001801010348
113364	0.0002027437833
113365	0.0003646471407
113366	0.0003173039821
113367	0.0006098753947
113368	0.002687313335
113369	6.170947098e-07
113370	0.001792396919
113371	0.001009764086
113372	0.0002715127807
113373	0.0002765261257
113374	0.001853436786
113375	0.001255184952
113376	0.0005540556291
113377	0.0005047937239
113378	0.00112961872
113379	0.00167458254
113380	0.002040696684
113381	0.0007918834233
113382	0.0008772191034
113383	0.0006626277845
113384	0.0001432635633
113385	0.0001313376627
113386	0.0008939012858
113387	4.54386463e-07
113388	0.0002234331928
113389	0.001524485908
113390	0.0009067237797
113391	0.002347598807
113392	0.001143371444
113393	0.001483847839
113394	0.0006613429448
113395	3.45387078e-07
113396	0.0004125614893
113397	0.001608440489
113398	0.001369524281
113399	0.001905034877
113400	0.000835264731
113401	0.00030438224
113402	0.001521532774
113403	0.001914154985
113404	0.000145289169
113405	0.001148976965
113406	0.000141935556
113407	0.000568640293
113408	0.00153373662
113409	0.0009243992262
113410	0.001172946664
113411	0.002393627243
113412	0.0002888153349
113413	0.002232492479
113414	0.002177326703
113415	0.001333724705
113416	0.00115254577
113417	0.001005467316
113418	0.0005024913784
113419	0.001049257898
113420	0.0006094599903
113421	0.0005905194213
113422	0.002053209213
113423	0.0008967453666
113424	0.001478174497
113425	0.0009660025259
113426	0.0007625110916
113427	0.0003700703722
113428	1.524317009e-06
113429	0.001833667182
113430	5.461626464e-05
113431	0.0008900250119
113432	0.001011104911
113433	0.00094793258
113434	0.000304395814
113435	0.0004450863249
113436	0.0005472491116
113437	0.002442224643
113438	0.001784793756
113439	0.001057437824
113440	0.0001519530074
113441	0.00153048343
113442	0.002799323921
113443	0.001515477294
113444	0.0004065498583
113445	0.001936575495
113446	0.00142444319
113447	0.0001944094264
113448	0.001199996384
113449	0.0009659479713
113450	0.0006090102595
113451	0.0002094176006
113452	0.001289754647
113453	0.001289963133
113454	0.000224329898
113455	0.0006664599849
113456	0.001077294864
113457	0.0008714031337
113458	0.003058421116
113459	0.000871211812
113460	0.0006136110111
113461	0.0005417178277
113462	0.002753934848
113463	0.001306040695
113464	0.0005830111754
113465	0.002762154307
113466	0.0003486063484
113467	0.001405040956
113468	0.001098078403
113469	0.002030860714
113470	0.002222711092
113471	0.0008973274051
113472	1.595745695e-05
113473	0.00140643967
113474	0.0002774547135
113475	0.0005844379154
113476	0.000502780772
113477	0.001754616436
113478	0.0004028300779
113479	0.00132709024
113480	0.0002776958944
113481	0.0002227120209
113482	0.001724966688
113483	0.001414456664
113484	0.001157237589
113485	8.826499249e-05
113486	0.001239788059
113487	0.002237820727
113488	0.0008739825091
113489	0.0005767696538
113490	0.001015394384
113491	0.0005026054867
113492	0.0007157613807
113493	0.0003329298227
113494	0.001264465594
113495	0.0003823985128
113496	0.0008283894222
113497	1.182030084e-05
113498	3.238972159e-07
113499	0.001290082864
113500	0.001180052937
113501	0.0005780251882
113502	9.861676443e-05
113503	0.002447981007
113504	8.704329644e-05
113505	0.0009315609243
113506	0.0001403598988
113507	0.002162143517
113508	0.0005937667848
113509	0.0001259716057
113510	0.0008623410131
113511	0.000509216305
113512	0.001776344854
113513	2.105488304e-05
113514	0.0008949563911
113515	0.001611851439
113516	0.002125830102
113517	0.001275372148
113518	0.0002997479981
113519	0.001846986668
113520	0.001146779713
113521	0.001179929625
113522	0.0008636873239
113523	0.004074171268
113524	0.00097025306
113525	0.000480284404
113526	0.0009031950135
113527	0.001343427472
113528	0.0006165631827
113529	0.0003057067647
113530	0.001290277822
113531	0.0004720638713
113532	0.0008861059288
113533	0.0004703987276
113534	0.0004614193064
113535	0.0002623600281
113536	0.0005667707879
113537	0.0007462058261
113538	6.293745904e-07
113539	0.0004604366857
113540	0.000540048643
113541	0.0002898891087
113542	0.001021451688
113543	0.0005648904125
113544	0.002144676961
113545	0.0008715328481
113546	0.0005910900079
113547	0.0002757459854
113548	0.0005134524349
113549	0.0008305407117
113550	0.0006035965853
113551	0.0001921370541
113552	0.0003922316499
113553	0.0001003797955
113554	0.0005304212275
113555	0.006667300556
113556	0.001162200324
113557	0.004855350791
113558	0.0001437992906
113559	1.817596794e-05
113560	0.0001643404959
113561	0.001572103574
113562	0.003366545093
113563	0.002709621775
113564	0.002321827532
113565	0.0008784225355
113566	0.001393001355
113567	6.653328053e-05
113568	0.003080106378
113569	0.00225506013
113570	0.007970710411
113571	0.0002695763662
113572	0.002128915699
113573	0.003952201215
113574	0.004134086562
113575	0.007473054017
113576	0.0001416753409
113577	0.0002320463012
113578	0.0005430561146
113579	0.002252863943
113580	0.0008612679389
113581	0.001700203119
113582	0.0008039493441
113583	0.003331467106
113584	0.001021200284
113585	0.000317275694
113586	0.001125694275
113587	0.003920451762
113588	0.000317115955
113589	0.002483793596
113590	0.00167166244
113591	0.001935397673
113592	6.930438336e-05
113593	0.002100036956
113594	0.0008730579972
113595	0.003274838514
113596	0.0006286897305
113597	0.0005935438625
113598	0.003047582518
113599	0.007761035025
113600	0.00384004035
113601	0.001037860714
113602	0.002565353161
113603	0.004533774104
113604	7.500095074e-05
113605	0.004107588617
113606	0.0009709875076
113607	0.002990952578
113608	0.004474822738
113609	0.003214021484
113610	0.002302482451
113611	0.003421660148
113612	0.0003260009724
113613	0.004813856519
113614	0.001311285824
113615	0.0002780814609
113616	0.0006629173015
113617	0.0006278274962
113618	0.00348676989
113619	0.005179349048
113620	0.002354830421
113621	0.003403276912
113622	0.0004790839074
113623	0.002074902119
113624	0.0008326785818
113625	2.061826693e-05
113626	0.001035900243
113627	0.004577719627
113628	0.002557251321
113629	0.0006286320951
113630	0.0003042256716
113631	0.0001314205372
113632	0.002018078389
113633	0.004117998237
113634	0.00325919271
113635	0.002842045217
113636	0.0009392288668
113637	0.003558794125
113638	0.001262155826
113639	0.003642514591
113640	0.0007447605918
113641	0.0009042893886
113642	0.0001175511828
113643	0.000379525729
113644	0.0003792878175
113645	0.0002674291367
113646	0.0006675806323
113647	0.001226281872
113648	0.00139702106
113649	0.0014208383
113650	0.0006095249033
113651	0.001053678968
113652	0.0005999258028
113653	0.00163095925
113654	0.0007530558395
113655	0.002681791463
113656	0.0009693511788
113657	0.0003981808369
113658	0.001237641963
113659	0.0009638168945
113660	0.0005158360813
113661	0.002277151907
113662	0.001214702298
113663	0.005091170244
113664	0.002004194782
113665	0.004027208013
113666	0.002828181088
113667	0.000668066831
113668	0.001362116624
113669	0.002348947425
113670	0.003172835016
113671	0.0007668613973
113672	0.001600280816
113673	0.004313936933
113674	0.002368601684
113675	0.001775209667
113676	0.003778954273
113677	0.002426404901
113678	0.001660564019
113679	0.003434059311
113680	0.002282071338
113681	0.003888878146
113682	0.002396047219
113683	0.0001971146466
113684	0.0004165733303
113685	0.001973406425
113686	0.002265192961
113687	0.002141338966
113688	0.001487788574
113689	0.002322868978
113690	0.0004568038617
113691	0.003816505861
113692	0.002402390405
113693	0.005725097745
113694	0.003253827965
113695	9.650251769e-05
113696	0.002165770528
113697	0.002396842377
113698	0.001206498152
113699	0.0004408837028
113700	0.006949045183
113701	0.0008798379861
113702	0.001599565607
113703	0.001496992552
113704	0.001506228475
113705	0.002940955638
113706	0.001004971996
113707	0.001560440446
113708	0.002593530445
113709	0.002911990019
113710	0.003170835932
113711	0.0003313731163
113712	0.0004341635596
113713	5.46188088e-05
113714	0.0002553855867
113715	0.0009592894872
113716	2.379810235e-05
113717	0.0006745037791
113718	0.001497164013
113719	0.00155382398
113720	0.0004199217282
113721	0.001732967227
113722	0.001428916942
113723	0.003030066159
113724	0.0004293267072
113725	0.0002664385551
113726	0.0007598449849
113727	2.723353625e-05
113728	0.00136511252
113729	0.0003526623967
113730	0.001155705731
113731	0.0004854390177
113732	0.001673089407
113733	0.0009320598366
113734	0.0009324255722
113735	0.002532545252
113736	0.004385933504
113737	0.0009786761379
113738	0.0009173613612
113739	0.0002759156785
113740	0.003617496975
113741	0.004892700449
113742	0.001056979576
113743	0.0008182712912
113744	0.00456652328
113745	0.002314414304
113746	0.0008102229082
113747	0.000382435499
113748	0.002589078404
113749	0.0009662836789
113750	0.001882207212
113751	0.00326033521
113752	0.0005557656643
113753	0.0001869966566
113754	0.006178713231
113755	0.003922226527
113756	0.0007462598209
113757	0.005588433703
113758	0.001309105266
113759	0.002953621119
113760	0.0007593930966
113761	0.0002727587687
113762	5.258794801e-05
113763	0.002956323265
113764	0.0005667176438
113765	0.003845428694
113766	0.0003159723812
113767	0.002510087706
113768	0.0007134405477
113769	0.001236691919
113770	0.002992397049
113771	0.0007591322898
113772	0.000391460315
113773	0.0001190329525
113774	0.004197331512
113775	0.0004969588092
113776	0.001184926193
113777	0.006430718474
113778	0.0001609933123
113779	0.000573762106
113780	0.0037709271
113781	0.00069346221
113782	0.0005541648351
113783	0.002946733874
113784	0.004655179719
113785	0.001858818771
113786	0.0008501131817
113787	0.001285914058
113788	0.001045098362
113789	0.001796499775
113790	0.002401919398
113791	0.006157143194
113792	0.002230358279
113793	0.001615371024
113794	0.001749729591
113795	0.001533003474
113796	0.001706326482
113797	0.001665832305
113798	0.001839937161
113799	0.001433564363
113800	0.001213322558
113801	0.002319916309
113802	0.001933135207
113803	0.001558852453
113804	0.001433042193
113805	0.001976192374
113806	0.001688091539
113807	0.001845068746
113808	0.00143967214
113809	0.001667942185
113810	0.002012237885
113811	0.001508436604
113812	0.002220556433
113813	0.001946898144
113814	0.004145282926
113815	0.0007741084839
113816	0.004293245673
113817	0.002854564394
113818	0.001287309952
113819	0.0005863079583
113820	0.0007359975936
113821	0.0004788805689
113822	7.481084531e-05
113823	0.0005247044074
113824	0.002192285302
113825	0.005303570967
113826	0.0001854746669
113827	0.002435398325
113828	0.001758457715
113829	0.0003254642487
113830	0.001124862409
113831	0.003413793315
113832	0.001498837924
113833	0.0005038137534
113834	0.003306000401
113835	0.002055897648
113836	0.0001538202385
113837	0.0004405688071
113838	0.005439587558
113839	0.001500260511
113840	0.00452147154
113841	0.003815547192
113842	0.002569955755
113843	0.002476105236
113844	0.00293104391
113845	0.0009278756144
113846	0.001991747973
113847	0.001797672138
113848	0.00422887075
113849	0.0009573868006
113850	0.003965173127
113851	0.001133247411
113852	0.004981448082
113853	0.003292230385
113854	0.001323236039
113855	0.0002317314256
113856	0.000352082114
113857	0.002260967131
113858	0.004183374583
113859	0.005223084705
113860	0.004580125075
113861	0.0002743542911
113862	0.006191707616
113863	0.0004994410687
113864	0.0007779808713
113865	0.0003087746598
113866	0.0001345228376
113867	0.003341851785
113868	0.001351821314
113869	0.002099820199
113870	0.001033084605
113871	0.006090347037
113872	0.0003943503642
113873	0.001358303795
113874	0.005012153966
113875	0.0008090181062
113876	0.0001077962353
113877	0.001709086131
113878	0.002011353598
113879	0.001651690703
113880	0.001433935164
113881	0.0024588537
113882	0.001349688514
113883	0.0009489464907
113884	0.006388733019
113885	0.0005231858608
113886	0.0005683655501
113887	0.003178209484
113888	0.0005660108537
113889	0.001463787983
113890	0.006443455191
113891	0.001509484246
113892	0.003390773717
113893	0.00529007225
113894	0.001432669953
113895	0.001002229955
113896	0.0006040380885
113897	0.007087427206
113898	0.0005399895477
113899	0.006232462412
113900	0.01170654611
113901	0.001560653659
113902	0.0006912463141
113903	8.035103505e-06
113904	3.924634972e-05
113905	0.0003307544497
113906	0.0003485826012
113907	0.000903935471
113908	7.781510505e-05
113909	0.000247020353
113910	0.004372579533
113911	0.0002061168803
113912	0.002411325964
113913	0.001922982142
113914	0.0007237139705
113915	0.002509888124
113916	0.001155452988
113917	0.00304803491
113918	0.0006296758544
113919	0.006407201998
113920	0.0003253595518
113921	0.0002666881213
113922	0.0006724738848
113923	0.003618730218
113924	0.0004323326855
113925	0.0005868040932
113926	0.002003640587
113927	0.0004846202445
113928	0.003388029841
113929	0.002263987027
113930	0.004601958312
113931	0.002866366716
113932	0.001586032067
113933	0.0002338887345
113934	0.0009761600976
113935	0.0005303538088
113936	0.0006541578175
113937	0.0001993870363
113938	0.002595634417
113939	0.002290075249
113940	0.0006536787966
113941	0.001026315808
113942	0.002169415163
113943	0.001019871335
113944	0.004389913554
113945	0.002398732997
113946	0.003431673638
113947	0.001185076024
113948	0.004250369442
113949	0.0008469525604
113950	0.0008857562303
113951	0.001016993919
113952	7.877979782e-05
113953	0.0001737732433
113954	0.0004372569048
113955	0.001237870818
113956	0.003426401798
113957	0.0002244623546
113958	0.002757574125
113959	0.0005529347293
113960	0.003558220203
113961	0.0009409346837
113962	0.002044576929
113963	0.0108768961
113964	0.006305665131
113965	0.0008686637288
113966	0.0009811094731
113967	0.0003512053877
113968	0.0002198047342
113969	0.002384530236
113970	0.0002227264671
113971	0.001435654859
113972	0.0003076997135
113973	0.001741422737
113974	0.0006771049259
113975	0.002263398218
113976	0.001118264506
113977	0.002073200353
113978	0.001189646989
113979	0.0014869219
113980	0.0004187424801
113981	0.005463544203
113982	0.005138372246
113983	0.001487293007
113984	0.00110078969
113985	0.002305317902
113986	0.003609560294
113987	0.0007549224602
113988	0.0009927157387
113989	0.0004013828021
113990	0.001094509417
113991	0.002725803798
113992	3.918628514e-05
113993	0.003254456195
113994	0.0007015076401
113995	0.002611591732
113996	0.001232061367
113997	0.002315852042
113998	0.0008183258278
113999	0.0009617043918
114000	0.002215865875
114001	0.002027118831
114002	0.002692092522
114003	0.001198246836
114004	0.001161818709
114005	0.001480245018
114006	0.001925144342
114007	0.0006579658047
114008	0.003054673637
114009	0.004758897485
114010	0.0001974632862
114011	0.00654090036
114012	0.001094288331
114013	0.00279177624
114014	0.004193820931
114015	0.001454186725
114016	0.001427383126
114017	1.54253094e-05
114018	0.004844057035
114019	0.004936996618
114020	0.003911062239
114021	0.006021038289
114022	0.0003755071161
114023	0.003509122779
114024	0.001238701448
114025	0.000190085834
114026	0.0002382186932
114027	0.000162859042
114028	0.002292742691
114029	0.003275656842
114030	0.0006337747519
114031	0.001138502978
114032	0.003424516936
114033	0.001155097837
114034	0.004049566335
114035	0.001640159047
114036	0.003025051194
114037	0.003112321019
114038	0.002788811852
114039	0.004074312609
114040	0.002832828138
114041	0.002794268616
114042	0.00230154158
114043	0.002830581736
114044	0.001619739994
114045	0.002338192493
114046	0.0006139734484
114047	0.003890092427
114048	0.002811046359
114049	0.002493859176
114050	0.002100850991
114051	0.002340688962
114052	0.003369661771
114053	0.0009293953764
114054	0.001760970046
114055	0.002496834317
114056	0.00156942529
114057	0.001565618881
114058	0.005514115576
114059	0.001190086733
114060	0.005843208812
114061	0.001648794462
114062	5.536414241e-05
114063	0.004636644749
114064	0.001432263137
114065	0.001063679185
114066	0.001047481496
114067	4.016913089e-05
114068	5.767247468e-05
114069	0.0008749836581
114070	0.0005080929196
114071	0.00386657777
114072	0.002809491147
114073	0.001320336128
114074	0.002686304356
114075	0.0004067547548
114076	0.001164921443
114077	0.0002810177426
114078	0.0001468105589
114079	0.0007953406263
114080	0.0001826023111
114081	0.0001133921812
114082	0.004492156797
114083	0.0002002615681
114084	0.001169894023
114085	0.002010427265
114086	0.002161164287
114087	0.0003740707456
114088	0.001857681739
114089	0.003507823433
114090	0.002084031514
114091	0.002574591325
114092	0.001204904187
114093	0.0006668217071
114094	0.0001473955912
114095	0.006037688372
114096	0.001196623421
114097	4.756837019e-05
114098	2.75791161e-05
114099	0.001083912225
114100	0.001639877604
114101	0.001175910856
114102	0.0006964375964
114103	0.00461629887
114104	0.001022806299
114105	0.0002631939573
114106	0.0009350466367
114107	0.00369755219
114108	0.002812562216
114109	0.0006660088694
114110	0.00158143989
114111	0.000366618326
114112	4.280521524e-08
114113	0.0005360945821
114114	0.0001320644294
114115	0.002981804673
114116	0.003383634966
114117	0.003694072475
114118	0.003968182489
114119	0.004036800442
114120	0.00188409544
114121	0.002171453794
114122	0.0008184629672
114123	0.0008768301015
114124	0.0009107910713
114125	0.004288934014
114126	0.0003416191033
114127	0.005373354937
114128	0.003293731218
114129	0.00253394992
114130	0.003291588846
114131	0.0001157258939
114132	0.003271782962
114133	0.001892780813
114134	0.0005613011522
114135	0.003218484218
114136	0.000597735689
114137	0.003898168053
114138	0.0003042848799
114139	0.001230544928
114140	0.001664606869
114141	0.009032885176
114142	0.001496599995
114143	0.002655012231
114144	0.005962667417
114145	0.0004578288766
114146	0.004278445231
114147	0.001172835455
114148	0.0004671756736
114149	0.005382415392
114150	0.0003440885083
114151	0.001691551255
114152	0.0001517817066
114153	0.0003737635195
114154	0.00158443279
114155	0.002528745403
114156	4.416940652e-06
114157	0.001782098018
114158	0.001768333527
114159	0.0005898969861
114160	0.0002816144317
114161	0.000777583862
114162	0.001016446758
114163	0.002108408318
114164	0.002210184805
114165	9.548011885e-05
114166	0.001808525297
114167	0.003064003353
114168	0.001356926672
114169	0.001607866673
114170	0.001847995723
114171	0.002630888649
114172	0.001872540782
114173	0.001528408163
114174	0.001628522976
114175	0.00150877796
114176	0.00270721442
114177	0.0009436300842
114178	0.001490511297
114179	4.287760529e-06
114180	0.007253194098
114181	0.0004293096497
114182	0.001501658083
114183	0.001088466226
114184	0.0009731915651
114185	0.0005587657543
114186	0.001366958221
114187	0.0002661087794
114188	0.002825942667
114189	0.000352450885
114190	0.0007669143184
114191	0.003435566351
114192	0.001948537165
114193	0.005696622981
114194	9.683596862e-06
114195	0.001101714547
114196	0.0008098247312
114197	0.002793421665
114198	0.002278076106
114199	0.0004218320253
114200	0.001568909947
114201	0.003987685521
114202	0.002267904912
114203	0.003914587315
114204	0.00186052263
114205	0.0004234446746
114206	0.004492493192
114207	0.001192361747
114208	0.0003394486568
114209	0.001636553226
114210	0.0003453152832
114211	0.0009601015719
114212	0.0005854458567
114213	0.0005552922784
114214	0.001478230663
114215	0.001184762058
114216	0.0004271690643
114217	0.001119526794
114218	0.003421015493
114219	0.0009292630153
114220	0.0002800241829
114221	0.0002556192181
114222	0.001579674945
114223	0.002803491163
114224	0.003175001241
114225	0.00199242146
114226	0.003075417791
114227	0.001119802508
114228	0.000357722377
114229	0.001367131458
114230	0.0006676077978
114231	0.0002424677386
114232	0.002775502446
114233	0.001519257092
114234	0.0008967043451
114235	0.0004901276081
114236	0.001812586679
114237	3.216055475e-05
114238	0.00126000651
114239	0.001257618036
114240	0.0002268653648
114241	0.0001072879543
114242	0.0003154387977
114243	0.002326346463
114244	0.0002378838427
114245	0.0002965546749
114246	0.0001925851687
114247	0.00015786053
114248	0.0006561067396
114249	6.479837336e-05
114250	0.007533533156
114251	0.00291208828
114252	0.001069865034
114253	0.002060482355
114254	0.003600740021
114255	0.0005169556028
114256	0.003387817984
114257	0.001045432202
114258	0.003420103352
114259	0.001282299308
114260	0.001809699491
114261	0.002909075812
114262	0.001081105304
114263	0.001518073412
114264	0.0001123119396
114265	0.0009751796092
114266	0.001378418605
114267	0.001590453012
114268	0.002071808854
114269	0.0005868393124
114270	0.0002677005002
114271	0.0009265307109
114272	0.0009369367562
114273	0.002207374886
114274	0.002692442209
114275	0.0007840776789
114276	0.001996837753
114277	0.003922482182
114278	0.002180658185
114279	3.699612132e-05
114280	0.001602763116
114281	0.002574266899
114282	0.001923857419
114283	0.0007215501451
114284	0.002564356958
114285	0.0002821827937
114286	0.002202166544
114287	0.004067752737
114288	0.001449604522
114289	0.000562727928
114290	0.001083418442
114291	0.0003746929071
114292	0.003246462145
114293	5.347116792e-05
114294	0.0003395140626
114295	0.003161940542
114296	0.0004205789944
114297	0.002312915275
114298	0.0001111956531
114299	0.0004858940943
114300	0.0001703460137
114301	0.002819883476
114302	0.001951212639
114303	0.0001622389994
114304	0.002950682379
114305	0.003772975951
114306	0.000345167372
114307	0.002341216781
114308	0.002530357508
114309	0.0008978682112
114310	0.00278771151
114311	0.002010742067
114312	0.001636108088
114313	0.003369460407
114314	0.001636187856
114315	0.0002596461672
114316	0.001270157483
114317	0.0006281421866
114318	0.0005157431595
114319	0.002508039263
114320	0.00289472181
114321	0.00161730461
114322	0.0002725439627
114323	0.009689749585
114324	0.001026588339
114325	0.006276080952
114326	0.003136074933
114327	0.006414205493
114328	0.0008723444593
114329	0.006384444107
114330	0.0009214118682
114331	0.0006394153348
114332	0.0006344942757
114333	0.001688786424
114334	0.002033517809
114335	0.0001280584937
114336	0.0006526100985
114337	0.0008288775429
114338	0.005849882197
114339	0.002758163535
114340	0.001719502926
114341	0.002801968182
114342	0.002606446156
114343	0.0006738662079
114344	0.0001890456459
114345	0.001046101247
114346	0.002920012334
114347	0.001978699854
114348	4.90521934e-05
114349	0.001298291019
114350	0.001475449607
114351	0.0002952529241
114352	0.0001807281816
114353	0.0004087183726
114354	0.0002983488157
114355	0.0004273202681
114356	0.0005601937106
114357	0.0004525613384
114358	0.0001237085865
114359	0.0003616782691
114360	0.0004870495435
114361	0.0007759395612
114362	0.001864445594
114363	0.001426682391
114364	0.001432040269
114365	0.001473125439
114366	0.005189372677
114367	0.002878534836
114368	0.0002385201798
114369	0.001110646021
114370	0.004092914911
114371	0.002279306117
114372	0.003655582953
114373	0.0004100652758
114374	0.0008751635682
114375	0.0004671790602
114376	0.0004251566101
114377	0.0001536861123
114378	0.0003130785849
114379	0.000316191947
114380	5.746715296e-05
114381	0.0007780405893
114382	0.001076046148
114383	0.001547362718
114384	0.0001162552834
114385	5.582012636e-05
114386	0.0002352653142
114387	0.003235939062
114388	0.002591018797
114389	0.0009103335253
114390	0.005416159788
114391	0.005422789262
114392	0.005664853784
114393	0.002618665003
114394	0.003969837301
114395	0.0003807797433
114396	0.003134895548
114397	0.001669424244
114398	0.001574703122
114399	0.008914366201
114400	0.0008135582347
114401	0.0006472800474
114402	0.000406878428
114403	0.000907750028
114404	0.001654889754
114405	0.002073611357
114406	0.0005141744664
114407	0.000598359951
114408	0.001642386785
114409	0.003076863789
114410	0.0002779052513
114411	0.0008262389499
114412	0.0006183395779
114413	0.001086389019
114414	4.907318072e-05
114415	0.0006525914439
114416	0.0006714576173
114417	0.001994834367
114418	0.001150919007
114419	0.000188441598
114420	0.001264689373
114421	0.0001434374134
114422	0.0006129514587
114423	0.002527534968
114424	0.0003065907557
114425	0.0004573667777
114426	0.0005406347603
114427	0.002575485621
114428	0.0005385411449
114429	0.002007026258
114430	0.002445373507
114431	0.005821613242
114432	0.001185978788
114433	0.0001982585952
114434	0.00213017551
114435	0.000298499958
114436	0.001998753421
114437	0.001803844648
114438	0.001311415257
114439	0.0008385517676
114440	0.001929103828
114441	0.001209502237
114442	0.001809674903
114443	0.001760145969
114444	0.001511461359
114445	0.0006900818774
114446	0.001746433814
114447	0.001058667891
114448	0.0008340709806
114449	0.003801878473
114450	0.0006781011091
114451	0.002766913419
114452	7.228269587e-05
114453	0.005700133144
114454	0.00146141529
114455	0.003008152559
114456	0.0006712971302
114457	0.004667769797
114458	0.002079547506
114459	0.001285835485
114460	0.003426674011
114461	3.391211647e-05
114462	0.0004295797609
114463	0.0009792289305
114464	0.0002221447158
114465	0.0003287057405
114466	2.062044901e-05
114467	0.0007586373413
114468	0.0005201984824
114469	0.0004294186008
114470	0.0004285125763
114471	0.0003706827995
114472	0.0005229823147
114473	0.0008796238973
114474	0.00380057303
114475	0.001748723914
114476	0.003271851236
114477	0.003811446093
114478	0.0021258283
114479	0.001915287538
114480	0.004150816676
114481	0.0009637476277
114482	0.002559993031
114483	0.005363462498
114484	0.002181926744
114485	0.002050998355
114486	0.003569317383
114487	0.004135279425
114488	0.0001467516476
114489	0.001168780289
114490	0.002595795085
114491	0.002439739864
114492	0.005006656693
114493	0.003243717516
114494	0.0007104506186
114495	0.001743024536
114496	0.0001489047141
114497	0.002621550912
114498	0.002751729214
114499	0.005576013327
114500	0.000186229764
114501	0.0005539258996
114502	0.000958894443
114503	0.004191700218
114504	0.0004016646781
114505	0.0026686989
114506	0.004005817249
114507	0.002008318661
114508	0.0004916075634
114509	0.001373167867
114510	0.005841238495
114511	0.003411633172
114512	0.002119567715
114513	0.00483555479
114514	0.0008524793083
114515	0.003785787848
114516	0.001994313148
114517	0.00378685651
114518	0.0007845425749
114519	0.0001405707576
114520	0.005722075226
114521	0.001381041087
114522	0.000398811979
114523	0.0005722150324
114524	0.0001135198521
114525	0.005366178255
114526	0.001840882689
114527	0.006122852829
114528	0.00181576035
114529	0.0002254916413
114530	0.0003833337553
114531	0.001174009567
114532	0.005140025158
114533	0.002668246013
114534	0.002399771421
114535	0.002337235901
114536	0.004794836355
114537	0.000266128256
114538	0.000335207557
114539	0.0003991682315
114540	0.0003764422017
114541	0.0002496622853
114542	0.0006339205883
114543	0.001019404088
114544	0.0005697891137
114545	0.000500956272
114546	0.001576819317
114547	0.002267639184
114548	0.002531352137
114549	0.003658537066
114550	0.001626330276
114551	0.002258496799
114552	0.001432764189
114553	0.000264531737
114554	0.00248271175
114555	9.958764791e-05
114556	0.002353288999
114557	0.0002330776959
114558	0.002911127992
114559	0.001928186444
114560	0.0009764787649
114561	0.0004487321834
114562	0.0004852114574
114563	0.0003606900021
114564	0.0003374952434
114565	0.003052663342
114566	0.0002157899916
114567	0.001248612192
114568	0.0001440879075
114569	0.004290713997
114570	0.0002703199985
114571	0.002207194664
114572	7.35289079e-05
114573	0.002618864614
114574	0.004552071147
114575	0.000889124558
114576	0.0002657849695
114577	0.0008044392063
114578	0.003382774052
114579	0.002850031082
114580	0.0002560590495
114581	0.00228905941
114582	0.004934437849
114583	0.0008183146035
114584	0.001664453085
114585	0.0006417932746
114586	0.004280793364
114587	0.001397355922
114588	0.003274539858
114589	0.003465416526
114590	0.005952452071
114591	0.0003879186857
114592	0.001100172869
114593	0.003377542315
114594	0.00050092519
114595	0.002370096123
114596	3.140866763e-05
114597	0.00289521112
114598	0.007747165932
114599	0.002079456658
114600	1.605336387e-05
114601	0.0001876074347
114602	0.004334879604
114603	0.0008970783659
114604	0.002479406509
114605	0.0004809028696
114606	0.0007780097855
114607	0.002518504901
114608	0.002858598601
114609	0.000638683758
114610	6.711341521e-05
114611	0.003285817383
114612	0.00493521227
114613	0.0001953922394
114614	0.001722317587
114615	0.001491138474
114616	0.003134816165
114617	0.002003754034
114618	0.004009148767
114619	0.001079055638
114620	0.006067593187
114621	0.001263500259
114622	0.003225239643
114623	0.006649092723
114624	0.001370052175
114625	0.0008292698027
114626	0.002236331771
114627	0.0006529932104
114628	0.0004922380302
114629	0.0001473563067
114630	0.0002179765958
114631	0.001262827468
114632	0.002454321892
114633	0.002040864271
114634	0.002774581802
114635	0.002751316315
114636	0.0001195004633
114637	8.186789796e-09
114638	6.851987127e-09
114639	0.001583919367
114640	0.001229196428
114641	0.002337071036
114642	0.0007521242218
114643	0.001227712733
114644	0.001033635052
114645	0.002665182113
114646	0.005930958388
114647	0.003198374404
114648	0.001692108278
114649	0.0003625682846
114650	0.001744334736
114651	0.001147531144
114652	0.0004195027621
114653	0.0007572121948
114654	9.118059157e-05
114655	0.002998751859
114656	0.004231332579
114657	0.001505167181
114658	0.007774775662
114659	0.001440619254
114660	0.001492784222
114661	4.567831917e-05
114662	0.003273896555
114663	0.005429856889
114664	0.004043958794
114665	0.002114386625
114666	0.0007947414843
114667	0.001768462209
114668	0.004697524698
114669	0.001156668934
114670	0.0007741678852
114671	0.006172337975
114672	0.007143487275
114673	0.0003912585786
114674	0.003819626447
114675	0.004216730176
114676	0.002760027301
114677	0.0005858905249
114678	0.0002637387216
114679	0.004626128152
114680	0.002613653688
114681	0.0003399628267
114682	0.001299847518
114683	0.0001580331886
114684	0.004075130048
114685	0.003508631551
114686	0.004482008538
114687	0.002228064749
114688	0.002991702243
114689	0.00175665684
114690	0.006718310954
114691	0.004127291444
114692	0.005130193108
114693	0.008877871497
114694	0.003808244275
114695	0.0003349792519
114696	0.0003900591308
114697	0.0001532433137
114698	5.466249106e-05
114699	0.001461140737
114700	0.0008676428532
114701	2.050017074e-05
114702	0.0001990158154
114703	0.003737444475
114704	0.0005326880411
114705	0.00176733414
114706	0.003994337041
114707	0.001250654671
114708	0.0008071567346
114709	0.0004193409926
114710	0.0003578784588
114711	0.001234257336
114712	0.001888864972
114713	0.004139196607
114714	0.004737890901
114715	0.0005834044765
114716	0.0004882075274
114717	0.001482272751
114718	0.0007051124922
114719	0.0007021890232
114720	0.002199290922
114721	0.0002362344112
114722	6.14009235e-09
114723	0.0003450248556
114724	0.004387606812
114725	0.00157432226
114726	0.002100481301
114727	0.0009101550567
114728	0.002986025458
114729	7.175136314e-07
114730	0.003622811978
114731	0.004074266395
114732	0.001868245812
114733	0.00163837975
114734	0.0005360434567
114735	0.0014866687
114736	0.0004438296197
114737	0.000688909755
114738	0.001260374501
114739	0.004058960187
114740	0.004660173681
114741	0.0002942357769
114742	0.005082989574
114743	0.0002942842751
114744	0.003533402071
114745	3.60416425e-05
114746	0.001074552543
114747	0.001719202526
114748	0.002111035019
114749	0.002042990079
114750	0.002361441012
114751	0.001158330303
114752	0.001537879878
114753	0.001944852268
114754	0.003816322544
114755	0.001930239499
114756	0.001225857092
114757	0.007440133841
114758	0.001975671766
114759	0.003796366842
114760	0.0003862083137
114761	0.0005316441029
114762	0.002835186706
114763	0.0001672748626
114764	0.0001566856699
114765	0.001560149139
114766	0.0009574425901
114767	0.001722779944
114768	0.001299375929
114769	0.001834208024
114770	0.006306347211
114771	0.001206592838
114772	0.003068929676
114773	0.004814486602
114774	0.00119178129
114775	0.002204985774
114776	0.001739062748
114777	0.006527247887
114778	0.001550723467
114779	0.001138032298
114780	0.003674859379
114781	0.001940675854
114782	0.001196794026
114783	0.003697045664
114784	0.004827996922
114785	0.001297752042
114786	0.004850544459
114787	0.003199918783
114788	0.004161461409
114789	0.006490701766
114790	0.001764418079
114791	0.00120522777
114792	0.003145495173
114793	0.002922246208
114794	0.003075645157
114795	0.00145700991
114796	0.0001870600865
114797	0.003694859495
114798	0.002144158859
114799	0.001947873052
114800	0.0001123497658
114801	0.0003771808477
114802	0.0010343933
114803	0.003461431532
114804	0.00360671065
114805	0.002474653622
114806	0.002278267054
114807	0.001227262871
114808	0.001309196351
114809	0.0006828418825
114810	0.005679767897
114811	0.001695224506
114812	0.003450264908
114813	0.0001670347583
114814	0.0007940872449
114815	0.003700115451
114816	0.001275261104
114817	0.002269458765
114818	0.002664842101
114819	0.0004429922479
114820	0.002193820824
114821	0.0002423856656
114822	0.005609339929
114823	0.0009437285842
114824	0.002394084753
114825	6.366330627e-05
114826	0.001570791569
114827	0.003637986093
114828	0.002862030744
114829	0.0005238032032
114830	0.003681016173
114831	0.001392354097
114832	0.004649196271
114833	0.00148081616
114834	0.003070850836
114835	0.004163268092
114836	0.0006847349542
114837	0.0002404042839
114838	0.001054571307
114839	0.003179887378
114840	0.002422801493
114841	0.001992792471
114842	0.002793922112
114843	0.0001177625398
114844	0.00110646086
114845	0.00109927778
114846	0.001672436372
114847	0.001375794729
114848	0.0008822145739
114849	0.003051947482
114850	0.001738855266
114851	2.921732003e-05
114852	0.002613339032
114853	0.003257146679
114854	0.002838682939
114855	0.00162103613
114856	0.001014580455
114857	0.001070202218
114858	0.001786538357
114859	0.0004633077666
114860	0.003298807836
114861	0.001149436117
114862	0.007063786759
114863	0.001828090619
114864	0.001213601884
114865	0.0002373462452
114866	0.001221692242
114867	0.0002217942744
114868	0.002661774159
114869	0.000439450996
114870	0.0001837926804
114871	0.000305618445
114872	0.0001134081075
114873	0.0005082659856
114874	0.002081213173
114875	0.0007185815125
114876	0.001563813648
114877	4.191350276e-05
114878	0.001667355045
114879	0.001670731405
114880	0.008575718235
114881	0.001516987382
114882	0.001499163672
114883	0.004626083461
114884	0.001616943336
114885	0.00181955029
114886	0.003691854902
114887	0.002053162152
114888	0.002716832214
114889	0.003163978291
114890	0.003137878353
114891	0.001616728907
114892	0.001233077766
114893	0.001871219263
114894	0.004604609404
114895	0.004914703456
114896	0.001119128025
114897	0.0005296722452
114898	0.004463492166
114899	0.0009522820222
114900	0.001001834281
114901	0.001403540715
114902	0.0001398322365
114903	0.004585240205
114904	0.006229222199
114905	0.00025932101
114906	0.002427882672
114907	0.003549199846
114908	0.001274977382
114909	0.003281998084
114910	0.003599390453
114911	0.0006920428688
114912	0.0006044388497
114913	0.00654805579
114914	0.001038848728
114915	0.003566653836
114916	0.003485324364
114917	0.001413820801
114918	0.003918376224
114919	0.001015303627
114920	0.003403672984
114921	2.9931221e-05
114922	0.001420576079
114923	0.002088959454
114924	0.0002006461551
114925	8.039636798e-05
114926	0.0008694952412
114927	0.007469646804
114928	0.003119472187
114929	0.002853887312
114930	0.003603011754
114931	0.0006118329507
114932	0.002810151769
114933	0.007856525875
114934	0.002203917692
114935	0.003154106584
114936	0.001661289816
114937	0.0007153114467
114938	0.0001176570283
114939	0.001577715314
114940	0.0007030596668
114941	0.001433046605
114942	0.0001600073551
114943	0.0004970449992
114944	0.0007164514111
114945	0.003413382782
114946	0.001427673924
114947	0.002292117722
114948	0.0005296253867
114949	0.001096258632
114950	0.002466813375
114951	0.001063840893
114952	0.001420042541
114953	0.0001394460286
114954	0.001434277661
114955	0.002002734859
114956	0.0006841840503
114957	0.0004151331709
114958	0.002837300779
114959	0.001898679325
114960	0.00231576738
114961	0.0001899307639
114962	0.002534552868
114963	0.001043665852
114964	0.0003442989309
114965	0.00388148427
114966	0.0003941790509
114967	0.0006569984485
114968	0.001752686124
114969	0.004196013775
114970	0.0009071127627
114971	0.002154612311
114972	0.001261262166
114973	0.002074168729
114974	0.00394971849
114975	0.001365722006
114976	0.0006107338859
114977	0.002126900335
114978	0.000349471619
114979	0.001909748578
114980	0.001179340866
114981	0.002982890616
114982	0.0006763222692
114983	0.002122495072
114984	8.301326907e-05
114985	0.006288809562
114986	0.0002464108955
114987	0.002390583063
114988	0.005143356735
114989	0.002147417202
114990	7.282273695e-05
114991	0.0001583616661
114992	0.0007691700081
114993	0.0004692829188
114994	0.0004552675047
114995	0.0009000054091
114996	0.0008992675506
114997	0.0005423419559
114998	0.003421445952
114999	0.00157881868
115000	0.000462759566
115001	0.0009202973641
115002	0.002643792283
115003	0.0008025284319
115004	0.001309618633
115005	0.004986553344
115006	0.001315623519
115007	0.002773763735
115008	0.0004858493289
115009	0.006303264784
115010	0.0009289488645
115011	0.0007454152867
115012	0.0007041915201
115013	0.001577634611
115014	0.001536160285
115015	0.001930856585
115016	0.001798877489
115017	0.002494357163
115018	0.002699036887
115019	0.001651297397
115020	0.005152207157
115021	0.00024835513
115022	0.003678735578
115023	0.001689057334
115024	0.003063846349
115025	0.003608449953
115026	0.0003415147611
115027	0.0003415610401
115028	0.0003399140638
115029	0.0005233048429
115030	0.003871515171
115031	0.003234577158
115032	0.0005904589801
115033	0.000799330422
115034	0.0009628363595
115035	0.0006448530139
115036	0.0003745536447
115037	0.0007419611117
115038	0.001252206199
115039	0.0006019573561
115040	0.0003170171736
115041	0.001019131529
115042	0.0002929462153
115043	0.0002332648802
115044	0.001270797341
115045	0.002904362327
115046	0.0006220357777
115047	0.002325849402
115048	0.0007578158782
115049	0.003123347373
115050	0.0004941465287
115051	0.0006566457778
115052	0.0005404004456
115053	0.0006640524253
115054	0.001004096443
115055	0.001081910744
115056	0.001107995403
115057	0.002584932081
115058	0.0002737493435
115059	0.000718469082
115060	0.001161316623
115061	0.001311925233
115062	0.0001519377541
115063	0.0009178837068
115064	0.002518277072
115065	0.001384315507
115066	0.006854369132
115067	0.001258489261
115068	0.001045908216
115069	0.002673139243
115070	0.0114398806
115071	0.003791918117
115072	0.002761408931
115073	0.0001191507062
115074	0.002601931186
115075	0.001052157436
115076	0.001027767928
115077	0.0002611323626
115078	0.001331786901
115079	0.003984781261
115080	0.00140607752
115081	0.0009052142935
115082	0.003577225977
115083	0.007221754316
115084	0.0001480138896
115085	0.0007219652392
115086	0.005395916553
115087	0.0007586522487
115088	0.00348956074
115089	0.000216290219
115090	0.001625797014
115091	6.050873819e-05
115092	0.0009952875337
115093	0.001762972765
115094	0.001695421338
115095	0.001114903237
115096	0.0003418095574
115097	0.001651891131
115098	0.0002233406793
115099	0.0003454111486
115100	0.00303068328
115101	0.00262619003
115102	0.0009894265526
115103	0.001504491578
115104	0.003931945217
115105	0.0009502983603
115106	0.0001251664163
115107	0.002460638843
115108	0.00878249373
115109	0.001051102817
115110	0.0005508634293
115111	0.00222040315
115112	0.0005272908464
115113	0.002120947377
115114	0.001698903657
115115	6.137501724e-05
115116	0.0005536757408
115117	0.000228788454
115118	0.0008914777205
115119	0.0007055306037
115120	0.0009840000174
115121	0.003638641181
115122	0.002983142387
115123	0.0006529560824
115124	0.002090384608
115125	0.001419990324
115126	0.001454388042
115127	0.00495115915
115128	0.001936584708
115129	0.001298354271
115130	0.0002379416719
115131	0.0009594682848
115132	0.001328056109
115133	0.001907051265
115134	0.0009232704588
115135	0.005315855844
115136	0.0005711658762
115137	0.002022617902
115138	0.001609899056
115139	0.0007660032867
115140	0.001144624867
115141	0.0003258870918
115142	0.001076491834
115143	0.0005283530934
115144	0.003807006258
115145	0.0003883255839
115146	0.0006636954361
115147	0.001635042421
115148	0.003034263056
115149	9.916785197e-05
115150	0.0009746630196
115151	0.001462205263
115152	0.002102331948
115153	0.003390643405
115154	0.003807378977
115155	0.00406215987
115156	0.002064953986
115157	0.002941798298
115158	0.0003390775655
115159	0.004046298852
115160	2.608662235e-05
115161	0.0001625738003
115162	0.0005471480438
115163	0.003059120799
115164	0.001674415574
115165	0.0007589658098
115166	0.001602771634
115167	0.001318498167
115168	0.004528342967
115169	0.001465695602
115170	0.002756249727
115171	0.003295267434
115172	0.001719445894
115173	0.001064904709
115174	0.002961526638
115175	6.928312147e-05
115176	0.004809136717
115177	0.0007387165153
115178	0.0009813580328
115179	7.968190091e-05
115180	0.001370386715
115181	0.0009499573685
115182	0.00182305274
115183	2.080044054e-05
115184	0.001307017052
115185	0.0034525757
115186	0.001189982174
115187	0.0006873245818
115188	0.0001081733927
115189	0.0004887435238
115190	0.001294964821
115191	0.001894162706
115192	0.002253854958
115193	0.001803599327
115194	0.002515870504
115195	0.001225081018
115196	0.002155449543
115197	0.0024217756
115198	0.0001580475973
115199	0.002407231194
115200	0.001288908786
115201	0.003199396544
115202	0.0009468722809
115203	0.0003954531853
115204	0.001199371815
115205	0.0002947097088
115206	0.0001818856617
115207	4.183727312e-05
115208	0.00041972071
115209	0.001455226404
115210	0.0008581972358
115211	0.002707948385
115212	0.002254509083
115213	0.0005356951543
115214	0.001777911398
115215	0.001659978966
115216	0.0007899886048
115217	0.001196591728
115218	0.00267616864
115219	0.0004644477985
115220	0.0006318111098
115221	0.001484064588
115222	0.0003001369075
115223	0.003841676094
115224	0.001572903173
115225	0.0002131583934
115226	0.002012889736
115227	0.001458884896
115228	0.004712263482
115229	0.003370574742
115230	0.001610827636
115231	0.005344429499
115232	0.001453225058
115233	0.0003994357323
115234	0.00403645788
115235	0.003983311614
115236	0.0035173809
115237	0.0026096246
115238	0.002354160375
115239	0.001069292053
115240	0.002332429958
115241	0.001974605108
115242	0.001151935
115243	0.003930619185
115244	0.0005520513552
115245	0.0003723552266
115246	0.002785553885
115247	0.00382718912
115248	0.0003015388167
115249	0.001461938365
115250	0.0006278048987
115251	0.002792178027
115252	0.001979588811
115253	0.00287928204
115254	0.001204674549
115255	0.00196503863
115256	0.0001728835612
115257	0.001365281977
115258	0.001585890216
115259	0.001231817675
115260	0.001369913853
115261	0.001129600844
115262	0.001377766549
115263	0.0001402501108
115264	0.0001806739564
115265	0.001758263364
115266	0.001564791054
115267	0.002875195087
115268	0.003425203889
115269	0.0006772265855
115270	0.001008748556
115271	0.001038842031
115272	0.0006856565723
115273	0.000181439191
115274	0.0006050249845
115275	0.0008305640749
115276	0.002192605778
115277	0.001146443944
115278	0.003766269321
115279	0.0005618350686
115280	0.00376043529
115281	7.020679519e-05
115282	2.055736366e-05
115283	0.002055740318
115284	0.0008077584017
115285	0.004211042792
115286	8.183470637e-05
115287	0.003095000703
115288	0.0004886505509
115289	0.001917541384
115290	0.0002310355579
115291	0.0025298428
115292	0.001732020872
115293	0.002568885259
115294	0.0008480470983
115295	0.0001572084108
115296	0.0008312574663
115297	0.001381875781
115298	0.001318628854
115299	0.001247698947
115300	0.003688924046
115301	0.004876277228
115302	0.001909115651
115303	0.002020512663
115304	0.001187469539
115305	0.003026754168
115306	0.001603859976
115307	0.00622100815
115308	0.003187516845
115309	0.002120945525
115310	0.0008837363519
115311	0.0008605937115
115312	0.0001003085738
115313	0.002279103143
115314	0.001424934917
115315	0.0008328639598
115316	0.001409789287
115317	0.009291832817
115318	0.001504317755
115319	9.433672249e-05
115320	0.001701787849
115321	0.002936879859
115322	0.003994825065
115323	0.004120151027
115324	0.003567393682
115325	0.003035153783
115326	0.003509002736
115327	0.0006793583208
115328	0.001080193088
115329	0.0006736804648
115330	0.003443424147
115331	0.002501215174
115332	0.001221223281
115333	0.005561606058
115334	0.0007977097455
115335	0.005118340123
115336	0.0004814113312
115337	0.004139921784
115338	0.007885570086
115339	0.002842789428
115340	0.000614579881
115341	0.006222455667
115342	0.005217323558
115343	0.003289088719
115344	0.001368418575
115345	0.002414030878
115346	0.0008919653585
115347	0.001967967228
115348	0.001635137881
115349	6.859574219e-05
115350	0.0007697229831
115351	0.001437309483
115352	0.0001650495111
115353	0.001867769145
115354	0.0007199736904
115355	0.0009640912328
115356	0.0008202562296
115357	0.001625795419
115358	0.002184575406
115359	0.002253664618
115360	0.001660615274
115361	0.0004778144272
115362	0.0009395160273
115363	0.001199141207
115364	0.0005635733312
115365	0.001662051211
115366	0.002524886404
115367	0.001150183884
115368	0.0001194014805
115369	0.0003605124452
115370	0.000255257257
115371	0.002551375406
115372	0.0004860466035
115373	0.0005884231473
115374	0.001420743907
115375	0.0004168538919
115376	0.001146718382
115377	0.0008983174371
115378	0.0002228884853
115379	0.0002442543249
115380	0.001177733151
115381	0.0002601470946
115382	0.003263945175
115383	0.002511139897
115384	0.00211511473
115385	0.0003462760468
115386	0.0005317004572
115387	0.002441178468
115388	0.0004776991902
115389	0.001425505924
115390	0.002326743986
115391	0.000743803636
115392	3.481649943e-05
115393	0.002030361942
115394	0.00305912422
115395	0.001932191633
115396	0.0003104718088
115397	0.0005130966974
115398	0.002093086987
115399	0.0006513429249
115400	8.704220171e-05
115401	0.00183558729
115402	0.001037055419
115403	0.006206701458
115404	0.005359108612
115405	0.002758533888
115406	0.000242162308
115407	9.640620357e-06
115408	8.735326819e-05
115409	0.0001734309545
115410	0.0009884870469
115411	0.00188297085
115412	0.0003125621138
115413	0.0005915430029
115414	0.0001680226096
115415	0.0001315191607
115416	0.001086421069
115417	0.0008594236505
115418	0.0002858566724
115419	0.0007480512701
115420	0.0009644286009
115421	0.0005071206504
115422	0.0004525769271
115423	1.538694319e-05
115424	0.0001462477296
115425	0.0002733306778
115426	0.0005645526609
115427	0.0002866677277
115428	0.0007835317312
115429	0.0008282050993
115430	0.001567319186
115431	0.0008573454838
115432	7.070931041e-05
115433	0.0006636575246
115434	0.0001858190347
115435	0.0007880885962
115436	7.398461365e-06
115437	0.0005555136472
115438	0.001081839577
115439	0.000225652393
115440	0.0001241715223
115441	1.8870039e-05
115442	0.000452902907
115443	0.0009468371724
115444	0.001374006409
115445	0.0005850098802
115446	0.001078815564
115447	9.96154502e-05
115448	0.000576400671
115449	0.0005237715053
115450	0.0008931272311
115451	5.300277881e-05
115452	0.0001173657046
115453	9.769281263e-05
115454	0.001149954891
115455	0.0001309723764
115456	0.0007007775166
115457	0.000375656724
115458	0.0008625289717
115459	0.001024925359
115460	0.0006410508592
115461	0.001117263187
115462	0.00101041109
115463	0.000173238996
115464	0.0007419161611
115465	0.001734763066
115466	2.526534284e-05
115467	0.0004821104214
115468	0.0004791317267
115469	4.572248027e-06
115470	0.001282817979
115471	0.00065865115
115472	0.0003895109852
115473	0.0002870499287
115474	0.001166976064
115475	8.71064348e-05
115476	3.692637516e-05
115477	0.0003159246314
115478	0.0001621588764
115479	0.0002435290768
115480	0.0003112761765
115481	0.002348057379
115482	0.001748867183
115483	0.0005782779605
115484	0.000124010526
115485	0.0007606092711
115486	7.05444367e-05
115487	0.0003395870601
115488	0.0001012286566
115489	0.0002098386776
115490	0.0008336740689
115491	0.0007708056611
115492	0.0007983459907
115493	0.0001249543322
115494	0.0004194792531
115495	0.0004499358065
115496	0.001486026551
115497	0.0005794050045
115498	0.0001145149428
115499	7.467829373e-05
115500	0.001188015009
115501	0.001036213151
115502	0.0002655653154
115503	0.0008759716111
115504	0.0002269497394
115505	0.0003184169385
115506	0.001662524356
115507	0.0008844758811
115508	5.320474548e-05
115509	3.648353186e-05
115510	0.0005553117479
115511	0.000387884255
115512	0.0004329719756
115513	0.0002657727806
115514	0.0001056797626
115515	0.0005194991586
115516	0.0001189131629
115517	0.0006190960632
115518	0.0001931155396
115519	2.561307462e-05
115520	0.0004914020828
115521	0.0001778745182
115522	0.0006195194239
115523	0.0002903233292
115524	0.00130528891
115525	0.0006248022069
115526	9.67352352e-05
115527	0.0009940426556
115528	4.905887112e-05
115529	0.0002535562009
115530	0.00224332448
115531	0.0001304181518
115532	0.0003564990863
115533	0.001123417966
115534	0.0001859835084
115535	0.001336376927
115536	0.0003673890053
115537	7.975210393e-06
115538	0.0003426896746
115539	0.0001779704619
115540	0.000245900146
115541	0.0009328233434
115542	0.0005373786671
115543	0.0005319007557
115544	0.0003163832778
115545	1.50308733e-05
115546	0.001037084764
115547	1.390601394e-05
115548	6.482252219e-05
115549	0.0001403976234
115550	0.002815772134
115551	0.0005511240427
115552	0.0003103067411
115553	0.000497525068
115554	0.0002085739654
115555	0.0007997722022
115556	0.0001675961855
115557	0.0001786200188
115558	0.0006697597343
115559	0.0003087013924
115560	0.0006825191659
115561	0.001457418831
115562	0.0009673223615
115563	0.001256001498
115564	0.001016768021
115565	0.0008666687871
115566	5.812133573e-05
115567	0.0009745792148
115568	0.001382800622
115569	0.0006530805496
115570	0.0002608094155
115571	0.0007288146591
115572	0.0009921680684
115573	0.0004061897806
115574	0.0002207982631
115575	0.0005549443312
115576	0.001325714088
115577	0.005165624921
115578	6.982906769e-05
115579	0.001932526941
115580	0.0001101004361
115581	0.001313458863
115582	0.002957841193
115583	0.0009624668256
115584	0.003383179116
115585	0.003953298252
115586	0.001395882648
115587	0.001234025097
115588	0.006551231126
115589	0.0002391887619
115590	0.002517253476
115591	0.0005687917636
115592	0.002650192003
115593	0.001298393628
115594	0.0005606075739
115595	0.001179645362
115596	0.002073874313
115597	0.0006480420796
115598	0.0004605805269
115599	0.002814588461
115600	9.558641825e-05
115601	0.006679518034
115602	0.0002456057925
115603	0.0002956215683
115604	0.002824559104
115605	0.002274765852
115606	0.0003441485382
115607	0.001222123011
115608	0.001351649764
115609	0.0002141493866
115610	0.001145370889
115611	0.0001516309061
115612	9.142064486e-05
115613	7.968230829e-05
115614	0.003371591666
115615	0.0005366587065
115616	8.473841612e-05
115617	0.003621303509
115618	0.006192908538
115619	0.00128324906
115620	0.0003848718955
115621	0.003139170253
115622	0.002127623302
115623	0.003654943154
115624	0.0007025908899
115625	0.00371237468
115626	0.003511477503
115627	0.001113005962
115628	0.00374495628
115629	0.003656206068
115630	0.001699469882
115631	0.006310783247
115632	0.00408794651
115633	0.00036363158
115634	0.003971958423
115635	0.00111882821
115636	0.0005550149247
115637	0.0006395261502
115638	0.002556651931
115639	0.006953341788
115640	0.004751979858
115641	0.0009866331022
115642	0.001802150693
115643	5.55847371e-05
115644	0.003097590531
115645	0.003302736429
115646	0.001961652173
115647	0.0002627134399
115648	0.002017035815
115649	0.0005263704966
115650	0.0003946676384
115651	0.0001989648075
115652	0.001658658088
115653	0.001621503504
115654	0.0005307942543
115655	0.0003411791088
115656	0.0003295326527
115657	0.0004960110353
115658	0.0004430148425
115659	0.0001726833067
115660	0.0001855924992
115661	0.0002623604465
115662	0.0007063643931
115663	0.0004880808936
115664	0.004575317107
115665	0.006394396206
115666	0.001876920628
115667	5.189048191e-05
115668	0.0001932530801
115669	2.067843833e-06
115670	0.001464575341
115671	0.001060373846
115672	0.0007829691033
115673	0.000473907312
115674	0.0001229098244
115675	0.0007613122555
115676	0.001049006363
115677	0.0008560768207
115678	0.0001209856787
115679	0.000355004107
115680	0.0007525177829
115681	0.0008731462241
115682	0.0001257760671
115683	0.001692696201
115684	0.001034207074
115685	0.0009634785864
115686	0.001533567145
115687	0.003192905505
115688	0.002667729397
115689	0.002937761317
115690	0.001777587257
115691	0.001020634226
115692	0.001424464744
115693	1.330728194e-08
115694	0.0001015961622
115695	0.000303787925
115696	0.001888167993
115697	0.0002864247107
115698	0.0008112671487
115699	0.001331125242
115700	0.0001227024614
115701	0.006455045346
115702	0.002093119964
115703	0.004017128024
115704	4.680439108e-05
115705	0.0003582062269
115706	0.001751053111
115707	0.002371170033
115708	9.269823845e-06
115709	0.002179372128
115710	0.001940285566
115711	0.002304983576
115712	0.003327882827
115713	0.003716497972
115714	0.003106636215
115715	0.004263531427
115716	0.003619596962
115717	0.007209076448
115718	0.0006721705513
115719	0.001427299937
115720	0.000686739647
115721	0.001519898865
115722	0.002906250225
115723	0.0005382101089
115724	0.0003979145957
115725	0.00134621536
115726	0.001389922238
115727	0.001297373598
115728	0.004055487985
115729	0.000437069831
115730	0.000976758313
115731	0.003653942198
115732	0.002242076727
115733	0.0004363399784
115734	0.0007932953128
115735	3.428144225e-05
115736	0.002332789166
115737	0.002310892844
115738	0.00553199225
115739	0.001725852417
115740	0.006882503525
115741	0.003454589806
115742	0.0003297377896
115743	0.003171809391
115744	0.0001904666566
115745	0.001850696392
115746	0.0001565031431
115747	0.003769638417
115748	0.001408591871
115749	0.002186259822
115750	0.001786093747
115751	0.001969669739
115752	0.0007899487919
115753	8.422597488e-05
115754	0.002073092152
115755	0.001265596716
115756	0.00311653939
115757	0.001324967632
115758	0.0007889035895
115759	0.002242864429
115760	0.001344968255
115761	0.002172963885
115762	0.0004253063395
115763	0.002699501089
115764	0.00323215063
115765	0.005331414745
115766	0.001058876826
115767	0.0006695766426
115768	0.0008538197133
115769	0.0003447204303
115770	0.001605923449
115771	0.0002227630147
115772	0.002120417659
115773	5.05916424e-05
115774	0.0002875470693
115775	0.00182488962
115776	0.0007097886114
115777	0.0005035616922
115778	0.0003810484009
115779	0.004836660144
115780	0.002512372553
115781	0.0003657121978
115782	0.001023019959
115783	0.003462113512
115784	0.001855592266
115785	7.960511422e-05
115786	0.001153357773
115787	0.001095426733
115788	0.0003009451404
115789	0.003335493886
115790	0.0006930241634
115791	0.001155218797
115792	0.001356596553
115793	0.0002537474355
115794	0.001694094302
115795	0.00176569752
115796	0.000329044566
115797	0.0001345254552
115798	0.001339285176
115799	0.001875653383
115800	0.004137952815
115801	0.004732516761
115802	0.002387036276
115803	0.003657290747
115804	0.003054352916
115805	0.0003987907878
115806	0.0002138956385
115807	0.004212577732
115808	0.0008064141535
115809	0.001536301522
115810	0.001752719393
115811	0.001630073239
115812	0.0007733419893
115813	0.0003582502291
115814	0.001593707933
115815	0.001748613347
115816	1.22367614e-05
115817	0.00190850923
115818	0.001802055604
115819	0.008127149912
115820	0.005762206798
115821	0.0006092168896
115822	0.002812256626
115823	0.0001248298222
115824	0.000562496994
115825	0.003564779552
115826	0.001065554778
115827	0.002372109382
115828	0.0001988581087
115829	0.004296193159
115830	0.00112425576
115831	0.004860050667
115832	0.001379242802
115833	0.002300869494
115834	0.001044163198
115835	0.004543944121
115836	0.003626896155
115837	0.004247131369
115838	4.277435998e-05
115839	0.003020093242
115840	0.0008112722797
115841	0.001114153799
115842	0.001170276836
115843	0.000868667882
115844	0.001685748934
115845	0.0005264874877
115846	0.0009272919324
115847	0.001388414716
115848	0.0009142880424
115849	0.002468963214
115850	0.0004177412966
115851	0.001284789385
115852	0
115853	0.001629683871
115854	0.0009623815222
115855	0.004196624034
115856	0.001494794863
115857	0.002772706301
115858	0.005491542615
115859	0.003360634014
115860	0.002985238444
115861	0.00163534923
115862	0.004443490476
115863	0.0009652951391
115864	0.001994457714
115865	0.001459604417
115866	0.002593888335
115867	0.002201240335
115868	0.0002059715625
115869	0.001679216842
115870	0.003079380889
115871	0.005544443469
115872	0.003552127407
115873	0.001195230405
115874	0.0001061946419
115875	0.002167733799
115876	0.004292665444
115877	0.004624732302
115878	0.0002763074916
115879	0.002119237777
115880	0.002964360445
115881	0.0009805839635
115882	0.0003568885162
115883	0.0009079186265
115884	0.001524210064
115885	0.003046701858
115886	0.0003908785055
115887	0.001568626334
115888	0.003544331652
115889	0.003067422498
115890	0.002387632044
115891	0.0006611412232
115892	0.001034293868
115893	0.004467787138
115894	0.002055054736
115895	3.872865943e-05
115896	0.00342132265
115897	0.001003254583
115898	0.001864800485
115899	0.0006582783667
115900	0.0002166005948
115901	0.002825381971
115902	8.000702824e-05
115903	0.004440972097
115904	0.002837998538
115905	0.002505338773
115906	0.0004584487569
115907	0.0009696796462
115908	0.002058322512
115909	0.003182094375
115910	0.000356316286
115911	0.001047222383
115912	0.0005709900245
115913	0.0002036322011
115914	0.0005167606043
115915	0.005439140292
115916	0.0003925323269
115917	0.001647869724
115918	0.003886480197
115919	0.0006869147946
115920	0.001344978108
115921	0.0022254684
115922	0.005240470454
115923	0.002874387472
115924	0.001035837153
115925	0.002476237132
115926	0.0005081279491
115927	0.004612259324
115928	0.0005906435268
115929	0.001480541373
115930	0.00362396073
115931	0.003830164162
115932	0.0009817089244
115933	0.0001538915906
115934	0.002813389148
115935	0.00283585521
115936	0.0006602636402
115937	0.001657772998
115938	0.0009380123941
115939	0.0008297629181
115940	0.0002053645098
115941	0.0001589763139
115942	0.003916713427
115943	0.00445911717
115944	0.008570490651
115945	0.002264095376
115946	0.008016313099
115947	0.005581580688
115948	0.008977056455
115949	0.00493597116
115950	0.005590836641
115951	0.002193250389
115952	0.006990245122
115953	0.001024410084
115954	0.008991492601
115955	0.001830874659
115956	0.002736830653
115957	0.000591418602
115958	0.0007984771912
115959	0.0005604009322
115960	0.003150842255
115961	0.002581656273
115962	0.001024770796
115963	0.001084196427
115964	0.003044475012
115965	0.002182771735
115966	0.003550921711
115967	0.002440750939
115968	0.004443070125
115969	0.002263092135
115970	0.006255159254
115971	0.002236057927
115972	0.001833553034
115973	0.0006324592064
115974	0.006318663404
115975	0.0002957203604
115976	0.006061607492
115977	0.005854084851
115978	0.006576578804
115979	0.000129524853
115980	0.001530601782
115981	0.003761009183
115982	0.0008508585115
115983	0.005664647571
115984	0.0008315597358
115985	0.0001006362324
115986	0.002139353565
115987	0.006052995331
115988	0.006875349886
115989	0.003797183116
115990	0.002417290945
115991	0.002190677014
115992	0.0009730702194
115993	0.0009894387055
115994	0.001578851587
115995	0.003494822611
115996	0.004574641689
115997	0.002582483255
115998	0.0003751788674
115999	0.001433556104
116000	0.0003079675161
116001	0.001958319299
116002	0.00467725834
116003	0.004291935822
116004	0.0003490651034
116005	0.001003864648
116006	0.0001723931854
116007	0.003129702101
116008	0.003239950403
116009	0.001335583766
116010	0.0004297372537
116011	0.001902506653
116012	0.003854577011
116013	0.003695200691
116014	0.003600925984
116015	0.004360791065
116016	0.004283294918
116017	0.00546663273
116018	0.001603701924
116019	0.001570108599
116020	0.0002023704489
116021	0.001708741954
116022	0.002220765494
116023	0.0002095429845
116024	0.0009133223485
116025	0.0006148403856
116026	0.0005448737617
116027	0.0006825998284
116028	0.0001232017177
116029	0.0004791815176
116030	0.0003768665988
116031	0.0005427917643
116032	0.0002091984648
116033	0.0009757839686
116034	0.0003413550841
116035	0.002591629319
116036	0.0005466859463
116037	0.0003796798887
116038	0.0001342105031
116039	0.0003081287063
116040	0.0002954965419
116041	0.001596993347
116042	0.002233387278
116043	0.0006882384139
116044	0.0009813217649
116045	0.0002434890872
116046	0.00202864583
116047	3.840098976e-05
116048	0.003083137014
116049	0.001169499406
116050	0.001307671572
116051	0.0003684160626
116052	0.0008901413502
116053	0.0001658006574
116054	0.0007729298434
116055	0.002238868692
116056	0.002821742511
116057	0.001760103333
116058	0.001462421014
116059	0.001661894745
116060	0.002722952796
116061	0.0008885210268
116062	0.0007973592553
116063	0.004071774598
116064	0.004153135117
116065	0.005367228587
116066	0.0003614102902
116067	0.001326133907
116068	0.003086172013
116069	0.002269399899
116070	0.004402169121
116071	0.002340936567
116072	0.005382637622
116073	0.004204114344
116074	0.003451856991
116075	0.000147389341
116076	0.001374302019
116077	0.0009148251243
116078	0.002045387374
116079	0.002624841783
116080	0.0007665964652
116081	0.00265873338
116082	0.0003987249344
116083	0.0007067841359
116084	0.002557799277
116085	0.00203527923
116086	0.0006362917504
116087	0.0004545696036
116088	0.001207020846
116089	0.002743528045
116090	0.002161293197
116091	0.00503907197
116092	0.001005084862
116093	0.004169482534
116094	0.001759120365
116095	0.002210088026
116096	0.0006304755109
116097	0.003111115909
116098	0.0006083140523
116099	0.001187787178
116100	0.005124841977
116101	0.002721246068
116102	0.0002291508738
116103	0.003462426548
116104	0.001685730342
116105	0.0007355171305
116106	0.001806047233
116107	7.228345482e-05
116108	0.003157882456
116109	0.003411611706
116110	0.002099272968
116111	0.003382490484
116112	0.002216244777
116113	0.001573184814
116114	0.00136607308
116115	0.0004629581512
116116	0.007680573367
116117	1.63330433e-05
116118	0.002091497051
116119	0.003053315753
116120	0.00134006903
116121	0.0003893639034
116122	0.0009040686229
116123	0.001617193808
116124	0.0007239772544
116125	0.004154746699
116126	0.0003240912257
116127	0.00227117856
116128	0.002061039371
116129	0.003402310091
116130	0.002830559105
116131	0.0004630626391
116132	0.002944842625
116133	0.002868993212
116134	0.0001460931668
116135	0.0002034489141
116136	0.003558436651
116137	0.0009677465631
116138	3.178453307e-05
116139	0.002247842283
116140	0.0002366195383
116141	0.0004096014694
116142	0.000918813271
116143	0.005798679424
116144	0.005633312725
116145	0.004038530911
116146	0.002653822632
116147	0.0001554675268
116148	0.003251601028
116149	0.0003581056675
116150	0.0004424014502
116151	0.002502727857
116152	0.0003034614831
116153	0.001405012617
116154	0.003111066658
116155	0.001085655434
116156	0.001496435538
116157	0.0008627462802
116158	0.0008969764524
116159	0.00112598256
116160	0.0002702585842
116161	0.001136948571
116162	0.0009778587318
116163	0.0007018501005
116164	0.0006512714363
116165	0.001796669701
116166	0.001258043802
116167	0.0002158629972
116168	0.001854503714
116169	0.001056704314
116170	0.001120478055
116171	0.00171379501
116172	0.001935950305
116173	0.001086109135
116174	0.001984044747
116175	0.0004182106052
116176	0.002353820964
116177	0.00028938788
116178	4.354720406e-05
116179	0.001947540154
116180	0.001428716648
116181	0.0002295515534
116182	0.002003470366
116183	0.001207814839
116184	0.0009143721947
116185	0.002987042199
116186	0.003407629715
116187	0.003370677321
116188	0.00220440944
116189	0.0001101868855
116190	0.002735745384
116191	1.485100875e-05
116192	0.003892390265
116193	0.001661511981
116194	0.0005714541347
116195	0.004435536944
116196	0.0001200317979
116197	0.005451844445
116198	0.003385194014
116199	0.002629468878
116200	0.0006073896475
116201	0.004757501146
116202	0.003208283896
116203	0.003817730262
116204	0.0008997841191
116205	0.003863369153
116206	0.004842956867
116207	0.002061501235
116208	0.0003529172857
116209	0.003530539974
116210	0.002020544588
116211	0.004785671896
116212	1.545820107e-05
116213	0.0002686141359
116214	0.000176582815
116215	0.0001178256518
116216	2.840357679e-05
116217	0.0005911274595
116218	0.001437808547
116219	0.001870373607
116220	0.001292313867
116221	0.0005292927528
116222	0.007288825979
116223	0.0003043643721
116224	0.004473846095
116225	0.00278344154
116226	0.002202596556
116227	0.0002954471702
116228	0.004306080316
116229	0.00345845798
116230	0.002766518522
116231	0.0006901045377
116232	0.002448481148
116233	0.002157064405
116234	0.003092552804
116235	0.001274017453
116236	0.002307093965
116237	0.001269516457
116238	0.00416848555
116239	0.006904410812
116240	0.002072531595
116241	3.093729721e-05
116242	0.0005528030033
116243	0.004460265446
116244	5.504836372e-05
116245	0.0001815994505
116246	0.0001327718418
116247	1.519591174e-05
116248	0.0002759687748
116249	0.001241423678
116250	0.0003525922352
116251	0.001475252234
116252	0.002147316129
116253	0.001875065294
116254	0.004355350018
116255	0.001825266497
116256	0.001103730586
116257	0.0001343470522
116258	0.001849532356
116259	0.002092753995
116260	0.0001823506848
116261	0.0003479412509
116262	0.001347023287
116263	0.00203587654
116264	0.0003519339803
116265	0.0007478444961
116266	0.0004519225835
116267	0.003038505421
116268	0.002541887343
116269	0.004348348524
116270	0.003382268694
116271	0.003719336938
116272	0.002509767111
116273	0.006010500462
116274	0.002726900217
116275	0.003023308812
116276	0.003307520547
116277	0.002657452573
116278	0.003906345946
116279	0.0009586008934
116280	0.003729132582
116281	0.001651058048
116282	0.00203133125
116283	0.005345543767
116284	0.002577135946
116285	0.0005900682629
116286	0.001217157226
116287	0.001109984243
116288	0.0005542753777
116289	0.001274244203
116290	0.001688612104
116291	0.003381629405
116292	0.004202535605
116293	0.0008876681263
116294	0.0006239035347
116295	0.002375581423
116296	6.411781745e-05
116297	7.021938195e-05
116298	0.004812034156
116299	0.001171157253
116300	0.001603384002
116301	0.001059100623
116302	0.001115268573
116303	0.002368237861
116304	0.001123911523
116305	0.001695695161
116306	0.0003555729394
116307	0.001142477737
116308	0.0002625912366
116309	0.0002544091558
116310	0.000358066437
116311	1.266030888e-05
116312	0.004115087219
116313	0.007680888741
116314	0.0001537809141
116315	0.001938119416
116316	0.0009979900715
116317	0.005414224964
116318	0.0005937120609
116319	0.004370879979
116320	0.003205414882
116321	0.007612402205
116322	0.002029126663
116323	0.0005589542511
116324	0.006063439189
116325	0.000804673107
116326	0.002258200195
116327	0.003397310652
116328	0.001068811096
116329	0.001997554732
116330	0.005679800148
116331	0.002962290279
116332	0.001681229171
116333	0.002494128584
116334	0.005031184451
116335	0.0003273250553
116336	0.00591492898
116337	0.002225333925
116338	0.000633779663
116339	0.002767108076
116340	0.001374059854
116341	0.001246496625
116342	0.0005136419576
116343	0.00307989147
116344	0.001700854821
116345	0.0004722628381
116346	0.001646556762
116347	0.001481479912
116348	0.0009672895803
116349	0.0008191127971
116350	0.003612336162
116351	0.004062759748
116352	0.002164461954
116353	0.003374904026
116354	0.002110295149
116355	0.0006814791758
116356	0.002497952086
116357	0.0005794747953
116358	0.001786572652
116359	0.0001110877994
116360	0.002338302943
116361	0.003339365399
116362	0.0008950796607
116363	0.000460856126
116364	0.00177646504
116365	0.0002975262293
116366	0.001456496476
116367	0.002251724341
116368	9.297751985e-05
116369	0.003824289485
116370	0.001329148939
116371	0.001981893901
116372	0.0004834681533
116373	0.0005005345961
116374	0.00158589792
116375	0.0009667600292
116376	0.002175646864
116377	0.0007465966005
116378	0.0001575557599
116379	0.003629548175
116380	0.0006198755119
116381	1.852234691e-06
116382	0.002527868707
116383	0.0004199148862
116384	0.0009306202286
116385	0.0002376493181
116386	0.0001463607692
116387	0.004110389911
116388	0.003898726662
116389	0.001432825189
116390	0.0003916518579
116391	0.003966784873
116392	0.002292202943
116393	0.001265116344
116394	0.0008591545721
116395	0.001214847592
116396	0.003639138978
116397	0.001875189191
116398	0.0005022805649
116399	0.00436538173
116400	0.0006375606438
116401	0.0001757629067
116402	0.0005523607233
116403	0.001706828496
116404	0.004477828008
116405	0.001591951431
116406	0.005038757467
116407	0.01058064155
116408	0.002287987935
116409	0.002512684097
116410	0.001602304418
116411	0.004127644337
116412	0.0003333525122
116413	0.003680974727
116414	0.0006569213711
116415	0.001558256047
116416	0.002163213399
116417	0.003330201817
116418	0.003771319947
116419	8.303232271e-05
116420	4.255136681e-06
116421	0.0003373801877
116422	0.0005649085077
116423	0.0004072196211
116424	1.07128404e-05
116425	0.004964368462
116426	0.001294815963
116427	0.0004865268729
116428	0.002093186592
116429	0.0009833847911
116430	0.0001640554555
116431	0.0006589458594
116432	0.00171451403
116433	0.001861656663
116434	3.613414474e-05
116435	0.00656572593
116436	0.005913781126
116437	0.001557110564
116438	0.001095480538
116439	0.0009474507074
116440	0.001197934791
116441	2.64563961e-05
116442	0.0003727120622
116443	0.0008251955093
116444	0.0005622848935
116445	0.0004178477618
116446	0.0004727225658
116447	0.004544666527
116448	0.002488089153
116449	0.002640744791
116450	0.002359865499
116451	0.004015220363
116452	0.0005808247103
116453	0.001963320516
116454	0.001329067556
116455	0.006548122903
116456	0.0001211701316
116457	0.0005450977627
116458	0.0004482033038
116459	0.002150581885
116460	0.006795963028
116461	0.001049224838
116462	0.0007438872021
116463	0.0004751498011
116464	0.006674748189
116465	0.006313646154
116466	0.005482608955
116467	0.0006239782561
116468	0.002463141075
116469	0.002695683571
116470	0.0003443545198
116471	0.001917868936
116472	0.0006324863814
116473	0.001489305797
116474	0.0008949872605
116475	0.0001041932303
116476	0.0005264280207
116477	0.0008855493797
116478	0.001664115328
116479	0.001522571145
116480	0.0002092962572
116481	0.0002007939423
116482	0.001060748226
116483	0.0009283375179
116484	0.0004455611848
116485	0.0007652401217
116486	0.002873290439
116487	0.000194622822
116488	0.001204137071
116489	0.0008432489296
116490	0.0006252305632
116491	0.0003912291929
116492	0.002488050076
116493	0.0005922440408
116494	0.0001149489819
116495	0.001029754817
116496	0.0002417271888
116497	0.00159781278
116498	0.003873028337
116499	0.003950824879
116500	0.0005221895619
116501	0.0006707668279
116502	0.0004999655111
116503	0.0009583335872
116504	0.001363511134
116505	0.0007676096492
116506	0.003404096082
116507	0.000225772821
116508	5.927184961e-05
116509	0.00242841257
116510	0.002981325162
116511	0.0001115697292
116512	0.003318708311
116513	0.001091674099
116514	0.0007198856307
116515	0.002423884098
116516	0.000122817001
116517	0.001535959376
116518	0.0002801292645
116519	0.0005290033564
116520	0.003058332126
116521	0.0003845515243
116522	0.00252836799
116523	0.0002880187276
116524	0.00123530313
116525	0.0003123404343
116526	0.003866747031
116527	0.0005239774644
116528	0.0003971855961
116529	0.0003631272468
116530	0.0037668596
116531	0.002028457898
116532	0.0005416962878
116533	0.0006752853054
116534	0.003282550888
116535	0.001605495253
116536	0.0008154690836
116537	0.001366861198
116538	0.001690453992
116539	0.0002760473371
116540	0.0002701158217
116541	0.0007943283039
116542	0.00162964464
116543	0.001499293315
116544	0.0009639830345
116545	0.001273285398
116546	0.0004649899755
116547	0.0004567411819
116548	0.001181419118
116549	0.002037894918
116550	0.0006548901593
116551	0.000258517175
116552	0.001008695103
116553	0.00178513972
116554	0.004216490288
116555	0.002038536852
116556	0.0002374030371
116557	0.003689364686
116558	0.00107115019
116559	0.0007197932868
116560	0.001710814817
116561	0.001195015725
116562	0.00105119965
116563	0.001699955632
116564	0.001143176793
116565	0.0001197794525
116566	0.0007653648906
116567	0.001271971608
116568	0.0013242084
116569	0.0005608698897
116570	0.0001013348317
116571	0.0007249642732
116572	0.0002560324877
116573	0.0003980395496
116574	0.0007437934857
116575	0.0001542062139
116576	0.001789211239
116577	0.000521569441
116578	0.0008337572877
116579	0.001036134829
116580	0.0008824408862
116581	0.002230144439
116582	0.001044720127
116583	0.001702238048
116584	0.0007655095348
116585	0.0009291699887
116586	0.0006640096368
116587	0.0005415160845
116588	0.0005496400026
116589	0.0002854425735
116590	4.590424474e-07
116591	0.0002891092049
116592	0.0005530879528
116593	0.0009654299218
116594	0.0009474626402
116595	0.001187896499
116596	0.0003906249494
116597	0.0003831003237
116598	0.0004072367263
116599	0.0008652704458
116600	0.001138082278
116601	0.0001376645068
116602	0.00010944854
116603	0.000381619668
116604	0.001807476786
116605	0.00140496261
116606	0.0002432972504
116607	0.001437589178
116608	0.001181897525
116609	0.0006986310938
116610	0.001758709744
116611	0.00238103735
116612	0.001454905979
116613	0.002153120131
116614	0.001232036272
116615	0.001737640891
116616	0.002315443754
116617	0.0001969753843
116618	0.0009533129456
116619	0.0006283566545
116620	0.002841089158
116621	0.0009049871026
116622	0.0007731564564
116623	0.004281189084
116624	0.002521692616
116625	0.00280933015
116626	0.001114303089
116627	0.0003564343402
116628	0.0002784662637
116629	0.002544005828
116630	0.006358855415
116631	0.0002695987827
116632	0.0003478369668
116633	0.0004467313527
116634	0.004304860742
116635	0.002165350869
116636	0.001227614774
116637	0.00215984296
116638	0.0006909372503
116639	0.002987133843
116640	0.002608102751
116641	0.003560801895
116642	0.00200627044
116643	0.001874798293
116644	0.0007387136967
116645	0.001623817487
116646	0.000659283185
116647	0.0005292968687
116648	0.001180003941
116649	0.001096650838
116650	0.0008396561201
116651	0.0009556201486
116652	0.003094445415
116653	1.967414869e-05
116654	0.0003950843614
116655	0.0009071840112
116656	0.001720360132
116657	0.003732619775
116658	0.001498970217
116659	0.007026172768
116660	0.002346935456
116661	0.0001882487723
116662	0.006786446343
116663	0.001598922524
116664	0.003148277596
116665	0.003394753416
116666	0.001388915963
116667	0.002543885068
116668	0.003137329379
116669	0.0008232631637
116670	0.0006958505139
116671	9.059615312e-05
116672	0.0004962859816
116673	0.0003173119485
116674	8.893709525e-07
116675	0.003969089204
116676	5.087150486e-05
116677	0.0009929732185
116678	0.0001480784141
116679	0.0003750077835
116680	0.0004760799339
116681	0.001099557634
116682	0.0002933496408
116683	0.0002084950712
116684	0.002619367477
116685	0.006436973288
116686	0.002600124701
116687	0.0003464792869
116688	8.218482505e-05
116689	0.002667306776
116690	0.004455445362
116691	0.001547185756
116692	0.004396886683
116693	0.0003498198039
116694	0.00193375582
116695	0.003521691118
116696	7.933099051e-05
116697	0.002218790188
116698	0.000749083073
116699	0.006536373164
116700	0.0004900159689
116701	0.0004836158182
116702	0.001627985912
116703	0.0006766889116
116704	0.0006798921954
116705	0.0007683094901
116706	0.0008069114033
116707	0.0009170530309
116708	3.391325975e-07
116709	0.002323242945
116710	0.001236269003
116711	0.00301198408
116712	0.003299301428
116713	6.241479669e-05
116714	0.0003517256899
116715	0.003203133259
116716	0.001098270485
116717	0.0002903856594
116718	0.0003235625989
116719	0.0001720387449
116720	0.0007157036948
116721	0.003320437666
116722	0.002017017014
116723	0.002616791696
116724	0.001764602573
116725	0.005922905408
116726	0.007454322932
116727	0.004919064092
116728	0.004408140378
116729	0.001207741285
116730	0.003885938629
116731	0.001382715159
116732	0.005590913164
116733	0.001534106997
116734	0.005818674823
116735	0.00496529645
116736	0.001235701286
116737	0.003025308688
116738	0.005754178939
116739	0.005506285347
116740	0.001145509216
116741	0.0001542059463
116742	0.008368309345
116743	0.00764406455
116744	0.00285460694
116745	0.0005671836363
116746	0.002381885657
116747	0.001029312964
116748	0.003128964604
116749	0.003625595432
116750	0.006937855885
116751	0.0005489106022
116752	0.0005964927341
116753	0.001044516611
116754	0.00223418287
116755	0.001498300815
116756	0.0001079185669
116757	0.0008582308166
116758	0.001930562774
116759	0.0009365686829
116760	0.002409068152
116761	0.0002317581499
116762	0.003202332387
116763	0.0002694853036
116764	0.001023209617
116765	0.001496109152
116766	0.001276851813
116767	0.00291501402
116768	0.001238881652
116769	0.0002021970001
116770	0.004297970604
116771	0.003929324301
116772	0.002671740959
116773	0.005910125072
116774	0.004030680065
116775	0.001014289003
116776	0.002358687516
116777	0.003415479409
116778	0.0004322712629
116779	0.005801776073
116780	0.002039767723
116781	0.005827652341
116782	0.0009651461262
116783	0.0003906923822
116784	8.744578731e-05
116785	0.001465380504
116786	0.002656670517
116787	0.0002581120836
116788	0.002560560628
116789	0.001618846499
116790	0.0009439670601
116791	0.00144461322
116792	0.002419969607
116793	0.001556187208
116794	0.002613228425
116795	0.0008553007555
116796	0.0004801695897
116797	0.001554202989
116798	0.00362865531
116799	0.00596179957
116800	0.0008540702837
116801	0.001553226866
116802	0.0007321926453
116803	7.083238728e-05
116804	0.001355582622
116805	0.0008239214278
116806	0.0008912135774
116807	0.0005153119806
116808	0.002287940412
116809	0.001378828898
116810	0.00392962025
116811	0.003476859233
116812	0.001135615177
116813	0.002777168199
116814	0.000654242555
116815	0.00075181873
116816	0.002098366727
116817	4.881231345e-05
116818	0.0001675876691
116819	0.004145283155
116820	0.004345834367
116821	0.002659844505
116822	0.002083064635
116823	0.0005374962251
116824	0.00374042011
116825	0.003352158452
116826	0.0002836107121
116827	0.002223801174
116828	0.001662531716
116829	5.300674886e-06
116830	0.001131979432
116831	0.001901770933
116832	0.0001019982577
116833	0.001504669881
116834	0.001698353341
116835	0.002467425404
116836	0.005630490965
116837	0.004527116242
116838	0.001155608196
116839	0.007526798507
116840	0.003727165403
116841	0.006963745796
116842	0.006973274242
116843	0.003850253937
116844	0.008673768366
116845	0.005130334595
116846	0.006483903638
116847	0.001884551625
116848	0.005080068124
116849	0.003566361336
116850	0.002581444099
116851	0.005465422323
116852	0.001835139187
116853	0.001321527701
116854	0.0001148959724
116855	2.692813949e-05
116856	0.0006920710241
116857	0.001052991801
116858	0.0001824323788
116859	0.002291727202
116860	0.0007928672717
116861	0.003815944792
116862	0.00110392362
116863	0.0008587107086
116864	0.001935255742
116865	0.0008100246738
116866	0.002287168273
116867	0.001384238678
116868	0.0004079518407
116869	0.0008494023007
116870	0.0007704065063
116871	0.002060328613
116872	0.0007637537209
116873	0.0003234679636
116874	0.00301317665
116875	0.001414473918
116876	0.0006133814762
116877	0.002755694621
116878	0.004450168741
116879	0.002786702946
116880	0.0003718433961
116881	0.001138112966
116882	0.0003128367672
116883	0.001553744848
116884	0.0001662444739
116885	0.001010656562
116886	0.002071795283
116887	0.001647921303
116888	0.001544898395
116889	0.001207082782
116890	0.001340720956
116891	0.005084089771
116892	0.001669420726
116893	0.0001206531319
116894	9.788713692e-05
116895	0.0005285884941
116896	0.002146279129
116897	5.501357611e-05
116898	0.000479246278
116899	0.0005787957269
116900	0.0006628054017
116901	0.003120186646
116902	0.00266406562
116903	0.003126435595
116904	0.001509255338
116905	0.0007337208705
116906	0.004445875445
116907	0.0008581251642
116908	0.001663444514
116909	0.003457020816
116910	0.01074852266
116911	0.001770273452
116912	0.001252972766
116913	0.001126951272
116914	0.001914966782
116915	0.003847005465
116916	5.867449206e-05
116917	0.004911721353
116918	0.0006431837074
116919	0.004756183367
116920	0.007485942861
116921	0.002774957213
116922	0.0009080507388
116923	0.003150158199
116924	0.001199482227
116925	0.004175701961
116926	0.003803430101
116927	0.0001885597258
116928	0.003644503939
116929	0.0003022255716
116930	0.0001300618939
116931	0.0008758106435
116932	0.0003851590402
116933	0.0004948671324
116934	0.00068276278
116935	3.627595836e-05
116936	0.001185598826
116937	8.232567462e-05
116938	4.932787492e-05
116939	0.0006367547718
116940	0.0002536443141
116941	0.005156994964
116942	0.000519095609
116943	0.0001667450646
116944	0.0002346310816
116945	5.493506819e-05
116946	0.0006794032385
116947	0.0001862773265
116948	0.0004267569864
116949	0.001578188506
116950	0.0006668094947
116951	0.00145775325
116952	0.0001706015029
116953	0.001264629196
116954	0.002139435393
116955	2.354731136e-05
116956	0.0001821471743
116957	0.0001765300426
116958	0.001689108496
116959	0.001850360878
116960	0.001288538006
116961	0.0006609187473
116962	0.0002130294963
116963	0.007124970343
116964	0.0010013433
116965	0.001943714244
116966	0.002573114352
116967	0.0001136736262
116968	0.0004615410188
116969	0.000168037991
116970	0.002455242025
116971	0.001157285722
116972	9.420395409e-05
116973	0.0005434479335
116974	0.002934619842
116975	0.001043396322
116976	0.00311801427
116977	0.003859372289
116978	0.0004666999693
116979	0.002578031404
116980	0.0003714240869
116981	0.0003074503291
116982	0.00130745163
116983	0.001167994266
116984	9.644745422e-05
116985	0.0042190252
116986	0.0005140514948
116987	0.002479802059
116988	0.001870585726
116989	0.003865746984
116990	0.006213826652
116991	0.004921460268
116992	0.001591157266
116993	0.0005817392555
116994	0.000863984986
116995	0.000817225429
116996	0.004027765951
116997	0.004037539746
116998	0.0005370348797
116999	9.926239539e-05
117000	0.0009837187231
117001	0.002029195158
117002	0.003010250169
117003	0.004694067521
117004	0.001604634969
117005	5.838459876e-05
117006	0.001608721025
117007	0.0007066836162
117008	0.0007425976518
117009	1.34724158e-07
117010	0.001548804346
117011	0.002333566848
117012	0.003986554216
117013	0.001411057031
117014	0.0003130066243
117015	0.001498465426
117016	0.001859128812
117017	0.001182241067
117018	0.0006842006301
117019	0.0001418338424
117020	0.0009672793684
117021	0.004469183402
117022	0.0005834473508
117023	0.00173091144
117024	0.0001871974325
117025	0.004920842242
117026	0.0008783853216
117027	0.002407474525
117028	0.001495420623
117029	0.0004851017125
117030	0.002875206973
117031	0.001412306899
117032	0.0004972292305
117033	0.0008119002427
117034	0.0001993841732
117035	0.003963730135
117036	0.0002415747239
117037	0.004330024745
117038	0.002542462089
117039	0.00243603973
117040	0.0009117566357
117041	0.0002235582315
117042	0.001949301736
117043	0.003356331833
117044	0.0003642924975
117045	0.0007981603767
117046	0.004473366622
117047	0.001541237877
117048	0.002528767239
117049	0.0006337014778
117050	0.003314111246
117051	0.005640646101
117052	0.00301504806
117053	0.001398132051
117054	0.002088383666
117055	0.0008522339934
117056	0.0005215028341
117057	0.002560665314
117058	0.0001397858114
117059	0.0001808612509
117060	0.005181280289
117061	0.0001778843162
117062	0.0003966809735
117063	2.91983419e-05
117064	0.0002327362048
117065	0.0002991647442
117066	0.002057776441
117067	0.0001196936001
117068	0.004130495142
117069	0.001306319577
117070	0.0001212726252
117071	0.00016965072
117072	0.0003382516661
117073	5.45784532e-05
117074	5.791788905e-06
117075	0.001331316252
117076	0.0008425116481
117077	0.004291665614
117078	0.0002094057192
117079	0.000658115857
117080	0.0035442824
117081	0.005043258769
117082	0.004098482533
117083	0.004256411458
117084	0.0007098637213
117085	0.001297950445
117086	0.007394020493
117087	0.002554805986
117088	0.0008133232879
117089	0.001907163473
117090	0.001110441764
117091	0.0004566165839
117092	0.001786390642
117093	0.006770496938
117094	0.003817656038
117095	0.0002478243646
117096	0.0003170113239
117097	0.004020607802
117098	0.003663785726
117099	2.414629082e-05
117100	0.0005022430515
117101	3.268716469e-05
117102	0.002023267405
117103	0.006938338215
117104	0.003468787933
117105	6.044701924e-06
117106	0.001746046927
117107	0.001921366835
117108	0.001686212712
117109	0.0002971652337
117110	0.001259025499
117111	0.002517755192
117112	0.0004040801624
117113	0.004136021509
117114	0.0007994453918
117115	0.0002607672273
117116	0.0001906147779
117117	0.00222041986
117118	0.0003672650816
117119	0.0009724793872
117120	0.003422165307
117121	0.002466544707
117122	0.003018407438
117123	0.0008794048796
117124	0.001022411975
117125	0.001243014967
117126	9.697809232e-05
117127	0.001204783838
117128	0.006006287369
117129	0.00744965839
117130	0.004940127986
117131	0.001649501417
117132	0.002277609301
117133	0.001743708233
117134	0.0004247166681
117135	0.00177849942
117136	0.0008753385954
117137	0.001632416575
117138	0.006580657296
117139	0.0004392171025
117140	0.003067008895
117141	0.004582688252
117142	0.001050728213
117143	0.001755858935
117144	0.002095660374
117145	0.002527567631
117146	0.002395144381
117147	0.0004313707514
117148	0.004734155852
117149	0.0003312846399
117150	0.001871959
117151	0.004352275647
117152	0.003420628996
117153	0.001862383795
117154	0.002429944873
117155	0.0004886461752
117156	0.0002848781382
117157	0.002147335119
117158	0.001055321959
117159	0.0005667648832
117160	0.003079959212
117161	0.0008790508428
117162	0.001219858092
117163	0.001096985696
117164	0.001686233784
117165	0.00245483983
117166	0.002378491323
117167	0.002574026848
117168	0.002217908041
117169	0.004316364893
117170	0.001120011201
117171	0.00219779709
117172	0.002872940804
117173	0.002407791577
117174	0.0004688839633
117175	0.002386722588
117176	0.005894847366
117177	0.0005188935241
117178	0.004155666868
117179	0.003101427739
117180	0.003672185958
117181	0.000280039896
117182	0.001081598862
117183	0.0003779344819
117184	0.001182514991
117185	0.005105048508
117186	9.160670804e-05
117187	0.001948132127
117188	0.00117180891
117189	0.004110647904
117190	0.001741675448
117191	0.001802224325
117192	0.0001133828844
117193	0.003016141374
117194	0.001264044591
117195	0.0007164610241
117196	0.0004712005026
117197	0.0007594638007
117198	0.0005100526025
117199	0.0005104483015
117200	0.007756597922
117201	0.003681497475
117202	0.004969764692
117203	0.001373992827
117204	0.002632040521
117205	0.0005152580168
117206	0.0001460821921
117207	0.002020572861
117208	0.001648624666
117209	0.001897675325
117210	0.001667409624
117211	0.001541740756
117212	0.0001826871292
117213	0.001216602749
117214	0.0008568969465
117215	0.001836082318
117216	0.001085693031
117217	0.005294026203
117218	0.001181754476
117219	0.005765836719
117220	0.001878508447
117221	0.000448707605
117222	0.002155686914
117223	0.0003432487272
117224	0.001451372064
117225	0.002206481046
117226	0.0006759875966
117227	0.001017784991
117228	0.001723711696
117229	0.0006363361872
117230	0.0008779861831
117231	0.003229618821
117232	0.00246919798
117233	0.0001291306784
117234	0.0001831964012
117235	0.00098464744
117236	0.001476529539
117237	0.001238281501
117238	0.0008017725971
117239	0.003048811643
117240	0.00119317116
117241	0.0005611004856
117242	0.002828104816
117243	0.0007545802407
117244	0.0003614403343
117245	0.001870845236
117246	0.001151431382
117247	0.001337069482
117248	0.0001320914372
117249	0.0001909259012
117250	6.60352267e-05
117251	0.0004518697346
117252	0.004648028827
117253	9.190270537e-05
117254	0.0003624400785
117255	0.001057106022
117256	0.001082404564
117257	0.0004005433864
117258	0.0004257517486
117259	0.0002015407867
117260	0.002420856718
117261	0.00280987339
117262	0.001061039486
117263	0.004014199608
117264	0.002892366772
117265	8.549026874e-05
117266	7.952027958e-05
117267	0.003009549761
117268	0.001307922715
117269	0.006974758661
117270	0.002004581611
117271	0.001269468737
117272	0.002494462076
117273	0.002861594621
117274	0.002142297341
117275	0.0008232198157
117276	0.0001301701047
117277	0.001797644578
117278	6.306557609e-05
117279	0.001965146457
117280	0.0001403010869
117281	0.0003753230534
117282	0.002084294855
117283	0.002177251422
117284	7.420212175e-05
117285	0.0001906503125
117286	0.00153268524
117287	0.0003038166388
117288	7.493156804e-06
117289	0.00127662862
117290	6.130440436e-06
117291	9.722657034e-05
117292	9.65668081e-05
117293	2.087196929e-05
117294	0.0004212781821
117295	0.001966468482
117296	0.002181688429
117297	0.003837520373
117298	0.003452035581
117299	0.001329451242
117300	0.002711133552
117301	0.003399028233
117302	0.004136786913
117303	0.002178229318
117304	0.002196298316
117305	0.006406369046
117306	0.004830149966
117307	0.004262626154
117308	0.004622490025
117309	0.001308545809
117310	0.001917254955
117311	0.001184405236
117312	0.00129316743
117313	0.002276245742
117314	0.001491533204
117315	0.0008553203969
117316	0.004792946059
117317	0.006603856319
117318	0.002981073085
117319	0.007219749808
117320	0.004655444334
117321	0.009198571296
117322	0.001993483078
117323	0.000954665658
117324	0.003948821588
117325	0.003869342541
117326	0.003302678896
117327	0.0006480711215
117328	0.003442868861
117329	0.0005297396125
117330	0.001112405242
117331	0.007879069427
117332	0.0003410452302
117333	0.001663538082
117334	0.008062975915
117335	0.003689457358
117336	0.00402947463
117337	0.001930033672
117338	0.0002483576869
117339	0.0001837039323
117340	0.0004295994618
117341	0.006364317574
117342	0.0007044509388
117343	0.001489756088
117344	0.00395044319
117345	0.005389925868
117346	0.0008419829472
117347	0.001750809917
117348	0.0001399575129
117349	0.0002681443572
117350	0.01073387939
117351	0.002127096105
117352	0.0004061547358
117353	0.0004652274808
117354	0.0001182040674
117355	0.004765998975
117356	0.0005241543082
117357	0.002207453271
117358	0.001147718406
117359	0.004078916511
117360	0.00216256162
117361	0.0007191952398
117362	0.0003261920981
117363	0.0008739413572
117364	0.001236747449
117365	0.001203971721
117366	0.0002902254217
117367	0.00604703749
117368	0.002239067576
117369	0.0008478991783
117370	0.002790989983
117371	0.0006178075204
117372	0.004558421966
117373	0.001084327229
117374	0.001917034947
117375	0.00463068578
117376	0.001105850429
117377	0.004959216073
117378	0.002674618464
117379	0.001578470147
117380	0.0006386926293
117381	0.002602955359
117382	0.003949682934
117383	0.0001725322083
117384	0.00489188924
117385	0.002437646121
117386	0.002173612286
117387	0.002352169611
117388	0.005863354009
117389	0.000707122696
117390	0.006301697017
117391	0.0003452878255
117392	0.002512033206
117393	0.006859484109
117394	0.0001916743447
117395	0.005108418006
117396	0.004015869998
117397	0.001304440714
117398	0.0008340387671
117399	0.001758889818
117400	0.002824191243
117401	0.0006149185543
117402	0.00760568013
117403	0.008020234815
117404	0.002622106205
117405	0.009755960234
117406	0.001628382487
117407	0.004254452375
117408	0.0001793578144
117409	0.006644498996
117410	0.002664113382
117411	0.008087031165
117412	0.001500948522
117413	0
117414	0.002154021445
117415	0.002900319332
117416	0.004933648038
117417	0.004784410745
117418	0.002144815158
117419	0.0004223454152
117420	0.0006526160775
117421	0.0003916429277
117422	0.0009617236688
117423	0.0004851769132
117424	0.0007116975643
117425	0.000473440202
117426	0.001583419263
117427	5.466461051e-05
117428	0.0006773305388
117429	0.001260728565
117430	0.00143424529
117431	0.002381123474
117432	0.004631397222
117433	0.0004419348484
117434	0.005175681779
117435	0.00233342069
117436	0.0005384796122
117437	0.003152817618
117438	0.002104967135
117439	0.002031841706
117440	0.003633459172
117441	0.00225783241
117442	0.002800156726
117443	0.00262973774
117444	0.0009539841896
117445	0.0007240281862
117446	0.00316020624
117447	0.0006229985386
117448	0.0003207217883
117449	0.001922581772
117450	0.0004731612487
117451	0.003609469159
117452	0.006864756206
117453	0.001840176944
117454	0.001578579528
117455	0.0003634906859
117456	0.001545412701
117457	0.0001896370428
117458	0.001265806418
117459	0.005103760241
117460	0.001916518305
117461	0.005134230441
117462	0.001756117846
117463	0.002709559003
117464	0.000249344776
117465	0.004062542721
117466	0.003651011777
117467	0.002325654404
117468	0.006293870824
117469	0.003612032262
117470	0.002076900803
117471	0.004103283385
117472	0.001794329015
117473	0.00175484373
117474	0.003124421735
117475	0.0004590469422
117476	0.002216853872
117477	0.006723864764
117478	0.003077636805
117479	0.004589002682
117480	0.001215710392
117481	0.002435311821
117482	0.007476160998
117483	0.0004336337027
117484	0.002125664706
117485	0.0001419756655
117486	0.001570282818
117487	0.005718962177
117488	0.004746954093
117489	0.003619447743
117490	0.008146778749
117491	0.0001498212342
117492	0.0003252344751
117493	0.00025186042
117494	0.00116259147
117495	0.000674464006
117496	0.002160901577
117497	0.000941726406
117498	0.0007325298717
117499	0.004100572129
117500	0.003926241288
117501	0.001670109157
117502	0.003119456612
117503	0.002677780516
117504	0.004718562376
117505	0.004816744211
117506	0.002863037606
117507	0.00150277275
117508	0.002435653413
117509	0.003809134202
117510	0.0007535498305
117511	0.001206152967
117512	0.001954075626
117513	0.001118956523
117514	0.002767773406
117515	0.002151616761
117516	0.0002589911215
117517	0.004800258557
117518	0.001135986825
117519	0.005686366217
117520	0.004959036332
117521	0.002005308935
117522	0.004392320677
117523	0.0002054299807
117524	0.001164000892
117525	0.0001643656966
117526	0.003331758925
117527	0.001129467372
117528	0.007372349349
117529	0.001139077695
117530	0.004977387924
117531	0.001714381344
117532	0.001051087231
117533	0.0001764706689
117534	9.210575294e-06
117535	0.0008727625719
117536	0.005118198726
117537	0.0003934196469
117538	0.005822695219
117539	0.002304231283
117540	0.0001598062858
117541	0.002542696116
117542	0.00231863802
117543	0.0001535154769
117544	1.411973631e-05
117545	0.002403463161
117546	0.002169076242
117547	0.001920227996
117548	0.001263367412
117549	0.001303745921
117550	0.002949830528
117551	0.006052662132
117552	0.003593746662
117553	0.006259712072
117554	0.0001074368428
117555	0.005512418845
117556	0.003236847957
117557	0.004107166079
117558	0.003548659631
117559	0.000437467407
117560	0.004898482532
117561	0.0008220289407
117562	0.0006879943416
117563	0.004008585272
117564	0.0004023756813
117565	0.003034610494
117566	0.00122779561
117567	0.004555786862
117568	0.002732325989
117569	0.004327883467
117570	0.002346007633
117571	1.981689466e-05
117572	0.001897360466
117573	0.0006684411866
117574	0.0003455256618
117575	0.002700369048
117576	0.001235604729
117577	0.002970335489
117578	0.0003893015579
117579	0.002021416745
117580	0.0003209966575
117581	0.0001418574165
117582	0.0009375518823
117583	0.003223506413
117584	0.002815209549
117585	0.003230149954
117586	0.001419763668
117587	0.0005599387285
117588	0.002460734834
117589	2.954337356e-05
117590	0.003191681693
117591	0.003025029316
117592	0.001190823481
117593	0.002395261148
117594	0.001147426254
117595	0.002205542962
117596	0.003017152847
117597	0.001944884247
117598	0.001071608076
117599	0.0009872438184
117600	0.00138826945
117601	0.001936817105
117602	0.003723800614
117603	0.0007949668622
117604	0.002069842125
117605	0.002391979895
117606	0.0002613711249
117607	0.002812974247
117608	0.002016118531
117609	0.001997935924
117610	0.0003544065716
117611	0.002710221452
117612	0.0002240736654
117613	0.001458764553
117614	0.001337877389
117615	0.002179795333
117616	0.002059473883
117617	0.001009803399
117618	0.000912221779
117619	0.001430846963
117620	0.001272709399
117621	0.0004966370403
117622	0.002499146793
117623	0.003467823182
117624	6.975226617e-05
117625	0.002697691831
117626	0.0006974219743
117627	0.00486539503
117628	0.001480946302
117629	0.000162783371
117630	0.0008844706713
117631	0.0004041874491
117632	0.002803065505
117633	0.001574038444
117634	0.003178001455
117635	0.001164828159
117636	0.0006905244832
117637	0.0008537985619
117638	0.001691345686
117639	0.0005372973225
117640	5.428563859e-06
117641	0.003055112981
117642	0.0001185544894
117643	0.002876405976
117644	0.00207676581
117645	0.0002969211974
117646	0.001939470917
117647	0.004173393272
117648	0.005077659683
117649	0.001529237187
117650	0.002852185394
117651	0.001348285729
117652	0.003154210242
117653	0.0006124618664
117654	0.00307863925
117655	0.0009067231104
117656	1.891926679e-05
117657	0.0008642081454
117658	0.0002440570697
117659	0.0001559561465
117660	0.00185665664
117661	0.002222375393
117662	0.0003462256105
117663	0.002388984075
117664	0.0009508096178
117665	0.0006806328324
117666	0.002428755333
117667	6.417461004e-05
117668	0.0001993491655
117669	0.002201544748
117670	0.0009508058237
117671	0.003632000368
117672	0.004790903519
117673	0.001109650579
117674	6.642584254e-05
117675	0.001222169416
117676	0.005376806825
117677	0.001485950142
117678	0.0008668100215
117679	0.0007378914957
117680	0.0007531574795
117681	0.003192360028
117682	0.006389820371
117683	7.04366563e-05
117684	0.004631286896
117685	0.005045177718
117686	0.0003341018908
117687	0.003792373434
117688	0.000216802256
117689	0.0007206323134
117690	0.002383088688
117691	0.002254137199
117692	0.005183235575
117693	0.0005242385384
117694	0.0002265320268
117695	0.001037639634
117696	0.0002135756686
117697	0.004188083739
117698	0.0001081955282
117699	0.000187096568
117700	0.003089759594
117701	0.002252547779
117702	0.002374449584
117703	3.919639381e-05
117704	3.63604036e-05
117705	0.0003099337383
117706	0.0005902777421
117707	4.797141459e-05
117708	0.001341990833
117709	0.000951912049
117710	0.002779339678
117711	0.003228995543
117712	0.0005251979022
117713	0.001268026031
117714	7.598730861e-05
117715	0.001915669375
117716	0.0003148524171
117717	0.0001995672756
117718	0.0003285519041
117719	0.0002099495764
117720	0.0001536567292
117721	0.003886539357
117722	0.0001935695186
117723	0.0004024609062
117724	0.000764656679
117725	0.0009761164267
117726	0.002998218569
117727	0.0001490919706
117728	0.001266765713
117729	0.0008649816243
117730	0.0002087980337
117731	0.001297544708
117732	0.0003287409039
117733	0.002920315397
117734	0.004667072213
117735	0.007647745808
117736	0.0001554332793
117737	0.004280274954
117738	0.001360613934
117739	0.0001729504445
117740	0.0003857407308
117741	0.002049710871
117742	0.002029193288
117743	0.0001535993021
117744	0.003716562243
117745	0.0002156551096
117746	0.00352771153
117747	5.651196985e-05
117748	0.00335602193
117749	0.0008421343221
117750	0.0002660022509
117751	0.003270754457
117752	3.188625938e-05
117753	0.0005364792339
117754	0.003758382032
117755	0.0007587212922
117756	0.005458977635
117757	0.0004973843906
117758	0.0003712375207
117759	0.001048150452
117760	0.001881303173
117761	0.004120194401
117762	0.0006182947918
117763	0.003266935381
117764	0.005198896629
117765	8.237446824e-05
117766	0.001027865014
117767	0.0001434367539
117768	0.0007895189807
117769	1.165344846e-05
117770	0.0003686051412
117771	0.000266953406
117772	0.0002635366152
117773	0.0007494965306
117774	0.001460440955
117775	0.001153917417
117776	0.000604392576
117777	0.01186615898
117778	0.002682160785
117779	0.0005795035074
117780	0.001884489149
117781	0.0007947208126
117782	0.0002609297341
117783	0.003138788121
117784	0.0003252431672
117785	0.003227026955
117786	0.002213114564
117787	0.003787618015
117788	0.001212856723
117789	0.0001324957114
117790	0.0003218379558
117791	0.001144419998
117792	0.002735302534
117793	2.43060753e-05
117794	0.001530813566
117795	0.002614963223
117796	0.0001543105472
117797	0.0004292185134
117798	0.001733811296
117799	0.0001952769359
117800	0.001753775705
117801	0.001725202557
117802	0.0007744988427
117803	0.000541115626
117804	7.838560157e-05
117805	0.0006993016158
117806	0.00294403088
117807	0.001866440591
117808	0.0008207154396
117809	0.003216371464
117810	0.0003155845686
117811	0.002906386527
117812	0.00281997619
117813	0.001451824517
117814	0.0003752529361
117815	0.002533478314
117816	0.0003528963186
117817	0.0003996323265
117818	0.001863595619
117819	0.0009225127306
117820	0.0007695129434
117821	0.002402728074
117822	0.0002178220155
117823	0.00358559479
117824	0.00167648672
117825	0.009475063679
117826	0.0001181979337
117827	0.0005574810665
117828	0.0007073420432
117829	2.972559539e-05
117830	0.001811241002
117831	0.001223187717
117832	0.0011013095
117833	8.595111773e-05
117834	0.0006042619952
117835	0.001569365606
117836	0.001555994941
117837	0.002195155365
117838	0.000605689511
117839	0.0005652854463
117840	0.0002283801881
117841	0.0006991372006
117842	0.0004577451476
117843	0.0001899652813
117844	0.001339022923
117845	0.00270150693
117846	0.00010375586
117847	0.001485938379
117848	7.322392064e-06
117849	0.004637130753
117850	0.001078423472
117851	0.0002241450057
117852	0.005052944986
117853	0.003042674747
117854	0.002873905767
117855	0.0009958074523
117856	0.000276986932
117857	0.0006938997181
117858	6.344807059e-06
117859	0.0001026576569
117860	0.003056175436
117861	0.001266809562
117862	0.0003481093966
117863	0.0006100281249
117864	0.00145042273
117865	0.00194723379
117866	0.001536095216
117867	0.001699754054
117868	0.002996231712
117869	0.004090971777
117870	0.0009857244134
117871	0.0005690977653
117872	0.002438954027
117873	0.004613866082
117874	0.0001278780881
117875	7.594169828e-05
117876	0.00312271465
117877	0.003006188399
117878	0.0005438997458
117879	0.0001688087295
117880	0.001083834225
117881	0.0004779967133
117882	0.003655799184
117883	0.0002901095173
117884	0.0015877578
117885	0.00567374987
117886	0.003316364463
117887	0.0004572173442
117888	0.0005585613269
117889	0.002563726639
117890	0.0003663996858
117891	0.000767306388
117892	0.002300055165
117893	0.003500019053
117894	0.000507243356
117895	0.0006279320334
117896	0.002323590111
117897	0.001704536748
117898	0.002730590664
117899	0.002502107281
117900	0.0006856619048
117901	0.0003864848272
117902	0.0008971309713
117903	0.001457481381
117904	0.007576808706
117905	0.001289386585
117906	0.002826632164
117907	0.0003153026309
117908	0.0008249552348
117909	0.0001002259946
117910	0.0005142506593
117911	0.003290138533
117912	0.0009244521247
117913	0.0008866540624
117914	2.472914868e-05
117915	0.0002231155059
117916	0.0002705593728
117917	0.00115626661
117918	0.0004330016501
117919	0.000634557814
117920	0.0002665410169
117921	0.000264461048
117922	9.336475187e-05
117923	0.001947108927
117924	0.001143841796
117925	0.003397992689
117926	0.0006421151492
117927	7.344721489e-05
117928	0.002256883077
117929	0.0009446095037
117930	0.003226977797
117931	0.0001263725212
117932	0.002607014202
117933	0.0006130062018
117934	0.0002150369095
117935	0.002449958612
117936	0.0005278845794
117937	0.002386318486
117938	0.0004954273485
117939	0.003500404422
117940	7.334046147e-06
117941	0.003107004988
117942	0.001984938522
117943	0.002095082837
117944	0.001623590503
117945	0.001695946867
117946	0.0001677658583
117947	0.0009477138729
117948	0.0003240608248
117949	0.0018502188
117950	0.0008142053513
117951	0.002607780817
117952	0.001771244255
117953	0.006927178161
117954	0.0001997786132
117955	0.001139452693
117956	7.703407832e-05
117957	0.0005020159952
117958	0.00398792039
117959	0.001703662934
117960	0.002808709255
117961	0.0007925221442
117962	0.0004556317497
117963	0.0003043914382
117964	0.0007585574689
117965	0.004141618545
117966	0.0007052801185
117967	0.0006476667837
117968	0.002084346612
117969	0.001486819289
117970	2.191886023e-05
117971	0.0005193504685
117972	0.005931831447
117973	0.0006522551748
117974	0.0007671369641
117975	0.004655037812
117976	0.0009076890769
117977	0.0005355393427
117978	0.003905001504
117979	1.200227971e-05
117980	0.003405224538
117981	0.0008756018669
117982	0.001618375778
117983	0.0002853879444
117984	0.002741321932
117985	0.001076574094
117986	0.0004423847445
117987	0.003384224962
117988	0.001262103791
117989	0.0008010015624
117990	0.001744252777
117991	0.00268319914
117992	0.0007690220045
117993	0.0004270861761
117994	0.004049188559
117995	0.001211705616
117996	0.004870420398
117997	0.002222874389
117998	0.0005647403255
117999	0.0005808749308
118000	0.00061905283
118001	0.001048659841
118002	0.0009635866457
118003	0.0001826381969
118004	0.001656830402
118005	0.001282294848
118006	0.0007338935779
118007	0.0003861575144
118008	0.001524806732
118009	0.0006116327386
118010	0.001214155521
118011	0.004190594831
118012	0.001525474109
118013	0.001315806596
118014	0.000711886534
118015	0.002785842059
118016	0.0002859866181
118017	0.0005712371328
118018	7.65628999e-05
118019	0.005240233945
118020	0.007907639729
118021	0.0001397365121
118022	0.0001082532679
118023	0.0007273370504
118024	0.001614240215
118025	0.001003733282
118026	0.001454108442
118027	0.004876412393
118028	0.0005132904904
118029	0.002865909433
118030	0.001676226197
118031	0.003651692907
118032	0.003468441774
118033	0.0005383863339
118034	7.95834239e-05
118035	0.0003065097136
118036	0.0007276415294
118037	0.001343832247
118038	0.0002796872537
118039	0.0002520430981
118040	0.00208655937
118041	0.001646574577
118042	0.002358826555
118043	0.002601696852
118044	0.003168377807
118045	0.001487514335
118046	0.00385938505
118047	0.0004626250676
118048	0.006713622718
118049	0.0002956417307
118050	0.002413249365
118051	0.0005254220646
118052	0.001491792989
118053	0.002423683904
118054	0.00769537506
118055	1.471932253e-05
118056	1.732754819e-05
118057	0.001982522148
118058	0.0007193773492
118059	0.005052602623
118060	0.0004819720218
118061	0.0002402726348
118062	0.0004632357228
118063	0.002265243118
118064	0.001283404138
118065	0.001072559658
118066	0.000130969705
118067	0.0006878464425
118068	0.0001475023938
118069	0.003719508629
118070	0.001388050782
118071	0.004743739521
118072	0.0001900937581
118073	0.003239613798
118074	0.002821426601
118075	0.002486383357
118076	0.002512899666
118077	0.0001709019068
118078	0.0003591436255
118079	0.0001083236125
118080	0.002719362043
118081	5.840558127e-05
118082	0.0009295536887
118083	7.684234341e-06
118084	0.001539543245
118085	0.007827887678
118086	0.0004655816391
118087	0.0005940498372
118088	0.0002691533921
118089	0.001035380351
118090	0.0006269780223
118091	0.00214131728
118092	3.096454989e-05
118093	0.0001230206575
118094	2.909111089e-05
118095	0.0004054303647
118096	0.00164651554
118097	0.001533570418
118098	0.0005242744344
118099	0.005501012996
118100	0.0004925122464
118101	0.004150293507
118102	0.002054787783
118103	0.0006685826456
118104	0.0001050100816
118105	0.001780378826
118106	0.002005657159
118107	0.0001505432784
118108	0.00118361215
118109	0.0006364809101
118110	0.0008641724216
118111	0.000330384859
118112	0.0003222722742
118113	9.483436565e-05
118114	7.647048918e-06
118115	0.002688163038
118116	0.00492109646
118117	0.00290022019
118118	0.0009537872309
118119	0.0005128493786
118120	0.006096000378
118121	0.0009396020338
118122	0.00168948331
118123	0.006633128288
118124	0.002199685164
118125	0.001411309692
118126	0.0004363952118
118127	0.001659090217
118128	7.446985008e-05
118129	0.0005595356243
118130	0.0008055974129
118131	0.008886338488
118132	0.007324174867
118133	0.0001247710777
118134	0.002871258778
118135	0.0009356373818
118136	0.0003654722917
118137	0.005230475323
118138	0.003757848207
118139	0.0003643007525
118140	0.0004607904273
118141	0.005138089607
118142	0.001617291207
118143	0.0002677018443
118144	0.004394997406
118145	0.0001702595942
118146	0.0008448393919
118147	0.000877886845
118148	0.009857266315
118149	0.0005556138043
118150	0.0006716216628
118151	0.002583419999
118152	0.001336626361
118153	0.00199504828
118154	0.0002390025472
118155	0.0001005070503
118156	0.0003947990399
118157	0.002720184894
118158	0.000156700526
118159	0.0001728744415
118160	0.002814463167
118161	0.002495319491
118162	0.0005152864973
118163	0.002138031678
118164	0.0001034469124
118165	0.0002833186404
118166	0.001136815451
118167	0.001772163561
118168	0.001162399483
118169	0.001588282707
118170	0.002723444183
118171	0.004814387777
118172	0.001527314957
118173	0.003524524465
118174	0.0001967006311
118175	0.001863560471
118176	0.0007274833273
118177	0.001105793543
118178	0.001452818653
118179	0.000129702784
118180	0.000350385477
118181	0.001327480876
118182	0.0006653994055
118183	0.002865528096
118184	0.001084364006
118185	0.000549482769
118186	0.000456497527
118187	0.001623383225
118188	0.0007808470234
118189	0.003432608379
118190	0.002943414514
118191	0.001242978926
118192	0.0006086732976
118193	0.001856936759
118194	0.000391401937
118195	0.001709600916
118196	0.002804625762
118197	0.001568378362
118198	0.001508026202
118199	0.002662786581
118200	0.001105048052
118201	0.0008370577597
118202	0.001163105962
118203	0.001867184385
118204	0.003200078825
118205	0.00106837533
118206	0.001160215006
118207	0.001761626833
118208	0.001418135158
118209	0.003027728716
118210	0.00060490116
118211	0.002594494646
118212	0.001709622779
118213	0.001040964489
118214	0.004107869072
118215	3.912675303e-05
118216	0.006956653686
118217	0.002749609557
118218	0.0002700882988
118219	1.413235426e-05
118220	0.000438264153
118221	6.210422756e-05
118222	0.00196447504
118223	0.0002239800278
118224	0.002244512415
118225	0.000870399255
118226	0.008395627815
118227	0.002153455355
118228	0.001670456047
118229	0.007030999245
118230	0.0007211026393
118231	0.0006661931096
118232	0.002483882684
118233	0.001702689932
118234	0.0005716253146
118235	0.002304628764
118236	0.0008997593657
118237	0.003584031477
118238	0.002124784349
118239	0.002367008734
118240	0.003299064001
118241	0.0004612534439
118242	0.005262010313
118243	0.0004822435697
118244	0.0004260501067
118245	0.0004284601897
118246	0.0003097406391
118247	0.0007903934346
118248	4.541842349e-05
118249	0.0004097259847
118250	4.942598206e-06
118251	0.0003518299414
118252	0.0004971971424
118253	0.0001113985877
118254	0.0002869627234
118255	0.0004952298741
118256	0.00309301276
118257	0.001901017796
118258	0.004679906463
118259	0.0002542803525
118260	0.002563207988
118261	0.003986792484
118262	0.0040334993
118263	0.0005009444428
118264	0.0005009840902
118265	0.002384039342
118266	0.004146260665
118267	0.0009619137605
118268	0.0007591885091
118269	0.007573085583
118270	0.001769998611
118271	0.004392263616
118272	0.001689921169
118273	0.001845170777
118274	0.003713345501
118275	0.003002437069
118276	0.002549594113
118277	0.0006647888234
118278	0.001879858714
118279	0.0001193544038
118280	0.0005006733056
118281	0.0004883171838
118282	1.426731083e-05
118283	2.154324778e-05
118284	0.002918441165
118285	2.597512675e-06
118286	0.0009419023075
118287	0.0002166575418
118288	5.306474055e-05
118289	0.000766319448
118290	0.001092113921
118291	0.001953027482
118292	0.001507023235
118293	0.0001670479237
118294	0.005546980269
118295	4.166341799e-05
118296	5.400496367e-05
118297	0.002190832861
118298	0.002462178574
118299	8.807329203e-05
118300	0.004697919108
118301	0.0004003248714
118302	0.002124535836
118303	0.0008637088388
118304	0.0004425137592
118305	0.0009377201346
118306	0.002716833484
118307	0.00396562941
118308	0.0005090460225
118309	0.003031031183
118310	0.0001151251741
118311	0.002516471256
118312	0.005845752665
118313	0.001746328825
118314	0.00143501374
118315	0.0004070530914
118316	0.00226972147
118317	0.004940615303
118318	0.0006344411147
118319	0.00314625746
118320	0.00394535906
118321	0.0006954988153
118322	0.001268293547
118323	0.003367998963
118324	0.001889092034
118325	0.002973980874
118326	0.003366986662
118327	0.001591069002
118328	0.003204589888
118329	0.0007008343283
118330	0.002240806513
118331	7.78785849e-05
118332	0.001087906147
118333	0.0008704082855
118334	0.002876539095
118335	0.002587813135
118336	0.003436068218
118337	0.001768518717
118338	0.001505400532
118339	0.0009196842032
118340	0.0002611630127
118341	0.0003474952988
118342	0.000239834632
118343	0.0008680974617
118344	3.349273811e-05
118345	0.0001210994571
118346	0.000806883545
118347	0.001060523798
118348	0.0004435481153
118349	0.0005872490703
118350	0.000414147771
118351	2.136774481e-05
118352	0.0006774600369
118353	0.0006059076356
118354	0.0007811123183
118355	0.0007248568035
118356	6.060350888e-08
118357	0.0007261850199
118358	3.269340517e-07
118359	0.00100024174
118360	0.001227001919
118361	0.001997361101
118362	0.001981965223
118363	0.0002890908471
118364	0.0009244433721
118365	0.0006317790839
118366	0.0006074181603
118367	0.001634174191
118368	0.0005279728021
118369	0.001721416433
118370	0
118371	0.001012598394
118372	0.002881251067
118373	0.00167390359
118374	0.0009478212714
118375	0.002210640472
118376	0.0003812942621
118377	0.004174181516
118378	0.001791181611
118379	0.002005730732
118380	0.0006419068564
118381	0.001744541312
118382	0.002136876617
118383	1.031173164e-05
118384	0.001295009345
118385	0.001009695941
118386	0.0001995895118
118387	0.001338024849
118388	0.0001009033493
118389	0.0001370123764
118390	0.002019337575
118391	0.0002719294881
118392	0.000182007125
118393	0.001719776223
118394	0.0003213664937
118395	0.0005496738512
118396	0.001106997194
118397	0.0007180021532
118398	0.004028126566
118399	0.002079694521
118400	8.533786381e-05
118401	2.93242841e-05
118402	0.001740592986
118403	0.002782670128
118404	0.002310476834
118405	0.0003459989098
118406	0.000986713686
118407	0.0002399534299
118408	0.001091895361
118409	0.000706792242
118410	0.0008634423262
118411	0.001466085705
118412	0.0007361222314
118413	0.0007429240031
118414	4.147997303e-05
118415	0.0002769921424
118416	1.251390355e-06
118417	0.001079747351
118418	0.0009392468625
118419	0.0002922485977
118420	0.0001371213452
118421	5.354032645e-05
118422	0.0001275404662
118423	0.002099373873
118424	0.00138995874
118425	0.00207549465
118426	0.00146079583
118427	0.0002972953803
118428	0.0004100769413
118429	0.001300592048
118430	0.0007988474277
118431	0.00140379856
118432	0.001015103591
118433	0.002714266303
118434	0.00416582619
118435	0.004712343682
118436	0.001530933804
118437	1.468992656e-06
118438	0.0001503688022
118439	0.001408453819
118440	0.004835017544
118441	0.0002953098366
118442	0.0003312363446
118443	7.922226443e-05
118444	0.0001036330956
118445	0.0009267558572
118446	5.062777566e-05
118447	0.001095540505
118448	0.003844606854
118449	0.0001982448944
118450	0.0001796902875
118451	0.0007201842057
118452	0.0004940022517
118453	0.002590644127
118454	0.003536452188
118455	0.002217611199
118456	0.002792105038
118457	0.001615177879
118458	0.0005816665323
118459	0.001884808922
118460	0.001454358791
118461	7.292836052e-05
118462	6.044234087e-05
118463	0.004204944852
118464	0.002548440448
118465	0.0005836681447
118466	0.0006435746636
118467	8.3696626e-06
118468	0.0002299184765
118469	0.0002306020886
118470	0.005849185403
118471	0.001752723528
118472	0.001939752611
118473	0.001055438403
118474	0.002206839014
118475	0.003843841759
118476	0.003030386706
118477	0.003920761745
118478	0.0006138351685
118479	0.0005791992538
118480	0.0001794379364
118481	0.008128608529
118482	0.0004733624434
118483	0.002739538625
118484	0.003042467641
118485	0.00375610505
118486	0.001485163353
118487	0.0002988501131
118488	0.002679646582
118489	0.002354458233
118490	0.0001064933407
118491	0.0009585935175
118492	0.001575753601
118493	0.001528780214
118494	0.002435436901
118495	0.0003937855335
118496	0.001909651723
118497	0.0007052304653
118498	0.0002505070345
118499	0.003284887305
118500	0.001924497585
118501	0.000124839614
118502	9.043141033e-05
118503	0.0006086988775
118504	0.0008179201049
118505	0.001346208019
118506	0.0008163848563
118507	0.002234375778
118508	0.0007326482141
118509	0.003260856296
118510	0.000536680897
118511	0.001580640412
118512	0.0002241755876
118513	0.005701456519
118514	0.001032293497
118515	0.001476228158
118516	0.001575131351
118517	0.001334158366
118518	0.001091115476
118519	0.002761733647
118520	0.0008519039413
118521	0.0005602216398
118522	0.002010665384
118523	0.00278142113
118524	0.001066542927
118525	0.0009953400133
118526	0.001160328281
118527	0.004020010658
118528	0.003081359435
118529	0.001528677541
118530	0.00199480387
118531	0.005093871453
118532	0.001486938326
118533	1.898418352e-06
118534	0.0002886270606
118535	5.427507259e-06
118536	0.0006699997989
118537	0.002802736892
118538	0.00152270997
118539	0.0008372619502
118540	0.004665554615
118541	0.001007827405
118542	0.001424277028
118543	7.211382478e-05
118544	5.549378572e-05
118545	0.003415726017
118546	0.001537143623
118547	0.002659610455
118548	0.003399779055
118549	0.0005891831464
118550	3.199408739e-05
118551	0.002170452013
118552	0.0005516698899
118553	0.001903779893
118554	0.001213955335
118555	0.001365004656
118556	0.003085037032
118557	0.002201370322
118558	0.001784180376
118559	0.0003530726348
118560	0.001237326649
118561	0.004875313847
118562	0.001565099416
118563	0.0004638079557
118564	0.005457934075
118565	0.002919327792
118566	0.0005136383888
118567	0.001814307886
118568	0.00480192093
118569	0.0004909887374
118570	0.002175097419
118571	0.0002979200358
118572	0.0001886006146
118573	0.004428972663
118574	0.004934848066
118575	0.0003380013953
118576	0.0005848381664
118577	0.001019398495
118578	0.001995989991
118579	0.0002658600003
118580	8.648134756e-05
118581	0.003083058372
118582	0.005273829157
118583	0.001066748192
118584	0.002912791416
118585	0.002799587438
118586	0.0006044518382
118587	0.0003162751115
118588	0.0005562383626
118589	0.002524781866
118590	0.0002338499396
118591	0.005992350719
118592	0.0003870044043
118593	0.001002694596
118594	0.0007029983997
118595	0.002920641594
118596	0.001441035878
118597	0.001610174126
118598	0.0005198533176
118599	0.0004196266963
118600	0.003017913189
118601	4.436229303e-05
118602	0.002165992599
118603	0.0005613384172
118604	0.0009985242297
118605	9.560510877e-05
118606	0.0002548618127
118607	0.003372759233
118608	0.0006152117052
118609	0.002697220172
118610	0.003672977543
118611	0.00118320004
118612	0.001774571486
118613	0.002807564386
118614	0.003317818142
118615	0.002313254638
118616	0.0003690353609
118617	0.0009026130971
118618	0.001615314618
118619	0.0007131134333
118620	0.004179071777
118621	0.00255545499
118622	0.0004710670223
118623	0.0004684633189
118624	0.0001463800256
118625	0.003656676071
118626	0.001222669168
118627	0.003149812991
118628	0.004281372353
118629	0.004251085647
118630	0.002492597243
118631	0.002134275097
118632	0.001766272269
118633	0.002257725208
118634	0.002603158641
118635	0.0006374071259
118636	0.0001832021958
118637	0.004250781336
118638	0.0007876146771
118639	0.0002176414661
118640	0.001768434775
118641	0.0001980817004
118642	0.0006388468086
118643	0.001261043701
118644	0.0007399602101
118645	0.000786177335
118646	0.0007760975422
118647	0.003485913917
118648	0.003158387923
118649	0.001074851525
118650	0.003009584555
118651	0.001405035571
118652	0.001825566184
118653	0.00199333038
118654	0.002060697714
118655	0.003234301184
118656	0.0009802555581
118657	0.003774884464
118658	0.0006209826107
118659	0.003216116731
118660	0.0002598905024
118661	0.001907778622
118662	0.002294871711
118663	0.000134101743
118664	0.002159201575
118665	8.991294056e-05
118666	8.960523604e-05
118667	0.001030396563
118668	0.0002033675019
118669	0.001166680407
118670	0.001455565821
118671	0.002012304356
118672	0.002447679116
118673	0.0007809688864
118674	0.001909383091
118675	0.005694561085
118676	0.001397452281
118677	0.001730959065
118678	0.004179710002
118679	0.0001164325298
118680	0.003173511959
118681	0.002527119371
118682	0.003634694271
118683	1.446019064e-05
118684	0.0007459702743
118685	0.0003191813542
118686	0.003670146071
118687	0.00117360253
118688	0.005356288536
118689	0.0003324760048
118690	0.001555599537
118691	0.0007263952229
118692	0.0007028079428
118693	0.001946834788
118694	0.0002490850345
118695	0.007423505922
118696	0.0004008631542
118697	0.0007397092472
118698	0.001094927602
118699	0.001123290194
118700	0.002620240178
118701	0.0002344873083
118702	0.003021251387
118703	1.785401698e-05
118704	0.006109568154
118705	0.003576674692
118706	0.002536614042
118707	0.0006146285483
118708	0.0004512927785
118709	0.003050906577
118710	0.0009858897552
118711	0.001105876717
118712	0.002676215779
118713	0.0007638561779
118714	0.004507623414
118715	0.0001269788496
118716	0.002624622793
118717	0.0003065344127
118718	0.003061626263
118719	0.0008836476179
118720	0.0008733929388
118721	0.001854672058
118722	0.000356870182
118723	0.001674786684
118724	0.001978520589
118725	0.00192606927
118726	5.749724201e-05
118727	0.0009001497081
118728	0.002277243121
118729	0.0009555036438
118730	0.0009247940092
118731	0.0001909902053
118732	0.000403068475
118733	0.0003678567989
118734	0.002354091295
118735	0.004160024511
118736	0.003862335583
118737	0.003131452887
118738	0.003130976578
118739	0.0004058315984
118740	0.001305764849
118741	0.003043926607
118742	0.003392803867
118743	0.00342153346
118744	0.001134187056
118745	0.00479620732
118746	0.0008130667608
118747	0.001654905905
118748	3.518126886e-05
118749	0.002030017997
118750	0.003406117417
118751	0.00165038513
118752	0.000593837502
118753	0.0005909159601
118754	0.000694820758
118755	0.0001957547508
118756	0.0002905980425
118757	0.002341902602
118758	0.0004878507595
118759	0.003088730477
118760	0.001189354696
118761	0.003138956049
118762	0.0001484156485
118763	6.559225764e-05
118764	0.002327887884
118765	0.002186450659
118766	0.0003584208651
118767	0.005061959682
118768	0.001633570611
118769	0.001665322066
118770	0.002394200491
118771	0.002080635834
118772	0.000315865629
118773	0.00156114778
118774	0.006065233635
118775	0.00345949938
118776	9.324029948e-05
118777	0.004145395661
118778	0.003038612713
118779	0.0008790180763
118780	0.001555854801
118781	0.001023277739
118782	0.004246300096
118783	7.100335679e-05
118784	0.001729524766
118785	0.0003742813777
118786	0.002867154258
118787	0.0002617051125
118788	0.0004993931308
118789	0.0005515050978
118790	0.0003827451622
118791	0.001839461998
118792	0.004687808333
118793	0.002544494227
118794	0.0005900900306
118795	0.001032816057
118796	0.001669191928
118797	0.0005855360263
118798	0.005230788267
118799	0.004809866854
118800	0.0001764773308
118801	0.0005944361389
118802	0.0004350333085
118803	0.0004764060036
118804	0.002821407063
118805	0.00034030016
118806	6.734660382e-05
118807	0.001511295405
118808	0.001549846899
118809	0.00280971798
118810	0.001830707561
118811	0.0002610128875
118812	0.0008966226697
118813	0.005481613348
118814	0.004204316243
118815	0.001341669028
118816	0.001894984887
118817	0.002352875609
118818	0.0009862196404
118819	0.001025554238
118820	0.001169405085
118821	0.001657305927
118822	0.002138046227
118823	0.002982976
118824	0.00401596873
118825	0.001125119152
118826	0.005916776888
118827	0.001501353118
118828	0.002096109448
118829	0.0002557317589
118830	0.001765817855
118831	0.0007025765606
118832	1.833689005e-05
118833	0.0002838495228
118834	0.002615765074
118835	0.00403984833
118836	0.0002643675425
118837	0.001745696155
118838	0.003286571626
118839	0.00195552763
118840	0.001248740931
118841	0.0009617719893
118842	0.00201457471
118843	0.005121642553
118844	0.005611209595
118845	0.003691554719
118846	0.003263564997
118847	0.00088706916
118848	5.937328659e-05
118849	0.0001334137859
118850	0.002276410688
118851	0.002147607408
118852	0.0001656180036
118853	0.0006511811424
118854	0.00211980926
118855	0.005233257462
118856	0.0009529237734
118857	0.005084358367
118858	0.0005848956968
118859	0.001734422108
118860	0.001621802431
118861	0.001680013183
118862	0.002219962671
118863	0.001474123837
118864	0.009975783283
118865	0.00514850447
118866	0.0005439505019
118867	0.006164787364
118868	0.002685726927
118869	0.0003693354098
118870	0.003258379606
118871	0.003883284359
118872	0.008703154891
118873	0.003382175142
118874	0.0006421196291
118875	0.002003897589
118876	0.001032925184
118877	0.0007795708752
118878	0.0004595354819
118879	7.563768571e-05
118880	0.002381697156
118881	0.001869822241
118882	0.002639707821
118883	0.0006110856543
118884	0.001616532592
118885	0.003069502173
118886	0.00205776608
118887	0.004571925227
118888	0.000707950576
118889	0.0003960829306
118890	0.001214791863
118891	0.003902341035
118892	0.004340898577
118893	0.001625292511
118894	0.001179240486
118895	0.0001931136237
118896	0.003952580563
118897	0.0004320532913
118898	0.000597470531
118899	0.002081523257
118900	0.00185817348
118901	0.0002639361812
118902	0.0003808515506
118903	0.001133556221
118904	6.687204146e-05
118905	0.005325105461
118906	0.001369920655
118907	0.0001884556807
118908	0.001469474603
118909	0.00275013457
118910	0.0004766177916
118911	0.0005245646028
118912	0.005234200932
118913	0.003018816028
118914	0.003003460062
118915	0.003306475943
118916	0.0006058301329
118917	0.003113262481
118918	0.0004200796037
118919	0.002268403298
118920	0.006957108791
118921	0.003296487277
118922	0.001167085922
118923	0.001696362933
118924	0.0004314008528
118925	0.003371946342
118926	0.001887871184
118927	0.001150958654
118928	0.0009766390643
118929	0.0007697752559
118930	0.00549119604
118931	0.002430314171
118932	0.000484195771
118933	0.0003879712913
118934	0.0006469761613
118935	0.001926174992
118936	0.006053479218
118937	0.0007985403391
118938	0.0007668615597
118939	0.003231441508
118940	0.0004159777415
118941	0.0002925175219
118942	0.0001171306389
118943	0.002434061212
118944	0.001108121032
118945	0.0005103510623
118946	0.0001560484736
118947	0.0005696441489
118948	7.402720935e-05
118949	0.0002078488166
118950	0.009317586756
118951	0.002790674155
118952	0.002355535705
118953	0.003137585178
118954	0.0004413891724
118955	0.001258744779
118956	0.002627543921
118957	0.0008405853914
118958	0.001434884688
118959	0.0006747675086
118960	0.003935530022
118961	0.001055833916
118962	0.00123943772
118963	0.0001092137058
118964	0.001030679996
118965	0.002049139606
118966	0.003794252397
118967	0.0008714617391
118968	0.0001395332791
118969	0.0003395558507
118970	0.002481888502
118971	0.002485031418
118972	7.048877055e-05
118973	0.001289202184
118974	0.001492700954
118975	0.0008979526512
118976	0.006018013124
118977	0.0004474323932
118978	0.002910938939
118979	0.0004231443376
118980	0.0003079190224
118981	0.001668603235
118982	0.001028189185
118983	0.0001100075507
118984	0.0001880801922
118985	0.003313195463
118986	0.0002688424183
118987	0.001452492145
118988	0.004428523958
118989	0.001010152808
118990	6.210604271e-05
118991	0.00312502916
118992	0.001165936141
118993	0.002752152342
118994	0.002414197722
118995	0.001142119697
118996	0.001241259274
118997	0.0007259453441
118998	0.002187851897
118999	0.002571707491
119000	0.006723578559
119001	0.006208177735
119002	0.004494353488
119003	0.005797456493
119004	0.001288453172
119005	0.0004183101276
119006	0.0004876757293
119007	0.002302739641
119008	0.0006079703446
119009	0.00163147372
119010	0.001650876726
119011	0.003827706695
119012	0.0001846471403
119013	0.00158349622
119014	0.0004164302618
119015	0.002775069239
119016	0.004785178424
119017	0.001931439024
119018	0.002257384659
119019	0.00285409675
119020	0.00195874257
119021	0.00113717556
119022	0.0007632387836
119023	0.003831215711
119024	0.0003551886037
119025	0.0008149657591
119026	0.004349704431
119027	0.0004752316087
119028	0.0003754361651
119029	0.001545750433
119030	0.002381260509
119031	0.003191050868
119032	0.0006575535171
119033	0.000310613207
119034	0.001952028417
119035	0.00596508886
119036	0.00225913238
119037	0.001982875366
119038	0.001433110118
119039	0.0004303158669
119040	0.001164922911
119041	0.002754122911
119042	0.00512982872
119043	0.000414543542
119044	0.001498210173
119045	0.00218086796
119046	0.0003085164123
119047	0.002392133476
119048	0.001022788624
119049	0.0005002271237
119050	0.0009420317199
119051	0.001305725317
119052	0.0005945670042
119053	0.001377888135
119054	0.0005550244447
119055	0.002263259176
119056	0.0006585146406
119057	0.001248279322
119058	0.002347031804
119059	0.0009128273963
119060	0.002979837601
119061	0.001717605916
119062	0.0009485919797
119063	0.00547945942
119064	0.002837291484
119065	0.0007917530033
119066	0.0007293428584
119067	0.0006545479175
119068	0.001066359951
119069	0.0004396297175
119070	0.0005243726704
119071	0.0002802019317
119072	0.0005845171763
119073	0.001481638586
119074	0.004720012568
119075	0.0005100082537
119076	0.0011603063
119077	0.002714779897
119078	0.001935383592
119079	0.0003930972569
119080	0.0005670764878
119081	0.003243628033
119082	0.0005117447643
119083	0.00300099181
119084	0.0003020379029
119085	0.0006064969107
119086	0.0001975550048
119087	0.0002522116089
119088	0.003821622412
119089	0.001306413817
119090	0.0006143465023
119091	0.001331588756
119092	0.0004487303611
119093	0.004186255387
119094	0.002388327139
119095	0.0008457658515
119096	0.0005841764892
119097	0.005134919069
119098	0.001693307084
119099	0.003379795817
119100	0.001563168553
119101	0.004746431945
119102	0.0001121583633
119103	0.001745474329
119104	0.0003901891336
119105	0.001443771133
119106	0.002652919321
119107	0.003982915822
119108	0.0001469517722
119109	0.00048494757
119110	0.0007455946547
119111	0.004395722966
119112	0.002228505744
119113	0.004494651938
119114	0.001135697781
119115	0.001114830905
119116	0.004803966572
119117	0.0007334652825
119118	0.001529901099
119119	0.006237120577
119120	0.002105150801
119121	4.092199662e-05
119122	0.001015750981
119123	0.001891622639
119124	0.0002809574557
119125	0.0048052606
119126	0.004209137826
119127	0.0003394898178
119128	0.003605071706
119129	0.0007212694013
119130	0.002029430579
119131	0.002370720077
119132	0.0001761682026
119133	0.001716989951
119134	0.00492677089
119135	0.008093785485
119136	0.0002117465032
119137	0.004948085004
119138	0.001199391092
119139	0.0008487518357
119140	0.001751831973
119141	0.0001894194633
119142	0.001377719615
119143	0.0005766732403
119144	0.002575799641
119145	0.0001472198943
119146	0.001459513687
119147	0.001832456573
119148	0.0006256516972
119149	0.001579568362
119150	0.00375024011
119151	0.002920972525
119152	0.001948441114
119153	0.001782245547
119154	0.0009866089326
119155	0.001804428014
119156	0.002286230139
119157	1.968949538e-05
119158	0.0007119581585
119159	0.001857308685
119160	0.002701769959
119161	0.001582840456
119162	0.0002228509293
119163	0.002216270584
119164	0.002374307362
119165	0.003698999915
119166	0.002613916839
119167	0.0003122450889
119168	0.002908026289
119169	0.001475785413
119170	0.003080463272
119171	0.0008594284776
119172	0.001537377461
119173	0.001472870718
119174	0.0002781736603
119175	0.000555140428
119176	0.002127963873
119177	0.004365013132
119178	0.002386943248
119179	0.001175272667
119180	0.000204750685
119181	0.0008869220836
119182	0.0007343913852
119183	0.002133628817
119184	0.001597728307
119185	0.0003013137119
119186	0.001590570366
119187	0.0002273740276
119188	0.001032308642
119189	0.005115456836
119190	0.000625795387
119191	0.001158527751
119192	0.004355185065
119193	3.917865796e-05
119194	0.0007656799862
119195	0.0005944137305
119196	0.0005840352146
119197	0.003081675797
119198	0.004775085249
119199	0.001760805957
119200	0.003569732386
119201	0.002851616013
119202	0.0008464417695
119203	0.001508227167
119204	8.12416041e-05
119205	0.002143486938
119206	0.007518872439
119207	0.002739483372
119208	0.001834783987
119209	0.001152910655
119210	0.0005037703326
119211	0.0003652922424
119212	0.0006800289581
119213	0.001298410985
119214	0.0004124466948
119215	0.000103715583
119216	0.0007178468356
119217	0.001329678102
119218	0.0002344666169
119219	0.003194349588
119220	0.00268646955
119221	0.003044416294
119222	0.0001651780623
119223	0.001305314135
119224	0.0007621557666
119225	0.007490686728
119226	0.0002688729512
119227	0.000233199667
119228	0.0004695657851
119229	0.001698050907
119230	0.001290526236
119231	0.001922149047
119232	0.003072942534
119233	0.001140480673
119234	0.001978672008
119235	0.004043523929
119236	0.0006727864452
119237	0.0004065996648
119238	0.001965620006
119239	0.0003277874682
119240	0.004461147848
119241	0.005011962913
119242	0.001038657626
119243	0.0008401665811
119244	0.003148271542
119245	0.002689171164
119246	0.003966421558
119247	0.003055049439
119248	0.00599659115
119249	0.0002975571397
119250	0.002819436311
119251	0.0007538915008
119252	0.0003110511168
119253	0.002929645348
119254	0.002697206587
119255	0.009212808213
119256	0.001788294234
119257	0.001718650348
119258	0.002500217531
119259	0.0005504808368
119260	0.002144418801
119261	0.001875606606
119262	0.004994955793
119263	0.002550269319
119264	4.803436237e-05
119265	0.00279253554
119266	0.001124838156
119267	0.000591108311
119268	0.002419383628
119269	4.245348326e-05
119270	0.0001798845843
119271	0.005650037323
119272	0.0003773196253
119273	0.001328898784
119274	0.000513907668
119275	0.001149088464
119276	0.0003587315469
119277	0.0003872058528
119278	0.001601872108
119279	0.004090017133
119280	0.004931736248
119281	0.004389242393
119282	0.003411623459
119283	0.0003907140182
119284	0.000791089575
119285	0.0008783484128
119286	0.0005522850204
119287	4.203208811e-05
119288	0.000708190176
119289	0.00533988993
119290	0.002293773798
119291	0.001554589928
119292	0.001475434772
119293	0.0003075442229
119294	0.00720371167
119295	0.003962730898
119296	0.003045387086
119297	0.0004068014063
119298	0.001284777821
119299	0.002466266229
119300	0.00205686651
119301	0.000659151755
119302	0.0001681637383
119303	0.0003326975694
119304	0.002388968816
119305	0.001196606059
119306	0.0008736472164
119307	0.001126242377
119308	0.003952842526
119309	0.0020619353
119310	0.001127846503
119311	0.0002222651364
119312	0.001451071164
119313	0.0008141482627
119314	0.00203089215
119315	0.001567831701
119316	0.001209966564
119317	0.003682456204
119318	0.005777791949
119319	0.001490196947
119320	0.0007590469678
119321	0.00189823187
119322	0.0007670760206
119323	0.002805532928
119324	0.001391391151
119325	0.001820063034
119326	0.0007718270116
119327	0.002035008673
119328	0.0004133937584
119329	0.0009898989671
119330	0.0009479478231
119331	0.0006246422189
119332	0.0003495822054
119333	0.001320269181
119334	0.0005813769758
119335	0.000989878865
119336	0.002178134898
119337	0.001373498167
119338	0.0003372868274
119339	0.0003249068524
119340	0.0006607889253
119341	0.0005087281396
119342	2.966673467e-05
119343	0.0005712922248
119344	0.002103087798
119345	0.001097075669
119346	0.002549203819
119347	0.0006982742147
119348	2.052984398e-05
119349	0.005291912454
119350	0.0007993680096
119351	0.001347614549
119352	0.0002028173754
119353	0.003201975552
119354	0.0004042196875
119355	0.001855584992
119356	0.001144888193
119357	0.0006928383676
119358	0.0001919484914
119359	0.002511510719
119360	0.003947792027
119361	0.001253045675
119362	0.005463429079
119363	0.0008006046674
119364	0.0008534414429
119365	0.0001262742702
119366	0.002245483069
119367	0.00145787352
119368	0.003444697806
119369	0.001290022667
119370	0.001059239793
119371	0.004540998385
119372	0.0002409342396
119373	0.002417836449
119374	0.003847644399
119375	0.004354388985
119376	0.003543556772
119377	0.0007850023054
119378	0.007425727219
119379	0.0006185082351
119380	0.0005654068833
119381	0.0002668631062
119382	0.001156849469
119383	0.001161537889
119384	0.00019855416
119385	0.0001077230716
119386	0.001583727702
119387	0.003412483164
119388	0.004138422857
119389	6.222514934e-05
119390	0.0004785215244
119391	0.0008376792353
119392	0.002976956748
119393	7.124406734e-05
119394	0.001172560051
119395	0.003024213429
119396	0.004618806432
119397	0.002963683835
119398	0.001184725935
119399	0.002415051146
119400	0.0002985382958
119401	0.002672591965
119402	0.004231761157
119403	0.0001083044203
119404	0.0004740650788
119405	0.000316735532
119406	0.0005090737134
119407	0.0007322267989
119408	0.00203316943
119409	0.00148838404
119410	0.003010237788
119411	0.001347831155
119412	0.0005394599273
119413	0.0004483784512
119414	0.0004505605234
119415	0.001454698127
119416	0.00212679704
119417	0.002339251054
119418	0.0005790369123
119419	0.0001836511718
119420	0.000372535091
119421	0.0007350117829
119422	0.0003197145537
119423	0.001838576865
119424	0.002281449563
119425	0.0008272952168
119426	0.002911218708
119427	0.002939981314
119428	0.001716171289
119429	0.0003109885563
119430	0.005658943173
119431	0.002647895675
119432	0.007760800228
119433	0.00215384475
119434	0.0006683097524
119435	0.00057247379
119436	0.001647555614
119437	0.003910508783
119438	0.0007430692047
119439	0.005974647347
119440	0.0007338159054
119441	0.001420701
119442	0.0005808875729
119443	0.0003307141832
119444	0.0004210171154
119445	0.0005934229051
119446	0.0002727298464
119447	0.0003982317732
119448	0.0004956992909
119449	0.0004524387906
119450	0.002257796978
119451	0.002251563369
119452	0.0005480332234
119453	0.00133056338
119454	0.0006483864739
119455	0.001753886739
119456	0.001256353911
119457	0.0004485960571
119458	0.002809443423
119459	0.002152630663
119460	0.001655881645
119461	0.00100943666
119462	0.002517968215
119463	0.00196104564
119464	0.001475664997
119465	0.000907644562
119466	0.000505895399
119467	0.002448974275
119468	0.005332485002
119469	0.000416921207
119470	0.002247717941
119471	0.0002281432096
119472	0.003767382246
119473	0.000883604611
119474	0.0004107798979
119475	0.0006488155223
119476	0.001002468614
119477	2.823435674e-06
119478	0.002518016045
119479	0.002980579967
119480	0.003161028104
119481	0.0002214406758
119482	0.001846103662
119483	0.00570373337
119484	0.002772644228
119485	0.0002521833592
119486	0.00207932411
119487	0.004217536268
119488	0.001493405607
119489	0.001916306598
119490	0.002014507267
119491	0.0001056089753
119492	0.001943917033
119493	0.0005828968648
119494	0.002715417289
119495	0.002007211481
119496	0.004684313304
119497	8.466299881e-05
119498	0.003831785385
119499	0.0007073075015
119500	4.708502665e-05
119501	0.001194293537
119502	0.005905371599
119503	0.001942993238
119504	0.00191005426
119505	0.001788568632
119506	0.001927238472
119507	0.003540604437
119508	0.002101821989
119509	0.002186347249
119510	0.001727281385
119511	0.001481593651
119512	0.005062375937
119513	0.0004079276936
119514	0.0008013484128
119515	0.001012985362
119516	0.003126784797
119517	0.0001083005193
119518	0.003779273615
119519	0.003966486426
119520	0.001221995956
119521	0.0003296728727
119522	0.0007890995206
119523	0.003542747148
119524	0.003913474966
119525	0.00491652114
119526	0.001117678636
119527	0.002117391153
119528	0.0006998699213
119529	0.000958422968
119530	0.001293573163
119531	0.004973974025
119532	0.004836324421
119533	0.0001977882233
119534	0.0009600617559
119535	0.007519951647
119536	0.003843841183
119537	0.001559156527
119538	0.0004476427636
119539	0.001584364463
119540	0.001204771042
119541	0.00150538001
119542	0.002827739315
119543	0.00187994596
119544	0.0005212462803
119545	0.001494896608
119546	0.002638489928
119547	0.0005031556942
119548	0.0020201171
119549	0.001041609175
119550	0.0002986666926
119551	0.001148196821
119552	0.001471766868
119553	0.0006657106851
119554	0.000880369714
119555	0.002493286834
119556	6.391312378e-05
119557	0.003926581016
119558	0.007797980774
119559	0.003868763643
119560	0.005722930827
119561	0.001640820939
119562	0.001382305677
119563	0.002451925136
119564	0.003164965247
119565	0.001412844248
119566	0.001069867779
119567	0.001283828982
119568	0.0007220325376
119569	0.0005455376638
119570	0.0005688265092
119571	0.003645785857
119572	0.001809364326
119573	0.009409442878
119574	0.002337483807
119575	0.007653654842
119576	0.005260747579
119577	0.004527990779
119578	0.001415458837
119579	0.007201565562
119580	0.003928620693
119581	0.008664354431
119582	0.001759223709
119583	0.002287956864
119584	0.001441652156
119585	0.007781328073
119586	0.001144269502
119587	0.003700128076
119588	0.001327278065
119589	0.001318241056
119590	0.0009209426019
119591	0.0003585217962
119592	0.001107370722
119593	0.001932594323
119594	0.002611001259
119595	0.006058173403
119596	0.003710972139
119597	0.002631004539
119598	0.007519188404
119599	0.005133150984
119600	0.001459473795
119601	0.002160305152
119602	0.0007090526715
119603	0.0009437100674
119604	0.00452136087
119605	0.002883255955
119606	0.001328210196
119607	0.002960946586
119608	0.001459745552
119609	0.00338949542
119610	0.004281016014
119611	0.00180868485
119612	0.004452076046
119613	0.0004578757267
119614	0.002630706123
119615	0.004649172147
119616	0.002952370059
119617	0.00356672396
119618	0.0009804722982
119619	0.004240868
119620	0.003339501867
119621	0.007938769534
119622	0.0004214452786
119623	0.004126315718
119624	0.001437700477
119625	0.001648133285
119626	0.00132483223
119627	0.0003483693122
119628	0.001242555636
119629	0.004347956845
119630	0.0004105840169
119631	0.0006892096548
119632	0.002162582257
119633	0.0005049449334
119634	0.003408357372
119635	0.004596212639
119636	0.001388894256
119637	0.0007546147139
119638	0.0005946387757
119639	0.002660446446
119640	0.002411875958
119641	0.004109347805
119642	0.003387988593
119643	0.002895389918
119644	0.001959068306
119645	0.000347976411
119646	2.456537455e-05
119647	0.001018787726
119648	0.0003022108666
119649	0.003656715002
119650	0.006706579804
119651	0.004943497045
119652	0.001241355506
119653	0.001940607039
119654	0.0009053758414
119655	0.001316323382
119656	0.0007867415744
119657	0.0004768176372
119658	3.427072558e-07
119659	0.0003428885055
119660	0.0004863147754
119661	0.0006492188402
119662	8.159851995e-08
119663	0.0009412277042
119664	0.0003280282291
119665	0.0001651201642
119666	0.0006331021484
119667	0.0007773679845
119668	0.0003172916615
119669	0.0003347353034
119670	0.0004856369866
119671	0.0004763438103
119672	6.118007764e-07
119673	0.0006488912359
119674	0.0004863287334
119675	0.0004855688405
119676	0.0001362517332
119677	0.0006501390578
119678	5.471585563e-07
119679	0.0001466773805
119680	0.00312148641
119681	0.001006841131
119682	0.0001271195238
119683	0.0009611075174
119684	0.00127803837
119685	0.00172388451
119686	0.0006720840588
119687	0.001372736088
119688	0.001138034097
119689	0.0002900570022
119690	0.003604767025
119691	0.001367697634
119692	7.168002002e-05
119693	0.001065926412
119694	0.0007400648192
119695	0.0006372521099
119696	0.001536144589
119697	0.002911507423
119698	0.00436959721
119699	0.004520718252
119700	0.003952713492
119701	0.003385197346
119702	0.0001001176557
119703	0.0002602828088
119704	0.00101378717
119705	0.0001160372598
119706	0.0002639622973
119707	0.0004802277878
119708	0.0001437749376
119709	5.011467837e-05
119710	2.463265305e-05
119711	0.0003568245454
119712	0.0003972119198
119713	0.000155841141
119714	0.0003092436837
119715	0.0002611171519
119716	8.781790585e-05
119717	0.0005094155743
119718	1.457902276e-05
119719	0.0004038973387
119720	5.161052788e-05
119721	0.0001831691149
119722	0.0002278218472
119723	0.0002126214688
119724	0.0002197275137
119725	0.0004314169168
119726	0.0002644581387
119727	0.000258311315
119728	0.0003834254866
119729	0.0003139293994
119730	0.0004250242304
119731	0.0005951018728
119732	0.0004871595088
119733	0.001182171089
119734	0.0003147998377
119735	0.0008322553485
119736	3.056912435e-05
119737	0.0004550821859
119738	0.0002104977807
119739	0.001309167186
119740	0.0005701314535
119741	0.0005124782085
119742	0.0006284675681
119743	0.0005244132827
119744	0.0006592875507
119745	0.0006060513366
119746	0.0002074109754
119747	0.0007624061442
119748	0.0004280612548
119749	0.0006126038363
119750	0.0004369073812
119751	0.0003155318686
119752	0.0003213410127
119753	0.0005719870945
119754	0.003243220384
119755	0.0003287147171
119756	0.0003048878059
119757	0.000754687923
119758	0.0004645549076
119759	0.001714629315
119760	3.21059166e-05
119761	0.0003713760791
119762	0.0003371160026
119763	0.0002912278528
119764	6.880664061e-05
119765	0.0002316686079
119766	0.0001644100938
119767	0.0004749420276
119768	0.0003267948064
119769	6.554911092e-05
119770	0.0006176345852
119771	7.155627217e-05
119772	0.0002033520626
119773	0.0001713911387
119774	0.0001220771281
119775	0.0001242319591
119776	0.0002837978338
119777	0.001754239868
119778	0.0002146074494
119779	0.000681353965
119780	0.0006051290432
119781	9.976543515e-05
119782	0.0001205844295
119783	0.001197324153
119784	8.906748595e-05
119785	0.00137726108
119786	0.0008615647679
119787	0.002089295433
119788	0.003958060077
119789	0.005167035303
119790	0.0002543954672
119791	0.002434987713
119792	0.0004913027493
119793	0.0007310666013
119794	0.001757513468
119795	0.002631133279
119796	0.002484258828
119797	0.001119962912
119798	0.006965814601
119799	0.0003196594216
119800	0.004595643088
119801	0.0001577119981
119802	0.0006188556401
119803	0.000835816687
119804	0.007403471754
119805	0.004293999964
119806	0.00346986985
119807	0.0002024412398
119808	0.0002218890631
119809	0.0005305299809
119810	0.000193590928
119811	0.0005609550435
119812	0.002996538872
119813	0.00120551943
119814	0.001022673437
119815	0.00250776374
119816	0.0005210660988
119817	0.002401764846
119818	0.0007915223416
119819	0.0004618441083
119820	0.0001947891801
119821	0.0007256797725
119822	0.008559923122
119823	0.000842024078
119824	0.0006082934111
119825	0.001663510344
119826	0.006118531075
119827	0.003960131005
119828	0.0003343668544
119829	0.001949662382
119830	0.0005037650361
119831	0.005104942803
119832	0.004924588535
119833	0.0006833391198
119834	0.001830008788
119835	0.003117272911
119836	0.0004675198889
119837	0.0006392845349
119838	0.0005451407643
119839	0.004136289227
119840	0.0007702013482
119841	0.001010250871
119842	0.002088132288
119843	0.003979549874
119844	0.0005302006958
119845	0.003143033453
119846	0.001728056684
119847	0.001319319355
119848	0.003170087289
119849	0.002698404659
119850	0.0002099930807
119851	0.002515254061
119852	0.001318725636
119853	0.003943981904
119854	0.00196583746
119855	8.356575123e-05
119856	0.002007190596
119857	0.0006648029016
119858	0.001037532009
119859	0.0001710486706
119860	0.001177050238
119861	0.0007211806783
119862	0.001938094773
119863	0.0005695396498
119864	0.001222509479
119865	0.004958508298
119866	0.001020825556
119867	0.001434336129
119868	0.002075204591
119869	0.0002658534392
119870	0.001163680729
119871	0.0004035189525
119872	0.0008184717398
119873	0.0004220945004
119874	0.002718438888
119875	0.0005088622168
119876	0.0006605727739
119877	0.007437998747
119878	0.006505595199
119879	0.002789684935
119880	0.002737904612
119881	0.0005000693226
119882	0.004291503665
119883	0.001044320335
119884	0.0006329832439
119885	0.0006192854829
119886	0.001201772345
119887	0.001890243693
119888	0.001148233346
119889	0.004398767768
119890	0.002299989285
119891	0.000829336807
119892	0.002379220112
119893	0.004132310142
119894	0.0006096128997
119895	0.001033916828
119896	0.001150013167
119897	0.0009956561387
119898	0.0002676617611
119899	0.001149156722
119900	6.642610142e-07
119901	0.0002656986372
119902	0.00114890409
119903	0.0008775998346
119904	0.00076688417
119905	0.0001139211177
119906	0.0005737416292
119907	4.628685e-08
119908	0.0001545510302
119909	0.0003072118056
119910	1.99446451e-06
119911	0.0005458583286
119912	0.0005306523718
119913	4.585524679e-05
119914	0.0002171837216
119915	0.0007392303754
119916	0.001397993843
119917	0.0007367189401
119918	6.50243743e-06
119919	0.0008103463173
119920	0.0007395271033
119921	0.0004212063764
119922	0.0003196734561
119923	0.0002292763662
119924	0.000463633527
119925	0.0006344166358
119926	0.001021767806
119927	0.0006282730776
119928	0.000909575488
119929	0.0007348640795
119930	0.0006249277546
119931	0.0003146475648
119932	5.48039215e-05
119933	0.0005730924542
119934	0.0002442034658
119935	8.98678899e-05
119936	0.0005765955752
119937	0.0006806830594
119938	0.0001647966313
119939	0.0002643373281
119940	0.0003038056243
119941	0.000773733991
119942	0.0007385788077
119943	1.192619254e-06
119944	3.119489238e-07
119945	1.774290848e-07
119946	2.556737097e-06
119947	2.762813274e-07
119948	2.148669025e-06
119949	1.293420464e-06
119950	4.810772946e-07
119951	3.882561036e-07
119952	1.342688502e-06
119953	1.074579292e-06
119954	4.811524256e-07
119955	5.325325629e-07
119956	7.340639944e-07
119957	1.701786979e-06
119958	8.28666384e-07
119959	9.103987511e-07
119960	7.778505893e-07
119961	9.270852995e-07
119962	7.247443839e-07
119963	1.768312601e-06
119964	2.345633561e-06
119965	7.130308951e-07
119966	1.435646831e-06
119967	2.651252275e-07
119968	9.834161449e-07
119969	5.325293323e-07
119970	7.894441148e-07
119971	3.89116789e-07
119972	2.893874502e-07
119973	1.05781838e-06
119974	6.986549368e-07
119975	1.893417255e-06
119976	0.0007347183424
119977	0.0001618423274
119978	0.001438336867
119979	0.0007804707953
119980	0.0006296237734
119981	0.0001745696966
119982	0.0001622410858
119983	0.0004527223783
119984	0.0001544173676
119985	1.053182916e-05
119986	8.106026615e-07
119987	4.713934956e-05
119988	0.001736232382
119989	0.0005322657683
119990	1.320246554e-06
119991	5.075798062e-05
119992	4.733358887e-06
119993	0.0009242224737
119994	0.0002977463939
119995	0.0001609645202
119996	0.002350215325
119997	0.0005538719962
119998	1.072000269e-06
119999	4.324889893e-05
120000	0.001105857325
120001	0.001976587275
120002	0.0006178340871
120003	0.002099352932
120004	0.001676835325
120005	0.001960587116
120006	0.0009824587023
120007	0.002772549006
120008	0.002839920017
120009	0.001769090406
120010	0.00113688112
120011	0.001467505357
120012	0.002303060973
120013	0.0008549044346
120014	0.0002307917265
120015	0.0006641169296
120016	0.0007931983393
120017	0.003197556241
120018	0.001156849233
120019	0.0002953409514
120020	0.0003383614605
120021	0.002273455081
120022	0.001073291227
120023	0.0002508873182
120024	0.0003011181123
120025	0.001928629074
120026	0.0009619480144
120027	0.0008490877358
120028	0.0003320669879
120029	0.0005651173674
120030	3.982793578e-06
120031	0.0001971459638
120032	0.0006193987942
120033	2.244504789e-06
120034	0.0004642423223
120035	0.001714445192
120036	0.0002854867656
120037	9.096188961e-05
120038	0.0005352797437
120039	2.476540146e-05
120040	0.0009006028415
120041	0.0005346165184
120042	0.0008669259107
120043	0.0006178680176
120044	6.540916965e-05
120045	0.0008965990656
120046	0.0004628655025
120047	0.001032230279
120048	0.0006373386202
120049	0.0005091366296
120050	0.000259227302
120051	0.001097240429
120052	0.0006922800636
120053	0.0001800468121
120054	0.002037383398
120055	0.0007808115342
120056	1.091122189e-06
120057	0.0002723246435
120058	0.001459502538
120059	8.984879385e-07
120060	0.001715623169
120061	0.0006086279502
120062	0.0009175306923
120063	0.000261812495
120064	0.001916956683
120065	0.0005943916148
120066	0.0005432862588
120067	0.001412620148
120068	9.306885401e-05
120069	0.000790515849
120070	0.0003014851088
120071	0.0007886328947
120072	0.0002549580504
120073	0.001136250655
120074	0.0005441198578
120075	0.0001705952006
120076	0.0006330510556
120077	0.0003002710873
120078	0.001609618389
120079	0.0001167946465
120080	0.0009385807805
120081	0.0005131344848
120082	0.001200144553
120083	0.0003052511876
120084	0.001351393446
120085	0.0001541533321
120086	0.001085198337
120087	0.0001088005749
120088	0.0006850326789
120089	0.0002296987196
120090	0.0009789388981
120091	0.0003071267928
120092	0.0006123127475
120093	0.001258181041
120094	8.632385746e-05
120095	0.0008274710527
120096	0.001050800184
120097	0.0004646128568
120098	2.037933028e-07
120099	0.0009286589105
120100	0.002248946543
120101	0.0006145395762
120102	0.00136684695
120103	0.001803401646
120104	0.0006685879074
120105	0.0002988742945
120106	0.0003055330624
120107	0.001356121094
120108	0.001063106729
120109	0.0009071232232
120110	0.0004186843797
120111	0.0004637564242
120112	0.00134390795
120113	0.0005034591306
120114	0.0004250700308
120115	0.001240917615
120116	0.001046832544
120117	0.003183735121
120118	0.001015382189
120119	0.000325699854
120120	0.0002681875601
120121	0.0001781520032
120122	0.0005834953924
120123	0.001038054419
120124	0.003293534461
120125	0.001727910884
120126	0.003023816339
120127	0.002581400985
120128	0.005225691004
120129	0.0008673158613
120130	0.0004487068578
120131	0.0002511684508
120132	0.002619859877
120133	0.002967994313
120134	0.001011295585
120135	0.001508063315
120136	2.482463733e-05
120137	0.0005632659336
120138	0.0009922239313
120139	0.004016619082
120140	0.00599526896
120141	0.0008625956236
120142	0.00284934305
120143	0.0002061672679
120144	0.0009927501108
120145	0.001556892306
120146	0.00161284519
120147	0.0006334217776
120148	0.003274739871
120149	6.894747585e-05
120150	0.003296376589
120151	0.001510866524
120152	0.001274091545
120153	0.0009094392686
120154	0.002125735477
120155	0.004084115461
120156	0.0002364058114
120157	0.0003697730496
120158	0.002067934686
120159	0.003004345112
120160	0.000160447985
120161	0.0003160524458
120162	0.00242517508
120163	0.003806173095
120164	0.003712449481
120165	0.0002337860692
120166	0.0009899970274
120167	0.004223595194
120168	0.001253725452
120169	0.002568650533
120170	0.004644822225
120171	0.001266047751
120172	6.585019794e-05
120173	0.002780161577
120174	0.004997181086
120175	0.002084119433
120176	0.001645064817
120177	0.000246276579
120178	0.0004538604791
120179	0.0001186477026
120180	0.0009160440965
120181	0.001203856155
120182	0.001205910513
120183	0.0003997731666
120184	0.003956365063
120185	0.0001228487376
120186	0.002397630994
120187	0.002537005811
120188	0.0001071412239
120189	0.004159714642
120190	0.0009058788904
120191	3.74180646e-05
120192	0.006155737813
120193	0.001696689471
120194	0.000144898238
120195	0.0003466025666
120196	0.003571521238
120197	0.0004133413986
120198	0.003181187914
120199	0.0003236702486
120200	0.0003056488019
120201	0.0009285353197
120202	0.000727732846
120203	0.0003781087032
120204	0.0003851536085
120205	0.0003626072811
120206	0.0009735526904
120207	0.001301047944
120208	0.0001161315258
120209	0.0001222979642
120210	0.006969194781
120211	0.0002721338866
120212	0.0007800770335
120213	0.0004378451868
120214	0.001665693304
120215	0.003286748034
120216	0.001444641402
120217	0.0003537581249
120218	0.00125554111
120219	0.002394460206
120220	0.002042370767
120221	0.005637300753
120222	0.003489766349
120223	0.006345362164
120224	0.0005286609931
120225	0.001568364672
120226	0.0009940570059
120227	6.250325183e-05
120228	0.001487514699
120229	0.0006171422315
120230	0.000383259127
120231	0.001390004278
120232	0.002257861004
120233	0.002617348911
120234	0.0005586148179
120235	2.29689297e-05
120236	0.001616149523
120237	8.147966153e-05
120238	0.002553194809
120239	0.001461417762
120240	0.002071121559
120241	0.0001605942895
120242	0.001455549121
120243	0.002736384581
120244	0.0006529702676
120245	0.0007438915127
120246	0.001733784534
120247	0.00155334266
120248	0.003095087419
120249	0.0001704518485
120250	0.001386797906
120251	0.002075202234
120252	0.0002228454321
120253	0.003059354616
120254	0.001548135252
120255	0.001174831248
120256	0.004253574508
120257	0.0007664123536
120258	0.003323621841
120259	0.000322424971
120260	0.000246635753
120261	0.001412492865
120262	0.002812563063
120263	0.001420841373
120264	0.003379551211
120265	0.003004404816
120266	0.001372672749
120267	0.004886558629
120268	0.002562412575
120269	0.001272774221
120270	0.000579624728
120271	0.002805504011
120272	0.0007381056589
120273	0.0008027307665
120274	0.001857408264
120275	0.002289805359
120276	0.0008436129123
120277	0.001328281664
120278	0.000615963494
120279	0.000249582774
120280	0.0001192860661
120281	0.003348685987
120282	0.001551456535
120283	0.001777403629
120284	0.002195802747
120285	0.0003612905534
120286	0.00277772993
120287	6.210393963e-05
120288	0.005297616398
120289	0.001377485915
120290	7.230574678e-06
120291	0.002893020656
120292	0.0002446185193
120293	0.0007531461702
120294	0.0004210156286
120295	0.0006792839536
120296	0.002302344351
120297	0.0003179697648
120298	0.0006296618381
120299	0.001785317188
120300	0.001081972652
120301	0.000400613911
120302	0.0006613567416
120303	0.0002540941573
120304	0.0004460605748
120305	0.0001027997865
120306	0.0005605325718
120307	0.0001225538255
120308	6.982360827e-05
120309	0.0005447539237
120310	0.0005312784062
120311	2.565882329e-05
120312	0.0008523855974
120313	3.404011428e-05
120314	0.0008142326385
120315	0.0006511548081
120316	2.864903097e-05
120317	0.0002853869884
120318	1.561753865e-05
120319	0.0001636754934
120320	0.002694688782
120321	0.004333397154
120322	0.0006393187392
120323	0.0003094459545
120324	0.0006927721165
120325	0.001077892063
120326	0.002866262564
120327	0.003829958007
120328	0.0004387617568
120329	0.004661115666
120330	0.003623351514
120331	0.0002939298853
120332	4.797638765e-05
120333	0.002007118884
120334	0.001753117084
120335	0.0001871660725
120336	0.001967869906
120337	0.0006296449853
120338	0.000966628186
120339	0.001092469231
120340	0.004167750674
120341	0.002310454672
120342	0.0009412782813
120343	0.005218577718
120344	0.002251496201
120345	0.0003708059858
120346	0.002669848033
120347	0.002228353706
120348	0.005538896765
120349	0.008022790224
120350	4.148652759e-05
120351	5.876695269e-05
120352	0.006011062709
120353	0.001229745609
120354	0.0001189949985
120355	0.00136248799
120356	0.005401675752
120357	0.001273872293
120358	0.002235799942
120359	0.003919395998
120360	9.017620364e-05
120361	0.001110905144
120362	0.002488955816
120363	0.00324216525
120364	3.900158714e-05
120365	0.0004310432819
120366	0.0007872682738
120367	0.002488582766
120368	0.0002623965348
120369	0.002585063752
120370	0.001061336784
120371	0.0003729009051
120372	0.002637906303
120373	0.0001577915162
120374	0.002862008735
120375	0.003403504241
120376	0.001782448303
120377	0.001306401958
120378	0.003835672126
120379	0.003875420523
120380	0.001186883222
120381	0.003519583238
120382	0.0008549537824
120383	0.001960036092
120384	0.001131285498
120385	0.00170496471
120386	0.001616665317
120387	0.001211731886
120388	0.004716642067
120389	0.002122241095
120390	0.001486416676
120391	0.0002854766626
120392	0.004527435061
120393	0.0009580872547
120394	0.003711482095
120395	0.001454091792
120396	0.001171018919
120397	0.0003665685803
120398	0.0001464851872
120399	0.006963703564
120400	0.003355933331
120401	0.001481187722
120402	0.001057990957
120403	0.003208550142
120404	0.0002842029627
120405	0.0005406480632
120406	0.0004205091971
120407	2.613834204e-05
120408	0.002818395662
120409	0.003879784973
120410	0.0006400962658
120411	0.0005987280293
120412	0.002132455044
120413	6.667457256e-05
120414	0.002226715374
120415	0.0001719831962
120416	0.002826392097
120417	0.009181989198
120418	0.004564034603
120419	0.0008272687818
120420	0.005731058553
120421	0.00332423849
120422	0.0015230264
120423	0.0007912593655
120424	0.003614542363
120425	0.002078078049
120426	0.003350875621
120427	0.001581320796
120428	0.001611584051
120429	0.002664286455
120430	0.0001449977566
120431	0.001091974266
120432	0.0008773701312
120433	0.000168912392
120434	0.002905465188
120435	0.004353370487
120436	0.005661648816
120437	0.004714727324
120438	0.001096241543
120439	0.0005789427441
120440	0.002209660927
120441	0.003132027001
120442	0.003125343961
120443	0.006275870408
120444	0.001217933902
120445	0.001091542227
120446	0.0032606232
120447	0.002129607533
120448	0.001303711344
120449	0.001275526415
120450	0.0009018389319
120451	0.00594445628
120452	0.0005587966423
120453	0.001711982138
120454	3.48850962e-05
120455	0.002056838087
120456	0.00260030415
120457	0.00352202247
120458	0.005474716941
120459	0.0007836396942
120460	0.002567473206
120461	0.005691245809
120462	0.003192679018
120463	0.001485374431
120464	0.002446807359
120465	0.006848147361
120466	0.001762492679
120467	0.003361297735
120468	0.0004233809178
120469	0.0002792125764
120470	0.003317242136
120471	0.0085679045
120472	0.0007666226621
120473	0.001344399414
120474	0.0005095348669
120475	0.0005310197348
120476	0.008394329637
120477	0.005913681531
120478	0.001053750125
120479	0.0001148902628
120480	0.0005716273174
120481	0.004674537434
120482	0.001083530919
120483	0.002322553955
120484	0.006154285363
120485	0.003408799056
120486	0.0005857153818
120487	0.0005895436935
120488	0.002550958236
120489	0.002480234273
120490	0.0006933624802
120491	0.0009864777884
120492	0.001465076736
120493	0.001603281898
120494	0.004469583842
120495	0.002815829978
120496	0.003501054794
120497	0.003126428053
120498	0.001249065395
120499	0.003910094712
120500	0.001730647551
120501	0.002438834304
120502	0.003978951042
120503	0.001312805479
120504	0.01025016506
120505	0.001424768888
120506	0.00182836218
120507	0.0007896080547
120508	0.001718245288
120509	0.0005993917742
120510	0.001150746742
120511	0.003864314853
120512	5.571045321e-05
120513	0.002311465079
120514	0.0006338660026
120515	0.0005605663703
120516	0.0002752990997
120517	0.001183431601
120518	0.001350668911
120519	0.0002807378654
120520	0.001516127859
120521	0.001720968185
120522	0.001044692534
120523	0.001439745319
120524	0.0001094430033
120525	0.0008409424194
120526	0.0002500172643
120527	0.003395616254
120528	0.005037458677
120529	0.0010141877
120530	0.001728455691
120531	0.0001879930834
120532	0.0008014878292
120533	0.001389618408
120534	0.0003055610562
120535	0.0006393796623
120536	0.003252988702
120537	0.001395184409
120538	0.002207909992
120539	0.0003866661363
120540	0.0007443570618
120541	0.0004803857136
120542	0.005283271192
120543	0.003495615852
120544	0.0004219562272
120545	0.001183642654
120546	0.002408002868
120547	0.001831709164
120548	0.0004186305879
120549	0.004060631842
120550	0.0003400693665
120551	0.001265862243
120552	0.0006235564817
120553	0.0002569601947
120554	0.0001233345606
120555	6.853396554e-05
120556	0.0003663612897
120557	0.0007231612404
120558	0.000322981606
120559	0.0005324893588
120560	0.002558134743
120561	0.0002375871469
120562	0.002084348473
120563	0.001596877858
120564	0.0005442424511
120565	0.002555842551
120566	0.00174712399
120567	0.003318204825
120568	0.005590837342
120569	0.003904618906
120570	0.0004382350295
120571	0.001263938135
120572	0.001742439447
120573	0.001174464658
120574	0.0007362983059
120575	0.004181657343
120576	0.003395276938
120577	0.002324790706
120578	0.0001108208356
120579	0.004403907448
120580	0.002144211191
120581	0.00179423675
120582	0.003732063551
120583	0.0006587577674
120584	0.0001092450573
120585	0.004293199542
120586	0.001383014166
120587	0.0007078466038
120588	0.002927183503
120589	0.0004946614485
120590	7.973924092e-06
120591	0.001144694239
120592	0.001146634132
120593	1.230677825e-05
120594	0.001584434313
120595	0.001273832974
120596	2.756837434e-08
120597	0.0001815655337
120598	0.0009976281688
120599	0.004662207016
120600	0.00107162883
120601	0.002800441651
120602	0.001980383893
120603	0.001138286908
120604	0.001129271672
120605	0.001920922096
120606	0.0004698326082
120607	0.003011635249
120608	0.0003096919667
120609	0.002522933017
120610	0.0004907357206
120611	0.003207595319
120612	0.0005651422672
120613	0.0004869645096
120614	0.001153099844
120615	0.001964161277
120616	0.003459952913
120617	0.0002652394812
120618	0.0001078293402
120619	0.001973419202
120620	0.001192294215
120621	0.004270887977
120622	0.004675511807
120623	0.001561948393
120624	0.002430352173
120625	0.0002501214152
120626	0.003739658375
120627	0.003818557507
120628	0.005234868651
120629	6.393208103e-05
120630	0.001144907547
120631	0.004022029749
120632	0.001676104699
120633	0.002433946943
120634	0.002920442871
120635	0.0003086186321
120636	0.001898766668
120637	0.003039260184
120638	0.0007986418319
120639	0.000249876055
120640	0.003061253489
120641	0.003703536499
120642	0.001807701194
120643	0.001120441721
120644	0.0008936679064
120645	0.001209410496
120646	0.0007502207094
120647	0.002459285923
120648	0.0003721317465
120649	0.000520683806
120650	0.002144416307
120651	0.00141956639
120652	0.002433403323
120653	0.0009267444908
120654	0.001764973882
120655	0.001206164259
120656	0.0008485747086
120657	0.0003155192907
120658	0.001317714068
120659	0.002767834929
120660	0.008534963482
120661	0.006275113915
120662	0.002867284923
120663	0.00163024781
120664	0.00439073443
120665	0.003095213389
120666	0.001556298643
120667	0.000525296886
120668	0.000822018052
120669	0.000748158126
120670	0.001247559919
120671	0.003579690504
120672	0.0003682477787
120673	0.0005847840674
120674	0.001232093214
120675	0.0003157066088
120676	0.0002020019505
120677	4.717743661e-05
120678	0.001473755893
120679	2.531417224e-05
120680	0.0002413545697
120681	0.0004290545313
120682	0.001795650021
120683	0.006130074975
120684	0.001699229733
120685	0.002759368197
120686	0.0007953508032
120687	0.001526474167
120688	0.001180410652
120689	0.0002123071424
120690	0.002063341859
120691	0.002292614582
120692	0.001702479202
120693	0.001063938723
120694	0.001537420905
120695	0.002311557427
120696	0.004435570931
120697	9.477518568e-05
120698	0.001322383862
120699	0.00159900107
120700	0.001197000081
120701	0.0001505406593
120702	0.001229354954
120703	0.0002903514036
120704	0.001084162821
120705	0.001278154696
120706	0.001951817674
120707	0.002162563122
120708	0.0003929459631
120709	0.0003308103405
120710	8.130253916e-05
120711	0.0002024725956
120712	0.001041516723
120713	0.001065876798
120714	0.0002315072127
120715	0.004495175142
120716	0.0003347290325
120717	0.0008441797972
120718	0.001122037677
120719	0.001994687896
120720	0.006570243056
120721	0.0003715157989
120722	0.0004883888311
120723	0.0002439874739
120724	0.001002834262
120725	0.0003165371213
120726	0.0004397330199
120727	0.002613256445
120728	0.0008819513977
120729	0.003001752733
120730	0.0005592775436
120731	0.001460049517
120732	0.005636747478
120733	0.003893184747
120734	0.0001755622216
120735	0.001433598131
120736	0.002675367029
120737	3.460658068e-05
120738	0.002991133775
120739	0.002013878172
120740	0.0002064603502
120741	0.00208753918
120742	0.002715751911
120743	0.002507279972
120744	0.001856930238
120745	0.001556177201
120746	0.001893038653
120747	0.003047223457
120748	0.0003065661135
120749	0.0006758732067
120750	0.0006728167305
120751	0.001348520512
120752	0.0005086377477
120753	0.002169979111
120754	0.0001473824899
120755	0.001704382556
120756	0.0002258601303
120757	0.001449587929
120758	0.002362777082
120759	0.007347365274
120760	0.003630083638
120761	0.003302011925
120762	0.003158601503
120763	0.0004848773546
120764	0.003296333879
120765	0.0004564534993
120766	0.003281847432
120767	0.001233740651
120768	0.00225844149
120769	0.004687011027
120770	0.0001564101228
120771	0.001421767181
120772	0.00727160924
120773	7.79689202e-05
120774	0.0009446615431
120775	0.005917160637
120776	0.002442304215
120777	0.00714217467
120778	0.0002990117784
120779	0.0009170069529
120780	0.0006038271558
120781	0.001339137471
120782	0.001272299323
120783	0.001483581852
120784	0.004610282286
120785	0.005096288527
120786	0.002989353897
120787	0.002295141034
120788	0.003293990045
120789	0.002095558068
120790	0.0001921530935
120791	0.001208838341
120792	0.0008563431374
120793	0.002569170391
120794	0.001297810013
120795	0.002246446111
120796	0.0008585964273
120797	0.001278692279
120798	0.0006884844339
120799	0.001173105308
120800	0.004158503546
120801	0.003369791397
120802	0.003673318524
120803	0.002578804788
120804	0.002638065956
120805	0.000808240451
120806	0.00118042722
120807	0.0005281744771
120808	0.002210649069
120809	0.001272448913
120810	0.00162445378
120811	0.001795407673
120812	0.002518337759
120813	0.00311098281
120814	0.000274780654
120815	0.00383642965
120816	0.004717842637
120817	0.002816605018
120818	0.00640524036
120819	9.063632636e-05
120820	0.0009338067571
120821	0.0005074178171
120822	4.780740968e-05
120823	0.0001766209302
120824	0.0005181553438
120825	0.002596880036
120826	0.00034167357
120827	0.002238573499
120828	0.0003446150086
120829	0.002188532865
120830	0.001310443847
120831	0.004558837448
120832	0.001971403059
120833	0.0004316808943
120834	0.005464628492
120835	0.00039309407
120836	0.007029779488
120837	0.001878446861
120838	0.0008454374553
120839	0.00835186358
120840	0.006481686154
120841	0.002779873969
120842	0.0004359384475
120843	0.0006784741876
120844	0.001385380759
120845	0.003249722191
120846	0.004214687425
120847	0.006042145265
120848	0.001925811559
120849	0.0001799655574
120850	0.0001445215101
120851	0.00619579818
120852	0.000666469059
120853	0.0005659549728
120854	0.0007811245493
120855	0.001056768743
120856	0.001125891853
120857	0.0009662908933
120858	0.0003230602089
120859	0.002142328982
120860	0.0006074233356
120861	0.007520134672
120862	0.0004367647555
120863	0.003084105807
120864	0.0006297648983
120865	0.0004222624579
120866	0.001928536568
120867	0.002851319341
120868	0.0007024129136
120869	0.001903563051
120870	0.0003550393705
120871	0.007252645498
120872	0.0004101903946
120873	0.005419391184
120874	0.0007593745946
120875	0.002577249834
120876	0.004556188728
120877	0.001987981061
120878	0.002231274735
120879	0.002663175617
120880	0.004402605018
120881	0.002712617885
120882	0.001703730207
120883	0.001666744736
120884	0.002159099884
120885	0.001336936602
120886	0.00247445878
120887	0.002868801709
120888	0.003022090797
120889	0.003995786
120890	0.0001121129481
120891	0.0003303966384
120892	0.001696545474
120893	0.001484910466
120894	0.001897589154
120895	0.001631858416
120896	0.002367704945
120897	0.000597022172
120898	0.0006144421933
120899	0.0003027962826
120900	0.0002585222967
120901	0.001343827377
120902	0.002929528942
120903	0.000468099742
120904	0.005055318444
120905	0.002600234133
120906	0.003347605187
120907	0.0004866785202
120908	0.0006563574877
120909	0.006820966741
120910	0.002882876367
120911	0.00281518637
120912	0.003283722034
120913	0.0005523165112
120914	0.00170137996
120915	0.001633525094
120916	0.001455705677
120917	0.000671127868
120918	0.0009592836983
120919	0.00107199249
120920	0.002900064501
120921	0.001101006755
120922	0.003883673054
120923	0.001148314752
120924	0.0007309133937
120925	0.001836101762
120926	0.000427483783
120927	0.003974127015
120928	0.003303874581
120929	0.0007348704145
120930	0.0008383713848
120931	0.0009994592237
120932	0.0007913258115
120933	0.001091753155
120934	0.003433107069
120935	0.005637720514
120936	0.003530550143
120937	0.002966762019
120938	0.006077922038
120939	0.0005390245755
120940	0.003612669794
120941	0.005102064869
120942	0.004113847107
120943	0.0001036194697
120944	0.004167523129
120945	0.005235594246
120946	0.000175339866
120947	0.003145515158
120948	0.001971898081
120949	0.006016916591
120950	0.0006072164586
120951	0.005071965221
120952	0.00343200745
120953	0.002860582912
120954	0.006552256204
120955	2.938332699e-05
120956	0.004343564754
120957	0.003898008893
120958	0.001043009645
120959	0.001823448194
120960	0.001794550737
120961	0.004399918776
120962	0.003169066137
120963	0.0005886243434
120964	0.0008178001893
120965	0.0006144812709
120966	1.090511325e-05
120967	0.000109964686
120968	0.0006216115183
120969	0.0006859639861
120970	0.0008241549901
120971	0.0002712204654
120972	0.001557982872
120973	6.716166984e-05
120974	0.001137976455
120975	0.001596375459
120976	0.002502550081
120977	0.004560915525
120978	0.002244243864
120979	0.0005493780446
120980	0.0003393541199
120981	0.001371130531
120982	0.0003475958752
120983	0.001902113756
120984	0.0009592180544
120985	0.003390690639
120986	0.003976664104
120987	0.00362677624
120988	0.002129088477
120989	0.0005032473601
120990	0.0001600081561
120991	0.002678940739
120992	0.002661201169
120993	0.0008709758877
120994	0.0005980959817
120995	0.0006031946918
120996	0.001480963445
120997	0.001610285595
120998	0.001947728709
120999	4.598260154e-06
121000	0.001357481395
121001	0.001600658236
121002	0.0001918746164
121003	0.005131144792
121004	0.001629664029
121005	0.002674556072
121006	0.0006150105751
121007	0.001636085142
121008	0.0003294637039
121009	0.005143035538
121010	0.00353215235
121011	0.001635151464
121012	0.002370216476
121013	0.001505786762
121014	0.004547270869
121015	0.004289838534
121016	0.0002408531422
121017	0.0004507021425
121018	0.0008894230132
121019	0.001940102583
121020	0.0003009123521
121021	0.001405406352
121022	0.004067859669
121023	0.006153317397
121024	0.0004319910822
121025	0.001264346917
121026	0.00217591017
121027	0.0003961407038
121028	0.0007714568677
121029	0.001462584706
121030	0.0007454753518
121031	0.0002069230627
121032	0.003519695981
121033	0.0007535255517
121034	0.002036909981
121035	0.002310081236
121036	0.001626616495
121037	0.0003353598158
121038	0.0009842417252
121039	0.002392178196
121040	0.002522372325
121041	0.002379540758
121042	0.0021029656
121043	0.002556051012
121044	0.00138122173
121045	0.00190229849
121046	0.001700100699
121047	0.002143453581
121048	0.002012677947
121049	0.002114549042
121050	0.001527735465
121051	0.0006300767104
121052	0.002566077042
121053	0.00273459667
121054	0.002561902357
121055	0.002951460337
121056	0.00225155703
121057	0.004513569148
121058	0.003444676735
121059	0.00241405312
121060	0.002308864316
121061	0.002490375484
121062	0.002039433221
121063	0.003074908291
121064	0.004283470498
121065	0.002815225218
121066	0.003609088125
121067	0.002110973123
121068	0.002716810439
121069	0.003448417034
121070	0.00219592783
121071	0.001255020533
121072	0.001736473403
121073	0.0006533966674
121074	0.002283406234
121075	0.001461709546
121076	0.001721642473
121077	0.002303493833
121078	0.004144337046
121079	0.001163723331
121080	0.002177415732
121081	0.002329520132
121082	0.0007909408039
121083	0.002744817605
121084	0.004139340527
121085	0.00290102912
121086	0.001167097296
121087	0.0001461327976
121088	0.001312998648
121089	0.003227371344
121090	0.0003260212118
121091	0.0003998664476
121092	0.004728368797
121093	0.000257388526
121094	0.0001912839843
121095	0.00133917388
121096	0.001573519631
121097	0.0003026108719
121098	0.001217385349
121099	0.00170183317
121100	0.002575423941
121101	0.0006291329367
121102	0.0004869538466
121103	0.00331452799
121104	0.00161808304
121105	0.0009305547252
121106	0.001267945381
121107	0.001308471709
121108	0.003550890535
121109	0.0001109490888
121110	0.001288389293
121111	0.001887688065
121112	0.004866974866
121113	0.001739371687
121114	0.001579805929
121115	0.00147164875
121116	0.001486659897
121117	0.0002410104309
121118	0.003000333122
121119	0.004250631896
121120	0.002265602947
121121	0.003753253131
121122	0.0002845958807
121123	0.003536882546
121124	0.002239915986
121125	0.004237870013
121126	9.069782028e-05
121127	0.00103754659
121128	0.0009777188252
121129	0.001711225317
121130	0.00500206144
121131	0.001946004321
121132	0.007086713184
121133	0.0006363648227
121134	0.003968854044
121135	0.0005958828816
121136	0.000209031935
121137	0.001028736342
121138	0.002880292738
121139	0.001550739155
121140	0.005215563638
121141	0.006579308739
121142	0.004204179561
121143	0.001299244175
121144	0.00176391292
121145	0.001079319509
121146	0.0008165935266
121147	0.001345252568
121148	0.001170326617
121149	0.001921320057
121150	0.0003987525671
121151	0.0006899202576
121152	0.0004420478408
121153	0.001609485435
121154	0.003034470976
121155	0.002897351565
121156	0.001897305655
121157	0.0007890481522
121158	0.003085094618
121159	0.00204004622
121160	0.001475400879
121161	0.001528526317
121162	0.004719008692
121163	0.001885991105
121164	0.003112787015
121165	0.001863414247
121166	0.0006347551944
121167	0.0003108450703
121168	0.005345873796
121169	0.001437487591
121170	0.001229944522
121171	0.0001625807461
121172	0.0001921044693
121173	0.001631512507
121174	0.0009578999867
121175	0.0007800274589
121176	0.0006417121007
121177	0.00441545644
121178	0.0003089198106
121179	0.002407750039
121180	0.0007867213809
121181	0.0003750152269
121182	0.0023877415
121183	0.0003775035529
121184	0.002290408882
121185	0.0003209075864
121186	0.004045391315
121187	0.007190010392
121188	0.0007856446766
121189	0.0005910686734
121190	0.002370285982
121191	0.001152880901
121192	0.00144593893
121193	0.0002351363541
121194	0.001609621198
121195	0.0001595704459
121196	0.001538623048
121197	0.008202890639
121198	0.00113254486
121199	0.001403080027
121200	0
121201	0.0006353556924
121202	0.001109048182
121203	0.001483909353
121204	0.005610971949
121205	0.003698296434
121206	0.003741499704
121207	0.0008671382176
121208	0.005709670112
121209	0.0002718890897
121210	0.001315838306
121211	0.004546687152
121212	0.004357093499
121213	0.0005520662109
121214	0.001109073606
121215	0.005248274909
121216	0.0005976356121
121217	0.002150398568
121218	0.0009053534657
121219	0
121220	0.0001629214478
121221	0.001382401494
121222	0.004754822123
121223	0.0008138624352
121224	0.003323369663
121225	0.0008305736726
121226	0.0003643076984
121227	0.003382295338
121228	0.005262865404
121229	0.004747625353
121230	0.001532933954
121231	0.0006736118455
121232	0.0007581031936
121233	0.004044905455
121234	0.0002009397488
121235	1.401290066e-05
121236	0.003618382313
121237	0.001954446819
121238	0.001943434785
121239	0.002177904563
121240	0.0002570706793
121241	0.0004054864576
121242	0.0008881785535
121243	0.0005356865383
121244	7.417478069e-05
121245	0.001302527722
121246	0.001519486558
121247	0.0007824098984
121248	0.0009281943501
121249	0.002545940612
121250	0.0003205286573
121251	0.0009437186136
121252	0.000414843659
121253	0.0003894000903
121254	0.0001393111796
121255	0.0004122012264
121256	0.000606588664
121257	0.002362150341
121258	5.094576863e-05
121259	0.004523172723
121260	0.000761315323
121261	0.0001212566613
121262	0.001582005415
121263	0.001313409266
121264	0.0003663757322
121265	0.0003383927088
121266	0.001243937279
121267	0.001019068661
121268	0.001361299232
121269	4.299565293e-06
121270	3.812563745e-06
121271	0.001082350519
121272	0.0004800676095
121273	0.0001472223295
121274	0.0001979470397
121275	0.0001237049586
121276	0.0009252370976
121277	0.001300094087
121278	0.0002939676256
121279	4.62510627e-05
121280	2.213630589e-06
121281	0.0002682225999
121282	0.0003171979359
121283	0.00171009505
121284	0.0003224048199
121285	0.0006540000723
121286	0.0001556481569
121287	1.859045506e-05
121288	0.002624676329
121289	0.0003387320572
121290	0.0001816612558
121291	0.0001632643514
121292	0.00571787143
121293	0.0009673754005
121294	0.000337591976
121295	0.002921889066
121296	0.00129379748
121297	0.002771439782
121298	0.002606693338
121299	0.00158423078
121300	0.002190438765
121301	0.0008151775856
121302	0.0017782999
121303	0.000151845913
121304	0.002358522486
121305	0.003091774076
121306	0.002090659696
121307	0.002746292267
121308	0.000787270549
121309	0.001929715406
121310	0.002888309699
121311	0.002404074032
121312	0.002412979131
121313	7.348697345e-05
121314	0.002694794665
121315	0.000927848629
121316	0.0004268450812
121317	8.008496975e-05
121318	0.0009330111275
121319	0.002128967678
121320	0.002822982167
121321	0.001591217876
121322	0.002965817337
121323	0.002598882939
121324	0.002251863714
121325	0.000840624208
121326	0.001433247746
121327	0.0005727140428
121328	0.001844555406
121329	0.003034578754
121330	0.001891950887
121331	0.001198685999
121332	0.005532800147
121333	0.003331959166
121334	0.001382439141
121335	0.001474141646
121336	0.005410914714
121337	0.0001259385389
121338	0.004496453708
121339	0.003963523504
121340	0.003430603918
121341	0.004623254086
121342	0.003356735305
121343	0.002521683051
121344	0.001368578544
121345	0.0009845892332
121346	0.002236390069
121347	0.004201742912
121348	0.003035093562
121349	0.0007787265671
121350	0.00297734475
121351	0.002260976571
121352	0.005283971518
121353	0.000783385142
121354	0.003983332462
121355	0.001710456679
121356	0.005411151327
121357	0.0008290337124
121358	0.001339653373
121359	0.003793944318
121360	0.002045150146
121361	0.002047095495
121362	0.001501825023
121363	0.00309003281
121364	0.001956215003
121365	0.001077052711
121366	0.002617446387
121367	0.0009481009904
121368	0.004557977997
121369	0.0009171433795
121370	0.002781932373
121371	0.000362478049
121372	0.0002018518215
121373	0.002413328451
121374	0.0002213266471
121375	0.001013461691
121376	0.002634016926
121377	0.003591717011
121378	9.030044978e-05
121379	0.000476549092
121380	1.443633037e-05
121381	0.001019751251
121382	0.0001252605882
121383	0.0007108417643
121384	0.001239714908
121385	0.0009099059798
121386	0.001355283693
121387	0.0007729131735
121388	0.001484723685
121389	0.0002532896798
121390	0.001262415854
121391	0.0001900258026
121392	0.0004518856883
121393	0.001953426074
121394	0.0003119316251
121395	0.00100923791
121396	0.002112326707
121397	0.002765849807
121398	0.0002137661331
121399	0.002624542815
121400	0.001603390667
121401	0.002378921242
121402	0.001075213544
121403	0.0003228194382
121404	0.004186725087
121405	0.0006919893096
121406	0.001781943912
121407	0.0007555862317
121408	0.001195550915
121409	0.0008264547435
121410	0.00216262354
121411	0.001783874557
121412	0.00263397688
121413	0.0005485594689
121414	0.0002724382888
121415	0.0005823873498
121416	0.0003145048413
121417	0.0006521194707
121418	0.0004000182354
121419	0.0021131445
121420	0.0004588739812
121421	0.001137955023
121422	0.001111065182
121423	0.0003010749023
121424	1.590518098e-05
121425	1.751194226e-05
121426	0.0006253087208
121427	0.0001479871515
121428	0.0008804798019
121429	0.0002869959824
121430	0.0004980075011
121431	0.0002190612882
121432	0.0005503522024
121433	0.0001721693335
121434	3.26970076e-05
121435	0.0002275976325
121436	0.0001534766036
121437	0.0003913161816
121438	0.0003280807846
121439	0.0002542936357
121440	0.001786866067
121441	0.0005329997229
121442	0.0002308858782
121443	0.0005151870463
121444	0.0005894182763
121445	0.0005261955331
121446	0.0002451103705
121447	0.0003669646661
121448	0.000256047545
121449	0.0005081539648
121450	0.0001674544975
121451	0.0001872162304
121452	0.0001005161617
121453	0.0004547582206
121454	0.0005067900666
121455	0.0006330443137
121456	0.00196090787
121457	0.0002155752189
121458	6.179847247e-05
121459	0.0003581498027
121460	0.0005416993153
121461	0.0004950271877
121462	0.0003965011423
121463	0.0001079111103
121464	0.0001957078655
121465	0.0007382569912
121466	0.0003369740105
121467	0.0004532727838
121468	2.683661228e-05
121469	0.0007810503549
121470	0.0005678672613
121471	0.0002664967676
121472	0.0001226066715
121473	0.0009933325195
121474	0.0003739286094
121475	0.0004918144409
121476	0.0005110407032
121477	0.0004695737946
121478	0.0001793671466
121479	0.0002445941153
121480	7.555935715e-05
121481	0.0005967804402
121482	0.0003239897344
121483	0.0001412059837
121484	0.0002852023642
121485	0.0005052970463
121486	0.0002797293453
121487	0.0001584437301
121488	0.0003694595986
121489	0.0002655098538
121490	0.000177100679
121491	0.0003604360379
121492	0.000718639875
121493	0.001055486814
121494	0.0001327141258
121495	0.001090591514
121496	5.18056361e-05
121497	1.708759297e-05
121498	0.0001390620659
121499	0.0003165288269
121500	0.0001168046007
121501	0.00151564542
121502	0.0003030679044
121503	0.001082575176
121504	0.0001649448748
121505	0.0005477077567
121506	0.0001681833361
121507	8.4133861e-05
121508	0.0003928696793
121509	0.0001563075896
121510	0.0003076294584
121511	1.166736689e-05
121512	4.331721175e-05
121513	0.0007163871822
121514	0.0004753945063
121515	0.001139107696
121516	0.001271219868
121517	6.539790198e-07
121518	0.0005927253703
121519	0.00206862481
121520	0.0003000654391
121521	0.0006847623473
121522	0.002115594651
121523	0.001764486914
121524	0.002838251382
121525	0.000734578455
121526	0.0001970143297
121527	0.0004570030314
121528	0.001764569424
121529	2.916874589e-07
121530	5.492843167e-05
121531	0.0001609040512
121532	0.001126224502
121533	0.001915044593
121534	0.0006220674868
121535	0.001140941693
121536	0.0005623178579
121537	0.002317408134
121538	0.001478566279
121539	0.0006690506026
121540	0.001458576328
121541	0.001834345831
121542	0.00191488437
121543	0.0001251093062
121544	0.003852833296
121545	0.0008408101491
121546	0.001518129863
121547	0.001062491976
121548	0.001097359898
121549	0.0004665078856
121550	0.0001424729671
121551	0.001153509051
121552	0.002068136829
121553	0.0003073590676
121554	0.002705664024
121555	0.0008590564135
121556	0.0006354703748
121557	0.0004496869424
121558	0.0004620233941
121559	0.0006171237305
121560	0.001440725809
121561	0.0007136221475
121562	0.0008539739523
121563	0.002071155774
121564	0.0006140729291
121565	0.0002229007729
121566	0.0007720682338
121567	0.0004032585253
121568	0.002102364372
121569	0.0005516523279
121570	0.0006747378
121571	0.0003009061823
121572	0.001629686121
121573	0.002591498009
121574	0
121575	0.001013528989
121576	0.0009900078432
121577	4.791731431e-07
121578	0.002678262719
121579	0.0004661194016
121580	0.000303806262
121581	0.001995583222
121582	4.246574407e-05
121583	0.001478879277
121584	0.002096774149
121585	0.0007663609413
121586	0.0006177088041
121587	0.0003770093867
121588	0.00206733857
121589	0.0009996220169
121590	0.0005469670987
121591	0.0008880389514
121592	0.002868151268
121593	0.000306314815
121594	0.004088372398
121595	0.0009752869146
121596	0.0008692972742
121597	0.0002507396384
121598	0.0001588255414
121599	0.002689925046
121600	0.001447357346
121601	9.165832779e-05
121602	0.0007157408542
121603	0.0006636822719
121604	0.0001577910726
121605	0.001937730027
121606	0.001912278868
121607	0.00101395473
121608	0.0004263860195
121609	0.0007647669819
121610	0.001937538566
121611	0.003032930692
121612	0.0007356332303
121613	0.0002894033555
121614	0.0001841391397
121615	0.001475827169
121616	0.000702098869
121617	0.0009187147651
121618	0.001944877664
121619	0.001044075024
121620	0.001758172886
121621	0.001213264377
121622	0.001155168414
121623	0.002131947951
121624	0.002512257513
121625	0.0001570898301
121626	0.002336958406
121627	0.003404687874
121628	0.002019133485
121629	0.001094526142
121630	0.003350185288
121631	0.001653053098
121632	0.001005735796
121633	0.001456772156
121634	0.001674423262
121635	0.0008654564134
121636	0.0009531886604
121637	0.001142049707
121638	0.001481944204
121639	0.001135887769
121640	0.001435573453
121641	0.001730377647
121642	0.001808892449
121643	0.0005752438245
121644	0.001372996577
121645	0.0009530157896
121646	0.001332350218
121647	0.001123775348
121648	0.001292226979
121649	0.001714734988
121650	0.0005461178052
121651	0.001981573887
121652	0.001944307157
121653	0.0006921166482
121654	0.001895793928
121655	0.001730765734
121656	0.001779082533
121657	0.0006963902532
121658	0.001722335188
121659	0.0003055413405
121660	0.001335173196
121661	0.001216201066
121662	0.001089585115
121663	0.002887440838
121664	0.002595222593
121665	0.0009568544524
121666	0.0009835922445
121667	0.001791513969
121668	0.0009962724778
121669	0.003238490172
121670	0.0008667956145
121671	0.0008128681844
121672	0.0003947058356
121673	0.0004889656922
121674	0.004519288444
121675	0.0015673407
121676	0.00123789275
121677	0.001402129172
121678	0.001464154507
121679	0.0008637757671
121680	0.001247237653
121681	0.001551955729
121682	0.001424772038
121683	0.0006363681664
121684	0.001044237876
121685	0.001248284315
121686	0.001563158516
121687	0.001556425276
121688	0.00140504185
121689	0.001309169449
121690	0.002287401087
121691	0.001472087696
121692	0.001751422505
121693	0.001527570063
121694	0.0008753048809
121695	0.0005186306912
121696	0.000730863645
121697	0.001645562692
121698	0.001672269703
121699	0.001364329502
121700	0.001233160217
121701	0.001337620318
121702	0.001987314457
121703	0.001112762662
121704	0.001126263179
121705	0.001353022917
121706	0.001483690828
121707	0.001505366469
121708	0.001034021452
121709	0.001572245489
121710	0.001722335446
121711	0.001225008517
121712	0.001248993858
121713	0.001009465365
121714	0.0004964397404
121715	0.0003025926467
121716	0.001601600997
121717	0.0007827243001
121718	0.002240467976
121719	0.002035304425
121720	0.001495042241
121721	0.0004912917378
121722	0.0009698480702
121723	0.001469886436
121724	0.000454729895
121725	0.001308381092
121726	0.00106955467
121727	0.0008649832269
121728	0.0007507935518
121729	0.0009175674041
121730	0.000976065268
121731	0.001366770791
121732	0.0008193480152
121733	0.001073377558
121734	0.001703815496
121735	0.001367680837
121736	0.001267231049
121737	0.001456019402
121738	0.0009394279175
121739	0.001143877157
121740	0.001167420722
121741	0.001513269329
121742	0.000940403341
121743	0.001142134412
121744	0.001619247045
121745	0.002378276014
121746	0.001110935999
121747	0.001076231544
121748	0.001119150003
121749	0.001222809958
121750	0.001719332644
121751	0.001801969064
121752	0.001278235388
121753	0.001686193641
121754	0.0008906018316
121755	0.001319871225
121756	0.00193773122
121757	0.001710445353
121758	0.001022554374
121759	0.001340250561
121760	0.00127458383
121761	0.000814592
121762	0.001273988122
121763	0.001136044208
121764	0.001282425947
121765	0.001358876678
121766	0.001139357102
121767	0.001239603583
121768	0.001463129374
121769	0.001241238687
121770	0.001450261947
121771	0.001349452236
121772	0.0012873037
121773	0.0008100200936
121774	0.001821164249
121775	0.001742068052
121776	0.002226944616
121777	0.0009907114989
121778	0.001151818837
121779	0.001096273473
121780	0.001915450915
121781	0.0009920426262
121782	0.001704386666
121783	0.00151962111
121784	0.001749645272
121785	0.0001064356347
121786	0.001252813118
121787	0.001729011672
121788	0.001694977309
121789	0.001277369829
121790	0.00122430722
121791	0.0009319431841
121792	0.001303336003
121793	0.001897941172
121794	0.001726963062
121795	0.001280273619
121796	0.001108704018
121797	0.001306221676
121798	0.001278277433
121799	0.0001242642253
121800	0.0009277129542
121801	0.0007086238949
121802	0.0005894316783
121803	0.001105256309
121804	0.0008891797846
121805	0.001606503256
121806	0.0008976005671
121807	0.001412934682
121808	0.002291961499
121809	0.0004161582603
121810	0.000633116408
121811	0.0006692241605
121812	0.001335266832
121813	0.003591729084
121814	0.001185551607
121815	0.0007215510034
121816	0.001187056323
121817	0.001537458439
121818	0.0006981206394
121819	0.001291594772
121820	0.001101761732
121821	0.001910192925
121822	0.001431733135
121823	0.001195550614
121824	0.0009758846372
121825	0.000761974685
121826	0.0008564705722
121827	0.001305703673
121828	0.001108542382
121829	0.001093441446
121830	0.0006097919167
121831	0.001476122658
121832	0.001188213696
121833	0.001655429281
121834	0.001032207831
121835	0.001540283906
121836	0.001351375604
121837	0.001114419803
121838	0.001093097164
121839	0.001273742724
121840	0.001675979108
121841	0.001192380166
121842	0.001364453723
121843	0.001410334298
121844	0.0011422177
121845	0.001403562476
121846	0.001173611508
121847	0.001427566128
121848	0.001567277409
121849	0.001460247239
121850	0.001170479019
121851	0.001329623769
121852	0.0007780974895
121853	0.001515320854
121854	0.0007850285054
121855	0.002387282824
121856	0.00136846168
121857	0.001474052462
121858	0.0009574145702
121859	0.003662702748
121860	0.001346338193
121861	0.001328976795
121862	0.001024613658
121863	0.002481691465
121864	0.001140251257
121865	0.001354413343
121866	0.001321531852
121867	0.0009796451054
121868	0.001231190305
121869	0.001191126014
121870	0.003411421195
121871	0.001320373792
121872	0.001126683662
121873	0.00140051628
121874	0.001101424575
121875	0.0004631624047
121876	0.001348683429
121877	0.0006422134119
121878	0.0008955534176
121879	0.001558309072
121880	0.001298701234
121881	0.0007374574426
121882	0.001376482498
121883	0.001423688074
121884	0.001225603764
121885	0.0008802529424
121886	0.001610218963
121887	0.003273487332
121888	0.0002617281181
121889	0.0004474168461
121890	0.001361271339
121891	0.001268600533
121892	0.001260876297
121893	0.002223011219
121894	0.001622069372
121895	0.0009137214721
121896	0.0006138111385
121897	0.001128011782
121898	0.001322461096
121899	0.001815822474
121900	0.001238537443
121901	0.0009231302062
121902	0.001162623162
121903	0.001129802174
121904	0.000970316099
121905	0.001330404688
121906	0.001087536988
121907	0.0006960678991
121908	0.001901969938
121909	0.001156669966
121910	0.0007107984277
121911	0.001321967868
121912	0.0007406161374
121913	0.0008197536692
121914	0.001226394841
121915	0.0009562331625
121916	0.001131679428
121917	0.00107702106
121918	0.0006187530576
121919	0.001003377907
121920	0.001003268708
121921	0.001291298786
121922	0.001863293323
121923	0.001860370714
121924	0.001551058667
121925	0.0014922019
121926	0.0008828358223
121927	0.001076899712
121928	0.0007458284822
121929	0.0005587038116
121930	0.001290826903
121931	0.001087074768
121932	0.001132777266
121933	0.0004913207212
121934	0.002042180489
121935	0.0009482355182
121936	0.001310847775
121937	0.001039591802
121938	0.0007800303662
121939	0.0003658959992
121940	0.001209509235
121941	0.0007747304633
121942	0.001296426811
121943	0.00143986617
121944	0.001082202174
121945	0.0009583084405
121946	0.0008707470432
121947	0.001246814885
121948	0.001205006263
121949	0.0007634159801
121950	0.002078780736
121951	0.00101502978
121952	0.001475855441
121953	0.002155344798
121954	0.001401419277
121955	0.00144310268
121956	0.0009134890358
121957	0.0006706213788
121958	0.001565795115
121959	0.001143512441
121960	0.001182682659
121961	0.001442239111
121962	0.0006278553997
121963	0.001914611983
121964	0.001902212592
121965	0.0009606806519
121966	0.001580958923
121967	0.0006761115732
121968	0.001123395333
121969	0.001473010441
121970	0.0009561333346
121971	0.001463229527
121972	0.00191463467
121973	0.001004018053
121974	0.001610470859
121975	0.0006901708912
121976	0.00130806494
121977	0.001334715269
121978	0.00147014016
121979	0.001110259472
121980	0.001102652049
121981	0.001107383071
121982	0.001200291063
121983	0.001102983459
121984	0.001018164435
121985	0.0006579740862
121986	0.001536570266
121987	0.001873861222
121988	0.0005067906
121989	0.001754107899
121990	0.001318759929
121991	0.001268353825
121992	0.001671987359
121993	0.001116896452
121994	0.001219332495
121995	0.0004106951223
121996	0.0009552543376
121997	0.0006753659297
121998	0.0007727189785
121999	0.0008213420062
122000	0.001423205874
122001	0.001553160564
122002	0.001375126987
122003	0.000269654982
122004	0.0003376833689
122005	0.0009430935138
122006	0.001060877703
122007	0.0002600743207
122008	0.001350508009
122009	0.0009455122639
122010	0.0007485768379
122011	0.001248882129
122012	0.0009712327142
122013	0.001334782939
122014	0.0002986609642
122015	0.001703711651
122016	0.001161588052
122017	0.00119084363
122018	0.001142770198
122019	0.0008571973373
122020	0.001156368528
122021	3.258865483e-05
122022	0.00113031597
122023	0.001263182919
122024	0.002665791511
122025	0.0009771725717
122026	0.001279574802
122027	0.000511576834
122028	0.0009020264516
122029	0.001397852644
122030	0.0002050993587
122031	0.0009791763558
122032	0.000664909138
122033	0.001099643747
122034	0.001461842693
122035	0.0008539741288
122036	0.001313758856
122037	0.001190304894
122038	0.0011832636
122039	0.001626384866
122040	0.0008673355712
122041	0.0009650282257
122042	0.001016345171
122043	0.001570233872
122044	0.001271531243
122045	0.001341934419
122046	0.001508471961
122047	0.0001478807613
122048	0.001113509743
122049	0.001697003825
122050	0.001296205873
122051	0.0005413650167
122052	0.002070663992
122053	0.001222415195
122054	0.002795967175
122055	0.001971769846
122056	0.001645191999
122057	0.00104410353
122058	0.002738131761
122059	0.004332883683
122060	0.001149300838
122061	0.001333912283
122062	0.0008405876641
122063	0.00155321251
122064	0.0005955017853
122065	0.001110994103
122066	0.0008773723204
122067	0.0008994828262
122068	0.000378948778
122069	0.001281118762
122070	0.0003742002002
122071	0.000976622759
122072	0.0014149715
122073	0.001092544287
122074	0.00111107656
122075	0.001007440612
122076	0.001813996697
122077	0.001202348358
122078	0.0010984234
122079	0.0002101654566
122080	0.0004520506391
122081	0.001431384419
122082	0.000869593464
122083	0.001525441153
122084	0.0003272322769
122085	0.0004683936126
122086	0.0008156961248
122087	0.001073895635
122088	0.0005515483591
122089	0.0009731008034
122090	0.001517074898
122091	0.0003610874826
122092	0.001962413536
122093	0.001627655473
122094	0.001601508358
122095	0.001366032593
122096	0.001104669747
122097	0.001732443715
122098	0.0007819820709
122099	0.001749677864
122100	0.00163028205
122101	0.001219568034
122102	0.001648278705
122103	0.001030470215
122104	0.00197223168
122105	0.001518858894
122106	0.001420354222
122107	0.001206800233
122108	0.001287845231
122109	0.001400177654
122110	0.001319470622
122111	0.001031498599
122112	0.001082366305
122113	0.00196258604
122114	0.001614695809
122115	0.001891709362
122116	0.00203311653
122117	0.001519000122
122118	0.001625368762
122119	0.001348091956
122120	0.001234281441
122121	0.0003514386852
122122	0.001176789052
122123	0.006156461235
122124	0.001618280579
122125	0.001383313166
122126	0.0007268439252
122127	0.001396749524
122128	0.001431369783
122129	0.00102573637
122130	0.0009726934779
122131	0.001468518883
122132	0.0005198286867
122133	0.0009521745029
122134	0.00165737712
122135	0.001558939854
122136	0.001795082286
122137	0.0007347284105
122138	0.001500335328
122139	0.0009873477249
122140	0.001814432976
122141	0.001715708979
122142	0.0004921788784
122143	0.001427727903
122144	0.0006696929508
122145	0.001363550401
122146	0.001392202086
122147	0.0004960479425
122148	0.001345767439
122149	0.001315792204
122150	0.001659152284
122151	0.00150038189
122152	0.001265200105
122153	0.001557012888
122154	0.00123632961
122155	0.0009680701885
122156	0.001533516284
122157	0.0009953413937
122158	1.976892185e-05
122159	0.0006141435398
122160	0.001716576056
122161	0.005544577985
122162	0.001795831556
122163	0.001350118954
122164	0.002287548751
122165	0.00157831068
122166	0.001293260622
122167	0.00154707456
122168	0.001226154928
122169	0.001667199898
122170	0.001222749219
122171	0.001000429641
122172	0.0007183110925
122173	0.001395796322
122174	0.002047021487
122175	0.002118946697
122176	0.00113342182
122177	0.0006821859326
122178	0.0006973507414
122179	0.0007441836984
122180	0.0006619633119
122181	0.0004563431036
122182	0.0006230703126
122183	0.001086573853
122184	0.0002195548862
122185	0.0006511122796
122186	0.0003665714499
122187	0.0008428644813
122188	0.001002499223
122189	0.0006593381241
122190	0.001379023856
122191	0.002202033333
122192	0.0005454374877
122193	0.001013972907
122194	0.001291543631
122195	0.0009439206319
122196	0.001671855873
122197	0.001623310114
122198	0.0008026430528
122199	0.0005443148009
122200	0.0009575105089
122201	0.001114938808
122202	0.001143273228
122203	0.0001248877082
122204	0.001054306527
122205	0.001451890058
122206	0.001343509138
122207	0.0009598552438
122208	0.0001267835428
122209	0.001160871039
122210	0.0008588759078
122211	0.001130909868
122212	0.001383441276
122213	0.001102509122
122214	0.002760347737
122215	0.0009332829946
122216	7.90891738e-05
122217	0.001631734155
122218	0.001451907458
122219	0.001351084125
122220	0.001064132287
122221	0.001516757157
122222	0.00233574787
122223	0.001204647835
122224	0.001400911362
122225	0.001201000543
122226	0.001676442283
122227	0.001355633898
122228	0.0001581194204
122229	0.001089327163
122230	0.001103787851
122231	0.002058263853
122232	0.001926606729
122233	0.001034375681
122234	0.001678731398
122235	0.001271706919
122236	0.001516981177
122237	0.001045022699
122238	0.001022440755
122239	0.001750397471
122240	0.001995582483
122241	0.001650937407
122242	0.001272889328
122243	0.0006381459976
122244	0.001535160328
122245	0.001235091924
122246	0.001659833642
122247	0.001770433876
122248	0.0008883225961
122249	0.001768503308
122250	0.001627891753
122251	0.000381991805
122252	0.0006108903732
122253	0.001386574827
122254	0.001435422447
122255	0.001277747575
122256	0.001324332971
122257	0.0006241457701
122258	0.0003066416003
122259	0.0006400459679
122260	0.001335154478
122261	0.001294833818
122262	0.001730980759
122263	0.001729435866
122264	0.001495934365
122265	0.001050593537
122266	0.001762680881
122267	0.0007879035748
122268	0.000971718147
122269	0.001606390518
122270	0.001019335051
122271	0.0003326729315
122272	0.002438241531
122273	0.0003178726841
122274	0.001688336405
122275	0.001131411663
122276	0.001641266769
122277	0.001132921034
122278	0.001119801991
122279	0.001340671556
122280	0.001415594395
122281	0.0001768206208
122282	0.002093237186
122283	0.001084326448
122284	0.0003641507559
122285	0.001334627824
122286	0.001857674841
122287	0.001136579621
122288	0.001569569534
122289	0.0009271247714
122290	0.001366135839
122291	0.001570493061
122292	0.001327720474
122293	0.0008278683253
122294	0.001039422519
122295	0.002424010273
122296	0.0008818174775
122297	0.001072856508
122298	0.0004128288967
122299	0.00136657016
122300	0.002154960612
122301	0.000826054962
122302	0.001583141064
122303	0.0004031304109
122304	0.002283433098
122305	0.001444482872
122306	0.001375584341
122307	0.001522729614
122308	0.001174948421
122309	0.001170768966
122310	0.001198533288
122311	0.001232235172
122312	0.003969213127
122313	0.001219606398
122314	0.001212219291
122315	0.0008516361729
122316	0.001618695757
122317	0.001073349435
122318	0.001628421813
122319	0.0009352692472
122320	0.001628044866
122321	0.001689908579
122322	0.0007253602027
122323	0.001670723929
122324	0.001387549865
122325	0.00162484397
122326	0.001287863353
122327	0.0007869191691
122328	0.0009544732282
122329	0.001218341062
122330	0.0009739937249
122331	0.001008636364
122332	0.0009345658485
122333	0.0006347254625
122334	0.001355055346
122335	0.001323867828
122336	0.001181863543
122337	0.001307733971
122338	0.00146050316
122339	0.0009666287922
122340	0.001291592285
122341	0.001029692091
122342	0.001366427852
122343	0.0009167771323
122344	0.0009809987608
122345	0.0004293792789
122346	0.001500172273
122347	0.0006246846817
122348	0.001343314907
122349	0.0003221658315
122350	0.001217027209
122351	0.0008851519432
122352	0.0009333902342
122353	0.001578230883
122354	0.001080286749
122355	0.0007518938723
122356	0.001388300699
122357	0.001153072983
122358	0.0013765433
122359	0.001154332036
122360	0.0006023029748
122361	0.0001619461997
122362	0.001291290751
122363	0.0008326964175
122364	0.0006933376274
122365	0.00113179512
122366	0.001546562981
122367	0.003873847109
122368	0.001376009113
122369	0.0006590877406
122370	0.001413678556
122371	0.001195437227
122372	0.0009130119313
122373	0.0009167717918
122374	0.0008597464666
122375	0.001469341455
122376	0.001490381184
122377	0.001321232248
122378	0.001629819078
122379	0.0008316708069
122380	0.0005220630281
122381	0.0008089776716
122382	0.001132135413
122383	0.001529743837
122384	0.001145239845
122385	0.001508141218
122386	0.0008957810108
122387	0.0006700321679
122388	0.001390478071
122389	0.001249462036
122390	0.0008903929436
122391	0.001149277655
122392	0.001532325011
122393	0.0008978694616
122394	0.001329215238
122395	0.0005743313782
122396	0.0008670673695
122397	0.000613923867
122398	6.375929932e-05
122399	0.0007505098534
122400	0.0008548448437
122401	0.001454765354
122402	0.001244307057
122403	0.0008089509232
122404	0.001241260361
122405	0.0009348396498
122406	0.0003108353614
122407	0.0011259943
122408	0.001402079864
122409	0.0008717148049
122410	0.001191729232
122411	0.0007747481396
122412	0.001284025985
122413	0.0006938945993
122414	0.001268681438
122415	0.001127111521
122416	0.0009847904705
122417	0.001564638196
122418	0.0008793058044
122419	0.00176781869
122420	0.0003614226741
122421	0.001391763731
122422	0.001057986575
122423	0.001409577971
122424	0.001514945304
122425	0.001765943047
122426	0.0008449243476
122427	0.001297669097
122428	0.001626834755
122429	0.0007863695604
122430	0.0006605518057
122431	0.001066839414
122432	0.000634293929
122433	0.0009113316419
122434	0.0007634176335
122435	0.001338047316
122436	0.0001021311159
122437	0.001151699584
122438	0.001306431918
122439	0.0006883621994
122440	0.001176261773
122441	0.0009574576863
122442	0.001262271678
122443	0.001652683095
122444	0.001247828683
122445	0.0008480777869
122446	0.0006871394009
122447	0.001917407106
122448	0.001706300201
122449	0.0004364103664
122450	0.0009625166728
122451	0.0009119368232
122452	0.0009392391291
122453	0.001395775285
122454	0.0007973547841
122455	0.001365186909
122456	0.0006656314951
122457	0.001093203854
122458	0.001462685014
122459	0.001722015248
122460	0.001533226451
122461	0.001162750387
122462	0.001406892862
122463	0.0007251507336
122464	0.001419572222
122465	0.001077213218
122466	0.0004845833886
122467	0.001221729909
122468	0.0016609808
122469	0.0007997274478
122470	0.001025775649
122471	0.00110612993
122472	0.001532730914
122473	0.0007432425312
122474	0.001309172186
122475	0.001721969946
122476	0.001908902583
122477	0.001066217916
122478	0.001553588994
122479	0.001739001111
122480	0.001690221756
122481	0.001071550726
122482	0.001627758366
122483	0.001618261523
122484	0.001645937544
122485	0.001319600903
122486	0.001010561508
122487	0.001310886554
122488	0.001742033407
122489	0.001785469642
122490	0.001704937833
122491	0.001739060921
122492	0.001709779335
122493	0.001336702206
122494	0.0001284433785
122495	0.002369579497
122496	0.001740094034
122497	0.001544460548
122498	0.001856010423
122499	0.001256424717
122500	0.001167329852
122501	0.001501570262
122502	0.001311728969
122503	0.0007377945114
122504	0.0009155588462
122505	0.0006682518741
122506	0.001165085697
122507	0.001305050438
122508	0.001461019952
122509	0.0008542587804
122510	0.001593729574
122511	0.0001614772049
122512	7.01246966e-06
122513	0.000378988056
122514	0.0007759408897
122515	0.002246922813
122516	0.0003584619479
122517	0.001063955712
122518	0.001539529084
122519	0.0005420403441
122520	0.001025301111
122521	0.000801292574
122522	0.0004129620412
122523	0.0004911688147
122524	0.001079676688
122525	0.001007397238
122526	0.0008487050401
122527	0.0005207908832
122528	0.001235046921
122529	0.0007289331891
122530	0.0009349274091
122531	0.001376896883
122532	0.0003665322834
122533	0.0009642456724
122534	0.001120775706
122535	0.00106086546
122536	0.0006329002918
122537	0.0008796337843
122538	0.001036450513
122539	0.001028493541
122540	0.001662827452
122541	0.0008470962818
122542	0.0009505452104
122543	0.0008939703689
122544	0.000897690121
122545	0.00140008528
122546	0.0001816526879
122547	0.0007015571546
122548	0.0009123560856
122549	0.0003487573489
122550	0.00137008341
122551	0.001952807604
122552	0.0008153662892
122553	0.0009310934798
122554	0.001066196042
122555	0.001091819918
122556	0.0005081898989
122557	0.0009225178653
122558	0.001351397642
122559	0.0009727943167
122560	0.001474916654
122561	0.001081706998
122562	0.001595475382
122563	0.001399828786
122564	0.00147122295
122565	0.001322688835
122566	0.001421690482
122567	0.00163124658
122568	0.001515317782
122569	0.001379442823
122570	0.0008086669755
122571	0.001355887668
122572	0.0004269726423
122573	0.0008813766673
122574	0.001714551931
122575	0.001486833109
122576	0.001254347364
122577	0.002118845271
122578	0.001134072111
122579	0.001083931468
122580	0.0006518918579
122581	0.001395220474
122582	0.001828930431
122583	0.00158339986
122584	0.00121923368
122585	0.001130529462
122586	0.002157135494
122587	0.00104316247
122588	0.001229768723
122589	0.0009692312776
122590	0.0006497410717
122591	0.001049051857
122592	0.001271006384
122593	0.001034708721
122594	0.0006959642301
122595	0.001917345632
122596	0.0007526967359
122597	0.0008688604251
122598	0.0008171405045
122599	0.0005866189241
122600	0.001242608791
122601	0.0001059551824
122602	0.0006355299301
122603	0.001022546652
122604	0.001044353129
122605	0.0008219075755
122606	0.001704425282
122607	0.0006350791241
122608	0.0005058724767
122609	0.001172845049
122610	0.0007575563392
122611	0.0006438791475
122612	0.001285788574
122613	0.001331781655
122614	0.0008811631924
122615	0.0006422470034
122616	0.001115358888
122617	0.0008246768856
122618	0.0009407140553
122619	0.001825171189
122620	0.0009729911803
122621	0.001916900126
122622	0.0008570145651
122623	0.001131734977
122624	0.000775152946
122625	0.001521202149
122626	0.0007302238599
122627	0.0009933041729
122628	0.001384675031
122629	0.001502986769
122630	0.001620118583
122631	0.001484727928
122632	0.001290449705
122633	0.0008812692012
122634	0.0008951778459
122635	0.0006012507475
122636	0.0009985237892
122637	0.00170610849
122638	0.00181536697
122639	0.001577808536
122640	0.001903944156
122641	0.001048623573
122642	0.00186987149
122643	0.0005821500555
122644	0.001557405838
122645	0.0009562585934
122646	0.001693575069
122647	0.00189494066
122648	0.001395996799
122649	0.0006906969487
122650	0.001450011974
122651	2.271286344e-06
122652	0.001739330986
122653	0.001810125855
122654	0.0005303337164
122655	0.001481797505
122656	0.0002962836452
122657	0.001455276634
122658	0.001877432567
122659	0.0009641302825
122660	0.001329128341
122661	0.00143619572
122662	0.001306087561
122663	0.0008165748865
122664	0.001784791831
122665	0.001510850114
122666	0.002100291388
122667	0.001682409084
122668	0.001354221566
122669	0.001041720884
122670	0.001170648168
122671	0.0004598409787
122672	0.00103689345
122673	0.001280207209
122674	0.001440945655
122675	0.005859766741
122676	0.001959095694
122677	0.001738350867
122678	0.001526900017
122679	0.001651149059
122680	0.001106417533
122681	0.0009007470902
122682	0.001398253023
122683	0.001198538861
122684	0.001232065812
122685	0.001353203555
122686	0.001352294834
122687	0.001419956324
122688	0.001498480027
122689	0.000848577572
122690	0.001500147528
122691	0.001536906869
122692	0.0009748667944
122693	0.001292717084
122694	0.001623724048
122695	0.0006421626179
122696	0.001050148459
122697	0.000851327149
122698	0.001101117648
122699	0.0003925586266
122700	0.0008986105736
122701	0.001382539711
122702	0.001002245208
122703	0.0006075804183
122704	0.001339823183
122705	0.0008914505243
122706	0.0008438390718
122707	0.0007403302194
122708	0.0005938048406
122709	0.00111873917
122710	0.001377582073
122711	0.001754797257
122712	0.001330970083
122713	0.000747959735
122714	0.00143383831
122715	0.0016226517
122716	0.001307927621
122717	0.001181057819
122718	0.0009399813326
122719	0.001430847651
122720	0.0009114384951
122721	0.0004265248953
122722	0.0009894438604
122723	0.0005603997171
122724	0.0006014793728
122725	0.001006488423
122726	0.001046456594
122727	0.0005474889031
122728	0.001036362306
122729	0.001206393236
122730	0.001920237829
122731	0.001503259708
122732	0.00076627936
122733	0.001369056143
122734	0.001098529349
122735	0.000997108205
122736	0.0009688718605
122737	0.001314399647
122738	0.001331937064
122739	0.001193510719
122740	0.002154789825
122741	0.001542610661
122742	0.002191012219
122743	0.0004085165672
122744	0.0004546063068
122745	0.00121471849
122746	0.001119476617
122747	0.002039218052
122748	0.001851975966
122749	0.001210158884
122750	0.001384750433
122751	0.002164450157
122752	0.0003870473895
122753	0.001366195687
122754	0.0007146012637
122755	0.0003070530481
122756	0.0009883362007
122757	0.001245170299
122758	0.0006695930058
122759	0.003505424727
122760	0.0009787549037
122761	0.001299300144
122762	0.0001052091895
122763	0.0005797169302
122764	0.0008961968208
122765	0.001429722176
122766	0.0009367971901
122767	0.001704232556
122768	0.001652881384
122769	0.0006480221681
122770	0.000188716878
122771	0.002425198714
122772	0.001480584241
122773	0.001237321827
122774	0.001000345556
122775	0.001056939579
122776	0.001405281411
122777	0.001385214517
122778	0.0008360750211
122779	0.001121675453
122780	0.001551320139
122781	0.001269885727
122782	0.001166631647
122783	0.0008994596567
122784	0.0006583998924
122785	0.0003327213505
122786	0.001261952054
122787	0.001145008492
122788	0.0009288737995
122789	0.001537892007
122790	0.001141127307
122791	0.0006644861752
122792	0.001725475941
122793	0.0007581314416
122794	0.001648724223
122795	0.001317888405
122796	0.001329047466
122797	0.001375341779
122798	0.001389325495
122799	0.001251245273
122800	0.000967761765
122801	0.00129254293
122802	0.0001616951346
122803	0.0002298407423
122804	0.000546108305
122805	0.0007652006164
122806	0.001293260987
122807	0.0009165318599
122808	0.001093313508
122809	0.001234034802
122810	0.001038895498
122811	0.0005044664516
122812	0.0003306206351
122813	0.001039337553
122814	0.0009892170425
122815	0.0007839250551
122816	0.00108039852
122817	0.001599088557
122818	0.0002092035746
122819	0.0008878608381
122820	0.00122424457
122821	0.001018583934
122822	0.00116007547
122823	0.0004131911567
122824	0.0009983713781
122825	0.0006363391325
122826	0.001385388158
122827	0.001669091992
122828	0.0008337621237
122829	0.001501471651
122830	0.0009223150382
122831	0.000970758434
122832	0.0008971097517
122833	0.0004509334141
122834	0.001387833122
122835	0.000914756829
122836	0.0007379155824
122837	0.006673241798
122838	0.001084851636
122839	0.001308591822
122840	0.0002218847906
122841	0.000825751565
122842	0.001769348117
122843	0.0006966063457
122844	0.001528377243
122845	0.00142566793
122846	0.001847042482
122847	0.001514784729
122848	0.0006244309812
122849	0.001172210531
122850	0.001266583745
122851	0.0003487519146
122852	0.00205679941
122853	0.0003162312281
122854	0.001377201833
122855	0.002533398547
122856	0.001694415302
122857	0.00246338328
122858	0.002109937917
122859	0.001349721213
122860	0.001496017604
122861	0.001186498205
122862	0.0005749723165
122863	0.0004460639229
122864	0.001365198318
122865	0.001055365847
122866	0.001449879202
122867	0.0001078902738
122868	0.003670297824
122869	0.001704599373
122870	0.001721705439
122871	0.0009772865576
122872	0.001020214136
122873	0.002336701764
122874	0.001284703547
122875	0.001017037418
122876	0.0007059504982
122877	0.00101382911
122878	0.002455800989
122879	0.000986391565
122880	0.0005406739323
122881	0.001348527783
122882	0.0007423257548
122883	0.001338220666
122884	0.0008859588915
122885	0.001924556801
122886	0.0009708696936
122887	0.0005512119233
122888	0.001836233266
122889	0.001340221292
122890	0.001497093624
122891	0.0005946542926
122892	0.001479764898
122893	0.001630616919
122894	0.005589682588
122895	0.001656469703
122896	0.000810031779
122897	0.001147641615
122898	0.0008140590049
122899	0.001202982473
122900	0.001190851799
122901	0.001280445181
122902	0.001058277973
122903	0.001455605834
122904	0.002132296581
122905	0.001437315804
122906	0.001113304065
122907	0.000884181801
122908	0.0009943027332
122909	0.001051818783
122910	0.001607271213
122911	0.00151089894
122912	0.0007391799024
122913	0.001345979388
122914	0.0009579495331
122915	0.001507458999
122916	0.001769455045
122917	0.001140390543
122918	0.001259528925
122919	0.0009394312113
122920	0.0003524830144
122921	0.001898881459
122922	0.001088552698
122923	0.001410863475
122924	0.001402251644
122925	0.00107812476
122926	0.000972380504
122927	0.0008989921351
122928	0.001518257212
122929	0.0009233898949
122930	0.001116787169
122931	0.001442369082
122932	0.001244131226
122933	0.0007634766998
122934	0.001271573763
122935	0.001036506288
122936	0.003377145569
122937	0.003398228923
122938	0.000939529032
122939	0.0002871933452
122940	0.0009993893594
122941	0.0003687253665
122942	0.0009878518312
122943	0.0006818547158
122944	0.001281509491
122945	0.0004603328293
122946	0.0008959751666
122947	0.0009665731672
122948	0.0001588566316
122949	0.001744959191
122950	0.0006468176726
122951	0.0004644725147
122952	0.0006615182099
122953	0.0008943931825
122954	4.907260971e-05
122955	0.0008052219033
122956	0.002540971518
122957	0.001286447135
122958	0.0001635710266
122959	0.001021431699
122960	0.000429007668
122961	1.589125009e-05
122962	0.000460754906
122963	0.0006828784111
122964	0.001260061535
122965	0.001412939954
122966	0.001780031564
122967	0.001122933126
122968	0.001749814879
122969	0.001455326436
122970	0.0008780686043
122971	0.001232476272
122972	0.001636306445
122973	0.001081280583
122974	0.001413996982
122975	0.001142208035
122976	0.004187470264
122977	0.001690950572
122978	0.0003804339908
122979	0.001654111484
122980	0.001722521229
122981	0.001741239806
122982	0.001502440739
122983	0.001362098313
122984	0.001447776346
122985	0.001164720228
122986	0.001212669032
122987	0.001359708655
122988	0.00224483629
122989	0.001620568209
122990	0.0009348369715
122991	0.0005030141899
122992	0.001606560694
122993	0.001266225717
122994	0.001304474352
122995	0.0007409516237
122996	0.001262469161
122997	0.0005591697418
122998	0.001024301423
122999	0.001133590971
123000	0.001540424425
123001	0.00203415652
123002	0.001206480262
123003	0.0007879372191
123004	0.001188230506
123005	0.001195561882
123006	0.000580643447
123007	0.001986908828
123008	0.001197910371
123009	0.001234236894
123010	0.001457488912
123011	0.001470557475
123012	0.001249828301
123013	0.00125275137
123014	0.0009733146024
123015	0.0008429362347
123016	0.001112253689
123017	0.00216755841
123018	0.001556461566
123019	0.0008335243431
123020	0.001967567381
123021	0.001445570215
123022	8.685232977e-05
123023	0.0009888418558
123024	0.0008896669126
123025	0.001130117656
123026	0.001239632676
123027	0.0006550090756
123028	0.0009417610722
123029	0.0009995742023
123030	0.0006331141812
123031	0.0008317926336
123032	0.0006714220906
123033	0.000630216371
123034	0.0006850360693
123035	0.003443570089
123036	0.001200968262
123037	0.001045986607
123038	0.002151767264
123039	0.000361630409
123040	0.000880687092
123041	0.001661542912
123042	0.0001915675906
123043	0.001074295664
123044	0.003605010306
123045	0.0003100960685
123046	0.002493831704
123047	0.001288904732
123048	0.001315614424
123049	0.002281212724
123050	0.0002973557523
123051	0.004014620164
123052	0.0001049621591
123053	0.0002244415112
123054	0.001358647467
123055	0.002217326837
123056	0.002739268458
123057	0.003880648392
123058	0.001320253055
123059	0.0001237076183
123060	0.007793410369
123061	0.001054008283
123062	0.001237461967
123063	0.002325333853
123064	1.318073157e-07
123065	0.00175039419
123066	0.0002929404527
123067	0.00378340387
123068	0.0005310029026
123069	5.682624626e-05
123070	0.002452019123
123071	0.001257161702
123072	0.001095667902
123073	0.002220325966
123074	0.00161538983
123075	0.002840099236
123076	0.001359152604
123077	0.005368869575
123078	0.00271923187
123079	0.0005269944296
123080	0.0005564841962
123081	0.00342118433
123082	0.001879291592
123083	0.001263386251
123084	0.00120297343
123085	3.99222214e-05
123086	0.005704584097
123087	0.001101194723
123088	0.001364721986
123089	0.0003087735409
123090	0.0009407026054
123091	0.001208123491
123092	0.002228807266
123093	0.001867741843
123094	0.001617101251
123095	0.0001751185615
123096	0.002429665797
123097	2.687460325e-05
123098	0.001245888381
123099	0.002589709792
123100	0.003366485241
123101	0.001114028744
123102	0.003810457241
123103	0.0006208309646
123104	0.003166192411
123105	0.0009769721778
123106	0.001716470228
123107	0.002695922306
123108	0.0008091185829
123109	0.000709171619
123110	0.005009146416
123111	0.000395762911
123112	0.004543464028
123113	0.001307642456
123114	0.005378839315
123115	0.003196306466
123116	0.004334305404
123117	0.003435447304
123118	0.0003618343723
123119	0.0003251866767
123120	0.002364754863
123121	0.004277981946
123122	0.001208219342
123123	0.001840207789
123124	0.0003843722257
123125	0.002187676151
123126	0.0001649026138
123127	0.0004853604155
123128	0.001562483806
123129	0.005097051963
123130	0.000695851342
123131	0.0002569107096
123132	0.004477327628
123133	0.0007578864183
123134	0.0004507679014
123135	0.0002677140356
123136	0.0006477639773
123137	0.002369865681
123138	0.00415077695
123139	0.002630859944
123140	0.000163934923
123141	0.002640111418
123142	0.0001190118467
123143	0.000159052197
123144	0.002594413112
123145	0.001125252922
123146	0.00155231685
123147	0.003243204453
123148	0.003081248989
123149	0.003763094405
123150	0.00167811343
123151	0.00334260217
123152	0.003134482822
123153	0.004950389899
123154	0.001208305184
123155	0.0005994386706
123156	0.001229990295
123157	0.001868379754
123158	0.000184129405
123159	0.001138857685
123160	0.003567853261
123161	0.003611455295
123162	0.003458786971
123163	0.004581019441
123164	0.00103144176
123165	0.005609688386
123166	0.00434609222
123167	0.00390875186
123168	0.000462652764
123169	0.00313045161
123170	0.00172563131
123171	0.002517889452
123172	0.004334974749
123173	0.003236282098
123174	0.001732247451
123175	0.0006769292759
123176	0.001983357255
123177	0.00573925721
123178	0.004269003348
123179	0.001761007863
123180	0.002024543467
123181	0.003427224805
123182	0.0006249322143
123183	0.0007384607154
123184	0.0004671020588
123185	0.003294825035
123186	0.002670327169
123187	0.004321456825
123188	0.0009822401158
123189	0.00154873521
123190	0.001191083279
123191	0.001725565223
123192	0.0004464423072
123193	0.0002751541732
123194	0.001477678117
123195	0.0001468080959
123196	0.001801316449
123197	0.002200006166
123198	0.002870307708
123199	0.008942373407
123200	4.564810779e-05
123201	0.0009060061157
123202	0.0008588136285
123203	0.00325907184
123204	0.002138218913
123205	0.0008526970379
123206	0.005165766702
123207	0.0002773318269
123208	0.004096105841
123209	0.004045694588
123210	0.0008884791244
123211	0.0004244747979
123212	0.003549660949
123213	0.005674275159
123214	0.001841288008
123215	0.003039748239
123216	0.003409436952
123217	0.003413314769
123218	0.002260465416
123219	0.0001958272053
123220	0.002080345033
123221	0.003355977039
123222	0.000284180366
123223	0.001605480741
123224	0.001953958765
123225	0.0003399605605
123226	0.003032831113
123227	0.001802190045
123228	0.003761610969
123229	0.00351874254
123230	0.001884920325
123231	0.000293233132
123232	0.001121913973
123233	0.004009783666
123234	0.001328228612
123235	0.00537792881
123236	0.003740979163
123237	0.000636276935
123238	0.001956428241
123239	0.0005016202209
123240	0.003060601473
123241	0.001643620152
123242	0.002451964727
123243	0.0003044346793
123244	4.577117372e-05
123245	0.004316834319
123246	0.0002264844226
123247	0.0007715932935
123248	0.004054741572
123249	0.001494710309
123250	0.0001453480771
123251	0.0008192882872
123252	0.005180480231
123253	0.0003117107065
123254	0.002381362258
123255	0.004039406829
123256	0.001650941284
123257	0.0005586591538
123258	0.007638337922
123259	0.002359389695
123260	0.008137206167
123261	0.002248918367
123262	0.005668538912
123263	0.001510427836
123264	0.002230231659
123265	0.0002459621195
123266	0.0003430121138
123267	0.001314192234
123268	0.002193737723
123269	0.001200126419
123270	0.001953888688
123271	0.000416707289
123272	0.00721911137
123273	0.0009115565522
123274	0.002503975225
123275	0.002964324554
123276	0.002592393821
123277	0.003524123819
123278	0.006318319501
123279	0.0009338687065
123280	0.001327903808
123281	0.0009047762923
123282	0.001350480518
123283	0.0008314457983
123284	0.006666781842
123285	0.003909637485
123286	0.0009698722266
123287	0.001557785488
123288	0.0009852339715
123289	0.002648752447
123290	0.002050942817
123291	0.0001761636815
123292	0.004235405141
123293	0.001478918803
123294	0.002284807568
123295	0.001934751241
123296	0.002821132785
123297	0.0009691495676
123298	0.0008588294464
123299	0.0006446440827
123300	0.001147123093
123301	0.002665921573
123302	0.003491951055
123303	0.00090800627
123304	0.001976303554
123305	0.003643064184
123306	0.002528261813
123307	0.002167031613
123308	0.001288688241
123309	0.0006593435343
123310	0.0004633404457
123311	0.001807042525
123312	0.004302414151
123313	0.002373602523
123314	0.001594292131
123315	0.0004905947627
123316	0.002114109481
123317	0.002050581102
123318	0.001213658712
123319	0.002544921802
123320	0.001927983813
123321	0.001763613731
123322	0.002065825317
123323	0.002354378034
123324	0.001224427071
123325	0.0006352011988
123326	0.001897852837
123327	0.0003671671062
123328	0.001683245153
123329	0.003509887504
123330	0.0007748580477
123331	0
123332	0.002524988589
123333	1.280331712e-05
123334	0.0005752539213
123335	0.0009933218772
123336	7.523305288e-05
123337	4.735214404e-05
123338	0.0007737920333
123339	0.0008550021026
123340	0.00218733152
123341	0.00278689349
123342	0.001940917449
123343	0.000291090985
123344	0.0005640192488
123345	0.01227674865
123346	0.002135211914
123347	0.0006100379628
123348	0.0001518005613
123349	0.002268856119
123350	0.0003373877418
123351	0.0006608185378
123352	0.005089100695
123353	4.783571072e-06
123354	3.130638665e-05
123355	0.005805580151
123356	0.0001478215276
123357	0.00181097799
123358	0.007826692701
123359	0.007793844249
123360	0.005112278158
123361	8.338673165e-05
123362	6.193582318e-05
123363	0.00132553688
123364	0.002926880959
123365	0.002564081706
123366	1.840567465e-06
123367	0.005483371635
123368	0.0009502667823
123369	0.002596001996
123370	0.00107076227
123371	0.00212981427
123372	0.001817176971
123373	0.001710639278
123374	0.001638029502
123375	0.003786296349
123376	0.0003560053971
123377	0.0002813297807
123378	0.001066760625
123379	0.003301739145
123380	0.001463304491
123381	0.003782222937
123382	0.0006726997517
123383	0.002482775449
123384	0.002253539315
123385	0.00347964041
123386	0.002175437337
123387	0.0008688767996
123388	0.0002364319752
123389	0.0002603177683
123390	0.003342662985
123391	0.002249907191
123392	0.0009427381369
123393	0.0002508366221
123394	4.579033961e-06
123395	0.0003776058346
123396	0.0009427176939
123397	0.002355414944
123398	0.001180341684
123399	0.001561174656
123400	0.003834382394
123401	0.002119449847
123402	0.0004272417981
123403	0.002678602782
123404	0.002258863094
123405	0.004995368352
123406	1.160683572e-05
123407	0.0009514574291
123408	0.002346722309
123409	0.0006364311626
123410	0.002175695967
123411	0.003707272576
123412	0.002316186084
123413	0.00103251079
123414	0.004003906295
123415	0.001452786862
123416	0.0001920904549
123417	0.0006626496857
123418	0.000923487027
123419	0.0006445590842
123420	0.0006819179574
123421	0.002563711675
123422	0.001124137607
123423	0.002188712658
123424	0.001808028257
123425	0.003342183295
123426	0.005018375624
123427	0.003155937855
123428	0.003087354807
123429	2.823856392e-05
123430	0.001023087799
123431	0.001677386015
123432	0.0009254038516
123433	0.0005238278526
123434	0.001682984498
123435	0.0002388434506
123436	0.002118967091
123437	0.001420681797
123438	0.004976904595
123439	0.004077622306
123440	0.001763454978
123441	0.0003573181248
123442	0.006292639468
123443	0.00101708143
123444	0.004903284071
123445	0.005927826461
123446	0.000635773172
123447	0.002001761236
123448	0.002035226356
123449	0.004677964246
123450	0.004272686914
123451	0.00451650589
123452	0.003937519291
123453	0.004445141668
123454	0.004677473912
123455	0.004066400068
123456	0.000692852549
123457	0.000793654886
123458	0.000803120634
123459	0.0007746029641
123460	0.0009750238401
123461	0.0002649486034
123462	0.0006862747965
123463	0.0007521996055
123464	0.0006484136827
123465	0.0008705758268
123466	0.0007603140363
123467	0.0008717192072
123468	0.000937317798
123469	0.001000915352
123470	0.0006544812497
123471	0.0008368310402
123472	0.001085092213
123473	0.0006622346655
123474	0.0006825057336
123475	0.0008219822274
123476	0.0006999660079
123477	0.0007584047365
123478	0.00114846841
123479	0.0007611787334
123480	0.0006548869567
123481	0.0006489793434
123482	0.0007771316719
123483	0.0007636044132
123484	0.0008301663141
123485	0.001728155595
123486	0.0009830556229
123487	0.0005381311887
123488	0.001100289416
123489	0.0007254928677
123490	0.0009461007313
123491	0.0008461378629
123492	0.0005151115169
123493	0.0007857678135
123494	7.713679467e-05
123495	0.0001296092196
123496	4.316802623e-05
123497	0.0001471956951
123498	0.0001345707554
123499	2.478074337e-05
123500	2.946374122e-05
123501	0.0001684216994
123502	8.409483748e-05
123503	0.0004371245639
123504	0.000111041933
123505	0.0006149761631
123506	0.0001094661608
123507	0.0001009095647
123508	0.0001124211729
123509	0.0002656520897
123510	0.0001271103692
123511	0.0001614012392
123512	0.0003007041296
123513	3.54299408e-05
123514	0.0001425316363
123515	0.0001004874232
123516	0.0001257899771
123517	7.757503043e-05
123518	0.0004326280459
123519	0.0004519516992
123520	8.506059697e-05
123521	9.649311675e-05
123522	9.250701429e-05
123523	0.000341487842
123524	0.0001805099874
123525	5.34335207e-05
123526	0.0003302022133
123527	0.0001369734418
123528	3.162074463e-05
123529	0.0002043557567
123530	0.003314232563
123531	0.00336297318
123532	0.003371064546
123533	0.003274783872
123534	0.003252153326
123535	0.002878265906
123536	0.003153771243
123537	0.002924856334
123538	0.002378059044
123539	0.002464600387
123540	0.002120495373
123541	0.002446830037
123542	0.003270663575
123543	0.00322068378
123544	0.00293567527
123545	0.001805478805
123546	0.002397926532
123547	0.002773633275
123548	0.002862286386
123549	0.002826037494
123550	0.003019035574
123551	0.003057659721
123552	0.003007437623
123553	0.003154573559
123554	0.003143140938
123555	0.002959254902
123556	0.002318505027
123557	0.003355162127
123558	0.00330841126
123559	0.003145560433
123560	0.003516371804
123561	0.002232639731
123562	0.004199575289
123563	0.002898132032
123564	0.00361313624
123565	0.003570350897
123566	0.003338759734
123567	0.00289746063
123568	0.002834858808
123569	0.002563556578
123570	0.003138495141
123571	0.004141248815
123572	0.002650531584
123573	0.002696052385
123574	0.0036347943
123575	0.002027285825
123576	0.003789544974
123577	0.001751762659
123578	0.0006412943339
123579	0.003781515635
123580	0.002023643375
123581	0.002819284528
123582	0.00349446476
123583	0.0001076339791
123584	0.0004421546344
123585	0.0001777591333
123586	0.0001600870905
123587	0.0003792115326
123588	0.0004557233217
123589	0.0001903553019
123590	0.0003641141326
123591	0.0004427018287
123592	2.382389845e-05
123593	0.0001129219068
123594	0.0003792317558
123595	4.3043771e-05
123596	0.0004259371996
123597	5.635968923e-05
123598	0.0004832503463
123599	8.221084031e-05
123600	0.0006568256102
123601	0.0002329855261
123602	0.0002471622566
123603	1.58746305e-05
123604	0.001826301669
123605	1.972872211e-05
123606	0.0003453518442
123607	8.570973699e-05
123608	0.0006982798218
123609	2.456611882e-05
123610	0.001432758742
123611	0.0002634541742
123612	1.798360162e-05
123613	0.0001677570909
123614	0.0004432729328
123615	5.9310239e-05
123616	0.0002417392394
123617	0.0003653954154
123618	0.0007972085599
123619	0.0004678730721
123620	0.0003124138201
123621	0.0003506722948
123622	9.333669471e-05
123623	0.0005181694056
123624	0.0003321611171
123625	0.0003041831935
123626	0.0001524529569
123627	0.000121321051
123628	0.0002508887703
123629	0.0001910000463
123630	0.000146324072
123631	0.0008199159176
123632	0.0002099164734
123633	0.0007255962925
123634	0.00025340077
123635	0.0001577369003
123636	0.0004288583934
123637	0.0002023161734
123638	0.0002544859491
123639	7.956823434e-05
123640	0.0004857735714
123641	9.03598497e-05
123642	0.0002634372081
123643	1.882410687e-05
123644	0.0006911623982
123645	6.145392889e-05
123646	9.55623478e-05
123647	0.0002454289405
123648	8.886145674e-05
123649	0.001311503076
123650	0.001688027605
123651	0.001787529644
123652	0.00215931949
123653	0.002617040912
123654	0.001739590506
123655	0.0007455806369
123656	2.644754115e-05
123657	0.0003403942745
123658	0.0003097824384
123659	0.003164548275
123660	0.001238968802
123661	0.0003371027985
123662	0.001881208869
123663	0.001238676326
123664	0.001358655925
123665	0.002047725269
123666	0.001846334414
123667	0.001835856731
123668	0.002166367635
123669	0.001071348537
123670	0.002083585499
123671	0.000905961304
123672	0.0009033864291
123673	0.0005366203803
123674	0.004514659902
123675	0.001620948589
123676	0.003694911587
123677	0.003233278027
123678	0.002947907879
123679	0.003307467564
123680	0.003999856828
123681	0.003833780143
123682	0.003796315026
123683	0.003980706719
123684	0.003737794127
123685	0.00303441981
123686	0.003854721511
123687	0.003849621587
123688	0.003609616624
123689	0.003932939924
123690	0.002433247314
123691	0.00400484247
123692	0.002104943783
123693	0.001014589339
123694	0.004291412296
123695	0.003455459357
123696	0.00322460737
123697	0.003564556524
123698	0.003084138235
123699	0.004875878395
123700	0.003031979322
123701	0.00403151379
123702	0.006465796058
123703	0.004438302791
123704	0.003571635408
123705	0.003438002843
123706	0.004491223624
123707	0.003906240134
123708	0.003891661537
123709	0.003769576996
123710	0.003642189483
123711	0.003873749709
123712	0.003844428425
123713	0.003712802859
123714	0.004094899454
123715	0.003352864916
123716	0.003822700068
123717	0.003243651782
123718	0.005026920919
123719	0.002160223169
123720	0.00419360938
123721	0.004226878805
123722	0.003780250463
123723	0.00374439855
123724	0.004166776261
123725	0.003940890711
123726	0.002421841834
123727	0.002349312189
123728	0.001701436132
123729	0.004416422762
123730	0.0007933923955
123731	0.002237907816
123732	0.002090297646
123733	0.002796184924
123734	0.005031430601
123735	0.001662243747
123736	0.0002370888744
123737	0.0003255876192
123738	0.0001693075861
123739	0.001023336336
123740	8.937133112e-06
123741	0.0004345662495
123742	0.000252218049
123743	0.0007109726558
123744	0.0002521243101
123745	0.0001189031913
123746	0.000476207038
123747	4.65568826e-05
123748	0.0003900943169
123749	0.0001723237001
123750	0.0004042113435
123751	0.000337532806
123752	0.0001008583515
123753	4.53941643e-05
123754	0.0003818819584
123755	0.0004554465041
123756	0.002440272192
123757	0.0008706600493
123758	0.0009998070103
123759	0.0008818982926
123760	0.001236018308
123761	0.0009251634585
123762	0.001103382908
123763	8.702210495e-05
123764	0.001752860619
123765	0.0002852600466
123766	0.0002377880838
123767	0.0005191787463
123768	0.001071919619
123769	0.0005582080864
123770	0.0007263243935
123771	0.0009281535974
123772	0.00132234889
123773	0.001007676692
123774	0.0003528549977
123775	0.000268772539
123776	0.001035042424
123777	0.001988618768
123778	0.0006991391158
123779	0.0006629914492
123780	0.001340956018
123781	8.33122795e-05
123782	0.0002946926412
123783	0.0001228731652
123784	0.0004524029069
123785	6.665583263e-06
123786	0.0003541215599
123787	0.0004110307543
123788	0.001734645538
123789	0.001773626524
123790	0.0005280705201
123791	0.0003181006837
123792	0.0006398566219
123793	0.0008042739161
123794	0.0001569125675
123795	0.002101457351
123796	0.001536065113
123797	0.000111255236
123798	0.0005684562916
123799	0.0006203590129
123800	0.0004250926707
123801	0.0004371643395
123802	0.0001892344826
123803	0.0005824803677
123804	0.000454543442
123805	0.0007207676262
123806	0.0001704528638
123807	7.279205591e-06
123808	0.0005426684659
123809	0.0007184378506
123810	0.0004245636363
123811	0.0007622944223
123812	0.000816422562
123813	0.001093197522
123814	0.0003918927307
123815	0.0005470415563
123816	0.0001936502869
123817	0.0001731818276
123818	0.001161062551
123819	0.00195120272
123820	0.0002181806084
123821	0.0002374507903
123822	0.0009289335342
123823	0.0003370141982
123824	0.0006788652793
123825	0.0008760058491
123826	0.0007775310923
123827	0.000505724665
123828	0.0002573239088
123829	3.51291418e-05
123830	8.285232715e-05
123831	0.0007532535111
123832	0.0009345025383
123833	0.001286444467
123834	0.001305533856
123835	0.0008498759379
123836	0.0007062572283
123837	0.0008106427684
123838	0.000230620492
123839	0.0008359947715
123840	0.0004003389859
123841	0.0002968147187
123842	5.141839704e-05
123843	0.0003893984437
123844	0.0004490429741
123845	0.0001791778609
123846	0.0004337985569
123847	0.0003798999568
123848	0.0004529836231
123849	0.001819614556
123850	4.831613631e-05
123851	0.001834631154
123852	0.0006188151678
123853	0.0004880343047
123854	0.001356867891
123855	0.0008052033598
123856	0.002382903884
123857	0.001994788675
123858	0.003377559983
123859	0.003734424544
123860	0.003339257117
123861	0.00268341835
123862	0.002064749165
123863	0.00258773907
123864	0.003120144772
123865	0.001922531963
123866	0.004035381158
123867	0.004165218475
123868	0.003480022488
123869	0.002074535664
123870	0.001585484677
123871	0.00648757682
123872	0.002790235269
123873	0.002561560433
123874	0.0007338886722
123875	0.001946949984
123876	0.001959264645
123877	5.22794441e-05
123878	0.001156749579
123879	0.0004154341591
123880	0.0001484007986
123881	0.004645278404
123882	0.001364409647
123883	0.0005498768971
123884	0.002171614357
123885	0.002150961803
123886	0.005520614426
123887	0.000348304015
123888	0.0004307615007
123889	0.002530053876
123890	0.001276664866
123891	0.000656190713
123892	0.003936280434
123893	0.00204994511
123894	0.001562513248
123895	0.001403370882
123896	0.001614005934
123897	0.00266333004
123898	0.002359200065
123899	0.003398047772
123900	0.001203300122
123901	0.001039112646
123902	0.00134441021
123903	0.000210299381
123904	0.002350890147
123905	0.0005287905559
123906	0.0004999933969
123907	0.0008801185399
123908	0.0005023538833
123909	0.0007929538688
123910	0.001268111775
123911	0.000563405972
123912	0.001096372735
123913	0.001533154085
123914	0.003996625439
123915	2.009921364e-05
123916	0.0006034030788
123917	0.0001718355818
123918	0.001117704845
123919	0.007030152037
123920	5.72639692e-05
123921	0.000278746707
123922	0.001428367632
123923	0.0006779540977
123924	0.0001047666843
123925	8.51101701e-05
123926	0.0007752894424
123927	0.002090138178
123928	0.001796108386
123929	0.001816619351
123930	0.0004476689177
123931	0.001476340634
123932	0.002872993601
123933	0.0001455472611
123934	0.001795673694
123935	0.0004916682249
123936	0.001798586338
123937	0.001346892383
123938	0.002172686241
123939	0.002613646997
123940	0.003635674261
123941	0.001941937492
123942	0.001841229018
123943	0.003283231311
123944	0.0008443515887
123945	0.001770010269
123946	0.0001546325704
123947	0.001615214314
123948	0.001586177464
123949	0.0001483027806
123950	0.005270391845
123951	0.006716037715
123952	0.004023971813
123953	0.001068927058
123954	9.507461987e-05
123955	0.0008030346737
123956	0.001045548387
123957	0.001971688023
123958	0.001303062536
123959	0.001463253926
123960	0.001242666499
123961	0.003191639936
123962	0.005546709242
123963	0.007273301744
123964	0.004767595722
123965	0.0001880936721
123966	0.002002746011
123967	7.145097489e-05
123968	0.00193458639
123969	0.002107991145
123970	0.001236435841
123971	0.0002124164514
123972	0.004375553526
123973	0.000954435385
123974	0.002182020972
123975	0.003302297343
123976	0.001028044084
123977	0.0004390001265
123978	0.0006990950544
123979	0.0003098640272
123980	0.0001211174153
123981	0.0004735028853
123982	0.002843163164
123983	0.0001357281588
123984	0.002166894293
123985	0.0006973975147
123986	0.00385186921
123987	0.0002921009137
123988	0.0004378002614
123989	0.0017071103
123990	0.001441080167
123991	0.002266931285
123992	0.003344676635
123993	0.002684846291
123994	0.001749453726
123995	0.001492711932
123996	0.004250317072
123997	0.002106584653
123998	0.003388008299
123999	0.00267663852
124000	0.001901680802
124001	0.000528356165
124002	0.00166072021
124003	0.003796097004
124004	0.003892506554
124005	0.002459218174
124006	0.0004290483289
124007	8.107489563e-05
124008	0.002873529641
124009	0.0003730407572
124010	0.0004151669462
124011	0.0007549935449
124012	0.001345400159
124013	0.0004784057661
124014	0.002504864779
124015	0.005756110896
124016	0.002056960039
124017	0.0002387267986
124018	0.005488524719
124019	0.0006174738272
124020	0.002153749067
124021	0.003440372134
124022	0.003077390777
124023	0.006525221136
124024	0.0001570721329
124025	0.00495887014
124026	0.003171304347
124027	0.0002127237259
124028	0.00309236712
124029	0.0009702712574
124030	0.000521764682
124031	2.668052364e-05
124032	0.0001870751302
124033	0.0001075787237
124034	0.001809017239
124035	0.001793499996
124036	0.001711354674
124037	0.002962503462
124038	0.0001240914704
124039	0.002271373992
124040	0.0002764281729
124041	0.002741166932
124042	0.0006084881436
124043	0.0005356219986
124044	0.000135533046
124045	0.001063127982
124046	0.004059099721
124047	0.0008629540533
124048	0.002649745599
124049	0.003531948158
124050	0.002431111238
124051	0.001285483384
124052	0.0009134601729
124053	0.0004144145832
124054	0.0008906958663
124055	0.004267639824
124056	0.001162713867
124057	0.001910721218
124058	0.001268439372
124059	0.001473571231
124060	0.003141742087
124061	0.001591501172
124062	0.002182627988
124063	0.003979971278
124064	0.0006401709212
124065	0.003911001811
124066	0.0001228058655
124067	0.003490172863
124068	0.001075344478
124069	0.002804021225
124070	0.004349791068
124071	0.005630273931
124072	0.003391286888
124073	0.0004911233501
124074	0.002829946044
124075	0.003205671389
124076	0.005625921717
124077	0.001953921831
124078	0.0006900128191
124079	0.00122719082
124080	0.0001668585734
124081	0.00132034917
124082	0.0009397422851
124083	0.0004593067561
124084	0.0003987295407
124085	0.00331759023
124086	0.002199952289
124087	0.001840434458
124088	0.002200005503
124089	0.0006417343592
124090	0.001754564128
124091	0.0002865308697
124092	0.00299944453
124093	0.000629653399
124094	0.0006650187112
124095	0.003078930876
124096	2.465357731e-05
124097	0.001762972543
124098	0.0003151532102
124099	0.000862072935
124100	0.0001261350099
124101	0.0004680888006
124102	0.004982964684
124103	0.0002687594636
124104	0.003207214658
124105	0.001757138549
124106	0.001441252131
124107	0.002008911478
124108	0.001298384771
124109	0.001309457839
124110	0.004903807439
124111	0.0008933220503
124112	6.615469596e-05
124113	0.0001007584812
124114	0.001676675761
124115	0.003536103054
124116	0.001644516954
124117	0.002993371153
124118	0.0003896562768
124119	0.003194318939
124120	0.002531089119
124121	0.001067870675
124122	0.0004907869604
124123	5.762514009e-05
124124	0.0001402871257
124125	0.001325252709
124126	3.756581383e-05
124127	0.0004562178165
124128	0.0007136471544
124129	0.0005273744825
124130	0.0006715152087
124131	0.000961212797
124132	0.002059529571
124133	0.0008301449792
124134	0.0003046847025
124135	0.002386498205
124136	0.001210064851
124137	0.002070545991
124138	0.0009843142851
124139	0.002439715292
124140	0.001825433392
124141	0.0003161275108
124142	8.626314663e-05
124143	0.001475291384
124144	0.0004895439602
124145	0.002256707316
124146	0.003321270248
124147	0.003558292664
124148	0.003330448625
124149	0.001426925486
124150	0.0006260530278
124151	0.001182848499
124152	0.001740730733
124153	0.004839481768
124154	0.0006903846488
124155	0.003096623421
124156	0.000325675625
124157	0.0005554242748
124158	7.056342964e-05
124159	0.0007575746116
124160	7.374551059e-07
124161	0.004653397848
124162	0.001495573826
124163	0.001228337483
124164	0.0003419328471
124165	0.001413783674
124166	0.005107821236
124167	0.002020386925
124168	0.00219849836
124169	0.003706030492
124170	0.0005889836098
124171	0.002645567831
124172	0.001695490653
124173	0.001394641366
124174	0.00146057894
124175	0.002188011302
124176	0.001250523334
124177	0.003141237021
124178	0.001504901276
124179	0.0004311917673
124180	0.0001652544658
124181	0.002315443295
124182	0.002273847067
124183	5.685761335e-05
124184	0.0007635255948
124185	0.005868563193
124186	0.001276429586
124187	0.001854321462
124188	0.001628670356
124189	0.001113072508
124190	0.0008489070082
124191	0.0005897415031
124192	0.004406183206
124193	0.001802686251
124194	0.00110089304
124195	0.002320248931
124196	0.0009446298169
124197	0.0003967040792
124198	0.001416847542
124199	0.001923171092
124200	0.0024478785
124201	0.001764133563
124202	0.0001259941096
124203	0.002276142639
124204	0.003170918075
124205	0.001928002815
124206	0.0002276044682
124207	0.00184326193
124208	0.002629228894
124209	0.002693780694
124210	0.0005963787655
124211	0.002516669562
124212	0.001901241767
124213	0.00263638923
124214	0.001880433128
124215	0.002219702283
124216	0.0028259485
124217	0.001555942025
124218	0.003285912915
124219	0.001269350321
124220	0.003772341483
124221	8.786744143e-05
124222	0.0001755594789
124223	0.001235143094
124224	0.0004392135387
124225	0.003770624392
124226	0.000495499489
124227	0.0001302756221
124228	0.001391920627
124229	0.002483623651
124230	0.0008153214377
124231	6.233513609e-05
124232	6.076602897e-05
124233	0.0003579840345
124234	0.002817796973
124235	0.0009646708638
124236	0.001516545099
124237	0.0003818696719
124238	0.00539212187
124239	0.001900864088
124240	0.00172172974
124241	0.0004888093295
124242	0.001637209333
124243	0.001590560091
124244	0.001559261947
124245	0.002579929675
124246	0.0001033593397
124247	0.0006291847923
124248	0.001191295232
124249	0.003328443082
124250	7.87328747e-06
124251	0.0003834483263
124252	0.0007539783634
124253	0.003530957941
124254	0.002121382888
124255	0.001129933408
124256	0.001743314388
124257	0.0001253888635
124258	0.001287580967
124259	0.001948367365
124260	0.002580627146
124261	0.0008412499479
124262	8.156223022e-06
124263	0.000844743532
124264	0.006524596508
124265	0.001581599019
124266	0.002209136822
124267	0.0001895384869
124268	0.001183141734
124269	0.001984654585
124270	0.002077474044
124271	0.0007876964315
124272	0.001187768388
124273	0.001952150771
124274	0.002255115527
124275	0.0005841829251
124276	0.000234409582
124277	0.001818676018
124278	0.003843411554
124279	0.0004309277592
124280	0.005987958376
124281	0.004128542051
124282	0.001423938392
124283	0.001367275271
124284	0.0005197131796
124285	0.004242652811
124286	0.002351338669
124287	0.0003572212441
124288	0.00142039305
124289	0.001565116434
124290	0.0006504919445
124291	0.002891121984
124292	0.0004641775418
124293	0.001683781417
124294	0.006250950416
124295	0.0002230837046
124296	0.001271773236
124297	0.0003770415136
124298	0.00141374318
124299	0.001849948817
124300	0.0008665616696
124301	0.001035664001
124302	0.004097307839
124303	0.003501793905
124304	0.002370773041
124305	0.0005524641814
124306	0.0008215543005
124307	0.0004241428719
124308	0.0001468715913
124309	0.0003465410175
124310	0.002875092462
124311	0.004605078105
124312	0.001001030614
124313	0.00159023606
124314	0.0009480229119
124315	0.006418749712
124316	0.002095503252
124317	0.003815151775
124318	0.001244748458
124319	0.003215031257
124320	0.00139959598
124321	0.003915686914
124322	0.001366667881
124323	0.002357188385
124324	0.0001788874656
124325	0.001785974442
124326	0.0008183521843
124327	0.003171343021
124328	0.001450840154
124329	0.003902069312
124330	0.0007126877437
124331	0.002907880043
124332	0.001838789883
124333	0.001863919193
124334	0.001627442338
124335	0.0006022653173
124336	0.002105966423
124337	0.00057734033
124338	0.006512642174
124339	0.002906458612
124340	0.007238221326
124341	0.008029838908
124342	0.003249996443
124343	0.004286774887
124344	0.003662416884
124345	0.007475067953
124346	0.001758843966
124347	0.0006310822768
124348	0.003140071732
124349	0.005375756059
124350	0.001850638683
124351	0.001287183175
124352	0.002838246146
124353	0.002161972636
124354	0.002670174636
124355	0.003129608482
124356	0.005609329315
124357	0.0006709617341
124358	0.000124942187
124359	0.00162553538
124360	0.002260575298
124361	3.298594997e-06
124362	0.0006156150706
124363	0.006237883754
124364	0.0006012269672
124365	0.003432736732
124366	0.004813759073
124367	0.003292652632
124368	0.005905968647
124369	0.0002733877904
124370	0.003613713351
124371	0.0002669627426
124372	0.004078282954
124373	0.0005624926591
124374	0.001255186744
124375	0.003068823298
124376	0.001405019534
124377	0.0003661277234
124378	0.004472921547
124379	0.0003126129385
124380	0.004419309309
124381	0.001056550724
124382	0.003965297363
124383	0.004771049509
124384	0.002047031725
124385	0.00362882838
124386	0.001315559535
124387	0.004868109041
124388	0.0007985786324
124389	0.002495252102
124390	0.0041695718
124391	0.003991220512
124392	0.001445324735
124393	0.002659059124
124394	0.0005663238755
124395	0.003172130471
124396	0.00372635881
124397	0.0006024432568
124398	0.003268964586
124399	0.007507806352
124400	0.0007302621523
124401	0.001443863577
124402	0.00298441364
124403	0.0003142170911
124404	9.626416426e-05
124405	0.001385989011
124406	0.0004242662295
124407	0.003523632973
124408	0.0008506875171
124409	0.006581569599
124410	0.002144833733
124411	0.004017760029
124412	0.0009564897074
124413	0.001806719532
124414	0.002628284556
124415	0.001052831328
124416	0.001976480572
124417	0.00150759841
124418	0.00659462708
124419	5.796258609e-05
124420	0.0001436121704
124421	0.004560907612
124422	0.001325597824
124423	0.001085970706
124424	0.00101334987
124425	0.001551850202
124426	0.00021554627
124427	0.0007808319281
124428	0.00305784129
124429	0.003560700753
124430	0.003052601365
124431	0.0005178058389
124432	0.003961679145
124433	0.0007921806423
124434	4.235196252e-05
124435	0.00266312084
124436	0.003891923052
124437	0.002246082731
124438	0.0006000223297
124439	0.003866498635
124440	0.001683136895
124441	0.0003357929852
124442	0.002794950026
124443	0.002312636109
124444	0.001433562941
124445	0.003441800252
124446	0.0005379584082
124447	0.004398865326
124448	0.002048152702
124449	0.001386111833
124450	0.0004426724763
124451	0.002779141525
124452	1.705581207e-08
124453	0.003566891287
124454	3.478853588e-05
124455	0.0001518222394
124456	0.001869696707
124457	0.002825807488
124458	0.0002998109587
124459	0.005904497395
124460	0.007239660526
124461	5.616667938e-05
124462	0.0002606056885
124463	0.001548344103
124464	0.003024166132
124465	0.002155509667
124466	0.002669815955
124467	0.002748085242
124468	0.000452401096
124469	0.000192323474
124470	0.0001644080133
124471	0.002178751491
124472	8.386155995e-05
124473	0.002951707914
124474	0.003740359461
124475	0.003342016149
124476	0.0004497030835
124477	0.0009443741314
124478	0.0009085430375
124479	0.0003640619556
124480	0.0007926632133
124481	0.0002259932467
124482	0.002342420552
124483	0.001097638905
124484	0.004089510696
124485	0.002013088676
124486	0.0003898177274
124487	0.0006428338174
124488	0.0007200389738
124489	0.004879563214
124490	0.0100024118
124491	0.005183777801
124492	0.0003922599876
124493	0.0009109396362
124494	0.00420664952
124495	0.001786898203
124496	0.00351176771
124497	0.007187299161
124498	0.0003268574572
124499	0.002537112912
124500	9.960234467e-05
124501	0.001852003528
124502	0.003064269187
124503	0.0004106241811
124504	0.0004869877391
124505	0.002874326799
124506	0.000133028365
124507	0.001991442736
124508	0.002802452962
124509	0.0003373455622
124510	0.0009659873158
124511	0.0006593147348
124512	7.085849446e-06
124513	0.0005392715521
124514	0.005997320565
124515	0.002321632993
124516	0.003353763496
124517	0.0006683702941
124518	9.951045261e-05
124519	0.002164384137
124520	0.0006732175382
124521	0.003310833617
124522	0.006062786525
124523	0.001920914571
124524	0.0006671402108
124525	0.0002649068176
124526	0.00123992011
124527	0.001989183192
124528	0.005401732292
124529	0.002656142136
124530	0.003028183874
124531	0.0009321068248
124532	0.0009268962492
124533	0.003231469853
124534	0.0006032730801
124535	0.005482864701
124536	0.005011323653
124537	0.001707681342
124538	0.002105119529
124539	0.0003932253725
124540	0.001639665122
124541	0.002275514491
124542	0.002686848986
124543	0.0009756192682
124544	0.002169708249
124545	0.002681618223
124546	0.0004855968706
124547	0.001883252066
124548	0.0002919014093
124549	0.0006332933181
124550	0.0004773450864
124551	0.0003744865521
124552	0.0005329752528
124553	0.004412764864
124554	0.000849805484
124555	0.002915550971
124556	0.002365073867
124557	0.0005650053876
124558	0.0004397203748
124559	0.00096911558
124560	0.001943849137
124561	0.002354023787
124562	0.0003832087033
124563	0.002071134964
124564	0.001081794593
124565	0.0008139025707
124566	0.001030292388
124567	0.001538161607
124568	0.004675497538
124569	0.0002366793477
124570	0.001838608935
124571	0.001609991127
124572	0.0001201614078
124573	0.003208322934
124574	0.0002648290399
124575	0.003177948748
124576	0.0001882009629
124577	0.0004114696477
124578	0.002103316339
124579	0.003438776954
124580	0.009333086006
124581	0.003059173249
124582	0.001596488111
124583	0.001015542717
124584	0.004781006214
124585	0.001676636761
124586	0.0004747686275
124587	0.0001042887012
124588	0.002471431109
124589	0.002733775715
124590	0.001188839333
124591	0.002902689912
124592	0.0007539757552
124593	0.003401221494
124594	0.004079512639
124595	0.002666798575
124596	0.001433658356
124597	0.001679386248
124598	0.001403933721
124599	0.0001798202557
124600	0.0001403945163
124601	0.002434831785
124602	0.00285536747
124603	0.004218882155
124604	0.0002520606546
124605	0.0007608203678
124606	0.001217940798
124607	0.0002019773403
124608	0.000881302194
124609	0.0006041612088
124610	0.0007182033501
124611	0.0005610030455
124612	6.551184561e-05
124613	0.0005175915249
124614	0.0009968573045
124615	0.001093844915
124616	0.0004216602159
124617	0.0001987264729
124618	0.0003463197869
124619	0.0007001259954
124620	0.0005886220052
124621	0.000236508372
124622	0.001136635491
124623	0.0001737449007
124624	0.0003605504191
124625	0.0006005103269
124626	0.001915928924
124627	0.001117587774
124628	0.0001526923788
124629	9.035645968e-05
124630	0.001586315249
124631	0.002520352173
124632	0.0008674831474
124633	0.004327137825
124634	0.006872687755
124635	0.0007176216577
124636	0.002854143686
124637	0.008483582556
124638	0.00319718332
124639	0.002072971178
124640	5.887680399e-05
124641	0.001109485883
124642	0.001112467457
124643	0.00262436119
124644	0.002364123562
124645	0.001865537526
124646	0.0008482395589
124647	0.00798723947
124648	0.001831042325
124649	0.001274198794
124650	0.002840369577
124651	7.739074927e-06
124652	0.004685853313
124653	0.005447802822
124654	0.001216876235
124655	0.00608857835
124656	0.001903419082
124657	0.00349023782
124658	0.0005928862296
124659	0.002608889016
124660	0.002202044163
124661	0.002119681645
124662	0.003933712738
124663	0.003134212642
124664	0.00557013481
124665	0.002951516485
124666	8.610660619e-05
124667	6.715678349e-05
124668	0.003582011757
124669	0.001451466037
124670	0.0003661606824
124671	0.0008855399664
124672	0.0001006359474
124673	0.004458563432
124674	0.0005699003293
124675	0.001846859486
124676	0.002681038889
124677	0.001245624117
124678	0.00205714756
124679	0.002643400458
124680	0.0002523725775
124681	0.001430693979
124682	0.004426690744
124683	0.001461294375
124684	0.004356129811
124685	0.0001218563192
124686	0.002555592419
124687	0.0004856847111
124688	0.003940723345
124689	0.0002983880576
124690	0.003538007497
124691	0.005368814779
124692	0.0005672290251
124693	6.340362626e-05
124694	0.0002854820133
124695	0.0001134843167
124696	0.001404426601
124697	0.002497451095
124698	0.0008963899617
124699	0.002156784406
124700	0.003250438765
124701	0.0002976102304
124702	0.0001150560662
124703	0.002069510973
124704	0.001240671971
124705	0.0001732522459
124706	0.007184931443
124707	8.478240272e-05
124708	0.00207453878
124709	0.003121299738
124710	0.001567490585
124711	0.001791917784
124712	0.002343477236
124713	0.000875223766
124714	0.002443335577
124715	0.003500505203
124716	0.001010843262
124717	4.993509353e-06
124718	0.0005490391538
124719	0.001009334035
124720	0.002794607822
124721	0.0002728676314
124722	0.001015236921
124723	0.001224400537
124724	0.001887404996
124725	0.002333391718
124726	0.002216591269
124727	0.001302669579
124728	0.000329132576
124729	0.001538458909
124730	0.0001324638993
124731	0.002853439532
124732	0.0001498462347
124733	0.004392846283
124734	0.001852610993
124735	0.00160126338
124736	0.001209459546
124737	0.0003386630294
124738	0.007421957851
124739	0.00101066593
124740	0.002107186446
124741	0.001214565375
124742	0.00148362741
124743	0.004862024294
124744	0.002345726148
124745	0.0005294164897
124746	0.002879931736
124747	0.0009831670011
124748	0.005175801053
124749	0.00223278774
124750	0.002194815905
124751	0.003076057555
124752	0.0004233808403
124753	0.0003884559572
124754	0.00145526912
124755	0.004263508549
124756	0.001380048419
124757	0.0005875073979
124758	0.003090145672
124759	0.002626991244
124760	0.00319173728
124761	0.003869151655
124762	0.0008545093335
124763	0.0001902290489
124764	0.0005220420319
124765	0.004964832746
124766	0.001327032888
124767	0.00045662197
124768	0.0007679798966
124769	0.0002988942784
124770	4.730415288e-05
124771	0.0003248342977
124772	0.0001621084651
124773	5.483019002e-05
124774	0.0002071511575
124775	6.401943398e-05
124776	3.165474127e-05
124777	0.000434108147
124778	0.0002004492628
124779	0.0003862323894
124780	0.0002958301655
124781	0.0006117404225
124782	0.0002599824988
124783	9.211777441e-05
124784	0.0004627789898
124785	0.0003225308669
124786	0.0001005308002
124787	0.0004003064615
124788	0.0001617211167
124789	0.0001250948993
124790	0.0001192305697
124791	9.776529053e-05
124792	0.0005094522344
124793	0.0003443048683
124794	0.0003389546671
124795	0.0006914380247
124796	0.0003148835806
124797	0.0005423360638
124798	0.000661416618
124799	0.0006489916198
124800	0.0003790205909
124801	0.0003917364109
124802	4.914354548e-05
124803	0.0003157572484
124804	0.005168298357
124805	0.001383057282
124806	0.0001210612458
124807	0.001551647538
124808	0.005033364385
124809	0.0008704354071
124810	0.001388900702
124811	0.002862794142
124812	0.0003947602849
124813	0.0001362440925
124814	0.001695928133
124815	0.0006652462705
124816	0.0007774152196
124817	0.004244076058
124818	0.0003603114132
124819	0.000290798136
124820	0.001007555556
124821	1.006932874e-05
124822	1.263071382e-05
124823	0.003651701042
124824	0.0009448745998
124825	0.0004424179438
124826	0.001025919629
124827	0.0006295267452
124828	0.001111665057
124829	0.001719782631
124830	0.001307998885
124831	0.0006432179955
124832	0.001887514568
124833	0.0003158327456
124834	0.001952638143
124835	0.0005379776635
124836	0.001041287902
124837	0.0009976279727
124838	0.001960885711
124839	0.004648297201
124840	0.0006299782328
124841	0.0001984774749
124842	0.002614972215
124843	0.001126678407
124844	9.043041059e-05
124845	0.002701376776
124846	0.0003319286474
124847	0.006694246385
124848	0.002199009177
124849	0.00217259324
124850	0.0004703880558
124851	0.002953066482
124852	0.005326963731
124853	0.001784424151
124854	0.0007302299755
124855	0.0005866660869
124856	9.171342061e-05
124857	0.001495260267
124858	0.004374878319
124859	0.002150056747
124860	0.001477217033
124861	0.002032141005
124862	0.0008874574207
124863	0.004403115614
124864	0.0003981704677
124865	0.00493296009
124866	0.0008191130038
124867	0.0005840078064
124868	0.001029788926
124869	0.003247645103
124870	0.002083939696
124871	0.004948602288
124872	0.0009264599916
124873	0.00156937947
124874	0.004955304149
124875	0.001450897619
124876	0.002073070994
124877	0.001334238056
124878	0.001363861068
124879	0.0008652156026
124880	0.001133923104
124881	0.000901870998
124882	0.0002700962971
124883	5.252180023e-05
124884	0.001234540757
124885	0.0009926132779
124886	0.004347210238
124887	0.0009562620089
124888	1.271188821e-05
124889	0.00101468499
124890	0.002289517652
124891	0.00159639785
124892	0.003686195274
124893	0.001004052051
124894	0.000132781733
124895	0.0008394169122
124896	0.0005453797111
124897	0.001652777503
124898	0.002472179731
124899	0.00146651034
124900	0.0002123824381
124901	0.0006422419443
124902	0.001294228293
124903	0.006903593746
124904	0.006364780598
124905	0.001182299306
124906	0.0009449349342
124907	0.004232745398
124908	0.00209197723
124909	0.0001081157893
124910	0.001415432618
124911	0.001654635056
124912	0.0009763263915
124913	0.001963201302
124914	0.000484820801
124915	0.0004415227598
124916	0.003981595379
124917	0.0007953468041
124918	0.00198539827
124919	0.001837663893
124920	0.001611942298
124921	1.54153662e-05
124922	0.002374580054
124923	0.0009746251693
124924	0.002287564084
124925	0.0005576172178
124926	0.002094600815
124927	0.004114264784
124928	0.004271924536
124929	0.001379371298
124930	0.001501840896
124931	0.003252559328
124932	0.0003223470986
124933	0.002209849218
124934	0.0001764244394
124935	0.00277605954
124936	0.0006709236936
124937	2.666763959e-05
124938	0.0003451162416
124939	0.00554527797
124940	0.001460523239
124941	0.002857725207
124942	0.00507162838
124943	6.536243028e-05
124944	0.001053881842
124945	0.004526417775
124946	0.0009789299372
124947	0.0009611715039
124948	0.006473107903
124949	0.003660736317
124950	0.000634591374
124951	0.005327139064
124952	0.00240380968
124953	0.0004735411827
124954	0.004764976704
124955	0.0002874038339
124956	0.002493928429
124957	0.0002294170305
124958	0.001571383417
124959	0.003980162395
124960	0.004704072263
124961	0.005268996649
124962	0.0002365077027
124963	0.0009777660898
124964	0.001452199908
124965	0.0009003969072
124966	0.0007615421565
124967	0.0007285435604
124968	0.001210873713
124969	0.0008026623334
124970	0.001659918289
124971	0.003945730743
124972	0.001239822447
124973	0.0005160680267
124974	0.0005129472925
124975	0.002359166905
124976	0.0006456513892
124977	0.0006632604633
124978	5.575320317e-05
124979	0.002485058388
124980	0.001623832935
124981	0.003951878373
124982	0.003035523974
124983	0.0007774324628
124984	0.005129026227
124985	0.00202330813
124986	0.002449257463
124987	0.003304077376
124988	8.534118709e-07
124989	0.0008249926574
124990	0.00934698243
124991	0.003149895275
124992	0.001796290143
124993	0.0001889647536
124994	0.0026655981
124995	0.001019073124
124996	0.005586568979
124997	0.002721187456
124998	0.0001764785861
124999	0.001759271227
125000	0.0008788948722
125001	0.002555275766
125002	0.0008011213355
125003	0.0005944879089
125004	0.0003923655976
125005	0.002506313607
125006	0.003675043862
125007	0.003207372407
125008	0.00143856777
125009	0.0009080146705
125010	0.001238625908
125011	0.002649772498
125012	0.0009212681321
125013	0.00298497326
125014	0.0006681247905
125015	0.001755053266
125016	0.0002695095739
125017	0.0008997015896
125018	0.004556055021
125019	0.005505129156
125020	0.004262239533
125021	0.001756773125
125022	0.001364215773
125023	0.005099634386
125024	0.0005749705565
125025	0.004934614075
125026	0.0002544664051
125027	0.000523624569
125028	0.003052970739
125029	0.002307384579
125030	0.001224312772
125031	0.003842609557
125032	0.0008297723734
125033	3.490157682e-05
125034	0.00438390692
125035	0.0004012128101
125036	0.0004565623139
125037	0.001283486901
125038	0.004246993466
125039	0.002817575066
125040	0.001383461472
125041	0.0002311532201
125042	0.001422846378
125043	0.002146764705
125044	0.005915469452
125045	0.002546880535
125046	0.002612393356
125047	0.004459553106
125048	0.005220686673
125049	0.0002380813895
125050	0.0005902419911
125051	0.0005954217395
125052	0.003471214112
125053	0.0004712274901
125054	0.002028103728
125055	0.00165259064
125056	0.006187188738
125057	0.001273890489
125058	0.0004157037575
125059	0.0005620146773
125060	0.00175439746
125061	0.004122767467
125062	0.002592443166
125063	0.002025443561
125064	0.0008847090883
125065	0.001180058462
125066	0.001255611044
125067	0.0007368570025
125068	0.0001803004412
125069	6.447504923e-05
125070	0.0009304648073
125071	0.000901743076
125072	6.490499305e-05
125073	0.001793624324
125074	0.003246367446
125075	0.002935052228
125076	0.004335229572
125077	0.0006351723815
125078	0.00239579414
125079	0.001974451866
125080	0.001432420898
125081	0.001925730293
125082	0.000588800426
125083	0.00362291495
125084	0.0006343541591
125085	0.0009733340191
125086	0.001805845652
125087	0.0007562488106
125088	0.001471240067
125089	0.0004823437714
125090	0.001031328842
125091	0.00272445279
125092	0.002689850179
125093	0.003074229906
125094	0.001551652189
125095	0.003129930072
125096	0.001063883942
125097	0.004323396309
125098	0.002792107175
125099	5.353823107e-06
125100	0.004415968512
125101	0.0009553073216
125102	0.0009028396896
125103	0.001570870107
125104	0.003625259233
125105	0.005754344029
125106	0.003800620875
125107	0.001214002024
125108	0.001282677812
125109	0.001549054043
125110	0.0003098361645
125111	0.0008125130953
125112	0.001088438489
125113	0.0006221600741
125114	0.00060092549
125115	0.0004597640703
125116	0.0007817920135
125117	0.003529482096
125118	0.003625269475
125119	0.001321880139
125120	0.001871010416
125121	0.001404244323
125122	0.002243473313
125123	0.002421350103
125124	0.003150318237
125125	0.0009807065961
125126	0.0001415968189
125127	0.0002573517618
125128	0.001948921753
125129	0.003571442518
125130	0.005486947313
125131	0.00131002413
125132	0.003092185405
125133	0.0006304761234
125134	0.002405255935
125135	0.0007787048783
125136	0.001665525536
125137	0.002656784121
125138	0.002808012233
125139	0.0001364635179
125140	0.002610986878
125141	0.0018038532
125142	0.002412786665
125143	0.0005557665964
125144	0.00262508504
125145	0.003777597741
125146	0.003254358898
125147	0.00361144941
125148	0.0008192646105
125149	0.001253650349
125150	0.0003135368828
125151	0.003536693358
125152	0.00372936907
125153	0.001745677142
125154	0.000161552445
125155	0.0002921709127
125156	0.0004316031127
125157	0.004665874796
125158	0.001429480617
125159	0.0009061214679
125160	0.0002932516713
125161	0.004093643777
125162	0.0004188682972
125163	0.0003237667262
125164	0.0004411022254
125165	6.955308219e-05
125166	0.0001567675214
125167	0.0001270188884
125168	0.0004969286748
125169	0.0009099962994
125170	0.004396057632
125171	0.000651497205
125172	0.0004936328727
125173	0.002869940322
125174	0.0006405446721
125175	0.0006190965885
125176	8.937685708e-05
125177	0.0008988254935
125178	7.068645641e-06
125179	5.403297205e-05
125180	8.02031372e-06
125181	9.466020897e-05
125182	0.0002221336957
125183	0.0005027652415
125184	3.225328875e-05
125185	0.001173111672
125186	0.0004862651178
125187	0.0004813718624
125188	0.0008570116282
125189	0.0002275194912
125190	3.626123503e-05
125191	4.144025838e-05
125192	0.0003186867158
125193	0.0001950887101
125194	0.0005418766317
125195	0.00084086745
125196	0.000302435274
125197	0.0009442022741
125198	3.459838451e-05
125199	0.000445565931
125200	0.0004268845397
125201	0.0001977975866
125202	0.002987554878
125203	0.001280249271
125204	0.001635339405
125205	0.0008275749678
125206	0.001509737833
125207	0.002300138629
125208	0.003615119188
125209	0.001332527078
125210	0.0003736791504
125211	0.003441522012
125212	0.001591115017
125213	0.001330382486
125214	0.003468708081
125215	0.002403129621
125216	0.002235092991
125217	0.0008933725898
125218	0.002610689613
125219	0.005721138376
125220	0.0009140642714
125221	0.0002920804588
125222	0.00314095863
125223	0.0007162911897
125224	0.001073678048
125225	5.704622902e-05
125226	0.002288512015
125227	0
125228	0.001877344471
125229	0.0002297538099
125230	0.0006622491163
125231	2.019427436e-06
125232	0.001680894674
125233	0.003391148627
125234	0.002719672994
125235	0.002843508626
125236	0.003374189903
125237	0.001010576597
125238	0.0006027438899
125239	0.003670432276
125240	0.004359015418
125241	0.005574015256
125242	0.001371598664
125243	0.001180980698
125244	0.002101102959
125245	0.003086471031
125246	0.002000298931
125247	0.003579328485
125248	0.002021100348
125249	0.006113733616
125250	0.002339350488
125251	0.003944783728
125252	0.004220898663
125253	0.002915559119
125254	0.003507662183
125255	0.003027646896
125256	0.001014755282
125257	0.0005500106902
125258	0.0008020173696
125259	0.00115275231
125260	0.003020729134
125261	0.004390452125
125262	0.004569176957
125263	0.0001459091482
125264	0.0003335037897
125265	0.001320832385
125266	0.001475966845
125267	0.003232481971
125268	0.005543770332
125269	0.0008512294687
125270	0.001215971751
125271	0.0006143480939
125272	0.0008779765853
125273	0.00349349722
125274	0.0005413320991
125275	0.004257734611
125276	0.00121823325
125277	0.000899942358
125278	3.998413321e-06
125279	0.004667769531
125280	0.0001012501013
125281	0.006083660105
125282	0.001107284223
125283	5.997354874e-05
125284	0.001650983326
125285	0.004030287871
125286	2.505156486e-05
125287	0.0001533821439
125288	0.001955646297
125289	0.0009910871129
125290	0.0004794985326
125291	0.003678438172
125292	5.445588291e-07
125293	0.003939126331
125294	0.004224451987
125295	0.003729864744
125296	0.001301286869
125297	0.001308159923
125298	7.522279e-05
125299	0.005158557747
125300	0.006847734163
125301	0.004671234885
125302	0.002540897155
125303	0.0004466844413
125304	3.765087508e-05
125305	0.00258576651
125306	0.001787141551
125307	0.001640772894
125308	6.973587242e-05
125309	0.0008088391831
125310	0.001853837421
125311	0.001123477387
125312	0.003241695742
125313	0.004648079377
125314	0.0001306811777
125315	0.0002138863721
125316	0.0003683640136
125317	0.000937070866
125318	0.003189499728
125319	0.001050093271
125320	0.001745793636
125321	0.001193939131
125322	0.001088947103
125323	0.0001013269627
125324	7.723556594e-05
125325	0.002862917423
125326	0.0002203422369
125327	0.003748502479
125328	0.00369224167
125329	0.001299820713
125330	1.857565731e-05
125331	0.003812986651
125332	3.611344336e-05
125333	0.002145504134
125334	0.001415302049
125335	0.0004314988243
125336	0.001028178133
125337	0.0005035763215
125338	0.0003068066859
125339	0.005433863647
125340	9.660724207e-05
125341	0.004196962633
125342	0.0008708521098
125343	0.002798147197
125344	0.0008636202002
125345	7.720278744e-05
125346	0.002327809268
125347	0.001995041505
125348	0.001058318221
125349	0.000126615466
125350	0.0001891894165
125351	0.0007993680737
125352	0.000380564286
125353	0.0008417115804
125354	0.0005831792543
125355	0.001421841487
125356	0.0008189397797
125357	0.003255153351
125358	0.001321244533
125359	0.003306149929
125360	0.001346334397
125361	0.002272535786
125362	0.003340565717
125363	0.001906074235
125364	0.001412136494
125365	2.71282165e-05
125366	0.002226450265
125367	9.284387992e-05
125368	0.0002701074053
125369	0.0001756338206
125370	0.004365980043
125371	0.0001094574898
125372	0.00165096545
125373	0.003073027324
125374	0.0004657249749
125375	0.002203296068
125376	0.001369987796
125377	0.002348152306
125378	0.001541554785
125379	0.0005868935993
125380	0.003685971782
125381	0.001592521837
125382	0.003963810235
125383	0.001603199785
125384	0.0009881192409
125385	0.002186495871
125386	0.002668237601
125387	0.0009822426413
125388	0.002313165945
125389	0.0003701549032
125390	0.004562878754
125391	8.838818021e-05
125392	0.0003068486174
125393	0.004207127666
125394	0.005712615323
125395	0.001779457442
125396	0.0005516798206
125397	0.002430937384
125398	0.004588613101
125399	0.000257418078
125400	0.00187134916
125401	0.002037719311
125402	0.000828252973
125403	2.225841956e-05
125404	0.0001922286435
125405	0.003429177916
125406	0.000677225714
125407	0.0004798218844
125408	0.002190776261
125409	0.002052126477
125410	0.0001892603902
125411	0.003749853785
125412	0.0009138118461
125413	0.0001834921878
125414	0.002081222769
125415	0.0005231765761
125416	0.001299889646
125417	0.004413813526
125418	9.97838368e-06
125419	0.005204359092
125420	0.002893151374
125421	0.001502112565
125422	0.0007031193114
125423	0.004910274451
125424	0.003407849989
125425	0.001702434017
125426	0.00166342993
125427	0.003134829284
125428	0.003366890113
125429	0.0003144829706
125430	0.0002843500902
125431	0.0009175727758
125432	0.001219273393
125433	0.003440580538
125434	0.001842198732
125435	0.001408899775
125436	0.004719592472
125437	0.005588301951
125438	0.0005920377446
125439	0.001876961683
125440	0.0009878222064
125441	0.0008749507
125442	0.001691864426
125443	0.001781724246
125444	0.003560837723
125445	7.464432381e-05
125446	0.005546570804
125447	0.0003098347904
125448	0.001626185599
125449	0.003615999672
125450	0.003477637535
125451	0.0005790505913
125452	0.001951354564
125453	0.003741790558
125454	0.0006654750592
125455	0.002525719692
125456	0.003945520614
125457	0.007541584405
125458	0.00160572266
125459	0.0001791734943
125460	0.0003494890462
125461	0.00216160207
125462	0.002125591153
125463	0.004019399102
125464	0.00176007695
125465	0.002064574132
125466	0.0003881555979
125467	0.0001327373436
125468	4.125561924e-05
125469	0.0002293309185
125470	0.0002311246587
125471	0.0004449255405
125472	0.000204550315
125473	1.935136822e-05
125474	0.0009982934969
125475	7.206944556e-05
125476	0.001333289091
125477	0.0003654956851
125478	8.086401924e-05
125479	2.435933611e-05
125480	0.0008023257966
125481	0.0008472716672
125482	8.626312324e-05
125483	0.0001464486055
125484	0.0003005364971
125485	7.467827149e-05
125486	9.649250976e-05
125487	0.002196203563
125488	0.0001975213963
125489	5.000527323e-06
125490	1.132856284e-05
125491	0.0001216835412
125492	4.329426937e-05
125493	5.936595334e-05
125494	0.0001719414101
125495	2.728794094e-05
125496	0.0001615078642
125497	3.906475713e-06
125498	2.17104164e-05
125499	6.149220318e-05
125500	6.699083876e-05
125501	5.947935978e-05
125502	3.92797183e-05
125503	1.813815708e-05
125504	5.78103115e-05
125505	0.0002083176939
125506	0.004369514049
125507	0.003033551245
125508	0.001158588668
125509	0.0008700167524
125510	0.005226985267
125511	8.792325579e-05
125512	0.0009131531097
125513	0.0001135431545
125514	0.001810888402
125515	0.004162409425
125516	0.0004727799118
125517	8.472763236e-05
125518	0.0003038114977
125519	0.000647907649
125520	0.001119396741
125521	7.511226153e-05
125522	0.0002041206822
125523	3.596143289e-05
125524	0.0006725341428
125525	0.0001655698037
125526	0.002600726277
125527	0.002837193215
125528	0.003928000401
125529	0.0004072188952
125530	0.002526097121
125531	0.003914316934
125532	0.001550964272
125533	0.002398794892
125534	0.0004442008746
125535	0.004192306009
125536	0.002576494328
125537	0.005478791642
125538	0.002802590379
125539	0.001847375259
125540	0.0001165328145
125541	0.001622728194
125542	0.001294822876
125543	0.001312498567
125544	0.001400389023
125545	0.002102783123
125546	0.002964357521
125547	0.0001512888198
125548	0.003966311324
125549	0.003505892851
125550	0.002951464169
125551	0.0005924385721
125552	0.0006540808803
125553	0.0004388010988
125554	0.003010259839
125555	0.000735406568
125556	0.000385191372
125557	0.0008242513154
125558	0.0003558016578
125559	5.91986862e-05
125560	0.001955282841
125561	0.0005683214408
125562	0.0001972976741
125563	0.0001751286663
125564	0.00125361742
125565	5.986802746e-05
125566	0.0001030604365
125567	0.0001021535917
125568	0.0002804590907
125569	0.0009541139584
125570	8.737700332e-05
125571	0.0003859842537
125572	0.0002991911616
125573	0.0002257764796
125574	0.0003326912645
125575	0.000301924566
125576	7.896054597e-05
125577	0.0005061530587
125578	0.004510613117
125579	0.001726525705
125580	0.0006103760887
125581	0.001673802647
125582	9.701133362e-05
125583	0.0005015422741
125584	0.001224548517
125585	0.003790574111
125586	0.0007272325286
125587	0.001582583085
125588	0.004644129076
125589	0.00120981168
125590	0.003107990664
125591	0.004520574588
125592	0.00157280269
125593	0.001479778343
125594	0.001620376793
125595	0.00205849366
125596	0.002091169421
125597	0.002632043215
125598	0.001279990608
125599	0.001888688211
125600	0.003856046602
125601	0.001795207526
125602	0.002215648401
125603	0.002917077404
125604	0.0009133206159
125605	0.0003274770695
125606	0.0008718374692
125607	0.001759333993
125608	0.0006027174327
125609	0.002471569191
125610	0.003439502649
125611	0.003660489634
125612	0.0001311593278
125613	0.0004981485295
125614	0.00136987904
125615	0.0001689931913
125616	0.0005838141532
125617	0.002561497448
125618	3.219459865e-05
125619	0.0007010727297
125620	0.003055837439
125621	0.0004116410491
125622	0.0006109006517
125623	3.878094272e-05
125624	3.235789778e-05
125625	0.001701992463
125626	0.0001536199792
125627	0.001998005461
125628	0.001665392108
125629	0.001214912106
125630	0.0012097404
125631	0.002128978616
125632	0.001044456336
125633	0.0004256383222
125634	0.001081625677
125635	0.0007909736465
125636	0.000449328976
125637	0.0004564562463
125638	0.0004595827101
125639	0.0004638749308
125640	3.120095442e-07
125641	0.0006152947524
125642	0.0001606847158
125643	0.002130924144
125644	0.001836735523
125645	0.0004655334773
125646	0.0006215138792
125647	0.002308038547
125648	0.0007004805448
125649	0.001543273714
125650	0.002820232098
125651	0.001437363877
125652	0.001369565682
125653	0.00263353844
125654	0.002968378245
125655	0.001251430916
125656	0.005094299902
125657	0.001365697634
125658	0.0002075695445
125659	0.003213017894
125660	0.003076417307
125661	0.0004066614715
125662	0.005120116249
125663	0.002044328537
125664	0.0008641783933
125665	0.001169109061
125666	0.001512936965
125667	0.003333114237
125668	0.003494372102
125669	0.00110259478
125670	0.00130971507
125671	0.0006980446078
125672	0.002854087004
125673	0.0006646921867
125674	0.00564666947
125675	0.003634614375
125676	0.003551462319
125677	0.004086329019
125678	0.002099564395
125679	0.002376724265
125680	0.001399881557
125681	0.002658512309
125682	0.0003101329059
125683	0.0003505071825
125684	0.0005911294993
125685	0.001095267555
125686	0.001598361596
125687	0.003445694863
125688	0.004388667853
125689	0.0001672873388
125690	0.003960683688
125691	0.001113994426
125692	0.001116692149
125693	0.003502482969
125694	0.005590970093
125695	0.002535458919
125696	0.0002102932042
125697	0.0008517170079
125698	0.003355137976
125699	0.00264963008
125700	0.0008969843353
125701	7.323511427e-05
125702	0.0005343695736
125703	0.002630196815
125704	0.0002341768221
125705	0.001524060048
125706	0.002809258887
125707	0.0001599407202
125708	0.001330227264
125709	0.0009974930845
125710	0.003340035402
125711	0.001323894264
125712	0.006870938314
125713	0.003479467122
125714	0.003368680224
125715	0.004010197749
125716	1.781837135e-05
125717	0.001873493799
125718	0.002513114346
125719	0.004222954557
125720	0.005086807543
125721	0.003789535361
125722	0.006670670147
125723	0.0008545690298
125724	0.001371896453
125725	0.008407528706
125726	0.009106470396
125727	0.00428790971
125728	0.004030568114
125729	0.0004364072668
125730	0.00558174375
125731	0.003940364278
125732	0.004752300403
125733	0.003591870362
125734	0.001342111188
125735	0.0001559082886
125736	0.00289850517
125737	0.003078096178
125738	0.001125877832
125739	0.0001629676963
125740	0.002688885146
125741	0.0009641791239
125742	0.001644527181
125743	0.0006284955852
125744	0.001846186076
125745	0.0007637566825
125746	0.00703857363
125747	0.0006189214768
125748	0.004175270331
125749	0.0001184196291
125750	0.00348488954
125751	0.0008919365312
125752	0.002679370707
125753	0.0006190017257
125754	0.0006798116691
125755	0.0003503693274
125756	0.005969849818
125757	0.003290939605
125758	0.003639430332
125759	0.002338651572
125760	0.001183731042
125761	0.0004135374024
125762	0.001462845934
125763	0.001204793915
125764	0.0007958871943
125765	0.0007805679038
125766	0.004735336964
125767	0.00541523263
125768	0.001785902737
125769	0.0006248529927
125770	0.001223879582
125771	0.001605879498
125772	0.0005565599068
125773	0.00135933911
125774	0.005074476542
125775	0.006145972762
125776	0.0004097897866
125777	0.0005939480235
125778	0.00359514768
125779	0.00237451298
125780	0.001919132643
125781	0.001697372907
125782	0.001815574806
125783	0.001982262521
125784	0.0001453177584
125785	0.001054810742
125786	0.004363929544
125787	0.003791247039
125788	0.002088493412
125789	0.001490411765
125790	0.0001412671339
125791	0.003917905425
125792	0.004579835571
125793	0.002179127572
125794	0.001503876826
125795	0.0003559923665
125796	0.005925970619
125797	0.0006482049578
125798	0.0008519063837
125799	0.001991465366
125800	0.0002580836444
125801	2.888130055e-05
125802	0.001036955297
125803	0.001357888941
125804	0.0008880391481
125805	0.001495112217
125806	0.001769449554
125807	0.001720421917
125808	0.002749521853
125809	0.002050731579
125810	0.0009541878999
125811	0.001029741728
125812	0.003465079615
125813	0.0009913318223
125814	0.003755160973
125815	0.004286145607
125816	0.002319415279
125817	0.0009786798868
125818	0.002540040323
125819	0.001089327063
125820	0.004602947839
125821	0.001281578296
125822	0.00388735767
125823	0.001312212203
125824	0.002256408716
125825	0.001277126585
125826	0.001937827291
125827	0.0004100312375
125828	0.005374478584
125829	0.002049766345
125830	0.0002852844902
125831	0.00339216404
125832	0.003727181441
125833	0.0003953920685
125834	1.009209446e-05
125835	0.001951962947
125836	0.0007589316776
125837	0.002087063149
125838	0.0002622907449
125839	0.000915478236
125840	0.0002356655005
125841	0.004250570238
125842	0.004478631586
125843	0.001026271702
125844	0.006784633241
125845	0.001967922774
125846	0.0001250966904
125847	0.0008941747264
125848	2.709629525e-05
125849	0.00204511405
125850	0.0008179650711
125851	0.001147363692
125852	0.007643766133
125853	0.002117359115
125854	0.0001907123492
125855	0.0003720115598
125856	0.004543101085
125857	0.0005038409953
125858	5.66849425e-05
125859	0.004389617515
125860	0.003095159009
125861	0.002821030709
125862	0.002457174281
125863	0.002875518248
125864	0.001216658392
125865	0.002003699947
125866	0.0004087443643
125867	0.001304570955
125868	0.0002711938607
125869	0.0006264041323
125870	2.855538719e-05
125871	0.0005817366563
125872	0.002328571575
125873	0.0005361552998
125874	0.0005686858679
125875	0.00301199672
125876	0.002347214943
125877	0.00135534973
125878	0.004155106326
125879	0.003660525166
125880	0.001919196699
125881	0.001750049274
125882	0.0003317764185
125883	0.004336876276
125884	0.0008425406924
125885	0.0003899762217
125886	0.002055146716
125887	0.0005889100318
125888	0.0007650677601
125889	0.0008660099998
125890	0.0001919068965
125891	0.0009584927135
125892	0.00197897733
125893	0.001002047012
125894	0.0002148149566
125895	0.0002529330731
125896	0.002256630274
125897	0.0006534152235
125898	0.00513450516
125899	0.002862792891
125900	0.002180241635
125901	0.00262504683
125902	0.0008058253232
125903	0.0005374509294
125904	0.009887777518
125905	0.004371253175
125906	0.000793734028
125907	0.002517563019
125908	0.0001826499728
125909	0.001543061535
125910	0.002180248912
125911	0.001049389552
125912	0.001584580844
125913	0.001382237257
125914	0.002732694209
125915	0.00102719247
125916	0.00524799024
125917	0.004595340774
125918	0.005990360395
125919	0.001970094515
125920	0.0009058106389
125921	0.001271649918
125922	0.001846054313
125923	0.0007014023341
125924	0.003021678658
125925	0.0008081888648
125926	3.783914133e-05
125927	0.00406228213
125928	0.001937222686
125929	0.0001671738027
125930	0.003213960095
125931	4.486366053e-05
125932	0.002863160199
125933	0.001102153712
125934	0.0001468893712
125935	0.002549472685
125936	0.00148568808
125937	0.003659533765
125938	0.0004387810193
125939	0.000823056519
125940	0.001097477417
125941	0.003241116349
125942	0.003222893026
125943	0.002276337889
125944	8.962462836e-05
125945	0.002594435427
125946	0.006469158467
125947	0.001659557376
125948	0.002113583873
125949	0.006028002192
125950	6.884745605e-05
125951	0.001645009962
125952	0.001648405188
125953	0.001332599315
125954	0.0002930455261
125955	0.002231161706
125956	0.0005374441922
125957	0.0005387932208
125958	0.001722159104
125959	0.0002945266492
125960	0.0009159526283
125961	0.0005345897799
125962	0.0008569436804
125963	0.000141003802
125964	0.0001756384303
125965	0.0003840358515
125966	0.001957211142
125967	0.0004459745253
125968	0.0004520132589
125969	0.0006662270611
125970	0.0004519809389
125971	0.0003926856553
125972	0.0007148490974
125973	0.0004556064448
125974	0.001094684082
125975	0.002059741991
125976	0.001809842949
125977	0.0009233477546
125978	0.005366514038
125979	0.002748052237
125980	0.00209954837
125981	0.002120440804
125982	0.002598772026
125983	0.004757687395
125984	0.000182517321
125985	0.004677821237
125986	0.006734909709
125987	0.002279430593
125988	0.004697456404
125989	0.000597453634
125990	0.004285469168
125991	0.001046924188
125992	0.002988370419
125993	0.00035292016
125994	0.0009113181424
125995	0.002746555828
125996	0.002773399032
125997	0.00029527234
125998	0.003421186818
125999	0.002079531017
126000	0.004815938838
126001	0.001101281628
126002	0.001555685781
126003	0.0004710534263
126004	0.0001953071768
126005	0.001827374509
126006	0.001166626336
126007	0.002676295144
126008	0.0007456308631
126009	0.001266902431
126010	0.0009401131374
126011	0.002182688624
126012	0.0007536983065
126013	0.000466692123
126014	8.759784919e-05
126015	0.00199324282
126016	0.0004610382224
126017	0.001532482972
126018	0.001432740802
126019	0.002434940059
126020	0.004784485287
126021	0.002899486629
126022	0.0003500844004
126023	0.001321971122
126024	0.0004992138594
126025	0.001556183455
126026	0.002777792346
126027	0.0002573158061
126028	0.002126556147
126029	0.005256355003
126030	0.0004128295743
126031	0.001841177973
126032	0.0002660896602
126033	0.002234781037
126034	0.0001917014229
126035	0.003373515637
126036	0.001834971141
126037	0.0006608558559
126038	0.002437637589
126039	0.001355694166
126040	0.002351599202
126041	0.001696068668
126042	0.003291006241
126043	0.0006526854863
126044	0.001412296287
126045	0.0005060107831
126046	0.002592345815
126047	0.0005226190042
126048	0.004511297767
126049	0.007207089238
126050	0.0006320447072
126051	0.0003114801506
126052	0.001855697332
126053	0.001997428675
126054	0.0005882397642
126055	0.006191981474
126056	5.717736994e-05
126057	0.001496549617
126058	0.0002864524046
126059	0.002168560365
126060	0.00173082029
126061	0.0002407560598
126062	3.228398982e-05
126063	0.003202521828
126064	0.001522653553
126065	0.001084465899
126066	0.004755656797
126067	0.001229513263
126068	0.0005732754972
126069	0.003037545097
126070	0.002819919916
126071	0.002112673675
126072	0.000901255184
126073	0.002899502313
126074	0.0003358505142
126075	0.001041042822
126076	0.001252941043
126077	0.0004868055623
126078	0.0027110686
126079	0.003515133757
126080	0.002190401984
126081	0.0002113808831
126082	0.0007849558599
126083	0.0002575239953
126084	0.003289528634
126085	0.0005814207213
126086	0.002914056534
126087	0.0003477322463
126088	6.654169891e-05
126089	0.000874684464
126090	0.004153141459
126091	0.0003172865517
126092	0.0006476586248
126093	0.002885661016
126094	0.0006122016907
126095	0.0005483941764
126096	0.0002334097176
126097	0.001051282189
126098	0.001798945676
126099	0.003556457385
126100	0.002088638207
126101	0.002839648347
126102	0.0002907235012
126103	0.004414976709
126104	0.002760551134
126105	0.002627897062
126106	7.324235864e-05
126107	0.0003637018347
126108	0.002153614707
126109	0.0004044145749
126110	0.0002970745376
126111	0.002874849942
126112	0.003235852671
126113	0.003647471817
126114	0.0003280309235
126115	0.0002924937244
126116	0.0006928268785
126117	0.0005247476773
126118	0.002601363605
126119	0.0009752349852
126120	0.003937993141
126121	0.008952071431
126122	0.002248137202
126123	0.001108030997
126124	0.001825242389
126125	0.0009166780372
126126	0.0004037035659
126127	0.0007390040075
126128	0.0009904552857
126129	0.002295431655
126130	0.002429086007
126131	0.002187911479
126132	0.001069910046
126133	0.005384837565
126134	0.001138990553
126135	0.003971285248
126136	0.004397414042
126137	0.000254333486
126138	0.0001706126904
126139	0.003222399548
126140	0.001813603726
126141	0.0005415165087
126142	0.0015037638
126143	0.000763578313
126144	0.00177382425
126145	0.007566739231
126146	0.0003499430933
126147	0.001266970719
126148	0.007041993358
126149	0.002602369973
126150	0.001080797923
126151	0.001705456918
126152	0.004926572858
126153	0.001960712425
126154	0.0007380861672
126155	0.0005433510934
126156	0.003713752555
126157	0.000296339736
126158	0.002815869934
126159	0.005425571004
126160	0.0006692494401
126161	0.001462394702
126162	0.001765692584
126163	0.002423401723
126164	0.003043311849
126165	0.0006477468244
126166	0.002661780286
126167	0.003169852831
126168	0.004259508297
126169	0.00334332027
126170	0.0009823686239
126171	9.061880063e-06
126172	0.001008125204
126173	0.001207512189
126174	0.0003914156614
126175	0.000602055553
126176	0.002374679992
126177	0.003667141507
126178	0.006022748983
126179	0.004111530877
126180	0.001816352252
126181	0.000327468919
126182	0.002416713427
126183	0.002871831134
126184	0.0008760221696
126185	0.0001080660696
126186	0.0005779358001
126187	0.003463876328
126188	0.001679871633
126189	0.0004015115724
126190	0.0001527966901
126191	0.003395328823
126192	0.001403347091
126193	0.005211036749
126194	0.0003373512954
126195	0.001610134477
126196	0.006458753736
126197	0.005333119894
126198	0.002245232238
126199	0.004078032921
126200	0.0008006954817
126201	0.006196794551
126202	0.002532751095
126203	0.001654501086
126204	0.003686738174
126205	0.001090839711
126206	0.002487317766
126207	0.001442679907
126208	0.003378007551
126209	0.001921050579
126210	0.001959609134
126211	0.003490322313
126212	0.0008221880828
126213	0.001979142224
126214	0.003394373357
126215	0.00162274427
126216	0.002837361699
126217	3.810351698e-05
126218	0.004517839659
126219	0.001150652273
126220	0.001337302121
126221	0.0001718262017
126222	0.002065100426
126223	0.004637272033
126224	0
126225	0.0001794441792
126226	0.003849101664
126227	0.00169490735
126228	0.0007818579805
126229	0.00409778095
126230	0.009738460307
126231	0.000414739744
126232	0.002418290381
126233	0.001052149552
126234	0.0004804515592
126235	0.0001490671205
126236	0.004357260486
126237	0.0001747293005
126238	0.004443993846
126239	0.0005815097101
126240	0.002988203842
126241	0.002074418426
126242	0.004801540646
126243	0.001612227035
126244	0.0001878118807
126245	0.002596684067
126246	0.004762269879
126247	0.0005401935575
126248	8.015191377e-05
126249	0.00361698937
126250	0.001426144048
126251	0.0001256018185
126252	0.0004514377977
126253	0.003883296721
126254	0.001241824227
126255	0.0008340201055
126256	0.001603236894
126257	0.0006468015236
126258	0.005542406464
126259	0.0008103294986
126260	0.006180247973
126261	0.0003260070267
126262	0.003875826667
126263	8.071511833e-06
126264	0.001224746843
126265	0.0001040856152
126266	0.001470499107
126267	0.0002396950931
126268	0.009111191238
126269	0.002018230297
126270	0.005896537487
126271	0.006232378516
126272	0.005257063845
126273	0.00264077033
126274	0.003315872322
126275	0.002168570377
126276	0.000746091948
126277	0.004320280439
126278	0.002790440677
126279	0.00338402481
126280	0.002385223196
126281	0.003206154657
126282	0
126283	0.000724261707
126284	0.004032710274
126285	0.003856466141
126286	0.00108435035
126287	0.00192547269
126288	0.003052988854
126289	0.004754643326
126290	0.005145153836
126291	0.0008234929378
126292	0.00374048051
126293	0.003665382143
126294	0.001682463276
126295	0.006812344782
126296	0.001919759519
126297	0.00428252623
126298	0.007451109872
126299	0.006344531733
126300	0.001635611921
126301	1.48823461e-05
126302	0.0001580992414
126303	0.001752032516
126304	0.008806540575
126305	0.004614487532
126306	0.001244233116
126307	0.00772006672
126308	0.003817285305
126309	0.0005744212066
126310	0.00646733286
126311	0.006221450681
126312	0.006301493172
126313	0.0003353320579
126314	0.005376048783
126315	0.003700464063
126316	0.001073953509
126317	0.0008119748943
126318	0.001818759568
126319	0.001945863668
126320	0.001354754301
126321	0.0009107657101
126322	0.0009957353796
126323	0.001560785503
126324	0.002537553167
126325	0.0001775233273
126326	0.008011835443
126327	0.003653194847
126328	0.001230238787
126329	0.002552793785
126330	0.003986435817
126331	0.00551872593
126332	0.003529169254
126333	0.003373187476
126334	0.001858286517
126335	0.003882857093
126336	0.002526218528
126337	0.003051504154
126338	0.002968318033
126339	0.003386937572
126340	0.0003367348609
126341	0.002049142032
126342	0.004042518303
126343	3.219712201e-06
126344	0.001094373658
126345	0.004404719621
126346	0.0005940086875
126347	0.003283158979
126348	0.002702961717
126349	0.0004195656713
126350	0.002803968369
126351	0.004441165698
126352	0.0009952979896
126353	0.001994562606
126354	0.0009905526073
126355	0.0009297438326
126356	0.0002452282218
126357	0.00204659495
126358	0.001281958325
126359	0.002465987002
126360	0
126361	0.001110787346
126362	0.00210727927
126363	0.003088368519
126364	0.004368539191
126365	0.0003251101505
126366	0.001927971584
126367	0.0007132929787
126368	0.001956703065
126369	0.0008516515171
126370	0.008804997947
126371	0.005567872176
126372	0.00332410575
126373	0.002629489021
126374	0.0008479738242
126375	0.001373513856
126376	0.002383402081
126377	0.004205037182
126378	0.001210048578
126379	0.004667297249
126380	0.004195798099
126381	0.0007683952292
126382	0.002198225833
126383	0.0009009287128
126384	0.002139960795
126385	0.003899092177
126386	0.004038266411
126387	0.0003952656898
126388	0.005462212596
126389	0.001796666415
126390	0.0009296189617
126391	0.001913918423
126392	0
126393	0.002453074934
126394	0.007084474455
126395	0.002092391853
126396	0.002603462094
126397	0.001512428562
126398	1.962424853e-05
126399	0.001905287932
126400	0.005277563774
126401	0.002317323352
126402	0.003514814605
126403	0.0009473431334
126404	0.003398365742
126405	0.003303165234
126406	0.003760228513
126407	0.002113966581
126408	0.001452397828
126409	0.00393419219
126410	0.0008641105273
126411	0.001667219093
126412	0.001539503318
126413	0.0002882037193
126414	0.0002296523864
126415	0.008084027233
126416	0.001577407863
126417	0.001421790728
126418	0.001838800341
126419	0.005823687933
126420	0.002557891539
126421	0.003217440711
126422	0.008048197463
126423	0.003337961511
126424	0.0017508465
126425	0.0008657122336
126426	0.003465861026
126427	0.007871540879
126428	0.0002201119834
126429	0.0006182548115
126430	0.005027059185
126431	0.000497284455
126432	0.003568294534
126433	0.00737618069
126434	0.002481557204
126435	0.00379159828
126436	0.00531633061
126437	0.004518824989
126438	0.002922115586
126439	0.0007566011554
126440	0.0009281574806
126441	0.002867427775
126442	0.006367388519
126443	0.0004888483166
126444	0.004248469105
126445	0.003868162636
126446	0.005304264651
126447	0.001492361348
126448	0.0005816195662
126449	0.003879001378
126450	0.002798708716
126451	0.002868135375
126452	0.002021066141
126453	0.003298475316
126454	0.0005654641575
126455	0.001081117211
126456	0.003864539722
126457	0.001077102384
126458	0.001583712083
126459	0.003336381144
126460	0.0022211434
126461	0.0002814885809
126462	0.004475316841
126463	0.003702810035
126464	0.001757520126
126465	0.0001335075992
126466	0.004731994385
126467	0.00401477759
126468	0.0005245366958
126469	0.003411135127
126470	0.003490143609
126471	0.003687589968
126472	0.002645487738
126473	0.0001161148972
126474	0.0001469577731
126475	0.001345678453
126476	0.001403729245
126477	0.005368904196
126478	0.002065562777
126479	0.001359497003
126480	0.003555582429
126481	0.002390113438
126482	0.007346286709
126483	0.001145472628
126484	0.000708594635
126485	0.000835155996
126486	0.003347758577
126487	0.003174558634
126488	0.002545264825
126489	0.0005301724943
126490	0.006098164614
126491	0.0008233346556
126492	0.0005737561218
126493	0.00334355762
126494	0.002207238918
126495	0.00776016133
126496	0.005600354599
126497	0.008019236514
126498	0
126499	0.001908905054
126500	0.002743069163
126501	3.011529594e-05
126502	0.000841970393
126503	0.001685417976
126504	0.001957128671
126505	0.007874022838
126506	0.00318868451
126507	0.001298249118
126508	0.0037863094
126509	0.002805296443
126510	0.001253244158
126511	0.0001354248492
126512	0.001624923737
126513	0.002694369785
126514	0.002168800514
126515	0.0002337611714
126516	0.002764135638
126517	0.001900892089
126518	0.0001998490124
126519	0.00165356028
126520	0.005475087201
126521	0.003347772648
126522	0.003964231965
126523	0.003632637761
126524	0.000295741263
126525	0.0006233305893
126526	0.0004513605544
126527	0.003033302544
126528	0.005033461899
126529	0.002352423243
126530	0.0007890466058
126531	0.00265086715
126532	0.001112334371
126533	0.002642063988
126534	0.00301867473
126535	0.002461103112
126536	0.003232024236
126537	0.0002524142102
126538	0.002849608729
126539	0.001248430001
126540	0.0002026966794
126541	0.0006544781944
126542	0.003326158355
126543	0.0005919869769
126544	0.004803728136
126545	0.0001891891766
126546	0.0004975649265
126547	0.0009615521845
126548	0.002124659339
126549	0.002336771057
126550	0.0005072509874
126551	0.001921318845
126552	0.00109847315
126553	4.709613158e-05
126554	0.001861610495
126555	0.005124346722
126556	0.002995217452
126557	0.00239781401
126558	1.51232905e-05
126559	0.001691411028
126560	0.0003991910635
126561	0.0008066539608
126562	0.00225094585
126563	0.0001308731487
126564	0.001577640866
126565	0.005799119823
126566	0.002675655822
126567	9.163317009e-05
126568	0.001905053773
126569	0.0006257624431
126570	0.003552243939
126571	0.001429422202
126572	0.001545055099
126573	0.0004012531529
126574	0.002191655375
126575	0.001112050444
126576	0.0004420068049
126577	0.001212966978
126578	0.004400720096
126579	0.00585700349
126580	0.0003535014673
126581	0.001623374941
126582	0.003456496578
126583	0.004557319768
126584	0.002306449672
126585	0.006152728088
126586	0.003134426011
126587	0.0003160876292
126588	0.007813787073
126589	0.001209353219
126590	3.240038593e-05
126591	0.003522692158
126592	0.002331531156
126593	0.0009874725564
126594	0.000327000778
126595	0.001392071955
126596	0.001692603333
126597	0.005169647009
126598	0.004246149033
126599	0.0015834888
126600	0.001950990688
126601	0.0006141058091
126602	0.0005208718203
126603	0.002294351361
126604	0.001600199327
126605	0.00508000192
126606	0.004722560781
126607	0.002143424231
126608	0.00132400049
126609	0.008194183802
126610	0.006236622431
126611	0.002306697027
126612	0.008433693639
126613	0.005954981342
126614	0.001273327465
126615	0.001330650628
126616	0.002533734968
126617	0.000468964781
126618	0.004201565188
126619	0.000530780979
126620	0
126621	0.00179705508
126622	6.400349099e-05
126623	0.0007723926752
126624	0.002183524837
126625	0.005193288539
126626	0.0007735760424
126627	0.0006299444417
126628	0.0008103917093
126629	0.00350282095
126630	0.003416098339
126631	0.00416684662
126632	0.002610250028
126633	0.0009059419922
126634	0.004627037302
126635	0.006447090463
126636	0.007576062724
126637	0.0001986186694
126638	0.001521457347
126639	9.580404874e-05
126640	0.0001908737229
126641	0.002069993226
126642	0.0009253046209
126643	0.0004893894716
126644	0.001319325983
126645	0.01042302934
126646	0.003232386902
126647	0.0002913793774
126648	0.002735956676
126649	0.003365360047
126650	0.0003773379433
126651	0.000689904345
126652	0.001337176482
126653	0.003656839205
126654	0.0008553545195
126655	0.0004110177764
126656	0.003609117712
126657	0.001248361835
126658	0.000408715441
126659	2.112443581e-05
126660	0.002408504002
126661	0.0003528382179
126662	0.003100336163
126663	0.002171909917
126664	0.002897592852
126665	0.005661825667
126666	0.001949541474
126667	0.000717155813
126668	0.004201235584
126669	0.002240834799
126670	0.004846860081
126671	0.003568752025
126672	5.325663349e-05
126673	0.0007028595229
126674	0.002146376403
126675	0.003175352136
126676	0.001441880076
126677	0.00227405437
126678	0.001243123226
126679	0.001231057863
126680	0.001099376911
126681	0.0007950917204
126682	0.0002334563441
126683	0.001684186608
126684	0.007138733917
126685	0.002198077976
126686	5.587705694e-05
126687	6.296076724e-05
126688	0.001058644267
126689	0.001077896207
126690	0.002721276012
126691	0.001481094692
126692	0.005083275049
126693	0.001874869233
126694	0.003572791743
126695	4.074629408e-05
126696	0.0008350428389
126697	0.001429745477
126698	0.007059377463
126699	0.001596061135
126700	0.005692690459
126701	0.005143512396
126702	0.0006614160833
126703	0.008410708626
126704	0.0001324849592
126705	0.0005300239708
126706	0.003835217239
126707	0.004854676114
126708	0.005845563407
126709	0.0003908152109
126710	0.003745570405
126711	0.0009684631034
126712	0.006411288896
126713	0.001978257093
126714	0.003574865034
126715	0.003159040002
126716	0.0002502605046
126717	0.001064932651
126718	0.002272471075
126719	0.0009506593499
126720	0.003121522183
126721	0.003538439105
126722	0.005788782712
126723	0.001920712841
126724	9.883295915e-07
126725	0.005634978712
126726	0.004248189534
126727	0.00069206343
126728	0.004564674279
126729	0.002283832292
126730	0.002492481835
126731	0.002359468895
126732	0.00287535669
126733	0.001736086175
126734	5.451126778e-05
126735	0.002760629804
126736	0.002432425258
126737	0.004190471006
126738	0.001513491173
126739	0.001797292589
126740	0.003304099812
126741	0.0004554138212
126742	0.001920402918
126743	0.00378734439
126744	0.0001437681722
126745	0.0001836693153
126746	0.01159833089
126747	0.001444076136
126748	0.001755672273
126749	0.006698476169
126750	0.002328553927
126751	0.00356637052
126752	0.002342732494
126753	0.002806851697
126754	0.006029272008
126755	0.002211990989
126756	0.002446032904
126757	0.0006776281321
126758	0.002281749169
126759	0
126760	0.001244291299
126761	0.002078713456
126762	0.001299009732
126763	0.001842494965
126764	0.001646551423
126765	4.245923533e-05
126766	0.0004963202192
126767	0.001114790714
126768	0.001052403857
126769	0.001323011386
126770	0.00201680566
126771	0.0003131301909
126772	0.001171342979
126773	0.002942042708
126774	0.007425749571
126775	0.003170840517
126776	0.002742735143
126777	0.002935631253
126778	0.001503227601
126779	0.001665619612
126780	0.0004961435039
126781	0.0002515030696
126782	0.001600125868
126783	0.001682746523
126784	0.002756962531
126785	0.0006767950211
126786	0.000859423748
126787	0.003758051681
126788	0.002765394545
126789	0.0005502312072
126790	0.002628143571
126791	0.0001836368434
126792	0.002822728003
126793	0.003010180496
126794	0.001914557076
126795	0.006887962775
126796	0.002286720184
126797	0.0007000598953
126798	0.0002696874071
126799	0.0001662659536
126800	0.001211531776
126801	0.002310052267
126802	0.006427216163
126803	0.001639583929
126804	0.006514768888
126805	0.001239702945
126806	0.004368114857
126807	0.00299072464
126808	0.002985660927
126809	0.003502137321
126810	0.003392129682
126811	0.001370060535
126812	0.003526053429
126813	0.004764394257
126814	0.001467132104
126815	0.001685370313
126816	0.0001555677603
126817	0.003648194117
126818	0.006010363572
126819	0.001952443888
126820	0.001500685269
126821	0.00033309375
126822	0.005448356052
126823	0.001298177749
126824	0.0005201140021
126825	0.0005352790713
126826	0.001191112458
126827	0.002628696514
126828	0.0008926078495
126829	0.001733759509
126830	0.001310124532
126831	0.00139826388
126832	0.004684142965
126833	0.001789488302
126834	0.002228650997
126835	0.001248700088
126836	0.001963669065
126837	0.003817311053
126838	0.0005336883424
126839	0.01115533746
126840	0.002351294741
126841	0.0003561830227
126842	0.001218400625
126843	0.0006124176841
126844	0.001651475163
126845	0.0002915155605
126846	0.001448784529
126847	0.004935240928
126848	0.0001674493935
126849	0.01248329028
126850	0.001063627895
126851	0.001630260751
126852	0.0077502474
126853	4.755295861e-05
126854	0.003358517977
126855	0.003108705194
126856	0.007217824461
126857	0.001141313899
126858	0.001595338866
126859	0.0009695007897
126860	0.00104392182
126861	0.00117831943
126862	0.0001397698677
126863	0.0002353940528
126864	0.005048351792
126865	0.002975616899
126866	0.006362173647
126867	0.0008291652681
126868	0.003699864689
126869	0.003101974482
126870	0.003109607495
126871	0.006089683204
126872	0.00496929966
126873	2.693280125e-05
126874	0.001444516702
126875	0.006152291682
126876	0.006140701503
126877	0.006781896084
126878	0.004246835749
126879	0.006364586596
126880	0.0009354739321
126881	0.00411534937
126882	0.0002730545113
126883	0.001039646647
126884	0.000701307534
126885	0.002861741288
126886	0.00348002977
126887	0.001392317906
126888	0.00308754295
126889	0.001906382134
126890	0.0007140013129
126891	0.001745157384
126892	1.885196303e-05
126893	0.002307710056
126894	0.001082025067
126895	0.004000462129
126896	0.00205944677
126897	0.006783057392
126898	0.0007061678844
126899	0.0001354939498
126900	0.003169036451
126901	0.00166031531
126902	0.001709842751
126903	0.004820540422
126904	0.007998390717
126905	0.0004244787373
126906	0.0004665729801
126907	0.00204917996
126908	0.003036979313
126909	0.001185505252
126910	0.003917512863
126911	0.001756692099
126912	0.001193832694
126913	0.002705951173
126914	0.00616200707
126915	0.003196696889
126916	0.002895046312
126917	0.002224589259
126918	0.00254558001
126919	0.001970816491
126920	0.00248939139
126921	0.001092867034
126922	0.001945860842
126923	0.003948592196
126924	0.005087857794
126925	0.00518466685
126926	0.0002839858749
126927	0.0001323843647
126928	0.0003138527055
126929	0.0005991458707
126930	0.00421295429
126931	0.003700071038
126932	0.007163870403
126933	0.003368617726
126934	0.001326697632
126935	0.001900394067
126936	0.007619534293
126937	0.002252119333
126938	0.00450709788
126939	0.001731717101
126940	0.001087732896
126941	0.001187237839
126942	0.003879970435
126943	0.002515685104
126944	0.003920943891
126945	0.001356676183
126946	0.001732442686
126947	0.005718916745
126948	0.0003059702942
126949	0.0001363471069
126950	0.005480099943
126951	0.0002696997916
126952	0.0001706911225
126953	0.000175456255
126954	0.004439704966
126955	0.001958217707
126956	0.002131908971
126957	0.00124944006
126958	0.003311597366
126959	0.004022975704
126960	0.001415967021
126961	0.002800551093
126962	0.001435379775
126963	0.003069392414
126964	0.00036202232
126965	0.002187691501
126966	0.001688177484
126967	0.002887829976
126968	0.002185313776
126969	0.002645972827
126970	0.0015595961
126971	0.001628808342
126972	0.001591267209
126973	0.003335870592
126974	0.003122529966
126975	0.002199830827
126976	0.001680989485
126977	0.0009339475825
126978	0.000490778607
126979	0.004064386124
126980	0.001402561665
126981	0.001311651854
126982	0.00502670572
126983	0.0004100113077
126984	0.0008882919427
126985	0.0007742805085
126986	0.004481222908
126987	0.00167873474
126988	0.001579139645
126989	6.349566628e-05
126990	0.0005577103156
126991	0.003071612707
126992	0.005664339795
126993	0.0003141926658
126994	0.005023933634
126995	0.001320324293
126996	0.002963414243
126997	0.0006529489654
126998	0.0001046587437
126999	7.691640256e-05
127000	0.0006150425758
127001	0.002024520165
127002	0.001383771702
127003	0.00352458104
127004	0.001759972026
127005	0.001545864126
127006	0.002113520448
127007	0.002432427998
127008	0.002455385598
127009	0.0006968038124
127010	0.0009934930999
127011	0.00125193514
127012	0.001744775192
127013	0.0009798463922
127014	0.00139329361
127015	0.0003949163992
127016	0.0004015809207
127017	0.0001186783088
127018	0.0006333524772
127019	0.000844616408
127020	0.000131813272
127021	0.005167820758
127022	0.0003697823651
127023	0.003959402061
127024	1.432688197e-08
127025	2.04669745e-09
127026	1.248485444e-07
127027	0.0005081952042
127028	0.0003803690049
127029	0.002858680778
127030	0.00359558279
127031	0.0004812862966
127032	0.002508513664
127033	0.001563964738
127034	0.001768880505
127035	0.002548940916
127036	0.00577544744
127037	0.004422744425
127038	0.001383486309
127039	0.001799535902
127040	0.003167608309
127041	0.001449024421
127042	0.001104613535
127043	0.0003272187509
127044	0.0001049418615
127045	0.002020796279
127046	0.001029788751
127047	0.000276128589
127048	0.001669309886
127049	0.0005228386226
127050	0.001867575543
127051	0.0008798597207
127052	0.0009170403126
127053	0.0005267202562
127054	0.0007213479957
127055	0.000833413863
127056	0.001538147258
127057	0.001610619089
127058	0.001409895476
127059	0.0009363632238
127060	0.0008650825942
127061	0.001040923124
127062	0.001038524244
127063	0.001296829289
127064	0.00111271758
127065	0.003628317118
127066	0.001233641292
127067	0.0005306822146
127068	0.0009508426684
127069	0.00123338512
127070	0.00510131186
127071	0.0003859201971
127072	0.0008161461131
127073	0.000404964723
127074	0.0003464012272
127075	0.0002697577534
127076	0.002726901938
127077	0.0001089204532
127078	0.0004369451494
127079	0.001798126368
127080	0.002532798838
127081	0.003028854932
127082	0.001332196561
127083	0.0004325982749
127084	0.002266298138
127085	0.0005398316969
127086	0.000448010466
127087	0.006531018554
127088	0.002749340552
127089	0.0003495295499
127090	0.000494380231
127091	0.001432888082
127092	0.002654148063
127093	0.003953233682
127094	0.002687988223
127095	0.001409136381
127096	0.002980427888
127097	0.001581379698
127098	7.564458703e-05
127099	0.001485594729
127100	0.002314422895
127101	0.001954005815
127102	0.005417363024
127103	0.002881203759
127104	0.001180859865
127105	0.001871618077
127106	0.001625718998
127107	0.000397157028
127108	0.006951894827
127109	0.0003215784427
127110	0.002802834889
127111	0.0007914001122
127112	0.00415640315
127113	0.001303236567
127114	0.005054147169
127115	7.682676916e-05
127116	0.001094605376
127117	0.00229141412
127118	0.005417253665
127119	0.002044928852
127120	0.00247012699
127121	0.001194548351
127122	0.00389892008
127123	0.0001791527745
127124	0.007306282411
127125	0.0004677559731
127126	0.001278754855
127127	0.00219445629
127128	0.002770913335
127129	0.000746666687
127130	0.002042447564
127131	0.003138332663
127132	0.002660545808
127133	0.001323345523
127134	0.001778448978
127135	0.00551603637
127136	0.0004730559414
127137	0.0003351560898
127138	0.0004833977449
127139	0.004203168686
127140	0.0004731483059
127141	0.002045337803
127142	0.0006303062375
127143	0.0003106538185
127144	9.269986708e-05
127145	0.0001608855603
127146	5.241891639e-05
127147	0.002652392201
127148	0.001772219931
127149	0.003254981422
127150	0.003125508236
127151	0.000586883614
127152	0.0006839831255
127153	0.001785157818
127154	1.705581207e-08
127155	0.0007103015559
127156	0.001990249039
127157	0.001148437907
127158	0.002654355362
127159	0.003284213324
127160	0.001312243117
127161	0.003822915556
127162	0.0037606891
127163	0.004166401523
127164	0.003502972656
127165	0.002949522897
127166	0.002159303703
127167	0.006484434174
127168	0.00321161222
127169	0.006492025832
127170	0.001349957956
127171	0.0002081452719
127172	0.002366938786
127173	0.0001431878479
127174	0.0008475167418
127175	0.003476827046
127176	0.002194968789
127177	0.001332092026
127178	7.605594401e-05
127179	0.006029629651
127180	0.003807053298
127181	0.002698551189
127182	0.003272526288
127183	0.002171164639
127184	0.0006927438767
127185	0.002409947622
127186	0.00128879152
127187	0.004689348497
127188	0.0008560057728
127189	0.001354771736
127190	0.001643221664
127191	0.0008957375581
127192	0.0018517324
127193	0.0009982694656
127194	0.003073257305
127195	0.002143261541
127196	0.002429248482
127197	0.00549696542
127198	0.009549238165
127199	0.0008917322124
127200	0.0006277655915
127201	0.001438760535
127202	0.001245847088
127203	0.007158763524
127204	0.0006574356721
127205	0.003031408118
127206	0.004484623076
127207	0.00177155923
127208	0.003914298506
127209	0.002398648114
127210	0.001478612227
127211	0.0009358741708
127212	9.453620788e-05
127213	0.001722726872
127214	0.002568062327
127215	0.002679980123
127216	0.002546576239
127217	7.57439954e-05
127218	0.0003331373011
127219	9.937659375e-05
127220	5.007895632e-05
127221	0.002528888454
127222	0.000327960552
127223	0.001109757637
127224	0.0008798648732
127225	0.00343815598
127226	0.0004642614688
127227	0.0008651425014
127228	6.62679868e-05
127229	0.003888044428
127230	0.002010936422
127231	0.0007079283177
127232	0.0003588639427
127233	0.0005006137561
127234	0.0002229635251
127235	0.001888749116
127236	0.0005978331336
127237	0.002255887235
127238	0.004911597757
127239	0.0007558415505
127240	0.0002563358477
127241	0.002666800741
127242	0.0004899839545
127243	0.0007855599799
127244	0.001424280872
127245	0.001564080489
127246	0.005382768598
127247	0.0001436685933
127248	0.0004131229465
127249	0.003802147374
127250	0.0002576888576
127251	0.006210407384
127252	0.0002555349356
127253	5.593434232e-05
127254	0.001888160675
127255	0.0004792370272
127256	0.0003075980581
127257	0.001842352108
127258	0.001962650999
127259	0.002910100856
127260	0.001268305709
127261	0.001891511178
127262	0.0001199998443
127263	0.001636262237
127264	0.0003205619595
127265	0.004295081299
127266	0.0006530330685
127267	0.001863579771
127268	1.686222842e-05
127269	0.0009345482349
127270	0.0007867341635
127271	0.0005061481628
127272	0.008326195303
127273	0.0001430058773
127274	0.001387054278
127275	0.0006959642045
127276	0.006344958235
127277	7.399557372e-05
127278	0.00110874751
127279	0.005509792666
127280	0.0009109959791
127281	0.00134133799
127282	0.001790935847
127283	0.0009943858242
127284	0.001219174337
127285	0.0007409034482
127286	0.003071017978
127287	0.0006108395776
127288	0.001249931244
127289	0.004020001705
127290	0.001712377019
127291	0.006851758623
127292	0.00116708641
127293	0.005483178075
127294	0.0006467720724
127295	0.000157856298
127296	0.0007456807188
127297	0.006617761904
127298	0.002234609744
127299	0.0009313308609
127300	0.0006354448698
127301	0.005515141409
127302	0.00459104212
127303	0.0002051407446
127304	7.126340681e-05
127305	0.00193268113
127306	1.058802181e-05
127307	0.001727598712
127308	0.000509388389
127309	0.002971163232
127310	0.002336550091
127311	0.003563042128
127312	0.001396031946
127313	0.001605090432
127314	0.002225257882
127315	4.70536596e-05
127316	0.0005667370094
127317	0.0001551042276
127318	0.0009648511321
127319	0.0008897105961
127320	0.007062963038
127321	0.0004141408455
127322	0.002547100454
127323	0.002624960957
127324	0.003030269943
127325	0.0009028662662
127326	0.006030469813
127327	0.006514021406
127328	0.001476629578
127329	0.000138332205
127330	0.001005689323
127331	0.0003542240984
127332	0.0006889077912
127333	0.002439294697
127334	0.005970335556
127335	0.001191975576
127336	0.0002818973506
127337	0.002131982981
127338	0.001784409065
127339	0.004423459863
127340	0.000915611732
127341	0.002290679894
127342	0.0001732397867
127343	0.003787302647
127344	0.0008917733463
127345	0.001343878169
127346	0.004278038944
127347	0.009425117497
127348	0.005596356816
127349	0.004483800373
127350	0.001210776828
127351	0.002090476453
127352	0.003561984387
127353	0.003406504613
127354	0.001065644146
127355	0.003469149305
127356	0.000456560805
127357	0.0006785565507
127358	0.0005821969596
127359	0.002784938468
127360	0.004454007526
127361	0.0001907930418
127362	0.0008447401294
127363	0.0007507977464
127364	0.001347362601
127365	0.0001400965738
127366	0.001097647339
127367	0.002560503802
127368	0.001588637116
127369	0.0003781257289
127370	0.001887914156
127371	0.004690144559
127372	0.0002967925183
127373	0.0007345767002
127374	0.0003187161424
127375	0.004982686587
127376	0.001437777445
127377	0.002683634202
127378	0.001196911095
127379	0.003803578544
127380	0.005112997825
127381	0.005464477415
127382	0.001101114344
127383	0.0004262606422
127384	0.00235055156
127385	0.0007015652514
127386	0.0006031243955
127387	0.00229674306
127388	0.0003662498286
127389	0.000498924543
127390	0.003362711949
127391	0.00199782566
127392	0.005237572624
127393	0.006917468978
127394	0.003691689613
127395	0.003277627161
127396	0.0006589791322
127397	0.0003725122451
127398	0.001341666267
127399	0.0003419241426
127400	0.002004662436
127401	0.001402599293
127402	0.0006009523151
127403	0.001500605044
127404	0.004022007716
127405	0.0006467009647
127406	6.328232803e-05
127407	0.0009929601714
127408	0.0005069269076
127409	0.0003647162504
127410	0.002038476838
127411	0.000226371014
127412	0.002285455352
127413	0.00139092117
127414	0.002096308861
127415	0.0003669522944
127416	0.001023846167
127417	1.356219273e-05
127418	0.0003543311721
127419	0.0001068562138
127420	0.0001279375332
127421	0.0005821413198
127422	0.0002990050248
127423	0.0008420633019
127424	0.002152330849
127425	0.001010012949
127426	4.552046785e-05
127427	0.001127540983
127428	0.002164676713
127429	0.004141205877
127430	0.002446591557
127431	0.001050443919
127432	0.0005374002251
127433	0.003018789128
127434	0.001351164999
127435	0.0002423195958
127436	0.001058549847
127437	0.0001374335101
127438	0.002892255709
127439	3.494681036e-06
127440	0.003302666798
127441	0.0002157717697
127442	0.001294787388
127443	4.498412352e-05
127444	0.001857988922
127445	0.0002007578999
127446	4.326842611e-05
127447	0.003196340286
127448	0.0005002478545
127449	0.007512854789
127450	0.0001739858759
127451	0.003285553485
127452	0.002327460906
127453	0.003089543123
127454	0.001058358752
127455	0.005121587346
127456	0.002397536223
127457	0.0009647786632
127458	0.002153271346
127459	0.0002257589332
127460	0.0003083453735
127461	0.005943067869
127462	0.004824909986
127463	0.004220696225
127464	0.00300791583
127465	0.005986306474
127466	9.88291046e-05
127467	3.624641431e-05
127468	0.002174924364
127469	0.0001031261136
127470	0.0003367680329
127471	0.00154350891
127472	0.001968183678
127473	0.003311265211
127474	0.001188825891
127475	0.0007732224939
127476	0.002803697438
127477	0.003233781862
127478	0.001680378318
127479	0.0008613862941
127480	0.001087446909
127481	0.002455726824
127482	0.0009062984383
127483	0.001355158819
127484	0.0006695976248
127485	0.0001343864494
127486	0.000402634821
127487	0.001900211723
127488	1.919094322e-05
127489	0.005228875095
127490	0.0002488456147
127491	0.0008688680953
127492	0.006589696266
127493	0.0005071027331
127494	0.0006446367033
127495	6.140092347e-09
127496	0.003451711141
127497	0.0008185040654
127498	0.005119604695
127499	0.006033105353
127500	0.006293888094
127501	0.002437997205
127502	0.003511859636
127503	0.003687148537
127504	0.0003361385307
127505	0.001642773283
127506	0.0001164008532
127507	0.002870198236
127508	0.001991317487
127509	0.0009789368956
127510	0.0002694324613
127511	0.00089539598
127512	0.002157137984
127513	0.000885053548
127514	0.004430279515
127515	2.317239136e-06
127516	9.933506323e-05
127517	0.0001359305074
127518	0.002270454972
127519	0.001082906229
127520	0.002348582021
127521	0.0002007747367
127522	0.000777679808
127523	0.00227363765
127524	1.252816759e-05
127525	0.002161178278
127526	0.006369950707
127527	0.0007733902954
127528	0.003139346064
127529	0.002204105566
127530	0.001986132824
127531	0.0004652969915
127532	0.001002903458
127533	0.0002507071881
127534	0.0002983833605
127535	0.001973511998
127536	0.001992420482
127537	0.002533870622
127538	0.00255285925
127539	0.001691454719
127540	0.001437723099
127541	0.002659547657
127542	0.00404783004
127543	0.004497920723
127544	6.387796757e-05
127545	0.0009774637037
127546	0.002245217056
127547	0.005225243189
127548	0.006017503282
127549	0.001920593279
127550	0.004912255676
127551	0.001160447771
127552	0.002547521193
127553	0.004080647252
127554	0.003938309615
127555	0.0002472305831
127556	0.001413083056
127557	0.004179798707
127558	0.0009249403642
127559	0.0003379552985
127560	0.0003923211269
127561	0.003164926023
127562	0.004355679784
127563	0.00271025306
127564	0.003320113881
127565	0.003454215018
127566	0.002241375795
127567	0.006381814414
127568	0.003495393099
127569	0.001379817644
127570	0.002064559703
127571	0.005671849977
127572	0.001852358093
127573	0.00281742205
127574	0.001706184991
127575	0.0003363544268
127576	0.002902502232
127577	0.002356763475
127578	0.002071459037
127579	0.0009196968573
127580	0.0004016050322
127581	0.001424116545
127582	0.0002281011258
127583	0.002878438557
127584	0.001056643166
127585	0.00475410008
127586	0.005704444666
127587	0.002108634964
127588	4.032770455e-05
127589	0.001662311971
127590	0.002757620789
127591	0.0005091326382
127592	0.0005371531979
127593	0.001774206104
127594	0.001112187714
127595	0.003006911068
127596	0.001328203055
127597	0.0001316660071
127598	0.004048342315
127599	0.001918927669
127600	0.0002745350249
127601	0.001504930165
127602	0.004692844738
127603	0.0006621134653
127604	0.001894953991
127605	0.000619683815
127606	0.0002226371454
127607	0.001376357578
127608	0.004741085342
127609	0.00182274601
127610	0.003773215688
127611	0.00450493153
127612	0.0008782428829
127613	0.001832567722
127614	0.0007201767322
127615	0.008066799502
127616	0.001467028512
127617	0.0002382219027
127618	0.001363424291
127619	0.0008159344637
127620	0.003670569961
127621	0.0001076995342
127622	0.00121557669
127623	0.004196286973
127624	0.000294210116
127625	0.0005922688792
127626	0.001995419241
127627	0.0003754751561
127628	0.001991850015
127629	0.003574907282
127630	0.003453074626
127631	0.002540911496
127632	0.0004397973323
127633	0.0005719737408
127634	0.0006939559937
127635	0.006929527649
127636	0.002749881399
127637	0.00335484812
127638	0.005665382898
127639	0.001271981833
127640	0.001691828893
127641	0.0002588816363
127642	0.001376026521
127643	0.002734238108
127644	0.001098575108
127645	0.00450067538
127646	0.001614313728
127647	0.0009751612477
127648	0.002674309834
127649	0.000327321401
127650	0.000446684398
127651	0.0002528569492
127652	0.0006286616926
127653	0.003644954589
127654	0.002911721285
127655	0.003360227944
127656	0.005772427933
127657	0.002256017344
127658	0.001878500102
127659	0.001838123146
127660	0.0008657411206
127661	0.001190002825
127662	0.002437673254
127663	7.1951049e-05
127664	0.002731359007
127665	0.003506082588
127666	0.001765628322
127667	0.002769436388
127668	0.004803369221
127669	0.001284861631
127670	0.0002944050124
127671	0.000868467526
127672	0.001900320218
127673	0.002756459406
127674	0.004872516479
127675	0.0008578654229
127676	0.0001520974059
127677	0.00236703322
127678	0.002171262378
127679	0.002263412918
127680	0.004472458392
127681	0.0001901306357
127682	0.004033781761
127683	0.003003045788
127684	1.867217712e-05
127685	0.004323636603
127686	0.002020835701
127687	0.003667559981
127688	0.004634922899
127689	0.001691094256
127690	0.003928890218
127691	0.003647729123
127692	0.0009058568736
127693	0.0009388250177
127694	0.002439901566
127695	0.003139139886
127696	0.002740394263
127697	0.0002936489967
127698	0.002386861727
127699	0.00113968407
127700	0.003363717681
127701	0.004940038661
127702	0.005817268824
127703	0.0002567208984
127704	0.001969512781
127705	0.0007343117114
127706	0.004521795741
127707	0.004394045261
127708	0.002836240256
127709	0.001013624228
127710	0.0001739132932
127711	0.001591806306
127712	0.00158275106
127713	0.003189190824
127714	0.002920268335
127715	0.002954405791
127716	0.003122807587
127717	0.003368897515
127718	0.002440934925
127719	0.00634025047
127720	0.0001481143941
127721	0.005735771358
127722	0.0008518716346
127723	0.007738075028
127724	0.001504293427
127725	0.003039248277
127726	0.008342608726
127727	0.0001861479571
127728	0.006561893812
127729	0.001367126778
127730	0.00339859999
127731	0.0007935093025
127732	0.003208060668
127733	0.001460352528
127734	0.004044729067
127735	8.297364294e-05
127736	0.0005053810416
127737	0.002963768913
127738	0.003461047292
127739	0.003339726193
127740	0.003109808112
127741	0.003316978509
127742	0.001102735302
127743	0.00372451958
127744	0.00301978138
127745	0.0008303802357
127746	0.002214035373
127747	0.001266496717
127748	0.003327553839
127749	0.0005174201413
127750	0.002461469725
127751	0.001649522401
127752	0.001873544944
127753	0.004844759528
127754	0.001910262801
127755	0.00282031142
127756	0.002664100996
127757	0.001115875583
127758	0.006758134058
127759	0.004074944722
127760	0.002144826851
127761	0.002947967836
127762	0.001185102707
127763	0.001550706031
127764	0.004435944512
127765	0.004725936252
127766	0.003821228872
127767	0.002516330161
127768	0.004007292288
127769	0.001536238483
127770	0.003270640907
127771	0.002081130598
127772	0.003029553673
127773	0.0004715376803
127774	1.6185613e-05
127775	9.20982044e-05
127776	0.003076336522
127777	0.0004336155767
127778	0.003238849869
127779	0.002984821027
127780	0.00168479203
127781	0.0008890606797
127782	0.003573293763
127783	0.003675490151
127784	0.001888637108
127785	0.005150745956
127786	0.0008327168244
127787	0.003118599409
127788	0.003073508398
127789	0.003345124641
127790	0.002767491155
127791	0.003028735858
127792	0.003406349668
127793	0.002690065701
127794	0.003332912335
127795	0.003486743671
127796	0.003381223977
127797	0.003835469378
127798	0.003305817451
127799	0.00336616691
127800	0.003168625023
127801	0.003708209788
127802	0.003597033616
127803	0.003401463002
127804	0.003009186828
127805	0.003678087826
127806	0.003130689341
127807	0.003480090792
127808	0.004050444871
127809	0.003537439241
127810	0.003341656954
127811	0.004080208796
127812	0.003535635187
127813	0.003121794562
127814	0.003575246515
127815	0.003062440051
127816	0.002434713131
127817	0.003645533702
127818	0.003424661402
127819	0.003314862759
127820	0.00298873283
127821	0.002940601482
127822	0.003755340506
127823	0.0023608949
127824	0.003542748302
127825	0.002268663809
127826	0.003306663627
127827	0.004228387894
127828	0.0004751953514
127829	0.002910716187
127830	0.001360921804
127831	0.005376305137
127832	0.0006829196851
127833	0.001995671089
127834	0.0006500541125
127835	0.002327985249
127836	0.00405012687
127837	0.001583070812
127838	0.002196811468
127839	0.0007548711637
127840	0.0043057869
127841	0.003115452987
127842	0.0002644116841
127843	0.00151204719
127844	0.0008043176506
127845	0.002806201493
127846	0.002489514141
127847	0.004431401171
127848	0.003660517981
127849	0.001205376098
127850	0.001072066602
127851	0.001372369902
127852	0.003750308272
127853	0.002230123587
127854	0.0011823436
127855	0.001148998507
127856	0.001015076784
127857	0.0003446904245
127858	0.001432979086
127859	0.0005928096789
127860	0.0001225048043
127861	0.008653452181
127862	0.003767903519
127863	0.004348658907
127864	0.002223558202
127865	0.000313072731
127866	0.005153531922
127867	0.003689890873
127868	0.005374493351
127869	0.002420908794
127870	0.003976040365
127871	0.004539022723
127872	0.00027587519
127873	0.001916729772
127874	0.003228453632
127875	0.003132827468
127876	0.00299962023
127877	0.00347282007
127878	0.00207386824
127879	0.003789281072
127880	0.002772700726
127881	0.002983876383
127882	0.002909331388
127883	0.003001509216
127884	0.003478535701
127885	0.003192112965
127886	0.00305999793
127887	0.003271707502
127888	0.003823050712
127889	0.002983204404
127890	0.002628477674
127891	0.003460458799
127892	0.0035156553
127893	0.003573385371
127894	0.00275071202
127895	0.002387244922
127896	0.003846406399
127897	0.003148632551
127898	0.00378546415
127899	0.003461806471
127900	0.0031480475
127901	0.003772209212
127902	0.003095432793
127903	0.003715427258
127904	0.003457362094
127905	0.001520790819
127906	0.003554554619
127907	0.003217003277
127908	0.003613183254
127909	0.003018393939
127910	0.002554128545
127911	0.003583412317
127912	0.003463227416
127913	0.003220247054
127914	0.003196391525
127915	0.003020656864
127916	0.003912906567
127917	0.003028692068
127918	0.003350313398
127919	0.003195678421
127920	0.0033354534
127921	0.002953078808
127922	8.768866188e-05
127923	0.0004464293749
127924	0.001391007041
127925	0.003329346013
127926	0.002963014689
127927	0.004229633331
127928	0.003020799386
127929	0.003039655629
127930	0.003059506184
127931	0.003565166691
127932	0.00337146159
127933	0.00327811435
127934	0.003401790081
127935	0.003694562562
127936	0.003692735921
127937	0.003158854584
127938	0.003618548241
127939	0.003485592358
127940	0.003689352337
127941	0.003517994147
127942	0.003189456105
127943	0.003404198254
127944	0.002918311528
127945	0.003127915919
127946	0.003304316206
127947	0.003385823566
127948	0.003755922694
127949	0.003056527825
127950	0.003255460094
127951	0.002617064359
127952	0.002717948949
127953	0.003217491577
127954	0.002957852856
127955	0.003209429534
127956	0.003687009657
127957	0.003125711868
127958	0.003104003663
127959	0.003574514871
127960	0.002983730373
127961	0.00324879002
127962	0.003163066234
127963	0.002969381789
127964	0.003317723872
127965	0.003451805387
127966	0.003482564773
127967	0.003570766776
127968	0.003174229842
127969	0.003569045033
127970	0.003349715712
127971	0.003249428525
127972	0.003806143431
127973	0.003730093031
127974	0.003086854989
127975	0.00310337812
127976	0.003149057796
127977	0.002994863783
127978	0.003292275393
127979	0.003825153068
127980	0.002768388963
127981	0.0002279580016
127982	0.002392125109
127983	0.002256135317
127984	0.001058794671
127985	0.0002907854819
127986	0.007892140017
127987	0.004333916812
127988	0.002432824509
127989	0.002657964943
127990	0.002414919502
127991	0.001781060603
127992	0.0009388942971
127993	0.002800881008
127994	0.001868068943
127995	0.001387068935
127996	0.005450406751
127997	0.0003219797851
127998	0.002960840578
127999	0.009562974163
128000	0.004163824091
128001	0.001247336791
128002	0.0003396252014
128003	0.001670365779
128004	0.004530271548
128005	0.0007180453329
128006	0.0008514740533
128007	0.001103163715
128008	0.00262842917
128009	0.002163195488
128010	0.001114018369
128011	0.002335797078
128012	0.001051729982
128013	1.963373055e-05
128014	0.0009682919798
128015	0.003088428896
128016	7.71237692e-05
128017	0.0001600527508
128018	0.0001409902284
128019	0.0002024043481
128020	0.0002971073835
128021	7.893299168e-05
128022	0.0001114997255
128023	0.0003414971524
128024	0.0002300602072
128025	8.919962868e-05
128026	9.927924105e-05
128027	1.895995142e-05
128028	5.847316983e-05
128029	0.0001103215226
128030	7.271964862e-05
128031	9.362510926e-05
128032	1.030519051e-05
128033	3.248185827e-05
128034	9.247948229e-05
128035	0.0001719898303
128036	4.465683845e-05
128037	8.9365683e-05
128038	8.492674553e-05
128039	5.053093474e-05
128040	3.61572714e-06
128041	8.07318334e-05
128042	0.000199307672
128043	6.884439999e-05
128044	5.081140378e-05
128045	2.809186152e-05
128046	0.0001962262364
128047	5.997812302e-05
128048	0.0002379843674
128049	6.607172519e-05
128050	6.288395561e-06
128051	0.0001009276506
128052	0.0001464863344
128053	6.100563565e-05
128054	0.0001807219225
128055	3.094790913e-05
128056	0.000118713086
128057	0.0001739950968
128058	7.097744647e-05
128059	0.0001010190313
128060	5.821963343e-05
128061	0.0008637025752
128062	0.000286572357
128063	0.002706727058
128064	7.055772073e-05
128065	9.159134732e-05
128066	6.418139935e-05
128067	0.004941664373
128068	0.0001641016993
128069	2.39454609e-05
128070	1.582105468e-05
128071	4.497548539e-05
128072	5.339498606e-05
128073	0.003071355155
128074	7.676953432e-05
128075	7.76402875e-05
128076	0.0001087832011
128077	5.481244858e-05
128078	0.0004882639266
128079	0.001398678547
128080	0.0002497932335
128081	4.823213319e-05
128082	0.0002880873545
128083	6.954381202e-05
128084	8.880167656e-05
128085	0.0001494751926
128086	2.626394285e-05
128087	0.0002532521715
128088	0.002496842021
128089	0.0001341373361
128090	0.0001151590283
128091	7.403509758e-05
128092	0.0001222793975
128093	9.035619705e-05
128094	7.090940165e-05
128095	8.514774628e-05
128096	3.819742132e-05
128097	0.0001190817027
128098	0.0001040175918
128099	0.008266812612
128100	7.008997391e-05
128101	0.0003299599947
128102	0.0001007165645
128103	7.225540073e-05
128104	0.000218620358
128105	4.824323269e-05
128106	0.0001398121704
128107	7.493097178e-05
128108	0.0001602099893
128109	4.803524746e-05
128110	3.436680142e-05
128111	0.0001032932185
128112	6.384996419e-05
128113	0.0002949605214
128114	4.543553904e-05
128115	0.0001317358764
128116	5.33969217e-05
128117	9.641156696e-05
128118	6.229040317e-05
128119	0.0001144096296
128120	0.0003040049546
128121	3.363627134e-05
128122	7.136117703e-05
128123	9.454664946e-05
128124	5.123163292e-05
128125	0.0001071773469
128126	0.000218794779
128127	2.095688002e-05
128128	0.0003149320286
128129	0.000112374512
128130	0.0001314977898
128131	6.148322872e-05
128132	0.000118693117
128133	0.0001617589667
128134	9.349212606e-05
128135	7.557675432e-05
128136	6.339476922e-05
128137	9.788515107e-05
128138	3.915166017e-05
128139	8.580879641e-05
128140	0.0001766609399
128141	8.527079646e-05
128142	7.720972633e-05
128143	0.0001598348387
128144	0.0002902695811
128145	5.590152899e-05
128146	8.410385486e-05
128147	6.209514311e-05
128148	0.0002350985293
128149	4.581499456e-05
128150	4.964112189e-05
128151	8.293473423e-05
128152	7.813144499e-05
128153	0.0002361160712
128154	0.0001823074128
128155	6.806961116e-05
128156	2.181927792e-05
128157	9.298811354e-05
128158	1.883852146e-05
128159	5.785962459e-06
128160	0.0001570203517
128161	4.575239414e-05
128162	5.577267317e-05
128163	0.000333402435
128164	0.0001063133731
128165	8.45430113e-05
128166	0.0002301564259
128167	0.0001253393955
128168	0.0001139347919
128169	0.001468163548
128170	0.0032477343
128171	6.752295059e-05
128172	0.00011492532
128173	9.076883257e-06
128174	0.0001098717814
128175	0.0001968158034
128176	0.003016973789
128177	0.000508146091
128178	0.0004433726731
128179	0.001236938238
128180	0.001000947049
128181	0.001454625869
128182	0.00293145711
128183	0.001771252129
128184	0.0007271558311
128185	0.0002149823056
128186	1.731512536e-05
128187	0.0002737184962
128188	9.284776441e-05
128189	6.202176899e-05
128190	5.556099108e-05
128191	5.820865617e-05
128192	0.001353772041
128193	0.005577247467
128194	0.001621931451
128195	0.001638558176
128196	0.00561201269
128197	0.0005607956885
128198	0.0008901700432
128199	0.003001595311
128200	0.002345468663
128201	0.0002098837159
128202	0.001891499999
128203	0.003353245118
128204	0.001564696547
128205	0.003673507424
128206	0.001061240636
128207	0.001690022976
128208	0.001092813366
128209	0.0005721203347
128210	0.00241112028
128211	0.0005488284797
128212	0.0002022671242
128213	0.002690452198
128214	0.004968352577
128215	0.003522287929
128216	8.654762069e-08
128217	0.001385591172
128218	0.000677272476
128219	0.001250925306
128220	0.00149999918
128221	0.00180230589
128222	0.001289719305
128223	0.001039734359
128224	0.002792824274
128225	0.0001612252903
128226	0.0007885917001
128227	0.006247130675
128228	0.0008341662915
128229	0.003566166851
128230	0.0007902975413
128231	0.002465939139
128232	0.0003430605569
128233	0.0007928103992
128234	0.002351485957
128235	0.0004832886026
128236	0.0005059502577
128237	0.0006709340834
128238	0.001082581543
128239	0.0002346642346
128240	0.003552348045
128241	0.000246123795
128242	0.002112257817
128243	0.001579303899
128244	0.0009949282864
128245	0.00139501296
128246	0.002431902531
128247	0.0005504288524
128248	0.002694233889
128249	0.002984619778
128250	0.0004711378816
128251	0.004669977542
128252	0.001043412844
128253	0.001026295232
128254	0.001994935872
128255	0.005122606181
128256	0.002568820678
128257	0.004336712125
128258	0.004946380607
128259	0.009190036344
128260	0.0002236268163
128261	0.0004962934493
128262	0.00500862118
128263	0.002727563524
128264	0.0004373782361
128265	0.0001885646187
128266	0.003853187941
128267	0.002274160254
128268	0.003241844643
128269	0.0005128677723
128270	0.00190783987
128271	3.234915139e-05
128272	0.0006808311469
128273	0.001500719208
128274	0.0005571059729
128275	0.002532809167
128276	0.002194375482
128277	0.001677136068
128278	0.001672681375
128279	0.0005461986875
128280	0.00172308517
128281	0.0002433534885
128282	0.0003913423115
128283	0.0005244895234
128284	0.002673342891
128285	0.0008701561134
128286	0.001251898468
128287	0.0003498730493
128288	0.004092562114
128289	0.0003613694274
128290	0.003707013578
128291	0.0009893990496
128292	1.91879737e-05
128293	0.001600622015
128294	0.0006642753053
128295	0.001319535443
128296	0.0005028287413
128297	0.0001992503987
128298	6.52602502e-05
128299	0.0001410668896
128300	0.0002248665994
128301	0.003678292822
128302	0.00274912582
128303	0.0009222944972
128304	0.001442996689
128305	0.000163441933
128306	0.0001109202946
128307	0.004289616906
128308	0.0001393636725
128309	0.00235274976
128310	0.0004690533985
128311	0.001364131279
128312	0.000599605079
128313	0.00321702614
128314	0.0009064939466
128315	0.003461064717
128316	0.0001253274715
128317	0.0008882378769
128318	0.002308011184
128319	0.001030908645
128320	0.0008494894871
128321	0.002975517416
128322	0.0006061684204
128323	0.002081655738
128324	0.003028989285
128325	0.0001625704991
128326	0.0007365734407
128327	0.004157733159
128328	0.0002133491257
128329	0.0003744491277
128330	0.0002935524255
128331	0.001256122081
128332	0.001010356045
128333	0.004015410707
128334	0.001168869311
128335	0.002051141108
128336	0.001583227829
128337	0.0003999499263
128338	0.002982820037
128339	0.0004128597789
128340	0.001336532133
128341	0.004457686145
128342	8.07537902e-05
128343	6.87628064e-05
128344	0.0008663348567
128345	0.001764115446
128346	0.0004560620974
128347	0.0003549433415
128348	0.001743900534
128349	0.001055864133
128350	0.001924116075
128351	0.001371308745
128352	0.004220196107
128353	0.0002376076029
128354	0.0003360498652
128355	0.007863410553
128356	0.004718737356
128357	0.0009281662562
128358	0.00147108419
128359	0.004021991588
128360	6.39621828e-05
128361	0.002338406989
128362	0.003235245279
128363	0.0002571806338
128364	0.0003979534457
128365	0.0001574759371
128366	0.0003410919818
128367	0.001638846581
128368	0.001190418888
128369	0.001012649057
128370	0.002243251002
128371	0.001394605852
128372	0.004027748799
128373	0.002622879054
128374	0.002229770856
128375	0.001881893979
128376	0.0008677100734
128377	0.000665614022
128378	0.0002684746933
128379	0.001984961157
128380	0.001492527398
128381	0.001995567833
128382	0.000981168312
128383	0.001427209608
128384	0.001399733585
128385	0.001852276643
128386	0.003071315535
128387	0.0004813240564
128388	0.002315836467
128389	0.0003409322512
128390	0.002374519941
128391	0.0009154727785
128392	0.002962581315
128393	0.000163984848
128394	0.001118875871
128395	0.001511371634
128396	0.004229602586
128397	0.001019437049
128398	0.0009907303323
128399	0.0005868558826
128400	0.0006779683204
128401	0.0009775861536
128402	0.005275119208
128403	0.000706542602
128404	0.0008534912006
128405	0.00281996459
128406	0.002964295446
128407	0.005227349986
128408	0.00272980583
128409	0.003467092942
128410	0.001592973784
128411	0.005103711769
128412	0.0005075009492
128413	0.003243734127
128414	0.003295377264
128415	0.004913907462
128416	6.633447946e-05
128417	0.002975042105
128418	0.00141186525
128419	0.0006245895888
128420	0.001437382689
128421	0.001001124324
128422	0.001271031655
128423	0.000809445534
128424	0.002880058295
128425	0.001185877454
128426	0.006330488734
128427	0.002149622179
128428	0.003315916255
128429	0.005825627265
128430	0.002637241375
128431	0.003782936287
128432	0.001482781963
128433	0.001837299434
128434	0.0001236864967
128435	0.0002441809586
128436	0.0002924734838
128437	0.001839377003
128438	0.000203020191
128439	0.000658504386
128440	0.0007692368977
128441	0.002858353872
128442	0.0007004339316
128443	0.001965472116
128444	0.002919772778
128445	0.002048060019
128446	0.001811739155
128447	0.001479035017
128448	0.00676535638
128449	6.979295571e-05
128450	0.0002142655951
128451	0.0007903553723
128452	0.002890531351
128453	0.001444633838
128454	0.0003739855594
128455	0.00104297155
128456	0.001264945268
128457	0.00371365223
128458	0.0002153625861
128459	0.005823778934
128460	0.001155879394
128461	0.00537234388
128462	0.001055480786
128463	0.005984032843
128464	0.000728129179
128465	0.006269006224
128466	0.001044686237
128467	0.002277490506
128468	0.0009707938854
128469	0.004416422969
128470	0.0006976613369
128471	0.003803069731
128472	0.003599188987
128473	0.001173659923
128474	0.001154546174
128475	0.0003314558975
128476	0.001069528729
128477	0.003976513784
128478	0.001210111083
128479	0.003137635631
128480	0.0004981475416
128481	0.0007742336175
128482	0.002175804555
128483	0.002188806427
128484	0.0001267377146
128485	0.002427400711
128486	0.0008078453532
128487	0.001787934039
128488	0.0002429770271
128489	0.001007984287
128490	0.002244205048
128491	0.000360172114
128492	0.003517364381
128493	0.0009722650292
128494	0.0005538833932
128495	0.003286887902
128496	0.00392893448
128497	0.003781717341
128498	0.007835570738
128499	0.001236297529
128500	0.007608224055
128501	0.005646686659
128502	0.0001578220917
128503	0.0005512845188
128504	0.0002169607903
128505	0.001882978518
128506	0.0009591833485
128507	0.004467876786
128508	0.0003930623124
128509	0.002010799654
128510	0.0003555039632
128511	0.002670959906
128512	0.00109685382
128513	0.004462644612
128514	0.001706558888
128515	0.002733169017
128516	0.0009579928058
128517	0.000530899895
128518	0.003939247167
128519	0.001306532217
128520	0.001591367804
128521	0.002492884975
128522	0.002509347651
128523	0.0002204914269
128524	0.002144440082
128525	0.002580347499
128526	3.888725188e-08
128527	0.000978628643
128528	0.0004467150057
128529	0.002383712661
128530	0.004195822743
128531	0.002909831631
128532	0.003318253542
128533	0.003533209304
128534	0.0001133175594
128535	0.0003281740982
128536	0.002452008811
128537	0.001299657403
128538	0.00156112322
128539	0.00411370862
128540	0.001266465306
128541	0.003005010467
128542	0.00261610941
128543	0.002383272708
128544	0.002850081706
128545	0.001473680503
128546	0.000135674852
128547	0.001090639808
128548	0.002683220234
128549	0.003278100884
128550	0.0007730920143
128551	0.002631988233
128552	0.002902033096
128553	0.001137301154
128554	0.001969132889
128555	0.003967941726
128556	0.000268723579
128557	0.0004670502688
128558	0.001136115226
128559	0.003348386868
128560	0.004877953108
128561	0.004636275418
128562	0.002281773764
128563	0.0002940280914
128564	0.0002915792363
128565	0.003299341242
128566	0.0009102773021
128567	3.826069971e-06
128568	0.0003109073613
128569	0.002935470957
128570	4.829604641e-05
128571	0.0008940039691
128572	5.900278024e-05
128573	0.0002333650213
128574	0.0007580991667
128575	0.002171787786
128576	0.001500514368
128577	0.004802496259
128578	0.0002236364447
128579	0.0004377894597
128580	0.004262424803
128581	0.006541358074
128582	0.001749885818
128583	0.00291066666
128584	0.001963039216
128585	0.0008032532519
128586	0.005178663315
128587	0.001551777921
128588	0.004669186708
128589	0.0003166653779
128590	0.00272961698
128591	0.000668120196
128592	0.005938651845
128593	0.0008329847399
128594	0.0005997092481
128595	0.0002347564134
128596	7.02819521e-05
128597	0.0008381070831
128598	0.0008225253626
128599	0.001607890229
128600	0.00175685705
128601	0.0004547654226
128602	0.0006594037877
128603	0.0008617243886
128604	4.231802163e-06
128605	0.0004281034221
128606	0.002763222437
128607	0.002619451983
128608	0.0002389435908
128609	0.00310441401
128610	0.003953050331
128611	0.002622560593
128612	0.002577193304
128613	0.005949937297
128614	0.006340042032
128615	0.001771957629
128616	0.003771056238
128617	0.001405504729
128618	0.0006064719659
128619	0.001405158095
128620	0.001224875664
128621	0.002045437264
128622	0.001994550551
128623	0.001703440813
128624	0.0003519173271
128625	0.0002714125023
128626	0.0055909709
128627	0.0008790588605
128628	0.002974880369
128629	0.002588403063
128630	0.002703473447
128631	0.006219120616
128632	0.000623965151
128633	9.137623931e-06
128634	0.0002317152457
128635	0.001581773801
128636	0.0006126993271
128637	0.003286181429
128638	0.002999185428
128639	0.0002902375345
128640	0.0001668735778
128641	0.0005755659463
128642	0.001029157974
128643	0.001441576593
128644	0.003377013453
128645	0.001002616854
128646	0.002194521773
128647	0.002033944911
128648	0.0006997755392
128649	0.005329151097
128650	0.002623628063
128651	0.003009881253
128652	0.002282867411
128653	0.001330276012
128654	0.001537239031
128655	0.003072122923
128656	0.00436480718
128657	0.006006999159
128658	0.002704710852
128659	0.001557821331
128660	0.0007822399242
128661	0.002066472619
128662	0.00557904948
128663	0.005365702855
128664	0.005958482115
128665	0.006521480527
128666	0.00265116225
128667	0.001419885984
128668	0.0003334164478
128669	0.002468250427
128670	0.001636576714
128671	0.005212591274
128672	0.0007023119911
128673	0.00166225884
128674	0.002692939497
128675	0.002234125059
128676	0.001710463813
128677	0.001064007153
128678	0.00323590111
128679	0.001940244831
128680	0.009515694413
128681	0.001302628608
128682	0.004685456181
128683	0.000490490918
128684	0.004374756626
128685	0.001006202988
128686	0.002202833439
128687	0.001918379096
128688	0.0013202629
128689	0.0006634966809
128690	3.507213413e-05
128691	0.0004265318374
128692	0.0001510185853
128693	0.0005020937587
128694	0.0001718710054
128695	0.00319810136
128696	0.002582198284
128697	0.0009446794567
128698	0.001858823294
128699	0.0005818005262
128700	0.003366029544
128701	0.0007057559458
128702	0.001604632941
128703	0.000512826704
128704	0.0007783439
128705	0.003904325594
128706	0.004015861184
128707	0.001516168812
128708	0.002411450913
128709	0.0002984638171
128710	0.00320638057
128711	0.002907859751
128712	0.008405767216
128713	0.00355797712
128714	0.001712614416
128715	0.00151543944
128716	0.002402452243
128717	0.003525738536
128718	0.00332548986
128719	0.00227452009
128720	0.004143454886
128721	0.0002905742875
128722	0.004174980668
128723	0.001746096454
128724	0.001138432745
128725	0.001058504981
128726	0.003575761168
128727	0.0005350633648
128728	0.0006935089378
128729	0.0008784711508
128730	0.001308138575
128731	0.003792171039
128732	0.004727952378
128733	0.005137849759
128734	0.0007333238734
128735	0.0007917710569
128736	0.0020302164
128737	0.001073710017
128738	0.0003064482244
128739	0.003018993639
128740	0.003192830415
128741	0.001997999862
128742	0.002049409146
128743	0.001651398485
128744	0.001548709846
128745	0.001113520446
128746	0.001607398836
128747	0.002204026093
128748	0.002068909677
128749	0.0010618085
128750	0.00260687657
128751	0.002102447861
128752	0.001208441664
128753	0.0003064958219
128754	0.002558697575
128755	9.981427721e-08
128756	0.0002247214232
128757	0.001191210307
128758	0.0002514233583
128759	0.001297363391
128760	0.00101583428
128761	0.002007789608
128762	0.0006034057774
128763	0.002515423621
128764	0.0002151102716
128765	0.0032913037
128766	0.001165308378
128767	0.001327530438
128768	0.0009644977915
128769	0.0009299956671
128770	0.001516946009
128771	0.001068125458
128772	0.0008107808197
128773	1.860376063e-05
128774	0.002226630108
128775	0.0004594836712
128776	0.00560238986
128777	0.0005556542104
128778	0.00215997441
128779	0.003032215214
128780	0.001579445941
128781	0.001636386059
128782	0.0009652131254
128783	0.001752131038
128784	0.006469322266
128785	0.001056129691
128786	0.002952821246
128787	0.002281978182
128788	0.001943531748
128789	0.002434453245
128790	1.513941972e-05
128791	0.003574763866
128792	0.001569024046
128793	0.0001414595183
128794	0.003749203268
128795	0.0008713727855
128796	0.002733872735
128797	0.0030337505
128798	0.003981673535
128799	0.0007021570308
128800	0.001179856326
128801	7.222370169e-05
128802	0.002652464992
128803	0.0005214188851
128804	0.0004312728472
128805	0.001116647257
128806	0.003507954289
128807	0.001852909154
128808	0.001144158319
128809	0.002791161402
128810	0.0008128156216
128811	0.001036310227
128812	0.0003738637349
128813	0.001376704984
128814	0.001041472229
128815	0.0006159783928
128816	0.0002060990577
128817	0.00269694033
128818	0.0008149077026
128819	0.002505042876
128820	0.001557128667
128821	0.003101489243
128822	0.002150482313
128823	0.001497053494
128824	0.006223358777
128825	0.002578356159
128826	0.001818081104
128827	0.001913578685
128828	0.003057640154
128829	0.001603104982
128830	0.002550952735
128831	0.002938416579
128832	0.003369650359
128833	0.006656861868
128834	0.0008080789001
128835	0.003345262427
128836	0.001063105114
128837	0.001995933774
128838	0.0002588316657
128839	0.003781432567
128840	0.002438539943
128841	0.0007937780987
128842	0.001481540524
128843	0.002793785253
128844	8.155060062e-05
128845	0.001242648918
128846	0.0004190967552
128847	0.003080359444
128848	0.001437006103
128849	0.002402125586
128850	0.00267146801
128851	0.001796386426
128852	0.0005115209837
128853	0.007278069437
128854	0.0009903835844
128855	0.002136339304
128856	0.0005949218403
128857	0.0002377714067
128858	0.003555107826
128859	0.000146381279
128860	0.001921498001
128861	0.003514946297
128862	3.037907347e-05
128863	0.002448825847
128864	0.001349858545
128865	0.0007840236556
128866	0.0008896299949
128867	0.0008071036048
128868	0.002440535321
128869	0.002610054874
128870	0.001934174823
128871	0.001217092304
128872	0.002318196363
128873	0.001018525309
128874	0.005133560662
128875	0.001273126073
128876	0.0005539649579
128877	0.001921576762
128878	0.001302450545
128879	0.001100491311
128880	0.0009277151276
128881	0.00046768327
128882	0.001373820333
128883	0.001678350284
128884	0.0008362560243
128885	0.001380556797
128886	0.001298441217
128887	0.001436677768
128888	0.004098484889
128889	0.001661245829
128890	0.004663498662
128891	0.003252542132
128892	0.002083050583
128893	0.001779648573
128894	0.001574350653
128895	0.0003407511232
128896	0.0008269012869
128897	0.003101507946
128898	0.00272611249
128899	0.00150432379
128900	5.127466374e-05
128901	0.0007914813025
128902	0.0002066971858
128903	0.003287126784
128904	0.002413244927
128905	0.002295121114
128906	7.41544212e-05
128907	0.005973725785
128908	0.001552139614
128909	0.00244432227
128910	0.0001596837495
128911	0.002743038694
128912	0.002914388917
128913	0.001560138339
128914	0.000260389328
128915	0.0001161061643
128916	0.001796981848
128917	0.002575441333
128918	0.001562173343
128919	0.001537798755
128920	0.001133012835
128921	0.0007666841992
128922	0.002776514865
128923	0.000483198702
128924	0.006411020964
128925	0.003263202184
128926	7.833050649e-06
128927	0
128928	0.002808442171
128929	4.053768615e-05
128930	0.001538839426
128931	0.001241965286
128932	0.00425900211
128933	0.001650032722
128934	0.000504646073
128935	0.00567358495
128936	0.002359243961
128937	0.001780948588
128938	0.0003099094703
128939	0.003083840567
128940	0.00099955298
128941	4.581582475e-05
128942	0.00245183412
128943	0.007475859808
128944	0.002102962435
128945	0.004388923309
128946	0.001905134488
128947	0.00187634451
128948	0.0002901592474
128949	0.004385799452
128950	0.001101648109
128951	0.0005092333109
128952	0.00121334052
128953	0.001064551567
128954	0.000282832984
128955	0.002162875585
128956	0.004484013693
128957	7.591333066e-05
128958	0.00034077734
128959	0.0008910303039
128960	0.002442459791
128961	0.0009662982633
128962	0.001212699343
128963	0.0003105049684
128964	8.743394268e-05
128965	0.001295263135
128966	0.001789060424
128967	0.001562438678
128968	0.00231319308
128969	0.0004527325061
128970	0.002564190226
128971	0.0004304317387
128972	0.003505653574
128973	0.001126920408
128974	0.0001073289638
128975	0.0007827058089
128976	0.0008294548474
128977	0.001500157502
128978	0.0003734081842
128979	0.0003766595737
128980	0.000540937792
128981	0.001096891825
128982	7.749223892e-05
128983	0.004696925592
128984	0.002172957545
128985	0.002687462256
128986	0.0005849713039
128987	0.0005507681933
128988	0.0002965706074
128989	0.0003460800506
128990	0.0005709671526
128991	0.000345238362
128992	0.000342109803
128993	0.00132713887
128994	0.006203559595
128995	0.002838122956
128996	0.004974322257
128997	0.005111275113
128998	0.0005509260719
128999	0.0008855849273
129000	0.0001660455072
129001	0.001963656324
129002	0.004052849751
129003	0.001675275854
129004	0.001535003433
129005	0.001744779869
129006	0.001892192057
129007	0.002382153022
129008	0.001830407254
129009	0.0005975687848
129010	0.00545972464
129011	0.004342461174
129012	0.0007570726317
129013	0.0006408364357
129014	0.00147817522
129015	0.002666297008
129016	0.001917991043
129017	0.0001065081805
129018	0.002583376417
129019	0.003983738295
129020	0.003640471067
129021	0.005159870513
129022	0.002536518106
129023	0.0005445196341
129024	0.003922243624
129025	0.002001380709
129026	8.944115072e-05
129027	0.0006886685807
129028	0.0003821791033
129029	0.001469648454
129030	7.021404672e-05
129031	0.001716109755
129032	0.004825544124
129033	0.005985203565
129034	0.0005357248492
129035	0.00189935096
129036	0.002225438306
129037	0.004883020091
129038	0.0006964827542
129039	0.0003235593725
129040	0.0002652026605
129041	0.00152305611
129042	0.0005113735835
129043	0.0007931794905
129044	0.006907014574
129045	0.0006655196903
129046	0.004112337637
129047	0.0003155320938
129048	0.002112973591
129049	0.0008934857712
129050	0.0007570491207
129051	0.0002641280917
129052	0.0001259023466
129053	0.002386462132
129054	0.001395619075
129055	0.001108806228
129056	0.0009020800379
129057	0.0003891488542
129058	0.0002745212132
129059	0.0001255132341
129060	0.003688791295
129061	0.004989113169
129062	0.0003486883831
129063	0.004072531124
129064	0.007129140446
129065	0.002556865806
129066	0.000739595891
129067	0.0005391469268
129068	0.0006279266811
129069	0.002896195206
129070	0.0008300562727
129071	0.0001255782205
129072	0.0005563723671
129073	0.002583243409
129074	0.0008378346737
129075	0.009964385841
129076	0.001899068334
129077	0.0004220897672
129078	0.00158312498
129079	0.001262627761
129080	0.002578469553
129081	0.001749801265
129082	0.0001808812897
129083	0.002531462805
129084	2.164429768e-05
129085	3.903341907e-05
129086	0.000427479336
129087	0.006279583774
129088	0.0003697544296
129089	0.002656675023
129090	0.001966302645
129091	0.004555675717
129092	0.0008427551041
129093	0.0003990227732
129094	0.0009190509376
129095	0.004997322258
129096	0.005182815465
129097	0.003626177177
129098	0.001487864932
129099	0.006086123127
129100	0.0004477529381
129101	0.005255158825
129102	0.004299725479
129103	0.004515085387
129104	0.001677048097
129105	0.0002267159903
129106	0.001192936481
129107	0.003387143835
129108	0.001258689167
129109	0.0008879540379
129110	0.001294136582
129111	0.0003554795134
129112	0.0009576920212
129113	0.000637216818
129114	0.001190312096
129115	0.002621780978
129116	0.0006165962014
129117	0.001982426483
129118	0.003872301373
129119	0.001659478816
129120	8.200781009e-05
129121	0.001734364211
129122	0.001412757799
129123	0.0001275699815
129124	8.061981665e-05
129125	0.005677172639
129126	0.0003082747498
129127	0.0005193016962
129128	0.0001425518301
129129	0.0043460699
129130	0.001890056256
129131	0.002768219668
129132	0.002548452892
129133	0.00108830179
129134	0.003208247366
129135	0.002678740844
129136	0.0008903892514
129137	0.001485957038
129138	0.0004657452886
129139	0.0001897220618
129140	0.003303440204
129141	0.0008677014881
129142	0.003834543124
129143	0.0004130878732
129144	0.001498128002
129145	0.003878493146
129146	0.001668628087
129147	0.0004564010329
129148	0.002063284539
129149	0.001298369458
129150	0.0004362451867
129151	0.001789369957
129152	0.002668425638
129153	0.0007832797758
129154	1.827910623e-07
129155	0.0006944622478
129156	0.0007002318091
129157	0.0006873734789
129158	0.0008389749365
129159	0.001272682941
129160	0.0006086752084
129161	0.003371301531
129162	0.0004700062978
129163	0.001931010124
129164	0.00197339202
129165	0.0007130313365
129166	2.90158778e-05
129167	0.0004293186631
129168	0.002780559697
129169	0.002803438848
129170	0.003082234092
129171	0.0005206781409
129172	0.000661920409
129173	0.001808673763
129174	0.0007901466802
129175	0.001490496238
129176	0.00436397458
129177	0.001606420396
129178	5.547701111e-05
129179	0.001419958879
129180	0.001488857856
129181	0.0001591498407
129182	0.0003035304342
129183	0.001349532508
129184	0.0008002784342
129185	0.003578215192
129186	0.001008566784
129187	0.001324195599
129188	0.0002915835765
129189	0.004304271462
129190	2.042532259e-05
129191	0.003156941453
129192	0.0004013625463
129193	0.002438857553
129194	0.0008916254806
129195	0.002547399563
129196	0.001856255464
129197	0.0006828799074
129198	9.609714954e-05
129199	0.002999646695
129200	0.0006052379659
129201	0.0001072516984
129202	0.002232177294
129203	0.004269751475
129204	0.002065474189
129205	0.0005454017184
129206	0.0004804605115
129207	0.001016535394
129208	0.001879032072
129209	0.00149641046
129210	0.0005034429723
129211	0.004311024675
129212	0.003473753868
129213	0.004234691791
129214	0.00113723137
129215	0.002556864572
129216	0.002307838829
129217	0.001306945428
129218	0.004510087351
129219	0.004224213812
129220	0.0006243936874
129221	0.003253657246
129222	0.0001976324102
129223	0.0005162873301
129224	0.003308008011
129225	0.005001261795
129226	0.0003502904556
129227	0.0006582112934
129228	0.001321981662
129229	0.001123925004
129230	0.004877217775
129231	0.002802337533
129232	0.006088493889
129233	0.002900357562
129234	0.003606599846
129235	0.0009190153611
129236	1.118712424e-05
129237	0.001867378849
129238	0.00345884412
129239	0.005415933916
129240	0.0004680099617
129241	0.0002259449135
129242	0.006069431878
129243	0.0004443880246
129244	0.001096483034
129245	0.0006002267964
129246	0.003305468723
129247	0.004950325632
129248	0.0001919281044
129249	0.002883364497
129250	0.001461400059
129251	9.123368918e-05
129252	0.002356288214
129253	0.006756549607
129254	0.000458045065
129255	0.001341643706
129256	0.0004899697687
129257	0.001254606743
129258	0.0002052914961
129259	0.001473434716
129260	0.004197458088
129261	0.002175831172
129262	0.00654737997
129263	0.004515988984
129264	0.0009802149276
129265	0.008240148431
129266	8.363415059e-05
129267	0.0002467194938
129268	0.002853831334
129269	0.0004604745924
129270	0.001528882374
129271	0.0001332126797
129272	0.002022270771
129273	0.001672441976
129274	8.574441873e-05
129275	0.002400974757
129276	0.0003877247706
129277	0.0008286234319
129278	0.005996270448
129279	0.004815997298
129280	0.000224934255
129281	0.0004605591696
129282	0.00257742438
129283	0.0002618256478
129284	0.0004891298143
129285	0.0007048781197
129286	0.002268075751
129287	0.001167825193
129288	0
129289	0.0002433260605
129290	0.004758951113
129291	0.004015184006
129292	0.001397196662
129293	0.0009888220959
129294	0.001000650464
129295	0.001816394157
129296	0.002405187391
129297	0.00203377479
129298	0.001308355419
129299	1.942144353e-05
129300	0.004827070216
129301	0.0001092888612
129302	0.0008089935942
129303	0.001620086189
129304	0.002208740952
129305	0.001797918877
129306	0.0003269462747
129307	0.0003802144738
129308	0.002181866403
129309	0.004933476139
129310	3.565807095e-05
129311	0.00240138594
129312	0.0004778840508
129313	0.001579815815
129314	0.002315168432
129315	0.003323047815
129316	0.0007369299364
129317	0.0004055830476
129318	0.00233430662
129319	0.003488522256
129320	0.004337254006
129321	0.000205347898
129322	0.00575337661
129323	0.0001604605452
129324	0.002370433707
129325	0.002427429031
129326	0.001302160147
129327	0.0009152348218
129328	0.00115258107
129329	0.002698722776
129330	0.004608294165
129331	0.0006112526733
129332	0.0001147922481
129333	0.003020303782
129334	0.001204539429
129335	0.001370355588
129336	0.001669120493
129337	0.004613466879
129338	0.001632613936
129339	0.0008113397248
129340	0.00162139324
129341	0.00254441883
129342	0.005416690982
129343	0.00390497135
129344	0.005055941503
129345	0.001395597668
129346	0.002383222562
129347	0.0004766344059
129348	0.0004726749945
129349	0.0004357151772
129350	0.004302139347
129351	0.0002095405785
129352	0.00117375541
129353	0.0006489812457
129354	0.0006332665106
129355	0.002467232361
129356	0.0001213878218
129357	0.003244137637
129358	0.005917184462
129359	0.0001617764243
129360	0.0002219540278
129361	0.002454552276
129362	0.0009417310886
129363	0.005022119043
129364	0.006522861777
129365	0.001404199558
129366	0.000539417173
129367	0.001613501857
129368	0.003809300219
129369	0.004019781142
129370	0.000658946612
129371	0.0008092359549
129372	0.001736580553
129373	0.001432895304
129374	0.003654110945
129375	0.0004406991129
129376	0.005062102094
129377	0.005120612092
129378	0.001950842198
129379	0.0003570968005
129380	0.001462987522
129381	0.0003313307377
129382	0.001479495837
129383	0.005634960939
129384	0.004235473642
129385	0.0003270711777
129386	0.003624090021
129387	2.302864224e-05
129388	0.0003888411977
129389	0.001787659644
129390	0.0005156745501
129391	0.0005054807377
129392	0.0008708287785
129393	0.00414098362
129394	0.004134972606
129395	0.001116791972
129396	0.001873778964
129397	0.001971803671
129398	6.208267184e-06
129399	0.006812565145
129400	0.0003626044734
129401	0.001687424308
129402	0.0004841659342
129403	0.002066548103
129404	0.002259794752
129405	0.001611962443
129406	0.003237691075
129407	0.0004945631783
129408	0.0009738025218
129409	0.00340666375
129410	0.004094621369
129411	0.002089250549
129412	0.005422798587
129413	0.0007310296819
129414	0.004611300932
129415	0.0007605851367
129416	0.005131390839
129417	0.0005145992887
129418	0.003973841129
129419	0.002491292618
129420	0.001551866261
129421	0.0007552206551
129422	0.001545123279
129423	0.002780182067
129424	0.003148616188
129425	0.003092268028
129426	0.002177760384
129427	0.001664953891
129428	0.003505583925
129429	0.006799835425
129430	6.339319709e-06
129431	0.003481944658
129432	0.001877830452
129433	0.0003973515814
129434	0.004169365544
129435	0.001424676269
129436	0.000552584985
129437	0.003153383412
129438	0.007794223105
129439	0.005011906338
129440	0.001450846148
129441	0.005334272714
129442	0.002552276637
129443	0
129444	0.0008894685883
129445	0.005816993542
129446	0.0006022885409
129447	0.003453488767
129448	0.006660790081
129449	0.003778331803
129450	0.0009820237515
129451	0.003119146525
129452	0.001969116016
129453	0.002037911671
129454	0.0007792603484
129455	0.003577275178
129456	0.001654986194
129457	0.004470684548
129458	0.005565565617
129459	0.003383499482
129460	0.001600684868
129461	0.002220786084
129462	0.002488494286
129463	0.001673637358
129464	0.001195603942
129465	0.00233120369
129466	0.0008000031079
129467	0.004973258462
129468	0.000456414785
129469	0.002114768982
129470	0.002334320523
129471	0.002341971613
129472	0.004703224424
129473	0.0009940796109
129474	0.003952997705
129475	0.00115860072
129476	0.001506535813
129477	0.00283943489
129478	0.003419789642
129479	0.002843155894
129480	0.0008249102606
129481	0.0001656438829
129482	0.004549735769
129483	0.0001616299071
129484	0.003968974091
129485	0.0001307724305
129486	0.004057119291
129487	0.0001669212674
129488	0.002351252257
129489	0.001339298292
129490	0.003400988121
129491	0.003033473693
129492	0.0005313388962
129493	0.0008349028576
129494	0.004683031439
129495	0.001539261666
129496	0.001861681028
129497	0.001649062161
129498	0.0004485329057
129499	0.003445422976
129500	0.004131504678
129501	0.001359420068
129502	0.0005156993382
129503	0.002663757437
129504	0.001426261396
129505	9.881336578e-05
129506	0.003955729087
129507	0.0017666536
129508	4.832129075e-05
129509	0.002978428485
129510	0.0009329259204
129511	0.0007149669857
129512	0.002923644326
129513	0.0002691515519
129514	0.001014499062
129515	0.002296958182
129516	0.001665698673
129517	0.005819783236
129518	0.0001236358702
129519	0.0003392412758
129520	0.001539024162
129521	0.003157609143
129522	0.001175436501
129523	0.004530560776
129524	0.006106032566
129525	0.0004964650455
129526	0.0001318391
129527	0.002081572387
129528	0.001546532376
129529	0.00323213137
129530	0.001521626014
129531	0.0004531886045
129532	0.004477454829
129533	0.001805787448
129534	0.00217539205
129535	0.001047205223
129536	0.002332188755
129537	0.001654521051
129538	0.0005139581337
129539	1.48559981e-05
129540	0.001092849102
129541	0.001703755136
129542	0.0001971803122
129543	0.0009307721158
129544	0.003245813463
129545	0.0008926825254
129546	0.001120567939
129547	0.001428478253
129548	0.002671072696
129549	0.004123504369
129550	0.003748948858
129551	0.002007650542
129552	0.0001670967001
129553	0.0008159461244
129554	0.00545238429
129555	0.0005195587637
129556	0.0004695216568
129557	0.0003946851988
129558	3.565807095e-05
129559	0.001579837727
129560	0.00153408461
129561	0.001733019166
129562	0.001359645455
129563	0.003220872195
129564	0.001669631544
129565	0.001324209712
129566	0.003358986663
129567	0.000132857689
129568	0.001752466463
129569	0.0008751021159
129570	0.0005854983835
129571	0.003123967308
129572	0.001866104093
129573	0.0003512471984
129574	0.0003641220586
129575	0.00240875814
129576	0.002422919971
129577	0.0005024050985
129578	0.001030760351
129579	0.0009543567079
129580	0.004170380594
129581	0.005212324953
129582	0.003190671533
129583	0.004109658248
129584	0.003553103004
129585	0.0001142306249
129586	0.0008648918042
129587	0.0001904608868
129588	0.0009377041218
129589	0.003278074793
129590	0.001206005932
129591	9.661519438e-06
129592	0.001815070841
129593	0.0006243943785
129594	0.0004910259876
129595	0.001234553911
129596	0.0004916789468
129597	0.001851192678
129598	0.001712096589
129599	0.0002536524813
129600	0.004109423572
129601	0.002560083573
129602	0.0001703840205
129603	0.0009423578765
129604	0.001308667633
129605	0.001151111843
129606	0.003523263727
129607	0.003968163104
129608	0.002141837448
129609	0.0001128127454
129610	0.002554704163
129611	0.001544466418
129612	0.0004866743326
129613	0.0005884483393
129614	0.0006756442967
129615	0.002176107787
129616	0.00605261179
129617	0.001527030585
129618	0.002372392067
129619	0.00133912527
129620	0.0001728616394
129621	0.001057602472
129622	0.0001243747462
129623	0.000821387733
129624	0.001800511079
129625	0.0003274189464
129626	0.00358685249
129627	0.00169237309
129628	0.004693631929
129629	0.0007999657978
129630	0.006582631826
129631	0.002420108541
129632	0.004272383865
129633	0.0005625006353
129634	0.0002012835382
129635	0.003306454963
129636	0.001316462307
129637	0.0004067696024
129638	0.003665144699
129639	0.0003576364315
129640	0.00415854293
129641	0.004711832785
129642	0.002786162815
129643	0.003411270192
129644	0.002557869701
129645	0.0006583022828
129646	0.003459158735
129647	0.004422511298
129648	0.005969859537
129649	0.007631802511
129650	0.0001634081387
129651	0.005452105362
129652	0.002326636244
129653	0.001057624421
129654	0.0006095016209
129655	0.002249623758
129656	0.003057486584
129657	0.0005767534198
129658	0.004436663601
129659	0.003644074602
129660	0.00164121722
129661	0.006167332041
129662	0.001889333657
129663	0.001537862205
129664	0.001443535344
129665	0.002077560643
129666	0.0001566754883
129667	0.0002880962688
129668	0.002820307363
129669	0.001827498025
129670	0.0005708913949
129671	0.0006432143701
129672	0.0004379570609
129673	0.00250980267
129674	0.003427109299
129675	0.001969452183
129676	0.004558715712
129677	0.002588872379
129678	0.001192176507
129679	0.0001652308537
129680	0.0001180041583
129681	0.0004839505565
129682	6.371522792e-05
129683	0.002738408619
129684	0.002306353799
129685	0.001361599742
129686	0.0001907509319
129687	0.003005303234
129688	0.005000911272
129689	0.002708196401
129690	0.0009176760947
129691	0.00104422979
129692	0.0001037174166
129693	7.164683596e-05
129694	9.151035128e-05
129695	0.002492252906
129696	6.30899901e-05
129697	0.001947663806
129698	0.000278701279
129699	0.0006764162878
129700	0.0001278337965
129701	0.0003891453031
129702	0.0002588936278
129703	0.000278726071
129704	0.0002265145695
129705	0.001014337575
129706	0.0003110672718
129707	0.00754174576
129708	0.004600911859
129709	0.001564045779
129710	0.0002819185707
129711	0.001119024237
129712	0.0003745469967
129713	0.005761957877
129714	0.003694337516
129715	0.00323134908
129716	0.001676587034
129717	0.0001166493509
129718	0.002603260786
129719	0.0007422265557
129720	0.006132342428
129721	0.004892937323
129722	6.968750275e-05
129723	0.0007560803318
129724	0.0002376945831
129725	0.001272301728
129726	0.0007913514035
129727	0.001812938046
129728	0.0002974417882
129729	0.001359245183
129730	0.0001754301938
129731	0.0003403976006
129732	0.002883595564
129733	0.003849614003
129734	0.0001514653399
129735	0.003509533655
129736	0.007729615891
129737	0.001460243064
129738	0.004126072018
129739	0.00233904507
129740	0.000591152896
129741	0.003231736135
129742	0.001345129266
129743	0.002962002763
129744	0.002735980182
129745	0.002216630334
129746	0.002440335946
129747	0.002654954882
129748	0.002599515208
129749	0.002210618319
129750	0.002357050167
129751	0.002690864257
129752	0.002718916754
129753	0.00435733685
129754	0.0008402637257
129755	0.0008345453656
129756	0.0004639453449
129757	0.0006510814202
129758	0.002611054769
129759	0.0002505812913
129760	0.001308332743
129761	0.0006236568618
129762	0.0002004366709
129763	0.001522307663
129764	0.0008752721383
129765	0.000428565541
129766	0.0001403739256
129767	0.0001069080744
129768	0.0001147488984
129769	0.0007485834721
129770	0.001340412761
129771	0.0007710080876
129772	0.0009484782191
129773	0.0007518389951
129774	0.0007735621133
129775	0.0008142544151
129776	0.0008019478085
129777	0.001048249475
129778	0.0009284885906
129779	0.001420087203
129780	0.001453226638
129781	0.0005482539708
129782	0.00088356281
129783	0.0005568498352
129784	0.0008001103559
129785	0.0008088117677
129786	0.0002488820036
129787	0.0003858222811
129788	0.0004272823583
129789	0.0005794995831
129790	0.0005226646898
129791	0.001995361994
129792	0.000699612193
129793	0.001004095948
129794	0.003424706997
129795	0.004379439862
129796	0.004100543753
129797	0.00442941457
129798	0.004689100569
129799	0.004951385319
129800	0.004446316301
129801	0.004973695809
129802	0.00480598091
129803	0.004497375839
129804	0.004441125164
129805	0.004864836764
129806	0.004746468931
129807	0.004785042016
129808	0.004747248724
129809	0.004624894567
129810	0.001384089889
129811	0.001721967487
129812	0.00122833387
129813	0.0014959366
129814	0.001284547674
129815	0.001279526005
129816	0.001417956188
129817	0.001170323829
129818	0.001209374345
129819	0.001379204784
129820	0.001461796633
129821	0.001453066692
129822	0.001784712013
129823	0.0009088821286
129824	0.002374944417
129825	0.002784997174
129826	0.002225670329
129827	0.001829483807
129828	0.002788093913
129829	0.002666242025
129830	0.002726683305
129831	0.00213996064
129832	0.001584923746
129833	0.002817473298
129834	0.002463648539
129835	0.002361297525
129836	0.002944512245
129837	0.0009272656935
129838	0.002700615365
129839	0.002891023953
129840	0.002750072401
129841	0.002212193201
129842	0.002424333338
129843	0.002442898228
129844	0.001190610035
129845	0.0005703836768
129846	0.0004167154918
129847	0.00389006072
129848	0.00218638087
129849	0.004128548145
129850	0.0007050713193
129851	0.00174260889
129852	0.001227981117
129853	0.001766156281
129854	0.001576509957
129855	0.001352164665
129856	0.001668629321
129857	0.001946972219
129858	0.001918742182
129859	0.001698336294
129860	0.002118632987
129861	0.002005172663
129862	0.001735878041
129863	0.001527222011
129864	0.001643690417
129865	0.00176916947
129866	0.002864480899
129867	0.001548792933
129868	0.001835477107
129869	0.0004464288977
129870	0.0006877100205
129871	0.002289648744
129872	0.0009545499309
129873	0.001500498796
129874	0.0006145690832
129875	0.0009929704608
129876	0.0007558272207
129877	0.0007743083051
129878	0.001424847508
129879	0.002248960456
129880	0.000369374591
129881	0.001130080887
129882	0.001506509566
129883	0.001432540174
129884	0.0006811651856
129885	0.0005190804911
129886	0.003556833289
129887	0.003527619951
129888	0.003104481762
129889	0.003789027378
129890	0.003767763418
129891	0.003631954304
129892	0.003154952649
129893	0.003728297261
129894	0.003169354807
129895	0.003017372545
129896	0.003463712956
129897	0.003583401556
129898	2.678235702e-05
129899	0.001229398972
129900	0.000760541802
129901	0.001225346284
129902	0.0006558297724
129903	0.0009473545399
129904	4.283289655e-05
129905	0.001347154428
129906	0.001245680465
129907	0.0011437736
129908	0.001230962754
129909	0.000894355526
129910	0.0009896960976
129911	0.001253026334
129912	0.001854677899
129913	0.003246937738
129914	0.003663907276
129915	0.004281398613
129916	0.003173172362
129917	0.002084633127
129918	0.002484882224
129919	0.002608697478
129920	0.002950837139
129921	0.002813571512
129922	0.003321840879
129923	0.00286769786
129924	0.004161784182
129925	0.003100944545
129926	0.002608300694
129927	0.001980120676
129928	0.003450801695
129929	0.00363374965
129930	0.003407205959
129931	0.002946549609
129932	0.003307412873
129933	0.003072759671
129934	0.003669023938
129935	0.00312788494
129936	0.00314517641
129937	0.00360897461
129938	0.003306607139
129939	0.003197572675
129940	0.003495336521
129941	0.003217727431
129942	0.003280343902
129943	0.00320280276
129944	0.002930996166
129945	0.002723065253
129946	0.003598306673
129947	0.003453140903
129948	0.002271562556
129949	0.0005583601248
129950	0.001059364552
129951	0.002106913914
129952	0.001270884298
129953	0.001634913844
129954	0.001109126406
129955	0.001162752037
129956	0.0008719675092
129957	0.0001736238904
129958	0.0009989053068
129959	0.001491860088
129960	0.002386544901
129961	0.001645637791
129962	0.001469354404
129963	0.001303344793
129964	0.001677410603
129965	0.001377729565
129966	0.001235254683
129967	0.00118959178
129968	0.001599346023
129969	0.001474895672
129970	0.001583608886
129971	0.0003349779401
129972	0.0003794401266
129973	0.0009576392383
129974	0.0006850556272
129975	0.0009826719488
129976	0.0001140014478
129977	6.963130693e-05
129978	0.0005344266375
129979	0.000306321057
129980	0.0001760268729
129981	0.0004778883113
129982	0.000252180372
129983	0.0005346272758
129984	1.00768098e-05
129985	0.0006895917597
129986	3.524644252e-05
129987	0.0002230576996
129988	0.002929124133
129989	0.003797179181
129990	0.00382962063
129991	0.003898762032
129992	0.003205469627
129993	0.003226546444
129994	0.005128821164
129995	0.00396690383
129996	0.003618037964
129997	0.00362205751
129998	0.004170983626
129999	0.00418605784
130000	0.004235097526
130001	0.004031253457
130002	0.002530716326
130003	0.001516531676
130004	0.001558531625
130005	0.001245734868
130006	0.001046997451
130007	0.001754921237
130008	0.002133406215
130009	0.001332158586
130010	0.003050361569
130011	0.001324604678
130012	0.000868763997
130013	0.001060954471
130014	0.001406336317
130015	1.262637824e-05
130016	0.001265085313
130017	0.000869643632
130018	0.001552182785
130019	0.0004694417783
130020	0.001425823082
130021	0.00107209845
130022	0.0009492365441
130023	0.000982638218
130024	0.001068916311
130025	0.001070484262
130026	0.00109396529
130027	0.001106198957
130028	0.0006138586836
130029	0.001069635693
130030	0.001063792657
130031	0.0009800907802
130032	0.0008645788937
130033	0.001088063261
130034	0.001037359665
130035	0.00110694341
130036	0.001063388192
130037	0.00359650219
130038	0.003901612976
130039	0.003612729145
130040	0.003977570503
130041	0.003946939982
130042	0.00565491623
130043	0.004468709314
130044	0.003506714105
130045	0.004070192679
130046	0.003485067607
130047	0.004583250331
130048	0.003792369402
130049	0.003943850348
130050	0.004073925701
130051	0.003935491087
130052	0.003607417734
130053	0.004238916187
130054	0.003859262002
130055	0.003575973455
130056	0.003552027664
130057	0.003879483485
130058	0.0006698986239
130059	0.003409183098
130060	0.000303138671
130061	0.0008904683298
130062	0.0005663638578
130063	0.0006086438562
130064	0.0001083253183
130065	6.26733045e-05
130066	0.000324424877
130067	0.0001596567705
130068	0.0001189010758
130069	0.000456187557
130070	0.001586555165
130071	0.000190312592
130072	0.0001668315949
130073	0.00208173222
130074	0.0007157206659
130075	0.0001351092019
130076	0.0007093787421
130077	0.004593925563
130078	0.0002368670346
130079	0.002981290939
130080	0.001770925903
130081	0.003281070851
130082	0.003627360141
130083	0.003272761044
130084	0.003012512431
130085	0.003139817761
130086	0.003149012704
130087	0.002801572007
130088	0.003340277545
130089	0.003321027199
130090	0.003522025579
130091	0.002895153994
130092	0.003176927548
130093	0.0005095816226
130094	0.0008532414592
130095	0.00116144989
130096	0.0008262604151
130097	0.0008326831856
130098	0.0004008379989
130099	0.00021424058
130100	0.0005882634438
130101	0.0002937183135
130102	0.001556455875
130103	0.00116373802
130104	0.0004593539567
130105	0.001109019242
130106	0.0003843058878
130107	0.0001460056436
130108	0.0006073921791
130109	0.0001863637458
130110	0.0007104391496
130111	0.0008839507415
130112	0.0003912729691
130113	0.0008102542566
130114	0.0006285086875
130115	0.0007357667831
130116	0.0005673681897
130117	0.0003867955759
130118	0.001767098736
130119	0.0005775378698
130120	0.009683328164
130121	0.00908631594
130122	0.008955845262
130123	0.009280813616
130124	0.00886679143
130125	0.008995759029
130126	0.008858775831
130127	0.009475219142
130128	0.008636955609
130129	0.009465308026
130130	0.008149513614
130131	0.009514162905
130132	0.008322047032
130133	0.008414470723
130134	0.009075195903
130135	0.008839623017
130136	0.009053551148
130137	0.009703152194
130138	0.002861776112
130139	0.009174246544
130140	0.0002069946433
130141	0.004783293665
130142	0.002060358383
130143	1.413638251e-05
130144	0.0002888846431
130145	7.66455482e-05
130146	0.0005466416615
130147	8.862717384e-05
130148	0.005591868993
130149	0.002110779036
130150	0.007900428082
130151	0.001508293866
130152	0.001890368977
130153	0.001342596625
130154	0.001386404251
130155	0.0001059807517
130156	0.0004743614371
130157	0.0006828426414
130158	0.002206297873
130159	0.001414444685
130160	0.000550191757
130161	0.001106977792
130162	0.0001046603985
130163	0.0003976079623
130164	0.0001820944223
130165	0.001760625972
130166	0.0001968636616
130167	0.0009589649348
130168	9.499148763e-06
130169	7.309750097e-05
130170	0.001325819403
130171	0.001261548999
130172	0.0005938650643
130173	0.001423278471
130174	0.001277277325
130175	0.0009620125022
130176	0.002189277482
130177	0.002556557546
130178	0.0003039356424
130179	0.001306295664
130180	0.0005532985824
130181	0.001213383448
130182	0.001748271618
130183	0.00200423926
130184	0.001206360839
130185	0.0006534803523
130186	0.001253604791
130187	0.0003412779294
130188	0.00135302695
130189	0.0008755339391
130190	3.940022773e-06
130191	0.0002359696566
130192	0.000482654517
130193	0.001295977567
130194	0.003453965618
130195	0.001631010227
130196	0.00200399548
130197	0.0001468222291
130198	0.002529825169
130199	0.001170467062
130200	0.003258743591
130201	0.006862939628
130202	0.00297269635
130203	0.003385528215
130204	0.0009608289923
130205	0.0003736521658
130206	0.001388584111
130207	0.008742598225
130208	0.0003989115597
130209	0.000398658669
130210	0.00180207698
130211	0.001743514451
130212	0
130213	0.00198637862
130214	0.003249623875
130215	0.002760086357
130216	0.003610386412
130217	4.851620866e-05
130218	0.000686240528
130219	0.0006934681288
130220	0.001042129972
130221	0.0006999552355
130222	0.001541216046
130223	0.001268797103
130224	0.0001960871795
130225	0.0009480656025
130226	0.0002412138575
130227	0.004067173488
130228	0.002123036729
130229	0.0001179313046
130230	0.002585699536
130231	0.002788777406
130232	0.0007773585605
130233	0.00253989394
130234	0.0007148497813
130235	0.00265645657
130236	0.000407720241
130237	0.002936792069
130238	0.0004667160343
130239	0.000352162246
130240	0.0003226981098
130241	0.002819850705
130242	0.004290340972
130243	0.003101733338
130244	0.001457315925
130245	0.002213659389
130246	0.003438055388
130247	0.0008612342415
130248	0.0005091172266
130249	6.967259865e-05
130250	0.001889000484
130251	0.0009300069624
130252	0.001074172321
130253	0.00216301805
130254	0.006513010327
130255	0.004890626762
130256	0.002661289855
130257	0.003155204662
130258	0.0005377574151
130259	0.001084360884
130260	0.000886790926
130261	0.001439680001
130262	0.0001123009662
130263	0.001163961827
130264	0.003195019141
130265	0.001937369797
130266	0.003284151447
130267	0.000284924746
130268	0.000309269173
130269	0.001997533949
130270	0.0004161703744
130271	0.002041676548
130272	0.001043554058
130273	0.004307129933
130274	4.997725856e-05
130275	0.004511203975
130276	0.003330059254
130277	0.0001767912288
130278	0.001160640027
130279	0.003683313097
130280	0.001933261734
130281	0.001998836803
130282	0.002074692187
130283	0.001032937108
130284	0.00467358326
130285	0.005340159893
130286	0.0009259951885
130287	0.0003090754692
130288	0.0005783376727
130289	0.0006210622768
130290	0.001832540212
130291	0.0002172774828
130292	0.0004311213721
130293	0.0002852135953
130294	0.001614099715
130295	0.0006862791824
130296	0.0007055219619
130297	0.001420105698
130298	0.0005749306823
130299	0.002094112859
130300	6.96740353e-05
130301	0.005540617625
130302	0.003673051587
130303	0.0008759949349
130304	0.0002624592459
130305	0.003128622604
130306	0.002550911215
130307	0.001440146533
130308	0.004377052058
130309	0.001502860139
130310	0.005569983337
130311	0.0008359543653
130312	0.001559148761
130313	0.002114246443
130314	0.001528083748
130315	0.001631224636
130316	0.0001620306123
130317	0.00098912949
130318	0.006573351488
130319	0.001047187856
130320	0.0009554324233
130321	0.003678211855
130322	0.004129924175
130323	0.004777680627
130324	0.004004782616
130325	0.0003493441188
130326	0.0005999719
130327	9.001400693e-05
130328	0.002514003105
130329	0.0008329215096
130330	0.0009757931643
130331	0.001246695515
130332	0.002661495778
130333	0.0006209904279
130334	0.003164529406
130335	0.0002349685836
130336	0.003411335116
130337	0.0004628704535
130338	0.002120702327
130339	0.001282732993
130340	0.002816285098
130341	0.000696390754
130342	0.0001476017253
130343	0.0009654192085
130344	0.001978320976
130345	0.0003028367193
130346	0.001213913927
130347	0.0004061599021
130348	0.002092631448
130349	0.001375915029
130350	0.002757796947
130351	0.001389057962
130352	0.0003732418799
130353	0.004338731226
130354	0.0008890594215
130355	0.0005265478372
130356	0.003009768983
130357	0.001032206299
130358	2.818844818e-05
130359	0.003054512376
130360	0.001043016487
130361	0.002423364581
130362	0.004686598392
130363	0.002249632883
130364	0.001109768177
130365	0.004607528746
130366	0.0006261614346
130367	0.0004738064288
130368	0.001463987771
130369	0.002687365682
130370	0.001409639048
130371	0.002477022641
130372	0.0003835184522
130373	0.001180756606
130374	0.001521115944
130375	0.000451112437
130376	0.00613703601
130377	0.001764792215
130378	0.0001111665421
130379	0.0002091737034
130380	0.0008322174815
130381	0.005691781593
130382	0.001499561276
130383	0.0008954876535
130384	0.001404404272
130385	0.001760276508
130386	0.00341778604
130387	0.001158193978
130388	0.002561785957
130389	0.0006978472903
130390	0.001600189436
130391	0.007268791553
130392	0.0008372153967
130393	0.001615628013
130394	0.0001173749674
130395	0.002673345364
130396	0.002034610656
130397	0.0006995850945
130398	0.001063972665
130399	0.003523089046
130400	0.002139315765
130401	0.00199562632
130402	0.003077648246
130403	0.000649617499
130404	0.002207818376
130405	0.001620019428
130406	0.0001569631645
130407	0.001127506805
130408	0.002630997389
130409	2.256275472e-05
130410	0.002829650006
130411	0.002436320965
130412	0.0009213704625
130413	0.001082276988
130414	0.0006209154055
130415	0.001413025166
130416	0.0002908753289
130417	0.0009912037972
130418	0.002966282032
130419	0.0005320919142
130420	0.001150920592
130421	0.001634414548
130422	0.0006776409133
130423	0.001637355621
130424	0.002987602652
130425	0.002870701465
130426	0.0009584009573
130427	0.0002599079314
130428	0.0007345579904
130429	0.001409727575
130430	0.002285079895
130431	0.002291826716
130432	0.002515118513
130433	0.002868661946
130434	0.002545050155
130435	0.001822230328
130436	0.003667307871
130437	6.604743099e-05
130438	0.0003905983239
130439	0.0009840557761
130440	0.002688200683
130441	0.002843570064
130442	0.001088223127
130443	0.0007653480229
130444	0.0001625030562
130445	0.0006820127696
130446	0.005212645414
130447	0.005932780063
130448	0.004095855862
130449	0.00179175149
130450	0.005783092091
130451	0.0005060996076
130452	0.0004862456051
130453	0.004296704966
130454	0.002338851735
130455	0.00012384593
130456	0.001470904778
130457	0.0009492574745
130458	0.00143806272
130459	0.004625705276
130460	0.001524679406
130461	0.001470308163
130462	0.002192112856
130463	0.002079689188
130464	0.0002503575112
130465	0.002483761038
130466	0.00194930194
130467	0.005990321428
130468	0.001617775681
130469	0.0002756206255
130470	0.001480670856
130471	0.001780793635
130472	0.00533612333
130473	0.001600779223
130474	0.001125701622
130475	0.001816988134
130476	0.002763062602
130477	0.00134341973
130478	0.001119444041
130479	0.0001127368239
130480	0.000401710072
130481	0.0007429916181
130482	0.0005478230479
130483	0.0009444965078
130484	0.003181457236
130485	0.0003166932097
130486	0.001196477082
130487	0.001460007888
130488	0.00513553723
130489	0.003313456905
130490	0.001165016669
130491	0.00182167963
130492	0.0003434904033
130493	0.001170530114
130494	0.0001064082998
130495	0.001444751261
130496	0.0005022129458
130497	0.0001602774237
130498	0.0006333443796
130499	0.0008167505521
130500	0.005873178968
130501	0.002742333186
130502	0.0001156683885
130503	0.0008184848375
130504	0.001643601142
130505	7.00684675e-05
130506	0.0008267254861
130507	0.004455797018
130508	0.0006854456921
130509	0.0007727320711
130510	0.002390037323
130511	0.001592346252
130512	0.0004358924451
130513	0.002337228629
130514	0.001601551845
130515	0.0003070157701
130516	0.00630839518
130517	0.0004333718914
130518	0.0004424143345
130519	0.00182911632
130520	0.0001132552092
130521	0.002159799596
130522	0.004339339243
130523	0.002541568998
130524	0.00218440317
130525	0.003222524218
130526	0.0003915236637
130527	0.0007420213081
130528	0.00347886414
130529	0.0004789015708
130530	0.001602238863
130531	0.003384474754
130532	0.0005296444586
130533	0.001833084774
130534	0.0005014509512
130535	0.00113028145
130536	0.000461783989
130537	0.0003407143617
130538	0.0004811461072
130539	0.0001005556943
130540	0.000552238557
130541	0.003180482292
130542	0.0002870179455
130543	0.006003852853
130544	0.0005057806798
130545	0.002806559029
130546	0.0007464670952
130547	0.0009887302316
130548	0.00309647373
130549	0.001016945513
130550	0.001775459044
130551	0.002942916447
130552	0.003166248209
130553	0.001115362031
130554	0.003164635194
130555	0.0005079197146
130556	0.003198126125
130557	0.003404225071
130558	0.002641889402
130559	0.002315580434
130560	0.00129705284
130561	0.002933595711
130562	0.0007191517873
130563	0.004374361236
130564	0.00267333417
130565	0.001412577527
130566	0.003852884328
130567	8.243246665e-05
130568	0.002352539593
130569	0.00318640819
130570	0.002368049719
130571	0.003645745995
130572	0.001340719061
130573	0.0008242067829
130574	0.00207167876
130575	0.001296861574
130576	0.001126715454
130577	0.005236472058
130578	0.002746775837
130579	0.001972365441
130580	0.001121213518
130581	0.001687700644
130582	0.003954683242
130583	0.003396523738
130584	0.002024679866
130585	0.001615032535
130586	0.002081824787
130587	0.003093404944
130588	0.001329942911
130589	0.001359493078
130590	5.772647753e-05
130591	0.001206397081
130592	0.002489071406
130593	0.002035212326
130594	0.001928971398
130595	0.004079568595
130596	0.0009838835943
130597	0.000826253594
130598	0.0003862484107
130599	0.001417822293
130600	0.0004502834085
130601	0.0005317852788
130602	0.002868462108
130603	0.001136626546
130604	0.002060934378
130605	0.00315011
130606	0.002658329575
130607	0.004677866798
130608	0.002031258029
130609	0.0008437853034
130610	0
130611	0.0005069463768
130612	0.001698648399
130613	0.0007840121633
130614	0.0007649393122
130615	0.003153912969
130616	0.00065875188
130617	0.0005383752364
130618	0.000727535108
130619	0.001679151599
130620	0.003146439266
130621	0.00292566777
130622	0.0004468137233
130623	0.0003573105588
130624	0.0009272508564
130625	0.0006496968244
130626	0.0004209468192
130627	0.0006446388855
130628	0.0003346556183
130629	8.955253387e-05
130630	0.002328094409
130631	0.0003002530557
130632	0.0004789267424
130633	0.0002402579271
130634	0.002581298171
130635	0.0002168603525
130636	0.003976971962
130637	0.003233573334
130638	0.002802918979
130639	2.671080114e-05
130640	0.0009789778071
130641	0.001332335573
130642	0.001492316194
130643	0.00184323695
130644	0.001710553504
130645	0.002785913653
130646	0.001331724654
130647	0.001538885432
130648	0.00359880092
130649	0.003004229586
130650	0.002026520456
130651	0.001459782624
130652	0.001924060141
130653	0.002287686624
130654	0.005442583507
130655	0.001592714211
130656	0.001739262668
130657	0.0001818928298
130658	0.002020891018
130659	4.714411237e-05
130660	0.0009990360645
130661	0.000379521656
130662	0.002844889615
130663	0.002268491344
130664	0.001602043344
130665	0.001166240873
130666	0.0006532976445
130667	0.001716361919
130668	0.0006142925344
130669	0.002743924778
130670	0.003146413936
130671	0.002257155333
130672	0.001298302341
130673	0.0002287030009
130674	0.001373752608
130675	0.00293449387
130676	0.0002540889565
130677	0.0001665641091
130678	0.000241847624
130679	0.001555264341
130680	0.0003781435018
130681	0.001368683148
130682	0.001985556984
130683	0.0001700972408
130684	0.002054967858
130685	0.000896808482
130686	0.001048194093
130687	0.003152285849
130688	0.001011447095
130689	0.0009381404647
130690	0.0002789647079
130691	0.002990297697
130692	0.000234739568
130693	0.001422820207
130694	0.0005136467216
130695	0.001410480195
130696	0.004355220843
130697	0.003480803772
130698	0.0002482687386
130699	3.735913311e-05
130700	0.001012524324
130701	6.491775934e-06
130702	0.0002367766975
130703	7.435138686e-05
130704	7.044453146e-05
130705	0.0002286663873
130706	0.005177374778
130707	0.0008068018457
130708	0.001370617622
130709	6.443344386e-05
130710	0.001210442918
130711	0.0003499725324
130712	0.0008300973796
130713	0.001090744871
130714	0.000392408577
130715	0.0007912337025
130716	0.0005837799194
130717	3.25005018e-05
130718	0.0004536879596
130719	0.0005518694052
130720	0.005409043701
130721	2.122396152e-05
130722	0.0006094735948
130723	0.002328281095
130724	0.0009474644994
130725	0.0001281002367
130726	0.0002692453085
130727	1.574947805e-05
130728	0.0006855740564
130729	0.0007944000377
130730	0.000693701131
130731	0.001967308522
130732	0.0003678515661
130733	0.006052853989
130734	0.003910731159
130735	0.001782538538
130736	0.0007019161705
130737	9.1264309e-05
130738	0.002263115141
130739	0.004221586745
130740	0.001788174964
130741	0.001351427424
130742	0.0003400636723
130743	0.001093895596
130744	0.0006006344572
130745	0.0004338652219
130746	0.001126891779
130747	0.0005947579661
130748	0.002513594077
130749	0.0007373622241
130750	0.001775002389
130751	0.0004181089344
130752	0.0007713520402
130753	0.0002355416092
130754	0.005018724865
130755	0.001070289693
130756	0.001115009686
130757	0.0001206595464
130758	0.002513627958
130759	0.004685262103
130760	0.0003583304592
130761	0.001950010899
130762	0.0002363569465
130763	0.0001008612696
130764	0.002713337682
130765	0.00319950442
130766	0.0005415667709
130767	0.004811298346
130768	0.0003075158599
130769	0.0009597439473
130770	0.0005808179988
130771	0.002744854005
130772	0.0002129368134
130773	0.0002923528742
130774	0.004173673882
130775	0.001512582351
130776	0.0001006541163
130777	0.007178123594
130778	0.001978310055
130779	0.001961273173
130780	0.0006350972264
130781	0.004526537297
130782	0.004875644169
130783	0.0003603196159
130784	0.001824273089
130785	0.0007607130498
130786	0.001361342555
130787	0.001078831805
130788	0.0002489767628
130789	0.004099343504
130790	0.006678956639
130791	0.003686378842
130792	0.004445604263
130793	0.005275907851
130794	0.004413574018
130795	0.0001026291577
130796	0.00185337256
130797	0.0006551930856
130798	0.0006236185049
130799	0.0008392713877
130800	0.0006952171719
130801	0.0003005550143
130802	0.003100725604
130803	0.001541347471
130804	0.002383833387
130805	0.002055493693
130806	0.002125253943
130807	0.007299532874
130808	0.003471778598
130809	0.003232471632
130810	0.002035036073
130811	0.007942752348
130812	0.005774522291
130813	0.0003324985576
130814	0.001192478817
130815	0.0006629615416
130816	0.0003723167395
130817	0.002929743978
130818	0.0005255989555
130819	0.001494865326
130820	0.001745815392
130821	0.004725968981
130822	0.0006478218083
130823	0.0006259413641
130824	0.0007565599249
130825	0.001464093023
130826	8.575280345e-05
130827	0.001732061433
130828	0.004395329308
130829	0.005881616202
130830	0.0003704474057
130831	0.0001008086537
130832	0.0006026622662
130833	0.002319612895
130834	0.002683290925
130835	0.0009644151123
130836	0.0003115064918
130837	0.0005619289764
130838	0.0003409963439
130839	0.0003021343122
130840	0.000767064802
130841	0.0001176635873
130842	0.000155228743
130843	0.001230305291
130844	0.0007892385578
130845	0.0001647355414
130846	0.0002309007714
130847	0.001454870628
130848	5.740748109e-05
130849	0.000383746986
130850	0.0002788440323
130851	0.001428601565
130852	0.002895630151
130853	0.002766757386
130854	0.0005348984148
130855	0.0001245774559
130856	2.469192081e-05
130857	0.0007402293769
130858	8.152750548e-06
130859	0.0003581461038
130860	0.00030744078
130861	1.562296916e-05
130862	0.001964969269
130863	7.289191689e-05
130864	0.001867787072
130865	0.0007964385272
130866	0.001500040182
130867	0.003376998216
130868	0.0008514340048
130869	4.04953512e-06
130870	0.0006675998422
130871	0.0004778101304
130872	0.0003235459125
130873	0.005882605935
130874	5.312463204e-05
130875	0.0001855438085
130876	0.001471304059
130877	0.003359817357
130878	0.001554107805
130879	0.001155062093
130880	0.0008770932692
130881	0.001173308631
130882	2.199098576e-05
130883	0.001576004936
130884	0.003146603793
130885	0.005961702802
130886	0.002862882427
130887	0.0006730018694
130888	0.0002156112514
130889	0.002861219032
130890	0.003042895055
130891	0.001383015189
130892	0.0007614723014
130893	0.002274459871
130894	0.002640581829
130895	0.0003775407598
130896	0.006038775594
130897	0.004585593132
130898	0.0008126648624
130899	0.002536102153
130900	5.266483195e-07
130901	0.0009931928635
130902	0.0002078523229
130903	0.0004843929877
130904	0.0006076549003
130905	0.001567705701
130906	0.0007501778053
130907	0.002513636904
130908	0.0004549585855
130909	0.002650649876
130910	9.322799542e-05
130911	0.0008004717364
130912	0.0002978949318
130913	0.00276459504
130914	0.00185222422
130915	0.003657769946
130916	0.002421392763
130917	0.0004203327689
130918	0.0005445155684
130919	0.0002240185976
130920	0.0004151988691
130921	0.0001209356874
130922	0.007846378772
130923	0.002831191488
130924	0.002221343762
130925	0.000670850437
130926	0.0008985765089
130927	0.001327379941
130928	0.0004122100284
130929	0.002299788774
130930	0.00026539343
130931	0.0002744733871
130932	0.005264224427
130933	0.004284558533
130934	0.001495888632
130935	0.0007722664848
130936	0.004921109695
130937	0.00660510356
130938	0.000264759822
130939	0.002224226855
130940	0.0004004683177
130941	0.004261963591
130942	0.001947941719
130943	0.0007603227233
130944	0.001110108524
130945	0.001347640793
130946	0.002074318144
130947	0.001382545862
130948	0.001193868345
130949	0.002090272437
130950	0.0002128885009
130951	0.001341338933
130952	0.001057102731
130953	0.00497463024
130954	0.0004156047669
130955	0.001592334143
130956	0.0003696506409
130957	0.001377865153
130958	0.002207731581
130959	0.006685494142
130960	0.0003954732503
130961	0.003262931613
130962	0.0005075658611
130963	0.004977444575
130964	0.002154463529
130965	3.075835933e-05
130966	0.002603362997
130967	0.005226088
130968	0.003088998082
130969	0.003921317946
130970	0.001189701803
130971	0.003759094993
130972	0.002110059935
130973	0.001849638055
130974	0.002292207554
130975	0.0008551562172
130976	0.002578188926
130977	0.0008255261748
130978	0.00189708136
130979	8.852138975e-05
130980	0.0004493833885
130981	0.001444262003
130982	0.0008838232412
130983	0.001240125665
130984	0.004508234969
130985	0.0001990814006
130986	0.007314646087
130987	0.000544240198
130988	0.001341715055
130989	0.005659468602
130990	0.002552698691
130991	1.630839407e-05
130992	0.006472363975
130993	8.843579945e-06
130994	0.002163229714
130995	9.819342067e-05
130996	0.0004501268852
130997	0.002578650873
130998	0.001774058108
130999	0.001700861558
131000	0.001867105692
131001	0.0005199588256
131002	0.0001718568748
131003	0.002690551033
131004	0.0007335954396
131005	0.001328559994
131006	0.0002303142192
131007	0.0001954916466
131008	0.0006745079892
131009	0.0003479308044
131010	4.037831677e-05
131011	0.0001817674694
131012	0.0005413112776
131013	0.0001331197284
131014	0.0004790985436
131015	0.0002418379605
131016	0.0006023452699
131017	0.0002380543707
131018	0.001363007343
131019	0.001208927163
131020	0.004422219365
131021	0.004317562999
131022	0.001074857707
131023	0.00155776413
131024	0.001602946218
131025	0.001594386718
131026	0.002197048871
131027	0.002037822949
131028	0.00252845272
131029	0.004303054156
131030	0.0001465271838
131031	0.000639374809
131032	0.0007599324329
131033	0.002805972443
131034	0.001697903484
131035	0.004860767208
131036	0.002555833956
131037	0.002510227389
131038	4.543072577e-05
131039	0.002788450838
131040	0.0005572217856
131041	0.002730902241
131042	0.002772177211
131043	0.003404180162
131044	0.0002561344391
131045	0.0001378909624
131046	0.001804426227
131047	0.001783484461
131048	0.000883230912
131049	0.001390234296
131050	0.002389351246
131051	0.004282321133
131052	0.001719841879
131053	0.0008752323689
131054	0.006608895862
131055	0.0008868722852
131056	0.005249965476
131057	0.0001280191964
131058	0.00279512112
131059	0.001544381919
131060	0.000217208938
131061	0.0005833964539
131062	0.002293411601
131063	0.003520117307
131064	0.004764286718
131065	0.004642513101
131066	0.00236388503
131067	0.000629510601
131068	0.0004385235507
131069	0.002379084538
131070	0.000883654587
131071	0.00181964059
131072	0.0004276683305
131073	0.000745129617
131074	0.0002147906797
131075	0.002975984581
131076	0.003078818337
131077	0.0005395925411
131078	0.0005092995885
131079	0.0008975426543
131080	0.000671746719
131081	0.00580958819
131082	0.002118336643
131083	4.433788377e-05
131084	0.00191269037
131085	0.002485060275
131086	9.136225877e-05
131087	0.003497295771
131088	0.004195155406
131089	0.001672738128
131090	0.003152997811
131091	0.001104386644
131092	0.0001573509498
131093	0.0006332843985
131094	0.001846884413
131095	0.005561147862
131096	0.005403508135
131097	0.001997104007
131098	0.003597291912
131099	0.0001244563672
131100	0.003025925461
131101	0.004487122411
131102	0.003652174221
131103	0.003753920397
131104	0.00160596871
131105	0.003994316486
131106	2.104135309e-05
131107	0.003588723029
131108	0.0002732785198
131109	0.001634083867
131110	0.001371914735
131111	0.0005774387194
131112	0.0008767452586
131113	0.004384045908
131114	0.0004714021454
131115	6.195161967e-05
131116	0.0008452917933
131117	0.0004162706818
131118	4.76984456e-06
131119	0.001468659641
131120	0.003768876001
131121	0.007480185149
131122	0.0008530021186
131123	0.002246117431
131124	0.0002708903447
131125	0.008334143386
131126	0.0007076773314
131127	0.001153552695
131128	0.001250052519
131129	0.004606518896
131130	0.001456485177
131131	0.001729059834
131132	0.001768445411
131133	0.002255021128
131134	0.00687790715
131135	0.002386557586
131136	0.004195411068
131137	3.129344893e-06
131138	0.002162883537
131139	0.001806511914
131140	0.002358588137
131141	0.003826732242
131142	0.0007145773095
131143	0.0001373886599
131144	0.001222286623
131145	0.004345296118
131146	0.0004299228195
131147	0.0003726013163
131148	0.003101353137
131149	0.003473800348
131150	0.004193454636
131151	0.0006299605559
131152	0.0001239093381
131153	0.003817225163
131154	0.002432499001
131155	0.002013881699
131156	0.0002801176348
131157	0.002421583454
131158	0.003941336976
131159	0.002101710186
131160	5.528107887e-05
131161	0.005141598082
131162	0.00211890755
131163	0.002859433705
131164	0.0001121807759
131165	8.751593773e-05
131166	0.0003105753352
131167	0.001386162336
131168	0.006236690064
131169	0.0002352433988
131170	0.0006819660394
131171	0.0005428403539
131172	0.000596821675
131173	0.001179498874
131174	0.000368636888
131175	2.338265339e-05
131176	0.0004456021752
131177	0.0005255616325
131178	0.0004103890212
131179	0.0009107991709
131180	0.0003153522885
131181	0.001235552622
131182	0.001828489583
131183	0.0001821211645
131184	0.001875777498
131185	0.0005965561539
131186	0.00188797883
131187	0.0006276846638
131188	0.002392605601
131189	0.0008390401942
131190	0.001544643944
131191	0.0006292674429
131192	1.313487106e-05
131193	0.001592133067
131194	0.002237591068
131195	0.0021980405
131196	0.000627993964
131197	0.0004052585327
131198	0.0007771038344
131199	3.853860166e-05
131200	0.0001926785417
131201	0.0003682535796
131202	1.486488543e-05
131203	0.0003459986222
131204	0.0003973389625
131205	0.000341053975
131206	7.154846296e-05
131207	1.403044385e-06
131208	0.0001333311572
131209	0.0003975527103
131210	0.0002313219533
131211	3.722747122e-05
131212	0.0001439616968
131213	0.0002021030477
131214	0.0001664035229
131215	1.067085123e-05
131216	0.0001954519596
131217	0.0001582853419
131218	3.598837153e-05
131219	0.0006372118336
131220	0.0006449716159
131221	0.000736162247
131222	4.746186474e-05
131223	0.000328809707
131224	0.001631991673
131225	0.0001436430727
131226	0.0005850302226
131227	0.001200835461
131228	0.0007660689409
131229	0.001436535313
131230	0.002230849808
131231	0.0001816333031
131232	0.0006160419264
131233	0.004645644989
131234	0.004702973628
131235	0.0001185706633
131236	0.0003315012792
131237	0.0008320851418
131238	0.000629576742
131239	0.0007990848227
131240	0.0004119244102
131241	0.003684891509
131242	0.002727466968
131243	0.0007342452815
131244	0.002072085462
131245	0.003260668285
131246	0.006159584118
131247	0.002404484197
131248	0.002672832389
131249	0.00647367787
131250	0.0002708954094
131251	0.001500261211
131252	8.436756042e-06
131253	0.0002436335146
131254	0.003592156564
131255	0.000593380696
131256	0.0001669822938
131257	0.0005048573431
131258	0.0003126886785
131259	0.0002880926618
131260	2.592858911e-06
131261	1.329606468e-06
131262	0.0007503262315
131263	0.0006594601548
131264	0.0006625539644
131265	0.0006291307659
131266	0.0003085364967
131267	0.0005105009193
131268	0.0004732303204
131269	4.011860369e-08
131270	0.001139774104
131271	0.000346068487
131272	0.0006299603239
131273	0.000474388153
131274	0.0012623654
131275	0.001419469005
131276	6.853737512e-08
131277	0.0001585943151
131278	0.0006479195358
131279	0.0006745856787
131280	0.002992301432
131281	0.002490640336
131282	0.001948520948
131283	0.0003772103708
131284	0.003460895363
131285	0.0009045136294
131286	0.005912328252
131287	0.00176838904
131288	0.004558518782
131289	0.003085152402
131290	0.002503420697
131291	0.00103652794
131292	0.004561169677
131293	0.007324471986
131294	0.005407130407
131295	0.001514223788
131296	0.004507968241
131297	0.001112482627
131298	0.006502796741
131299	0.001481720299
131300	0.000573553609
131301	0.001984146197
131302	0.004787769566
131303	0.001647189955
131304	0.002715573088
131305	0.002685318836
131306	0.003804562337
131307	0.002305743475
131308	0.0009937715593
131309	0.003304149611
131310	0.001269087495
131311	0.001075572156
131312	0.0006604094494
131313	0.001163537157
131314	0.001433406119
131315	3.422725764e-05
131316	0.001883265678
131317	0.0008501423525
131318	0.001255881764
131319	0.004933879754
131320	0.001689142595
131321	0.0002666312514
131322	0.000207096988
131323	0.0008970614898
131324	0.002016793459
131325	0.001137052729
131326	0.002613917733
131327	0.001766993648
131328	0.002742941423
131329	0.0007908765942
131330	1.690232586e-05
131331	0.000849965625
131332	0.003613370955
131333	0.0009780386632
131334	0.002054539571
131335	0.002583997184
131336	0.002683662789
131337	0.0003256030589
131338	5.34853114e-05
131339	0.000772371033
131340	0.00208865378
131341	0.001676294942
131342	0.0008543575557
131343	0.004693840881
131344	0.001913939231
131345	0.003021559921
131346	0.001884169518
131347	0.0006515149444
131348	0.001138999471
131349	0.001047315868
131350	0.0005853201622
131351	0.002210898301
131352	0.00140958836
131353	0.00181402413
131354	0.0004255019534
131355	0.000473283508
131356	0.0001334790943
131357	0.0002138626296
131358	0.0005219643173
131359	0.0008881293642
131360	5.207207633e-06
131361	0.0009455851574
131362	0.001692278341
131363	0.001099292228
131364	0.001776109831
131365	0.002420661879
131366	0.0005970804028
131367	0.0005393161626
131368	0.002057665182
131369	0.002793776053
131370	0.0005863473488
131371	0.0002625353874
131372	0.001128971873
131373	0.0003112667252
131374	6.973316178e-06
131375	0.0004011378241
131376	0.0003506423636
131377	0.001991411921
131378	5.96082503e-05
131379	0.0007984731812
131380	0.000352134428
131381	0.0003422264488
131382	0.0007150691328
131383	0.0003220039223
131384	0.0005184078879
131385	0.0009806996916
131386	0.0002725358209
131387	0.002381323768
131388	0.001127282443
131389	0.002764104464
131390	0.001698662851
131391	0.007331417903
131392	0.0009802101858
131393	6.223880933e-05
131394	0.001925910658
131395	0.001206810548
131396	0.001809488245
131397	0.001114566379
131398	0.002487449854
131399	0.0008054035452
131400	0.0003116784095
131401	0.0006123991458
131402	0.0004447876627
131403	0.00181287387
131404	0.000890856699
131405	0.001721136798
131406	0.003187712092
131407	0.001908145098
131408	0.00120358589
131409	0.0005661898126
131410	0.003852328009
131411	0.001867880011
131412	0.001022204551
131413	0.0007743950224
131414	0.0002808825236
131415	0.003019510849
131416	0.001039093103
131417	0.0007020079702
131418	0.002375010311
131419	0.005028014791
131420	0.001171902571
131421	5.003836122e-05
131422	0.002760485554
131423	0.0006575018439
131424	0.000531986179
131425	1.028021718e-05
131426	0.0003015041723
131427	0.001499677092
131428	0.001708115072
131429	0.001628264783
131430	0.0013716385
131431	0.0005840144796
131432	0.0005107734023
131433	0.001272305262
131434	0.0003127388164
131435	0.0006545428029
131436	0.002499025953
131437	0.001005072277
131438	0.0008135160245
131439	0.007411275086
131440	0.002387422362
131441	0.0006709152715
131442	0.0009700979576
131443	0.0005287173573
131444	0.002120694812
131445	3.989038142e-06
131446	0.003039396406
131447	0.001595280132
131448	0.005165718588
131449	6.481097194e-05
131450	0.0002324775261
131451	0.001795587273
131452	0.0003242729404
131453	0.003958871188
131454	0.0003559416673
131455	0.001817087213
131456	0.003819516779
131457	0.005402851871
131458	0.001585930893
131459	0.002449540476
131460	0.003973429933
131461	0.001404429935
131462	0.0001333517615
131463	0.0008941790255
131464	0.002731902585
131465	0.001498563984
131466	0.001135797971
131467	0.003988632225
131468	0.005654887465
131469	0.001965984272
131470	0.003388641466
131471	0.006796436093
131472	0.002474688255
131473	0.001430191369
131474	0.001605326148
131475	0.0007991085098
131476	0.001017396703
131477	0.00399092909
131478	1.621952709e-05
131479	0.006790796887
131480	0.0008444552205
131481	0.0001796107539
131482	0.0003200853389
131483	0.002330171842
131484	0.002698470489
131485	0.001133908892
131486	0.000249316028
131487	0.0004444081206
131488	0.0009591152151
131489	0.004832951631
131490	0.004360150769
131491	0.002079644626
131492	0.004716192988
131493	0.002286810227
131494	0.0008021144286
131495	0.004249732969
131496	0.00449339211
131497	0.001500194731
131498	0.002734898519
131499	0.0008406199795
131500	0.0003577308253
131501	0.0003031369024
131502	0.002966289881
131503	0.002412341126
131504	0.00177426709
131505	0.000440840825
131506	0.004206925214
131507	0.00106691695
131508	1.851598195e-05
131509	0.0005536189247
131510	0.002126223799
131511	0.00258960774
131512	0.001550473065
131513	0.0003264084888
131514	0.004392859756
131515	0.00140057217
131516	7.240057291e-05
131517	2.171495827e-06
131518	0.003134318234
131519	0.003030366388
131520	0.001066243501
131521	0.001442037664
131522	0.0005527875363
131523	0.0004816895952
131524	0.002237209371
131525	0.006227102022
131526	0.0003289142601
131527	0.000958810528
131528	4.738247133e-05
131529	0.000415058221
131530	0.0002410301916
131531	0.0003496546617
131532	0.000445999871
131533	0.003349685923
131534	2.866669104e-05
131535	0.00140718576
131536	0.002967296592
131537	0.00159868082
131538	0.0007625248912
131539	0.00346946807
131540	0.0006396137784
131541	0.00304829026
131542	0.001708258007
131543	0.004791075335
131544	0.002360901688
131545	0.003148958331
131546	0.001887259264
131547	0.002104879066
131548	0.001821280561
131549	0.005460866002
131550	0.003353439008
131551	0.0006673816756
131552	0.002477302603
131553	0.002828321259
131554	0.005860891993
131555	0.0005972651528
131556	0.001748703321
131557	0.002483584294
131558	0.001849957199
131559	0.002031617551
131560	0.000463248141
131561	0.001502507658
131562	0.0001507230793
131563	0.0003350677791
131564	0.007119433014
131565	0.0008124679832
131566	0.0008616651154
131567	0.002066430838
131568	0.00185885626
131569	0.001395136858
131570	0.0008814511267
131571	0.0006368859072
131572	0.002118249878
131573	0.001351930035
131574	0.002340076042
131575	0.0003527689698
131576	0.0002393837256
131577	0.002981225442
131578	0.001802287042
131579	0.003524015084
131580	0.001162879161
131581	0.00016377062
131582	0.001421596185
131583	0.00384944955
131584	9.635083888e-05
131585	0.0003072767051
131586	0.00550022815
131587	5.571807379e-07
131588	0.001610872759
131589	0.001412654604
131590	0.001527881221
131591	0.001956888438
131592	0.0009019747507
131593	0.001888432563
131594	0.001592988634
131595	0.002105430696
131596	0.001969548359
131597	0.003638512413
131598	0.001906940818
131599	0.0002881279408
131600	0.0003994365092
131601	0.0007977478151
131602	0.001899157496
131603	0.002136717611
131604	0.001475631004
131605	0.0008434712679
131606	0.00099196515
131607	0.0008576792467
131608	0.0015654245
131609	0.001441649553
131610	0.002603340249
131611	0.001397875705
131612	0.003698716683
131613	0.002097844064
131614	0.01124235028
131615	0.001887900471
131616	0.001344347029
131617	0.005544703618
131618	0.002304373322
131619	0.003073660521
131620	0.0008899086828
131621	0.00324231829
131622	0.0009520599027
131623	0.006372496338
131624	0.0007526656191
131625	0.003044288702
131626	0.0005046914789
131627	0.00383383289
131628	0.0008617687559
131629	0.0009760072349
131630	0.000648681978
131631	0.003576819106
131632	0.000744631342
131633	0.002165029635
131634	0.001786614083
131635	0.001938790388
131636	0.0003838925385
131637	0.00068040405
131638	7.991072213e-06
131639	0.000795307958
131640	0.005479196699
131641	0.002827155075
131642	0.007064157601
131643	0.002621382892
131644	0.001500266351
131645	0.0009658811312
131646	0.003849596304
131647	0.001522974207
131648	0.0001657147821
131649	0.008417638692
131650	0.004051913947
131651	0.001167271945
131652	0.0008892234075
131653	0.001703941224
131654	0.002352353128
131655	0.0002679052039
131656	0.00164700296
131657	0.0005007284241
131658	0.001605746468
131659	0.001816905274
131660	0.004230367037
131661	0.005123723133
131662	0.001563800978
131663	0.0009322615607
131664	0.0007508376652
131665	0.006953393072
131666	0.0001986172311
131667	0.001153185274
131668	0.00207023403
131669	0.0009399889141
131670	0.002767928244
131671	0.005425956972
131672	0.001597424522
131673	9.434415387e-05
131674	0.0001634331232
131675	0.0005188549221
131676	0.0002165250192
131677	0.0001530475195
131678	0.0001772389153
131679	0.002440117589
131680	0.002069436291
131681	0.0005224483435
131682	0.0004761459914
131683	0.001195684571
131684	0.0008294622765
131685	0.0001647670133
131686	0.0006346982636
131687	0.0005387974484
131688	0.0003380105593
131689	0.0008243310058
131690	0.0008966516651
131691	0.0005446980016
131692	0.000107550151
131693	0.0001247224666
131694	0.000475843752
131695	0.0002189450037
131696	0.002264481209
131697	0.0009206482263
131698	0.004304561311
131699	0.001048774154
131700	0.0007240373898
131701	2.193684098e-05
131702	0.006787809819
131703	0.0009400804872
131704	0.001153832066
131705	0.002004674242
131706	0.003868633384
131707	0.003296605234
131708	0.0004793439239
131709	0.0005174039002
131710	0.001089643501
131711	0.002082196643
131712	0.003893975173
131713	6.859031891e-05
131714	0.001871463765
131715	0.00238640633
131716	0.001667800588
131717	0.0007620974541
131718	0.0007277326476
131719	0.002684675985
131720	0.002575789852
131721	0.0007964821457
131722	0.0004538666587
131723	0.0006919007059
131724	0.005296778222
131725	0.002066840646
131726	0.002290887244
131727	0.001962884731
131728	0.001181217873
131729	0.0006761560164
131730	0.0001448058466
131731	0.001067877784
131732	0.0006303151205
131733	0.0002733842906
131734	0.0006770726788
131735	0.00149960341
131736	0.000693293313
131737	0.0004984641516
131738	0.0002254756761
131739	0.0002602948185
131740	0.0002858721918
131741	0.0004602648552
131742	0.001513136469
131743	0.002989440242
131744	0.001738481341
131745	0.0009396362527
131746	0.003522375976
131747	0.0003742149749
131748	0.0049254083
131749	0.0008863855139
131750	4.07747967e-05
131751	0.0001726552869
131752	0.001073349541
131753	0.002439561131
131754	0.002014290432
131755	0.003353775898
131756	0.001256906158
131757	0
131758	0.003939344453
131759	0.0001674919651
131760	0.001304018665
131761	0.002430618687
131762	0.001874694172
131763	0.002649927843
131764	0.002043649603
131765	0.001852079559
131766	0.001916652986
131767	0.001156985841
131768	0.0008363284651
131769	0.001787706833
131770	0.0005928880739
131771	0.001723262069
131772	0.001788377265
131773	0.001216982915
131774	0.0002112197066
131775	0.002928364774
131776	0.0004195190239
131777	0.001032282733
131778	0.002100162592
131779	0.00148743975
131780	0.001610888926
131781	0.002195704672
131782	0.0007143845017
131783	0.001846592218
131784	0.00085778824
131785	0.002280011001
131786	0.001527215662
131787	0.001273141353
131788	0.002265641632
131789	0.003342778423
131790	0.002001071516
131791	0.002785749025
131792	0.004607259508
131793	2.271628125e-07
131794	0.001353522631
131795	0.001235201444
131796	0.0008950704907
131797	0.00108331666
131798	0.002042532545
131799	0.000640143617
131800	0.00154163387
131801	0.001396790959
131802	0.002996878569
131803	0.002171880344
131804	0.001314024876
131805	0.004265505087
131806	0.0001537385985
131807	0.00273254076
131808	0.0002823789037
131809	0.003503282681
131810	0.0008734094251
131811	0.0008509092941
131812	0.001227971746
131813	0.001495623335
131814	0.002038865302
131815	0.003183855824
131816	0.001643705207
131817	0.001966938099
131818	0.001528829206
131819	0.001487725116
131820	0.001432172209
131821	0.002396454944
131822	0.000755782001
131823	0.001728416151
131824	0.002212049428
131825	0
131826	0.001973523606
131827	0.01393973285
131828	0.0007719143932
131829	0.003370245224
131830	0.004977554129
131831	0.002199219648
131832	0.0004006299711
131833	0.0001789891609
131834	0.002868278302
131835	0.005528340288
131836	0.002101069513
131837	0.0002209840338
131838	0.009099370552
131839	0.002309106779
131840	0.004415212906
131841	0.003811282464
131842	0.000669540319
131843	0.003339059322
131844	0.0007370644324
131845	0.00278566512
131846	0.001846316072
131847	0.001876821683
131848	0.001270678342
131849	0.007396972148
131850	0.002656587011
131851	0
131852	0.002491634394
131853	0.004129232854
131854	0.006475377484
131855	0.0002035132303
131856	0.0008474096172
131857	0.007529088275
131858	0.001926334185
131859	0.0001553171769
131860	0.005081165857
131861	0.001166779502
131862	0.00139019842
131863	0.002874020456
131864	0.0004151661531
131865	0.0006916108934
131866	0.004020110097
131867	0.0009266784221
131868	0.0002116818274
131869	0.003565393887
131870	0.001882552847
131871	0.001184939579
131872	0.0009480126541
131873	0.001238193759
131874	0.0004931142832
131875	0.002450509391
131876	0.002124548264
131877	0.001085935116
131878	0.0005585630087
131879	0.0006280601976
131880	6.535143889e-05
131881	0.006819971424
131882	0.002357005563
131883	0.002628837832
131884	0.002057473825
131885	0.006026266692
131886	0.002072408993
131887	0.001830072092
131888	0.01026926554
131889	0.002718375098
131890	0.003128058732
131891	0.0007840012013
131892	0.0008163762439
131893	0.002639103299
131894	0.00144396042
131895	0.001758597713
131896	0.004102816418
131897	0.00264121571
131898	0.001846407098
131899	0.0002921701628
131900	0.002404600768
131901	0.001325011174
131902	0.002033100782
131903	0.002498934644
131904	0.001935521394
131905	0.00244509838
131906	0.001323944545
131907	0.003797173235
131908	0.0003863503565
131909	0.001251056609
131910	0.0001778186894
131911	0.004323569285
131912	0.002140969092
131913	0.0001063944738
131914	0.0001873288312
131915	0.001180163879
131916	0.0005340574033
131917	0.0003485062508
131918	0.002742881724
131919	0.003652201382
131920	0.001641923398
131921	0.0009036213671
131922	0.0001805301416
131923	0.003108313995
131924	0.002371673085
131925	0.0002318020039
131926	0.000867890413
131927	0.00176071721
131928	0.001566651801
131929	0.002841392197
131930	0.004267886546
131931	0.0001049415578
131932	0.0001049556047
131933	0.006156923538
131934	0.003651149284
131935	0.001609964077
131936	0.0006058831005
131937	0.003194446492
131938	0.001096746847
131939	0.0004123235423
131940	0.0009605434434
131941	0.004502225353
131942	0.0008485053528
131943	0.0009067781474
131944	0.00277789139
131945	0.0003073754959
131946	0.0007876319327
131947	0.0002462750705
131948	0.00136380438
131949	0.003950313261
131950	0.003849878583
131951	0.005645327966
131952	0.001721735717
131953	0.003547151958
131954	0.00189640692
131955	0.001980942083
131956	0.0007351520094
131957	0.0004043328374
131958	0.003126224794
131959	0.003822705574
131960	0.002460976804
131961	0.0005227101399
131962	0.005489312073
131963	0.002251952611
131964	0.006459528666
131965	0.0009614176063
131966	0.005022154146
131967	0.002577643678
131968	0.0002295620768
131969	0.002377079143
131970	0.002919340743
131971	0.0008296715459
131972	0.0001853218823
131973	0.001093307103
131974	0.0001928853226
131975	0.002572160986
131976	0.0005740897013
131977	0.0001113650734
131978	0.000208737927
131979	0.002229198165
131980	0.001070702095
131981	0.0001617046051
131982	0.002664157107
131983	0.00216373281
131984	0.002342331245
131985	0.00208509562
131986	0.0002143003111
131987	0.0008700390925
131988	0.0001721263456
131989	0.003743498288
131990	0.001098934918
131991	0.001721791617
131992	0.001141935118
131993	0.002938293296
131994	0.0002227952956
131995	0.001486541525
131996	0.001982041575
131997	0.005992498872
131998	0.002213232206
131999	0.003890762129
132000	0.0009666600844
132001	0.001323622098
132002	0.004487676295
132003	0.005171359662
132004	0.0001926069388
132005	0.006530888075
132006	0.003411145032
132007	0.001915155515
132008	0.001342590013
132009	0.002069329653
132010	0.005054910093
132011	0.004960625097
132012	0.002220212002
132013	0.001882070544
132014	0.002947310233
132015	0.003865609525
132016	0.002656329315
132017	0.005129220853
132018	0.001353602659
132019	0.00186392714
132020	0.00160230105
132021	0.00390820211
132022	0.001023755773
132023	0.0004478304191
132024	0.006489612101
132025	0.0004757632013
132026	0.0009404136084
132027	0.003331087231
132028	0.001675135534
132029	0.0002868688966
132030	2.834676918e-05
132031	0.003739274308
132032	0.004669080682
132033	0.008647889059
132034	0.007087418015
132035	0.002056431151
132036	0.0009839597726
132037	0.002145837582
132038	0.002027108553
132039	8.48417797e-05
132040	0.0006074932365
132041	0.00651555786
132042	0.00449791575
132043	0.00298416629
132044	0.006752844917
132045	0.0007093341904
132046	0.003774946787
132047	0.001633998779
132048	0.0001206919426
132049	0.00231926596
132050	0.0009967336063
132051	0.005079196017
132052	0.001974585564
132053	0.0008631404814
132054	0.0005302271647
132055	1.565514628e-05
132056	0.0005482438675
132057	0.0008808115565
132058	0.003171078526
132059	0.0006176020698
132060	0.0002660715515
132061	8.197572439e-06
132062	0.0003766004256
132063	0.002234810913
132064	0.001836355683
132065	0.001084933211
132066	0.00012603583
132067	8.647328975e-05
132068	0.0003866731709
132069	5.464020279e-05
132070	8.132318607e-05
132071	0.0007258701529
132072	0.002608305679
132073	0.001130101848
132074	0.004278238095
132075	0.0003017753879
132076	0.0002556626011
132077	2.170260654e-05
132078	7.687234848e-05
132079	0.0001827470195
132080	0.0001446919943
132081	0.0004211610912
132082	0.0003807295162
132083	0.001146215038
132084	7.720612371e-05
132085	0
132086	0.001856592679
132087	4.581183982e-05
132088	0.001159774476
132089	0.0005802932489
132090	0.0001435857916
132091	0.0003373520491
132092	0.0003267440193
132093	0.0007452016302
132094	0.0006887621296
132095	0.001808356803
132096	0.001020072639
132097	0.0003621342372
132098	0.0001768513465
132099	0.0002293848629
132100	0.0006972545646
132101	0.004346250046
132102	0.003460781681
132103	0.001668412591
132104	0.004443071279
132105	0.004392738671
132106	0.0006759511973
132107	0.006719135747
132108	0.008209047158
132109	0.005218792878
132110	0.0004085515178
132111	0.00409333327
132112	0.001606532987
132113	0.001767389208
132114	0.002070970866
132115	0.005015964234
132116	0.003430883973
132117	0.0006716827221
132118	8.658406644e-06
132119	0.0005530818265
132120	0.002012781693
132121	0.001670883716
132122	0.003925709392
132123	0.003091357749
132124	0.0003106892699
132125	0.00528034437
132126	0.002903702766
132127	0.002535957289
132128	0.004078298254
132129	0.001783376528
132130	0.001656373313
132131	0.005106472425
132132	0.005066108316
132133	0.006276884037
132134	0.002460109815
132135	0.001566812158
132136	0.001826992902
132137	0.001526230692
132138	4.489375852e-06
132139	0.0009400357582
132140	0.0004655027122
132141	0.0001683515534
132142	0.0003242288641
132143	0.000627838331
132144	2.371589804e-05
132145	0.0006067413248
132146	0.0006203657685
132147	0.0009293754934
132148	0.006863920874
132149	0.0002152705492
132150	0.006856206157
132151	0.000299312508
132152	0.004314158183
132153	0.0006076154081
132154	3.241884337e-05
132155	0.001880221733
132156	0.0002006607302
132157	0.002865259088
132158	0.003439731368
132159	0.005054633487
132160	0.001029027386
132161	0.001381739122
132162	0.0002079153657
132163	0.0004477439576
132164	0.001012412354
132165	0.0003515710826
132166	0.0002031995137
132167	0.003779544904
132168	0.002019030472
132169	0.001785312897
132170	0.003267253155
132171	0.004302252767
132172	0.002618751018
132173	0.001342603558
132174	0.002340647236
132175	0.0002251900858
132176	0.001323631723
132177	0.002471394821
132178	0.003249473143
132179	0.00346778419
132180	0.0005268006586
132181	0.0006408456147
132182	0.0005873505349
132183	0.0003064067751
132184	0.00168216925
132185	0.0004151305537
132186	0.002360410738
132187	0.001719148627
132188	0.0007198583483
132189	0.002498249567
132190	0.002466165695
132191	0.0006064553215
132192	0.003870888124
132193	0.001617646856
132194	0.002415070736
132195	0.0003451567309
132196	0.00136641863
132197	0.004406592459
132198	0.001221007559
132199	0.0002912190889
132200	0.001238561105
132201	0.001017039348
132202	0.001756674937
132203	0.0006610548845
132204	0.002140103588
132205	0.006990507515
132206	0.00239329298
132207	0.0002706626239
132208	0.001157804952
132209	0.0006695134744
132210	0.001182946216
132211	0.001742514146
132212	0.0001477313482
132213	0.002460699669
132214	0.001588775355
132215	0.001316607028
132216	0.003448185976
132217	0.003018275583
132218	0.0001483360238
132219	0.001973460943
132220	0.001700965155
132221	0.001958543349
132222	0.0003469428739
132223	0.0006847826645
132224	0.0005680821402
132225	0.001137062298
132226	0.002178699102
132227	0.0006058155386
132228	0.0004171300389
132229	0.0004871231586
132230	0.0003728102434
132231	0.0008966363541
132232	0.001336767329
132233	0.0008626238461
132234	0.00417075477
132235	0.001980859925
132236	0.003606219963
132237	0.003324063197
132238	0.002787521036
132239	0.003606112364
132240	0.0004436202926
132241	0.0006564145292
132242	0.004181446946
132243	0.003905049484
132244	0.00233782266
132245	0.000372807998
132246	0.003158477775
132247	0.0008353840133
132248	0.002251517592
132249	0.0006820686735
132250	0.001212339607
132251	0.002990244636
132252	0.00780412374
132253	0.001607328885
132254	0.001898819719
132255	0.0001978248085
132256	0.001288841945
132257	0.0004779062062
132258	0.001107463168
132259	0.001107485838
132260	0.0003501017974
132261	0.002106064336
132262	0.006698952963
132263	0.002740937904
132264	0.002617445237
132265	0.001284776501
132266	0.0012547705
132267	0.002182681737
132268	0.0005667491679
132269	0.003211786671
132270	0.0003604865177
132271	0.0007688884766
132272	0.0002817771491
132273	0.002315414144
132274	0.0007102413555
132275	0.000508038619
132276	0.0005715672478
132277	0.0002560797588
132278	0.001860027009
132279	1.305211953e-06
132280	0.007021536439
132281	0.006725620473
132282	0.0003365932927
132283	0.00148200854
132284	0.001786642028
132285	0.001301938257
132286	0.0004859400958
132287	0.0007814262202
132288	0.004331355865
132289	0.005537963776
132290	0.002299513842
132291	0.001750101209
132292	0.004220602184
132293	0.002169000327
132294	0.001790217122
132295	0.004971804214
132296	0.001868969812
132297	0.005339421475
132298	0.0003066120464
132299	0.00238984181
132300	0.00103435161
132301	0.0007306992046
132302	0.002342422573
132303	0.003000805532
132304	0.001301637486
132305	0.005506788895
132306	0.0007141924703
132307	0.003569791444
132308	0.006914664967
132309	0.002179601619
132310	0.007680134582
132311	0.003509714973
132312	0.003647543523
132313	0.001114152373
132314	0.0007591295652
132315	0.0001767315223
132316	0.001399318147
132317	0.0008747958231
132318	0.001718366689
132319	0.001484816974
132320	0.0005701501634
132321	0.0002519007431
132322	0.004957925139
132323	0.00184695838
132324	0.0001971974213
132325	0.003398528337
132326	9.614816145e-06
132327	0.00307426806
132328	0.005933622511
132329	1.094111168e-05
132330	0.003367322613
132331	0.001508386298
132332	0.0008753103138
132333	0.002171303481
132334	0.006318754094
132335	0.0006455150336
132336	0.005789286742
132337	0.0001416876284
132338	0.003093088445
132339	0.0009428630287
132340	0.0004773764254
132341	0.0007851965916
132342	0.005965739577
132343	0.0002804707859
132344	0.0003320819654
132345	0.002719166093
132346	0.0005530173104
132347	0.0004477060374
132348	0.0008927908393
132349	0.001043215293
132350	0.0008900206483
132351	0.0006397143494
132352	0.0001506252863
132353	0.003192049281
132354	0.0009297421684
132355	0.0002325336423
132356	0.001702444095
132357	0.003124630498
132358	0.003008522392
132359	0.00124492147
132360	0.001390294549
132361	0.00692163861
132362	0.003363857751
132363	0.0002414614591
132364	0.0007159234372
132365	0.001503935978
132366	0.0005394655641
132367	0.001109555157
132368	0.0004714037698
132369	0.0009496401976
132370	0.003170573809
132371	5.442847271e-05
132372	0.001461838954
132373	0.001912177483
132374	0.0006435374192
132375	0.0009822336713
132376	0.0007250847018
132377	0.001578511902
132378	0.001042567724
132379	0.0007088771628
132380	0.000262999787
132381	0.0007365167633
132382	0.001320070976
132383	0.001906114424
132384	4.656342087e-05
132385	0.00330853239
132386	0.001493973413
132387	0.0001964537062
132388	0.001985607643
132389	0.002104445562
132390	0.000580270071
132391	0.005085092553
132392	0.0005150657016
132393	0.0009425454253
132394	0.00419777999
132395	0.002385920856
132396	0.004496093093
132397	0.003160920948
132398	0.000595044294
132399	0.008949511878
132400	0.00403728529
132401	0.0001340182972
132402	9.271571263e-05
132403	2.640673183e-06
132404	0.0001712690835
132405	0.001415963187
132406	0.002873021617
132407	0.004561240406
132408	0.003220410701
132409	0.0007307025498
132410	0.002777979622
132411	9.516289763e-05
132412	0.0008477410822
132413	0.002752164127
132414	0.002609052979
132415	0.004320088292
132416	0.0006127187118
132417	0.001741295015
132418	0.003296253334
132419	0.006784301989
132420	0.00381001298
132421	9.192047172e-05
132422	0.0009384760696
132423	0.001256206316
132424	0.0005798369379
132425	0.0002541114492
132426	0.0006678666729
132427	0.001850292857
132428	0.007895873979
132429	0.001824938885
132430	0.001922445884
132431	0.005263566907
132432	0.00259212189
132433	0.0033421893
132434	0.008015498986
132435	0.006812475113
132436	0.001042043601
132437	0.004383015812
132438	0.005809940781
132439	0.004644709899
132440	0.0001053466058
132441	0.0009393447853
132442	0.0002022085634
132443	0.005483339008
132444	0.0003523692561
132445	0.001967871609
132446	0.002320902665
132447	0.0003200496501
132448	4.443236697e-05
132449	8.880621234e-05
132450	0.0003084788839
132451	0.001158994465
132452	0.0009291670702
132453	0.002931310054
132454	0.000808889982
132455	0.0001228692861
132456	0.002968352856
132457	0.0001834155326
132458	0.001517908649
132459	0.004873282482
132460	0.0004013477491
132461	0.0004527971775
132462	0.00139349415
132463	0.004645015566
132464	0.0008627787139
132465	8.003836933e-05
132466	0.0003817457514
132467	0.003406549035
132468	0.004369346821
132469	0.001734207492
132470	0.001345016257
132471	0.004193115712
132472	0.000716607815
132473	0.003758794133
132474	0.001749782578
132475	0.002606700721
132476	0.0001563284573
132477	0.000140825223
132478	0.002813505679
132479	0.001683508951
132480	0.001598912528
132481	0.0001554356571
132482	0.0002725393637
132483	0.003506620157
132484	0.008786563397
132485	0.001018509153
132486	0.0009269495764
132487	0.0004084034846
132488	0.001109617862
132489	0.005441978062
132490	0.0004403803424
132491	0.004167920428
132492	0.001635643759
132493	0.002876807599
132494	0.000990572135
132495	0.002690299893
132496	0.000382713019
132497	0.005003012823
132498	0.0004356647067
132499	0.004787607682
132500	0.003371878707
132501	0.001803573876
132502	0.002468331759
132503	0.0002534108556
132504	0.0004485612112
132505	0.003569837004
132506	0.003146658977
132507	0.002837735734
132508	0.0005888828625
132509	0.005175239899
132510	0.003265302208
132511	0.00174627654
132512	0.001077494938
132513	9.054668424e-05
132514	0.0006644327933
132515	0.0005016960197
132516	0.003533494879
132517	0.004702071954
132518	0.002621734146
132519	0.001696830393
132520	0.0008971310986
132521	0.000902566392
132522	0.000444565352
132523	0.0004936061547
132524	0.007880189259
132525	0.0008749518639
132526	0.001596052574
132527	0.002090774777
132528	0.006332332623
132529	0.0001585731314
132530	0.003447848019
132531	0.001352895592
132532	0.007282519022
132533	0.003631702959
132534	0.005315104951
132535	0.001233675075
132536	0.001173611575
132537	0
132538	0.001265194311
132539	0.0003786340717
132540	0.0007380869644
132541	0.001990230632
132542	0.0002920096998
132543	0.0008475704842
132544	0.00503363333
132545	0.005714511083
132546	0.000980229092
132547	0.008135419571
132548	0.005670276559
132549	0.001577294592
132550	0.003125886359
132551	0.00129357632
132552	0.003662243917
132553	0.002527234583
132554	0.0009935502754
132555	0.0002497788191
132556	2.506920821e-05
132557	0.004009038634
132558	0.000172726305
132559	0.002367149355
132560	0.00184575945
132561	0.002289880055
132562	0.001585502369
132563	0.001162770087
132564	0.001335420563
132565	0.001951684134
132566	0.0006047904243
132567	0.0002087072303
132568	0.0004838813528
132569	0.005072416183
132570	0.000588582404
132571	0.002954193487
132572	0.0009612479263
132573	0.0001882233424
132574	0.001721586864
132575	0.001764548606
132576	0.002862002114
132577	0.001158977562
132578	0.001603217424
132579	0.002351489844
132580	0.001457713483
132581	0.004137485274
132582	0.004689288992
132583	0.003440133999
132584	0.001397652516
132585	0.004355458327
132586	0.004864773241
132587	0.005683143544
132588	0.0003239008183
132589	0.0005670567649
132590	0.0009136074474
132591	0.0005149285948
132592	0.003307495506
132593	0.001113788813
132594	0.0004374748799
132595	0.002650770419
132596	0.0004845897967
132597	0.004155798746
132598	0.0025276141
132599	0.003412588185
132600	0.0014805314
132601	0.0008456483698
132602	0.002601832185
132603	0.0002135628432
132604	0.005037115263
132605	0.0004490625088
132606	0.00148414235
132607	0.004052112582
132608	0.008282808571
132609	0.001294270787
132610	0.003649920808
132611	0.002050804456
132612	0.004728937225
132613	0.0001999088726
132614	0.001199958843
132615	0.002094181996
132616	0.002903324058
132617	0.004476294288
132618	0.0004897096722
132619	0.001891378656
132620	0.002398636253
132621	0.003039218644
132622	0.0002764897971
132623	0.00502693058
132624	0.001214681797
132625	0.0004236600264
132626	0.001494423049
132627	0.001057883541
132628	0.004531835012
132629	0.001641370813
132630	0.002640157688
132631	0.0009121617445
132632	0.002258757133
132633	0.002494580316
132634	0.008944037698
132635	0.003076009323
132636	0.002880376177
132637	0.002085037413
132638	0.0002029061299
132639	0.001243386903
132640	0.006367509822
132641	0.0006003577231
132642	0.001938039951
132643	0.0005551967972
132644	0.004587311149
132645	0.0003614858699
132646	0.001273123437
132647	0.0002015244481
132648	0.002639153346
132649	0.0005482552539
132650	0.0005367236234
132651	0.001127923071
132652	0.001983439482
132653	0.0004816191528
132654	0.0005487458959
132655	0.000234597642
132656	0.0008506177659
132657	0.002643389129
132658	0.001066101688
132659	0.0008104307945
132660	0.00124504292
132661	0.0007020713594
132662	5.4445206e-05
132663	0.0003411466
132664	0.001594486458
132665	0.001040593257
132666	0.002650824721
132667	0.001862062175
132668	0.002584088471
132669	0.001251406884
132670	0.0001611109601
132671	0.003385427051
132672	0.001789471793
132673	0.001018454659
132674	9.10845724e-05
132675	0.001474771369
132676	0.001332832307
132677	0.001714828709
132678	0.00049764221
132679	0.001074352887
132680	0.001042920853
132681	0.004293675198
132682	0.0001897738442
132683	0.0009826258075
132684	0.001651206449
132685	0.001698588769
132686	0.002493794672
132687	0.001214702839
132688	0.003159000692
132689	0.003798622139
132690	0.001988560282
132691	0.00111345605
132692	2.685797762e-05
132693	0.0004059235668
132694	0.0004077651793
132695	0.001672358915
132696	0.0008474715732
132697	0.001864263003
132698	0.001884357507
132699	0.006323631234
132700	0.003751300952
132701	0.005075490571
132702	0.002086707385
132703	0.002962981758
132704	0.002900392612
132705	0.003892908356
132706	0.001117637595
132707	0.008220847229
132708	0.0004737241327
132709	0.0007025582925
132710	0.001711492363
132711	0.005589514508
132712	0.001987459794
132713	0.004182505452
132714	0.00297593142
132715	0.001268363799
132716	0.006678778669
132717	0.004690526504
132718	0.001052893999
132719	0.001607962251
132720	0.00257466493
132721	0.005920967074
132722	0.0007956553677
132723	0.006893778383
132724	0.003390522634
132725	0.005732959861
132726	0.001735600869
132727	0.0009300515497
132728	0.001504669341
132729	4.411980592e-05
132730	0.001680665907
132731	0.00210283795
132732	0.0005704641442
132733	0.0001173047058
132734	0.001233904057
132735	0.00319059879
132736	0.0006335171265
132737	0.00274603597
132738	0.0007255702963
132739	0.0009863175247
132740	0.002438086903
132741	0.0005903934469
132742	0.002991900602
132743	0.004602247759
132744	0.004622310807
132745	0.000779134446
132746	0.003981619151
132747	0.002434649082
132748	0.00235885527
132749	0.004970365073
132750	0.002619836101
132751	0.0001530698124
132752	0.0009039714662
132753	0.001278753161
132754	0.0004650455519
132755	6.294888343e-05
132756	0.0005332612436
132757	0.001027335386
132758	0.01089829186
132759	0.003713119757
132760	0.004066786877
132761	0.002431051242
132762	0.0006247118756
132763	0.000962512164
132764	0.00428628058
132765	0.00206410259
132766	0.0009945432312
132767	0.005058963591
132768	0.001682230749
132769	0.003302739797
132770	0.002258731214
132771	0.002728501986
132772	0.0007319688082
132773	0.003611108893
132774	0.0004507716679
132775	0.000773234992
132776	0.0005639888876
132777	0.008168839645
132778	0.001354495861
132779	0.0005949960093
132780	0.002559281772
132781	0.00266302334
132782	0.005118642651
132783	0.003534826339
132784	0.0002034362118
132785	0.001742249235
132786	0.003409816331
132787	0.0002740999308
132788	0.0003350556965
132789	0.001881299214
132790	0.0009643562923
132791	0.0007976116139
132792	0.00118363862
132793	0.004305793523
132794	0.003905411178
132795	0.00163828141
132796	2.765033911e-05
132797	0.001692903594
132798	0.001722355552
132799	0.002999524785
132800	0.00115088156
132801	0.001201833594
132802	0.001184687175
132803	0.001669413788
132804	0.0003835960211
132805	0.002626987954
132806	0.001491816603
132807	0.003381533035
132808	0.0005381752108
132809	0.002046375044
132810	0.001842897589
132811	0.000789053047
132812	0.0003129181895
132813	0.001614159962
132814	0.001396527748
132815	0.002380248655
132816	0.0008278978532
132817	0.005471879205
132818	0.00082756713
132819	0.002535395839
132820	0.0022993728
132821	0.004940649483
132822	0.003701596017
132823	0.001366881746
132824	0.003081897459
132825	0.002861454208
132826	0.001198687432
132827	0.002779685315
132828	0.002283879645
132829	0.002832691492
132830	0.002155130769
132831	0.004139946536
132832	0
132833	0.005625204537
132834	0.00109863179
132835	0.0004510140593
132836	0.003617704723
132837	0.004440636265
132838	0.002197782209
132839	0.001448015064
132840	0.003207894843
132841	0.002142429415
132842	0.0006359546079
132843	0.002433290971
132844	0.0003412070209
132845	0.003113997716
132846	0.001450327423
132847	3.397583782e-05
132848	0.002013135949
132849	0.002026197138
132850	0.003614248586
132851	0.00195518038
132852	0.002323501024
132853	0.002389947749
132854	0.003875670997
132855	0.004474231912
132856	0.002372983229
132857	0.0001596363199
132858	0.0009821822626
132859	0.003196030283
132860	0.003645957838
132861	0.002043922384
132862	0.002192773624
132863	0.0004258605633
132864	0.001882957835
132865	0.003921167848
132866	0.0050241848
132867	0.003073623428
132868	0.002681386495
132869	0.0007741802039
132870	0.001363368747
132871	0.0005116911211
132872	0.002942870746
132873	0.0006798075291
132874	0.0001936352045
132875	0.0002258409477
132876	0.001477710905
132877	0.001116299356
132878	0.0005093091873
132879	0.003121562185
132880	0.002352175908
132881	0.00455480032
132882	0.003472772469
132883	0.0007784590915
132884	0.002064845243
132885	0.003006565471
132886	0.00130926581
132887	0.003022776051
132888	0.001413226711
132889	0.001123699764
132890	0.004163066968
132891	0.002445606254
132892	0.003797208662
132893	0.001070444165
132894	0.0009226581255
132895	0.0006236075778
132896	0.0001727148523
132897	0.003263803474
132898	0.003282056925
132899	0.0005185741244
132900	0.0004891604183
132901	0.002305765672
132902	0.004073329924
132903	0.003238716705
132904	0.003853563079
132905	0.001467535528
132906	0.00460704472
132907	0.000286730613
132908	0.002722872439
132909	0.001526537747
132910	0.0005102419933
132911	0.004264590171
132912	0.001455551182
132913	0.001245631644
132914	0.004852815906
132915	0.0003333151552
132916	0.001274578363
132917	0.00140877622
132918	0.002144573055
132919	0.00304522585
132920	0.0006878091891
132921	0.001981794736
132922	0.000278950862
132923	0.001781786169
132924	0.005588088407
132925	0.00179141252
132926	0.0006255814602
132927	0.0001140196728
132928	0.0006791680396
132929	0.001257257119
132930	0.004555814267
132931	0.0003171366809
132932	0.0009142522879
132933	0.0003394568029
132934	0.0009095359686
132935	0.0007464376348
132936	0.007389155276
132937	0.001495976861
132938	0.004437529568
132939	0.003300613275
132940	0.00286964666
132941	0.0002003557956
132942	8.141145328e-05
132943	0.002774055304
132944	0.003590578394
132945	0.0006310952048
132946	0.001495323885
132947	0.0002033999121
132948	9.356197401e-05
132949	0.001624206338
132950	0.0003438489641
132951	0.0002574047036
132952	0.0001354500348
132953	0.0004037219074
132954	7.391221636e-05
132955	0.0002324024471
132956	0.0003519770908
132957	0.0009567376733
132958	0.0004665631482
132959	0.0001175412919
132960	2.81079783e-08
132961	2.342364012e-07
132962	0.0004159221275
132963	0.001064288673
132964	0.001503862726
132965	0.000469780697
132966	0.0002219534807
132967	0.0002766894349
132968	0.0008133873636
132969	0.001177035891
132970	0.003404097021
132971	0.0002978874892
132972	0.0009005635812
132973	0.0004976247783
132974	0.0005078799329
132975	0.0006621020174
132976	3.960076036e-05
132977	1.678153463e-05
132978	0.002625736139
132979	0.002416010047
132980	0.001812604341
132981	0.0001403864858
132982	0.0002127719771
132983	0.003507274334
132984	0.002857639174
132985	0.00336967997
132986	0.002020102266
132987	0.003978578418
132988	0.001539278319
132989	0.001670183709
132990	6.122532173e-06
132991	0.002734270505
132992	0.001908641564
132993	0.0009094428325
132994	0.000280000899
132995	0.001223035819
132996	0.001298575555
132997	0.0005047903769
132998	0.0002316144504
132999	0.001440528834
133000	0.0003136877603
133001	0.004550591925
133002	0.0009365862728
133003	0.0002890789604
133004	0.001281364679
133005	0.0005986005353
133006	0.0004107103255
133007	0.0006398051626
133008	0.0004047467349
133009	0.0008525253145
133010	0.001048576307
133011	0.0002391189791
133012	0.0002180988745
133013	0.0005195439178
133014	0.0005707334726
133015	0.0003853286967
133016	0.0005929438548
133017	0.001163111144
133018	0.0008406841251
133019	0.00042721323
133020	0.00146497714
133021	0.0007990839826
133022	0.0005046418716
133023	0.0001770396617
133024	0.0007654705223
133025	0.0001130576142
133026	0.0008253078711
133027	0.0002769499385
133028	0.0003922362461
133029	7.33401103e-05
133030	0.0002882894103
133031	0.0003704179106
133032	0.0004471382088
133033	0.0005614013143
133034	0.0005742368302
133035	0.0006450150116
133036	0.0005173105458
133037	0.000174176216
133038	0.0001911516029
133039	0.0002937191813
133040	9.319218805e-05
133041	0.0002760171251
133042	0.0005512931273
133043	6.263175308e-05
133044	0.0008150781297
133045	0.001524694118
133046	0.0004963081572
133047	0.0003464098568
133048	8.194676169e-05
133049	0.0002991714546
133050	0.0008459245079
133051	0.0004222494908
133052	0.0004426068136
133053	0.0002617061407
133054	0.0005365879431
133055	0.0006181529012
133056	0.0002475306473
133057	8.32145003e-05
133058	0.0004895988648
133059	0.0003819312091
133060	0.0006193506455
133061	0.0005682310574
133062	4.409129425e-05
133063	0.001699762151
133064	0.0002441899319
133065	8.189413411e-05
133066	5.052312927e-06
133067	3.366471778e-05
133068	0.0002731111493
133069	0.0004658418487
133070	0.0004251951227
133071	0.0004059450952
133072	0.0006569617046
133073	0.0002513680706
133074	0.0004366344788
133075	0.0002835765105
133076	6.806807206e-05
133077	0.0004966626371
133078	0.0003289662383
133079	0.0004759576009
133080	0.0007978478296
133081	0.0004057698849
133082	0.0004164112038
133083	0.0004004464716
133084	0.001309511717
133085	0.0002147386274
133086	0.0001123420728
133087	0.0008207371131
133088	0.0007383266948
133089	0.0005301900327
133090	8.48275046e-05
133091	0.0002854705843
133092	0.0003189802456
133093	0.000368851364
133094	0.0001898800695
133095	0.000658891505
133096	0.0006940117704
133097	0.0003825359975
133098	0.0007848498261
133099	0.0004599340364
133100	0.0007531960103
133101	0.0003442034243
133102	0.0007683380616
133103	0.001086512219
133104	0.0004116638684
133105	0.0005821469017
133106	2.38430489e-05
133107	0.0006735562803
133108	0.0004510974977
133109	0.0007647637973
133110	0.00026943579
133111	0.0004763240242
133112	0.0001365080944
133113	0.00220675538
133114	0.0004994505415
133115	0.000422721132
133116	0.0004796317468
133117	0.0009110615385
133118	0.0001357171277
133119	0.0005913420878
133120	4.574759319e-05
133121	1.357615117e-05
133122	0.000639028973
133123	9.184436633e-05
133124	9.181388451e-05
133125	0.0002172893823
133126	0.0004106206205
133127	0.0004834383675
133128	0.0003587586313
133129	0.0004141228196
133130	8.192913021e-05
133131	0.000180252256
133132	0.0003363979329
133133	0.0002063802099
133134	0.0004476904799
133135	8.316046479e-05
133136	0.0003793906648
133137	0.0005412954946
133138	0.0006916460374
133139	0.0001332149677
133140	0.0004167993089
133141	0.0003474228714
133142	0.0001731953681
133143	0.002528415518
133144	0.0009522639504
133145	0.001088565145
133146	4.729473638e-05
133147	0.0006812085305
133148	8.573723281e-06
133149	0.0004025622823
133150	0.0004783286564
133151	0.0008544191909
133152	0.000344878581
133153	2.796324205e-05
133154	0.0003755913402
133155	1.689483633e-05
133156	0.0002506486044
133157	0.0005414449678
133158	0.0001859127757
133159	0.0004906004332
133160	0.0001321766614
133161	0.0002128218754
133162	9.500759476e-05
133163	0.0002954927584
133164	0.000772466747
133165	0.0001276638027
133166	8.679976621e-05
133167	0.0001553050016
133168	0.0004398852766
133169	0.0004978714931
133170	0.0003965257204
133171	0.0002391551142
133172	0.0002681765791
133173	9.845117366e-05
133174	0.00038838186
133175	0.000418738552
133176	0.0002370077412
133177	0.0002516836707
133178	0.0003603842416
133179	0.0001747356792
133180	6.57673255e-05
133181	0.0001434974766
133182	0.0004205903789
133183	0.0009774041964
133184	5.332585562e-05
133185	0.0003907966759
133186	1.587080414e-05
133187	0.0008495183383
133188	0.001313091213
133189	0.0001463365374
133190	0.0006197140283
133191	0.0004166798648
133192	0.0006003426885
133193	0.0003331776694
133194	0.0004667228104
133195	0.0004217779056
133196	0.0001641438257
133197	0.0004461477681
133198	0.000142198508
133199	0.0001982292942
133200	0.0005781233215
133201	0.0005160564066
133202	0.00123065858
133203	0.0006975655265
133204	0.000374219384
133205	0.0004407384036
133206	0.0002475780721
133207	0.0005691470406
133208	0.0002368009096
133209	0.0006074410088
133210	0.0003588425725
133211	0.0007448057035
133212	0.0006024050663
133213	0.0005836427207
133214	0.0003096920513
133215	0.0003977547612
133216	0.0004165946845
133217	0.0002598608499
133218	0.0002293995025
133219	2.236722152e-05
133220	0.0004814844153
133221	0.0005088684225
133222	0.0001187259865
133223	0.001004921332
133224	0.0005634945797
133225	0.0009031202884
133226	0.001089141036
133227	0.0001356881784
133228	0.0005736374973
133229	0.000576131819
133230	0.0001233409957
133231	0.0003112507338
133232	0.0005892724348
133233	0.0001083740286
133234	0.0005564590773
133235	0.001099380059
133236	0.0002488593402
133237	0.0005516100956
133238	0.000455108733
133239	0.0005116480219
133240	0.0004123015622
133241	2.572994543e-05
133242	0.0004896087498
133243	0.0004086071815
133244	0.0005112668361
133245	0.0005830304857
133246	0.0003861458832
133247	0.0003058662191
133248	0.00045756389
133249	0.0003593932713
133250	5.277241596e-05
133251	2.417192699e-07
133252	0.000175209656
133253	0.0005851153615
133254	0.0004983491077
133255	0.0001585386218
133256	0.0004375757841
133257	4.708695578e-05
133258	0.0001467619266
133259	0.0009539552784
133260	0.0002548961735
133261	0.000407476673
133262	0.0005101481724
133263	0.0005835650881
133264	9.146028528e-05
133265	0.0001372372521
133266	0.001512326814
133267	0.0006979077021
133268	0.0001452701348
133269	0.0005980925926
133270	7.077663912e-05
133271	0.0003919531048
133272	0.000148855581
133273	0.0003512383955
133274	0.0007984177578
133275	0.0008168025239
133276	0.0004154871243
133277	0.0003468615894
133278	0.0007186356717
133279	0.000452214658
133280	0.0008046892745
133281	0.0001800642589
133282	0.0004022482747
133283	2.380690626e-05
133284	0.0002371634398
133285	0.001293386718
133286	0.0002061784611
133287	0.0005712039221
133288	0.0005847931862
133289	0.000162298292
133290	0.0003999834562
133291	4.881169312e-05
133292	0.000378723647
133293	7.802791733e-05
133294	0.0003977546941
133295	0.0003773761093
133296	6.720261316e-05
133297	0.0005052637133
133298	0.0004982673007
133299	0.0005998594409
133300	0.0002065662367
133301	0.0008206288759
133302	0.0006439556183
133303	0.0006053152113
133304	0.0004311390414
133305	0.0009326981539
133306	0.001573588975
133307	0.003317343908
133308	0.00285026219
133309	0.001570651768
133310	0.00219946312
133311	0.0001538016878
133312	0.0001279035
133313	0.0004497769635
133314	0.0007038002459
133315	0.0006340794466
133316	0.0008892645366
133317	0.003328086634
133318	0.0007888127085
133319	0.0009482799396
133320	0.001889918863
133321	0.001004456065
133322	0.007503702082
133323	0.007401816771
133324	0.002973262503
133325	0.0009493380363
133326	0.001311909631
133327	0.005859403084
133328	0.002680537218
133329	0.00102861144
133330	0.000276031092
133331	0.002406391266
133332	0.002437112613
133333	0.0007849434251
133334	0.0003005031152
133335	0.001222736304
133336	0.003434025875
133337	0.00374995022
133338	0.004391157161
133339	0.002608127265
133340	0.002006884362
133341	0.00507686183
133342	0.0008073685786
133343	0.00115428318
133344	0.0003747592739
133345	0.004681131177
133346	0.00114803859
133347	0.0008378972763
133348	0.004343732425
133349	0.0004779375908
133350	0.005084508166
133351	0.0004313141816
133352	9.618397818e-05
133353	2.95165863e-05
133354	0.0006956199131
133355	0.002397805034
133356	0.002281920816
133357	0.001443110063
133358	0.0007306172004
133359	0.0002141094688
133360	0.0001551712856
133361	0.0001377619792
133362	0.001215300004
133363	0.003138474772
133364	0.0009560993304
133365	0.002980584092
133366	0.0006951255643
133367	0.0007444573766
133368	0.0001060847706
133369	0.0005865839363
133370	2.058500781e-05
133371	0.0003549994332
133372	0.000708312128
133373	0.0004309885489
133374	0.0002296401977
133375	0.0005758635494
133376	0.0002735012654
133377	0.0002875200353
133378	0.0003310277817
133379	0.0005320174945
133380	0.0007872667291
133381	0.0002476214563
133382	0.0002326383339
133383	0.0002338713058
133384	0.0004462757528
133385	0.0005991565839
133386	0.0004863127842
133387	0.0001145664822
133388	0.0002979428103
133389	0.0007073422249
133390	0.0006052726019
133391	0.00048531282
133392	0.0003980894671
133393	0.0004571595885
133394	0.0003646276375
133395	5.348695646e-05
133396	0.000412055073
133397	0.001047893989
133398	0.0002365082215
133399	0.0005079750192
133400	0.0007136514211
133401	0.0003791661031
133402	0.0002573004983
133403	0.0005559832153
133404	0.000258187757
133405	0.0005492899392
133406	0.0008076826215
133407	0.0008312790265
133408	0.0006109465685
133409	0.0002468772296
133410	0.0002382904971
133411	0.0005525537108
133412	0.000313154831
133413	0.0006089692898
133414	0.0008487459475
133415	0.0008835246787
133416	0.0003256510071
133417	0.0006317195112
133418	0.000240355148
133419	0.004355115564
133420	0.001545795438
133421	0.0007052332759
133422	0.003166446884
133423	0.0006279099029
133424	0.004749740093
133425	0.008336977292
133426	0.0006279448621
133427	6.271306808e-05
133428	0.003572943042
133429	0.003097029452
133430	0.002047628954
133431	0.0009620696564
133432	0.0006278990484
133433	0.003142697524
133434	0.001712683574
133435	0.003909821712
133436	0.001518964601
133437	0.004552248138
133438	0.001454379
133439	0.0008361066785
133440	0.002141769407
133441	0.002110812661
133442	0.001144424426
133443	0.00115226905
133444	0.006714029005
133445	0.002248659044
133446	0.002325720997
133447	0.002137727383
133448	0.002491885735
133449	0.005028173366
133450	0.0005727522093
133451	0.0008906716633
133452	0.003836645302
133453	0.002495472592
133454	0.005976767261
133455	0.0006443045695
133456	0.0005092670074
133457	0.001477884019
133458	0.003425705735
133459	0.00405188358
133460	0.002738809896
133461	0.005705621118
133462	0
133463	0.007569368597
133464	0.002780315242
133465	0.004415900385
133466	0.003649675375
133467	0.001720303522
133468	0.005533731083
133469	0.0007131641058
133470	0.002700041483
133471	0.0008103447708
133472	0.0009624736214
133473	0.003458430225
133474	0.0002376922227
133475	0.001543377042
133476	0.0008149152751
133477	0.001829551006
133478	0.001740039818
133479	0.003931234799
133480	0.002196478903
133481	0.0008826259854
133482	0.002737734945
133483	0.0007500494361
133484	0.001887477382
133485	0.000118980957
133486	0.005358779017
133487	0.007166597068
133488	0.003365544951
133489	0.0007255214202
133490	0.00306118845
133491	0.002124230087
133492	0.0005310316147
133493	0.0003519994861
133494	0.00190745002
133495	0.0001469100517
133496	0.001267146359
133497	0.004335715998
133498	0.003899419217
133499	0.00298221401
133500	0.004644484274
133501	0.004165427733
133502	0.001658304063
133503	0.002034918547
133504	0.0003434166566
133505	0.0004597998513
133506	0.002216616702
133507	0.0006995964151
133508	0.002838603539
133509	0.003758393044
133510	0.0004721154729
133511	0.0008914437794
133512	0.003071008787
133513	0.003178696785
133514	7.187553429e-06
133515	0.001050550024
133516	0.001642637626
133517	0.001946293494
133518	7.385318433e-05
133519	0.001744499787
133520	0.003325881093
133521	0.002141237351
133522	0.0007388965726
133523	0.003578017711
133524	0.0009453232625
133525	0.003272229693
133526	0.005340391002
133527	0.001420216309
133528	0.003506877657
133529	0.0009729288627
133530	0.00102034748
133531	0.0005990100771
133532	0.003125104319
133533	0.001200003241
133534	0.003918344042
133535	0.001666433908
133536	0.001513304403
133537	0.001990028576
133538	0.0002412358485
133539	0.0007085273427
133540	0.0008924052618
133541	0.0002427647382
133542	0.002527527663
133543	0.003466756454
133544	0.0008431507767
133545	0.001268669525
133546	0.0002243842933
133547	0.0005794203385
133548	0.0006099354663
133549	0.001490328644
133550	0.0005658954582
133551	0.0007535384732
133552	0.0003899817446
133553	0.001221272437
133554	0.00024132487
133555	0.0001317963082
133556	0.0002461878665
133557	0.0005888510915
133558	0.0003882632729
133559	0.005042246743
133560	0.0003083081354
133561	0.0007733898383
133562	0.0001304359542
133563	0.000261810584
133564	0.0007496778076
133565	0.0005406185607
133566	0.0002767965482
133567	0.0005884783403
133568	0.0008902773118
133569	0.0003817069823
133570	0.0004041759731
133571	0.0003677714005
133572	0.0006048078665
133573	0.0009018185499
133574	0.0006438473941
133575	0.000114524277
133576	0.000239171736
133577	0.0004823485902
133578	0.0006998240536
133579	0.0004048410216
133580	0.0002182068203
133581	0.0006923620919
133582	0.000529689808
133583	0.0006565794767
133584	0.0006379449067
133585	5.729991221e-05
133586	0.0007428676962
133587	0.0005963506011
133588	0.0002678803668
133589	0.0002795562699
133590	0.0001003781041
133591	0.0007731609498
133592	2.908723881e-05
133593	0.0004652036012
133594	0.0001906404185
133595	0.0005096166739
133596	0.0002992798924
133597	0.0002872622693
133598	0.00050525167
133599	0.0002964441001
133600	0.0004905182666
133601	6.039970963e-05
133602	0.0003334554821
133603	0.0004561020833
133604	0.001083736585
133605	0.0009880637861
133606	0.0005117530443
133607	0.0007207919994
133608	0.0007180634631
133609	0.0004937990864
133610	0.0005450858258
133611	0.0002782925509
133612	0.0009169151685
133613	0.0002994844461
133614	0.0009393036707
133615	0.0008009816586
133616	9.897537342e-05
133617	0.0001223021674
133618	0.0003984971602
133619	0.0006845031886
133620	0.0007169870433
133621	0.0004639871448
133622	0.0004449654415
133623	0.0002261865975
133624	0.0006318549992
133625	0.0001756184841
133626	6.264390327e-05
133627	0.0007326647529
133628	0.0006795110968
133629	0.0004151006913
133630	0.0008398895497
133631	0.0007007238095
133632	0.000601686172
133633	0.0002914049003
133634	0.0002738827319
133635	0.0005378349857
133636	0.0001634907077
133637	0.000359663103
133638	0.0008869575999
133639	0.0003811390161
133640	0.0005304971111
133641	0.0006611556293
133642	0.0007956015025
133643	0.0007890661435
133644	0.0004479269249
133645	0.0005244122327
133646	0.0004413385526
133647	0.0004514828623
133648	0.0003172698516
133649	0.0004327497038
133650	0.0009642943159
133651	0.0005887607875
133652	0.0005051676206
133653	0.0005408880893
133654	0.0004665097848
133655	0.0003565427854
133656	0.0006511738753
133657	0.0007684547266
133658	0.0003087717695
133659	0.0005088093346
133660	0.0003912949475
133661	0.0005610355377
133662	0.000551352947
133663	0.0006018920153
133664	0.000756787587
133665	0.0003283490392
133666	0.0006371575967
133667	0.0006403081003
133668	0.001339827568
133669	0.0003883570908
133670	0.0003666425424
133671	0.0008485523345
133672	0.0007915105511
133673	0.0003400381565
133674	0.000724620688
133675	0.0001699068342
133676	0.0003497334034
133677	0.0005724775755
133678	0.001096827062
133679	0.0007657209963
133680	0.0001304861498
133681	0.001548098496
133682	0.0003257995086
133683	0.0001902989209
133684	0.0004084710103
133685	0.000422176516
133686	0.0006497823162
133687	0.001240416467
133688	0.0008394420763
133689	0.0008016756413
133690	0.0006285882994
133691	0.0004291659187
133692	0.0003673123777
133693	0.0008956376116
133694	0.001826835015
133695	0.0004451828696
133696	0.0003421021779
133697	0.004547386106
133698	0.001161230035
133699	0.00378327435
133700	0.0008583272035
133701	0.0004944012393
133702	6.459787022e-05
133703	0.004149517763
133704	0.002536074098
133705	0.0005211687573
133706	0.006665454363
133707	0.0006653717134
133708	0.001731313383
133709	0.000509046892
133710	0.001776439162
133711	0.0001496040392
133712	0.0007075048978
133713	0.0002470241938
133714	0.0001049649138
133715	0.0002392526781
133716	0.0009177468812
133717	0.0009337099144
133718	0.0002974934512
133719	0.0004920670003
133720	0.0005670689762
133721	0.0007337252424
133722	0.0005674802046
133723	0.000459389176
133724	0.0003149910758
133725	0.0005722039132
133726	0.0005604780715
133727	0.0005280676699
133728	0.00063945783
133729	0.000726795086
133730	0.0007271867036
133731	0.000537340145
133732	0.0003432462188
133733	0.0006037967326
133734	0.000641353926
133735	0.000111788814
133736	0.0009980978944
133737	0.000366643322
133738	0.0007102347363
133739	0.0004613240931
133740	0.001252714599
133741	0.0007751001615
133742	0.0007780674461
133743	0.0007147237258
133744	0.0002222266036
133745	0.0003588983031
133746	0.0009669980672
133747	0.0004920193182
133748	0.0004214208264
133749	0.0003666378757
133750	0.0005842684712
133751	0.0006749879025
133752	0.000378239483
133753	0.000413220773
133754	0.0005813975524
133755	0.0003852854171
133756	0.0003115590725
133757	0.0003952024909
133758	0.0005300644238
133759	0.0006088351623
133760	0.0004451874012
133761	0.0005924325189
133762	0.0005243898036
133763	0.00101273837
133764	0.002365496827
133765	0.0003162183742
133766	0.000267563685
133767	8.681348926e-05
133768	0.0008993431828
133769	0.0004938900511
133770	0.0001737809637
133771	0.0006747835418
133772	0.0005935183423
133773	0.00180795116
133774	0.0002597653128
133775	0.0005963905168
133776	0.0005261505777
133777	0.0005756837678
133778	0.0006407052453
133779	0.0003870913209
133780	0.0003871596146
133781	0.0003418995363
133782	0.0007521327525
133783	0.0002873206485
133784	0.0007040909579
133785	0.0003116459716
133786	0.0002090550667
133787	0.0001488016378
133788	0.001078663243
133789	0.00124072316
133790	0.001185313062
133791	0.0002766123881
133792	0.0006849997604
133793	0.0003960125809
133794	0.0003080561984
133795	0.0006421893174
133796	0.001665315411
133797	0.0005839146021
133798	0.0009626509256
133799	0.0005032738485
133800	0.000112829041
133801	0.0006894144609
133802	0.0003236206215
133803	1.432889767e-05
133804	3.469797077e-05
133805	0.0004589971774
133806	0.000361155231
133807	0.0005325165198
133808	0.0009057323902
133809	0.0004898912555
133810	0.0007492157212
133811	0.001015908451
133812	0.0007785440778
133813	0.0008828923919
133814	1.078881901e-05
133815	0.0007499875657
133816	0.0004185897394
133817	0.0002174913985
133818	0.0005027245949
133819	0.0002736049725
133820	0.000637324902
133821	0.0003436397393
133822	0.0004791402755
133823	0.0004046088276
133824	0.0008469251887
133825	0.0006306981401
133826	0.0005227905591
133827	0.0002979891944
133828	0.0004443893861
133829	0.0005188844285
133830	0.0003709384081
133831	0.0009286520757
133832	0.0006669589508
133833	0.0005788513943
133834	0.0004400729824
133835	0.0007914106995
133836	0.000661011972
133837	0.0009460539109
133838	0.0001810544689
133839	9.149566474e-05
133840	0.0008077916588
133841	0.000521332018
133842	0.0007050241323
133843	0.0005440304464
133844	0.0004332941154
133845	0.001084838309
133846	0.0004952324372
133847	0.0006988447556
133848	0.0003870202813
133849	0.0002484472449
133850	0.0005242015495
133851	0.000758529252
133852	0.002170864303
133853	0.002705628457
133854	0.00654802506
133855	0.003388360698
133856	0.0002698919328
133857	0.003249867122
133858	0.001278089007
133859	0.003371959714
133860	0.005923098819
133861	0.000279217876
133862	0.001312881272
133863	0.0001116146019
133864	0.0002782684519
133865	0.0007427807529
133866	0.00398225281
133867	0.004110099012
133868	0.00406243065
133869	0.0007721477416
133870	0.003728849289
133871	0.0008423262064
133872	0.0002225667616
133873	0.001374782342
133874	0.001128310977
133875	0.003687224294
133876	0.002534743514
133877	0.001349057383
133878	0.0003864753682
133879	0.002101490391
133880	0.002715165185
133881	0.0004721154729
133882	0.0004819733307
133883	0.0005630285821
133884	0.0002752006507
133885	0.002632674575
133886	0.003270976725
133887	0.000658332036
133888	0.0004872394013
133889	0.000496680744
133890	0.0001431258401
133891	0.0009829180458
133892	0.0001938407962
133893	0.001823140729
133894	0.000437293319
133895	0.0008137496919
133896	0.0007061627828
133897	0.0005215342627
133898	0.0004772778057
133899	0.0004149125009
133900	0.0001522289386
133901	0.0001906386388
133902	0.0006072723909
133903	0.0004203539424
133904	0.0003328123924
133905	0.0007307971881
133906	0.000464745764
133907	6.398825474e-05
133908	0.000336797672
133909	0.0004622224301
133910	0.0004516216712
133911	0.0006692987713
133912	0.0005896048055
133913	8.801430318e-05
133914	0.001161948991
133915	0.0003295793794
133916	0.0008572106291
133917	0.0003498297321
133918	0.0004896447459
133919	0.0004832950202
133920	0.0004370225365
133921	0.0008507130305
133922	0.0007128323238
133923	0.0003516222644
133924	0.0005121330796
133925	0.0006937487695
133926	0.002571689273
133927	0.002975170139
133928	0.0004860842456
133929	0.002618845552
133930	0.002657406568
133931	0.0004857260539
133932	0.001744214019
133933	0.00387799735
133934	0.0003410006303
133935	0.0003016256962
133936	0.003253187976
133937	0.0008384888572
133938	0.002445388759
133939	0.000875904496
133940	0.003029464792
133941	0.00243395831
133942	0.0005841559702
133943	0.0007966688157
133944	4.152139016e-05
133945	0.0005231073262
133946	0.0007802698899
133947	0.0003055494642
133948	0.0004716759754
133949	0.00104267131
133950	2.399687163e-05
133951	0.0002959678307
133952	0.0004815198371
133953	0.0002071916501
133954	0.0005549966086
133955	0.0004026736087
133956	0.0003267953615
133957	0.0005802967316
133958	0.0006500318153
133959	0.0007373321722
133960	0.0006444732703
133961	0.0002722741578
133962	0.0004365651653
133963	0.0005329231771
133964	0.0001535566035
133965	0.0008312328693
133966	0.0002442225273
133967	0.0006044047239
133968	0.0001840619334
133969	2.173256883e-05
133970	0.0002613404245
133971	0.0004433239577
133972	8.930913144e-05
133973	0.0003883494119
133974	0.0005553751543
133975	4.636244152e-06
133976	0.0005496443129
133977	0.0003122948481
133978	0.0009849150918
133979	0.0001055188014
133980	0.0006748974175
133981	0.0005041101547
133982	4.186669794e-05
133983	0.0007789137426
133984	0.0003424594355
133985	0.001058011835
133986	0.0006486131137
133987	0.0009799772307
133988	0.0005625214754
133989	0.0008592514235
133990	0.0002739426595
133991	0.0008404733464
133992	0.000339496288
133993	0.0001120271158
133994	0.0002704907723
133995	0.0006322788215
133996	0.0007599979989
133997	0.001013735852
133998	0.0003571215536
133999	0.000834666111
134000	0.002913452413
134001	0.0004639663995
134002	0.005775739612
134003	0.002731823557
134004	0.001979920474
134005	0.001615038128
134006	0.002965213978
134007	0.000610952914
134008	0.0009859004944
134009	1.78609019e-05
134010	0.005719332153
134011	0.003540670893
134012	0.00399632714
134013	0.0002917529989
134014	0.0008494422197
134015	0.0006425044237
134016	0.0055096101
134017	0.0009009411251
134018	0.002185441097
134019	0.0001022947286
134020	0.002347926317
134021	0.001391732298
134022	0.004508745368
134023	0.002106084056
134024	2.872438588e-05
134025	0.001705848534
134026	0.000811456892
134027	0.0002176850906
134028	0.00451866846
134029	0.005174284682
134030	0.0005678792673
134031	0.0006472931923
134032	0.00242921235
134033	0.001233862644
134034	0.0007619976949
134035	0.002666351733
134036	0.002599470609
134037	0.0008805335982
134038	0.001512953418
134039	0.004076993376
134040	0.001629971583
134041	0.0002159278076
134042	0.002387512188
134043	0.008663850051
134044	0.000542347376
134045	0.0005901793557
134046	0.0001521330288
134047	0.000423690597
134048	0.0003685903935
134049	0.0004152762445
134050	0.0004455309737
134051	0.0006903168671
134052	0.0005164234292
134053	0.0005075040343
134054	0.0005577461313
134055	0.0006155225973
134056	0.0004920976171
134057	0.0004113582072
134058	0.0001206950987
134059	0.0007883094283
134060	0.0003557261446
134061	0.0009598307553
134062	0.0003108551106
134063	0.0004923926631
134064	0.0004550636206
134065	0.0004868378455
134066	0.0003834734311
134067	0.0002884922714
134068	0.000505744599
134069	0.0009784775984
134070	0.0003559042904
134071	0.0007613954419
134072	0.0008006989387
134073	0.0008556909882
134074	0.0004231550081
134075	0.0009125723009
134076	0.0004812923351
134077	0.0005699798816
134078	0.0008288561971
134079	0.0006146581308
134080	0.0007533422776
134081	0.0004568542421
134082	0.0009023806609
134083	0.0005793220967
134084	0.0008846679827
134085	0.0003543529965
134086	0.0007204431414
134087	0.0003816790211
134088	0.0002723094128
134089	0.0004164422448
134090	0.0003294451901
134091	0.0006708009615
134092	0.0004148465017
134093	0.0004847881681
134094	0.0003167610222
134095	0.0009301551061
134096	0.0007177100364
134097	0.000921674957
134098	0.0006724023656
134099	0.0007111722994
134100	0.0004395359474
134101	0.0001544363607
134102	0.0004718358832
134103	0.0006113421992
134104	0.0004716249608
134105	0.0004281460858
134106	0.0005617157629
134107	0.000487382862
134108	0.0001761356321
134109	0.0005343304227
134110	0.0004256413106
134111	0.0003088161547
134112	0.0003702086238
134113	0.0005330481171
134114	0.0006132306569
134115	0.0006625778546
134116	0.0002779407333
134117	0.0002075690723
134118	0.0007681030824
134119	0.0003290188208
134120	0.0006199839592
134121	0.0004962387435
134122	6.106281157e-05
134123	0.00017656638
134124	0.0005791964744
134125	0.0001275013907
134126	0.0006183816525
134127	0.0005366118418
134128	0.0004084622709
134129	0.000745931314
134130	0.0005389822854
134131	0.0004482970333
134132	0.0006593894461
134133	0.0005798370668
134134	0.0007232162753
134135	0.0004972634255
134136	0.0004881285632
134137	0.0006417017286
134138	0.0003160272007
134139	8.184072065e-05
134140	8.414941819e-05
134141	0.0008316336425
134142	0.0005628995278
134143	0.0003467134408
134144	0.000781078113
134145	0.0006605507376
134146	0.0007641902737
134147	0.0008451218439
134148	0.0006866006101
134149	0.0005861173724
134150	0.0006716923512
134151	0.0004216259888
134152	0.0002670837132
134153	0.0003482843164
134154	0.0009008054641
134155	0.0003486121965
134156	0.0006251935567
134157	0.0001944734899
134158	0.0005139448775
134159	0.0005733290972
134160	0.0005537503306
134161	0.00025318855
134162	0.0006948327174
134163	0.0003555997779
134164	0.0005044326385
134165	0.0007313671333
134166	0.0004739497611
134167	0.0001626896796
134168	0.0004612041364
134169	0.0002498055922
134170	0.0008641833396
134171	0.0001643905437
134172	0.000786465638
134173	0.0006763215192
134174	0.0004491528659
134175	0.0008123084305
134176	0.001349598093
134177	0.0003778353546
134178	0.000263427619
134179	0.000575774079
134180	0.0005958922156
134181	0.0007917131154
134182	0.0004666667975
134183	0.0008469171204
134184	0.0004153411834
134185	0.0004664396313
134186	0.0002063233658
134187	0.000510743654
134188	0.0003362856943
134189	0.0003128739452
134190	0.0008055960988
134191	0.0004084867927
134192	0.0005168208812
134193	0.0005073596887
134194	0.000278686103
134195	0.00049085966
134196	0.0005762891631
134197	0.0006698482821
134198	0.0006440114265
134199	0.0001292642945
134200	0.0006172056559
134201	0.0008765301976
134202	0.000559998322
134203	0.0002996583866
134204	0.000429902668
134205	0.000484513466
134206	0.0008293474682
134207	0.0003012461398
134208	0.0005552015721
134209	0.0002698935476
134210	0.0004892649369
134211	0.0004469695944
134212	0.0006736065983
134213	0.0009968663811
134214	0.0005336432189
134215	0.000657020823
134216	0.0004851729536
134217	0.00032512501
134218	0.000610867819
134219	0.0006830733562
134220	0.0007087915932
134221	0.0007076521141
134222	0.0008835541007
134223	0.0005768278031
134224	0.001261147938
134225	0.0005055848425
134226	0.0008459113269
134227	0.0006267400738
134228	0.0006712146789
134229	0.0002410246341
134230	0.000607632125
134231	0.0002901822994
134232	0.0007368354375
134233	2.304677766e-05
134234	0.000102071883
134235	0.0004859130896
134236	0.0003156784665
134237	1.771783281e-05
134238	0.0007985320901
134239	0.0004816660048
134240	0.0001763824744
134241	0.0003024245517
134242	0.0004904662745
134243	0.0007421180659
134244	0.0007094598948
134245	0.0008089242137
134246	0.0002264305283
134247	0.0006921246135
134248	0.0005537790457
134249	0.0006068690798
134250	0.0005415291355
134251	0.0008580446975
134252	0.0004585138864
134253	0.0003968168353
134254	0.0005509835651
134255	0.0002134851969
134256	0.0004912820267
134257	0.0006982239661
134258	0.0002714328477
134259	0.0002508718285
134260	0.0003716378842
134261	0.000185217643
134262	0.0005501416679
134263	7.405461898e-05
134264	0.0006364015605
134265	0.0004258942581
134266	0.0002970295543
134267	0.0005179035519
134268	0.0005483584793
134269	0.0007528074162
134270	0.0007512247376
134271	0.0002542248862
134272	0.002514810342
134273	0.002844632416
134274	0.00143747315
134275	0.0004526651327
134276	0.001724583759
134277	0.002161607025
134278	0.003347072948
134279	0.003141918457
134280	0.001257961037
134281	0.00514733822
134282	0.0008385629189
134283	0.003539993438
134284	0.002434514075
134285	0.0001900374291
134286	0.003103426054
134287	0.001273070116
134288	0.001567459508
134289	0.0005407232523
134290	0.0009600673135
134291	0.0008707490827
134292	0.0009206940926
134293	0.007075857515
134294	0.0008161371747
134295	0.001178347632
134296	0.0001875776192
134297	0.001150099376
134298	0.000515586346
134299	0.002142719612
134300	0.001640173062
134301	0.003413333209
134302	0.003430911989
134303	0.003018590249
134304	0.002253919132
134305	0.001036466549
134306	0.002564971495
134307	0.003276676308
134308	0.001111448039
134309	0.0007945216911
134310	0.0004006139231
134311	0.006538983454
134312	0.005836985704
134313	0.00214932358
134314	0.001112398624
134315	0.003871423486
134316	0.002475052604
134317	0.004517113959
134318	0.003062937587
134319	0.0003969280772
134320	0.002144191647
134321	0.002128612005
134322	0.004527518378
134323	0.0008199220293
134324	0.001512732347
134325	0.0004972331303
134326	0.000663436648
134327	0.0009711142762
134328	0.005914911011
134329	0.0005156974472
134330	0.004270115501
134331	0.002860570922
134332	0.0008641353327
134333	0.0004673337839
134334	0.004718634011
134335	0.001466512854
134336	0.0004009380361
134337	0.0005118265523
134338	0.0006432818635
134339	0.002921747012
134340	0.0005497456735
134341	0.001238333652
134342	0.001080029833
134343	0.001702434328
134344	0.005571938841
134345	0.002871547962
134346	0.005550241584
134347	0.000876488146
134348	0.004798677735
134349	0.0003951267521
134350	0.002240452153
134351	0.002651680312
134352	0.003610194989
134353	0.001895192068
134354	0.00128967945
134355	0.001289315744
134356	0.0007549303282
134357	0.001573839314
134358	0.0003856185066
134359	0.006240027671
134360	0.00127636265
134361	0.003268015378
134362	0.001778856293
134363	0.003223391589
134364	0.000456371663
134365	0.003203711158
134366	0.003515463547
134367	0.001057262083
134368	0.001547980968
134369	0.0007219143211
134370	0.0001867652726
134371	0.001317870958
134372	0.001625185815
134373	0.005488244581
134374	0.00214517545
134375	0.005298179853
134376	0.001731578417
134377	0.0009724069411
134378	0.004135518121
134379	0.0006231937098
134380	0.0004708471197
134381	0.003266922819
134382	0.005224880869
134383	0.00656571334
134384	0.0008545624181
134385	0.003815312378
134386	0.000240796418
134387	0.004381332153
134388	0.0009392405777
134389	0.0009392974245
134390	0.002256601048
134391	0.003683657674
134392	0.003622194928
134393	0.0006962735475
134394	0.0003706762331
134395	0.004626601592
134396	0.0005037692694
134397	0.004729219279
134398	0.0004123804094
134399	0.005382376089
134400	0.001071628547
134401	0.004588490478
134402	0.004649443468
134403	0.005629228252
134404	0.0006140337963
134405	0.001712413557
134406	0.001764065303
134407	0.004743527564
134408	0.00110016268
134409	0.002492089355
134410	0.0006961503527
134411	0.001512411247
134412	0.001748036862
134413	0.0002752113982
134414	0.0006160960637
134415	0.00224401122
134416	0.002282670633
134417	0.001310856608
134418	0.006007167126
134419	0.0004405047961
134420	0.0002247717345
134421	0.0004968272763
134422	0.001651547778
134423	4.698559812e-05
134424	0.003108248919
134425	0.001969630749
134426	0.0006215800343
134427	0.001609881573
134428	0.00035096418
134429	0.005552452023
134430	0.001218729992
134431	0.0002625414698
134432	0.001807112159
134433	0.0062930174
134434	0.002010206649
134435	0.002767798154
134436	0.0008839085274
134437	0.002106737374
134438	0.0005354261235
134439	0.0007010841555
134440	0.002553831996
134441	0.002438199609
134442	0.00146068167
134443	0.004055314156
134444	0.008384994824
134445	0.0001947545645
134446	0.002315313152
134447	0.000224367871
134448	9.481386113e-05
134449	0.0005801330763
134450	0.002832125258
134451	6.986791892e-05
134452	0.008538912726
134453	0.00493500419
134454	0.001151653996
134455	0.001586900409
134456	0.0006612982998
134457	0.001110200687
134458	0.003752350315
134459	0.003526726942
134460	0.0009848161727
134461	0.002628155179
134462	0.004677619019
134463	0.003213481092
134464	0.0005843621169
134465	0.0005469216669
134466	0.0002051614522
134467	1.283417657e-05
134468	0.0003163933564
134469	0.003798108788
134470	0.002056778181
134471	0.0003771813006
134472	0.001115353558
134473	0.0002827476665
134474	0.001197104223
134475	0.002190684972
134476	0.001205304319
134477	0.002422199771
134478	0.00117966598
134479	0.002152433428
134480	0.0009456963112
134481	0.0001387104383
134482	0.0005788791763
134483	0.00112597471
134484	7.704620192e-05
134485	0.0002308581511
134486	0.004700799626
134487	0.003423039612
134488	0.002251117891
134489	0.0002508487415
134490	0.001206534362
134491	6.057755345e-06
134492	0.002742337012
134493	0.00475376787
134494	0.0009923730831
134495	0.002309848937
134496	0.0006228052447
134497	0.007181227506
134498	0.0007012578699
134499	0.004743334451
134500	6.9822334e-05
134501	0.001536426143
134502	0.0004773716937
134503	0.000424654689
134504	0.001017223845
134505	0.0004740437586
134506	0.0003742418182
134507	0.002167804991
134508	0.001538876074
134509	0.003167707954
134510	0.0004594193086
134511	0.0004097937119
134512	0.002995284881
134513	0.005108508779
134514	0.0004697040621
134515	0.002104822028
134516	0.0003426002288
134517	0.001463064278
134518	0.002823396542
134519	0.00252269009
134520	0.000709073531
134521	0.0009182637246
134522	0.002366158896
134523	0.004563403847
134524	0.0007780229777
134525	0.00170803014
134526	0.002176228421
134527	0.00387027197
134528	0.002384756555
134529	0.001121995312
134530	0.00170641165
134531	0.001615186702
134532	0.001580490722
134533	0.0009513654348
134534	0.003356651123
134535	0.004707882501
134536	0.004688266206
134537	0.004158430269
134538	0.002645207158
134539	0.00415597601
134540	0.005105566972
134541	0.005221077174
134542	0.00307912698
134543	0.0001341842988
134544	0.004239716227
134545	0.0009782292457
134546	0.001681652017
134547	0.001415824724
134548	0.001747736921
134549	0.002431860541
134550	0.002525828551
134551	0.000932449263
134552	0.003334810471
134553	0.006972390525
134554	0.0003229477257
134555	0.001583842142
134556	0.003388340449
134557	0.007100772799
134558	0.0002872350375
134559	0.001177814918
134560	0.001576839884
134561	0.0001046430058
134562	0.0001291701109
134563	0.0009151207472
134564	1.444873742e-05
134565	0.001955622095
134566	0.002693068607
134567	0.0004314969783
134568	0.001326388885
134569	0.0004170509081
134570	0.002776449221
134571	0.005603307614
134572	0.002067371892
134573	0.004060049118
134574	0.0006241996734
134575	0.0001107794079
134576	0.001197337083
134577	0.0002788749754
134578	0.00273381818
134579	0.003312613223
134580	0.003230050268
134581	0.003703823528
134582	0.0008809118317
134583	0.002193163019
134584	0.001279680891
134585	0.0001794929787
134586	0.005136284328
134587	0.0004257385929
134588	0.00413738738
134589	0.003976485115
134590	0.001748074033
134591	0.0002431595339
134592	0.003425316725
134593	0.00480412149
134594	0.0007845820101
134595	0.001288350657
134596	2.014588091e-05
134597	0.001057728594
134598	0.001219033902
134599	0.0005094970267
134600	0.002484171527
134601	0.0060221758
134602	0.002007167483
134603	0.005237652741
134604	0.002832572711
134605	0.001617626468
134606	0.0001194094961
134607	0.0008281232638
134608	0.002015432299
134609	3.890849199e-05
134610	0.001277015803
134611	0.005233283487
134612	0.001555290444
134613	0.002883273348
134614	0.001668521709
134615	0.000422468752
134616	0.0006342101568
134617	0.001963924901
134618	0.003225809881
134619	0.0007873530838
134620	0.003554765474
134621	0.002129227808
134622	0.001421587632
134623	0.004010731097
134624	0.001373577302
134625	0.0002715850358
134626	0.002646819253
134627	0.0002796961836
134628	0.006984410033
134629	0.002543955254
134630	0.001233621604
134631	0.001194343258
134632	0.005965683748
134633	0.003180203701
134634	0.0006367019074
134635	0.001734443784
134636	0.002886035717
134637	0.0004531143732
134638	0.001092102734
134639	0.004579388567
134640	0.001765120116
134641	0.0001884992696
134642	0.00144092912
134643	0.004948179681
134644	0.007857635046
134645	0.00105731315
134646	0.0007317255598
134647	0.001553832614
134648	0.0001566504038
134649	0.000185573071
134650	0.0004394129412
134651	0.0005274539254
134652	0.004422194568
134653	0.0039427624
134654	0.0002256894222
134655	0.0007663038508
134656	0.002678715245
134657	0.0003100206099
134658	0.006135696318
134659	0.00386644607
134660	0.0008223349654
134661	0.0003117055508
134662	0.0005725536653
134663	0.003367382056
134664	0.0001291863743
134665	0.0007515976926
134666	0.008791775705
134667	5.718127302e-05
134668	0.006131298204
134669	0.00389027854
134670	0.0009246179667
134671	1.608184489e-05
134672	0.001482596466
134673	0.002948256839
134674	0.003040290881
134675	0.0003664621677
134676	0.002204698347
134677	0.0009329886801
134678	0.002088596517
134679	7.888474541e-05
134680	0.004766170669
134681	0.005813296588
134682	0.006836384237
134683	0.006232639404
134684	0.003549627488
134685	0.004831559874
134686	0.0005280594866
134687	0.001394904887
134688	0.001212906488
134689	0.002320324059
134690	0.00265565205
134691	0.004303558097
134692	0.001451419472
134693	0.0001974725948
134694	0.003183955825
134695	0.002314590023
134696	0.004353384957
134697	0.003402881731
134698	0.002360590825
134699	0.0007423962142
134700	0.005384047535
134701	0.002177349493
134702	0.002367072283
134703	0.00208643938
134704	0.002554340649
134705	0.002415251048
134706	0.008048143396
134707	0.007083362733
134708	0.005181232173
134709	0.005919415199
134710	0.0007099836182
134711	0.001623792759
134712	0.003645224422
134713	0.002713532015
134714	0.001327708742
134715	0.002793686941
134716	0.001269262588
134717	0.002546569848
134718	0.00564495698
134719	0.0007112959666
134720	0.0001552552945
134721	0.004806706303
134722	0.001239218449
134723	0.0004883443278
134724	0.001107037753
134725	0.0003645725128
134726	0.003478283776
134727	0.002699605991
134728	0.004600953724
134729	0.001535038217
134730	0.005105206313
134731	0.002235397131
134732	0.003162553398
134733	0.0005198710238
134734	0.0002733748197
134735	0.0005865020192
134736	0.003453402031
134737	0.0001376164176
134738	0.0007115470933
134739	0.003925787498
134740	0.002884594412
134741	0.002424156121
134742	0.001089186179
134743	0.001038276737
134744	0.006935572337
134745	0.0009848983366
134746	0.0002253697841
134747	0.0009448595277
134748	4.300916353e-05
134749	0.004920627863
134750	0.0002810262722
134751	0.0006805961879
134752	0.001260832968
134753	0.001787010469
134754	0.001199794338
134755	0.0001433026959
134756	0.0009534871165
134757	0.0003725112864
134758	0.0008455621467
134759	0.000429805764
134760	0.0002472968869
134761	4.392203804e-05
134762	0.0003587615193
134763	0.0009285757965
134764	0.000177355934
134765	0.001283896226
134766	0.0007538293341
134767	0.002837716869
134768	0.0004447633515
134769	0.000499212345
134770	0.0001896306174
134771	0.0001128746475
134772	0.0002776637384
134773	0.0003631662458
134774	0.001043060839
134775	0.0007466009546
134776	0.0007159345335
134777	0.0004423381455
134778	0.00185686568
134779	0.0009799103083
134780	0.00160714872
134781	0.003738863048
134782	0.002956905813
134783	0.0006770407118
134784	0.0004745321954
134785	0.0008657599308
134786	5.088792914e-05
134787	0.001718479858
134788	0.001000422883
134789	0.0005410535811
134790	0.005436734706
134791	0.0003776219185
134792	0.005549625877
134793	0.002448012131
134794	0.004941894666
134795	0.00278625838
134796	0.002425293962
134797	0.00546517087
134798	0.001057985915
134799	0.0002614745328
134800	0.000377914091
134801	0.00234647257
134802	3.968253203e-05
134803	4.407225004e-05
134804	0.0003830842906
134805	0.002813642754
134806	0.001420765658
134807	0.001903689312
134808	0.0003544818391
134809	0.002590394571
134810	0.0006603449441
134811	0.00270691204
134812	0.0024206638
134813	0.005189118187
134814	0.002760823775
134815	0.002768414806
134816	0.001735047796
134817	0.0002761101549
134818	0.0003328626952
134819	0.003401706011
134820	0.007022340629
134821	0.003031670048
134822	0.0006913955019
134823	0.0001129114792
134824	0.005658557197
134825	0.002727231971
134826	0.001520811394
134827	0.003883602717
134828	0.0002202979269
134829	0.00156661216
134830	0.002101969207
134831	0.001895519954
134832	0.001823298852
134833	0.0005275823457
134834	0.005167594146
134835	0.000612882444
134836	0.002239416022
134837	0.001340498342
134838	0.00203398767
134839	0.003389452987
134840	0.005185740993
134841	0.0002122672579
134842	0.001067310849
134843	0.005407042209
134844	0.0009000485032
134845	3.294295478e-05
134846	0.002066888764
134847	0.0005947839262
134848	9.477631505e-05
134849	0.006614634061
134850	0.002942369568
134851	0.002211568802
134852	0.002518184681
134853	0.002125058911
134854	0.0002313791657
134855	0.001172346907
134856	0.0001004326034
134857	0.001094740136
134858	0.001670188617
134859	0.0007763904841
134860	0.0007167449951
134861	0.00104546368
134862	0.00121549119
134863	0.0003610531849
134864	0.0006995599749
134865	0.001096364947
134866	0.001830387531
134867	0.0004549549838
134868	0.001276009698
134869	0.001448513837
134870	0.00467372252
134871	0.001754923051
134872	0.003611267665
134873	0.0004983270538
134874	0.001050535778
134875	0.0004268183951
134876	0.00404300873
134877	0.001849891752
134878	0.001539941884
134879	0.00680328103
134880	0.002452294654
134881	0.005555113344
134882	0.0007928952053
134883	0.004117181366
134884	0.0001307904271
134885	0.0001124839837
134886	0.0004358153144
134887	0.002888951097
134888	0.00147406251
134889	0.000276550912
134890	0.004687159174
134891	0.001178029992
134892	0.001741083003
134893	0.003208574973
134894	0.000438077232
134895	0.0006644413319
134896	0.001364635011
134897	0.005623733526
134898	0.0008351169894
134899	0.00175013625
134900	0.001644953646
134901	0.002856547871
134902	0.002908304958
134903	0.002613935332
134904	0.0004998436604
134905	0.0003181883439
134906	0.0004960003406
134907	0.005807015976
134908	5.55323931e-05
134909	0.004025391493
134910	0.001206467296
134911	0.0003179603221
134912	0.000130871285
134913	0.003077331876
134914	0.001912012899
134915	0.002951456941
134916	0.0004650442701
134917	0.002397966326
134918	0.001967227188
134919	0.0008458046629
134920	0.001150720915
134921	0.0003568626424
134922	0.0001274817286
134923	0.001275113949
134924	0.001040211291
134925	0.00108617893
134926	0.0009836628011
134927	0.0003736454418
134928	0.002242466577
134929	0.00457672899
134930	0.003081981161
134931	0.0003380668935
134932	0.0008117143927
134933	0.004744934794
134934	0.003017752696
134935	0.001231343307
134936	0.0008699267975
134937	0.002843560324
134938	0.0004515357996
134939	0.0008915586656
134940	5.896368151e-05
134941	0.004367590314
134942	0.001626164904
134943	0.004834269298
134944	0.0028014554
134945	0.0006145356335
134946	0.002998614764
134947	0.002677523871
134948	0.002159679283
134949	0.001498511914
134950	3.607916745e-05
134951	0.002177228465
134952	0.0004518242742
134953	0.00105135889
134954	0.00465398538
134955	0.001582933116
134956	0.00409008376
134957	0.0002696241782
134958	0.002469148879
134959	0.003773054048
134960	0.005428901287
134961	0.00028113456
134962	0.006044582584
134963	0.00441670667
134964	0.001541474022
134965	4.664984385e-05
134966	0.003536505399
134967	0.001393136784
134968	0.00306480292
134969	0.0007647633773
134970	0.0005492446951
134971	0.0002770479136
134972	0.00131945772
134973	0.0009433722585
134974	0.0007442960177
134975	0.001095139908
134976	0.001064180803
134977	0.00154442465
134978	0.001913211827
134979	0.001625202241
134980	0.002102226297
134981	0.001829751495
134982	0.001108177536
134983	0.0007861494616
134984	0.001566012284
134985	0.001927831443
134986	0.001821556154
134987	0.0004467711834
134988	0.00419472356
134989	0.001115980018
134990	0.0002010665775
134991	0.000147492906
134992	0.0005653704822
134993	0.0007909139029
134994	0.001181620585
134995	0.0007183195514
134996	0.002279571385
134997	0.0002827643168
134998	0.004293481759
134999	0.001252028066
135000	0.0001126862828
135001	6.543570998e-05
135002	0.001373697406
135003	0.0001537714231
135004	0.0003352654308
135005	9.274913057e-05
135006	0.001444014675
135007	0.005017515004
135008	0.001049782639
135009	0.003355319654
135010	0.002543330409
135011	0.001116763552
135012	0.003843360708
135013	0.000440562472
135014	0.001116556436
135015	0.000960682872
135016	0.00329997004
135017	0.003725245138
135018	0.0009814325993
135019	0.001391687776
135020	0.001471176451
135021	0.0004743244614
135022	0.005912150034
135023	0.003208993301
135024	0.00136103238
135025	0.004935849973
135026	0.004442766229
135027	0.002287264793
135028	0.00277037173
135029	0.004176260376
135030	0.0013447712
135031	0.0005092272676
135032	0.008536707831
135033	0.00429963208
135034	0.0002685903176
135035	0.001026909145
135036	0.0001436778543
135037	0.003546306953
135038	0.001627438137
135039	0.003257881153
135040	0.0001335379497
135041	0.003011927286
135042	0.0007722289705
135043	0.001598716418
135044	0.002390551336
135045	0.001282129438
135046	0.0009793881999
135047	0.005939871295
135048	0.0007733780405
135049	0.006253317305
135050	0.003727810152
135051	0.002617823967
135052	0.01071475978
135053	2.251367193e-08
135054	5.613953994e-05
135055	0.0007497868942
135056	0.001006658481
135057	0.003456200116
135058	5.617900583e-05
135059	0.0001474077944
135060	0.001690749758
135061	0.001222162308
135062	0.003141573166
135063	0.003858752151
135064	0.004908221783
135065	0.0002105339625
135066	0
135067	0.002360222975
135068	0.002471745788
135069	9.16229479e-05
135070	0.0009329243245
135071	0.004074872643
135072	0.0005313690831
135073	0.001895319605
135074	0.002588516897
135075	0.002535161783
135076	0.002252448598
135077	0.003513182793
135078	0.00171743344
135079	0.003392590985
135080	0.002829605071
135081	0.003942028573
135082	0.0003131704565
135083	0.0009243563279
135084	0.0001876738535
135085	0.002279538429
135086	0.005544836502
135087	0.002226211925
135088	0.003551987652
135089	0.0003226338885
135090	0.0001018918116
135091	0.0007202545158
135092	0.000406696957
135093	0.0001641251158
135094	0.0009411044385
135095	0.001647378835
135096	0.002734860512
135097	0.000123245012
135098	0.0007608273809
135099	0.001649164905
135100	0.0038108486
135101	0.003873434477
135102	0.001721980155
135103	0.003918175584
135104	0.00269325668
135105	0.003732692237
135106	0.0007387417567
135107	0.001294700902
135108	0.003806389006
135109	8.34198854e-05
135110	0.001256189889
135111	0.001030345515
135112	0.001749966461
135113	0.0005718328488
135114	0.005833180896
135115	0.001454267504
135116	0.003067366495
135117	0.002775198484
135118	0.0007948807277
135119	0.0007979532078
135120	0.001678409558
135121	0.00136785233
135122	0.001646619578
135123	0.0005049300788
135124	0.001792383518
135125	0.0044415179
135126	0.001586817552
135127	0.0003899936992
135128	0.001798379077
135129	0.005202185732
135130	0.003399714525
135131	0.00284882035
135132	0.001134559568
135133	0.001007990756
135134	6.369550144e-05
135135	0.001851108295
135136	1.826549598e-05
135137	0.001439225159
135138	0.001584695369
135139	0.0002421125647
135140	0.000544280713
135141	0.002090962447
135142	0.001828877389
135143	0.0001587902593
135144	0.0008260434063
135145	0.0006581761173
135146	0.002955945427
135147	0.002031484433
135148	0.001435611161
135149	0.0023732437
135150	0.001118265722
135151	0.000316231264
135152	0.003967436079
135153	0.003815570943
135154	0.002332778705
135155	0.0004056104594
135156	0.00493555164
135157	0.0008895770466
135158	0.0005984933428
135159	0.00714397291
135160	0.002299011872
135161	0.002194832292
135162	0.0003278478916
135163	0.001317257639
135164	0.000558115918
135165	0.00118293293
135166	0.002915737338
135167	0.001572791497
135168	0.0006182826317
135169	0.001814051306
135170	0.001702266102
135171	0.0003861685455
135172	0.006254001542
135173	0.001282653781
135174	0.00133286006
135175	0.002262272627
135176	0.001982351874
135177	0.002492728091
135178	0.001073474151
135179	0.001169805877
135180	0.0004800246874
135181	0.0008404105569
135182	0.001625835384
135183	0.008274741668
135184	0.0006929783812
135185	0.003435546002
135186	0.0003464722145
135187	0.002356776154
135188	0.0007475790404
135189	0.002044063771
135190	0.00182903503
135191	0.005870168147
135192	0.003828846507
135193	0.00176548404
135194	0.002557650254
135195	0.0004841584934
135196	0.0001162112634
135197	0.001948857502
135198	0.002545141234
135199	0.0007003519062
135200	0.0003111465355
135201	0.007379785676
135202	0.0006766279032
135203	0.005767421781
135204	0.002652892289
135205	0.0002180776375
135206	0.001679966377
135207	0.0005940778817
135208	0.001031799288
135209	0.005226879061
135210	0.002439037169
135211	0.001992927123
135212	0.001744641209
135213	0.003258964485
135214	0.003846874515
135215	0.001457144079
135216	0.0001147727545
135217	0.0005249147214
135218	0.002043825991
135219	0.0012561868
135220	0.002931745113
135221	0.005546913226
135222	0.003669703183
135223	0.002977235404
135224	0.0005482800117
135225	0.0007220747686
135226	0.001575606518
135227	0.002789070689
135228	0.001980046225
135229	0.001293268452
135230	0.001594655796
135231	0.002530456768
135232	0.006536953389
135233	0.001270927097
135234	0.0004617602828
135235	0.00859929686
135236	0.0008740640842
135237	0.003892125815
135238	0.0009262082285
135239	0.0004011391914
135240	0.001222755915
135241	0.002299654465
135242	0.001806141347
135243	0.0008896656341
135244	0.0008574298114
135245	0.01525607452
135246	0.0006159165589
135247	0.001375402536
135248	0.0004878023429
135249	0.006507347811
135250	0.00231131156
135251	0.0004793446444
135252	0.004730547555
135253	0.0005539615286
135254	0.007374785174
135255	0.001928261176
135256	0.001049245854
135257	0.004742902867
135258	0.004639547193
135259	0.0002019391239
135260	0.001766618349
135261	0.002397880548
135262	0.001713582731
135263	0.002673789589
135264	0.003363338813
135265	0.001590260566
135266	0.001060880752
135267	0.001567140175
135268	0.0008737847379
135269	0.001330724333
135270	0.0005559175676
135271	0.001101926352
135272	0.003157545346
135273	0.005996518218
135274	3.63348329e-06
135275	0.002235354431
135276	3.932652082e-05
135277	0.003755936779
135278	0.002162717607
135279	0.005598730709
135280	0.002079840004
135281	0.00280937806
135282	0.002460434713
135283	0.003451527895
135284	7.326201115e-05
135285	0.002984142041
135286	0.0005175074845
135287	0.001580007752
135288	0.004821454091
135289	0.0007781032629
135290	0.007857075683
135291	0.0004515361153
135292	0.002438282697
135293	0.003582794755
135294	0.00102572843
135295	0.001220741001
135296	0.001018153587
135297	0.002406036215
135298	0.001999261522
135299	0.003200241579
135300	0.0001180470022
135301	5.68743428e-05
135302	0.005293766754
135303	0.0002379714018
135304	0.0004880953769
135305	0.00316231614
135306	0.002036753275
135307	0.0004697247164
135308	6.534885037e-05
135309	0.0002097788957
135310	0.002989067823
135311	0.0003111764198
135312	0.0005771011291
135313	0.001674822628
135314	0.003092891839
135315	7.325299077e-06
135316	0.0003718561924
135317	0.0006293385209
135318	0.007652176268
135319	0.004340196546
135320	0.001910868647
135321	0.004164691356
135322	0.0002634209559
135323	2.622058537e-05
135324	0.0001633730866
135325	0.003916446671
135326	0.002092386204
135327	1.992382879e-06
135328	0.003903859063
135329	0.006013049966
135330	0.001333961814
135331	0.0005087152758
135332	0.004741680378
135333	0.0004139152534
135334	0.004636374014
135335	0.005249299501
135336	0.0002802383734
135337	0.0009631392813
135338	0.0002781908262
135339	0.003181930636
135340	0.003750149442
135341	0.002484621618
135342	0.00347957078
135343	0.0006687913472
135344	0.0006673971422
135345	0.001139361925
135346	0.002252884154
135347	0.003022269017
135348	0.001696746424
135349	0.005036510001
135350	0.001953832691
135351	0.0004572305049
135352	0.001329035653
135353	0.00317262966
135354	0.006578754219
135355	0.0001630918025
135356	0.001660959748
135357	0.0003149679752
135358	0.0002187936575
135359	0.000169034028
135360	0.0009883860213
135361	0.0003205408685
135362	0.002208945198
135363	4.711597891e-05
135364	0.0007761902261
135365	0.001355850293
135366	1.110903802e-05
135367	8.447251716e-05
135368	0.001657096716
135369	0.00188240254
135370	0.001222894782
135371	0.001220599502
135372	0.0006364804538
135373	0.003316236131
135374	0.0038698668
135375	0.0008626011108
135376	0.002244604158
135377	0.003079688611
135378	0.005711581443
135379	0.0004788747009
135380	0.001503497289
135381	0.0005947806625
135382	0.0002807492364
135383	0.005075962733
135384	0.004867749573
135385	0.003502577109
135386	9.98658668e-05
135387	0.003204983947
135388	0.002690722934
135389	0.0001080819825
135390	0.0004015929095
135391	0.001340118292
135392	0.0004543764588
135393	0.002160773733
135394	0.00290715238
135395	0.006150032201
135396	0.002965126644
135397	0.008394886217
135398	0.001076423664
135399	0.0004413866477
135400	0.0001958417084
135401	0.0001098443272
135402	0.0009985825064
135403	0.0005509018299
135404	0.001946877952
135405	0.002760074888
135406	0.002972122319
135407	0.0004747148961
135408	0.002672507153
135409	0.004891083857
135410	0.002789823593
135411	0.001580567975
135412	6.320352942e-06
135413	0.0008812121918
135414	6.898334816e-05
135415	0.002663517313
135416	0.0007742846509
135417	0.003323871613
135418	0.001474493827
135419	0.003246050121
135420	0.000757010839
135421	0.005569268124
135422	0.0003170011352
135423	0.001173451986
135424	0.003703351477
135425	0.002205789414
135426	0.001429505612
135427	0.0007272296084
135428	0.00127638743
135429	0.001018344109
135430	0.0007327183419
135431	0.004444038498
135432	7.062788873e-05
135433	0.001196817754
135434	6.371110802e-05
135435	0.00193545316
135436	0.004540100886
135437	0.0003611909805
135438	0.00461228568
135439	0.001029350059
135440	0.001230886297
135441	0.0007941083374
135442	0.003241596522
135443	0.003049850927
135444	0.0001129447141
135445	0.000276191146
135446	0.006361899178
135447	0.004604635126
135448	0.0008888059717
135449	0.002541774401
135450	0.002761282372
135451	0.001286630057
135452	0.0001701567456
135453	0.002429662406
135454	0.002091129328
135455	0.0008392524153
135456	0.0006393491424
135457	0.001448032667
135458	0.002341929751
135459	0.004234279863
135460	0.002992219465
135461	0.0004299629726
135462	0.004937885546
135463	0.0006730165114
135464	0.002023514146
135465	0.0006738006579
135466	0.0006303799351
135467	0.0001678114051
135468	0.0004034988875
135469	0.0003916465513
135470	0.001285954103
135471	0.002758413629
135472	0.0002399485563
135473	0.004656259472
135474	0.003461135901
135475	0.001576910529
135476	0.004366620239
135477	0.001363365059
135478	0.0008903426868
135479	0.003818258209
135480	0.0008101602537
135481	0.0003816543616
135482	0.002325210652
135483	0.002858159304
135484	0.003524992746
135485	0.001127725155
135486	0.002538308921
135487	0.0004937097852
135488	0.006768420437
135489	0.001222850633
135490	0.00441620505
135491	0.0006526028917
135492	0.004517962289
135493	5.405841649e-05
135494	0.001918666802
135495	4.77101068e-05
135496	0.0002440486864
135497	0.001637649929
135498	0.001348095495
135499	0.001545369714
135500	0.00413537156
135501	8.446679507e-05
135502	0.0005618328377
135503	0.002015863476
135504	0.001299181473
135505	0.001423226266
135506	0.001874652902
135507	0.003169258008
135508	0.001282746875
135509	0.005014569588
135510	0.00088275791
135511	0.002825841566
135512	0.001930327125
135513	0.003951412194
135514	0.002872990172
135515	0.008430857782
135516	0.003080319221
135517	0.005819556613
135518	0.003391421691
135519	0.0005548799642
135520	0.002530791341
135521	0.00426728429
135522	0.005657647539
135523	0.002757166028
135524	0.0002595345418
135525	0.001411646043
135526	0.001126871857
135527	0.002312498456
135528	0.00407612655
135529	0.0008746674282
135530	0.003636576094
135531	0.002348430712
135532	0.001581212519
135533	0.004593725594
135534	0.0005990409423
135535	0.0004479407631
135536	0.001328911987
135537	0.003513022015
135538	0.002490698822
135539	0.007529555082
135540	0.001479858586
135541	0.0008637449709
135542	0.002691016456
135543	4.829682729e-05
135544	0.0009811733476
135545	0.0005002413984
135546	0.0008719305154
135547	0.0009418004648
135548	0.0004034737835
135549	0.001757372162
135550	0.000456592568
135551	0.0004371883818
135552	0.0008552623071
135553	0.007314160111
135554	0.002215957794
135555	0.0003169680348
135556	0.002229998176
135557	0.001771111962
135558	0.0005783077135
135559	0.003925802361
135560	0.004743632395
135561	0.0002618856148
135562	0.0005382138803
135563	0.002739207834
135564	0.001415556215
135565	0.002231656902
135566	0.002628746645
135567	0.00272099681
135568	0.0038521504
135569	0.0002370397176
135570	0.001738919251
135571	0.001019928173
135572	0.0008677155212
135573	0.0031259198
135574	0.001900609266
135575	0.0006053631376
135576	0.0009552541447
135577	0.001701520735
135578	0.001121461635
135579	8.943537802e-05
135580	0.001815457519
135581	0.001796542838
135582	0.001842914163
135583	0.0009008872936
135584	0.002091521284
135585	6.346295863e-05
135586	0.0003703999606
135587	0.001569066743
135588	0.001558318055
135589	0.003673758602
135590	0.001212960792
135591	0.003199622893
135592	0.0001884286259
135593	0.007698741887
135594	0.0007090889448
135595	0.003109151023
135596	0.001497913246
135597	0.00666729035
135598	0.0006201925403
135599	0.002201660657
135600	0.007654020687
135601	0.003768257648
135602	0.0008852222105
135603	0.00031295808
135604	0.001439173787
135605	0.0003360639937
135606	0.0005717994843
135607	0.00031295808
135608	0.00014055305
135609	0.0008938744936
135610	0.0003496546599
135611	0.004910593129
135612	0.00040406126
135613	0.0006813522099
135614	0.003619483181
135615	0.002060229078
135616	0.002196971134
135617	0.004540237273
135618	0.001610524304
135619	0.001216280589
135620	0.00291667189
135621	0.00213572779
135622	0.001039960738
135623	0.0001502903583
135624	0.001604899096
135625	0.002831007548
135626	0.004809310039
135627	0.0005889764562
135628	0.001430519953
135629	0.00170602013
135630	0.0005983932643
135631	0.0009432967566
135632	0.002489156657
135633	0.002912500225
135634	0.0002420649358
135635	0.006013746566
135636	0.0004653603702
135637	0.0007959497093
135638	0.002530674768
135639	0.0008141347722
135640	0.00162651883
135641	0.001859087155
135642	0.0007183184982
135643	0.0002269983279
135644	0
135645	0.003644733652
135646	0.0028793642
135647	0.001482852809
135648	0.001074784656
135649	0.003312890498
135650	0.001854247619
135651	0.001202700367
135652	0.001465213729
135653	0.001635715816
135654	0.001300796259
135655	0.003505765255
135656	1.83684375e-05
135657	0.003861926188
135658	0.003319292265
135659	0.005892132941
135660	0.003378974194
135661	0.000556757315
135662	0.00789582232
135663	0.00120571668
135664	0.0001227320702
135665	0.000972009747
135666	0.002409065638
135667	0.0008307591421
135668	0.0001160294828
135669	0.00722884614
135670	0.000511001891
135671	0.001998735434
135672	0.001418284235
135673	0.007734820614
135674	0.001730000177
135675	0.004496852551
135676	0.002189912239
135677	0.006739676625
135678	0.001896539739
135679	0.001688610279
135680	0.006229621409
135681	0.003538871521
135682	0.0002587910876
135683	0.001146901966
135684	0.0003536410958
135685	0.001969659347
135686	0.0007592246165
135687	0.0006544639712
135688	0.001404630832
135689	0.001022440889
135690	0.0007651544446
135691	0.002969835666
135692	0.003898568138
135693	0.005554596612
135694	0.001949764461
135695	0.003620915316
135696	0.0007460955514
135697	0.0004151623673
135698	0.001528578388
135699	0.0004707954226
135700	0.001033043101
135701	0.001327701707
135702	0.003958569257
135703	0.001824322686
135704	0.003912236418
135705	0.001401172636
135706	0.0002404516228
135707	0.0003369010191
135708	0.0001893417148
135709	0.0008219755296
135710	0.0002770432234
135711	0.0001487903831
135712	0.002375253695
135713	1.610618408e-05
135714	0.00435067874
135715	0.005242550758
135716	0.000125991718
135717	0.0007839636601
135718	0.0009789857898
135719	0.002207584977
135720	0.003079808432
135721	0.0001580619193
135722	0.0002329497336
135723	0.0001304752725
135724	0.001326264732
135725	0.00102213238
135726	0.001671346775
135727	0.001567550765
135728	0.0006567048139
135729	0.002472677772
135730	0.0003693036176
135731	5.949440142e-05
135732	2.031235327e-05
135733	0.000443743829
135734	0.0004907673178
135735	0.000148717001
135736	0.005739769503
135737	0.00511194513
135738	0.001958935725
135739	0.002533782253
135740	0.001044669846
135741	0.0004182428867
135742	1.849187121e-05
135743	0.0007833008716
135744	0.001199018131
135745	0.002021326883
135746	0.002252211897
135747	0.0005120096681
135748	0.0004201859753
135749	0.007114302037
135750	0.0002203940065
135751	0.005089153128
135752	0.007206444861
135753	0.003760436943
135754	0.0007503034053
135755	0.009059138191
135756	5.754285158e-06
135757	0.0007389733305
135758	1.236430703e-06
135759	0.001384121372
135760	0.0003450489131
135761	0.002558668123
135762	0.003936282877
135763	0.0008427225343
135764	0.001071900526
135765	9.874442822e-05
135766	0.004235549647
135767	0.0006593082044
135768	0.00119005411
135769	0.0002909242407
135770	0.008076396964
135771	0.002275518779
135772	0.002949998019
135773	0.00442033599
135774	0.0009993185148
135775	0.004179763879
135776	0.001723868812
135777	0.0007998068042
135778	0.0008761461238
135779	0.002629883575
135780	0.001669689224
135781	0.0001912262806
135782	0.003445474402
135783	0.0006187282293
135784	0.001803217039
135785	0.001071466297
135786	0.002616040947
135787	0.00276876413
135788	0.0003163656828
135789	0.002201188426
135790	0.005025469488
135791	0.002488924031
135792	0.002675525289
135793	0.002004559294
135794	0.0007834981386
135795	0.0006286022301
135796	0.0006354452399
135797	0.0004551882032
135798	0.0005365921697
135799	0.002931359106
135800	0.001654089498
135801	0.0006729691584
135802	0.002233373673
135803	6.659373445e-05
135804	0.002277731047
135805	0.002887044347
135806	0.002541000315
135807	5.303223283e-05
135808	0.0011014849
135809	0.0004305529522
135810	0.002593473581
135811	0.00324604166
135812	0.00200745881
135813	0.001919723776
135814	0.001380586111
135815	0.003092566186
135816	0.001701393799
135817	0.0009326120683
135818	0.001528055221
135819	0.0005676636286
135820	0.0009486030452
135821	0.0001040369926
135822	0.002702284182
135823	0.001966341553
135824	0.002947758194
135825	0.0003071330335
135826	0.002538020697
135827	0.0001388705319
135828	0.001349212633
135829	0.002246583605
135830	0.0004631790568
135831	0.0003050393578
135832	0.001952056181
135833	0.002415530986
135834	0.0002467660484
135835	0.0005046783759
135836	0.001283981302
135837	0.002370724256
135838	0.0009093252033
135839	0.001593927525
135840	0.0002736077725
135841	0.002155199342
135842	0.0004650981204
135843	0.000412429565
135844	0.00408189033
135845	0.00345966583
135846	0.001152416709
135847	0.002242158999
135848	0.0009090800553
135849	0.002218252149
135850	0.0001967545752
135851	4.66267042e-06
135852	0.002863578257
135853	0.00227183574
135854	0.0009910125783
135855	0.003253889979
135856	0.003521884094
135857	0.0007619857315
135858	0.002485971261
135859	0.003558879385
135860	0.00046806875
135861	0.001059068992
135862	0.003228781189
135863	0.001946930736
135864	0.0004687325836
135865	0.001226862584
135866	0.0001554232777
135867	0.002899929679
135868	0.0008608611228
135869	0.004974867297
135870	6.5666166e-05
135871	0.0006254068132
135872	0.001345382682
135873	0.003524903657
135874	0.00127983184
135875	0.001184703232
135876	0.0007226178809
135877	0.000372757889
135878	0.003293831333
135879	0.0008225872634
135880	0.002109909612
135881	4.396675667e-05
135882	0.003789898012
135883	0.0006736796503
135884	9.255189097e-06
135885	0.0007648554995
135886	0.003102358985
135887	0.001658130239
135888	0.0019853345
135889	0.003141935086
135890	0.001558299231
135891	0.001740149714
135892	0.0004518532473
135893	0.002527890908
135894	0.0004499428219
135895	0.003156785905
135896	0.001851577386
135897	0.0007100902606
135898	0.0008309033028
135899	0.002572181512
135900	0.0008345226532
135901	0.001341000556
135902	0.0005414948539
135903	0.0007793810371
135904	0.002357947931
135905	0.000151714322
135906	0.002861888454
135907	0.001338806732
135908	0.001546086933
135909	0.001554177132
135910	0.001357889863
135911	0.001823258439
135912	0.001497620509
135913	0.001517513217
135914	0.000581408028
135915	0.001207273799
135916	0.0009267839297
135917	0.004308138199
135918	2.319188807e-05
135919	0.000412147645
135920	0.005801705591
135921	0.00104527776
135922	0.001434770277
135923	0.005268530794
135924	0.002914302868
135925	0.001105408512
135926	0.002542502139
135927	0.004029878756
135928	0.002695612801
135929	0.001133828156
135930	0.002116619756
135931	0.001104979506
135932	0.002961345091
135933	0.0005324450548
135934	0.005938089568
135935	0.003435052539
135936	0.0003890719692
135937	0.001119459216
135938	0.005875387536
135939	0.001482700176
135940	0.002590112246
135941	0.003391795179
135942	0.005180278702
135943	0.008909139724
135944	0.004218559064
135945	0.0009642465041
135946	0.002242494958
135947	0.005413500572
135948	0.001415569453
135949	0.002711311419
135950	0.001761812616
135951	0.002751116031
135952	0.003858484999
135953	0.0006908840466
135954	0.005540151178
135955	0.003316523233
135956	0.001453835437
135957	0.003174873558
135958	0.002039840005
135959	0.001024287742
135960	0.0005406976587
135961	0.0003858928047
135962	0.0007858078921
135963	0.001030629661
135964	0.001777397579
135965	0.0004752035211
135966	0.001627714864
135967	0.003507406206
135968	0.000224257294
135969	0.001229103489
135970	0.006766457585
135971	0.000186195656
135972	0.003141604778
135973	0.001823221685
135974	5.374979319e-05
135975	0.0001183670978
135976	0.00439223683
135977	0.000907353725
135978	0.001178226335
135979	0.0006486490184
135980	0.0004866162045
135981	0.001064244311
135982	0.0007116740994
135983	0.001579584521
135984	0.0008475317866
135985	0.0008273451041
135986	0.001006346379
135987	0.003289560502
135988	0.004710574637
135989	0.0002634056852
135990	0.002630690529
135991	0.0005104818647
135992	0.002461650561
135993	0.0002335840686
135994	0.0001853954192
135995	0.0005036410318
135996	0.0006955142776
135997	0.0006562010701
135998	0.001530236547
135999	0.001424792337
136000	0.0004277492322
136001	0.0002016455986
136002	6.680323796e-07
136003	0.0002253609085
136004	0.001735028763
136005	0.002131654833
136006	0.001380627824
136007	0.001774345435
136008	0.001120491641
136009	0.00259266703
136010	0.005048282834
136011	0.0002478568007
136012	0.0012063395
136013	0.000325297446
136014	0.001650277134
136015	0.001034597422
136016	0.003480359139
136017	0.0004611454837
136018	0.002383728155
136019	0.00186981505
136020	0.003674873387
136021	8.042599276e-05
136022	0.0001327958417
136023	0.0008499978516
136024	0.002805812117
136025	0.003296951794
136026	0.001022376432
136027	0.004181086267
136028	0.0006256160445
136029	0.0003160406646
136030	0.0001838514658
136031	5.506572267e-05
136032	3.523206108e-05
136033	0.0001439366696
136034	0.0002755700951
136035	0.0001867111194
136036	6.971388496e-05
136037	5.055559775e-05
136038	0.0001466287578
136039	0.0001512133229
136040	0.0002921482317
136041	0.0006591317504
136042	0.001954844498
136043	0.0002494645459
136044	0.0002230860393
136045	0.001364207099
136046	0.000228761163
136047	1.356116865e-05
136048	4.009518446e-05
136049	0.0002519091853
136050	6.065067024e-05
136051	0.0001387761092
136052	0.002964180246
136053	0.001002219898
136054	0.001834555671
136055	0.002581335429
136056	0.002434765312
136057	0.001627516804
136058	0.002918367763
136059	0.002065168863
136060	0.002475446634
136061	0.002574375447
136062	0.001532975667
136063	0.001755971053
136064	0.001346800619
136065	0.0004926614674
136066	0.0009794046351
136067	0.002132317103
136068	0.001336882015
136069	0.0009533520462
136070	0.002946558547
136071	0.00181313429
136072	0.0007254251083
136073	0.001869218516
136074	0.0001742162293
136075	0.001371918678
136076	0.002926129904
136077	0.0003450529499
136078	0.004021877188
136079	0.0001107869996
136080	0.0004883545031
136081	0.002537335869
136082	0.0006307662499
136083	0.001050570484
136084	0.0007684953583
136085	0.0006405627617
136086	0.0009769854156
136087	0.0009613161464
136088	0.0009107750616
136089	0.0005466229034
136090	0.0004487535715
136091	3.168112239e-05
136092	0.0009428280219
136093	0.0006875898774
136094	0.0009927984577
136095	0.0007157794172
136096	0.0003099199011
136097	0.0008783295331
136098	0.001079173538
136099	0.0006203882653
136100	0.0004735218849
136101	0.0005991656068
136102	0.0006497462803
136103	0.0001507993947
136104	0.0008084148213
136105	0.0009780237715
136106	0.000317005112
136107	0.0002116299016
136108	0.001003475654
136109	0.0008246181822
136110	0.0002964266727
136111	0.0008776211621
136112	0.0005767202746
136113	0.0005570999862
136114	0.001083064146
136115	0.0005040802474
136116	8.147911469e-05
136117	0.0009076558791
136118	0.0008255024121
136119	0.0009828984396
136120	0.0002280145642
136121	0.0008167172033
136122	0.0009303825424
136123	0.0006290084448
136124	0.0007746923518
136125	5.407756884e-06
136126	0.0008150185078
136127	0.000533470969
136128	0.001562908611
136129	0.0005407890908
136130	0.0004988686725
136131	0.002562573731
136132	0.004797236803
136133	0.0007933941423
136134	0.0005012227143
136135	0.0005950058381
136136	0.0006337070931
136137	0.0004644452585
136138	0.0008736239279
136139	0.001279509334
136140	0.004179694541
136141	0.0003039936288
136142	0.0009792971983
136143	0.0008904982728
136144	0.001232864219
136145	0.001582808288
136146	0.0006244668199
136147	0.0007045144744
136148	0.0005123652037
136149	0.0007356664638
136150	0.001016283198
136151	0.0005473546479
136152	0.001212761948
136153	0.0008076210101
136154	0.0005435703035
136155	0.0005982488089
136156	0.0007271484418
136157	0.000581948449
136158	0.001074848117
136159	0.0006982302097
136160	0.0007089217649
136161	0.0007869727632
136162	0.0009463888375
136163	0.0007576242842
136164	0.000914729569
136165	0.0008756553202
136166	0.000691619646
136167	0.001179803138
136168	0.0007438296984
136169	0.0008275575201
136170	0.007155559156
136171	0.004118667525
136172	0.00336721712
136173	0.001857144636
136174	0.005538239541
136175	0.004661020362
136176	0.002533068345
136177	0.00524247389
136178	0.002991312975
136179	0.002568492868
136180	0.004321265927
136181	0.004149995117
136182	0.003337734343
136183	0.000908743767
136184	0.0001357320735
136185	0.0001662689537
136186	5.354945933e-05
136187	0.001716863944
136188	0.001818784041
136189	6.019453092e-07
136190	9.582069521e-06
136191	0.001910597976
136192	0.003053916528
136193	0.0002544761952
136194	0.0003234711598
136195	5.413227073e-05
136196	0.0006436708555
136197	0.0001221258748
136198	0.001665755025
136199	0.0008712062659
136200	0.0003706520214
136201	0.002079785147
136202	0.0001357969325
136203	0.0007750358497
136204	0.0008309032528
136205	0.0004976589078
136206	0.0009439402247
136207	0.0009683688783
136208	0.0008749139366
136209	0.001512023924
136210	0.0007843887651
136211	0.0009670747498
136212	0.001780731795
136213	0.0004534308294
136214	0.001122424802
136215	0.00128880997
136216	0.0009640190803
136217	0.0008458269407
136218	0.0006884895008
136219	0.001136391709
136220	6.600575275e-05
136221	0.0006119332784
136222	3.689031735e-05
136223	0.0007660384956
136224	0.0009492252201
136225	0.0004178272679
136226	0.0007179585202
136227	0.0004070174768
136228	0.0004271417481
136229	0.001311442053
136230	0.003652373712
136231	0.002306869042
136232	0.0008131227641
136233	0.0001927287892
136234	0.0005062881034
136235	0.003543395311
136236	0.00299850212
136237	0.001246036075
136238	0.003159311165
136239	0.001948668096
136240	0.0006742171435
136241	0.001173085931
136242	0.002591834264
136243	0.002931697423
136244	0.005245392016
136245	0.003125934312
136246	0.001639776965
136247	0.001157168143
136248	0.00227007496
136249	0.002188770483
136250	0.0008475805657
136251	0.000501343371
136252	0.002592858293
136253	0.0007038203933
136254	9.838709348e-05
136255	0.001086997872
136256	0.0006189838482
136257	2.109368033e-05
136258	0.0001416439302
136259	0.0001006456368
136260	5.276929465e-05
136261	9.249025411e-06
136262	0.0003008368664
136263	0.0001704111018
136264	0.0002504735509
136265	0.0006374983418
136266	7.990245596e-05
136267	5.812260676e-05
136268	1.489565045e-05
136269	5.729641271e-05
136270	0.0003517571663
136271	0.0005638657529
136272	9.352903841e-05
136273	7.831656931e-05
136274	0.0003286669315
136275	6.85726201e-05
136276	6.218529129e-06
136277	0.000167170905
136278	0.0002353985035
136279	6.669147486e-05
136280	0.0003225658637
136281	2.474256624e-05
136282	0.000231034027
136283	0.0006418579165
136284	5.665550023e-05
136285	5.688752101e-05
136286	0.0002099700814
136287	0.0001723016937
136288	0.0002679182895
136289	0.007141232731
136290	0.007842949753
136291	9.012526722e-05
136292	0.0002009323927
136293	0.002935584267
136294	0.003873586086
136295	0.0005622056408
136296	0.0001075014266
136297	0.006913871552
136298	0.0009793525878
136299	0.0002742745786
136300	0.002369875985
136301	0.001999147018
136302	0.0007252925443
136303	0.0005323527521
136304	0.000635628078
136305	0.002370599835
136306	0.002096617422
136307	0.003670168713
136308	0.002452455917
136309	0.001945312699
136310	0.002543948436
136311	0.00326873349
136312	0.002366488946
136313	0.000158026932
136314	0.001815340139
136315	0.002329165383
136316	0.002121684765
136317	0.0001227210156
136318	0.0002028139042
136319	0.0003947741322
136320	0.001209292106
136321	0.002167699604
136322	0.0002664499
136323	0.002348858423
136324	0.0003799421049
136325	0.0004138752848
136326	0.002988263087
136327	0.0005025932237
136328	0.002737392565
136329	0.001029859256
136330	0.001354870581
136331	0.002220847755
136332	0.003011958378
136333	0.0006955004122
136334	0.004380424646
136335	0.001941097568
136336	0.001288071141
136337	0.001446604937
136338	0.001083066713
136339	0.00130988988
136340	0.00205317875
136341	0.0001162283388
136342	0.001671692121
136343	0.002749232863
136344	0.0002578329597
136345	0.0001033444127
136346	0.001425719288
136347	4.951579567e-05
136348	0.001925565574
136349	0.001537380467
136350	0.001255910589
136351	0.00212331243
136352	0.004087941735
136353	0.0004023770108
136354	0.003294391995
136355	0.0003667500339
136356	0.007436694457
136357	0.001090811815
136358	0.0005053530461
136359	0.0009822693861
136360	0.003221291971
136361	0.0003859046999
136362	0.0004524173025
136363	0.003931055505
136364	0.00376405786
136365	0.008700420907
136366	0.0002231043066
136367	0.002317756453
136368	0.001434231546
136369	0.0002513005672
136370	0.002005686495
136371	0.005838029049
136372	0.001379227144
136373	0.000412907246
136374	0.0002323776536
136375	0.0006010817155
136376	0.0003868503985
136377	0.0002122392916
136378	0.0002971964718
136379	0.0003546246469
136380	0.0006679258058
136381	0.00365165412
136382	0.0001082899411
136383	0.0001891086128
136384	0.0005822834625
136385	4.65948269e-05
136386	7.148548169e-05
136387	0.0006340858956
136388	0.0001799137383
136389	0.0005194946219
136390	0.0004591671803
136391	1.481755328e-05
136392	3.873441291e-06
136393	0.0003612222645
136394	4.562183211e-05
136395	0.002813200583
136396	0.0004717143151
136397	1.831104247e-05
136398	0.003982521134
136399	0.002222210076
136400	0.001340226423
136401	0.0005831854671
136402	0.0002770241518
136403	0.001211406263
136404	0.0004160622237
136405	0.000443997211
136406	0.0008337149128
136407	0.00156671018
136408	0.0007574349881
136409	0.003899394635
136410	0.003757545164
136411	0.001315041034
136412	0.002240511423
136413	0.00657233309
136414	0.004758011036
136415	0.0003197780452
136416	0.003375920246
136417	0.002315625092
136418	0.005423750237
136419	0.004679319783
136420	0.0007347844275
136421	0.005272838683
136422	0.0004909276441
136423	0.0001413872048
136424	0.0009828676439
136425	0.003698510562
136426	0.0002317042223
136427	0.003723302635
136428	0.001331182655
136429	0.0001363077194
136430	0.000735089507
136431	0.001357979585
136432	0.003137900729
136433	0.001838128032
136434	0.002846881533
136435	0.004440547905
136436	0.006542451599
136437	0.002858030804
136438	0.001239522569
136439	0.00296474688
136440	0.002092587084
136441	0.0003015498945
136442	0.003427004318
136443	0.0008325507691
136444	0.002628535638
136445	0.001574446339
136446	0.005314338831
136447	0.0021151807
136448	0.0007275324408
136449	0.0002847731092
136450	0.000183654657
136451	0.005763029179
136452	0.0001158213071
136453	0.0008898663366
136454	0.001319278173
136455	0.002045331515
136456	0.001634088908
136457	0.0001124238062
136458	0.002252191952
136459	0.003379081638
136460	0.002661136366
136461	0.0007668676405
136462	0.0006806509424
136463	0.004313856313
136464	0.005201618713
136465	0.0007456167976
136466	0.003285702673
136467	0.0008604930237
136468	0.001053738552
136469	0.002426340121
136470	0.002664400063
136471	0.0005555588666
136472	0.002989546271
136473	0.001196851776
136474	0.00320248456
136475	0.003034099912
136476	0.006600979844
136477	0.002952044851
136478	0.001071935564
136479	0.00127458538
136480	0.003603909313
136481	0.002686606269
136482	0.0003658364936
136483	2.098234784e-05
136484	0.007062458598
136485	0.00807034274
136486	9.793449789e-09
136487	0.00236822493
136488	0.003601682145
136489	0.0005011544086
136490	0.0004592722539
136491	0.000878757467
136492	0.001466395791
136493	0.0003103819441
136494	0.001266855099
136495	0.002020280487
136496	0.002877512163
136497	0.003440632937
136498	0.004669894637
136499	0.004147449164
136500	0.000317289184
136501	0.0003328126692
136502	0.001232585227
136503	0.005036292267
136504	0.0005963779911
136505	0.003089462533
136506	0.001532642486
136507	0.0004264359994
136508	0.000176505779
136509	0.0004535569682
136510	6.344179231e-05
136511	0.001803532023
136512	0.0001702743036
136513	0.001621605031
136514	0.000664085635
136515	0.002771700332
136516	0.0001594210344
136517	0.001035752898
136518	0.001132281196
136519	0.008601163212
136520	0.001902213481
136521	0.0001384322915
136522	0.001976154939
136523	0.00109728144
136524	0.004238562692
136525	0.004474272167
136526	0.006812031365
136527	0.0005360299468
136528	0.003190530242
136529	0.003052428809
136530	0.001203541716
136531	9.416417206e-05
136532	0.00157939662
136533	0.001947740519
136534	0.006221725795
136535	0.001229228673
136536	0.000110529731
136537	0.003696741035
136538	0.001597335115
136539	0.0001813657134
136540	0.00563719755
136541	0.002027447703
136542	0.009162274385
136543	0.005737038339
136544	0.0003444373547
136545	0.002382228625
136546	0.003210428623
136547	0.005455371088
136548	0.0003487529728
136549	0.00156474242
136550	0.003143308382
136551	0.01063451249
136552	6.911436618e-05
136553	0.002030386014
136554	0.001377539749
136555	0.00537392001
136556	0.0006401529025
136557	0.001846603974
136558	0.001878101626
136559	2.814342821e-05
136560	0.001316007447
136561	0.005328903192
136562	0.000572668791
136563	0.005379798479
136564	0.006004705064
136565	0.002236322771
136566	0.0002922234893
136567	0.006128908025
136568	0.004469784314
136569	0.0007287883527
136570	0.001451600587
136571	0.000169422776
136572	0.0003309722467
136573	0.0005147766138
136574	0.0001625078745
136575	0.001846240444
136576	0.0001005931165
136577	0.0007877114427
136578	0.0008193377569
136579	0.0007795671427
136580	0.0001240507468
136581	0.0007581853823
136582	8.086976859e-05
136583	0.000475530807
136584	0.0005799665484
136585	0.0001614910661
136586	0.0002746588938
136587	0.0002962229242
136588	0.0005639569801
136589	0.00826405626
136590	6.91379777e-05
136591	0.000732209684
136592	0.001760038585
136593	0.00209729005
136594	0.00190591412
136595	0.006473143566
136596	0.001458985583
136597	0.001357810447
136598	0.006063970926
136599	0.002760166617
136600	0.001355786221
136601	0.0004131659653
136602	0.001038437919
136603	0.003987155046
136604	0.003925745202
136605	0.0004310566568
136606	0.002235994531
136607	0.0008189312416
136608	0.0001387063944
136609	0.005180501218
136610	0.005931934284
136611	0.00280686527
136612	0.0005908131623
136613	4.316253085e-06
136614	0.0005382371338
136615	0.001837151732
136616	0.002851589138
136617	0.0003658460111
136618	0.001695706423
136619	0.0008371785224
136620	0.0001657755252
136621	7.804984874e-05
136622	0.0005022022727
136623	4.846062342e-05
136624	0.0006296260616
136625	0.001670359944
136626	0.001973579301
136627	0.002215097059
136628	0.000125038433
136629	0.0002585381457
136630	0.0008738310224
136631	7.550795663e-05
136632	0.002700443694
136633	0.0001407190425
136634	0.0007623720533
136635	0.0007444455134
136636	0.0003038334452
136637	8.029826731e-05
136638	0.001377651866
136639	0.0007834060553
136640	0.0002009994291
136641	0.0003513672352
136642	0.0002615305086
136643	9.551506509e-05
136644	0.0001386739279
136645	0.0005211395429
136646	9.015316984e-05
136647	0.0003634169367
136648	0.0004170809742
136649	1.502097709e-05
136650	0.0003353414989
136651	0.0001664047906
136652	0.0006656306759
136653	0.004442369297
136654	0.002021113731
136655	0.000147230488
136656	0.0008983446542
136657	1.157540333e-05
136658	0.001632157909
136659	0.0006250464019
136660	0.0001017562449
136661	0.000162696205
136662	1.80161243e-06
136663	0.0001935172544
136664	0.0004059349048
136665	8.50031579e-05
136666	0.0007521765184
136667	0.00110991215
136668	0.0007982165906
136669	0.0006113669633
136670	0.005560414498
136671	0.002538495264
136672	0.001296999347
136673	0.0005666971629
136674	0.001761435441
136675	0.0003541875906
136676	0.007372535229
136677	0.0003011724295
136678	0.0003662609563
136679	0.00216861114
136680	0.000351363936
136681	0.003229299095
136682	0.004151250508
136683	0.0002028468832
136684	0.001496156329
136685	0.003301439958
136686	0.00048852753
136687	0.005110227158
136688	0.001175264783
136689	0.002063622545
136690	0.0009598165018
136691	9.193493081e-05
136692	0.005018430963
136693	0.001303690528
136694	0.0007896425088
136695	0.001852341236
136696	0.001252459744
136697	0.0009528299525
136698	0.0006700123004
136699	0.0007796214017
136700	0.002608848653
136701	0.001256147807
136702	0.002118919989
136703	0.001604480332
136704	0.001209252945
136705	0.002373596389
136706	0.001649855215
136707	0.0003888465953
136708	0.002958684604
136709	0.001971781169
136710	0.0006362256401
136711	8.467103396e-05
136712	0.001641788331
136713	0.0007734942434
136714	0.00150691885
136715	0.001176647612
136716	0.0005136672182
136717	0.0008653693138
136718	0.0007544965444
136719	0.004715130417
136720	0.001181214932
136721	0.0007894880506
136722	0.003512538736
136723	0.002343021088
136724	0.000325803738
136725	0.001111432035
136726	0.0002002372597
136727	0.0006397520072
136728	0.0002338550116
136729	0.0001502174049
136730	0.0003092093332
136731	0.0003715205709
136732	0.004850149324
136733	0.002051416507
136734	0.001799047413
136735	0.001579665234
136736	0.0007205795568
136737	0.002065132167
136738	0.001783212262
136739	0.001979083594
136740	0.0007025794348
136741	0.0001430545302
136742	1.614721842e-05
136743	0.005381658263
136744	0.001600029455
136745	5.304805717e-05
136746	0.0002517229987
136747	0.0009217671601
136748	0.003997910078
136749	4.356779801e-05
136750	0.006025967232
136751	0.0005005413174
136752	0.00342294669
136753	0.003508714685
136754	0.001419428326
136755	0.0033215531
136756	0.002072861028
136757	0.003751830316
136758	0.0009581770331
136759	0.00162645166
136760	0.001606731763
136761	0.0005257774327
136762	0.0005560087471
136763	0.001252824837
136764	0.002889185148
136765	0.0009795382709
136766	0.001707823266
136767	0.001086944948
136768	0.0009540539493
136769	0.003484987505
136770	0.004168939463
136771	0.002228685598
136772	0.001273282234
136773	0.007874568779
136774	0.001220030012
136775	0.004044854402
136776	0.002565122255
136777	0.00218715597
136778	0.0008180637395
136779	0.0007146874888
136780	0.003446663232
136781	0.00251461869
136782	0.001016827025
136783	0.0001435882855
136784	0.002715684886
136785	0.00526487078
136786	0.001270564634
136787	0.001144466184
136788	0.001681505686
136789	0.001150602254
136790	0.0001468374268
136791	0.002031657294
136792	0.003517691546
136793	0.002581942732
136794	0.001558281966
136795	0.0005905170558
136796	0.001556072762
136797	0.000734611608
136798	0.0002102469141
136799	0.0001044837297
136800	0.00210206812
136801	0.002661308131
136802	0.002501919587
136803	0.00411399507
136804	0.001225604032
136805	0.001338304227
136806	0.0005004206266
136807	0.002263813178
136808	0.001576172153
136809	0.004428247419
136810	0.001751760594
136811	0.005054059455
136812	9.420272289e-05
136813	0.002201814418
136814	0.004779223613
136815	0.001822846329
136816	6.169302963e-06
136817	0.002489024154
136818	0.00226692932
136819	0.001991910759
136820	0.003633784759
136821	0.001312637757
136822	0.0001671856743
136823	0.0004596919456
136824	0.0001147942787
136825	0.001068963403
136826	0.003313001811
136827	0.003504985241
136828	0.0001722253884
136829	0.0004191114718
136830	7.349064141e-05
136831	0.0002779355866
136832	0.0003569457093
136833	0.001212364032
136834	0.0001412122463
136835	0.005093148425
136836	0.004155095586
136837	0.0005928908616
136838	0.000519068836
136839	0.003448799731
136840	0.0003245694409
136841	0.0006217323301
136842	0.006128705399
136843	0.003640873053
136844	0.0005561839988
136845	0.001101790908
136846	9.107356372e-05
136847	0.002529786326
136848	0.002356196032
136849	0.00261366309
136850	0.0001256979975
136851	0.0005856023247
136852	0.002050994302
136853	0.0007943643137
136854	0.001678395066
136855	0.001869665116
136856	0.001063018812
136857	0.001783766068
136858	0.0003667015116
136859	0.0007019651785
136860	0.0001312563598
136861	0.0002826843658
136862	0.0009179536656
136863	0.00304185174
136864	0.001855879927
136865	0.0006166250513
136866	0.000954206288
136867	0.002273527832
136868	0.002205088094
136869	0.00515264811
136870	0.004694727329
136871	0.004818813503
136872	0.001044865504
136873	0.0003934951118
136874	0.001482089469
136875	0.003845099113
136876	0.001312408197
136877	0.000615294181
136878	0.001444439997
136879	0.0002048890933
136880	0.001674649661
136881	0.008210155591
136882	0.0001896647667
136883	0.001747423667
136884	0.003227096805
136885	0.0001905545814
136886	0.001369028584
136887	0.001898307531
136888	0.004589480428
136889	0.001356485935
136890	0.004747701847
136891	0.001135340402
136892	0.0007646174676
136893	0.005294176335
136894	0.0002067234067
136895	0.001915586032
136896	0.001537338085
136897	0.0006463433708
136898	0.0002852342338
136899	0.0009881437608
136900	0.001392506014
136901	0.0006029571951
136902	0.002166421068
136903	0.001898493878
136904	0.0004006178665
136905	0.0005572798827
136906	0.001376826942
136907	0.00142870603
136908	0.003424863244
136909	0.0034873101
136910	0.001160498612
136911	0.001459200161
136912	0.001753476287
136913	0.004524814372
136914	0.00142881473
136915	0.0006710850775
136916	0.004220753219
136917	0.002720859978
136918	0.002894067198
136919	0.002077505629
136920	0.001616393176
136921	0.004104001159
136922	0.004310465759
136923	0.000154327425
136924	0.0002587844739
136925	0.002551891113
136926	0.00272245927
136927	0.001877913576
136928	0.002093996173
136929	0.0003344004333
136930	0.001495862736
136931	0.001423482454
136932	0.001161243151
136933	0.0007654109774
136934	0.0002531201204
136935	0.002344994626
136936	0.0001100708101
136937	0.001036450095
136938	0.0003193286794
136939	0.0003154248818
136940	0.0001508768451
136941	0.005672231889
136942	0.0007602098718
136943	0.0006222115489
136944	0.000788407583
136945	0.005042832867
136946	0.0001964416273
136947	0.0001411441756
136948	0.0001260879706
136949	1.953322211e-05
136950	2.573062835e-05
136951	0.000181536123
136952	8.90628643e-05
136953	9.482412011e-05
136954	3.384249645e-05
136955	1.40462261e-05
136956	2.116682096e-05
136957	0.0003083783778
136958	0.0001879309107
136959	0.0001043763486
136960	0.0003862527611
136961	4.676672593e-05
136962	0.0002341080809
136963	0.002223407039
136964	0.0008337606478
136965	0.0003688594431
136966	0.0001285618997
136967	0.0004515884293
136968	0.001187904551
136969	7.879521363e-05
136970	0.0006936558932
136971	9.329430365e-05
136972	3.254879696e-05
136973	5.336237538e-05
136974	2.837520723e-05
136975	0.003018294301
136976	0.003435460524
136977	5.900165396e-05
136978	0.0007237328993
136979	0.0005090261913
136980	0.004837425671
136981	0.0002957380645
136982	0.002451172844
136983	0.002570071216
136984	0.0005095204591
136985	0.005935801449
136986	8.817214146e-05
136987	0.0002972438201
136988	0.004576033548
136989	0.002132106305
136990	0.001801311992
136991	0.0009067509016
136992	0.002101789106
136993	0.0009854812597
136994	0.004594033082
136995	0.0002381792369
136996	0.00135512247
136997	0.002689622046
136998	0.0003642207567
136999	0.003348194678
137000	0.0003923396734
137001	0.004194911928
137002	0.002387602538
137003	0.004148278652
137004	0.0003871630698
137005	0.002547962073
137006	0.00124318381
137007	0.000585183845
137008	0.001013350632
137009	8.567755998e-05
137010	0.001292295967
137011	0.003856651338
137012	0.00153037301
137013	0.0002108191099
137014	0.0001819146989
137015	0.0006696114207
137016	0.002137118657
137017	0.002064765465
137018	0.0008809315689
137019	2.285529897e-06
137020	0.0008812896144
137021	0.002421206586
137022	0.003113835487
137023	0.001180131471
137024	0.0002530987042
137025	0.0005788800434
137026	0.00211597116
137027	0.0003251407118
137028	0.001664497919
137029	0.004059052743
137030	0.0007664663423
137031	0.001664940897
137032	0.003652461773
137033	0.001773936408
137034	0.003630606635
137035	0.0005259828559
137036	0.002005944313
137037	0.0008697366141
137038	0.0006253752108
137039	6.785694861e-05
137040	0.000565849833
137041	0.004984850683
137042	0.001584438514
137043	0.0006216394245
137044	0.0006486536733
137045	0.0009723819239
137046	8.344145411e-05
137047	0.002807839806
137048	0.003876180634
137049	0.001553316035
137050	0.004025334261
137051	0.001103689979
137052	0.002685403341
137053	3.286558034e-05
137054	0.002269633115
137055	0.0002186791499
137056	0.0009226436605
137057	0.002484488675
137058	0.004455356204
137059	0.002296282152
137060	2.258611734e-06
137061	0.004398747301
137062	0.002788797636
137063	0.00166913478
137064	0.001238760983
137065	0.002790899637
137066	0.0004411441186
137067	0.002754472009
137068	0.0004079891373
137069	0.0005055700781
137070	0.002535928336
137071	0.002539481581
137072	0.000262336329
137073	0.0003021381013
137074	0.003610421065
137075	0.002156379702
137076	8.974450663e-05
137077	0.002684458391
137078	0.001291148371
137079	0.0005434466456
137080	1.141136939e-05
137081	0.001438821836
137082	0.00147167958
137083	0.004091833922
137084	0.001037330638
137085	0.0007382497324
137086	0.003926628122
137087	0.001096108856
137088	0.003048876788
137089	0.001889880376
137090	0.001719033736
137091	0.00130168575
137092	0.001786579795
137093	0.004675970243
137094	0.0001109844521
137095	0.002716874785
137096	0.001118916883
137097	0.003078094843
137098	0.0002205747677
137099	0.001200125191
137100	0.004677832181
137101	0.0008247523138
137102	0.0001822389828
137103	0.0003582785063
137104	0.0006829617702
137105	0.002598651459
137106	0.0001122078938
137107	0.0005530989517
137108	0.003229266486
137109	0.001145737439
137110	0.001799417319
137111	0.003269297257
137112	0.001277416167
137113	0.002529512623
137114	0.0004351541758
137115	0.0001606731452
137116	0.0003106024603
137117	0.001457564139
137118	0.0009361067426
137119	0.0002554241555
137120	0.001153159886
137121	0.001525815687
137122	0.001321749127
137123	0.001144195024
137124	0.002501741649
137125	0.0002951781501
137126	0.001876309523
137127	0.003323288363
137128	0.003683951405
137129	0.0005438936876
137130	0.0006162127591
137131	0.002583431967
137132	0.000483607635
137133	0.001381306743
137134	0.000258840463
137135	0.001152100874
137136	0.00213157028
137137	0.0006674224358
137138	0.0007164725217
137139	0.003295607177
137140	0.0006798349716
137141	0.001064397831
137142	0.002035392063
137143	0.0005560010108
137144	0.002686857532
137145	0.004638556085
137146	0.002285741555
137147	0.0007201356414
137148	0.0002352578497
137149	0.0002319688588
137150	0.002445218027
137151	0.0005233042443
137152	0.001323309075
137153	0.0001397912167
137154	3.673752437e-05
137155	0.0009905016142
137156	0.0008482609791
137157	2.08089715e-06
137158	0.0003920525671
137159	0.001067145742
137160	0.001367420079
137161	0.001642820353
137162	0.001707971851
137163	0.0009309459597
137164	0.001996171289
137165	0.0008160813634
137166	0.001141741054
137167	0.0007951571381
137168	0.000730140963
137169	0.0007425562713
137170	0.001246421033
137171	0.002513469567
137172	0.0009434567198
137173	0.001181615885
137174	0.0007428404237
137175	0.002083780081
137176	0.002895345443
137177	0.001525287338
137178	0.003933213063
137179	0.000756853713
137180	0.001978691926
137181	0.001393626365
137182	0.001244962606
137183	0.0009506455967
137184	0.0002630970163
137185	0.0001265488449
137186	0.002230314879
137187	0.0005132863679
137188	0.0004398959299
137189	0.0004427039998
137190	1.023839082e-05
137191	0.0005154819365
137192	0.0001417898786
137193	0.0005825608093
137194	0.001344139257
137195	0.0004161176642
137196	0.0001568556984
137197	0.0007499353931
137198	0.002455704528
137199	0.003150076362
137200	0.003019619077
137201	0.001489510051
137202	0.001437141838
137203	0.0006983038031
137204	0.002812269756
137205	0.004008486454
137206	0.004315512758
137207	0.004579804417
137208	0.001020864226
137209	0.0007998240372
137210	0.00133631369
137211	0.00359680842
137212	0.002651549655
137213	0.001038855711
137214	0.003602034014
137215	0.0005289022687
137216	0.000547465691
137217	0.00337427946
137218	0.005298699122
137219	0.001324791483
137220	0.003827033346
137221	0.001972629178
137222	0.001831998516
137223	0.0007123040245
137224	0.002462592909
137225	0.003619167493
137226	0.003116467085
137227	0.003681099601
137228	0.002925724843
137229	0.002966993025
137230	0.001064555183
137231	0.001049534083
137232	0.003838854192
137233	0.001128593375
137234	0.002563080384
137235	0.001938507099
137236	0.0007603711272
137237	0.0003080059701
137238	0.0002614960386
137239	0.00343564418
137240	0.00171124212
137241	0.004059982854
137242	0
137243	0.002638859132
137244	0.003768386343
137245	0.002968166433
137246	0.002961729928
137247	0.000363381957
137248	0.004037116994
137249	0.004676805828
137250	0.00145830555
137251	0.0005378953649
137252	5.624211567e-05
137253	0.0001030495504
137254	0.0008488462963
137255	0.003526685118
137256	0.0001288855121
137257	0.0007599891302
137258	0.002066571487
137259	0.001344212176
137260	0.0002007706074
137261	0.00590378073
137262	0.003370955086
137263	0.001759665468
137264	0.005184772037
137265	0.00399030158
137266	0.001038777925
137267	0.005181037764
137268	0.0005010768253
137269	0.005116670093
137270	0.0005793399287
137271	0.0006974686233
137272	0.001105093278
137273	0.001992427996
137274	0.002988742297
137275	0.0009625310205
137276	0.001805498672
137277	0.002369943391
137278	0.001597839158
137279	0.003023913875
137280	0.0002721136853
137281	0.0001072956743
137282	0.0002964390151
137283	0.0006475517889
137284	0.0001817019101
137285	0.00133312827
137286	9.720384705e-05
137287	1.46361929e-05
137288	0.001999173917
137289	0.0001474477526
137290	0.0002065323979
137291	0.005456503904
137292	0.002459259273
137293	0.002992061573
137294	0.003187347948
137295	0.0004842937681
137296	0.0003101768422
137297	0.0005032226864
137298	0.0009145935212
137299	2.151673231e-05
137300	5.499006326e-05
137301	2.0325114e-05
137302	0.0004939736126
137303	0.0004496347392
137304	0.0004570499063
137305	4.815046205e-06
137306	0.0001660268681
137307	0.0002106360932
137308	0.0008694438491
137309	0.0002301758295
137310	0.001057235076
137311	0.0009236680128
137312	0.0003890169454
137313	9.56844346e-05
137314	0.0006664608866
137315	0.00051350299
137316	0.0009032103403
137317	0.0007001766209
137318	5.533710526e-05
137319	0.0004317479846
137320	3.38020112e-05
137321	0.00202152757
137322	0.0002782842609
137323	0.0001459515863
137324	0.005738528709
137325	0.0004838282151
137326	0.004830367707
137327	6.811948944e-05
137328	0.002068235313
137329	0.001017941039
137330	0.0001238890146
137331	0.001372519613
137332	0.0007825676671
137333	0.0006159640962
137334	0.0005864181437
137335	0.001505918602
137336	0.006340683049
137337	0.001417473584
137338	0.001221243649
137339	0.003260152884
137340	0.00146096331
137341	0.00310079429
137342	0.001748528885
137343	0.003993210881
137344	0.004291298803
137345	0.006258228192
137346	0.001269349385
137347	0.003044929135
137348	0.00155984339
137349	0.0005705740203
137350	0.005770988363
137351	0.0009787879131
137352	0.0007403144406
137353	0.0003497951901
137354	0.003138318602
137355	0.001945943524
137356	0.001208391009
137357	0.0006075291754
137358	6.057010765e-05
137359	0.001394936651
137360	0.002669388106
137361	0.0003501230701
137362	1.972303629e-06
137363	0.0004995029395
137364	0.003194865355
137365	0.003225644854
137366	0.0002804710631
137367	0.001163562862
137368	0.003951350044
137369	0.005165548195
137370	0.001080734409
137371	0.001566065653
137372	0.0002194286138
137373	0.002269263266
137374	0.001587639677
137375	0.004085297965
137376	0.0001100603493
137377	0.003480265515
137378	0.00461567363
137379	0.0001063029099
137380	0.001751513359
137381	0.003895179604
137382	0.001728068519
137383	0.005024456585
137384	0.001710363211
137385	0.002747675763
137386	0.008677793266
137387	0.005383339149
137388	0.004474546451
137389	0.003215896179
137390	0.0006298664367
137391	0.003668298325
137392	0.0006519550713
137393	0.0004525645023
137394	2.108687858e-05
137395	7.556774777e-07
137396	0.002451471012
137397	8.770906312e-05
137398	0.0002536051524
137399	0.000142689979
137400	0.0002154485427
137401	0.0002256307087
137402	5.612423203e-05
137403	6.248765643e-05
137404	0.0001186743664
137405	9.545951174e-05
137406	6.552254294e-05
137407	0.0002231934164
137408	0.0001350764775
137409	2.579135427e-05
137410	0.001024010398
137411	0.004284326764
137412	6.537469782e-05
137413	0.0001782785862
137414	0.0004907355229
137415	0.0001266328807
137416	0.003660351938
137417	0.0004269832457
137418	5.556920296e-05
137419	0.0001944965513
137420	0.0006176979274
137421	0.0002459686452
137422	9.95744225e-05
137423	2.862501354e-05
137424	0.0005636415878
137425	0.0002567300023
137426	0.000384955109
137427	0.0003422775744
137428	0.0002238247766
137429	0.0007487630443
137430	0.0005971200814
137431	0.0004048378467
137432	0.0002476503853
137433	9.913938297e-05
137434	0.0001688945231
137435	0.0001588889466
137436	0.0005835415843
137437	8.477094497e-05
137438	0.0001541999365
137439	0.0002474979868
137440	0.0003394344816
137441	0.000103195933
137442	0.00176107118
137443	0.005044872689
137444	0.003173490507
137445	0.0001118927202
137446	0.0004454189313
137447	0.001277393482
137448	0.0009243175359
137449	0.004261554663
137450	0.0003865653179
137451	0.0003943012626
137452	0.001370649589
137453	0.0002205202226
137454	0.0001457038106
137455	0.004986435592
137456	0.003011884487
137457	0.00140520564
137458	0.001344974871
137459	0.001862076628
137460	0.004531583283
137461	0.0045511494
137462	0.001244598526
137463	0.0008891272478
137464	2.887899876e-05
137465	0.000528417429
137466	0.001457106378
137467	0.003023760315
137468	0.0005320707629
137469	0.001594644207
137470	0.003138234264
137471	0.0006877736929
137472	0.003784450903
137473	0.0008577815421
137474	0.0009415069353
137475	0.002704265034
137476	0.0001882060449
137477	0.002193023351
137478	0.001630452358
137479	0.00222979253
137480	1.274556341e-06
137481	0.0003956759361
137482	0.003034492545
137483	0.0007033188433
137484	0.0003634967388
137485	0.0006410017005
137486	0.00196263093
137487	0.000180366957
137488	0.002259530198
137489	0.0001955632915
137490	7.34097548e-05
137491	0.0002956473336
137492	0.0003990388614
137493	5.18466248e-06
137494	0.000335568761
137495	1.662767243e-05
137496	0.0003065296072
137497	0.0004669803705
137498	0.002948332832
137499	0.0004702587705
137500	0.002548068086
137501	0.001975391973
137502	0.001029807457
137503	0.0001603573042
137504	0.0001694319084
137505	0.0001072027232
137506	0.00191936877
137507	0.001595881042
137508	0.0005829510082
137509	0.003308410615
137510	0.002855400012
137511	0.002549678409
137512	0.001711799442
137513	0.001853695623
137514	0.0006039145251
137515	0.001638838314
137516	0.001494289405
137517	0.003234577516
137518	0.0003678880869
137519	0.0001396357286
137520	0.0001775837132
137521	0.0007088880264
137522	0.0002881798408
137523	0.003380921156
137524	0.002738858803
137525	0.0004716740097
137526	0.003495770148
137527	0.001218624136
137528	0.003204871452
137529	0.000497527934
137530	0.0009275728675
137531	0.0003528163479
137532	0.0006957785835
137533	0.003906038199
137534	0.001555341485
137535	0.0001019585964
137536	0.0008542127431
137537	0.0047742639
137538	0.000435415676
137539	0.0006794494683
137540	0.001810553306
137541	0.002196896044
137542	0.002424469584
137543	0.00103792915
137544	0.001241564659
137545	0.0008558845246
137546	0.001114375427
137547	0.0008725055234
137548	0.0001575344991
137549	0.0003639879824
137550	0.0001866499446
137551	2.053638271e-05
137552	8.127492856e-06
137553	0.000855417126
137554	0.0003041030967
137555	0.0002278191456
137556	0.0001975516358
137557	0.002181398329
137558	0.0005763082148
137559	0.0008612741775
137560	0.0006922114228
137561	0.002547897746
137562	0.001528897303
137563	0.0002770161012
137564	0.0003873282196
137565	7.531212027e-05
137566	0.000207988585
137567	0.0003423589887
137568	0.0008099461395
137569	5.358659679e-05
137570	0.0002030159611
137571	0.0002421915067
137572	0.0001655151707
137573	0.0004242204205
137574	0.001157662866
137575	0.000401213522
137576	0.000646172692
137577	0.0001034596152
137578	0.0004684279775
137579	0.0005452617814
137580	1.255665326e-05
137581	0.0002945638354
137582	0.0004608632135
137583	0.0006862200339
137584	7.194871256e-05
137585	0.0001443932136
137586	0.0001737327817
137587	0.0001269487632
137588	0.0004141647167
137589	0.0005116947258
137590	0.0003393612732
137591	8.211709321e-05
137592	0.0003497873678
137593	0.002557567879
137594	0.003092631967
137595	0.004171985705
137596	0.001888363084
137597	0.001394200053
137598	0.001764598531
137599	0.0002531991492
137600	0.0004930911442
137601	0.002448069752
137602	0.002253733066
137603	0.001711194424
137604	0.001466553344
137605	0.001872145088
137606	0.003123445435
137607	0.004537670855
137608	0.002046283135
137609	0.003474517858
137610	0.005139841278
137611	0.001690837487
137612	0.002768415404
137613	0.0002840530876
137614	0.0016239405
137615	0.001492492401
137616	0.00297272706
137617	0.002606965466
137618	0.001635238781
137619	0.001806719664
137620	0.002888101112
137621	0.004491722084
137622	0.001227702173
137623	0.005588660006
137624	0.004592798238
137625	0.005724456399
137626	0.0007481432546
137627	0.001914819154
137628	0.0008721972211
137629	0.002025120918
137630	0.002988990958
137631	0.001833889194
137632	0.002252026647
137633	0.002534585881
137634	0.003144064021
137635	0.003168362868
137636	9.347118861e-05
137637	0.004160507619
137638	0.006421942803
137639	0.0001918242084
137640	0.00324584719
137641	0.001580020467
137642	0.003814357585
137643	0.006161931147
137644	0.004331634065
137645	0.001299378547
137646	0.0007380373236
137647	0.000479635251
137648	0.0007149768017
137649	0.002146360068
137650	7.333168463e-05
137651	0.0004195793905
137652	0.003592082954
137653	0.001915713153
137654	0.002383732557
137655	0.003357906423
137656	0.005797826915
137657	0.002422797674
137658	0.001039390251
137659	0.0001377156116
137660	0.003829455779
137661	0.004013836324
137662	0.0004597116696
137663	0.002265520104
137664	0.002841494163
137665	0.003872832368
137666	0.0004471555753
137667	0.002174336435
137668	0.001483985835
137669	0.0008948605118
137670	0.002397428846
137671	0.001352594939
137672	0.001279875308
137673	0.00396725486
137674	0.0008485512877
137675	0.0008505976271
137676	0.003338946891
137677	0.0009796399606
137678	0.001638269197
137679	0.0005213614799
137680	0.003987636037
137681	0.0005066456152
137682	0.0007634318084
137683	0.0005524409277
137684	0.002643365511
137685	7.880539131e-05
137686	0.003382719662
137687	0.001163472853
137688	0.002219535011
137689	0.003751704487
137690	0.001137244339
137691	0.009129093993
137692	0.002117863528
137693	0.002424007131
137694	0.001324214335
137695	0.003509103729
137696	0.003545271305
137697	0.0006829718818
137698	0.001539916825
137699	0.0003145175804
137700	0.002701612034
137701	0.0002498288009
137702	0.001408260663
137703	0.001928052719
137704	0.0002027742425
137705	0.00179481644
137706	0.0002365602777
137707	0.003431259201
137708	0.003084373284
137709	0.0009458222795
137710	0.005580644673
137711	0.0009764329302
137712	0.001471576596
137713	0.0004826354122
137714	0.001220944962
137715	0.0005078773618
137716	0.001064970873
137717	0.001606898302
137718	0.004851574774
137719	0.003965635032
137720	0.001060148512
137721	0.000238582335
137722	0.001322337105
137723	0.0007459643387
137724	0.001151126152
137725	0.0009887943692
137726	0.0004362032882
137727	0.0002916159235
137728	0.001834913595
137729	0.0007283456036
137730	0.003888569852
137731	0.003020058615
137732	0.0003383843136
137733	0.002476879692
137734	0.0006983550732
137735	0.001510571242
137736	0.002722066826
137737	0.001202792028
137738	0.0006834819126
137739	0.0009166106555
137740	0.002112301745
137741	0.001355577127
137742	0.0003792862079
137743	0.0006909468179
137744	0.001613790061
137745	0.0005511832109
137746	0.0008177240128
137747	0.0007497679255
137748	0.0002497481327
137749	0.001654869956
137750	0.00142959482
137751	9.332445261e-05
137752	0.003226187025
137753	0.002948647122
137754	8.48293759e-05
137755	0.001620594709
137756	0.003775561312
137757	0.001346268936
137758	0.001877623386
137759	0.005424512256
137760	0.004202221368
137761	0.001293100601
137762	0.0008202281646
137763	0.002612037236
137764	0.0005389566955
137765	0.001331387875
137766	0.0003257819946
137767	0.001430225529
137768	0.003459689861
137769	0.0009826672706
137770	0.00153260258
137771	0.00293215185
137772	0.001471240738
137773	0.0005785334075
137774	0.002162070595
137775	0.0004195377344
137776	0.001432450666
137777	0.000997131022
137778	0.003176588209
137779	0.0002436551113
137780	0.003389405873
137781	0.004282343071
137782	0.0001308752965
137783	0.003698363664
137784	0.001916078557
137785	0.004069283291
137786	0.003902666072
137787	0.001602644335
137788	0.004864745463
137789	0.0002360172976
137790	0.0001227071114
137791	0.002121935369
137792	0.001262367785
137793	0.0006007176128
137794	0.00286636107
137795	0.001028066166
137796	0.0006410868261
137797	0.0001858576816
137798	0.005403871973
137799	0.0001225317934
137800	0.0004212412689
137801	0.00444541715
137802	0.003008699352
137803	0.001006127528
137804	0.0008044573073
137805	0.001098502835
137806	0.001233992166
137807	0.003891319815
137808	0.0003011781297
137809	0.002482806419
137810	0.001732813652
137811	0.003124029488
137812	0.0009123235948
137813	0.002619636939
137814	0.0005392857041
137815	0.004880452406
137816	0.002476399673
137817	0.005820745707
137818	0.0007483017322
137819	0.004724566297
137820	0.0003581968333
137821	0.001338032756
137822	0.001099327928
137823	0.0001495530186
137824	4.970413675e-05
137825	0.001138258195
137826	0.0005649608306
137827	0.003878491442
137828	0.002349874747
137829	0.006989991211
137830	0.003902599912
137831	0.000407990907
137832	0.0005412393767
137833	0.004747453777
137834	0.000770209422
137835	0.001699282469
137836	0.0001954807755
137837	0.0009649456197
137838	0.003106449453
137839	0.001541411816
137840	0.0008567424249
137841	0.00270141079
137842	0.001066255892
137843	0.0004134828013
137844	0.001419114768
137845	0.004153044976
137846	0.00269107543
137847	0.003820804466
137848	0.003929419931
137849	0.005873284408
137850	0.0007042486623
137851	0.00518710598
137852	0.004019424227
137853	0.0001364576591
137854	0.002431061342
137855	0.001409866347
137856	0.006035913982
137857	0.002048961577
137858	0.001804181478
137859	0.001608298638
137860	0.0001643291137
137861	0.0002191653632
137862	0.001916738491
137863	0.002646807851
137864	0.001861712431
137865	0.0003072750269
137866	0.001297891359
137867	0.001988684993
137868	2.366096777e-05
137869	0.003095697863
137870	0.001659423463
137871	0.002866914096
137872	0.002416040373
137873	0.008026677724
137874	0.001015670432
137875	0.004889435498
137876	0.005201197812
137877	0.0008124086577
137878	0.002184041988
137879	0.001668414527
137880	0.0002976613859
137881	0.00177289915
137882	0.000783772363
137883	0.0003931319035
137884	0.0003792260078
137885	0.001322724744
137886	0.0006363188502
137887	0.003194240344
137888	0.002277627043
137889	0.0004826215296
137890	0.004593061575
137891	0.002852201537
137892	0.0024606591
137893	0.001272818788
137894	0.001841657465
137895	0.0007886505963
137896	0.002342562349
137897	0.006370538335
137898	0.001571351214
137899	0.002753231864
137900	0.002767309897
137901	0.004994705919
137902	0.0003718686793
137903	0.0005594485281
137904	0.001058564253
137905	0.001348035309
137906	0.003707909736
137907	0.001513712142
137908	0.00486213108
137909	0.004917678848
137910	0.002778890356
137911	0.002595913789
137912	0.004210299681
137913	0.00341708084
137914	0.00206846914
137915	0.0008919011798
137916	0.001377284325
137917	0.0003118214904
137918	0.000198457429
137919	0.0005305540379
137920	0.002926740072
137921	0.004879828808
137922	0.002103696341
137923	0.0005682535368
137924	0.002304934904
137925	0.002891563718
137926	0.001813143153
137927	0.003077088882
137928	0.00143032476
137929	0.002701648455
137930	0.003397687857
137931	0.002438123013
137932	0.002721298918
137933	0.0004918499985
137934	0.001953924454
137935	0.003541794208
137936	0.005887011714
137937	0.005247482991
137938	0.002553524889
137939	0.003003815811
137940	0.002490826516
137941	0.003434924448
137942	0.004825162389
137943	0.002021106299
137944	0.001400197333
137945	0.001521499177
137946	0.001736561588
137947	0.005159576386
137948	0.001613051435
137949	0.002570815108
137950	9.003150014e-05
137951	0.0002459328452
137952	0.001202087586
137953	0.002184503996
137954	0.004277246406
137955	0.003989366529
137956	0.003711703091
137957	0.001343092042
137958	0.0007135239528
137959	0.001728820409
137960	0.002644929772
137961	0.001166446034
137962	0.001420062087
137963	0.001954034673
137964	0.000175144584
137965	0.00552900605
137966	0.002971937421
137967	0.001534880709
137968	0.001434687227
137969	0.002583212445
137970	0.001276489684
137971	0.0008646512997
137972	0.000798480496
137973	0.001146436509
137974	0.0009686525515
137975	0.001534015185
137976	0.0007233976492
137977	0.0001799526457
137978	0.003742499879
137979	0.002886511255
137980	0.00100079364
137981	0.003422170501
137982	9.749294989e-05
137983	0.0006499125819
137984	0.001425450818
137985	0.003764625025
137986	0.001201979259
137987	0.005177055548
137988	0.002156471828
137989	0.003155496849
137990	5.720490824e-05
137991	0.00381567061
137992	0.00361482956
137993	0.001017046711
137994	0.001796031112
137995	0.002779418904
137996	0.002057832771
137997	0.001119480673
137998	0.004105582307
137999	0.006354283418
138000	5.236376179e-05
138001	0.002699074912
138002	0.005168375049
138003	0.002593974125
138004	0.003469803307
138005	1.458660795e-05
138006	3.859218962e-05
138007	0.001597146482
138008	0.0005329414454
138009	0.002108922723
138010	0.0003010716908
138011	0.00244020786
138012	0.0004410505405
138013	9.461171314e-05
138014	0.002964801379
138015	0.001416697272
138016	0.000894209706
138017	0.005620926876
138018	0.001282917389
138019	0.002364121099
138020	0.0002908329963
138021	2.499426375e-05
138022	0.0004064871382
138023	0.001529352797
138024	0.002579387537
138025	0.001616455293
138026	0.0004799414037
138027	0.001918333603
138028	0.0002309196218
138029	0.001081401264
138030	0.001005800467
138031	0.0005649026525
138032	0.003311657691
138033	0.002208248426
138034	0.00124022569
138035	0.001734579136
138036	9.664098516e-05
138037	0.0004387798017
138038	0.001519108897
138039	0.002261615082
138040	0.001298043946
138041	0.0005149641017
138042	0.001892965593
138043	0.004989945096
138044	8.495342362e-05
138045	0.0004042402718
138046	0.0007703161682
138047	0.0001492595603
138048	0.0001401637867
138049	0.003403009549
138050	0.003292057722
138051	0.003056147238
138052	0.003691638117
138053	0.001656259364
138054	0.0003781126807
138055	0.0007069005484
138056	0.002145841224
138057	0.00340127707
138058	0.002382551014
138059	0.00276446129
138060	0.0002860899272
138061	0.002276816942
138062	0.0007482162956
138063	0.0001551758563
138064	0.0007063748133
138065	0.001876515612
138066	0.00134446321
138067	0.001255459146
138068	0.0005022983377
138069	0.0002365021969
138070	0.00452421861
138071	0.003591310999
138072	0.0009184013729
138073	0.001568581241
138074	0.001296905358
138075	0.001108746402
138076	0.0007952165669
138077	0.0009588935664
138078	0.001476396037
138079	0.0009091945599
138080	0.001004498608
138081	0.0006660089848
138082	0.0009819289032
138083	0.0008234031978
138084	0.0001830054288
138085	0.00248738907
138086	0.005886245302
138087	0.004619189078
138088	0.0007477157952
138089	0.002677172113
138090	0.002389478288
138091	0.0002247161204
138092	0.004459709274
138093	0.0009433244109
138094	0
138095	0.001785384048
138096	0.000836982683
138097	0.003938563076
138098	0.002449727273
138099	0.002851904122
138100	0.0002902684382
138101	0.002430652759
138102	0.001733803882
138103	0.002092723576
138104	0.004119501506
138105	0.008239921636
138106	0.002374733628
138107	0.002603983287
138108	0.001301026504
138109	0.003161557601
138110	0.004597722009
138111	0.001635575603
138112	0.003407461364
138113	0.001744900956
138114	0.001392030972
138115	0.003924102034
138116	0.002678404253
138117	0.0008946569487
138118	0.0007670959988
138119	0.007674014622
138120	0.0007436070494
138121	0.0007800830513
138122	0.002378893538
138123	0.001070064519
138124	1.43158838e-06
138125	0.001045249136
138126	0.001386071743
138127	7.986118605e-05
138128	0.002235983488
138129	0.001962640034
138130	0.003617994976
138131	0.0009757785834
138132	0.004810511339
138133	0.001067070138
138134	0.0005035750224
138135	0.002278525675
138136	0.003501780564
138137	0.004498673133
138138	0.0008260467345
138139	0.0006910214119
138140	0.002479009456
138141	0.0005112854924
138142	0.002487649851
138143	0.000525591254
138144	0.002056498393
138145	0.002775236716
138146	0.002631004454
138147	0.000773642428
138148	0.004275034979
138149	0.0004068462571
138150	0.002454186734
138151	0.002199092484
138152	0.0001555064781
138153	0.001118505718
138154	0.001984246513
138155	0.002015041514
138156	0.001824255191
138157	0.001770131535
138158	0.0008445215813
138159	0.002755839337
138160	0.001076624724
138161	0.007972552512
138162	0.001104555927
138163	5.921286506e-06
138164	0.002511604508
138165	0.0001863571991
138166	0.0004002002377
138167	0.0001740091785
138168	0.0015760423
138169	0.0007285087314
138170	0.004674614369
138171	0.001559334679
138172	0.005710998224
138173	0.001622625569
138174	0.005811454448
138175	5.288999469e-05
138176	0.004862069888
138177	0.0005120364154
138178	0.001948683329
138179	0.002182700605
138180	0.0006510141346
138181	0.0007592198981
138182	0.0007842613507
138183	0.002620498775
138184	0.003144884906
138185	0.0001363328621
138186	0.002699744361
138187	0.003457953817
138188	0.002585279191
138189	0.004043197441
138190	0.0008308121814
138191	0.000901420669
138192	0.0006824893474
138193	0.0008660200542
138194	0.001834843596
138195	0.0033580413
138196	0.001781996353
138197	0.001317681462
138198	0.0007183405181
138199	0.002238305953
138200	0.002019516553
138201	0.0008033564408
138202	0.001367531429
138203	0.001415044964
138204	0.007440134512
138205	7.395872553e-05
138206	0.0003585733098
138207	0.001125523479
138208	0.001680761943
138209	0.004176476587
138210	0.0003851182674
138211	4.508551487e-05
138212	0.001332210849
138213	0.0002086417596
138214	0.0001332261254
138215	0.001812879212
138216	0.0005469020057
138217	0.00130750508
138218	0.002229623375
138219	0.002168895209
138220	0.003147049616
138221	0.003701784144
138222	0.0009202832262
138223	0.0009165284132
138224	0.002943111456
138225	0.00282338664
138226	0.0008782612799
138227	0.001990719537
138228	0.00435834482
138229	0.002238789963
138230	0.002859817286
138231	0.0001158253307
138232	0.001268629566
138233	0.0009256736821
138234	0.002969852333
138235	0.00244690792
138236	0.001655782485
138237	0.001958842345
138238	0.0007925123835
138239	0.0005184535156
138240	0.0008491972899
138241	0.001126654512
138242	0.002169263296
138243	0.0004826189418
138244	0.0008959082735
138245	0.001013512593
138246	0.003598883348
138247	0.0007565071536
138248	0.0007858035771
138249	0.001166584495
138250	0.001008176462
138251	0.0005515963758
138252	0.00629458876
138253	0.0005093628658
138254	0.002007316409
138255	0.003179282948
138256	0.00199958707
138257	0.0007872008536
138258	5.048731683e-05
138259	0.0005510094255
138260	0.001243896579
138261	0.0008919384984
138262	0.000749786805
138263	0.0005000389292
138264	0.00462840538
138265	0.005693089509
138266	0.0007606842076
138267	0.004125161479
138268	0.005282370742
138269	0.0007419480793
138270	0
138271	0.00476812827
138272	0.006182213528
138273	0.0002630072102
138274	0.003336419461
138275	0.002527030046
138276	0.001051488483
138277	0.001364040659
138278	0.003070352426
138279	6.90240633e-05
138280	0.001841352583
138281	0.001303460896
138282	0.001831886198
138283	0.0003224781824
138284	0.003415594561
138285	0.002151939498
138286	0.004059061356
138287	8.322823193e-05
138288	0.002303729452
138289	0.001883015001
138290	0.0002385199871
138291	0.00159717731
138292	2.806153906e-07
138293	0.002723960614
138294	0.003457193529
138295	0.003806405612
138296	0.0009274518794
138297	0.0003785231043
138298	0.00227588852
138299	0.0009735284793
138300	0.001528679751
138301	0.001170503886
138302	0.000542911541
138303	0.003686007839
138304	0.0009605095224
138305	0.0007729888617
138306	0.001534769658
138307	0.004013191415
138308	0.001176217098
138309	0.001155196454
138310	0.0004958575798
138311	0.002965403499
138312	0.001918947582
138313	0.001868851208
138314	0.002694637682
138315	0.000914862991
138316	0.000910803411
138317	0.0002131978333
138318	0.000144056172
138319	0.003011818236
138320	3.354262881e-05
138321	0.004853707272
138322	0.002876119915
138323	0.0006988154306
138324	0.001225190708
138325	0.003610145657
138326	0.004256313013
138327	0.001048696996
138328	0.004171270049
138329	0.001994179417
138330	0.0002347202465
138331	0.004138253409
138332	0.0004323704817
138333	0.0006364248785
138334	0.001201550757
138335	0.002243060099
138336	0.002517083872
138337	0.0007530291827
138338	0.001348677848
138339	0.001180071601
138340	0.00230496488
138341	0.004364178422
138342	0.0007947003202
138343	0.002913560354
138344	0.0005619497869
138345	0.003140985323
138346	0.004418101702
138347	0.001780711886
138348	5.056942117e-05
138349	0.002299574111
138350	0.001188558276
138351	0.00338643721
138352	0.001153955191
138353	0.0009007457289
138354	0.0009116350658
138355	0.007531722974
138356	0.003013653962
138357	0.0003581527806
138358	0.005707762411
138359	6.763212669e-05
138360	0.002995948478
138361	0.0008450321382
138362	0.0009038774313
138363	0.001081953749
138364	0.0005586417443
138365	0.0001905067187
138366	0.002540197786
138367	0.005952184283
138368	0.0004749753656
138369	0.002329636899
138370	0.003057825137
138371	0.001245741301
138372	0.00421164204
138373	0.001464962514
138374	0.001022751442
138375	0.0007022503193
138376	0.002626690981
138377	0.0004467438934
138378	0.001288479834
138379	0.002999381656
138380	0.003235849439
138381	0.001049842376
138382	0.0008369063203
138383	0.001090188317
138384	0.001242343889
138385	0.005301123538
138386	0.0008263219297
138387	0.0008982524729
138388	0.00285085229
138389	0.001062324909
138390	0.002715967255
138391	0.0007450216161
138392	0.0007174288832
138393	0.002097483479
138394	0.0003112484963
138395	0.002659266714
138396	0.0002750823294
138397	0.001689149939
138398	0.002457999986
138399	0.002216744132
138400	0.002115806272
138401	0.002496608767
138402	0.004814630416
138403	0.001547188773
138404	0.003340603761
138405	3.064760563e-05
138406	0.0007934526759
138407	0.001005424615
138408	0.004020928725
138409	0.004274962754
138410	0.001901850946
138411	0.0008004517748
138412	0.002264158697
138413	0.002743010722
138414	0.00411211859
138415	0.0004039297642
138416	0.000421961655
138417	0.0003426499401
138418	0.0003701804788
138419	0.004142843425
138420	0.01122688208
138421	0.0001820652139
138422	0.002105003053
138423	0.0002219909692
138424	0.003937795642
138425	0.001199132051
138426	0.003582037593
138427	0.0009198427031
138428	0.0001247771723
138429	0.0002511415017
138430	0.0004208035835
138431	0.0002018097701
138432	0.007108247073
138433	0.001065495508
138434	0.002631942604
138435	0.0007376643199
138436	0.0006926522329
138437	0.00166604162
138438	0.00184175907
138439	0.0006572268207
138440	0.0005149038966
138441	0.0005461445986
138442	0.003079087672
138443	0.00077759453
138444	0.0007811462466
138445	0.001240815255
138446	0.001200651582
138447	0.0007161164793
138448	0.0003516474915
138449	0.00112667683
138450	0.001470342419
138451	0.007164977612
138452	0.0008759630196
138453	0.001714436344
138454	0.001850366145
138455	0.0004943923649
138456	0.0007893164288
138457	0.002135371173
138458	0.0006456378739
138459	0.0007799400696
138460	0.00167874567
138461	0.001983573056
138462	0.004250997001
138463	0.002194153766
138464	0.006492549418
138465	0.003294050506
138466	0.002364774308
138467	0.0007518919797
138468	0.00177015231
138469	0.002825644711
138470	0.0008697199882
138471	0.001676657817
138472	0.009642939528
138473	0.0001634485759
138474	0.001293074158
138475	0.0001236736871
138476	0.004742884158
138477	0.001964934527
138478	0.001715645486
138479	0.002104677155
138480	1.832496105e-06
138481	0.00113621227
138482	0.002497931178
138483	0.001620834168
138484	0.001813704933
138485	0.004152142656
138486	0.0007708140133
138487	0.001035630308
138488	0.000808148983
138489	0.0007118752535
138490	0.0001110017118
138491	0.0006485292633
138492	0.002150348947
138493	7.436449571e-06
138494	0.000758298426
138495	0.0001546095525
138496	0.0009099179633
138497	0.003863595207
138498	0.000292238827
138499	0.0004193893708
138500	0.00570485054
138501	0.003247563348
138502	0.001501498746
138503	0.005849285836
138504	0.002823601726
138505	0.006757211602
138506	0.001307948193
138507	0.0009401931483
138508	7.66580048e-06
138509	0.002590359106
138510	0.004064755163
138511	0.0005136600124
138512	0.002808263291
138513	1.86810095e-05
138514	7.445479571e-05
138515	0.001427265407
138516	0.000271516599
138517	0.001028738099
138518	0.000736175721
138519	0.0004831227105
138520	0.001846365505
138521	0.005492565249
138522	0.001630672351
138523	0.001933921907
138524	0.001301645895
138525	0.0001883744916
138526	0.0006522324086
138527	0.001266191351
138528	0.001917171779
138529	5.032606848e-05
138530	0.002962902638
138531	0.001906929313
138532	0.0003363125672
138533	0.003519468662
138534	0.001505800766
138535	0.00364809453
138536	0.005818356559
138537	0.005295012087
138538	4.595867471e-05
138539	0.0006581554087
138540	0.002176186593
138541	0.00235563438
138542	0.002352281664
138543	0.0003442643767
138544	0.0008511251341
138545	0.004936849076
138546	0.00205618402
138547	0.001983039229
138548	0.0008068437655
138549	0.00412723309
138550	0.0003105128373
138551	0.001298730832
138552	0.0007385322667
138553	0.0006952150936
138554	0.0001374871892
138555	0.001975721777
138556	6.78334364e-05
138557	0.001167951764
138558	0.002322164311
138559	0.002064875566
138560	0.005781013915
138561	0.0008511057916
138562	0.0001507623978
138563	0.0005988954595
138564	0.0003522402436
138565	0.003044625322
138566	0.001189663192
138567	0.0006018838857
138568	0.001428699354
138569	0.0004139560697
138570	0.004087332285
138571	0.001655298122
138572	0.001880991834
138573	0.0003394177814
138574	0.004974457357
138575	0.003361103042
138576	0.002087703895
138577	0.007274906721
138578	0.002550985308
138579	0.003892971296
138580	0.002429131377
138581	0.002420199421
138582	0.002921594714
138583	0.0001512048953
138584	0.006679533815
138585	0.002351782694
138586	0.002063877402
138587	0.001077861781
138588	0.004288950517
138589	0.0002930582536
138590	0.001531665574
138591	0.001666822786
138592	0.002293734589
138593	0.002101970709
138594	0.000421758071
138595	0.001125596221
138596	0.003254797607
138597	0.0003135755974
138598	0.003778650208
138599	0.002974018372
138600	0.002020510039
138601	0.004534991589
138602	0.0007257232431
138603	0.001253320932
138604	0.005443316449
138605	0.00262353626
138606	0.0007958612047
138607	0.001535120659
138608	0.001162026139
138609	0.0003048363735
138610	0.0002423215703
138611	0.000849751137
138612	0.001111597981
138613	0.0005024956553
138614	0.002667581103
138615	0.0007256599283
138616	0.00175734855
138617	0.002983648753
138618	0.002418668608
138619	0.001090270659
138620	0.000465573636
138621	0.001540496629
138622	0.0005536821018
138623	0.004438175272
138624	0.001677119918
138625	0.0009410751264
138626	0.001294907533
138627	0.0002495547217
138628	0.005396555898
138629	0.00102629959
138630	0.0006605696225
138631	0.002597274148
138632	0.001020845815
138633	0.001602103045
138634	0.001249129021
138635	0.0004395679657
138636	0.0004752152727
138637	0.0008468536358
138638	0.0001907034515
138639	0.004567261069
138640	0.003527250232
138641	0.001297320799
138642	0.003436287993
138643	0.0003701426455
138644	0.002250597393
138645	0.0002506943634
138646	0.0002882759408
138647	0.002360707169
138648	0.0005111067363
138649	0.00228696156
138650	3.839432851e-05
138651	0.0002833703082
138652	0.0003627020498
138653	0.003366741011
138654	0.001739291048
138655	0.003352178916
138656	0.001181743128
138657	6.822247978e-05
138658	0.001316627731
138659	0.004712155823
138660	0.002642575882
138661	0.0002825244011
138662	0.0009068865038
138663	0.002259377705
138664	0.0003821864631
138665	0.003185447467
138666	0.0001487833009
138667	5.370547955e-05
138668	0.001682582383
138669	0.001428134073
138670	0.002665590177
138671	0.0001280337566
138672	0.002986470239
138673	0.0007046402836
138674	0.001470112771
138675	0.001825398656
138676	0.0004588841213
138677	0.0008536862073
138678	0.003845195387
138679	0.002672717052
138680	7.729709338e-05
138681	0.001576847314
138682	0.001064272872
138683	0.002958840881
138684	0.002053905309
138685	0.006546713885
138686	0.002456885946
138687	0.00122956316
138688	0.002732664639
138689	0.002960847175
138690	0.00107959875
138691	0.001363524884
138692	0.0003817798393
138693	0.003061615136
138694	0.003796766185
138695	0.001128510783
138696	0.002387268771
138697	0.002677569835
138698	0.0005624344865
138699	0.0008105926726
138700	0.0001531006132
138701	0.001935794093
138702	0.001216997596
138703	0.001445743281
138704	0.001512281013
138705	0.004703791077
138706	0.006027883014
138707	0.003202180031
138708	0.001602971655
138709	0.0002439792539
138710	0.00232881575
138711	0.001274054799
138712	3.995904133e-06
138713	0.005521559912
138714	0.001845847732
138715	0.001160747669
138716	0.0009536680818
138717	0.001462654448
138718	0.004319171755
138719	0.0004278924765
138720	0.003849206492
138721	0.001154862564
138722	0.002087074499
138723	0.001889495644
138724	0.002380816728
138725	0.00171992855
138726	0.00318527476
138727	0.001793081188
138728	0.001010272503
138729	0.001767918712
138730	0.004653224173
138731	0.004095428476
138732	0.002116152959
138733	0.0004333923045
138734	0.0004817439889
138735	0.0007757158769
138736	0.0003217562486
138737	0.001327228188
138738	0.001373418575
138739	0.001097826045
138740	0.001396779442
138741	0.003739143142
138742	0.000124756633
138743	0.002791233778
138744	0.0008164918181
138745	0.0007113375636
138746	0.001629572517
138747	0.0005057728034
138748	0.00124558836
138749	0.006978786072
138750	0.005472973887
138751	0.004082555678
138752	0.0007165641354
138753	0.002282992018
138754	0.001793979284
138755	0.004888492171
138756	0.001782772894
138757	0.00279917691
138758	0.0001408715387
138759	0.003704836182
138760	0.001673150711
138761	0.00137422247
138762	0.001480610079
138763	0.002318778638
138764	0.001992112646
138765	0.003004491613
138766	0.005780458492
138767	0.004447345482
138768	0.0004592924004
138769	0.002956792641
138770	0
138771	0.001446825297
138772	0.0008328160246
138773	0.001674675657
138774	0.001873307562
138775	0.004077362891
138776	0.00567886707
138777	0.0009103569407
138778	0.002319341941
138779	5.56726152e-05
138780	0.0002840680588
138781	0.005777305954
138782	0.0003853005021
138783	0.003624707147
138784	0.001944579634
138785	0.000965359554
138786	0.001686779568
138787	0.0009991619309
138788	0.0007163291034
138789	0.003564246267
138790	0.0002005656869
138791	0.002282416268
138792	0.00132851776
138793	0.0008898912521
138794	0.002348033756
138795	0.001104593498
138796	0.001073935775
138797	0.003450358515
138798	0.000109491146
138799	0.001333019734
138800	0.007927676762
138801	0.001484094323
138802	0
138803	0.002505080152
138804	0.001266877606
138805	0.0003957929414
138806	0.001826627034
138807	0.001524532012
138808	0.001663977416
138809	0.006363458483
138810	0.0005919922583
138811	0.002120757202
138812	0.00292594268
138813	0.006124274114
138814	0.001031409321
138815	0.006071767572
138816	0.0002775900281
138817	0.001733188809
138818	0.001949282385
138819	0.0007788675071
138820	0.0007295670072
138821	0.0009506724172
138822	2.88317538e-05
138823	0.003191835805
138824	0.0001027155239
138825	0.001906062414
138826	0.0007887349104
138827	6.430014466e-05
138828	0.002767333605
138829	0.0001051367513
138830	0.001458415532
138831	0.002049403754
138832	0.003741534772
138833	0.0006351803706
138834	0.001410150448
138835	0.001573314057
138836	0.004906913725
138837	0.0003955461854
138838	0.004083165335
138839	2.656047483e-06
138840	0.0009533945261
138841	0.002970286884
138842	0.00012687573
138843	0.002224879874
138844	0.002615647306
138845	0.003032879535
138846	0.002269189661
138847	0.001339756379
138848	0.0001450906514
138849	0.003926629692
138850	0.004121463967
138851	0.004562485547
138852	0.0009613372086
138853	0.0004449935094
138854	0.001332099546
138855	0.0005657101609
138856	0.0003532227644
138857	0.0005480857849
138858	0.002167141316
138859	0.002164189191
138860	0.004265944884
138861	0.005455264897
138862	0.002385711468
138863	0.003151641309
138864	0.0004155507014
138865	0.000524875554
138866	0.0008130229433
138867	0.004803007019
138868	0.0006279647878
138869	0.000530799066
138870	0.00217301921
138871	0.001261078846
138872	0.002612951248
138873	0.006680570388
138874	0.00401042136
138875	0.002595009412
138876	0.001815703575
138877	0.001031069339
138878	0.00165429126
138879	0.001864360978
138880	0.002303515277
138881	0.0005546349806
138882	0.0007397552016
138883	8.251633004e-05
138884	0.00246693468
138885	0.002961138522
138886	0.0007197579005
138887	0.002264099615
138888	0.0004488585254
138889	0.004235988653
138890	0.00384283965
138891	0.00384803344
138892	0.001962039103
138893	0.003771641256
138894	0.0002321317527
138895	0.001812827396
138896	0.001187867257
138897	0.002810308855
138898	0.0006495032202
138899	0.0002641702491
138900	0.001373251091
138901	0.002609443859
138902	0.0002940628496
138903	0.001211606065
138904	0.0003201469585
138905	0.002550758725
138906	0.0002732563938
138907	0.0004343906284
138908	0.0008551200306
138909	0.002910269221
138910	0.000115315955
138911	0.004488946631
138912	0.001470932747
138913	0.000745214673
138914	0.001533928553
138915	0.002315913965
138916	0.0008349453388
138917	0.001046924764
138918	0.002821823305
138919	8.522474943e-06
138920	0.0005170266716
138921	0.005582507721
138922	0.004254484678
138923	0.0009911871182
138924	0.00449940249
138925	0.002587601921
138926	0.003445381286
138927	0.001654100508
138928	0.003741764753
138929	0.002675449424
138930	0.004504489049
138931	0.0009559689592
138932	0.001173689448
138933	0.0005722212431
138934	0.002492795533
138935	0.0004599474816
138936	0.002134132111
138937	0.0001357312147
138938	0.0007190933203
138939	0.001112753806
138940	0.0005356319995
138941	0.002317111094
138942	0.0049531487
138943	0.0001343194862
138944	0.002422176854
138945	0.001765440135
138946	0.003535380963
138947	0.0009372327129
138948	0.004565352529
138949	0.0007312263194
138950	0.00130883122
138951	0.003126139169
138952	0.002583827358
138953	0.001022520921
138954	0.002830557911
138955	0.0001567412596
138956	0.001955299341
138957	0.003395484473
138958	0.001544725516
138959	0.006728653402
138960	0.0001903528923
138961	0.001009597231
138962	0.0004753841031
138963	0.0001551322228
138964	0.005515038136
138965	0.0003523951275
138966	0.001362688414
138967	0.00459376297
138968	0.002295912372
138969	0.00457344747
138970	0.0003125123677
138971	0.0007416539309
138972	0.0006223358767
138973	0.004418792396
138974	0.001607419733
138975	0.003589048615
138976	0.0006447178207
138977	0.00308837487
138978	0.002638816723
138979	0.0008664499517
138980	0.0005868678631
138981	0.001189056533
138982	0.00265207182
138983	0.0003996130609
138984	0.0009937788184
138985	0.004250702947
138986	0.001077598397
138987	0.0003983251807
138988	0.001566506844
138989	0.003759455928
138990	0.002980966196
138991	0.005045967528
138992	0.002693235606
138993	0.001619162565
138994	0.002323992382
138995	0.0001021995406
138996	0.001759684001
138997	0.006181934007
138998	0.0002813407808
138999	0.0059375853
139000	0.0006939660957
139001	0.001387166472
139002	0.002154134371
139003	0.001617551896
139004	0.0007275802326
139005	0.004980583979
139006	0.0001009065838
139007	0.0009215134929
139008	0.002760950005
139009	0.00430919227
139010	0.0033738298
139011	0.001508470638
139012	0.00155743545
139013	0.003637742573
139014	0.0002711709194
139015	0.0004686035574
139016	0.002659495928
139017	0.001259228594
139018	0.004406935885
139019	0.0005107619918
139020	0.0008215382398
139021	0.001050231291
139022	0.0004330427237
139023	0.004240647526
139024	0.0004080223733
139025	0.0005293424637
139026	0.0009451437471
139027	0.0006060786983
139028	0.0001996893558
139029	0.0005788056353
139030	0.001443415294
139031	0.0003539660236
139032	0.0005357810597
139033	0.001479675949
139034	0.00141150059
139035	0.0001657967223
139036	0.003105172622
139037	0.001147178351
139038	0.002301444442
139039	0.0006519002407
139040	0.002475403522
139041	0.002981353948
139042	0.005596696767
139043	0.0003346270077
139044	4.477663011e-05
139045	0.001315873863
139046	0.00118375916
139047	0.001827876484
139048	0.0002121484387
139049	0.002898417697
139050	0.002562870952
139051	0.002414489461
139052	0.001249719718
139053	0.003415217455
139054	0.002197147483
139055	0.0001879076123
139056	0.005126590982
139057	0.004339463043
139058	0.001663196951
139059	9.343426262e-05
139060	0.005841553531
139061	0.001764750026
139062	0.0008878028622
139063	0.001202233498
139064	0.001491183819
139065	0.005628317668
139066	0.002865444805
139067	0.005811505102
139068	8.260103542e-05
139069	0.002786009738
139070	0.0001147372209
139071	0.0009355183639
139072	0.002515496636
139073	0.002430101417
139074	0.001284808135
139075	0.001788678608
139076	0.003151125444
139077	0.003509425295
139078	0.000501552853
139079	0.006345186133
139080	0.002370380066
139081	0.003810536127
139082	0.002323471658
139083	0.003466874711
139084	0.000127129007
139085	0.0007238038158
139086	0.006701486318
139087	0.0003680848997
139088	0.002066006212
139089	0.001152901593
139090	0.0003503096635
139091	0.002523086638
139092	0.0006665597797
139093	0.008180770995
139094	5.956488786e-05
139095	0.003514574044
139096	0.003165906161
139097	0.002629295967
139098	0.001729223469
139099	0.001536549175
139100	0.003028007985
139101	0.003533105832
139102	0.0004254059773
139103	0.0031613463
139104	0.002144253406
139105	0.003339005661
139106	0.0005094910389
139107	0.0008178223481
139108	0.000383457775
139109	0.001763478357
139110	0.002223266928
139111	0.002198430954
139112	0.00270988331
139113	0.002152190897
139114	0.0005812892475
139115	0.003462094112
139116	0.002464388987
139117	0.002008241947
139118	0.0003989725656
139119	0.001133940644
139120	0.006092391969
139121	0.001409602613
139122	0.001721666548
139123	0.001137888502
139124	0.001830211297
139125	0.002569150931
139126	0.002142167997
139127	0.002473901615
139128	0.003905686901
139129	0.001931254491
139130	0.0006455026741
139131	0.0004202977186
139132	0.001077124373
139133	0.0003281970541
139134	0.002616582928
139135	0.0009614970293
139136	0.002001822454
139137	8.1230421e-05
139138	0.0006605871279
139139	0.001528096444
139140	0.0002581545998
139141	0.004839487647
139142	0.0003780414411
139143	0.001937353214
139144	0.005305233037
139145	0.002672652766
139146	0.0006231079475
139147	0.0006167223014
139148	0.0009736172844
139149	0.002328884106
139150	0.000840891236
139151	0.001290580618
139152	0.001132830323
139153	0.001314934448
139154	0.002709482983
139155	0.004181149749
139156	0.003279833354
139157	0.003917268896
139158	0.001033811019
139159	0.0009012575549
139160	0.0006269543286
139161	0.0005094618435
139162	0.005979534311
139163	0.0001715307517
139164	0.001079814253
139165	0.007274809993
139166	0.0005375263993
139167	0.0008725824904
139168	0.002162780588
139169	0.001283075455
139170	7.680281254e-05
139171	0.001953733925
139172	0.001283465418
139173	0.001561188525
139174	0.003874442473
139175	0.0002979880831
139176	0.001463692966
139177	0.001548957791
139178	0.004362676853
139179	0.002686065469
139180	0.001018509694
139181	0.004515561082
139182	0.0005165163393
139183	0.0007378326479
139184	0.0005879760776
139185	0.002674421938
139186	0.000108873545
139187	0.001624866137
139188	0.001054973315
139189	0.000858809536
139190	0.0007088910641
139191	0.000272790762
139192	0.003321046786
139193	0.007967190457
139194	0.0004090884862
139195	0.0008685799535
139196	0.00287440819
139197	0.001981008938
139198	0.003216536515
139199	0.0001956677577
139200	1.106663338e-05
139201	0.007669800757
139202	0.002314818056
139203	0.0001551878027
139204	0.0003024646493
139205	0.000148035505
139206	0.0006759402144
139207	0.0009775107809
139208	0.00346485123
139209	0.0003053587627
139210	0.0002988748943
139211	0.002758963465
139212	0.001365750419
139213	0.002801203442
139214	0.001274363871
139215	0.0009623247898
139216	0.0003167099699
139217	0.001184831559
139218	0.001054327207
139219	0.005683949543
139220	0.0009890738285
139221	0.002097446189
139222	0.002393084946
139223	0.001489532561
139224	0.001206988006
139225	0.001731493487
139226	0.000774472391
139227	0.002832716214
139228	0.001430236281
139229	0.001008803773
139230	0.002396173159
139231	0.0003005040905
139232	0.0006433669378
139233	0.003519828866
139234	0.0005182983192
139235	0.001120110919
139236	0.001158606774
139237	0.0009585405657
139238	0.0001428218849
139239	0.0007264749368
139240	0.003852087627
139241	0.001394206082
139242	0.001914014768
139243	0.0007504187269
139244	0.005256063825
139245	0.002052346387
139246	6.444486243e-05
139247	0.001558936513
139248	0.0001233520514
139249	0.001950283237
139250	0.0006970418029
139251	0.001511337554
139252	0.00364803942
139253	0.003062099946
139254	0.002948532707
139255	0.0004108669138
139256	0.0005059992827
139257	0.001722011973
139258	0.001136286516
139259	0.001028317045
139260	0.004117555961
139261	0.0003501240971
139262	0.003969754297
139263	0.0009372696685
139264	0.0004451563711
139265	0.004657705621
139266	0.0006847081173
139267	0.0008034312634
139268	0.0007355734618
139269	0.002920851573
139270	0.0006445084323
139271	0.001617898586
139272	0.0006252443554
139273	0.001245399675
139274	0.002380913692
139275	0.0007377315733
139276	0.00202912011
139277	3.753306657e-06
139278	0.002259403175
139279	0.003185940415
139280	0.002214073067
139281	0.001265100828
139282	0.00181572723
139283	0.004619370466
139284	0.0007457849999
139285	0.000411897368
139286	0.0002652177053
139287	0.0026280553
139288	0.0002143156359
139289	0.0005120849575
139290	0.0008095175049
139291	0.001099112008
139292	0.0001447170028
139293	0.004714886528
139294	0.0007871187451
139295	0.0001338407127
139296	0.002991366545
139297	0.001293557445
139298	0.0004946647983
139299	0.002318285527
139300	0.002817554176
139301	9.192017993e-05
139302	0.001069690757
139303	0.001034276221
139304	0.0006137396096
139305	0.00163629777
139306	0.003116468873
139307	0.001664753973
139308	0.0008050604462
139309	0.0004591152105
139310	0.002544160644
139311	0.0008038202009
139312	0.0007457341791
139313	0.003812878779
139314	4.637292113e-05
139315	0.0005882980991
139316	0.001624513174
139317	0.0004185531925
139318	4.704711502e-06
139319	0.003314359426
139320	0.001466612893
139321	0.001844334596
139322	0.001761470154
139323	0.0007647266588
139324	0.001575499497
139325	0.0003295121963
139326	0.0008634803467
139327	0.0007686259181
139328	0.001005807857
139329	0.0006178882427
139330	0.0009156487872
139331	0.0009236998862
139332	0.002386674072
139333	0.001199218565
139334	0.0002616567673
139335	0.003917496471
139336	0.0005528680677
139337	0.00330587515
139338	0.001672501516
139339	0.005637254439
139340	0.003595781761
139341	0.002259704742
139342	0.0038795316
139343	0.0005109475655
139344	0.004010253822
139345	0.005778098811
139346	0.0004294724844
139347	0.00620379937
139348	0.001073258253
139349	0.001317295416
139350	0.0007627804986
139351	0.002348581656
139352	0.0002281919158
139353	0.002343595367
139354	0.0007218058394
139355	0.003335888545
139356	0.0007878274648
139357	0.001458453334
139358	0.0001263186705
139359	7.641359167e-05
139360	0.0005128189641
139361	0.0002279817507
139362	0.0001016251331
139363	0.0001531693612
139364	0.0003290759444
139365	0.0006626426425
139366	0.0003923922938
139367	0.0002441200192
139368	0.0005394312014
139369	0.0002799620152
139370	0.0003193347184
139371	0.000391103318
139372	0.0002925071347
139373	0.0005226797911
139374	0.003822221099
139375	0.0001967250664
139376	0.001147006131
139377	0.0002824045742
139378	0.00278587773
139379	0.005542282582
139380	0.001164772552
139381	0.001966352406
139382	0.0006959852686
139383	0.002540087487
139384	5.477182505e-05
139385	0.002289364686
139386	0.005200228529
139387	0.002783534993
139388	0.002181658419
139389	0.00252972652
139390	0.001206648229
139391	0.0001441190855
139392	0.004836175049
139393	0.004879216184
139394	0.006760409619
139395	0.001745438126
139396	0.002764192706
139397	0.003257914338
139398	0.00161305365
139399	0.0003962016195
139400	0.0006527805732
139401	0.003474301926
139402	0.003941600967
139403	0.001060130263
139404	0.001071929868
139405	8.99558963e-05
139406	0.0002355538244
139407	0.002433996629
139408	0.002744314005
139409	0.002310757299
139410	0.002542012409
139411	0.000516025297
139412	0.0007162741794
139413	4.992493051e-05
139414	0.0003379440725
139415	0.0005327026454
139416	0.0002289037099
139417	0.008507383483
139418	0.001071439175
139419	0.000602093667
139420	0.003243829255
139421	0.0003492770899
139422	0.0005356384532
139423	0.001379769415
139424	0.002424335843
139425	0.001791046722
139426	0.00109586463
139427	0.0008150019207
139428	0.002375386965
139429	0.002805608754
139430	0.0007138774964
139431	0.0006591860987
139432	0.001592132515
139433	0.003054214025
139434	0.003959245453
139435	0.001314543772
139436	0.007557054705
139437	0.004706209536
139438	0.0008058441565
139439	0.002755039336
139440	0.006076954672
139441	0.000188065448
139442	0.002885187346
139443	0.001228897787
139444	0.0005260399652
139445	0.008486330803
139446	0.0005219586395
139447	0.001145050151
139448	0.0008064198317
139449	0.001730815738
139450	0.001852217775
139451	0.0007503955791
139452	0.001006413604
139453	0.002441274789
139454	0.003730330378
139455	0.003508985224
139456	0.003903857278
139457	0.002435667288
139458	0.003514752443
139459	0.0002284316564
139460	0.002666700138
139461	0.001935051036
139462	0.001421329991
139463	0.002487094347
139464	0.0006571704914
139465	0.0009550931586
139466	0.003539731528
139467	0.0003599956624
139468	0.0001894759782
139469	0.00856098224
139470	0.004611194498
139471	0.001127535276
139472	0.005007604312
139473	0.003267980553
139474	0.00462855601
139475	0.001838052639
139476	0.002144438211
139477	0.001041609036
139478	0.0004667476297
139479	0.0009729339692
139480	0.002038941912
139481	0.0002023069089
139482	0.006442992958
139483	0.0002338821892
139484	0.0009255775393
139485	0.0001346879535
139486	0.001175317405
139487	0.0007272614254
139488	0.001090288476
139489	0.00144415581
139490	0.0006715218992
139491	0.001714544731
139492	0.004395424443
139493	0.002133257277
139494	0.003961609314
139495	0.002168555684
139496	0.001530900182
139497	0.0002197627758
139498	0.0002365750359
139499	0.001242716253
139500	0.0001883070965
139501	0.001033761807
139502	0.0002769517549
139503	0.002876887506
139504	0.0006419285352
139505	0.000566061782
139506	0.004751676521
139507	0.002218741328
139508	0.003192276947
139509	0.0006297256642
139510	2.373244127e-07
139511	0.0005800829328
139512	0.001909735941
139513	2.717856019e-05
139514	0.000435250396
139515	0.0006523750816
139516	0.006322384594
139517	0.0003488564315
139518	0.002337190831
139519	0.004490811779
139520	0.001174340647
139521	2.582490528e-07
139522	0.003113699145
139523	0.0003685045484
139524	0.002367983532
139525	0.001446720795
139526	0.001071490521
139527	0.002314580707
139528	0.002588705943
139529	0.004157539261
139530	0.003838023215
139531	0.002143224726
139532	0.003279902817
139533	0.0003642284466
139534	0.00268903843
139535	3.106025629e-05
139536	0.0006896138849
139537	0.003586557051
139538	0.003646950918
139539	0.004290978597
139540	0.004433934338
139541	0.001438852298
139542	0.003388231167
139543	0.002733147735
139544	0.003652550748
139545	0.004248677595
139546	0.0004830002875
139547	0.004038655743
139548	0.0001094090092
139549	0.002920718385
139550	0.002628749467
139551	0.002483811172
139552	0.002076105987
139553	0.003211535947
139554	0.005896852075
139555	0.002705247583
139556	0.002967672512
139557	0.004007860575
139558	0.00285656353
139559	0.005084587601
139560	0.00178372069
139561	0.000195602934
139562	0.0003885037004
139563	0.004852903253
139564	0.002854543968
139565	4.789561257e-05
139566	0.004315900378
139567	0.001458773088
139568	0.001340278831
139569	0.002430723058
139570	0.001431302129
139571	0.0003390489157
139572	0.002837007942
139573	0.001366020585
139574	0.003853045506
139575	0.00475260415
139576	0.001466955544
139577	0.00324707567
139578	0.005301984933
139579	0.0008678815508
139580	0.002293905414
139581	0.00385269135
139582	0.001965773176
139583	0.003481033936
139584	0.003409205782
139585	0.00244624246
139586	0.003823364014
139587	0.002216772307
139588	0.002214310364
139589	0.0001903094842
139590	0.0001082431923
139591	0.0005400852258
139592	0.0004729867074
139593	0.001220521414
139594	0.001873851537
139595	0.003200467799
139596	0.000100294496
139597	0.0006534160297
139598	0.001150514545
139599	0.004007079344
139600	0.004663573397
139601	0.001928086882
139602	0.005208321928
139603	0.00228873545
139604	0.004363853371
139605	0.0009988915905
139606	0.0004359355878
139607	0.001537374999
139608	0.0002281206199
139609	0.003668808025
139610	0.000882851107
139611	0.005486698163
139612	6.759949289e-07
139613	0.001428021494
139614	0.004346025607
139615	0.002112112136
139616	0.001816631078
139617	0.00206907263
139618	0.0008604782891
139619	0.001184505124
139620	0.0005351118078
139621	0.001986585276
139622	0.001118775851
139623	0.001513711593
139624	0.0005394307693
139625	0.0008178800846
139626	0.0008132232137
139627	0.0006725548044
139628	0.0005699161203
139629	0.0006688771799
139630	0.0007235697845
139631	0.001010798415
139632	0.0005832059107
139633	0.0001005024648
139634	2.619772735e-08
139635	0.002001851823
139636	0.001590188439
139637	0.0005880552188
139638	0.003130740147
139639	0.002496259045
139640	0.004056983681
139641	0.002947357029
139642	0.004706262312
139643	0.0007033636403
139644	0.002145923898
139645	0.002813987739
139646	0.003973471583
139647	0.0001301350767
139648	0.001092587814
139649	0.002063149984
139650	0.002768645116
139651	0.001613210305
139652	0.002109582109
139653	0.004459604731
139654	0.0005038063568
139655	0.0001979854228
139656	0.0003126742986
139657	0.0004346702327
139658	0.0007234984957
139659	0.0008570519209
139660	0.001324082056
139661	0.0009998937662
139662	0.000619613813
139663	3.695876407e-05
139664	6.448072249e-05
139665	0.000157349705
139666	0.0005708231321
139667	0.0001128272679
139668	0.0002700308719
139669	0.00062166184
139670	0.0008006717517
139671	0.0007737870288
139672	0.0004135420673
139673	0.0009515464382
139674	0.0008822356867
139675	0.004903994588
139676	0.00455545061
139677	0.001060756356
139678	0.0008853337858
139679	0.004927364504
139680	0.003699561089
139681	0.0007553137562
139682	0.004404706468
139683	0.000858808015
139684	0.004828504414
139685	0.000189652385
139686	0.00454919243
139687	0.003837852151
139688	0.004542628543
139689	0.002113223642
139690	9.121757624e-06
139691	0.001825469414
139692	0.002805486129
139693	0.0001566240825
139694	0.003906300946
139695	0.001590115851
139696	0.002456752989
139697	0.0002292558838
139698	0.0003396652518
139699	0.002853551178
139700	0.001297130038
139701	0.000806286699
139702	0.002558119593
139703	0.001779429537
139704	0.0007416136592
139705	0.003362240002
139706	0.001054419696
139707	0.0004608693365
139708	0.0009683510163
139709	0.003810144131
139710	0.00239925988
139711	0.004019942834
139712	0.001084269985
139713	0.0008051976395
139714	0.002008371138
139715	0.003729597157
139716	0.002303656916
139717	0.0007556497332
139718	0.001436437505
139719	6.164091315e-05
139720	0.001676962325
139721	0.001398399061
139722	0.001963250545
139723	0.001932002661
139724	0.001098413174
139725	0.0008367870633
139726	0.0003254062132
139727	0.001074517028
139728	0.0008352862965
139729	0.001085936075
139730	0.002039289772
139731	0.0004487851384
139732	0.001902847038
139733	0.002360444239
139734	0.002734189066
139735	0.001308470667
139736	0.0008883828435
139737	0.002066566933
139738	0.003100937322
139739	0.002289949491
139740	0.0016775301
139741	0.001886573815
139742	0.0002261375701
139743	0.0001332375446
139744	0.0003797991785
139745	0.000519128395
139746	0.002850349721
139747	0.0001115748223
139748	0.002173285186
139749	0.001062720105
139750	0.002040616896
139751	0.001591191847
139752	0.00162201423
139753	0.002899937933
139754	0.001090811047
139755	0.00198192361
139756	8.060419933e-05
139757	0.002786915425
139758	0.0001443579023
139759	0.001005863857
139760	0.001205288327
139761	0.002752676848
139762	0.002324231617
139763	0.0001365346799
139764	0.001941392024
139765	0.0001743660518
139766	0.0003948821945
139767	0.002555705524
139768	0.002569851121
139769	0.002410133486
139770	0.001739724215
139771	0.004336542322
139772	0.0004603704701
139773	0.00152873469
139774	0.001730078426
139775	0.002683807586
139776	0.003362361194
139777	0.001412099004
139778	0.0003798376541
139779	0.003059749066
139780	0.002781920656
139781	0.002020170385
139782	0.002460538757
139783	0.002685796217
139784	0.001393440332
139785	0.002970824025
139786	1.830655395e-05
139787	0.001377653605
139788	0.0007131816826
139789	0.002832377573
139790	0.003273433298
139791	0.001168183222
139792	0.003894583793
139793	0.0006052418492
139794	0.002626334036
139795	0.002218663225
139796	0.004243241937
139797	0.0008658198612
139798	0.0003022231453
139799	0.003202329621
139800	0.001020304053
139801	0.0001720624682
139802	0.0001177360372
139803	0.002122379627
139804	0.002370081379
139805	0.0008314219917
139806	0.002787817642
139807	0.004039283995
139808	0.0008060228893
139809	0.001856496488
139810	0.002612412433
139811	2.533031131e-05
139812	0.0006402958987
139813	6.584966062e-05
139814	0.001263574828
139815	0.0001721530294
139816	0.0005356750147
139817	0.004791621332
139818	0.001558045584
139819	5.238713088e-05
139820	0.0003012285002
139821	0.0002707015594
139822	2.635771927e-05
139823	0.0008571608686
139824	0.002115363291
139825	0.002690256386
139826	0.002786507863
139827	0.00614951725
139828	0.004370011333
139829	0.001918789514
139830	0.002270650621
139831	0.0001505649755
139832	0.0004114461483
139833	0.0002688207346
139834	0.0001217828144
139835	3.486825135e-06
139836	0.0008023063168
139837	0.001516385812
139838	0.001789157769
139839	0.0001695641448
139840	0.001766307463
139841	0.0005203808844
139842	0.0004140074515
139843	0.002274830533
139844	0.003666269656
139845	0.00101226295
139846	0.001083723123
139847	0.002964796752
139848	0.001994920422
139849	0.004197820164
139850	0.001043016863
139851	0.001028013883
139852	0.0009808736046
139853	0.003177926334
139854	0.002578505665
139855	0.002350735993
139856	0.002983296533
139857	0.002302925104
139858	0.001939762367
139859	0.0003361854845
139860	8.746220694e-05
139861	0.002307957086
139862	0.002919232897
139863	0.001034151072
139864	0.0001161675166
139865	0.001370736539
139866	0.0001050788633
139867	0.0005671631692
139868	0.001352113682
139869	0.000130157946
139870	0.001212499404
139871	0.0008061055588
139872	0.0005451343313
139873	0.0008432296211
139874	0.0004835255891
139875	0.0003153930855
139876	0.0004425952488
139877	0.0004235547726
139878	0.0001118276803
139879	0.0005555507978
139880	0.000453497544
139881	0.0002243859984
139882	0.001625229824
139883	0.001342775009
139884	0.001634755379
139885	0.001098965382
139886	0.0009413247518
139887	0.000596378203
139888	0.0002252626579
139889	0.001664727879
139890	0.0004115593419
139891	0.0009644435552
139892	0.0004627357736
139893	0.0006251322732
139894	0.001581026976
139895	0.002794625666
139896	0.003614567675
139897	0.0003052774065
139898	0.0006953355196
139899	0.001255367854
139900	0.000542353481
139901	0.0002378777302
139902	0.0008073954511
139903	1.021919472e-06
139904	0.0004268255679
139905	0.001677336212
139906	0.0007534495667
139907	8.752991417e-05
139908	0.0001922659384
139909	0.0008048929894
139910	0.0001518785019
139911	0.0008681692222
139912	0.002923733629
139913	0.0007641554213
139914	8.497742694e-05
139915	0.0001302843372
139916	0.001547293217
139917	0.000324376734
139918	0.0006506429199
139919	0.001156368342
139920	0.003272030588
139921	0.0005009893866
139922	0.0005212125759
139923	0.0008706057707
139924	0.0005629778622
139925	0.001437913577
139926	0.002313562024
139927	0.002780033226
139928	0.0002280436955
139929	1.739692827e-07
139930	1.371287288e-07
139931	0.007036861206
139932	0.001788016891
139933	0.001815895681
139934	0.003160246259
139935	0.005880052058
139936	0.005225884241
139937	0.008153355541
139938	0.000605933783
139939	0.001016512256
139940	0.00349501451
139941	0.0001531975073
139942	0.0009555113028
139943	0.005111121301
139944	0.00139005032
139945	0.002729971016
139946	0.005911061392
139947	0.003206639258
139948	0.008695705421
139949	0.004795751458
139950	0.007067678593
139951	0.00311054578
139952	0.001447035661
139953	0.002370594255
139954	0.003237571217
139955	0.00466612391
139956	0.004195465188
139957	0.005107185728
139958	0.002388960194
139959	0.002172658662
139960	0.00648006332
139961	0.00120897054
139962	0.001005539936
139963	1.056129282e-05
139964	0.0007321999882
139965	0.0009439507605
139966	0.001459227502
139967	0.001498605052
139968	0.002846324722
139969	0.002119052325
139970	0.00156837706
139971	0.003047602847
139972	0.009343447532
139973	0.003100704019
139974	0.0005802895231
139975	0.00537028894
139976	0.001341612762
139977	0.001345059924
139978	0.001148441679
139979	0.001396603396
139980	0.002430918514
139981	7.317566657e-05
139982	0.002476707367
139983	0.001214978556
139984	0.0003150149469
139985	0.003763048707
139986	0.001372652849
139987	0.002344091981
139988	0.003339814821
139989	0.002480307548
139990	0.001892982099
139991	0.001670537651
139992	5.712863737e-05
139993	0.0002658690013
139994	0.003153438818
139995	0.001326249827
139996	4.310193e-05
139997	0.0002928188076
139998	0.0001968219019
139999	0.0007746734529
140000	0.00232757225
140001	0.0002613223649
140002	0.00117111147
140003	0.001334442504
140004	0.003764406031
140005	0.000697158548
140006	0.002732594877
140007	0.000643221365
140008	0.001202801734
140009	0.002574368618
140010	0.0008083948513
140011	0.002585202431
140012	0.0007866844495
140013	0.006873921776
140014	0.0009792203052
140015	0.0008603005905
140016	0.00208052326
140017	0.003873068978
140018	0.006493340124
140019	0.004466041885
140020	0.001084064797
140021	0.005174452479
140022	0.0004923830131
140023	0.009975086401
140024	0.0001468657135
140025	0.002666632506
140026	0.003572279328
140027	0.001831426925
140028	8.148383643e-05
140029	0.002765014762
140030	0.00340386751
140031	0.0003651499103
140032	0.003877647871
140033	0.0015682451
140034	0.0002704036605
140035	0.001207786544
140036	0.0001616809835
140037	0.002450647541
140038	0.001303997769
140039	0.0005966128153
140040	0.002995199944
140041	0.001316232675
140042	0.004038096496
140043	0.0007678613096
140044	0.003992490094
140045	0.003003137413
140046	0.0001365081177
140047	0.0001886109995
140048	0.005027759858
140049	0.001292412276
140050	0.0006824264979
140051	0.004849604899
140052	0.001646742363
140053	0.00130266958
140054	0.003605896592
140055	0.003629025215
140056	0.0008192935975
140057	0.004364572319
140058	0.003195563059
140059	0.001688608605
140060	0.002725430306
140061	0.003133492938
140062	0.001065350933
140063	0.001883401951
140064	0.001553802209
140065	0.003049805513
140066	0.002962114757
140067	0.002516961846
140068	0.003963257377
140069	0.0009584051047
140070	0.004306384434
140071	0.006069909891
140072	0.0020184586
140073	0.003003259638
140074	0.002924756372
140075	0.000746488815
140076	0.00417346676
140077	0.0005332537294
140078	0.0004049383018
140079	0.001461293805
140080	0.001992243355
140081	0.006516830454
140082	0.0007867232863
140083	0.001903432523
140084	0.004522280876
140085	0.003673271599
140086	0.002038282614
140087	0.000307688185
140088	0.0005908236535
140089	0.001503741234
140090	0.007623496064
140091	0.0003613902338
140092	0.003466336062
140093	0.003533439862
140094	0.001059538642
140095	0.001552984282
140096	0.003459381749
140097	0.00185257388
140098	0.006593465846
140099	0.005856336977
140100	0.004723117353
140101	0.003520937731
140102	0.0003499499452
140103	0.0003243280209
140104	0.006973272008
140105	0.002710373967
140106	0.002167606292
140107	0.002541091078
140108	0.004257487881
140109	0.001467238947
140110	0.002221728769
140111	0.0005299556146
140112	0.0004121992911
140113	0.001868171499
140114	0.002459478527
140115	0.003263592276
140116	0.000391841396
140117	0.002795767204
140118	0.001311861273
140119	0.0006433308132
140120	7.603314966e-05
140121	0.001726921944
140122	0.00130276235
140123	0.0006839036927
140124	0.003145941771
140125	0.004673176175
140126	0.0009132133532
140127	0.003096169126
140128	0.001179590323
140129	7.325953434e-05
140130	0.002360200108
140131	0.002704197322
140132	3.634373012e-05
140133	0.005232772575
140134	0.0001240019687
140135	0.00229239873
140136	0.0001350206803
140137	0.006910598113
140138	3.14042502e-05
140139	0.00137653131
140140	0.001321668608
140141	0.002314346777
140142	0.002152147338
140143	0.002230264494
140144	0.001645716182
140145	0.003632745796
140146	0.003065124823
140147	0.00176226257
140148	0.001569558541
140149	0.002032301278
140150	0.001681368711
140151	0.0009604265347
140152	0.001014405399
140153	0.003790565257
140154	0.005575040455
140155	0.0009670125236
140156	0.006593081489
140157	0.0002346770256
140158	0.002270655119
140159	0.001204729702
140160	0.003055263078
140161	0.0006760834971
140162	0.001560519293
140163	0.00269069102
140164	0.0004834404288
140165	0.0001505179027
140166	0.0009711032658
140167	0.0002831403608
140168	3.388359528e-05
140169	0.0004250248875
140170	0.0004507259401
140171	0.0009653771866
140172	0.0003023593803
140173	0.0003936217271
140174	0.003196598155
140175	0.002235840404
140176	0.0003641819551
140177	0.0001758184863
140178	0.0001288544077
140179	0.0006267588253
140180	0.003449648888
140181	0.0008818152695
140182	0.002179356924
140183	0.003792458451
140184	0.002220848057
140185	0.0005773352627
140186	0.002007933325
140187	0.005296286202
140188	0.001183605665
140189	0.00040711808
140190	0.0005180010346
140191	0.001522543044
140192	0.0004739221896
140193	0.004206256041
140194	0.001266976619
140195	0.002250484233
140196	0.001097944138
140197	0.00929241594
140198	0.001442585491
140199	0.002265353702
140200	0.003419488187
140201	0.00115716448
140202	0.001323260274
140203	0.0005688947189
140204	0.005435332536
140205	0.001237541633
140206	0.00369258104
140207	0.0009657493041
140208	0.003200854042
140209	0.005369782743
140210	0.0006019372351
140211	0.0006581537249
140212	0.001062041867
140213	7.652016451e-05
140214	0.001924666786
140215	9.776741469e-05
140216	0.0009080696106
140217	0.001267871646
140218	0.0007658835872
140219	0.0005280857367
140220	0.009098228589
140221	0.004683078369
140222	0.003813891615
140223	0.0003027824982
140224	0.0004534723177
140225	0.0008156101967
140226	0.003126251504
140227	0.0002923559381
140228	0.001112807252
140229	0.003591377518
140230	0.003097639903
140231	0.001846990253
140232	0.00134951582
140233	0.0008157694343
140234	0.005039814937
140235	0.00236695616
140236	0.00118027725
140237	0.001414565292
140238	0.002458360322
140239	0.004166273872
140240	0.003648005233
140241	0.00128829925
140242	0.0008133748858
140243	0.002644571715
140244	5.039475513e-05
140245	0.003755094004
140246	0.002193549466
140247	0.001268227218
140248	0.001989050941
140249	0.005343564459
140250	0.004516087046
140251	0.00394881518
140252	0.001676638641
140253	0.002537759489
140254	0.006215360372
140255	0.001210734464
140256	0.0001635425538
140257	0.0063101271
140258	0.0001981702464
140259	3.799572169e-05
140260	0.0001626346362
140261	0.002588203617
140262	0.004002077651
140263	0.007102807938
140264	0.0003267767351
140265	0.006504354937
140266	0.001288625125
140267	0.0005979522348
140268	0.001270491451
140269	0.001669346028
140270	0.004575116035
140271	0.0002862744478
140272	0.0006270837639
140273	0.005767231469
140274	0.001187168545
140275	0.001508736674
140276	0.001848457766
140277	0.003111924704
140278	0.003636144925
140279	0.0009008303144
140280	0.002944982686
140281	0.0008321420035
140282	0.001011579447
140283	0.00196687635
140284	0.0005565070781
140285	0.0009038026616
140286	0.001311025723
140287	0.001900993667
140288	4.888937638e-06
140289	0.0001824660944
140290	0.001142343157
140291	0.0008481035758
140292	0.005839200772
140293	0.00214594184
140294	0.002878605462
140295	0.0004174940223
140296	0.005635081453
140297	0.003527495995
140298	0.001669790867
140299	0.003675402138
140300	0.003309113167
140301	0.002507522176
140302	0.0005804695267
140303	0.0007475647932
140304	0.0008876481861
140305	0.0007659605266
140306	0.0003623762217
140307	0.001521816476
140308	6.480013137e-05
140309	0.0003585020381
140310	0.001352491138
140311	0.0008888523176
140312	0.003671180324
140313	0.0006617222667
140314	0.002029592258
140315	0.0001517894215
140316	0.000972132964
140317	0.002566803776
140318	0.005798748075
140319	0.001940612713
140320	0.004876494946
140321	0.00136526477
140322	0.0004043922963
140323	0.004533308459
140324	0.0003514134113
140325	0.0005725770315
140326	0.0008593940838
140327	0.0002347796731
140328	0.0006131640946
140329	1.862704581e-05
140330	0.0002844063568
140331	0.001364911912
140332	0.002361783215
140333	0.0007268888093
140334	0.0008377369402
140335	0.001080257561
140336	0.0002571921402
140337	0.0007002341851
140338	3.678464449e-05
140339	0.0008498128475
140340	0.0038795279
140341	0.0001561027466
140342	0.0005347979735
140343	0.004181201909
140344	0.0007660284512
140345	8.523018604e-06
140346	0.0002584960124
140347	1.483001339e-05
140348	0.001363994478
140349	4.29018581e-05
140350	0.0003706155229
140351	0.0001036834854
140352	0.00245619069
140353	0.0008266516703
140354	0.002107269957
140355	0.00327499142
140356	0.0004048975531
140357	0.002197148133
140358	0.001738607404
140359	0.002145381044
140360	0.000273661536
140361	0.004307255488
140362	2.456036939e-08
140363	0.001034773516
140364	0.002840645971
140365	0.001413741937
140366	0.003146579264
140367	0.002510888253
140368	0.001059684638
140369	0.00195268852
140370	0.001515933351
140371	0.0002572559689
140372	0.005918163438
140373	0.0006742557477
140374	0.003326105156
140375	0.002503837298
140376	0.004502552835
140377	0.0008825102072
140378	0.004689253084
140379	0.003831925427
140380	0.002480650479
140381	0.002074934398
140382	0.000658311002
140383	0.0004858940613
140384	0.000330821377
140385	0.0006228403631
140386	0.0003016720075
140387	0.0004756088645
140388	0.0002333744658
140389	0.001303460242
140390	0.0008932067968
140391	0.0002946199214
140392	0.0001174129846
140393	0.0007091360253
140394	0.001660109578
140395	0.0001186102724
140396	0.0002169692062
140397	0.001665792601
140398	0.005877014456
140399	0.0007415150055
140400	0.001132759055
140401	0.001089142781
140402	0.0006818810718
140403	0.002474297086
140404	0.002278694653
140405	0.001375308831
140406	0.002189930407
140407	0.002738874458
140408	0.002079230918
140409	0.002472826383
140410	0.002180262078
140411	0.002639343036
140412	0.002708854155
140413	0.00290245202
140414	0.003261833689
140415	0.00274715553
140416	0.002305121155
140417	0.002241348498
140418	0.002334408614
140419	0.002482840625
140420	0.001917882852
140421	0.002543339091
140422	0.001745538552
140423	0.0019683242
140424	0.002585373829
140425	0.002231172788
140426	0.002673809459
140427	0.001641549423
140428	0.001876820073
140429	0.003069998255
140430	0.002673339262
140431	0.002412196966
140432	0.002649856952
140433	0.002537676046
140434	0.002725422672
140435	0.002932063644
140436	0.002930564438
140437	0.002589952247
140438	0.002383531757
140439	0.00276410967
140440	0.002106545492
140441	0.002481774205
140442	0.002738953971
140443	0.002632093666
140444	0.002368412569
140445	0.002464147758
140446	0.002272409333
140447	0.00222930558
140448	0.002145943633
140449	0.002685651744
140450	0.002560829467
140451	0.002316726982
140452	0.002046194826
140453	0.002940872552
140454	0.0001958984053
140455	0.001753496604
140456	0.00262884619
140457	0.003019066142
140458	0.002884092817
140459	0.001821185902
140460	0.002667571817
140461	0.001976254167
140462	0.001918981712
140463	0.002618849011
140464	0.0019916467
140465	0.002486014838
140466	0.0008442898188
140467	0.002644667735
140468	0.002789915046
140469	0.002643986975
140470	0.002001278534
140471	0.001687807898
140472	0.002645600855
140473	0.0007984996815
140474	0.002901809882
140475	0.003269198258
140476	0.003443641671
140477	0.003221287074
140478	0.003170314218
140479	0.002826619309
140480	0.004137125124
140481	0.003410466147
140482	0.003280057769
140483	0.003299395883
140484	0.003160777925
140485	0.003121365483
140486	0.003372274319
140487	0.003060730622
140488	0.003199865226
140489	0.003137268665
140490	0.003123440599
140491	0.003011490282
140492	0.002104044165
140493	0.002791613014
140494	0.003083320481
140495	0.002952314142
140496	0.002974791244
140497	0.003239410137
140498	0.003208988147
140499	0.003105956286
140500	0.003473346462
140501	0.00313680816
140502	0.003080332362
140503	0.002837490476
140504	0.002825405541
140505	0.003358269871
140506	0.002347962956
140507	0.002765595998
140508	0.002991274812
140509	0.002839462262
140510	0.002539798348
140511	0.002914081119
140512	0.002799103889
140513	0.003067616037
140514	0.002710000206
140515	0.003067655721
140516	0.003065188854
140517	0.002214757071
140518	0.002772943489
140519	0.002394500799
140520	0.003114117678
140521	0.002725238902
140522	0.003422476678
140523	0.002765238217
140524	0.00268615738
140525	0.002832337917
140526	0.002613654396
140527	0.002652842832
140528	0.002608973585
140529	0.00288795103
140530	0.002931628727
140531	0.002821711978
140532	0.002187515117
140533	0.002264966701
140534	0.002493902064
140535	0.001657032932
140536	0.001202694112
140537	0.002433068023
140538	0.002385470714
140539	0.002196342734
140540	0.002004396133
140541	0.002849074849
140542	0.003234580363
140543	0.002888318154
140544	0.002382411526
140545	0.002738716556
140546	0.002940141857
140547	0.0002217882023
140548	0.001038549415
140549	0.002080355293
140550	0.006543485456
140551	0.0006935892572
140552	0.0003034956182
140553	0.0009698429793
140554	0.004250790694
140555	0.0006403653754
140556	5.191593679e-05
140557	0.002143638556
140558	0.003278779656
140559	0.000157851727
140560	0.0006727027064
140561	0.001105357707
140562	0.0004668863283
140563	0.003795206054
140564	1.45907346e-05
140565	0.001682318254
140566	0.002829950143
140567	0.0005566998792
140568	0.002109098829
140569	0.001341338473
140570	0.004940119966
140571	0.0004827912791
140572	0.003528521787
140573	0.0002606228883
140574	0.0005594473392
140575	0.0001991463731
140576	3.955518267e-05
140577	0.00252661801
140578	0.001475788314
140579	0.001463323818
140580	0.0007181706329
140581	0.00257647751
140582	0.003418579442
140583	0.0004972900441
140584	3.236475007e-05
140585	2.55374498e-05
140586	0.0002268887305
140587	0.003396775464
140588	0.001882135785
140589	0.001711287022
140590	0.003956152319
140591	0.00106215528
140592	0.003121009386
140593	0.0007248396642
140594	0.001539269758
140595	0.00138716437
140596	0.00131730297
140597	0.001674202688
140598	0.001943582222
140599	0.001591377921
140600	0.0003453314781
140601	0.002825436871
140602	0.001862893837
140603	0.002216680585
140604	0.0001326367095
140605	0.0007920655913
140606	0.001138944972
140607	0.0006053780111
140608	0.0001324878754
140609	0.001483768379
140610	0.002669029967
140611	0.002372753276
140612	0.002000668221
140613	0.002283808747
140614	0.0004265027624
140615	0.001743140932
140616	0.002245459862
140617	0.0007765396562
140618	0.002143517871
140619	0.000258088987
140620	0.001063308545
140621	0.000546494989
140622	0.0002709388761
140623	7.13432513e-05
140624	0.0002986630527
140625	0.0006891515526
140626	0.001504051038
140627	0.0001035956514
140628	0.0001205132573
140629	0.001047546734
140630	0.004841319614
140631	0.001195631038
140632	0.0002918157984
140633	0.0005820668974
140634	0.005429799092
140635	0.00361374693
140636	0.0003208473186
140637	0.001990040706
140638	0.001316233498
140639	0.001236798689
140640	0.0001817213542
140641	0.002165110771
140642	2.250009223e-05
140643	0.003700337273
140644	0.003206688437
140645	0.0003279354967
140646	0.003111433456
140647	0.0003690713516
140648	0.001181900312
140649	0.0001969990709
140650	0.0006227978817
140651	0.0004204304741
140652	0.0003938290529
140653	0.003475415458
140654	0.003446757362
140655	0.0003414727815
140656	0.0009443319032
140657	0.00172278467
140658	0.0006841019198
140659	0.0004704671234
140660	0.00198277425
140661	0.001192316983
140662	0.003339494958
140663	0.00139531966
140664	0.001711106266
140665	0.0009288250446
140666	0.002300232581
140667	0.001789338888
140668	0.0008145229937
140669	0.002275382709
140670	0.001464983146
140671	0.003045724311
140672	0.003436375554
140673	0.005281790321
140674	0.0005599939874
140675	0.0006150997046
140676	0.001461760789
140677	0.002708684559
140678	0.001253406804
140679	0.0006923491151
140680	0.001894441709
140681	0.005337976651
140682	0.003722016023
140683	0.001280233525
140684	0.0001632357848
140685	0.001212099263
140686	0.0008061508537
140687	0.002076871029
140688	0.0009023492722
140689	0.002940768136
140690	0.0001656169846
140691	0.001337447022
140692	0.0005264776145
140693	0.001400614234
140694	0.002324759134
140695	0.000422585604
140696	0.000276055715
140697	0.0005815210383
140698	0.002605103605
140699	0.002564392447
140700	0.0011494331
140701	0.001064591221
140702	0.001458762912
140703	0.0005232625102
140704	0.002050050165
140705	0.003151407471
140706	0.002275492063
140707	0.0008783902859
140708	0.001611477235
140709	0.002522516001
140710	0.0008859304062
140711	0.001832661661
140712	0.001837387444
140713	0.001920806073
140714	0.000400414438
140715	0.0006704356562
140716	0.00182962028
140717	0.004730389915
140718	0.002486000323
140719	4.506652099e-06
140720	0.00175988902
140721	0.004513824306
140722	0.001712336024
140723	0.0009152380083
140724	0.0001629523431
140725	0.0003062694692
140726	0.0006032785633
140727	9.43076635e-05
140728	0.001688924673
140729	0.000339535766
140730	0.001355882115
140731	0.0005054435031
140732	0.002104632223
140733	0.003266709201
140734	0.0008589738396
140735	0.00327769578
140736	0.001120260223
140737	0.004170877506
140738	0.002218867322
140739	0.001171642859
140740	0.002002981291
140741	0.003030357747
140742	0.0002098985659
140743	0.0002322425676
140744	0.001903446696
140745	0
140746	1.012737912e-08
140747	0.001308701716
140748	0.0004795411025
140749	0.0007318051534
140750	0.0001252348939
140751	0.0004790916594
140752	0.0002498088353
140753	0.0002667782953
140754	0.0009117547795
140755	0.0003236524238
140756	0.0004918545417
140757	0.0001541928995
140758	0.0006019331129
140759	0.0003446834046
140760	0.001256023058
140761	0.001299921211
140762	0.0007739628721
140763	0.0007440728266
140764	0.0001478161055
140765	0.001841501996
140766	0.0006413939388
140767	0.0004915488711
140768	0.001332803634
140769	0.001359649886
140770	1.470354834e-05
140771	0.002354748249
140772	0.003909798044
140773	0.002143618413
140774	0.0009671204257
140775	0.0003610191175
140776	0.0008980316196
140777	0.001665688044
140778	0.001207011875
140779	0.002245419917
140780	0.0006744250869
140781	0.0001963079413
140782	0.004536424697
140783	0.002214238011
140784	0.002671743953
140785	0.001099536139
140786	0.00152741791
140787	0.001648367312
140788	0.0001501943025
140789	0.001920730342
140790	0.001446122753
140791	0.001224951928
140792	0.0003702114557
140793	0.0008536270717
140794	0.002247564349
140795	0.002759140667
140796	0.001221392572
140797	0.00283090057
140798	0.001016908325
140799	0.001137057438
140800	0.0008568471832
140801	0.0003868502153
140802	0.001618762565
140803	0.0001309266414
140804	0.0005158301148
140805	0.0010153341
140806	0.001243219256
140807	0.0005311675056
140808	0.0007639796412
140809	0.0004658493807
140810	0.0001379281738
140811	0.0006506156304
140812	0.0005053671196
140813	0.002022891855
140814	0.001842375414
140815	0.001583294715
140816	0.001701767457
140817	0.0008836015166
140818	0.005754566383
140819	0.0004690926012
140820	0.001775180737
140821	0.0007265419022
140822	0.000708101072
140823	0.002127596705
140824	3.550144517e-05
140825	0.0007997513012
140826	0.00549384259
140827	0.00142014239
140828	0.0002354109936
140829	0.003542981311
140830	0.0006463726308
140831	0.002249372588
140832	0.001228480189
140833	0.002801381411
140834	0.001110624958
140835	0.003982450481
140836	0.0008523408423
140837	0.002371880848
140838	0.0004181810215
140839	0.001346504201
140840	0.002760936118
140841	0.001628066907
140842	0.002122469985
140843	0.0007588700665
140844	0.002203636762
140845	0.0009691824438
140846	0.0008707492949
140847	0.0001776199584
140848	0.002812555943
140849	0.0003434169991
140850	0.002053455836
140851	0.001106935497
140852	0.00091883727
140853	0.0009637652666
140854	0.007262051891
140855	0.0002342701125
140856	0.002691432586
140857	0.00215088871
140858	0.001946056212
140859	0.000469473095
140860	0.0006254152839
140861	0.001906778794
140862	0.002521776333
140863	0.00272018374
140864	0.0006601742992
140865	0.0002095981846
140866	0.0009945094384
140867	0.0004510308288
140868	0.0009708361706
140869	0.001092007937
140870	0.003056178882
140871	0.0005868991421
140872	0.004131010626
140873	0.0007459491813
140874	0.001023160066
140875	0.0005678883446
140876	0.001345528331
140877	0.0001051510018
140878	0.002182597618
140879	0.00139850112
140880	0.0001540723437
140881	0.0004046588976
140882	0.0001040564451
140883	0.0004349156574
140884	0.002240959137
140885	0.002126409305
140886	0.0004345083574
140887	0.004007172878
140888	0.002106877745
140889	0.002297131621
140890	0.001431333266
140891	0.0004123895689
140892	0.0004591331542
140893	0.000663427577
140894	0.001114373475
140895	0.002068318944
140896	0.001908038349
140897	0.0009373760121
140898	0.004131831318
140899	0.002800144916
140900	0.001068277241
140901	0.0008788043391
140902	0.001676028686
140903	0.00271194898
140904	0.0007287022208
140905	0.0008949397998
140906	0.0014188432
140907	1.961559623e-05
140908	0.001133974052
140909	0.00276928328
140910	0.001010924268
140911	0.005442691001
140912	0.001161732738
140913	0.000846692878
140914	0.002163330054
140915	0.001601130917
140916	0.002898410469
140917	0.001002719744
140918	5.11642883e-05
140919	0.001676032267
140920	0.001056364292
140921	0.0002106354299
140922	4.408290215e-05
140923	0.000627778066
140924	5.66875429e-05
140925	0.001226360607
140926	3.429244904e-05
140927	2.261708732e-05
140928	0
140929	0.002069963979
140930	0.001023854585
140931	0.001335490411
140932	0.003811861972
140933	0.002432056799
140934	0.001657106846
140935	0.0001003694322
140936	0.002638204453
140937	0.001145615587
140938	0.005763352804
140939	0.003883636366
140940	0.0004010607611
140941	0.002180008632
140942	0.001498855455
140943	0.0004537806183
140944	0.0002570101996
140945	0.00128770574
140946	0.002893370118
140947	0.00307162219
140948	0.0001732610786
140949	0.001361283584
140950	0.001231503418
140951	0.002706861688
140952	0.0005215038147
140953	0.001092539517
140954	0.0006719045697
140955	0.000123012566
140956	0.0007412811284
140957	1.102817053e-05
140958	0.004937930897
140959	0.001452214705
140960	0.002137212755
140961	0.004488235408
140962	0.002790388477
140963	0.00226334431
140964	0.002982563861
140965	0.001637670812
140966	0.0006088097244
140967	0.00371797613
140968	0.002914340542
140969	0.003288759316
140970	0.006542805983
140971	0.002044384746
140972	0.0005679619071
140973	0.0009206338797
140974	0.005465282186
140975	4.874921748e-05
140976	0.001031601451
140977	0.001031981356
140978	0.004332263543
140979	0.003724451212
140980	0.001226609644
140981	0.001159271348
140982	0.002025061194
140983	0.0006799372943
140984	0.0005753111443
140985	0.001963555593
140986	0.002638297857
140987	0.0006064985956
140988	0.0006928597874
140989	0.000823627151
140990	0.0007391178149
140991	0.001559381386
140992	0.00118136038
140993	0.002432889186
140994	0.002075834211
140995	0.0005236785584
140996	0.0001476776129
140997	0.001637148359
140998	0.0006255083775
140999	0.00037284516
141000	0.001366125487
141001	0.0006985032852
141002	0.0007562211305
141003	0.00277016333
141004	0.0007757820498
141005	0.0002648419159
141006	0.004966214492
141007	0.0002056868959
141008	0.0008137356851
141009	0.0005489923914
141010	0.001876008794
141011	0.0003093939151
141012	0.001556693062
141013	0.0008345634597
141014	0.0007542342361
141015	0.0006589629579
141016	0.0001807529173
141017	0.001349158268
141018	0.002004000608
141019	0.0005042434266
141020	0.0004907286363
141021	0.001152442215
141022	0.0002155448186
141023	0.0003119783203
141024	0.001395749746
141025	0.0003969207801
141026	0.0009270755511
141027	0.001577807346
141028	0.001771456094
141029	0.001110917326
141030	0.00203047022
141031	0.001219237708
141032	0.002164120493
141033	0.003296697529
141034	0.001243478238
141035	0.002474492702
141036	0.002825741566
141037	0.003067417378
141038	0.002697474219
141039	0.002623536151
141040	0.003520084599
141041	0.003481098112
141042	0.003390282608
141043	0.003408052004
141044	0.003358959148
141045	0.003813146065
141046	0.003256574851
141047	0.003095136921
141048	0.003672048703
141049	0.003669350897
141050	0.003578229662
141051	0.00313532888
141052	0.003519222942
141053	0.002884872566
141054	0.003381162534
141055	0.003460114366
141056	0.002960254134
141057	0.003111624758
141058	0.003300546424
141059	0.003460051561
141060	0.003294764436
141061	0.003247586772
141062	0.003344903225
141063	0.00321343582
141064	0.003233430154
141065	0.002423195435
141066	0.003271300599
141067	0.003027480211
141068	0.003444002031
141069	0.00243224298
141070	0.002597733624
141071	0.002432506816
141072	0.002398242707
141073	0.002266118847
141074	0.002422690355
141075	0.002687435251
141076	0.002861006446
141077	0.001147367085
141078	0.002305406799
141079	0.003288208196
141080	0.002184653673
141081	0.002511338314
141082	0.0002947873533
141083	0.00288798463
141084	0.002313098235
141085	0.002503126081
141086	0.002099814701
141087	0.004968798081
141088	0.002145858326
141089	0.002684695789
141090	0.002482891586
141091	0.003141158384
141092	0.002665370871
141093	0.002566114247
141094	0.002713731881
141095	0.003429443497
141096	0.001088618522
141097	0.002641923814
141098	0.002767588355
141099	0.002346222377
141100	0.002087303906
141101	0.001833606458
141102	0.002106489513
141103	0.00116455568
141104	0.001749199195
141105	0.002133571355
141106	0.002121516481
141107	0.002246231212
141108	0.002466916401
141109	0.000325024368
141110	0.0007391200311
141111	0.0006552693582
141112	0.0005214299539
141113	0.000914849448
141114	0.0002970168878
141115	0.0002890673992
141116	0.0005498807439
141117	0.0003281783942
141118	6.07146461e-05
141119	0.0005450190689
141120	4.10367057e-05
141121	0.0002771738201
141122	0.0005042438421
141123	6.582731383e-05
141124	0.0005023774107
141125	0.0006021730499
141126	0.0004057273244
141127	0.0005638248786
141128	0.000186144963
141129	0.0006722411317
141130	0.001542754893
141131	0.001619552676
141132	0.0006742916734
141133	0.0001317190676
141134	0.002574800656
141135	0.0008819332552
141136	0.0002879197313
141137	0.0009377766256
141138	0.0002331110371
141139	0.0004705569953
141140	0.0002997656812
141141	0.0002859459892
141142	8.598350606e-05
141143	6.435047484e-05
141144	0.0002238446479
141145	0.0004902848283
141146	0.0002569430809
141147	0.0003625852937
141148	0.0006650503426
141149	0.0003531650161
141150	0.0002839005748
141151	0.0003345212172
141152	0.0005661391671
141153	0.0002559772311
141154	0.0004201597627
141155	0.0006851322633
141156	0.0008921781417
141157	0.001037447863
141158	0.0009007673903
141159	0.0006759015635
141160	0.0009577238622
141161	0.001025758246
141162	0.0004791067455
141163	0.0002592493485
141164	0.001736765578
141165	0.001280835128
141166	0.0009950301062
141167	0.0008134923838
141168	0.0003501008146
141169	0.000588867811
141170	0.0004902358825
141171	0.0006234018167
141172	0.0009602723293
141173	0.0007588910859
141174	0.0005966710779
141175	8.979006504e-05
141176	0.0006762714895
141177	0.001273751846
141178	0.0005511448627
141179	0.0005240668172
141180	0.0006548902348
141181	0.0006414847051
141182	0.0009907664859
141183	0.0008722279052
141184	0.000850790286
141185	0.0006779788053
141186	0.0003616033898
141187	0.0003513998643
141188	0.001021574348
141189	0.0001533412504
141190	0.0007180956362
141191	0.001097718115
141192	0.0008783031386
141193	0.0006318443569
141194	0.001704324895
141195	0.0005780338928
141196	0.0008325122255
141197	0.0007865288625
141198	0.001205447611
141199	0.0003426916145
141200	0.0005854432721
141201	0.0009561024206
141202	0.0008933639247
141203	0.0005245132805
141204	0.0006212509617
141205	6.7884092e-05
141206	0.0007642499655
141207	0.000895588885
141208	0.001383855208
141209	0.0009056796274
141210	0.0008534416772
141211	0.0009277580772
141212	0.001850401585
141213	0.00128588161
141214	0.0002649637562
141215	0.001017816878
141216	0.0005885153821
141217	0.001233879381
141218	0.00112978176
141219	0.0001848385062
141220	0.0006090850525
141221	0.00221527637
141222	0.001049372286
141223	0.0007739174483
141224	0.001260406286
141225	0.0009148174427
141226	0.001007073714
141227	0.0008951376369
141228	0.001013455541
141229	0.000788469558
141230	0.001400889317
141231	0.0002171139207
141232	0.001385257622
141233	0.0008969318009
141234	0.0008716380648
141235	0.0007071416086
141236	0.0003891266133
141237	0.0005785660955
141238	0.0004684664912
141239	0.0005774792024
141240	0.0003060666281
141241	0.0005024944761
141242	0.0001415283177
141243	0.000501021062
141244	0.0002147972807
141245	0.001352466845
141246	0.0009546724516
141247	0.0008147066377
141248	0.0007253809546
141249	0.0005834210196
141250	0.001066546662
141251	0.0002422688605
141252	0.0004763507993
141253	0.00084747465
141254	0.005509686104
141255	0.0005285648944
141256	0.001323545617
141257	0.00033050464
141258	0.0001213255219
141259	3.460883436e-06
141260	0.0002645100785
141261	0.0003966996838
141262	0.0006104598232
141263	0.0005502218441
141264	0.0003216910317
141265	0.0006870970272
141266	0.000610751676
141267	0.0006677417901
141268	0.0004310760854
141269	0.001181809163
141270	0.0003910818169
141271	0.0004715618251
141272	0.000123399331
141273	1.433057977e-05
141274	0.0004610936323
141275	0.0009496295863
141276	0.0008689950964
141277	0.0002551054739
141278	0.0003496023742
141279	0.0006035345007
141280	0.001070922154
141281	0.0006211827695
141282	0.0005069496444
141283	0.0007353552002
141284	0.0009358466794
141285	0.0005385702041
141286	0.000756718412
141287	0.0009784917468
141288	0.0007659250495
141289	0.0003473894591
141290	0.000783764654
141291	0.001263615043
141292	1.513411091e-05
141293	0.000768897068
141294	5.581781277e-05
141295	0.0007110098728
141296	0.0009451381588
141297	0.0006722272507
141298	0.0003401791264
141299	0.001122496405
141300	0.001932254654
141301	0.001042362284
141302	0.001494954288
141303	0.0002463996161
141304	0.0004151102949
141305	0.001924393315
141306	0.0002013233138
141307	0.001798030873
141308	0.0015228473
141309	0.0004970185147
141310	7.16464803e-05
141311	0.001065422204
141312	0.0005644829723
141313	0.0003599012187
141314	0.00121538629
141315	0.0005900895121
141316	0.001738217738
141317	0.0004566343729
141318	0.0002089207434
141319	0.0002091420256
141320	0.0003573456759
141321	0.0001719525162
141322	0.0004486458465
141323	0.0001474187067
141324	0.0006124379854
141325	0.001543574893
141326	0.001719878488
141327	0.001996716194
141328	0.0004140254358
141329	0.0005825827081
141330	0.002955022235
141331	0.0004441996657
141332	0.0001125650136
141333	0.002330914929
141334	0.0003325952199
141335	0.0001556668533
141336	0.001364753009
141337	0.0001755216444
141338	0.0003462550268
141339	0.0004230907017
141340	0.0006772435455
141341	0.001443377385
141342	0.0001475280177
141343	0.002758983077
141344	0.0002626623697
141345	0.0004032108831
141346	0.0007375771358
141347	0.0003273327939
141348	0.001455814315
141349	0.0002684853589
141350	5.133755027e-05
141351	0.001509528201
141352	0.000261102163
141353	0.0007279702178
141354	0.0002105250668
141355	0.0002576971675
141356	0.0008555328997
141357	0.001508606815
141358	0.001523944501
141359	0.001929999366
141360	0.002120354481
141361	0.0005961028513
141362	0.0008200472797
141363	0.001280546257
141364	0.0008648392871
141365	0.00126934872
141366	0.001404352475
141367	0.001357769792
141368	0.001583165069
141369	0.001391054467
141370	1.5219444e-05
141371	0.001000944703
141372	0.001304129578
141373	0.001346285859
141374	0.001019800254
141375	0.0005484198417
141376	0.001211906208
141377	0.003073369873
141378	0.001049081113
141379	0.0002793573295
141380	0.001185734411
141381	0.001384436393
141382	0.001468184512
141383	4.887647361e-05
141384	0.001225951384
141385	0.0002209997039
141386	0.001372450522
141387	0.0007278764947
141388	0.0002343724948
141389	0.001122686069
141390	0.00207420876
141391	0.0009213898479
141392	0.0007217169298
141393	0.00071041345
141394	0.001704343773
141395	0.0004645418402
141396	0.0006419516125
141397	0.001136199455
141398	0.0006694814654
141399	0.001154732379
141400	0.001277977836
141401	0.00101996397
141402	0.001133348559
141403	0.0008065909509
141404	0.00179250412
141405	0.001924177929
141406	0.0006865572427
141407	0.0001661552365
141408	0.0001516931485
141409	0.001166078599
141410	0.001073403137
141411	0.001107964478
141412	0.001485592271
141413	0.001001475081
141414	0.0008552983949
141415	0.001014358101
141416	0.0006997960732
141417	0.0009488435221
141418	0.0007412640586
141419	0.001147533639
141420	0.001156283583
141421	0.001575014502
141422	0.00103407174
141423	0.00150989004
141424	0.001496042799
141425	0.0008975042087
141426	0.00155818225
141427	0.001411281722
141428	0.001193645188
141429	0.001297316448
141430	0.001000798043
141431	0.0007080355636
141432	0.0007342338794
141433	0.000420505046
141434	0.0009897950179
141435	0.00221381962
141436	0.001137173287
141437	0.001647847945
141438	0.001765412818
141439	0.001707612538
141440	0.001676503437
141441	0.001080028822
141442	0.001900089217
141443	0.001506540931
141444	0.0009743366306
141445	0.001570709144
141446	0.001261982999
141447	0.001036530568
141448	0.002096739749
141449	0.0001154650217
141450	0.001517523628
141451	0.001531079363
141452	0.001148693765
141453	0.002041296934
141454	0.00175509521
141455	0.001628512841
141456	0.001462287945
141457	0.001412776972
141458	0.001575825018
141459	0.00171866266
141460	0.001674209874
141461	0.001898342911
141462	0.001501898541
141463	0.002579052363
141464	0.002667595038
141465	0.002550623701
141466	0.002430224458
141467	0.00273431306
141468	0.002601106487
141469	0.002527793225
141470	0.002669826072
141471	0.00246333522
141472	0.002561383617
141473	0.002340147484
141474	0.002567069996
141475	0.002716428445
141476	0.002536308369
141477	0.002752814246
141478	0.002753855989
141479	0.002612224694
141480	0.002771559768
141481	0.002798359181
141482	0.00240381235
141483	0.002737195588
141484	0.002663416948
141485	0.002568275706
141486	0.002439592536
141487	0.002441913298
141488	0.002642139988
141489	0.002788851883
141490	0.002669346274
141491	0.002454894573
141492	0.002653135269
141493	0.002696902077
141494	0.002788797919
141495	0.002407418111
141496	0.002714973075
141497	0.00368251781
141498	0.003270985925
141499	0.003391695509
141500	0.003580903233
141501	0.004609904433
141502	0.003357004107
141503	0.003888278367
141504	0.003445779524
141505	0.002496621045
141506	0.003261540004
141507	0.003537813166
141508	0.003393431331
141509	0.003407095504
141510	0.00303707253
141511	0.003445934365
141512	0.004273545078
141513	0.003273135511
141514	0.002804975868
141515	0.003053588968
141516	0.003303169922
141517	0.00330868242
141518	0.001995701593
141519	0.002547137178
141520	0.00174611864
141521	0.001725328676
141522	0.001932263663
141523	0.002127109271
141524	0.002967189649
141525	0.001914398275
141526	0.00195092402
141527	0.001808079542
141528	0.001750976687
141529	0.002094178815
141530	0.002133499868
141531	0.002316240977
141532	0.001910514092
141533	0.002070196648
141534	0.001910407702
141535	0.002207945591
141536	0.00233613744
141537	0.002046473681
141538	0.002195798947
141539	0.002227023438
141540	0.002218667166
141541	0.001932068388
141542	0.00217760881
141543	0.002091696747
141544	0.001977239967
141545	0.001894782179
141546	0.001976241015
141547	0.002227935844
141548	0.002134440577
141549	0.002113198628
141550	0.001529253406
141551	0.001827109448
141552	0.00215568739
141553	0.001960958181
141554	0.001445469376
141555	0.003092436677
141556	0.0001030305736
141557	0.001328676449
141558	0.003331832329
141559	0.0006963957925
141560	0.0005322526569
141561	0.001224895174
141562	0.000170160893
141563	0.0001697782442
141564	0.001187953272
141565	0.002959822162
141566	0.001413218705
141567	0.003015296954
141568	0.001456063537
141569	0.002185213829
141570	0.0005994493765
141571	0.001898395852
141572	0.001285847734
141573	0.001179571811
141574	0.0006661733569
141575	0.002126900578
141576	0.001442553294
141577	0.001892944981
141578	0.0005026123206
141579	0.001122169636
141580	0.002779462623
141581	0.0003552382421
141582	2.07812365e-05
141583	0.00463584434
141584	0.0003721274834
141585	0.000492759453
141586	0.005782184228
141587	0.00316227396
141588	0.000996966134
141589	0.0009928158975
141590	0.0108750176
141591	0.002103206891
141592	0.001530847232
141593	0.005809650138
141594	0.002592042913
141595	0.005980745322
141596	0.004643589932
141597	0.006753928171
141598	0.001754142731
141599	0.004794429114
141600	0.003004590285
141601	0.003407926361
141602	0.001972047148
141603	0.004452506696
141604	0.001221636709
141605	0.0003928448139
141606	0.002394535953
141607	0.001736910578
141608	0.0002367965791
141609	0.004889420347
141610	0.0002578253271
141611	0.0007457690423
141612	0.003083229391
141613	0.00208824246
141614	0.0006167470862
141615	0.002295803329
141616	0.005158488446
141617	0.0007256230591
141618	0.001332006074
141619	0.002366091938
141620	0.0002553597409
141621	0.0005073059972
141622	0.002896734407
141623	0.0008288668573
141624	0.00142996279
141625	0.002803405446
141626	0.0008988188801
141627	0.002358117592
141628	0.002124889028
141629	1.105216622e-08
141630	0.0007442995154
141631	0.004176592774
141632	0.001116142626
141633	0.003712325102
141634	0.00634519496
141635	0.001235452603
141636	0.00466877207
141637	0.001399757284
141638	0.0008243563688
141639	6.256624879e-05
141640	0.0001790059775
141641	0.0005162913464
141642	0.001230260708
141643	0.0002698233338
141644	0.00284109793
141645	0.002598370976
141646	0.0001383073374
141647	0.0008024923247
141648	0.004263791303
141649	0.0008806615069
141650	0.0003432508602
141651	0.001891479656
141652	0.000969807122
141653	0.0009756962741
141654	0.00217569322
141655	0.002733890551
141656	0.001927407984
141657	0.001015058637
141658	0.001757127631
141659	0.0004890186299
141660	0.0009362792805
141661	0.0002324056276
141662	0.003155126776
141663	0.001580228178
141664	6.650062862e-05
141665	0.001415865708
141666	0.001870085749
141667	0.0009821115021
141668	0.001369619796
141669	1.935369683e-06
141670	0.004514767025
141671	0.002268447543
141672	0.001103940106
141673	0.001547748229
141674	0.001992458502
141675	0.001007902481
141676	0.0006090540294
141677	0.0005847399169
141678	0.001051668552
141679	0.002340144018
141680	0.00232384385
141681	0.0003343399651
141682	0.000222698904
141683	0.0005820093228
141684	0.001057631824
141685	0.0006099030457
141686	0.002872514127
141687	0.003609382157
141688	0.001297516111
141689	0.0001611174679
141690	0.000936750207
141691	0.001394906528
141692	0.002183649845
141693	0.001939130733
141694	0.003627939549
141695	0.001093028881
141696	0.0004021962291
141697	0.0007729062421
141698	6.908261008e-05
141699	0.004738122297
141700	0.001946446185
141701	0.0001996524598
141702	0.0003406213992
141703	0.0001336741071
141704	0.001135383776
141705	0.005052565176
141706	0.002009971066
141707	0.0001334131475
141708	0.002563190024
141709	0.00236416634
141710	0.002664713336
141711	0.005031200533
141712	0.001652789062
141713	0.0004231050004
141714	0.003279886681
141715	9.231986042e-05
141716	0.003075942222
141717	0.003639021798
141718	0.001066603731
141719	0.004352163991
141720	0.001035280454
141721	0.0003553749383
141722	0.003861311947
141723	0.002224865694
141724	0.0003766568324
141725	0.002633795274
141726	0.001056085874
141727	0.001066616294
141728	0.001806041138
141729	0.004311697816
141730	0.008197901155
141731	0.001639190641
141732	0.0005913396929
141733	0.008401819261
141734	0.006917586963
141735	0.003250001186
141736	0.003581123646
141737	0.002861439636
141738	0.00207599022
141739	0.003900221799
141740	0.001651448346
141741	8.422558698e-05
141742	0.0005908300223
141743	0.001212182679
141744	0.002089370389
141745	0.0001881609197
141746	0.00243081863
141747	0.004435774155
141748	0.004978824871
141749	0.0007429070588
141750	0.001275155158
141751	0.0004663425325
141752	0.0006621307555
141753	0.0007396710059
141754	0.0008547426093
141755	0.000110189276
141756	0.0002249953315
141757	0.0005231657206
141758	0.001375359086
141759	0.003501556128
141760	0.007005550537
141761	0.0007340256019
141762	0.001538942796
141763	0.001600341139
141764	0.004091457751
141765	0.005192160289
141766	0.003900837281
141767	0.001151222252
141768	0.0008710558858
141769	0.002304948344
141770	0.0009987733473
141771	0.001247157573
141772	0.001177176073
141773	0.002784273992
141774	0.0003379966606
141775	0.0009828047466
141776	0.000132795244
141777	0.0006531120017
141778	0.002461800687
141779	0.0006645201358
141780	0.00163017419
141781	0.00318798861
141782	0.0008185710449
141783	0.002443449214
141784	0.003113910482
141785	0.0007161311403
141786	0.001882753899
141787	0.002979580553
141788	0.001194574742
141789	0.006371338401
141790	0.003070101823
141791	0.002496691228
141792	0.001879942473
141793	0.001090672741
141794	0.004636119139
141795	8.453997371e-05
141796	0.004898497923
141797	0.00125014291
141798	0.000158673551
141799	0.003739822805
141800	0.001549502808
141801	0.001071410657
141802	0.002229000444
141803	0.0004170421019
141804	0.00204456618
141805	0.0008558074453
141806	0.0007550035983
141807	0.0005295431238
141808	2.652255543e-05
141809	0.003437901477
141810	0.00185591023
141811	0.001649693386
141812	0.003003199941
141813	0.0002880515584
141814	0.0002199540194
141815	0.003430551277
141816	0.002941691045
141817	0.001788110916
141818	0.002796167966
141819	0.001152519251
141820	0.002871101934
141821	0.001305417595
141822	0.001151712347
141823	0.004652607332
141824	0.00105783057
141825	0.0004457798854
141826	0.0004780102728
141827	0.001267157615
141828	0.003386957202
141829	0.002876549204
141830	0.002773415172
141831	3.839631737e-05
141832	0.001240962268
141833	0.0050262546
141834	0.001469040535
141835	0.002088184121
141836	0.0006845211103
141837	0.0004896603121
141838	0.0004051682809
141839	0.003619105642
141840	0.00271232384
141841	0.002045688438
141842	0.001242613253
141843	0.0009913160118
141844	4.703639402e-05
141845	0.002726715831
141846	0.0007449005281
141847	0.0001009183798
141848	0.005503990399
141849	0.0008493779857
141850	0.002717342125
141851	0.001565119125
141852	0.00131609993
141853	0.001646854661
141854	0.0004722187852
141855	0.001994827441
141856	0.002272188046
141857	0.0009839522883
141858	0.0001660004089
141859	0.001392477628
141860	0.001290656716
141861	0.0002316599962
141862	0.01040906694
141863	0.0009676207612
141864	0.001479593609
141865	0.0005642536462
141866	0.004043589302
141867	0.000144351198
141868	0.0002626012228
141869	0.001367623363
141870	0.002857156918
141871	0.002822717924
141872	0.0004562033417
141873	0.0006837464513
141874	0.001188826648
141875	0.0002077229691
141876	0.0003110565358
141877	0.001552606767
141878	0.001314928719
141879	3.357320354e-06
141880	0.000592840829
141881	0.001247461244
141882	0.00133456768
141883	0.001836444004
141884	0.001359940793
141885	0.0001294751265
141886	0.001491222018
141887	0.00134075777
141888	0.001996129052
141889	0.001363362158
141890	0.001514338715
141891	0.001267881416
141892	0.004496012775
141893	0.0008065223127
141894	0.003321051169
141895	7.344479316e-05
141896	0.001594713205
141897	0.003432105546
141898	0.0003221776218
141899	0.003264211779
141900	0.001189171782
141901	0.002765037972
141902	0.001223918674
141903	0.0005767249105
141904	0.0009704533264
141905	0.0009401341906
141906	0.003667775467
141907	0.001833413904
141908	2.292351319e-05
141909	0.0005066253072
141910	0.000291814236
141911	0.0007186107395
141912	0.0003001841309
141913	0.002979628575
141914	0
141915	0.001730982313
141916	0.001623688323
141917	0.0001870138299
141918	0.0003648979629
141919	0.001113786194
141920	0.001029578461
141921	0
141922	0.0009090084794
141923	0.003653334408
141924	0.001839413121
141925	0.002082471657
141926	0.004054629691
141927	0.003753703977
141928	0.00140492707
141929	0.003830010004
141930	0.0009154242516
141931	0.004491131375
141932	0.001970196525
141933	0.001043877322
141934	0.001335779361
141935	0.002186382456
141936	0.001844569711
141937	0.003233378738
141938	0.001199890056
141939	0.0006105795013
141940	0.0006265408389
141941	0.002566963062
141942	0.002052188656
141943	0.001199099496
141944	0.00269646987
141945	0.0005634132413
141946	0.004486900653
141947	0.005516095754
141948	0.001486507512
141949	4.963241174e-05
141950	2.991234472e-05
141951	0.002537483675
141952	0.002582545338
141953	0.002377165891
141954	0.0006590188558
141955	0.0008453766469
141956	0.001189778677
141957	7.637241749e-05
141958	0.0009799277241
141959	0.0004253533528
141960	0.001020704342
141961	0.004361554552
141962	0.0009548127406
141963	0.0006504426689
141964	0.003666236165
141965	0.00415719086
141966	0.001654742912
141967	0.0009839742775
141968	0.0017970723
141969	0.001691263859
141970	0.0003703790626
141971	0.003083605797
141972	0.000722681376
141973	0.00232022071
141974	0.0005458977108
141975	0.0002208526209
141976	0.001039946489
141977	0.0006840443962
141978	0.00093946301
141979	0.0009877087459
141980	0.003202929465
141981	0.003361312584
141982	0.002177222384
141983	0.0005181788548
141984	0.001413350098
141985	0.003114500087
141986	0.0003923220685
141987	0.003121140599
141988	0.001595905597
141989	0.002960767772
141990	0.005289644708
141991	0.001272009721
141992	0.0009474174149
141993	0.001969379988
141994	0.002101702017
141995	2.712465977e-05
141996	0.0001591788054
141997	0.002739571348
141998	0.003320700525
141999	0.0008223683335
142000	0.004164235824
142001	0.002740186339
142002	0.003488546689
142003	0.002150612428
142004	0.004750319301
142005	0.003996885197
142006	0.00367860754
142007	0.001633674341
142008	0.001061648325
142009	0.00281114175
142010	3.956885347e-05
142011	0.00292216627
142012	0.003775456168
142013	0.0004024569396
142014	0.001727914111
142015	0.001890748023
142016	0.002765859603
142017	0.002441104965
142018	0.001177735099
142019	0.001035780027
142020	0.0007585295454
142021	0.000814162733
142022	0.001577370906
142023	0.004380774551
142024	0.004401657323
142025	0.0002068467424
142026	0.001268292822
142027	0.002655810695
142028	0.002933913454
142029	0.0003286637525
142030	0.003365057668
142031	0.003720966584
142032	0.0009044696503
142033	0.001321202531
142034	0.004793731225
142035	0.000857804346
142036	0.003038512263
142037	0.001604393643
142038	0.0007249623973
142039	0.001181097197
142040	0.002249736793
142041	0.0001411646745
142042	0.003638126614
142043	0.00383965067
142044	0.0007271012001
142045	0.001577732623
142046	0.006358801218
142047	0.001703961683
142048	0.002024269936
142049	0.00132784398
142050	0.001844880905
142051	0.001604418852
142052	0.000771700783
142053	2.42054132e-05
142054	0.003498825876
142055	0.005082898492
142056	0.0005427144863
142057	0.002916097563
142058	0.0006760962639
142059	0.001490511817
142060	0.002189298401
142061	0.001130085348
142062	0.003832897656
142063	0.002563451838
142064	0.0008035149595
142065	0.002229272193
142066	0.001129308684
142067	0.000308231621
142068	0.004266600611
142069	0.0006210773663
142070	0.003467582728
142071	0.001785543352
142072	0.002829518509
142073	0.002564565474
142074	0.0004607395037
142075	0.002090986708
142076	0.005095600458
142077	0.003831451669
142078	0.003879081121
142079	0.005367824216
142080	0.004414492309
142081	0.007205358428
142082	0.002480121999
142083	0.0001071313565
142084	0.002391220262
142085	0.001783453963
142086	0.0001360096145
142087	2.900802976e-05
142088	0.004856990652
142089	0.00136008636
142090	0.0006552970525
142091	0.001467774446
142092	0.0002508860666
142093	0.0006136210289
142094	0.0009373814471
142095	0.0005355758333
142096	0.0008094489817
142097	0.002623100439
142098	0.001856730691
142099	0.001109245753
142100	0.001393896512
142101	0.0002142880358
142102	0.000183441682
142103	0.0008088407125
142104	0.001840011414
142105	0.0006834421101
142106	0.0003753367
142107	0.007930126122
142108	0.0003253834331
142109	0.002695971716
142110	0.001041684807
142111	0.001665956065
142112	0.003383000111
142113	0.002664331953
142114	0.001229050415
142115	0.003812959122
142116	0.001177451951
142117	0.002641457899
142118	0.001532399256
142119	0.001841684792
142120	0.0006403372129
142121	0.001031945779
142122	0.000637135138
142123	0.001148432851
142124	0.003211965744
142125	0.0002960025283
142126	0.0008160901141
142127	0.001512727145
142128	0.003476302829
142129	0.003996709103
142130	0.002378068385
142131	0.0001388066375
142132	0.0008324447184
142133	0.001306053243
142134	0.001135665971
142135	0.001365329719
142136	0.0005674369274
142137	0.0005627884857
142138	0.0009899887058
142139	0.001460122511
142140	0.0011718302
142141	0.001214411703
142142	0.0005717259582
142143	0.0002877730521
142144	0.004676726967
142145	0.00136184813
142146	0.001440361246
142147	0.004295387183
142148	0.004124123372
142149	0.006157909675
142150	0.000238260225
142151	2.788056069e-05
142152	0.0001799368007
142153	0.0002927616573
142154	8.047542845e-06
142155	0.000240540769
142156	3.967613002e-05
142157	5.829144199e-05
142158	0.0005373713609
142159	0.0001176312473
142160	6.908401867e-05
142161	0.0008835032749
142162	0.000661936392
142163	0.0005356766859
142164	0.0001784456629
142165	0.001099163494
142166	0.0001782439569
142167	0.000264393692
142168	0.0005519349447
142169	0.0001647210505
142170	0.0001423243282
142171	0.0002123749591
142172	0.0004139482502
142173	9.064041677e-05
142174	0.001286416472
142175	0.002748347401
142176	0.0001500348324
142177	0.0008855683278
142178	0.002998103132
142179	0.0003045811358
142180	0.0004654884688
142181	0.001395514948
142182	0.0001839769247
142183	0.0009573371675
142184	0.003568808813
142185	0.006695673991
142186	0.004591229327
142187	0.0001055379797
142188	0.0002997153301
142189	0.0009620550902
142190	0.0003044642165
142191	0.0005922588533
142192	0.000927479546
142193	0.0005179707454
142194	0.001068428037
142195	0.0005541618053
142196	5.323040679e-05
142197	0.005213123381
142198	0.001212338297
142199	0.001360655442
142200	0.002842861074
142201	0.001358561828
142202	0.003471701157
142203	0.001498015503
142204	0.0007975641513
142205	0.00123421821
142206	0.002719151395
142207	0.0002606797948
142208	0.001339980667
142209	0.001897320184
142210	0.002171007506
142211	0.001829383362
142212	0.001580543702
142213	0.003691800236
142214	0.003356137651
142215	0.001207659012
142216	0.002626997756
142217	0.0009316007122
142218	0.00169264913
142219	0.005855304642
142220	0.002525761636
142221	0.0001483744738
142222	0.002786427278
142223	0.003521528016
142224	0.005024979654
142225	0.0005720408957
142226	0.003490506844
142227	0.001780611508
142228	0.001670244868
142229	0.0006664592372
142230	0.002001314391
142231	0.003282758093
142232	0.002283905006
142233	0.004869357784
142234	0.004055949624
142235	0.002105950619
142236	0.003959580339
142237	0.00306565425
142238	0.0005291871147
142239	7.152808629e-05
142240	9.357272468e-05
142241	0.001430755555
142242	0.005052725455
142243	0.002808767438
142244	0.002299359374
142245	0.001540098513
142246	0.00422680665
142247	0.001387130623
142248	0.0007615378032
142249	0.0008979212287
142250	0.001239489517
142251	0.0001211279268
142252	0.001343612924
142253	0.001922465845
142254	0.0004245057975
142255	0.0002382821755
142256	0.0003464143473
142257	0.0005758989343
142258	0.003025456913
142259	0.0003334861588
142260	1.768973928e-05
142261	0.000370978147
142262	0.0002685450333
142263	0.0002718149919
142264	1.238873906e-05
142265	2.175457941e-05
142266	0.0003884277992
142267	0.0005835394663
142268	0.001755919964
142269	0.00462913908
142270	0.00371128847
142271	0.0006844666825
142272	0.0002477483799
142273	0.0007064549922
142274	0.0006763707888
142275	0.002168045404
142276	0.0004147401547
142277	0.001540471055
142278	0.0009267525029
142279	0.0006977053373
142280	0.0001887664749
142281	0.0006129802773
142282	0.005861076339
142283	0.003012565816
142284	0.0001064384312
142285	2.520049029e-05
142286	0.0004742710968
142287	0.0003289687084
142288	0.0004112151191
142289	0.0001679352854
142290	0.0005483549088
142291	0.000203964368
142292	1.432688214e-08
142293	0.004831454214
142294	0.004206900416
142295	0.0006180616019
142296	0.0007978268167
142297	0.0004282789254
142298	0.000220117262
142299	6.997756045e-09
142300	0.0009300423569
142301	0.001124714542
142302	0.000391681158
142303	0.0007856345659
142304	9.59687848e-05
142305	0.001325848945
142306	0.002409913733
142307	0.000563604113
142308	0.0002397191109
142309	0.001016007372
142310	0.001273878273
142311	0.0009401789857
142312	0.0007155048432
142313	0.0006909373842
142314	3.910166951e-05
142315	0.0009601625144
142316	0.0001485524375
142317	0.001272726228
142318	2.037901404e-05
142319	0.001272017024
142320	0.002112651943
142321	0.0009524597582
142322	0.0007311837083
142323	0.0002753064248
142324	0.0003578895466
142325	0.0002121903943
142326	0.003384186281
142327	0.003454162055
142328	0.0002385326485
142329	0.0005030942044
142330	0.0006057148757
142331	0.0002461253662
142332	0.001623268907
142333	0.001667758608
142334	0.001716894839
142335	0.002442366707
142336	0.0007130880831
142337	0.0005140853136
142338	0.000561039976
142339	0.0006090299623
142340	0.0009730778684
142341	0.003201866278
142342	0.00101809464
142343	0.0005418098058
142344	0.001017723995
142345	1.51109654e-05
142346	0.0005350106292
142347	0.0001376913043
142348	0.0001093521971
142349	0.0001188837455
142350	7.787905244e-05
142351	0.000254639474
142352	0.0005039759025
142353	0.0003273044353
142354	0.0006312067672
142355	0.00234841211
142356	0.001390080266
142357	0.002405518134
142358	0.0003927146476
142359	0.000390678401
142360	0.0002118426421
142361	0.0005309248178
142362	0.0004206871106
142363	0.0013830341
142364	0.0008381337209
142365	0.005309517749
142366	0.0003608618851
142367	0.006533387646
142368	0.003266904786
142369	0.001988172479
142370	0.00128606367
142371	0.001983853671
142372	0.001211950762
142373	0.0008714249006
142374	0.0005205247484
142375	0.002145693263
142376	0.001421422248
142377	0.0003226314897
142378	0.001380002006
142379	0.0008838892182
142380	0.002538365059
142381	0.003561057936
142382	0.001785169447
142383	0.004101141554
142384	0.001334053102
142385	0.0002203905847
142386	0.001717061204
142387	0.0005585141418
142388	0.0002648533187
142389	0.001748907564
142390	0.002661313827
142391	0.0001138463761
142392	0.0002373059699
142393	0.0001202970386
142394	0.0005852273462
142395	0.0002172401738
142396	0.0002226388002
142397	0.000349713896
142398	0.003077739686
142399	0.0006173916593
142400	0.001399069517
142401	0.0003887823628
142402	0.0002193529111
142403	0.0008867095471
142404	0.0004478711341
142405	0.00113704984
142406	0.00282363176
142407	0.00110578662
142408	0.0005394888121
142409	0.0001010553907
142410	0.0007022562284
142411	0.0002532139109
142412	0.0004780171646
142413	0.0004491804384
142414	0.0002056952615
142415	0.0003259290314
142416	0.0004558242808
142417	0.0001591432914
142418	0.0002114926798
142419	0.0006366343058
142420	0.0003242777398
142421	0.0006455067933
142422	0.000612897124
142423	0.0004526580172
142424	0.0004492474423
142425	0.0003757866233
142426	7.467323222e-05
142427	0.0009613453162
142428	0.0007590272663
142429	0.001746207582
142430	0.003125373223
142431	0.0004940201047
142432	0.001334977089
142433	0.002918141454
142434	0.001197024597
142435	0.001593256571
142436	0.0007108643855
142437	0.002953906889
142438	0.002029760389
142439	0.001281469846
142440	0.0007236572863
142441	0.000864729231
142442	0.0003401109304
142443	0.001271706701
142444	0.0002633234576
142445	0.001075774313
142446	0.00257612406
142447	0.0004420846306
142448	0.001055701756
142449	0.00049711485
142450	0.0003167763001
142451	0.0001051707852
142452	0.001008250881
142453	0.0009345375152
142454	0.0005960743069
142455	0.0002337879158
142456	0.001270309037
142457	0.005368735928
142458	0.005735189331
142459	0.002099923189
142460	0.0006392996409
142461	0.003435738837
142462	0.003328151498
142463	0.004060031265
142464	0.003761478922
142465	0.004293516671
142466	0.004543562639
142467	0.004344369666
142468	0.003906587071
142469	0.004966366258
142470	0.00433267415
142471	0.00270401944
142472	0.004600668465
142473	0.003506644021
142474	0.004542864283
142475	0.002657867742
142476	0.002452198875
142477	0.002372205294
142478	0.002225810437
142479	0.002258573756
142480	0.0003618255382
142481	0.001174508436
142482	0.002019838955
142483	0.0006479955744
142484	0.0003445932026
142485	2.37284759e-05
142486	0.0004235708922
142487	0.0003954376298
142488	0.0003801756429
142489	0.0002100463858
142490	0.0006804424444
142491	0.0004815669795
142492	0.0006694020644
142493	0.0006322178684
142494	0.000429109367
142495	0.0005966763061
142496	0.0004537430739
142497	0.0007591369594
142498	0.001334188368
142499	0.001803781901
142500	0.001073967602
142501	0.003174739941
142502	0.0001486501908
142503	0.0005086556445
142504	0.0006902022318
142505	6.936042912e-05
142506	5.14653819e-05
142507	2.514874029e-05
142508	0.0003137511239
142509	0.003284706947
142510	0.002252271636
142511	0.005402664042
142512	0.001120161942
142513	0.0001833095542
142514	0.002206016296
142515	0.003254624015
142516	0.001778656665
142517	0.003031987942
142518	0.001637942438
142519	0.003023064368
142520	0.0002738445689
142521	0.001588862712
142522	0.001788491883
142523	0.005482121662
142524	0.002714876275
142525	8.662343708e-05
142526	0.004837062178
142527	0.001799253634
142528	0.0002266269689
142529	0.0007315946643
142530	0.0003469472056
142531	0.002175658936
142532	0.002693018483
142533	0.0006893630103
142534	0.002578078902
142535	0.001812888653
142536	0.000455622656
142537	0.0003118048833
142538	0.001062317323
142539	0.0002815818184
142540	0.0005792408709
142541	0.0007354902047
142542	0.0001930832703
142543	0.001422637776
142544	1.84496005e-05
142545	0.0001500744729
142546	0.0008065770224
142547	0.0001309159648
142548	0.0001146865722
142549	2.839376569e-05
142550	0.000334440852
142551	0.0001664828372
142552	5.572119868e-05
142553	0.0005876874468
142554	2.14493142e-05
142555	0.0002645155189
142556	0.00086948156
142557	0.0001136817949
142558	0.0003198099682
142559	0.0005546757898
142560	0.0005582605108
142561	0.0006045122057
142562	9.074248362e-05
142563	0.0001108998565
142564	0.0005515669213
142565	0.0005737253475
142566	0.0001133688183
142567	0.0007705192485
142568	0.0004474443572
142569	0.003614566933
142570	0.0003321169381
142571	0.003519438411
142572	0.001964956864
142573	0.001081991939
142574	0.003957705758
142575	0.000203080265
142576	0.004323722759
142577	0.0008547132372
142578	0.0007729798075
142579	0.00328378274
142580	0.002816472144
142581	0.001117226761
142582	0.0008738527839
142583	0.002011170922
142584	0.00201482197
142585	0.0003873897247
142586	0.0005326170326
142587	0.0001154998574
142588	0.0004534614979
142589	0.000615254579
142590	0.0006878908878
142591	0.0002320418767
142592	3.074500264e-06
142593	0.0001319785662
142594	0.000254704824
142595	0.0004284488716
142596	0.000223274359
142597	0.0006406702117
142598	0.0003289891654
142599	1.791413271e-05
142600	0.0004808150099
142601	9.187368534e-06
142602	5.903207809e-05
142603	0.0009269355253
142604	0.0002869347741
142605	0.0005454704334
142606	0.0006392058867
142607	0.0003889520121
142608	9.191778878e-05
142609	0.0001601116135
142610	5.752423548e-05
142611	0.0004231987303
142612	0.0004920955943
142613	0.0006178451599
142614	0.0005297533231
142615	6.899657908e-05
142616	0.0002610278017
142617	0.0001098655602
142618	0.0007473717328
142619	0.0003689554145
142620	0.0005815095694
142621	0.0002219167604
142622	0.0003933722345
142623	0.002108762278
142624	0.0006296499811
142625	0.004986058959
142626	0.002049396316
142627	0.001619584482
142628	0.002252688842
142629	0.0007400480479
142630	0.003475837197
142631	0.004321642998
142632	0.002556398704
142633	0.0004365226123
142634	0.001092781743
142635	0.004339755422
142636	0.0005572177047
142637	0.004454046728
142638	0.00570094481
142639	0.003069242873
142640	0.004191726848
142641	0.005427469814
142642	0.002655274707
142643	0.001578183613
142644	0.002049855006
142645	0.0004839887823
142646	0.0003348007548
142647	0.001161792061
142648	0.001616959937
142649	0.004058291202
142650	0.0001078110926
142651	0.002814152183
142652	0.0004230804973
142653	0.0001099358054
142654	0.002220652036
142655	0.000538761084
142656	0.004729661058
142657	0.002954127538
142658	0.0002652629102
142659	0.002082147245
142660	0.002159271715
142661	0.001521836972
142662	0.0004450437718
142663	0.004098728086
142664	0.0005257056188
142665	0.001721724592
142666	0.0004039668423
142667	0.000697737011
142668	0.003687423387
142669	0.001204759875
142670	0.002650497398
142671	0.001222269787
142672	0.002694309218
142673	0.002603525472
142674	0.002720466619
142675	0.003996484028
142676	0.002631930831
142677	0.003355532538
142678	0.001954479438
142679	0.0009809043659
142680	0.007450400858
142681	0.005351637111
142682	0.003209845031
142683	0.0003223813628
142684	0.0007270422459
142685	0.003844060586
142686	0.001400677186
142687	0.004449539541
142688	0.001430641831
142689	0.005947136187
142690	0.002469061343
142691	0.002679439007
142692	0.000438921943
142693	0.003648899338
142694	0.0007879219062
142695	0.002310973648
142696	0.0006126381396
142697	0.0001650106577
142698	0.006651225855
142699	0.001195527078
142700	0.001640212531
142701	0.001789646416
142702	0.003501644737
142703	0.005072468722
142704	0.001683847924
142705	0.004118141222
142706	0.003191107503
142707	0.001547141407
142708	0.002220674584
142709	0.00290574323
142710	0.001551872996
142711	0.00263736936
142712	0.001412431066
142713	0.0008480532369
142714	0.000295479959
142715	0.00194924524
142716	0.001577702641
142717	0.001208031375
142718	0.004127377425
142719	0.003055981691
142720	0.004778684897
142721	0.001124736624
142722	0.008721399352
142723	0.001139589641
142724	0.0006211229613
142725	0.006398357964
142726	0.001105886801
142727	0.0006732537701
142728	0.001812099083
142729	0.004731650377
142730	0.002358530674
142731	0.002281925202
142732	0.001333861624
142733	0.001233901989
142734	0.003049288798
142735	0.0009731879153
142736	0.001241098789
142737	0.001184408155
142738	0.000737429716
142739	0.001140482565
142740	0.002075348212
142741	0.002834516446
142742	0.00312690003
142743	0.001951820686
142744	0.001091049062
142745	6.741418175e-05
142746	0.0022569987
142747	0.001638838888
142748	0.001392269806
142749	0.003072304861
142750	0.00311911594
142751	0.0008478382684
142752	0.001886905549
142753	0.0007922002256
142754	0.001999063868
142755	0.002261666996
142756	0.0004559108208
142757	0.0006889477566
142758	0.001768747523
142759	0.001051072425
142760	0.002722914451
142761	0.001531736877
142762	0.001509606375
142763	0.002696322551
142764	0.002693557306
142765	0.0001264216301
142766	0.000540723052
142767	0.003660236998
142768	0.00539629375
142769	0.004587834634
142770	0.001286327091
142771	0.001122592695
142772	0.004277169376
142773	0.000272987704
142774	0.003772453841
142775	0.002644660292
142776	0.002886739228
142777	0.004557804807
142778	0.002087290482
142779	0.002401316962
142780	0.002555290371
142781	0.002402934537
142782	0.001518769193
142783	0.0005112733754
142784	0.00403435865
142785	0.002427096065
142786	0.002347298994
142787	0.002666503968
142788	0.002729528202
142789	0.001053139172
142790	0.0008289654498
142791	0.002354694646
142792	0.001702281608
142793	0.002842517155
142794	0.0002961175119
142795	0.001047669552
142796	0.00160092485
142797	0.0007131715717
142798	0.001622071926
142799	0.0007495014878
142800	0.00350436557
142801	0.002546662832
142802	0.004746155229
142803	0.001693582521
142804	0.0001230912954
142805	0.002856258421
142806	0.0001281099906
142807	0.002696225633
142808	0.00254783647
142809	0.00440949635
142810	0.001892279102
142811	0.004144126982
142812	0.001191568897
142813	0.001987756545
142814	0.001500076884
142815	0.0005472858869
142816	0.00197739852
142817	0.004979883027
142818	0.004159255989
142819	0.003812916852
142820	0.00317384508
142821	0.001309768174
142822	0.004750027916
142823	0.00657448681
142824	0.004288561072
142825	0.004097416488
142826	0.0004065330757
142827	0.002583230948
142828	0.0003582788265
142829	0.001393931923
142830	0.0006641405578
142831	0.0008317465733
142832	0.004683018135
142833	0.0003329608474
142834	0.001683002618
142835	0.001687855169
142836	0.003167855253
142837	0.0001735926044
142838	0.004545201164
142839	0.0005123431088
142840	0.0007138955178
142841	0.004263983671
142842	0.002820370919
142843	0.002019297459
142844	0.0007831696632
142845	0.001720942518
142846	0.002432901389
142847	0.001850990875
142848	0.0004374106487
142849	0.0008811637741
142850	0.003751423685
142851	0.0004435686833
142852	0.001496877179
142853	0.002121551618
142854	0.002139848871
142855	0.003798294932
142856	0.003574157641
142857	0.0004078626873
142858	0.0001103650468
142859	0.0007659715452
142860	0.002007973202
142861	0.003505761743
142862	0.005227474298
142863	0.0009786787763
142864	0.001126004576
142865	0.00172849142
142866	0.001181704721
142867	0.004698073965
142868	0.001428112357
142869	0.001883395437
142870	0.001402101096
142871	0.001649099477
142872	0.0007165261247
142873	0.002189703675
142874	0.001809604004
142875	0.001893265786
142876	0.000840934878
142877	0.005118648173
142878	0.0006499786428
142879	0.0008485898047
142880	0.004091330293
142881	0.002410765312
142882	0.003012398804
142883	0.001503348433
142884	0.0007117889855
142885	0.004690191456
142886	0.0006384020244
142887	0.001533114736
142888	0.003037367937
142889	0.006987289958
142890	0.005098148831
142891	0.0004879035685
142892	0.004427570253
142893	0.00322345631
142894	0.002575616894
142895	0.001835662761
142896	0.003722976513
142897	0.0001605881567
142898	0.001581694582
142899	0.001059534115
142900	0.002349969158
142901	0.001729221172
142902	0.00131797517
142903	0.004976004149
142904	0.001855090009
142905	0.003061343246
142906	0.003736154124
142907	0.006799141806
142908	0.0004259944749
142909	0.001433086837
142910	0.00180491921
142911	0.002527079597
142912	0.002643888995
142913	0.001445173268
142914	0.003731411847
142915	0.002745999023
142916	9.701009448e-05
142917	0.002389590186
142918	0.007199981596
142919	0.003549028161
142920	0.0005559608106
142921	0.00512985563
142922	0.001606132206
142923	0.002708307621
142924	0.001589911124
142925	0.003897253825
142926	0.003926911728
142927	0.001233624843
142928	0.000570340061
142929	7.744138145e-05
142930	0.0002077280684
142931	0.0002257258734
142932	0.0007444912182
142933	0.003984694233
142934	0.0003060535704
142935	0.0009999513559
142936	0.001504650173
142937	0.0002726777494
142938	0.0008044532134
142939	0.001013149553
142940	0.0006303032221
142941	0.005899131412
142942	0.002349163886
142943	0.001621464513
142944	0.003651037563
142945	0.001870007521
142946	0.001067196662
142947	0.001532781394
142948	0.002924663292
142949	0.004806473358
142950	0.003841031195
142951	0.0001895951448
142952	0.0009035842422
142953	0.0001028504886
142954	0.002543854914
142955	0.002130033646
142956	0.003665968009
142957	0.0005394652337
142958	0.0005785054933
142959	0.003732101718
142960	0.001143439802
142961	0.00430905769
142962	0.00190313313
142963	0.002985250346
142964	0.001099414121
142965	0.004189672238
142966	0.001779507936
142967	0.00172813459
142968	0.0005116486242
142969	0.0009600681725
142970	0.00131679298
142971	0.0009671482306
142972	0.001001995712
142973	0.002005047783
142974	0.001907906979
142975	0.002297785347
142976	0.003204135919
142977	0.001348869235
142978	4.747307975e-05
142979	0.0004948105058
142980	0.005510082067
142981	0.002987231931
142982	0.001408565099
142983	0.0002067111639
142984	0.001131636685
142985	0.001309301057
142986	0.001779513881
142987	0.0008207809955
142988	0.003794953512
142989	0.001846574415
142990	0.001430244249
142991	0.00255804343
142992	0.003142454169
142993	0.003345091443
142994	0.0001020415296
142995	0.000141057846
142996	0.001892662343
142997	0.001378360237
142998	0.002599976152
142999	0.0003975839865
143000	0.001525433481
143001	0.00224018051
143002	0.0004871123013
143003	0.001221293043
143004	0.001238923966
143005	0.002076584214
143006	0.0005735865782
143007	0.001966383936
143008	0.0001133560821
143009	0.001639530277
143010	0.00126104261
143011	0.001358952816
143012	0.001906168826
143013	0.001057211656
143014	0.002778615829
143015	0.002215933608
143016	0.002234539311
143017	0.00110961356
143018	0.001385774719
143019	0.0001261739345
143020	0.002605780575
143021	0.001534290644
143022	0.001389468383
143023	0.001818651789
143024	0.001408601724
143025	0.001313919609
143026	0.0005451300215
143027	0.001899674525
143028	0.001904770693
143029	0.0019138187
143030	0.001139473274
143031	0.001429592022
143032	0.000257550741
143033	0.0009409486787
143034	0.0009940767418
143035	0.0006549428709
143036	0.002272240383
143037	0.001528243579
143038	0.001255657107
143039	0.001521295556
143040	0.0005396142563
143041	0.001916221707
143042	0.002003887936
143043	0.0004657075138
143044	0.00112114916
143045	0.001371481894
143046	0.001071904577
143047	0.002935995612
143048	0.0008595488492
143049	0.0008042220342
143050	0.006380886371
143051	0.001502597393
143052	0.0001868520286
143053	0.001716037653
143054	0.002068595985
143055	0.0003159361111
143056	0.001627099436
143057	0.00198711394
143058	0.001737836723
143059	0.0001254084466
143060	0.0004131387984
143061	0.002514323462
143062	6.146046542e-05
143063	0.001531287802
143064	0.005162392087
143065	0.002205771317
143066	0.001698665708
143067	0.002164059084
143068	0.004093215516
143069	0.004589828556
143070	0.002053838297
143071	0.002170128869
143072	1.044353091e-05
143073	0.0004465331106
143074	0.003958130148
143075	0.006163396832
143076	0.0008580169931
143077	0.001226872502
143078	0.0002421562778
143079	0.00143872356
143080	0.001585848636
143081	0.0006987062122
143082	0.001166775737
143083	0.0005673092875
143084	0.000770602178
143085	0.0007677404458
143086	0.0003090559838
143087	0.0005224025396
143088	0.001618366552
143089	0.0001447399364
143090	0.0002334107415
143091	0.001035729036
143092	0.0006610609751
143093	0.001347411979
143094	0.0006298198723
143095	0.001022423952
143096	0.002392563497
143097	0.001740368409
143098	0.002086290742
143099	0.002072237515
143100	0.0001852524543
143101	0.001171160843
143102	2.189658533e-05
143103	0.001301293439
143104	0.001122680274
143105	0.003868692451
143106	0.002687853066
143107	0.0005009253698
143108	0.001346802097
143109	0.0004100557474
143110	0.0008100989698
143111	0.003235402697
143112	0.001215254861
143113	4.180567143e-05
143114	0.0003938271946
143115	0.0007696441189
143116	0.002466588688
143117	0.0003232036432
143118	0.0003517556157
143119	0.0008823821092
143120	0.001200074951
143121	0.0001894021549
143122	0.0002914660858
143123	0.0009221285365
143124	0.001342771672
143125	0.00147996475
143126	0.002177538263
143127	0.0003630775527
143128	0.000332864136
143129	0.004594274142
143130	0.001730660135
143131	0.002694585827
143132	0.0004519028161
143133	0.004081488682
143134	0.002082235706
143135	0.0002159677808
143136	0.000332981761
143137	0.001722863013
143138	0.004922683533
143139	0.003746511941
143140	0.001110178223
143141	0.0002358429342
143142	0.0004226124162
143143	0.001488673039
143144	0.001051193418
143145	0.0008467133582
143146	0.0003691081
143147	0.0007792305604
143148	0.001817976533
143149	4.228028649e-05
143150	0.001815235796
143151	0.0007400850399
143152	0.001918637307
143153	0.001391330437
143154	0.00437312225
143155	0.00104313129
143156	0.001901864515
143157	0.001120814738
143158	0.001412687559
143159	0.0007723372246
143160	0.0006843474507
143161	0.001380726551
143162	0.004366755672
143163	0.0003508022337
143164	0.0003535781673
143165	0.002556266705
143166	0.0004926319835
143167	0.002380723167
143168	0.002711942623
143169	0.0003165673065
143170	0.0008940497787
143171	0.001023237949
143172	0.001891792712
143173	0.002537581608
143174	0.0004843030089
143175	0.002025467218
143176	0.0004968464468
143177	0.0005902908693
143178	7.19614299e-05
143179	0.003132471378
143180	0.0004743879786
143181	0.0002524656466
143182	0.001172175666
143183	0.001278077536
143184	0.0001235602452
143185	0.0001459149028
143186	0.001280228334
143187	0.0001793404614
143188	0.000575329209
143189	0.001099715541
143190	0.0002584475578
143191	0.0009420179671
143192	0.0003880653915
143193	7.562657559e-05
143194	0.0005255430949
143195	0.002166063477
143196	0.0009740302788
143197	0.0008269649914
143198	0.002236094669
143199	0.001957491083
143200	0.002407591377
143201	0.0004241797156
143202	0.0001724972178
143203	0.0004555832873
143204	0.00116200388
143205	0.0007148468277
143206	0.002083142773
143207	0.001825868667
143208	0.001568402856
143209	0.0002765831302
143210	0.0001042687621
143211	0.002032510081
143212	0.00196985124
143213	0.0002675783321
143214	0.0002611147425
143215	5.544118307e-05
143216	0.001265512668
143217	0.001789144419
143218	0.0009823348825
143219	0.001635218904
143220	0.002285879043
143221	3.10944849e-05
143222	0.002936423739
143223	0.0009057617999
143224	0.004110601986
143225	0.005031047429
143226	0.001034645012
143227	0.0001883136445
143228	0.002165707672
143229	0.002486490953
143230	0.0007706611492
143231	0.001358193627
143232	0.000669239511
143233	0.003051655304
143234	0.001781042669
143235	0.003037509211
143236	0.0008725885391
143237	0.002406910764
143238	0.003142030814
143239	0.009319853863
143240	0.0005574398769
143241	0.0006600857389
143242	0.002807445405
143243	0.001815661991
143244	0.000477118035
143245	0.002986179689
143246	0.0008461838742
143247	0.0001687667715
143248	0.00171571526
143249	0.002115422747
143250	0.001748413007
143251	0.001285834735
143252	0.001682484126
143253	0.002374910184
143254	0.002015952697
143255	0.0002160160729
143256	0.0009497535964
143257	0.004134348027
143258	0.0001865529961
143259	0.0007995488409
143260	0.001688195136
143261	0.0004088990136
143262	0.001027455978
143263	0.0005044154597
143264	0.0004721626136
143265	0.003946447034
143266	0.003731374443
143267	0.002348633174
143268	0.001305790175
143269	0.0002254282803
143270	0.000373250332
143271	0.0004603107565
143272	0.003243119759
143273	0.00206275586
143274	0.0006955214297
143275	0.002139340802
143276	0.0005739273932
143277	0.003403648748
143278	7.892652797e-05
143279	0.001027706203
143280	0.0004844856868
143281	0.0003025753633
143282	0.001467533237
143283	0.003727727215
143284	2.356719336e-05
143285	0.001238134643
143286	9.182742062e-05
143287	0.002346616826
143288	0.0001216676511
143289	0.001553851286
143290	0.0007225332452
143291	0.001671296838
143292	0.0004096957413
143293	0.0006797825754
143294	0.001238423936
143295	7.918452651e-05
143296	0.0005087733901
143297	0.00185087789
143298	0.001442623514
143299	0.002724513734
143300	0.0002491204457
143301	0.001954963178
143302	0.00095012324
143303	0.002826382596
143304	0.007238466446
143305	0.001386291738
143306	0.0009105581559
143307	0.000632116561
143308	0.002596209091
143309	0.00301486966
143310	0.000564143316
143311	0.001779840547
143312	0.00123729353
143313	0.001015275521
143314	0.00155040013
143315	0.001133832253
143316	0.002736442152
143317	0.00193201087
143318	0.000614773979
143319	0.0001324669464
143320	0.001434914101
143321	0.001067303334
143322	0.004182753259
143323	0.001505190292
143324	0.000115254721
143325	0.003638720915
143326	0.008230034887
143327	0.002137732507
143328	0.0001717714083
143329	0.00352405192
143330	0.001656110641
143331	0.000939596199
143332	0.003114918927
143333	0.001627258314
143334	5.218054826e-06
143335	0.001588670979
143336	0.0009801559698
143337	0.002701922944
143338	0.001148322261
143339	0.0002937469347
143340	0.0001875461748
143341	7.862399065e-06
143342	0.0001146538947
143343	0.0003771336122
143344	0.001020362142
143345	0.0004631305566
143346	0.0009619296684
143347	0.0006116609687
143348	0.0001537788293
143349	0.007133079762
143350	0.002465904723
143351	0.002231975973
143352	0.0008554283381
143353	0.001977220236
143354	0.002217879405
143355	0.001253004812
143356	0.001965230114
143357	0.0002950853532
143358	0.001200086905
143359	0.001208443842
143360	0.00338681084
143361	0.00116373716
143362	0.003125837541
143363	0.00264816732
143364	0.001434438371
143365	0.001708012199
143366	0.001183423632
143367	0.001299968235
143368	0.001303986004
143369	0.0005582302265
143370	0.002466063952
143371	0.001238286502
143372	0.000279820022
143373	0.001636385544
143374	0.0007963162229
143375	8.736035412e-06
143376	0.0001698030153
143377	0.002606539708
143378	0.002193506771
143379	0.001869344036
143380	0.0004517943419
143381	0.004042799038
143382	0.001334757854
143383	0.0001944021445
143384	0.0002517083342
143385	0.0009059910607
143386	0.000916969194
143387	0.0004115760532
143388	0.0007801261862
143389	3.557496625e-05
143390	0.001949297298
143391	0.0005689744939
143392	0.0001862761006
143393	0.001218577645
143394	0.0002564007843
143395	0.0006894635642
143396	0.0004020656826
143397	0.0008271377461
143398	0.0005006974415
143399	0.001804518785
143400	0.0001214871419
143401	0.001549030874
143402	0.00440745418
143403	0.004209002042
143404	0.0002160056277
143405	0.004554771203
143406	0.001415917947
143407	0.0008962074555
143408	0.001240160495
143409	0.001206272196
143410	0.001988177781
143411	0.0001006333653
143412	0.001302924678
143413	0.002940454505
143414	0.000594911458
143415	0.001216862883
143416	0.000886701557
143417	0.0002225139236
143418	0.007430192726
143419	0.00765298279
143420	0.0004399767387
143421	0.001470156769
143422	0.002589663267
143423	0.00180819157
143424	0.0002535860083
143425	0.005676576864
143426	0.0005555678024
143427	0.0005561116315
143428	0.002433193416
143429	0.001934607854
143430	0.001573903914
143431	0.00234373447
143432	0.0004804459689
143433	0.0003009831858
143434	0.004797073356
143435	0.001525122399
143436	5.140921996e-05
143437	0.0001895383073
143438	0.003932057003
143439	0.006223386967
143440	0.003143358428
143441	0.002898577652
143442	0.001479465565
143443	0.004058072306
143444	0.0005212312141
143445	0.0006974862136
143446	0.0006668620718
143447	0.001651687288
143448	0.001170840636
143449	0.003134016303
143450	0.003040122058
143451	7.351822349e-05
143452	0.0003513494348
143453	0.0007201471362
143454	0.001632146573
143455	0.0007414254566
143456	0.0005565153192
143457	0.00232958939
143458	0.0003231205315
143459	0.0002099563098
143460	0.003879710915
143461	0.0009769207878
143462	0.0002512311634
143463	0.0003899732172
143464	0.001165481406
143465	7.378587614e-05
143466	0.002706288262
143467	0.0008851591841
143468	0.001105632647
143469	0.001402395749
143470	0.00429636153
143471	0.0003859689675
143472	0.001029145978
143473	0.000572343483
143474	0.00271153904
143475	1.856380853e-05
143476	1.378040364e-05
143477	0.0004010788496
143478	0.0009243973465
143479	0.004811878243
143480	0.0005876542064
143481	0.0004972084072
143482	0.001237562549
143483	0.002724292969
143484	0.002678055226
143485	0.0005560608607
143486	0.002677032331
143487	0.001792397876
143488	0.00193873603
143489	0.001117962658
143490	0.002230215205
143491	0.0006015180119
143492	0.0008767836736
143493	0.003283341666
143494	0.004572027292
143495	0.0005623432671
143496	0.001952969644
143497	0.003316187082
143498	0.001911512811
143499	0.001497903558
143500	0.001707026808
143501	0.0007701055908
143502	0.002446581074
143503	0.001303726436
143504	0.005546281859
143505	0.00273737518
143506	0.000614936333
143507	0.000369236949
143508	0.002060381671
143509	0.002485464117
143510	0.0009936912759
143511	0.001178589777
143512	0.0001695563838
143513	0.0002113889331
143514	0.002344973838
143515	0.001549845332
143516	0.004338026003
143517	0.0002128469099
143518	0.000269933682
143519	0.0004345134743
143520	0.0007048044131
143521	0.00150017715
143522	0.002925640947
143523	0.00158956065
143524	0.001090830297
143525	0.0008631271034
143526	6.835144809e-05
143527	0.001013973183
143528	0.002907448412
143529	0.002277411179
143530	0.003719917959
143531	0.002335111578
143532	0.006813975682
143533	3.329329063e-06
143534	0.001301699135
143535	0.00054339186
143536	0.0003059634812
143537	0.002400124377
143538	0.0009291705558
143539	0.0006208688788
143540	0.0003162567791
143541	0.000222622528
143542	0.0009099920406
143543	0.0001940899773
143544	0.001753666032
143545	0.0001556357677
143546	0.001462561009
143547	0.003010105434
143548	0.002182342705
143549	0.001995556215
143550	0.0007342161382
143551	0.001956139872
143552	0.002207981733
143553	0.001296242642
143554	0.001035396873
143555	0.00100477615
143556	0.003133158062
143557	0.001569314366
143558	0.005678909909
143559	0.003067938007
143560	0.002561257072
143561	0.00128443377
143562	0.003103976327
143563	0.003572988373
143564	0.004337401778
143565	0.002500485287
143566	0.006002505042
143567	0.003655402989
143568	0.0003290384857
143569	0.0009588865097
143570	0.0002531120238
143571	0.003326002481
143572	0.003427086637
143573	0.001444709719
143574	0.002519701465
143575	0.00137484787
143576	0.002829790029
143577	0.002281906144
143578	0.004252231549
143579	0.001473812306
143580	0.0008361258911
143581	0.003859312404
143582	0.00514200299
143583	9.569967734e-05
143584	0.0009156200824
143585	0.00155487469
143586	0.004014599323
143587	0.006726541081
143588	0.001762735194
143589	0.004321882086
143590	0.004221496346
143591	0.0007537933916
143592	0.002534279938
143593	0.001644763543
143594	0.002930699955
143595	0.001666382432
143596	0.001258083541
143597	0.001410851732
143598	0.001911043869
143599	0.003022480569
143600	0.00369800776
143601	0.001720024587
143602	0.001890680898
143603	0.002599804143
143604	0.001038958777
143605	0.005649865083
143606	0.0003923962368
143607	0.002518276719
143608	0.00177811325
143609	0.0002142378424
143610	0.002654737465
143611	0.001077138344
143612	0.00327691624
143613	0.005340245698
143614	0.004987456376
143615	0.003590369233
143616	0.0008215332903
143617	0.000559148156
143618	0.000266220623
143619	0.002131245248
143620	0.0008519434385
143621	0.001862711009
143622	0.001411416729
143623	0.001474477428
143624	0.004768502984
143625	0.001193739435
143626	0.003811109451
143627	0.002130136913
143628	0.0003315573448
143629	0.002061651756
143630	0.003543160896
143631	0.00159559023
143632	2.661440589e-05
143633	0.001738830497
143634	0.0002888592835
143635	0.00459345851
143636	0.005807523878
143637	3.81893765e-05
143638	2.017841534e-05
143639	0.002831200148
143640	0.001416026414
143641	0.004053585115
143642	0.003516225641
143643	0.003495905152
143644	0.001187178652
143645	0.001612266065
143646	0.0001818449103
143647	0.001109576457
143648	0.0005116689736
143649	0.002345012999
143650	0.005466930336
143651	0.002303829958
143652	0.002423712883
143653	0.00209562954
143654	0.002776042765
143655	0.001027530869
143656	0.00306437452
143657	0.001064343148
143658	0.002468737198
143659	0.002313626347
143660	0.001619447308
143661	0.003321377708
143662	0.001430561399
143663	0.00356933739
143664	0.0006293230138
143665	0.00338063236
143666	0.004088801388
143667	0.001071171967
143668	0.004375893085
143669	0.0005632933875
143670	0.000319250636
143671	0.005083902363
143672	0.004204633335
143673	0.005254354094
143674	0.002172016282
143675	0.002712896691
143676	0.001180868288
143677	0.001132843139
143678	0.001890233443
143679	0.002745300324
143680	0.001157287031
143681	0.002280061299
143682	0.006561138466
143683	0.003402541984
143684	0.001367857584
143685	0.002020181224
143686	0.0009579615572
143687	0.00211707148
143688	0.002959798312
143689	0.001404588723
143690	0.001481830626
143691	0.001083485629
143692	0.003087663819
143693	0.001046377984
143694	0.0004799114158
143695	0.0008075173953
143696	0.002521295812
143697	0.002822701072
143698	0.001450318526
143699	0.0008839259268
143700	0.0001991232518
143701	0.0004082309801
143702	0.001921873345
143703	0.003171986395
143704	0.0002495161501
143705	9.305653555e-05
143706	0.002465517091
143707	0.0005078760904
143708	0.002164307051
143709	0.001613234495
143710	0.002492276206
143711	0.001425493713
143712	0.0011196698
143713	0.0008983746745
143714	0.003655361368
143715	0.004513338808
143716	0.001052453775
143717	0.001195561444
143718	0.003191654954
143719	0.0007020320997
143720	0.002940387837
143721	0.002641078434
143722	0.001957624985
143723	0.003701439562
143724	0.00566965394
143725	0.001117266304
143726	0.002575734123
143727	0.002718612691
143728	0.002177234699
143729	0.002324684647
143730	0.003752749516
143731	0.00161944162
143732	0.0007131630673
143733	0.0008328068941
143734	0.002084469528
143735	0.003706463856
143736	0.001340754212
143737	0.0007444874042
143738	0.00201238261
143739	0.001544490746
143740	0.0007227855502
143741	0.001185864041
143742	0.002173171383
143743	0.0006715743183
143744	0.0006605351771
143745	0.002198252479
143746	0.00338072151
143747	0.001714501165
143748	0.001543763146
143749	0.001984477777
143750	0.007062432501
143751	0.0019900299
143752	0.002455505448
143753	0.006122300675
143754	0.0005064174526
143755	0.002185232563
143756	0.0006319649591
143757	0.002647739943
143758	0.0006491860258
143759	0.001165921866
143760	0.003614957039
143761	0.003310796355
143762	7.190019246e-05
143763	0.0002907639379
143764	0.002234247252
143765	0.0005519228229
143766	0.001547586281
143767	0.001829548477
143768	3.834005873e-05
143769	0.005688528452
143770	0.003183596581
143771	0.002193737195
143772	0.0001330455645
143773	0.002378046079
143774	0.001944838329
143775	0.004070568682
143776	0.0004594848899
143777	0.001558339762
143778	0.002267016103
143779	0.00230869087
143780	0.001684693621
143781	0.002204014792
143782	0.001705224742
143783	0.001286766175
143784	0.0004259984648
143785	0.001704443554
143786	0.0001112697374
143787	0.008544113836
143788	0.004024444729
143789	0.0001418717807
143790	0.001631651177
143791	0.003544360429
143792	0.001464669263
143793	0.0004563543412
143794	0.0001699313007
143795	0.001565155798
143796	0.001464700374
143797	0.002327344114
143798	0.004304071397
143799	0.002200802431
143800	2.913320387e-06
143801	0.0005538853526
143802	0.004435961825
143803	0.0002079310372
143804	0.0007133436498
143805	0.002160022725
143806	0.0007709357306
143807	0.002182074671
143808	0.005114077793
143809	0.001911492212
143810	0.003930331129
143811	0.0008674205524
143812	0.002675472128
143813	0.001619372026
143814	0.0004270652715
143815	6.183788455e-05
143816	0.002349530519
143817	0.0001840305246
143818	0.001695243707
143819	0.004524220278
143820	0.001934837846
143821	0.0007972476035
143822	0.006065828172
143823	0.00253936214
143824	0.001451510465
143825	0.0001137952664
143826	0.005038785727
143827	0.0009869187027
143828	0.002037867734
143829	0.003690832426
143830	0.002669598428
143831	0.0003430426397
143832	0.003495292219
143833	0.002098310369
143834	0.00246670315
143835	0.001715875827
143836	0.0003042646481
143837	0.0006047434517
143838	0.00195815628
143839	0.0006715686639
143840	8.679596895e-05
143841	0.001999642838
143842	0.001745704403
143843	0.002845271448
143844	0.001804044984
143845	0.001463080873
143846	0.001267575076
143847	0.000845361649
143848	0.00149013479
143849	0.0008420787077
143850	0.0003737821542
143851	0.002997609607
143852	0.0009263270028
143853	0.001584809335
143854	0.002830331694
143855	0.000276032032
143856	0.001905845608
143857	9.044996386e-05
143858	0.002211903634
143859	0.004544756756
143860	0.0005074498349
143861	0.001437223495
143862	0.001486434704
143863	0.002425249207
143864	0.0009491397819
143865	0.0006429230486
143866	0.0004533297587
143867	0.0008827813965
143868	0.001014850288
143869	0.001123820823
143870	0.0006957441493
143871	0.001587819286
143872	0.001101285569
143873	0.00166731794
143874	0.002905253424
143875	0.001891408127
143876	0.0005136841118
143877	0.003302310256
143878	0.002923910083
143879	0.001990148388
143880	0.004671952446
143881	3.217436774e-05
143882	0.0003752554995
143883	0.0005086240066
143884	0.000491998789
143885	0.001671396417
143886	0.0008499284673
143887	0.0001642836612
143888	0.0006297936497
143889	0.002401134838
143890	0.001635498055
143891	0.002625709918
143892	0.002035687615
143893	0.000192905156
143894	0.00443525482
143895	0.002836185365
143896	0.002534904213
143897	0.002691739137
143898	0.0008973553316
143899	0.002682205045
143900	0.00521198596
143901	0.0006151267765
143902	0.0003564311313
143903	0.00308308377
143904	0.002899057023
143905	0.001065577051
143906	0.0003928406157
143907	0.0008835841195
143908	0.001516770267
143909	0.0007104016944
143910	0.003079179121
143911	0.000173471053
143912	0.003874319378
143913	0.001555980341
143914	0.001758698082
143915	0.001813335435
143916	0.0003339335144
143917	0.002363760297
143918	0.001780455976
143919	0.007637060866
143920	0.0002638677662
143921	0.004041313863
143922	0.004273388849
143923	0.003130886063
143924	0.00247325589
143925	0.001350270614
143926	0.001179097727
143927	0.001201718698
143928	0.0001936325474
143929	0.002113255686
143930	0.002563815579
143931	0.002492817086
143932	0.00172062936
143933	0.001222940983
143934	0.0002505333601
143935	0.001945483922
143936	0.001171795965
143937	0.001369619017
143938	0.001561392992
143939	0.00209647592
143940	0.002089434629
143941	0.001309608486
143942	0.001704003127
143943	0.001372261707
143944	0.002969106999
143945	0.0009145451479
143946	0.002103975415
143947	0.001498818189
143948	0.0004021157382
143949	0.001842685184
143950	0.001094072001
143951	0.001300697849
143952	0.002138798907
143953	0.0004670681177
143954	0.002008973853
143955	0.0002111759856
143956	0.0011410777
143957	0.001886470068
143958	0.000437023624
143959	0.000772169879
143960	0.003506173148
143961	0.002892185199
143962	0.002142668661
143963	0.00121360705
143964	0.005222450509
143965	0.001349948386
143966	0.002847478905
143967	0.001974263768
143968	0.001869613002
143969	0.00101245489
143970	0.002411112811
143971	0.003475792353
143972	0.002547994063
143973	0.002140787528
143974	0.003460773738
143975	0.002686516154
143976	0.001060463671
143977	0.002123971568
143978	0.0001604060864
143979	0.001510980261
143980	0.001317945174
143981	0.002652515863
143982	0.001182897922
143983	4.446829216e-05
143984	0.001028628544
143985	0.001309215581
143986	0.0008993223352
143987	0.001565117967
143988	0.005930723703
143989	0.001358267111
143990	0.002484403993
143991	0.002543560699
143992	0.002101209453
143993	0.005371608499
143994	0.003116971661
143995	0.002474273197
143996	0.0009783128468
143997	0.001515784473
143998	0.007887750334
143999	0.002857646651
144000	0.00243537806
144001	0.005571823671
144002	0.001952636709
144003	0.002269726809
144004	0.001570716871
144005	0.0003995216657
144006	0.000126640956
144007	0.003755441516
144008	0.002250801851
144009	0.001110751962
144010	0.0005096969444
144011	0.0004946215779
144012	0.001473262796
144013	0.000704431617
144014	0.002847536431
144015	0.001421027913
144016	0.003537517479
144017	0.0019666953
144018	0.002634064168
144019	0.00218095874
144020	0.001777936147
144021	0.002547699349
144022	0.005725944024
144023	0.003840471655
144024	0.0002753002133
144025	0.0001998567169
144026	0.002392995272
144027	0.004587673031
144028	0.00106221275
144029	0.00163444898
144030	0.001515232133
144031	0.005568073738
144032	0.00191927893
144033	0.001243536427
144034	0.001234833528
144035	0.0004710788567
144036	0.00144276402
144037	0.0003542237955
144038	0.0004591967139
144039	0.001959658208
144040	0.005892656449
144041	0.001837126997
144042	0.006133404605
144043	0.001134853329
144044	0.001069545009
144045	0.00106596272
144046	0.0008592411443
144047	0.001267052311
144048	0.0009711725944
144049	0.003633296483
144050	0.002402699706
144051	0.001324418705
144052	0.002357182848
144053	0.003314018883
144054	0.002718000586
144055	0.001348831255
144056	0.001872102781
144057	0.001993572427
144058	0.002024770881
144059	0.004305712483
144060	0.002122974492
144061	0.0001183909295
144062	0.001814228481
144063	0.00208119902
144064	0.00208040939
144065	0.0009174004008
144066	0.002461577102
144067	0.0008165781447
144068	0.001469252148
144069	0.001305645204
144070	0.0002738947013
144071	0.0001959985236
144072	0.003009489304
144073	0.0005800948458
144074	0.009255612843
144075	0.006854504299
144076	0.001563663669
144077	0.002072132617
144078	0.0007755561787
144079	0.000529697317
144080	0.003569226315
144081	0.003684596384
144082	0.002102733902
144083	0.0008529097198
144084	0.00202618695
144085	0.0007858378063
144086	0.005856184944
144087	0.001117036664
144088	0.000518017896
144089	0.001731662771
144090	0.00123408142
144091	0.001995452763
144092	0.001653495774
144093	0.001696084451
144094	0.004075866908
144095	0.001535002984
144096	0.001134962803
144097	0.0009505175316
144098	0.003150466316
144099	0.0001496389881
144100	0.001458324226
144101	0.0009934724239
144102	0.001252104702
144103	0.006198363052
144104	0.002795297406
144105	0.0006980651033
144106	2.014630593e-05
144107	0.000918668258
144108	0.001141037285
144109	0.0004015799072
144110	0.002310518459
144111	0.0009927403942
144112	0.001004400727
144113	0.0007348380419
144114	0.00170419994
144115	0.00190939927
144116	0.001144579009
144117	0.002695832503
144118	0.000991530725
144119	0.001073688563
144120	0.0003597365517
144121	0.003863301136
144122	0.003049072653
144123	0.003466054918
144124	0.002119302139
144125	0.004324287981
144126	0.0001932604698
144127	0.002240036756
144128	0.00428100095
144129	0.0002519991335
144130	0.0007830699702
144131	0.0009022325319
144132	0.002339109184
144133	0.001548232508
144134	0.003271781029
144135	0.001677803299
144136	0.001264947633
144137	0.001651090868
144138	0.0008660337581
144139	0.002036365291
144140	0.002214074095
144141	0.001725214128
144142	0.001118705366
144143	0.005625358558
144144	0.0008419343711
144145	0.002448438166
144146	0.003249179092
144147	0.001120617537
144148	0.001753570275
144149	0.001307853227
144150	0.002664374006
144151	0.0008877574521
144152	0.0006586895609
144153	0.003944097481
144154	0.002323435983
144155	0.0006431378433
144156	0.0002346950604
144157	0.003142514844
144158	0.00141487781
144159	0.002171443787
144160	0.001349746191
144161	0.001780635641
144162	0.002539305624
144163	0.003168316565
144164	0.0008853653546
144165	0.001393297226
144166	0.002018957208
144167	0.003067387493
144168	0.001064003768
144169	0.001325174601
144170	8.70511718e-05
144171	0.0004197039964
144172	0.0005411830014
144173	0.0003585898271
144174	0.0003008070946
144175	0.004146091898
144176	0.0006897957683
144177	0.002503911636
144178	0.002271108581
144179	0.002117305752
144180	0.002353270683
144181	0.004189788365
144182	0.003796080923
144183	0.002881399458
144184	0.0006454823724
144185	0.002832384069
144186	0.002334664167
144187	0.001484025407
144188	0.001808252847
144189	0.0006987395683
144190	0.002359921741
144191	0.0009307823201
144192	0.003178516009
144193	0.002032035539
144194	0.002980715257
144195	0.003353570062
144196	0.0003041443426
144197	0.001978485372
144198	0.0002625873375
144199	0.001119991797
144200	0.001973029777
144201	0.000203001156
144202	0.002690626862
144203	0.0003439937718
144204	0.0002360479711
144205	0.0007028296774
144206	0.00069201617
144207	0.0007451030637
144208	0.002678085636
144209	0.004730931925
144210	0.001573561314
144211	0.002500518845
144212	0.002625116402
144213	0.002475060237
144214	0.001644795525
144215	0.00126258951
144216	7.20274906e-05
144217	0.002243806176
144218	0.001577486551
144219	0.001440689233
144220	0.00358280359
144221	0.001549075606
144222	0.002044882589
144223	0.004189951034
144224	0.001781371913
144225	0.001875267238
144226	0.004303555132
144227	0.00156078068
144228	0.001407774376
144229	0.000183370442
144230	0.00139984599
144231	0.002752558477
144232	0.00192205435
144233	0.00245239927
144234	0.001582361088
144235	0.001877230113
144236	0.003477751084
144237	0.001745069992
144238	0.002396553271
144239	0.0007044346707
144240	0.002174019341
144241	0.001633496131
144242	0.0001752595439
144243	0.003554346973
144244	0.000437558443
144245	0.003944067924
144246	4.7724955e-05
144247	0.00400450227
144248	0.0009878666583
144249	0.001643996399
144250	0.001638838155
144251	0.001372580976
144252	0.004272816644
144253	0.001861219073
144254	0.003307708253
144255	0.00177918147
144256	0.0005023290811
144257	0.005141515801
144258	0.001397347253
144259	0.0003462054924
144260	0.004172646148
144261	0.002184062378
144262	0.002774601431
144263	0.0005713965071
144264	0.0009818304322
144265	0.002541146092
144266	0.003842832302
144267	0.002359753779
144268	0.001569730787
144269	0.002511617998
144270	0.002776094324
144271	0.002689102758
144272	0.001322199461
144273	0.003909307627
144274	0.002899557043
144275	0.002189064114
144276	0.005068094369
144277	0.001953243807
144278	0.0001430988538
144279	0.0001152942858
144280	0.001531682868
144281	0.0003380463411
144282	0.001427609796
144283	0.001129456787
144284	0.00163755357
144285	0.001619583548
144286	0.002460266161
144287	0.0003505038716
144288	0.003848098422
144289	0.0005214042529
144290	0.001051992756
144291	0.0009837049213
144292	0.003341762806
144293	0.002242967391
144294	0.002991871772
144295	0.002205523277
144296	0.0008619796161
144297	0.0007738881119
144298	0.0004961025208
144299	0.0001444926734
144300	0.001108676916
144301	0.0016801468
144302	0.001917637857
144303	0.0002091661771
144304	0.002556696662
144305	0.002697818171
144306	0.002230722068
144307	0.001263632178
144308	0.001448254733
144309	0.0006076958306
144310	0.002128133562
144311	0.0001315253855
144312	0.003419711707
144313	0.001557834888
144314	0.0006728975662
144315	0.002957631092
144316	0.001575898719
144317	0.00619072271
144318	0.002039638084
144319	0.001546951506
144320	0.001611806372
144321	0.001600796191
144322	0.003139026042
144323	0.0007726059865
144324	0.001909741354
144325	0.0006040829803
144326	0.001596174243
144327	0.004250627012
144328	0.001693520245
144329	0.003099348598
144330	0.004766707264
144331	0.003997285259
144332	0.001078042188
144333	0.001577056038
144334	0.003138096132
144335	0.001828768552
144336	0.0001490198404
144337	0.0009249323587
144338	0.001054249904
144339	0.0003542350953
144340	0.001655265422
144341	0.00387460933
144342	0.001237603501
144343	0.002625829904
144344	0.001263392356
144345	0.00141419802
144346	0.00647458296
144347	0.002287534714
144348	6.42268061e-05
144349	0.001114357346
144350	0.002580756825
144351	0.000287089979
144352	0.001724326121
144353	0.004110025276
144354	0.0007559645867
144355	0.0008876540641
144356	0.0001143078576
144357	0.0008964025447
144358	0.0005877141731
144359	0.001861975701
144360	0.0006549317301
144361	0.002548362058
144362	0.0003400016163
144363	0.003463143437
144364	0.003374430592
144365	2.199998162e-05
144366	0.0005026972818
144367	0.00126380395
144368	0.003571758224
144369	0.0003813996893
144370	0.002913047215
144371	0.001448370397
144372	0.002697027564
144373	0.002554816522
144374	0.000525099061
144375	0.0007518364396
144376	0.001514684138
144377	0.001546988767
144378	0.0005848384472
144379	0.00506719574
144380	2.251258764e-05
144381	0.00459131924
144382	0.00176401217
144383	0.005544407565
144384	0.002167436947
144385	0.004564600999
144386	0.00156964182
144387	0.0002415703685
144388	0.005394343441
144389	0.002028799484
144390	0.001581673406
144391	0.005222250369
144392	0.003482981548
144393	0.003606354608
144394	0.00373640042
144395	5.16351222e-05
144396	0.00230294839
144397	0.001032772097
144398	0.002607640546
144399	0.001791755014
144400	0.001551389871
144401	0.001910058737
144402	0.001559565024
144403	0.001722163629
144404	0.005622875859
144405	0.003720220171
144406	0.0005625386776
144407	0.0009103693417
144408	0.003842957926
144409	0.00354313491
144410	0.001312426034
144411	0.00183452956
144412	0.003099753616
144413	0.001670258917
144414	0.001224523157
144415	0.0005945866317
144416	0.001322930182
144417	0.001421381359
144418	0.0009287741253
144419	0.001645782671
144420	0.002027194539
144421	0.0008991089446
144422	0.002662618687
144423	0.00215342019
144424	0.001839897757
144425	0.000941424919
144426	0.001206296457
144427	0.003209107564
144428	0.001285698536
144429	0.000254259349
144430	0.002599177435
144431	0.004338011263
144432	0.000326102044
144433	0.0003875978667
144434	0.000876156343
144435	5.683869015e-05
144436	0.003547818619
144437	0.005085066295
144438	0.003510281914
144439	0.0031125221
144440	0.0001113742706
144441	0.002469080721
144442	0.00173293303
144443	0.0001097265616
144444	0.0009595193881
144445	0.0009847290467
144446	0.0005172428364
144447	0.0003898056765
144448	0.0001861997121
144449	0.0004683116767
144450	0.009360809475
144451	0.0002270854272
144452	0.001914157503
144453	0.001567672535
144454	0.002345647205
144455	0.001822480345
144456	0.00535575785
144457	0.000757485951
144458	0.002186144219
144459	0.003009543754
144460	0.001968511011
144461	0.002083353202
144462	0.003377879398
144463	0.00204434877
144464	0.0001405123658
144465	0.0007545543745
144466	0.004112899789
144467	0.005678993118
144468	0.002144667591
144469	0.003484042237
144470	0.002036203729
144471	0.002482832079
144472	0.003437636266
144473	0.00198703758
144474	0.0008080883205
144475	0.0008756816918
144476	0.0006157155737
144477	0.000714628418
144478	0.002613355414
144479	0.0007114581864
144480	0.002122415208
144481	0.001242637496
144482	0.001179577995
144483	0.003677449067
144484	0.005093146057
144485	0.0002610269717
144486	0.0001532362465
144487	0.001189768981
144488	0.001629979762
144489	0.0005943808312
144490	0.00168992187
144491	0.005546534306
144492	0.001360274841
144493	0.0005920943529
144494	0.001270977379
144495	0.00135481623
144496	0.003810514748
144497	0.002942218197
144498	0.001067799845
144499	0.001935553172
144500	0.001180176086
144501	0.002173397854
144502	0.005809415172
144503	0.003659482626
144504	0.0006426685819
144505	0.00104894377
144506	0.003186818729
144507	0.00149016957
144508	0.003264345525
144509	0.001306412507
144510	0.002066350112
144511	0.002076836742
144512	0.0008482710284
144513	0.004723131531
144514	0.003080859765
144515	0.0004751119017
144516	0.0024544212
144517	0.005559581531
144518	0.003674915058
144519	0.0007246070753
144520	0.000243481821
144521	0.002908829973
144522	0.002422707123
144523	0.00073204245
144524	0.002332100049
144525	0.001227997132
144526	0.004506632132
144527	0.001914981677
144528	0.003758677111
144529	0.0001959572901
144530	0.0006720243774
144531	0.001963978944
144532	0.002733126286
144533	0.0024203649
144534	0.00250590391
144535	0.005068066655
144536	0.003638317225
144537	0.002506788683
144538	0.002211280437
144539	0.002284990555
144540	0.0004087605656
144541	0.001067014542
144542	0.002045889849
144543	0.001696749736
144544	0.0008862682541
144545	0.004437823748
144546	0.002737512556
144547	0.002074507468
144548	0.004368564312
144549	0.004761166114
144550	0.001052392599
144551	0.00138267354
144552	0.006143840095
144553	0.001057172257
144554	0.0006809818714
144555	0.0008255113606
144556	0.001515958514
144557	0.0008890454373
144558	0.0003461604546
144559	0.004820042529
144560	0.0002023920372
144561	0.0005646688617
144562	0.0008676418556
144563	0.0009437527513
144564	0.002404480582
144565	0.002846216462
144566	0.004948574109
144567	0.004321146865
144568	0.002716306874
144569	0.0019759989
144570	0.002307544701
144571	0.0003614258961
144572	0.003570483618
144573	0.001202389366
144574	0.002072474355
144575	0.006117306222
144576	0.0009463565331
144577	0.0004027623085
144578	0.00345839444
144579	0.001708129155
144580	0.00282310791
144581	0.002794534533
144582	0.002266833713
144583	0.004055296025
144584	0.003144672707
144585	0.003543854382
144586	0.0008323820695
144587	0.0006014340573
144588	0.002948098162
144589	0.002172773799
144590	0.003516896626
144591	0.002409906923
144592	0.002850714742
144593	0.0003164622261
144594	0.005537459217
144595	0.001285146096
144596	0.001666047256
144597	0.0009203261021
144598	0.001575450622
144599	0.00160891036
144600	0.001172199354
144601	0.001539263607
144602	0.001397777241
144603	0.001722509891
144604	0.001129383968
144605	0.00826632693
144606	0.009775299899
144607	0.0005821990186
144608	0.002349778758
144609	0.0003485168003
144610	0.001964617461
144611	0.001776557366
144612	0.001791206808
144613	0.001713298999
144614	0.0021388474
144615	0.003364930599
144616	0.001639092142
144617	0.0004655658045
144618	0.002780022921
144619	0.001132157484
144620	0.001009585793
144621	0.003308018015
144622	0.0009978643159
144623	0.00072930561
144624	0.0008988313484
144625	0.005428929425
144626	0.002304219761
144627	0.001780442614
144628	0.005238350447
144629	0.001793302888
144630	0.001228070462
144631	0.000659881808
144632	0.001708650222
144633	0.0004089072634
144634	0.000377458875
144635	0.002810900376
144636	0.003392796104
144637	0.001133731088
144638	0.0002914591926
144639	0.004343031376
144640	0.000161429317
144641	0.001006490867
144642	0.003181542243
144643	0.003213907413
144644	0.0008352096472
144645	0.001098660906
144646	0.002245150631
144647	0.002270074061
144648	0.001577828862
144649	0.003651781895
144650	0.001701344511
144651	0.000454814665
144652	0.002650571627
144653	0.002397122289
144654	0.001259301455
144655	0.002688866497
144656	0.00109860265
144657	0.001318932866
144658	0.006462044438
144659	0.0003197990601
144660	0.001009703773
144661	0.0007876382086
144662	0.002072116618
144663	0.002187757347
144664	0.001512062551
144665	0.003076854983
144666	0.001521310468
144667	0.001437630271
144668	0.002279809883
144669	0.002469513549
144670	0.002320436617
144671	0.002093492978
144672	0.0001616975869
144673	0.006013579967
144674	0.001958242307
144675	0.002784057345
144676	0.002661684149
144677	0.002140847203
144678	0.0008341389306
144679	0.0007010995794
144680	0.001534190334
144681	0.001278087975
144682	0.002205032114
144683	0.001020011841
144684	0.004663434675
144685	0.006981354668
144686	0.003036749655
144687	0.002307402786
144688	0.002755290131
144689	0.002933963267
144690	0.001535631153
144691	0.002248079817
144692	0.001570058726
144693	0.0002724206827
144694	0.002343667436
144695	0.0009709399308
144696	4.768191755e-05
144697	0.001769856584
144698	0.001651159252
144699	0.002588792385
144700	0.0003008221203
144701	0.00224587897
144702	1.318347766e-05
144703	0.002120622708
144704	0.001482313798
144705	0.001019259877
144706	0.001081751158
144707	0.001542752891
144708	0.0009892185634
144709	0.0006087984845
144710	0.002680386359
144711	0.001044802612
144712	0.001407601854
144713	0.003810071872
144714	0.001904892112
144715	0.003683228832
144716	0.003406668846
144717	0.0006593945243
144718	0.0005591504402
144719	0.004305831568
144720	0.002890801806
144721	0.001728623521
144722	0.00222433651
144723	7.223127074e-05
144724	0.000502757723
144725	0.003916911517
144726	0.004368021787
144727	0.004761016881
144728	9.946141772e-05
144729	0.0005594642736
144730	0.001752641756
144731	0.002432254421
144732	0.002005683647
144733	0.00132723202
144734	0.002165159931
144735	0.001222802494
144736	0.004735932111
144737	0.001725410104
144738	0.0003151107035
144739	0.006665353742
144740	0.005183280831
144741	0.001865879858
144742	0.001677777859
144743	0.003359089993
144744	0.0007197730462
144745	0.003163595659
144746	0.003017391228
144747	0.004179633641
144748	0.001461576314
144749	0.0001036845885
144750	0.002993083701
144751	0.001465750143
144752	0.006187984429
144753	0.003597001958
144754	0.0001935414496
144755	0.003222202668
144756	0.00170923843
144757	0.0008381959082
144758	0.003038574421
144759	0.003604931988
144760	0.004215530508
144761	0.0003601013832
144762	0.001421941388
144763	0.001776130217
144764	0.0004208053147
144765	0.006034257137
144766	0.001606643392
144767	0.002793285064
144768	0.001509679289
144769	0.003582252391
144770	0.001800851858
144771	0.00557932448
144772	0.0004749011997
144773	0.004140754824
144774	0.005109418047
144775	0.002895993411
144776	0.001478219398
144777	0.001636982739
144778	0.0007975752947
144779	0.005702574251
144780	0.002984818644
144781	0.0017176335
144782	0.0002958140915
144783	0.003701627612
144784	0.002113685735
144785	0.000821868737
144786	0.001689598771
144787	0.0001217370143
144788	0.001039271506
144789	0.003451558238
144790	0.0001424371256
144791	0.008623155368
144792	4.38461857e-05
144793	0.002245507868
144794	0.003759195724
144795	0.001459714307
144796	0.003046063669
144797	0.002523502626
144798	0.002753663376
144799	0.002574782097
144800	0.002270441975
144801	0.001159314155
144802	0.002254249379
144803	0.001964289555
144804	0.004142625725
144805	0.0005845389131
144806	0.0009731955499
144807	0.0006139285893
144808	0.0002485060389
144809	0.001401340792
144810	0.00111647382
144811	0.002961379763
144812	0.002237536954
144813	0.002909202369
144814	0.001352404721
144815	0.0001282607937
144816	0.003557753928
144817	0.001767193538
144818	0.001996563172
144819	0.002087086518
144820	0.003346385104
144821	0.0005103358642
144822	0.004976169015
144823	0.003421460965
144824	0.00190739452
144825	0.001780363436
144826	0.0006245833777
144827	0.002599351052
144828	0.002269088875
144829	0.003361617721
144830	0.002017226405
144831	0.0005218123384
144832	0.006650670902
144833	0.0007020478969
144834	0.001392135232
144835	0.0005446479711
144836	0.0006031852724
144837	0.001170248847
144838	0.00168106756
144839	0.001475857249
144840	0.003917891054
144841	0.001716037924
144842	0.004753998454
144843	0.001458423329
144844	0.002975022704
144845	0.0001950850294
144846	0.002754559903
144847	0.002614381538
144848	0.00180718861
144849	0.001874218052
144850	0.002728515462
144851	0.00093416199
144852	0.00276942728
144853	0.003116089857
144854	0.002898543681
144855	0.001576254505
144856	0.001565677707
144857	8.903414558e-05
144858	0.003974033453
144859	0.002078223534
144860	0.0003364659274
144861	2.184830922e-05
144862	0.001801261827
144863	0.001925362382
144864	0.001331286471
144865	0.0009679745614
144866	0.00166532083
144867	0.00129713724
144868	0.001549911346
144869	0.001351609962
144870	0.00151856345
144871	0.001209734983
144872	0.001537869297
144873	0.001841552893
144874	0.0005106482061
144875	0.002433408264
144876	0.0007180977699
144877	0.0004632108293
144878	0.001727907975
144879	0.004627854175
144880	0.002771489514
144881	0.002418072097
144882	0.0005724574422
144883	0.00531459933
144884	0.000270115637
144885	0.002400132529
144886	0.0002403503124
144887	0.0004903069785
144888	0.003839793562
144889	0.0008845792123
144890	0.0004565049419
144891	0.002240768173
144892	0.002242444063
144893	0.0007187872474
144894	7.374053651e-05
144895	0.00108809135
144896	0.00126759857
144897	0.0005730774595
144898	0.002902356102
144899	0.001824677445
144900	0.003303093766
144901	0.004189890773
144902	0.0005042094937
144903	0.001437670906
144904	0.001141875418
144905	0.001006708178
144906	0.001361063377
144907	0.001911533094
144908	0.00220677176
144909	0.0001059963719
144910	0.003651227799
144911	0.001374317896
144912	0.002262851392
144913	0.005067979806
144914	0.0003114329521
144915	0.001889976823
144916	0.002729402742
144917	0.002851098952
144918	0.001087861448
144919	0.0005514894073
144920	0.002146991285
144921	0.00332556009
144922	0.002078830668
144923	0.003123335376
144924	0.002452250618
144925	0.0009525319576
144926	0.002044111733
144927	0.002974279706
144928	0.001913757771
144929	0.001450346711
144930	0.0009214481651
144931	0.002000924344
144932	0.001082581275
144933	0.002247617908
144934	0.00163704866
144935	0.000419543363
144936	0.0005155602378
144937	0.001293954214
144938	0.0004625775304
144939	0.00184949805
144940	0.002892940348
144941	0.00221694806
144942	0.001766810277
144943	0.001657697694
144944	0.003921462316
144945	0.00235750537
144946	0.004146878508
144947	0.002089469489
144948	0.002445380526
144949	0.001235206579
144950	0.003953753425
144951	0.002996576594
144952	0.001063243641
144953	0.0005546981835
144954	0.00237861442
144955	0.0008082941076
144956	0.001162549575
144957	0.0007561344444
144958	0.00156696905
144959	0.001408541378
144960	0.00470646824
144961	0.003636895419
144962	0.002227512062
144963	0.00270545615
144964	0.003012349984
144965	0.001562468251
144966	0.002827563943
144967	0.004223584101
144968	0.003464597675
144969	0.0002116584788
144970	0.001321522311
144971	0.001076886938
144972	0.0009334353904
144973	0.002910814947
144974	0.0026420887
144975	0.001043869639
144976	0.0004952908382
144977	0.001269814033
144978	0.0002042527393
144979	0.0003080789887
144980	0.001946708098
144981	0.001961869541
144982	0.001956646952
144983	0.00120365773
144984	0.001660937071
144985	0.0001972172577
144986	0.006840728344
144987	0.001361028161
144988	0.0003994795745
144989	0.001797737723
144990	0.004157874161
144991	0.003478634472
144992	0.0008356971423
144993	0.001417228383
144994	0.0018467198
144995	0.001750625083
144996	0.001327758417
144997	0.001682294861
144998	0.001272623759
144999	0.002144207301
145000	0.0009717406645
145001	0.0008857609019
145002	0.001994364673
145003	0.0004260935627
145004	0.001482024823
145005	0.0007220650784
145006	0.002403899158
145007	0.001760699955
145008	0.003407793104
145009	0.00134244226
145010	0.002790745392
145011	0.0002033531735
145012	5.450351297e-05
145013	0.001094015424
145014	0.001029269312
145015	0.003174776274
145016	0.0007693681491
145017	0.0009543395266
145018	0.00137406061
145019	0.002547907828
145020	0.0009044207221
145021	0.001929382661
145022	0.0003146532391
145023	0.0009444697649
145024	0.003559852673
145025	0.004013186413
145026	0.0007723786576
145027	0.009484959965
145028	0.000727892907
145029	0.002884594097
145030	0.005075338529
145031	0.002549901812
145032	0.0019998498
145033	0.001624695064
145034	0.003666317903
145035	0.00561174669
145036	0.002747302742
145037	0.0006962419341
145038	0.0008285615153
145039	0.003388241
145040	0.002468473782
145041	0.002744590192
145042	0.003698385983
145043	0.001495167364
145044	0.0008484384412
145045	0.004542834655
145046	0.001417916525
145047	0.001994999878
145048	0.002402828426
145049	0.003577707343
145050	0.0007516728692
145051	0.001888749248
145052	0.0008616045914
145053	0.002691642892
145054	0.003857046951
145055	0.001092690273
145056	0.002567498767
145057	0.001359326724
145058	0.002905654011
145059	0.004242128733
145060	0.003841684615
145061	0.004337229294
145062	0.0004363665547
145063	0.001955929226
145064	0.005415443406
145065	0.002814251878
145066	0.0007394856743
145067	0.002103254778
145068	0.003489152513
145069	0.0002246148753
145070	0.001221009657
145071	0.001144886463
145072	0.0004810191893
145073	4.651081021e-05
145074	0.0009977391521
145075	0.002381034929
145076	6.412197973e-05
145077	0.0009791865074
145078	0.000774485946
145079	7.152187114e-05
145080	0.002149508417
145081	0.0009921831173
145082	0.002119847892
145083	0.002323259971
145084	0.003493502848
145085	0.001620108824
145086	0.005163830828
145087	0.001614339569
145088	0.0008211196586
145089	0.004285812517
145090	0.001176300805
145091	0.00184586127
145092	0.002753331552
145093	0.001176332417
145094	0.00122773715
145095	0.000893654102
145096	0.004761040497
145097	0.003614574511
145098	0.0005722554377
145099	0.0003260505672
145100	0.0007578076603
145101	0.004175149944
145102	0.002313499328
145103	0.001902028395
145104	0.0001831612141
145105	9.315037574e-05
145106	0.002689451749
145107	0.000584831674
145108	0.0001216645298
145109	0.001257496492
145110	0.0007843539742
145111	0.000831727121
145112	0.002001620335
145113	0.009605193245
145114	0.002826854123
145115	0.00268892214
145116	0.001926653128
145117	0.003883112892
145118	0.002803280962
145119	0.00467310326
145120	0.0009995573116
145121	0.00326270436
145122	0.002237070952
145123	0.002452574058
145124	0.000881195425
145125	0.001766041189
145126	0.003451199381
145127	1.38240878e-05
145128	0.005833089016
145129	0.000465039987
145130	7.454200743e-06
145131	3.72693649e-05
145132	0.002569788993
145133	0.001107137138
145134	0.0002361273655
145135	0.0001883897068
145136	0.002478745012
145137	0.0005439803319
145138	0.002556255087
145139	0.001436402143
145140	0.0006036019694
145141	0.003735241471
145142	0.0006312518614
145143	0.003470408736
145144	0.0003803571866
145145	0.003047073951
145146	0.001271738249
145147	0.006324534917
145148	0.002934302793
145149	0.001294339739
145150	0.0003894592526
145151	0.001854652432
145152	0.007385960528
145153	0.007763939038
145154	0.003135475394
145155	0.003203497278
145156	0.001888051166
145157	0.002299458065
145158	0.002317464923
145159	0.004435403077
145160	0.001148819489
145161	0.0004485193316
145162	0.001530022709
145163	0.001305692231
145164	0.003377640972
145165	0.0008499081897
145166	0.001978484657
145167	0.001600849016
145168	1.599864391e-05
145169	0.001736671156
145170	0.002189912069
145171	0.008472111552
145172	0.001078604481
145173	0.00411877681
145174	0.002978192721
145175	0.001686327962
145176	0.002600307434
145177	0.0001346405691
145178	0.001850528627
145179	0.002827620632
145180	0.003890514309
145181	0.0008045254215
145182	0.004817814536
145183	0.0004136424456
145184	0.0005644595853
145185	0.0005613707418
145186	0.004141711236
145187	0.002071994507
145188	5.886257936e-05
145189	0.001384793214
145190	0.001629122588
145191	0.001491339625
145192	0.003747640145
145193	0.001715236674
145194	0.00390891552
145195	0.002335561101
145196	0.002924600892
145197	0.001547260179
145198	0.0008204012258
145199	0.002286957017
145200	0.003801159233
145201	0.002410190306
145202	0.001629436228
145203	0.001773990192
145204	0.002228955832
145205	0.0009738519455
145206	0.003220572492
145207	0.003993711051
145208	0.003440934787
145209	0.003060985538
145210	0.002519063778
145211	0.0009379045837
145212	0.002466271908
145213	0.0008002264965
145214	0.001334964543
145215	0.002318623622
145216	0.001184042689
145217	0.001293382302
145218	0.003313613147
145219	0.001504015907
145220	0.003616312291
145221	0.003514232188
145222	0.001284654323
145223	0.002699810658
145224	0.001277014318
145225	0.00150911407
145226	0.0001160935375
145227	0.002461813291
145228	0.001408834644
145229	1.694561126e-05
145230	0.0006693359392
145231	0.001997430339
145232	0.0002087609483
145233	0.0008821154166
145234	0.001007588661
145235	0.001792203241
145236	0.0002608031186
145237	0.001804567395
145238	0.0007012785248
145239	0.006767311818
145240	0.001582579447
145241	0.001752617718
145242	0.0008794398659
145243	0.001025671207
145244	0.001938736258
145245	0.0006617496566
145246	0.0008973273412
145247	3.309874876e-06
145248	0.007022493932
145249	0.001322454008
145250	0.002465207287
145251	0.002819537003
145252	0.001049566172
145253	0.001491290003
145254	0.002334735866
145255	3.804542381e-05
145256	0.001612109665
145257	0.0003837810872
145258	0.0009574976578
145259	0.00179813791
145260	0.002078229722
145261	0.0009092256403
145262	3.266216632e-06
145263	0.004305314491
145264	0.002668003385
145265	0.0001534587484
145266	0.001293602041
145267	0.003342625962
145268	0.001793769841
145269	0.001445031326
145270	0.001619908968
145271	0.00206906374
145272	0.0003480170134
145273	0.0005971913836
145274	0.00305927332
145275	0.0009484713759
145276	0.002682285568
145277	0.003359487889
145278	3.128157563e-05
145279	0.002933776146
145280	0.001733912202
145281	0.001185804774
145282	0.002009239027
145283	0.002761173677
145284	0.001460055869
145285	0.002771604554
145286	0.0007816067109
145287	0.002213987934
145288	0.00151985015
145289	0.001914432591
145290	0.001605888991
145291	0.00549819227
145292	0.002810580314
145293	0.001315831399
145294	0.0005699403729
145295	0.003636538456
145296	0.002384613664
145297	0.0001878429359
145298	0.001296349431
145299	0.00333734149
145300	0.00231350905
145301	0.004822885451
145302	0.0007838526831
145303	0.001724165167
145304	0.0006589943131
145305	0.001432851248
145306	0.00035357141
145307	0.002685446314
145308	0.004566383936
145309	0.002194783855
145310	0.001734198874
145311	0.00253743107
145312	0.002492324319
145313	0.001616225025
145314	0.002541897662
145315	7.28083964e-05
145316	0.001913361236
145317	0.003611232232
145318	0.004499476078
145319	0.000521455337
145320	0.003059664093
145321	8.518472029e-06
145322	0.0008435752917
145323	0.001809236446
145324	0.004780858642
145325	0.002094141552
145326	0.002585988177
145327	0.002917651168
145328	0.001327132158
145329	0.006253582704
145330	0.0008757018884
145331	0.00199254367
145332	0.004957124585
145333	0.002703979814
145334	0.001504099016
145335	0.001117403429
145336	0.001826587199
145337	0.002191310071
145338	0.000630538544
145339	0.004465125775
145340	0.005290843662
145341	0.000262206299
145342	0.00226017372
145343	0.0006930543659
145344	0.00136053566
145345	0.002270715274
145346	3.370738128e-05
145347	0.001891974841
145348	0.003078057365
145349	0.0003706558084
145350	0.000528035057
145351	0.00558623555
145352	0.003166064054
145353	0.0008985850621
145354	0.002225454558
145355	0.000127899311
145356	0.002024319921
145357	0.002401088058
145358	0.001639738171
145359	0.002415126036
145360	0.001118449631
145361	0.003092048874
145362	0.0008908690843
145363	0.0002739035199
145364	0.00164884279
145365	0.001350414873
145366	0.002130097082
145367	0.001533757507
145368	0.00159863369
145369	0.002296098638
145370	0.002520345641
145371	0.005063481769
145372	0.0008955380635
145373	3.720888949e-05
145374	0.002380614608
145375	0.0008152785905
145376	0.002169415928
145377	0.002877071365
145378	0.001491136236
145379	0.001552397953
145380	0.0001050469251
145381	0.002107537851
145382	0.003127499752
145383	0.00294777622
145384	0.002316627555
145385	0.0004723377224
145386	0.001357668757
145387	0.001455626746
145388	0.002932763199
145389	0.002012763871
145390	0.002012935145
145391	0.002415131567
145392	0.001610089609
145393	0.001815009539
145394	0.005203959672
145395	0.001083186367
145396	0.003050573634
145397	0.001941793264
145398	0.0007371486746
145399	0.002796636428
145400	0.001225239195
145401	0.001174640889
145402	0.002092078129
145403	0.0009304801417
145404	0.001790724694
145405	0.00348672939
145406	0.003751302587
145407	0.002139131732
145408	0.002688904917
145409	0.007269376689
145410	0.0007890961744
145411	0.0004992909156
145412	0.002448853307
145413	0.002225402269
145414	0.00243145049
145415	5.505364191e-05
145416	0.001057611731
145417	0.001024983458
145418	0.005185657098
145419	0.003145349102
145420	0.0005250254573
145421	0.0005449021712
145422	0.003369286597
145423	0.003114638564
145424	0.002799562206
145425	0.0006623584275
145426	0.002579478094
145427	0.001347866664
145428	0.001400978005
145429	0.0005397516227
145430	0.001903760543
145431	0.005095880314
145432	0.001454199207
145433	0.001066567157
145434	0.002647314698
145435	0.001769086577
145436	0.002530332609
145437	0.0012885648
145438	0.002620276324
145439	0.005710837692
145440	0.001003201783
145441	0.003537701462
145442	0.001051476804
145443	0.0001126380848
145444	0.00261414661
145445	0.006168809391
145446	0.0006963268309
145447	0.0003628490913
145448	5.809903039e-06
145449	0.001119905967
145450	0.001484960401
145451	0.001915282186
145452	0.00120373892
145453	0.001642840787
145454	0.002640920394
145455	2.68593436e-05
145456	0.0005351347919
145457	0.001800143945
145458	0.001094327132
145459	0.001668602392
145460	0.0004741665211
145461	0.001250026926
145462	0.002900475796
145463	0.0007717867128
145464	0.001182472977
145465	0.003602156687
145466	0.009921794422
145467	0.0003716820296
145468	0.002347622851
145469	0.001686224165
145470	0.00256504412
145471	0.001284140726
145472	0.0007500192885
145473	0.001108134527
145474	0.004218484006
145475	0.004343902495
145476	0.0007172383718
145477	0.009589511121
145478	0.006267356575
145479	0.00158677193
145480	0.00304553242
145481	0.001631095152
145482	0.002336562295
145483	0.003670941358
145484	0.002412268126
145485	0.003070483383
145486	0.001667102847
145487	0.001636156964
145488	0.003003217121
145489	0.002946530928
145490	0.007634751559
145491	0.002061685096
145492	0.00115233532
145493	0.001205817995
145494	0.001925545276
145495	0.001775884343
145496	0.001886903849
145497	0.001537703494
145498	0.001171609745
145499	0.001863006977
145500	0.002849916676
145501	0.0006267689224
145502	0.003326737003
145503	0.002469062771
145504	0.001439214408
145505	0.0008381616133
145506	0.0003912640319
145507	0.0004743860418
145508	9.901065196e-05
145509	0.0003260413869
145510	0.0001885587091
145511	0.002142376148
145512	0.003698832214
145513	0.002927162747
145514	0.0007539911228
145515	0.001747067366
145516	0.001201620511
145517	0.001576602304
145518	0.0006134573177
145519	0.002164297079
145520	5.084180564e-06
145521	0.004396114168
145522	0.003034754441
145523	0.001292799253
145524	0.0007522351872
145525	0.002124159491
145526	0.001706321094
145527	0.002868332326
145528	0.00118094389
145529	0.0008722636013
145530	0.001185018093
145531	0.0007483736362
145532	0.001751746114
145533	0.00430055813
145534	0.002273410845
145535	0.002766170717
145536	0.001508379087
145537	0.00181655917
145538	0.002123987013
145539	0.002504207043
145540	0.003943684828
145541	0.003696081612
145542	0.00020343113
145543	0.001152839682
145544	0.0002227581389
145545	0.00231814912
145546	0.007621013193
145547	0.005531752702
145548	0.002286138921
145549	0.0006584869552
145550	0.006505118808
145551	0.0006926613582
145552	0.007610751639
145553	0.001728102818
145554	0.0001455174672
145555	0.002051769809
145556	0.001725205163
145557	0.004027882569
145558	0.0006859843452
145559	0.0003818979903
145560	0.001505179258
145561	0.00196888362
145562	0.006205954354
145563	0.0007977882879
145564	0.001481332629
145565	0.002815922527
145566	0.003118249933
145567	0.000780062756
145568	0.0002216665768
145569	0.004006191834
145570	0.001634075515
145571	3.172747176e-05
145572	0.001754688795
145573	0.001763433622
145574	0.001014129696
145575	0.002383654561
145576	0.0006154578002
145577	0.006870134367
145578	0.001991373923
145579	0.00183450183
145580	0.002531792933
145581	0.001614233726
145582	0.002603812115
145583	0.004021854134
145584	0.005144476557
145585	0.001948652147
145586	0.004382849984
145587	0.002724722304
145588	0.003932273238
145589	0.001855538453
145590	0.002477155831
145591	0.0009249915912
145592	0.0008380988311
145593	0.0008106393012
145594	0.002808049719
145595	0.001360233
145596	0.0002070166811
145597	0.0004461268467
145598	0.0008426083128
145599	0.000983553742
145600	0.001173668835
145601	0.001698347383
145602	0.002062140601
145603	0.0017765652
145604	0.0001596170822
145605	0.001792375635
145606	0.0007107912736
145607	0.001235649848
145608	0.0003972322483
145609	0.003794630545
145610	0.002084843925
145611	0.0003049802416
145612	0.0002394874747
145613	0.002024247044
145614	0.006180398483
145615	0.002161894391
145616	0.001461954448
145617	0.002157005897
145618	0.0009361729983
145619	0.006783795373
145620	0.0008646902539
145621	0.000700756685
145622	0.001606206383
145623	0.00146414776
145624	9.777252451e-05
145625	0.0007052284568
145626	0.003134919061
145627	0.003408009911
145628	0.001663185802
145629	0.005444083623
145630	0.001814610058
145631	0.002728870578
145632	0.002461349119
145633	0.0006703380225
145634	0.001617868469
145635	0.0004248802782
145636	0.002121083079
145637	0.0004253914065
145638	0.0002693801591
145639	0.002012572998
145640	0.003338122881
145641	0.00158562939
145642	0.001775194949
145643	0.003232775844
145644	0.001711850427
145645	0.000927325049
145646	0.001541985503
145647	0.001559241107
145648	0.0008271895684
145649	0.001860375326
145650	0.002729457446
145651	0.002580605011
145652	0.001320113016
145653	0.001326974001
145654	0.003042148631
145655	0.002072513426
145656	3.074868643e-05
145657	0.0008194654323
145658	0.002630653364
145659	0.002899439655
145660	0.0008089604139
145661	0.005432913654
145662	0.003768862217
145663	0.002114993004
145664	0.002463853549
145665	0.001028679108
145666	0.0003537955157
145667	0.001930892555
145668	0.001171960002
145669	0.000257221057
145670	0.001521158728
145671	0.004497971723
145672	0.001608961129
145673	0.002091376174
145674	0.002124304746
145675	0.003576826495
145676	0.005579377879
145677	0.004471778329
145678	0.002592708224
145679	0.002718598375
145680	0.002052672301
145681	0.004712175897
145682	0.001892421009
145683	0.003142845951
145684	0.0001114293772
145685	0.006293950426
145686	0.005351919048
145687	0.001103643141
145688	0.0007202678107
145689	0.002109902152
145690	0.0033983082
145691	0.002561474339
145692	0.005645053489
145693	0.003109656445
145694	0.001487993095
145695	0.0009429488212
145696	0.0008806697424
145697	0.003120951548
145698	0.002454963647
145699	0.0001873260501
145700	0.002895968646
145701	0.003710130157
145702	0.001890431411
145703	0.001654609736
145704	0.0007586538666
145705	0.001484392661
145706	0.0002017517032
145707	0.001546486175
145708	0.0005707463756
145709	0.001683627906
145710	0.01031820342
145711	0.0006263743253
145712	0.0007206195206
145713	0.003075172395
145714	0.00141187704
145715	0.004126287042
145716	0.001768575688
145717	0.001376127045
145718	0.002043751885
145719	0.0003268191736
145720	0.001344017419
145721	0.002426783274
145722	0.0004280021919
145723	0.002264597715
145724	0.006732805674
145725	0.0007156547313
145726	0.004757821345
145727	0.001626790876
145728	0.002030565309
145729	7.308436574e-05
145730	0.001147825689
145731	0.0001341712723
145732	0.0008495059996
145733	0.001200950033
145734	0.006541957243
145735	0.001452423558
145736	0.002283767232
145737	0.000191302187
145738	0.00156982875
145739	0.001049976212
145740	0.000351588858
145741	0.0005281754501
145742	0.0008243490969
145743	0.001485879289
145744	0.001932500082
145745	0.003462476653
145746	9.407607234e-05
145747	0.0008826993607
145748	0.0001433761104
145749	0.002872266773
145750	0.0009817060517
145751	0.004784307019
145752	0.0007495438297
145753	0.002868514905
145754	0.001321322445
145755	0.003837196234
145756	0.001706552911
145757	0.002176003801
145758	0.002995672852
145759	0.003081294923
145760	0.002471383757
145761	0.002714271601
145762	0.001160318699
145763	0.0001304902044
145764	0.0008285315499
145765	0.001564759432
145766	0.0007209784458
145767	0.0005835058947
145768	0.001931529415
145769	0.001152610514
145770	0.0001873793652
145771	0.001103037912
145772	0.002501994909
145773	0.00406112836
145774	0.0005370613124
145775	0.001845319649
145776	0.002315205396
145777	0.0004876165144
145778	0.0025666917
145779	0.001624035151
145780	0.000587439156
145781	0.002479496483
145782	0.001704761556
145783	0.0009939482394
145784	0.001836461962
145785	0.004214858415
145786	0.003383122097
145787	0.001497703919
145788	0.008843071923
145789	0.002008403049
145790	0.001519406571
145791	0.001163804025
145792	0.002834293104
145793	0.002200384295
145794	0.0002340236922
145795	0.003636735433
145796	0.004330152588
145797	0.001942728968
145798	0.002563871307
145799	0.003661940838
145800	0.00395647139
145801	0.00493913169
145802	0.001901227739
145803	0.002085364173
145804	0.003547154681
145805	0.00422330103
145806	0.0001214901791
145807	0.0003253256972
145808	0.001337699496
145809	0.003320602003
145810	0.002772106155
145811	0.002150900584
145812	0.003600855028
145813	0.002126118241
145814	0.002152312351
145815	4.325895388e-05
145816	0.001175932396
145817	0.001556214307
145818	0.001343735045
145819	0.002712632006
145820	0.003475727566
145821	0.001739191996
145822	0.003771369573
145823	0.000734052424
145824	0.002597347529
145825	0.001435486783
145826	0.003058038167
145827	0.0001991108824
145828	0.001670742383
145829	0.003932267593
145830	0.001154990848
145831	0.0007368412574
145832	0.002904018992
145833	0.0001396759649
145834	0.002256831832
145835	0.00226355256
145836	4.537965205e-06
145837	0.003014657127
145838	0.001967462362
145839	0.0004951295259
145840	0.002499587354
145841	0.001965366653
145842	8.88940288e-05
145843	0.003303685104
145844	0.00294173397
145845	0.001634434947
145846	0.002373065025
145847	0.001574162218
145848	0.001166090443
145849	0.002684529273
145850	0.0002972045267
145851	0.001900136109
145852	0.0006062846837
145853	0.00160788362
145854	0.001359063136
145855	0.002409063999
145856	0.00163637655
145857	0.001576480935
145858	0.0007285637243
145859	0.003822492716
145860	0.002309878194
145861	0.0007397683121
145862	0.0007594120714
145863	0.003847086658
145864	0.001692522685
145865	0.002451866641
145866	0.0009388510473
145867	0.003289157264
145868	0.00336904304
145869	0.001524062794
145870	0.006376301404
145871	0.00426368003
145872	0.002138032725
145873	0.001022891018
145874	0.005851160093
145875	0.002020612387
145876	0.00350065634
145877	0.000800199305
145878	0.0017175072
145879	0.003855858361
145880	0.00119048904
145881	0.004047532857
145882	0.003629336918
145883	0.001881986934
145884	0.0009233427575
145885	0.002029085436
145886	0.0007212394976
145887	0.005442008111
145888	0.001780277514
145889	0.002362168813
145890	0.002463169655
145891	0.006482880839
145892	0.001841894321
145893	8.285126246e-05
145894	0.002174575394
145895	0.0004137822476
145896	0.002173703845
145897	0.001857444143
145898	0.002336669745
145899	0.002359998917
145900	0.002584970526
145901	0.001477794438
145902	0.0004949864666
145903	0.001896426455
145904	0.002745373932
145905	0.005015320456
145906	0.002892158856
145907	0.001134834132
145908	0.001074398423
145909	0.00199724521
145910	0.002373289325
145911	7.970991212e-05
145912	0.0001170141667
145913	0.003878368492
145914	0.001200369726
145915	0.002012222557
145916	0.003110648522
145917	0.001974485197
145918	0.001857093413
145919	0.006036644589
145920	0.001022878479
145921	0.005373889495
145922	0.000355364647
145923	0.00380651171
145924	0.003941575443
145925	0.001838301424
145926	0.001548601494
145927	0.003365677773
145928	0.002553516643
145929	0.005847385345
145930	0.002925968444
145931	0.00432732433
145932	0.003309728315
145933	0.003417193067
145934	0.0008714863844
145935	0.003163890063
145936	0.002691052991
145937	0.0008459310449
145938	0.002378504186
145939	0.00194607609
145940	0.001508435983
145941	0.0008089659059
145942	0.001498016922
145943	0.0003800491989
145944	0.0002949917176
145945	0.001088448162
145946	0.00202645236
145947	0.0004471049673
145948	0.004773933314
145949	0.002009231274
145950	0.002034514716
145951	0.001230390216
145952	0.001751600196
145953	0.001686313948
145954	0.002092982851
145955	0.0006444584673
145956	0.001196934668
145957	0.0007609584086
145958	0.0008993776409
145959	0.003659001238
145960	0.001956704658
145961	0.0005876304501
145962	0.001359825513
145963	0.0006180827765
145964	0.001710603087
145965	0.0006752920372
145966	0.001299721162
145967	0.002006998698
145968	0.00197207876
145969	0.001241956355
145970	0.002090705115
145971	0.001435697611
145972	0.003665903919
145973	0.002651159738
145974	0.002802742767
145975	0.001294580823
145976	0.001571270456
145977	0.002478787184
145978	0.006411808167
145979	0.0003734487198
145980	0.001584944842
145981	0.001115425836
145982	0.002613911198
145983	0.001264874668
145984	0.001516746282
145985	0.001536879967
145986	0.002926307069
145987	0.002451460043
145988	0.001827522202
145989	0.0005353247079
145990	0.0004093519015
145991	0.00280325793
145992	0.002135987849
145993	0.0008785170097
145994	6.401453737e-05
145995	0.001701766204
145996	0.003652885844
145997	0.0008998365429
145998	0.002463975502
145999	0.001244680093
146000	0.002887516083
146001	0.002436489628
146002	8.395968302e-05
146003	0.002826345582
146004	0.002853236327
146005	0.00036743675
146006	0.0001679989653
146007	0.005927690961
146008	0.0006721443087
146009	0.001561286887
146010	0.001525154674
146011	0.003538300903
146012	0.001450711754
146013	0.003208608668
146014	0.001878019826
146015	0.001386263686
146016	0.0003672229523
146017	0.001616698662
146018	0.0002234957627
146019	0.0008508931012
146020	0.003185326591
146021	0.001541656013
146022	0.001547289486
146023	0.0004875774573
146024	0.0001110845333
146025	0.002258140365
146026	0.006388004596
146027	0.001808056179
146028	0.002641003058
146029	0.001305498912
146030	0.002480967572
146031	0.001849275631
146032	0.0006606199335
146033	0.001167378457
146034	0.0007586282994
146035	0.001616367003
146036	0.003223146875
146037	0.00310128548
146038	0.002202728908
146039	0.001392863353
146040	0.001824616224
146041	0.004331592988
146042	0.004376941115
146043	0.002712830197
146044	0.002232556322
146045	0.002050560315
146046	0.002381709546
146047	0.0007108271997
146048	0.002961992566
146049	0.005945820764
146050	0.000349552725
146051	0.003163056918
146052	0.002335343453
146053	0.001415562815
146054	0.002489671195
146055	0.0002160604253
146056	0.0009660847453
146057	0.001294474128
146058	0.0006640089201
146059	0.0003309900617
146060	0.0001028659857
146061	0.0007475713749
146062	9.124850041e-05
146063	0.001835227423
146064	0.0007496335566
146065	0.00248119437
146066	0.00153292035
146067	0.004581146279
146068	0.002123771634
146069	0.001852705814
146070	0.002781994177
146071	0.002365218756
146072	0.001939958448
146073	0.001699068243
146074	0.00153061883
146075	0.0007650826834
146076	0.002364332637
146077	0.0005743938203
146078	0.003260952921
146079	0.0006403284096
146080	0.002859121713
146081	0.002032598235
146082	0.004666756459
146083	0.001234509575
146084	0.002564457779
146085	0.001375407671
146086	0.00332369998
146087	0.00253369265
146088	0.003522811555
146089	0.003201125646
146090	0.002288658945
146091	0.002786608349
146092	0.003069021791
146093	0.0008183881961
146094	0.0003508399919
146095	4.917340145e-06
146096	0.001625372102
146097	0.001130758016
146098	0.001014712329
146099	0.002461412118
146100	0.002434606964
146101	0.00296611016
146102	0.003387639328
146103	0.0008982451525
146104	0.00192263923
146105	0.0003162231211
146106	4.182455901e-05
146107	0.003693372186
146108	0.002572307301
146109	0.002816865224
146110	1.275431849e-05
146111	0.00225449969
146112	0.001428817514
146113	0.001770527357
146114	0.001675781589
146115	0.003378375972
146116	0.0006363099037
146117	0.000787158127
146118	0.003576051024
146119	0.0009341229462
146120	0.003165796303
146121	0.002084775179
146122	0.001891178062
146123	0.0009574378927
146124	0.002237439667
146125	7.949602004e-05
146126	0.003345818777
146127	0.0009425340657
146128	0.00278035473
146129	3.043160612e-05
146130	0.004797520012
146131	0.001700944514
146132	0.001113017779
146133	0.0003978798432
146134	0.0008083671755
146135	0.001230492148
146136	0.002231561117
146137	0.0005372515621
146138	0.0005615349048
146139	0.0025584886
146140	0.001623703022
146141	0.003882044122
146142	0.001738447648
146143	0.002685199378
146144	0.004236909218
146145	0.0005312716284
146146	0.0006496349132
146147	0.005242668638
146148	0.002242963135
146149	0.00126987683
146150	0.002039562053
146151	0.002042826246
146152	0.006085392377
146153	0.002464538439
146154	0.002139070907
146155	0.0001404290198
146156	0.0004378608643
146157	0.003100847295
146158	0.00227222883
146159	0.001981136927
146160	0.003063907898
146161	0.0004174187763
146162	0.001911420386
146163	0.00258406327
146164	0.001480659575
146165	0.003610293714
146166	0.001690424396
146167	0.002703929318
146168	0.001307421004
146169	0.002619338722
146170	0.001738480063
146171	0.003062713247
146172	0.002871901128
146173	0.002036828982
146174	0.002621024385
146175	0.002989955157
146176	0.002234993758
146177	0.0001202649431
146178	0.002521568715
146179	0.002340183128
146180	0.0001858858179
146181	0.001061552003
146182	0.00128815115
146183	0.0001520202513
146184	0.001613233944
146185	0.0027952732
146186	0.0007787886802
146187	0.001198798464
146188	0.001872997834
146189	0.001084821139
146190	0.0002271576236
146191	0.001662882748
146192	0.006024956586
146193	0.003703227157
146194	0.002585300811
146195	0.002049398229
146196	2.661710077e-05
146197	0.001630809354
146198	0.0002066671426
146199	0.001306181664
146200	0.002144759915
146201	0.0008163778701
146202	0.002927981324
146203	0.001522581804
146204	0.001201430415
146205	0.002729628644
146206	0.0003445052444
146207	0.002234729312
146208	0.001351540561
146209	3.469546251e-05
146210	0.002014849425
146211	0.004393219724
146212	9.707265161e-05
146213	0.002739125603
146214	0.0006751297004
146215	0.004744929227
146216	0.002459454011
146217	0.002582534728
146218	0.004876816617
146219	0.001381088948
146220	0.0007468287847
146221	0.001956086962
146222	0.004242010548
146223	0.0005676557705
146224	0.003849301581
146225	0.004090538607
146226	0.002178116437
146227	0.00120504541
146228	0.001258627798
146229	0.001907314292
146230	0.002594609773
146231	0.0003585984963
146232	0.0002188591638
146233	0.001445810246
146234	0.00486592661
146235	0.00352889586
146236	0.001395112615
146237	0.0004355451078
146238	0.0005408337195
146239	0.0002492712969
146240	0.00428564978
146241	0.001648696998
146242	0.0001670290349
146243	0.004533016249
146244	0.001689140571
146245	0.001285308655
146246	0.005328134353
146247	0.003340693905
146248	0.001502448813
146249	0.004216737415
146250	0.001421723889
146251	0.002876045366
146252	0.0006142588189
146253	0.0007302453899
146254	0.002582470937
146255	0.0004098823972
146256	0.002378831069
146257	0.0003250282705
146258	0.0009223623182
146259	0.002827117343
146260	3.284917001e-05
146261	0.0020466381
146262	0.001043288396
146263	0.0008342057349
146264	0.002943830918
146265	0.00262573716
146266	0.00386818629
146267	0.0006277701309
146268	0.0007297531724
146269	0.001060082025
146270	0.001893181127
146271	0.00221357952
146272	0.003712097122
146273	0.002697603931
146274	0.001073926808
146275	0.001606819584
146276	0.005676740963
146277	0.0008021930136
146278	0.001707296393
146279	0.003556358684
146280	0.004481406921
146281	0.002023156716
146282	0.002924269225
146283	0.001628258263
146284	0.001420846958
146285	0.002342142106
146286	0.001466605836
146287	0.0001452433958
146288	0.001001547036
146289	0.004053959233
146290	0.00107101259
146291	0.00713584456
146292	0.0006102313369
146293	0.005517611028
146294	0.0007128704592
146295	0.003986747217
146296	0.003399539204
146297	0.00164419799
146298	0.0006495226137
146299	0.0004072386861
146300	0.0009797777525
146301	0.004723490791
146302	0.0006364903181
146303	0.0008240556196
146304	0.0002966886567
146305	0.0002505108944
146306	0.003863669298
146307	0.00138076443
146308	0.004276937009
146309	0.001860600482
146310	0.001706087461
146311	0.002935017866
146312	0.0005770148724
146313	0.005049298613
146314	0.002609280876
146315	0.0001728779515
146316	0.0005149393659
146317	0.004731772103
146318	0.001215645823
146319	0.003523173908
146320	0.001752578092
146321	0.002388505156
146322	0.002183032527
146323	8.584210993e-05
146324	0.003976409147
146325	0.001346906277
146326	0.002205043161
146327	0.0003733144803
146328	0.00146865977
146329	0.002070253736
146330	0.001087977298
146331	0.001720409381
146332	0.001446870253
146333	0.0007395895292
146334	0.001832952719
146335	0.001240456629
146336	0.0006134619214
146337	0.0001236888544
146338	0.002569513393
146339	0.0007006302991
146340	0.0001429540253
146341	0.0008062314271
146342	0.001356710631
146343	0.0004567038387
146344	0.0005091572909
146345	0.001448647996
146346	0.002110638508
146347	0.0009670413898
146348	0.0003714003129
146349	0.003592820011
146350	0.0006009231383
146351	0.001290271332
146352	0.001127694388
146353	0.002476871977
146354	0.000858886874
146355	0.001426856136
146356	0.002932655024
146357	0.001848894982
146358	0.001588705509
146359	0.0001442968628
146360	0.004529302287
146361	7.24296934e-05
146362	0.0002529704111
146363	0.001215976691
146364	2.955427501e-05
146365	0.0003935347375
146366	0.000893449038
146367	0.001093091186
146368	0.0006320383141
146369	0.0002961587187
146370	0.0007605505716
146371	0.001382294049
146372	0.000229710514
146373	0.0004378784442
146374	0.0005113081389
146375	0.001361782787
146376	0.0001576229614
146377	0.0008480243829
146378	0.0007567196924
146379	0.0006750006881
146380	0.002717123494
146381	0.0003572973482
146382	0.001082013512
146383	0.001664697899
146384	0.0006206082239
146385	0.00154515484
146386	0.0002624787832
146387	0.002157549133
146388	0.0001992485002
146389	0.0008665160708
146390	0.0004270781573
146391	0.002805982429
146392	0.0003565997097
146393	0.004724431354
146394	0.001927284064
146395	0.002269548893
146396	0.0004879727845
146397	0.0005396773524
146398	0.002920377636
146399	0.0005927974728
146400	5.770323301e-05
146401	0.0003636477539
146402	0.001478528221
146403	3.585494338e-05
146404	0.004259811715
146405	0.001529204822
146406	0.001050099638
146407	0.001621340853
146408	0.001364861251
146409	8.905221611e-06
146410	0.0007347301683
146411	0.001816240551
146412	0.0006266158323
146413	0.0005188330342
146414	0.0007151334415
146415	0.003224978673
146416	0.0009061914822
146417	0.0002754712333
146418	0.0002660922503
146419	0.001349443342
146420	0.000222671543
146421	0.0001589841388
146422	0.00026918389
146423	0.002273003398
146424	0.0005189193951
146425	0.001447840153
146426	0.00062152435
146427	0.001327113769
146428	0.0002901134461
146429	0.002302686647
146430	0.001725087135
146431	0.0007924670505
146432	0.0006818590747
146433	0.0003564426959
146434	0.0005775030666
146435	0.0004327367459
146436	0.0004070793551
146437	0.001956646794
146438	0.00105897207
146439	0.0004064515722
146440	0.001012292475
146441	0.0001672576315
146442	0.001205534648
146443	0.003440031493
146444	0.0002154957694
146445	0.0002610434971
146446	0.0006064417475
146447	0.0002033254176
146448	0.001093267026
146449	0.001220167923
146450	0.0008558828452
146451	0.0003143919216
146452	0.0005466454641
146453	0.00292671227
146454	9.281998197e-05
146455	0.001093019758
146456	0.0007668683783
146457	0.001441485944
146458	0.002548277329
146459	0.0008786709648
146460	0.0007019342569
146461	0.00159094486
146462	0.001431357908
146463	0.001257408412
146464	0.001978253437
146465	0.001435501396
146466	8.359477658e-05
146467	0.0002823325986
146468	0.0004212096835
146469	0.0009485093517
146470	0.0007474463516
146471	0.000692617728
146472	0.001154495367
146473	0.0007910304052
146474	0.001067049505
146475	0.0003480928999
146476	0.000839173494
146477	0.0003566020423
146478	0.00122559043
146479	0.001238899809
146480	0.002254290435
146481	0.0002517177307
146482	0.000506562053
146483	0.0008639852029
146484	0.001396354955
146485	0.0006148653183
146486	0.00289275469
146487	0.000918103881
146488	0.001806288144
146489	0.00105074682
146490	0.004270530102
146491	0.0006311644092
146492	0.001559894437
146493	0.003496373597
146494	0.005684387888
146495	0.0006099529781
146496	0.000214943116
146497	0.002285317352
146498	0.001000778945
146499	0.0004924337213
146500	0.001284315636
146501	0.001078717236
146502	0.001391421693
146503	0.001389754252
146504	0.001261107372
146505	0.000595786901
146506	0.0005457345573
146507	0.0006815309534
146508	0.003381852389
146509	0.0006300308051
146510	0.00051404595
146511	0.0007293489329
146512	0.001978935806
146513	0.002839352819
146514	0.0006257796862
146515	0.0006721850045
146516	0.0005122886004
146517	7.981760726e-05
146518	0.0006796446232
146519	0.0002485614689
146520	0.004811068995
146521	0.001169695977
146522	0.0006072388812
146523	0.001219595498
146524	0.0002462225576
146525	0.0006759456194
146526	0.002734217663
146527	0.0008235432235
146528	0.001374999062
146529	0.0008871384926
146530	0.0001666364512
146531	0.0002511684793
146532	0.000985990021
146533	0.0009032072459
146534	0.0005372224834
146535	0.0002149458908
146536	0.0009672374071
146537	0.0007849667583
146538	0.000492667615
146539	0.003211222325
146540	0.003354470106
146541	0.0001679591446
146542	0.0010141351
146543	0.0001936290982
146544	0.001215082822
146545	0.0008437724929
146546	0.002689413306
146547	0.001188491536
146548	0.001111017229
146549	0.003317873286
146550	0.001572664448
146551	0.001515940218
146552	0.00234833625
146553	6.865892834e-05
146554	9.853555941e-05
146555	0.001342276375
146556	0.003135628192
146557	0.001856805631
146558	0.0008347752072
146559	0.001500335759
146560	4.280727035e-05
146561	0.001139543561
146562	0.001290066072
146563	0.0003203601815
146564	0.000560518029
146565	0.002379494922
146566	0.0001843882197
146567	9.814996576e-05
146568	0.003113733273
146569	0.0001510976584
146570	0.002568689991
146571	0.002060414316
146572	0.0003630778714
146573	0.002369185415
146574	0.001397271288
146575	0.001467429656
146576	0.004955298607
146577	0.002455162534
146578	0.0009950207424
146579	0.0001692262201
146580	0.001014159119
146581	0.001561218408
146582	0.0001958878292
146583	0.0007107742178
146584	0.001120224765
146585	0.0007909486494
146586	9.454747775e-05
146587	0.001814374711
146588	0.002287674992
146589	0.003139452126
146590	0.0008433258003
146591	0.002207363475
146592	0.001542863346
146593	0.002856181525
146594	0.0002095603827
146595	0.001243645961
146596	0.0003120031372
146597	0.0002555332601
146598	0.00173285484
146599	0.001686137723
146600	0.001051861394
146601	0.0009429639113
146602	0.001264099579
146603	0.0003066926511
146604	0.004006272901
146605	0.000928298289
146606	0.001033580232
146607	0.0005362214972
146608	0.001169052572
146609	0.0006361481576
146610	0.001221430755
146611	0.0002939210871
146612	0.0009142652404
146613	0.001575594522
146614	0.0008418839942
146615	0.0005936077672
146616	0.0001811551471
146617	0.001278773025
146618	0.001559557091
146619	0.0006220412703
146620	0.001094016417
146621	0.0003796039197
146622	0.001060338833
146623	0.0003630152452
146624	0.002549532642
146625	0.001480084708
146626	0.0003851213451
146627	0.0001198938671
146628	0.0005592497352
146629	0.002214223716
146630	0.001271856333
146631	0.000931929744
146632	0.002271510534
146633	0.001408940276
146634	0.0008808759571
146635	0.0005154806854
146636	0.0002721514436
146637	0.0003546410049
146638	0.0003552808098
146639	0.0002729971024
146640	0.0002630899211
146641	0.0004635912541
146642	0.003078620323
146643	0.0003895134361
146644	0.0007915562848
146645	0.001186306569
146646	0.0007847331165
146647	0.00137651032
146648	0.0002132488986
146649	0.0003288460212
146650	0.0001655645654
146651	0.0004151552119
146652	0.0005779163658
146653	0.0002415576234
146654	0.002179284411
146655	0.000209803279
146656	0.002488383061
146657	0.003192253957
146658	0.0008799946103
146659	0.0001974417718
146660	0.002148082376
146661	0.0006788405665
146662	0.0007583369292
146663	4.377305956e-05
146664	0.0007534149592
146665	0.001215725462
146666	0.001180383401
146667	0.001185060462
146668	0.0005473736651
146669	0.003036688453
146670	0.0002763882507
146671	0.0001201856435
146672	0.0008210419849
146673	0.00245600988
146674	0.0001564657171
146675	0.001692628381
146676	0.002527388849
146677	0.0004589169445
146678	0.00028501814
146679	0.0009224470882
146680	0.001050249412
146681	0.0009533222386
146682	0.0003409666364
146683	0.001313151409
146684	0.001979630358
146685	0.0003005108045
146686	0.001115278774
146687	2.628524204e-06
146688	3.83511802e-05
146689	0.0001008956267
146690	0.001299293176
146691	0.001901199101
146692	0.0004015103302
146693	0.002949589767
146694	0.0004992044716
146695	0.0001888898977
146696	0.0008921084715
146697	0.0008055557622
146698	0.00132863177
146699	0.003931106504
146700	0.0006307527689
146701	0.0001950031276
146702	0.0015082055
146703	3.526811617e-05
146704	0.0003386639584
146705	0.001226340578
146706	0.0006032126942
146707	0.0006304598583
146708	0.001078183408
146709	0.0004912217366
146710	0.002111621605
146711	0.0008334404794
146712	0.002484894558
146713	0.0001855298323
146714	0.003464425292
146715	0.002088123289
146716	0.0006399607174
146717	0.003213888092
146718	0.000431973436
146719	0.0008739006761
146720	0.002169725491
146721	0.001647965078
146722	0.001776365433
146723	0.0008308575003
146724	7.100354116e-05
146725	5.067721654e-05
146726	0.0006585813426
146727	0.0002458280118
146728	0.001028245854
146729	0.001269662235
146730	0.0001442145187
146731	0.0006709192633
146732	0.0003840745397
146733	0.0005876179757
146734	0.0002961140439
146735	0.002080691868
146736	0.001712568415
146737	0.0005869932529
146738	5.231889287e-05
146739	0.0007391703069
146740	0.0009182111552
146741	0.0004264732915
146742	0.0001842893612
146743	0.0003211890063
146744	0.0004235407526
146745	0.0008744636998
146746	0.0008376623007
146747	0.001088172822
146748	0.001119928549
146749	0.002368247656
146750	0.001541596798
146751	0.001534165066
146752	0.001313495369
146753	0.001539997918
146754	0.001135743641
146755	0.001603702463
146756	0.0009521492807
146757	0.0002619902877
146758	0.001077949902
146759	0.0008845245676
146760	0.0001824793984
146761	0.0001077081441
146762	0.0005104729797
146763	0.0005668611515
146764	0.0007888981411
146765	0.0007633351374
146766	0.00313996419
146767	0.002585909296
146768	0.001667239923
146769	9.006201104e-06
146770	0.000734534883
146771	0.0009731221246
146772	0.0003269937632
146773	0.0003818550796
146774	0.0006434009886
146775	0.0002684105388
146776	0.0005160568881
146777	0.001818685079
146778	0.0002335015766
146779	0.0006655406519
146780	0.001291251754
146781	1.002802856e-05
146782	0.0003768312642
146783	0.0002518469733
146784	0.0001929519401
146785	0.0008482886752
146786	0.0001004752581
146787	0.0006740015837
146788	0.0004916380549
146789	0.002661132099
146790	0.001390459898
146791	0.001555288121
146792	0.0004450679337
146793	0.001781876403
146794	0.003364229264
146795	0.0001336306316
146796	0.002136718409
146797	0.0007186338046
146798	0.0001108906287
146799	0.0005294724227
146800	0.0002055533425
146801	0.0003401152981
146802	0.0006593218543
146803	0.0001933678681
146804	0.000713994147
146805	0.0005510006314
146806	0.00218057511
146807	0.003729859388
146808	0.000578101972
146809	6.880348292e-05
146810	0.0008782416938
146811	0.00110565113
146812	0.0002122188739
146813	0.000968873282
146814	0.004251491826
146815	0.0004796592426
146816	0.002091077187
146817	0.001283367209
146818	0.001603475635
146819	0.0004695447452
146820	0.002604101932
146821	0.001394016243
146822	0.0004702450066
146823	0.0006302060954
146824	0.00220855379
146825	0.001050694275
146826	0.001297331468
146827	7.186923178e-05
146828	0.002188199895
146829	0.0009196650277
146830	0.00336774297
146831	0.001278339255
146832	0.0004702537111
146833	0.0001849936242
146834	0.0005778218144
146835	0.0002947103584
146836	0.002233910957
146837	0.001506587626
146838	0.0009349144014
146839	0.0005160062382
146840	0.0004229622631
146841	0.0006251110001
146842	0.0006378685517
146843	7.653314414e-05
146844	0.001597492303
146845	0.0008483727582
146846	0.0008378470514
146847	0.001243655654
146848	0.0006711008187
146849	0.001950408856
146850	0.0005291139674
146851	0.000808004775
146852	0.0005569836286
146853	0.0003562226518
146854	0.002737631323
146855	0.001579523338
146856	0.001300554259
146857	0.001379257312
146858	0.0001421578954
146859	0.0004952558431
146860	0.002002439624
146861	0.0002594106512
146862	0.0003444017632
146863	0.0005276322862
146864	0.0001794865548
146865	0.0004766296818
146866	0.0006442578171
146867	0.001238559509
146868	8.203433234e-06
146869	0.0008514165435
146870	0.0002343610518
146871	0.0004368957198
146872	0.0007155939708
146873	3.323943997e-05
146874	4.609978488e-05
146875	0.002127554845
146876	0.0006283698441
146877	0.0005669496148
146878	0.001498512064
146879	0.004691707594
146880	0.0001066026754
146881	0.002186375817
146882	0.001649166121
146883	0.0001759946922
146884	0.002425212267
146885	0.0004936896885
146886	0.0005076855184
146887	0.00384470867
146888	0.0008555395093
146889	0.0002405214053
146890	0.0008545298343
146891	0.001088746344
146892	0.0001300839305
146893	0.001152282
146894	0.0001510613432
146895	0.0001906338105
146896	0.000461142618
146897	0.0005568234014
146898	0.001449347694
146899	0.0004048272895
146900	0.0002467202317
146901	0.0009630158377
146902	0.0006559474634
146903	0.001119672099
146904	0.000331756011
146905	0.001757853376
146906	0.0008153730548
146907	0.0001224704489
146908	0.00134529398
146909	0.0001657074609
146910	0.0007682763687
146911	0.0001008800361
146912	0.001825895017
146913	0.001100632312
146914	0.0001358515069
146915	0.0001816881985
146916	0.0004509326096
146917	0.002487328324
146918	0.001887041963
146919	0.002465585231
146920	0.0006631347568
146921	0.001801152324
146922	0.0006283724998
146923	0.002443304446
146924	0.0007700015388
146925	5.688366645e-05
146926	0.001787086579
146927	7.718270312e-05
146928	0.001417533812
146929	0.002357492745
146930	0.0006635686708
146931	0.002779332443
146932	0.001453592289
146933	0.0002834137021
146934	0.001532819744
146935	0.0001541696798
146936	0.0009517858092
146937	0.0007450794044
146938	0.000764328406
146939	0.0002239606074
146940	0.0005438519709
146941	6.282005942e-05
146942	0.001464517671
146943	0.002714918158
146944	0.0001963036796
146945	0.001485097085
146946	0.0006464615846
146947	9.932299979e-05
146948	0.0006825326995
146949	0.0008556554848
146950	0.0008655972934
146951	0.001497512326
146952	0.0003760944778
146953	0.0017741962
146954	0.001061595054
146955	0.00157041305
146956	0.001674832217
146957	0.00093591437
146958	0.00213998171
146959	0.0001482012637
146960	0.003633540586
146961	0.0008563948146
146962	0.0006947926341
146963	0.0001446522179
146964	0.001445017779
146965	0.001301728455
146966	7.33376433e-05
146967	0.001718786096
146968	0.001063858242
146969	0.003826075181
146970	0.001613543305
146971	0.0003871478336
146972	0.00116836183
146973	0.001077737682
146974	0.0006508292565
146975	0.0002105968631
146976	0.00106607357
146977	0.001981397252
146978	8.366621959e-05
146979	0.0006964766659
146980	0.002936312725
146981	0.0009092862975
146982	0.001163228138
146983	0.001624843566
146984	0.001080047926
146985	0.001918933295
146986	0.0005301985635
146987	0.001301461993
146988	0.0003476913812
146989	0.0007834386016
146990	0.0008764489388
146991	0.003798007034
146992	0.0008390102252
146993	0.00135383887
146994	0.002262015673
146995	0.0002564020842
146996	0.000931446422
146997	5.322411806e-05
146998	0.001340726344
146999	0.001365910408
147000	8.137637831e-05
147001	8.513900757e-05
147002	0.002990150656
147003	0.001047575884
147004	0.0004853967431
147005	0.0007519600336
147006	0.0006160102976
147007	2.280989866e-05
147008	0.001006772643
147009	0.003874019087
147010	0.002202339083
147011	5.219831944e-05
147012	0.001033909935
147013	0.003344268649
147014	0.0009564095551
147015	0.000296285086
147016	0.0005887681442
147017	0.003084866172
147018	0.003429318788
147019	0.001828987447
147020	0.002329287227
147021	8.721403827e-05
147022	0.002010910679
147023	0.0004222748011
147024	0.001093695334
147025	1.799798264e-05
147026	0.0006687115071
147027	0.001794679822
147028	0.0003153970797
147029	0.001328654394
147030	0.001042283543
147031	0.005080711135
147032	0.0001055272845
147033	0.001173270213
147034	0.0006729075732
147035	0.002542523331
147036	0.001569654617
147037	0.001391632979
147038	0.004003215425
147039	0.001224591162
147040	0.002184469297
147041	0.001103320042
147042	0.002487995597
147043	0.0005643998984
147044	0.0003460347176
147045	0.0006317086942
147046	0.000405969329
147047	0.002639455278
147048	0.001882208047
147049	0.002622526458
147050	0.0001562889736
147051	0.0008961978599
147052	0.001485606212
147053	0.0008771940646
147054	0.0008019404698
147055	0.001296054247
147056	0.0006336774518
147057	0.000551293587
147058	8.425798688e-06
147059	0.001281238123
147060	7.634251529e-05
147061	0.001082005597
147062	0.001082817457
147063	0.003951188327
147064	0.001472157881
147065	0.0009473719714
147066	0.0004009134594
147067	0.000697039085
147068	0.001422163373
147069	0.002926067882
147070	0.001122383507
147071	0.0009811412937
147072	0.004086714333
147073	0.0007809235725
147074	0.0003919225567
147075	0.003507680989
147076	0.00105196612
147077	4.018174283e-05
147078	0.0004695292846
147079	0.001645791453
147080	0.00026880091
147081	0.001133280427
147082	0.00127365256
147083	0.0003817014779
147084	0.001074676445
147085	0.001652055458
147086	0.0008739259571
147087	0.001044291793
147088	0.0008016775491
147089	0.000155123792
147090	0.001228997342
147091	0.0002606111202
147092	0.0004956152315
147093	0.001250728517
147094	0.0009756028649
147095	0.002941183448
147096	0.0007020493603
147097	0.000374632851
147098	0.0003250561385
147099	0.001132958587
147100	1.425206582e-05
147101	0.001332200546
147102	0.0009751691682
147103	0.0008937143583
147104	0.001753229029
147105	0.0001678127694
147106	0.001591136455
147107	0.002493835199
147108	0.00121432724
147109	0.002066291226
147110	0.003066613291
147111	0.001076218427
147112	0.000946004
147113	0.001228427905
147114	0.001986010161
147115	0.003301040795
147116	0.002603922427
147117	0.003818539293
147118	0.003553775975
147119	0.004216789322
147120	0.005370713683
147121	0.0009276768959
147122	0.002408066598
147123	0.001331471056
147124	0.001667307752
147125	0.001630559169
147126	0.0007028561067
147127	0.002724119189
147128	0.001305541243
147129	0.001018103101
147130	0.001000812253
147131	0.00063607911
147132	0.003345481187
147133	0.000483194078
147134	0.002975028453
147135	0.002245838924
147136	0.001584288006
147137	0.001437570534
147138	0.00217376486
147139	0.000797526858
147140	0.001839631831
147141	0.001238344276
147142	0.001484867011
147143	0.002339919826
147144	0.0008074210588
147145	0.003503938205
147146	0.001552548121
147147	0.0001801961617
147148	0.002149615731
147149	0.0003369429497
147150	0.0008768609882
147151	0.0019123355
147152	0.0009139589849
147153	0.001229789328
147154	0.001390047561
147155	0.001373469197
147156	0.002802341941
147157	0.003497615054
147158	0.001009874663
147159	0.00128245981
147160	0.0005054814812
147161	0.001419430322
147162	0.0005646579795
147163	0.000692729772
147164	0.002028049926
147165	0.0003665256202
147166	0.002293022669
147167	0.0007254767016
147168	0.001203954621
147169	0.00227051808
147170	0.003218141566
147171	0.002776941056
147172	0.001755967142
147173	0.002507482375
147174	0.002865789514
147175	0.0002611143908
147176	0.0007743770115
147177	0.0006611364966
147178	0.001817351047
147179	0.001908263382
147180	0.00242306413
147181	0.0004169917543
147182	0.004211915506
147183	0.0006588985276
147184	0.004346646415
147185	0.004270709151
147186	0.001726866122
147187	0.002069570964
147188	9.046974557e-05
147189	0.0005195414559
147190	0.003133025477
147191	0.0009329536396
147192	0.00260428018
147193	0.0009858623859
147194	0.0001091015704
147195	0.002081992454
147196	0.0006232372999
147197	0.002137939903
147198	0.0003149480501
147199	0.00248869426
147200	0.001660367436
147201	0.004532636849
147202	0.001563811935
147203	0.0007098182428
147204	0.0008256590128
147205	0.0006972782815
147206	0.005836040036
147207	0.001086604301
147208	0.001219626102
147209	0.0005939691328
147210	0.005522558467
147211	0.0008379364469
147212	0.0007744853653
147213	0.0002182835091
147214	0.0001829416295
147215	0.003147367749
147216	8.165045041e-05
147217	0.0002060590557
147218	0.0005206721928
147219	0.001582654541
147220	4.159107159e-05
147221	0.003474461749
147222	1.345828305e-06
147223	0.001092279992
147224	0.001029085601
147225	0.002522607624
147226	0.001922694624
147227	0.001724832275
147228	0.0002153968369
147229	0.00128299414
147230	0.002314689847
147231	0.001041164495
147232	0.0008449447971
147233	0.0001029438314
147234	0.001513387596
147235	0.0004571781955
147236	0.0007094033887
147237	0.00244921142
147238	0.0001414202455
147239	0.00218312611
147240	0.0006878824586
147241	0.003063804166
147242	0.0008717455691
147243	0.001315247124
147244	0.0007999567137
147245	0.001854684564
147246	0.00241000887
147247	0.000100993224
147248	0.0002067663262
147249	0.001898836062
147250	0.0005963700859
147251	0.004819005835
147252	0.00413480386
147253	0.0008686681368
147254	0.002775280546
147255	0.0007508601311
147256	0.0004964117824
147257	0.002778175761
147258	0.001696666874
147259	0.0005543494369
147260	0.002024889656
147261	0.0001748231284
147262	0.004335448547
147263	0.002388784
147264	9.194327272e-05
147265	0.0001898937716
147266	0.0002822109087
147267	0.0006317168811
147268	0.002543886625
147269	0.001527690342
147270	0.001930299576
147271	0.002413326184
147272	0.001105714862
147273	0.001839541812
147274	0.002904343962
147275	0.001291826826
147276	0.0005563497812
147277	0.0004030958992
147278	0.001607994574
147279	0.001372989912
147280	0.0008677766043
147281	0.0006611364262
147282	0.002451281506
147283	0.001135057683
147284	0.001554871447
147285	0.0004484239519
147286	0.002190432263
147287	0.00175905876
147288	0.0004986270292
147289	0.001096991368
147290	9.460777898e-05
147291	0.0007030253617
147292	0.0007702670496
147293	0.005579227586
147294	0.0002776244067
147295	0.002109253603
147296	0.002540723927
147297	0.0003885562087
147298	0.0008120746643
147299	0.0005185168122
147300	0.001006440007
147301	0.002848029585
147302	0.004125713892
147303	0.008164369196
147304	0.0002319683612
147305	0.001520492594
147306	0.0001761099268
147307	0.00118422436
147308	0.0002755918176
147309	0.0005616519712
147310	0.0005721986661
147311	0.001492662257
147312	0.0003940725056
147313	0.002004251074
147314	0.0009046212107
147315	0.001418333988
147316	0.0004569948759
147317	0.002763058542
147318	0.003036090367
147319	0.002716063518
147320	0.0004110304229
147321	0.001238039311
147322	0.0007188388015
147323	0.0007292344583
147324	0.0006678559963
147325	0.0004963363325
147326	0.002257936431
147327	0.001200402765
147328	0.0005539385389
147329	0.001901383794
147330	0.001144231121
147331	0.002427122483
147332	0.003312600566
147333	0.00186020415
147334	0.003807015102
147335	0.0005028880017
147336	0.0002255679692
147337	0.001555710758
147338	0.0003877365558
147339	0.004732300236
147340	0.001297642423
147341	0.003618044808
147342	0.001532614065
147343	0.0002459751357
147344	0.0007507289571
147345	0.0002506093443
147346	0.00194039338
147347	0.002118454786
147348	8.581154409e-05
147349	0.002022371055
147350	0.002391665094
147351	0.001476867389
147352	0.001592224344
147353	0.003423687095
147354	0.0006883722603
147355	0.001663705786
147356	0.0006385872282
147357	0.004407032912
147358	0.0007552820759
147359	0.003533087419
147360	0.0005146197017
147361	0.004081058627
147362	0.004261552013
147363	0.002490152996
147364	0.002517748458
147365	0.002549518455
147366	0.0009053264858
147367	0.0004772672864
147368	0.004416907516
147369	0.0001389101839
147370	0.001900132369
147371	0.0004521954134
147372	0.001913738496
147373	0.0008294602625
147374	0.0001091807108
147375	0.005879062623
147376	0.001260954299
147377	7.627102156e-05
147378	0.00394483092
147379	0.001376991478
147380	0.0004607323768
147381	0.001903805271
147382	0.002877726208
147383	0.0025259611
147384	0.0004866595558
147385	0.001563768793
147386	0.0009995546579
147387	0.001256828726
147388	0.001738497328
147389	0.001507742309
147390	0.0003040254207
147391	0.0005165040577
147392	0.0001533036819
147393	0.002598766233
147394	0.00253677074
147395	0.001284080479
147396	0.0004385944257
147397	0.0008279205899
147398	0.003162067836
147399	0.002114451727
147400	0.00146559213
147401	0.002221402854
147402	0.003304556416
147403	0.003097714337
147404	0.003579478559
147405	0.002346293809
147406	0.002061417635
147407	0.003541530985
147408	0.004265971487
147409	0.002360805529
147410	0.002769942339
147411	2.477566565e-05
147412	0.0005839820055
147413	0.0006843607318
147414	0.0001158391488
147415	0.002700484642
147416	0.0002901232541
147417	0.002056707626
147418	0.004518360336
147419	0.000675378275
147420	0.001044357672
147421	0.0003995289358
147422	0.004663291077
147423	0.0007125037426
147424	0.003567442776
147425	0.001475063777
147426	0.006750879832
147427	0.002179215864
147428	0.001323311184
147429	0.0001941518106
147430	0.0009987669889
147431	0.001694123671
147432	0.0005438384791
147433	0.002008330229
147434	0.004055226253
147435	0.002382495443
147436	0.00194308874
147437	0.002398131179
147438	0.0007563111666
147439	0.002126096733
147440	0.001770650469
147441	0.001433289256
147442	0.001244846316
147443	0.001541790109
147444	0.001631398205
147445	0.003364433323
147446	0.00281684188
147447	0.001934186913
147448	0.001572759477
147449	0.002033760819
147450	0.0009210280552
147451	0.0008771896672
147452	0.001112639168
147453	0.002007294923
147454	0.0005819360148
147455	0.0002612391759
147456	0.001280107877
147457	0.001460717647
147458	0.00175965272
147459	0.0008560642853
147460	0.0003950040895
147461	0.00130501151
147462	0.0006917481034
147463	0.002617296138
147464	5.891652682e-06
147465	0.001348603792
147466	0.0006456714587
147467	0.0003999799235
147468	0.0002395527753
147469	0.0001063787729
147470	0.0009832535101
147471	0.001157056526
147472	0.001923949336
147473	3.573904047e-05
147474	0.0003554938182
147475	0.0008717358565
147476	0.001005939073
147477	0.0003798615455
147478	0.002507670131
147479	0.0041340365
147480	0.0004393633362
147481	0.002509547874
147482	0.002376002144
147483	0.002281031372
147484	0.001383158241
147485	0.0007272366391
147486	0.001199332715
147487	0.0001792732925
147488	0.002726403524
147489	0.000979508375
147490	0.0002856332152
147491	0.001084477938
147492	0.001472076595
147493	0.001671292047
147494	0.0001187366221
147495	7.967976678e-05
147496	0.001042035728
147497	0.005987765288
147498	0.001024982296
147499	0.0008191789413
147500	0.002619571873
147501	4.956633231e-05
147502	0.001054920674
147503	0.003217779224
147504	0.002731135598
147505	0.002195464705
147506	0.001636937349
147507	0.001392785855
147508	0.001995744013
147509	0.002898822906
147510	0.0006020679975
147511	0.0003663916789
147512	0.003105823859
147513	0.001958128505
147514	9.188567931e-05
147515	0.0008467886884
147516	0.0009470837954
147517	0.004880472155
147518	0.00439529999
147519	0.00282750841
147520	0.002064369642
147521	0.001381316868
147522	0.00151849185
147523	0.0007763399236
147524	0.004813172824
147525	0.005497427966
147526	0.004600683236
147527	0.001208751179
147528	0.001010918955
147529	0.0006882650334
147530	0.002431626067
147531	0.001644422671
147532	0.00400077231
147533	0.009748335593
147534	0.0002310108778
147535	0.002228326109
147536	0.002436687798
147537	0.003696956391
147538	0.001559802433
147539	0.001716557428
147540	0.0002236319437
147541	0.001107952906
147542	0.002540496477
147543	0.0008054331776
147544	0.002020006139
147545	0.002385889403
147546	0.001913227557
147547	0.0001120278675
147548	0.0004291073817
147549	0.001086683922
147550	0.00187228515
147551	0.001425531286
147552	0.002352328924
147553	0.002290405314
147554	0.0005062074158
147555	0.0006256879634
147556	0.001266803699
147557	0.00127633138
147558	0.004006504959
147559	0.001545430121
147560	0.002438052115
147561	0.00151161331
147562	0.0001463468345
147563	0.0008350902559
147564	0.002344910286
147565	0.00309243174
147566	0.002413149817
147567	0.002341204856
147568	0.001271544361
147569	0.001251610014
147570	0.0003080778621
147571	0.001239504088
147572	0.00483614041
147573	0.005090784054
147574	0.001063888168
147575	0.002155040941
147576	0.00143760808
147577	0.00492042913
147578	0.0002392109974
147579	0.002029422952
147580	0.00195792483
147581	0.001038754434
147582	0.001815670362
147583	0.0006692174737
147584	0.001737386578
147585	0.001636515192
147586	0.0006831531337
147587	0.001467607747
147588	0.001615853195
147589	0.001718442604
147590	0.00237727254
147591	0.001733911797
147592	0.002390766785
147593	0.001821170469
147594	0.0007253076428
147595	0.0006962549996
147596	0.00173251973
147597	0.005405612534
147598	0.001086950764
147599	0.0009293877649
147600	0.001643358633
147601	0.0005861480517
147602	0.0008078187057
147603	0.003158845542
147604	0.000693165304
147605	0.001858982625
147606	0.0003953731463
147607	1.541577073e-05
147608	0.00061861002
147609	0.001399447205
147610	0.002181959442
147611	7.15470101e-05
147612	0.0004640647793
147613	0.001708365258
147614	0.001173241062
147615	0.0006178398412
147616	0.001288314221
147617	0.001500097033
147618	0.0006658227716
147619	0.0004752372314
147620	0.001864237176
147621	0.002399421922
147622	0.001789678863
147623	0.0002463533834
147624	0.001072802607
147625	0.003951977935
147626	0.0004922730574
147627	0.0004974411962
147628	0.002356083477
147629	0.000893772562
147630	0.0008925649455
147631	0.0003344421239
147632	9.908663077e-05
147633	0.002997889429
147634	0.001276402278
147635	0.00188196388
147636	0.003141079991
147637	0.002079929813
147638	0.000142822111
147639	0.0002421256954
147640	0.001384373584
147641	0.006886907583
147642	0.001734686961
147643	0.001177018975
147644	0.001704053734
147645	0.000815117502
147646	0.0003653390202
147647	0.0005070527731
147648	0.003417228326
147649	0.00423817675
147650	0.0006746118224
147651	0.0002371188966
147652	0.004227074683
147653	6.348120997e-05
147654	0.0007803292839
147655	0.001609234305
147656	0.0001818494136
147657	0.000432814182
147658	7.361720788e-05
147659	0.004336992853
147660	0.0008262961073
147661	0.001478767081
147662	0.00224234159
147663	0.003340882886
147664	0.0003067484545
147665	0.001359055675
147666	0.006416272887
147667	0.0003145696287
147668	0.000428997767
147669	0.0003079890881
147670	0.0005369350258
147671	0.0008214506577
147672	0.001719899571
147673	0.000667500262
147674	0.002216046213
147675	0.0019283919
147676	0.0003978777346
147677	0.001502160748
147678	0.00292661995
147679	0.005875886912
147680	0.001132709204
147681	0.003982120701
147682	0.002667510408
147683	0.003680390987
147684	0.0006099105086
147685	0.003932472982
147686	0.00338246249
147687	0.001684008975
147688	0.003310680134
147689	0.003803978266
147690	0.000134672241
147691	0.0001809375446
147692	0.0007369843816
147693	0.0009075529164
147694	0.002088997613
147695	0.00508648173
147696	0.002890261071
147697	0.002614226978
147698	0.001675963514
147699	0.001389098361
147700	0.0008126821302
147701	0.0009790220558
147702	0.001834033676
147703	0.0006566365373
147704	0.003755503112
147705	0.0002095103221
147706	0.0008436617
147707	0.001638785396
147708	0.001825194484
147709	0.0007822585599
147710	0.0006736634691
147711	0.002823194061
147712	9.356160109e-05
147713	0.001672233213
147714	0.002163449039
147715	0.002305706277
147716	0.002907707846
147717	0.0008571368676
147718	0.001718853577
147719	0.002295722128
147720	0.0008790537655
147721	0.007917756289
147722	0.00225411065
147723	0.002401233697
147724	0.002206868683
147725	0.0002266687267
147726	0.0002289625082
147727	0.001080736708
147728	0.0003521628559
147729	0.003045182454
147730	0.001601925537
147731	0.002033914643
147732	9.126685183e-05
147733	0.001255683165
147734	0.001323582147
147735	0.0008036340243
147736	0.0002667692239
147737	0.0005429974136
147738	0.000935967446
147739	0.001380157823
147740	0.0002132104213
147741	0.00147422793
147742	0.0001405927308
147743	0.0004749464987
147744	0.006778368235
147745	0.001238439264
147746	0.004503997209
147747	0.0008420852873
147748	0.007057182507
147749	0.001240938981
147750	0.002024974343
147751	0.000823037708
147752	0.0001033256131
147753	0.001839619001
147754	0.001158152296
147755	0.0003517483731
147756	0.002103246746
147757	0.001277216903
147758	0.0006661593675
147759	0.001378427662
147760	0.000444688431
147761	0.001933747937
147762	0.0009827642692
147763	0.002037319252
147764	0.000275255491
147765	9.630843306e-05
147766	0.0001054458489
147767	0.000808408942
147768	0.001597420374
147769	0.00165796604
147770	0.000369902544
147771	0.0004240062081
147772	0.001492371021
147773	0.0003863289679
147774	0.002123102015
147775	0.002060568383
147776	0.002775192185
147777	0.0005335449726
147778	0.001452538153
147779	0.0009655586508
147780	0.0009406760723
147781	0.001159840966
147782	0.0009438294853
147783	0.002168366044
147784	0.001431102131
147785	0.0004287538163
147786	0.0005263171089
147787	0.001576130753
147788	0.001157790712
147789	0.0004889867847
147790	0.002078996761
147791	0.00182895969
147792	0.001495313422
147793	0.0004769645591
147794	0.00328721227
147795	0.001490949659
147796	0.000297272526
147797	2.930727455e-05
147798	0.0005132884519
147799	0.00207461237
147800	0.0006629499299
147801	0.0001772537198
147802	0.003153407173
147803	0.002657282592
147804	0.005139747581
147805	0.005194760071
147806	0.0004578361792
147807	0.003765014096
147808	0.000457123795
147809	0.002518375375
147810	0.003787719124
147811	0.004128677112
147812	0.001892568342
147813	0.001160244499
147814	0.000417153563
147815	0.0009084577757
147816	0.0003787387529
147817	0.006314443674
147818	0.0003379448883
147819	0.001110436899
147820	0.0007483294005
147821	0.001237693361
147822	0.0005460375682
147823	0.001515031478
147824	0.003968285158
147825	0.0001983824281
147826	0.0001045894553
147827	0.000442265786
147828	0.0003359889571
147829	0.005666283186
147830	8.111033757e-05
147831	0.003104234536
147832	0.000850118798
147833	0.001228963741
147834	0.0004523991868
147835	0.001433534799
147836	0.001581891215
147837	0.001404068154
147838	5.670098987e-06
147839	0.001491827055
147840	0.004831100762
147841	0.0006584271436
147842	0.001317708958
147843	0.0003493318287
147844	0.0004005271265
147845	0.0004328375834
147846	0.001979089954
147847	0.001968655684
147848	0.006465951056
147849	0.00138044406
147850	0.00138822472
147851	0.006022687659
147852	0.001176505503
147853	0.0008395893332
147854	0.001683040747
147855	0.004158740028
147856	0.0006461148456
147857	0.0002880014745
147858	0.003363998078
147859	0.001435890438
147860	0.0007421928325
147861	0.002971719599
147862	0.00107416403
147863	0.0002289219874
147864	0.005873088143
147865	0.0003059660488
147866	0.0005414688424
147867	0.0005190687043
147868	0.001868448129
147869	0.001162881575
147870	0.0003725725678
147871	0.003678779584
147872	0.001370041275
147873	0.0003685900182
147874	0.00196992021
147875	0.001384972709
147876	0.002409192976
147877	0.003401867459
147878	0.001228146916
147879	0.00226293214
147880	0.002346258948
147881	0.0008945779358
147882	0.001044996193
147883	5.846935523e-05
147884	0.001880504084
147885	0.001601843942
147886	0.000672674366
147887	0.001420862232
147888	0.003689434163
147889	0.002253985242
147890	0.001607391666
147891	0.002361919204
147892	0.0002052481531
147893	0.003255749093
147894	0.001966408844
147895	0.004245877951
147896	0.002034107737
147897	0.003700298039
147898	0.0014164406
147899	0.0005573974507
147900	5.704000577e-06
147901	0.002862746989
147902	0.001987647496
147903	0.001465108799
147904	0.001935304429
147905	0.0002482111778
147906	0.00264534831
147907	0.0007474663495
147908	0.0002708259313
147909	0.0002136739097
147910	0.001372041949
147911	0.001328855302
147912	6.409875664e-05
147913	0.001851470342
147914	0.0009290283212
147915	0.001564562613
147916	0.001182091879
147917	0.00354417743
147918	0.001388881863
147919	0.003163416093
147920	0.004666146023
147921	0.003508200418
147922	0.0004992562173
147923	0.003588417599
147924	0.008235667519
147925	0.0003459403572
147926	0.0001815927986
147927	0.00282647319
147928	0.0004745159215
147929	0.001089632226
147930	0.002543908762
147931	0.005121052844
147932	0.002239934077
147933	0.0002039636069
147934	0.002107792176
147935	0.001229453684
147936	0.003675493563
147937	0.0006855065821
147938	0.001057892211
147939	0.000200758425
147940	0.001932229647
147941	0.00208292476
147942	0.0008199645697
147943	0.001200846097
147944	0.0009564099729
147945	0.003582883105
147946	0.002482003902
147947	0.0007243354391
147948	0.00212277014
147949	0.002358815996
147950	0.003596212023
147951	0.0008450050274
147952	0.0005031402432
147953	0.004310839075
147954	2.242973867e-06
147955	0.0004263090171
147956	0.002177876463
147957	0.0003601106926
147958	0.001231037174
147959	4.761190777e-05
147960	7.287269328e-05
147961	0.001840199705
147962	0.000402988323
147963	0.0002822359075
147964	0.0006116664457
147965	0.0003239859562
147966	0.0001048952421
147967	0.0001469025677
147968	0.001284762628
147969	0.001091514534
147970	8.269353715e-05
147971	0.0008689045962
147972	0.003265331766
147973	0.0007302266575
147974	0.0004227434629
147975	0.004602337049
147976	5.680523298e-05
147977	0.00239651964
147978	0.00170514738
147979	0.001533746929
147980	0.002146434372
147981	0.001982642811
147982	0.002539977615
147983	0.001902472142
147984	0.004012061974
147985	0.002975692008
147986	0.001101432385
147987	0.004263560853
147988	0.00172747478
147989	0.001212852877
147990	0.0003050199521
147991	0.001664595834
147992	0.0002060315777
147993	0.004093675427
147994	0.0009859007865
147995	0.0002759025679
147996	0.002124249321
147997	0.00089233466
147998	0.001528108072
147999	0.00373878879
148000	0.001832629137
148001	0.0002198424381
148002	0.001215133949
148003	0.005288283753
148004	0.003716526443
148005	0.0002793797143
148006	0.001573964591
148007	0.001969273554
148008	0.0004814059768
148009	0.003017096761
148010	0.002521647819
148011	0.0001006308803
148012	0.001258247234
148013	0.00258995687
148014	0.000573368288
148015	0.001785695689
148016	0.001340291197
148017	0.0006938825223
148018	0.001317326325
148019	0.0009454285243
148020	0.00104317417
148021	0.004847084403
148022	0.0003348136231
148023	0.0007154414932
148024	0.002187084731
148025	0.002584554947
148026	0.0006153593251
148027	0.002261346281
148028	0.004538110878
148029	0.00288784844
148030	0.000374064616
148031	0.0005763031971
148032	0.0001158239503
148033	0.004801777472
148034	0.001417949029
148035	0.0005341516487
148036	0.0002946746134
148037	0.003007962794
148038	0.006277680608
148039	0.002243930524
148040	0.001650397682
148041	0.0004315479324
148042	0.001142661013
148043	0.0001776732569
148044	0.00229154863
148045	0.0002561987199
148046	0.002590483998
148047	0.00301707517
148048	0.0001112517441
148049	0.0008885260825
148050	0.001084799093
148051	0.00104083529
148052	0.0004553315669
148053	0.001078923051
148054	0.005379534362
148055	0.0005074618423
148056	0.001191575578
148057	0.0008750741739
148058	0.0003804766028
148059	2.134547537e-05
148060	0.000832525379
148061	0.00226251835
148062	0.003999082758
148063	0.001858015849
148064	0.004323721407
148065	7.388212625e-05
148066	0.003035732177
148067	0.002162784908
148068	0.001226538257
148069	0.0004954792271
148070	0.0005319064835
148071	0.002395236424
148072	0.001500222548
148073	0.0007755747292
148074	0.001020202628
148075	0.001128073276
148076	0.003304924788
148077	0.001161381011
148078	0.0005694747859
148079	0.001596829489
148080	0.001395423676
148081	0.0007058366902
148082	0.000362892353
148083	0.001755177754
148084	0.002704151967
148085	0.001953409116
148086	0.00108836109
148087	0.004703062604
148088	0.002721944787
148089	0.0009288212587
148090	0.004841332014
148091	0.0004108640796
148092	0.002361292223
148093	0.002636786436
148094	9.957164179e-05
148095	0.0005532075641
148096	0.001850472606
148097	0.0008156583584
148098	0.001321459339
148099	0.001646148209
148100	0.0007914329773
148101	0.004863415652
148102	8.239301616e-05
148103	0.0006965219799
148104	0.0004971188934
148105	0.002180882027
148106	8.990596393e-05
148107	0.003651266241
148108	0.001671943151
148109	0.0008368985881
148110	0.002128517746
148111	2.748598599e-05
148112	9.730906235e-05
148113	0.001699877709
148114	0.001434948061
148115	0.0009744225179
148116	0.0002180345361
148117	0.001854776497
148118	0.000145667794
148119	0.001145101633
148120	0.0008462620438
148121	0.0002292863433
148122	0.0007887569434
148123	0.0008435490613
148124	0.001027367074
148125	0.001097201329
148126	0.002893925738
148127	0.001240898273
148128	0.00231577979
148129	0.000628701043
148130	0.003170456994
148131	0.0005623621093
148132	0.001335531213
148133	0.0001944991945
148134	0.001338000026
148135	0.001361677666
148136	0.002061003958
148137	0.001095223771
148138	0.0003118279583
148139	0.00223008115
148140	0.001196229129
148141	0.0001196047035
148142	0.002563141835
148143	0.003309141988
148144	0.002045608498
148145	0.0001308771942
148146	0.003459851607
148147	0.0005321011596
148148	0.002818936217
148149	0.00130079667
148150	0.0009385443136
148151	0.0007652174042
148152	0.0003109449533
148153	0.0002965842135
148154	0.0004621737847
148155	0.003749646008
148156	0.0008762000831
148157	0.002592071537
148158	0.002110108873
148159	0.001860597856
148160	0.0009603943968
148161	8.663827391e-05
148162	0.001646629672
148163	6.503689623e-06
148164	0.001734160444
148165	0.001495358499
148166	0.002669491427
148167	0.0003803881113
148168	0.002718468398
148169	0.0003087401719
148170	0.0002962958014
148171	0.001772561572
148172	0.0004359775252
148173	0.004195866652
148174	0.001361684291
148175	0.000319391056
148176	0.001429603024
148177	0.001616952676
148178	0.0005228457755
148179	0.002544949056
148180	0.001300556122
148181	0.00365791901
148182	0.00534145784
148183	0.0001741748147
148184	0.001616846537
148185	0.0008062200018
148186	0.0002117461577
148187	0.001040861309
148188	0.000209136132
148189	0.0004561449393
148190	0.004537183728
148191	0.001859075696
148192	0.002575210009
148193	0.0005273619563
148194	0.003230499604
148195	0.002387843328
148196	0.00177257252
148197	0.003613874401
148198	0.002277057376
148199	0.0024244088
148200	0.003079086728
148201	0.001546645642
148202	0.003412461548
148203	0.0005334542104
148204	0.00469638315
148205	0.003057821735
148206	0.0004970278375
148207	0.0007593022228
148208	0.001673611262
148209	0.0005390647174
148210	0.000279334206
148211	7.780410227e-05
148212	0.0002972910172
148213	0.003170625007
148214	0.0005523878659
148215	0.001338381378
148216	0.002013477678
148217	0.000935468986
148218	0.001800903855
148219	0.001228725939
148220	0.0006602792611
148221	0.001950722845
148222	0.000945158398
148223	0.001663644723
148224	0.0008082209713
148225	0.004842002175
148226	0.001042977423
148227	0.001406043903
148228	0.00083753496
148229	0.004830037583
148230	0.0002490029729
148231	0.001054399384
148232	0.001341423287
148233	0.0007604296702
148234	0.001859869301
148235	0.00790462197
148236	0.0009907419759
148237	0.001349207037
148238	0.001139690494
148239	0.0007448137943
148240	0.004010908428
148241	0.0026903864
148242	0.001407046093
148243	0.001942772476
148244	0.002778884778
148245	0.001137552921
148246	0.0008990872208
148247	0.0002234864346
148248	0.004160923795
148249	0.0002696176601
148250	0.0003595017097
148251	0.003318725878
148252	0.004301026754
148253	0.0006393009485
148254	0.001494472185
148255	0.0003847747721
148256	0.0005424903286
148257	0.002064847422
148258	5.82589706e-06
148259	0.002324416366
148260	0.001559134357
148261	0.001029639055
148262	0.001032895039
148263	0.003075488743
148264	0.003363094847
148265	0.0009756986443
148266	0.00364564415
148267	0.0009513412671
148268	0.0001685397877
148269	0.00025298115
148270	0.002827279445
148271	0.0003891648055
148272	0.001024882458
148273	0.002367909089
148274	0.0006506340424
148275	0.002295014979
148276	0.001672426823
148277	0.001912264655
148278	0.0008917077001
148279	0.002400002644
148280	0.001116332213
148281	0.001677501122
148282	0.0005296272882
148283	0.0007023981021
148284	0.0002194202275
148285	0.001069363883
148286	0.0008476408055
148287	0.0008039170903
148288	0.001336969183
148289	0.0005539619384
148290	0.002039601522
148291	0.001653438895
148292	0.003286063344
148293	0.001670991157
148294	0.001378351479
148295	0.002051138718
148296	5.207604424e-05
148297	0.005889159389
148298	0.002901982087
148299	0.0009910259999
148300	0.0008982501525
148301	0.0006711372066
148302	0.002104625759
148303	0.002100794701
148304	0.0009717375412
148305	0.0001381614281
148306	0.002184020807
148307	0.000916395226
148308	0.006233402365
148309	0.0008279006519
148310	0.003130981259
148311	0.001546794003
148312	0.001811381209
148313	0.001005489363
148314	0.000677699216
148315	0.002580484093
148316	0.000505768677
148317	0.001143867578
148318	0.002456980202
148319	0.001060869075
148320	0.0009204164486
148321	0.0001035382165
148322	0.0021046474
148323	0.0007720678743
148324	0.00297057549
148325	0.000581350989
148326	0.004933622683
148327	0.0007453727753
148328	0.001188555436
148329	0.0009627414049
148330	0.001245803707
148331	0.001128596491
148332	0.0003445063548
148333	0.001516113236
148334	0.00120767626
148335	1.251553471e-05
148336	0.0004027323585
148337	0.003135005715
148338	0.0002394331844
148339	0.000266525314
148340	0.003657770845
148341	0.001717304252
148342	0.002088712604
148343	0.002272479309
148344	0.0003586922711
148345	0.00224221186
148346	0.0009448691296
148347	0.0002293058
148348	0.004084425751
148349	0.002003145273
148350	0.001399514653
148351	0.0008798003041
148352	0.0004167763694
148353	0.0006447464577
148354	0.0002922923194
148355	0.002947284991
148356	0.0004584456524
148357	0.002715235682
148358	0.0007941545404
148359	0.00527665963
148360	0.0007450974121
148361	0.0004081141697
148362	0.001248192325
148363	0.001641217765
148364	0.002312128679
148365	0.0005048436447
148366	0.0009650591154
148367	0.002123214187
148368	0.001541625516
148369	0.006182161749
148370	0.0007704278836
148371	0.0001349601655
148372	0.005433857397
148373	0.002958037591
148374	0.0007065802362
148375	0.002236674298
148376	0.001491842964
148377	0.00191252548
148378	0.001887551544
148379	0.001444608454
148380	0.0006454773529
148381	0.001066767522
148382	0.0003773345997
148383	0.001984251258
148384	0.0001398861386
148385	0.003741124278
148386	6.786995426e-06
148387	0.001554498989
148388	0.003211543999
148389	0.001003677027
148390	0.0002692402724
148391	0.0004562135995
148392	0.002159955273
148393	0.0001668907704
148394	0.0001642786638
148395	0.001693292015
148396	0.002057115481
148397	2.492981568e-05
148398	0.004436333987
148399	0.001273293911
148400	0.001256411562
148401	0.0001916890176
148402	0.0006782984851
148403	0.001757615328
148404	0.001175491794
148405	0.001034248802
148406	0.005434453799
148407	0.0008399927191
148408	0.0009233003975
148409	0.0002085601576
148410	0.0003705988357
148411	0.001436685116
148412	0.002878077555
148413	0.003307062961
148414	0.001106075999
148415	0.0008082340222
148416	0.002532698448
148417	0.001890253462
148418	0.0008317740591
148419	0.0009651816298
148420	0.003823014636
148421	0.0008696609706
148422	0.0003783813829
148423	0.001029598349
148424	0.001922044715
148425	2.438161559e-05
148426	0.001338804545
148427	1.195975979e-05
148428	0.001967849534
148429	0.0008611080516
148430	0.002301286959
148431	0.001631066044
148432	0.001836438458
148433	0.0008484863972
148434	0.002482477875
148435	0.001646882242
148436	0.002593865032
148437	0.002096588452
148438	9.059622624e-05
148439	0.003422144956
148440	0.003044705537
148441	0.001720195953
148442	0.0001924849204
148443	0.004215679367
148444	0.001009277429
148445	0.0002174225525
148446	0.0009808362827
148447	0.000761031543
148448	0.0013449849
148449	0.0004393853292
148450	0.0005729753153
148451	0.00172433098
148452	0.0006069557535
148453	0.0006586277
148454	0.001072354418
148455	0.001096405534
148456	0.003276416892
148457	0.0007724002879
148458	0.002895367424
148459	0.001841204044
148460	0.002662967826
148461	0.0003160892942
148462	0.001152553404
148463	0.001272513967
148464	0.001120105154
148465	0.0015508163
148466	0.003726828431
148467	0.0003444989317
148468	0.0002568821055
148469	0.0004661200444
148470	2.818201493e-05
148471	0.0008702613731
148472	0.003167806904
148473	0.0004649932794
148474	0.002472200089
148475	0.004016804581
148476	0.001993578569
148477	0.001424033387
148478	5.539992958e-05
148479	0.000751130014
148480	0.001143431752
148481	0.0006704140271
148482	0.0003149061537
148483	0.001422733525
148484	0.003758415504
148485	0.0002776929496
148486	0.0008096017394
148487	0.002889639321
148488	0.003965187411
148489	0.0002312350458
148490	0.002186050735
148491	0.003229189293
148492	0.001394643719
148493	0.0005671794286
148494	0.001779955941
148495	0.0006580807882
148496	0.004316783339
148497	0.0001755542791
148498	0.0008973745189
148499	0.0001047351374
148500	0.0004832324076
148501	0.0009290187472
148502	0.0004152246086
148503	0.0002692064328
148504	0.002063644079
148505	9.011635441e-06
148506	0.001417554363
148507	0.002423261027
148508	0.0006487112877
148509	0.003471713271
148510	0.001369841258
148511	0.003358071637
148512	0.001204972194
148513	0.0009519254823
148514	0.001341103937
148515	0.001833625296
148516	0.0001123477178
148517	0.000933007949
148518	0.003062427535
148519	0.001994429155
148520	0.002949700999
148521	0.006031454926
148522	0.002278058348
148523	0.0001997011731
148524	0.004218363141
148525	0.0008152116012
148526	0.001155265355
148527	0.001334005501
148528	0.0009946189496
148529	0.000305892044
148530	0.002458391797
148531	0.002619448405
148532	0.001061242112
148533	0.0007319763154
148534	0.001428178488
148535	0.001454998531
148536	0.002960540834
148537	0.0005813446589
148538	0.001128368653
148539	0.002731487836
148540	0.001164762237
148541	0.0002801194954
148542	0.00370780876
148543	0.0001242656451
148544	0.001340177684
148545	0.0006388893739
148546	0.001486964769
148547	0.0003806043389
148548	0.000582461027
148549	0.0006121736488
148550	0.000369035258
148551	0.0001059340401
148552	0.001099933859
148553	0.002930336197
148554	0.001236256763
148555	0.0004677891156
148556	0.0008868551911
148557	0.0004088102999
148558	0.000584578481
148559	0.002027735026
148560	0.001126624947
148561	0.0006359788183
148562	0.0009529640527
148563	0.0009608159661
148564	0.003989947325
148565	0.000316351807
148566	0.001034816766
148567	0.003991584172
148568	0.001479631427
148569	0.001237271311
148570	0.0009610084165
148571	0.001703085876
148572	0.0002828847897
148573	0.002678507357
148574	0.002910483832
148575	0.002836823773
148576	0.0002003574976
148577	0.001668311805
148578	0.0002262427451
148579	0.002111838753
148580	0.001044284808
148581	0.0005032792058
148582	0.003559973223
148583	0.00304693246
148584	0.001535049386
148585	0.0004415478246
148586	0.0006124601722
148587	0.0009296872112
148588	0.001028897571
148589	0.002576240224
148590	0.0005026625606
148591	0.002801811327
148592	0.002960221661
148593	0.002461529476
148594	0.001115970481
148595	0.002643873469
148596	0.002323055718
148597	0.001260387587
148598	0.000925736753
148599	0.000480643248
148600	0.0004380773651
148601	0.0007995391531
148602	0.001645215169
148603	0.0001791436823
148604	0.0009327575468
148605	0.00252952819
148606	0.0001870061515
148607	0.001090260263
148608	0.0002121827452
148609	6.453691896e-05
148610	0.0001193848411
148611	0.002073497735
148612	0.002581459191
148613	0.0002410568564
148614	0.0003943081768
148615	1.737486521e-05
148616	0.0009792860764
148617	0.003752149451
148618	0.001726362573
148619	0.0007280784805
148620	0.002390329441
148621	0.002752778456
148622	0.0007193783033
148623	0.005530351632
148624	0.0007543244578
148625	0.0008178895737
148626	0.001668230882
148627	0.003495971681
148628	0.001306521497
148629	0.004524398441
148630	0.004302287425
148631	0.0008624877433
148632	0.002537147859
148633	0.0003418205169
148634	0.0008160106288
148635	0.001667646543
148636	0.001252475577
148637	0.002383353549
148638	0.0003730160956
148639	0.00118231366
148640	0.001996998498
148641	7.081218985e-05
148642	0.002186550074
148643	0.002438728847
148644	0.001509797879
148645	0.0003382170145
148646	0.002490615881
148647	0.002458339081
148648	0.003416437772
148649	0.001396216169
148650	0.001160136705
148651	0.001558645148
148652	0.0002359175493
148653	0.00219758524
148654	0.001366032115
148655	0.0002917917347
148656	0.00149250084
148657	0.0003081175022
148658	0.004807801961
148659	0.0007126295701
148660	0.0009862848712
148661	0.001887289707
148662	0.001456512781
148663	0.002832405588
148664	0.001463747336
148665	0.001200744283
148666	0.001118775277
148667	0.00126936034
148668	0.002755098992
148669	0.006273351148
148670	0.001593171592
148671	0.004988691287
148672	0.001399551333
148673	0.0004551593525
148674	0.003095932837
148675	0.000528244324
148676	0.002074308705
148677	0.0011349968
148678	0.003598772588
148679	0.0007508840205
148680	0.002852193287
148681	0.002541851068
148682	0.00250023374
148683	0.001410901486
148684	0.00273296762
148685	0.002564862756
148686	0.001047809787
148687	0.00155624543
148688	0.00648373079
148689	0.002402172429
148690	0.001276638613
148691	0.007386503786
148692	0.001147774565
148693	0.00146925693
148694	0.0005341538369
148695	0.003990990256
148696	0.002988289303
148697	0.001272478705
148698	0.0001016867116
148699	0.002070226112
148700	0.002860753401
148701	0.001337598774
148702	0.0005153898147
148703	0.003655785779
148704	0.00164399992
148705	6.23768103e-05
148706	0.001275483794
148707	0.00316183589
148708	0.0008341400243
148709	0.0008397429397
148710	0.000117825007
148711	0.0003053890589
148712	0.0005216027674
148713	0.0003639661692
148714	0.001022774947
148715	0.002136830046
148716	0.0008998567647
148717	0.001686396293
148718	0.0002707115147
148719	0.001591548645
148720	0.0007532406464
148721	0.001501178884
148722	0.0003055568863
148723	0.002140804487
148724	0.001689511551
148725	0.001905187112
148726	0.003204854947
148727	0.002119592187
148728	0.003319868947
148729	0.006588914496
148730	0.004827290282
148731	0.002981602516
148732	0.001998451822
148733	0.001740368963
148734	0.00108185899
148735	0.001258540247
148736	0.001418022574
148737	0.0009787122479
148738	0.001417838414
148739	0.0006081388964
148740	1.061811502e-05
148741	0.00399762323
148742	0.00179160506
148743	0.0003646855747
148744	0.003934539282
148745	0.00440668856
148746	0.0007595153492
148747	0.000549576512
148748	0.002155678343
148749	1.301840365e-05
148750	0.0003534910129
148751	0.0009304083586
148752	0.004556683802
148753	0.006067054883
148754	0.001112105972
148755	0.0001261316214
148756	0.0006118370064
148757	0.001900436813
148758	0.0005826509273
148759	0.0008013482976
148760	0.0004135737098
148761	0.0008003022346
148762	0.0008454268086
148763	0.0007436022262
148764	0.003057193297
148765	0.0009199566859
148766	0.00082613386
148767	0.002654749433
148768	0.000145278638
148769	0.0005836656613
148770	0.002053448431
148771	0.0003198256797
148772	0.001989999029
148773	0.0003363764724
148774	3.490465479e-05
148775	0.0004436052592
148776	0.0004583456809
148777	0.0009549983436
148778	0.0005100271867
148779	0.003648412963
148780	0.0001073837767
148781	0.002379975613
148782	0.002315466653
148783	0.001029889205
148784	0.002995975564
148785	0.002381372738
148786	0.002033603053
148787	3.710531449e-05
148788	0.002908682833
148789	0.0001341566583
148790	0.003106417721
148791	0.0006512580587
148792	0.001256492101
148793	0.0001604570508
148794	0.0025670556
148795	0.0008010408755
148796	0.001619586534
148797	0.001901527662
148798	0.00103903433
148799	0.002063571998
148800	0.002260136119
148801	0.0002345596052
148802	0.002307037692
148803	0.001898343862
148804	0.00428831005
148805	0.003459534011
148806	0.004925768009
148807	0.003203020655
148808	0.0003041430483
148809	0.002601906214
148810	2.380535548e-05
148811	0.0001209057318
148812	0.002230908653
148813	0.0008302999743
148814	0.001675858277
148815	0.00177594563
148816	0.003571288471
148817	0.001155553967
148818	0.0007223409573
148819	0.002167801514
148820	0.0001444234503
148821	0.001080702218
148822	0.000351851297
148823	0.001408153356
148824	0.001147603369
148825	0.001506527247
148826	0.001487136604
148827	0.0006290149751
148828	0.0006866200739
148829	0.0003875309597
148830	0.001167547293
148831	0.0006064418071
148832	0.0008622485475
148833	0.0004667876026
148834	0.0001297963877
148835	0.0008794748776
148836	0.003186414662
148837	0.001499397705
148838	0.0004851795873
148839	0.001928045788
148840	0.0001788756732
148841	1.833242466e-05
148842	0.001663989344
148843	0.003213487778
148844	0.0005960667743
148845	0.001421621455
148846	0.001022706008
148847	0.0009406712099
148848	0.002204313803
148849	0.001409406453
148850	0.003348443071
148851	0.000387768174
148852	0.002325211108
148853	0.001258680105
148854	0.001433644895
148855	0.0003057458642
148856	0.0004036486402
148857	0.002242281486
148858	0.0007133936326
148859	0.0002324718792
148860	0.002911400475
148861	0.0006899939265
148862	0.005893076085
148863	0.0001338665183
148864	0.0006900965512
148865	0.000385899944
148866	0.0004129360741
148867	0.001903869515
148868	0.006055744405
148869	0.0006341014503
148870	0.002549678502
148871	0.002996887199
148872	0.0005124685144
148873	0.001912611548
148874	0.0008212715281
148875	0.002360729965
148876	0.001238314409
148877	0.001361139641
148878	0.001227568092
148879	0.0004038185229
148880	0.0002097408585
148881	0.0004119533741
148882	0.003150290188
148883	0.0003324618322
148884	0.0014776638
148885	0.00379277986
148886	0.002121286519
148887	0.001490608251
148888	0.0020206633
148889	0.0003574560641
148890	0.0008929147043
148891	0.003759877873
148892	0.0007246383561
148893	0.0002695951154
148894	0.0003892330056
148895	0.002676680747
148896	0.001310118615
148897	0.000712476099
148898	0.001235208441
148899	0.0005264161844
148900	0.001177785218
148901	0.003256146588
148902	0.0001252952701
148903	0.003534890277
148904	0.0008725033034
148905	0.0004325307007
148906	0.004709698516
148907	0.002025118876
148908	0.004339303192
148909	0.004395494756
148910	0.000164241329
148911	3.674108993e-05
148912	0.0005114160247
148913	0.001788438752
148914	0.005725062084
148915	0.003097820158
148916	0.001763627953
148917	0.0002633269309
148918	0.002788284689
148919	0.004562873158
148920	0.002383743276
148921	0.0007162294724
148922	0.000963202853
148923	0.001416496258
148924	0.003767776493
148925	0.005367729314
148926	0.001027674931
148927	0.002357035372
148928	0.001120273281
148929	0.0010842936
148930	0.002441926898
148931	0.001391369618
148932	0.001689767532
148933	0.001862962599
148934	0.0005765324802
148935	0.002980008915
148936	0.0007219839139
148937	0.00103409216
148938	0.003363473329
148939	0.0002949030504
148940	0.002917085397
148941	0.001296369187
148942	0.002862035609
148943	0.001733969061
148944	0.001588017684
148945	0.00474671732
148946	0.001272022269
148947	0.001907140326
148948	0.0005651906114
148949	0.001016159488
148950	0.002338734657
148951	0.001714956553
148952	0.0005488639446
148953	0.000921903964
148954	0.0006212412573
148955	0.002126385083
148956	0.0001082425981
148957	0.001291715408
148958	0.002746513946
148959	0.001712065313
148960	0.0005932218787
148961	0.001334440035
148962	0.002121754026
148963	0.004412478834
148964	0.0006185159494
148965	0.002378821485
148966	3.210484157e-06
148967	0.00267125327
148968	0.001795388154
148969	0.001527836377
148970	0.003080009421
148971	0.0006930655985
148972	0.0005990713993
148973	0.001007876563
148974	0.0006544385895
148975	0.003725317684
148976	0.003001847676
148977	0.002730472279
148978	0.0003100980225
148979	0.0008298685333
148980	0.001137529824
148981	0.002048629931
148982	0.002710911236
148983	0.003501387856
148984	0.001186307939
148985	0.001245366363
148986	0.002664008034
148987	0.005132838741
148988	0.003493106026
148989	0.0005764930048
148990	0.0002742185798
148991	0.002223042369
148992	0.002646650006
148993	0.0002804269925
148994	0.003339739814
148995	0.001324587679
148996	0.00100007043
148997	0.001566840687
148998	0.004582696631
148999	0.001999409838
149000	0.0008808705188
149001	0.0007928928055
149002	0.0005180770579
149003	0.00838389242
149004	0.0009629877336
149005	0.001304123521
149006	0.0006576464551
149007	0.002378639648
149008	0.003129325151
149009	0.001192807084
149010	0.0001472552678
149011	0.001747723678
149012	0.002167090945
149013	0.002636570021
149014	0.0002393380349
149015	0.001831773889
149016	0.000480850225
149017	0.003128050563
149018	0.002705472773
149019	0.001308363127
149020	0.002125907115
149021	0.0002056018696
149022	0.003462991754
149023	0.003816859102
149024	0.001049379496
149025	0.001502926708
149026	0.000169894229
149027	0.0003009540665
149028	0.0007698411072
149029	0.002707223022
149030	0.004928609869
149031	0.000178901119
149032	0.0007358890021
149033	0.001484514275
149034	0.0005178048695
149035	0.0006058356028
149036	0.00265789365
149037	0.001999045558
149038	0.002293263634
149039	0.002832115416
149040	0.0002124050432
149041	0.000180040332
149042	0.0003170653328
149043	0.001764605752
149044	0.0002035038626
149045	0.0004207631584
149046	0.001005448163
149047	0.003704779619
149048	0.002302468813
149049	0.0004111967913
149050	0.004919297496
149051	0.001139009032
149052	7.614330113e-05
149053	0.001845549477
149054	0.002691400933
149055	0.002098125179
149056	0.003262702924
149057	0.003661204954
149058	0.000344143669
149059	0.0008300681377
149060	0.0009138823681
149061	8.314199658e-05
149062	0.002410959293
149063	0.001200122991
149064	0.002484892734
149065	0.003498378181
149066	0.001137530104
149067	0.001051327357
149068	0.0003101284107
149069	0.004129303381
149070	0.002079476867
149071	0.001766502662
149072	0.004253121929
149073	0.003329327758
149074	0.002928054345
149075	0.001612273192
149076	0.0003213013983
149077	0.0009668988949
149078	0.003162392514
149079	0.005523252362
149080	0.001027693429
149081	0.002168269409
149082	0.002932622474
149083	0.0003980869612
149084	0.002915122741
149085	0.000482939447
149086	0.0005565708217
149087	0.003229953938
149088	0.004679955658
149089	0.00170786956
149090	3.766036307e-05
149091	0.0001008837379
149092	0.004516981107
149093	0.0003221184728
149094	0.003095699727
149095	0.0001536435258
149096	0.0004450276945
149097	0.002069015124
149098	0.003725465668
149099	0.0005471566266
149100	0.00204182018
149101	0.002906928623
149102	0.000202250884
149103	0.0004779169474
149104	0.002415444208
149105	0.00319242952
149106	0.00307344187
149107	0.0002782903926
149108	0.001256404409
149109	0.003447520104
149110	0.0003856819258
149111	0.000471506547
149112	0.001134414706
149113	0.00246393087
149114	0.001478296332
149115	0.000701172705
149116	0.0006973744662
149117	0.001868118535
149118	0.002297307979
149119	0.002754627099
149120	0.000326179644
149121	0.004953955076
149122	0.001869883671
149123	0.0004703768761
149124	0.002208342008
149125	0.001364722893
149126	0.0009851640469
149127	0.0009933168863
149128	0.0005232411288
149129	0.002355752524
149130	0.0001238618895
149131	0.005985317693
149132	0.002478301429
149133	0.001259428858
149134	0.0007081482866
149135	0.00116989092
149136	0.001442681296
149137	0.001722748238
149138	0.000117705311
149139	1.435802639e-05
149140	0.00183875493
149141	0.002362512135
149142	0.002028643457
149143	0.001290548884
149144	0.001358832224
149145	0.003437104846
149146	0.0001662404325
149147	0.0008768881872
149148	0.005821033137
149149	0.001038388204
149150	0.0008546581223
149151	0.001497806265
149152	0.005038504495
149153	0.004252886683
149154	0.00504275663
149155	0.002397509054
149156	0.0005403880375
149157	6.529453456e-05
149158	0.001348461641
149159	0.001301770767
149160	0.00157353284
149161	0.002337626949
149162	0.0007009897793
149163	0.002787556317
149164	0.001605350853
149165	0.0008718142933
149166	0.0002667707973
149167	0.002762667904
149168	0.00100311479
149169	0.0001503765568
149170	0.001821218833
149171	0.0003415117128
149172	0.001237745226
149173	0.002782055619
149174	0.0001439358293
149175	0
149176	0.004507212821
149177	0.007835756335
149178	0.002999742015
149179	4.925182876e-05
149180	0.003100915994
149181	0.002305396952
149182	0.00065342533
149183	0.0008491239363
149184	0.001093067819
149185	0.0005838539409
149186	0.00130803535
149187	0.002251069142
149188	0.00112793022
149189	0.0007954561847
149190	0.000607025553
149191	0.00363162325
149192	0.002479626445
149193	0.0006026870282
149194	0.001274631867
149195	0.0001250729324
149196	0.0006097427902
149197	0.002188519578
149198	0.0002764933656
149199	0.001361980109
149200	0.004111155598
149201	0.0009221887871
149202	0.001596931779
149203	0.002478563746
149204	0.00177040213
149205	0.001925644096
149206	0.003538713212
149207	0.003489739141
149208	0.003898641857
149209	1.657039244e-05
149210	0.005076230144
149211	0.0006167489347
149212	0.003116820089
149213	0.001263394417
149214	0.001442371565
149215	0.0009470000716
149216	0.002697671485
149217	0.004483019059
149218	0.004821794143
149219	0.0006469243511
149220	0.0002501621653
149221	0.004552958184
149222	0.002064592977
149223	7.811677883e-05
149224	0.0006945191187
149225	0.002311100163
149226	0.0002279617599
149227	0.00275398569
149228	0.005531877446
149229	0.0001684952144
149230	0.005116657207
149231	0.0009127312358
149232	4.349624705e-05
149233	0.0007893511571
149234	0.002397507949
149235	0.0009548544991
149236	0.00047616455
149237	0.002452959362
149238	9.491521417e-05
149239	0.00107827394
149240	0.002680746433
149241	0.004050751739
149242	0.001777381171
149243	0.0003382368256
149244	0.002885182915
149245	0.003306154369
149246	0.003759096302
149247	0.001621732012
149248	0.005573711271
149249	0.0006875667212
149250	8.402353089e-05
149251	0.00246527903
149252	0.002707335396
149253	0.001202541134
149254	0.002983575658
149255	0.004283840342
149256	1.772443845e-05
149257	0.000449583427
149258	0.000880846185
149259	0.003305598955
149260	0.002956687182
149261	0.006923707089
149262	0.004335991521
149263	0.01062480844
149264	0.0005583722683
149265	0.002720070463
149266	0.001333784044
149267	0.0009884276065
149268	0.0005014411748
149269	0.0004547745283
149270	0.002173028705
149271	0.001063215181
149272	0.00365478579
149273	0.001467577593
149274	0.001388642169
149275	0.001515272731
149276	0.001908980709
149277	0.0005818268717
149278	0.0004825039946
149279	0.002593621334
149280	0.001478959436
149281	0.002402532338
149282	0.0004650988907
149283	0.001275984228
149284	0.0006813211386
149285	0.001703830861
149286	0.004717284436
149287	0.0009303231962
149288	0.002053921473
149289	0.00317078718
149290	0.001205077729
149291	0.001686438548
149292	0.003294149739
149293	0.003340655337
149294	0.001398664049
149295	0.001691524938
149296	0.001114186415
149297	0.001706356779
149298	0.005066099221
149299	0.001314730728
149300	0.001802263683
149301	0.009478194731
149302	0.00242680049
149303	0.002153163834
149304	0.004521833295
149305	0.001542310098
149306	0.009245410205
149307	0.001556698889
149308	0.0001003238659
149309	0.003100302324
149310	0.0008434094316
149311	0.0008317213819
149312	0.0007842837627
149313	0.001882310497
149314	0.002092151068
149315	0.006847279865
149316	0.005555644297
149317	0.005086590624
149318	8.649426504e-05
149319	0.003237197052
149320	0.00114215539
149321	0.00174325584
149322	0.0005632664767
149323	0.001770983067
149324	0.0005050352557
149325	0.004502986642
149326	0.0001700285206
149327	0.002838897141
149328	0.003144998952
149329	0.003833770802
149330	0.001036915593
149331	0.0002972856608
149332	0.001248485425
149333	0.0006600392457
149334	0.002512268499
149335	0.005284021104
149336	0.003204298123
149337	0.000381193263
149338	0.001472144677
149339	0.0002320477322
149340	0.001125291585
149341	0.002064068279
149342	0.0002312689431
149343	0.003173662847
149344	0.00420666051
149345	0.000490597039
149346	0.0005163568952
149347	2.910134925e-05
149348	0.004483396185
149349	1.342957569e-05
149350	0.002998018765
149351	0.005843364994
149352	0.0002873518488
149353	0.0004936579887
149354	0.001670944171
149355	0.0001671333076
149356	0.001588529935
149357	0.003711262333
149358	0.001057085707
149359	0.002256443214
149360	0.001528666837
149361	0.0001155703161
149362	0.003021019708
149363	0.001540166297
149364	0.003629251199
149365	0.001907998044
149366	0.002818793036
149367	0.001234180489
149368	0.0003918174863
149369	0.002180856892
149370	0.0001438077402
149371	0.00137416357
149372	0.001540255679
149373	0.001165130206
149374	0.0004382162811
149375	0.0002017544011
149376	0.000711288723
149377	0.0001830520002
149378	0.0007315274518
149379	0.0001339102384
149380	0.0002145380577
149381	0.0006327563221
149382	0.0005230674211
149383	0.0006727020514
149384	0.001023285685
149385	0.0005576340032
149386	0.0001101670229
149387	9.340957826e-05
149388	0.0004053916097
149389	0.000130546396
149390	0.0002246263684
149391	0.0002256043634
149392	0.0004913009881
149393	0.0002631004386
149394	0.0001067525402
149395	0.0006957868009
149396	0.0005913418079
149397	0.001542960809
149398	0.003155180548
149399	0.001200606715
149400	0.0002486070152
149401	0.001672079779
149402	0.0004730358419
149403	0.002785729156
149404	0.0009331659557
149405	0.0003126431069
149406	0.0002816657396
149407	0.003839621225
149408	0.002987378747
149409	0.002605992526
149410	0.002377713813
149411	0.0006595590466
149412	0.0004848751212
149413	0.0001613589112
149414	0.004624088195
149415	0.001733390094
149416	0.0004967922521
149417	0.0007173931954
149418	0.0003856445353
149419	0.001530550086
149420	0.005038022826
149421	0.001339387857
149422	0.003203585631
149423	0.0006467372316
149424	0.0001651785365
149425	0.003656668233
149426	0.00547305364
149427	0.003467261164
149428	0.003746180623
149429	0.002123890756
149430	0.0002695795707
149431	0.006365159898
149432	0.001556026886
149433	0.001297057196
149434	7.22556196e-05
149435	0.003086656527
149436	0.001754139975
149437	0.0007871750719
149438	0.001582148346
149439	0.006908111585
149440	0.002069171811
149441	0.002002226787
149442	0.002889356851
149443	0.005829719249
149444	0.0002608004087
149445	0.001666965437
149446	0.001451602422
149447	0.0006716543346
149448	0.001540663044
149449	0.0003482134925
149450	0.003912279225
149451	0.004871413386
149452	0.001708981259
149453	0.002692962115
149454	0.002069872738
149455	0.001658468542
149456	9.739074033e-06
149457	0.00105860763
149458	0.0007814127538
149459	0.003414645117
149460	0.0007140331728
149461	7.772436884e-06
149462	0.0003363718359
149463	0.003407850696
149464	0.00180803994
149465	0.004455725339
149466	0.001594964215
149467	0.001483454683
149468	0.0006772641836
149469	0.001533073475
149470	0.002825092913
149471	0.00563163633
149472	0.002543395259
149473	0.002054197362
149474	0.0008656005088
149475	0.001363090533
149476	0.001184708895
149477	0.001862680789
149478	0.001348106907
149479	0.0007846050497
149480	0.006378396087
149481	0.003419225564
149482	0.00439161751
149483	7.308418586e-05
149484	0.001560772922
149485	0.004668663305
149486	0.0007437179885
149487	0.00142620612
149488	0.0003556638802
149489	0.001103572839
149490	0.0001567329202
149491	0.000350372295
149492	0.0006844523822
149493	0.0008817120215
149494	0.0001782188165
149495	0.0008604866681
149496	0.0004570181416
149497	0.003294643435
149498	0.0006169970768
149499	6.61442396e-05
149500	0.00156626591
149501	0.000188421918
149502	0.001021320991
149503	0.0003207199032
149504	0.00160808893
149505	0.0015701818
149506	0.0007042314533
149507	0.00118669419
149508	0.005359301607
149509	0.002609079302
149510	0.0002723454935
149511	0.001037676409
149512	0.0004182607553
149513	0.002164220181
149514	0.003464601024
149515	0.001375373508
149516	0.001192215219
149517	0.0001279097658
149518	0.002161175215
149519	0.0007777730277
149520	0.0005818946455
149521	0.0004086573526
149522	0.00408859327
149523	0.006494325424
149524	0.0004438077205
149525	0.001725173697
149526	0.002742198035
149527	0.001284096446
149528	0.004915834238
149529	0.004695758976
149530	0.0002932607173
149531	0.001752534655
149532	0.004419867242
149533	0.003357478961
149534	0.005499081163
149535	0.001775254197
149536	0.002333024166
149537	0.001834733468
149538	0.002702324992
149539	0.0002162766318
149540	0.002738407131
149541	0.001924918016
149542	0.0002437632355
149543	0.001242717596
149544	0.0008199093556
149545	0.002247949828
149546	0.000480102115
149547	0.001327166866
149548	0.001641375164
149549	0.0004021910143
149550	0.002264261762
149551	0.006696873693
149552	0.0009572326528
149553	0.001485234696
149554	0.003443249077
149555	0.0002956189308
149556	0.005197690167
149557	0.005743971509
149558	0.002977012597
149559	0.0004977264885
149560	0.003400293867
149561	0.0002655147467
149562	0.003341619877
149563	0.001203388443
149564	0.004743593785
149565	0.0002665284463
149566	0.0001599166108
149567	0.001657732353
149568	0.0004273935801
149569	0.004901649648
149570	5.683072348e-06
149571	0.001431647896
149572	0.0005931717605
149573	0.0007675842743
149574	0.003192012433
149575	0.002314935839
149576	0.002506092189
149577	0.0008090079584
149578	0.0003238276263
149579	0.0009823744125
149580	0.002981614889
149581	8.503471492e-05
149582	0.001777699955
149583	0.0001232404156
149584	0.002797165728
149585	0.001779350284
149586	0.001244861454
149587	0.004486224766
149588	0.0006118457611
149589	0.0006456101353
149590	0.0004351222243
149591	0.001620867953
149592	0.004744312809
149593	0.003362344801
149594	0.002313412986
149595	0.0003663647586
149596	0.00139181074
149597	0.0012482028
149598	0.003707658134
149599	0.000531247974
149600	0.001893947833
149601	0.0001276427875
149602	2.960749787e-06
149603	0.0001482729717
149604	0.0002300157498
149605	0.0006576078931
149606	0.0004070493086
149607	0.0001320021879
149608	0.001362625151
149609	0.000794768764
149610	0.0001386655023
149611	0.00026646639
149612	0.001196818004
149613	0.0002977252233
149614	0.0002552411378
149615	0.0001538010835
149616	0.0005755037527
149617	0.002227942451
149618	0.001330949748
149619	0.001172501988
149620	0.001082707874
149621	0.002354382971
149622	0.0006533830122
149623	0.001880389183
149624	0.0009622142318
149625	0.000466305663
149626	0.0002440207674
149627	0.002965837597
149628	0.0002106786273
149629	0.002338442446
149630	0.001139081223
149631	0.004714432986
149632	0.004974381172
149633	0.0007127998008
149634	0.002125204201
149635	0.001918763021
149636	0.002870182974
149637	0.001735881761
149638	0.0008974282404
149639	0.00167280303
149640	0.0001694723245
149641	0.0005528683588
149642	0.001527143797
149643	0.0005602608806
149644	5.373272602e-05
149645	0.002860787314
149646	0.0005348851579
149647	0.003415818445
149648	0.0003244916439
149649	0.006475739388
149650	0.001288469219
149651	0.002776370886
149652	0.0001372518372
149653	0.0002519562782
149654	0.0007352280073
149655	0.005405361311
149656	0.001159423097
149657	0.0004109306279
149658	0.001926368493
149659	0.0003977147972
149660	0.003850914387
149661	0.002208865477
149662	0.004225904514
149663	0.0003838365509
149664	0.003108866731
149665	0.0002278920852
149666	0.003411749663
149667	0.0001917945191
149668	0.003158650884
149669	0.001198403096
149670	0.001528930776
149671	0.000749601822
149672	0.005560015262
149673	0.002447203947
149674	0.002556423067
149675	0.0009280988072
149676	0.0006530425858
149677	0.0001855711771
149678	0.003771587752
149679	0.001793950597
149680	0.002903427044
149681	0.002608140803
149682	0.0006742232406
149683	0.001995929799
149684	0.0005118054351
149685	0.001427632666
149686	0.0004783920896
149687	0.0007581451929
149688	0.0005069890952
149689	0.0002127554229
149690	0.003034156625
149691	0.003677332488
149692	0.0007178089879
149693	0.002651220554
149694	0.004310170537
149695	0.002560698078
149696	0.0005854954309
149697	0.0005468284811
149698	0.001122487679
149699	0.005026974997
149700	0.005889623202
149701	0.001531345308
149702	5.068591982e-05
149703	0.001974719731
149704	0.001150903951
149705	0.0013389294
149706	0.0001670772208
149707	0.0006209451158
149708	0.001100316001
149709	0.0007718065406
149710	0.0001391336564
149711	0.005746529267
149712	0.0006448900694
149713	0.005740301518
149714	0.001959659448
149715	0.0008434385446
149716	0.0003664673315
149717	0.0003653886957
149718	0.006473405067
149719	0.002008636168
149720	0.002415049911
149721	0.0002878077067
149722	0.001304592587
149723	0.0007004355868
149724	0.003734799828
149725	0.001652209156
149726	0.001339210401
149727	0.001042371996
149728	0.0008246156858
149729	0.0009191526049
149730	0.005869745553
149731	0.0008350458204
149732	0.002206524702
149733	0.000474514062
149734	0.003466617979
149735	0.001678916422
149736	0.003286910968
149737	0.0005593229135
149738	0.002832401946
149739	0.000594259212
149740	0.001309938677
149741	0.0001572248293
149742	0.007004636831
149743	0.002660271209
149744	0.005099503894
149745	0.0002473370857
149746	0.0005475044301
149747	0.01515290542
149748	0.001212436995
149749	0.0004586394604
149750	0.003028629275
149751	0.005364250278
149752	0.0003354562618
149753	0.0004716684266
149754	0.000669679342
149755	0.003598491809
149756	0.002200194252
149757	0.0004563740152
149758	0.001546826306
149759	0.001661056635
149760	0.001883593515
149761	0.003393115799
149762	0.002241698341
149763	0.0008353592084
149764	0.006155078723
149765	0.002896957508
149766	0.001896964216
149767	0.004378599037
149768	0.006914104775
149769	0.001114730274
149770	0.001544199117
149771	0.003546895061
149772	0.001907856838
149773	0.002664761547
149774	0.002623264634
149775	0.0007317142905
149776	0.004438623312
149777	0.001359100154
149778	0.001147551311
149779	0.004072893097
149780	0.0003134251857
149781	0.001789603501
149782	0.003425188001
149783	0.0006171980186
149784	0.002317649047
149785	0.008999027376
149786	0.001227812482
149787	0.004365468095
149788	0.003841341253
149789	0.0008188361776
149790	0.004314435996
149791	0.0002759316917
149792	0.0005088881553
149793	0.001040060925
149794	0.004603929494
149795	0.001942565339
149796	0.004162029347
149797	0.001567308659
149798	0.002679232597
149799	0.00214297585
149800	0.00672213043
149801	0.005310515089
149802	0.002002045537
149803	0.005502443189
149804	0.004350895962
149805	0.00606441966
149806	0.001209090995
149807	0.004221426683
149808	0.01378941777
149809	0.003091940826
149810	0.003273730932
149811	0.004158531639
149812	0.0001539702872
149813	0.003848967735
149814	9.855935913e-05
149815	0.0005191595026
149816	0.0001254464894
149817	0.002593518699
149818	0.004524726064
149819	0.0002944978634
149820	0.0007053226475
149821	0.005329306804
149822	0.001755837982
149823	0.002535848975
149824	0.0001319083041
149825	0.001153962604
149826	0.004681317137
149827	0.002479764271
149828	0.0009026400492
149829	0.001893619363
149830	0.001557095393
149831	0.0003678374533
149832	0.002253433042
149833	0.0004515073205
149834	0.002227984105
149835	0.003039637325
149836	4.780449888e-05
149837	0.0003217413534
149838	2.181127433e-05
149839	0.006716530372
149840	0.003988200964
149841	0.0005583844935
149842	0.001189268587
149843	0.003177486879
149844	0.001848530685
149845	0.0006740302573
149846	0.0006567071243
149847	4.804721748e-05
149848	0.002895837279
149849	0.0004145825979
149850	0.002358092895
149851	0.001156742167
149852	5.63472799e-05
149853	0.0004930216935
149854	0.0007375248367
149855	0.001183375993
149856	0.000393052653
149857	0.0008824783015
149858	0.000907942266
149859	0.0003225640096
149860	0.0009786438133
149861	0.006388937611
149862	0.0002268232458
149863	0.0007886465609
149864	0.0001230145139
149865	0.0004574531927
149866	0.004895071155
149867	0.001211909248
149868	0.001628486287
149869	0.003875563822
149870	0.003360513012
149871	0.001005375736
149872	0.003345962257
149873	0.002405533885
149874	0.002396889358
149875	0.0002389759338
149876	0.0009769881816
149877	0.001573400351
149878	0.001909838522
149879	0.001335826407
149880	0.0003278583808
149881	0.0001178277106
149882	4.227998831e-05
149883	0.001047376781
149884	0.000286798944
149885	0.0002531606109
149886	0.0004199145516
149887	0.0007495175959
149888	7.091188979e-06
149889	0.0009142068961
149890	0.004603718525
149891	0.003187621321
149892	0.001531377156
149893	0.004111463642
149894	0.001225307495
149895	0.005035202366
149896	0.0001895392926
149897	6.662491793e-05
149898	0.001576652651
149899	0.001562310428
149900	0.001752011374
149901	0.001921411928
149902	0.002563723386
149903	0.001313467106
149904	0.002076348646
149905	0.002072427858
149906	0.002429168289
149907	0.003946219405
149908	0.0006602324344
149909	0.002122132099
149910	0.0008228369374
149911	0.003152763558
149912	0.000400708128
149913	0.003988464633
149914	0.0004367506156
149915	5.927317645e-05
149916	0.001592497866
149917	0.001003926388
149918	0.0005105810928
149919	0.0001332652067
149920	0.001420544738
149921	0.00117482775
149922	0.0003367636065
149923	0.004105580977
149924	0.0006536646691
149925	0.0003613290949
149926	0.0005989967928
149927	0.002082525547
149928	0.003196738756
149929	0.0002486517576
149930	0.0004422888013
149931	0.001013515727
149932	9.700157933e-05
149933	0.001225694758
149934	0.0006557390043
149935	0.001951080817
149936	0.001600495155
149937	0.003162425392
149938	0.001283756865
149939	0.0005160149998
149940	0.001028321299
149941	0.0001158211106
149942	0.001263273528
149943	0.001642865598
149944	0.002390704836
149945	0.001905741982
149946	0.0008520957686
149947	0.0032509643
149948	0.001760201822
149949	0.0003024033976
149950	0.002293467924
149951	0.002782488453
149952	0.0004562351225
149953	0.001442947686
149954	0.004608831919
149955	0.002109386412
149956	0.003534395153
149957	0.003556219525
149958	0.002284792708
149959	0.001787565072
149960	0.002460412726
149961	0.0003976976051
149962	0.001220111322
149963	0.002422978982
149964	0.001899620946
149965	0.001000622131
149966	0.0004244001032
149967	0.004012851363
149968	0.001413538843
149969	0.001407342383
149970	0.0008481242794
149971	0.001365845962
149972	0.001131868523
149973	0.003033655897
149974	0.001795338873
149975	0.0001575959588
149976	0.003625143017
149977	0.0003126750036
149978	0.0001279755575
149979	0.0002501631774
149980	0.001029699213
149981	0.0006349177413
149982	2.072893379e-07
149983	0.002030360935
149984	0.001361996986
149985	0.001075078005
149986	0.002090494317
149987	0.0007216457279
149988	0.0006254493671
149989	0.003754163098
149990	0.0008692061692
149991	0.002415703242
149992	0.00206000809
149993	0.003686363983
149994	0.0009552120129
149995	0.004454475877
149996	0.0006914917684
149997	0.003449157719
149998	0.0001401099814
149999	0.001731670528
150000	0.000635764052
150001	0.002764151562
150002	0.0002185966562
150003	0.004959712361
150004	0.00175374633
150005	0.0003818530688
150006	1.306852427e-05
150007	0.0003511702038
150008	0.001398756357
150009	0.0008055506625
150010	0.0006978510294
150011	0.0004943296912
150012	0.003008664122
150013	0.0005000381421
150014	0.002036278101
150015	0.001656923883
150016	0.0006335382219
150017	0.002158462026
150018	2.167529841e-05
150019	0.002036273016
150020	0.001753938245
150021	0.001045563268
150022	0.001853654887
150023	0.0004767640099
150024	0.0003354502177
150025	0.006077917201
150026	0.0007340834153
150027	0.001198099498
150028	0.001201202852
150029	0.003423832327
150030	0.003048854177
150031	0.002148828522
150032	0.000208654131
150033	2.224993461e-06
150034	0.0001024410222
150035	0.001887099202
150036	0.0001602525135
150037	7.509398822e-05
150038	0.002138190078
150039	0.003885872202
150040	0.003220217498
150041	0.001935778264
150042	0.003055372798
150043	0.003201800619
150044	0.006011479674
150045	0.004546643138
150046	6.327751164e-05
150047	0.00507912939
150048	0.002630756899
150049	0.00099082104
150050	0.004414425629
150051	5.116743622e-08
150052	0.003139553578
150053	0.0008815139042
150054	0.000304661847
150055	0.0004590396535
150056	0.001289128674
150057	0.0003667995768
150058	6.220665136e-06
150059	0.001279492795
150060	3.528233415e-05
150061	2.644499912e-05
150062	0.0007564646077
150063	0.00173237148
150064	0.001700286315
150065	0.00526770485
150066	0.004436109847
150067	0.001778445269
150068	0.002705331738
150069	0.0001288459463
150070	0.002295969625
150071	0.004983798977
150072	0.001659649715
150073	0.001172454064
150074	0.001639697719
150075	0.002886159476
150076	0.001704138101
150077	0.0004518071605
150078	0.001195965963
150079	0.00333719276
150080	0.001131643614
150081	0.0005786524369
150082	0.000324264809
150083	0.005731573476
150084	0.002882491827
150085	0.0007908005564
150086	0.002402694532
150087	0.002815535103
150088	0.004397581357
150089	0.004146588993
150090	0.004848417275
150091	0.001351021754
150092	0.0001566928537
150093	0.003849709446
150094	0.001989820496
150095	0.0009063003401
150096	0.003551604686
150097	0.001724326828
150098	0.003148902097
150099	0.002171813372
150100	0.004096757096
150101	0.0007688458327
150102	0.0003715086316
150103	0.005102536934
150104	1.470557275e-05
150105	0.004119117715
150106	0.005788419066
150107	0.0007486489254
150108	0.001440678717
150109	0.001301199427
150110	0.004530046941
150111	0.0006529019046
150112	0.0005712154034
150113	0.0008228443148
150114	0.001723266736
150115	0.0002558748802
150116	0.002526764303
150117	0.001770960934
150118	0.0009868900749
150119	0.0004916302809
150120	0.003063085213
150121	0.001294830913
150122	0.001268046718
150123	0.002760056287
150124	0.003192034893
150125	0.002347941204
150126	0.002471681395
150127	0.000446744299
150128	0.001682909581
150129	0.006494644527
150130	0.002943061812
150131	0.003213414609
150132	0.002437428189
150133	0.001661706707
150134	0.003098880241
150135	0.002391088231
150136	2.024727258e-05
150137	0.004817954499
150138	8.58623535e-06
150139	0.0007141502
150140	0.000120370798
150141	8.133462175e-05
150142	0.001599678624
150143	0.000123908616
150144	0.0006371978691
150145	0.0007997485819
150146	0.001677812033
150147	0.001803300295
150148	0.001069994295
150149	0.0008173987146
150150	0.0001325555999
150151	0.003517317095
150152	0.003437833673
150153	0.005461040545
150154	0.002361003716
150155	0.001803858754
150156	7.199693512e-05
150157	0.003379600674
150158	0.002718807534
150159	0.0001309133145
150160	0.007339950301
150161	0.003964265931
150162	9.7759558e-05
150163	0.00016322233
150164	3.514465667e-05
150165	0.001048246657
150166	7.430131951e-08
150167	0.0006582025851
150168	0.001105597517
150169	0.0002330450128
150170	0.0001392304344
150171	0.0009306528559
150172	0.0024394144
150173	0.0006382103762
150174	0.0003065081967
150175	0.001022097464
150176	0.0003355612421
150177	0.003157861597
150178	0.000126470596
150179	0.002131318836
150180	0.001840397076
150181	0.000476867078
150182	0.0005316689594
150183	0.001676087435
150184	0.004163361437
150185	0.003263947081
150186	0.0005917749007
150187	0.001304267128
150188	1.761735113e-05
150189	0.004009563746
150190	0.002216163133
150191	0.004440636757
150192	0.002583155605
150193	0.0003773519193
150194	0.002001564716
150195	0.00348451061
150196	0.007242193914
150197	0.00454706146
150198	0.004090529856
150199	0.003318113898
150200	0.002039759109
150201	0.0007629478175
150202	0.001954821278
150203	0.002621298834
150204	0.00183048435
150205	0.001279146873
150206	0.001604925658
150207	0.0001211548685
150208	0.0007697047486
150209	9.157488083e-07
150210	0.001113062022
150211	0.0007009593758
150212	0.001446484899
150213	0.002419240703
150214	0.0008603792542
150215	0.003155236151
150216	7.293142191e-06
150217	0.0005934692789
150218	0.0004254860625
150219	6.352421972e-05
150220	0.003599033666
150221	0.0001220082051
150222	0.00208315429
150223	0.002503179745
150224	0.0007166520567
150225	0.0004244030472
150226	0.0004092641496
150227	0.0002677471813
150228	0.005262793148
150229	0.0001975803493
150230	1.597605435e-05
150231	0.0006932124297
150232	0.0001296268519
150233	0.001827307402
150234	0.001417039988
150235	0.001517387352
150236	0.000893636884
150237	0.0006705398163
150238	0.005654837963
150239	0.0004998077307
150240	0.001972191204
150241	0.0001022319342
150242	0.004301105417
150243	0.0004584865368
150244	0.003821936478
150245	0.001969850824
150246	0.00179746502
150247	0.00320840623
150248	0.002206164119
150249	0.001207524964
150250	0.001138179556
150251	0.0009363192047
150252	0.0009332495558
150253	0.002906380807
150254	0.0005793761837
150255	0.003878088739
150256	0.002415097609
150257	0.0002186779765
150258	0.0005051951469
150259	0.005305845591
150260	0.0009264534265
150261	0.001292327432
150262	0.001101341814
150263	0.001962483579
150264	0.0009026902036
150265	0.000807058218
150266	0.0006274857833
150267	0.002688541434
150268	0.0006414551168
150269	0.001709205858
150270	0.0002850737682
150271	0.0008048849962
150272	0.003986393419
150273	0.0002327784968
150274	0.002324143123
150275	0.0003798267904
150276	0.002017621102
150277	0.0001879144232
150278	0.001062511652
150279	0.0009400390118
150280	0.002585457705
150281	0.0005790784258
150282	9.218847671e-05
150283	0.004711006776
150284	0.001319621452
150285	0.001693991373
150286	0.004845570197
150287	0.0006704491521
150288	0.001076114985
150289	0.005389019925
150290	0.001044303271
150291	0.0008973292791
150292	0.002562834724
150293	0.004220277051
150294	0.004972691045
150295	0.001480792564
150296	0.003587348595
150297	0.006112622906
150298	0.006956350037
150299	0.002644112344
150300	0.005415090642
150301	0.004748640864
150302	0.00186620455
150303	0.0009063636385
150304	0.001946542669
150305	0.006664768442
150306	0.0023083457
150307	0.0003802464758
150308	0.0006376581542
150309	0.001854165007
150310	0.004408023625
150311	0.0005750791082
150312	0.0041761047
150313	0.0009269989703
150314	0.003493164003
150315	0.0004647049444
150316	0.001662087996
150317	0.0004343705134
150318	0.001912021842
150319	0.002314133026
150320	0.004224612351
150321	0.0002463423583
150322	0.002233009348
150323	0.0003617271562
150324	0.002704694354
150325	0.000104247098
150326	0.001247317184
150327	0.001999859995
150328	0.003154823432
150329	0.0008372317091
150330	0.0002098007286
150331	0.002044285018
150332	0.000162022783
150333	0.0007338605186
150334	0.0006789645728
150335	7.139739206e-05
150336	0.00284014534
150337	0.0004359800058
150338	0.0009645820323
150339	2.267536603e-05
150340	0.0001667452998
150341	0.001623341134
150342	0.002987748082
150343	0.0006330812992
150344	0.0001259486082
150345	0.0004529621752
150346	0.001202827431
150347	0.004190621913
150348	0.001578612761
150349	0.002010412421
150350	0.004754265106
150351	0.0002551292414
150352	0.0004712177332
150353	0.004590126653
150354	0.001639560076
150355	0.002088272575
150356	0.001418628616
150357	0.0001760358015
150358	5.709369641e-05
150359	0.002929632472
150360	0.001788396833
150361	2.866839833e-05
150362	0.001436184705
150363	0.001604406736
150364	0.009324017839
150365	0.001935407555
150366	0.0009828582535
150367	0.0003857804372
150368	0.005433224322
150369	0.001483887526
150370	9.041219856e-05
150371	0.001028312198
150372	0.0004921896256
150373	0.00302780469
150374	0.002650210267
150375	0.002457048771
150376	0.001227979944
150377	0.00113074613
150378	0.001512522523
150379	0.001006748106
150380	0.001371370944
150381	0.0003694418706
150382	0.0006110751331
150383	0.000263782828
150384	0.002846809021
150385	0.00367099131
150386	0.001040630967
150387	0.003122002775
150388	0.0001266851864
150389	0.002722329077
150390	0.00282436028
150391	0.002572601145
150392	0.0009931658883
150393	0.0001800329076
150394	0.0006843682547
150395	0.0026413388
150396	0.001320064746
150397	0.0003276176259
150398	0.001546494455
150399	0.000833296782
150400	0.0002850347378
150401	4.508429192e-05
150402	0.001060581004
150403	0.003903472914
150404	1.30516672e-05
150405	0.00225760819
150406	0
150407	0.002376536372
150408	0.0006828581549
150409	0.0006761803771
150410	0.0001129768914
150411	0.0002940044654
150412	0.003934829259
150413	0.001463641336
150414	0.0001346017988
150415	0.006837392835
150416	0.006185757913
150417	0.0003552534774
150418	0.002105615556
150419	0.004215969631
150420	0.0007601456683
150421	0.00049049932
150422	0.00350138859
150423	0.0001621927575
150424	0.0007383171206
150425	0.0001273289284
150426	0.0001225003539
150427	0.000636237718
150428	0.001832937848
150429	0.003505848798
150430	0.001111519928
150431	0.003960296853
150432	0.003071601104
150433	0.0003127346913
150434	0.001678766302
150435	0.002617237385
150436	0.003700790103
150437	0.006687445144
150438	0.001056191671
150439	0.001373584701
150440	0.002987826157
150441	0.005803144338
150442	3.439770836e-05
150443	0.002111125798
150444	0.001756911879
150445	0.005976946382
150446	0.002728325436
150447	0.004386323482
150448	0.002150413853
150449	0.001307155608
150450	0.001696863065
150451	0.001871143536
150452	0.0007860467951
150453	0.0008049501592
150454	0.002594560576
150455	0.000802907594
150456	0.0007925783779
150457	0.001186052858
150458	0.002776756757
150459	0.0005617607863
150460	0.004098410741
150461	8.525929968e-05
150462	0.001763281036
150463	0.001850898695
150464	0.001635994436
150465	0.00230653703
150466	0.003158547866
150467	0.0002512304084
150468	0.006478742977
150469	0.001992323626
150470	0.001965809451
150471	0.001808935073
150472	0.002017675077
150473	0.00035589961
150474	0.0003394806402
150475	0.0009174894791
150476	0.0004204952646
150477	0.0005973253944
150478	0.0005598441696
150479	6.726514584e-05
150480	0.0009408164588
150481	0.0008788892728
150482	0.00034762603
150483	0.0003921604436
150484	0.0005442607958
150485	0.001049176549
150486	0.0009612841042
150487	0.0001008644336
150488	0.0007031162994
150489	0.001380670552
150490	0.001640369748
150491	0.001479877218
150492	0.00152872763
150493	0.001479473953
150494	0.001616833309
150495	0.001451457424
150496	0.001330506659
150497	0.002523973113
150498	0.001278600501
150499	0.00121099659
150500	0.002070164022
150501	0.002028755991
150502	0.001398621574
150503	0.001249293161
150504	0.001478946436
150505	0.001296129765
150506	0.001310060191
150507	0.001366478295
150508	0.001322756598
150509	0.001443346136
150510	0.001424492221
150511	0.001336998644
150512	0.001410784737
150513	0.001410123605
150514	0.001362303171
150515	0.001528652723
150516	0.0009823816718
150517	0.001554891524
150518	0.002102578113
150519	0.002201663115
150520	0.0009472986932
150521	0.002138523343
150522	0.001712600434
150523	0.001740610094
150524	0.001462439731
150525	0.001889074599
150526	0.002161159237
150527	0.001493656011
150528	0.001994683934
150529	0.002040418953
150530	0.002064933193
150531	0.001579656804
150532	0.002084567881
150533	0.00230621072
150534	0.002097148438
150535	0.001938769014
150536	0.001314094694
150537	0.002080215423
150538	0.002360457024
150539	0.00224521902
150540	0.002381199503
150541	0.002151834604
150542	0.002101420448
150543	0.001961457738
150544	0.001268869644
150545	0.001920414695
150546	0.001869306396
150547	0.0007197284279
150548	0.001472681961
150549	0.0007871585873
150550	9.611655619e-05
150551	0.0003902200361
150552	0.0006156503275
150553	0.002609799266
150554	0.002813764778
150555	0.001852787912
150556	0.001302718369
150557	0.0001493341266
150558	0.0003279523859
150559	0.00018018938
150560	0.001316248654
150561	0.003734891015
150562	0.001916980236
150563	0.0054402548
150564	0.001197871464
150565	0.003309793228
150566	0.0002951304487
150567	0.001132031436
150568	0.005239331412
150569	6.926729529e-05
150570	0.001087876398
150571	0.0005957669652
150572	0.0002037745755
150573	0.004856388986
150574	6.09768711e-05
150575	0.001844612038
150576	0.001103086787
150577	0.0008007090193
150578	0.0007079565313
150579	0.001338549586
150580	0.001393946025
150581	0.0004649923548
150582	0.0002281930899
150583	0.001343399447
150584	0.001018571287
150585	0.001219583709
150586	0.001943540399
150587	0.0004137257637
150588	0.002274193291
150589	0.0005758362004
150590	0.001297570747
150591	0.001191576155
150592	0.002928200293
150593	0.0004632725498
150594	0.0004282565472
150595	0.001457074083
150596	0.0002791318513
150597	0.0005937280978
150598	0.0005274171255
150599	0.0001636962319
150600	0.001473868203
150601	0.0009544538743
150602	6.082607182e-06
150603	0.008535959814
150604	0.001461045911
150605	0.001900567976
150606	0.002764511394
150607	0.002732726207
150608	0.001149534527
150609	0.0001757698154
150610	6.859595089e-05
150611	0.00498881556
150612	0.004919863153
150613	0.005422920033
150614	0.0005305058133
150615	0.0001169245219
150616	0.002410654403
150617	0.003697902867
150618	0.0006960297634
150619	0.000930029973
150620	0.0006197528176
150621	0.0009683936177
150622	6.356728756e-05
150623	0.001869048077
150624	0.003373646618
150625	0.0007806735811
150626	0.004311752296
150627	0.001715661165
150628	0.001676041449
150629	0.003193570283
150630	0.005172574508
150631	0.001678924133
150632	0.001318660971
150633	0.0008596736565
150634	0.003632691193
150635	0.003897801559
150636	0.0003704430815
150637	0.0008945189334
150638	0.003736825369
150639	0.000159856651
150640	0.001445172979
150641	9.775061193e-05
150642	0.0006182843605
150643	0.0002048505115
150644	3.075179398e-05
150645	0.001051872466
150646	0.0003672090765
150647	0.0004413263712
150648	0.000384239745
150649	0.002617168626
150650	0.004669720721
150651	0.001483664888
150652	2.044658993e-05
150653	0.0006119744393
150654	0.000451477057
150655	0.002284029883
150656	0.001963269066
150657	0.001038937296
150658	0.001586718554
150659	0.001496269614
150660	0.001168266213
150661	0.0001271884384
150662	0.003352090109
150663	0.009983365285
150664	0.0003511603656
150665	0.001011616664
150666	0.0001096159306
150667	0.002728456666
150668	0.0006329408452
150669	0.004153992376
150670	0.002320619351
150671	0.00313559621
150672	0.001210074078
150673	0.001386488467
150674	0.0002479927359
150675	0.001706881582
150676	0.0009085513985
150677	0.003216915751
150678	0.002456091077
150679	0.002334130365
150680	0.004255293481
150681	5.797261044e-05
150682	0.005397641592
150683	0.001917580666
150684	2.509652366e-05
150685	0.0005100472621
150686	0.004620122727
150687	8.436614813e-06
150688	0.001850554762
150689	0.002325080311
150690	8.658512869e-05
150691	0.000716603071
150692	0.00526015903
150693	0.002045175072
150694	0.002440564628
150695	0.001780688109
150696	0.0009776649346
150697	0.0001013647264
150698	0.001442581876
150699	0.001803248307
150700	0.003087863383
150701	0.001178650023
150702	0.002327317276
150703	0.004775401546
150704	0.0003610643001
150705	0.0004074718808
150706	0.0006309558927
150707	0.0002737573116
150708	0.001800036126
150709	0.005625798936
150710	0.00122516157
150711	0.0002686363214
150712	0.0007531045872
150713	0.004974669313
150714	1.036262671e-05
150715	0.004303992026
150716	0.002807419496
150717	0.0001894978501
150718	0.006756878354
150719	0.001089795857
150720	0.002660287932
150721	0.008580869778
150722	0.003650445182
150723	0.004561426333
150724	0.0005873515718
150725	0.0007872081864
150726	0.003907094096
150727	0.0002327930339
150728	0.002276749798
150729	0.004678856904
150730	0.0005820274988
150731	0.0003312895274
150732	0.002030776496
150733	0.003687417179
150734	0.001920285919
150735	0.0005340988384
150736	0.004486287728
150737	0.004465752509
150738	0.0007247801364
150739	0.001443714705
150740	0.00277301833
150741	0.005070183846
150742	0.002509571431
150743	0.001543075806
150744	0.001522912032
150745	0.0008734625933
150746	0.002088750937
150747	0.000841699032
150748	0.00215254537
150749	0.001113327628
150750	0.001959630504
150751	0.00230019914
150752	0.002074535013
150753	0.001280505103
150754	0.0003638747479
150755	0.0007714098722
150756	0.003057478272
150757	0.004939811014
150758	0.001498548736
150759	1.409228414e-05
150760	0.0009557537115
150761	0.001117585469
150762	0.00222572781
150763	0.0008342537666
150764	0.002585492243
150765	0.001035666414
150766	0.00283879013
150767	0.002931385964
150768	0.002528188592
150769	0.0003441740616
150770	0.002043203957
150771	0.002053754813
150772	0.003563408698
150773	0.006165486839
150774	0.001335806836
150775	0.004083502945
150776	0.00148143119
150777	0.005841101438
150778	0.001229956736
150779	0.00101431123
150780	0.002445566779
150781	0.0009299838245
150782	0.0007856193778
150783	0.002777959816
150784	0.002325547564
150785	0.0002501618841
150786	0.0004056084964
150787	0.0009694027645
150788	0.001558039395
150789	0.002711050261
150790	0.000241278053
150791	0.002490169875
150792	0.002202550158
150793	0.001138511196
150794	0.0005020633101
150795	0.002370521448
150796	0.0023989764
150797	3.254163297e-05
150798	0.003169470517
150799	0.0005086364054
150800	0.00457989341
150801	0.002451868496
150802	0.001692200439
150803	0.002384483713
150804	0.002858480948
150805	0.00411215847
150806	0.001612205611
150807	0.0004081809082
150808	0.003787400153
150809	0.00423252315
150810	0.0037366581
150811	0.0003979152533
150812	0.0001178759081
150813	0.005619427594
150814	0.003506127484
150815	0.001011058275
150816	0.002040620953
150817	0.0007451264973
150818	0.002093694392
150819	0.0009546624312
150820	0.003078212874
150821	0.002009731417
150822	0.00457904188
150823	0.003135196851
150824	0.001993831365
150825	0.0003204487203
150826	0.001457417401
150827	0.001080225463
150828	0.004858576178
150829	0.006603784744
150830	0.0007176972252
150831	0.005054781994
150832	0.003386514545
150833	0.001975896617
150834	0.0005631516464
150835	0.003476623176
150836	0.01357492148
150837	0.0004030705782
150838	0.001989798608
150839	0.0004944809728
150840	0.002247240853
150841	0.002130437441
150842	0.00545490691
150843	0.00217529652
150844	0.0008489230008
150845	0.00232063431
150846	0.0001013647264
150847	0.001512182032
150848	0
150849	0.003331221475
150850	0.002498532477
150851	0.005164420673
150852	0.0003722863878
150853	0.0001329479497
150854	0.0005038725554
150855	0.001108847511
150856	0.003281671169
150857	0.001783680038
150858	0.003106598666
150859	0.0005854209774
150860	0.002036443065
150861	0.001908555676
150862	0.006158001264
150863	0.001003452179
150864	0.00378344292
150865	0.002540936432
150866	0.004683605567
150867	0.0004254049971
150868	0.006856950084
150869	0.00241851795
150870	0.0003558077475
150871	0.0004657616558
150872	0.0008683914564
150873	0.002707260006
150874	0.0006572285826
150875	0.0003871390512
150876	0.0006800117938
150877	0.000742224544
150878	0.001752366357
150879	0.002009002451
150880	0.0005687074381
150881	0.003993943486
150882	0.002104184104
150883	0.004264072458
150884	0.002795016321
150885	0.001136011806
150886	0.003718963972
150887	0.001620461339
150888	0.0002257895582
150889	0.00089655394
150890	0.003894303185
150891	0.002348018932
150892	0.002092559242
150893	0.004590421195
150894	0.005943121659
150895	0.0007324746364
150896	0.00018784556
150897	0.002890611085
150898	0.004122457178
150899	0.002668249689
150900	0.001646039528
150901	0.001942939157
150902	0.0019470856
150903	0.004179368213
150904	0.001179793108
150905	0.0005291952658
150906	0.003294161053
150907	0.002223565339
150908	0.001318155866
150909	0.006200855944
150910	0.0001242184013
150911	0.002917109289
150912	0.005683063017
150913	0.003885495334
150914	0.0006003404606
150915	0.001205402505
150916	0.001043161831
150917	0.00537859228
150918	0.002771115661
150919	0.001906171187
150920	0.001253023916
150921	0.003532305608
150922	0.005792717245
150923	0.000399796214
150924	0.003660125013
150925	0.002557860764
150926	0.0009533710012
150927	0.001039340846
150928	0.001370850637
150929	0.007521460601
150930	0.0005771351223
150931	0.003336651515
150932	0.0009188261357
150933	0.004315702081
150934	0.004841441866
150935	0.0002790975939
150936	0.0004727757123
150937	0.004115617301
150938	0.002618740526
150939	0.001447914409
150940	0.004182209472
150941	0.0004691579633
150942	8.213233293e-05
150943	0.005678568402
150944	0.004831520484
150945	0.003284055669
150946	0.00525421875
150947	0.002031963141
150948	0.001433705898
150949	0.001889025737
150950	0.0006403076996
150951	0.003963588248
150952	0.001024711807
150953	0.004294103821
150954	0.0001785078481
150955	0.002126342149
150956	0.0003177367006
150957	0.0005694127364
150958	0.003580186032
150959	0.0007080219345
150960	0.001402102693
150961	0.002677121717
150962	0.001885842687
150963	0.004794987249
150964	0.002244987176
150965	0.002237840131
150966	0.002938420143
150967	0.007050650355
150968	0.0004851520453
150969	0.003589179352
150970	0.006906138204
150971	0.0004966120345
150972	0.0007874421638
150973	0.001921874022
150974	0.001099547078
150975	0.001777428848
150976	0.004519363376
150977	0.0006724215199
150978	0.007854468145
150979	0.001994088616
150980	0.001609549159
150981	0.001737538573
150982	0.0002679118436
150983	0.002479978608
150984	0.0005712338576
150985	0.001096916607
150986	0.00237292148
150987	0.00148276754
150988	0.006196050384
150989	0.004746816829
150990	0.001260944593
150991	0.004306647928
150992	0.0008990047317
150993	0.001401302843
150994	0.00696003437
150995	0.005493439035
150996	0.0009996815684
150997	0.0007283163802
150998	0.003642332268
150999	0.002845880471
151000	0.0006403104326
151001	2.619263044e-06
151002	0.002031216333
151003	2.231961401e-05
151004	0.001969814641
151005	0.003299532648
151006	0.001326627545
151007	0.0003840696457
151008	0.0007681578203
151009	0.006491332541
151010	0.002053868272
151011	0.00524867319
151012	0.0009636573675
151013	0.00331673766
151014	0.001664486595
151015	0.007459821976
151016	0.001392364768
151017	0.001384747292
151018	0.0004777969674
151019	0.0004579505591
151020	0.0004874678861
151021	0.00137027452
151022	0.00162725082
151023	0.006153082981
151024	0.00157259083
151025	0.000369104374
151026	9.890565859e-05
151027	0.001732461692
151028	0.002540956358
151029	0.001386554798
151030	0.001481480348
151031	0.005756734036
151032	0.002751354951
151033	0.0003196766671
151034	0.002659004125
151035	0.002386567012
151036	0.003959457408
151037	0.0007759063283
151038	0.002475958143
151039	0.002365503928
151040	0.001663586613
151041	0.0007896279681
151042	0.00187880964
151043	0.001170230485
151044	0.001336850593
151045	0.00422106407
151046	0.002879106497
151047	0.0009322423547
151048	0.0004025881347
151049	0.0008922027969
151050	0.0005911873965
151051	0.003039001505
151052	0.001140268996
151053	0.0003488051541
151054	0.001901981353
151055	0.003800222274
151056	0.002896956163
151057	0.0004849607955
151058	0.001878860657
151059	0.0024259138
151060	2.929876469e-05
151061	0.001449626227
151062	0.001848689738
151063	0.004617441445
151064	0.0004016746684
151065	0.0006423199543
151066	0.007547635794
151067	0.0008879488172
151068	0.0007757521248
151069	0.002876805035
151070	0.0003025857601
151071	0.0003313012023
151072	0.002755277832
151073	0.003944718381
151074	0.004848309245
151075	0.001120493877
151076	0.002295549181
151077	0.003845975688
151078	0.005075613083
151079	0.007496683201
151080	0.002522816023
151081	0.007913842719
151082	0.001329933873
151083	0.005812748537
151084	0.0005187606117
151085	0.0005598812042
151086	0.00405034129
151087	0.002579305476
151088	0.004078628117
151089	0.001345147215
151090	0.002375058422
151091	0.004544013772
151092	0.005127426114
151093	0.0003504730504
151094	0.005224445481
151095	0.002376559665
151096	0.0005032547036
151097	0.003871589629
151098	0.00556651298
151099	0.000147403017
151100	0.002580497333
151101	0.0001424681036
151102	0.009081086821
151103	0.004162298065
151104	0.0001075604617
151105	0.0003132677286
151106	0.002421034231
151107	0.0007790451025
151108	0.0001600240142
151109	0.002435165682
151110	0.000772513764
151111	0.001737876956
151112	0.0001034850757
151113	0.005347606493
151114	0.001839463482
151115	0.001134976126
151116	0.002546749804
151117	4.11408937e-05
151118	0.000137052918
151119	0.0007710800489
151120	0.007067458766
151121	0.008596872415
151122	0.004274347597
151123	0.0004106962887
151124	0.003010330215
151125	0.003615128946
151126	0.003416366683
151127	0.0003657798892
151128	0.0009752421525
151129	0.004030233415
151130	2.864718256e-05
151131	0.007015504857
151132	0.001569723487
151133	0.005189576206
151134	3.843030431e-05
151135	0.00317644698
151136	0.0041618562
151137	0.0001358725587
151138	0.006905760005
151139	0.002714837845
151140	0.00374421079
151141	0.002300865151
151142	0.0006080545659
151143	0.001431223834
151144	0.0006444618096
151145	0.007206884683
151146	0.002439294505
151147	0.002276963077
151148	0.0005500486218
151149	0.001984170653
151150	0.00252457142
151151	0.003889944267
151152	0.00384281485
151153	0.001822726127
151154	0.0004798772048
151155	0.0003745317428
151156	0.001889202738
151157	0.001349222559
151158	0.0009116475358
151159	0.002373382694
151160	0.001274925675
151161	0.001436072249
151162	0.002095340821
151163	0.001566178916
151164	0.0001933630642
151165	0.002863100811
151166	0.001151752088
151167	0.002059024766
151168	0.0006160232439
151169	0.000501596611
151170	0.002878564938
151171	0.001101882296
151172	0.000658191381
151173	0.007286107473
151174	0.002295859634
151175	0.004185816908
151176	0.0007679779259
151177	0.001814014629
151178	0.001926034004
151179	0.002849872905
151180	0.00653620193
151181	0.001307204987
151182	0.0005521926837
151183	0.001440246661
151184	0.003064605495
151185	0.001702016269
151186	0.001081129665
151187	0.00225702516
151188	0.0008244475693
151189	0.004033779894
151190	0.0006652001262
151191	0.001986125917
151192	0.005095480145
151193	0.0005812713637
151194	0.002224184457
151195	0.000933915042
151196	0.00272195168
151197	0.000658923554
151198	0.001298648109
151199	0.002200585849
151200	0.0002983118898
151201	0.003406489287
151202	0.006070129772
151203	0.002504790225
151204	0.002214667493
151205	0.0006929822199
151206	0.002886200641
151207	0.00202173868
151208	0.001773062108
151209	0.001275358813
151210	0.001340964939
151211	0.002098078789
151212	0.001291719918
151213	0.001797332893
151214	0.0004976208749
151215	0.0009791341882
151216	0.003550185619
151217	0.003354876794
151218	0.004680006398
151219	0.00168801187
151220	0.005328675635
151221	0.001021565684
151222	0.001004820558
151223	0.001525668767
151224	0.0007555091777
151225	0.001114837196
151226	0.002783748192
151227	0.001519931227
151228	0.002920046371
151229	0.003525176701
151230	0.001102432192
151231	0.0002512998616
151232	0.0001838259447
151233	0.001144263619
151234	0.001515315784
151235	0.0003133570093
151236	0.004069901797
151237	0.001925282302
151238	0.0006171106707
151239	0.001049676222
151240	0.0004026225804
151241	0.0004489793062
151242	0.004246237597
151243	0.0002103170015
151244	0.002090810445
151245	0.001589157648
151246	0.0006965783238
151247	0.001092683883
151248	0.0005549270242
151249	0.005884812559
151250	0.0002861254294
151251	0.0003610861066
151252	0.0001774563238
151253	1.132802885e-05
151254	0.001198321146
151255	0.0006113913645
151256	0.001661321442
151257	0.0008486239655
151258	2.474906648e-05
151259	0.0005332530388
151260	0.002206999996
151261	0.001288996209
151262	0.001243846569
151263	0.0008482743314
151264	0.00229731766
151265	0.002895346011
151266	0.001215915776
151267	0.002126166311
151268	0.002508238059
151269	0.001692789031
151270	0.003473170697
151271	0.01100686263
151272	0.003548591853
151273	0.003015064023
151274	0.0001609169855
151275	0.0005008075124
151276	2.588700086e-05
151277	0.000103694119
151278	4.08865425e-05
151279	0.005424214788
151280	0.001065039626
151281	0.0005805909664
151282	3.558515157e-05
151283	0.0004925218147
151284	0.005745301155
151285	0.0007172247129
151286	0.0003358045444
151287	0.0003162262208
151288	0.002431486893
151289	0.0003111518623
151290	3.729776083e-05
151291	0.0001281622946
151292	0.00124166006
151293	0.0002567639041
151294	0.0001460613767
151295	0.0002729742936
151296	0.0002652993194
151297	7.886299512e-05
151298	0.0004211905717
151299	0.0007394825108
151300	0.003884902675
151301	0.0008823594971
151302	0.001642614159
151303	0.0009450878326
151304	0.001553397081
151305	0.0006236741923
151306	0.0006865109037
151307	0.0006066580532
151308	0.001988170204
151309	2.641972661e-05
151310	7.198955892e-05
151311	0.002001315723
151312	0.0008531535958
151313	0.002323161134
151314	0.0005291279243
151315	0.001900941517
151316	0.0001882136711
151317	0.001409735703
151318	0.002278632641
151319	4.537656764e-05
151320	0.002039524193
151321	0.0007828418481
151322	0.001325562056
151323	0.0003482927569
151324	0.0008731882875
151325	0.001307622484
151326	4.150541424e-05
151327	0.0005118687721
151328	2.238991814e-07
151329	0.001788668257
151330	0.0005774410035
151331	0.0003823897927
151332	0.0006602078674
151333	0.0008528383409
151334	0.0005487933111
151335	0.0007957740761
151336	0.000663400128
151337	0.001683806698
151338	0.0006392256447
151339	0.0006520994861
151340	0.0008997643186
151341	0.001425461844
151342	0.0006865691636
151343	0.0001716363552
151344	0.000237316591
151345	0.0002227221693
151346	0.0008658687628
151347	0.001316742795
151348	0.0001960639581
151349	0.000291670292
151350	0.0002361879055
151351	0.0006157726783
151352	0.0008817791433
151353	0.001478625286
151354	0.000677205544
151355	0.000480270591
151356	0.0001620192689
151357	0.0006275637922
151358	0.0002310785136
151359	0.0007689228442
151360	0.0005630642094
151361	0.0008868803034
151362	0.002715582
151363	0.0001002596388
151364	0.0002774867259
151365	0.002085923224
151366	0.001078539216
151367	0.0005493865218
151368	0.000424823247
151369	0.0007846359265
151370	0.0009243840184
151371	0.003357217563
151372	0.001234049059
151373	0.002860903427
151374	0.002199170636
151375	0.000969118244
151376	0.0003507488544
151377	0.002346292499
151378	0.001449348167
151379	0.0004357229745
151380	0.0005728938255
151381	0.002685798536
151382	0.003684966027
151383	0.002755021908
151384	0.003100727268
151385	0.0007234134666
151386	2.728480972e-05
151387	0.0006236778626
151388	0.001157697227
151389	0.0004754487865
151390	0.001430463765
151391	0.006331883186
151392	4.920066797e-05
151393	0.00296134693
151394	0.0006311476987
151395	0.003042235662
151396	0.0002608281044
151397	0.0002086291165
151398	0.0006331776206
151399	0.002373594831
151400	0.002141191736
151401	0.0004687650492
151402	0.001671792088
151403	0.0001741182689
151404	0.001018773254
151405	0.0002188784232
151406	0.004278174045
151407	0.001726923979
151408	0.003761984046
151409	0.0007012078416
151410	0.001659170775
151411	0.006682438475
151412	0.002818149647
151413	0.003056364537
151414	0.00367867055
151415	0.00606045
151416	0.00107995834
151417	0.005133663241
151418	0.0001992924314
151419	0.0004768561539
151420	0.0001573426162
151421	0.0005125825641
151422	0.001948220067
151423	0.001067864592
151424	0.005559937969
151425	8.594925232e-05
151426	0.0007794161636
151427	0.002603996527
151428	0.000587532482
151429	0.00407599734
151430	0.002516950344
151431	0.001291703234
151432	0.00132181146
151433	0.003827531588
151434	0.0007297127222
151435	0.0008421777955
151436	0.002395378386
151437	0.001450810947
151438	0.001407597885
151439	0.005143843404
151440	0.0005739136981
151441	0.0003797829592
151442	4.766862887e-05
151443	0.003277338325
151444	0.0001146624449
151445	0.0005691448966
151446	0.0006431717861
151447	0.001299102177
151448	0.002887734002
151449	0.001193401087
151450	0.0001809405574
151451	0.0001115691898
151452	0.0004694152211
151453	0.0008872329677
151454	0.0008601559971
151455	0.004517832103
151456	8.007623443e-05
151457	0.001705135144
151458	0.0004233371906
151459	0.0007918137737
151460	0.001017454006
151461	0.0001716649685
151462	0.0003134961213
151463	0.001343512078
151464	0.0009443595062
151465	0.002312680881
151466	0.001014298928
151467	0.0002075792613
151468	0.001083471266
151469	8.332033815e-05
151470	0.004205038732
151471	0.0006715645993
151472	0.004037497849
151473	0.001011325401
151474	0.0007501460574
151475	0.000642529909
151476	0.006819583205
151477	0.001637929971
151478	0.0002819616924
151479	0.00209108676
151480	0.0003345329798
151481	0.0005812399697
151482	0.0002146735318
151483	0.0006077206436
151484	0.004764632222
151485	7.120005588e-05
151486	0.00596238208
151487	0.001464455025
151488	0.001646627282
151489	0.0008399759244
151490	0.003418571698
151491	0.0005341865181
151492	0.002854299021
151493	0.001162431945
151494	0.001737999182
151495	0.001772290462
151496	0.0002222676577
151497	0.0007389383032
151498	0.0003640227859
151499	0.0002304387986
151500	2.283713666e-05
151501	0.001279068625
151502	0.001334679663
151503	0.000378007161
151504	0.0001252650192
151505	0.0004409072638
151506	0.002341159911
151507	0.0005097051975
151508	0.002162112041
151509	0.001109360479
151510	0.0004410368214
151511	3.347864139e-05
151512	0.004021546581
151513	0.006113618097
151514	0.0009931373563
151515	0.003166126533
151516	0.0003158752961
151517	0.002833532089
151518	0.00133211557
151519	0.0007098669817
151520	0.001567402815
151521	0.0003933181856
151522	0.0008589788957
151523	0.0001373620998
151524	0.0007847413154
151525	0.003060598262
151526	8.173294273e-05
151527	0.002049580935
151528	0.0004964711058
151529	0.001819811122
151530	0.0004248965286
151531	0.00259746265
151532	0.005155640832
151533	0.002615799181
151534	0.003790855911
151535	0.003620558255
151536	0.002237999144
151537	0.002474587549
151538	0.0006788783435
151539	0.001692349368
151540	0.002537863599
151541	0.0004884591436
151542	0.0007524358562
151543	0.002040191415
151544	0.0002628952333
151545	0.004589181748
151546	0.001809059914
151547	0.001747619477
151548	0.001328071153
151549	0.003866947466
151550	0.0002735470182
151551	0.00437834633
151552	1.720037533e-05
151553	0.001549835504
151554	0.005933066637
151555	0.001896152283
151556	0.004703174987
151557	0.0002863321473
151558	0.003778020776
151559	0.006970521584
151560	0.0009142981089
151561	0.005379688457
151562	0.002568233866
151563	0.001513895812
151564	0.001566953226
151565	0.005503842629
151566	0.002392752233
151567	0.004053561561
151568	0.000231948059
151569	0.001154317883
151570	8.780959812e-05
151571	0.001641138704
151572	0.0002879430774
151573	0.0008752751903
151574	8.990539328e-05
151575	0.001006237577
151576	0.005797262049
151577	0.0004093368753
151578	0.002348666865
151579	0.003152296029
151580	0.0004034494261
151581	0.0019826848
151582	0.005622735531
151583	0.000687346505
151584	0.004965111843
151585	0.001709805136
151586	0.002694350797
151587	0.002483585536
151588	0.001378644337
151589	0.002233654691
151590	0.0003923758043
151591	0.0003413343381
151592	0.003620985214
151593	0.0001515665856
151594	0.001511065355
151595	0.001025997161
151596	0.0003038443878
151597	0.00095927283
151598	0.002242457895
151599	0.0003303538768
151600	0.0002813400316
151601	0.0008499891051
151602	0.004312433214
151603	0.0005633668501
151604	0.0004854662656
151605	0.0004507125508
151606	0.001382366648
151607	0.002646531209
151608	0.001594130116
151609	0.001802274569
151610	0.0009107005223
151611	0.0001030284453
151612	0.001857109453
151613	0.0002489474462
151614	0.002772465138
151615	0.002488051843
151616	0.001811390541
151617	0.001657188436
151618	0.001889480984
151619	0.001551964701
151620	0.002822941809
151621	0.001782349365
151622	0.001730910106
151623	0.0007713849497
151624	0.003126763013
151625	0.0007836212598
151626	0.003460639931
151627	0.0001861355977
151628	0.000661891222
151629	0.003233900849
151630	0.0003996119851
151631	0.002234852826
151632	0.00455163946
151633	0.001853093429
151634	0.001351472304
151635	0.002422416651
151636	0.001573578699
151637	8.032111232e-05
151638	0.002766149028
151639	0.0007419460222
151640	0.001688184798
151641	0.0075866621
151642	0.01117824108
151643	0.004640425532
151644	0.0007887071546
151645	3.65774162e-05
151646	0.003397333327
151647	0.0005153809295
151648	0.004320068575
151649	0.00275032621
151650	0.001449132934
151651	0.0002552462249
151652	0.004090816155
151653	0.001092366224
151654	0.0006091526729
151655	0.001731829874
151656	0.003600316808
151657	0.002215005067
151658	0.002285288499
151659	0.002153880912
151660	0.003387364163
151661	0.0005916310073
151662	0.003687724387
151663	0.0005383142041
151664	0.002458220308
151665	0.001887052463
151666	0.001878182493
151667	1.846076634e-05
151668	0.002765684135
151669	0.001291980754
151670	0.002707404767
151671	0.005738897706
151672	0.0005470923214
151673	0.00531676322
151674	0.0006140511894
151675	0.002282239256
151676	0.00360861497
151677	0.002555107973
151678	0.002440198999
151679	0.002248745143
151680	0.003363450967
151681	0.002486200899
151682	4.273264391e-05
151683	0.0008290925504
151684	0.003193151333
151685	0.002175614591
151686	0.0009432471083
151687	0.0006463398054
151688	0.004515382911
151689	0.0004025694676
151690	0.0004138032598
151691	0.002835309492
151692	0.00406579321
151693	0.0004301330099
151694	0.001669073423
151695	0.002760195808
151696	0.005384192113
151697	0.0004245191497
151698	0.002391186798
151699	0.001310019467
151700	0.002175558807
151701	0.0004460194801
151702	0.001217524062
151703	0.0001297850961
151704	0.001093516538
151705	0.002312891762
151706	0.00204606371
151707	0.002282631391
151708	0.001727347464
151709	0.000197842921
151710	0.0002335064338
151711	0.002302450757
151712	0.001365461092
151713	0.002045419319
151714	0.004384133683
151715	0.0001989081278
151716	0.001240959111
151717	0.003398172146
151718	0.000483297653
151719	0.002781242529
151720	0.001837549294
151721	0.002338393229
151722	0.001104179068
151723	0.004282871943
151724	0.004293762357
151725	0.002894217766
151726	0.0003847097789
151727	0.002088920133
151728	0.003374047715
151729	0.0001461153434
151730	0.0004685915273
151731	0.001258985844
151732	0.002768504356
151733	0.004358422051
151734	0.004544798137
151735	0.0008727014414
151736	0.0008624199276
151737	0.0006189118834
151738	0.003581911175
151739	0.003854761779
151740	0.00467364505
151741	0.002747854173
151742	0.0001794032052
151743	0.002663208852
151744	0.0008030556594
151745	0.0003385139208
151746	0.0009457303321
151747	0.007465686284
151748	0.002355087452
151749	3.470884157e-05
151750	0.0001947684944
151751	0.000167548692
151752	0.0008842732281
151753	0.0007399339506
151754	0.004368593652
151755	0.0006976523558
151756	0.002212195126
151757	0.0009552586778
151758	0.004322985322
151759	0.001809932159
151760	0.0003814107995
151761	0.003062123998
151762	0.002356813723
151763	0.001140662805
151764	0.001668339521
151765	0.003057665668
151766	0.003071992652
151767	0.002058138336
151768	0.000967976153
151769	0.002417862771
151770	0.002136500941
151771	0.00061565938
151772	0.001668684331
151773	0.0004935349132
151774	0.001395691693
151775	0.0001948385091
151776	0.001290834911
151777	0.002502947781
151778	0.000234121435
151779	0.0003450474624
151780	0.0001847218138
151781	0.0005767731609
151782	0.0003261929099
151783	0.0002434814268
151784	0.0003944495771
151785	0.0003211996404
151786	4.578753077e-06
151787	0.0001973987883
151788	0.0003946408186
151789	0.0008238091688
151790	0.0003204288143
151791	0.0002109311862
151792	0.0004240154266
151793	0.0003456346108
151794	0.0002625608453
151795	0.0001202350845
151796	0.001632323373
151797	0.0001743648306
151798	0.000101205063
151799	0.0002780458598
151800	0.00058602258
151801	0.0001052751539
151802	0.0005258819652
151803	0.001195083287
151804	0.0005051344381
151805	0.0001322605737
151806	0.001132726268
151807	6.086645069e-05
151808	3.885310685e-05
151809	0.0004783754039
151810	0.001174530358
151811	0.0001580870336
151812	0.0005314892535
151813	0.0001706289145
151814	0.002844314966
151815	0.0002490574565
151816	0.0004681859404
151817	0.0001559360734
151818	9.16702327e-05
151819	0.0003660746942
151820	0.0001568549081
151821	0.000350762044
151822	0.0004499061867
151823	0.0002522332974
151824	7.482983796e-05
151825	0.0003714493939
151826	0.0003225561133
151827	0.0006212056817
151828	0.0003761611701
151829	0.001019922196
151830	0.000223333327
151831	0.0001497517098
151832	0.001284628775
151833	0.0003164362902
151834	0.0005821209948
151835	1.532046597e-05
151836	0.0006401080881
151837	0.001453432076
151838	0.0002066832607
151839	0.0002964892185
151840	0.0004696161693
151841	0.0004464203317
151842	0.0003684805796
151843	6.330857527e-05
151844	0.0001918387952
151845	0.0005676993711
151846	0.0007563875253
151847	0.000294906422
151848	0.0002182192957
151849	0.0006378430087
151850	0.000525842926
151851	0.001710779227
151852	0.0006011171099
151853	0.0001293741424
151854	8.322848609e-05
151855	6.775588982e-05
151856	0.0001715048335
151857	0.0008217244091
151858	0.0003822210865
151859	0.0004530871701
151860	0.0007838131094
151861	0.0004676027322
151862	0.0003438776066
151863	0.003261032814
151864	0.001036910039
151865	0.0008294431294
151866	0.005054781887
151867	0.002316835372
151868	0.0009772510333
151869	0.002165889914
151870	0.0005442755116
151871	0.00228473511
151872	0.0009085958185
151873	0.0009696889968
151874	0.000337453219
151875	0.0009159957979
151876	0.002014866265
151877	0.003004178364
151878	0.001827145286
151879	0.0008370163921
151880	0.0001386061132
151881	0.0009690474945
151882	0.001747941407
151883	0.001040703783
151884	0.004325640584
151885	0.0002535414673
151886	0.001351111338
151887	0.0003826067884
151888	0.0004953979585
151889	0.001643740574
151890	0.0003957781004
151891	0.005085649068
151892	0.0005333069458
151893	0.004141095022
151894	0.0002095829657
151895	0.0008739567456
151896	0.004392238091
151897	0.001071224158
151898	0.001186160606
151899	0.001961028584
151900	0.001903505696
151901	0.0004417442075
151902	0.003466016696
151903	0.003401917892
151904	0.003513410919
151905	0.003606975736
151906	0.002522909711
151907	0.002898612488
151908	0.001832571486
151909	0.002985852914
151910	0.001170388021
151911	0.002231779592
151912	0.0005073714809
151913	0.00127274394
151914	0.001241544397
151915	0.00357824808
151916	0.004654069826
151917	0.002714728696
151918	0.006977298635
151919	0.002946471578
151920	0.0001705794871
151921	0.0007654541483
151922	0.002335787464
151923	0.001264419152
151924	0.001961636934
151925	0.002648618544
151926	0.0009916375888
151927	0.0003478438927
151928	0.0007842579434
151929	0.004236984192
151930	0.0003500792375
151931	0.0008421893216
151932	0.003594920157
151933	0.0003455880049
151934	0.003995026364
151935	0.003571595947
151936	0.003175885962
151937	0.007163591924
151938	0.001995604623
151939	0.0005112653801
151940	0.003019866852
151941	0.00017643009
151942	0.001491200512
151943	0.0002562881245
151944	0.001356103722
151945	0.001204996756
151946	0.002755916532
151947	0.000979963738
151948	0.00160345776
151949	0.003448520782
151950	0.001204552161
151951	0.0006388026212
151952	0.0003938514037
151953	0.004774723076
151954	0.0009527573295
151955	0.00390555523
151956	0.0008009244545
151957	0.000792871756
151958	0.0007333238094
151959	0.002047154852
151960	0.001388165691
151961	0.002857137683
151962	0.0009113479212
151963	0.001509047761
151964	0.002884467223
151965	0.0008690238042
151966	0.002128851814
151967	0.002269753738
151968	0.006123915362
151969	0.0002967380476
151970	0.001798729504
151971	0.003764513788
151972	0.008779168982
151973	0.002255997851
151974	0.00200876348
151975	0.002263552948
151976	0.004965016826
151977	5.127301263e-05
151978	0.00445780154
151979	0.004018756358
151980	0.00241495128
151981	0.002062256325
151982	0.002607884012
151983	0.001285106418
151984	0.0004443480021
151985	0.004038628296
151986	0.001070256254
151987	0.001172005277
151988	0.001262198261
151989	0.004714500136
151990	0.00182219242
151991	0.001672198241
151992	0.003649629084
151993	0.001867600167
151994	0.0007043431098
151995	0.002494347343
151996	2.196362266e-05
151997	0.003381081358
151998	7.617530388e-05
151999	0.00503461931
152000	0.001933086273
152001	0.001584407864
152002	0.0006145915863
152003	0.001936377307
152004	0.002386668484
152005	0.00131458759
152006	0.0001887681722
152007	0.0008487818873
152008	0.002753413656
152009	6.824528607e-05
152010	5.857031511e-05
152011	0.0004870974231
152012	3.111024063e-05
152013	0.00151087089
152014	1.30518661e-05
152015	0.0007171413122
152016	9.537745049e-05
152017	0.002033864924
152018	0.0001303173813
152019	0.000341360103
152020	0.001073464396
152021	0.00229692619
152022	0.0009486906817
152023	0.001794371476
152024	0.0005941421529
152025	0.001827744957
152026	0.00230233794
152027	0.001108618801
152028	0.0005410987566
152029	0.004694975184
152030	0.003346449917
152031	0.002408139225
152032	3.729819977e-05
152033	0.0007670585087
152034	0.005571284569
152035	0.005294944139
152036	0.0001328941832
152037	0.000717248404
152038	0.0049046916
152039	0.002618088216
152040	0.002032400484
152041	0.001777583684
152042	0.001449376197
152043	5.627969717e-06
152044	0.001532443947
152045	0.001194074218
152046	0.00137439649
152047	0.00341767991
152048	0.001367708274
152049	0.001801011854
152050	0.001465517351
152051	2.964162568e-05
152052	0.0008212735085
152053	0.002418433318
152054	0.0008222738557
152055	0.00578313782
152056	0.001799119515
152057	0.004407235842
152058	0.0006803647675
152059	0.00439107184
152060	0.004695562853
152061	0.0004794730164
152062	0.001323235898
152063	0.0003285694568
152064	0.001736168254
152065	0.0060338133
152066	0.0002779273248
152067	0.002244813174
152068	0.003042097488
152069	0.0004241138286
152070	0.0004250050496
152071	0.001885506651
152072	0.0009410963421
152073	0.002392679225
152074	0.0006831233696
152075	0.0001097658509
152076	0.001646649633
152077	0.00566508068
152078	0.0008796763981
152079	0.003989162389
152080	0.002921414461
152081	0.0001914726151
152082	0.001144973717
152083	0.003401656598
152084	0.003269134289
152085	0.006428625786
152086	0.004150682021
152087	8.621106632e-05
152088	0.002359687198
152089	0.001907573712
152090	0.002166506629
152091	0.002194423816
152092	0.0007409808451
152093	0.004249463389
152094	0.001479289673
152095	0.003918076797
152096	0.00119019954
152097	0.0006449799074
152098	0.001054069666
152099	0.002703114947
152100	0.00124795329
152101	0.00326845522
152102	0.001029060068
152103	0.00175103738
152104	0.0005319155036
152105	0.002714175433
152106	0.0004955151412
152107	0.00111133692
152108	0.005745975117
152109	0.003046918888
152110	0.0004622876585
152111	0.004320790194
152112	0.005255094801
152113	0.002469175705
152114	0.0007935544991
152115	0.0002654362629
152116	0.0003734918602
152117	0.003640295362
152118	0.0003515104514
152119	0.005384447896
152120	0.001482432908
152121	0.001138520646
152122	0.005089424846
152123	0.003014995726
152124	0.002045089735
152125	0.003440887485
152126	0.003640323142
152127	0.003790521787
152128	0.002052498515
152129	0.0003213353681
152130	0.0006880422782
152131	0.002103517434
152132	0.0002486934462
152133	0.0001190916249
152134	0.001904567462
152135	0.000105923015
152136	0.00800859671
152137	0.002934901591
152138	0.002566658922
152139	0.007931725722
152140	0.005257080233
152141	0.002961123661
152142	0.00456127878
152143	2.696791681e-05
152144	0.001469722143
152145	0.0005464221228
152146	0.002273204493
152147	0.0005462182049
152148	0.00118771125
152149	0.0004091009399
152150	0.003631186069
152151	0.0006620494007
152152	0.001147060815
152153	0.002818776901
152154	0.002276497376
152155	0.003850789357
152156	0.00127667849
152157	0.001014940805
152158	0.0006848912925
152159	0.002244114457
152160	0.0009434317356
152161	0.001021649044
152162	0.0007378045648
152163	0.002120826111
152164	0.001650466784
152165	0.004203239979
152166	0.002398059336
152167	0.001326802843
152168	0.0004360408737
152169	0.0002237738434
152170	0.001721173301
152171	0.002005360152
152172	0.0009399560838
152173	0.003528300865
152174	0.0002681121993
152175	0.004639005662
152176	0.001388884133
152177	2.186841368e-05
152178	0.001686722628
152179	0.0003561741861
152180	0.003520110587
152181	0.000900850633
152182	0.001905043165
152183	0.000491329281
152184	0.002109171841
152185	0.001397842332
152186	0.002481584622
152187	0.001298509408
152188	0.0001209308397
152189	0.0005990250937
152190	0.001091257558
152191	0.001348512811
152192	0.001864057224
152193	0.001111784002
152194	0.0009346125765
152195	0.002542293999
152196	0.001308332712
152197	0.001609190028
152198	0.002732128225
152199	0.00337906746
152200	0.0001460677765
152201	0.0008842638138
152202	0.0003395685291
152203	0.001343619122
152204	0.002293144779
152205	0.001921726304
152206	0.0002545056382
152207	0.00167753208
152208	0.003874168236
152209	5.503201595e-05
152210	0.00377256991
152211	0.001531672249
152212	0.0002213648619
152213	0.000710032264
152214	0.0007764435302
152215	0.002123272511
152216	0.005555180339
152217	0.007380492602
152218	0.002743552935
152219	0.004166730492
152220	0.00217271143
152221	0.0001669111797
152222	0.0004957661752
152223	0.0006771551537
152224	0.0008909314434
152225	0.0009704596151
152226	0.0037078256
152227	0.001132555361
152228	0.001131536836
152229	0.001138228344
152230	0.005629444241
152231	0.0005637219041
152232	0.001190349015
152233	0.001289611297
152234	0.001201941043
152235	0.0005893784637
152236	0.0001352663513
152237	0.0004252375348
152238	0.001249744055
152239	0.0002194061423
152240	0.005002013173
152241	0.0003869353253
152242	0.0003484249885
152243	0.001769459361
152244	0.002058575609
152245	0.0008919918453
152246	0.00593996304
152247	0.001560514091
152248	0.001141020829
152249	0.004045222841
152250	0.003107938901
152251	0.0008476347819
152252	0.0004501747863
152253	0.0003213214677
152254	0.00105989683
152255	0.003451898978
152256	0.004127310647
152257	0.0005899360962
152258	0.001222176346
152259	0.001217453217
152260	0.001545135448
152261	0.001967848565
152262	0.004979042621
152263	0.003221750578
152264	0.001466647211
152265	0.001268260645
152266	0.001696569315
152267	0.0005271505731
152268	0.004187747401
152269	0.0003325239306
152270	0.003489800238
152271	0.002018419768
152272	0.0001994187408
152273	0.004196118203
152274	0.001043043818
152275	0.002656588474
152276	0.00241031173
152277	0.002042363485
152278	0.0008379618676
152279	0.001164805516
152280	0.0002280501018
152281	0.0006389855647
152282	0.0001241839583
152283	7.939858163e-05
152284	0.002575900195
152285	0.003141690322
152286	0.005948324955
152287	0.001875417103
152288	0.003200000543
152289	0.002974366109
152290	0.001618547885
152291	0.001215392832
152292	0.0009325360566
152293	0.001782944341
152294	0.003965366892
152295	0.00154796296
152296	0.001390670547
152297	0.0004359340706
152298	0.0002953020317
152299	0.0001212321794
152300	0.001619322086
152301	0.006287582958
152302	0.001181999679
152303	0.002804196795
152304	5.295583414e-05
152305	0.0009531140408
152306	0.003090643315
152307	0.0007087810359
152308	0.001098005325
152309	0.003848273749
152310	0.002499334533
152311	0.00231994195
152312	0.003919975555
152313	0.0001936905122
152314	0.003443071254
152315	0.0009607911678
152316	0.002445528583
152317	0.006030632653
152318	0.004165956726
152319	0.0008817135327
152320	0.0004355383901
152321	0.0009159026479
152322	0.000258180379
152323	0.002245394326
152324	0.001516629759
152325	0.003048703156
152326	0.001156804597
152327	0.003455068627
152328	0.002102136547
152329	0.003676090239
152330	0.001965091091
152331	0.001300632157
152332	0.00140703062
152333	0.0006100485515
152334	0.001615407479
152335	6.305675264e-05
152336	0.0003793219601
152337	0.001448614631
152338	0.002409696436
152339	0.002888319844
152340	0.0008508185587
152341	0.000866674212
152342	0.001981962351
152343	0.002735286067
152344	0.003810919662
152345	0.0004047604077
152346	0.002628136873
152347	0.0002868494836
152348	0.0004910203521
152349	0.001150354757
152350	0.00036226882
152351	0.0003398842972
152352	0.005086657462
152353	0.005649826684
152354	0.004207064206
152355	0.001478927979
152356	0.0006037073432
152357	0.002979608819
152358	0.0005874885737
152359	0.004438633214
152360	0.0004605885667
152361	0.002573482396
152362	0.0003525021322
152363	0.0006650288323
152364	0.0005645197399
152365	0.0002981430732
152366	0.002628286142
152367	0.0006200749267
152368	0.002748296837
152369	0.001616783709
152370	0.0002981474255
152371	0.004758342828
152372	0.0006105010479
152373	0.001083526156
152374	0.0008459031151
152375	0.002253524009
152376	0.001041327266
152377	0.001799161823
152378	0.001522677203
152379	0.001897164455
152380	0.001607030513
152381	0.002409487184
152382	0.000471658752
152383	0.003221966103
152384	0.0001604003077
152385	0.004105592111
152386	0.001497717382
152387	0.0008041324111
152388	0.001660018474
152389	0.0003818378
152390	0.001114375215
152391	7.882883311e-05
152392	0.003844428246
152393	0.001060378735
152394	2.902444438e-05
152395	0.001455125832
152396	0.0008430286024
152397	0.0006115580631
152398	0.0002200713156
152399	0.0006167805566
152400	0.0005629863948
152401	0.0006716341598
152402	0.001520323676
152403	0.002696215262
152404	0.001034972813
152405	0.007280291466
152406	0.001574432947
152407	0.0006416202721
152408	0.0003156207415
152409	0.0007001913539
152410	0.0003711223139
152411	0.0006730912587
152412	0.0004409461805
152413	0.001095920298
152414	0.001665166395
152415	0.003350659733
152416	0.0007400303409
152417	0.001480616762
152418	0.001258303685
152419	0.0004591650315
152420	0.002313428041
152421	0.0002963356967
152422	0.0003685192289
152423	0.002069984642
152424	0.002034016771
152425	0.0007169427047
152426	0.001652576533
152427	0.001213786962
152428	0.00206593515
152429	0.001447417772
152430	0.0002773620139
152431	0.005384777554
152432	3.10716022e-05
152433	0.0002022288431
152434	0.00324116782
152435	0.0002617620948
152436	0.000582768768
152437	0.0005600551924
152438	0.002078450934
152439	0.0003623010565
152440	0.002257791923
152441	0.002457233381
152442	0.001565800816
152443	0.00175848071
152444	0.002061193042
152445	0.003715959689
152446	0.001010616242
152447	0.004930933687
152448	0.002155728825
152449	0.0001249888415
152450	0.002203152185
152451	0.0006853638965
152452	0.00136919623
152453	0.0004572157808
152454	0.001003809179
152455	0.001057026204
152456	0.003124416029
152457	0.004915194481
152458	0.002056525294
152459	0.0002037489066
152460	0.002088642417
152461	0.004764221207
152462	0.0003916103843
152463	0.004415778365
152464	0.00242605134
152465	0.003881197795
152466	0.004289512634
152467	0.001037445761
152468	0.0005648988412
152469	0.000459311041
152470	0.005186390005
152471	0.00212197977
152472	0.0003078395654
152473	0.0007420314449
152474	0.0002010929691
152475	0.001574785725
152476	0.002744324902
152477	0.0008280558877
152478	0.0008638114199
152479	0.0003059399757
152480	0.00142675737
152481	0.0008209521058
152482	0.002941597633
152483	0.00118255173
152484	0.003231916601
152485	0.002119209054
152486	0.001417207426
152487	0.005324265971
152488	0.001809331523
152489	9.341534696e-05
152490	0.001877563359
152491	0.0008313095042
152492	0.0008320000877
152493	0.0002916647548
152494	0.000118012083
152495	0.002381131257
152496	0.002519710123
152497	0.0007492843502
152498	0.001025227449
152499	0.0006843802801
152500	0.001684520036
152501	0.001364768238
152502	0.001186168563
152503	0.0002489456424
152504	0.0006270302858
152505	0.001556885672
152506	0.001743024131
152507	0.001065642149
152508	0.0002819648457
152509	0.0006549285403
152510	0.001211463107
152511	0.0005877798333
152512	3.150136766e-05
152513	0.0009246327587
152514	0.002445408701
152515	0.0006071117228
152516	0.005000233442
152517	0.0017208954
152518	0.003261941803
152519	2.680265613e-05
152520	0.002614190255
152521	0.0002585162414
152522	1.610619273e-05
152523	0.00714405989
152524	0.002641326938
152525	0.0001692798142
152526	0.0007638158098
152527	0.001139161677
152528	0.001715067809
152529	0.0002951512152
152530	0.000460123545
152531	0.002523656005
152532	0.004042768145
152533	0.002546785277
152534	0.002054261013
152535	0.002629153744
152536	0.0004670811974
152537	0.002531771657
152538	6.446435802e-06
152539	0.006984754997
152540	0.003297997823
152541	0.002997993013
152542	0.002765768422
152543	2.658218183e-05
152544	0.002568828983
152545	0.003505339187
152546	3.270827167e-05
152547	0.004920343644
152548	0.0007622869685
152549	0.002254746774
152550	0.002188312793
152551	0.003906132981
152552	0.0001350594874
152553	0.005208740835
152554	0.001240968702
152555	0.00378246132
152556	0.001014009922
152557	0.0001224064228
152558	0.002920766893
152559	0.000448514229
152560	0.002976519156
152561	0.0009902425917
152562	0.000385488406
152563	0.005119919531
152564	0.001132358352
152565	0.0005072012753
152566	0.002603307658
152567	0.0007332227267
152568	0.006224627466
152569	0.0009530076003
152570	0.001573758875
152571	0.001939114823
152572	0.00551773579
152573	0.003081043219
152574	0.001502290828
152575	0.000272025871
152576	0.001406780497
152577	0.0001602075146
152578	0.005116828533
152579	0.003563795975
152580	0.0001499850633
152581	0.002863057182
152582	0.001014900298
152583	0.002866618944
152584	0.004609151857
152585	0.00166512855
152586	0.003192033652
152587	0.0009746273032
152588	0.0003788067295
152589	0.003483189415
152590	0.0002416691558
152591	0.001361164964
152592	0.002071689093
152593	0.002441438006
152594	0.002893680258
152595	0.002359272679
152596	3.84423173e-08
152597	0.0007820685261
152598	0.001694368652
152599	0.0005139119418
152600	0.001614454703
152601	2.073342179e-06
152602	0.003740594586
152603	0.0008509400408
152604	0.002818130329
152605	0.002905593736
152606	0.0005783779202
152607	1.97795361e-05
152608	5.556869801e-05
152609	0.005440184349
152610	0.0009117618115
152611	0.006182989476
152612	0.002195905194
152613	0.005024681769
152614	0.00197458097
152615	0.001558610479
152616	0.001729638219
152617	0.002468895992
152618	0.003639451722
152619	0.0002628845116
152620	0.001528351177
152621	0.000755195999
152622	0.002664753813
152623	0.0009608257078
152624	0.001143494593
152625	0.001478829166
152626	0.0002274406479
152627	0.00177928996
152628	0.004956670943
152629	0.0006407259818
152630	0.002827046602
152631	0.0004924589273
152632	0.0005184805622
152633	0.0002204630925
152634	0.000480170133
152635	0.0003826499283
152636	0.002663674599
152637	0.0002559182867
152638	0.006852282294
152639	5.184776339e-06
152640	0.0005831732333
152641	0.001254942674
152642	0.002123602693
152643	0.001643966625
152644	0.001181699328
152645	0.001382584538
152646	9.123901415e-05
152647	0.002402117113
152648	0.002850003573
152649	0.005489182568
152650	0.0002351945156
152651	0.001296260239
152652	0.001700806161
152653	0.0002664243942
152654	0.001878824242
152655	0.002084646621
152656	0.002612066306
152657	0.001353585209
152658	0.001571659748
152659	0.001686944759
152660	0.003529300346
152661	0.0006714252722
152662	0.002491916931
152663	0.00169349958
152664	6.193174137e-05
152665	0.001492347749
152666	0.002686319613
152667	0.0007073474315
152668	0.001208931436
152669	0.002087569097
152670	0.001195014122
152671	0.001168507213
152672	0.003779409742
152673	0.0005240512867
152674	0.002669679406
152675	0.0008680022251
152676	8.430804471e-05
152677	0.0007643607309
152678	0.001458000623
152679	0.001552865615
152680	0.002104359834
152681	0.001955996062
152682	0.001583104274
152683	0.001999690161
152684	0.00296679416
152685	0.003247582486
152686	0.0002529868691
152687	0.0005707810385
152688	1.531125069e-05
152689	0.00121264303
152690	0.0006030523864
152691	0.0004946509111
152692	0.001012870679
152693	0.0002110564413
152694	0.0007243156924
152695	0.0008722602785
152696	0.0005266898264
152697	0.0005475831579
152698	0.001738907864
152699	0.003196111344
152700	0.0003026810046
152701	0.001005183118
152702	0.0006493664215
152703	0.002842798577
152704	0.0001803419477
152705	0.001491694497
152706	0.000204001416
152707	0.002583762735
152708	0.00222598687
152709	0.008898015026
152710	0.0002539962925
152711	0.000743726241
152712	0.001341083936
152713	0.003134982196
152714	0.0002549368527
152715	0.001407242138
152716	0.001146886503
152717	0.0006903694933
152718	0.00115719436
152719	0.005056192546
152720	0.0006319701154
152721	0.003212878435
152722	0.001009288082
152723	3.446999457e-05
152724	0.0008022895964
152725	0.0008386997883
152726	0.0002729171439
152727	0.001508187545
152728	0.001506916549
152729	0.001683272019
152730	0.001144861532
152731	0.0001784757523
152732	0.0007731427873
152733	0.0001262849287
152734	0.0008739387406
152735	0.0005894219577
152736	0.000568053445
152737	0.0008715468176
152738	0.0005733181402
152739	0.001445835175
152740	0.0004882073081
152741	0.0008948199831
152742	0.001921564217
152743	0.0003863180411
152744	0.002180678612
152745	0.001241049472
152746	6.859369549e-05
152747	0.003179110718
152748	0.0003575623935
152749	0.004861494401
152750	0.00122842875
152751	0.0005954977686
152752	0.001014290599
152753	0.008251891183
152754	0.001562386441
152755	0.005036102314
152756	0.002301439355
152757	0.003731422377
152758	0.001533127055
152759	0.001518779196
152760	0.001683057648
152761	0.0008533228203
152762	0.0009067232336
152763	0.0007178817996
152764	0.004186751083
152765	0.00112103841
152766	0.007296989675
152767	0.001594124319
152768	2.729275969e-05
152769	0.00114701411
152770	0.003701071248
152771	0.003600279276
152772	0.0004347708908
152773	0.0005871878566
152774	0.003575807744
152775	0.0004507619998
152776	0.0001983637933
152777	0.0004714798516
152778	0.003109457465
152779	0.001017897941
152780	0.001749480832
152781	5.66322416e-05
152782	5.650467272e-05
152783	0.004049595253
152784	0.0002048852856
152785	0.003844925039
152786	0.003068401093
152787	0.001384478925
152788	0.00468166912
152789	0.002847263384
152790	0.000184699087
152791	0.0001901113253
152792	0.0005645205013
152793	0.0004258240963
152794	0.0008456364996
152795	2.529379138e-05
152796	0.0008223550207
152797	0.0005589034924
152798	0.002835893311
152799	0.003793312989
152800	0.002278494189
152801	0.004317308001
152802	0.002332817467
152803	0.005383289695
152804	0.001052164744
152805	0.003776709523
152806	0.002291991372
152807	0.001127816225
152808	0.00324052691
152809	0.002346994486
152810	0.003347206467
152811	0.0006087800316
152812	0.001392665412
152813	0.0004532329837
152814	0.001228880494
152815	0.00246216583
152816	0.0005348672087
152817	0.005316868552
152818	0.003172511773
152819	0.0004341648312
152820	0.007014791279
152821	0.0007042793944
152822	0.001493252281
152823	0.001100177653
152824	0.001626208053
152825	8.744718296e-05
152826	0.0001745233169
152827	0.002062669984
152828	0.001412517354
152829	0.002836660655
152830	0.002730065069
152831	0.001336790247
152832	0.001936291337
152833	0.001359959604
152834	0.001026637789
152835	0.00233141166
152836	0.002247092084
152837	0.002965426398
152838	0.003337556832
152839	0.001667808272
152840	0.0002061365097
152841	0.001098611902
152842	0.001860574863
152843	0.0002988115162
152844	0.003448066603
152845	1.34007918e-05
152846	0.002614240007
152847	0.005406021872
152848	0.001029712588
152849	0.004691709338
152850	5.67050565e-05
152851	0.004475322866
152852	0.002782731349
152853	0.0001662287813
152854	0.003295391962
152855	0.001318939777
152856	0.0001219916352
152857	0.001638174326
152858	0.0008538137236
152859	7.855726295e-05
152860	0.002393509592
152861	0
152862	0.001280807349
152863	0.002054999673
152864	0.00342057773
152865	0.0005171774709
152866	0.00339412389
152867	0.001504537836
152868	0.002913827368
152869	0.002691032122
152870	0.0001930322419
152871	0.002818721799
152872	0.0005253556273
152873	0.001009913512
152874	0.003104651731
152875	0.00235861586
152876	0.0009683752773
152877	0.0001685164433
152878	0.00472271006
152879	0.003742182185
152880	0.004105230503
152881	0.0007349661227
152882	0.001191786733
152883	0.002885120476
152884	2.815306591e-05
152885	0.004226555672
152886	0.001075227798
152887	2.884700722e-05
152888	0.0061819163
152889	0.001430938165
152890	0.003178684781
152891	0.000130100374
152892	0.001191863477
152893	0.00617143375
152894	0.003311071224
152895	0.005467331149
152896	0.007996659236
152897	0.0001651350976
152898	0.003339586061
152899	0.002815170326
152900	0.0001211632184
152901	0.002110516614
152902	0.0004587587274
152903	0.003747992026
152904	0.00695725047
152905	0.001607818991
152906	0.001368217265
152907	0.002658156823
152908	0.0002134748835
152909	0.001359360461
152910	0.0001919441103
152911	0.0009719885429
152912	0.0005660050155
152913	0.002102930293
152914	0.006943050468
152915	0.002010424662
152916	0.0008959257382
152917	0.003079900291
152918	0.000112657157
152919	0.002615454208
152920	0.001742999258
152921	0.003605362507
152922	0.0009772578136
152923	0.0009663397137
152924	0.003374986042
152925	0.00457153846
152926	0.008676268804
152927	0.001395085788
152928	0.003221149736
152929	0.00143867341
152930	0.003503154807
152931	0.005859175679
152932	0.003114793316
152933	0.00255354947
152934	0.004526038388
152935	0.0007929431597
152936	0.001739973659
152937	0.0002664553429
152938	0.00049398775
152939	0.003362029978
152940	1.249628843e-05
152941	0.001329886928
152942	0.0002332390671
152943	0.004161017161
152944	0.003051617346
152945	0.0009275623732
152946	0.0009979582016
152947	0.0009543891565
152948	0.005536231403
152949	0.002453426699
152950	0.0004760932374
152951	0.002982736275
152952	0.0003578735342
152953	0.001929466046
152954	0.004016434372
152955	0.003732685393
152956	0.002981417737
152957	9.167892456e-05
152958	0.0005757877898
152959	0.001646979375
152960	0.000393437867
152961	0.0008323965029
152962	0.002122941332
152963	0.006071484013
152964	0.001795271984
152965	0.002386598536
152966	0.001207795161
152967	0.001854775385
152968	0.0002571413583
152969	0.0005941048535
152970	0.0006734033618
152971	0.002678534625
152972	0.002346831842
152973	0.002365588465
152974	0.002842077861
152975	0.001137091215
152976	0.000590337426
152977	0.0007887185597
152978	0.001419449364
152979	0.001661025265
152980	0.001871827237
152981	0.001562222925
152982	0.0002138476159
152983	0.001571271387
152984	0.0005794972536
152985	0.0006937527626
152986	0.004606567132
152987	0.001693554245
152988	6.809020103e-05
152989	0.001043140264
152990	0.001796319716
152991	0.001255991974
152992	0.00465470753
152993	0.001971898006
152994	0.0009293598012
152995	0.001446965158
152996	0.0008873157576
152997	0.001143897567
152998	0.004244664764
152999	0.002083660489
153000	0.00189839076
153001	0.00112403325
153002	0.001581639381
153003	0.002188551363
153004	0.002525004996
153005	0.003152694322
153006	0.003576073917
153007	0.001519602141
153008	0.003907114755
153009	0.002314407228
153010	7.296222814e-05
153011	0.001374255917
153012	0.003671581978
153013	0.002972235102
153014	0.003601225263
153015	0.00180465242
153016	2.152606851e-05
153017	0.0008916538148
153018	0.0002953781581
153019	0.00204885979
153020	0.001234181675
153021	0.005340108469
153022	0.001910030626
153023	0.002147537924
153024	0.0001024724653
153025	0.002262389878
153026	0.001053921198
153027	0.001798548798
153028	0.001988639467
153029	0.0001792508793
153030	0.001490453395
153031	0.0002185101671
153032	0.00239705105
153033	0.001073365274
153034	0.0007765999092
153035	0.00222055382
153036	0.004183080928
153037	0.003828191258
153038	0.00249911728
153039	0.00274670102
153040	0.0001904820313
153041	0.002409010347
153042	0.002737426735
153043	0.001095913719
153044	0.0006191449307
153045	0.007376914528
153046	0.001773665528
153047	0.004591271885
153048	0.003996704698
153049	0.004842883538
153050	0.0008083954784
153051	0.002538726989
153052	0.005432233838
153053	0.0006683067259
153054	0.002629468109
153055	0.006093307258
153056	0.004229370448
153057	0.001893082563
153058	0.006450198872
153059	0.0007952803727
153060	0.0006779103263
153061	0.003031172744
153062	0.00138401202
153063	0.0007318221941
153064	0.004354936645
153065	0.0001500152494
153066	0.006819026995
153067	0.002191378202
153068	0.002252506325
153069	0.004054182455
153070	0.004843536707
153071	0.001648676471
153072	0.002677952963
153073	0.0004709967316
153074	0.001603523435
153075	0.002556552027
153076	0.003869356724
153077	0.001527505021
153078	0.001100948417
153079	0.002344949539
153080	0.001436666148
153081	0.002556851501
153082	0.00055295658
153083	0.002054857203
153084	0.002183396912
153085	0.00221152067
153086	8.747686176e-05
153087	0.005736148064
153088	0.003879895354
153089	0.007504045532
153090	0.004136284979
153091	0.0001760419104
153092	8.139673106e-05
153093	0.002049746346
153094	0.002849939679
153095	0.002160778031
153096	0.002973342368
153097	0.005110888975
153098	3.400308123e-05
153099	0.0009299520568
153100	0.00086401163
153101	0.0003089298912
153102	0.003139652129
153103	0.002533976605
153104	0.001489233732
153105	0.001216901587
153106	0.002330784064
153107	0.001109472468
153108	0.0009478528407
153109	9.314811546e-05
153110	0.0008412618479
153111	0.001443285432
153112	0.001982220165
153113	0.001221929339
153114	0.0017921563
153115	0.002154759048
153116	0.005913167879
153117	0.001026010324
153118	0.003009553901
153119	0.004864599901
153120	0.00230959922
153121	0.000247003692
153122	0.0003453035592
153123	0.0008448304268
153124	0.0004052714385
153125	0.0001934932806
153126	0.0007901170944
153127	0.00163230595
153128	0.000476429505
153129	0.003387650736
153130	0.0021156632
153131	0.0001922882928
153132	0.002635813023
153133	0.000135822809
153134	0.002736007367
153135	0.001955209173
153136	0.0009411709627
153137	0.0006518320973
153138	0.001167535769
153139	0.00180367828
153140	0.001364636071
153141	0.001682699602
153142	0.0008484443574
153143	0.003210855194
153144	0.0006817640232
153145	0.006095459632
153146	0.001765491855
153147	0.001077953221
153148	0.002516169161
153149	0.0007030560209
153150	0.004296102961
153151	0.00109509441
153152	0.002603999764
153153	0.008572784588
153154	0.0005366734602
153155	0.0006871638887
153156	9.2685337e-05
153157	0.001836912659
153158	0.003457460271
153159	0.001065648214
153160	0.001233825888
153161	0.0004061725262
153162	0.0008778393744
153163	0.000239778467
153164	0.008277258693
153165	0.004456579197
153166	0.0022721306
153167	0.003967392264
153168	0.001700598992
153169	0.0005411800243
153170	0.003329457791
153171	0.001227634984
153172	0.001929222583
153173	0.00147317628
153174	0.0008765600306
153175	0.004967008688
153176	2.235301682e-05
153177	0.00225936001
153178	0.002014025748
153179	0.001061966559
153180	0.0004823200136
153181	0.001277972452
153182	0.003938823968
153183	0.0004409596562
153184	0.003113367748
153185	0.0006318354897
153186	0.001667940165
153187	0.001740774624
153188	0.002994266494
153189	0.001052911305
153190	0.0008192801757
153191	0.001626929252
153192	0.004655614327
153193	0.001081005103
153194	0.0008912307542
153195	0.003219084131
153196	0.005528768445
153197	0.001465966538
153198	0.002402245425
153199	0.0004071622452
153200	0.002751452869
153201	0.003613310696
153202	0.002663976528
153203	0.001849468213
153204	0.003103777159
153205	0.0009827509438
153206	0.0006599760932
153207	0.0003485424695
153208	7.028081881e-05
153209	0.003269530771
153210	0.0003933725549
153211	0.001016712923
153212	0.001880472684
153213	0.002547064484
153214	0.004604055504
153215	0.0006090528411
153216	0.001370949969
153217	0.0001203397907
153218	0.004328996223
153219	0.0005229678534
153220	0.0004090036495
153221	0.0007325730481
153222	0.0001127693843
153223	0.002693840691
153224	0.002642863893
153225	0.002666868388
153226	0.001495672986
153227	0.009310775698
153228	0.001668549933
153229	0.001523810036
153230	4.307423588e-05
153231	0.0008330987612
153232	0.001645627122
153233	0.001843053877
153234	0.007504154212
153235	0.002891765913
153236	0.0003402410129
153237	0.001037288139
153238	6.890007961e-05
153239	0.0007474793994
153240	0.005476610374
153241	0.0009766983271
153242	9.010932345e-05
153243	0.004470953521
153244	0.004673006183
153245	0.001284934085
153246	0.003826874377
153247	0.002617233348
153248	0.0004884875941
153249	0.0001487485239
153250	0.002838810562
153251	0.0005263579275
153252	0.001499947742
153253	0.0007004397183
153254	0.001282762618
153255	0.000984059917
153256	0.000152019653
153257	0.00434669122
153258	0.002130231773
153259	0.003016053444
153260	0.002469023184
153261	0.000537991407
153262	0.002844055747
153263	0.00059339547
153264	0.0006093884674
153265	0.0006768475053
153266	0.0008192912177
153267	0.0008267301665
153268	0.005967033329
153269	0.001424979768
153270	0.00340441489
153271	0.007145421953
153272	0.001506769255
153273	0.002242300716
153274	0.0001142945161
153275	0.002799785667
153276	0.004894689259
153277	0.001025614302
153278	0.002187197038
153279	0.0001221980964
153280	0.003532928057
153281	0.00389777392
153282	0.006894272848
153283	0.001108538641
153284	0.0006585936106
153285	0.0002781458183
153286	0.0009257482203
153287	0.004869156357
153288	0.0003882361983
153289	0.002313867843
153290	0.0005265330135
153291	0.001823425012
153292	0.00427713914
153293	0.004859396226
153294	0.001086108023
153295	0.005486988084
153296	0.001346538298
153297	0.001361865788
153298	0.0005498348955
153299	7.125906052e-05
153300	0.001624304834
153301	0.002256436889
153302	0.003081136516
153303	0.004544086479
153304	8.931869316e-06
153305	0.002897223573
153306	0.000478952519
153307	0.001782116108
153308	0.003864401876
153309	0.002984653862
153310	0.005635336119
153311	0.001210515603
153312	0.0003761873212
153313	0.005419826812
153314	0.0005853282748
153315	0.001813373182
153316	0.003073203885
153317	0.004029384015
153318	0.0001668070764
153319	0.0006888765183
153320	0.0002637803916
153321	9.577868631e-05
153322	0.001757033943
153323	0.003659816967
153324	0.0009246718945
153325	0.0033636172
153326	0.002240120612
153327	0.003338781411
153328	0.004859785645
153329	0.001947828289
153330	0.003755362855
153331	0.003030347531
153332	0.001365971002
153333	0.002400175757
153334	0.0008894659211
153335	0.001041534159
153336	0.004361178082
153337	0.0007319929791
153338	0.004496172243
153339	0.001167453933
153340	0.0005275969997
153341	0.002755714747
153342	0.002857677346
153343	0.003699597342
153344	0.0007994803868
153345	0.001527644639
153346	0.008024672596
153347	0.000957513734
153348	0.002120499994
153349	0.006831924905
153350	0.004155400118
153351	0.002287987717
153352	0.0003826458015
153353	0.00585307431
153354	0.0006406046294
153355	0.00171126184
153356	0.0002313267531
153357	0.006874139932
153358	0.00286047428
153359	0.002814164622
153360	0.0004424848754
153361	0.0006341444235
153362	0.001346079901
153363	0.004306005605
153364	0.004911572989
153365	0.001569446139
153366	0.002938955994
153367	0.0002291690684
153368	0.006229497494
153369	0.0005409791121
153370	0.003926957426
153371	0.002746287538
153372	0.0006632769209
153373	0.001395613508
153374	0.003281085854
153375	0.001993797577
153376	0.002580560712
153377	2.258741702e-05
153378	0.001419925626
153379	0.00178659102
153380	0.0005090441682
153381	0.0009869214351
153382	0.001288286284
153383	0.0002680979847
153384	0.004635198365
153385	0.004331120372
153386	0.002432502853
153387	0.0014324693
153388	0.001053047617
153389	0.005554502119
153390	0.0006246096272
153391	0.00266344912
153392	0.001725088308
153393	0.002253036666
153394	9.865502577e-05
153395	0.00485075274
153396	0.0009180869555
153397	0.001155461098
153398	0.001543440795
153399	0.003944959011
153400	0.001648566087
153401	0.002606504648
153402	0.001686497256
153403	0.001794012103
153404	0.005200383029
153405	0.002871292687
153406	0.001035628052
153407	0.001045063233
153408	0.001144694208
153409	0.005131384677
153410	0.001162500738
153411	0.0006037329924
153412	0.003038820626
153413	0.001980459869
153414	0.003776102138
153415	7.897207921e-06
153416	0.002811422427
153417	0.001393330702
153418	0.00447935506
153419	0.0005583899063
153420	0.005664645259
153421	0.002958210932
153422	0.001055501516
153423	0.0003638672653
153424	0.001340477976
153425	0.003858962448
153426	0.001570289429
153427	0.00438040729
153428	0.004593757909
153429	0.0005861408788
153430	0.001247163599
153431	0.003251225413
153432	0.002532840362
153433	0.002589431876
153434	0.0009702009375
153435	0.002965142545
153436	0.0004493628089
153437	0.00478280879
153438	0.007383509493
153439	0.002493047505
153440	0.002375108787
153441	0.001052149245
153442	0.002361097879
153443	0.004932572189
153444	0.002223336817
153445	0.002448166353
153446	0.0008834479171
153447	0.003381836919
153448	0.001319008878
153449	0.0009637714432
153450	0.01148132672
153451	9.287158924e-05
153452	0.0002007250555
153453	0.0003794481444
153454	0.004425841625
153455	0.00261812265
153456	0.005533473175
153457	0.000195373368
153458	0.003703971897
153459	0.0006651574461
153460	0.007462613632
153461	0.0004461675036
153462	0.001746207138
153463	0.003527090532
153464	0.000748863103
153465	0.00390508486
153466	0.0004964378421
153467	0.001705669683
153468	0.004016665313
153469	0.001943641373
153470	0.002766156623
153471	0.002909516773
153472	0.001378440202
153473	0.002952469994
153474	0.0002093670506
153475	0.00234759443
153476	0.001561861912
153477	0.003813061759
153478	0.002277040928
153479	0.00169744752
153480	0.001381693954
153481	0.0004260340853
153482	0.0004261180935
153483	0.002750562147
153484	0.001662618435
153485	0.0003766454404
153486	0.002960965942
153487	0.001279541887
153488	0.0009105488479
153489	0.001487663994
153490	0.002263948202
153491	0.000283080146
153492	0.000717398966
153493	0.0004065106488
153494	0.005758274105
153495	0.001457344173
153496	0.002767571073
153497	0.002719335457
153498	0.002709707067
153499	0.0003011607373
153500	0.0002475722001
153501	0.00139264045
153502	0.001274480017
153503	6.567010296e-05
153504	0.003837797462
153505	0.001806083523
153506	0.0005914841161
153507	0.0005131004395
153508	0.002557717936
153509	0.000617290404
153510	0.001829340669
153511	0.001901260449
153512	0.001853631517
153513	0.0004365785065
153514	0.0009835248055
153515	0.002231223768
153516	0.001602321032
153517	0.006203185886
153518	0.0005699959122
153519	0.0006856853865
153520	0.000290260704
153521	0.0002432960282
153522	0.004282446433
153523	0.002381160913
153524	0.001873420194
153525	0.001647264987
153526	0.004225034616
153527	0.006359186419
153528	0.001502098498
153529	0.005564237634
153530	0.003016137951
153531	0.003887820017
153532	0.001938877961
153533	0.002522689274
153534	0.006094117327
153535	0.003371299358
153536	9.570503605e-05
153537	0.0005444608343
153538	0.0001630077633
153539	0.00145316181
153540	0.001551500501
153541	0.001902323027
153542	0.0004149208987
153543	0.00312995087
153544	0.001110595029
153545	0.001304667763
153546	0.007299792681
153547	0.003001633622
153548	0.001161154454
153549	0.002344190665
153550	0.0003749489995
153551	0.0009524085128
153552	6.873537128e-05
153553	0.005007734917
153554	0.002832128279
153555	0.006746727634
153556	0.002139799875
153557	0.001120105303
153558	0.005024562414
153559	0.0030104118
153560	0.001298193431
153561	0.001350846805
153562	0.001829581766
153563	1.784024721e-05
153564	0.001251210408
153565	7.752780543e-05
153566	0.0008145901683
153567	0.003113349243
153568	0.005400809371
153569	0.0001040884068
153570	0.0001040575372
153571	0.002039662537
153572	0.0008863414946
153573	0.002780091676
153574	0.000860530987
153575	8.754264202e-05
153576	0.002133315094
153577	0.004915415367
153578	0.0003345717179
153579	0.001190801183
153580	0.00111224048
153581	0.0008869847676
153582	0.003119128907
153583	0.002062679271
153584	0.001247395222
153585	0.001978804557
153586	0.0008592504414
153587	0.001804263703
153588	0.003161196807
153589	0.001015150892
153590	0.001028080955
153591	0.00243408465
153592	0.005245141708
153593	0.008435204386
153594	0.002629037155
153595	0.00119547023
153596	0.001739483019
153597	0.001775047325
153598	0.002840397058
153599	0.003187611383
153600	0.0023664157
153601	0.009291020906
153602	0.001900669596
153603	2.583815324e-05
153604	0.002396849235
153605	0.001626223519
153606	0.005139201071
153607	0.003330802852
153608	0.003115526015
153609	0.002924808421
153610	0.0007128981389
153611	0.004676382026
153612	0.0009752149731
153613	0.001402174333
153614	0.006133530117
153615	0.001764941446
153616	0.004493250937
153617	0.001487299547
153618	0.003537993316
153619	0.0006436881181
153620	0.006728878305
153621	0.0009129206564
153622	0.0003946500811
153623	0.0002209695954
153624	0.003902649628
153625	0.0001608743782
153626	0.004747581889
153627	0.001397952609
153628	0.0004388206277
153629	0.0001225642418
153630	0.003659920175
153631	0.004239091996
153632	0.002453491804
153633	0.003148577218
153634	0.003222848724
153635	6.218172003e-05
153636	0.003647674113
153637	0.004319293335
153638	0.0005742854594
153639	0.002610744085
153640	0.005142104542
153641	0.002328197183
153642	0.0008852031539
153643	0.0002951776272
153644	0.001430762157
153645	0.0002150348936
153646	0.00379007025
153647	0.0005988748675
153648	0.001954431513
153649	0.001417806808
153650	0.0008027898377
153651	0.001317286291
153652	0.002183754775
153653	0.0016408545
153654	0.002147805481
153655	0.004606358938
153656	0.0001649591363
153657	0.0008336935614
153658	0.0008606884914
153659	0.00401913757
153660	0.002198386115
153661	0.00205955507
153662	0.001805972406
153663	0.001695218939
153664	0.002146607822
153665	0.004187194049
153666	0.001144713145
153667	0.005048960478
153668	0.0005301705114
153669	0.004754107176
153670	1.907408614e-05
153671	0.0007900396809
153672	0.00321101034
153673	0.001637956858
153674	0.000675946315
153675	0.002399748192
153676	0.002171260199
153677	0.002663096003
153678	0.006521035062
153679	8.809468211e-05
153680	0.003703984459
153681	0.004832681961
153682	0.001470072551
153683	0.006063740417
153684	0.001152976911
153685	0.001382753034
153686	0.003143471517
153687	0.001912178463
153688	0.001997410721
153689	0.002277809469
153690	0.003508290934
153691	0.002070706644
153692	0.004551507967
153693	0.001918451694
153694	0.005635122692
153695	0.0007981577977
153696	0.0007763110436
153697	0.0002036502089
153698	0.0008634490002
153699	0.00291805597
153700	0.002408968493
153701	0.001508323097
153702	0.004418328511
153703	0.0003491823923
153704	0.0009228063874
153705	0.0003175015697
153706	0.005304620988
153707	0.008917444747
153708	0.003290120363
153709	0.001020995681
153710	0.001360013977
153711	0.002374741952
153712	0.002685464016
153713	0.0009298476137
153714	0.00311131154
153715	0.005537980975
153716	0.004037033842
153717	0.001043841288
153718	0.0038363229
153719	0.003514548652
153720	0.004198517092
153721	0.002350268357
153722	9.170039725e-05
153723	0.001013182834
153724	0.001061832065
153725	0.002524279257
153726	0.0004673977063
153727	0.001483094458
153728	0.001143177198
153729	0.003182873221
153730	0.002970593385
153731	0.0003774003575
153732	0.002313941824
153733	0.0008331232717
153734	0.0007561930423
153735	0.001024852589
153736	0.0003361963119
153737	0.0004988880758
153738	0.000719370905
153739	0.001872576617
153740	0.003028270195
153741	2.681481508e-05
153742	0.00145003014
153743	0.0004795504363
153744	0.0006622576846
153745	0.002387920107
153746	0.0006740156886
153747	0.002300886995
153748	0.005458250006
153749	0.002630404231
153750	0.002623713121
153751	0.0002521525423
153752	0.002309675445
153753	0.002346760819
153754	0.002268430152
153755	0.0005773203392
153756	0.0008616873042
153757	0.002079027248
153758	0.004281409458
153759	0.003435706423
153760	0.0006017683296
153761	0.0001372420277
153762	0.006768859835
153763	0.003426453648
153764	0.0002054724986
153765	0.001539306787
153766	0.002205123628
153767	0.005350770142
153768	0.002450497965
153769	3.565235606e-05
153770	0.002039685528
153771	0.001878977854
153772	0.0004697208981
153773	0.001395353436
153774	0.001029740213
153775	0.00891842336
153776	0.0007532178537
153777	0.0001589289643
153778	0.005872619463
153779	0.0008567825053
153780	0.00155694378
153781	0.004207515843
153782	0.006171849525
153783	0.002589983568
153784	0.002331370067
153785	0.003252959463
153786	0.001908095498
153787	3.925696549e-05
153788	0.004620519741
153789	0.005110574045
153790	0.0005242498552
153791	0.001374117364
153792	0.005004057087
153793	0.0009752508357
153794	0.001187261217
153795	0.005024974183
153796	0.0007845628663
153797	0.002241311885
153798	0.0002460112291
153799	0.001063018487
153800	0.002457463351
153801	0.004703351351
153802	0.006963643807
153803	0.0006332654082
153804	0.007056635479
153805	0.002175527666
153806	0.005187068684
153807	0.003555759695
153808	0.001023393388
153809	0.001334329716
153810	0.003644455144
153811	0.001039628861
153812	0.001413486917
153813	0.002909702196
153814	0.001970643684
153815	6.535149975e-05
153816	0.002882822403
153817	0.002139418161
153818	0.002103559813
153819	0.005042171044
153820	0.005428690137
153821	0.003910918988
153822	0.0002367288281
153823	0.001689888951
153824	0.0003079352009
153825	0.003792851018
153826	0.009162183187
153827	0.001735231182
153828	0.0005357039446
153829	0.0003120806396
153830	0.001294583693
153831	0.0007463155761
153832	0.007058994767
153833	0.003777528018
153834	0.0003266756163
153835	0.000281234137
153836	0.002546917554
153837	0.002051109999
153838	0.001941550751
153839	0.002691431931
153840	0.002269424996
153841	0.001914640089
153842	0.004657158947
153843	0.001297898123
153844	0.001591150585
153845	0.001907340596
153846	0.001024413506
153847	0.001832207176
153848	0.0008755077043
153849	0.002292833129
153850	0.0003490113912
153851	6.566326837e-05
153852	0.001266890931
153853	0.002224756025
153854	0.0003230537574
153855	0.003022041338
153856	0.0008004377103
153857	0.003262014982
153858	0.003042945258
153859	0.0002251584191
153860	0.001819785465
153861	0.002953750276
153862	0.00326640497
153863	0.003693306238
153864	0.003282318449
153865	0.004949807541
153866	0.0004636821665
153867	0.003569301453
153868	0.00294058122
153869	0.002328757262
153870	0.001444991989
153871	0.00293068349
153872	4.287555323e-07
153873	0.0002091857178
153874	0.0006174233866
153875	0.004083294748
153876	0.003584275651
153877	0.000137952739
153878	0.001220642307
153879	0.006452544854
153880	0.0009665763753
153881	0.0008542383934
153882	0.002876848379
153883	0.001345771581
153884	0.001929031218
153885	0.001297400388
153886	0.0008545686924
153887	0.0004824819027
153888	0.001157236237
153889	0.0008802984425
153890	0.004184645587
153891	6.88621417e-05
153892	0.004005246529
153893	7.952312882e-05
153894	0.0001713961975
153895	0.0002579368428
153896	2.757422212e-06
153897	0.0001306483701
153898	0.0002563388735
153899	0.0009812749281
153900	6.188432497e-05
153901	0.0001828607557
153902	0.0009488089763
153903	0.0001592144902
153904	0.005361260341
153905	0.003315937533
153906	0.0007923695127
153907	0.002910625371
153908	0.001508231551
153909	0.001061224866
153910	0.002935458416
153911	0.0004182174101
153912	0.002975795641
153913	0.00223758954
153914	0.001719004518
153915	0.004166441078
153916	0.0008246099768
153917	0.001408214738
153918	0.002541222378
153919	0.003154882202
153920	0.002735601039
153921	0.001956723741
153922	0.002360948687
153923	0.003549608657
153924	0.001395270483
153925	0.002046919681
153926	0.002605940264
153927	0.001513974932
153928	0.008351366044
153929	0.004728009862
153930	0.00428062518
153931	0.0006754448065
153932	0.0006638201735
153933	0.00130723696
153934	0.001403269209
153935	0.0009251040182
153936	0.0009523154575
153937	0.001993416865
153938	0.001012680232
153939	0.001217766037
153940	0.001629040438
153941	0.00041970451
153942	0.001085389872
153943	0.0007963889228
153944	0.001217399308
153945	0.003601225129
153946	0.007352931745
153947	0.0003885284399
153948	0.0002769717258
153949	0.001544860813
153950	0.00285350546
153951	0.002797121475
153952	0.000484569069
153953	0.00229035688
153954	0.000993405907
153955	0.0006554880032
153956	0.00057033625
153957	0.0003579151019
153958	0.001994051595
153959	0.002196376838
153960	0.002063068228
153961	0.002618391217
153962	0.002964649569
153963	0.00126212362
153964	1.574679916e-05
153965	0.0006696389423
153966	0.001303890178
153967	0.005455084212
153968	0.003882794226
153969	0.0003120591129
153970	0.001681858224
153971	0.001397118019
153972	0.001438899379
153973	0.0006790972516
153974	0.001213847132
153975	0.00273792506
153976	0.0007218217187
153977	0.003701564196
153978	0.002687349715
153979	0.0002549082908
153980	0.002496422718
153981	0.005249304069
153982	0.000751522242
153983	0.0006391132002
153984	0.0005016982192
153985	0.00233704094
153986	0.00111521791
153987	0.001645496856
153988	0.003492846972
153989	0.004165475758
153990	0.004148377191
153991	0.0005400838182
153992	0.002004983741
153993	0.0006330518369
153994	0.002832368052
153995	8.568052729e-06
153996	0.0003173015454
153997	0.0003619657791
153998	0.002077873017
153999	0.002865694702
154000	0.002483307061
154001	0.0001528055768
154002	0.00193476757
154003	0.002891337398
154004	0.002750733938
154005	0.0003379867298
154006	3.537183346e-05
154007	0.001161998056
154008	0.0001280797752
154009	0.003064695554
154010	0.0009870796027
154011	0.0001599088202
154012	0.001056161128
154013	0.003069996469
154014	0.003076287395
154015	0.002227787773
154016	0.002940828836
154017	0.001803753517
154018	0.00566027345
154019	0.0002291969365
154020	0.003339670408
154021	0.0003130225776
154022	0.001817269782
154023	0.001795662149
154024	0.0007510814423
154025	0.001461066751
154026	0.0004893779342
154027	0.001571766295
154028	0.0007868627114
154029	4.465302035e-05
154030	0.000636073153
154031	0.0004493159481
154032	7.263500113e-05
154033	0.002620944644
154034	0.006485465878
154035	0.0004682667865
154036	0.002832030835
154037	0.0003631008225
154038	0.002431876621
154039	0.0026081796
154040	0.002344704081
154041	0.008617038169
154042	0.004504505864
154043	0.0006020964917
154044	0.004818581469
154045	6.847445203e-05
154046	0.003080618194
154047	0.0007730493091
154048	0.0005790070566
154049	0.005717303635
154050	0.001937551612
154051	0.003657585494
154052	0.006112795286
154053	0.002885444371
154054	0.00354307171
154055	0.0008055041587
154056	0.00030342376
154057	0.0003676264783
154058	0.000633095878
154059	0.0007931380868
154060	0.001271342078
154061	0.001400690389
154062	0.002759452248
154063	0.002754975976
154064	0.002636859276
154065	0.002262292014
154066	0.001670757871
154067	9.030652713e-05
154068	0.002968650648
154069	0.000669557245
154070	0.0001289080778
154071	4.684618315e-05
154072	0.002760739875
154073	0.003379208039
154074	0.001644627114
154075	0.0001412922997
154076	0.0004571968474
154077	0.008240479462
154078	0.001712283464
154079	0.002382760473
154080	0.0002566590654
154081	0.001246252443
154082	0.001377160951
154083	0.0006047954831
154084	0.0006613665931
154085	0.003536467062
154086	0.001467004834
154087	0.0001545569727
154088	0.005156988192
154089	0.005668759132
154090	0.001289331099
154091	0.001537013378
154092	0.003165001383
154093	0.001729813642
154094	0.001841168742
154095	0.001852308029
154096	0.0003164614645
154097	0.0004750719863
154098	0.0006958400296
154099	0.002186120245
154100	0.001066700683
154101	0.001809315626
154102	0.0001509231475
154103	0.001836511289
154104	0.001339502983
154105	0.003084986375
154106	0.001575422923
154107	0.005438804135
154108	0.004076175412
154109	0.003446518435
154110	0.0001998443514
154111	0.0001895351461
154112	0.0008198935551
154113	0.001269866682
154114	0.001129482022
154115	0.001347176215
154116	0.0003461685153
154117	0.00184007532
154118	0.004062383166
154119	0.001146436389
154120	0.00162127528
154121	0.0006416211805
154122	0.00553646909
154123	0.0006600976359
154124	0.0004207219474
154125	0.0009589279375
154126	0.00192393908
154127	0.004045935216
154128	0.002731638847
154129	0.0004864476422
154130	0.0003418611065
154131	0.004065647448
154132	0.001010196045
154133	0.001827993717
154134	0.0008304741997
154135	0.0004628887046
154136	0.001013597108
154137	0.004194290566
154138	0.0003151343802
154139	0.002087664879
154140	0.0009677010297
154141	0.0001487873651
154142	0.0004729042361
154143	0.004007187958
154144	0.003846613506
154145	0.0004145664796
154146	0.003694147721
154147	0.0007134919665
154148	0.00494837278
154149	0.004300133927
154150	0.001305245898
154151	0.0001535955962
154152	0.0001582262114
154153	0.0001316874087
154154	0.004095100824
154155	7.727104128e-05
154156	0.001549933088
154157	0.003562500659
154158	0.001331403392
154159	0.0003516226885
154160	0.001299094647
154161	0.002150405487
154162	0.0002068348328
154163	0.001574727517
154164	0.003785087855
154165	0.001477575017
154166	0.001918525726
154167	0.0005682000967
154168	0.0007144404015
154169	0.0007340425954
154170	0.001838678782
154171	0.001344781304
154172	0.001933798165
154173	0.002304814065
154174	0.0002852120581
154175	0.002188529264
154176	0.001298608309
154177	0.0003542175582
154178	5.922363282e-05
154179	0.0009580323526
154180	0.0007306705809
154181	0.002102881973
154182	0.0003219071617
154183	0.001454479365
154184	0.005356959757
154185	0.003504389867
154186	0.0001776577259
154187	0.0009939479893
154188	0.002571423337
154189	0.000252148623
154190	0.0003754155824
154191	0.0001569288035
154192	0.000663628192
154193	0.001095355366
154194	0.004036345373
154195	0.003289469036
154196	0.002782476124
154197	0.0001465417639
154198	0.003487764202
154199	0.0008301473362
154200	0.00335004477
154201	0.002060011532
154202	0.001168102414
154203	0.0004699849856
154204	0.004092328021
154205	0.003059219299
154206	0.0003463478934
154207	0.0003008994639
154208	0.0003806627833
154209	7.853653095e-05
154210	0.0003832347069
154211	0.001595759905
154212	0.001280857519
154213	0.0002432104595
154214	0.004900815525
154215	0.001407359512
154216	0.001188463484
154217	0.001185277357
154218	0.0006972090863
154219	0.003241640403
154220	0.0009739430899
154221	0.001550099033
154222	0.0007886181961
154223	0.0005237334501
154224	0.002346902351
154225	0.001118248641
154226	0.002375953116
154227	0.000119533783
154228	0.003362181599
154229	0.002015187082
154230	0.0003636393726
154231	0.0009441959982
154232	0.0036410193
154233	0.002581655105
154234	0.001417286223
154235	0.001877280758
154236	0.002112255516
154237	0.000528518485
154238	0.005402684043
154239	0.000939101059
154240	0.002473389043
154241	0.001900190934
154242	0.002356076842
154243	0.0009164358899
154244	0.002022807561
154245	0.0009939331362
154246	0.003686980846
154247	0.001102226797
154248	0.002740148505
154249	0.0005404293668
154250	0.0005761310251
154251	0.000644227757
154252	0.00108936075
154253	0.003373854651
154254	0.001084367014
154255	0.003270615404
154256	0.001877911974
154257	0.0001219941382
154258	0.001228368981
154259	0.001407573555
154260	0.002077041743
154261	0.0008645452114
154262	0.000329283191
154263	8.680233244e-05
154264	0.002876830406
154265	0.002002552541
154266	0.0007197108568
154267	0.002260542074
154268	0.001951732612
154269	0.001189401995
154270	0.0006191517601
154271	0.001808161295
154272	0.002807027727
154273	0.001030414953
154274	0.003968651992
154275	0.005777478476
154276	0.002556045346
154277	9.202081215e-05
154278	0.001799257375
154279	0.003860670083
154280	0.003794407629
154281	0.001608522684
154282	0.005712952076
154283	0.000288869248
154284	0.0005043752011
154285	0.001395697593
154286	0.002753117244
154287	0.0001387630304
154288	0.004394788016
154289	0.003892773153
154290	0.003675764039
154291	2.97660297e-05
154292	0.003186800997
154293	0.003319256329
154294	0.002889192662
154295	0.001424278513
154296	0.0007246169485
154297	0.003889197552
154298	0.0008566842954
154299	1.424033857e-06
154300	0.001972360924
154301	0.00103609357
154302	0.003706980177
154303	0.0001923356056
154304	0.003083405934
154305	0.0001059767358
154306	0.001317539943
154307	0.001559018127
154308	0.0002098264047
154309	0.003511367897
154310	0.004546249204
154311	0.00194877865
154312	0.004340075742
154313	0.0009978436863
154314	0.00323783753
154315	0.001792795608
154316	0.0009983160645
154317	0.001783917369
154318	0.0002248292953
154319	0.00374842161
154320	0.001193425605
154321	0.001098101516
154322	0.001519480805
154323	0.005005989652
154324	0.002322071296
154325	0.004609956325
154326	0.00121806367
154327	0.003128184554
154328	0.002252044461
154329	0.0002831152944
154330	0.007715405943
154331	0.000776849643
154332	0.0006960462888
154333	0.000648500965
154334	0.003302222635
154335	0.0008548137185
154336	0.002347775809
154337	0.006006849333
154338	0.0003007022726
154339	0.001092300038
154340	0.00670697344
154341	0.0001274395454
154342	0.0004751601926
154343	0.0002111715549
154344	0.000609158193
154345	0.000168949607
154346	0.0006302361535
154347	2.198104747e-06
154348	0.0005734709853
154349	0.0001353263286
154350	0.0001085853243
154351	0.0006015441386
154352	0.0003242711842
154353	0.005471659183
154354	0.002657349494
154355	0.001634609074
154356	0.001412907097
154357	0.004941497738
154358	0.001147816876
154359	0.0006663342622
154360	0.00123555141
154361	0.003104976648
154362	0.004822200393
154363	0.000787585617
154364	0.002612594758
154365	0.0001654475557
154366	0.0009877260691
154367	0.0002919260833
154368	0.0007535051443
154369	0.001777938946
154370	0.0009434158679
154371	3.547770861e-05
154372	0.00437580705
154373	0.0002589473988
154374	0.002284091096
154375	0.009569783301
154376	0.0005216990838
154377	0.001396240204
154378	0.005419902676
154379	6.010843626e-05
154380	0.000839073928
154381	0.00309772333
154382	0.0005506032162
154383	0.0007784506738
154384	0.0007725607952
154385	0.001467453156
154386	5.244625253e-05
154387	0.006390568655
154388	0.0007932321677
154389	0.0005774882204
154390	0.003491704673
154391	1.541752116e-05
154392	0.0005022263928
154393	0.003472255326
154394	0.0006216509348
154395	0.001194514268
154396	0.000458549809
154397	0.001313789553
154398	0.004752127085
154399	0.001357226534
154400	0.002917862985
154401	0.0007250728808
154402	0.003625072081
154403	0.007370718942
154404	0.0002635308228
154405	0.003307973752
154406	0.0020294765
154407	0.005402636056
154408	0.000843626847
154409	0.0003897228464
154410	0.0001992482952
154411	0.00172872187
154412	0.001773919497
154413	0.004069571178
154414	0.001582530085
154415	0.002930814962
154416	5.911831561e-06
154417	0.0009225389895
154418	0.001554390361
154419	0.001222838584
154420	0.001778287876
154421	0.0006495005413
154422	0.003777613905
154423	0.001044918937
154424	0.0003802545366
154425	0.002889847842
154426	0.0005526844692
154427	0.002032223305
154428	0.0032371931
154429	0.002815070485
154430	0.001896034237
154431	0.004583659705
154432	0.003539017353
154433	0.004318371579
154434	0.001307433064
154435	0.00205985358
154436	0.004872018761
154437	0.001213533614
154438	0.00411854316
154439	0.0002200699524
154440	0.003809242791
154441	0.00446435838
154442	0.003582492418
154443	0.003618280571
154444	0.001544322206
154445	0.008921512748
154446	0.00102254926
154447	0.005012869915
154448	0.005818101868
154449	0.00348883616
154450	0.004408685022
154451	0.002562865668
154452	0.002202651081
154453	4.377364673e-05
154454	0.001637763103
154455	0.003424370904
154456	0.002749613529
154457	0.00123147791
154458	4.309299546e-06
154459	0.005927727302
154460	0.003716121622
154461	0.0007925999104
154462	0.0001186685001
154463	0.0008574804609
154464	0.003299479539
154465	0.002441573863
154466	0.001423940801
154467	4.109328897e-05
154468	0.0009481702305
154469	0.0001976181523
154470	0.003133090751
154471	0.003828178427
154472	0.003739816891
154473	0.0001260149441
154474	0.001809890018
154475	0.0005381368851
154476	0.0007763009184
154477	0.001341867099
154478	0.002980636988
154479	0.0003643424299
154480	0.001757886533
154481	0.004126181126
154482	3.26084119e-05
154483	0.002694185466
154484	0.0008505048399
154485	0.002958567321
154486	0.003242344472
154487	0.0008355608767
154488	0.00568064413
154489	0.003141952761
154490	0.0007978928162
154491	0.0008732792466
154492	0.0003473258175
154493	0.004251899145
154494	0.001993106092
154495	0.002028354903
154496	0.00306732442
154497	0.0008974229766
154498	0.001147421022
154499	0.0001563871327
154500	0.002711227348
154501	0.002666659516
154502	0.001273304962
154503	0.003991946496
154504	0.0004310307517
154505	0.0004449129023
154506	0.002408504408
154507	0.002333717575
154508	0.004368169147
154509	0.003910149843
154510	0.003001860669
154511	0.006195721719
154512	0.0006659912919
154513	0.0009238120423
154514	0.001078299706
154515	0.003269518506
154516	0.001483923036
154517	0.001624058935
154518	0.002292570283
154519	0.00180123601
154520	6.213469606e-05
154521	0.001276949304
154522	0.001558811276
154523	6.443122385e-05
154524	0.0001817993499
154525	0.0001980413889
154526	0.0001843879297
154527	0.0005980919487
154528	0.00109912424
154529	0.002514118032
154530	0.004067667804
154531	0.000999336531
154532	0.001882691971
154533	8.308620154e-05
154534	0.002133147723
154535	0.0002262822101
154536	0.0009182210616
154537	0.00121080654
154538	0.001015402069
154539	0.0002650789051
154540	0.001769954197
154541	0.001111486938
154542	0.0006674622442
154543	0.001770690302
154544	0.001645426985
154545	0.0006641676621
154546	0.0022972704
154547	7.261357242e-05
154548	0.0001203681095
154549	0.001820913485
154550	0.0007421644246
154551	0.002006977156
154552	0.0009103554066
154553	0.001199875614
154554	0.001153834506
154555	0.003061180413
154556	0.003791341239
154557	0.002027350387
154558	0.002271261352
154559	0.0002939914139
154560	0.0003653105665
154561	0.0003785082842
154562	0.0001917843362
154563	3.725498476e-05
154564	0.0002563082672
154565	0.0004114984736
154566	2.559663173e-05
154567	3.329649781e-05
154568	0.000344367641
154569	0.0002888866591
154570	0.0004779014894
154571	0.0004412738049
154572	0.0003784249797
154573	0.000499673631
154574	0.0006471257459
154575	0.0002936156395
154576	0.0002685346567
154577	0.0006339283517
154578	3.670243727e-05
154579	0.0001256305143
154580	0.0003150191142
154581	3.558782728e-05
154582	0.0001006110309
154583	0.0002741919557
154584	0.0003482425633
154585	0.0002277239604
154586	1.361097204e-05
154587	0.0001138912682
154588	9.304201436e-05
154589	0.000251390415
154590	0.001512883007
154591	0.0002792431129
154592	0.001078212193
154593	0.0005680081135
154594	0.001386094123
154595	0.0008653451878
154596	0.001536639056
154597	0.0001392901456
154598	0.00141147102
154599	0.001497574781
154600	0.0007328500701
154601	0.0009070041272
154602	0.0004135637034
154603	0.001355670747
154604	3.704188935e-05
154605	0.0005215332171
154606	0.0002496720884
154607	0.001227335477
154608	0.0011170734
154609	0.004403857747
154610	0.0002230392179
154611	0.00189615559
154612	8.24845217e-05
154613	0.002511773304
154614	6.51291931e-05
154615	0.001122230171
154616	0.00305930582
154617	0.001804640134
154618	0.002186377867
154619	0.00135627914
154620	0.002611739881
154621	0.001567794294
154622	0.0009031325974
154623	0.001672641513
154624	0.0006989149503
154625	0.003042301285
154626	0.0008811546456
154627	0.0003304314132
154628	0.0004625744035
154629	0.0002893753861
154630	0.003889554138
154631	0.001223774726
154632	0.002436895864
154633	0.0003756801929
154634	0.006307808105
154635	0.002318744059
154636	2.237653937e-05
154637	0.0003013211555
154638	0.003741084349
154639	0.000141677511
154640	0.0005139451251
154641	0.00304838372
154642	0.001310326084
154643	0.003340223828
154644	8.029573166e-05
154645	0.005389728647
154646	0.0006695160426
154647	0.003879622923
154648	0.001809648285
154649	0.0001769071904
154650	0.0009553687972
154651	0.003000391139
154652	0.0010456717
154653	0.0005859814165
154654	7.334191894e-06
154655	0.001863787351
154656	0.001042156897
154657	0.003082607942
154658	0.001182191265
154659	0.0008280475101
154660	0.000841534689
154661	0.004793172897
154662	0.002184801413
154663	0.001979050854
154664	0.0004885049069
154665	0.004624367834
154666	0.002043553798
154667	0.001111138927
154668	0.001327050736
154669	0.002008638289
154670	0.004300748154
154671	0.000256098054
154672	0.00079113252
154673	0.003865432679
154674	0.002178061502
154675	0.0005700675759
154676	0.000825902958
154677	0.001907286235
154678	0.005734380987
154679	0.001074193924
154680	0.001146980373
154681	0.001215128824
154682	0.0006361774791
154683	0.004371666961
154684	0.0008348809199
154685	0.0006246132158
154686	0.003976893803
154687	0.001188289444
154688	0.001847418175
154689	0.001972882646
154690	0.0001188589953
154691	0.00143962535
154692	0.001362793017
154693	0.004277570876
154694	0.0005052467717
154695	0.0006029229789
154696	0.0001945902868
154697	0.001414497387
154698	0.00153063478
154699	0.002743938544
154700	0.001426096872
154701	0.001886138858
154702	0.0006080160884
154703	0.002883083847
154704	0.002878323312
154705	0.0006691780855
154706	0.001318677246
154707	0.001626120545
154708	0.001154939837
154709	0.0007877387899
154710	0.0009507903591
154711	0.001635616082
154712	0.00122866435
154713	0.001405591085
154714	0.0001990660103
154715	0.005085919338
154716	0.0002172364998
154717	0.001711040596
154718	0.0007396962064
154719	0.003231219854
154720	0.005171364381
154721	0.0003067175183
154722	0.0008823542368
154723	0.002784501833
154724	0.0004793188146
154725	0.003882125719
154726	0.0009903351032
154727	0.0006476018147
154728	0.0058734926
154729	0.0003634773961
154730	0.001648163104
154731	0.003580539719
154732	0.006176676229
154733	9.839154414e-05
154734	0.000685128312
154735	0.002718418601
154736	0.001393768222
154737	3.983018081e-05
154738	0.0007153130421
154739	0.001375820223
154740	0.002405148243
154741	0.0006737856301
154742	2.856540207e-05
154743	0.002081186168
154744	0.001995495251
154745	0.0009330964059
154746	0.0007804116941
154747	0.002820999164
154748	0.001809763342
154749	0.00142621302
154750	0.003602581995
154751	0.001704608354
154752	0.0058005818
154753	0.005425715749
154754	0.00422339192
154755	0.005669930695
154756	0.0003595167578
154757	0.002305879666
154758	0.0001262142408
154759	0.000352387091
154760	0.001015510851
154761	0.002064113544
154762	0.002081125095
154763	0.0009853893612
154764	0.0009189695883
154765	0.002399886936
154766	0.003516004941
154767	0.003694764808
154768	0.002958155116
154769	0.001925266155
154770	0.001671739877
154771	0.004090458942
154772	0.0006503343994
154773	0.002267110104
154774	0.0003569173642
154775	3.504193418e-06
154776	0.0005169763838
154777	0.001213984258
154778	0.002609998209
154779	0.0002852289998
154780	0.006546012488
154781	0.001985811432
154782	0.001342719117
154783	0.001488209641
154784	0.0005501016691
154785	0.0001153508848
154786	0.0001100283441
154787	0.0004408156402
154788	4.675439373e-08
154789	0.000329395564
154790	0.0002195737205
154791	0.0003276737211
154792	0.0003300671096
154793	0.0002138435665
154794	0.0004445145513
154795	0.00191447646
154796	0.0005285675931
154797	0.0002065826069
154798	0.0002925894108
154799	0.001758280481
154800	0.001124712314
154801	0.001985377184
154802	0.002144680613
154803	0.004113314685
154804	0.003312433979
154805	0.0007198218768
154806	0.001821308485
154807	0.004436167128
154808	0.004771611936
154809	0.004129513643
154810	0.004379582047
154811	0.004193752858
154812	0.004565360132
154813	0.00336456395
154814	0.0042486034
154815	0.003144572933
154816	0.003991725765
154817	0.0003326671058
154818	0.0005329125863
154819	0.0005894893016
154820	0.0008792648129
154821	0.002028102707
154822	0.0005965462205
154823	0.0008885974398
154824	0.00362047398
154825	0.003559907127
154826	0.001181816799
154827	0.002567380279
154828	0.002782291519
154829	0.003149092546
154830	0.002624525681
154831	0.003215032924
154832	0.002643297697
154833	0.001461630172
154834	0.003877042977
154835	0.001513740653
154836	0.001867049114
154837	0.003854273924
154838	0.001820642848
154839	0.00155148653
154840	0.004415404036
154841	0.0009492037647
154842	0.003149226023
154843	0.001518872572
154844	0.00075820539
154845	0.0009657272668
154846	0.001058970252
154847	0.0004853568883
154848	0.0005913416532
154849	0.001194580047
154850	0.002141904544
154851	0.003826043586
154852	0.001217006068
154853	0.001675881975
154854	1.2439477e-05
154855	0.0001247034763
154856	0.002492752757
154857	0.001385262902
154858	0.001759071747
154859	0.00212982601
154860	0.002295912096
154861	0.003606538147
154862	0.001596524714
154863	0.004710543918
154864	0.003616418296
154865	0.001003954809
154866	0.002139321734
154867	0.001155586671
154868	0.0002202347073
154869	0.001262081564
154870	0.002916918508
154871	0.0007886720373
154872	0.00589048385
154873	0.006353841507
154874	0.002304110669
154875	0.0002662645796
154876	0.003103313691
154877	0.000924381346
154878	0.004035866314
154879	0.002455936351
154880	0.004270915085
154881	0.004001943151
154882	0.00123569562
154883	0.00105913566
154884	0.00561294923
154885	0.002300733467
154886	0.002865258342
154887	0.0005670842833
154888	0.009878047155
154889	0.002923989343
154890	0.001079376675
154891	0.0006916238414
154892	0.0001451526445
154893	0.004979459233
154894	0.00158241212
154895	0.0004900410716
154896	3.535389537e-05
154897	0.001028032332
154898	0.002704525423
154899	0.0004090368409
154900	0.0008200022098
154901	0.001303334057
154902	0.003617280572
154903	2.657533729e-05
154904	0.002856934557
154905	0.001050758439
154906	0.0001455666394
154907	0.002990787723
154908	0.003958325921
154909	0.006871765823
154910	0.00521850205
154911	0.004805696628
154912	0.001769334815
154913	0.001742010987
154914	0.00109076106
154915	0.0007675880594
154916	0.0005882126362
154917	0.0009725163969
154918	0.001349760638
154919	0.0003706612739
154920	0.0002175826301
154921	0.0005181298589
154922	0.0006108663396
154923	0.0006731609405
154924	0.0002220818473
154925	0.0007695975164
154926	0.0004369526472
154927	0.0005175471943
154928	9.357856931e-05
154929	0.0004871537745
154930	0.0007803455893
154931	0.0003612074459
154932	0.0002765497539
154933	0.0008448580237
154934	0.0005584368747
154935	0.0002850993836
154936	0.0005229406436
154937	0.0007101738525
154938	0.0004653986073
154939	0.001005379629
154940	0.0003752820369
154941	0.0005639814047
154942	0.0003405063279
154943	0.0006055261673
154944	0.0002144916517
154945	0.0009954897856
154946	0.000137750676
154947	0.0008070295924
154948	0.0008405474333
154949	0.0005396026285
154950	0.0003719874074
154951	0.001324699008
154952	0.0001153351325
154953	2.835730211e-05
154954	0.0001065280411
154955	0.0003664469724
154956	0.0008008161198
154957	0.0005565833572
154958	0.001296333118
154959	0.0005625119617
154960	8.006133013e-05
154961	5.749791083e-05
154962	0.0001070481718
154963	0.0004245335419
154964	0.0001750226715
154965	0.0004194334268
154966	0.0001351967823
154967	0.0004120801421
154968	0.0008334697899
154969	0.0002316455823
154970	0.0005053916577
154971	0.0004457135978
154972	0.0003369826684
154973	0.0001698038944
154974	0.001555108851
154975	8.506519574e-05
154976	2.082763352e-05
154977	0.001040893363
154978	1.26645416e-05
154979	0.0003187226386
154980	9.660467439e-06
154981	0.001102024574
154982	3.613621968e-05
154983	0.0002911109561
154984	0.0004623431658
154985	0.0001896787082
154986	4.747327315e-05
154987	0.0001875146645
154988	0.001085176047
154989	0.0009103939912
154990	0.0003735894248
154991	0.0002731982435
154992	0.000417124006
154993	5.426875532e-05
154994	0.0002304512658
154995	0.001118818068
154996	0.0008339973823
154997	0.0007252135598
154998	0.0008039551924
154999	0.0005048049151
155000	0.0006854028377
155001	0.0002932959341
155002	0.000158095302
155003	8.223034012e-05
155004	0.0001832717012
155005	0.0005610300789
155006	0.0003269840422
155007	6.817502749e-05
155008	0.0004312708234
155009	0.0006328793949
155010	0.004105144062
155011	0.0003840413928
155012	0.001080006903
155013	9.14649098e-05
155014	0.000904261018
155015	0.001150690153
155016	0.0001924268068
155017	0.004167423724
155018	0.0007251565852
155019	0.0003465291042
155020	0.0005549612135
155021	0.0002673713651
155022	0.0007559330186
155023	0.00100139082
155024	0.0001262021759
155025	0.0006954592449
155026	0.0001032819841
155027	0.0002304541013
155028	3.941083753e-05
155029	0.0005936263152
155030	0.000178935196
155031	0.0004663946802
155032	0.00104493671
155033	0.0001933338115
155034	8.103982671e-05
155035	0.0006698515099
155036	0.0001130541457
155037	0.0003803848681
155038	0.0002038606499
155039	0.0001370316898
155040	0.0001904192401
155041	0.0002069323899
155042	0.0002340997201
155043	0.0003603187525
155044	0.0001541708088
155045	0.0005919334389
155046	0.0001977783745
155047	0.0006364361351
155048	0.001329403324
155049	0.0008421353134
155050	8.015464344e-05
155051	0.000166997082
155052	0.000868087972
155053	0.0002888717878
155054	0.0007653840202
155055	0.0002727103043
155056	0.0002598328397
155057	0.001294436334
155058	0.000781124025
155059	0.0002157554114
155060	0.0003155993151
155061	8.265201183e-05
155062	0.0002069555625
155063	0.0005625852364
155064	0.0002146555403
155065	0.0004905759926
155066	0.0008060969276
155067	9.094744364e-05
155068	0.0007554754553
155069	0.0007674104516
155070	0.0002702823531
155071	0.0002816516848
155072	0.0001518108873
155073	0.0005613814102
155074	0.001165130576
155075	0.00101363605
155076	0.0002222255091
155077	1.764199392e-05
155078	0.0006311099049
155079	0.0004419647502
155080	0.0004868735101
155081	0.001870966404
155082	0.0008212123896
155083	0.0002308535261
155084	0.0004010116404
155085	6.982193937e-05
155086	0.0001524483205
155087	0.0004396713297
155088	0.0005897307305
155089	2.756089496e-05
155090	2.209212759e-05
155091	0.0003917228199
155092	0.0006514417992
155093	0.0006661750669
155094	0.004026046891
155095	0.001021923829
155096	0.001940053916
155097	0.001393733565
155098	1.687968809e-05
155099	0.0016697769
155100	0.001953368101
155101	0.001622846449
155102	0.001516224233
155103	0.001699114424
155104	0.00651102001
155105	0.0009463527274
155106	0.003134855388
155107	0.002683790022
155108	0.0005753580604
155109	0.004586111001
155110	0.005757218826
155111	0.002039409805
155112	0.0004215768113
155113	0.00182921617
155114	0.004416037661
155115	0.00351503448
155116	0.001171735118
155117	0.0001724550142
155118	0.0005816699376
155119	0.0001642906433
155120	0.000436254621
155121	9.980324869e-05
155122	0.0002823351042
155123	0.0002615693707
155124	0.0005242145984
155125	6.142173686e-05
155126	0.0001227990732
155127	0.0008964292156
155128	0.0004377010698
155129	0.00034069857
155130	0.001520551902
155131	0.001076459001
155132	0.001747127568
155133	0.0004941515872
155134	0.0004085532177
155135	0.001084680963
155136	0.0006747829807
155137	0.0002459489373
155138	0.000129258386
155139	0.0003491606606
155140	0.0004925914855
155141	0.0003930327358
155142	0.0003919835225
155143	0.0003545453751
155144	0.0002818383658
155145	0.0001155291072
155146	3.030214522e-05
155147	0.0002673071651
155148	9.026355202e-05
155149	0.0004488232805
155150	0.0002607879466
155151	0.0001215986101
155152	0.001272917943
155153	0.0009501030316
155154	0.0005648647652
155155	3.60009252e-05
155156	0.0001990102644
155157	0.0004056147863
155158	7.191004813e-05
155159	0.0004272270219
155160	0.0002372918325
155161	0.0001540009443
155162	0.0003449536637
155163	0.0002466464826
155164	0.001157786474
155165	0.0004495210978
155166	2.75624257e-05
155167	0.0002067869806
155168	0.0001591903344
155169	0.0007881825142
155170	0.0004615712781
155171	0.0008284654283
155172	3.405982605e-06
155173	0.0009015167369
155174	0.0004057982566
155175	0.000263430263
155176	2.917789086e-05
155177	6.249257187e-05
155178	0.0001591392076
155179	0.0005707737005
155180	3.415382234e-05
155181	0.0005097904143
155182	0.0004808260841
155183	0.0001661552869
155184	3.527958035e-05
155185	0.0001499796367
155186	6.133944826e-05
155187	0.0002138814563
155188	0.0005212181409
155189	9.100358343e-05
155190	0.0003112760948
155191	0.0007198133701
155192	0.0009414445404
155193	0.001051972901
155194	0.0001705800553
155195	0.000618025446
155196	0.0006314447627
155197	4.312036789e-05
155198	2.150486892e-05
155199	0.0007041639719
155200	0.0003836975177
155201	0.0008655830348
155202	7.481434305e-05
155203	9.945608198e-06
155204	0.0001000169238
155205	0.0001049347059
155206	0.0002019021967
155207	0.0001444336331
155208	0.0008318305653
155209	0.0004592112482
155210	4.23813081e-08
155211	7.566275995e-05
155212	0.0004304419723
155213	0.0004226350373
155214	0.00056221492
155215	0.0003620162285
155216	9.487882192e-05
155217	0.0003405022502
155218	0.0001390804798
155219	0.0001165912852
155220	0.0008966097316
155221	2.622852494e-05
155222	0.0002954250426
155223	0.0001408342668
155224	0.0001859921443
155225	0.0006495430232
155226	0.0002723177592
155227	2.470561039e-05
155228	0.0001202089298
155229	8.006921479e-05
155230	0.0005184748543
155231	0.0001011843447
155232	0.0003607818749
155233	0.0002052798851
155234	0.0003316899099
155235	0.0003454307742
155236	0.0004378499519
155237	0.0004420153944
155238	0.0001312145913
155239	0.0006631497782
155240	0.000103724775
155241	0.0003538440627
155242	0.00114494914
155243	0.000135465324
155244	0.0001458778843
155245	0.0007630046476
155246	0.0004098953042
155247	0.000323313822
155248	0.0002890696387
155249	0.0003107685267
155250	0.0001455676716
155251	0.001216952455
155252	0.0003607876975
155253	0.000561676051
155254	0.0002915426747
155255	0.000112996893
155256	0.0001459790511
155257	0.0001076130952
155258	0.0004530505964
155259	0.0002978697538
155260	0.0004153272676
155261	0.0005264556162
155262	7.64967062e-05
155263	0.0006506424891
155264	0.000373508423
155265	0.0004766916121
155266	8.250704374e-05
155267	0.0002796222262
155268	0.0007619735801
155269	0.0005691232843
155270	5.973287625e-05
155271	1.123555371e-05
155272	0.0003456499982
155273	0.0002206121021
155274	0.0006470186118
155275	2.897098485e-05
155276	0.0001744535398
155277	0.0003633403732
155278	0.0001303517425
155279	0.0009333090165
155280	0.0006394666531
155281	0.004766097247
155282	0.0007818066877
155283	0.0003139620384
155284	0.002531431728
155285	0.0003856631796
155286	0.0008335520547
155287	0.0002719302151
155288	0.001257975484
155289	0.001677379511
155290	0.001150528466
155291	0.0007471381981
155292	0.000937160119
155293	9.485103024e-05
155294	0.003663100771
155295	0.0001310352503
155296	0.003971663978
155297	0.00248224501
155298	0.000801555656
155299	0.001563405745
155300	0.0004668373056
155301	0.0003037352225
155302	0.001744433318
155303	0.001167667889
155304	0.001050761728
155305	6.293037016e-05
155306	0.007085520198
155307	0.0004737273066
155308	0.0001694858055
155309	0.0001060663844
155310	0.002316520099
155311	0.0004941855108
155312	0.001092543415
155313	0.0005379949
155314	0.0005485076725
155315	0.0007541944806
155316	0.001480626933
155317	0.0006178093292
155318	4.328189715e-05
155319	0.0002861079951
155320	0.005890661698
155321	0.006186882604
155322	0.001562334683
155323	0.002690799092
155324	0.002182707645
155325	0.001744851068
155326	0.0001517497549
155327	0.0001604415634
155328	0.001118587757
155329	0.005392301567
155330	0.001984216862
155331	0.003376627109
155332	0.002596846744
155333	0.0009897583231
155334	0.001125620721
155335	0.004128710283
155336	0.0003410413744
155337	0.0002839459328
155338	0.009060153809
155339	0.001043844116
155340	0.003554516929
155341	0.0002152845656
155342	0.004008624718
155343	0.002462704956
155344	0.001639477169
155345	0.00135966554
155346	0.000712422947
155347	0.003975432782
155348	0.00181685674
155349	0.0008857642432
155350	0.003101625897
155351	0.002261113133
155352	0.001202287107
155353	0.004022824223
155354	0.0006743905797
155355	0.004173759282
155356	0.000644224578
155357	0.00313280169
155358	0.0006973578756
155359	0.003303861243
155360	0.003667155624
155361	0.004361988724
155362	0.0007694963608
155363	0
155364	0.004470705037
155365	0.0006465353111
155366	0.0005210708041
155367	0.0008356688384
155368	0.000509130999
155369	0.002444583938
155370	0.003560072221
155371	0.003241586696
155372	0.001365599186
155373	0.002589592093
155374	0.003236173086
155375	0.003302927142
155376	0.002219251232
155377	0.002305118097
155378	0.001581710053
155379	0.001388178252
155380	0.0009215793221
155381	0.0004063544862
155382	0.002383097844
155383	0.0006152671794
155384	0.0005694730626
155385	0.0008120579259
155386	0.0003455210937
155387	0.0002786466026
155388	0.00263255923
155389	0.001026878008
155390	0.0007748833206
155391	0.001897771682
155392	0.002115484508
155393	0.005318036953
155394	0.005267928174
155395	0.003825299302
155396	0.002303396453
155397	0.001632095213
155398	0.0001332930578
155399	0.001977703086
155400	0.003733688827
155401	0.004245151228
155402	0.002488164123
155403	0.002325431864
155404	0.001541048769
155405	2.049317593e-05
155406	0.003836698279
155407	0.003599983491
155408	0.003608441417
155409	0.004589178359
155410	0.002847142789
155411	0.002123383004
155412	0.001314333866
155413	0.0001320003017
155414	0.0005208617585
155415	0.0008056001897
155416	0.00131452195
155417	0.001558615671
155418	1.162892189e-07
155419	2.498497561e-08
155420	0.0007797648353
155421	0.001895804932
155422	0.000517646799
155423	0.008171227521
155424	0.0002256749469
155425	0.002263670405
155426	0.002682954454
155427	0.0004655856034
155428	0.0001306626781
155429	0.0003295480976
155430	0.0003700674445
155431	0.0008421786823
155432	0.001160249533
155433	0.0007401124412
155434	0.001525429789
155435	0.001271114395
155436	0.001704238459
155437	9.14915529e-07
155438	0.000929768594
155439	0.00140941617
155440	0.002404741203
155441	0.0008652171051
155442	0.001911037703
155443	0.0005761024704
155444	0.001793387146
155445	0.001496675534
155446	0.001210661548
155447	0.0002176304698
155448	0.000455548859
155449	0.0002314819053
155450	0.0008534780552
155451	0.0005345511526
155452	0.0009545112222
155453	0.001506540243
155454	0.001829392769
155455	0.0009389276832
155456	0.0009211657436
155457	2.041516803e-06
155458	0.001981500154
155459	0.001094023076
155460	0.0001012233946
155461	0.0005697885072
155462	0.0001411151555
155463	0.001864049373
155464	0.001593164884
155465	0.001003975689
155466	0.00174857012
155467	0.001971229765
155468	0.0003149022871
155469	0.0005708771806
155470	0.001424420664
155471	0.001290711302
155472	0.002041258316
155473	7.683697819e-05
155474	0.00388382399
155475	0.0001273560078
155476	0.0004879786006
155477	0.0005243298424
155478	0.00232148099
155479	0.002291725851
155480	0.001344261171
155481	0.0001476765536
155482	0.0004050629893
155483	0.001912214698
155484	0.0004311393055
155485	0.001029887323
155486	0.0001195620768
155487	0.003309626772
155488	0.0001687094048
155489	0.002387616644
155490	5.875449758e-05
155491	8.267422831e-06
155492	0.0001775635914
155493	0.0006617474438
155494	0.0004063429263
155495	4.7993974e-05
155496	0.0007080656622
155497	0.001375505973
155498	0.001357024153
155499	0.0003588179944
155500	0.0005452475329
155501	0.002830517052
155502	0.0007282034206
155503	0.0015430606
155504	0.0009545859699
155505	0.003477150643
155506	0.0006626565671
155507	0.000696733024
155508	0.0002667420923
155509	0.0003072989848
155510	0.0006190361711
155511	0.0003176151416
155512	0.001182325433
155513	0.001272176077
155514	0.00127610401
155515	0.0002864443905
155516	0.000149987873
155517	0.002757104934
155518	0.0008369994214
155519	0.0004232151133
155520	0.004256970081
155521	0.00288185258
155522	0.0001135103553
155523	0.001777051429
155524	0.001791915823
155525	0.0003126675278
155526	0.000832584014
155527	7.039970252e-05
155528	0.001948663991
155529	0.0007079547929
155530	0.000715938711
155531	0.000275683134
155532	0.001511681028
155533	0.002523060125
155534	0.004058394045
155535	0.0001161569076
155536	0.0005948047242
155537	0.0008799601579
155538	0.0005928610137
155539	0.001539072116
155540	0.002262419925
155541	7.31705568e-05
155542	0.0004447086107
155543	0.003663809907
155544	0.001951413636
155545	0.0001200120327
155546	0.001650325956
155547	0.001031789664
155548	0.002427530939
155549	0.0001432789716
155550	0.001357784667
155551	0.000975751657
155552	0.00180492014
155553	0.0002868174383
155554	0.0001718688326
155555	0.001391158526
155556	0.001307252623
155557	0.001476043257
155558	0.0005097349364
155559	0.000966974312
155560	0.0005849869767
155561	0.001265993574
155562	0.000547999496
155563	0.001271230266
155564	0.002969543206
155565	0.00184358747
155566	0.001400661983
155567	0.00257519226
155568	0.001102956106
155569	0.002001889127
155570	0.0008247232308
155571	0.0007711831286
155572	0.0001344685821
155573	0.001689356634
155574	0.001928309798
155575	0.0003434385995
155576	0.0001082520608
155577	4.248870542e-05
155578	0.0002763011527
155579	0.0002515542041
155580	0.002716206651
155581	0.0005455448967
155582	0.001879767116
155583	0.002150188297
155584	8.369734304e-05
155585	0.003640528878
155586	0.002898350988
155587	0.0003889889619
155588	0.0008283135318
155589	0.0007361197826
155590	0.00101592652
155591	0.002021182582
155592	0.002711899983
155593	0.001607226494
155594	0.0005713331458
155595	0.001981283722
155596	0.003157144987
155597	0.001368309265
155598	0.001242406814
155599	0.004082647034
155600	0.003358708378
155601	0.0002911355775
155602	0.0001165940609
155603	0.0002220872247
155604	0.001608449662
155605	0.0002698019691
155606	0.001624309224
155607	0.0001017127738
155608	0.003211347797
155609	0.0002941499054
155610	0.0001242842152
155611	0.0004161314193
155612	0.001292468792
155613	0.00118267555
155614	0.0012832284
155615	0.001106030151
155616	0.001589095169
155617	0.001340176304
155618	0.001437575442
155619	0.001295122141
155620	0.001544217318
155621	0.001039581965
155622	0.001585149354
155623	0.001088027161
155624	0.001339368527
155625	0.001558499412
155626	0.001500804103
155627	0.001200025183
155628	0.001052571704
155629	0.001234988147
155630	0.001321173606
155631	0.001126750963
155632	0.001357600433
155633	0.001564422935
155634	0.001574095402
155635	0.001253397258
155636	0.001825683548
155637	0.001172174367
155638	0.001379277789
155639	0.00185798
155640	0.0001556604008
155641	0.002151096125
155642	0.0003933230628
155643	0.001523344261
155644	0.001758287281
155645	0.0008088672097
155646	0.002696127824
155647	0.001345829945
155648	0.0003073437725
155649	0.001119653157
155650	0.001478496714
155651	0.005492914551
155652	0.001131054632
155653	0.0009415319011
155654	0.0003458717013
155655	3.922983459e-05
155656	0.001991015116
155657	0.0002714607213
155658	9.280808443e-05
155659	0.001326343006
155660	0.002768195714
155661	0.0006844594817
155662	0.002227220378
155663	0.0009851469384
155664	0.007681967041
155665	0.0007399204919
155666	0.0005476666058
155667	0.0006792772424
155668	0.0002238792064
155669	0.001035197649
155670	0.005024371945
155671	0.003348641452
155672	0.005614835466
155673	0.0005971295485
155674	0.0006261044394
155675	0.002751130401
155676	0.003104051454
155677	0.002065528273
155678	0.002473888398
155679	0.001854917734
155680	0.001096322808
155681	0.003202706892
155682	8.679983917e-07
155683	0.001011902339
155684	0.002901514557
155685	0.0001911282513
155686	0.0006151035118
155687	0.002138388799
155688	0.001997650462
155689	0.002465456084
155690	0.001598670777
155691	0.0002736138235
155692	0.00123396163
155693	0.0002316320955
155694	0.0005447673198
155695	0.003128957601
155696	6.227426066e-05
155697	0.004919749642
155698	0.004562981905
155699	0.001258942035
155700	0.004957045026
155701	0.0002928313058
155702	0.001775595931
155703	0.002363079087
155704	0.0002262348162
155705	0.001954599553
155706	0.004698116476
155707	0.0002904048724
155708	0.003112930925
155709	0.000283508267
155710	0.005381238177
155711	0.0009548148049
155712	0.001670098531
155713	0.002493955107
155714	0.001794445047
155715	0.0002228382528
155716	9.276594788e-05
155717	0.00323784711
155718	0.001201607736
155719	0.0007611392691
155720	0.001182024585
155721	0.005242718203
155722	0.005686074716
155723	0.001563707177
155724	0.003625684673
155725	0.001380050281
155726	0.002269724742
155727	0.0006767124839
155728	0.00242051039
155729	0.0005457013384
155730	1.094404284e-05
155731	0.00190211944
155732	0.002133730182
155733	0.006881059614
155734	0.0006772255958
155735	0.0005776790613
155736	0.0006155981944
155737	0.003869361717
155738	3.456695462e-05
155739	3.665039834e-05
155740	0.0003242542371
155741	0.003306463447
155742	0.001082449992
155743	0.001945299854
155744	0.000337870619
155745	0.001900009333
155746	0.000672493454
155747	0.001277005586
155748	0.002613232693
155749	0.0007369856194
155750	0.001503561963
155751	0.002269021617
155752	0.0007157519231
155753	0.0009840593474
155754	0.0009425502782
155755	0.003441389135
155756	0.0002777054858
155757	0.001622372936
155758	0.0002132882472
155759	0.0001583347821
155760	0.001713410079
155761	0.001255189464
155762	0.0006412690619
155763	0.004894977942
155764	0.001181833756
155765	0.002955754396
155766	0.0007512010044
155767	0.001829674401
155768	0.001542486457
155769	0.006387851881
155770	0.0007271335024
155771	0.0007106537016
155772	0.005686332869
155773	0.002593845187
155774	0.0006708429714
155775	0.001209624211
155776	0.001309393187
155777	5.383879837e-05
155778	0.007266371208
155779	0.00160600071
155780	0.0004727218816
155781	0.002841471327
155782	0.002933295783
155783	0.000554565696
155784	0.000939898737
155785	0.0001699554033
155786	0.0006082385197
155787	0.00156773094
155788	2.677774404e-06
155789	0.0008012008477
155790	0.001851324482
155791	0.002462587681
155792	0.0003141913829
155793	0.0005823885188
155794	0.001813265437
155795	0.0004002691691
155796	0.001381862871
155797	0.002714292243
155798	0.004379228946
155799	0.00196310194
155800	0.0008016214127
155801	0.002973855787
155802	0.002776289439
155803	0.0006171485736
155804	0.0001200455492
155805	6.354464179e-05
155806	0.0002460739653
155807	0.006170548174
155808	0.003513072644
155809	0.00441899633
155810	0.0087903526
155811	0.001796288271
155812	0.002969551203
155813	0.0001898403712
155814	0.0007798030803
155815	0.00192161153
155816	0.002600536749
155817	0.00105320722
155818	0.0007024336109
155819	2.01359388e-05
155820	0.001808163403
155821	0.002882664897
155822	0.002424385084
155823	0.0008187254932
155824	0.002156067775
155825	0.002176297654
155826	0.001794628292
155827	7.261086779e-05
155828	0.005473423805
155829	0.0008041986069
155830	0.002762511296
155831	0.0003020340886
155832	0.001884428733
155833	0.003633670865
155834	0.006822702353
155835	0.001172665175
155836	0.0004362420278
155837	0.003766371271
155838	0.002307851369
155839	0.003587919779
155840	0.001838284971
155841	0.004344803106
155842	0.003381698141
155843	0.004199900533
155844	0.006906426962
155845	0.0004540152552
155846	0.00584890689
155847	0.003518068903
155848	0.001123905555
155849	0.0001686029257
155850	0.001548621581
155851	0.004310664169
155852	0.003047255269
155853	0.004264167274
155854	0.003053140519
155855	0.006578833219
155856	0.003620675535
155857	0.0006892168737
155858	0.001232049731
155859	0.0006025453781
155860	0.003471742658
155861	0.004540091757
155862	0.00222637296
155863	0.003638469896
155864	0.0004833688966
155865	0.002437186063
155866	0.002805698991
155867	0.002783642933
155868	0.0002451427704
155869	0.003075470276
155870	0.0009997393439
155871	0.001123218061
155872	0.001066344389
155873	0.001859708251
155874	0.0003360049624
155875	0.005589950192
155876	0.004490420489
155877	0.001083994496
155878	0.0008256095241
155879	0.001349809619
155880	0.003924577027
155881	0.0009578528999
155882	0.0021349817
155883	0.001546172312
155884	0.001314139153
155885	0.003821662891
155886	0.002271762973
155887	0.001029012714
155888	0.002304026395
155889	0.00105528631
155890	0.0003269285398
155891	0.003710867588
155892	0.0001548736155
155893	0.0009838340655
155894	0.0001730002025
155895	0.0008160550866
155896	0.002585444329
155897	0.0002474042917
155898	0.0005584104414
155899	0.0005946148953
155900	0.001240244672
155901	0.001698318971
155902	0.001345596336
155903	0.0001192120724
155904	0.0009006382965
155905	0.0004493532186
155906	0.004675166301
155907	0.0001576794574
155908	0.0002190579024
155909	0.005698371162
155910	0.001571902293
155911	0.0007662881986
155912	0.0004225594185
155913	7.269898558e-05
155914	0.002005455613
155915	0.0007766145054
155916	9.352068878e-05
155917	0.001595773657
155918	0.00172189105
155919	0.0004628410629
155920	0.001130960034
155921	0.002594275559
155922	0.0006996470555
155923	0.0008494050267
155924	0.002617458783
155925	0.0004325627636
155926	0.0003272546507
155927	0.0005388098541
155928	0.0004851476457
155929	0.0003715464128
155930	0.0006714366341
155931	0.001049584037
155932	0.0004657729964
155933	0.001011783965
155934	0.001068876873
155935	0.0005953345386
155936	0.003395664047
155937	0.003905342692
155938	0.0002341163933
155939	0.002621581475
155940	0.0002834087195
155941	0.00171749625
155942	0.0006580375393
155943	0.001430826575
155944	0.002652869842
155945	0.006543813541
155946	0.001342741706
155947	0.001914112723
155948	0.001404695306
155949	0.001244421586
155950	4.263885963e-05
155951	0.0007248713598
155952	0.002146080731
155953	0.002357552611
155954	0.001061065984
155955	0.0006422958916
155956	0.006391552534
155957	0.001930224702
155958	0.001158606489
155959	0.000272167142
155960	0.001701097874
155961	0.0003814729166
155962	0.002200435637
155963	0.0005453349066
155964	0.001066231979
155965	0.001447290148
155966	0.0008994997102
155967	0.004636183404
155968	0.0004897430379
155969	0.001103637349
155970	0.0001955087863
155971	0.0004153020101
155972	0.0001951600786
155973	0.007383067548
155974	0.002166644631
155975	0.0009753688976
155976	0.001386498082
155977	0.000226842418
155978	0.001980568911
155979	0.004433433812
155980	0.002120482284
155981	0.0008787638644
155982	0.002441216431
155983	0.0008156381738
155984	0.001613036354
155985	0.005965733466
155986	0.00161495297
155987	0.00297215909
155988	0.0006148407409
155989	0.000387014185
155990	0.001576524203
155991	0.0006299556712
155992	3.264693088e-05
155993	1.972651195e-05
155994	0.00132813574
155995	0.0001518956139
155996	0.000352665583
155997	0.003462373913
155998	0.0008887503176
155999	0.002008466746
156000	0.001074274659
156001	0.00139123736
156002	0.001141550875
156003	0.0006691301589
156004	0.000432722555
156005	8.20504724e-05
156006	0.0007896106341
156007	0.001049944759
156008	0.0007467677482
156009	0.0003658221938
156010	0.001207619543
156011	0.000200241132
156012	0.001037726024
156013	0.0006219334294
156014	0.0002268680847
156015	0.0001353673318
156016	0.001572157187
156017	0.0005764601556
156018	0.0008885039242
156019	0.00112834457
156020	0.001786073274
156021	0.0002600543968
156022	3.075466015e-05
156023	0.000580612599
156024	0.001139828397
156025	0.001304867668
156026	0.001011983646
156027	0.001949734944
156028	0.001081036967
156029	0.0007542351641
156030	0.000962904067
156031	0.00306916541
156032	0.0002703078738
156033	0.001261903851
156034	0.0007513588137
156035	0.001171485857
156036	0.0007030935239
156037	0.000934135149
156038	0.001325631606
156039	0.001293762531
156040	0.00160791646
156041	0.001209450287
156042	0.0006886005012
156043	0.001004788011
156044	0.001400630192
156045	0.00163442282
156046	0.0002959432554
156047	0.0004356517319
156048	0.0001461539533
156049	0.001319930373
156050	0.002009779572
156051	0.004083719559
156052	0.003147804728
156053	0.0001458949473
156054	0.001317424139
156055	0.0009988000821
156056	0.002285064409
156057	2.288338561e-05
156058	0.001657498018
156059	0.0004602380589
156060	4.752460829e-06
156061	0.0002991788055
156062	0.0012217882
156063	0.0003036139694
156064	0.002056582511
156065	0.0008201218983
156066	0.00191287014
156067	0.0005864900352
156068	0.001262089144
156069	0.001905001808
156070	0.001500107488
156071	0.002021058578
156072	0.00103379623
156073	0.0001183194553
156074	0.001594559645
156075	0.0003793962605
156076	0.0005417070477
156077	0.002061667383
156078	0.0004754734963
156079	0.001532764674
156080	0.0008992908664
156081	0.0008728725074
156082	0.000312757814
156083	0.0006749226911
156084	0.0005718280096
156085	0.0001040494478
156086	0.0008892883242
156087	0.001982235451
156088	6.136424499e-05
156089	0.001500216598
156090	0.000258583263
156091	0.0008893159542
156092	0.002235215662
156093	0.0002934007891
156094	0.001584916298
156095	0.001437912091
156096	0.003418238247
156097	0.001029985187
156098	2.10739504e-05
156099	0.001078576481
156100	0.00274799076
156101	0.001669462143
156102	0.0002735951751
156103	0.0007203682941
156104	0.002321226802
156105	0.000344763642
156106	0.0006877053732
156107	0.0003840522401
156108	0.0006096055234
156109	0.0009487910777
156110	0.0001988231559
156111	0.0003879505548
156112	0.0008553409937
156113	0.0006030530314
156114	0.0008725381294
156115	0.001253779181
156116	0.001623782551
156117	0.001379013984
156118	0.000713574572
156119	0.0004326810133
156120	0.0010779914
156121	0.0001758617792
156122	0.0005981262199
156123	0.0006393455193
156124	0.0002986423486
156125	0.001894538997
156126	0.0005898748748
156127	0.001661756148
156128	0.0007523135974
156129	0.0008250744736
156130	0.001873067219
156131	0.0001331271549
156132	0.0008179819201
156133	0.0002563519894
156134	0.0003311635812
156135	0.0007593624396
156136	0.0001540432056
156137	0.002300694743
156138	0.001938510118
156139	0.0003417480244
156140	6.299835632e-05
156141	0.001422411504
156142	0.001369489299
156143	0.002189029715
156144	6.665092966e-06
156145	0.002086414874
156146	0.001826996961
156147	0.0009353942108
156148	0.001197429005
156149	0.001558548702
156150	0.002948269391
156151	0.001140436169
156152	0.0005537467171
156153	0.0005709680784
156154	0.0002484242217
156155	0.0009842153483
156156	4.071560485e-05
156157	0.001466742958
156158	0.00140736702
156159	0.0002984799446
156160	0.0004959439153
156161	0.002547849367
156162	0.000159907727
156163	0.0009031218673
156164	0.001254127776
156165	0.0007044479219
156166	0.002326688501
156167	0.001910620294
156168	0.0001628714372
156169	0.00084021532
156170	0.0002043259123
156171	0.001464559462
156172	0.0001684004724
156173	0.0004670654349
156174	0.001504505443
156175	0.0005689354701
156176	0.00186966524
156177	0.0002522879219
156178	0.001623362446
156179	0.0007486954209
156180	0
156181	0.001760727413
156182	9.547099047e-05
156183	3.514331925e-05
156184	0.001829536273
156185	0.003850155929
156186	0.002460005618
156187	0.0002889847382
156188	0.0009672771042
156189	0.0006919269463
156190	0.001605262318
156191	0.0003739983506
156192	0.0008049268157
156193	0.0003922023747
156194	0.0003807695745
156195	0.001044207449
156196	0.001518597198
156197	0.0003991551713
156198	0.003074206018
156199	0.001470931505
156200	0.0001276673182
156201	0.0002408075898
156202	0.002864327999
156203	0.004858716747
156204	0.0004057346405
156205	2.718586324e-05
156206	0.000885991822
156207	0.0007452997351
156208	0.0002743354549
156209	0.001057608549
156210	0.0004516450732
156211	0.0009234020321
156212	0.001502051592
156213	0.0001297785281
156214	0.002348186988
156215	0.001719980668
156216	0.002261716824
156217	7.457742076e-05
156218	0.0007229999819
156219	0.002513312687
156220	0.0007089392255
156221	0.001981423552
156222	8.273803023e-07
156223	0.00147904693
156224	0.002116813048
156225	0.0004333832063
156226	0.001072465201
156227	0.00210356626
156228	0.0002510899133
156229	3.960878689e-05
156230	0.0011521911
156231	8.080445861e-05
156232	0.0002101590267
156233	0.00234794151
156234	0.0003886247081
156235	3.93402297e-05
156236	0.001174764833
156237	0.002217684609
156238	0.0004994802929
156239	0.0003442509912
156240	0.0003017171386
156241	0.000951894656
156242	0.0005926485619
156243	0.001877934121
156244	0.001353497087
156245	0.001312991215
156246	0.002386136157
156247	0.0007205210499
156248	0.000936840916
156249	0.001031378151
156250	0.0006509723762
156251	0.0008526638676
156252	0.001039836563
156253	0.001398650314
156254	0.001508675687
156255	0.001522383034
156256	0.0002077691649
156257	0.0007503366946
156258	0.001605297115
156259	0.002320597494
156260	0.003690876889
156261	0.0039449635
156262	0.00108677818
156263	0.001340060199
156264	0.002232571677
156265	0.001882236014
156266	0.002981379399
156267	0.001504158363
156268	0.003107088911
156269	0.0006954631993
156270	0.001969708834
156271	0.0007417229394
156272	0.000251734494
156273	0.0007179848632
156274	0.0001107843423
156275	7.796791993e-05
156276	0.001169237713
156277	0.0002829338648
156278	3.198926839e-06
156279	0.001045911039
156280	0.001479609639
156281	0.001025260911
156282	0.0004445118205
156283	0.002025256032
156284	0.001688067529
156285	0.0001871076576
156286	0.001824149962
156287	0.0004723043248
156288	0.001732016838
156289	0.00102871214
156290	0.0007198250924
156291	2.938365015e-05
156292	0.0004579533385
156293	0.001233029066
156294	0.00175132551
156295	0.001031448244
156296	0.0008859388889
156297	0.0009264125767
156298	0.0007004134971
156299	0.0004111789354
156300	2.489466747e-05
156301	0.002670162008
156302	3.896414401e-05
156303	0.0007926016622
156304	0.0009315783847
156305	0.001333117476
156306	0.0004838064512
156307	0
156308	0.001715144121
156309	0.0008480181287
156310	0.0001576852921
156311	0.0008777873816
156312	0.001042703085
156313	0.0001143768977
156314	0.001714596461
156315	0.0009411862266
156316	0.0001413293712
156317	0.0004184478063
156318	0.003231823423
156319	0.0009217315257
156320	0.0004425786927
156321	0.0001330582313
156322	0.001515828908
156323	0.0001578247792
156324	8.021626749e-05
156325	0.0004442851136
156326	0.0005554881832
156327	0.001786874433
156328	0.001201173889
156329	0.0004686515099
156330	0.001331970681
156331	0.0005292489742
156332	0.0009450450921
156333	0.0007679129772
156334	0.001183139762
156335	0.002020997782
156336	0.002586102127
156337	0.001114225615
156338	5.600549333e-05
156339	0.001004492314
156340	0.000177589444
156341	0.0008133518878
156342	0.0001277650997
156343	0.001430960044
156344	0.0002305037162
156345	0.002007454101
156346	0.0003698465431
156347	4.888009582e-05
156348	0.002192477936
156349	0.001464686308
156350	0.001057062659
156351	0.001315225715
156352	0.00106464059
156353	0.0007232320722
156354	0.001750286649
156355	0.001410270607
156356	0.001079805931
156357	0.0007540607826
156358	0.0008757437033
156359	0.002115424148
156360	0.001662060153
156361	0.002641628949
156362	0.0007855095601
156363	0.0007664923989
156364	0.001795538116
156365	0.0009074598276
156366	0.001725977396
156367	0.001058111381
156368	0.0008885039242
156369	0.0005164530489
156370	0.001765471531
156371	0.0002606291732
156372	0.001074938233
156373	0.0006134165263
156374	0.0009398331158
156375	0.001761817419
156376	7.368001108e-05
156377	0.001320621538
156378	0.001870904373
156379	0.00201771682
156380	0.002694739797
156381	0.001148518252
156382	0.0002235462597
156383	0.0008425591288
156384	0.001109038069
156385	0.001248263335
156386	3.278820871e-06
156387	0.0008228649356
156388	4.346651516e-05
156389	0.000871621559
156390	0.0008768515923
156391	0.0003927101936
156392	0.000562582376
156393	0.0004812538234
156394	0.0005898980363
156395	0.0004609408827
156396	0.0008885039242
156397	0.002298002355
156398	0.001527454677
156399	0.001232080587
156400	0.0002125807536
156401	0.002132319067
156402	0.001659256036
156403	0.0003900424497
156404	0.0006628459555
156405	0.003489012303
156406	0.002225149029
156407	6.53393415e-05
156408	6.919294267e-05
156409	0.001474083094
156410	0.000239221533
156411	0.002802232423
156412	0.0003399330751
156413	0.002444023021
156414	0.00144234142
156415	0.000195161581
156416	0.001659168972
156417	0.001600608748
156418	0.001278833383
156419	0.001198349993
156420	0.001036672311
156421	0.0001191485397
156422	0.0003568478503
156423	0.002090871714
156424	0.000142666121
156425	0.002786033753
156426	0.001103378522
156427	0.00078189766
156428	0.0006789311948
156429	0.0003032711546
156430	0.0002273602339
156431	0.0006109074894
156432	0.0001869406646
156433	0.003439747834
156434	0.0001186210612
156435	0.00172589243
156436	0.001169526892
156437	0.0008149638523
156438	0.001479351522
156439	0.001957323295
156440	0.002578089461
156441	0.0004755992206
156442	5.139291885e-05
156443	5.725226648e-05
156444	0.0009005292389
156445	0.0003533699954
156446	3.780618571e-05
156447	0.00126870675
156448	0.0005451825083
156449	0.002125627832
156450	0.001695349021
156451	0.002071069702
156452	0.0001641310732
156453	0.0006357051026
156454	2.743093908e-06
156455	0.00282022334
156456	0.001333872967
156457	5.208149041e-05
156458	0.0007054716309
156459	0.001437916613
156460	0.0007879696057
156461	0.002576187074
156462	0.0005082847052
156463	0.003351453382
156464	0.001202657154
156465	0.00118005772
156466	0.0002025539619
156467	0.0005972939843
156468	0.0002144066006
156469	0.0005651260074
156470	0.00103675088
156471	0.002384456767
156472	0.00146753544
156473	0.001183169431
156474	8.243364391e-05
156475	0.001640175468
156476	0.001203919148
156477	0.001309832077
156478	0.001914261407
156479	0.001130104162
156480	0.0009099547253
156481	0.0006762288123
156482	0.001715766288
156483	0.001109031755
156484	0.000224865082
156485	0.000421413634
156486	0.0008847050612
156487	0.0005075476191
156488	0.0001650430278
156489	0.0001123844523
156490	0.002979579692
156491	0.003637883384
156492	0.002224775584
156493	0.000803967584
156494	0.001038916159
156495	0.0004980167244
156496	0.001179896035
156497	0.0004279531637
156498	0.001610250814
156499	0.001863794106
156500	0.0002783034777
156501	0.002106652628
156502	0.001258088082
156503	2.25855591e-05
156504	0.0003113968168
156505	0.00163122395
156506	0.001330504628
156507	0.0003027660424
156508	0.0003636351676
156509	0.0009383002491
156510	0.0004151650898
156511	0.0004665889121
156512	0.0006770091405
156513	0.0009674242328
156514	0.0001370152002
156515	0.001775932152
156516	0.001544484038
156517	0.001653671497
156518	0.001693903486
156519	0.0006395499361
156520	0.0003362202631
156521	5.416751133e-05
156522	0.0009239763802
156523	0.0004881047879
156524	0.00174761266
156525	0.001981997982
156526	0.0007713752431
156527	0.0007153055479
156528	0.0001251238816
156529	0.00187016248
156530	0.0005978180846
156531	0.0005401066184
156532	0.0005351519718
156533	0.0004585393091
156534	0.0005991046015
156535	0.0003413263339
156536	0.000123336623
156537	0.001422423802
156538	7.97898234e-05
156539	0.0002106028312
156540	1.708400964e-05
156541	2.325425438e-05
156542	0.0001694978164
156543	0.0001267443382
156544	0.001186703475
156545	4.739546115e-06
156546	0.000163390678
156547	0.001112023457
156548	0.0001704247414
156549	0.001941296416
156550	0.0003654375003
156551	0.004804090954
156552	0.0003227757059
156553	0.004301969134
156554	0.00275336638
156555	0.005127871034
156556	0.0009231849182
156557	0.001832066078
156558	0.003129455698
156559	0.0004138423085
156560	9.744155032e-05
156561	0.00101833072
156562	0.002544437104
156563	0.00320768498
156564	0.0009564203454
156565	0.0001618838317
156566	0.006185490414
156567	0.0007404687396
156568	0.0001561023655
156569	0.001061545557
156570	0.003107866769
156571	0.001948814222
156572	0.001886530911
156573	0.004665601157
156574	0.004453303219
156575	0.00707545652
156576	0.0005817867196
156577	0.0008337667043
156578	0.001358633684
156579	0.0005642595762
156580	0.0005644819537
156581	0.000274626414
156582	0.0003123563724
156583	0.00148918198
156584	0.0009268267679
156585	0.001407528727
156586	0.003373541581
156587	0.0002500233482
156588	0.0003955499748
156589	0.000589735837
156590	0.001595284295
156591	0.003138314863
156592	9.757289205e-05
156593	0.003978607414
156594	0.0001169567849
156595	0.0001277506553
156596	0.003333651112
156597	0.0008739280686
156598	0.001658092254
156599	0.0001556744086
156600	0.0002647405798
156601	0.001145878363
156602	0.0004562546105
156603	0.004351468195
156604	0.00100044557
156605	0.004548613151
156606	0.0005119699047
156607	0.002560720893
156608	6.521361379e-06
156609	0.002059426879
156610	0.001682290793
156611	0.0006138302271
156612	0.001003509861
156613	5.608198168e-05
156614	0.0001998125333
156615	0.001973084308
156616	0.001733784965
156617	0.0006666375253
156618	0.00167866573
156619	9.73372631e-05
156620	0.0008146782665
156621	0.0001360557882
156622	0.001137155736
156623	0.003217205018
156624	1.51149032e-05
156625	0.0005796603193
156626	0.0001054791693
156627	3.844406525e-05
156628	0.0001656361793
156629	0.0003426425416
156630	0.0001502374986
156631	6.588711977e-05
156632	2.741748301e-05
156633	0.0001619253699
156634	0.0001832638969
156635	0.0003208231461
156636	0.0002913366236
156637	6.657756343e-05
156638	0.0001118062969
156639	0.004169872305
156640	4.534486331e-05
156641	0.0004027206323
156642	8.255816015e-05
156643	0.002620413471
156644	0.001570156833
156645	0.004140291526
156646	0.001645991616
156647	0.0009559046545
156648	0.0008602499631
156649	0.0001870012955
156650	0.001209012479
156651	0.003499711685
156652	0.00100729825
156653	0.0002662023173
156654	6.131408726e-05
156655	0.002723273743
156656	8.583999131e-05
156657	0.002152266693
156658	0.000123185858
156659	0.001671597819
156660	0.001216808865
156661	0.001786433356
156662	0.002416442546
156663	0.0001538115663
156664	0.0009671234059
156665	0.0001376755289
156666	0.000246242272
156667	0.0009977366014
156668	0.0002979818847
156669	0.0008766413711
156670	0.0008693168706
156671	9.39224401e-05
156672	0.0001684988969
156673	0.0008439217082
156674	0.0007447587602
156675	0.003501752917
156676	0.002350528518
156677	0.0001078335896
156678	0.006959792022
156679	0.0001254039058
156680	0.0006023065929
156681	0.001373260051
156682	0.002005286331
156683	0.001259076613
156684	0.004933759978
156685	0.0003891040929
156686	0.002834098607
156687	0.001676877925
156688	0.0003545292573
156689	0.0007153244122
156690	0.003286318935
156691	0.009567334557
156692	0.001533213362
156693	0.0006571449632
156694	0.0002499449701
156695	0.001026904766
156696	0.003905272613
156697	0.001105774061
156698	0.0007074460517
156699	0.001307002821
156700	0.0002046819749
156701	0.003373895235
156702	0.003052004796
156703	0.001867119944
156704	0.007158776428
156705	0.0001400136917
156706	0.0005251323743
156707	3.937087959e-05
156708	0.001248671407
156709	0.0009255252101
156710	0.0001469019616
156711	0.0004698105883
156712	0.0009722685306
156713	0.0008132424805
156714	0.003031026403
156715	0.002881831358
156716	0.002236368483
156717	0.0008582794787
156718	0.004871872711
156719	0.001565678017
156720	0.006656415829
156721	0.004284479439
156722	9.002244904e-05
156723	0.002336036862
156724	0.001511132794
156725	0.0001652454121
156726	0.001936499437
156727	0.001401352305
156728	0.0002601962898
156729	0.00194919384
156730	0.002415384763
156731	4.844918002e-05
156732	0.003657237549
156733	0.001006977185
156734	0.004177795892
156735	0.004818306387
156736	0.003409757448
156737	0.004165030529
156738	0.003422411233
156739	0.0006569352105
156740	0.001116199437
156741	0.001635412962
156742	0.0004203336882
156743	0.003061936058
156744	0.0002165751574
156745	0.0003149233828
156746	6.447556221e-05
156747	0.001159691092
156748	0.002346794087
156749	0.002824942208
156750	0.004211265448
156751	0.0001675589264
156752	0.00353489243
156753	0.0007559555394
156754	0.0001763294876
156755	0.00237664655
156756	0.002754003587
156757	0.002319962819
156758	0.004361612369
156759	0.005340135243
156760	0.001999406815
156761	0.001202201901
156762	0.001389180173
156763	0.001170580409
156764	0.001131738654
156765	0.0008072179935
156766	0.001764018411
156767	0.001735146398
156768	0.0007550470847
156769	0.0001250187382
156770	0.002560640373
156771	0.003964675151
156772	0.0004880095552
156773	0.002567449591
156774	0.003140438006
156775	0.004445798031
156776	0.002715072639
156777	0.0003490025435
156778	0.0001880870361
156779	0.001095500006
156780	0.001448201655
156781	0.006486473412
156782	0.00109110994
156783	0.005184859495
156784	0.0008602324801
156785	0.0006745380414
156786	0.002023176931
156787	0.002545713579
156788	0.004284680765
156789	0.000144044155
156790	0.002740787036
156791	0.001356358386
156792	0.002203172074
156793	0.003827943115
156794	0.00343038507
156795	0.002486150054
156796	0.0007908861571
156797	0.0007435922258
156798	0.004055637059
156799	0.001133882711
156800	0.001764287123
156801	0.001054312676
156802	0.0008565810971
156803	0.002389293527
156804	0.0005188939847
156805	0.00371753791
156806	0.002117448155
156807	0.002211398196
156808	0.002995696419
156809	0.00141450362
156810	0.003224167349
156811	0.008302230536
156812	0.007200384206
156813	0.001736137593
156814	0.002434658446
156815	0.001597236757
156816	0.00104249492
156817	0.00305859015
156818	0.0009919163588
156819	0.001228598967
156820	0.006089654997
156821	0.0006765746125
156822	0.004278505114
156823	0.006594030085
156824	0.002921810667
156825	0.001277686525
156826	0.00276451151
156827	0.0002777041722
156828	0.002915571508
156829	0.002043004491
156830	0.001341891156
156831	0.001287911871
156832	0.0002209012347
156833	0.003055979486
156834	0.002629850263
156835	0.003382649987
156836	0.003458575191
156837	0.003456096309
156838	0.001508999436
156839	0.002263804432
156840	0.002949877898
156841	0.001108122923
156842	0.001727320038
156843	0.001709797456
156844	0.006469230178
156845	0.001574298003
156846	0.0007612808532
156847	0.003790521735
156848	0.003955312407
156849	0.003771160111
156850	0.002189925826
156851	0.001989699393
156852	0.004546530307
156853	0.004006605215
156854	0.0003004650413
156855	0.0007686264886
156856	4.69278117e-05
156857	0.002288032732
156858	3.906212108e-05
156859	0.001863384791
156860	0.001936134151
156861	0.0007798403153
156862	0.002621142971
156863	0.005413202594
156864	0.003158145198
156865	0.006702586153
156866	0.002691061986
156867	0.004568936096
156868	0.001805132143
156869	0.0005404998564
156870	0.002086515326
156871	0.003740984823
156872	0.0003815720274
156873	0.002068748667
156874	0.002468123754
156875	0.0001922224353
156876	0.0001189362476
156877	0.004133669653
156878	0.003374111953
156879	0.003104613074
156880	0.002597518584
156881	0.006596497266
156882	0.007091335589
156883	0.0001727351936
156884	0.00339753223
156885	0.002487363258
156886	0.0005668834125
156887	0.005508521941
156888	0.007530084871
156889	0.003122443199
156890	0.005433394008
156891	0.002409957565
156892	0.001774091956
156893	0.001821629774
156894	0.003666394651
156895	0.004284831616
156896	0.001571796631
156897	0.001241199626
156898	0.002352680719
156899	0.004807513356
156900	0.0002669335672
156901	0.005725963268
156902	0.003225024878
156903	0.006200671111
156904	0.003106061052
156905	0.0004612259154
156906	0.002020752446
156907	0.0009021869369
156908	0.002151490854
156909	0.002133778149
156910	0.001251831905
156911	0.001388934487
156912	0.001350528249
156913	0.005113477415
156914	0.00633397972
156915	0.00417048581
156916	0.001268243822
156917	0.007639981854
156918	0.004302921849
156919	0.001905455294
156920	0.00380348031
156921	0.0003560739563
156922	0.00213768777
156923	0.0005473478507
156924	0.0002643618812
156925	0.005598476017
156926	0.002197707625
156927	0.003409749953
156928	0.0007597422179
156929	0.000192164378
156930	0.004881277115
156931	0.00355611614
156932	0.001328735623
156933	0.003000331007
156934	0.004500019563
156935	0.004043867247
156936	9.116207662e-05
156937	0.001727252236
156938	0.004709364671
156939	0.002133972246
156940	0.00668023507
156941	0.002914626945
156942	0.0007601456388
156943	0.001709275863
156944	0.0001864824319
156945	0.006847798213
156946	0.002768609612
156947	0.0009901869227
156948	0.001743180691
156949	0.003608233875
156950	0.007884984466
156951	0.0008644083763
156952	0.007820838021
156953	0.001447226958
156954	0.0001104916456
156955	0.003378949353
156956	0.003626828538
156957	0.008563826621
156958	0.0001318287259
156959	0.00469747304
156960	0.001231557047
156961	0.00222993103
156962	0.004300703276
156963	0.00166499414
156964	0.0005365459954
156965	0.0003054216591
156966	0.004122971248
156967	0.0001593571018
156968	0.003346824899
156969	0.0006266860203
156970	2.377498284e-05
156971	0.0005375799177
156972	0.004772023128
156973	0.001249315892
156974	0.00299475252
156975	0.002326522366
156976	5.947404526e-05
156977	0.002897878337
156978	0.003670376464
156979	0.003347072266
156980	0.001206726974
156981	0.008599410921
156982	0.003102689351
156983	7.313220875e-05
156984	0.002721043027
156985	0.001233852747
156986	0.009436099528
156987	0.001008565859
156988	0.0005465341139
156989	0.005568640504
156990	0.000621215307
156991	0.004453217603
156992	0.0001158306542
156993	0.002756901345
156994	0.004143724398
156995	0.004356539995
156996	0.0009042249009
156997	0.001507271114
156998	0.001658918483
156999	0.002562247908
157000	0.0003043076582
157001	0.0002989113462
157002	0.001032303096
157003	0.002271891292
157004	2.116033827e-05
157005	0.004301351678
157006	0.003439476708
157007	0.003987740494
157008	0.003684260807
157009	0.0005610265576
157010	0.0005151314341
157011	0.0006942636764
157012	0.002718708075
157013	0.00274438017
157014	0.0007375435702
157015	0.002388658663
157016	0.004261468582
157017	0.003839491739
157018	0.000473919078
157019	0.00253669322
157020	0.00176732029
157021	0.003316794406
157022	0.0003178931764
157023	0.0007323581014
157024	0.0005232770939
157025	0.0008785121368
157026	0.003477358542
157027	0.0002049728387
157028	0.004078759232
157029	8.359713371e-05
157030	0.001473922572
157031	0.00620896177
157032	0.001299773677
157033	0.003349100669
157034	0.005962652181
157035	0.003214361714
157036	0.003135555407
157037	0.004567802863
157038	0.003334114387
157039	0.00728825838
157040	0.005679257012
157041	0.002067260253
157042	9.118110868e-06
157043	0.002155644626
157044	0.00103113234
157045	0.005467896447
157046	0.0008985698434
157047	0.00525802428
157048	0.003271787209
157049	0.003854004159
157050	2.547638346e-05
157051	0.0009348118135
157052	0.0005528495155
157053	0.00408653625
157054	0.0008175644761
157055	0.006146252043
157056	0.002223176604
157057	0.001422420172
157058	0.001927555393
157059	0.0004886695782
157060	0.002073512403
157061	0.001052045111
157062	0.004696009908
157063	0.0001832002903
157064	0.002371028714
157065	0.001303439915
157066	0.006133740658
157067	0.003104749201
157068	0.005019051854
157069	0.006933078014
157070	0.003975686528
157071	0.002384026927
157072	0.007155712872
157073	0.001865193297
157074	0.0002359552012
157075	0.003100801622
157076	0.006545243924
157077	0.0003583162014
157078	0.002552017112
157079	0.0004680084723
157080	0.004478502147
157081	0.003900487319
157082	0.0007882339485
157083	0.004706804169
157084	0.003909173768
157085	8.665059637e-05
157086	0.006425400814
157087	0.0006015710058
157088	0.001889578934
157089	0.0004724256342
157090	0.0009702833411
157091	0.00140888063
157092	1.155981752e-05
157093	0.00277992073
157094	0.0005431379141
157095	0.0003478710089
157096	0.003084798362
157097	0.002603017318
157098	0.001661245088
157099	0.0001198291761
157100	0.0005019729761
157101	0.002053368794
157102	0.002130116047
157103	0.000316786933
157104	5.070527874e-08
157105	0.002765416297
157106	0.001580962884
157107	0.001816740209
157108	0.00307865795
157109	0.001559030135
157110	0.001772971501
157111	0.001839886172
157112	0.001640359056
157113	0.0005382225076
157114	0.001600838064
157115	0.0006221913165
157116	0.001983532861
157117	0.003170137503
157118	0.0006124632982
157119	0.00103702601
157120	0.003055052168
157121	0.002528064515
157122	0.0002579267921
157123	0.0002196178142
157124	0.0006409275891
157125	0.0003675706607
157126	0.000474175462
157127	0.001382460184
157128	0.0004270860073
157129	4.422689612e-05
157130	0.0006119532806
157131	0.001629139225
157132	0.0002541622684
157133	0.0004750698174
157134	0.003209627406
157135	0.0005936660374
157136	0.001093545058
157137	0.0005028751706
157138	0.002281165709
157139	0.0007174092141
157140	0.005391675483
157141	0.005057485182
157142	0.0007956192626
157143	0.00427894577
157144	0.0003000467088
157145	0.001070696664
157146	0.002430330219
157147	0.001729074382
157148	0.003390235142
157149	0.001704159425
157150	0.0008526378317
157151	0.00118245741
157152	0.001071023588
157153	0.00254129072
157154	0.0004225127208
157155	0.000422836344
157156	0.001741603859
157157	0.0006695235243
157158	4.330237983e-05
157159	0.001174677031
157160	0.0004518814177
157161	0.001348009058
157162	0.0001772301472
157163	0.001700375016
157164	0.001816067795
157165	0.002373429287
157166	0.00417739928
157167	0.0009114869004
157168	0.001095178442
157169	0.003154199263
157170	0.004598212673
157171	0.001039047381
157172	0.004438941611
157173	0.004279368704
157174	0.00320441027
157175	0.002047928276
157176	0.00320753196
157177	0.00111818556
157178	0.003126666068
157179	0.002944722092
157180	0.002934437096
157181	9.104115635e-05
157182	0.001195002093
157183	0.0008068620839
157184	0.0005395109827
157185	0.0006782258624
157186	0.0001203506337
157187	0.001340934687
157188	0.004723272678
157189	0.001636598326
157190	0.001695088774
157191	0.002144877517
157192	0.0006017625032
157193	0.0007557366641
157194	0.0002919928146
157195	0.001398484206
157196	0.0001593808239
157197	0.002070811685
157198	1.085370884e-06
157199	0.0005426266482
157200	0.0001191588764
157201	0.0001086786017
157202	0.001634486925
157203	4.00099856e-05
157204	0.001298251451
157205	0.0001179464417
157206	0.0008117043147
157207	6.802803272e-05
157208	0.0007939026457
157209	0.0001768218813
157210	3.055085069e-06
157211	0.001225178208
157212	0.001842124546
157213	0.0007155744399
157214	0.0002283865069
157215	0.0005663382443
157216	0.0002248635841
157217	0.001009995995
157218	0.0007410980806
157219	0.0002576587798
157220	0.001496490406
157221	8.176835233e-05
157222	1.348280996e-05
157223	4.866471172e-07
157224	0.0004556569114
157225	0.0005052565408
157226	0.001557554024
157227	8.761188436e-05
157228	0.001390681048
157229	0.001701690766
157230	0.0001292269843
157231	0.00020011184
157232	0.001500903653
157233	0.0002389714585
157234	0.0003949911951
157235	0.0004944034875
157236	0.00242266247
157237	0.0010843453
157238	0.001817640373
157239	0.0007813198831
157240	0.0003220842263
157241	0.0005021251225
157242	0.0001208867487
157243	1.087370794e-05
157244	0.0007510097598
157245	0.0002720513041
157246	0.0009387997814
157247	0.001324184723
157248	0.0002934333458
157249	0.001019931847
157250	0.0001290997515
157251	0.0002374019177
157252	0.002261411035
157253	0.0003678032844
157254	0.00117254014
157255	0.000593344013
157256	0.0007478947643
157257	0.0002241851389
157258	7.331835118e-05
157259	0.0008651767476
157260	0.001144698736
157261	0.002154512523
157262	0.001372699441
157263	0.001262724843
157264	0.0009227560568
157265	0.0005450183251
157266	0.001122963523
157267	0.0001337613919
157268	0.0007259122918
157269	0.001389798344
157270	0.002391649652
157271	0.0004465083028
157272	0.0003272755692
157273	0.001391164561
157274	0.0001912830495
157275	0.0004366919596
157276	0.0005080853761
157277	0.002143025183
157278	0.0004576052026
157279	7.153491999e-05
157280	0.00126351514
157281	0.0003196443457
157282	0.001249615819
157283	0.002032722492
157284	0.00140048893
157285	0.0003972793121
157286	0.0008664314843
157287	0.001283906002
157288	0.0008731086661
157289	0.0006722533765
157290	0.0005785496847
157291	0.0008391321644
157292	0.001075883561
157293	0.001130559312
157294	0.0004843004844
157295	0.001511913797
157296	0.001192672126
157297	0.001691318963
157298	0.005027839958
157299	0.001199690778
157300	0.0008682714683
157301	0.001637039445
157302	0.0001081943786
157303	0.002498273485
157304	0.0005176832453
157305	0.0008580834226
157306	0.0001768741509
157307	0.001086997434
157308	0.0007382960236
157309	0.001367397713
157310	0.003428063624
157311	0.0003671759258
157312	0.0004846913428
157313	0.001027808818
157314	0.0001643384505
157315	0.002835422628
157316	0.0006526236872
157317	0.001123422627
157318	0.001352898185
157319	0.0001492641242
157320	4.579050559e-05
157321	0.0003507560491
157322	0.001059169609
157323	4.80731579e-05
157324	4.316424357e-05
157325	7.81928179e-05
157326	0.000146608929
157327	0.0007200896788
157328	0.0004004531882
157329	0.00268202794
157330	0.001019648055
157331	0.001914994458
157332	0.0002658074826
157333	0.00141676426
157334	0.000952522162
157335	0.0007380773226
157336	0.001456085404
157337	0.003771898698
157338	0.0035408479
157339	0.002108800614
157340	0.002765575084
157341	0.00225939187
157342	0.002511312543
157343	0.0002296070874
157344	0.000576486839
157345	0.001030326672
157346	7.425855231e-05
157347	0.003869895506
157348	0.0001515370912
157349	0.0003616185577
157350	0.0003869352619
157351	0.001357849188
157352	0.0002240708006
157353	0.001726301912
157354	0.0002433643476
157355	3.274841231e-05
157356	0
157357	0.0001009692009
157358	0.006896183676
157359	0.002108208306
157360	0.0003845387046
157361	8.563730865e-05
157362	9.476360697e-05
157363	0.000171405051
157364	0.0004836298751
157365	0.0001585743809
157366	0.0002424237531
157367	7.662403402e-05
157368	0.0002271395507
157369	0.0005115371384
157370	0.0002767566619
157371	0.0001499796261
157372	0.0003714826815
157373	5.962290684e-05
157374	7.266925695e-06
157375	0.0006152499643
157376	0.0002238148022
157377	0.000426075037
157378	5.213699478e-05
157379	0.0002964525405
157380	0.00028139418
157381	0.0002935220906
157382	0.0001259520033
157383	0.0003232345229
157384	0.0006156953169
157385	8.343626215e-05
157386	0.000133822888
157387	0.000311925246
157388	0.0001965797822
157389	0.004260853315
157390	0.0008744244609
157391	0.0008083359757
157392	0.002689738917
157393	0.002554594359
157394	0.003483261586
157395	0.0004298300036
157396	0.000246893852
157397	0.00270836318
157398	0.001744244792
157399	0.001178032134
157400	0.002035275688
157401	0.0007576095154
157402	0.001042436163
157403	0.001379252937
157404	0.0002164880908
157405	0.000450988553
157406	0.0080677658
157407	0.004757619344
157408	0.0009580088456
157409	0.0002082343144
157410	0.001472517789
157411	0.0002497387243
157412	0.00366423664
157413	0.001064420474
157414	0.001310052879
157415	0.0004771049855
157416	0.004190698886
157417	0.0006562443363
157418	0.003076058037
157419	0.001139012149
157420	5.517082819e-05
157421	0.0008648721124
157422	0.001156005019
157423	0.0006398596409
157424	0.002942027609
157425	0.003187141049
157426	0.002055187003
157427	0.001173984807
157428	0.002871652413
157429	0.003985040106
157430	4.556334485e-05
157431	0.001142933215
157432	0.005146760939
157433	0.005751918117
157434	0.001544448045
157435	0.001360744555
157436	0.0003321891694
157437	2.375906419e-05
157438	0.0004890005424
157439	0.00200483752
157440	0.001099797516
157441	0.002557492679
157442	0.0002470030223
157443	0.006041574471
157444	0.000346882289
157445	0.002583611536
157446	0.0007613262349
157447	0.0002610685932
157448	0.002212684137
157449	0.001226279307
157450	0.004677948299
157451	0.002810491401
157452	0.0003757655388
157453	0.001199611688
157454	0.003418631695
157455	0.001399767011
157456	0.002216584173
157457	0.0002419783348
157458	0.001288348999
157459	0.003595453486
157460	0.0006600940049
157461	0.002578428303
157462	0.00179662314
157463	0.001201303842
157464	0.002845682549
157465	0.006945894703
157466	0.002992710118
157467	0.002227978191
157468	0.0005905531513
157469	0.002144737484
157470	5.783053498e-05
157471	0.0001035653358
157472	0.001836243242
157473	0.00267285901
157474	0.002303398843
157475	0.001870124046
157476	0.003640957488
157477	0.001933965591
157478	0.001948530562
157479	0.00278987898
157480	0.001176857094
157481	0.0006086937753
157482	0.001673287066
157483	0.0007573611423
157484	0.0003604259332
157485	0.0001556009295
157486	0.0003933260853
157487	0.001625306595
157488	0.003995259842
157489	0.0009014821887
157490	0.005939733011
157491	0.0004129267177
157492	0.001422944907
157493	0.00452848826
157494	0.006062375384
157495	0.002445543186
157496	0.000492780065
157497	0.001587225785
157498	6.630902635e-05
157499	0.0009231054617
157500	0.001601584476
157501	0.001672366548
157502	0.0002652213122
157503	0.00254242264
157504	0.0009392784535
157505	0.002662202332
157506	0.001827569158
157507	0.001451503597
157508	0.003354375031
157509	0.0002740170626
157510	0.003265811283
157511	0.002492633265
157512	0.004733514157
157513	0.0003787706911
157514	0.002293577153
157515	0.006671511789
157516	0.005735695563
157517	0.001049431572
157518	0.0004812161891
157519	0.003035377982
157520	0.0005632518117
157521	0.003344716717
157522	0.004053511503
157523	0.00479138067
157524	0.001468778604
157525	0.001794295056
157526	0.002155987154
157527	0.006256548917
157528	0.001441383136
157529	0.004856255742
157530	0.0004108259411
157531	0.002776697778
157532	0.0007239755812
157533	0.0006207371827
157534	0.002546578076
157535	0.001100138818
157536	0.00108493414
157537	0.0003889672279
157538	0.001323636816
157539	0.003140781911
157540	0.001328008311
157541	0.001147625063
157542	0.001587665237
157543	0.0009623117658
157544	0.0008597206998
157545	0.0009633332055
157546	0.0002992658685
157547	0.003325229173
157548	0.0001502627117
157549	0.0001832848837
157550	0.002084057635
157551	0.002153243569
157552	0.006126473903
157553	0.003097004511
157554	0.002488182048
157555	0.004146366921
157556	0.007850916807
157557	0.002751657911
157558	0.001970551839
157559	0.0009473628542
157560	0.004974137913
157561	0.0002794810294
157562	0.005378351498
157563	0.004029081439
157564	0.0002466540551
157565	0.003793165791
157566	0.001069580203
157567	7.216146531e-05
157568	0.0005543640266
157569	0.002905167538
157570	0.001449818588
157571	0.003384426681
157572	0.001846016061
157573	0.003960932541
157574	0.0002393741071
157575	0.002730076892
157576	0.001340103745
157577	0.0005851547017
157578	0.004629385553
157579	0.001349148213
157580	0.002371214167
157581	0.007551315106
157582	0.0009586711554
157583	0.0002663660723
157584	0.0009052783379
157585	0.004473529291
157586	0.003185242509
157587	0.0003379590972
157588	0.00221212202
157589	0.002181267314
157590	0.002557833185
157591	0.00164171073
157592	0.002044900639
157593	0.001925442236
157594	0.0003319176045
157595	0.001231640507
157596	0.003142102637
157597	0.0001752000669
157598	0.0005694383726
157599	0.002146609859
157600	0.002994801145
157601	1.249903124e-05
157602	0.0007453753128
157603	0.003024795853
157604	0.002441298527
157605	0.002601414674
157606	0.002220802201
157607	0.000881656916
157608	0.003312839624
157609	0.00418212331
157610	0.001553252228
157611	0.0003995174237
157612	0.002977175097
157613	0.0007987921777
157614	0.001118269919
157615	0.001753762981
157616	0.003188613053
157617	0.004302360938
157618	0.001381566402
157619	0.00157645987
157620	0.002975328718
157621	0.004282388961
157622	0.004387034141
157623	0.0008427153234
157624	0.0008220216099
157625	0.001792493516
157626	0.00116395067
157627	0.00102542167
157628	0.001089648154
157629	0.001623515368
157630	0.002394351686
157631	0.002028091849
157632	0.001051586133
157633	0.001592781536
157634	0.002559212952
157635	0.003232461941
157636	0.001394232751
157637	0.005409502517
157638	2.950027379e-05
157639	0.004615434787
157640	0.001391807385
157641	0.001214874918
157642	0.001843158019
157643	0.003514428981
157644	0.000500148391
157645	0.002810559782
157646	0.0003696045674
157647	0.002793497484
157648	0.0003531677549
157649	0.002481367106
157650	0.002346809342
157651	0.001405076859
157652	0.003447110126
157653	0.003409779624
157654	8.064870451e-05
157655	0.002139598689
157656	0.002419954596
157657	0.002694341303
157658	0.002368797848
157659	0.0003106784844
157660	0.001044431676
157661	0.001113814883
157662	0.001918648404
157663	0.001217187762
157664	0.002302851147
157665	0.001748450264
157666	0.001175723356
157667	0.001890920532
157668	0.003154665388
157669	0.002404147743
157670	0.0009634858368
157671	0.0004997282137
157672	0.000508750199
157673	0.0009710940372
157674	0.0005092023044
157675	0.003815982428
157676	0.00430763938
157677	0.001471788171
157678	0.0003215938249
157679	0.0008560550396
157680	0.0006056431826
157681	0.004139181401
157682	0.00195501969
157683	0.003198254296
157684	0.004093431149
157685	0.003706150215
157686	0.003710719091
157687	0.0006780893563
157688	0.004598955002
157689	0.001467991484
157690	0.001516948908
157691	0.001880745341
157692	0.0001968481073
157693	0.005125749487
157694	0.004056780168
157695	0.001608196805
157696	0.002668771564
157697	0.001286912773
157698	0.001898628973
157699	0.0008334738326
157700	0.0005753250929
157701	7.708220666e-05
157702	0.002563797861
157703	0.001635530057
157704	0.000353901312
157705	0.004865166493
157706	0.002722989127
157707	0.001319596628
157708	0.0002999486605
157709	0.002469218464
157710	0.001249550864
157711	0.00244657274
157712	0.0007184085122
157713	0.002151350463
157714	0.0002689889428
157715	0.00110874454
157716	0.004496664422
157717	0.001674976999
157718	0.0006156046019
157719	0.0005934212419
157720	0.0002197942782
157721	0.003297747679
157722	0.0009440047966
157723	0.001979248582
157724	0.001020126893
157725	0.002382909298
157726	0.001851012162
157727	0.001024284187
157728	9.378190863e-05
157729	0.001055544447
157730	0.0006776436472
157731	0.003631744159
157732	0.0006763309678
157733	0.0008772126375
157734	0.003722518904
157735	0.004317786617
157736	0.0003233245309
157737	3.183644602e-05
157738	0.001766628877
157739	6.445118321e-05
157740	0.0018425036
157741	0.00354872553
157742	0.002161988507
157743	0.001822496137
157744	0.002327067491
157745	0.000566937564
157746	0.001065316839
157747	0.002180287154
157748	0.002354904699
157749	0.00116169409
157750	0.000479742252
157751	0.0007817691156
157752	0.0005205561103
157753	0.0008179816229
157754	0.0002631885503
157755	0.003883020606
157756	0.002267658836
157757	0.001151519905
157758	0.0003874133521
157759	0.0001515367824
157760	0.0005461446368
157761	0.00382456708
157762	0.002142628014
157763	0.002958020046
157764	0.00334189307
157765	0.005180398242
157766	0.000839996649
157767	0.001409101004
157768	0.002684821085
157769	1.648997635e-05
157770	0.00159785648
157771	0.001785653455
157772	9.673544969e-05
157773	0.0009011334475
157774	0.00618229191
157775	0.0028032353
157776	0.00374236146
157777	0.006083195157
157778	0.0008592735138
157779	0.001882617003
157780	0.002834833956
157781	0.000972319431
157782	0.000454098105
157783	0.001705883548
157784	0.001676585232
157785	0.0004007067506
157786	0.001578340121
157787	0.003473133723
157788	0.002009519869
157789	0.001956270477
157790	0.003876726016
157791	0.001517335228
157792	0.0007677486038
157793	2.856797241e-05
157794	0.0001403717635
157795	0.000723669548
157796	0.0006955127455
157797	0.002014941996
157798	4.774558267e-05
157799	5.088575973e-05
157800	0.0003996656628
157801	0.0001227598981
157802	0.000513271574
157803	6.972538809e-05
157804	0.0002541635352
157805	0.0008517825456
157806	0.0003787199404
157807	0.0001245045073
157808	0.0002867447269
157809	0.0005648544135
157810	0.0007097875645
157811	6.501399706e-05
157812	0.0002293941378
157813	0.0005180408204
157814	0.0004231964555
157815	0.0002218032253
157816	0.003370603338
157817	0.001304432716
157818	0.003980987255
157819	0.0002578574388
157820	0.001415169523
157821	0.0001209324715
157822	0.0007089784743
157823	0.003834200242
157824	0.002084953139
157825	0.000407814125
157826	0.0009371514201
157827	0.002206467993
157828	0.00296126035
157829	0.0009127784665
157830	0.001058644296
157831	0.0006647124522
157832	0.001198408473
157833	0.003400752401
157834	0.001941754528
157835	0.001595707136
157836	0.0005472829079
157837	0.001250198013
157838	0.002745129662
157839	0.001302917771
157840	0.0004234382003
157841	0.0005870817664
157842	0.0007399655375
157843	0.00523310874
157844	0.00388267869
157845	0.0003321415641
157846	0.00333219053
157847	0.0001479436363
157848	0.003416268303
157849	0.0002728927859
157850	0.001769417157
157851	0.00363376962
157852	0.002454416897
157853	0.002851776412
157854	0.004140969247
157855	0.001256782508
157856	0.001097777923
157857	0.004615535149
157858	0.002166900002
157859	0.0001707099222
157860	0.008267275317
157861	0.004071968503
157862	0.001196080663
157863	0.003989842749
157864	0.002691384054
157865	0.001508762439
157866	0.004610395876
157867	0.002933835499
157868	0.002380083753
157869	0.001789941393
157870	0.0004496350929
157871	0.003182939263
157872	0.0003461661558
157873	0.004888637058
157874	0.0011695701
157875	0.0004955494834
157876	0.001223069611
157877	0.0004893471746
157878	6.530923422e-05
157879	0.001908337909
157880	2.98358968e-05
157881	0.002169547971
157882	0.001328919587
157883	0.0003808308313
157884	0.001044227453
157885	0.0005846477934
157886	0.00109407105
157887	0.0001606943111
157888	0.0002710815329
157889	0.0002503599287
157890	0.0006048721276
157891	0.002554005565
157892	0.0005503522448
157893	0.0007496983844
157894	0.0005436860704
157895	5.258411259e-05
157896	0.001362192189
157897	5.479352001e-05
157898	0.0001806167018
157899	0.0001025321672
157900	0.000246941418
157901	5.646042424e-06
157902	0.000258529515
157903	0.0002635362192
157904	0.0003419705332
157905	0.0001500172711
157906	0.0003978802634
157907	0.0002894018923
157908	0.0007353338603
157909	0.0002666095424
157910	0.0004239268802
157911	0.000149754493
157912	0.0002294448691
157913	0.0001872448757
157914	0.0007329056942
157915	4.202425498e-05
157916	0.0006360758483
157917	0.003595293757
157918	0.003531177374
157919	0.004795406469
157920	0.000338659792
157921	0.0004712637164
157922	0.0003948988647
157923	0.0005990561516
157924	0.002921474112
157925	0.0024677625
157926	0.001292641957
157927	0.003853547332
157928	0.0003955890614
157929	0.001626804462
157930	7.44346769e-05
157931	0.0003659327977
157932	0.0006579319539
157933	0.0004211456093
157934	0.000570209964
157935	0.001464312277
157936	0.001537986671
157937	0.0009260277878
157938	0.002749649136
157939	0.001055549134
157940	0.0004956737167
157941	0.0004206635407
157942	0.00362286538
157943	0.003951838356
157944	0.004042902721
157945	0.003262725706
157946	0.003512342042
157947	0.001186599776
157948	0.00504809413
157949	0.0009391480195
157950	0.001019353178
157951	0.0009571526402
157952	0.001173449519
157953	0.002694330749
157954	0.0002441789363
157955	0.0001736321399
157956	0.003806736006
157957	0.001045379318
157958	0.0026700165
157959	0.006448585123
157960	0.002258325474
157961	0.00286630937
157962	0.000326823242
157963	0.0001217163581
157964	0.002679477903
157965	0.000914457935
157966	0.00186969231
157967	0.001731049317
157968	0.001111622768
157969	0.002509951486
157970	0.002374621138
157971	0.001045275043
157972	0.0007723012368
157973	1.476462372e-05
157974	0.003765055502
157975	0.0004108777885
157976	0.0003434146823
157977	0.001016928682
157978	0.0007947247841
157979	0.001528571696
157980	0.0002470806005
157981	2.984102051e-05
157982	0.0007677433612
157983	0.001813940859
157984	0.004140841248
157985	0.005024904167
157986	0.001216206585
157987	0.003668922548
157988	0.0009166196831
157989	0.004894498872
157990	0.001035851168
157991	0.0008523405196
157992	0.0002086263285
157993	6.027666656e-05
157994	0.003058233567
157995	0.001976027253
157996	0.0009775527717
157997	0.002785626361
157998	0.004033253592
157999	0.001897558622
158000	0.00170120565
158001	0.003702967119
158002	0.001031562778
158003	0.0007391249057
158004	0.001811795027
158005	0.001695249557
158006	1.272962007e-05
158007	0.001554170969
158008	0.001520945562
158009	0.0002101617625
158010	0.0007436388208
158011	0.001130066669
158012	0.001512291618
158013	0.0007123349192
158014	0.0003907544616
158015	0.000706570457
158016	0.0001636926168
158017	0.0009413762797
158018	0.0009215828518
158019	0.0001956604118
158020	0.0002879906443
158021	0.001682474761
158022	0.0008724568662
158023	0.001099142041
158024	0.001297550181
158025	0.0001062338405
158026	0.001526660376
158027	0.0002339926768
158028	0.0002182798524
158029	0.0007443476184
158030	0.001251213873
158031	0.0006383796588
158032	0.002317448681
158033	0.001340143961
158034	0.0002545149189
158035	0.0001968065185
158036	0.00302788046
158037	0.001887790136
158038	0.002149483414
158039	0.001015297722
158040	0.0008339077744
158041	0.004467149259
158042	0.002436325367
158043	0.000408504193
158044	0.001269350445
158045	0.006165880708
158046	0.00442269926
158047	0.0002524352213
158048	0.0001733973286
158049	0.00130213827
158050	0.0007074716732
158051	0.003586684689
158052	0.0005995996471
158053	0.0004299515414
158054	0.005409158863
158055	0.004937786634
158056	0.002085399745
158057	0.005438618904
158058	0.002344317562
158059	0.004906989361
158060	0.003357094635
158061	0.0004486822179
158062	0.0004670598856
158063	0.00273234616
158064	0.003986665078
158065	0.002962568276
158066	0.002256028071
158067	0.002957807683
158068	0.01224790426
158069	0.002896190703
158070	0.001691088552
158071	0.004495516398
158072	0.001999101758
158073	0.007305168446
158074	0.000773140855
158075	0.0003510559931
158076	0.0007170628999
158077	0.0002740666203
158078	0.003220781444
158079	0.002689627973
158080	0.001812474282
158081	0.005116993195
158082	0.001390164645
158083	0.0014970248
158084	8.83466724e-05
158085	0.001389358107
158086	0.0007392764351
158087	0.002078961281
158088	0.002164025592
158089	0.001831284137
158090	0.0006794618719
158091	0.0003724171097
158092	0.001105885855
158093	0.001018456376
158094	0.001845355629
158095	0.002203403553
158096	0.003868926444
158097	0.003076102419
158098	0.00167817354
158099	0.004223756283
158100	0.001042349134
158101	0.0001450798812
158102	0.0008911266431
158103	0.0009577196309
158104	0.003592318524
158105	0.004755733855
158106	0.003500075419
158107	0.001482398084
158108	0.0003323534104
158109	0.002554372247
158110	0.004943052948
158111	0.001597978893
158112	0.01091192322
158113	7.133253098e-05
158114	0.002292328971
158115	0.0002707565128
158116	0.001258186311
158117	0.001911633327
158118	0.001176046281
158119	0.00195349451
158120	0.004156191228
158121	0.002274052967
158122	0.001129900663
158123	0.001966104211
158124	0.001404929951
158125	0.0002412186975
158126	0.004978911438
158127	0.0009789238557
158128	0.0004829960075
158129	0.001201567607
158130	0.0007298370206
158131	0.0009871543659
158132	0.002486093214
158133	0.003372089427
158134	0.002083688146
158135	0.0007168756038
158136	0.0006508628275
158137	0.004669512905
158138	0.003072973398
158139	0.004688942313
158140	0.002131747585
158141	0.002723828252
158142	0.002813492674
158143	0.0005332047552
158144	0.001766386589
158145	0.001644696448
158146	0.001744004302
158147	0.0006047977958
158148	0.001843894914
158149	0.0008108831686
158150	0.002308280779
158151	0.002162525124
158152	0.0005191244857
158153	0.0007795676937
158154	0.001527971725
158155	0.0005049980159
158156	0.002910551067
158157	0.003010256801
158158	0.003880476943
158159	0.005795471251
158160	0.0008441460439
158161	0.003264168759
158162	0.002372673393
158163	0.0007534163327
158164	0.00147113997
158165	0.0013072162
158166	0.00234244972
158167	0.0007025047852
158168	0.002214676107
158169	0.0009948794282
158170	0.0006539602261
158171	0.003478618972
158172	0.004740815242
158173	0.001326060544
158174	0.002482271852
158175	0.003002915709
158176	0.004804387015
158177	0.001532207126
158178	0.001516105062
158179	0.0009389540445
158180	0.003474980183
158181	0.0004026794387
158182	0.005225676093
158183	0.000948076765
158184	0.0031509654
158185	0.001574639085
158186	0.008070625511
158187	0.003557297425
158188	0.002659899626
158189	0.0002445627869
158190	0.0003296712844
158191	0.0006092126677
158192	0.003137454952
158193	0.003737599
158194	0.004313277531
158195	0.001513531767
158196	0.002645086465
158197	0.002528293518
158198	0.00187263116
158199	0.004647376833
158200	0.0003290750589
158201	0.003524728353
158202	0.0022637555
158203	0.003682295248
158204	0.00155472778
158205	0.0008281567543
158206	0.001085970076
158207	0.0003417752011
158208	0.0001432818074
158209	0.006590660092
158210	0.0003952203767
158211	0.0003373696901
158212	0.000966697389
158213	0.000199651408
158214	0.0007219596976
158215	0.0008030522425
158216	0.0003906486351
158217	0.0014200552
158218	0.0002970930554
158219	0.001050560451
158220	0.0004450705912
158221	0.0001784305539
158222	0.0005385102292
158223	0.0001092321446
158224	9.418738513e-05
158225	0.0002042794091
158226	9.45669075e-05
158227	0.0003368566164
158228	0.0004376628145
158229	0.001386193605
158230	0.003889798052
158231	0.002360904068
158232	0.00139513759
158233	0.0003481261194
158234	0.001093095603
158235	0.0002156009061
158236	0.0006950398638
158237	0.001400847151
158238	0.002646769763
158239	0.0002521395425
158240	0.0006328839804
158241	0.004070975422
158242	0.005542665954
158243	0.002299412002
158244	0.003333339809
158245	0.001397632191
158246	0.003207651513
158247	0.002155461847
158248	6.010517898e-05
158249	0.0005854804139
158250	0.0002269832918
158251	0.001656122145
158252	0.00179725899
158253	0.003465394741
158254	0.0002031104752
158255	0.001610509141
158256	5.250598396e-05
158257	0.003680107143
158258	0.002216810365
158259	0.001136775848
158260	0.0006282893438
158261	0.002135007693
158262	0.004166197221
158263	0.001482763172
158264	0.003367545234
158265	0.004409169092
158266	0.001993651492
158267	9.880052079e-05
158268	6.303291031e-05
158269	0.002446892205
158270	0.0033750856
158271	0.0004704745929
158272	0.0005120965914
158273	0.001756490676
158274	0.0001245446374
158275	0.0001474580148
158276	0.000561343254
158277	0.002955309213
158278	0.0002269786815
158279	0.0008223683884
158280	0.005490248392
158281	0.001966632534
158282	0.0001751625015
158283	0.003137460711
158284	0.0002170687644
158285	0.001640013498
158286	0.002138668119
158287	0.000681704057
158288	0.0002895132349
158289	0.00273533248
158290	0.0009398118658
158291	9.58674265e-05
158292	0.001064201478
158293	0.001557269731
158294	0.001991106753
158295	0.001820722653
158296	0.0006484511973
158297	0.002088993097
158298	0.001753965382
158299	0.0002557363407
158300	0.0007528941802
158301	0.0006366231255
158302	0.0006056862313
158303	0.001359657922
158304	0.006660708466
158305	0.003088819323
158306	0.000187709005
158307	0.0009401356799
158308	0.0004626920497
158309	0.003416611044
158310	0.002294831613
158311	0.00609472791
158312	0.0008023443178
158313	0.002733462484
158314	0.0009874225646
158315	0.001355636097
158316	0.0008963389233
158317	0.003553724377
158318	0.001741883329
158319	0.0007403718999
158320	0.001183009753
158321	0.0003270417174
158322	0.0004293171639
158323	0.0004712067366
158324	9.524422432e-05
158325	0.004203071742
158326	0.004196673062
158327	0.0003942143186
158328	0.0001867411586
158329	0.0001124765776
158330	9.326833577e-05
158331	0.0002153299669
158332	0.0001938479634
158333	0.002952881091
158334	0.001663128298
158335	0.001621496666
158336	0.0001830044149
158337	0.005431449037
158338	0.0003312363915
158339	0.003097287035
158340	0.002758311427
158341	0.0004187334781
158342	0.001501011733
158343	0.001895890912
158344	0.003254469886
158345	0.0003756795096
158346	0.000347356712
158347	0.005370161961
158348	0.0004812896134
158349	0.002340566473
158350	7.422377967e-05
158351	5.365658799e-06
158352	0.0009029680573
158353	0.003851107305
158354	0.0008310913429
158355	0.002107695571
158356	4.68328334e-05
158357	0.002506384986
158358	0.001821285336
158359	0.0002741946439
158360	0.004043801008
158361	0.002457898583
158362	5.734495204e-06
158363	0.00159241618
158364	0.0007128191197
158365	0.0003531982321
158366	0.000452373971
158367	0.002689789036
158368	0.0005565589551
158369	0.0002308325471
158370	0.0003869545057
158371	0.0008925310077
158372	0.000832039533
158373	0.004617963485
158374	0.0002600785112
158375	0.001360750327
158376	0.0001449566878
158377	0.001668166884
158378	0.0006577448687
158379	0.000953459513
158380	0.0003867785285
158381	0.003021929865
158382	6.540941468e-05
158383	0.0004698991715
158384	0.0006172677439
158385	0.001650473611
158386	0.0001787124477
158387	0.001664293901
158388	0.001028193376
158389	0.001623494533
158390	0.004168869986
158391	0.002580161842
158392	0.001464489559
158393	0.003174320243
158394	0.001257531737
158395	0.001391162716
158396	0.001882721592
158397	0.0001841049154
158398	0.001078682181
158399	0.0007365542755
158400	0.0002204450053
158401	0.0008152221125
158402	0.0001059259082
158403	0.006558782825
158404	0.005034027188
158405	0.001351439885
158406	0.001718754335
158407	0.002786761911
158408	0.004711632039
158409	0.001601969586
158410	0.001988847869
158411	0.0006673676624
158412	0.0001674348963
158413	0.001960135651
158414	0.0002680466334
158415	0.003333466074
158416	0.003577783571
158417	0.0008113231425
158418	0.003347882889
158419	5.432465004e-05
158420	0.001082697993
158421	0.001532465305
158422	0.0004864647273
158423	0.0007833713907
158424	0.003905299213
158425	0.001121096958
158426	0.001019028915
158427	0.002011129762
158428	0.001783986545
158429	2.3143425e-08
158430	0.001898904569
158431	0.002204868659
158432	0.004643980368
158433	0.003537723544
158434	0.003204586762
158435	6.82232483e-08
158436	0.0001059341205
158437	0.00133846052
158438	0.002397468096
158439	0.003400636
158440	0.0005475464807
158441	0.002268743733
158442	0.0008227845979
158443	0.00246134572
158444	0.0008386293045
158445	0.001775025601
158446	0.004030589374
158447	0.001128354282
158448	0.0007222739895
158449	4.928173778e-05
158450	0.002877977566
158451	0.0009301730121
158452	0.003039301125
158453	0.0009846533847
158454	0.001247428464
158455	0.002748800195
158456	0.00366766067
158457	0.005305603745
158458	7.339230301e-05
158459	0.004120140916
158460	0.001279182035
158461	0.002492428941
158462	0.0009411334451
158463	0.0009956677078
158464	0.001161134068
158465	0.002651693045
158466	0.001071762594
158467	0.002548692258
158468	9.809461679e-05
158469	0.002766550815
158470	0.0002986263644
158471	0.0001405990726
158472	0.001297697298
158473	0.0008120166554
158474	0.001007524584
158475	0.00708444389
158476	0.001172325525
158477	0.003181853477
158478	0.00642103497
158479	0.003536579063
158480	0.0002328884714
158481	0.000279075277
158482	0.0002940968108
158483	0.001467128655
158484	0.0001262883428
158485	0.0002541871097
158486	0.0003008147061
158487	0.003518657065
158488	0.0004208805781
158489	0.003579373498
158490	0.001286734667
158491	0.001597507927
158492	0.0005569918745
158493	0.001906317662
158494	0.0005436104941
158495	0.005472229996
158496	0.004112664175
158497	0.003228305861
158498	0.003273249417
158499	0.0007839399299
158500	0.001205036913
158501	0.0007600198402
158502	0.004755419913
158503	0.004460800744
158504	0.005023970482
158505	4.509171003e-05
158506	0.001002476052
158507	0.004572530152
158508	0.002771696584
158509	0.0007453504259
158510	0.003395715908
158511	0.002147345487
158512	0.0001856534337
158513	0.002484026905
158514	0.0003002606965
158515	0.0002167606659
158516	0.0003574381437
158517	0.00187681525
158518	0.001825685523
158519	0.0006183209748
158520	9.81185364e-05
158521	0.001592812626
158522	0.001007598305
158523	0.001799007916
158524	0.004254518153
158525	0.005149386524
158526	0.0043834866
158527	0.003977357323
158528	0.0001559248464
158529	0.003515516221
158530	1.553737122e-07
158531	0.0007087280644
158532	0.0007503359516
158533	0.001290104528
158534	0.0003000412845
158535	0.001168013093
158536	0.000422917492
158537	0.001579257653
158538	0.00232180348
158539	0.0002083573738
158540	0.0005955192955
158541	6.93693767e-06
158542	0.001804727209
158543	0.005362626387
158544	0.003180610792
158545	0.002334486098
158546	4.774437067e-05
158547	0.0008697649149
158548	0.001608404307
158549	0.001361715764
158550	0.000961793338
158551	0.001162759768
158552	0.001054192537
158553	0.00214325427
158554	0.00368715935
158555	0.001275801546
158556	0.001631247678
158557	0.001451070106
158558	0.0006057712898
158559	0.004015094328
158560	0.0002668608362
158561	0.001366493809
158562	0.0009198973799
158563	0.001202949573
158564	0.0006610036263
158565	0.0009559465438
158566	0.0004895922198
158567	0.001240958765
158568	0.001419163491
158569	0.0007609181838
158570	0.0003869993281
158571	0.001662825174
158572	0.001242860781
158573	0.001910356237
158574	0.003133356306
158575	3.627278863e-06
158576	0.0008859800499
158577	0.0005078759848
158578	0.0003259449187
158579	0.0003603202614
158580	0.002971822389
158581	0.00392720303
158582	0.003812963729
158583	0.0007191632693
158584	0.0002995856204
158585	0.001464650069
158586	0.000306172095
158587	0.001122016822
158588	0.0002085904815
158589	6.304902482e-05
158590	0.0008154801248
158591	0.0003170159739
158592	4.546535811e-05
158593	0.00099304232
158594	0.001261219372
158595	0.001680666835
158596	5.471490343e-05
158597	0.002166451503
158598	2.314157849e-05
158599	0.0001443030066
158600	0.0009983050544
158601	0.002681847826
158602	0.0002451245581
158603	7.146388061e-05
158604	0.001621299111
158605	0.0002739942322
158606	0.0008615189343
158607	0.0008510781677
158608	0.0002713428471
158609	0.0003660324914
158610	0.004595761896
158611	0.0002041882247
158612	0.0004153777376
158613	0.0009854973617
158614	0.001476503908
158615	0.001983452933
158616	0.0004077584723
158617	0.001717748094
158618	0.001318242405
158619	0.00111092861
158620	6.75567566e-05
158621	0.001791669934
158622	0.004767286422
158623	0.001815145566
158624	0.00650844817
158625	0.001235014303
158626	0.004659871261
158627	3.615443258e-05
158628	0.001218675321
158629	0.002803001145
158630	0.0004030651808
158631	0.0007673047525
158632	0.001750695091
158633	0.003955398891
158634	0.002224042554
158635	0.002693064468
158636	0.003607134826
158637	0.004533890177
158638	0.0008656187445
158639	0.009086140664
158640	0.001464256234
158641	0.003154579148
158642	0.001982268852
158643	0.0008548034549
158644	0.005873442519
158645	0.0009979874104
158646	0.00467641182
158647	0.003088626942
158648	0.002170645084
158649	0.001623011408
158650	0.001785362855
158651	0.001265789479
158652	0.001220841441
158653	0.002135935715
158654	0.003106693044
158655	0.0002731661512
158656	1.209824357e-05
158657	0.001093376721
158658	0.0006950039115
158659	0.0004066557287
158660	0.002057483575
158661	5.598760091e-05
158662	0.001879811683
158663	0.00153973096
158664	6.883818699e-05
158665	0.004352051863
158666	0.002005602344
158667	0.000125456518
158668	0.0006357668418
158669	0.002914477376
158670	0.002070432059
158671	2.04190963e-05
158672	8.968737675e-05
158673	0.0006173952524
158674	8.21838808e-05
158675	6.948866412e-05
158676	0.0008034586703
158677	0.001259575633
158678	0.0002849685244
158679	1.807483438e-05
158680	0.0002344505982
158681	0.0001426558906
158682	0.003264601282
158683	0.0004300618392
158684	0.001603606173
158685	0.0001215062685
158686	0.001884228518
158687	0.0004116225511
158688	0.0006248266447
158689	0.0009367519036
158690	0.0002520108137
158691	0.0001318848277
158692	0.0005220731093
158693	0.005336571502
158694	0.0009493885095
158695	0.0003127857118
158696	0.002142151589
158697	0.003038828642
158698	0.00193917445
158699	0.0001980400221
158700	0.0002878540901
158701	0.002876842023
158702	0.002147722278
158703	0.0004051060751
158704	0.001490986232
158705	0.0002625210283
158706	0.001073678032
158707	0.0005379645461
158708	0.000227564742
158709	5.69715063e-06
158710	0.00133066805
158711	2.957739986e-05
158712	0.0001670898859
158713	0.0009576205429
158714	0.0004808860527
158715	0.0005974750077
158716	0.0002778851028
158717	0.003497816181
158718	0.0003596974149
158719	0.0005874780582
158720	0.0005730821315
158721	6.731941889e-05
158722	0.0003491022518
158723	0.0008896615693
158724	0.002449299916
158725	1.243937195e-06
158726	0.002346735741
158727	0.0005285916883
158728	0.001093194628
158729	0.0001340381558
158730	0.002134957877
158731	0.0004365377983
158732	0.0001363225391
158733	0.0003728550198
158734	0.0006483061113
158735	0.000330099518
158736	0.002849038042
158737	0.001012034046
158738	0.0009950824955
158739	0.0006973019844
158740	0.001309598639
158741	0.0002797049456
158742	0.0001606225846
158743	0.0003744705199
158744	0.000839972086
158745	0.001518589913
158746	0.001489374031
158747	0.004849171156
158748	3.888897886e-05
158749	0.0009646899378
158750	0.0002610302892
158751	0.002070829953
158752	0.001455191304
158753	0.001975540923
158754	0.0009513860322
158755	0.0005438858258
158756	0.0003401946476
158757	0.000798035934
158758	0.0005115583517
158759	0.00148833836
158760	0.0004117914403
158761	0.001041903762
158762	0.0006773523864
158763	0.0001466270997
158764	0.0001177698174
158765	0.001195316706
158766	0.002189965512
158767	0.001240320094
158768	0.0006755704608
158769	0.001251127644
158770	0.0002574593152
158771	0.000432092835
158772	2.610108956e-05
158773	0.000620526979
158774	0.0004563617407
158775	0.0004265923683
158776	0.001227983023
158777	0.0007427488748
158778	0.000445900192
158779	0.0006592920824
158780	0.0007018047902
158781	0.0006117092324
158782	0.001275202651
158783	0.0008421632734
158784	0.001565435146
158785	0.0001284841311
158786	0.0001616480774
158787	6.136223728e-05
158788	0.002140899068
158789	0.001267307976
158790	0.000534748285
158791	0.0006616880128
158792	0.0005324916453
158793	0.0005277892805
158794	0.0001372249083
158795	0.0005410551201
158796	0.0001281616216
158797	0.000133488457
158798	0.0002610329026
158799	0.0005336696244
158800	0.0005379798303
158801	0.000660992567
158802	0.0005227847316
158803	0.000666264248
158804	0.0006648029003
158805	0.000522253601
158806	0.0002685436601
158807	0.0006672497635
158808	0.0005317425035
158809	0.0001275025035
158810	5.06762324e-08
158811	0.0006638663975
158812	0.0003962744962
158813	0.0002733804369
158814	0.0004040565149
158815	0.0003880742698
158816	0.0005286531791
158817	1.458376947e-06
158818	1.951113133e-06
158819	2.414709911e-06
158820	0.0001254332267
158821	0.0006663164333
158822	0.0005273835745
158823	0.0005301910916
158824	0.0001377001419
158825	0.0001291411125
158826	0.000663275322
158827	2.566694538e-06
158828	0.0002507012004
158829	6.063696197e-07
158830	0.0002660620578
158831	0.000663318302
158832	2.081654919e-06
158833	0.000409568403
158834	0.0005312066893
158835	0.0002790134509
158836	1.472167374e-06
158837	8.761665677e-08
158838	8.504474774e-07
158839	0.0001374375963
158840	0.000529232687
158841	0.0006648380766
158842	0.0005396550654
158843	4.026629354e-06
158844	0.000396026333
158845	3.819490583e-06
158846	0.000137268369
158847	0.0004062969498
158848	0.0002768720608
158849	0.0001243831897
158850	0.0006659157429
158851	0.0001409786494
158852	0.0006635731515
158853	0.0003980249936
158854	0.000263699389
158855	0.0003977133296
158856	0.0002732410675
158857	0.0002831736453
158858	0.0006691994158
158859	0.0006627948191
158860	0.0006627303532
158861	0.0002629215492
158862	6.803680283e-06
158863	5.525901198e-08
158864	0.00053415888
158865	0.0001335369309
158866	5.710914668e-07
158867	0.0005262122997
158868	0.0004124758382
158869	9.118432048e-07
158870	0.000396593205
158871	0.0003985162501
158872	1.189691047e-06
158873	0.0004126417697
158874	0.0006629652203
158875	0.0005363698823
158876	0.0002561124812
158877	0.0004024342194
158878	0.0001301681015
158879	0.0006665589483
158880	0.0006606318343
158881	0.0001281509578
158882	3.46941282e-07
158883	8.01329903e-07
158884	0.0001386089155
158885	0.0006668398666
158886	0.0002749553098
158887	0.0001260349674
158888	0.0005274917279
158889	0.000398470691
158890	2.041697883e-07
158891	0.0005248413907
158892	0.0004097525368
158893	0.0002615073655
158894	0.0002564568135
158895	0.0003986881587
158896	0.0002772691543
158897	0.0005295673501
158898	0.0003817365478
158899	0.0001366101485
158900	0.0002545757399
158901	0.0001407852487
158902	0.0005272016599
158903	0.0001249680679
158904	0.0003970193918
158905	0.0002563334488
158906	0.0006596862238
158907	0.0006663777795
158908	0.0002695487208
158909	9.34893181e-07
158910	0.0005341803152
158911	2.422458811e-06
158912	1.335631077e-07
158913	0.0005296303561
158914	0.0002716825627
158915	0.002584593267
158916	0.00260386528
158917	0.002814047987
158918	0.0007795439255
158919	0.002094992387
158920	0.002237103732
158921	0.0008347881336
158922	0.001803121797
158923	0.002040438347
158924	0.0004118980647
158925	0.002307315953
158926	0.001525678888
158927	0.002248967526
158928	0.0007674618206
158929	7.661964535e-05
158930	0.001495481826
158931	0.0002314438518
158932	0.002217872638
158933	0.001956144074
158934	0.002230451919
158935	0.0009331190446
158936	0.001879361682
158937	0.002161333448
158938	0.002373172855
158939	6.47939858e-06
158940	0.00135511671
158941	0.0003110948989
158942	0.000297610537
158943	0.001472853276
158944	0.002239188379
158945	0.002991266694
158946	0.002216463437
158947	0.001025554083
158948	0.001045700219
158949	0.0001021854141
158950	0.001841268254
158951	0.001490612182
158952	0.0007407028517
158953	0.0009490515432
158954	0.001015586821
158955	0.0004300422396
158956	0.000417544426
158957	0.002275135888
158958	0.0003245375116
158959	0.002024652909
158960	0.0005769721242
158961	0.0008874840487
158962	0.0002249418477
158963	0.001373787405
158964	0.0001062690771
158965	0.0008079090662
158966	0.0006860189034
158967	0.0004281440106
158968	0.001151515454
158969	0.002276141532
158970	0.001571839896
158971	0.0006686021182
158972	0.0022330222
158973	0.0001216553884
158974	0.002493777221
158975	0.002623316415
158976	0.0001252865059
158977	0.0007894024147
158978	0.0001614018477
158979	0.002802412649
158980	0.0002495254787
158981	0.0003256603407
158982	0.0005859977091
158983	0.002276615511
158984	0.0002179123978
158985	5.484295949e-05
158986	0.0006244613478
158987	0.0003850644623
158988	0.001151825539
158989	0.0007382006887
158990	0.001655281644
158991	0.0004751715062
158992	0.0005718778475
158993	0.00225509762
158994	0.002276141532
158995	0.002265306208
158996	0.002424976751
158997	0.0001054225532
158998	3.134892287e-07
158999	0.002800888389
159000	0.001634643537
159001	0.0003221904739
159002	0.001399937065
159003	0.001226775341
159004	0.001548728102
159005	0.0009419489672
159006	0.003051684675
159007	0.003643872012
159008	0.00217452264
159009	0.00176368806
159010	0.0009118394096
159011	0.002350856667
159012	0.001545497457
159013	0.0007718779272
159014	0.001549426075
159015	0.00272684232
159016	0.002126888146
159017	0.000570830621
159018	0.001211179211
159019	0.001872910179
159020	0.001959162203
159021	2.352551741e-06
159022	0.002076937514
159023	0.002133298593
159024	0.000852725524
159025	2.065485264e-05
159026	0.002495279297
159027	0.0007243286629
159028	0.001003295176
159029	0.00109206808
159030	0.002062379303
159031	0.0007977727841
159032	0.001755091923
159033	0.0008549467063
159034	0.0002885874997
159035	0.002017018819
159036	0.001534268577
159037	0.002204304295
159038	0.005120015214
159039	0.002755580829
159040	0.003268385764
159041	0.007031897515
159042	0.003118418196
159043	0.0003822653375
159044	0.003253178011
159045	0.0001244990937
159046	0.001804293387
159047	0.002199072665
159048	0.001819878885
159049	0.000291608255
159050	0.001151044581
159051	0.0004919937258
159052	0.002140753415
159053	0.0007859897512
159054	0.0003361183241
159055	0.002680514276
159056	0.0004700709935
159057	0.001993639063
159058	0.003255731233
159059	0.002952663147
159060	0.0002571152963
159061	0.002643930089
159062	0.0007486071735
159063	0.003444409138
159064	0.002334032428
159065	0.002328257146
159066	0.005980327548
159067	0.001865536662
159068	0.002403501309
159069	0.000125591909
159070	0.002365620857
159071	0.001455019062
159072	0.003837152616
159073	0.0002298948438
159074	0.002424587465
159075	0.001581409512
159076	9.398843303e-05
159077	0.001455797544
159078	0.0003018072199
159079	0.001137510528
159080	0.0006650490206
159081	0.002361460912
159082	0.0001723722547
159083	0.000813710346
159084	0.002901266228
159085	0.0007766580797
159086	0.003679048198
159087	0.002260172764
159088	0.002330747731
159089	0.00389316493
159090	0.001079708736
159091	0.001680642854
159092	0.0009810034688
159093	0.0005838091022
159094	0.001791524009
159095	0.001785693427
159096	0.001226599853
159097	9.419793185e-05
159098	0.001053976481
159099	0.001775031669
159100	0.003642963652
159101	0.001377395397
159102	0.001443075141
159103	0.0004011055094
159104	0.0001165837844
159105	0.001303413254
159106	0.0004026630017
159107	0.0003433367192
159108	0.0005610928608
159109	0.001004975387
159110	0.0003085322983
159111	1.898105784e-06
159112	0.0006331250803
159113	0.0005413171564
159114	0.002238521359
159115	0.000104508055
159116	0.0001501367414
159117	0.001162662906
159118	0.000694861279
159119	0.0025642116
159120	0.002725147471
159121	0.0003922591831
159122	0.0003147395488
159123	0.002956161949
159124	0.001676652607
159125	0.002418469273
159126	0.003373062611
159127	0.004463957193
159128	0.00170092413
159129	0.003523764671
159130	0.0002007727358
159131	0.001841027084
159132	0.002211024684
159133	0.003280181707
159134	8.757994579e-05
159135	0.01043504122
159136	0.0008597985157
159137	0.003268326224
159138	0.000160538091
159139	0.0006387305256
159140	0.0003249437124
159141	0.0003235816047
159142	0.000157399338
159143	1.619822777e-07
159144	0.0003239221492
159145	5.468334051e-06
159146	0.0003198921196
159147	0.0003147647551
159148	0.0004744636154
159149	0.00031760153
159150	0.0001659843708
159151	0.0001642774869
159152	0.003345694986
159153	0.002459182504
159154	0.002219457899
159155	0.003582675204
159156	0.0005077117856
159157	0.001524596445
159158	0.0006369815354
159159	0.004850293196
159160	0.002376572661
159161	0.0001980877639
159162	0.0008019929487
159163	7.03655938e-05
159164	0.002803595413
159165	0.001358150085
159166	0.0002634041424
159167	0.004347808927
159168	0.003363081135
159169	0.002005313357
159170	0.003872812808
159171	0.0005748278339
159172	0.0004297061508
159173	0.0007372138292
159174	0.0006594614269
159175	0.0002350861251
159176	0.001970240727
159177	0.0007733374743
159178	0.001830977886
159179	0.000519764385
159180	0.002638885493
159181	0.001369152311
159182	0.0008424511448
159183	0.0008350324227
159184	0.002617408217
159185	0.0002253408517
159186	0.001287950267
159187	0.0001002458097
159188	0.0006172244645
159189	0.0005005837266
159190	2.748245945e-05
159191	0.001900795709
159192	0.006968981747
159193	0.003478747736
159194	0.0004290072338
159195	0.001342145477
159196	0.0003128506343
159197	0.0006865599534
159198	0.001055220868
159199	0.002064268947
159200	0.003944531438
159201	5.026979466e-05
159202	0.0007809072569
159203	0.001360236295
159204	0.003122446357
159205	0.001991825481
159206	0.0001634409723
159207	0.003240701122
159208	0.0009693388724
159209	2.81348438e-05
159210	0.0003977220031
159211	0.002301077949
159212	0.005532221652
159213	0.0008126006037
159214	0.0005016285725
159215	0.003535474131
159216	0.003720887868
159217	0.008751701411
159218	0.003207994808
159219	0.00136710471
159220	0.002948173695
159221	0.001240492542
159222	0.002157806738
159223	0.001846561023
159224	0.0003371378107
159225	0.004388338703
159226	0.00201284046
159227	0.001159380416
159228	3.634548855e-05
159229	0.002646780197
159230	0.0004183776398
159231	0.0006838340442
159232	0.008529122324
159233	0.0008926060411
159234	0.001865707459
159235	0.004336601981
159236	0.0001497238261
159237	0.003730051973
159238	0.00587589175
159239	0.001919059794
159240	0.00153769545
159241	0.004036342711
159242	0.000262475448
159243	2.54623868e-05
159244	0.002294109075
159245	0.0004953509977
159246	0.001314364806
159247	0.003753211141
159248	0.003527715586
159249	0.001000601106
159250	0.004162960153
159251	0.002317280785
159252	0.001035070645
159253	0.0008840842418
159254	0.00278768588
159255	0.0004118681751
159256	0.000448912254
159257	0.0004184939456
159258	0.001202398356
159259	0.001628617324
159260	0.002235069886
159261	0.0005593293978
159262	0.001234488343
159263	0.002750399663
159264	0.0010736783
159265	0.0006679894854
159266	1.014823198e-06
159267	0.0013269526
159268	0.002178854511
159269	0.001017319473
159270	0.001642483653
159271	0.001278926339
159272	0.002163890211
159273	0.002196537447
159274	0.0006099941381
159275	0.0001080729162
159276	8.070878802e-05
159277	9.063537011e-05
159278	0.0001700187758
159279	6.165687788e-05
159280	0.002210453321
159281	0.002482646565
159282	0.001075639895
159283	0.003463272406
159284	0.001038319864
159285	0.002379739678
159286	0.00214561699
159287	1.277139206e-07
159288	0.003565703472
159289	0.00357214142
159290	0.001989161564
159291	0.003342995645
159292	0.00196817481
159293	0.001860177907
159294	0.006951037124
159295	0.002126561817
159296	0.001680564091
159297	0.00809695312
159298	6.969046031e-05
159299	0.005463021481
159300	0.002557635896
159301	0.0002782230614
159302	0.003122918938
159303	0.0006741378777
159304	0.002357346278
159305	0.001862824856
159306	0.003607061781
159307	0.002860671982
159308	0.000809760976
159309	0.001729282223
159310	0.001768073998
159311	0.002751384392
159312	0.0006247169628
159313	0.002507886179
159314	0.002963876714
159315	0.003362766181
159316	1.958861043e-05
159317	1.201794742e-07
159318	0.0003214267447
159319	0.003016028102
159320	0.003820266566
159321	0.003639255273
159322	0.004302386942
159323	0.0005085363597
159324	0.003046972779
159325	0.002733984762
159326	0.0009404173182
159327	0.004843586375
159328	0.003233439456
159329	0.002282822706
159330	0.002745266009
159331	0.0004093655082
159332	0.0002359076126
159333	0.00182579874
159334	0.0004206033573
159335	0.0002106104734
159336	0.002617604919
159337	0.0009053993893
159338	0.0001642344786
159339	4.390391508e-05
159340	0.001965780832
159341	0.0004366667531
159342	0.005145454832
159343	0.001155540399
159344	0.002620177135
159345	0.003941403411
159346	0.003428170619
159347	0.001237803004
159348	0.00638797862
159349	0.006258703318
159350	0.003203165493
159351	0.002655931478
159352	0.0003487786946
159353	0.0003341345511
159354	0.0005907413868
159355	3.570007462e-06
159356	7.452374455e-05
159357	0.001006149693
159358	0.0002158238598
159359	0.0004560032776
159360	0.0003671722135
159361	0.0004448734393
159362	1.310017604e-05
159363	8.472920914e-08
159364	0.0001087629208
159365	0.0001436738863
159366	0.001631143614
159367	8.611396043e-05
159368	0.000697600634
159369	0.0008244800957
159370	0.001734832708
159371	0.001169970318
159372	0.0002769341569
159373	0.0002438190911
159374	0.001050637962
159375	0.001256090272
159376	0.0008744567948
159377	0.002334076931
159378	0.0003352944332
159379	0.000522496777
159380	0.0003306677926
159381	0.0007402737183
159382	0.00137287355
159383	0.001086164254
159384	0.0005805790809
159385	0.0008153822954
159386	0.0008309836931
159387	0.0001312117218
159388	0.0009611380809
159389	0.000727206668
159390	0.001179834045
159391	0.0002364692863
159392	0.000358918096
159393	0.0003540616412
159394	0.0007299585312
159395	2.868269609e-07
159396	0.0003512592248
159397	0.000237818347
159398	0.001279507551
159399	0.0006047190714
159400	0.0003557941422
159401	0.001178170303
159402	0.0005463820469
159403	0.005822858186
159404	0.0001355342544
159405	0.001613444051
159406	0.001644649622
159407	0.002120000083
159408	0.000161975064
159409	0.001190045437
159410	0.004493910777
159411	0.000803377047
159412	0.00125259233
159413	0.001492649932
159414	0.0007324090663
159415	0.004166513635
159416	0.002750799139
159417	0.002366271962
159418	0.0008417920529
159419	0.0002873076454
159420	0.0005467447456
159421	0.000726828425
159422	0.0003660052077
159423	0.004653000536
159424	0.002482682724
159425	0.000383272433
159426	0.0002444419412
159427	0.0005716222076
159428	0.001482839702
159429	0.0002720078923
159430	0.002131650106
159431	0.001688196626
159432	0.0002026176033
159433	0.002671539452
159434	0.001537927413
159435	0.0007972388098
159436	0.0001398043786
159437	0.002208578332
159438	0.001187375778
159439	0.00227919221
159440	0.0003501935928
159441	1.908784043e-05
159442	0.005789008597
159443	0.001170151533
159444	0.001974119791
159445	0.00132749363
159446	1.901692033e-07
159447	0.001389383058
159448	0.002830109821
159449	0.0003290114371
159450	0.003579200258
159451	0.0006724917838
159452	0.001838116535
159453	0.0007015840991
159454	0.002405411305
159455	0.006280697029
159456	0.003741086358
159457	0.001307464137
159458	0.0008832085743
159459	0.001354564752
159460	0.0008711739217
159461	0.00402066699
159462	0.004156388381
159463	0.00328435893
159464	0.001060114191
159465	0.000585111727
159466	0.002607301473
159467	0.0001277905557
159468	0.0001393287194
159469	4.25495625e-07
159470	9.138676204e-08
159471	0.0003949734207
159472	0.0002669324688
159473	0.0001280362852
159474	0.0003951739001
159475	0.003651617295
159476	0.003201820901
159477	1.956892611e-05
159478	0.001704228041
159479	0.00110338642
159480	0.001501445783
159481	0.002638555532
159482	0.003102735507
159483	0.0002966310265
159484	0.007662382773
159485	0.001540670207
159486	0.0003453438231
159487	0.002318773956
159488	7.577796947e-05
159489	0.003431085751
159490	0.00558979732
159491	0.001412772549
159492	0.00149487331
159493	0.0001457342771
159494	0.002475625148
159495	0.00105227628
159496	0.001422714843
159497	0.001107785195
159498	0.001588969
159499	0.003466558895
159500	0.001079883295
159501	0.002290260455
159502	0.001125778177
159503	0.0003268703019
159504	0.004830765651
159505	0.003554967327
159506	0.001189501871
159507	0.00323877195
159508	0.001023309954
159509	0.000396594945
159510	0.006773585126
159511	0.0007708580643
159512	0.00169957213
159513	0.002548367473
159514	0.002404259824
159515	0.005582588181
159516	0.000714281618
159517	0.002466735924
159518	0.000245854111
159519	0.002321457172
159520	0.001653293564
159521	0.001453145832
159522	0.002071130539
159523	2.220125188e-06
159524	0.001404021864
159525	0.002111909238
159526	0.002438926953
159527	0.003622777881
159528	0.00226521104
159529	0.0007724530187
159530	0.004525462053
159531	0.000767300841
159532	0.002145573688
159533	7.669754499e-05
159534	0.0002526292747
159535	0.0002540227946
159536	0.005423510551
159537	0.002248378115
159538	0.002398981568
159539	0.0006458743208
159540	0.0009131051914
159541	0.001940619828
159542	0.002812062357
159543	0.002189128243
159544	0.0002862238404
159545	0.001087157943
159546	0.0004284259527
159547	0.003237506082
159548	0.0002763054342
159549	0.004704981044
159550	0.0005912160987
159551	0.0001457608938
159552	0.001108466762
159553	0.0008800438392
159554	0.002553456998
159555	5.116389772e-05
159556	0.001664999455
159557	0.001188689996
159558	0.001764193193
159559	0.00319758086
159560	0.0052396553
159561	0.0003658484594
159562	0.00442256868
159563	0.001289244157
159564	0.00252335081
159565	0.002222281343
159566	0.0003288530235
159567	0.0004001758077
159568	0.001867116885
159569	0.002958179422
159570	0.002184922116
159571	0.0029746048
159572	0.0002826016761
159573	0.0005241870696
159574	0.003360893538
159575	0.003192165432
159576	0.001853633746
159577	0.00067082452
159578	0.004345294741
159579	0.0005337816722
159580	0.005819186155
159581	0.003678056058
159582	0.001368890885
159583	0.006615881536
159584	0.0001013510699
159585	0.002020079994
159586	0.002634987462
159587	0.001490457257
159588	6.651711058e-05
159589	0.002606079567
159590	0.002117912421
159591	0.00165052399
159592	0.001713174963
159593	0.002063144615
159594	0.001117024031
159595	0.001561815685
159596	0.00114722683
159597	0.002839453073
159598	0.002094536409
159599	0.002820256597
159600	0.000229552154
159601	0.002453162548
159602	0.002252747599
159603	0.0003051992644
159604	0.0008985337595
159605	0.004482154846
159606	0.0007856133295
159607	0.002153597888
159608	0.002390495824
159609	0.0007222643385
159610	0.001356336559
159611	0.002149733698
159612	0.0005241315601
159613	0.0006123090912
159614	0.002714022691
159615	0.0004960078525
159616	0.001894054279
159617	0.0003367821549
159618	0.007711323681
159619	5.700543197e-06
159620	0.002423605927
159621	0.001335196085
159622	0.0003780471937
159623	0.0002759233181
159624	0.001364905587
159625	0.0002059977041
159626	0.0001222685139
159627	0.001432869994
159628	1.409291458e-05
159629	0.001782669081
159630	0.003995042242
159631	0.000330039982
159632	0.0002317956073
159633	0.00092907953
159634	0.0002360048154
159635	5.559139201e-06
159636	0.0002373060126
159637	0.0002274936673
159638	3.289448896e-07
159639	1.495957156e-07
159640	5.388921901e-07
159641	3.689383318e-07
159642	1.621959001e-07
159643	0.001821863267
159644	0.0003107380333
159645	0.00298933501
159646	0.0004772985776
159647	0.001257227946
159648	0.001398281081
159649	0.0004547333911
159650	0.001379624191
159651	0.00138389132
159652	0.001965037968
159653	0.0002019694497
159654	0.0005668234965
159655	0.001250713688
159656	0.002069195531
159657	7.780645526e-05
159658	0.001156168549
159659	0.0006049867358
159660	0.00202686342
159661	0.0004172132749
159662	0.001738105255
159663	0.0007422430625
159664	0.0008275645917
159665	0.008668895071
159666	0.00385326418
159667	0.004845787544
159668	0.003399683229
159669	0.005784097883
159670	0.001700293677
159671	0.004259027515
159672	0.000528609587
159673	0.001726228138
159674	0.006374448928
159675	0.002062763293
159676	0.0005771561295
159677	0.0008639226515
159678	1.610966334e-07
159679	3.771964639e-05
159680	0.001107634198
159681	0.001440858689
159682	0.0004273003681
159683	0.0004625928642
159684	0.001394488364
159685	0.00077981036
159686	0.0001497561784
159687	0.0001030586145
159688	6.845325913e-05
159689	0.0007465488612
159690	0.0003240418332
159691	0.0002261078646
159692	0.0009620835799
159693	0.0004715804601
159694	0.0004846067738
159695	0.001696068301
159696	0.00235009642
159697	0.000314462846
159698	0.0008213607553
159699	0.000336720045
159700	0.0004015928246
159701	0.0005337155087
159702	0.00123458213
159703	5.356178347e-06
159704	0.0001320692988
159705	0.0009808533609
159706	4.628247617e-05
159707	0.0005833077262
159708	0.0005047132521
159709	0.001038952815
159710	0.0007988784782
159711	0.000220351901
159712	0.0006325117845
159713	0.001137895063
159714	0.0003928825458
159715	0.0002191630657
159716	0.000115702148
159717	3.088761325e-07
159718	0.0003927055623
159719	0.0001818886527
159720	0.0001059904493
159721	0.0002867259745
159722	0.0001043151918
159723	0.0002202155215
159724	0.0001817273572
159725	0.0001144185441
159726	0.0003475183157
159727	3.181667006e-05
159728	0.000730868786
159729	0.0007561266083
159730	0.0006736570057
159731	0.002037547436
159732	0.0009471046739
159733	0.0005222467257
159734	0.0008727660927
159735	0.0001280216381
159736	0.0006692039951
159737	0.001215370863
159738	0.0002728537163
159739	0.002130884373
159740	0.001462644528
159741	0.001864598323
159742	0.0001915911141
159743	0.001963050836
159744	0.001316123683
159745	0.0008666319554
159746	0.001265888144
159747	0.0003201615278
159748	2.308901722e-05
159749	0.0007390656257
159750	0.0005339904319
159751	0.00133598298
159752	9.756395012e-08
159753	0.00141282206
159754	0.001227785563
159755	0.0004977741285
159756	0.0009901505051
159757	0.0009244512421
159758	0.0004063636857
159759	0.0003564729794
159760	0.0001035729452
159761	0.0003301073954
159762	0.00109071222
159763	0.0007188896566
159764	0.0003483352562
159765	0.0003194724172
159766	1.038550276e-05
159767	0.0005475508165
159768	1.426838018e-05
159769	0.001015776935
159770	5.394664193e-07
159771	1.24665522e-05
159772	0.0002129917817
159773	0.0001044842891
159774	0.0001598843119
159775	0.001870087514
159776	0.002983102769
159777	0.005460969951
159778	0.0004333929964
159779	0.00280776546
159780	0.0007564967088
159781	0.00102773952
159782	0.001313315246
159783	0.0006595353391
159784	0.00141106578
159785	0.0004201802568
159786	0.001641892556
159787	0.0006137631855
159788	0.0005024373288
159789	0.0007503949289
159790	0.000648551882
159791	0.002591553216
159792	0.0009776484937
159793	0.00195460901
159794	9.522518981e-05
159795	0.002392872685
159796	0.001010453895
159797	0.002405672991
159798	0.002910912844
159799	0.001997494265
159800	0.00666443509
159801	0.000305313555
159802	0.004920740701
159803	0.001095012281
159804	0.001980623887
159805	0.000370559946
159806	0.004657820698
159807	0.003001518383
159808	0.004100626693
159809	0.001093831979
159810	0.004628655315
159811	0.0003299421811
159812	3.246563004e-05
159813	0.0001261427092
159814	6.023138207e-08
159815	0.003078536312
159816	0.003691388083
159817	0.0004116072525
159818	0.003437735917
159819	0.004786796948
159820	0.005829470674
159821	0.003105279291
159822	0.002664688045
159823	0.000875499308
159824	0.002690448643
159825	0.0009594297685
159826	0.001968951628
159827	0.0005804921308
159828	0.0003809115137
159829	0.002964571387
159830	0.001338707421
159831	0.0003124807981
159832	0.0002982292718
159833	0.004294374958
159834	0.0006689083159
159835	0.001357316528
159836	0.001818400272
159837	0.001378580643
159838	0.005372934853
159839	4.48457536e-05
159840	0.003074193845
159841	0.002716885741
159842	0.001458165623
159843	0.002924705413
159844	0.0006710279612
159845	0.0002641032984
159846	0.0003257972583
159847	0.002394707809
159848	0.002571534789
159849	0.001061855464
159850	0.0002792033944
159851	0.003216270703
159852	0.007098718301
159853	0.003769010953
159854	0.0003902941547
159855	0.0001953057451
159856	0.0008991597869
159857	0.0004615665147
159858	9.828363327e-05
159859	0.0007406658592
159860	0.003151927262
159861	0.004193375104
159862	0.003642100794
159863	0.001392667975
159864	0.003271016203
159865	0.0005435013469
159866	0.003062438128
159867	0.002614417757
159868	0.001962219736
159869	0.001802158051
159870	0.0009680680072
159871	0.0001102728203
159872	0.001529437715
159873	0.0006298861408
159874	0.000568032674
159875	0.003389068454
159876	0.005483541867
159877	0.00364470591
159878	0.004760824249
159879	0.0005067566405
159880	7.891278657e-05
159881	0.002172966397
159882	0.001063112817
159883	0.003263395216
159884	0.004617483364
159885	0.004329279158
159886	0.001149349309
159887	0.0002862412247
159888	0.001142965788
159889	9.457587289e-05
159890	0.0003843214392
159891	0.001870620113
159892	0.0003622645848
159893	0.001020870333
159894	0.00109071376
159895	8.800178803e-05
159896	0.002558682163
159897	0.0005903302409
159898	0.004540101406
159899	0.002746954993
159900	0.002015020319
159901	0.001693061885
159902	0.0008725303806
159903	0.003139955346
159904	0.004117961975
159905	0.001584636867
159906	0.002157814565
159907	0.002074388783
159908	0.007711554821
159909	0.003404908366
159910	0.0003360222786
159911	0.00118211551
159912	0.01061888214
159913	0.001562603424
159914	0.0009327760577
159915	0.0007483636118
159916	0.0001438985064
159917	0.002856232942
159918	0.003493546267
159919	0.002240990258
159920	0.004741218405
159921	0.003574133632
159922	0.001264156216
159923	0.001941896682
159924	0.00380652335
159925	0.004937276974
159926	0.004453257233
159927	0.00210622333
159928	0.004470955318
159929	0.007572446754
159930	0.001557045714
159931	0.0011704945
159932	0.001241114701
159933	0.001191331475
159934	0.001731735417
159935	0.001649384167
159936	0.001271446697
159937	0.001634983375
159938	0.0009379015238
159939	0.00110736596
159940	0.001198665245
159941	0.001529671291
159942	0.0009958055123
159943	0.001638376671
159944	0.001340677336
159945	0.001418518723
159946	0.00135256458
159947	0.001633738451
159948	0.001339111973
159949	0.001539598736
159950	0.001118951522
159951	0.007843339851
159952	0.003891970543
159953	0.001122567388
159954	0.001270430739
159955	0.001573418818
159956	0.005025401529
159957	0.00109003035
159958	0.003758774034
159959	0.003166164109
159960	0.001049812018
159961	0.0007249797224
159962	0.006445682022
159963	0.002662549151
159964	0.001312842381
159965	5.099933972e-05
159966	0.0004239587112
159967	0.002618620279
159968	0.0004208289274
159969	0.00189383436
159970	0.001606733783
159971	0.0005347472584
159972	0.001594335015
159973	0.002737298094
159974	0.001269480482
159975	7.331560862e-06
159976	0.0009599934256
159977	0.003477033164
159978	0.002069687591
159979	0.0009609054435
159980	0.002816134108
159981	0.001777201293
159982	0.0007022316913
159983	0.0002122277683
159984	0.0006651602234
159985	0.0006364782998
159986	0.0006680135326
159987	0.00313847908
159988	0.0003673037499
159989	0.0014640841
159990	0.001213687345
159991	0.001146388068
159992	0.0001408226436
159993	0.00106676567
159994	0.001080908221
159995	0.0001978840487
159996	0.0008462443663
159997	0.0005192235382
159998	0.004351775396
159999	0.002062200849
160000	0.001563476548
160001	0.0006786429461
160002	0.0004200449788
160003	0.0008765364013
160004	0.01085612837
160005	0.002828653493
160006	0.003470566184
160007	0.000205059978
160008	0.004534458857
160009	0.002692975728
160010	0.001803886853
160011	0.004908540916
160012	0.0002390262164
160013	2.500244734e-05
160014	0.001377576282
160015	0.002000216095
160016	0.003125732564
160017	0.003709440727
160018	0.005518673921
160019	1.852650412e-05
160020	0.002334448743
160021	0.00351647018
160022	9.314210935e-05
160023	0.000555301714
160024	0.0009616860791
160025	0.0005263020048
160026	0.0001822248174
160027	0.0007422450599
160028	0.0007722455845
160029	0.002613623525
160030	0.0003010656316
160031	0.0002384827796
160032	0.001391333197
160033	0.0009781651473
160034	0.0005735007063
160035	0.0006376333592
160036	0.0003877555504
160037	0.001448734377
160038	0.004046620981
160039	0.0006097257601
160040	0.0002865762747
160041	0.00385958337
160042	0.0003012527982
160043	0.003098730036
160044	0.001983696499
160045	0.003925009252
160046	0.000642363905
160047	0.001453465148
160048	0.00292359692
160049	0.002758059542
160050	0.002761212444
160051	0.001753813589
160052	0.002932326204
160053	0.001534435269
160054	0.0004247338665
160055	0.0039648033
160056	0.002478214019
160057	0.003301874477
160058	0.001721027207
160059	0.000472062834
160060	0.0009107418776
160061	0.0009170080969
160062	0.00275124156
160063	0.00075447039
160064	0.0007709254747
160065	0.002336243463
160066	0.0007219857805
160067	0.0009691291801
160068	0.001258299579
160069	0.001290271423
160070	0.0004519369004
160071	0.001270831873
160072	0.003786265787
160073	0.0008009165273
160074	0.004727422574
160075	0.0003027199435
160076	0.0004397728696
160077	0.0004331131455
160078	0.001027743531
160079	0.001717687044
160080	0.0007275845754
160081	0.0007406145409
160082	0.001862008448
160083	0.001293565509
160084	0.0008731363192
160085	0.005297425463
160086	0.0006844215038
160087	0.006656145918
160088	0.000705615962
160089	0.0001053313114
160090	0.0004961148466
160091	0.005688524136
160092	0.002845539046
160093	0.0008566760055
160094	0.002173567195
160095	0.001537630892
160096	0.003165833715
160097	0.002235479339
160098	0.0004168694427
160099	0.0005736902396
160100	0.0007147019817
160101	0.0002867853883
160102	0.00128511775
160103	0.001022717724
160104	0.001837436722
160105	0.005296797728
160106	0.001780926304
160107	0.001916257011
160108	0.0001330219172
160109	0.001950754182
160110	0.0005334178122
160111	0.0005458651964
160112	0.001233447807
160113	0.001899814184
160114	0.006110654873
160115	0.002139447134
160116	0.004330521711
160117	0.0008942584367
160118	0.0009490264489
160119	0.0007242876707
160120	0.00572905802
160121	0.0005847408727
160122	0.00220609493
160123	0.001754819129
160124	0.0009249600314
160125	4.930242322e-05
160126	0.001894724815
160127	0.0009503418113
160128	0.001319065521
160129	0.002590333364
160130	0.0002874221163
160131	0.0004601583451
160132	0.002796564451
160133	0.003433645401
160134	0.0007643901616
160135	0.001939458074
160136	7.329985856e-05
160137	0.003717267721
160138	0.003291025351
160139	0.0009784914848
160140	0.00202768948
160141	0.001311655299
160142	0.002084535892
160143	0.0009038222978
160144	2.087631398e-07
160145	0.002743388873
160146	8.459324658e-05
160147	0.0006074977777
160148	0.001740910205
160149	0.002245580518
160150	0.004065816952
160151	0.00195040149
160152	0.003698197259
160153	0.002559183945
160154	0.0004238341244
160155	0.005089823962
160156	0.003530162361
160157	0.0007722725282
160158	0.005557140433
160159	0.001287241556
160160	0.00144667569
160161	0.002061153885
160162	0.0005879898131
160163	0.0009352038039
160164	0.0008628065271
160165	0.003386720953
160166	0.0008510470853
160167	0.0009625548116
160168	5.442959147e-05
160169	0.002508290101
160170	0.001153209647
160171	0.0001393178105
160172	0.0007328268051
160173	6.907366206e-06
160174	0.0009639232889
160175	0.000834207319
160176	2.473740736e-05
160177	0.002717394745
160178	0.0008499239045
160179	0.002347177033
160180	0.0003482264977
160181	0.003606037953
160182	0.002530104027
160183	0.001399122782
160184	0.001277079126
160185	0.00118410264
160186	0.002542290252
160187	0.0007092194546
160188	0.002547809488
160189	0.0003147559509
160190	0.002378950326
160191	0.002591281961
160192	0.0003813197793
160193	0.005642127206
160194	0.0001644052504
160195	0.001272354211
160196	0.0008395292365
160197	0.002674832598
160198	0.001587719655
160199	3.356591633e-05
160200	0.0002058841627
160201	0.002133702956
160202	4.85107633e-05
160203	0.0004304505357
160204	7.852169408e-05
160205	0.0003780187014
160206	0.0004216182269
160207	0.002287079029
160208	5.137616677e-06
160209	0.0005719268077
160210	0.0002275205191
160211	6.922472658e-05
160212	0.0002001369863
160213	6.186386277e-05
160214	9.398963599e-05
160215	6.08306818e-05
160216	2.152757861e-05
160217	9.070323217e-05
160218	0.0006554577346
160219	0.0001468218917
160220	0.0008043733343
160221	0.0002534288909
160222	0.0009108990866
160223	0.0006714435198
160224	0.0003317490949
160225	0.003378326874
160226	0.002578614982
160227	0.0004907414533
160228	0.0001528547036
160229	0.001129476832
160230	0.0002821648625
160231	0.003702827417
160232	0.0001902478099
160233	0.003337488484
160234	0.00208450069
160235	0.0003723637339
160236	0.0004559637197
160237	0.0004958773386
160238	0.001414067049
160239	0.006079629608
160240	0.0001532610973
160241	0.00195352818
160242	0.000195808953
160243	0.0006089672861
160244	0.0003636665609
160245	0.0008701807303
160246	0.001798626171
160247	0.00146162721
160248	0.002038013589
160249	0.002775718362
160250	0.0004301980334
160251	0.0001365162262
160252	0.002628064928
160253	0.001691024543
160254	0.002146618673
160255	0.0002484228037
160256	0.0004470049888
160257	0.001004142242
160258	0.0004841766019
160259	0.003755292982
160260	0.0001510378199
160261	0.001786388849
160262	0.002522932393
160263	0.0007487231545
160264	0.00481846349
160265	0.002410551374
160266	1.623877672e-05
160267	0.004399807053
160268	0.005135661538
160269	0.001152723188
160270	0.002871177893
160271	0.003044088067
160272	0.00245916714
160273	0.0003624927429
160274	0.003334718163
160275	0.0006232847842
160276	0.0007508349803
160277	0.0008866345324
160278	0.0004478939768
160279	0.0002680075677
160280	0.0007632736145
160281	0.0001616340673
160282	1.424350989e-05
160283	0.0008198610375
160284	0.003710116018
160285	0.0004294693501
160286	0.00281418584
160287	0.004882692916
160288	0.001130027606
160289	0.001588645308
160290	0.0007154453125
160291	0.002284695885
160292	0.0002651740357
160293	0.001196481434
160294	0.0008985111842
160295	0.002387123285
160296	0.0006686594183
160297	0.003818124857
160298	0.006651991916
160299	0.0005942294335
160300	0.001380869177
160301	0.0009384901502
160302	0.004560380861
160303	0.005168816065
160304	0.0007235365039
160305	0.0006584308538
160306	0.002794378018
160307	0.002470978181
160308	0.004430228807
160309	0.002895384244
160310	0.001940111285
160311	0.002409230086
160312	0.002971141539
160313	0.005679911609
160314	9.115634727e-05
160315	0.001455910805
160316	0.0007998288608
160317	0.001468090303
160318	0.001543349052
160319	0.0009370487579
160320	0.0008002786025
160321	0.0003223184629
160322	0.0005916517534
160323	0.00516845732
160324	0.001267830522
160325	0.0003693621171
160326	0.002912429275
160327	0.002522276041
160328	0.0003296852597
160329	0.0008517017648
160330	0.00113382483
160331	0.0005991099767
160332	0.0003185604571
160333	0.005343906031
160334	0.0003122046064
160335	0.001407588932
160336	0.0008107988575
160337	0.004900730139
160338	0.0006434997371
160339	0.0006286274705
160340	0.001569829401
160341	0.000581100331
160342	0.002822095895
160343	0.001738686157
160344	0.0001403900888
160345	0.00129626913
160346	0.001261206009
160347	0.001257626985
160348	0.002788424047
160349	0.003265789541
160350	0.002058797627
160351	0.001619952488
160352	0.002954123711
160353	0.0005226960125
160354	0.002554912123
160355	0.000425414631
160356	0.002513159641
160357	0.004039876974
160358	0.002420303826
160359	0.0003838777596
160360	3.754831818e-05
160361	0.0005281068595
160362	0.0001983111308
160363	0.0002091765918
160364	0.0007310471498
160365	0.000416291415
160366	0.0005941824243
160367	0.0008026979707
160368	0.0004238070314
160369	0.0004296029449
160370	0.0006089561346
160371	0.0003521071238
160372	0.002801422777
160373	0.0007509636574
160374	0.0004065171357
160375	0.004685106781
160376	0.0005912774514
160377	0.0009286771645
160378	0.0006146693569
160379	0.002068561964
160380	0.0008871299185
160381	0.001032955188
160382	0.0006228720926
160383	0.0002397815148
160384	0.001425752636
160385	0.001505803718
160386	0.005185202368
160387	0.001498789913
160388	0.0006682179386
160389	0.006092724388
160390	0.004635106039
160391	0.001089449789
160392	0.003807614026
160393	0.0008986659382
160394	0.0008354474473
160395	0.001733895626
160396	0.003734911139
160397	0.001132799968
160398	0.000733822704
160399	6.583885765e-05
160400	0.0006382756801
160401	0.0004135402043
160402	0.0006047978902
160403	0.000536210368
160404	0.000105494933
160405	0.0001275315264
160406	0.0001158323517
160407	0.0003948643099
160408	0.0006705215529
160409	0.00127877939
160410	0.0005810456548
160411	0.0001164177119
160412	0.0009615982398
160413	0.0006011690574
160414	0.000742924006
160415	0.0002216302037
160416	0.0001403616308
160417	0.0008038813937
160418	0.0009762792398
160419	0.0002395699615
160420	0.0004999115843
160421	0.001639450148
160422	0.001330126775
160423	0.0004719409262
160424	0.002277044069
160425	0.002455253952
160426	0.0009177175477
160427	0.001721939585
160428	0.0001334974809
160429	0.0008939628411
160430	0.003163211624
160431	0.002947595599
160432	6.303377587e-05
160433	0.0001463573774
160434	4.097680446e-05
160435	0.0005728766958
160436	0.00103552466
160437	0.001515473783
160438	0.00110188173
160439	0.002018356356
160440	0.0007452901431
160441	0.004549350564
160442	0.002666144756
160443	0.00598808654
160444	0.002108659556
160445	0.001371022249
160446	0.001346261039
160447	0.0002682350569
160448	0.001957635809
160449	6.05215066e-05
160450	0.001305004454
160451	0.001766315598
160452	0.0006377394308
160453	0.003312929157
160454	0.0008753884875
160455	0.0003257405255
160456	0.0003910766607
160457	3.206127037e-05
160458	0.0006095795027
160459	0.002103004887
160460	0.001170637955
160461	0.0003032733468
160462	0.0006478208989
160463	0.0004957825441
160464	0.0004117869337
160465	0.003109104191
160466	0.006679708656
160467	0.0001256910845
160468	0.0005793747454
160469	0.003645951389
160470	7.997967184e-06
160471	0.003399643357
160472	0.001482660688
160473	0.001491783842
160474	0.001050572036
160475	0.002843503967
160476	0.003260783596
160477	0.001824386125
160478	5.505242903e-05
160479	0.002183629461
160480	0.001618385646
160481	0.001852199039
160482	0.00238719063
160483	0.002917072644
160484	0.002444330079
160485	0.00226590521
160486	0.001641452975
160487	0.004069056994
160488	0.00570028698
160489	8.81635958e-05
160490	0.003449493529
160491	0.0007352358927
160492	0.0003394747829
160493	0.0002267942391
160494	0.002720593984
160495	0.0009358725758
160496	0.002321512248
160497	0.001151507873
160498	0.00111549233
160499	0.001009130043
160500	0.002994672166
160501	0.003952200772
160502	0.0001622992968
160503	0.0009554479866
160504	0.001695021536
160505	0.0005667694614
160506	0.0003116973624
160507	0.0001271922371
160508	0.0001591222227
160509	0.00110537733
160510	0.001672337437
160511	0.000109805834
160512	0.0004475639967
160513	0.0002882925195
160514	0.0001715217899
160515	0.001250424693
160516	0.0002441191599
160517	0.0004818659101
160518	0.000935638049
160519	0.002503503824
160520	0.0006710075212
160521	0.0002548797116
160522	0.003280372914
160523	0.002968332283
160524	0.0001613196022
160525	0.002651111343
160526	0.002357354259
160527	0.002405008281
160528	0.0003772092501
160529	0.001123455798
160530	0.007094054705
160531	0.007907925181
160532	0.001948310447
160533	0.003492608316
160534	0.002615335953
160535	0.0009278679838
160536	1.055581058e-05
160537	0.001054257307
160538	0.003238192419
160539	0.0002718515076
160540	0.002946599759
160541	0.001089622522
160542	0.00685230735
160543	0.002866239237
160544	0.0009722661096
160545	0.002047565203
160546	0.003944955491
160547	7.030003848e-05
160548	0.0001086557591
160549	0.000237760938
160550	0.007511149213
160551	0.0002281397109
160552	0.0001532361395
160553	0.001696176885
160554	0.0005558607584
160555	0.003194119859
160556	0.0005054403865
160557	0.01116141823
160558	0.001017426436
160559	0.003292886882
160560	0.00187647121
160561	0.0004859614032
160562	0.006246012498
160563	0.0001184443778
160564	0.001447698667
160565	0.0001296238799
160566	0.002859541383
160567	0.0002283366961
160568	0.0009902409842
160569	0.001784636498
160570	0.008121860474
160571	0.003772522751
160572	0.001226710362
160573	0.0006572432405
160574	0.004938065609
160575	0.002342051855
160576	0.0004937266523
160577	0.003075948559
160578	0.0006847673847
160579	0.002692884162
160580	0.002850083009
160581	0.0005024441347
160582	1.620158748e-05
160583	0.0002344637776
160584	0.001516523767
160585	0.001650427104
160586	0
160587	0.001273224138
160588	4.489237943e-05
160589	0.0002415555638
160590	0.0003412744194
160591	0.0002629156813
160592	0.0002393727402
160593	0.0001399492723
160594	0.0007266147826
160595	6.103049667e-05
160596	1.463501437e-05
160597	0.0005719466534
160598	0.001810495217
160599	0.003333636664
160600	0.0001199336017
160601	0.0001128135019
160602	0.0001666984384
160603	0.0002830695384
160604	0.0001218423616
160605	0.0001755031704
160606	0.001817614152
160607	0.0002398794615
160608	0.000615849142
160609	0.001362989124
160610	0.001199719994
160611	0.004298796666
160612	0.001975205188
160613	0.001906545205
160614	0.005343266973
160615	0.00332322061
160616	0.0006328238063
160617	0.002973896452
160618	0.0001103482987
160619	0.001914647122
160620	0.0007722181666
160621	0.000675413038
160622	0.0001467881505
160623	0.0002054124049
160624	0.0005430233922
160625	0.0006358087311
160626	0.000744810045
160627	0.00223056103
160628	0.001607790069
160629	0.002489179735
160630	0.002807032599
160631	7.483517491e-05
160632	0.0002575926927
160633	0.0008359888947
160634	0.0002875088434
160635	0.0001297615675
160636	0.001666838015
160637	0.00138881568
160638	0.003891270134
160639	0.001472895433
160640	0.0004553926289
160641	0.000825944925
160642	0.001816735723
160643	9.09251119e-05
160644	0.0003628646217
160645	0.0001044455299
160646	0.0005606566856
160647	0.003780326213
160648	0.002525424637
160649	0.003349813826
160650	0.0003855215191
160651	0.004609468722
160652	0.00132469122
160653	0.0003256487169
160654	0.003018728837
160655	0.001132725462
160656	0.0005720310636
160657	0.0009446746826
160658	0.003015842396
160659	0.001833231748
160660	0.0008063980598
160661	0.004505868563
160662	0.002455057871
160663	1.394935552e-05
160664	0.002192774336
160665	0.002543977776
160666	0.001289598905
160667	4.827404627e-06
160668	0.0005275153293
160669	0.005210612343
160670	0.00600612932
160671	0.001450270639
160672	0.001904279004
160673	0.002186006853
160674	0.002459302194
160675	0.004707187857
160676	0.001604635061
160677	0.0009379476839
160678	0.003097607619
160679	0.002508813884
160680	0.0008018464704
160681	0.003385689077
160682	0.001437047746
160683	0.002590016686
160684	0.003104777669
160685	0.001562514142
160686	0.0005975937511
160687	0.0008288182552
160688	0.002321734014
160689	0.003888601317
160690	0.001978250501
160691	0.001274813326
160692	0.0004920108994
160693	0.00233696414
160694	0.002247875719
160695	0.002795806599
160696	0.001189837066
160697	0.001675342786
160698	0.001476261885
160699	0.001438629923
160700	0.001906095641
160701	0.003570577936
160702	0.003540682036
160703	0.001567793338
160704	0.004174967804
160705	0.001675304862
160706	0.004426478199
160707	0.00555294163
160708	0.005395181754
160709	0.0010641399
160710	0.0005120391475
160711	0.001313316393
160712	0.001463393266
160713	0.002297116777
160714	0.001375141469
160715	0.001153377883
160716	0.00176594148
160717	0.002037090027
160718	0.00461172375
160719	0.0003402784782
160720	0.0008816087567
160721	0.007430226532
160722	0.002214970799
160723	0.001138816447
160724	0.005426754284
160725	0.0017952986
160726	0.001739713175
160727	0.0003788144479
160728	0.0008985083037
160729	0.0004859314484
160730	0.00196739904
160731	0.0008868290598
160732	0.001443539057
160733	5.421558803e-05
160734	0.0004453547634
160735	0.002633536288
160736	0.001380490461
160737	0.001785887106
160738	0.0013655067
160739	0.0001351832302
160740	0.001122539728
160741	0.001966296649
160742	0.003401902298
160743	0.006025618441
160744	0.004299353693
160745	0.005349876165
160746	0.001175295408
160747	0.005035819128
160748	3.695366853e-05
160749	0.004615000518
160750	0.003665921292
160751	0.00423439554
160752	0.004488028706
160753	0.0009950781808
160754	0.001183059161
160755	0.0056299272
160756	0.0005041508358
160757	0.003977890953
160758	0.003060610142
160759	0.004761557846
160760	0.002651231076
160761	0.004504826571
160762	0.005146112036
160763	0.006046448922
160764	0.003844445644
160765	0.0006842982721
160766	0.004946953483
160767	0.002196071947
160768	0.0004621466473
160769	0.005808034142
160770	0.0004615631926
160771	0.003645524439
160772	0.0006457292589
160773	0.004059543251
160774	0.003605315464
160775	0.001803579373
160776	0.004487215208
160777	0.008573953404
160778	0.007197866577
160779	0.003146602088
160780	0.0009293550417
160781	0.001475004852
160782	0.002259333477
160783	0.0004293743215
160784	0.000887151293
160785	0.005509367046
160786	0.005690584151
160787	0.0002556812822
160788	0.002292643348
160789	0.002539786201
160790	3.891380514e-05
160791	0.00112863529
160792	0.0009706356134
160793	0.001361248274
160794	0.003191288411
160795	0.0008938410599
160796	0.00114687972
160797	0.0001636419653
160798	2.267975458e-05
160799	0.001154313757
160800	0.002097287008
160801	0.003411859558
160802	0.001319815248
160803	0.00186369858
160804	0.001125446814
160805	0.002989197694
160806	0.003720201533
160807	0.0001656806384
160808	0.001560982494
160809	0.0004264240567
160810	0.001047407611
160811	0.0003929746025
160812	0.0008372589507
160813	0.0001286667186
160814	0.001496614504
160815	0.001736826974
160816	0.0001454493762
160817	0.0027129093
160818	0.001086147604
160819	0.0005602294304
160820	0.0008062449952
160821	0.001101056931
160822	0.0008896394318
160823	0.0001295659093
160824	0.0003114290832
160825	0.001089625555
160826	0.001504798041
160827	0.005101314003
160828	0.0001420317841
160829	0.003003065977
160830	0.001661727539
160831	0.002384249245
160832	0.0006275460027
160833	0.001438767549
160834	0.0006806104352
160835	0.001268670056
160836	0.00280737348
160837	0.0005651963846
160838	0.002757859046
160839	0.004298694231
160840	0.001925804426
160841	0.0005886087138
160842	0.002308300598
160843	0.0008632175153
160844	0.0002321125049
160845	0.0003094519957
160846	0.003499029633
160847	0.00292748913
160848	0.0060359378
160849	0.0008196535621
160850	0.001017495323
160851	0.001438780801
160852	0.00194063723
160853	0.004694697792
160854	0.0006972514437
160855	0.001769739396
160856	0.00195029711
160857	0.00314844184
160858	0.002126683471
160859	0.001242042203
160860	0.0005612818432
160861	0.001218403272
160862	0.0006034359621
160863	0.001988846897
160864	0.001163521617
160865	0.001443496841
160866	0.0003963786027
160867	0.002900788237
160868	0.002225937039
160869	0.0006509558825
160870	0.0001218638189
160871	0.0002944969552
160872	0.00155396453
160873	0.0008094890544
160874	0.004789321311
160875	0.0006520036276
160876	0.0004332965484
160877	0.0002982816849
160878	0.001422440089
160879	0.002761037699
160880	0.0002707663975
160881	0.002006997621
160882	0.002492127999
160883	0.0009827530749
160884	0.003370242592
160885	0.001497239994
160886	6.761700791e-05
160887	0.000726623242
160888	2.610609947e-05
160889	0.0007659131845
160890	0.001229236525
160891	0.001209845027
160892	0.001681220546
160893	0.001641636306
160894	0.002561957939
160895	0.004853752007
160896	0.002692024103
160897	0.002741317553
160898	0.0005394007804
160899	0.00190799217
160900	0.0005872095929
160901	0.003929544419
160902	0.0006350024339
160903	0.002179566837
160904	0.003190993218
160905	0.0006694940787
160906	0.001205827191
160907	0.002026582197
160908	0.00223260789
160909	0.0009531830314
160910	0.0006780317102
160911	0.0009290433845
160912	0.002296215384
160913	0.0008788289276
160914	0.001010801855
160915	0.0002511297649
160916	0.002729702233
160917	0.0002315190239
160918	0.001950691421
160919	0.0008231207
160920	0.002032203472
160921	0.003023232879
160922	0.001290457122
160923	0.004685469555
160924	0.002621749436
160925	0.001460549783
160926	0.007952949783
160927	0.0006934894346
160928	0.002995103427
160929	0.001893615618
160930	0.001717911178
160931	0.00305231585
160932	0.0006047528064
160933	0.001058277546
160934	0.0001109587347
160935	0.001215283304
160936	0.001669060348
160937	0.000525131875
160938	0.0002276772295
160939	0.006762300586
160940	0.000589114644
160941	0.001209588208
160942	0.002176941874
160943	0.001317101725
160944	0.0002434174594
160945	0.0008789903538
160946	0.0007788956943
160947	0.001270700749
160948	0.00282264964
160949	0.001859889015
160950	0.002303506283
160951	0.0006948314688
160952	0.002818946715
160953	0.001143574797
160954	0.001004320728
160955	0.00105017052
160956	0.001252292498
160957	0.002649861401
160958	0.0007587120064
160959	0.0002678126735
160960	0.001745056788
160961	0.004014592569
160962	0.002748457275
160963	0.0005852307634
160964	0.0004112037032
160965	0.002820520854
160966	0.002106154164
160967	0.001466012517
160968	0.003300240936
160969	0.002284783179
160970	0.003040347986
160971	0.0004135152051
160972	0.000162204402
160973	0.002134168355
160974	0.0008668376078
160975	0.001984177128
160976	0.0006596162142
160977	0.00242321684
160978	0.0001314445183
160979	0.001171267738
160980	0.003472460763
160981	0.001038074247
160982	0.001019897284
160983	0.001298757577
160984	3.467482363e-05
160985	0.000330085395
160986	0.0002784460317
160987	0.00153897921
160988	0.0001948208253
160989	0.0001839180421
160990	0.001289743699
160991	0.003215719776
160992	0.0001265807954
160993	0.0002814419492
160994	0.0007521586938
160995	0.0007987701439
160996	0.0005080853934
160997	0.000880400768
160998	0.001282690908
160999	0.0001474133293
161000	0.0005803921898
161001	0.0008234114991
161002	0.0008174895104
161003	0.001515860013
161004	0.0002794905663
161005	0.0003355487498
161006	0.0001529574373
161007	0.0009767574966
161008	0.0006499391394
161009	2.726811542e-05
161010	0.001449727076
161011	0.00197783588
161012	0.00106373992
161013	0.001600622821
161014	0.0004757363604
161015	0.0004263812207
161016	0.0009559185345
161017	0.001500874096
161018	0.001278549914
161019	0.002169896313
161020	0.001050851572
161021	0.0009536669501
161022	0.0004279682182
161023	0.0006076647723
161024	0.0009442614702
161025	0.001990976936
161026	0.0021144229
161027	7.927458262e-05
161028	0.0006116450924
161029	0.001211290393
161030	0.000432170004
161031	0.0008727339165
161032	0.0001253191708
161033	0.002175909627
161034	0.002603793756
161035	0.001008224549
161036	0.002273286747
161037	0.001459151156
161038	0.001650255718
161039	0.001721535073
161040	0.002296650253
161041	0.001889222262
161042	0.000814914931
161043	0.0001829261933
161044	0.0002483675436
161045	0.001621750021
161046	0.0009795447402
161047	0.002108932948
161048	0.003686976311
161049	0.0008258256755
161050	0.001026887465
161051	0.000619773418
161052	0.002352931748
161053	0.0008895936411
161054	0.001328694175
161055	0.00187919586
161056	0.003788497977
161057	0.0005652125717
161058	0.000533729839
161059	0.0007167010357
161060	0.001471602859
161061	0.0004502272614
161062	0.001850374139
161063	0.002848875407
161064	0.00164957425
161065	0.0009303086234
161066	0.0007364884551
161067	0.00279123772
161068	0.001991641467
161069	0.003676932032
161070	0.001902983279
161071	0.002204964177
161072	0.000672936912
161073	0.002400377791
161074	0.0004202730296
161075	0.0002731919639
161076	0.001991838803
161077	0.001051668671
161078	0.003025696119
161079	0.0003749660526
161080	0.000642212858
161081	0.001377146636
161082	0.001560927924
161083	3.591452254e-06
161084	0.002101610522
161085	0.0002157473876
161086	0.0005698820617
161087	0.001309250395
161088	0.001535519337
161089	0.002561919145
161090	0.001803797092
161091	0.001125339838
161092	0.002158776738
161093	0.0003442871038
161094	0.001190261893
161095	0.001107578441
161096	0.0007900393224
161097	0.0002033210946
161098	5.786990659e-05
161099	2.253615576e-05
161100	0.001368356001
161101	4.499465942e-05
161102	0.001995530114
161103	0.0008349225749
161104	0.0009158868871
161105	0.0006125674458
161106	0.00191915301
161107	0.0008108049624
161108	0.001342853084
161109	0.0004567780503
161110	0.0007954870567
161111	0.0001408165595
161112	0.0001321860485
161113	0.0005251593915
161114	0.0004750420004
161115	0.001675523976
161116	0.0005051745274
161117	0.0003142075001
161118	0.001265788144
161119	0.0005815913132
161120	0.001531729567
161121	0.0003286276616
161122	0.004966348569
161123	0.00103090314
161124	0.0002726574114
161125	0.002715971636
161126	0.000565768057
161127	0.00277962895
161128	0.0005755779706
161129	0.001619966396
161130	0.001252300755
161131	0.0006018833009
161132	0.0009830276006
161133	3.233086617e-05
161134	0.0006946608095
161135	0.0007056853125
161136	0.003461375711
161137	0.002718125519
161138	0.001025990373
161139	0.0003728077754
161140	0.003579587471
161141	0.0001299050666
161142	0.001753294062
161143	0.0005135648469
161144	0.001879372449
161145	0.002192409179
161146	0.003340707089
161147	0.001323176265
161148	0.0009801150107
161149	0.001688156634
161150	0.0006197511359
161151	0.002570545945
161152	0.0001899190849
161153	0.0009682384387
161154	0.001887838674
161155	0.0001910017522
161156	0.001149814029
161157	0.003153603312
161158	0.001038100038
161159	0.003041732159
161160	0.0007374388587
161161	0.0003814258441
161162	0.003136901923
161163	0.001702702824
161164	0.0022699855
161165	0.0001192760374
161166	0.001315291263
161167	0.00230428626
161168	0.001673541138
161169	0.001661288285
161170	0.0003015113063
161171	0.001225506129
161172	0.002281331627
161173	0.001042261371
161174	0.0009580210554
161175	0.001070586808
161176	0.001560545742
161177	0.001261108384
161178	0.002201068886
161179	0.001355859143
161180	0.0007489588637
161181	0.001069314231
161182	0.001220223514
161183	0.0004935332836
161184	0.0004360116602
161185	0.0002372028245
161186	0.001648184956
161187	0.0001236738086
161188	0.0008532300465
161189	0.0004083861323
161190	0.001339987552
161191	0.0005484665475
161192	0.001830355757
161193	0.0007798258308
161194	0.0003017274066
161195	0.001702844598
161196	0.0007557527913
161197	0.0007917844974
161198	0.001637113421
161199	0.000341580303
161200	0.0003148962549
161201	0.001748194273
161202	0.001288653448
161203	0.0001084436754
161204	0.001078365898
161205	0.004379523776
161206	0.001351065703
161207	0.00185866259
161208	2.655679708e-07
161209	0.000150479004
161210	0.000255020989
161211	0.0003450272704
161212	0.0007853094098
161213	0.000366508263
161214	0.00211359954
161215	0.0006660140997
161216	0.001147155676
161217	0.00397604935
161218	0.0003070016338
161219	2.541591528e-05
161220	0.001985338443
161221	0.001566490077
161222	0.001342706656
161223	0.0004413266998
161224	0.004498920222
161225	0.005185774919
161226	0.005584621578
161227	0.007623301639
161228	0.002571340614
161229	0.00384337736
161230	0.004049698219
161231	0.002267664102
161232	0.001348893478
161233	0.003370445643
161234	0.004691133324
161235	0.003075530237
161236	0.003081539528
161237	0.001676368165
161238	0.007440267484
161239	0.00148197283
161240	0.0004573072582
161241	0.0006975619006
161242	0.002750536471
161243	0.004232836091
161244	0.0002120056947
161245	0.003555119698
161246	0.003106662198
161247	0.001806714549
161248	0.002590367919
161249	0.004092085078
161250	0.007032936088
161251	0.001496384881
161252	0.00044589342
161253	0.0002385483806
161254	0.0008710029169
161255	0.0005315287616
161256	0.0002532017088
161257	0.00151882919
161258	0.001143107133
161259	0.00303443296
161260	0.001038889599
161261	0.002689548457
161262	0.0001441917305
161263	0.004807298495
161264	0.002436522352
161265	0.0003752760135
161266	0.003530916497
161267	0.0007117840999
161268	0.001515388283
161269	0.0002565134079
161270	6.57087139e-05
161271	0.0009309884076
161272	0.002202813694
161273	0.002486927383
161274	0.0003934909725
161275	0.005690708128
161276	0.002418445676
161277	0.001492105852
161278	0.0009348512899
161279	0.006864665761
161280	0.001115306689
161281	0.001574189561
161282	0.002942910208
161283	0.0007644613117
161284	0.0005191389347
161285	0.003550535941
161286	0.002436836842
161287	0.001547686948
161288	0.0005424553229
161289	0.003512054035
161290	0.0003061328765
161291	4.816015161e-05
161292	0.0005650901525
161293	0.000498696333
161294	0.000432875244
161295	0.0003584123734
161296	5.877547688e-05
161297	0.001380638961
161298	0.0005949214147
161299	0.00315639243
161300	0.001911619349
161301	0.001132718787
161302	0.0007439382533
161303	0.0002444663551
161304	0.003640724751
161305	0.0001208146027
161306	0.0002353549693
161307	0.001762545698
161308	0.001161048972
161309	0.0004319994543
161310	0.001689831878
161311	0.0006958905879
161312	0.0008969697619
161313	0.0007233175201
161314	0.002178078529
161315	0.001369475911
161316	0.001960656454
161317	0.0002355591822
161318	0.006273497232
161319	0.004129064038
161320	0.002551744975
161321	0.004460051745
161322	0.006840556102
161323	0.003454330472
161324	0.0008517169775
161325	0.003086549972
161326	0.0031554695
161327	0.004103231582
161328	0.002986132853
161329	0.0002963771765
161330	0.0002302542703
161331	0.0001672978256
161332	0.001587220508
161333	0.002855738715
161334	0.00109383849
161335	0.0005095136805
161336	0.001644486513
161337	0.001038448529
161338	0.0003279813634
161339	0.000407793872
161340	0.003749925846
161341	0.001574485824
161342	0.0002207199383
161343	0.0005548372542
161344	0.0003315899988
161345	0.0004075711928
161346	0.0001114382119
161347	0.0003938074771
161348	0.000833204764
161349	0.004240954528
161350	0.002447704541
161351	0.0008004319434
161352	0.001383249644
161353	0.001877568255
161354	0.001543738865
161355	0.001675802866
161356	0.002631890899
161357	0.001868123314
161358	0.003913476365
161359	0.0001177770977
161360	0.0002743859296
161361	0.003287406622
161362	0.0005758853783
161363	0.0001149084848
161364	0.0004849899795
161365	0.0008221024045
161366	0.0005390066465
161367	0.007649381653
161368	7.548412485e-05
161369	0.0004166101133
161370	0.005118594955
161371	0.003968532153
161372	0.003925329061
161373	0.008948785781
161374	0.005136871277
161375	0.0004448954629
161376	0.001541453909
161377	0.0001055198929
161378	0.002582318519
161379	0.001490305539
161380	0.002486250408
161381	0.004922720077
161382	0.002031775264
161383	0.008680600558
161384	0.004284739687
161385	0.001031068672
161386	0.00501874381
161387	5.914923562e-05
161388	0.002140175429
161389	0.003904873192
161390	0.0001525790998
161391	0.004414853312
161392	0.008560095274
161393	4.194592805e-05
161394	0.002337416377
161395	0.006055404326
161396	0.0003849439429
161397	0.002309095865
161398	0.003678316496
161399	0.002136026975
161400	0.003177732706
161401	0.0004458097071
161402	0.0009367781922
161403	0.003491501785
161404	0.003663975597
161405	0.002931522492
161406	0.0001752538181
161407	0.01027948137
161408	0.004511937613
161409	0.003497939169
161410	0.001396125992
161411	0.0001368763211
161412	0.00371173138
161413	0.005407851624
161414	0.001684340553
161415	0.002198434215
161416	0.00133646938
161417	0.005093953087
161418	0.001662686804
161419	0.003437901877
161420	0.0004909652612
161421	0.003253803147
161422	0.001555611589
161423	0.000678584047
161424	0.0001768482856
161425	0.001136306159
161426	0.002336008222
161427	0.002208072132
161428	0.0002208737265
161429	0.004155159662
161430	8.433318396e-05
161431	0.001703748304
161432	0.002226885425
161433	0.0001547672986
161434	0.001266281722
161435	0.006318045345
161436	0.003299768191
161437	0.001073385395
161438	0.002411076624
161439	0.004509830184
161440	7.585395825e-06
161441	0.001314915219
161442	0.001467762642
161443	0.002483561091
161444	0.005472659817
161445	0.005876214393
161446	0.002353295091
161447	0.007205938672
161448	0.001023987994
161449	0.002146378396
161450	0.0002032318026
161451	0.000821637824
161452	0.0008519574169
161453	0.001073623349
161454	0.004914075538
161455	0.002036735739
161456	0.004730010705
161457	0.003771529122
161458	4.667186882e-06
161459	0.001237296914
161460	0.001000056057
161461	0.001180926456
161462	0.003511525581
161463	0.002046676346
161464	0.0009915892142
161465	0.0006726393408
161466	7.929681375e-05
161467	0.001718878002
161468	0.0004941276114
161469	0.0002377029193
161470	0.002497242139
161471	0.0008004954194
161472	0.002509332912
161473	0.002495198431
161474	0.001700319667
161475	0.0005609940246
161476	0.000523894923
161477	0.001898898117
161478	0.00371466208
161479	0.000381934937
161480	9.26746702e-05
161481	0.002484190723
161482	0.003108786353
161483	0.004080562216
161484	0.001269386708
161485	0.001966953659
161486	0.00167396031
161487	0.000136770359
161488	0.00456661279
161489	0.0001161791697
161490	0.001843482069
161491	0.001545247122
161492	0.0007439814011
161493	0.0007928690221
161494	0.0008121238588
161495	0.0008511661626
161496	0.001297150747
161497	0.0006045460055
161498	0.0002109245507
161499	0.001894603908
161500	0.001474749015
161501	0.000256708987
161502	0.0009758029386
161503	0.003242016084
161504	0.001853706752
161505	0.001715351506
161506	0.003736243387
161507	0.001521929435
161508	0.004413148594
161509	0.004918674956
161510	0.00298169655
161511	0.00376611672
161512	0.006119922597
161513	0.002076824753
161514	0.003496940357
161515	0.004167606461
161516	0.001699952569
161517	0.005495107329
161518	0.000264129772
161519	0.000577801143
161520	0.001187459213
161521	0.0008317218602
161522	0.001876587533
161523	0.003777493013
161524	0.003588472216
161525	0.002942872468
161526	8.415576493e-05
161527	0.001889595802
161528	0.003445701753
161529	0.001414539096
161530	0.002985428017
161531	0.002906167067
161532	0.001382202058
161533	0.004204466332
161534	0.0001433533513
161535	0.001210861978
161536	0.0005901297413
161537	0.003052372497
161538	0.001743603353
161539	0.0006208259982
161540	0.003677161306
161541	0.002977684241
161542	0.0003399055277
161543	0.0008873430391
161544	0.005111362536
161545	0.00321830792
161546	0.003708292033
161547	0.0006827793928
161548	0.004264412947
161549	0.002430949557
161550	0.003465001593
161551	0.0007605998066
161552	0.0008298959991
161553	0.002605361733
161554	9.62558187e-06
161555	0.0002373927995
161556	0.0001438973865
161557	0.00522392981
161558	0.0002820317415
161559	0.003891486591
161560	0.001230523132
161561	0.003090117445
161562	0.003979790183
161563	0.005925669677
161564	0.001640635997
161565	0.002264109291
161566	0.0001091443048
161567	0.003057876937
161568	0.0007689820113
161569	0.002055829574
161570	0.0005636181365
161571	0.0003292110904
161572	0.003208897031
161573	0.0001555538633
161574	0.001054135645
161575	0.001677004628
161576	0.001517339862
161577	0.003064819058
161578	0.0008959946736
161579	0.001153286935
161580	0.0007933884808
161581	0.002340257116
161582	0.003153884477
161583	0.002053569755
161584	0.0002539248392
161585	0.004409674293
161586	0.002691353213
161587	0.002395700162
161588	0.002152311549
161589	0.001484108088
161590	0.001959850525
161591	0.0003564190657
161592	0.0002494430039
161593	0.0009604605523
161594	0.0002482318082
161595	0.001270784124
161596	0.0008426679148
161597	0.003356874339
161598	0.0003663129907
161599	0.002179076612
161600	0.0001867877788
161601	0.001994330258
161602	0.002299666854
161603	0.001486606886
161604	0.0005589578606
161605	0.004547630313
161606	0.0026310465
161607	0.001116748612
161608	0.002862347793
161609	0.004124869077
161610	0.003925940846
161611	0.0004894544861
161612	0.001432021269
161613	0.001944128735
161614	0.004613309896
161615	0.003244019768
161616	0.005212589165
161617	0.00111570898
161618	0.006612343803
161619	0.008423802311
161620	0.001395663104
161621	0.000384165935
161622	0.0004215170376
161623	0.0003498965248
161624	0.0003591318978
161625	0.0007690669215
161626	0.002557174193
161627	0.002389764513
161628	0.003956342411
161629	0.0007042671591
161630	0.002322272229
161631	0.002093351941
161632	0.002597184932
161633	0.0006913281424
161634	0.003979515066
161635	0.003850819708
161636	0.003251099828
161637	0.0002932600648
161638	0.000652229477
161639	0.001395334761
161640	0.00729694605
161641	0.0004503622532
161642	0.002710944731
161643	0.0003194336307
161644	0.003963975169
161645	0.0009872582477
161646	0.0005431323503
161647	0.00544663982
161648	0.0003072472742
161649	0.004233647336
161650	0.0003012223345
161651	0.001814047168
161652	0.002151096921
161653	0.001276549604
161654	0.0006984212748
161655	0.001319054635
161656	0.0002333090446
161657	0.0007528749749
161658	0.0009887854265
161659	0.001123276776
161660	0.0007061794467
161661	0.0002476981714
161662	0.004813834355
161663	0.001147297194
161664	0.001384069357
161665	0.0001587246845
161666	0.0001768987415
161667	0.0004603077802
161668	0.005382959145
161669	0.002959312785
161670	0.003079673627
161671	0.00031015544
161672	0.001221981393
161673	0.001445280575
161674	0.0002966061781
161675	0.0002397050341
161676	0.003062695307
161677	0.0004563658039
161678	0.002614253856
161679	0.00327939714
161680	0.0001943993706
161681	0.002905341593
161682	0.001168910666
161683	0.0002445708783
161684	0.001084223997
161685	0.003344059641
161686	0.002574388504
161687	0.0002550210735
161688	7.175617686e-05
161689	0.0004415142355
161690	0.00209794993
161691	0.001153610569
161692	0.002798047486
161693	0.0004488340366
161694	0.0006661742726
161695	0.0008908086161
161696	0.0001819375785
161697	0.0004528431542
161698	0.001281309113
161699	0.002024213171
161700	0.0001783559322
161701	0.0006509877546
161702	0.0007820713687
161703	0.0001130466339
161704	0.004388149534
161705	0.004227793902
161706	0.0001884679092
161707	0.002149978054
161708	0.001282613623
161709	0.0001444396539
161710	0.0003399668032
161711	0.001448035849
161712	0.003998568434
161713	0.0003449280225
161714	0.00280345473
161715	0.0004773535397
161716	2.599948015e-05
161717	0.001671334491
161718	0.002284661927
161719	0.0009976648355
161720	0.0008042114378
161721	0.001555126278
161722	0.002489225608
161723	0.0003994219806
161724	0.001259962657
161725	0.001070014152
161726	0.00462759333
161727	0.0001380765597
161728	0.0004770004231
161729	0.000810678113
161730	0.0004997326358
161731	0.0006987389451
161732	0.0002283637688
161733	0.002958129723
161734	0.0008842647354
161735	0.0008409576772
161736	3.553129236e-05
161737	0.0001679171087
161738	0.004485053394
161739	0.0001117328317
161740	0.003270837433
161741	0.002285944232
161742	0.0005189559506
161743	0.0007138856989
161744	0.0003361660717
161745	0.00147816181
161746	0.001483745375
161747	0.00234423188
161748	0.002210202479
161749	0.003836534452
161750	0.0005968912912
161751	0.0007419694296
161752	0.001236234412
161753	0.0007440071578
161754	0.0003132935633
161755	0.0008174770933
161756	0.0005134686711
161757	0.002216010804
161758	0.0001495706148
161759	0.0002238350409
161760	0.0003013230007
161761	0.0004099552727
161762	0.0005142571881
161763	0.001569498876
161764	0.001391769644
161765	9.369102761e-05
161766	0.0005928934588
161767	0.001109922103
161768	8.67505401e-05
161769	0.003050190706
161770	0.0007059358607
161771	3.626533617e-05
161772	2.400587647e-05
161773	0.0006555277753
161774	0.0008528694026
161775	0.0005766976089
161776	0.001087501141
161777	0.001032602994
161778	5.439451733e-06
161779	0.000911490286
161780	0.003652806477
161781	0.0003846400242
161782	0.00118378617
161783	0.001192665688
161784	0.000435279177
161785	0.003790026654
161786	8.977557066e-06
161787	0.0007842783824
161788	0.0006824663105
161789	1.77276489e-08
161790	1.162323363e-05
161791	0.0002569921321
161792	0.00219298921
161793	4.552783116e-05
161794	0.003030271569
161795	0.0008317052225
161796	0.0003333818972
161797	0.0006107371302
161798	0.0002503244084
161799	0.001581020396
161800	8.737054016e-05
161801	0.001826262579
161802	0.002464685554
161803	8.766276569e-05
161804	0.0002146321212
161805	0.0001446667436
161806	0.00328637712
161807	0.0001056263655
161808	0.002839813555
161809	0.0004940180228
161810	0.0009612851908
161811	0.001674689209
161812	0.0008631513251
161813	0.004600180147
161814	0.002791666186
161815	0.0009048105404
161816	0.000479073173
161817	0.00152168613
161818	0.0003203511693
161819	0.00134847328
161820	0.001287220949
161821	0.0008603839557
161822	0.0005819870131
161823	0.0002733544703
161824	6.981624778e-05
161825	0.001275152401
161826	1.849126501e-05
161827	0.002259741203
161828	0.0002432182512
161829	0.0006087065504
161830	0.001935221683
161831	0.0002328456013
161832	0.001439725252
161833	0.0008780197456
161834	3.819817397e-05
161835	0.0008772469745
161836	0.0005379711645
161837	0.0003717881932
161838	8.026192111e-05
161839	0.0003581137478
161840	0.002397794437
161841	0.003024739124
161842	0.0008490422682
161843	0.0007255261648
161844	0.0007682049083
161845	0.0002902661568
161846	0.0006427860021
161847	0.0003815974416
161848	0.001854498045
161849	0.001245647232
161850	0.002254316724
161851	0.0001803583837
161852	0.0009305965768
161853	0.0004030042924
161854	0.0002227673654
161855	0.002405504692
161856	7.66374965e-06
161857	0.001630887659
161858	0.001252426007
161859	0.0003506853238
161860	0.001649237788
161861	0.003092275794
161862	0.0008388906219
161863	0.001837886349
161864	0.002978928399
161865	0.003471457229
161866	0.0008336122292
161867	0.0006264360353
161868	0.000126605891
161869	1.970070126e-05
161870	0.001297365868
161871	0.001978907841
161872	0.0007125905176
161873	0.0001800826251
161874	7.857645715e-05
161875	5.599067046e-05
161876	0.0002362156738
161877	0.0001105107478
161878	0.0009493174088
161879	0.001013001822
161880	0.0008401357675
161881	0.001807527435
161882	0.0009683373934
161883	0.002235080037
161884	0.0005754941516
161885	0.001617174871
161886	0.0002567620782
161887	0.000584358755
161888	0.0006203099192
161889	1.342860619e-05
161890	0.003488032849
161891	0.0004653114593
161892	0.00236834264
161893	0.002834470609
161894	0.0007372392683
161895	0.0041848822
161896	0.0003454925408
161897	0.003622425122
161898	0.0003313583528
161899	0.002652730658
161900	0.001517705258
161901	5.927934027e-05
161902	0.0001682498247
161903	0.0002675615087
161904	0.0021248079
161905	0.001200833941
161906	0.0003259837055
161907	7.658219058e-05
161908	0.001027793251
161909	0.000277709819
161910	0.001791671424
161911	0.003826462447
161912	0.0009438821939
161913	2.445562947e-06
161914	0.00128997201
161915	0.001257691019
161916	0.0003594068387
161917	0.001640146071
161918	0.001513942918
161919	0.000591802671
161920	0.0003850379435
161921	0.00386637978
161922	0.0007473501977
161923	0.0007486836839
161924	0.0004515476247
161925	0.002997440302
161926	8.687112633e-05
161927	0.001048832308
161928	0.000443066421
161929	0.00140038254
161930	0.0002826929559
161931	0.0001534530547
161932	0.001499169246
161933	0.0003102008407
161934	0.0003763433435
161935	0.0001791841157
161936	0.0003079378895
161937	0.001597875141
161938	4.037798825e-05
161939	0.0008501830849
161940	0.000861815283
161941	0.002903016719
161942	0.001763075215
161943	0.0007338168119
161944	0.0009839036622
161945	0.000735494971
161946	0.0008856715622
161947	0.0002309218612
161948	0.001399334806
161949	0.0003026129175
161950	0.0003326884942
161951	0.0001117191331
161952	0.004125972227
161953	0.002974357415
161954	0.0002110208714
161955	0.004644212917
161956	0.0005705881593
161957	1.186040624e-05
161958	0.000207643032
161959	0.001955331341
161960	0.001794433503
161961	0.0005526422168
161962	4.255022098e-05
161963	0.001622155689
161964	3.945652607e-05
161965	3.856058349e-05
161966	0.001959466838
161967	0.00104864933
161968	4.292382062e-05
161969	0.003045084082
161970	0.0001473950724
161971	9.47032794e-05
161972	0.0007853357131
161973	0.001398667809
161974	0.0001592557702
161975	0.000164739816
161976	0.006410012115
161977	0.0003401165672
161978	0.0007517962597
161979	0.0001321775243
161980	0.000459325376
161981	3.065182243e-05
161982	0.001874468129
161983	0.002092906065
161984	0.00186858999
161985	0.00151130271
161986	0.0004630292814
161987	0.001903772771
161988	0.001475635314
161989	0.0002995574782
161990	0.002575449857
161991	0.0005199616999
161992	4.89767393e-05
161993	3.36899458e-05
161994	0.0009108811612
161995	0.0007653864632
161996	0.000177369102
161997	0.001608276925
161998	6.039684531e-05
161999	0.0003000128734
162000	0.0004090013686
162001	0.0006415381784
162002	0.0007199935073
162003	0.001014561613
162004	0.002057414245
162005	0.0009349475111
162006	0.0005329865932
162007	0.001613617661
162008	0.000626050325
162009	0.002721267997
162010	0.002028382708
162011	0.002128673427
162012	0.0007683105529
162013	0.0007641873894
162014	0.002040268309
162015	0.001777338522
162016	0.00351005473
162017	0.0004568541735
162018	0.002295096567
162019	0.0002324241476
162020	0.0008468962622
162021	0.001431891636
162022	0.0006808803489
162023	0.002745486359
162024	0.00084659614
162025	0.0005946968516
162026	0.0005658165655
162027	4.501896504e-06
162028	0.001401934042
162029	0.0007714891352
162030	0.003478413259
162031	0.0002268670628
162032	3.30727827e-05
162033	0.0009216045393
162034	0.002030712592
162035	0.000848341001
162036	0.0003287645332
162037	0.002385963938
162038	0.0002453560067
162039	0.002614288161
162040	0.000558173486
162041	8.604722142e-05
162042	0.0004477525323
162043	0.0003151150328
162044	0.001619176783
162045	8.303348788e-05
162046	0.0007199542751
162047	0.00168382435
162048	0.0006783526749
162049	0.001472209491
162050	0.001668585426
162051	0.002505500516
162052	0.0004696248815
162053	0.0008961384483
162054	0.0001537992196
162055	0.0002065510854
162056	0.0002395955216
162057	0.002365773187
162058	0.001621411031
162059	0.001115336955
162060	0.002004836637
162061	0.001169195702
162062	0.002830195576
162063	0.0006813887421
162064	0.0004291878856
162065	0.001870551083
162066	3.140302785e-05
162067	4.288441898e-05
162068	0.002625701445
162069	2.43519503e-05
162070	0.00155230355
162071	0.0002409017891
162072	0.00178618208
162073	0.001441671338
162074	0.001738014562
162075	0.0004056427353
162076	0.0007597133154
162077	0.0005957892164
162078	0.001326264652
162079	0.005257802691
162080	0.001384435303
162081	0.002970128438
162082	0.001673532976
162083	0.001866707876
162084	0.0003920282404
162085	0.0005157957397
162086	0.001536794792
162087	0.0006917540229
162088	0.001979412849
162089	0.001272413589
162090	0.0009355886993
162091	2.946112295e-05
162092	0.0006874090378
162093	0.004230153725
162094	0.001287015764
162095	0.000503424626
162096	0.000454522653
162097	2.722944868e-05
162098	0.001263972705
162099	0.002284114861
162100	0.00214416942
162101	0.0001967565404
162102	0.0001210383751
162103	1.201937103e-05
162104	0.002751096195
162105	0.0007517762022
162106	0.0004361883736
162107	0.0001349448489
162108	0.001751666089
162109	0.001102935578
162110	0.0002933732463
162111	0.0007850085514
162112	0.0003516676432
162113	0.002442647497
162114	0.0005434478281
162115	0.001106000338
162116	0.0001178710881
162117	0.000356418592
162118	0.001043492709
162119	0.0004304667944
162120	0.0005294492229
162121	0.00092590726
162122	0.0005330273509
162123	0.0004026476643
162124	0.0002903240384
162125	1.743670959e-05
162126	0.0003096557482
162127	0.0007734797476
162128	0.000377113098
162129	0.0005218945529
162130	0.001020885366
162131	0.0004721648196
162132	1.255223688e-05
162133	0.0003018578507
162134	0.0004556906268
162135	0.0007007327294
162136	0.002675398453
162137	0.0008543029831
162138	8.111941216e-05
162139	6.056803669e-05
162140	0.0001356273392
162141	0.001220099145
162142	0.0002183784233
162143	0.003587605229
162144	0.001476932758
162145	0.0001755282436
162146	0.003445166243
162147	0.001018873729
162148	0.0003665345942
162149	0.001571202694
162150	0.003059240685
162151	4.038482818e-06
162152	0.0001266226002
162153	0.0008831122889
162154	0.002959297727
162155	8.867516066e-05
162156	0.002119504581
162157	0.0002077391447
162158	0.0006530291938
162159	0.002902433187
162160	0.003147477176
162161	0.002757599107
162162	0.001356855237
162163	0.0005364618715
162164	0.001490763311
162165	0.000317089877
162166	0.0007114992512
162167	0.001440416211
162168	0.001886539381
162169	0.00192808197
162170	0.005888852711
162171	0.0001912143192
162172	0.0002018017855
162173	0.001345206789
162174	8.355709418e-05
162175	0.0002151158014
162176	0.001347216621
162177	0.0006302042824
162178	0.0007991628543
162179	0.0008740846656
162180	0.002782486993
162181	0.001741373446
162182	0.000184918229
162183	0.0001917783486
162184	0.0004147034769
162185	0.003132621158
162186	0.0002863339171
162187	0.0006955027751
162188	0.0006073538914
162189	0.00197662996
162190	0.001632130782
162191	6.505392055e-05
162192	0.0004271848799
162193	0.002574571662
162194	0.0001531200702
162195	0.0001545669642
162196	0.0005244157377
162197	0.002312966574
162198	9.855354318e-05
162199	0.003043934953
162200	0.002329261749
162201	0.0004152925451
162202	0.0004008897502
162203	0.005624749299
162204	0.001617945447
162205	0.0003287388562
162206	0.0004546214385
162207	0.002463141666
162208	0.0002144491401
162209	0.0005943692812
162210	0.0009405947456
162211	0.0007590097683
162212	0.002420200637
162213	0.002459488529
162214	0.000460418971
162215	0.001301946226
162216	0.001537725341
162217	0.0002721322234
162218	0.0002739478462
162219	0.0004747055902
162220	0.00316953552
162221	0.0004313475587
162222	0.002586868727
162223	0.0001488795859
162224	0.001904963301
162225	0.0001836284723
162226	0.002066337578
162227	0.00310175277
162228	0.0007023000194
162229	0.002110880532
162230	0.007029242817
162231	0.001069330225
162232	0.0002341582751
162233	0.001288887281
162234	0.003416007137
162235	0.001786930803
162236	4.912213831e-05
162237	0.002608458926
162238	0.002706242942
162239	0.0002375171124
162240	0.003040691407
162241	0.0001252733376
162242	0.002753139987
162243	0.001049986517
162244	0.0002361469247
162245	0.001466601841
162246	0.0006955729173
162247	0.0006735504205
162248	0.0003354992584
162249	0.001414972042
162250	0.001046765273
162251	0.001263861625
162252	0.0005446662211
162253	0.0004361971079
162254	0.002183583902
162255	0.000758299722
162256	0.003591962282
162257	0.0003202648037
162258	0.0004570624096
162259	0.0005922399824
162260	8.418766804e-05
162261	0.00399557523
162262	0.0009486714916
162263	0.003763481289
162264	0.0005030143297
162265	0.0005226840626
162266	0.00189056423
162267	0.001122836558
162268	0.001140862873
162269	0.00152624259
162270	0.0003612683643
162271	0.0007472189818
162272	0.002921377676
162273	0.0002825595204
162274	0.0004898209006
162275	3.899593755e-05
162276	0.0004758555427
162277	0.001719376387
162278	0.000108756797
162279	0.0003466745056
162280	0.003881945758
162281	0.0008139415348
162282	0.001133135761
162283	0.000814473059
162284	0.0001356595277
162285	0.002384548136
162286	0.0004216014446
162287	0.002123505969
162288	0.003085176917
162289	0.0007326119362
162290	0.005204169317
162291	0.0003936259955
162292	0.001667024085
162293	0.0003325900272
162294	0.001789654037
162295	0.0002729723793
162296	0.0009177622709
162297	0.001830819573
162298	0.001948340265
162299	4.672100255e-05
162300	0.00135750252
162301	0.003916580453
162302	0.001499436676
162303	0.002163079844
162304	0.00205811488
162305	0.001323096215
162306	0.0008058673553
162307	0.001170075713
162308	0.0002896863147
162309	0.001019293503
162310	0.003885190462
162311	0.0005455795383
162312	0.001373744632
162313	0.002279563336
162314	0.004835083998
162315	0.0005695023918
162316	0.000989973606
162317	0.0002258140047
162318	0.002172653789
162319	0.002581223083
162320	0.005009094091
162321	0.0014450813
162322	0.001032385601
162323	0.001572839966
162324	0.0004712331854
162325	0.003176222196
162326	0.002030013734
162327	0.0007115922962
162328	0.0002186195331
162329	0.0003261005482
162330	0.002605087298
162331	0.001580043427
162332	0.001376158311
162333	0.003184338628
162334	0.003091393588
162335	0.0006413361567
162336	0.0006481729538
162337	0.001435877119
162338	0.0007332572868
162339	0.001495642911
162340	0.0009617996344
162341	0.001642112511
162342	0.003219618661
162343	0.001435749479
162344	0.002190007423
162345	0.001043475191
162346	0.00176573899
162347	0.00140954718
162348	0.001703606806
162349	0.00114779265
162350	0.001677054157
162351	0.004788747501
162352	0.0044094286
162353	0.0009151576405
162354	0.002170070076
162355	0.004341750055
162356	0.001735733507
162357	0.006875626974
162358	0.006670798557
162359	0.0002164291498
162360	0.003035462151
162361	0.0005092761992
162362	0.0008594074677
162363	0.002283936769
162364	0.004142272238
162365	0.003132298818
162366	0.0002719873937
162367	0.001743746759
162368	0.001064615387
162369	0.001340338025
162370	0.004269335058
162371	0.0001574217248
162372	0.0001219999836
162373	0.002741482834
162374	0.001902235155
162375	0.003110541379
162376	0.001311120098
162377	0.005605441042
162378	0.003812314274
162379	0.004240315088
162380	0.004098931573
162381	0.001919609123
162382	0.002688064094
162383	0.005515041934
162384	0.001607033873
162385	0.007382795237
162386	0.0001526146989
162387	0.007740864668
162388	0.000826426848
162389	0.002586101894
162390	0.001043629211
162391	0.0007000105074
162392	0.001159007879
162393	0.002317397232
162394	0.002383727338
162395	0.001984434795
162396	0.0004644227393
162397	0.004886632997
162398	0.001236317048
162399	0.001055037942
162400	0.001461890665
162401	0.001816503952
162402	0.002515528166
162403	0.001167513028
162404	0.003650444736
162405	0.002121318276
162406	0.001936758351
162407	0.003934519987
162408	0.001228728389
162409	0.002105402102
162410	0.00271593152
162411	0.001774297906
162412	0.005435478343
162413	0.0002346185747
162414	0.0002076749121
162415	9.063744329e-05
162416	0.004066646113
162417	0.00299670594
162418	0.0005184730964
162419	0.0002834335441
162420	0.0065771399
162421	0.0004383063339
162422	0.001494023347
162423	0.0005222160204
162424	0.002097565796
162425	0.0004166964485
162426	0.002311712905
162427	0.002094856387
162428	0.0002775628447
162429	0.001897505778
162430	0.000608575409
162431	0.001557877683
162432	0.0004360572275
162433	0.001122375737
162434	0.0002894989965
162435	0.0006934390593
162436	0.002137991179
162437	0.001398084096
162438	0.001889092294
162439	0.0003845836655
162440	0.001069462091
162441	0.00167399853
162442	0.003402300896
162443	0.001613534566
162444	5.569737713e-05
162445	0.001195016887
162446	0.003349094397
162447	0.0007400145101
162448	0.001592245617
162449	1.175197433e-07
162450	0.003096251866
162451	0.0002572303218
162452	0.00094579875
162453	0.0002182669458
162454	0.004120271918
162455	0.0004653167516
162456	0.004110506472
162457	0.002710129
162458	0.0025935709
162459	0.001340623799
162460	0.0006674823425
162461	0.001641399
162462	0.003583028859
162463	0.003176660229
162464	0.002381694717
162465	0.003303447472
162466	0.00337218685
162467	0.001293237483
162468	0.003322360475
162469	0.003247539718
162470	0.0006912398468
162471	0.001102096048
162472	0.0001249896367
162473	0.002715439183
162474	0.0005431271807
162475	0.002464097815
162476	0.0008627408963
162477	0.001108954585
162478	0.0007633790894
162479	0.002418713664
162480	0.002396426086
162481	0.004155679379
162482	0.005536833874
162483	0.0004369434246
162484	0.002570344876
162485	0.0004262447731
162486	0.0002285438926
162487	0.002327855031
162488	0.000584249053
162489	0.0002870616251
162490	0.002385175078
162491	0.003404647476
162492	0.002425012383
162493	0.004040097765
162494	0.005250710605
162495	0.002769364246
162496	0.003510228191
162497	0.001315602286
162498	0.003433304359
162499	0.003257386831
162500	0.000133480726
162501	0.002241611382
162502	0.003007057872
162503	0.001425729522
162504	5.375738517e-05
162505	0.001805749677
162506	0.001663049002
162507	0.002341548744
162508	7.741092535e-05
162509	0.001504746951
162510	0.002154223455
162511	0.0004193208611
162512	0.002067284105
162513	0.002587960153
162514	0.003077311598
162515	0.001489830892
162516	0.002325246643
162517	0.003804259806
162518	0.00303555555
162519	0.004267751588
162520	0.002572170309
162521	0.0003852804616
162522	0.002122340928
162523	0.000663835433
162524	0.000458652643
162525	0.002626837611
162526	0.0002238392011
162527	0.000192048494
162528	0.001930354008
162529	0.001454165605
162530	0.0004396638614
162531	0.001413827208
162532	0.00192900673
162533	4.139098708e-05
162534	0.001823443465
162535	0.0008695956594
162536	0.001681484691
162537	0.0009312817062
162538	0.0009646785874
162539	0.00201015998
162540	0.002641212396
162541	0.004179245339
162542	0.0001280131063
162543	0.001504477942
162544	0.001927374738
162545	0.002427332419
162546	0.004035846962
162547	0.0002152368092
162548	8.637678342e-05
162549	0.0005353871977
162550	0.003503670839
162551	0.002385243861
162552	0.0003609363288
162553	0.001033539209
162554	0.001533568163
162555	0.00278991302
162556	0.0006645800412
162557	0.000964690061
162558	0.0008128192199
162559	0.00194542127
162560	0.0001579429162
162561	0.003583260245
162562	0.002000915683
162563	0.001131129335
162564	0.0003291155979
162565	0.003479792698
162566	0.002174803752
162567	0.001515318744
162568	0.001529237912
162569	0.0006680267089
162570	0.0002838094817
162571	0.002381594939
162572	0.001311192111
162573	0.000850284083
162574	0.002039641283
162575	0.002626513083
162576	0.003181332575
162577	0.00276442407
162578	0.001859200066
162579	0.0009796098932
162580	0.0007481185004
162581	0.00373980726
162582	0.003886589856
162583	0.003381087267
162584	0.0006730231043
162585	0.004698060217
162586	0.0007283672526
162587	0.003505713841
162588	0.001964635621
162589	0.000974695338
162590	0.0002103316909
162591	0.0002778865632
162592	0.0005152964691
162593	0.002636422998
162594	0.002887035205
162595	0.002012996036
162596	0.001787057917
162597	0.001297292767
162598	0.002429759935
162599	0.0007347529473
162600	0.000967732717
162601	0.00104295571
162602	0.00175952625
162603	0.001301639007
162604	0.003811688875
162605	0.003331479243
162606	0.0002017390674
162607	0.002844459298
162608	0.0006627915647
162609	0.002461442139
162610	0.000895474801
162611	0.002791196134
162612	0.001485570617
162613	0.000446595599
162614	0.004062876581
162615	0.002487026916
162616	0.002266412957
162617	0.0002353046767
162618	0.0001145138369
162619	0.002534208763
162620	0.001195994835
162621	0.001707213339
162622	0.002597797545
162623	0.0004932103529
162624	0.0005291376825
162625	0.001445929615
162626	0.001244806977
162627	0.001562181056
162628	2.585195893e-05
162629	0.0007943155549
162630	0.003125918805
162631	0.00509089767
162632	0.002675096831
162633	0.007640308738
162634	0.0003393077601
162635	0.0001843986888
162636	0.0003845958047
162637	0.001631142881
162638	0.001409649179
162639	0.004083936432
162640	0.001549730178
162641	0.0001974744332
162642	0.001634923417
162643	0.001515562629
162644	0.0001054351972
162645	0.0009705604382
162646	0.0005284541437
162647	0.002330628416
162648	0.003069497528
162649	0.002091906065
162650	0.001090480256
162651	0.0005196222738
162652	0.0007416000035
162653	0.0002541307108
162654	4.678497565e-06
162655	0.0009768173308
162656	0.001506550242
162657	0.000602523595
162658	0.0001991780312
162659	0.0003122910628
162660	0.001764868745
162661	0.001423930996
162662	0.003071113592
162663	0.000851759946
162664	0.001068087519
162665	0.000529922625
162666	0.000445269708
162667	0.001684293233
162668	0.001356750333
162669	0.0003159152323
162670	0.001272629012
162671	0.001374897125
162672	0.0008596013434
162673	0.0002402341038
162674	1.814738412e-08
162675	0.0004099588146
162676	5.666111929e-05
162677	0.0002755245455
162678	0.0002520598295
162679	6.791314253e-09
162680	0.001615786173
162681	0.002516517787
162682	0.002109154117
162683	0.003812915719
162684	0.002061762513
162685	0.004822876419
162686	0.002818356102
162687	0.00314485573
162688	0.0008593690758
162689	0.003347779091
162690	0.0004955652913
162691	0.0008444313773
162692	0.0009437585617
162693	0.006413758114
162694	0.0008891782013
162695	0.000117422878
162696	0.000538585179
162697	0.001305875835
162698	0.004198302782
162699	0.001307656396
162700	0.002275465403
162701	0.002734516245
162702	1.561534694e-05
162703	0.001520341963
162704	0.001812123413
162705	0.0007677370625
162706	0.000283979413
162707	0.0007219343671
162708	0.000373524546
162709	0.001282643791
162710	0.0004881305597
162711	0.0003405640668
162712	0.0001529407926
162713	5.159272521e-05
162714	0.000193596073
162715	0.002267123434
162716	0.003667714518
162717	6.355599952e-05
162718	0.0006797153714
162719	0.0008224221797
162720	0.0004681047856
162721	0.0009721060579
162722	0.0006599970118
162723	0.000556580291
162724	0.00104249427
162725	0.0005055144915
162726	0.001386373408
162727	0.0002757962071
162728	0.0002018845802
162729	0.001452159675
162730	4.04017366e-06
162731	0.0001918561337
162732	7.722389553e-05
162733	3.56016844e-05
162734	5.244166303e-05
162735	0.000443838063
162736	0.0001463136161
162737	0.0003728277871
162738	3.775686863e-05
162739	0.0006336070829
162740	0.006959335081
162741	0.0001895199734
162742	0.002544505177
162743	0.0001136007889
162744	0.001146755249
162745	0.0007903648577
162746	0.003908690995
162747	0.00280272645
162748	0.005353326127
162749	0.000820743557
162750	0.001079861149
162751	0.007006211348
162752	0.005535868464
162753	7.083744195e-05
162754	0.0004858079728
162755	0.000168481161
162756	0.003005641285
162757	0.0004656821779
162758	0.002431436541
162759	0.004973204513
162760	0.002214344173
162761	0.001543855294
162762	0.002884179125
162763	0.002504528468
162764	0.001011377685
162765	0.001810620796
162766	0.004556321493
162767	0.003228947808
162768	1.641153252e-05
162769	0.001079731495
162770	0.003869320118
162771	0.0005983543188
162772	0.0004254903119
162773	0.0009824418305
162774	0.001080893588
162775	0.001121588139
162776	0.001351192157
162777	0.001105086572
162778	0.002929348887
162779	0.0008144970645
162780	0.001104393433
162781	0.001662503028
162782	0.003708453558
162783	0.0042296923
162784	0.0008954145673
162785	0.002064397951
162786	0.001250093217
162787	0.003405523534
162788	0.002719121305
162789	0.0009734170746
162790	0.0009129270667
162791	0.0024461578
162792	0.001978747982
162793	0.001749505174
162794	0.002534142589
162795	0.0005319987631
162796	0.002089529244
162797	0.001176283649
162798	0.001356785381
162799	0.00103738541
162800	0.002908826329
162801	0.002423949967
162802	0.004797784913
162803	0.001581315369
162804	0.003048575048
162805	0.00358853212
162806	0.0009334530032
162807	0.0005389705497
162808	0.004491475126
162809	0.0006272925798
162810	0.000387649417
162811	0.004216053642
162812	0.0006251799767
162813	0.001768368185
162814	0.002238395101
162815	0.0001747387366
162816	0.001801364887
162817	0.002060727026
162818	0.001218987282
162819	0.001761240015
162820	0.002416122439
162821	0.004313480484
162822	0.00176938375
162823	0.001443031904
162824	0.0004824569538
162825	0.001659191654
162826	0.0003999534581
162827	0.002027221036
162828	0.00185824427
162829	0.001953095281
162830	0.00167534007
162831	0.001658330465
162832	0.002581471456
162833	0.001283751621
162834	0.003378105062
162835	0.0006478745936
162836	0.0003771633955
162837	0.0003599031344
162838	0.0002447407905
162839	8.619523432e-05
162840	0.0002497601165
162841	0.0004182811802
162842	0.0003089577558
162843	0.000794051452
162844	0.0009291730225
162845	0.000778816513
162846	0.001184300785
162847	4.027832107e-05
162848	1.649175699e-05
162849	0.001179479356
162850	0.0008593041466
162851	0.0009622623459
162852	0.0005083936145
162853	0.0002831159689
162854	0.003302785021
162855	0.00086538376
162856	7.519838003e-05
162857	0.0002318386566
162858	0.001516049014
162859	0.0003211844841
162860	0.0006724098282
162861	0.001047286918
162862	0.0005730781448
162863	0.0001155983949
162864	0.0006734820314
162865	0.0006873419973
162866	0.0007541274414
162867	0.002249455974
162868	1.299359604e-05
162869	0.0007901778489
162870	0.0008887674598
162871	0.0006290679873
162872	0.0007182785836
162873	0.0006404128243
162874	0.0003944409355
162875	0.0002796342094
162876	0.00188155787
162877	0.002122529227
162878	0.000604895516
162879	0.001953237716
162880	0.00149747421
162881	0.001165161282
162882	0.0005411713882
162883	0.0007862263078
162884	0.001396391619
162885	0.001606763081
162886	0.002592836265
162887	2.653444426e-05
162888	0.0007971280697
162889	0.0001480208141
162890	0.004906150826
162891	0.0007109018134
162892	2.688961229e-08
162893	0.0007409819042
162894	0.0007466552818
162895	0.0004937330754
162896	0.003500436745
162897	0.003153037107
162898	0.002686183465
162899	0.0003352918847
162900	7.150121856e-05
162901	4.219031922e-06
162902	0.002976511204
162903	0.002784780673
162904	6.286870355e-07
162905	0.0002409780847
162906	0.002920934138
162907	5.672953852e-05
162908	0.0005603304694
162909	0.004285956772
162910	0.003527408622
162911	0.000243294812
162912	0.002780050585
162913	0.002190344591
162914	0.004593926315
162915	0.0009180461716
162916	0.001524218312
162917	0.001920950443
162918	0.001802613354
162919	0.001652807769
162920	0.001231655032
162921	5.266251331e-05
162922	0.003000540056
162923	0.002513299571
162924	0.00184035392
162925	0.003071872858
162926	0.004017902174
162927	6.156041948e-05
162928	0.003076640929
162929	0.004429632932
162930	0.001835207322
162931	0.001148344307
162932	0.0005925367269
162933	0.000809168621
162934	0.002580941971
162935	4.517459512e-05
162936	0.001784266667
162937	0.003997821262
162938	0.008889983545
162939	0.002653265194
162940	0.004197009612
162941	0.005004021275
162942	0.00259540373
162943	0.002019226831
162944	0.005543969281
162945	0.003966108787
162946	0.005025600184
162947	0.0001693610771
162948	0.002046783034
162949	0.0009052543472
162950	0.002865346077
162951	0.004012115267
162952	1.007186872e-07
162953	0.002378272921
162954	0.003862764895
162955	0.002713055335
162956	0.001860700802
162957	0.0001152351384
162958	0.004053112946
162959	0.0006338164366
162960	0.0008385930286
162961	0.004598806253
162962	0.0003712826428
162963	0.004740798599
162964	0.002125371745
162965	0.001345005642
162966	1.698322521e-05
162967	0.004951053214
162968	0.003399696352
162969	0.003163799589
162970	0.002162978244
162971	0.0003262206092
162972	0.002332702647
162973	0.004870233676
162974	0.0007333396748
162975	0.0009249289006
162976	0.00211550489
162977	0.000640397696
162978	0.003742320199
162979	0.001092795118
162980	0.002198436834
162981	0.0007704524984
162982	0.002925438498
162983	0.002446362351
162984	0.004500982901
162985	0.001500519256
162986	0.002660723243
162987	0.0005628939321
162988	0.0003473868692
162989	0.01095942389
162990	0.002210624979
162991	0.002281026433
162992	0.000301130639
162993	0.002333790869
162994	0.004257530816
162995	0.0004999764939
162996	0.003518425793
162997	0.001229337804
162998	0.001414063139
162999	0.001837389843
163000	0.004187910895
163001	0.001567297319
163002	0.00257886182
163003	0.001918286231
163004	0.00231296496
163005	0.002047728433
163006	0.003104202155
163007	0.001927254136
163008	0.0006222544313
163009	0.0002209083771
163010	0.004500674844
163011	0.005274997444
163012	0.002958294589
163013	0.003478331532
163014	0.0007685589739
163015	0.002275264068
163016	0.002648930555
163017	0.001794208288
163018	0.0008318731423
163019	0.0007496747876
163020	0.006809296213
163021	0.004912872974
163022	0.003983705815
163023	0.001285548293
163024	0.0001681165866
163025	0.003347512087
163026	0.00111089877
163027	0.002243910841
163028	0.0005476601969
163029	0.001837191869
163030	0.003628983615
163031	0.0008776322743
163032	0.004021920899
163033	0.004060119359
163034	0.003726777651
163035	0.000229425198
163036	0.001784116342
163037	0.0007518013857
163038	0.001051036623
163039	0.002551336055
163040	0.005278025323
163041	0.003139947784
163042	0.001282657119
163043	0.004649397965
163044	0.004030287578
163045	0.0008444469207
163046	0.00300026694
163047	0.001167293066
163048	0.002322764331
163049	0.004023510853
163050	0.00310687741
163051	0.0006811204749
163052	0.000926151506
163053	0.0004699429992
163054	0.007823633541
163055	0.0007180787756
163056	0.0010967157
163057	0.00130370458
163058	0.0004953122237
163059	0.001509359718
163060	0.0004676043188
163061	0.003228139711
163062	0.002153228366
163063	0.001446751654
163064	0.001432806149
163065	0.0022200051
163066	0.005991437828
163067	0.001115190074
163068	0.0003416669212
163069	0.002571362561
163070	0.003200457453
163071	0.001328369507
163072	0.001652570844
163073	0.002141683698
163074	0.003662755653
163075	0.003144122649
163076	0.0007661253002
163077	0.004454948026
163078	0.001353233691
163079	0.002367993126
163080	0.0005667902032
163081	0.00117212752
163082	0.001901448265
163083	0.0003518742131
163084	0.002216322258
163085	0.004591776372
163086	0.001345210744
163087	0.001678074996
163088	0.002901457784
163089	0.003502521669
163090	0.0007251854169
163091	0.002876210954
163092	0.0008425173173
163093	0.0003242365549
163094	0.002622300871
163095	0.0003841832692
163096	0.0006411099541
163097	0.0005899632989
163098	0.0002183239705
163099	0.00205001433
163100	0.0006778767833
163101	0.002923868541
163102	0.002177302102
163103	0.003883694648
163104	0.004379789965
163105	0.004483913376
163106	0.001753559288
163107	0.005952948769
163108	0.004520585736
163109	0.001492065682
163110	0.001610506175
163111	0.008996018788
163112	0.001095582071
163113	0.002260630593
163114	0.003537385668
163115	0.002375641917
163116	0.006326734161
163117	0.002764999738
163118	0.0007326277843
163119	0.00208653257
163120	0.0003826476652
163121	0.0009886524288
163122	0.002269122926
163123	0.0004258574375
163124	0.0007315457894
163125	0.001034716985
163126	0.001987729347
163127	0.002172409075
163128	0.005546011927
163129	0.0006590904083
163130	6.136345058e-05
163131	0.001242305924
163132	0.0002327721567
163133	3.554836595e-05
163134	0.001348653378
163135	0.006759519806
163136	0.002218743761
163137	0.001031654957
163138	0.002046375762
163139	0.00336759519
163140	6.069169553e-05
163141	0.007223274274
163142	0.0006504114056
163143	0.0007042048254
163144	0.0006938987207
163145	0.001214962283
163146	0.0005272029771
163147	0.002130866689
163148	0.0043086577
163149	0.0006890923288
163150	0.003535367969
163151	0.008461071985
163152	0.003978216274
163153	0.002135029584
163154	0.0004873423111
163155	0.0001109425488
163156	8.566127783e-05
163157	2.53841224e-05
163158	0.0006865050948
163159	0.0001918685068
163160	0.0007507174883
163161	0.001590080373
163162	0.001388672472
163163	0.0004559105137
163164	0.0005375902479
163165	0.002629947642
163166	0.00265215685
163167	0.002338654577
163168	0.003032176589
163169	0.001551814678
163170	0.002656994136
163171	0.003564967202
163172	0.001759899184
163173	0.001317325127
163174	0.002835745069
163175	0.003821755514
163176	0.004086471791
163177	0.003500844784
163178	0.000345310256
163179	0.00100009197
163180	0.0009018207016
163181	0.0002105817635
163182	0.005561642253
163183	0.001701140198
163184	0.001137194632
163185	0.000877253094
163186	0.001646714674
163187	0.0001275171177
163188	0.0004716681539
163189	0.0002928706823
163190	0.0001522501592
163191	0.002155923369
163192	0.00108246769
163193	0.0001779710779
163194	0.001949925788
163195	0.001251995607
163196	0.002489330783
163197	3.384870777e-05
163198	0.002731461121
163199	0.002172968518
163200	5.750476955e-05
163201	1.699042369e-05
163202	3.803246063e-05
163203	0.0005050903622
163204	0.0002333973842
163205	0.0008568238291
163206	0.0002300177519
163207	0.002287334299
163208	0.002402307579
163209	0.0002997395361
163210	0.00447392999
163211	0.005270452734
163212	0.002673975204
163213	0.002540794336
163214	0.005433336595
163215	0.003819655042
163216	0.00104792411
163217	0.0004169770692
163218	0.002489771705
163219	0.003038324109
163220	0.0003164651629
163221	0.000131732805
163222	0.0007275402096
163223	0.0006898711852
163224	0.003517839033
163225	2.89151005e-05
163226	0.002615166858
163227	0.0003663697188
163228	0.00264492627
163229	0.001538741863
163230	0.001945556549
163231	0.004497404876
163232	0.004789383237
163233	0.0009065861342
163234	0.001908614483
163235	0.001816978732
163236	0.001576426936
163237	0.007373057823
163238	0.0002409700503
163239	0.0004575916497
163240	0.0005846283682
163241	0.003557149487
163242	0.004835497661
163243	0.0006303301501
163244	0.009468971316
163245	0.001409658183
163246	0.0004093952511
163247	0.0001806916922
163248	0.0001725297049
163249	0.0004477808095
163250	0.0004581477737
163251	0.005810031233
163252	0.000847774625
163253	6.589346012e-05
163254	0.000493135879
163255	0.003733817245
163256	0.0005863880681
163257	0.002526806727
163258	0.000235126225
163259	6.646469633e-05
163260	0.001122039163
163261	0.002304030057
163262	0.001851534958
163263	0.0009748771991
163264	7.180207326e-05
163265	0.001174219851
163266	0.00011084276
163267	0.003449088877
163268	0.004735174542
163269	0.001518765059
163270	0.002805389213
163271	0.001988426943
163272	0.0002964564567
163273	0.001610946488
163274	0.0001911381433
163275	0.0001432848471
163276	0.003245962801
163277	0.00314089268
163278	0.003689670337
163279	0.004344152198
163280	0.001920117168
163281	0.0008991884434
163282	0.0003407596238
163283	0.0005852225268
163284	0.004388962699
163285	0.002012214081
163286	0.00339898688
163287	0.001969377955
163288	0.0003665536063
163289	0.000845989333
163290	0.003487634344
163291	0.003244985036
163292	0.00415569819
163293	0.001659950493
163294	0.002652888514
163295	6.270082767e-05
163296	0.002755496324
163297	0.00405993208
163298	0.0005426914412
163299	0.003764434523
163300	0.0002245066976
163301	0.002012825995
163302	0.0009268086328
163303	0.0004571304919
163304	0.0003076711278
163305	0.0007843138867
163306	0.002240860751
163307	0.001132658069
163308	0.001293483449
163309	0.002351310788
163310	0.001724995173
163311	0.0009044428446
163312	0.003654359995
163313	0.002223490434
163314	0.0003893676123
163315	0.0001135780416
163316	0.004010630261
163317	0.0003256846798
163318	0.002891692778
163319	0.002337512382
163320	0.001558285616
163321	0.0004025133843
163322	0.00112303542
163323	0.0008163446765
163324	0.0005237346189
163325	0.003416187439
163326	0.0004567937196
163327	0.00127229678
163328	0.0009461725714
163329	0.002546357027
163330	0.0004705524639
163331	0.001320392781
163332	0.003501743343
163333	0.005164879779
163334	0.0004738121191
163335	0.003109297207
163336	0.000696577017
163337	0.001113932804
163338	0.0009827096847
163339	0.0008783262963
163340	0.001265211728
163341	0.001119564953
163342	0.001575622157
163343	0.0007658265596
163344	0.001394618149
163345	0.001343589376
163346	0.002583567842
163347	0.001121701538
163348	0.0007019302843
163349	0.001380332272
163350	0.0004219136015
163351	0.0008955152162
163352	0.00213986126
163353	0.0001317185232
163354	0.0002687035875
163355	0.002780846905
163356	0.001357371347
163357	0.0003667851228
163358	0.00435451381
163359	0.002446275731
163360	0.001331813491
163361	0.006591812664
163362	0.0002982627781
163363	0.0005478050266
163364	0.00380837564
163365	0.003150007574
163366	0.001576479505
163367	0.000911072611
163368	0.0002725843923
163369	0.004820807309
163370	0.001544648819
163371	0.002045609673
163372	0.001919851586
163373	0.002047302299
163374	0.001180141894
163375	0.002587479584
163376	0.004178756245
163377	0.005762994458
163378	0.00136802125
163379	0.004202992577
163380	0.001239000176
163381	0.0003535406551
163382	0.0002866575129
163383	0.006702189641
163384	0.000116149619
163385	0.005384140831
163386	0.002595795476
163387	0.002039571534
163388	0.000879696103
163389	0.001555310632
163390	6.91819633e-05
163391	0.007823714565
163392	0.001404669187
163393	0.0003584793276
163394	0.002340213747
163395	0.001984383507
163396	0.001370460326
163397	0.003846532042
163398	0.0003884173447
163399	0.0006315567497
163400	0.0004030836962
163401	0.003263758604
163402	0.005698903371
163403	0.0008159376824
163404	0.0005687900289
163405	0.001809444716
163406	0.0005865522499
163407	0.003491591846
163408	0.0003137783424
163409	0.001153647381
163410	0.003607055601
163411	0.0008194659244
163412	0.002713976409
163413	0.005680148211
163414	0.001321252827
163415	0.002565551659
163416	0.0002877845416
163417	0.0001364084537
163418	0.001225873419
163419	5.630143305e-05
163420	8.63212724e-05
163421	0.0005562810146
163422	0.003238617616
163423	0.001533692196
163424	0.00318132541
163425	0.001548704234
163426	0.005439269463
163427	0.0002314246253
163428	0.0002696514188
163429	0.001862862925
163430	0.003970500772
163431	0.002586806029
163432	0.001219676322
163433	0.0009898291736
163434	0.005731613765
163435	0.000779543515
163436	0.002283051556
163437	0.001523122199
163438	1.141399341e-05
163439	3.532489046e-05
163440	0.003069705401
163441	0.003698890339
163442	0.002319233234
163443	0.003218505898
163444	0.0002671466087
163445	0.0009425562248
163446	0.00356775619
163447	0.0005721809503
163448	0.000108749127
163449	0.00191937247
163450	0.00132040578
163451	0.0008586341457
163452	0.001947361491
163453	0.001907482271
163454	0.002340400422
163455	0.00488399622
163456	0.0004646370793
163457	0.004109853283
163458	0.0001649249322
163459	0.001974689971
163460	0.002020381754
163461	0.0007006632183
163462	0.004762838532
163463	0.00304492387
163464	0.002208738292
163465	0.0003756601656
163466	0.002980616954
163467	0.004124447365
163468	0.0006833268844
163469	0.002201876377
163470	0.00112458618
163471	0.003942380438
163472	0.002361338316
163473	0.00262341551
163474	0.000150024765
163475	0.0004603836136
163476	0.0001938882081
163477	0.009259360877
163478	7.489547165e-05
163479	0.000111705796
163480	0.005073382095
163481	0.0002503967534
163482	0.00429029045
163483	0.001909314226
163484	0.007115435963
163485	0.01001245295
163486	0.004667632796
163487	0.007575719198
163488	4.632112501e-06
163489	0.0006444861608
163490	0.005852328317
163491	0.001919882029
163492	0.0003235816047
163493	0.003217894359
163494	8.205853785e-06
163495	0.004100799977
163496	0.0001750028353
163497	0.001936466725
163498	0.004813386977
163499	0.002536146043
163500	0.002457461425
163501	0.0004522824496
163502	0.001302677104
163503	0.003237906145
163504	0.002184797765
163505	0.001363171174
163506	0.001387677282
163507	0.0004626467718
163508	0.002012708446
163509	0.0009826309471
163510	0.004242050532
163511	0.002631880896
163512	0.003553140554
163513	0.001262043935
163514	0.0006902381048
163515	0.0003432498717
163516	0.0006439766424
163517	0.001454433488
163518	1.76492291e-05
163519	0.004561638787
163520	0.004250084788
163521	0.000993660776
163522	0.0005235558676
163523	0.001348389869
163524	0.001997956307
163525	0.004515517009
163526	0.001993617681
163527	9.462619283e-05
163528	0.0003192738879
163529	0.0002732748944
163530	0.00169984326
163531	0.003769090743
163532	0.002219751436
163533	0.0004763322697
163534	0.002025955055
163535	0.004775594661
163536	0.001275121259
163537	0.005897647518
163538	0.003224959513
163539	0.0009155833082
163540	0.003875459862
163541	5.678783299e-05
163542	0.0003384189905
163543	0.005592761058
163544	0.0001783680882
163545	0.0008490530131
163546	0.004870329323
163547	0.000502945502
163548	0.0008056501184
163549	0.000929775468
163550	0.0005053357533
163551	0.0003092024832
163552	0.001404009507
163553	0.002338025899
163554	0.004476868524
163555	0.0003727463438
163556	0.001222282282
163557	0.002757767833
163558	0.001580915262
163559	0.0006569978583
163560	0.0009452822944
163561	0.002521094833
163562	0.0007227936452
163563	0.006124338618
163564	0.002436616889
163565	0.002268222371
163566	0.0002092458251
163567	0.0001648713291
163568	0.004500145313
163569	0.0009217847408
163570	0.001101568982
163571	0.0008618893475
163572	0.0003436075124
163573	0.003929475797
163574	0.0005482854755
163575	0.000859779597
163576	0.001450312467
163577	0.002664235109
163578	0.000589630828
163579	0.004605808989
163580	0.001476543052
163581	0.005409023566
163582	0.002025108245
163583	0.003452397484
163584	0.001610004877
163585	0.0007298357025
163586	0.002613766846
163587	0.0002562620004
163588	0.0004296245721
163589	0.002407722725
163590	0.001933177194
163591	0.002006022267
163592	0.0008372996968
163593	0.003717169977
163594	0.001778436901
163595	0.001342184374
163596	0.0001415503477
163597	0.000707937512
163598	0.0007337063731
163599	0.001916103539
163600	0.0007527994382
163601	0.001024388134
163602	0.0002570836366
163603	0.0003356920998
163604	0.0005268133361
163605	0.001605135134
163606	0.002740658573
163607	0.003127614645
163608	0.00221845884
163609	0.006635053667
163610	0.006717024904
163611	0.001300458116
163612	0.0005906357975
163613	0.002157909243
163614	0.004662438767
163615	0.001107185867
163616	0.000102645143
163617	0.005502135283
163618	0.000245099832
163619	0.005208240807
163620	0.000152175689
163621	0.002005364578
163622	0.0004758175462
163623	0.0001618432917
163624	0.0003635992666
163625	5.115511095e-05
163626	0.0001493949077
163627	0.0007675976357
163628	0.0001744467508
163629	0.0009464440483
163630	0.0001476728353
163631	0.0003452358174
163632	0.0001740896209
163633	2.027776369e-05
163634	0.0004136406621
163635	0.0006038563127
163636	0.0004245869372
163637	0.000446726194
163638	0.0001064390411
163639	0.0005561751482
163640	0.001624971208
163641	0.0004586910355
163642	0.0001167896914
163643	0.0003061848891
163644	0.0001351004697
163645	0.0002415180219
163646	9.045488078e-05
163647	0.0002944449964
163648	3.813918778e-05
163649	0.0003633534643
163650	4.566270447e-05
163651	0.0002293836589
163652	3.155974978e-05
163653	1.978396153e-05
163654	0.0001579541109
163655	0.0005279689596
163656	0.0003366428344
163657	0.0001436467169
163658	0.0001513251764
163659	0.0003565478385
163660	0.001579377709
163661	0.0001118517578
163662	0.001607895073
163663	0.000163835392
163664	0.0003060566345
163665	6.081156644e-05
163666	0.0004696694555
163667	0.0005884913229
163668	0.0004420501594
163669	0.0004312094324
163670	0.0008967632324
163671	0.0009981161332
163672	2.877343941e-05
163673	0.0006936405016
163674	0.00096481152
163675	0.0008362133328
163676	0.0005040914911
163677	0.002737698821
163678	0.002313717511
163679	0.000355072615
163680	0.004913789387
163681	0.00288652618
163682	0.001194936165
163683	0.0006065611595
163684	0.001816202385
163685	0.002092971372
163686	0.006426618575
163687	0.001531613238
163688	0.002241346381
163689	0.001219275577
163690	0.002010911078
163691	7.739367031e-05
163692	0.0001851778625
163693	0.0003736549925
163694	0.003553023456
163695	0.0001561036486
163696	0.003864206019
163697	0.0004031571592
163698	0.00228203674
163699	0.0005451274211
163700	0.001520082937
163701	0.0007484685388
163702	0.0007986591021
163703	0.0002119159048
163704	0.0001426684498
163705	0.002364675248
163706	0.001533282031
163707	0.0005247070854
163708	0.0007668534365
163709	0.001502650247
163710	0.002815097478
163711	2.126626339e-05
163712	0.00186990786
163713	0.0003152403239
163714	0.004742683534
163715	0.0007528508268
163716	0.0001594535539
163717	0.0003027891088
163718	0.00120222847
163719	0.008939929078
163720	0.0015250025
163721	0.0005344610724
163722	0.0009198519956
163723	0.0008219947591
163724	0.0009035385844
163725	0.00111352273
163726	0.002258042733
163727	0.0001174430285
163728	0.0001087381029
163729	0.0003927300027
163730	0.0008427556979
163731	0.0009056193386
163732	0.002538007908
163733	0.001608011127
163734	0.001928591823
163735	0.0005223348411
163736	0.0005924241003
163737	0.0006546509522
163738	0.001589986181
163739	0.0004368524487
163740	0.003993089051
163741	0.0003595613339
163742	4.580737666e-05
163743	0.0003420498696
163744	0.003061193745
163745	0.001212989211
163746	0.004747671235
163747	0.0005216021308
163748	9.305120036e-05
163749	0.001670581135
163750	0.000307896405
163751	0.0004113171863
163752	0.0008400786059
163753	0.0009862173654
163754	0.0004378712288
163755	0.00160897452
163756	0.001998767235
163757	0.002370641987
163758	0.004172448969
163759	0.001007086212
163760	0.001714738797
163761	0.001804538684
163762	0.000116323683
163763	0.00362052608
163764	0.000569089421
163765	0.001371173753
163766	0.006630925409
163767	0.0003569979937
163768	8.98087808e-05
163769	0.001293171849
163770	0.001587487108
163771	0.0007280471094
163772	0.001870109683
163773	0.0008649418396
163774	1.727989034e-05
163775	0.001305586375
163776	1.785740665e-05
163777	0.002651653776
163778	0.005854605707
163779	9.472892928e-05
163780	0.002910869291
163781	0.004626207652
163782	0.000534120289
163783	0.0009324881762
163784	0.0001707984764
163785	0.0008075067039
163786	0.002288863479
163787	0.004684273023
163788	0.001265893483
163789	0.0009310350548
163790	0.004685454236
163791	0.0004570094448
163792	0.003335024288
163793	0.001936302779
163794	0.003609050071
163795	0.0008729357515
163796	0.002868029544
163797	0.0002990414229
163798	0.004016171288
163799	0.005890751458
163800	0.0005768265828
163801	0.0008881187302
163802	0.0002377241643
163803	0.004647304379
163804	0.0005827508106
163805	0.001304691255
163806	0.0001060005046
163807	0.00158631836
163808	0.004823050887
163809	0.006565507765
163810	0.00135268228
163811	6.722042444e-05
163812	2.933411709e-06
163813	0.0003382530608
163814	0.001315811608
163815	0.0008827847795
163816	0.005248059112
163817	0.001108738966
163818	0.001539233006
163819	0.0007373454016
163820	0.001168124355
163821	0.0008154124472
163822	0.002671997809
163823	0.000174645795
163824	0.0006232572508
163825	0.003761282733
163826	0.002975295778
163827	0.001974671186
163828	0.001327413945
163829	0.001212195244
163830	0.0001988559551
163831	0.005124753578
163832	0.001678519427
163833	0.001287406073
163834	0.0005013927265
163835	5.931781992e-05
163836	0.009037331469
163837	0.004478320082
163838	0.0001908662996
163839	0.002984943204
163840	0.0007963132868
163841	0.004124229303
163842	0.002545307764
163843	0.001990940239
163844	0.0001949880348
163845	0.002560889439
163846	0.0002705184617
163847	0.0001861551679
163848	0.004843610457
163849	0.0004575123374
163850	0.002904508551
163851	0.0009137623562
163852	0.003237201174
163853	0.000343533422
163854	0.0004642353409
163855	0.00094222263
163856	0.001097790764
163857	0.00474825387
163858	0.002069854095
163859	0.001947324037
163860	0.0001158020674
163861	9.315064543e-05
163862	0.0002562307325
163863	0.001162497864
163864	0.004672927326
163865	0.003132473464
163866	0.002811808323
163867	0.002538682601
163868	0.003569568119
163869	0.002728709894
163870	0.003954927386
163871	0.0007411225022
163872	0.003033252523
163873	0.0004597850537
163874	0.000520346454
163875	0.0009788180204
163876	0.004463397388
163877	0.003344680911
163878	0.0006121975351
163879	0.0001671139522
163880	0.0007696216547
163881	0.003212310342
163882	0.00515782748
163883	0.001701266389
163884	0.00241759125
163885	0.0005895913099
163886	0.0002731395241
163887	0.003074022003
163888	0.001434214025
163889	0.003925637069
163890	0.001782038941
163891	0.002689020183
163892	0.003380835312
163893	0.001270168301
163894	0.001268492059
163895	0.001434114166
163896	0.002120976146
163897	0.0007472011285
163898	0.0004639608808
163899	0.001755953427
163900	0.0001425058632
163901	0.001344285868
163902	0.0004581688959
163903	0.003784361659
163904	0.004470549463
163905	0.001119574478
163906	0.00487751236
163907	0.00012108397
163908	5.913133704e-05
163909	0.000422237172
163910	0.0008189221188
163911	0.007711943851
163912	0.002532917757
163913	0.002368136145
163914	0.0009969248442
163915	0.0001347519804
163916	0.004264618811
163917	0.005236798841
163918	0.001058315328
163919	0.0003619704278
163920	0.002042552897
163921	0.003303375404
163922	0.0008960297229
163923	0.001897359886
163924	0.002699639469
163925	0.001170450465
163926	0.000685647987
163927	0.001003980367
163928	0.002867753668
163929	0.0001512507716
163930	0.002717600804
163931	0.0002960013715
163932	0.002896353379
163933	0.005871595085
163934	0.002482475432
163935	0.001621296026
163936	0.0005102024525
163937	0.001634579581
163938	0.002184104721
163939	0.0002933643042
163940	0.0003332193115
163941	8.110954795e-05
163942	0.0002443034194
163943	0.001023647464
163944	0.0009199891483
163945	0.0007701228405
163946	0.0006460186523
163947	0.0008443909123
163948	0.0003852860747
163949	0.002593999554
163950	0.0001803508718
163951	0.00392507267
163952	0.002325881013
163953	0.0005102854394
163954	0.004420598937
163955	0.0005560565779
163956	0.0004699329609
163957	0.003923829657
163958	0.001001583738
163959	0.003176527465
163960	0.0004364430134
163961	7.924004568e-06
163962	0.001120611861
163963	0.002199089854
163964	0.0003069087262
163965	0.001845235463
163966	0.003253345497
163967	0.0002795022791
163968	0.0001415793306
163969	0.004001026412
163970	0.0002197466778
163971	0.003836534842
163972	0.002126271676
163973	2.367668845e-05
163974	7.174387687e-05
163975	0.0007498466634
163976	0.0004394000974
163977	0.0003676399861
163978	0.003032988199
163979	0.001932963734
163980	0.002449684046
163981	0.001632948882
163982	0.001982926052
163983	0.0005527693762
163984	0.0031173911
163985	0.002179435296
163986	0.0002272271368
163987	0.003004805754
163988	0.001298162326
163989	0.003760571785
163990	0.0006663440786
163991	0.0003034964649
163992	0.0009601899017
163993	0.0002160397663
163994	0.001726050127
163995	0.003391980977
163996	0.002139506147
163997	0.001204070368
163998	0.0006075218615
163999	0.001545459238
164000	0.0006784718078
164001	0.002691830523
164002	0.0006571263385
164003	0.001041195807
164004	0.00267571724
164005	0.003805708038
164006	0.005755541278
164007	0.001913014138
164008	0.002682684027
164009	0.0002179286326
164010	0.0002990287107
164011	0.004397443116
164012	0.006193806497
164013	0.003713107645
164014	0.001962560769
164015	0.003723569652
164016	0.0006637010038
164017	0.004096815797
164018	0.0002355159304
164019	0.0009540607434
164020	0.003571233811
164021	0.001202533652
164022	0.0003307937838
164023	0.001031210997
164024	0.002816668394
164025	0.001847348851
164026	0.002126614064
164027	0.001490020817
164028	0.003286421458
164029	0.001249606986
164030	0.001478366531
164031	0.001311529672
164032	0.002269720543
164033	0.001438430859
164034	0.002428686606
164035	0.00143576078
164036	0.008482434999
164037	0.001105665006
164038	0.002883252239
164039	0.000762152637
164040	0.0001317043042
164041	0.00350469534
164042	0.003954246995
164043	0.0003485379879
164044	0.002003444913
164045	0.004444073515
164046	0.001552125936
164047	0.004853824515
164048	0.008717227468
164049	0.001713868281
164050	0.0005096691498
164051	0.001622454187
164052	0.005546981202
164053	0.0005582319082
164054	0.0003199301208
164055	0.0004684063033
164056	0.0004637431483
164057	0.0002421723337
164058	0.0001542149749
164059	0.001543338223
164060	0.001802087581
164061	0.002492521443
164062	0.0002423996021
164063	0.0001450815525
164064	0.0004447505473
164065	0.002227123002
164066	8.594533241e-05
164067	0.0001075951962
164068	0.001166857567
164069	0.0008837909257
164070	0.003221461412
164071	0.0006022247544
164072	0.004800733372
164073	0.001324256049
164074	0.0001647063368
164075	0.001756299109
164076	0.00497526123
164077	0.001587882532
164078	0.0009920909424
164079	0.002628348464
164080	0.004143205566
164081	0.000954185335
164082	0.003832276829
164083	0.0007530744888
164084	0.004058836901
164085	0.0009741406978
164086	0.0008400997933
164087	4.763328614e-05
164088	0.003561659089
164089	0.00312365613
164090	0.002616504279
164091	0.001183316594
164092	0.00183612418
164093	0.001648826939
164094	0.001255127747
164095	0.000702661638
164096	0.003130683886
164097	0.001087331497
164098	0.0061156112
164099	0.0003675808839
164100	0.002353679102
164101	0.00779939337
164102	0.004971391693
164103	0.001000444313
164104	0.0004048577003
164105	0.0007313826325
164106	0.000476733174
164107	0.002263521446
164108	0.001934645798
164109	0.002323874575
164110	0.0008783456813
164111	0.0009066500664
164112	0.003744906333
164113	0.002128525431
164114	0.003055135065
164115	0.0005386119726
164116	0.001141334789
164117	0.000284598265
164118	0.00245706152
164119	0.002049227363
164120	0.0002212900804
164121	0.004005770503
164122	0.005405470382
164123	0.002018161455
164124	0.001153013812
164125	0.002021615515
164126	0.003017412472
164127	0.00106687858
164128	0.0002823334247
164129	0.001771138842
164130	0.001064532893
164131	0.000408990582
164132	0.001778997578
164133	0.0008182011228
164134	0.004622830681
164135	0.001822295214
164136	0.001011243009
164137	0.001351685122
164138	0.002625294172
164139	0.002086946568
164140	0.001335396123
164141	0.004178864747
164142	0.002181893354
164143	0.001511005939
164144	0.00254739548
164145	0.0004135483997
164146	0.006988496993
164147	0.0003416995938
164148	0.001063182568
164149	0.003522453797
164150	0.0007176248821
164151	0.005042238199
164152	0.0009445513169
164153	0.003944584365
164154	0.0006951130789
164155	0.0004157934736
164156	0.002236076158
164157	0.001517667512
164158	0.003185587753
164159	0.001805775242
164160	0.0002374138633
164161	0.0005636140174
164162	0.002064405794
164163	0.001611026496
164164	0.000136051132
164165	0.0003121590355
164166	0.002489570121
164167	1.882735072e-05
164168	0.001197469512
164169	0.002558396803
164170	0.001346928736
164171	0.001129894008
164172	0.003964714278
164173	0.0009094248261
164174	0.004905033981
164175	0.002191968996
164176	0.0004538229272
164177	0.0009588872007
164178	0.002460279828
164179	0.002074920692
164180	0.005208745905
164181	0.0006302328555
164182	0.001650012878
164183	0.0001205479629
164184	9.267959198e-05
164185	0.000581183652
164186	0.002094149444
164187	0.001293375719
164188	0.002650854842
164189	0.003516510212
164190	0.003262640546
164191	0.008628797226
164192	0.008082731275
164193	0.002783446672
164194	0.002319140209
164195	0.006003647456
164196	0.000963528866
164197	0.001588874077
164198	3.997750578e-05
164199	0.002412390068
164200	0.002653330268
164201	0.003363270427
164202	0.0003313125493
164203	0.005214009549
164204	0.002779085255
164205	0.001313772579
164206	0.0026325727
164207	0.0008210146488
164208	0.002278622558
164209	0.0007088601149
164210	0.001105136728
164211	0.0005981255276
164212	0.005464756025
164213	0.002466126478
164214	0.0001802377846
164215	0.003082617284
164216	0.001800185107
164217	0.001966416899
164218	0.001702439986
164219	0.0001558039949
164220	0.0009128105727
164221	0.000394209986
164222	0.003203625638
164223	0.0001219789218
164224	0.0002941279806
164225	0.002392855293
164226	0.0008788137684
164227	0.001664690898
164228	8.216482925e-06
164229	0.0006217269044
164230	4.150491183e-05
164231	0.003162197565
164232	0.001971046444
164233	0.002818366032
164234	0.00250861318
164235	0.0005857497332
164236	0.003812586075
164237	0.004317915455
164238	0.0004639898779
164239	0.0005383851709
164240	0.003498390148
164241	0.0007738306119
164242	0.00122149904
164243	0.000795059008
164244	0.004969609036
164245	0.000871103532
164246	0.001143364958
164247	0.002865365612
164248	0.0008937147902
164249	0.002451033529
164250	0.00358903834
164251	0.003165428268
164252	0.001534875976
164253	0.000186478674
164254	0.0004950751295
164255	0.002766729039
164256	0.00382848691
164257	0.0008095422261
164258	0.008203130278
164259	0.0009002975102
164260	4.929874295e-05
164261	0.008516569066
164262	0.00212385165
164263	0.0002373449004
164264	0.001575547516
164265	0.002045095551
164266	0.0007883165754
164267	0.001049166548
164268	0.001460667954
164269	0.002227860783
164270	0.003549715852
164271	0.006791862785
164272	0.005427639684
164273	0.002713543648
164274	0.002955431754
164275	0.0005815673818
164276	0.003317802324
164277	0.003560137766
164278	0.003500201744
164279	0.001465967045
164280	0.001472634635
164281	0.003418961608
164282	0.003130042371
164283	0.002031267302
164284	0.0006329826174
164285	0.00129402439
164286	0.001464572584
164287	0.002053034832
164288	1.17496235e-05
164289	0.002898107371
164290	0.001323852424
164291	0.001411536836
164292	0.004406362509
164293	0.0004935105982
164294	0.002029306557
164295	0.003842917508
164296	0.003582458045
164297	0.001671314501
164298	0.00187924794
164299	5.201613033e-06
164300	0.000700998965
164301	0.002850626676
164302	0.005124824182
164303	0.0004530522995
164304	0.003672704332
164305	0.002877755956
164306	0.0001822923241
164307	0.00259468481
164308	0.001357777759
164309	9.615605944e-05
164310	0.001194398095
164311	0.004555962274
164312	0.003114895578
164313	0.004006656644
164314	0.003376411205
164315	0.003034714594
164316	0.001390128406
164317	0.0007001919841
164318	0.001652970833
164319	0.0005472733251
164320	0.00118361642
164321	0.0001573754457
164322	0.000415624878
164323	0.0004537429983
164324	0.002041559194
164325	0.002698706043
164326	0.003504315815
164327	0.00158615064
164328	0.0003209262178
164329	0.001052689626
164330	0.004604502858
164331	0.004275536345
164332	0.001828939218
164333	0.001827201182
164334	0.001133879852
164335	0.002652518807
164336	0.003521366772
164337	2.772610644e-05
164338	0.002221906077
164339	0.004064431014
164340	0.0007591782961
164341	0.003743840603
164342	0.00197545077
164343	0.00207275589
164344	0.001149036289
164345	0.005039729016
164346	0.001871859813
164347	0.002736013911
164348	0.001546990805
164349	0.001658782377
164350	0.001742574821
164351	0.0003935182887
164352	0.00384410996
164353	0.004973630446
164354	0.001377536554
164355	0.001855451238
164356	0.0001716926668
164357	0.004446784742
164358	0.0002903800819
164359	0.0005814839353
164360	0.003635087299
164361	0.001637462008
164362	0.001858381199
164363	0.0004177303214
164364	0.002290972238
164365	0.004984565015
164366	0.005522954759
164367	0.0006963550608
164368	0.005588222531
164369	0.002986012638
164370	0.000785978707
164371	0.00120485321
164372	7.243393055e-05
164373	0.004646827153
164374	0.0002814468957
164375	0.003288358823
164376	0.002272992548
164377	0.001748087729
164378	0.006410630983
164379	0.005943340206
164380	0.0006798422149
164381	0.003827211567
164382	0.005841689448
164383	0.002911579251
164384	0.0001893414547
164385	0.007393651448
164386	0.0007636004444
164387	0.0002157367857
164388	0.0003289145478
164389	0.001345463067
164390	0.0005027805505
164391	0.00151567933
164392	0.006082304377
164393	0.00430354855
164394	0.002259970916
164395	0.002173316024
164396	0.006906138962
164397	0.003368904266
164398	0.0004784380411
164399	0.0007861634855
164400	0.0009661228173
164401	0.001630922182
164402	0.0004820413263
164403	0.002219021673
164404	0.00352273955
164405	0.0001222601765
164406	0.001540260057
164407	0.001622026381
164408	0.004382165011
164409	0.000142408027
164410	0.002085141747
164411	0.003003481137
164412	0.0002947761565
164413	0.001789678538
164414	0.005768242036
164415	0.001381129098
164416	0.001783590058
164417	0.003631945351
164418	0.004241339548
164419	0.007258423433
164420	0.001607994256
164421	0.003561275984
164422	0.002108758033
164423	0.00314516026
164424	0.001140575312
164425	0.0008576318441
164426	1.665199569e-06
164427	0.001601898594
164428	0.002678262975
164429	0.002750182215
164430	0.00125257588
164431	0.002266650242
164432	0.0008041196771
164433	0.002941009051
164434	0.0005365282761
164435	0.0006438005299
164436	0.007504720433
164437	0.003364338244
164438	0.00475454146
164439	0.002726623484
164440	0.009050027231
164441	0.0006599666866
164442	0.003891428458
164443	0.000370518256
164444	0.005756055541
164445	0.003886239484
164446	0.008722900513
164447	0.004948255542
164448	0.003945827872
164449	0.00299803201
164450	0.005585804784
164451	0.003122365556
164452	0.001133498092
164453	0.001528557232
164454	0.0009224597041
164455	0.003455469972
164456	0.007100107346
164457	0.002446801165
164458	0.002410627885
164459	0.003974357964
164460	0.005404073604
164461	0.003385926665
164462	0.0002003346347
164463	0.00180133364
164464	0.001585577837
164465	0.0002054605647
164466	0.003947090261
164467	0.001071476734
164468	0.001603289735
164469	0.0004816147364
164470	0.001556172159
164471	0.0006735377474
164472	0.0003644017463
164473	0.001568388982
164474	0.003215050937
164475	0.001037054672
164476	0.009292194047
164477	0.0009025675913
164478	0.001482248517
164479	0.0007724287254
164480	0.0004276394061
164481	0.001391096431
164482	0.002122216643
164483	0.0003643115447
164484	0.0004133033346
164485	0.006611351127
164486	0.001623580034
164487	0.00235039053
164488	0.005259126573
164489	0.001407127995
164490	0.006004932551
164491	0.003930036302
164492	0.0008346242365
164493	0.0001619869999
164494	0.0004984707947
164495	0.00451690658
164496	0.004062096762
164497	0.0009493012379
164498	0.000455567185
164499	0.0007203780704
164500	0.00070527715
164501	0.0003567175284
164502	0.00551135585
164503	0.004098550323
164504	1.818910411e-05
164505	0.0002084116115
164506	0.001662777961
164507	0.0007170477955
164508	6.022651711e-05
164509	0.001365519837
164510	0.004762840914
164511	0.0002687722764
164512	0.004185753416
164513	0.002996946181
164514	0.008266343591
164515	0.004807568376
164516	0.0002508424892
164517	0.001477507652
164518	0.001044546136
164519	0.001201434027
164520	0.00124219276
164521	0.004068438424
164522	0.005497747644
164523	0.00336563195
164524	0.00107632682
164525	0.002460528343
164526	0.0006951033551
164527	0.0001356774265
164528	0.0002039143409
164529	0.004171453858
164530	0.0007853766097
164531	0.0003425741751
164532	0.001881360267
164533	0.001196916535
164534	0.000722095277
164535	0.001825036815
164536	0.003051955529
164537	0.001112664472
164538	0.0009008340826
164539	0.001372322093
164540	0.002325603274
164541	0.0005441698165
164542	0.0005114104925
164543	0.00139628608
164544	0.002852009626
164545	0.001159565012
164546	9.332902896e-05
164547	0.001313420546
164548	0.0002680758239
164549	0.001253425781
164550	0.001512621179
164551	0.0006780653189
164552	5.517538877e-05
164553	0.0001274311549
164554	0.0003269367223
164555	0.0006228790398
164556	0.0004344080999
164557	2.840808784e-05
164558	0.0001514259095
164559	5.306787437e-05
164560	0.0003754182803
164561	0.0001985145908
164562	0.0001920089413
164563	1.946743088e-05
164564	0.0002497804518
164565	0.0003757417483
164566	0.0006115204298
164567	0.0004233243704
164568	0.0004431364541
164569	7.559476171e-05
164570	0.001744844075
164571	0.0004492012904
164572	0.001070003463
164573	0.000478647416
164574	7.167368598e-06
164575	0.0003099577392
164576	7.917741085e-05
164577	0.0004877506439
164578	0.0002719144333
164579	0.0002888062233
164580	0.0002423827306
164581	0.0002909592715
164582	0.0001722969685
164583	0.0002513759276
164584	6.776072697e-05
164585	9.252538623e-05
164586	0.0002484110501
164587	3.648442967e-05
164588	0.001232007336
164589	0.0005166878616
164590	0.0005291648509
164591	0.0001193617727
164592	0.0002331504109
164593	0.001375128077
164594	0.00104140165
164595	0.0001022228389
164596	0.0001665479179
164597	0.001002043512
164598	0.002078453466
164599	0.0003631516991
164600	0.006680889626
164601	0.0006680303028
164602	0.001344446479
164603	0.003217104391
164604	0.001686536155
164605	0.004469852988
164606	0.001418358308
164607	0.003559613757
164608	0.000617885007
164609	0.00299594801
164610	0.000625894831
164611	1.434128463e-05
164612	0.001813091136
164613	0.003422346575
164614	0.0006263261045
164615	0.001061027811
164616	2.484636764e-05
164617	0.0008477925819
164618	0.001715128345
164619	0.003116683584
164620	0.002958120982
164621	0.0005961687731
164622	0.002017689077
164623	0.001544673171
164624	0.001133107363
164625	0.002588378219
164626	0.003248809279
164627	5.600248401e-05
164628	0.004628463629
164629	0.001623926631
164630	0.002037879018
164631	0.001628938601
164632	0.002024142305
164633	0.001361673252
164634	0.001042790793
164635	0.004391058232
164636	0.003118356059
164637	0.002117552811
164638	0.001627846804
164639	0.001156865055
164640	0.0004902887221
164641	0.0007840685705
164642	0.0003862182383
164643	0.001523730725
164644	0.001641734532
164645	0.001097035712
164646	0.001864848384
164647	0.001805092219
164648	0.0004086421243
164649	0.0001252371015
164650	0.0002659301945
164651	0.0006603846769
164652	0.0001548693662
164653	0.000282324036
164654	0.0001160109
164655	0.001105082438
164656	0.001697094614
164657	0.002227955175
164658	0.0008289035269
164659	0.0003235293426
164660	0.0002669021522
164661	0.001424975602
164662	0.001724887964
164663	0.0008764123637
164664	0.001556219366
164665	0.002731033883
164666	0.001282657894
164667	1.437126012e-06
164668	0.00057187098
164669	0.00215356579
164670	0.00264270471
164671	0.001091235695
164672	0.0002252891341
164673	0.0006299203146
164674	0.000556014363
164675	0.0005611137065
164676	0.0001837573266
164677	0.0009151927916
164678	0.0008462850138
164679	0.001651523617
164680	0.0007870593247
164681	0.001329564575
164682	0.001183354202
164683	0.0005399439359
164684	0.001287196707
164685	0.0018757202
164686	6.043660065e-05
164687	0.0003947430534
164688	0.001177563545
164689	0.0009297917987
164690	0.002412029417
164691	0.007194097968
164692	0.007505553097
164693	0.001500641315
164694	0.0001315968948
164695	0.001833468363
164696	0.001171748826
164697	0.001564166751
164698	0.0004187697455
164699	2.259040966e-05
164700	0.0008551637532
164701	0.0004261990204
164702	0.00113951641
164703	0.001318820103
164704	0.0007819685525
164705	0.004416344452
164706	0.002110005219
164707	0.001965974881
164708	0.003307334818
164709	0.0003874524517
164710	0.002589036027
164711	0.001333657827
164712	0.0001065013915
164713	0.001281833712
164714	0.003256581726
164715	0.01014695154
164716	0.0001349088832
164717	0.003772058041
164718	0.002965945735
164719	0.003528841518
164720	0.001883127843
164721	0.0007831948006
164722	0.0008657207684
164723	0.00279879782
164724	0.0004505816558
164725	0.002310410498
164726	0.003834355026
164727	0.003248322125
164728	0.0007035075756
164729	0.002296375246
164730	8.650530819e-05
164731	0.0007966496734
164732	0.004115652178
164733	0.001055765463
164734	0.0005980775296
164735	0.003624604733
164736	0.001103359465
164737	0.0008355283094
164738	6.016995725e-05
164739	0.0005734900647
164740	0.004756870484
164741	0.002882336531
164742	0.0002432022872
164743	0.001895824379
164744	0.0005256057978
164745	0.0006798951521
164746	0.003246019922
164747	0.003731052499
164748	0.002411650893
164749	0.0001793709928
164750	0.001186523122
164751	0.0003605840076
164752	0.001187492805
164753	0.002409476775
164754	0.001527444058
164755	0.005815065395
164756	2.882575536e-05
164757	0.0001946905672
164758	0.0005196384305
164759	0.002463622398
164760	0.002226069192
164761	0.002496597972
164762	0.0009489541942
164763	0.001411972292
164764	0.00251070683
164765	0.001204794906
164766	0.003321005858
164767	0.003004125436
164768	0.000161914982
164769	0.001606079595
164770	0.00011523443
164771	0.0006510709309
164772	0.00134092196
164773	0.001440739912
164774	0.0003983057183
164775	5.215270362e-05
164776	0.00166587096
164777	4.609491387e-05
164778	0.001080016502
164779	7.64188939e-05
164780	0.0004007249161
164781	0.0002790217098
164782	0.0001118060574
164783	0.001127316248
164784	0.001004380819
164785	0.001521937811
164786	0.0002472984687
164787	0.001221994363
164788	0.0009511763219
164789	0.001425356415
164790	0.0008243420286
164791	0.0007081281171
164792	0.002667355706
164793	0.0008668608789
164794	0.000654085909
164795	0.003547930333
164796	0.0009703862114
164797	6.12177175e-05
164798	0.001595456895
164799	0.000388735298
164800	0.001671309108
164801	0.004293314698
164802	0.0007013894637
164803	0.004884555764
164804	0.001023071008
164805	4.377732055e-06
164806	0.00348099456
164807	0.001118432948
164808	0.003755227412
164809	0.002059044152
164810	0.001906440902
164811	0.0006724102663
164812	0.004701671163
164813	0.004438550607
164814	0.00309702248
164815	0.0003000334832
164816	3.271154693e-05
164817	0.0008853848249
164818	0.0003135248239
164819	0.004976220118
164820	0.000207841094
164821	0.001674946178
164822	0.003789080581
164823	0.001475334166
164824	0.004938840178
164825	0.001090013075
164826	0.0003452776903
164827	0.001905362674
164828	0.002548097988
164829	0.0002877350412
164830	0.00261294671
164831	0.004041140604
164832	0.001934551556
164833	0.0008538109456
164834	0.00023528689
164835	1.874606602e-05
164836	0.001664740672
164837	0.0007320773671
164838	0.002160122117
164839	0.0008081372398
164840	0.0006430382347
164841	0.0004614778487
164842	0.0007484350265
164843	0.0001300619633
164844	0.002046116522
164845	6.923797235e-05
164846	0.0005685552385
164847	0.0001489040807
164848	0.0003759898314
164849	2.086959677e-05
164850	0.0001783552224
164851	0.0004263210095
164852	0.0001370793155
164853	0.003656998713
164854	0.0002659451525
164855	0.001248596866
164856	0.00189849853
164857	0.003325395493
164858	0.00132110439
164859	0.00340011297
164860	0.003495915233
164861	0.002062103496
164862	0.001667547305
164863	0.0008439298878
164864	0.0004420333984
164865	0.00197614134
164866	0.001337651924
164867	0.001625922391
164868	0.003221985714
164869	0.00244390522
164870	0.0007829437164
164871	0.0007169857681
164872	0.0001048265702
164873	0.001451357222
164874	6.993071839e-06
164875	0.0008223770053
164876	0.00256846662
164877	0.003168970869
164878	0.002199591319
164879	0.001010016447
164880	0.002429111174
164881	0.0006283736834
164882	0.001578553692
164883	0.001031770348
164884	0.00190499963
164885	0.002128220612
164886	0.001180957488
164887	0.002358319751
164888	0.006073961021
164889	0.001012053243
164890	0.003415127252
164891	0.0008696935889
164892	0.0002636523716
164893	0.003264655652
164894	0.001010102852
164895	0.0004811448241
164896	0.002818917437
164897	0.003294514185
164898	0.0005898430363
164899	0.001723433264
164900	0.00110618628
164901	0.001944915604
164902	0.0005500180217
164903	0.001156320734
164904	0.0005244083243
164905	0.00140057148
164906	0.001971041863
164907	2.233900719e-05
164908	0.001952904381
164909	0.003121439246
164910	0.001014541793
164911	0.002021313902
164912	0.001002098074
164913	0.001803969673
164914	0.00260811044
164915	0.0007739381168
164916	0.003331457527
164917	0.004695611514
164918	0.000545838781
164919	0.002609241569
164920	0.0020237085
164921	0.001627815967
164922	0.001662560003
164923	0.0001781789945
164924	0.0020403587
164925	0.001956870984
164926	0.002353731519
164927	0.002923961042
164928	0.003109753937
164929	0.001016965047
164930	0.0009782386461
164931	0.0002717697845
164932	0.001629279983
164933	0
164934	0.0008668557071
164935	0.004097021192
164936	0.0007044832993
164937	9.527729504e-08
164938	0.002140606391
164939	0.001839441849
164940	0.002324075884
164941	0.0005267690529
164942	0.001418657721
164943	0.003507404332
164944	0.00107210922
164945	0.000668288035
164946	0.001484872695
164947	0.002049355004
164948	0.002627248534
164949	0.0004261564174
164950	0.001990777613
164951	0.007745591694
164952	0.005684597863
164953	0.003301544604
164954	0.006940791232
164955	0.006769168577
164956	0.002150701741
164957	0.002314440274
164958	0.002587493187
164959	1.469151961e-05
164960	0.005526840577
164961	0.00233681272
164962	0.001253182024
164963	0.0004981479464
164964	0.0002253878783
164965	0.003142864237
164966	0.002703368495
164967	0.0003260738904
164968	0.0004431623087
164969	0.0001363669751
164970	0.002868428261
164971	0.000628803804
164972	0.00116386423
164973	0.001186985305
164974	0.006146880748
164975	0.0001708855432
164976	0.0001558779527
164977	0.0002200062746
164978	0.000370260961
164979	0.000669605442
164980	0.00090525853
164981	0.001531214177
164982	0.0008380107321
164983	0.0004411354256
164984	0.001312821254
164985	0.0001951219603
164986	0.0003845517348
164987	0.0001655759806
164988	0.0006914213624
164989	0.0004212836814
164990	5.935283587e-05
164991	0.0001823307024
164992	0.00161658518
164993	0.0005084135027
164994	0.0001530023325
164995	0.0003379937436
164996	0.001733742944
164997	0.001162007914
164998	0.0003933194091
164999	0.001452778711
165000	0.0004889587146
165001	0.002641434601
165002	0.006561040066
165003	0.003476331495
165004	0.0007705376709
165005	0.0007704230559
165006	0.0007445072483
165007	0.002021159719
165008	0.002147509627
165009	0.0009228503072
165010	0.003935881691
165011	0.002905109192
165012	0.0001856386147
165013	0.000449314339
165014	0.001668901964
165015	0.0005953345238
165016	0.0009376333712
165017	0.0008774661931
165018	8.301404853e-08
165019	0.001919274601
165020	0.00121611261
165021	0.00177127874
165022	0.001435011222
165023	0.004642941384
165024	1.164700308e-05
165025	1.811660141e-06
165026	0.0004518840157
165027	0.005666830015
165028	0.001256555183
165029	0.0001778456102
165030	0.00438078539
165031	0.0006331262228
165032	0.007520019846
165033	0.001749606796
165034	0.0001290438314
165035	0.004457611955
165036	0.0003032008147
165037	0.004340861283
165038	0.005933801218
165039	0.002044582367
165040	0.001128013832
165041	0.002832370195
165042	0.003252662224
165043	0.0008061956198
165044	0.003534642646
165045	0.0002515805361
165046	0.004921525046
165047	0.003611818424
165048	0.003207070517
165049	0.0004970342331
165050	0.0009584631767
165051	0.00464403634
165052	0.002928586585
165053	0.0009905196555
165054	0.0009938242129
165055	0.002650773436
165056	0.00264468426
165057	0.004119021919
165058	0.001821154034
165059	0.004248557361
165060	0.00317979621
165061	0.0002850624475
165062	0.001934112933
165063	0.002570757084
165064	0.002278096279
165065	0.002142665392
165066	0.001379000034
165067	0.0004814305045
165068	0.001982290334
165069	0.00305618492
165070	0.0005022490964
165071	0.001918904356
165072	0.001617221092
165073	0.00226380616
165074	0.003911239481
165075	0.002773910232
165076	0.001067975794
165077	0.000659155281
165078	0.001795224376
165079	0.000128144555
165080	6.649597491e-05
165081	0.001730216715
165082	0.002774360206
165083	0.003055437986
165084	0.0004946512371
165085	0.001628521453
165086	0.0003127852125
165087	0.004735913419
165088	0.0003041229251
165089	0.003752898488
165090	0.0004493183124
165091	0.0004129452325
165092	0.001587795216
165093	0.002113715974
165094	4.878374603e-05
165095	0.0003378188519
165096	0.0003648665193
165097	0.0003220833053
165098	0.004309946659
165099	0.001534029075
165100	0.0002238732642
165101	0
165102	0.0009331293065
165103	0.002088503542
165104	0.003111055742
165105	0.001273407423
165106	8.370637664e-05
165107	0.001161976933
165108	0.0002842991622
165109	0.0008737191501
165110	0.0006657256555
165111	0.0002431726854
165112	0.002238907151
165113	0.001398097424
165114	0.001066368198
165115	0.002884694882
165116	0.0001420505953
165117	0.001602116066
165118	0.00348038912
165119	0.0008024688257
165120	0.002293288291
165121	0.001755494848
165122	0.006797988455
165123	0.004181159306
165124	0.002154670353
165125	0.0006584408137
165126	0.001105736098
165127	0.00144654932
165128	0.004392970975
165129	1.368651624e-05
165130	0.001396232521
165131	0.00132692444
165132	4.009608468e-05
165133	0.001072360408
165134	0.001232186864
165135	0.0002096095407
165136	0.005573085363
165137	0.006726818264
165138	0.005882697357
165139	0.003175308407
165140	0.002644384394
165141	0.0003800982715
165142	0.001972397859
165143	0.001233929836
165144	0.001498845431
165145	0.001562228341
165146	0.001614484434
165147	0.004594897678
165148	8.300220933e-05
165149	0.001968631428
165150	0.0001567523371
165151	0.001156898743
165152	0.001252389895
165153	0.001506500713
165154	0.0006177722382
165155	0.003893977468
165156	0.001865033734
165157	0.000392016072
165158	0.003269505702
165159	0.002142317574
165160	0.001833294548
165161	0.003346153032
165162	0.001520604407
165163	0.006656006884
165164	0.001535286621
165165	0.001229110925
165166	0.001082598938
165167	7.675128968e-08
165168	0.002216057698
165169	0.0001666267531
165170	0.001134408232
165171	0.002554742003
165172	0.006296889722
165173	0.005063079173
165174	0.004036362015
165175	0.004983931136
165176	0.003544217066
165177	0.001369103175
165178	0.001579749501
165179	0.0007324507941
165180	0.004023698643
165181	0.001897258997
165182	0.004266526783
165183	0.002557431205
165184	0.002353866278
165185	0.0003244323605
165186	0.003002869118
165187	0.002090566228
165188	0.0006894738832
165189	0.001966349338
165190	0.002139312571
165191	0.006288425951
165192	0.0007947848522
165193	0.003655786397
165194	0.001010898593
165195	0.0004666116664
165196	0.004225251381
165197	0.002185371119
165198	0.0002958290317
165199	0.004508296189
165200	2.544766311e-05
165201	8.414646433e-05
165202	0.001440629532
165203	0.00686721397
165204	4.288511058e-05
165205	0.001149128205
165206	0.0005358580248
165207	0.0001718711648
165208	0.001584616069
165209	0.0005965741343
165210	0.0003156790496
165211	0.0006468331628
165212	0.0007742096027
165213	0.002306939091
165214	0.0006484756316
165215	0.0006423732395
165216	5.959454156e-05
165217	0.00268896957
165218	0.0005351705916
165219	0.002825883524
165220	0.0005018116442
165221	0.0002606023421
165222	0.004034829304
165223	0.005248225241
165224	0.004282030278
165225	2.169499296e-07
165226	0.001686403866
165227	0.001580626041
165228	0.0006010453354
165229	0.001980254302
165230	0.003388152596
165231	0.001840392093
165232	0.0003929558215
165233	9.787088307e-05
165234	0.0007819561268
165235	0.000117275711
165236	0.0008636419769
165237	0.001641931728
165238	0.001184118634
165239	0.001077296054
165240	0.001258901718
165241	0.00541311114
165242	8.131488391e-05
165243	0.001734021534
165244	3.606056438e-05
165245	0.0004778814158
165246	0.002525790342
165247	0.0004274820219
165248	0.003786789846
165249	0.001537136484
165250	0.000908967181
165251	0.0008654516946
165252	0.0006575611881
165253	0.001379552006
165254	0.0004910849033
165255	0.001856849995
165256	0.001475806692
165257	1.464745781e-05
165258	9.82568295e-05
165259	3.723538824e-05
165260	0.002973980522
165261	0.003551209831
165262	0.0005691099823
165263	0.00106354375
165264	0.001393201354
165265	0.001375342463
165266	0.000566703485
165267	5.439389265e-05
165268	0.0001454178192
165269	0.0006697593225
165270	0.0003076304022
165271	3.8373017e-05
165272	0.0001120075274
165273	0.001025301028
165274	0.000966248573
165275	0.0006622186539
165276	0.001022585725
165277	0.001093134904
165278	0.0006385643339
165279	0.001103832553
165280	8.546719659e-05
165281	1.145448569e-06
165282	0.001897528308
165283	0.001924142733
165284	0.001636615454
165285	0.001427527842
165286	0.0002244509089
165287	0.001414871184
165288	0.004466186855
165289	0.0006154829534
165290	0.0002518426466
165291	0.001496984508
165292	0.001013065308
165293	0.002646636722
165294	0.001914071046
165295	0.00152065283
165296	0.002004785416
165297	0.005002525503
165298	0.0003894616756
165299	0.001066442636
165300	0.00157918843
165301	0.00100023537
165302	0.0004668647982
165303	0.001791327978
165304	0.002636569278
165305	9.761379969e-05
165306	0.001509052878
165307	0.00115394311
165308	0.001127016073
165309	0.0007157344512
165310	0.0002016152309
165311	0.0005010810166
165312	0.001447146884
165313	0.002165240147
165314	0.00230613276
165315	0.001544420714
165316	0.002715726087
165317	0.0008029771655
165318	0.001018100765
165319	0.002172749685
165320	0.0001246344988
165321	0.002889979283
165322	0.004329977129
165323	0.001612986898
165324	0.003211854804
165325	9.742935965e-05
165326	0.00283450038
165327	0.002455578517
165328	0.001409210784
165329	0.0005978322924
165330	0.002583648574
165331	0.004718008953
165332	0.003169055909
165333	0.0009424306647
165334	0.0009985710641
165335	0.001047315469
165336	0.001851475002
165337	0.004778140314
165338	0.005712064332
165339	0.0004170759257
165340	0.00161437125
165341	0.0007999933469
165342	0.001161500374
165343	0.0006212596869
165344	0.0001845041717
165345	0.001035501127
165346	0.0002999417016
165347	0.006591157173
165348	0.002961632447
165349	0.01007578294
165350	0.003061215789
165351	0.001063599411
165352	0.004939087847
165353	0.0005575626659
165354	0.0004636127192
165355	0.003827490622
165356	0.0007717103177
165357	0.005220118635
165358	0.003122897125
165359	8.742650942e-05
165360	0.0002829947381
165361	0.001894025966
165362	0.001824610455
165363	0.0006992141154
165364	0.000790531468
165365	0.0003646547993
165366	0.004222226431
165367	0.0008076452102
165368	0.003722742928
165369	0.001223432913
165370	0.0004395338515
165371	0.0001306583638
165372	0.001494542088
165373	0.0002917304508
165374	0.001608641963
165375	0.001854203306
165376	0.001380923357
165377	0.003716192491
165378	0.000389631265
165379	0.002801272548
165380	0.001141534081
165381	0.0004356759773
165382	0.000364059142
165383	0.002155098743
165384	0.007972034873
165385	0.007136246343
165386	0.002934896906
165387	0.004517017403
165388	0.001303377727
165389	0.002345806021
165390	0.002813684721
165391	0.004437040778
165392	0.003075337025
165393	0.000308165025
165394	0.002710549493
165395	0.0005696766857
165396	0.000855208615
165397	0.004103303495
165398	0.002019622649
165399	0.002800201871
165400	0.001173905471
165401	0.002963500991
165402	0.002233046207
165403	0.000290639339
165404	0.004045975341
165405	4.058189562e-05
165406	5.118401366e-05
165407	0.0006936281457
165408	0.002254151789
165409	0.001431929964
165410	0.00142997161
165411	8.934868232e-05
165412	3.12424762e-06
165413	0.00134569366
165414	0.0003934132373
165415	0
165416	0.001101071717
165417	0.0003303953163
165418	0.001173859506
165419	0.0008814837844
165420	0.0002379161484
165421	0.0006495216374
165422	0.0008058714374
165423	0.001617638985
165424	0.0003438469347
165425	0.0001478556198
165426	2.858970883e-05
165427	0.0003564039875
165428	0.0002916465822
165429	0.0008135636187
165430	0.0007153274757
165431	0.001525250009
165432	0.002228112815
165433	0.0005015618313
165434	0.003230388338
165435	0.0002669544454
165436	0.001123164148
165437	0.0006180903273
165438	0.001312002128
165439	0.002539478163
165440	0.002843254708
165441	0.0005493598455
165442	3.828218084e-05
165443	0.003159948763
165444	0.000591321952
165445	0.0006160118673
165446	0.002319175952
165447	0.0003832260397
165448	0.003190178037
165449	0.0002626241488
165450	0.003846226854
165451	0.001042117764
165452	0.0006844953167
165453	0.0004527802194
165454	0.002408728741
165455	0.0002124489268
165456	0.003941545038
165457	0.001016660275
165458	0.0009045472129
165459	0.001783994977
165460	0.0003282563974
165461	0.002248817442
165462	0.001774949037
165463	0.0003903325433
165464	0.001843885252
165465	0.000907385498
165466	0.0008853276579
165467	0.003934182971
165468	0.0006167580614
165469	0.001103750733
165470	0.0007863099365
165471	0.001901755369
165472	0.0007882095994
165473	0.003949196209
165474	0.0002093199391
165475	0.0002203914955
165476	0.0004961224166
165477	0.0005369281252
165478	0.0007580139354
165479	0.0006175258215
165480	0.001920294857
165481	0.003445635533
165482	0.00180679062
165483	0.0003342569034
165484	0.003431447688
165485	0.001008176366
165486	0.001394784203
165487	0.003977547545
165488	0.001358877374
165489	0.006307060951
165490	0.001320110132
165491	0.0002471577304
165492	2.356260151e-05
165493	0.0003064400084
165494	0.002078944137
165495	0.0006867688397
165496	0.0004186046841
165497	0.0001109443314
165498	0.0006660908204
165499	0.001826939738
165500	0.0004027461777
165501	0.0004798811271
165502	0.0001550975763
165503	0.001382816732
165504	0.00029663876
165505	0.0007309880748
165506	0.0009036412801
165507	0.0003152593419
165508	0.0003828959845
165509	0.0001262363472
165510	0.0007188265227
165511	0.0002432117378
165512	0.0005992736792
165513	0.0001039270819
165514	0.0004543207057
165515	2.699079569e-05
165516	0.0005069238533
165517	0.002063019697
165518	0.0008038040681
165519	0.0004619917524
165520	0.001035908613
165521	0.001516859978
165522	0.0003017347158
165523	0.001347790897
165524	0.0002454982291
165525	0.0007680067704
165526	0.001208411483
165527	0.0001760562619
165528	0.002109342001
165529	3.263183526e-05
165530	0.00127602253
165531	0.0007887336807
165532	0.0001145071135
165533	0.0002310439639
165534	0.001387292396
165535	0.001441599854
165536	0.003347921148
165537	0.004002580848
165538	3.744132881e-05
165539	2.564837356e-05
165540	0.001581201082
165541	0.002140880286
165542	0.001531136217
165543	0.0007383906551
165544	0.000540354705
165545	4.97341836e-05
165546	0.0004675396767
165547	0.0002049558381
165548	0.001035074322
165549	0.0005058400155
165550	0.0007488330293
165551	0.0002162656213
165552	0.0007380658916
165553	0.001358729286
165554	2.510458827e-06
165555	6.617272167e-05
165556	0.0004793642358
165557	0.002676860748
165558	0.001594646615
165559	0.00020832266
165560	0.0002955057608
165561	0.002126356177
165562	0.001930630031
165563	0.003170410934
165564	0.001162213759
165565	0.002134096129
165566	0.0008692417562
165567	0.0001328574966
165568	0.001326825244
165569	0.001004857734
165570	0.00227181572
165571	0.0002325656778
165572	0.00247977316
165573	0.001302248561
165574	6.857332324e-05
165575	0.0001060843248
165576	6.222010301e-05
165577	0.0006354371173
165578	0.001679946678
165579	0.000714111864
165580	5.577915918e-05
165581	0.001356213388
165582	0.0007766595191
165583	0.0009536241125
165584	1.074110453e-06
165585	0.004964773219
165586	0.001820065894
165587	0.0001778889121
165588	0.003897202401
165589	0.001133068126
165590	0.003245001219
165591	0.001236193889
165592	0.001805378726
165593	0.001213752791
165594	0.0006989920944
165595	0.002543915365
165596	0.002170364814
165597	0.003731854166
165598	0.002635845999
165599	0.0007873296265
165600	0.003622057054
165601	0.0001670582626
165602	0.0007479473514
165603	0.0007549064299
165604	0.0009643467408
165605	0.003481719254
165606	0.00132786274
165607	0.002744801498
165608	0.002052226404
165609	0.000242627776
165610	0.000190697295
165611	0.003521561405
165612	0.0001014025376
165613	0.001179381837
165614	0.0006184862012
165615	0.002082300594
165616	0.0003228291559
165617	0.001544878058
165618	0.00259732685
165619	0.004214329744
165620	0.000511168868
165621	0.000559386268
165622	0.001719554786
165623	0.001125771792
165624	0.002750503739
165625	0.001602323759
165626	0.00270652292
165627	0.00173816768
165628	0.003681839472
165629	0.003457303686
165630	0.0003245738369
165631	0.001635984402
165632	0.0002670192809
165633	0.0001250202622
165634	0.0008463712507
165635	0.0008761257311
165636	0.001939976165
165637	0.002581761252
165638	0.001876022852
165639	0.0009469052444
165640	0.0001495979194
165641	0.00110499769
165642	0.0009454753146
165643	0.003952187799
165644	0.001784529344
165645	0.001455025837
165646	0.0007056252912
165647	0.001708110653
165648	5.896077207e-05
165649	0.0001398386141
165650	0.0003652667521
165651	0.001301672284
165652	0.0011343022
165653	0.0001074021295
165654	0.0007061209668
165655	0.0005780173033
165656	0.0005929694031
165657	0.0005265498346
165658	0.001146996375
165659	0.0003886502986
165660	0.0004577457864
165661	0.0020373701
165662	7.251574999e-05
165663	0.0001401197382
165664	0.0008557893085
165665	0.0007931438267
165666	2.063224252e-05
165667	0.001244922507
165668	0.001549036935
165669	0.0001877966364
165670	0.0004627895678
165671	0.0001208468333
165672	0.001284867925
165673	0.0001648883469
165674	0.0004308307387
165675	0.001619469564
165676	0.001196388793
165677	0.001633054069
165678	0.0003440310561
165679	6.915748951e-05
165680	0.0007485693873
165681	0.001093950107
165682	0.002255285149
165683	0.0009507260133
165684	0.001415363938
165685	0.000472315961
165686	0.0001336955222
165687	0.001583105881
165688	0.0001627595644
165689	0.0002005000352
165690	0.001024084475
165691	0.0009534650849
165692	0.0005612051817
165693	0.0003543791233
165694	0.0001982824018
165695	0.0005617497257
165696	0.0004433820016
165697	0.0001088448593
165698	0.0004033118468
165699	4.984082719e-05
165700	0.000490535374
165701	0.000548761166
165702	0.000350184738
165703	5.222538152e-05
165704	0.0002194476661
165705	0.0002169627071
165706	0.00101135817
165707	0.0009479906846
165708	0.0007043780727
165709	0.0003893519918
165710	0.0002410411564
165711	1.417707797e-07
165712	0.0003973129006
165713	0.001032693686
165714	0.0003516332705
165715	0.0004498699031
165716	0.001033530382
165717	0.0001161247211
165718	0.0007103823483
165719	0.0004959186833
165720	0.0001190298013
165721	0.0006863687176
165722	0.003135966911
165723	0.001325603067
165724	0.0008758289802
165725	0.001811266748
165726	0.003607416783
165727	0.0007135524571
165728	0.000885982803
165729	0.0005918744147
165730	0.0001232408549
165731	0.002260694529
165732	4.988124775e-05
165733	0.0004185312808
165734	2.068091556e-05
165735	0.0002836620174
165736	0.001686708085
165737	0.002303232724
165738	0.0008619004478
165739	0.001630141025
165740	0.0002443976776
165741	0.0006241535818
165742	0.0004319441109
165743	0.0002574235156
165744	0.0004937175255
165745	0.00346089031
165746	0.00156337607
165747	0.001896504607
165748	0.001654926724
165749	0.00288095332
165750	0.0009316550607
165751	0.0007987958756
165752	0.001588463344
165753	0.001400762691
165754	0.001060912155
165755	0.001162877205
165756	0.004566641532
165757	0.0003207881235
165758	0.0007882600008
165759	0.001195787112
165760	0.002290065972
165761	0.002323188255
165762	0.001682208858
165763	0.002646717477
165764	0.0003685704144
165765	0.001354384864
165766	0.004714964641
165767	0.0007349668812
165768	0.00302589391
165769	0.0008679303851
165770	0.0002995114198
165771	0.002967792206
165772	0.003869326226
165773	0.002192369784
165774	0.0008642937773
165775	0.0004732531232
165776	0.003480188548
165777	0.0009303833392
165778	0.0001071996772
165779	0.001729500253
165780	0.002110157821
165781	0.000619867966
165782	0.001300507216
165783	0.002139580882
165784	0.0002003835857
165785	0.0006709410715
165786	0.0005540273153
165787	0.0005263037467
165788	0.0007276874379
165789	0.00192650598
165790	0.00332278589
165791	0.00249867265
165792	0.0003124621509
165793	0.001975592894
165794	0.003637900424
165795	0.003262243785
165796	0.0001178623683
165797	0.0007958613112
165798	0.002293710991
165799	0.0006622066479
165800	0.002267582307
165801	0.00225786751
165802	0.001970517469
165803	0.0001002386102
165804	0.002764887388
165805	0.001140654193
165806	0.001876595975
165807	0.0007498910391
165808	0.0001200688753
165809	0.002393333506
165810	0.0002825401298
165811	0.0007132444273
165812	0.00202036832
165813	0.001797136246
165814	0.001028290595
165815	0.004903966744
165816	0.001269991323
165817	0.001833383765
165818	0.002389672993
165819	0.001112151943
165820	0.001373149404
165821	0.003078193739
165822	0.002356314717
165823	0.0007895416307
165824	0.003277483069
165825	0.0012600402
165826	0.003557326882
165827	0.001502942989
165828	0.002680569395
165829	0.004406633596
165830	0.0007471562055
165831	0.001241741649
165832	0.0007197327851
165833	0.002138846256
165834	0.00352713845
165835	0.0005619745954
165836	0.002867372021
165837	0.0008644789253
165838	0.001040031632
165839	0.002005891976
165840	0.000644066806
165841	0.002405474942
165842	0.0005612166956
165843	4.499928621e-05
165844	0.00316270696
165845	0.001943182956
165846	0.001675364459
165847	0.001843981576
165848	0.002210085574
165849	0.001781620383
165850	0.0005931549037
165851	0.002028240071
165852	0.004066917272
165853	0.004144296141
165854	0.001377137697
165855	0.002898128354
165856	0.003097517805
165857	0.004865895858
165858	0.001780034879
165859	0.003829721577
165860	0.001844078195
165861	0.001243236093
165862	0.0029341818
165863	0.004153511021
165864	0.0009779466903
165865	0.002863303386
165866	0.002751239854
165867	0.005060656308
165868	0.001798632778
165869	0.002511048613
165870	0.0008581543152
165871	0.001936133269
165872	0.0002218345414
165873	0.0008150626827
165874	0.001384251797
165875	0.002666452769
165876	0.004140139018
165877	0.000153936593
165878	0.0008192057526
165879	0.001690819013
165880	0.001182161048
165881	0.001673665448
165882	0.001692195112
165883	0.002011802102
165884	0.00118925086
165885	0.0002873345621
165886	0.0006765242488
165887	0.0007829819269
165888	0.001581517486
165889	0.002910333219
165890	0.000237141664
165891	0.0003560346821
165892	0.0004354977708
165893	0.001420267661
165894	0.004326441482
165895	0.0009902225309
165896	0.00166258001
165897	0.0008240745409
165898	1.212612557e-05
165899	0.001489745381
165900	0.002518105181
165901	0.001798948771
165902	0.001629079623
165903	0.0006535685977
165904	0.0001367374348
165905	0.0007453506561
165906	0.005252173209
165907	0.001279478903
165908	0.0001359835308
165909	0.002176745369
165910	0.001062469277
165911	0.0004274895094
165912	0.00326155543
165913	0.007334284696
165914	0.002276488223
165915	0.003450562349
165916	0.003534836171
165917	0.0001512480165
165918	0.005482152377
165919	0.002262214918
165920	0.001571977018
165921	0.0009932131864
165922	0.0006087913373
165923	0.003712282306
165924	0.0001725038254
165925	0.0001097628602
165926	0.002237565155
165927	0.003047111629
165928	0.001729833139
165929	0.0001210819402
165930	0.0003171774234
165931	0.001336628
165932	1.233540862e-05
165933	0.00283253941
165934	0.003561918431
165935	0.0006683720173
165936	0.002717510691
165937	0.003265418788
165938	0.001905029107
165939	0.00104998073
165940	0.0009028014356
165941	0.001056711499
165942	0.002400035274
165943	0.0008341708299
165944	0.004658172548
165945	0.004134355419
165946	0.001863946868
165947	0.001413777422
165948	0.0001162574097
165949	0.001031541895
165950	0.002532447169
165951	0.001915762705
165952	0.004458881299
165953	0.0005477687205
165954	0.002888066202
165955	0.003572710085
165956	0.002038031368
165957	0.0002469155038
165958	0.0002566465634
165959	0.002751634211
165960	0.002731703922
165961	0.000268837426
165962	0.003251371259
165963	0.001213121453
165964	0.002290142685
165965	0.002568041738
165966	0.002509904914
165967	0.001067206581
165968	0.005330942001
165969	0.001371083758
165970	0.002073626589
165971	0.002830166354
165972	0.0004219361735
165973	0.001067263162
165974	0.003663974342
165975	0.0004762164705
165976	0.004017374766
165977	0.001855072415
165978	0.004882758553
165979	0.00332714269
165980	0.0009616874043
165981	0.001358908631
165982	0.002155125103
165983	0.0005839580554
165984	0.006054191133
165985	0.0008357989479
165986	0.0006835257927
165987	0.003977815722
165988	0.004246799723
165989	0.001114193153
165990	0.005283773619
165991	0.002167696111
165992	0.001160372102
165993	0.004325738064
165994	0.0004648678924
165995	0.001429527345
165996	0.0005755679797
165997	8.060378573e-05
165998	0.0008475980126
165999	0.0003513192371
166000	0.003024150945
166001	0.001930767921
166002	0.001033519996
166003	0.0002979968631
166004	0.002449422726
166005	0.001618853945
166006	0.00604020928
166007	0.004087281832
166008	0.0003443985355
166009	0.0003813379451
166010	0.00292777731
166011	0.0008865467445
166012	0.0007858435163
166013	0.001463605544
166014	0.004309228025
166015	0.003031484025
166016	0.0008631527734
166017	0.002454624968
166018	0.0005560480312
166019	0.001986230655
166020	0.000968012207
166021	0.001498974564
166022	0.0001897177639
166023	0.00232285194
166024	0.0003522087975
166025	0.001235945979
166026	9.102675537e-05
166027	0.001892766542
166028	0.0003540681318
166029	0.001253475983
166030	0.003863871504
166031	0.0003138739202
166032	0.002558358169
166033	0.001312265496
166034	0.002862875106
166035	0.0008027136481
166036	0.0007391198405
166037	0.000203561517
166038	0.0001907510658
166039	0.001112338077
166040	0.003185159826
166041	0.00351010308
166042	0.002672382761
166043	0.0002217708845
166044	0.001519198793
166045	0.001783499106
166046	0.0009908329266
166047	0.0009019897863
166048	0.0008677484474
166049	0.005207895267
166050	0.001812987384
166051	0.001975300695
166052	0.003276313687
166053	0.002276154728
166054	0.001323423887
166055	0.000503027549
166056	0.000479823462
166057	0.004261673622
166058	0.001201199169
166059	0.0005222782041
166060	0.0006103265694
166061	0.002146294087
166062	0.002402932111
166063	0.002216459063
166064	0.001719317928
166065	0.004118394742
166066	0.002981815002
166067	0.001698336276
166068	0.004577877116
166069	0.0002872388558
166070	0.001004308318
166071	0.002724342574
166072	0.002262535546
166073	0.0003097316757
166074	0.004162844117
166075	0.0005197802536
166076	0.002812944445
166077	0.002055762165
166078	0.004454531131
166079	0.00525247947
166080	0.001133649662
166081	0.0004507850011
166082	0.004175344106
166083	0.002930239381
166084	0.003511326161
166085	0.003909777397
166086	0.001881998512
166087	0.004679992216
166088	0.001759082152
166089	0.0008881616577
166090	9.79467851e-05
166091	0.0006282242435
166092	0.005466349115
166093	0.002368544614
166094	0.00526971264
166095	0.0008552428849
166096	3.539341233e-05
166097	0.001428972786
166098	0.0001193155212
166099	0.001662974834
166100	0.004345516808
166101	0.003804071679
166102	0.004473881426
166103	0.001864598215
166104	0.002057994263
166105	0.004304638742
166106	0.001622677916
166107	0.002467709777
166108	0.005086839219
166109	0.001344836337
166110	0.003634118082
166111	0.001190009324
166112	0.0003712779892
166113	0.004222590911
166114	0.0006175245746
166115	0.003283391893
166116	0.001468764028
166117	0.0005757836368
166118	0.0006234659317
166119	0.0003274136982
166120	0.001978251648
166121	0.002294842502
166122	0.002883205237
166123	0.001161156745
166124	0.0002545226009
166125	0.00358289583
166126	0.001105753411
166127	0.001104365223
166128	0.0008441653455
166129	0.003576716599
166130	0.001769659095
166131	0.001428673316
166132	0.001135530987
166133	0.000330030364
166134	0.002971800197
166135	0.0001260991885
166136	0.002299535023
166137	0.0005261459424
166138	0.001799015762
166139	0.003841788668
166140	0.0006139623185
166141	0.0004611777884
166142	0.001026725469
166143	0.001598929916
166144	0.001453277125
166145	0.0005927571936
166146	0.001698234536
166147	0.001542092458
166148	0.002027885885
166149	0.0008101608762
166150	0.001162254566
166151	0.0005649745647
166152	0.002733237635
166153	0.00108007575
166154	9.327275109e-05
166155	0.002435815091
166156	0.0004131279994
166157	0.0002419777552
166158	0.0008641335604
166159	0.0009041037551
166160	0.000925567719
166161	0.0002193144162
166162	0.0002972352835
166163	0.0001546268152
166164	6.74844332e-05
166165	0.002615390979
166166	0.004932607399
166167	0.003234728627
166168	0.001199565868
166169	0.0008032887858
166170	0.0002386236348
166171	0.001771158899
166172	0.001019527885
166173	0.001836284075
166174	0.001010809227
166175	0.0008305869927
166176	0.003296320202
166177	0.002372989317
166178	0.0003190916588
166179	0.001145749633
166180	0.0008434000433
166181	0.0005724186336
166182	0.0007439055758
166183	0.001308134653
166184	0.000143780329
166185	0.000770339763
166186	7.033746638e-05
166187	0.002324467586
166188	0.001383003923
166189	0.0007365998099
166190	0.0005538735886
166191	0.0008801585297
166192	0.00138564376
166193	0.00151665757
166194	0.00149710859
166195	0.000918780226
166196	0.003784975687
166197	0.001697973119
166198	0.0004995040431
166199	0.002028762557
166200	0.002078003792
166201	0.0009032206601
166202	0.005879724174
166203	0.001633943166
166204	0.001560455203
166205	0.003137322572
166206	0.0004039682733
166207	0.0004201611967
166208	0.0006527287259
166209	0.003904325048
166210	0.000966072483
166211	0.001633849261
166212	5.46884015e-05
166213	0.0003246644374
166214	0.0006625763921
166215	0.003458119345
166216	0.002868556805
166217	0.0002764695111
166218	0.001868240654
166219	0.001713491193
166220	0.0005700430101
166221	0.002162923647
166222	0.002446005401
166223	0.0004039927531
166224	0.001267436225
166225	0.002546769997
166226	0.0008270161128
166227	0.0001408170885
166228	0.0009354149996
166229	0.0006192660142
166230	0.001475590122
166231	0.002755412186
166232	0.003021072969
166233	0.002653884789
166234	0.0009929611531
166235	0.003172230034
166236	0.002224439988
166237	0.00167667617
166238	0.002681496014
166239	0.0001166191357
166240	1.59579017e-06
166241	0.0007745937265
166242	0.004149069676
166243	0.001299530174
166244	0.004726721784
166245	0.001275586594
166246	0.000262963541
166247	0.001266172888
166248	0.0001095931251
166249	0.002395767701
166250	0.00161526597
166251	0.001597466521
166252	0.0002973304627
166253	0.001125073769
166254	0.0003322276142
166255	0.001546014736
166256	0.001086415299
166257	0.0001306661095
166258	0.003639408209
166259	0.002387649646
166260	0.003201091064
166261	0.002085030849
166262	0.0007354105561
166263	0.00347024163
166264	0.0004855691871
166265	0.001667085618
166266	0.002596803982
166267	0.001111334732
166268	0.0006818081163
166269	4.966146159e-05
166270	0.003095735829
166271	0.001393571605
166272	0.0003687737042
166273	0.003010175643
166274	0.0003063310783
166275	0.001856902151
166276	0.003506602456
166277	0.0006971907336
166278	0.0008863457072
166279	0.002564555699
166280	0.001162781397
166281	0.001853610019
166282	0.002529667052
166283	0.00049869562
166284	0.001023219118
166285	0.002849650508
166286	0.0009564463889
166287	0.003914468666
166288	0.003571761303
166289	0.002017225312
166290	0.0001096376816
166291	0.0004935779755
166292	0.002181505754
166293	0.0003307083821
166294	0.001645215049
166295	0.001050472759
166296	0.001987974915
166297	0.001267832595
166298	0.002922773758
166299	0.00134117525
166300	0.0008476005776
166301	0.002221452671
166302	0.001599942842
166303	0.001931254878
166304	0.001544019415
166305	0.001951603224
166306	0.002041573967
166307	0.001837544207
166308	0.001821762652
166309	0.0001545722867
166310	0.001898369559
166311	0.0006881726147
166312	0.002722091041
166313	0.00154023741
166314	0.0002768012485
166315	0.0005139720704
166316	0.0003213839082
166317	0.0005537837544
166318	0.0009399601498
166319	0.0006212317318
166320	0.0009232336533
166321	0.002649661709
166322	0.0009922232644
166323	0.001574409458
166324	0.0002576281349
166325	0.002643104559
166326	4.422359974e-05
166327	0.002387055172
166328	0.003981797216
166329	0.0008920790349
166330	0.0006514065283
166331	0.0009138798065
166332	0.004242821462
166333	0.002836232368
166334	0.001244394872
166335	1.535304452e-05
166336	0.001785399331
166337	0.001233339486
166338	0.001559298759
166339	0.00126579062
166340	0.0009025138607
166341	0.00186781504
166342	0.001964005598
166343	0.001358108952
166344	0.001269132891
166345	0.0009624380192
166346	0.004077643428
166347	8.692629489e-05
166348	0.0005440132093
166349	0.0009266857839
166350	0.0004570998924
166351	0.001879314742
166352	0.002262137144
166353	0.002958323033
166354	0.001830789776
166355	0.0009524316657
166356	3.764099887e-05
166357	0.000172130397
166358	0.00201018648
166359	0.001415991782
166360	0.0004379799676
166361	0.0005747689169
166362	0.0006500860284
166363	0.0004629971174
166364	0.001333047267
166365	0.0004487462908
166366	0.003268183564
166367	0.0009860133422
166368	0.001680342236
166369	0.0008758679378
166370	0.002322548043
166371	0.002714514851
166372	0.0005895787216
166373	0.000463686342
166374	0.0004804650916
166375	0.0005873282679
166376	0.0005791331274
166377	0.001065642171
166378	0.0004472349601
166379	0.001509402822
166380	0.0002445527922
166381	0.0004533622968
166382	0.001101651368
166383	0.0001451843502
166384	0.0005532674566
166385	0.0007290545455
166386	0.002793889419
166387	0.001475572957
166388	0.0005613277679
166389	0.002822720257
166390	0.0003995902699
166391	0.003303681234
166392	0.0008723966648
166393	0.001929168282
166394	0.003904538862
166395	0.001953963884
166396	0.0004335920644
166397	0.002326496141
166398	0.002009429016
166399	0.002916495401
166400	0.001945526679
166401	0.002775656592
166402	0.002523553976
166403	0.0005081434774
166404	0.002817370193
166405	0.003698824578
166406	0.0006369974408
166407	0.002799810999
166408	0.0001481373672
166409	0.0005225351319
166410	0.002433850006
166411	0.002266283554
166412	0.002195848843
166413	0.0005437690438
166414	4.481570064e-05
166415	0.001126901754
166416	0.0003802202302
166417	0.004499104896
166418	0.00377107826
166419	0.001282833177
166420	0.0004263158199
166421	0.002091398246
166422	0.003441468309
166423	9.117282873e-05
166424	0.003592425185
166425	0.0004459433548
166426	0.004258868389
166427	0.0002840094526
166428	0.002064796281
166429	0.001863034246
166430	0.002140846607
166431	0.000785450435
166432	0.0005274674808
166433	0.001992644503
166434	0.0009354899843
166435	0.0002377178152
166436	0.002079146023
166437	0.004375289294
166438	0.001995880851
166439	0.001185125416
166440	0.0008802681816
166441	0.001964388299
166442	9.470863058e-05
166443	0.001298340866
166444	0.00263325921
166445	0.0004790065082
166446	0.00123008626
166447	0.001629100083
166448	0.002097631601
166449	0.002785575277
166450	0.004090360688
166451	0.001394131204
166452	0.002254758125
166453	0.002818609652
166454	0.0002235114439
166455	0.002525656814
166456	0.004096055474
166457	0.0009188661738
166458	0.002473287434
166459	0.002589649624
166460	0.0003860479339
166461	0.00158263179
166462	0.0017896208
166463	0.002779897742
166464	0.001895204796
166465	0.0007608908276
166466	0.0003682614705
166467	0.002712300912
166468	0.003420778405
166469	0.0002114577636
166470	0.0004297526861
166471	0.0007830853938
166472	0.0007334694024
166473	0.002442936101
166474	0.001166972257
166475	0.002267812672
166476	0.003258279058
166477	0.001631930498
166478	0.002631536527
166479	0.001459914876
166480	0.003112773285
166481	0.0004539926462
166482	0.001502511275
166483	0.002743771836
166484	0.002707107052
166485	0.001735488137
166486	0.002266909879
166487	0.0001345553749
166488	0.002018179287
166489	0.00319732945
166490	0.003914987059
166491	0.0033018972
166492	0.002995261545
166493	0.0008659367278
166494	0.001732768144
166495	0.0002924773986
166496	0.0008110559974
166497	0.003893926112
166498	0.000378865301
166499	4.378043341e-05
166500	0.003013088973
166501	0.0007085614092
166502	0.004746767092
166503	0.002360148349
166504	0.00186686311
166505	0.001404306223
166506	0.002545285061
166507	0.000575020922
166508	0.000298668078
166509	0.001934937588
166510	0.000837884487
166511	0.0004792385844
166512	0.003593047272
166513	1.601924721e-07
166514	0.003814855756
166515	0.002236624088
166516	8.699908227e-05
166517	0.002339470556
166518	0.002399564015
166519	0.001451315558
166520	0.001364704825
166521	0.0009366222722
166522	0.0003230516599
166523	0.00239110525
166524	0.00057233084
166525	0.003828303806
166526	0.002869532819
166527	0.001114749699
166528	0.003809291385
166529	0.001279506849
166530	0.0005511792439
166531	0.002018571295
166532	0.002897577555
166533	0.002450734636
166534	0.002588055543
166535	0.0009642405791
166536	0.001598907078
166537	0.001636922575
166538	0.0008807850408
166539	0.001905920984
166540	0.002486255458
166541	0.0001269508362
166542	0.004375437671
166543	0.0009954410447
166544	0.003204217871
166545	9.498995905e-05
166546	0.002077624741
166547	0.0007557363703
166548	0.002003467633
166549	0.002336539745
166550	0.003917122306
166551	0.004414658413
166552	0.003398535076
166553	0.003242997895
166554	0.003326979142
166555	0.002327374817
166556	0.002783211083
166557	0.0004324786458
166558	0.002411459861
166559	0.00181985878
166560	0.003398889025
166561	0.0007922224764
166562	0.003909476952
166563	0.002316765205
166564	0.003131621202
166565	0
166566	0.001137090638
166567	0.00179958845
166568	0.0002183368992
166569	0.003634520889
166570	0.0007286481048
166571	0.0003446976911
166572	0.001438775054
166573	0.00045662951
166574	0.0002510502914
166575	0.0001654878377
166576	0.001645803103
166577	0.004985953406
166578	0.002986579066
166579	9.2846876e-05
166580	0.002009506656
166581	0.002906115618
166582	0.00217933342
166583	0.001242379146
166584	0.0005942715307
166585	0.001878502309
166586	0.001470148266
166587	0.002476093445
166588	0.001757294963
166589	0.003081729776
166590	0.001207222314
166591	0.003328786742
166592	0.0008871564524
166593	0.001194794138
166594	0.001407398388
166595	0.0002812506823
166596	0.002004581075
166597	0.00373844179
166598	0.001706997186
166599	0.00151783693
166600	8.651276671e-05
166601	0.0005358350272
166602	0.0003326889203
166603	0.0008124925594
166604	0.0002683988396
166605	4.932533935e-05
166606	0.0004098236596
166607	0.0008785879551
166608	0.0002468642547
166609	0.001902597573
166610	0.002074795448
166611	0.003817603248
166612	0.0004230682138
166613	0.003702340761
166614	0.0001438996395
166615	0.002640105674
166616	0.003853268274
166617	0.005417608405
166618	0.0001492384047
166619	0.0006581722271
166620	0.0003839419108
166621	0.002132965224
166622	0.007222189876
166623	0.001442595317
166624	0.001384243876
166625	0.001436291705
166626	0.0007260632541
166627	0.004618671531
166628	0.007052649505
166629	0.0007105906465
166630	0.0006396971723
166631	1.833572406e-05
166632	0.004524442462
166633	0.002998043892
166634	0.001712116414
166635	0.001272279623
166636	0.0002926399148
166637	0.002513029122
166638	0.003983188816
166639	0.00209229158
166640	0.0009366148081
166641	0.0009783719492
166642	0.0003454605126
166643	0.0005633682143
166644	0.00227056864
166645	0.001726479338
166646	0.0002182399315
166647	0.001466867944
166648	0.0004949529715
166649	0.00237579807
166650	0.003180223424
166651	0.002376116179
166652	3.755146491e-05
166653	0.001192454936
166654	0.00237087724
166655	0.003317923159
166656	0.0008046017127
166657	0.001976595717
166658	0.0003867445312
166659	0.0007325320296
166660	0.002922182259
166661	0.0001402049758
166662	0.001053611851
166663	0.004457504007
166664	0.001877368465
166665	0.0009849893359
166666	0.0004016917426
166667	0.0001992049605
166668	9.926000088e-05
166669	0.0005595023459
166670	0.0002294308465
166671	0.0004387767063
166672	0.0004796987355
166673	0.0001109700391
166674	7.36797905e-05
166675	0.0004703294746
166676	0.0001762431446
166677	0.0002062695801
166678	3.624386216e-05
166679	0.0004594983282
166680	9.509508275e-05
166681	0.0004423318747
166682	0.0003818256459
166683	0.001400603333
166684	0.0001222513739
166685	0.0001625246155
166686	3.618880329e-05
166687	0.0003417176905
166688	0.002469961042
166689	0.0002462395291
166690	0.001136765596
166691	0.0006694948915
166692	0.0003558165431
166693	0.0006248127682
166694	0.0008404880393
166695	0.0007611059715
166696	0.001104686228
166697	0.000477491018
166698	0.0003747351302
166699	0.0007862905042
166700	0.001537632581
166701	0.001156724181
166702	0.0001409146485
166703	0.0008425047234
166704	0.0002182859864
166705	0.0004176686065
166706	0.0003558122213
166707	0.0009173233611
166708	0.001180344731
166709	0.0007547299044
166710	0.0006412999804
166711	0.0005315254241
166712	0.0005424503363
166713	0.0003542281545
166714	0.001029805159
166715	0.0007743496559
166716	0.0003236623153
166717	0.00178113706
166718	0.000891404206
166719	0.000837006323
166720	0.001969632437
166721	1.504828362e-05
166722	0.0003403408683
166723	0.0007183995892
166724	0.0003000075013
166725	0.0001358478764
166726	0.001634425881
166727	0.003228151953
166728	0.001190313333
166729	0.001907530541
166730	0.001596536878
166731	5.595939093e-05
166732	0.004055190947
166733	0.001578835235
166734	0.00083281172
166735	0.001302232385
166736	0.0002297330119
166737	0.001626398944
166738	0.001386544287
166739	0.005774511349
166740	0.002273141003
166741	0.001467439618
166742	0.0007282802613
166743	0.001207921055
166744	0.002242087846
166745	0.000509217775
166746	0.004677632552
166747	0.0006566870059
166748	0.0007249793801
166749	0.001793606935
166750	0.000925411868
166751	0.004582278575
166752	0.0005766149156
166753	0.003884195674
166754	0.003511991907
166755	0.0001733596804
166756	0.001519927307
166757	0.0005496953972
166758	0.0007074622634
166759	0.0007545925701
166760	0.001350820715
166761	0.0003101668658
166762	0.002376125679
166763	0.001897505281
166764	0.003538970846
166765	0.0003415066229
166766	0.001313736384
166767	0.00394932244
166768	0.001433472212
166769	0.001773454308
166770	0.0008002091223
166771	0.002676135718
166772	0.0005836900642
166773	0.002987267585
166774	0.0008368204475
166775	0.001884714868
166776	0.0004457669177
166777	0.0001509425089
166778	0.0003510593233
166779	0.001594339382
166780	0.0002546009401
166781	0.001233320006
166782	0.003418405612
166783	0.002024400677
166784	0.0002220720225
166785	0.001206898931
166786	0.006729788806
166787	0.000342622339
166788	0.004802870351
166789	0.002759696983
166790	0.0009386933911
166791	0.0003794530081
166792	0.004847773085
166793	0.003096606497
166794	0.002343810244
166795	0.002730107184
166796	0.003674284024
166797	0.006113908681
166798	0.0006365916157
166799	0.006264280673
166800	0.0002884346376
166801	0.001378396458
166802	0.006803499962
166803	0.001285722272
166804	0.0001023608263
166805	0.0008237478609
166806	0.0007688733492
166807	0.002040835549
166808	0.0007034563182
166809	0.002818284661
166810	0.00389284457
166811	0.0005479738585
166812	0.002630026356
166813	0.003081247603
166814	0.002458204452
166815	0.0001733852128
166816	0.002404045968
166817	0.0006541564261
166818	0.0004146679667
166819	0.0008391025948
166820	0.006340020897
166821	0.002221517388
166822	0.0004170208048
166823	0.0002906773308
166824	0.001367590275
166825	0.003207336036
166826	0.002294171646
166827	0.002378817777
166828	0.005512381171
166829	6.955760409e-05
166830	0.005623320872
166831	0.002045084237
166832	0.00434989978
166833	0.006521733555
166834	0.001475605586
166835	0.0003594550564
166836	0.0003436219289
166837	0.000921615916
166838	0.001353277714
166839	0.00119191903
166840	0.002585055652
166841	8.169193806e-06
166842	0.003173200519
166843	0.006896972202
166844	0.002034568488
166845	0.003397145831
166846	0.004773709708
166847	0.002835094879
166848	0.002167928452
166849	0.005354070851
166850	0.002429507953
166851	0.001671035199
166852	0.0001854058963
166853	0.001014665481
166854	0.003940913242
166855	0.004235520528
166856	0.001957301487
166857	0.001434597905
166858	0.002640402639
166859	0.0004003476849
166860	0.00158694542
166861	0.002943461645
166862	0.002656990608
166863	0.003105266886
166864	0.0008011080921
166865	0.001853377085
166866	0.0008110882707
166867	0.00341799722
166868	0.002777019399
166869	0.0006442771997
166870	0.001989678643
166871	0.0002890401406
166872	0.0008717992805
166873	0.008040510154
166874	0.004264190078
166875	0.001002278114
166876	0.0002552510418
166877	0.001150623997
166878	0.00216372002
166879	0.002596064773
166880	0.001510205635
166881	0.001800492495
166882	0.005117973282
166883	0.001419681046
166884	0.0008188365654
166885	0.003459870795
166886	0.006909928812
166887	0.001015655203
166888	0.0006254584367
166889	0.00315487282
166890	0.0004375472415
166891	0.001625305839
166892	0.003760570421
166893	0.009972261288
166894	0.002488279488
166895	0.001284957159
166896	0.0003468285485
166897	0.0007137753414
166898	0.002848849777
166899	0.001969202597
166900	0.003430673476
166901	0.002060181277
166902	0.007014320197
166903	0.002564701894
166904	0.001180280038
166905	0.003473360157
166906	0.0004486359349
166907	0.001679039803
166908	0.004735240807
166909	0.001605623169
166910	0.000184139057
166911	0.001275467899
166912	0.002280903628
166913	0.003488326199
166914	0.004166017583
166915	0.005567519704
166916	0.001014412263
166917	0.00258222063
166918	0.001310266272
166919	0.0008941673852
166920	0.007427139406
166921	0.005279246966
166922	0.0008468443698
166923	0.002427821576
166924	0.0006546146851
166925	0.002884323044
166926	0.0004846941816
166927	0.005960780889
166928	0.005896808581
166929	0.003705158091
166930	0.003445558796
166931	0.001886111522
166932	0.003544976704
166933	0.0003457804759
166934	0.0005150049565
166935	0.0008298651429
166936	0.0003078297653
166937	0.005599585644
166938	0.003454817022
166939	0.004757976196
166940	0.00673549843
166941	0.001670553753
166942	0.00308036984
166943	0.000182762943
166944	0.002771489343
166945	0.003972904488
166946	0.004036916012
166947	0.001451236545
166948	0.0006381398447
166949	0.001286309882
166950	0.003569817144
166951	0.001123168904
166952	0.003187941185
166953	1.45070464e-05
166954	0.001192580972
166955	0.005530916391
166956	0.002448542174
166957	0.002069471238
166958	0.002088682883
166959	0.001606174723
166960	0.0001014847616
166961	0.001226000211
166962	0.001481848864
166963	0.001545232969
166964	0.007614206991
166965	0.0007779592258
166966	0.001047091191
166967	0.0009050701424
166968	0.003624077434
166969	0.007033471614
166970	0.005350333516
166971	0.001262985672
166972	0.0003919331428
166973	0
166974	0.00343436574
166975	0.000819516182
166976	0.0007088979844
166977	0.0002033723286
166978	0.001633640142
166979	0.0008714437474
166980	0.0009735884907
166981	0.0007343437084
166982	0.002140262273
166983	0.002551019009
166984	0.0004039775006
166985	0.001486920012
166986	0.007676176083
166987	0.0007897562541
166988	0.006493619598
166989	0.002332717848
166990	0.001278240249
166991	0.002698897271
166992	0.007060345265
166993	0.005219494244
166994	6.229783724e-05
166995	0.0003785517865
166996	0.002258378264
166997	0.003684857758
166998	0.002487795874
166999	0.001149781722
167000	0.001221450569
167001	0.008455295869
167002	0.0007081464922
167003	0.0001479181287
167004	9.054764125e-05
167005	0.000130560917
167006	0.0003035838519
167007	0.0005124800178
167008	0.001051685656
167009	0.001372891364
167010	0.001194506415
167011	0.0008395339252
167012	0.0002738186328
167013	0.004927036672
167014	0.006303369203
167015	0.0004098852517
167016	0.00256028153
167017	0.001631418667
167018	0.003976058393
167019	0.0003490746536
167020	0.0003664090525
167021	0.00103449311
167022	0.001422947061
167023	0.003653399332
167024	0.002492612419
167025	0.001436945176
167026	0.003586996242
167027	0.003178271842
167028	0.00108618335
167029	0.004296700865
167030	0.0006368976297
167031	0.0004953811196
167032	0.004836841235
167033	0.000393451995
167034	0.000323473833
167035	0.001568051442
167036	0.002698231369
167037	0.001101942901
167038	0.0009303158598
167039	8.613917247e-05
167040	0.009174566183
167041	0.002386213834
167042	0.006119778757
167043	0.003622911341
167044	0.001315341971
167045	0.001441412912
167046	0.0006759128409
167047	0.001637550936
167048	0.0006555726398
167049	0.0002200396575
167050	0.0004187468622
167051	0.003450188134
167052	0.0001604390555
167053	0.005291399715
167054	0.0001472121031
167055	0.002177279151
167056	0.004834201407
167057	0.001542798285
167058	0.0009503719496
167059	0.001208022308
167060	0.0005269495464
167061	5.639658895e-05
167062	0.004287649471
167063	0.002375363301
167064	0.001376989502
167065	0.001335421093
167066	0.003673325431
167067	0.001035701243
167068	0.0009237557464
167069	0.001193077008
167070	0.001500751513
167071	0.002574093082
167072	0.003241345475
167073	0.001381011579
167074	0.0003509915209
167075	0.000956867204
167076	0.001184333469
167077	0.003268208597
167078	0.002348919946
167079	0.003243345614
167080	0.0001310733188
167081	0.001181028063
167082	0.0002131425304
167083	0.002456490876
167084	0.000123948055
167085	0.002729137516
167086	0.0006576516433
167087	0.006405669821
167088	0.002486455501
167089	0.0008150718123
167090	0.0004496350678
167091	0.001711185381
167092	0.002626796701
167093	0.0001596516589
167094	1.511316178e-05
167095	0.0001678124756
167096	0.004298675073
167097	0.006966569453
167098	0.000933174554
167099	0.0001533446489
167100	0.0009945679859
167101	0.001521917745
167102	0.0007318857247
167103	0.002656341372
167104	0.0004616568586
167105	0.001412637696
167106	0.00142092945
167107	0.0004488349636
167108	0.0005642538519
167109	0.001860354194
167110	0.002018465795
167111	0.002072123687
167112	0.0004630483991
167113	0.003905480436
167114	0.0007823798126
167115	0.002115237713
167116	0.004016029698
167117	0.0001540485094
167118	0.003222469513
167119	0.001572571176
167120	0.001823330713
167121	0.0001386687113
167122	0.001145959419
167123	0.001626706768
167124	0.003448747436
167125	0.0007104614048
167126	0.003616063106
167127	0.002173443527
167128	0.003607119765
167129	0.0003244588276
167130	0.002768290853
167131	0.0003520592145
167132	0.001667829426
167133	0.003176703523
167134	0.0008293763057
167135	0.0004240336629
167136	0.001087501312
167137	0.0001428697188
167138	0.00115343935
167139	0.0009016452053
167140	0.0007870213795
167141	0.0009306362652
167142	0.0003638294191
167143	0.0003153686401
167144	0.0001078519805
167145	0.0008727928131
167146	0.001219769587
167147	0.0001076354725
167148	0.0007364376731
167149	5.63290189e-05
167150	0.0002008912904
167151	0.0003886779522
167152	0.000342470645
167153	0.000770061963
167154	0.0003722738859
167155	0.001016422928
167156	0.0001130143813
167157	0.0001370184046
167158	0.001248906112
167159	0.004081224054
167160	0.001571279633
167161	0.002976218338
167162	0.006945507732
167163	0.0001325653723
167164	0.003434140004
167165	0.0005496891093
167166	0.0007170829821
167167	0.00127249049
167168	0.0003427973994
167169	0.003419462097
167170	0.0003725338529
167171	0.0001212129169
167172	0.0002668280299
167173	0.00272355665
167174	0.00127761402
167175	0.0008064414413
167176	0.001263894544
167177	0.0009035729561
167178	0.002986038582
167179	0.001768742442
167180	0.007089695164
167181	0.002606826994
167182	0.0005007279819
167183	0.004270770091
167184	0.001036245954
167185	0.002891869173
167186	0.004562782281
167187	0.0007591315657
167188	0.004751650046
167189	0.001758232705
167190	0.002055734619
167191	0.00189137292
167192	0.005128780025
167193	0.002582521048
167194	0.004525620925
167195	0.003726455276
167196	0.003259473777
167197	0.001675538648
167198	0.004629217989
167199	0.001544317148
167200	0.0004222504062
167201	0.0006682855493
167202	0.001859436574
167203	9.999381889e-05
167204	0.001161085174
167205	0.003431221586
167206	0.007285323643
167207	0.001116417667
167208	0.003650169991
167209	0.0009935874042
167210	0.003780425273
167211	0.004539902104
167212	0.002309851899
167213	0.001808302131
167214	0.004757524651
167215	0.0002247378208
167216	0.001950609314
167217	0.00552366541
167218	0.0002382930667
167219	0.001623384371
167220	0.001484981222
167221	0.001990296276
167222	0.002523310354
167223	0.0004583228572
167224	0.004105797016
167225	0.003144213902
167226	0.002083561616
167227	0.00161548309
167228	0.002322107978
167229	0.0006669954212
167230	0.001014590002
167231	0.0007868623033
167232	3.311635729e-05
167233	0.005731007616
167234	0.0001701235262
167235	0.005283987017
167236	0.001490357671
167237	0.002606557641
167238	0.003086470302
167239	0.008020517733
167240	0.002078903368
167241	0.0002257338018
167242	0.005832292336
167243	0.003771830663
167244	0.0004947289932
167245	0.002410182406
167246	0.001112083406
167247	0.001843330538
167248	0.004272431745
167249	0.003775633397
167250	0.001168370158
167251	0.002247609869
167252	0.001134173916
167253	0.0001688848814
167254	0.001425808689
167255	0.0008908303964
167256	0.001189861833
167257	0.0006642029525
167258	0.005782068113
167259	0.00468936843
167260	0.002491365962
167261	0.0006489224788
167262	0.0007885730231
167263	0.001974705751
167264	0.0008077970553
167265	0.0005623086126
167266	0.001582875083
167267	0.001330096407
167268	0.002688099936
167269	0.0006395763662
167270	0.0006968706309
167271	0.002955478934
167272	0.0003509046834
167273	0.0008079980852
167274	0.002747729667
167275	0.001598415592
167276	0.0005186327102
167277	0.002173226655
167278	0.004329844385
167279	0.001206292165
167280	0.002562680572
167281	0.003697862046
167282	0.0001930510838
167283	0.0006526001504
167284	0.0005957916891
167285	0.0001715230091
167286	0.0004443895521
167287	2.127612869e-05
167288	0.002155804833
167289	0.000560466091
167290	0.00134287525
167291	0.00052635695
167292	0.005132078821
167293	0.004717243922
167294	0.0008617746045
167295	0.002720385154
167296	0.003189708088
167297	0.00981827162
167298	0.001659944
167299	0.0007815070867
167300	0.003719309223
167301	0.004944098984
167302	0.002624856586
167303	0.004136472047
167304	0.002141659452
167305	0.0006112292807
167306	0.002317693996
167307	0.001441430132
167308	0.002051257166
167309	0.0001777213801
167310	0.0005461058032
167311	1.846953508e-05
167312	0.0002134963458
167313	0.000998008672
167314	0.003097152042
167315	0.002552119021
167316	0.001975103318
167317	0.003858059741
167318	0.001357598282
167319	6.246690423e-05
167320	0.0003106324664
167321	0.001243360985
167322	0.000863018004
167323	0.001765451997
167324	0.0007298655399
167325	0.001075743393
167326	0.001536872623
167327	0.001132969257
167328	0.0007819427775
167329	0.0006071625849
167330	0.00092872283
167331	0.0010101598
167332	0.0004002461112
167333	0.001113648232
167334	0.0006169405275
167335	0.0001723585368
167336	0.0009192452358
167337	0.002698066944
167338	0.000738852973
167339	0.0002236674569
167340	0.003258863886
167341	0.001969604992
167342	0.001501533587
167343	0.001945040109
167344	0.001659635517
167345	0.001851820231
167346	0.0005497617865
167347	0.0009454498117
167348	0.00100752902
167349	0.0001883732113
167350	0.0009273952393
167351	0.0001933081153
167352	0.0007902033095
167353	0.0008133254992
167354	4.052881406e-05
167355	7.414613123e-05
167356	7.182310907e-05
167357	0.000259046558
167358	0.0002946558226
167359	0.0002139955303
167360	0.003222840048
167361	0.001888834298
167362	0.0006009886855
167363	0.0008778482084
167364	0.00041800305
167365	0.0007938111852
167366	0.0001785098599
167367	0.0001857975017
167368	0.0007077674793
167369	0.0001810363966
167370	0.0009709251599
167371	0.0001603463663
167372	0.0009900965919
167373	0.0010525729
167374	0.0009521487171
167375	1.681444912e-05
167376	0.0005343771934
167377	0.001376784244
167378	0.0005754467089
167379	0.0008698456506
167380	5.667632634e-07
167381	0.0007188983726
167382	6.065437622e-05
167383	0.0005378818815
167384	0.0001020454723
167385	0.001061054933
167386	2.653655822e-05
167387	0.001194993501
167388	0.0008826136253
167389	0.0007990858512
167390	0.0007564952015
167391	0.001485397564
167392	0.0009416580642
167393	0.0001576572524
167394	0.0007138937573
167395	0.000327479517
167396	0.0009456919091
167397	0.0007601572582
167398	0.001087617762
167399	0.0002291637302
167400	0.0007507535293
167401	0.001489396969
167402	0.0006179539282
167403	0.001057350118
167404	0.001160612073
167405	0.0006166213181
167406	0.0007989226778
167407	0.0001024703661
167408	0.002779932258
167409	0.0005584414311
167410	0.000462629872
167411	0.0006220441172
167412	0.0009484734469
167413	0.001216600861
167414	0.0007785511529
167415	0.0002667027917
167416	0.001080751172
167417	0.001604868994
167418	0.0005078488161
167419	0.0002765072069
167420	0.0005419057793
167421	0.0006066221026
167422	0.0004127811735
167423	0.0009354242804
167424	0.0003815319285
167425	3.06212424e-05
167426	0.0009304120423
167427	0.001057928206
167428	0.0002532171492
167429	1.071495067e-05
167430	0.0002480543905
167431	0.001245477713
167432	0.0005710755264
167433	0.0005641712997
167434	0.0003925304631
167435	0.0007367609336
167436	4.511909049e-05
167437	0.0007100545066
167438	0.0003528571065
167439	0.0002841606613
167440	0.001042820357
167441	0.0002438420453
167442	0.0001416419618
167443	0.0005216196785
167444	0.0008485892695
167445	0.0008405330836
167446	0.0003016529886
167447	0.0002339214707
167448	0.000555302639
167449	0.0007641051368
167450	0.000475713906
167451	0.0003145203786
167452	0.0008884610004
167453	0.0005171871236
167454	0.0006431978709
167455	1.501942432e-05
167456	7.199591412e-05
167457	0.0001521013348
167458	5.51088353e-05
167459	0.0007898436312
167460	0.0004082903899
167461	7.850215902e-05
167462	0.0002535508994
167463	0.0003306530557
167464	0.001065042044
167465	3.532456104e-06
167466	0.0003685135719
167467	0.002308288621
167468	0.001165696792
167469	0.0006926133421
167470	0.001291526561
167471	0.0003727573824
167472	5.720245454e-05
167473	0.001023032324
167474	3.449829147e-05
167475	0.0006064753525
167476	0.0003052422266
167477	0.0007073658733
167478	4.096034936e-05
167479	0.001418439322
167480	0.000253443072
167481	0.0006421481243
167482	0.001075266698
167483	5.647643627e-06
167484	0.0003135177872
167485	0.0004320834858
167486	0.0006337013575
167487	0.0007488279914
167488	0.000162010985
167489	0.0001857058625
167490	0.0003112468189
167491	0.0001801723275
167492	0.0005642464514
167493	3.609930537e-05
167494	0.0003963442066
167495	0.0005656855667
167496	9.716194334e-05
167497	0.0003994025743
167498	0.0007793206933
167499	0.001503325962
167500	0.0007644018753
167501	0.000120205811
167502	6.304564501e-05
167503	0.0006156294042
167504	0.0005035568677
167505	6.034120038e-05
167506	0.0003656392662
167507	0.0004280231468
167508	0.0002504150447
167509	0.000182663726
167510	0.0002693377037
167511	0.0004783831266
167512	8.397107176e-05
167513	1.730784651e-05
167514	0.0001944922341
167515	1.973194797e-05
167516	0.000143900056
167517	0.0010491402
167518	0.0003214210126
167519	0.0002641246735
167520	0.0007632711725
167521	0.0001076284962
167522	0.001362551654
167523	0.002141358312
167524	0.0004108752537
167525	0.0002035772117
167526	0.0002223554821
167527	0.0005143316927
167528	3.721547303e-05
167529	0.002160307067
167530	0.0006414959686
167531	0.0002575990398
167532	9.505969529e-05
167533	0.001130681775
167534	0.00156550693
167535	0.001464200141
167536	0.000906048855
167537	0.0005654306826
167538	0.000671598185
167539	0.000273933557
167540	0.0004091992119
167541	4.273299434e-06
167542	0.000513290517
167543	0.001161014034
167544	0.0006805593211
167545	0.0002924931601
167546	0.0005359999681
167547	0.0008480900622
167548	0.0003081064123
167549	0.0002421503061
167550	0.0002897480911
167551	0.0004449150581
167552	0.0004511108173
167553	0.001032156211
167554	0.0006467816964
167555	0.000670993676
167556	0.0008907823999
167557	0.0007589142192
167558	0.0001290519341
167559	0.0004644515126
167560	0.0004802400747
167561	0.0004273275973
167562	0.0005434115852
167563	0.0002135692325
167564	0.0004799149144
167565	0.001280831423
167566	0.001232518422
167567	8.142615811e-05
167568	0.0003816404393
167569	0.0002313125821
167570	0.0007552103545
167571	0.0004788803246
167572	0.0008441606235
167573	0.0008866654589
167574	0.00115828685
167575	0.0002800882919
167576	0.0003502495502
167577	2.029554416e-05
167578	0.0002188902076
167579	0.001151195139
167580	0.001335344011
167581	0.0006595927182
167582	0.001261400058
167583	0.002118596719
167584	0.001014084339
167585	0.002337959258
167586	0.0005399129882
167587	0.0009508522744
167588	0.0007567685696
167589	0.001640888053
167590	0.001060278576
167591	0.001502321983
167592	0.001038594893
167593	4.091791088e-05
167594	0.0008595342716
167595	0.0007749618829
167596	0.0001053123939
167597	0.0005954872933
167598	0.0003268672998
167599	0.0002054217622
167600	0.000958444073
167601	0.0002365691198
167602	0.0003587977346
167603	0.0009994329873
167604	0.0001981689156
167605	0.0001625247253
167606	0.001699722947
167607	0.000715327633
167608	0.0009315215464
167609	0.0006005514391
167610	0.001042721675
167611	0.0003029079072
167612	0.0004526456693
167613	0.0004451406699
167614	0.000766580266
167615	0.0001559495611
167616	3.120121893e-05
167617	0.002012064863
167618	3.95459489e-05
167619	0.0002143778002
167620	0.0007689018808
167621	0.0007077052563
167622	0.000171465635
167623	0.001932891932
167624	0.001086190037
167625	0.0006870420138
167626	7.237355449e-05
167627	0.0009976668593
167628	0.0002419619537
167629	0.0008797761086
167630	0.0006412649598
167631	3.930773335e-05
167632	0.0007672972904
167633	0.0008942737068
167634	0.0005134070642
167635	0.0004296223628
167636	0.0002237119983
167637	0.000736745745
167638	0.0001775579668
167639	0.001499833874
167640	3.580089494e-05
167641	0.0001061204431
167642	0.00011225211
167643	0.00202280247
167644	0.0004098870268
167645	0.0004268141193
167646	0.0009291355278
167647	0.001329285615
167648	0.003781671264
167649	8.992102678e-05
167650	0.000935807775
167651	0.000111887843
167652	0.0001847456355
167653	0.001918140039
167654	0.001046991497
167655	5.998509808e-05
167656	0.0006808369403
167657	0.0009036356883
167658	0.0004437599337
167659	0.0002976882023
167660	0.0001230539937
167661	1.692080679e-05
167662	0.00172185924
167663	0.0003779426217
167664	0.0002944579268
167665	1.696141937e-06
167666	0.0001325037829
167667	2.983417794e-05
167668	4.570537749e-05
167669	0.001052133275
167670	0.001679881127
167671	0.001141779031
167672	6.981565358e-05
167673	0.002548832999
167674	0.001936928087
167675	0.0002766317817
167676	0.0004869528484
167677	2.305600094e-05
167678	0.001849426295
167679	0.001061315109
167680	0.0005034940833
167681	0.0001125001219
167682	0.001798429947
167683	0.00117240727
167684	0.0003158093423
167685	0.0003511285491
167686	0.001979842344
167687	0.0005414862827
167688	0.0001853360917
167689	0.001249961498
167690	0.001668024812
167691	0.0007109692721
167692	0.0004236780794
167693	0.000246030197
167694	0.001067752908
167695	2.512953837e-06
167696	0.0001177715217
167697	0.0007965380255
167698	0.001216969184
167699	0.0005551772322
167700	0.0003142566146
167701	0.000600419543
167702	0.002143900074
167703	0.0001450076849
167704	0.002243199431
167705	0.000664479832
167706	0.001838296997
167707	0.0005629837705
167708	0.0009385926254
167709	0.001698820902
167710	0.0005206851797
167711	0.001391151982
167712	0.00164638995
167713	0.004040772214
167714	0.001737507026
167715	0.0003219810225
167716	0.0007451118722
167717	9.802776777e-05
167718	0.002276728038
167719	0.0007583283071
167720	0.0007218078109
167721	0.0003923511825
167722	0.0004124339892
167723	0.0004635008075
167724	0.0001432184886
167725	2.58665729e-05
167726	0.0001860464429
167727	0.0009121047967
167728	0.0007629123604
167729	0.0007229492613
167730	0.001945524676
167731	7.83797718e-05
167732	0.0007145675075
167733	0.0006983006244
167734	0.0001830247815
167735	0.0001986700681
167736	0.002632571945
167737	0.001099904838
167738	0.0002368568995
167739	0.001445116795
167740	0.0001838055194
167741	0.0006116958827
167742	0.001943916495
167743	0.00295050419
167744	0.002459166264
167745	0.002923251994
167746	0.003361681714
167747	0.000895169055
167748	0.0001351395379
167749	0.002130636316
167750	0.0004615748331
167751	0.001184774304
167752	0.0002763002892
167753	0.0002668396481
167754	0.0002700574138
167755	0.0008161974405
167756	0.0005131116651
167757	0.003537796842
167758	0.007143013022
167759	0.0009705276597
167760	0.000203825231
167761	0.001206699799
167762	0.004898456216
167763	0.002279777993
167764	0.001093330271
167765	1.662509656e-05
167766	0.0008065621515
167767	0.001426662994
167768	0.000536942869
167769	0.003582824641
167770	0.00156971344
167771	0.002026568185
167772	0.000256909835
167773	0.000264061118
167774	0.001427739662
167775	0.0004056100988
167776	0.001679461573
167777	0.0007253051177
167778	0.0009683853258
167779	0.004695926029
167780	0.001144088018
167781	0.0008928139385
167782	0.001495460331
167783	0.0007608192575
167784	0.0009504141896
167785	0.00177089121
167786	0.0006904070906
167787	0.002442461615
167788	0.003631432855
167789	0.003152371357
167790	0.004521657456
167791	0.0005263388056
167792	0.002267167765
167793	0.001443442007
167794	2.721791402e-05
167795	0.0008951074892
167796	0.005194043308
167797	0.00115080929
167798	0.001774044767
167799	0.001894517582
167800	0.0008465505178
167801	0.00534984263
167802	0.0003122645741
167803	0.001626083886
167804	0.002564845827
167805	0.001021969893
167806	0.001160212705
167807	0.00126675066
167808	0.001020418485
167809	0.0005103528894
167810	0.0007563434356
167811	0.0003578229293
167812	0.001138603449
167813	0.004986794272
167814	0.000450715864
167815	0.0005025302356
167816	0.001958911667
167817	0.001553590916
167818	0.001077458646
167819	0.002300380211
167820	0.003747635787
167821	0.004004880832
167822	0.0001995692886
167823	0.0009780360718
167824	0.002150036161
167825	0.002066982347
167826	0.001114769258
167827	0.001239156002
167828	0.0008881329382
167829	0.000565212773
167830	0.0003302604666
167831	0.001380500516
167832	0.00040926183
167833	0.00125922029
167834	0.0002285543699
167835	0.001659073764
167836	0.001119081161
167837	0.0009655350478
167838	0.001062302161
167839	0.005372966787
167840	0.0007754524463
167841	0.002689541477
167842	0.007151645389
167843	0.00322570538
167844	0.0001622122348
167845	0.008572631621
167846	0.0006558112305
167847	0.00212020355
167848	0.002201891312
167849	8.562760085e-05
167850	0.001061632915
167851	0.001091538208
167852	0.0003461355887
167853	0.001485895718
167854	0.0008951430347
167855	0.003718794096
167856	0.001798330423
167857	0.004107907624
167858	0.001780346663
167859	0.0009879996981
167860	0.001709474161
167861	0.002791719027
167862	0.0003139457486
167863	0.0007656629349
167864	0.002021052474
167865	0.0004454204061
167866	0.0005175199889
167867	0.002475017511
167868	0.002016899497
167869	0.001994080809
167870	0.002176808777
167871	0.0002311584957
167872	9.780705057e-05
167873	0.00276223474
167874	0.001083351267
167875	0.002457343969
167876	0.001591514316
167877	0.001411122036
167878	0.002006480582
167879	0.002686405988
167880	0.0006855146274
167881	0.0004213624391
167882	0.00131469228
167883	0.002147133896
167884	0.0001756228397
167885	0.0005818004633
167886	0.0009867889363
167887	0.001020094774
167888	0.0001834487567
167889	0.0004907962432
167890	3.779670438e-05
167891	0.003509526677
167892	0.0005170022618
167893	0.0009663021574
167894	0.0007691442312
167895	7.911289348e-06
167896	0.004493345709
167897	0.0001218270434
167898	0.001252648209
167899	5.30598323e-05
167900	0.0001712447905
167901	0.000381635211
167902	0.003165390158
167903	0.0007549961559
167904	0.0007232190777
167905	0.0002560543382
167906	0.001166541677
167907	0.0001648656469
167908	0.00117166031
167909	3.014156789e-05
167910	0.005927683723
167911	0.003691519834
167912	9.320017887e-05
167913	0.001720407006
167914	0.0004326820042
167915	0.001673726042
167916	0.001148505389
167917	0.0006492322969
167918	0.0002299991463
167919	0.0002332560031
167920	0.001317773027
167921	0.002822533366
167922	0.0007871322473
167923	0.0002025197633
167924	0.002289894543
167925	5.735169732e-05
167926	0.0005074674822
167927	0.001117668946
167928	0.0001194193612
167929	0.003506761085
167930	0.001179954961
167931	0.002168580666
167932	0.004371813345
167933	0.003375350173
167934	0.0009346063164
167935	0.0003550534758
167936	0.0006164359346
167937	0.00165738618
167938	0.001494145573
167939	0.0007275391653
167940	0.0006105144797
167941	0.001257563231
167942	2.916461818e-05
167943	0.0001752112033
167944	0.002139593561
167945	0.003569539157
167946	0.003677384476
167947	0.002254418809
167948	0.0003369046501
167949	0.0001177292655
167950	0.001907571083
167951	0.001858528982
167952	0.0008087162473
167953	0.001474057029
167954	0.001783998686
167955	7.563640388e-06
167956	1.937391564e-05
167957	0.0007419983965
167958	0.006496913136
167959	0.0006768024328
167960	0.00254983685
167961	0.0005490857651
167962	0.002202891803
167963	0.003864688858
167964	0.0008455169103
167965	0.0003580830851
167966	0.0004526963532
167967	8.713586832e-05
167968	0.000974088714
167969	0.002379534043
167970	0.0007852738682
167971	0.002389749372
167972	0.001762307547
167973	0.0005785460602
167974	3.000718513e-05
167975	0.0009909720002
167976	0.002554318897
167977	0.005033526126
167978	0.003487986845
167979	0.0002375077846
167980	0.00566131916
167981	0.0004702319655
167982	0.001464956402
167983	0.0006501371978
167984	0.002451835008
167985	0.00360672082
167986	0.004738932734
167987	0.001908039642
167988	0.000626444903
167989	0.0005731937341
167990	0.001424537017
167991	0.001570178638
167992	0.001719587291
167993	0.001252636591
167994	0.002417866837
167995	0.0002441724996
167996	0.0006080109758
167997	0.001093683748
167998	0.003184888515
167999	0.0002070710052
168000	0.001128215285
168001	0.002146415337
168002	0.001615321382
168003	0.0005222487141
168004	0.004442804441
168005	0.00703472443
168006	0.0008914479968
168007	0.0009103409216
168008	0.003004604786
168009	0.0001768208683
168010	0.002064736827
168011	5.732175505e-05
168012	0.0004271835281
168013	0.001425424013
168014	0.002516164714
168015	0.001138276651
168016	0.003945669572
168017	0.001608088236
168018	0.003632929935
168019	0.001393734125
168020	0.000125020271
168021	0.001189290553
168022	0.002234595064
168023	0.001109115012
168024	0.003659164765
168025	0.0002641616389
168026	0.002039083439
168027	0.004033000497
168028	0.005538833928
168029	9.246971392e-05
168030	0.002749682853
168031	0.0005773538046
168032	0.00419027249
168033	0.0008191014649
168034	0.000633933143
168035	0.002287441054
168036	0.00113260726
168037	0.003927345792
168038	0.004229797246
168039	0.001064360481
168040	0.002132794932
168041	0.003119414511
168042	0.001925019192
168043	0.001079592045
168044	0.0008321299398
168045	0.0006918866623
168046	0.0003976038344
168047	0.001878537588
168048	0.001773578629
168049	0.003769195751
168050	0.0001661607549
168051	0.0001104146119
168052	0.001114065369
168053	0.004075247216
168054	0.001714136203
168055	0.0006861167184
168056	0.0008815822124
168057	0.001602021268
168058	0.0003497119957
168059	0.0004404199326
168060	0.0001281179805
168061	0.001436912378
168062	5.18679075e-05
168063	0.001801152646
168064	0.0003934432049
168065	0.0008038149784
168066	0.000325658802
168067	0.00360813759
168068	3.133034716e-05
168069	0.001837264204
168070	0.005249326973
168071	0.00283843176
168072	0.0007487123144
168073	0.003245955729
168074	4.411338964e-06
168075	0.001251715266
168076	0.0003202539889
168077	0.001910806263
168078	0.0007355214587
168079	0.001531202108
168080	0.001069272862
168081	0.000565505691
168082	2.859492024e-05
168083	0.003606342531
168084	0.002563619002
168085	0.0006508073704
168086	0.00229925869
168087	0.0003014302432
168088	0.00121613115
168089	0.001414913439
168090	0.002321872693
168091	0.002449531154
168092	0.001276522648
168093	0.0006588861307
168094	0.0001906166455
168095	0.0001525161559
168096	0.0009519361995
168097	0.001732620482
168098	0.002410165626
168099	0.002476147863
168100	0.001996160657
168101	0.0006265079791
168102	0.001264712208
168103	0.0005086502367
168104	0.001763502913
168105	0.0008079974366
168106	0.0004963782014
168107	0.002759517445
168108	0.001071700455
168109	0.0001757032917
168110	0.002472323899
168111	0.003324746767
168112	0.001460499884
168113	0.0004603941658
168114	0.001009612189
168115	0.001087540195
168116	0.001073145006
168117	0.0004154641107
168118	5.016200985e-05
168119	0.0002649398684
168120	0.004006291428
168121	0.00143617079
168122	0.0007242158934
168123	0.0003467139595
168124	0.000115599038
168125	0.0005592984563
168126	0.0004492559367
168127	0.006729104708
168128	0.002869406133
168129	0.0027918464
168130	0.0002739585518
168131	0.00143006336
168132	0.002601634315
168133	0.004203711276
168134	0.00167247394
168135	0.001690572138
168136	0.003213306669
168137	0.001576260608
168138	0.0001052761043
168139	0.001064191496
168140	0.003488335998
168141	0.001162257959
168142	0.0008986537852
168143	0.005320198071
168144	0.001323324589
168145	0.0005294122751
168146	0.0006429540496
168147	0.000676341648
168148	0.0004417053595
168149	0.0009462635004
168150	0.004396706746
168151	0.001423804116
168152	0.0008366242897
168153	0.003845519745
168154	0.0001025854484
168155	0.0004647122332
168156	0.0007183568894
168157	0.001026843504
168158	0.002032181799
168159	0.002224236738
168160	7.862092717e-05
168161	0.003181371694
168162	0.0008148907227
168163	0.0009714073705
168164	0.0003621147399
168165	0.0007556786568
168166	0.0002539174975
168167	0.003232393169
168168	0.0003579431909
168169	0.001702678612
168170	0.0005703641631
168171	0.003507359316
168172	0.0005499534217
168173	0.000904273189
168174	0.001514848769
168175	0.004727184762
168176	0.0001263861432
168177	0.0005916344432
168178	0.001178967414
168179	0.003659982425
168180	0.000306719466
168181	0.001561949626
168182	0.001343262625
168183	0.0004119059801
168184	0.0004554790438
168185	0.00171177363
168186	0.0006491139394
168187	0.00542842596
168188	0.002727569143
168189	0.0006968586349
168190	0.002119063615
168191	0.001406892979
168192	0.0008286288376
168193	0.001201069466
168194	0.003038041487
168195	0.001488593179
168196	0.0001962788633
168197	0.001587457082
168198	9.268916609e-05
168199	0.001939381611
168200	0.0006880250423
168201	0.002230815978
168202	0.001671277286
168203	0.0007231626302
168204	0.0002073529607
168205	0.0005983548298
168206	0.004260386746
168207	0.002868916087
168208	0.003290263924
168209	0.0007479400689
168210	0.0006318993638
168211	0.000360867042
168212	0.0006031760445
168213	0.0006930993224
168214	0.0003580586507
168215	0.002020108694
168216	0.00309484362
168217	0.003337470633
168218	0.0009131407709
168219	0.002073783833
168220	0.0006029888989
168221	0.001457072895
168222	0.002728897781
168223	0.002045452029
168224	0.000129160655
168225	0.004517481813
168226	0.002364040366
168227	0.005156655747
168228	0.002172606911
168229	1.052126096e-05
168230	0.0003275124009
168231	0.00625110262
168232	0.002306563048
168233	0.001108082176
168234	0.005129882706
168235	0.001134499292
168236	0.0001523389179
168237	0.00115336564
168238	0.0006974350671
168239	0.004360498171
168240	0.0001507195444
168241	0.001001353369
168242	0.0002549026746
168243	0.0008156123749
168244	0.001486960732
168245	0.00321244588
168246	0.004378758286
168247	7.125706568e-05
168248	0.0008584536185
168249	0.004599656401
168250	0.005010829348
168251	0.002514608198
168252	0.000404480002
168253	0.0001123344537
168254	0.003566535048
168255	0.0008119147594
168256	0.001547437949
168257	0.001213258588
168258	0.001342629787
168259	0.002412211842
168260	0.0009480777911
168261	0.003608851657
168262	0.001302720586
168263	0.0008936949867
168264	0.001692479275
168265	0.001121147221
168266	0.0004462499297
168267	7.916702196e-05
168268	0.003090332993
168269	0.0008247013956
168270	0.002704953731
168271	0.0004992040097
168272	0.002207047749
168273	0.002467299833
168274	0.006871058714
168275	0.0006002075541
168276	0.0007038059997
168277	0.003139167863
168278	0.00260620511
168279	0.0001471315159
168280	0.0007052836743
168281	0.001548274921
168282	0.002307556707
168283	0.00163819813
168284	0.0005462370699
168285	0.0003039176174
168286	0.0003985962121
168287	0.0001311456714
168288	0.002446102036
168289	0.001089157145
168290	0.001083953151
168291	0.005387071909
168292	0.0003268069306
168293	0.0003476346467
168294	0.001189036661
168295	0.0008846581715
168296	0.00190658068
168297	0.001445107037
168298	0.001485864425
168299	0.0002012635859
168300	0.00513539762
168301	0.001280556695
168302	0.0005878099641
168303	0.001692960181
168304	0.001299149335
168305	0.001985892849
168306	0.002051481405
168307	0.0016551566
168308	0.00250250554
168309	0.002829865665
168310	0.0006211543823
168311	0.001512531639
168312	0.001650398762
168313	0.001023486294
168314	0.0009212673329
168315	0.002689544966
168316	0.003450331292
168317	0.0004541219851
168318	0.0006696791198
168319	0.001649601634
168320	0.000211556921
168321	0.000477014041
168322	0.001000815168
168323	0.0004941288589
168324	0.0001101967779
168325	0.0005534813413
168326	0.002035613131
168327	0.007969334805
168328	0.003278048265
168329	0.002243589602
168330	0.003149302569
168331	0.003179488431
168332	0.001941316622
168333	0.002784886542
168334	0.001216121815
168335	0.002380045474
168336	0.001956429121
168337	0.003435865029
168338	0.0007676245371
168339	0.003838672013
168340	0.002818893101
168341	0.0008765348795
168342	0.002939865925
168343	0.0004626154463
168344	0.001304811858
168345	0.001234124153
168346	0.0001862002885
168347	0.0005727748193
168348	0.003835839888
168349	0.001685527591
168350	0.001393297809
168351	0.0005810564782
168352	0.001257465088
168353	0.001026641669
168354	0.00193506232
168355	0.0002082693161
168356	1.330153353e-05
168357	0.0005166575504
168358	0.0005830201907
168359	0.001661936065
168360	0.003585577227
168361	0.0008356255535
168362	0.002568142283
168363	0.0005049584447
168364	0.003706806689
168365	0.0004164134604
168366	0.0007647266683
168367	0.002444575652
168368	0.000271661334
168369	0.004661556325
168370	0.003483898416
168371	0.002398849062
168372	6.061651118e-06
168373	0.002226494212
168374	0.00286362527
168375	0.001625489337
168376	0.0004212355889
168377	0.005540010461
168378	0.001797013793
168379	0.0008132011129
168380	0.000208927967
168381	0.0007347342288
168382	0.006196993926
168383	0.0007823498644
168384	0.003864911215
168385	0.002015975014
168386	0.00385795115
168387	0.0006063419097
168388	0.004081071635
168389	0.001758179304
168390	0.0007654895044
168391	0.004411368647
168392	0.00295126067
168393	0.001188290963
168394	0.001661256479
168395	0.00204460675
168396	7.71026133e-05
168397	0.0008932961714
168398	0.003290602166
168399	0.0009958896127
168400	0.001406024692
168401	0.001877322359
168402	0.0009286245879
168403	0.002189656712
168404	0.001021540061
168405	0.0005562776768
168406	0.001419516201
168407	0.001539786258
168408	0.0007477420208
168409	0.002151671039
168410	0.003531743468
168411	0.0005147439015
168412	0.0008449216603
168413	0.0002132182058
168414	0.003502587835
168415	0.002085308888
168416	0.001813997558
168417	9.015678047e-05
168418	0.003589312374
168419	0.002982479154
168420	0.002705955189
168421	0.00128228972
168422	0.0003468088753
168423	0.0003774431747
168424	6.494005125e-05
168425	4.11273323e-05
168426	0.003334428948
168427	0.00208243817
168428	0.002582826047
168429	0.002376185678
168430	0.0007043850307
168431	0.00104626099
168432	0.0007267600612
168433	0.0008610920771
168434	0.0001608050297
168435	0.003592671229
168436	0.001032254082
168437	0.0001678334023
168438	0.001251080499
168439	0.003559755824
168440	0.0001641616171
168441	0.004124298455
168442	0.0004649971292
168443	0.004338191722
168444	0.002386046534
168445	0.0006402747692
168446	0.001070345161
168447	0.001401182486
168448	0.0008143546394
168449	0.001023212227
168450	0.0001476025938
168451	0.001935275244
168452	0.0009213744108
168453	0.0003957818548
168454	0.001140808884
168455	0.0001085397738
168456	0.002340684705
168457	0.003235114309
168458	0.001706899125
168459	8.895473717e-06
168460	0.0004068449886
168461	0.003188772728
168462	0.003644831925
168463	0.001753121414
168464	8.826017344e-05
168465	0.002286097937
168466	0.0007919265245
168467	0.003975636736
168468	0.001261321623
168469	0.000350334136
168470	0.002088200237
168471	0.0006127336692
168472	0.001452302707
168473	0.0004424277496
168474	0.001806827064
168475	0.0004048824307
168476	0.0009393194708
168477	0.001214857857
168478	0.001199531073
168479	0.0002892950684
168480	0.0001866937612
168481	0.0005739897373
168482	0.0002344269219
168483	0.002676794531
168484	0.0008500428734
168485	0.0008062842086
168486	0.001059324067
168487	0.002206920518
168488	0.001101371914
168489	0.0011546634
168490	0.001331155423
168491	0.001044196413
168492	0.001646267553
168493	0.002306334356
168494	0.0008936328301
168495	0.002820338724
168496	0.002400971127
168497	0.002351139305
168498	0.003668046237
168499	0.0009054470622
168500	0.0002538594555
168501	0.0010125341
168502	0.0005503478238
168503	0.0001426102793
168504	0.004054679302
168505	1.395502624e-06
168506	0.001905462543
168507	0.0001784466325
168508	0.001912805893
168509	0.00016526996
168510	0.001159628785
168511	0.00237223364
168512	0.002774047254
168513	0.00038036831
168514	0.0006947197349
168515	0.00136075024
168516	0.0003150950349
168517	0.002135976183
168518	0.001186909556
168519	0.0007264551332
168520	0.001256438102
168521	0.001978396079
168522	0.002485100929
168523	0.0003879800561
168524	0.001099414575
168525	0.00160898382
168526	0.001549646442
168527	0.002517777206
168528	0.0008173643057
168529	0.001191351871
168530	0.001342578596
168531	0.000475894369
168532	4.021086923e-05
168533	0.0007206106742
168534	0.0005590286819
168535	0.001233532478
168536	0.0005071943244
168537	0.0008952966461
168538	0.001087678289
168539	0.0009451501118
168540	0.0009420891839
168541	4.462929683e-05
168542	0.000668754988
168543	0.0007151910895
168544	0.0002962179777
168545	0.0001820990517
168546	0.000625791786
168547	0.0003278819401
168548	0.0005761266905
168549	0.0006688805276
168550	0.0003033570618
168551	0.00106666514
168552	0.0007876948528
168553	0.0007430070452
168554	0.0002748328689
168555	0.0008758820085
168556	0.0006338439014
168557	0.001134184472
168558	0.000869955594
168559	0.00119148075
168560	0.001116648814
168561	0.0001999607047
168562	0.0004153417337
168563	0.000517663304
168564	0.0006050616061
168565	0.0002813184283
168566	0.0005433292275
168567	0.0001721771497
168568	0.0004055459711
168569	0.0005296435885
168570	0.0001009007357
168571	0.0007865184321
168572	0.0006679076877
168573	0.0006432669815
168574	0.001262837164
168575	0.0002899495966
168576	0.0006329581802
168577	0.0006137986441
168578	0.003376850308
168579	0.001508371316
168580	0.0001344007357
168581	0.002282085866
168582	0.001277218992
168583	0.003656437184
168584	0.004558958816
168585	0.0004256596224
168586	0.0001811005708
168587	0.001660980523
168588	0.002301235858
168589	0.001420698419
168590	0.006339180742
168591	0.0004348689613
168592	0.003908938205
168593	0.005124899699
168594	0.003319865835
168595	0.0009707333285
168596	0.004074974898
168597	0.00425917222
168598	0.005671209932
168599	0.001976243678
168600	0.0005188794056
168601	0.002496792501
168602	0.004937983575
168603	0.003997398005
168604	0.002742151327
168605	0.0009462815974
168606	0.004700298694
168607	0.005275738523
168608	0.005879885735
168609	0.003749342331
168610	0.003383262934
168611	0.004851280969
168612	0.0007762611043
168613	0.00260877758
168614	0.005490554348
168615	0.0005390568316
168616	0.001001254007
168617	0.0006252386728
168618	0.002234807844
168619	0.0007740542318
168620	0.001917034657
168621	0.0001077881234
168622	0.0007313065096
168623	0.0001658643644
168624	0.001631004225
168625	0.0007480151229
168626	0.0009102648141
168627	0.0009453622107
168628	0.0007308882197
168629	0.0007238960534
168630	0.001759366124
168631	0.0006348699638
168632	0.0001289081549
168633	0.0009855053505
168634	0.0006795691395
168635	0.0006575954198
168636	0.000474236882
168637	0.0004674193536
168638	0.001766155645
168639	0.0003129498212
168640	0.003510254488
168641	0.0001835835424
168642	0.0001843949192
168643	0.000698796385
168644	0.0008728884401
168645	0.0009735890382
168646	0.0002816548471
168647	0.001305964855
168648	0.0005109188457
168649	8.670278737e-05
168650	0.001841686529
168651	0.001848576634
168652	0.0008854101802
168653	0.0009436932035
168654	0.00128995352
168655	0.00212442509
168656	0.004445034955
168657	0.001407371348
168658	0.002408670634
168659	0.0002551287022
168660	0.0007000941603
168661	0.001996780903
168662	0.0047683411
168663	0.0009790233092
168664	0.0002045126119
168665	0.004546360647
168666	0.001121122215
168667	0.0006624328944
168668	0.001014424722
168669	0.00131424689
168670	0.001317848149
168671	0.0004764150325
168672	0.001752732287
168673	0.0008121650925
168674	0.001573460755
168675	0.0001571576195
168676	0.0002311718452
168677	0.0004531693219
168678	0.002743834802
168679	0.0001390509606
168680	0.0003165917158
168681	0.0001500708447
168682	0.001735075643
168683	0.00163609843
168684	0.001997371495
168685	0.0004133307029
168686	0.0005943487102
168687	0.002391968947
168688	0.001188976965
168689	0.003118324302
168690	0.000273795989
168691	4.240710233e-05
168692	0.0008242461894
168693	0.0003930982089
168694	0.0009654694122
168695	0.0001774702172
168696	0.0008962003511
168697	0.000391869655
168698	0.001482887572
168699	0.001498764217
168700	0.001764401652
168701	0.002459227205
168702	0.0008327158234
168703	0.0001284934713
168704	0.0005218208861
168705	0.00214644863
168706	0.0005433072638
168707	0.0008058017781
168708	0.0004775433195
168709	0.0005281638346
168710	0.0004116945139
168711	0.0009728361668
168712	0.002527039238
168713	0.00117087388
168714	0.0005204872893
168715	0.0004730939215
168716	0.0004171049502
168717	0.0005607036154
168718	0.0006443548258
168719	0.0001808469166
168720	0.0001961844559
168721	0.00392116579
168722	0.0003684606471
168723	0.000143410411
168724	0.002082228602
168725	0.001032218754
168726	0.001180090403
168727	0.0008900248691
168728	0.0001055481678
168729	0.0005608307932
168730	0.001251771193
168731	0.0005946720631
168732	0.00192070549
168733	0.00158713117
168734	0.003035846495
168735	0.001233595495
168736	0.0008411983102
168737	0.0003854695563
168738	0.001089510337
168739	0.0008045262979
168740	0.0009540496504
168741	8.192754644e-05
168742	0.001236704706
168743	0.002500807151
168744	0.001575405408
168745	0.001378027755
168746	0.000326980699
168747	0.0002042120484
168748	0.003958936055
168749	0.002235219461
168750	0.002415352583
168751	3.767511433e-06
168752	0.0006998854274
168753	0.0005248166845
168754	0.001104816018
168755	0.0005703895247
168756	0.001270388303
168757	0.0007687734546
168758	0.003253508635
168759	0.0008010115965
168760	5.230524526e-05
168761	0.0002546254389
168762	0.002239564018
168763	0.002817729929
168764	0.0007704186929
168765	0.003019160721
168766	0.0009117535032
168767	0.0007271810239
168768	0.0001206813305
168769	0.0002841314475
168770	0.002062869494
168771	0.001282861238
168772	0.0009340245253
168773	0.001180492141
168774	8.130843457e-05
168775	0.006500411454
168776	0.008669979674
168777	0.00274478568
168778	0.0009524472063
168779	0.00397378939
168780	0.004343274988
168781	0.007278409789
168782	0.0002778987253
168783	0.000444997082
168784	0.001916413418
168785	0.004442999177
168786	0.000181811173
168787	0.001217731776
168788	0.0007554448274
168789	0.0001428842624
168790	0.003879211499
168791	0.003544095281
168792	0.0004082509695
168793	0.0007891802079
168794	0.0004065855963
168795	0.002700953536
168796	0.0001754273231
168797	1.681493706e-05
168798	0.004259191455
168799	0.004130466591
168800	0.00210435453
168801	0
168802	0.0005363288962
168803	0.005592527879
168804	0.001070087459
168805	0.00241350834
168806	0.001330983842
168807	0.001617029034
168808	0.000885038825
168809	0.00263464192
168810	0.006680160154
168811	0.001592577358
168812	0.0007746025672
168813	0.004693412391
168814	3.840446084e-05
168815	0.001310546824
168816	0.001516698495
168817	0.0006422101035
168818	0.001947471371
168819	0.0003758860845
168820	0.0004505141992
168821	0.002117101932
168822	0.003879699715
168823	0.006049422775
168824	0.002515984245
168825	0.0005004248036
168826	0.001626725129
168827	0.002349779045
168828	0.0003745252796
168829	0.001339055025
168830	0.006947865933
168831	0.0003651667864
168832	0.0006648209401
168833	0.0001896919149
168834	0.001712098603
168835	3.729571799e-06
168836	0.001561983945
168837	0.001511395623
168838	0.0005648500667
168839	0.0007250212629
168840	0.0004950903739
168841	0.002531846656
168842	0.0001528070011
168843	0.005008017614
168844	0.001710462751
168845	0.001457909758
168846	0.001507380028
168847	0.006531186828
168848	0.002697675502
168849	0.002453036714
168850	0.002519446191
168851	0.0005007096049
168852	0.001909721507
168853	0.004747154161
168854	0.001279487445
168855	0.005473824346
168856	0.003101812154
168857	0.0001572791233
168858	0.002106231104
168859	0.002468961935
168860	0.001928523376
168861	0.0009157495213
168862	0.001799445601
168863	0.002124676544
168864	0.0022315645
168865	0.0004946529357
168866	0.003989498137
168867	0.001413836921
168868	0.003839362982
168869	0.006535961455
168870	0.005492278729
168871	0.001664202487
168872	0.0002777571629
168873	0.0009348747542
168874	0.0004817312568
168875	0.0009504024175
168876	0.0009890586641
168877	0.002318957471
168878	0.001467872065
168879	0.001975698227
168880	4.613943842e-05
168881	0.001254486991
168882	0.001561703281
168883	0.004156780362
168884	0.006342108359
168885	0.004779926114
168886	0.005395216241
168887	0.004135765216
168888	0.0001507479999
168889	0.0008386906677
168890	0.0005008482269
168891	0.002176130633
168892	0.002544156789
168893	0.0007067910878
168894	0.002074668084
168895	0.001380887531
168896	0.0008127588048
168897	0.007441998019
168898	0.002638684279
168899	0.004641728257
168900	0.0005437419412
168901	0.003236351152
168902	0.0005663667938
168903	0.007367412153
168904	0.0005745964626
168905	0.002612000026
168906	0.005648006425
168907	0.002371725615
168908	0.001639681192
168909	0.0008282170716
168910	0.0009249817856
168911	0.001344700145
168912	0.0009603875321
168913	0.006741528421
168914	0.0008279694964
168915	0.0006914751746
168916	0.0007590730536
168917	0.002102155117
168918	0.0004957088193
168919	0.0024445588
168920	0.002111536349
168921	0.002264061021
168922	0.002369983481
168923	0.002654772878
168924	0.001673556523
168925	0.0006010990788
168926	0.001285117801
168927	0.002025461127
168928	0.0002280242259
168929	0.006672022971
168930	0.001414615085
168931	0.002361221046
168932	0.001330871101
168933	0.0005166840732
168934	0.0006122559719
168935	8.729540759e-05
168936	0.0007041222777
168937	0.0008514942112
168938	0.002396707058
168939	0.00163721751
168940	0.007167390321
168941	0.001343536335
168942	0.001302711958
168943	0.00506800918
168944	0.0007810995085
168945	0.0001563685533
168946	0.001290236978
168947	0.00117988588
168948	0.001635380171
168949	0.003200865523
168950	0.001382422921
168951	0.001727877148
168952	0.002768549633
168953	0.002094534331
168954	0.00117220941
168955	0.002448692875
168956	0.00207823745
168957	0.0009392497552
168958	0.001501141118
168959	3.515910907e-05
168960	0.001319592363
168961	0.000320034377
168962	0.001195144447
168963	0.006422681737
168964	0.006637193216
168965	0.004990823382
168966	0.0001836917911
168967	0.001853705191
168968	0.007901811289
168969	0.004002932558
168970	0.006520034878
168971	0.006278251745
168972	0.001168682782
168973	0.003500316797
168974	3.872855738e-05
168975	0.001765306401
168976	0.003573836558
168977	0.0008341621418
168978	0.002641000111
168979	0.0076646068
168980	0.00235514702
168981	0.0003402233275
168982	0.005241570196
168983	0.005070035937
168984	0.003865302878
168985	0.00039981973
168986	0.004864939233
168987	0.002974975023
168988	0.006205686023
168989	0.0003448863837
168990	0.0003993842633
168991	0.004524153679
168992	0.0005293536654
168993	0.00138934795
168994	0.002215527025
168995	0.005268077663
168996	0.002261094834
168997	0.003022609832
168998	0.0009289898316
168999	0.0006812101627
169000	0.006790867295
169001	0.001301707825
169002	0.008227473877
169003	0.0001507271428
169004	0.0009549066374
169005	0.0009706115614
169006	0.002409459696
169007	0.002185800798
169008	0.004194283402
169009	0.0003384052025
169010	7.311199616e-06
169011	0.000878510596
169012	0.003730592968
169013	0.0007732798992
169014	0.001952128698
169015	0.001018970331
169016	0.001378418838
169017	0.003434557729
169018	0.0006409482002
169019	0.001176648465
169020	0.0007914732557
169021	2.910409587e-05
169022	0.0009595632862
169023	0.002187894736
169024	0.004728949953
169025	0.000532108161
169026	0.002623751795
169027	0.001395832084
169028	0.000124584672
169029	0.0006546246816
169030	0.0008952191704
169031	0.00253258402
169032	0.0005430686435
169033	0.001110962792
169034	0.001978395054
169035	0.005043728605
169036	0.002863302963
169037	0.0004647032806
169038	0.001142920042
169039	0.00122308919
169040	0.001817582575
169041	0.001622782144
169042	0.002939405081
169043	0.002374127927
169044	0.000679250466
169045	0.003343651778
169046	0.0002822122121
169047	0.003351590741
169048	0.0006832679248
169049	0.00290598877
169050	0.002981374406
169051	0.002723534263
169052	0.003335280235
169053	0.002569801164
169054	0.0007111318562
169055	0.002527678407
169056	0.0006358559011
169057	0.002113440951
169058	0.0003657061368
169059	4.794186553e-05
169060	0.001775134649
169061	0.0003795890055
169062	0.004034330887
169063	0.0002999937358
169064	0.001147981727
169065	0.00321691603
169066	0.002576186169
169067	0.002494009944
169068	0.002704679639
169069	0.002541668192
169070	0.0005659285232
169071	0.005310269146
169072	0.0002813022323
169073	0.0004782747021
169074	0.002920574714
169075	0.001960898261
169076	0.004044102353
169077	0.0006421359771
169078	0.001376122519
169079	0.001262469431
169080	0.00107604902
169081	0.002195900287
169082	0.0004645853019
169083	0.003282272068
169084	0.003570958028
169085	0.0008011863797
169086	0.004983307207
169087	0.006274414206
169088	0.002467843705
169089	0.0009661955496
169090	0.0001636260236
169091	0.004042826057
169092	0.0008582525595
169093	0.003122485298
169094	0.001358973066
169095	0.0006100441467
169096	0.0008933469467
169097	0.0008833332919
169098	0.00153584682
169099	0.002635917043
169100	0.001784815494
169101	7.874282783e-05
169102	0.005281993005
169103	0.001485580475
169104	0.006075925154
169105	0.0001523010957
169106	0.002039554376
169107	0.0008976945009
169108	0.002106422706
169109	4.210646245e-05
169110	0.003637454881
169111	0.00296296354
169112	0.005708337916
169113	0.0008574877928
169114	0.001443004563
169115	0.003539343042
169116	0.003147184554
169117	0.0001607683835
169118	0.001174238517
169119	0.0008359398058
169120	0.002016958688
169121	0.002483701054
169122	0.004711611858
169123	0.00122154504
169124	0.000491048093
169125	0.002008662941
169126	0.002536831277
169127	0.0007727495794
169128	0.0005147487443
169129	0.001100834228
169130	0.004058452223
169131	0.001145695469
169132	0.002112078997
169133	0.004294703341
169134	0.001489752086
169135	0.001088109891
169136	0.002004302179
169137	0.003990387439
169138	0.00208819464
169139	0.00125086621
169140	0.001728871361
169141	0.000713443372
169142	0.00364245244
169143	0.00364480871
169144	0.004893264369
169145	0.003079345174
169146	0.0003923000467
169147	0.003072027287
169148	0.002154690743
169149	0.001289151808
169150	0.0007207244761
169151	0.001780664526
169152	0.001907148625
169153	0.001365707291
169154	0.003204896048
169155	0.004317360321
169156	0.0008144294333
169157	0.0008787913102
169158	0.0003590317045
169159	0.0004638054012
169160	0.002995282817
169161	0.003191401229
169162	5.7528709e-05
169163	0.004710052945
169164	0.001394508404
169165	2.144619899e-05
169166	0.001755351957
169167	0.00532401783
169168	0.002871386744
169169	0.001767615681
169170	0.003480532982
169171	0.0007797413247
169172	0.001360609991
169173	0.002893174918
169174	0.0007420915376
169175	0.002635235801
169176	0.001177926433
169177	0.001185331306
169178	0.001705022499
169179	0.005062957665
169180	0.0007299806288
169181	0.001896159153
169182	0.003348570518
169183	0.002054976929
169184	0.000833722707
169185	0.005017314612
169186	0.002570436204
169187	0.002903814266
169188	0.001791258579
169189	0.004492590806
169190	0.003380130137
169191	0.003735555925
169192	0.007215981576
169193	0.003348863554
169194	7.436186957e-05
169195	0.001659122442
169196	0.0005256514572
169197	0.0001464673546
169198	0.005957394947
169199	0.001569935464
169200	0.0009791089408
169201	0.001322517997
169202	0.0003116498037
169203	0.001876688938
169204	0.0007611010426
169205	0.003637775754
169206	0.0005786975941
169207	0.000985464316
169208	0.003055270429
169209	0.002963207626
169210	0.0008164628936
169211	0.002647075774
169212	0.0008553784689
169213	0.00255479652
169214	0.001589014085
169215	0.000550320019
169216	0.002147039582
169217	0.003466852094
169218	0.0007927683528
169219	0.0005059886667
169220	0.002763045955
169221	0.003601990357
169222	0.004516607478
169223	0.00121923498
169224	0.004383431043
169225	0.0008817185364
169226	0.0007552869333
169227	0.00132813163
169228	0.001684403002
169229	0.0007338208614
169230	0.001077308506
169231	0.0002611612743
169232	0.0001560377077
169233	0.001879206515
169234	0.003439279321
169235	0.00195773749
169236	0.0007773946717
169237	0.003075661163
169238	0.001254525183
169239	0.001261839875
169240	0.002086659262
169241	0.002263661233
169242	0.001899608183
169243	0.001493250388
169244	0.0005851426088
169245	0.0005481744955
169246	0.002303801387
169247	0.0008199050033
169248	0.006136524799
169249	0.0004786477096
169250	0.0007583548765
169251	0.002255346805
169252	0.0007587457136
169253	0.0008895000477
169254	0.0009129325781
169255	0.00270750586
169256	0.001109432897
169257	0.004464547958
169258	0.0003654545091
169259	0.002016102351
169260	0.003366818077
169261	0.0004682233475
169262	0.002053189295
169263	0.00145170404
169264	0.005074673083
169265	0.002764919304
169266	0.0008743420753
169267	0.005907818542
169268	0.0006899015403
169269	0.005935168614
169270	0.003920585882
169271	0.002024964632
169272	0.0008387380251
169273	0.004137699482
169274	0.001394758516
169275	0.002592688398
169276	0.0008158331347
169277	0.0006361947483
169278	0.0005655012565
169279	0.001885990653
169280	0.001112042928
169281	0.002482500425
169282	0.001823801584
169283	0.001524651387
169284	0.002004485275
169285	0.00448900607
169286	4.346837742e-05
169287	0.0001562724067
169288	0.000347016717
169289	0.002614585835
169290	0.001140626988
169291	0.002118382739
169292	0.01043871767
169293	0.001183189272
169294	0.003698586339
169295	0.00234466695
169296	0.001731313513
169297	0.004471275314
169298	0.0001611803082
169299	0.0001264265944
169300	0.000210275128
169301	0.005003706658
169302	0.003783942785
169303	0.003763856885
169304	0.0010031758
169305	0.001680119627
169306	0.0006728513723
169307	0.0004313184388
169308	0.004095315586
169309	0.000798400011
169310	0.0003925374172
169311	0.002413128592
169312	0.0003886160321
169313	0.005396481522
169314	0.003032010592
169315	0.0003703485082
169316	0.0003783708283
169317	0.001765341263
169318	0.000265777591
169319	0.0002188634085
169320	0.0004491870626
169321	0.0003011499514
169322	0.0005750155851
169323	0.0001209074859
169324	0.004085332308
169325	0.002114142351
169326	0.001304404216
169327	0.0004386799678
169328	0.005253134209
169329	0.0002998187112
169330	0.002473094536
169331	0.0005245656866
169332	0.0001336643333
169333	0.0004384138293
169334	1.333903557e-05
169335	0.0005110583267
169336	0.0006229974731
169337	0.001124667179
169338	0.000109215805
169339	0.0005589629673
169340	0.0004998985507
169341	0.0002646521231
169342	0.0003901020301
169343	0.001663234085
169344	0.0001856457926
169345	0.0002767509479
169346	0.002163384846
169347	0.001670105907
169348	0.0003585344733
169349	0.0007785951264
169350	2.709062685e-05
169351	0.0007410687315
169352	0.000104119196
169353	0.0001842952315
169354	0.0001534094078
169355	0.0008410967419
169356	0.0004071943106
169357	0.001402208623
169358	7.412994816e-05
169359	0.003786829377
169360	0.00196676133
169361	0.003675095179
169362	0.006566302628
169363	8.412171101e-05
169364	0.002026052197
169365	0.0001207300248
169366	0.001853157493
169367	0.00072083747
169368	0.0006150994635
169369	0.000651373211
169370	0.0010367812
169371	0.002444271863
169372	0.004433644278
169373	0.003099526138
169374	0.002358925432
169375	0.003777238042
169376	0.001229115524
169377	0.0001173721351
169378	0.0005133345207
169379	0.002170109813
169380	0.000328870196
169381	0.002747224991
169382	0.001960092596
169383	0.00161375913
169384	0.001965020722
169385	0.0001783014447
169386	5.069478744e-08
169387	0.0004070031514
169388	0.000151980828
169389	0.001085960439
169390	0.0002410973654
169391	0.0005334914664
169392	0.0004159731986
169393	0.0002931310917
169394	0.0002219505928
169395	0.002068579655
169396	0.0004571840223
169397	0.0004964358985
169398	0.0004260050569
169399	0.0005213535387
169400	0.0009899645694
169401	0.0002050646632
169402	0.001102286049
169403	0.0005480846839
169404	0.0004267736755
169405	2.933361552e-05
169406	0.000337448731
169407	0.0004490184848
169408	0.0001333181367
169409	0.0001116892747
169410	0.0004389039979
169411	0.0006035238957
169412	0.0002108406262
169413	0.001877492178
169414	0.0002940629564
169415	0.001217090484
169416	0.001118129086
169417	0.0005042346797
169418	0.0002155333595
169419	0.00128591253
169420	0.0008661739555
169421	0.0001991186013
169422	0.0003196055732
169423	0.0002091040679
169424	1.198236213e-05
169425	0.001322595758
169426	0.0003651080584
169427	3.927257736e-05
169428	0.000535079843
169429	0.0005289777023
169430	0.0003241220587
169431	0.0001081168922
169432	0.001076283597
169433	0.0006429702033
169434	1.352162621e-05
169435	0.0007882834333
169436	0.001105024884
169437	0.000835639322
169438	0.0006135423613
169439	0.002068791701
169440	0.0004846505547
169441	0.0005759142926
169442	9.80514837e-05
169443	0.0008817668248
169444	0.0009356682738
169445	0.0002596871806
169446	0.001073290864
169447	0.0002231606385
169448	0.0007367522908
169449	9.050254108e-05
169450	0.001280596103
169451	0.002804627686
169452	0.0006779129832
169453	0.001146301264
169454	0.0001830124962
169455	0.0002238628041
169456	0.001815387592
169457	0.0008787986482
169458	8.525956802e-08
169459	0.001171008956
169460	0.0002465164251
169461	2.819437169e-07
169462	0.001188940332
169463	0.001015794608
169464	0.0003858564262
169465	0.0006867588579
169466	0.001606904091
169467	0.001613140753
169468	0.0008806567978
169469	0.001473530457
169470	0.00185286136
169471	0.0009983326191
169472	0.0003650963527
169473	0.001037737654
169474	2.492628093e-05
169475	0.0002986131188
169476	0.004578366811
169477	0.00384467891
169478	0.0005154341277
169479	0.0002229576375
169480	0.00410744667
169481	0.0001553970245
169482	0.0004792687021
169483	0.0003973632767
169484	0.001437769568
169485	0.001862154892
169486	0.003921014408
169487	0.0009764812638
169488	0.00205647333
169489	0.000205643721
169490	0.002508519986
169491	0.002765501359
169492	0.002598740561
169493	0.001594028503
169494	0.000951165857
169495	0.000493665031
169496	0.001892933481
169497	0.001582026462
169498	0.0007526551423
169499	0.0004084391657
169500	0.0005826839192
169501	0.001087549531
169502	0.002652877614
169503	0.002985965766
169504	0.0001428995578
169505	0.002991158825
169506	0.0006759439993
169507	0.002174557269
169508	0.005851638744
169509	0.001902246984
169510	0.001669658485
169511	0.0002357446421
169512	0.0009980385563
169513	0.002706079169
169514	0.0008334448336
169515	0.001252614969
169516	0.0009379872694
169517	0.0008522733649
169518	0.00357933531
169519	0.0004354609955
169520	0.003087660117
169521	0.00129101881
169522	0.002163748621
169523	0.0003494737444
169524	0.001013297944
169525	0.001962152287
169526	0.001356653378
169527	0.0005305766296
169528	0.0005198315814
169529	0.0001502942057
169530	0.003343668208
169531	0.001579493158
169532	0.001966411824
169533	0.001495837416
169534	0.003473834311
169535	0.003080196278
169536	0.0032001026
169537	0.00287255417
169538	0.0003539203469
169539	0.00170561978
169540	0.002863874402
169541	0.003221176942
169542	0.0008697245436
169543	0.001874308627
169544	0.0006164610739
169545	0.0005353771015
169546	0.000351729819
169547	0.003676710046
169548	0.0003363859567
169549	0.003006476099
169550	0.00137013262
169551	0.0007328033081
169552	0.004168729906
169553	0.0008580087388
169554	0.0002212927214
169555	0.0007853929225
169556	0.004196632105
169557	0.002391435885
169558	0.0004671064714
169559	0.0004642154758
169560	0.003959515401
169561	0.002615725867
169562	0.0008420939017
169563	0.003317449249
169564	0.0002008713453
169565	0.002528972472
169566	0.002897039285
169567	0.002087004487
169568	0.003742611753
169569	0.002378236606
169570	0.001722678685
169571	0.002318602159
169572	0.0006729296722
169573	0.004835852933
169574	0.0001379346038
169575	0.001794417328
169576	0.005552616315
169577	0.003265593423
169578	0.001890514801
169579	0.005377150146
169580	0.005486991697
169581	0.0006606288445
169582	0.003582240886
169583	0.002253469538
169584	0.004975165704
169585	0.001017017361
169586	0.004238170496
169587	0.000279401593
169588	0.000660620554
169589	0.001204770036
169590	0.0002649047985
169591	0.00137267604
169592	0.0007764259716
169593	0.002228225671
169594	6.140092347e-09
169595	0.0005957010505
169596	0.000780376801
169597	0.0002930797948
169598	0.0002121564751
169599	0.001135896763
169600	0.001624005044
169601	0.00063418874
169602	0.0003890236289
169603	0.000119642287
169604	0.001528924293
169605	0.0001710144107
169606	0.001850835741
169607	0.002516217467
169608	0.001599027804
169609	0.001984901062
169610	0.0002420098181
169611	0.001551061869
169612	0.002627545997
169613	0.001559676687
169614	0.001115757507
169615	0.002309111207
169616	0.0005619673185
169617	0.0002094083997
169618	0.001636285313
169619	0.001912013579
169620	0.0007157588485
169621	0.002307189601
169622	0.001087895352
169623	0.002697032789
169624	0.0007604084232
169625	0.0003301189399
169626	0.001200822608
169627	0.0002389158501
169628	0.0003852721938
169629	0.0003309488259
169630	0.001904896925
169631	0.0002322088856
169632	0.0004559052142
169633	0.003550479992
169634	0.002108594974
169635	0.001387244058
169636	8.775668896e-05
169637	0.001417819211
169638	0.0036763625
169639	0.00164123116
169640	0.0008066528674
169641	0.0001527907451
169642	0.0006462279698
169643	0.0003064934839
169644	0.0009603955428
169645	2.484811746e-05
169646	0.0001815831629
169647	0.001882884377
169648	0.001326559681
169649	0.001129647604
169650	0.0002132976824
169651	0.0005887510135
169652	0.0004681716668
169653	0.003102877232
169654	0.001415531065
169655	0.0006598579552
169656	0.001249906784
169657	0.003243437787
169658	0.004040287355
169659	0.0009406929818
169660	0.001951772892
169661	0.008022715421
169662	0.0003802823818
169663	0.002372915849
169664	0.0008858080506
169665	0.001578816841
169666	0.003915886054
169667	0.001063806656
169668	0.0002373186741
169669	0.003692092643
169670	0.002462863912
169671	0.001764056976
169672	0.0003004426501
169673	0.001297283974
169674	0.001311359822
169675	0.002639217613
169676	0.001668666796
169677	0.001538503152
169678	0.0003246792515
169679	0.001641803206
169680	0.005607900129
169681	0.002982126529
169682	0.0002162898792
169683	0.001591475253
169684	0.003305039229
169685	0.0003233601401
169686	0.001631410334
169687	0.001257349828
169688	0.001348051805
169689	0.001723568727
169690	0.0002389911254
169691	0.001774821465
169692	0.0009598877228
169693	0.001412006675
169694	0.001574588204
169695	0.0006650198905
169696	0.0006806981152
169697	0.001729416365
169698	0.001921258593
169699	0.001290504144
169700	0.001221083421
169701	0.003607987001
169702	0.0006195904341
169703	0.0009717414026
169704	0.002263177746
169705	0.0005006338098
169706	0.003457264955
169707	0.003022616544
169708	0.0002189775973
169709	0.002069218848
169710	0.003184985474
169711	0.0008212453648
169712	0.001183677532
169713	0.004510093126
169714	0.0004895745679
169715	0.00272627769
169716	0.002194977798
169717	0.001611850538
169718	0.004367570586
169719	1.097568709e-05
169720	0.001914666268
169721	0.0003141702426
169722	0.002383625454
169723	0.001414671075
169724	0.001713974327
169725	0.001350543764
169726	0.001562773972
169727	0.001734845831
169728	0.002944888945
169729	0.003236367462
169730	0.001399935585
169731	0.001891647476
169732	0.0002900824936
169733	0.000655684385
169734	0.001135438638
169735	0.001103116831
169736	0.002290120955
169737	0.0004837128256
169738	0.001266669791
169739	0.003002845619
169740	0.002563219224
169741	0.0008514734421
169742	0.001010138519
169743	0.00102807028
169744	0.001137127981
169745	0.003958885892
169746	0.002090826395
169747	0.001866330006
169748	0.001208142756
169749	0.002744287682
169750	0.001297031001
169751	0.0005747306303
169752	0.001527105736
169753	0.001013506263
169754	0.001985371017
169755	0.00105506453
169756	0.0006422792674
169757	0.001217462608
169758	0.002929848676
169759	0.0003705181889
169760	0.001026117323
169761	0.002689016969
169762	0.001160390551
169763	0.001614731849
169764	0.001798927786
169765	6.200168506e-05
169766	0.0004700974919
169767	0.0004951966675
169768	0.0001747728192
169769	0.0005098330536
169770	5.415246553e-05
169771	0.0005556103419
169772	8.206753772e-05
169773	0.00082598943
169774	0.001812940846
169775	0.00227190961
169776	0.002098838263
169777	0.003055114933
169778	0.0007674413091
169779	0.0008566401886
169780	0.0002561179989
169781	0.0003895811036
169782	8.111833092e-05
169783	0.0002820489615
169784	0.00479955871
169785	0.00259615492
169786	0.004213185793
169787	0.0005489814588
169788	0.0004867318542
169789	0.0025964117
169790	0.005552558116
169791	0.0030979488
169792	0.005850104913
169793	0.003527173829
169794	0.001102507009
169795	0.002858467534
169796	0.0002617065146
169797	9.473912981e-05
169798	0.002217108618
169799	0.002647135183
169800	0.0007896222901
169801	0.004571339236
169802	0.002355902982
169803	0.001177635213
169804	0.0002157623025
169805	0.0001054783708
169806	0.0003267319052
169807	0.0002292423148
169808	0.001550062541
169809	0.0001121593975
169810	8.388003944e-07
169811	1.083273656e-07
169812	0.0001074032594
169813	3.960059725e-07
169814	4.694000292e-07
169815	4.362546958e-08
169816	0.0001066935745
169817	0.000107236306
169818	0.0001071041004
169819	0.000106455125
169820	0.0001074217508
169821	0.0001067910549
169822	0.000449915788
169823	0.0001074986864
169824	0.000107253147
169825	0.0003415725734
169826	0.000106638987
169827	2.378328446e-07
169828	9.023033912e-07
169829	0.0003421454932
169830	0.0001072692117
169831	1.658687869e-07
169832	1.830134733e-07
169833	0.0003423255938
169834	4.919887134e-07
169835	7.602891795e-08
169836	0.0009943382227
169837	0.0001720774163
169838	0.003447008975
169839	0.0003988008834
169840	0.003813451415
169841	0.001083798947
169842	0.002679086419
169843	0.0004233750576
169844	0.0005656255503
169845	0.0004364582779
169846	0.001390051666
169847	0.0007320411136
169848	0.001714365765
169849	0.002228265234
169850	0.001322266705
169851	0.004491361548
169852	0.001311828681
169853	0.001131483861
169854	0.001000706913
169855	0.0009532658317
169856	0.0003823851939
169857	0.001193691634
169858	0.0005480914619
169859	0.001339168137
169860	0.001828170117
169861	0.001769246344
169862	0.001578596667
169863	0.001517445037
169864	0.0009910004589
169865	0.004391749105
169866	0.00271702147
169867	4.897612565e-05
169868	0.002634492965
169869	0.002896048926
169870	0.002457291336
169871	0.001215454721
169872	0.0001051925451
169873	0.0005780586263
169874	0.0009333756633
169875	0.001994173766
169876	0.002379593373
169877	0.001328765406
169878	0.0004079202114
169879	0.002568191499
169880	0.0001614436634
169881	0.001212363644
169882	0.004178033776
169883	0.003127307467
169884	0.0003091171519
169885	0.001223652469
169886	0.008560538203
169887	0.0007510079157
169888	0.002051378597
169889	0.001436617909
169890	0.002702199565
169891	0.00221882593
169892	0.00634357885
169893	0.003403884198
169894	0.007440915095
169895	0.01149743312
169896	0.001818850041
169897	0.002994069725
169898	0.0006769899836
169899	0.001145075706
169900	0.004286775965
169901	0.0008489956521
169902	0.003940360913
169903	0.002409686776
169904	0.001206198695
169905	0.0003392336503
169906	0.0004867741292
169907	9.220927495e-05
169908	0.001155474511
169909	0.007169160688
169910	0.003039961644
169911	0.002081178151
169912	0.000110100195
169913	0.001788847882
169914	0.0005662140456
169915	0.000859616742
169916	0.0008048390475
169917	0.001352793238
169918	0.0002304528055
169919	0.005067141439
169920	0.003619069226
169921	0.003479426721
169922	0.005177779695
169923	0.002036532636
169924	0.001244068554
169925	0.0002342381395
169926	0.004047030084
169927	0.004895699746
169928	0.00163893302
169929	0.0004058911618
169930	0.001238152717
169931	0.0008873758253
169932	0.0008721585728
169933	0.0004562963152
169934	0.0002984089688
169935	0.0008627845883
169936	0.0008777767945
169937	0.001202925311
169938	0.001881881796
169939	0.001774947459
169940	0.001174093913
169941	0.0004557014052
169942	0.001460260884
169943	0.001050534927
169944	0.001054715595
169945	0.000296115288
169946	0.0002375373957
169947	0.001755483702
169948	0.0004506702648
169949	0.001475441158
169950	0.0004148008999
169951	0.001754422528
169952	0.001754533114
169953	0.0001527648792
169954	0.0008884588355
169955	0.003342193064
169956	0.0015195249
169957	0.001013053855
169958	0.0002823337628
169959	0.0002739349839
169960	0.0007655150513
169961	0.0005928699777
169962	0.0001493694092
169963	0.001833100967
169964	0.0001478660582
169965	0.003913921659
169966	0.002551251979
169967	0.0002593786226
169968	0.003349985308
169969	0.005784052223
169970	0.0002411422495
169971	0.001118781854
169972	9.581155019e-05
169973	0.001354189265
169974	0.001956850262
169975	0.001651976762
169976	0.0002655537236
169977	0.002730736243
169978	0.001673666878
169979	0.003247552275
169980	0.00102972184
169981	0.003726476665
169982	0.001235186313
169983	0.002184782917
169984	0.0001096627386
169985	0.00241483269
169986	0.001953473365
169987	0.0005034011393
169988	0.001455601636
169989	0.003204354208
169990	0.001101505043
169991	0.002006588277
169992	0.0008752985816
169993	0.000715500523
169994	1.584865522e-06
169995	0.0002777453031
169996	0.001401860151
169997	0.004453615759
169998	0.0001153445076
169999	0.001406466412
170000	0.002476610872
170001	0.0001305751179
170002	0.0008609989539
170003	0.003631345983
170004	0.0004277210864
170005	0.0001942644655
170006	7.417286075e-05
170007	0.0009732968325
170008	0.004742168131
170009	0.0002861369078
170010	0.002181759095
170011	0.0005546307235
170012	0.002798410772
170013	0.004651261717
170014	0.002263621403
170015	0.0008182013127
170016	0.001381003448
170017	0.001659309139
170018	0.0003406336517
170019	0.0002669213058
170020	0.00370978293
170021	0.0002583735581
170022	0.000578886801
170023	0.002205098138
170024	0.0005299143743
170025	0.002402840139
170026	0.002303412597
170027	0.006867315975
170028	0.001314964221
170029	0.005500072174
170030	0.001329497542
170031	0.001551286224
170032	0.001946834657
170033	0.005353226176
170034	0.001609076789
170035	0.001151048628
170036	0.0005173330932
170037	0.004918645014
170038	0.004475205977
170039	2.397487569e-05
170040	0.001221287609
170041	0.001127597457
170042	0.00183060586
170043	0.0002769982537
170044	0.0004111467292
170045	0.001332697502
170046	0.001536538457
170047	0.001900528061
170048	0.001651502488
170049	0.0002868251233
170050	0.002916471478
170051	0.0004431970371
170052	0.002009237904
170053	0.0007346270173
170054	1.763468497e-05
170055	0.0004098919435
170056	0.0008380308213
170057	0.0002650503989
170058	7.626883646e-05
170059	0.0003059032298
170060	0.0007571816933
170061	0.0003853818397
170062	0.0005754762797
170063	0.0006550711167
170064	0.004720339904
170065	0.002953429305
170066	0.0007677373709
170067	0.000832942135
170068	0.001561797871
170069	0.005238063013
170070	8.89556668e-05
170071	0.0008100161071
170072	0.0002431529492
170073	0.002204275234
170074	0.002201410414
170075	0.0003234631146
170076	0.001592312037
170077	0.0003053865887
170078	0.0008045364215
170079	9.910378826e-06
170080	0.002215425792
170081	0.0009345648396
170082	4.396663676e-06
170083	0.002880658491
170084	0.0006345718175
170085	0.002040286645
170086	0.0006440578386
170087	0.0004675322226
170088	0.0003228164778
170089	5.847490678e-05
170090	0.009221915231
170091	0.002535503841
170092	0.0006614521193
170093	9.642864833e-05
170094	0.003836952183
170095	0.0002019259204
170096	9.887223496e-05
170097	0.0004140230554
170098	2.331870627e-07
170099	0.000211378186
170100	0.005796249069
170101	0.00240235126
170102	0.006867476203
170103	0.004062913689
170104	0.003620976648
170105	0.002769063999
170106	0.004507837062
170107	3.731705275e-05
170108	0.0005107317004
170109	0.0002529042524
170110	0.0002867035851
170111	0.0001711940519
170112	0.0003596075988
170113	0.00298187894
170114	0.0001240694023
170115	0.0006526778376
170116	0.0007883158638
170117	0.001182322019
170118	0.003796593425
170119	0.0002148325682
170120	0.004641147027
170121	0.0028239941
170122	0.002049130115
170123	0.0009761111586
170124	0.002533461881
170125	6.019940775e-05
170126	0.001257610252
170127	0.0003748480296
170128	9.744976066e-05
170129	0.0003696989911
170130	0.001540952675
170131	0.007168166672
170132	0.000128701892
170133	0.0007634183391
170134	0.00264593425
170135	0.004274841195
170136	0.001590859816
170137	0.005123125687
170138	0.001040541859
170139	0.002270000777
170140	0.0007864021799
170141	4.248041914e-05
170142	0.00286989898
170143	0.0008001986591
170144	0.001788929595
170145	0.0006170538153
170146	0.003677231508
170147	0.008110307434
170148	0.0008082417444
170149	0.002812224654
170150	0.001520111374
170151	0.0001217416108
170152	0.0007459122949
170153	0.001390462896
170154	0.006828527284
170155	0.002116186493
170156	0.002850351107
170157	0.0002044496211
170158	0.001351234446
170159	0.005921113975
170160	0.001081927189
170161	0.007629457717
170162	0.001190192592
170163	0.000973521218
170164	0.0009766817165
170165	0.0035585519
170166	9.183550103e-05
170167	0.001109313863
170168	0.003799991979
170169	0.003217413283
170170	0.002060994244
170171	0.001979004005
170172	0.002191724541
170173	0.0007192469598
170174	0.0004194305808
170175	0.004048325847
170176	0.003603619483
170177	0.0007843089304
170178	0.0002262311013
170179	0.002075765018
170180	0.000968841675
170181	0.005107809759
170182	0.004138563646
170183	0.0005804080974
170184	0.002810295245
170185	0.00640870241
170186	0.002689727278
170187	0.002785239909
170188	0.00714138218
170189	0.003857423312
170190	0.00338502529
170191	0.005248969339
170192	0.001747440492
170193	0.002420877487
170194	0.001371808162
170195	0.0008768090069
170196	0.004204920325
170197	0.003338249653
170198	0.0002416262683
170199	0.003839454299
170200	0.0001051039768
170201	0.003663930101
170202	0.0004504627746
170203	0.0009811261421
170204	0.002388078197
170205	0.004675042701
170206	0.0005787898301
170207	0.001661787198
170208	0.0007562388358
170209	0.0009166835891
170210	0.002043458633
170211	0.002544414407
170212	0.001916915636
170213	0.004065738563
170214	0.002246052931
170215	0.0003212157857
170216	0.002814647333
170217	0.0001616417398
170218	0.004367061587
170219	0.002630985997
170220	0.0009827372463
170221	0.002882486509
170222	0.008333495225
170223	0.005826720199
170224	0.002345488453
170225	0.003751034133
170226	0.005358894348
170227	0.005261210288
170228	0.005241675119
170229	0.003982131891
170230	0.007675876668
170231	0.002353806466
170232	0.002014069061
170233	0.0002923476598
170234	0.006953106372
170235	0.007963572201
170236	0.0002399078284
170237	0.001899395076
170238	0.007500099305
170239	8.2097073e-05
170240	0.0005927998226
170241	0.003853503139
170242	0.0009046747586
170243	0.0008567751759
170244	0.002688314123
170245	0.0004360522724
170246	0.00250936517
170247	0.002448559871
170248	0.0004903734392
170249	0.0001379720662
170250	0.0004551150315
170251	0.0006391263609
170252	0.0006320835313
170253	0.0006069838338
170254	0.007236546561
170255	0.002742385801
170256	0.001418539563
170257	0.002415151565
170258	0.001339155436
170259	9.417102119e-06
170260	0.001695239153
170261	0.006089446462
170262	0.00110513672
170263	0.0008789738152
170264	0.003946340252
170265	0.00246575063
170266	0.002429755997
170267	0.003680727345
170268	0.0005178466769
170269	0.002122394117
170270	0.0008165697392
170271	0.002458047122
170272	0.0022650369
170273	0.002320231951
170274	0.0004723443202
170275	0.0003089265136
170276	0.008633643796
170277	0.0008175187234
170278	5.356131033e-05
170279	0.003984687478
170280	0.000383104302
170281	0.0002590626021
170282	0.0003832997563
170283	0.000259432891
170284	0.0003835990173
170285	0.0001247393583
170286	0.0003835756889
170287	0.0003836157162
170288	0.0003835988739
170289	0.0005872185692
170290	0.006732510677
170291	2.147271189e-05
170292	8.387634194e-05
170293	0.003035888864
170294	0.0002949395331
170295	0.006474868575
170296	0.003636664425
170297	0.001190949245
170298	0.003192932053
170299	0.001015724896
170300	0.006658289326
170301	0.0007175719744
170302	0.00137819146
170303	0.0004071551391
170304	3.880723135e-05
170305	0.001812860963
170306	7.472385554e-08
170307	0.002266816102
170308	0.00231090388
170309	0.0004938118037
170310	0.0003540291777
170311	0.0002207681104
170312	0.00195955621
170313	0.0006788112412
170314	0.0009173672251
170315	0.0005896099426
170316	0.0001159602622
170317	0.001501665611
170318	0.003500705434
170319	0.0003159344945
170320	0.0003790350337
170321	0.0001131555215
170322	0.0004297432132
170323	7.91743459e-05
170324	0.001589421088
170325	0.001964830645
170326	0.0005153194673
170327	0.0007470309113
170328	0.0008915209916
170329	0.0007487386788
170330	0.0004968184577
170331	0.002470646767
170332	0.004035562914
170333	0.005485561795
170334	0.001991759066
170335	0.001833955107
170336	0.001877714987
170337	0.006132826841
170338	0.001933520686
170339	0.000341047799
170340	0.003464740725
170341	0.0009254624389
170342	0.001340939351
170343	0.00275325627
170344	0.005690486882
170345	0.0008692734801
170346	0.004927746432
170347	0.0009308044774
170348	0.004835235038
170349	0.001240635539
170350	0.001808858736
170351	0.001135272893
170352	0.004190683792
170353	0.001672501711
170354	0.002013016837
170355	0.004638071363
170356	0.0005050716098
170357	0.00280582232
170358	0.0009110316799
170359	0.0007045390222
170360	0.0001742436059
170361	4.586816725e-05
170362	6.421264653e-05
170363	0.001631938565
170364	9.907894358e-05
170365	0.001422274214
170366	0.001207632541
170367	0.0004613425495
170368	0.0002890796445
170369	0.00110958669
170370	0.001165627991
170371	5.710277721e-05
170372	0.0005049600889
170373	0.0006522871618
170374	0.0005953007351
170375	0.001082217074
170376	0.002287313305
170377	0.005637830646
170378	0.004961666747
170379	3.557349452e-05
170380	0.002147037132
170381	0.003232264207
170382	0.000115367283
170383	0.001107940426
170384	0.002664317075
170385	0.004659989084
170386	7.544621662e-05
170387	0.002309054611
170388	0.003615124871
170389	0.002839176601
170390	0.00338080187
170391	0.003171102597
170392	0.0008572743127
170393	0.0008945670123
170394	0.0003878707666
170395	6.393668671e-05
170396	0.0003007488575
170397	7.86463875e-05
170398	0.0002227665451
170399	1.9586426e-05
170400	0.002339986192
170401	0.001493957868
170402	0.001689102315
170403	0.001250440471
170404	0.0006383606562
170405	0.0004528000617
170406	0.005627552604
170407	0.002125243182
170408	0.0008040496088
170409	0.000799761805
170410	0.001087573848
170411	0.0003800113317
170412	0.003036795804
170413	0.002350965224
170414	0.0006399754178
170415	0.0004380282714
170416	0.001392065688
170417	0.003119166503
170418	0.002931155925
170419	9.534683456e-05
170420	0.0004553158459
170421	0.002770084722
170422	0.001750512139
170423	0.005682194677
170424	0.003297593516
170425	0.00220256753
170426	0.0003069993996
170427	0.0008608801188
170428	0.001127448945
170429	0.002562593617
170430	0.001494544084
170431	0.001425364368
170432	0.002968422201
170433	0.0007882498077
170434	0.0007911137138
170435	0.0002460997478
170436	0.0002960789136
170437	0.003803352676
170438	0.005330792344
170439	0.0007603867066
170440	0.001160598281
170441	0.004934591397
170442	0.0002427316237
170443	0.002114992714
170444	0.003601681799
170445	0.00267334298
170446	0.004958246615
170447	0.0002170639026
170448	0.0003752230808
170449	0.004396812982
170450	0.004378525609
170451	0.004385673021
170452	0.0009777615929
170453	0.003834753046
170454	0.0005709941625
170455	0.005753023696
170456	0.002919547752
170457	0.001036633228
170458	0.004900942773
170459	0.0003329885938
170460	0.00185564403
170461	0.002405005371
170462	0.0007970934647
170463	0.001421257769
170464	0.0003396751982
170465	0.001840906408
170466	0.007730783006
170467	0.00287222781
170468	0.004407433601
170469	0.004707539896
170470	3.723083958e-05
170471	0.0004187379135
170472	0.002096728081
170473	0.001260266133
170474	0.001585424912
170475	0.000797355747
170476	0.003158731826
170477	3.481122285e-05
170478	0.00212804278
170479	0.001148256326
170480	0.003842104439
170481	0.002446718183
170482	0.00411411697
170483	0.004330918184
170484	0.0005216089748
170485	0.000296786253
170486	0.003987722774
170487	0.000388607226
170488	0.002407936985
170489	0.002820062416
170490	0.004121467033
170491	0.008640850952
170492	0.0001894393239
170493	0.0005198595076
170494	0.00182023889
170495	0.005356653783
170496	0.0001847652819
170497	0.00145181387
170498	0.006455431935
170499	0.004069331851
170500	0.001342657453
170501	0.0008050127531
170502	0.000624031045
170503	0.004208151131
170504	0.0004343850249
170505	0.0001623834115
170506	0.0007624698891
170507	0.000652254818
170508	0.002573141667
170509	0.0001424043646
170510	0.001596619287
170511	0.002015466847
170512	0.002713162044
170513	0.003114004588
170514	0.00259075853
170515	0.002188759138
170516	0.001969487957
170517	0.002592127672
170518	0.002875047883
170519	0.001682569819
170520	0.00247924132
170521	0.001319359212
170522	0.001409808988
170523	0.001941347321
170524	0.001954966767
170525	0.002670246003
170526	0.002657036755
170527	0.001939490008
170528	0.001947663212
170529	0.002251962749
170530	0.002114192796
170531	0.002010305047
170532	0.002232661827
170533	0.002184806965
170534	0.00240149806
170535	0.002507987176
170536	0.002355791563
170537	0.001546654146
170538	0.002471091585
170539	0.002384113881
170540	0.002629430064
170541	0.001961547014
170542	0.002045617803
170543	0.001069531085
170544	0.003202292585
170545	0.003140597173
170546	0.002500961216
170547	0.002964502252
170548	0.003614432146
170549	0.005916717797
170550	0.0001746053091
170551	0.002596822587
170552	0.0007062822877
170553	0.000418540575
170554	4.674775245e-05
170555	0.001385018084
170556	0.0005823259308
170557	0.003391582706
170558	0.002648754789
170559	0.0009841324265
170560	0.001243074779
170561	0.001321768217
170562	0.001332946257
170563	0.0009825784569
170564	0.001765548593
170565	0.001334861218
170566	0.001453527005
170567	0.001414169617
170568	0.001228683852
170569	0.00117142261
170570	0.001292982939
170571	0.001181105871
170572	0.001357284631
170573	0.001347778327
170574	0.001290949564
170575	0.001335503369
170576	0.00120319791
170577	0.001371372911
170578	0.00122197721
170579	0.001708306853
170580	0.001071810863
170581	0.001099388423
170582	0.00135725207
170583	0.001336455249
170584	0.001108739345
170585	0.001329854127
170586	0.001447143872
170587	0.001410984828
170588	0.001226862763
170589	0.001346788815
170590	0.001146639488
170591	0.001129846043
170592	0.001301579693
170593	0.001711081679
170594	0.001124467801
170595	0.001444584716
170596	0.001238370746
170597	0.001291748509
170598	0.001306690565
170599	0.001213909854
170600	0.001220027973
170601	0.001312884309
170602	0.001239347003
170603	0.001296810861
170604	0.001237069615
170605	0.001287233804
170606	0.001527967239
170607	0.00130496234
170608	0.001329314625
170609	0.001352575969
170610	0.001290590231
170611	0.001272366956
170612	0.001156828302
170613	0.001491040854
170614	0.001078763552
170615	0.001165249803
170616	0.001415866107
170617	0.001268680101
170618	0.001285032376
170619	0.001276465023
170620	0.001186935832
170621	0.003242556269
170622	0.001146129131
170623	0.000498549002
170624	0.002812834057
170625	0.00150869252
170626	0.0008559594633
170627	0.001211894925
170628	0.003755679429
170629	0.0008992140469
170630	0.0001725088025
170631	0.0001548233435
170632	0.0007508217672
170633	0.0002484099676
170634	4.746097248e-05
170635	3.387352161e-05
170636	0.0001523244898
170637	0.0001802672885
170638	0.0004182985727
170639	0.0005883399202
170640	0.0005570905039
170641	2.361190828e-05
170642	0.0002343112596
170643	0.0002024185369
170644	1.205935013e-05
170645	0.0001794371197
170646	9.064160131e-05
170647	0.0007708245909
170648	0.0001000123024
170649	0.001146519103
170650	0.0002553089719
170651	0.0001956179456
170652	0.0004632935471
170653	9.65263426e-05
170654	0.0004278142479
170655	0.0003295697857
170656	5.928895662e-05
170657	0.0006258250357
170658	9.998007545e-05
170659	7.897626088e-05
170660	0.0008773200488
170661	0.0001819379286
170662	0.0004092889941
170663	9.291695556e-05
170664	9.981868303e-05
170665	2.370380109e-05
170666	0.00023050499
170667	0.0001045769947
170668	0.0002350876876
170669	0.0002108180407
170670	0.0007403554867
170671	0.0003062290576
170672	0.0001800174564
170673	0.0003872121892
170674	0.0001370799039
170675	9.96321073e-05
170676	0.000136727406
170677	5.452379193e-06
170678	5.547854038e-06
170679	0.0005395711237
170680	0.0001708288782
170681	0.0001814629547
170682	0.0001588663844
170683	4.039111129e-05
170684	0.0006909037425
170685	0.0005218936989
170686	0.0002414232522
170687	0.001191228014
170688	0.00145747045
170689	0.001039017945
170690	0.001952346046
170691	1.105216622e-08
170692	0.001315464039
170693	0.0004979611452
170694	0.0004004013131
170695	9.858638221e-05
170696	0.0001193946208
170697	0.0003964061783
170698	0.001232595626
170699	0.0004939033391
170700	3.261790541e-05
170701	0.0002793036376
170702	0.0002992811517
170703	0.0006238819327
170704	2.613643034e-06
170705	0.0001412208109
170706	0.001388467652
170707	0.001052513501
170708	0.0001470724219
170709	0.001656474021
170710	0.0002502573427
170711	0.0002334204767
170712	0.0005426365683
170713	0.001442959428
170714	0.0004261982652
170715	0.0001842842994
170716	0.0001102606462
170717	0.0008308269255
170718	5.894449305e-05
170719	0.0003184679529
170720	0.0006939005649
170721	3.080616336e-05
170722	0.0003244871101
170723	4.647716303e-05
170724	0.0006275775116
170725	8.005279205e-06
170726	0.0008427594882
170727	0.0005869663971
170728	0.0004079354114
170729	0.0002138351251
170730	0.0005112388281
170731	9.734157033e-05
170732	0.0001986862166
170733	0.0003711361288
170734	0.000817238217
170735	0.0001670864344
170736	0.0003731574026
170737	2.71574323e-05
170738	0.0005700024496
170739	0.0002736769371
170740	0.001331901964
170741	0.001522370444
170742	0.0007918934852
170743	0.0002619888388
170744	0.0005437666688
170745	0.0001060669148
170746	0.0006868555543
170747	0.001910978294
170748	0.0008007646913
170749	0.0002161068696
170750	0.002061225283
170751	0.002535708725
170752	0.0001066593395
170753	0.0002307269837
170754	0.0001083778681
170755	0.0009673934264
170756	0.0003887761935
170757	0.0003240259468
170758	0.0004289009527
170759	0.0008945003738
170760	0.001374110663
170761	3.070046171e-08
170762	0.0003272567611
170763	0.001774151731
170764	2.704392588e-06
170765	0.003643018712
170766	4.63125253e-06
170767	0.0006969975824
170768	0.003512144028
170769	0.001740242541
170770	0.0001193947226
170771	0.001044216551
170772	0.0006669199092
170773	0.005586605574
170774	0.00021697903
170775	0.002999989016
170776	0.00190822531
170777	0.0002000776993
170778	0.0001952021297
170779	0.001395268331
170780	0.00024665181
170781	3.509978935e-05
170782	0.00071570326
170783	0.003401430941
170784	0.002855029503
170785	0.001425529966
170786	1.300530731e-05
170787	0.0025404371
170788	0.003100870756
170789	0.002883304159
170790	0.0003094409857
170791	0.0004282908785
170792	0.005643219394
170793	0.003874409106
170794	0.002614318968
170795	0.002449806392
170796	0.001509510489
170797	0.002209110804
170798	0.0003929912322
170799	0.003429617561
170800	0.001344625791
170801	0.001104742598
170802	0.00258805279
170803	0.0008903211782
170804	0.0009133985705
170805	0.001943363472
170806	0.0007739132255
170807	0.006620064002
170808	0.004137659431
170809	0.0050741631
170810	0.002561388062
170811	0.003044986282
170812	0.004974812601
170813	0.0001871249044
170814	0.0009297200909
170815	0.00313313738
170816	0.001175038112
170817	0.0001022452826
170818	0.002559032401
170819	0.0003453038034
170820	0.0005619940881
170821	0.0005489535184
170822	0.003449454319
170823	0.001892828675
170824	0.0005663111406
170825	0.001064687749
170826	0.0004832559948
170827	0.001725464561
170828	0.003168307971
170829	0.003479140595
170830	0.0001273529955
170831	0.0005656709613
170832	0.0005823035708
170833	0.0001861708714
170834	0.002169328623
170835	0.0007471861374
170836	0.002555889182
170837	0.003603886075
170838	0.003275254198
170839	0.002573280184
170840	0.005785965913
170841	0.0003363701765
170842	0.004029570273
170843	0.001874622631
170844	0.001158244007
170845	0.004341874077
170846	0.001031989948
170847	0.003606278621
170848	0.001974692577
170849	0.0004012317429
170850	0.004658250968
170851	0.0001297375858
170852	0.003676506416
170853	0.0002829877292
170854	0.004117112754
170855	0.001103856247
170856	0.003527975789
170857	0.002574533033
170858	0.002820261668
170859	0.003201772345
170860	0.0009683602902
170861	0.001386576873
170862	0.003404410548
170863	0.001562444562
170864	0.0007603029069
170865	4.436034005e-05
170866	0.0002592838605
170867	0.0001176667936
170868	0.0001999371399
170869	0.0005462781697
170870	0.003543129197
170871	0.0003167593191
170872	0.00106174637
170873	1.737211014e-06
170874	0.0003040091148
170875	0.00285116063
170876	9.805273722e-05
170877	0.001247858966
170878	0.001082543643
170879	0.0001257618889
170880	0.000840390224
170881	0.0007094984683
170882	3.868028768e-05
170883	0.0001144546637
170884	0.0001815409435
170885	0.0007293940467
170886	0.0006391687379
170887	0.00127341019
170888	0.001095878203
170889	0.0006799199355
170890	0.001738803227
170891	0.0007952315663
170892	0.002254552715
170893	1.057932536e-05
170894	0.003482826914
170895	0.0002472945781
170896	0.001142132534
170897	0.0008028745614
170898	2.315992092e-06
170899	1.806323257e-05
170900	0.0002649811332
170901	8.74856582e-05
170902	0.001350111151
170903	0.001446460712
170904	0.001908424882
170905	0.001148556514
170906	0.0007425378181
170907	0.0001364598012
170908	0.0003369534737
170909	0.006558252303
170910	0.0002776373912
170911	0.0001814609153
170912	0.001161059283
170913	0.002318536728
170914	0.003476238409
170915	0.0002448516169
170916	0.002845009105
170917	0.0001349557578
170918	0.0008171460712
170919	0.0003033441111
170920	0.0009482016297
170921	1.269757232e-05
170922	0.00226944454
170923	0.003114073839
170924	0.001322205881
170925	0.0007442930501
170926	0.0005127185221
170927	0.002556332694
170928	0.005302980344
170929	0.0007270862345
170930	0.0008771452727
170931	0.0001827354673
170932	0.000216415263
170933	0.002053825076
170934	0.0007453109572
170935	0.001658455901
170936	0.0004999276111
170937	0.0005818118149
170938	0.0006901241803
170939	0.001521586066
170940	0.0003454116876
170941	0.001035894893
170942	0.0007091869251
170943	0.0003585407515
170944	0.0004443204278
170945	9.700259282e-05
170946	0.001451334053
170947	0.0002638264368
170948	0.001056000435
170949	0.0003307556092
170950	0.003527371668
170951	0.002262569277
170952	0.0006672955784
170953	0.001371049288
170954	0.003737872797
170955	0.002658714808
170956	0.0009387003649
170957	0.00533137113
170958	0.001278302457
170959	0.001129415341
170960	0.002354006043
170961	0.0005418003986
170962	0.0001282402327
170963	0.000125149948
170964	0.001121901053
170965	0.002526440368
170966	0.009882775626
170967	0.002087670853
170968	0.0005031960703
170969	0.001011691171
170970	0.001871587065
170971	0.00374146138
170972	0.001690451178
170973	0.00229060047
170974	0.002514465736
170975	0.004803378235
170976	0.0009643401285
170977	0.0008086486727
170978	0.0002664179759
170979	8.956942826e-05
170980	3.010519048e-05
170981	7.378218469e-06
170982	0.0002178085266
170983	8.462952506e-05
170984	0.0004799891214
170985	0.003315712644
170986	0.004057650083
170987	0.0003083913996
170988	0.0001091435928
170989	0.0004145758394
170990	4.373629298e-05
170991	0.0004262309563
170992	0.0001710038066
170993	0.0001097004924
170994	0.002209950897
170995	0.0007721869243
170996	0.0009864325478
170997	0.0007076641736
170998	0.0001742788765
170999	0.001078479256
171000	0.002210963823
171001	0.002937597315
171002	0.0009445980421
171003	0.005702962097
171004	0.000434086918
171005	0.000613977471
171006	0.0001360520758
171007	0.0008016126976
171008	0.002849812129
171009	0.0009088161274
171010	0.001806438928
171011	0.0001316102873
171012	0.0001050852632
171013	0.002403136218
171014	0.0002143326704
171015	0.002673810886
171016	0.00543826949
171017	0.001208592273
171018	0.004697596479
171019	0.0008503584819
171020	0.003022826768
171021	0.0007309458845
171022	0.001772579754
171023	0.000767721205
171024	0.000717443142
171025	0.005912664338
171026	0.00548405639
171027	0.0008426507802
171028	0.002300448337
171029	0.002836996765
171030	0.002917758474
171031	0.001859354558
171032	0.00386861117
171033	0.0008523900416
171034	0.001538348521
171035	0.001982681696
171036	0.005550795139
171037	0.0003434480696
171038	0.004717698451
171039	0.001439060755
171040	0.002177402082
171041	0.0007150151572
171042	0.0009086725481
171043	0.000564595644
171044	0.002027354446
171045	0.0007669770716
171046	0.001186331159
171047	0.005521457741
171048	0.0030256486
171049	0.001637026038
171050	0.001104332901
171051	0.005635399919
171052	0.002050176089
171053	0.001309527181
171054	0.001832828452
171055	0.002506794574
171056	0.0004084657205
171057	0.000624313581
171058	0.0004325468977
171059	0.0005939760903
171060	0.001298274571
171061	0.001682719342
171062	0.002087244929
171063	0.001962974578
171064	0.003645836284
171065	0.003532278868
171066	0.003361814597
171067	0.0002691263065
171068	0.003018729825
171069	0.0009993993658
171070	8.450647078e-05
171071	0.001574672909
171072	0.0007735793061
171073	0.0008400512587
171074	0.006507989162
171075	0.0007921549298
171076	0.001275660749
171077	0.0001940791913
171078	0.00199186676
171079	0.002545245918
171080	0.0009679794752
171081	0.0009298939944
171082	0.002383370026
171083	0.004486027917
171084	0.00376171271
171085	0.001410734391
171086	0.001037476554
171087	0.001150466591
171088	0.0004564396259
171089	0.0006816098348
171090	0.001480575057
171091	1.308478818e-06
171092	0.003113405241
171093	0.00426796079
171094	0.003581836391
171095	0.0004384627651
171096	0.00349446391
171097	0.00129069934
171098	0.004852643823
171099	0.004129879258
171100	0.004867451774
171101	0.0009380518328
171102	0.00118641638
171103	0.001636749977
171104	0.0003345556437
171105	0.001681916742
171106	0.001204530459
171107	0.001073087062
171108	3.998830948e-05
171109	0.001793033629
171110	0.001232834093
171111	0.0002414044819
171112	0.0002332197549
171113	0.002429703581
171114	0.0004087377743
171115	0.001197246857
171116	0.004615769232
171117	0.004046438495
171118	0.0005968756922
171119	0.004041490211
171120	0.002488111142
171121	0.0003335343217
171122	0.0009715188074
171123	0.002357812648
171124	0.001671218925
171125	0.002508428971
171126	0.00103766678
171127	0.0003762453132
171128	0.00375268047
171129	0.002596989586
171130	0.001897762369
171131	0.0002141358172
171132	3.273100041e-05
171133	0.0006397069083
171134	0.0002251653518
171135	0.0003289402663
171136	0.001056767511
171137	0.0007868003615
171138	0.0001176643855
171139	0.0002279907035
171140	0.001388651708
171141	0.0004758756979
171142	6.474941742e-05
171143	0.0005893917232
171144	0.0003134370249
171145	0.0001510229662
171146	0.0002131278833
171147	7.970452379e-05
171148	0.0002964643778
171149	0.0001912694563
171150	0.0005867666452
171151	0.0009482094189
171152	0.000366282949
171153	0.000237382667
171154	0.0002162208742
171155	7.506730465e-06
171156	0.001204247638
171157	0.0008572018239
171158	0.0001125299979
171159	4.877441954e-05
171160	8.571992531e-05
171161	0.0005292363165
171162	0.0001985147252
171163	8.551685102e-05
171164	7.315865962e-05
171165	1.24337695e-05
171166	0.003254221094
171167	0.0005189169534
171168	0.002004874631
171169	0.0007134754417
171170	0.0002315747062
171171	0.0002342045195
171172	0.000483582389
171173	0.0003456471065
171174	2.356917393e-05
171175	0.0006135622442
171176	0.0004291931046
171177	0.0006471022016
171178	0.001429871012
171179	0.0007570730143
171180	0.0001770879646
171181	0.0001172681899
171182	0.0002212689233
171183	0.0002235552118
171184	3.489285602e-05
171185	0.0001826055996
171186	4.288382278e-05
171187	0.0001043652463
171188	4.136135555e-06
171189	4.487558206e-05
171190	0.0001653291179
171191	0.0001143239462
171192	4.673609082e-05
171193	4.607570652e-05
171194	0.001015812734
171195	4.724711842e-05
171196	0.0001914168298
171197	0.0008211013509
171198	0.0001028597851
171199	8.324022257e-05
171200	8.455035063e-05
171201	0.0003032221744
171202	7.726566419e-05
171203	1.228817857e-05
171204	0.0006681630601
171205	0.0001180867985
171206	0.002456666262
171207	2.672772926e-05
171208	0.0001418099773
171209	0.000216873911
171210	0.0002236373741
171211	0.0008332813439
171212	0.001144381139
171213	0.0003735827924
171214	3.528566154e-05
171215	0.0007883626119
171216	5.210339945e-05
171217	0.001729252474
171218	0.0004129668338
171219	0.0002010039753
171220	0.001823022814
171221	0.000297806568
171222	0.0008289834179
171223	0.0002690379828
171224	0.0002234026901
171225	0.0001381535907
171226	0.0008450951647
171227	0.0002765727638
171228	0.0006777215811
171229	0.001429180112
171230	3.27815725e-05
171231	4.068378391e-05
171232	0.0003778428815
171233	0.0003300563164
171234	0.0007338609949
171235	0.0007164718164
171236	0.0001625601578
171237	0.0002074648374
171238	0.0001350990281
171239	0.0001744175977
171240	0.0001884062772
171241	0.0001012239107
171242	7.661667393e-05
171243	0.0002048508214
171244	0.000961015121
171245	0.00060279336
171246	0.0007092981512
171247	0.00071152665
171248	3.575166276e-05
171249	1.195664693e-05
171250	5.564300155e-05
171251	0.0001906184885
171252	0.0001269712305
171253	8.000273393e-05
171254	0.0001286712597
171255	4.921759493e-05
171256	1.199722082e-05
171257	0.0001349511765
171258	0.0002496173168
171259	8.440756151e-05
171260	8.686420035e-05
171261	0.0001839567461
171262	0.0002374249607
171263	0.00011750603
171264	0.0003196153795
171265	0.000103286131
171266	9.166331119e-05
171267	0.0001768175561
171268	0.0002452926197
171269	8.302473359e-05
171270	0.0004200331593
171271	0.000503246495
171272	9.04627026e-05
171273	0.000660847893
171274	0.0005537399582
171275	1.256512771e-07
171276	0.0004335560681
171277	0.0001404813889
171278	5.030751008e-05
171279	5.774222781e-05
171280	0.0006744844388
171281	0.0008458615392
171282	0.0005111611627
171283	0.001635386187
171284	0.001180503275
171285	0.0002914977539
171286	0.0007532648363
171287	6.284375562e-05
171288	0.0001613849991
171289	0.001077854604
171290	0.0004163118777
171291	7.41864046e-05
171292	0.000424414846
171293	0.001527044474
171294	0.0002658780218
171295	0.0001811866092
171296	0.0001584750593
171297	0.0001464647706
171298	3.659646939e-06
171299	0.0008135012982
171300	0.000414082332
171301	0.0006612899276
171302	5.019531049e-07
171303	0.0004043547261
171304	0.0001251270226
171305	0.0003035893876
171306	0.0002053726605
171307	0.0003557613746
171308	4.792020063e-05
171309	1.854416492e-05
171310	0.0003682121401
171311	0.001480731129
171312	0.001423573344
171313	0.0009507073925
171314	0.003006050459
171315	9.381817415e-05
171316	0.0003528293447
171317	0.0002600289303
171318	0.0004117541708
171319	0.0002118478802
171320	5.175172504e-05
171321	0.0007802693153
171322	0.001672244475
171323	5.537021164e-05
171324	0.0001333001042
171325	4.402591476e-05
171326	4.411682796e-05
171327	0.0002693371617
171328	0.002369249788
171329	0.0003924689538
171330	6.850681478e-05
171331	0.0004062431629
171332	4.445091668e-05
171333	0.0006859297963
171334	0.0002416640433
171335	8.309323922e-05
171336	0.0002116394771
171337	0.0003823741435
171338	0.0005224231528
171339	0.0003635691672
171340	0.0002396063188
171341	6.903413835e-05
171342	0.001094775684
171343	0.0001105702702
171344	0.0001718935995
171345	0.0003752728676
171346	0.0002338095508
171347	0.0006491478074
171348	3.270285391e-05
171349	0.001750155101
171350	0.0003636414103
171351	0.0005074449455
171352	0.0002622736988
171353	0.0003129772993
171354	3.963083887e-05
171355	0.001117440828
171356	0.0007812584737
171357	0.001641119905
171358	4.259018638e-05
171359	3.8078587e-06
171360	4.455825157e-05
171361	6.901616439e-06
171362	7.91030054e-05
171363	0.0002920811741
171364	0.000154827556
171365	0.0006772244671
171366	0.001285486281
171367	0.0001581158418
171368	0.0004559715344
171369	0.0003780030859
171370	0.0008370534968
171371	0.0007369936216
171372	3.45992551e-05
171373	0.0008401331759
171374	0.0003785091626
171375	0.0009654898679
171376	0.000514768003
171377	0.0002185182349
171378	5.205108903e-06
171379	0.0008603960217
171380	1.723856948e-05
171381	0.0002515339802
171382	0.0008135023918
171383	0.0001471361949
171384	1.40453218e-05
171385	5.440264196e-05
171386	0.000142154046
171387	0.0006872451389
171388	0.001404360256
171389	5.602246132e-05
171390	0.0003931024371
171391	0.0001060194767
171392	0.0007780713017
171393	0.0003267838286
171394	0.001543061117
171395	1.094859468e-06
171396	0.001167986623
171397	7.505228262e-05
171398	0.0002182351973
171399	8.065952148e-05
171400	0.0004201124564
171401	4.89819324e-05
171402	2.507930526e-05
171403	4.729781939e-05
171404	0.0001039768355
171405	0.0001319188748
171406	4.048153954e-05
171407	0.00246979674
171408	0.0007032398502
171409	0.0005506555499
171410	0.0001215151419
171411	0.001543837309
171412	0.0008968292468
171413	1.5453774e-05
171414	0.0001173505465
171415	0.0001213123947
171416	0.0003369930397
171417	2.489312746e-05
171418	0.0001382045819
171419	0.001137123832
171420	0.0002190593973
171421	0.001483247749
171422	0.001359477526
171423	0.0001200708571
171424	0.0001395660832
171425	0.004074963124
171426	0.001969729769
171427	0.006799405913
171428	0.002115431765
171429	0.001797446529
171430	0.005591572624
171431	0.001539769084
171432	0.002812988075
171433	0.004905211371
171434	0.002021202764
171435	0.001577910696
171436	8.998797061e-05
171437	0.0003662513885
171438	0.0001778679062
171439	0.001387249138
171440	0.0003126593269
171441	2.743238152e-05
171442	0.0005675804732
171443	0.0003342086299
171444	0.000240380143
171445	0.00241755546
171446	2.362375445e-05
171447	0.002196893397
171448	0.001616086242
171449	0.0003448133222
171450	0.001136050391
171451	0.001244973027
171452	0.001098886485
171453	6.461801552e-05
171454	0.0003772777578
171455	0.0005643501634
171456	0.002076693057
171457	0.0008324299658
171458	0.002132298407
171459	0.009550713731
171460	0.007526672754
171461	0.001892701383
171462	0.008023932601
171463	0.006685709777
171464	0.0003315839846
171465	0.006861114909
171466	0.002338431738
171467	0.001523286211
171468	0.0009314680496
171469	3.806831871e-05
171470	0.003676163313
171471	0.002375090212
171472	0.004025329126
171473	0.002777075799
171474	0.0001632365788
171475	0.001835093236
171476	0.002279641224
171477	0.0002094654619
171478	0.0001043619264
171479	8.848675461e-05
171480	0.0004231324036
171481	0.005606490889
171482	0.002520023084
171483	0.001483765693
171484	0.0008945877628
171485	0.0001759836184
171486	0.0008664317977
171487	0.001111195073
171488	0.001359453661
171489	0.000489191367
171490	0.006414555036
171491	0.001847463482
171492	0.0008401995254
171493	0.0005569427372
171494	0.0004136390641
171495	0.002309243015
171496	0.000876383102
171497	0.000746923856
171498	0.001344649726
171499	0.002245888431
171500	0.0009989459345
171501	0.003922796274
171502	0.002191796782
171503	0.006353243799
171504	0.001265478574
171505	0.0002435105744
171506	0.002904757285
171507	0.0008528172999
171508	0.002199543386
171509	0.0006286847569
171510	0.002957903634
171511	0.00033080898
171512	0.001616617815
171513	0.0001826409267
171514	0.0001809227776
171515	0.002851559815
171516	0.0003556930573
171517	0.00119129121
171518	0.002043991152
171519	0.0009209826823
171520	0.000810705251
171521	0.002740297738
171522	0.000880035498
171523	0.003492719814
171524	0.001332155611
171525	0.002572345645
171526	0.002096734584
171527	0.004823354448
171528	0.0003920416834
171529	0.0009450154881
171530	0.001238623366
171531	0.00125983727
171532	0.0003816889537
171533	0.000149610779
171534	0.0009281309924
171535	0.0006233390785
171536	0.001615842307
171537	0.001141409871
171538	0.0002312128454
171539	0.002124738416
171540	0.000970346105
171541	0.0008251507364
171542	0.004251887864
171543	0.0003625056401
171544	0.00197960354
171545	0.0005554474636
171546	0.001341820837
171547	0.001361919068
171548	0.0008804976628
171549	0.0001817932558
171550	0.002028371707
171551	0.001596017928
171552	0.001880545333
171553	0.001128174521
171554	0.0006005745808
171555	0.004324038958
171556	0.001360386466
171557	0.00251684175
171558	0.001112531052
171559	0.0003477783848
171560	0.003300720057
171561	0.0002409645161
171562	0.002420025404
171563	0.001914121358
171564	0.004239079976
171565	0.0006698783581
171566	0.001216435382
171567	0.001161582693
171568	0.001458343368
171569	0.001247036182
171570	0.00264151118
171571	0.001943923477
171572	0.0004380730075
171573	0.001032018166
171574	0.0009392729082
171575	0.0006929745289
171576	0.003539144256
171577	0.002783856711
171578	0.001786303983
171579	0.001330375116
171580	9.388349758e-05
171581	0.007147620383
171582	0.0005966441471
171583	0.0009983233005
171584	0.0003984688753
171585	0.0001020309696
171586	6.860832976e-05
171587	0.001554314615
171588	0.002434815211
171589	0.002038391828
171590	0.004874955626
171591	0.0003300071737
171592	0.0002120148029
171593	0.001159716099
171594	0.0007588863339
171595	0.0008344600026
171596	0.001271641104
171597	0.004679765896
171598	0.0002815607344
171599	0.0005791286316
171600	0.0001043610634
171601	0.0007066172073
171602	0.0005694738824
171603	0.002460793864
171604	0.0006509952112
171605	0.004904331272
171606	0.001969210122
171607	0.003738590906
171608	0.003927332053
171609	0.0009590909776
171610	0.00164305108
171611	0.004758926223
171612	0.004254975626
171613	0.003010530416
171614	0.0003143684729
171615	0.004057440038
171616	0.001182887967
171617	0.00206419827
171618	0.001834630835
171619	0.001965780775
171620	0.001401919158
171621	0.001299801837
171622	0.0006683976015
171623	0.002963967904
171624	0.002739968595
171625	0.001962741014
171626	0.004160996156
171627	0.0008901117981
171628	0.004223080494
171629	0.002730814184
171630	0.001911076628
171631	0.001801455306
171632	0.00194123378
171633	0.001115234696
171634	0.000613594111
171635	0.002336804818
171636	0.002396718876
171637	0.002228051554
171638	0.00147211087
171639	0.001816369967
171640	0.004922790317
171641	0.002905972749
171642	0.0006918945829
171643	0.0006526490512
171644	0.001071998318
171645	0.0007106299072
171646	0.001202881725
171647	0.002481435481
171648	0.004054408079
171649	0.0009123028977
171650	0.0008205059998
171651	0.001574977777
171652	0.0007170257247
171653	0.00241051768
171654	0.0005012828822
171655	0.0008618381333
171656	0.001705622426
171657	0.0006008409622
171658	0.003059391016
171659	0.0002940569489
171660	0.001979170802
171661	0.0002203009934
171662	0.001648526524
171663	0.001090983562
171664	0.0009358299617
171665	0.0002973718405
171666	0.003576324716
171667	0.003549013141
171668	0.006908083824
171669	0.0005276779492
171670	0.00341973748
171671	0.004327014202
171672	0.00316110018
171673	0.001499342767
171674	0.00194288002
171675	0.001380413707
171676	0.00252307962
171677	0.004120710622
171678	0.001780178376
171679	0.000427848869
171680	0.002305419309
171681	0.002302361361
171682	0.001199049463
171683	0.002668574361
171684	0.0007462257458
171685	0.002514288087
171686	0.005436100248
171687	0.001518699351
171688	2.606246134e-05
171689	0.0011252927
171690	0.0001227860218
171691	0.0003290999854
171692	0.003744085456
171693	0.001164053147
171694	0.002250769089
171695	0.002225667898
171696	0.004505245881
171697	0.003344455465
171698	0.001157990678
171699	0.0003423129737
171700	0.001021456551
171701	0.001090819046
171702	0.001045923653
171703	0.006275640744
171704	0.001128301832
171705	0.0009222481567
171706	0.001348800205
171707	0.0009743400219
171708	0.0009592778251
171709	0.0006582977193
171710	0.0005038847376
171711	0.0002738772634
171712	0.0004244204555
171713	0.002833513916
171714	0.0009014580791
171715	0.0005633786257
171716	0.001387046567
171717	0.002330784241
171718	0.001643640023
171719	0.0003375896685
171720	0.0009977361596
171721	0.000620544661
171722	0.003358879919
171723	4.232862762e-05
171724	0.001372701179
171725	0.003524214914
171726	0.001376086604
171727	0.0002103804542
171728	0.001370063674
171729	0.001181568088
171730	0.001500314673
171731	0.000497385497
171732	0.002147964821
171733	0.0005530088941
171734	0.0003732474185
171735	0.002431415361
171736	0.004337348007
171737	0.000213065402
171738	0.0008151088103
171739	0.002732170343
171740	0.00335288725
171741	0.0001619804947
171742	0.002298698318
171743	0.000692226399
171744	0.001900015712
171745	0.002410312256
171746	4.663628596e-05
171747	0.0009358437737
171748	0.0005881627424
171749	0.0003765136999
171750	0.0006273600611
171751	0.0003317935477
171752	0.0002980927224
171753	0.003730046703
171754	0.003238847372
171755	0.003170409177
171756	0.001500205991
171757	0.001199658279
171758	0.002129160618
171759	0.002885824978
171760	0.0006611467857
171761	0.004112144381
171762	0.0009300868253
171763	0.0006472063388
171764	0.001108689065
171765	0.00138446728
171766	0.001853451275
171767	0.001715609334
171768	0.002473750787
171769	0.0009375235398
171770	0.00069024033
171771	0.005317212237
171772	0.001263586644
171773	0.000517820595
171774	0.0009645732969
171775	0.001878384785
171776	0.005710090472
171777	0.002183261958
171778	0.003267606378
171779	0.002903585522
171780	0.006266924834
171781	0.0005243061371
171782	0.00138263263
171783	0.001079993951
171784	0.003798611504
171785	0.003975040334
171786	0.0004996698001
171787	0.002242869798
171788	9.225365175e-05
171789	0.001418292944
171790	0.003853672713
171791	0.001838923177
171792	2.510380913e-05
171793	0.0007042869189
171794	1.174486574e-05
171795	0.0001785460017
171796	0.000290377901
171797	0.0001273154627
171798	0.001233924034
171799	0.003074713021
171800	0.001483083442
171801	0.005122586824
171802	0.003097991577
171803	4.779005311e-05
171804	0.001082245926
171805	0.0008552327527
171806	0.0008805294845
171807	0.001354985426
171808	0.003000045163
171809	0.001977397719
171810	0.002218512818
171811	0.0005778197362
171812	0.003993035505
171813	0.002164100045
171814	0.001863817076
171815	0.0009940589452
171816	0.0003640701886
171817	0.001349038504
171818	0.001491014543
171819	0.00158917766
171820	0.001378521681
171821	0.002367455453
171822	0.002296183136
171823	0.002012780046
171824	0.002773536999
171825	0.004074511749
171826	0.00461315483
171827	0.001876131629
171828	0.002427864686
171829	0.0001268692469
171830	0.001011058116
171831	0.005829052775
171832	0.001653829829
171833	0.0006909921048
171834	0.002406106204
171835	0.002575896031
171836	0.0004153533055
171837	0.0004694295002
171838	0.002051618647
171839	0.001862009373
171840	0.0008340158154
171841	0.0004168080909
171842	0.0006660069388
171843	0.002573689285
171844	0.004225630457
171845	0.0002091040461
171846	0.0002956764714
171847	0.003356172409
171848	3.858721685e-05
171849	0.005495778096
171850	0.003033317728
171851	0.0003168375876
171852	0.001650728079
171853	0.00106385153
171854	0.0004115236059
171855	0.0004694426835
171856	0.000726488612
171857	0.000811308835
171858	0.0003128944767
171859	0.0006296725281
171860	0.0006065450124
171861	0.0003309344984
171862	5.372580787e-08
171863	0.002238854399
171864	0.001413974647
171865	0.002007654133
171866	0.004990278109
171867	0.003545041383
171868	0.0009301313073
171869	0.0001688926833
171870	0.00285715093
171871	0.001423659576
171872	0.0002730617543
171873	0.0006346882223
171874	0.001998117546
171875	0.002145855098
171876	0.0006856235324
171877	0.003268679573
171878	0.0005112751187
171879	0.001074405179
171880	0.0009338507148
171881	0.0001631059864
171882	0.0001340196526
171883	0.003819527794
171884	0.005521805581
171885	0.002703734124
171886	0.0009928057304
171887	0.002354642142
171888	0.001659634824
171889	0.0003755615167
171890	0.003099824799
171891	0.003088285033
171892	0.0005524797951
171893	0.001052749644
171894	0.002021211022
171895	0.002078472958
171896	0.0001484543202
171897	0.002857727701
171898	0.001562237294
171899	0.0001467782057
171900	0.0002825434038
171901	0.0007404854734
171902	0.0005734616843
171903	0.001911645378
171904	0.0005083460177
171905	0.001551533866
171906	0.0003329863172
171907	0.003133241388
171908	0.001154491214
171909	0.0002579953202
171910	0.002203199001
171911	0.0004741831427
171912	0.0003492138333
171913	0.000142317538
171914	0.0004059733782
171915	0.002085310094
171916	0.001557672952
171917	9.093906479e-05
171918	0.00160996079
171919	0.0001978923692
171920	0.003194600792
171921	0.002339332572
171922	0.001807147076
171923	0.001645407093
171924	0.002581654463
171925	0.006819748563
171926	0.002122211575
171927	0.0009333494368
171928	0.0006264228043
171929	0.0005058425579
171930	0.0002266518267
171931	0.001193670603
171932	0.002739562122
171933	0.001166906099
171934	0.002782703981
171935	0.0003960180622
171936	0.001531841408
171937	0.0001470295536
171938	7.112438568e-05
171939	0.0006975584901
171940	7.450190177e-05
171941	0.002697130688
171942	0.0005029058217
171943	0.002066519807
171944	0.002876448432
171945	0.00279681162
171946	0.004168590351
171947	0.003942403209
171948	0.0002262384179
171949	0.003554097577
171950	0.001968640791
171951	0.00292892265
171952	0.0004393778041
171953	0.003792726415
171954	0.0001308077538
171955	0.004391055154
171956	0.002343916437
171957	0.005300671245
171958	0.002728537686
171959	0.0002018896073
171960	0.0002832926801
171961	0.006041157117
171962	0.002795106605
171963	0.0008488065328
171964	0.001899398761
171965	0.008730609137
171966	0.002313354646
171967	0.004275503256
171968	0.002228864382
171969	0.007232611963
171970	1.034062312e-05
171971	0.000252233252
171972	0.001546540605
171973	0.0006286649852
171974	0.004630588304
171975	0.00274081329
171976	0.000130736395
171977	0.0003228548498
171978	0.00490557302
171979	0.0009616814679
171980	0.001942701998
171981	0.001629821074
171982	0.001337896154
171983	0.0006339117687
171984	0.002054157961
171985	0.004558858942
171986	0
171987	0.001061413446
171988	0.001425119515
171989	0.00260687857
171990	0.001464766719
171991	0.002429576234
171992	0.001066068425
171993	0.002006004055
171994	0.006249550004
171995	0.002811972422
171996	0.0005336417483
171997	0.001152794588
171998	0.005788706672
171999	0.004026715243
172000	0.003330453956
172001	0.003032606967
172002	0.001405895092
172003	0.001027226475
172004	0.0001062918064
172005	0.001942443021
172006	0.004018363948
172007	0.000649966445
172008	0.0008678272957
172009	0.0006594275154
172010	0.00161752698
172011	0.0008455944695
172012	0.001427978319
172013	0.0033696798
172014	0.002368438617
172015	0.002962007371
172016	0.003762632692
172017	0.002595867642
172018	0.0005204932852
172019	0.0003280909009
172020	0.00324604091
172021	0.0001301077967
172022	0.0001564610598
172023	0.001641978182
172024	0.0003716438694
172025	0.0005163417185
172026	3.88462263e-05
172027	6.978370102e-06
172028	0.001500713785
172029	0.0002528530369
172030	0.0002453939434
172031	0.0007382605199
172032	0.0004759945955
172033	0.002068680739
172034	0.0002336387404
172035	0.0002318990813
172036	0.001130695143
172037	0.0007856769822
172038	0.0006833506492
172039	0.0001130766718
172040	0.000120184025
172041	0.001038336058
172042	0.001116864329
172043	0.0008287897437
172044	0.002369855334
172045	0.001262387174
172046	0.0005400241417
172047	0.003753410214
172048	0.00339254209
172049	0.001410020046
172050	0.002246828786
172051	0.0005933938202
172052	0.002592188627
172053	0.0002224924258
172054	0.0003703143236
172055	0.00466170085
172056	0.003697348836
172057	0.0005131193858
172058	0.0008687173401
172059	0.004592739892
172060	0.004012071072
172061	0.003818900653
172062	0.002271333986
172063	0.004133184943
172064	0.0001046534672
172065	0.000221041318
172066	0.001482345018
172067	0.001498538125
172068	0.004729951132
172069	0.005762195333
172070	0.002859897669
172071	0.0002118673269
172072	0.0001490042459
172073	0.006324384305
172074	0.003852712972
172075	0.002521085417
172076	0.001727404824
172077	0.0008468909268
172078	0.005304275548
172079	0.001396076436
172080	0.0008360911587
172081	0.0001064560089
172082	0.0004841670896
172083	0.00138786951
172084	0.004634311497
172085	0.0008587856886
172086	0.0005391670021
172087	0.002688275994
172088	0.005835007944
172089	0.0007531928264
172090	0.003420172954
172091	0.0001951605254
172092	0.0003793899835
172093	0.0009304702408
172094	0.001537188044
172095	0.002109586071
172096	0.002559681823
172097	0.003486019423
172098	0.0008108308703
172099	0.0008524951075
172100	0.001130423784
172101	0.001528311368
172102	0.001240256916
172103	0.0007089517424
172104	0.00608632022
172105	0.005433021119
172106	0.003575638046
172107	0.002061436396
172108	0.00155914157
172109	0.001030966547
172110	0.001204670123
172111	0.0007643023492
172112	0.0009772981992
172113	0.0003055777066
172114	0.000700097275
172115	0.005161745021
172116	6.734178673e-05
172117	0.0006426757307
172118	0.001484852906
172119	0.001499091859
172120	0.0007680636502
172121	0.002455842443
172122	0.003190126851
172123	0.0001819584564
172124	0.001987545662
172125	0.0002179167351
172126	0.0008334999141
172127	0.0005023078754
172128	0.002285351267
172129	0.002129073181
172130	0.001925142795
172131	9.071219926e-05
172132	0.002713956378
172133	0.001041133404
172134	0.00539722477
172135	0.001612945984
172136	0.000338663311
172137	0.0007799071547
172138	0.00158334325
172139	0.002484083322
172140	0.001875734379
172141	0.005236405433
172142	0.003691696366
172143	0.003077993979
172144	0.002114211174
172145	0.002613452417
172146	0.002466236462
172147	0.002346670202
172148	0.003388757394
172149	0.0008231646069
172150	0.00028794004
172151	0.002673538113
172152	0.001009111667
172153	0.002115773748
172154	0.001006368569
172155	0.001600471635
172156	0.0004444339649
172157	0.002267345902
172158	0.00204209875
172159	0.002084113556
172160	0.002652952572
172161	0.001645177837
172162	0.0001472020763
172163	0.0005109545878
172164	0.00313277611
172165	0.000769945335
172166	0.001719435363
172167	0.00124233545
172168	0.0008036023537
172169	0.002139519259
172170	0.0008201041022
172171	6.925218075e-05
172172	0.0002429930225
172173	0.004081801226
172174	0.003593706916
172175	0.003497978527
172176	0.0005083632807
172177	0.0006105225736
172178	0.004201823241
172179	0.0001744060827
172180	0.00665304377
172181	0.003121766022
172182	0.0002881181941
172183	0.001103910728
172184	0.002779961773
172185	0.001719644579
172186	0.002826545067
172187	0.0002480763953
172188	7.33627785e-05
172189	0.0026660472
172190	0.0007053956099
172191	0.001345925613
172192	2.001964475e-05
172193	6.904573032e-05
172194	2.41741495e-05
172195	0.001069382791
172196	0.001099035539
172197	0.0003757425979
172198	0.004218772716
172199	0.001763245612
172200	0.0009759416855
172201	0.0009247467687
172202	0.0009924805074
172203	0.0009454389573
172204	0.0005258507642
172205	9.5255378e-05
172206	0.001335516841
172207	0.001496772225
172208	0.001910880684
172209	0.0005018252523
172210	0.0001892462805
172211	0.0001389545666
172212	0.0002931266174
172213	0.002163451565
172214	0.00121937884
172215	0.004018507127
172216	0.002230381399
172217	0.002506944883
172218	0.001471605092
172219	9.188690485e-06
172220	0.001167824948
172221	0.001235804501
172222	0.002918247588
172223	0.000934585063
172224	0.00276172037
172225	0.004420466517
172226	0.0003344169018
172227	0.003632848019
172228	0.001912522623
172229	0.005295181843
172230	0.0001009850436
172231	0.002758593802
172232	0.001073416607
172233	0.000598946721
172234	0.0001434416782
172235	9.474563767e-05
172236	5.170998854e-05
172237	0.0009955532564
172238	0.0003136340704
172239	2.547251486e-06
172240	8.59675103e-05
172241	0.00117281464
172242	0.0006353584086
172243	5.875098976e-05
172244	0.0009883748126
172245	0.0002241885975
172246	0.0002328684452
172247	0.0003066624986
172248	0.00031982409
172249	0.0001943765457
172250	0.0003004787585
172251	0.002352485253
172252	0.001975098801
172253	0.002020321823
172254	0.00184503065
172255	0.001000731996
172256	0.00256991708
172257	0.003908161123
172258	0.002077786169
172259	0.001065964912
172260	0.0002525906477
172261	0.001568544084
172262	0.001285935309
172263	2.670818452e-06
172264	0.004651711541
172265	0.0001424483099
172266	0.001152522752
172267	0.00435665655
172268	0.001993450423
172269	0.0007795244398
172270	0.002815553489
172271	0.00174400911
172272	0.0004177678529
172273	5.479361015e-05
172274	0.001147256801
172275	0.002115144561
172276	0.0001849780734
172277	0.0003770533996
172278	0.002071959001
172279	0.001421996059
172280	0.000412853632
172281	2.719370751e-05
172282	0.0006087342834
172283	0.005510089976
172284	0.0003354352942
172285	0.004194408355
172286	0.001798081176
172287	0.002646782463
172288	0.0002876040228
172289	0.002226334462
172290	0.003158705396
172291	0.0002857784499
172292	7.85104162e-05
172293	0.002623604447
172294	0.0009829623301
172295	0.002959691523
172296	0.004592240775
172297	0.006288752586
172298	0.0005399979672
172299	0.00129533482
172300	0.002356407045
172301	7.649167891e-05
172302	0.002456040974
172303	0.0006606225144
172304	0.001561474656
172305	0.001149016629
172306	0.003155216016
172307	0.002645992933
172308	0.001098574764
172309	0.002196049288
172310	0.002640060031
172311	0.0006094346321
172312	0.0009562192258
172313	0.003821736954
172314	0.00351201156
172315	0.0007165694667
172316	0.003670659657
172317	0.001160702384
172318	0.0003677585898
172319	0.004092441922
172320	0.001649484566
172321	0.0004038961123
172322	0.005291457087
172323	5.912366478e-05
172324	0.002862617126
172325	0.002959413697
172326	0.00223711006
172327	7.18869667e-05
172328	0.002120699435
172329	0.001383720337
172330	0.0007898336965
172331	0.0006063721814
172332	0.0008754512939
172333	0.0001574947804
172334	0.0003651997067
172335	0.0001225070128
172336	0.000654447001
172337	8.993282519e-05
172338	8.009160402e-06
172339	0.002295685918
172340	0.001458247388
172341	9.525786635e-05
172342	2.325642621e-06
172343	0.004177567337
172344	0.002802471724
172345	0.001498558919
172346	0.002470610106
172347	0.0005079139816
172348	0.001267166829
172349	0.002639625189
172350	0.0009335659287
172351	0.002674651507
172352	0.0005081017982
172353	0.001484007181
172354	0.004037041554
172355	0.001754595233
172356	0.002485777193
172357	0.003521656166
172358	0.007471996068
172359	0.001564281659
172360	0.001056009759
172361	0.0005118417237
172362	0.001194667534
172363	0.0004154301076
172364	0.0006436324258
172365	0.006066501298
172366	0.0003544518207
172367	0.000606691912
172368	0.0004682117465
172369	0.00506982178
172370	0.0006328768038
172371	0.0002360203172
172372	0.002006629813
172373	0.0008531709088
172374	0.005334128954
172375	0.0005277793578
172376	0.001017340505
172377	0.0001939655854
172378	0.0001082621912
172379	0.0002788240875
172380	0.00243524038
172381	0.0004199929428
172382	2.086385373e-05
172383	0.001034692505
172384	0.002247707111
172385	0.003049296452
172386	0.001997743812
172387	8.880326931e-05
172388	0.001660245068
172389	0.002504940525
172390	0.0009342410411
172391	0.0003149633995
172392	0.0005941541929
172393	0.0008173991659
172394	0.005312757466
172395	0.001150622705
172396	0.001611097837
172397	0.001685317727
172398	0.001708327841
172399	0.000938584779
172400	0.0004650619432
172401	0.002197589673
172402	0.0008843802737
172403	0.0003174780903
172404	0.003205058729
172405	0.002566797795
172406	0.0007929014559
172407	0.001295604719
172408	0.003089883369
172409	0.00139032047
172410	0.003264505502
172411	0.005213249857
172412	0.0009036836559
172413	0.001788647285
172414	0.002421271227
172415	0.001843873096
172416	0.002177287375
172417	0.001140296428
172418	0.001639437152
172419	0.002913559094
172420	8.749172279e-05
172421	0.00285677946
172422	0.001034763636
172423	0.0008387935324
172424	0.0006293087077
172425	0.002640418887
172426	0.002538149697
172427	0.004295772587
172428	0.001158027258
172429	0.001545671966
172430	0.0003878663226
172431	0.003403241725
172432	0.000253233604
172433	0.001594835604
172434	0.003738971271
172435	0.0002333021388
172436	0.0005643123448
172437	0.003587973411
172438	0.001385568857
172439	0.001180125843
172440	0.001888033817
172441	0.001188007651
172442	0.0004381719083
172443	0.00198231031
172444	0.002373378764
172445	0.003696234061
172446	0.0009447066202
172447	0.001472897985
172448	0.003617297648
172449	0.001400470809
172450	0.000205228563
172451	0.002904047664
172452	0.00228346674
172453	0.002172833586
172454	0.003680011906
172455	0.002646885778
172456	0.001576339982
172457	0.001978463659
172458	0.001299544651
172459	0.00232563791
172460	0.0006773655958
172461	0.001086554953
172462	0.003048975753
172463	0.00049244955
172464	0.002668506161
172465	0.002059224095
172466	0.001074692681
172467	0.002143101732
172468	3.183487486e-05
172469	0.002434274166
172470	0.0001171540935
172471	0.0004059967732
172472	0.002294851034
172473	0.0002294781692
172474	0.0003263578734
172475	0.0008452404586
172476	0.002720825376
172477	0.0006650267445
172478	0.004588788378
172479	0.008005906717
172480	0.001113965894
172481	0.000836094136
172482	0.001306435487
172483	0.0004826505661
172484	0.001691707444
172485	5.162113121e-05
172486	0.0006530357347
172487	0.0001690987962
172488	0.0005531248371
172489	4.252574336e-05
172490	0.00176083177
172491	0.0005158341789
172492	0.006188468582
172493	0.0016047936
172494	0.0009512952213
172495	0.006137248714
172496	0.0007623292338
172497	0.001581968124
172498	0.002134374253
172499	0.001227209851
172500	0.001635699269
172501	2.417159706e-05
172502	0.0009145917169
172503	0.003972745226
172504	0.0001141368261
172505	0.003020406834
172506	0.0001846417291
172507	0.002156162262
172508	0.0009793015378
172509	0.000498793953
172510	0.001651668617
172511	0.005466353467
172512	0.002583597009
172513	0.003236680034
172514	0.001826450849
172515	0.0005358485959
172516	0.000409136619
172517	0.001292403836
172518	0.003234614674
172519	0.001063932668
172520	0.001298027709
172521	0.0002312644247
172522	0.0008513455094
172523	0.0003707194024
172524	0.0009685398902
172525	0.003767007867
172526	6.376281355e-08
172527	0.001823097725
172528	0.0002591404906
172529	0.001093056935
172530	0.00178839468
172531	0.0002235953505
172532	0.001358572207
172533	0.0002800838176
172534	0.004647606976
172535	0.00332439081
172536	0.005091323412
172537	0.003333257363
172538	0.0006540829286
172539	0.002860548703
172540	0.0004803331946
172541	0.0001530985475
172542	0.002382624263
172543	0.001402656204
172544	0.0004022962877
172545	0.003845290427
172546	0.001080273359
172547	0.00144441904
172548	0.004996022273
172549	0.0002510618192
172550	0.0005851733707
172551	0.001576812307
172552	0.0009773184748
172553	0.0003636166989
172554	0.001893961694
172555	0.0001449595065
172556	0.001027137216
172557	0.0004904387146
172558	0.0001242680463
172559	0.002434773457
172560	0.0006438985439
172561	0.0007929155526
172562	0.0005721031602
172563	0.002452250018
172564	0.0007836819027
172565	0.0001651581731
172566	0.004253284434
172567	0.002159367157
172568	0.0006091853542
172569	0.0004868672417
172570	0.000126847128
172571	0.002410095478
172572	0.001330454525
172573	0.001301403774
172574	0.005134401671
172575	0.0005679169999
172576	0.0002045895789
172577	0.0007191829313
172578	0.0006809629742
172579	0.0006548064062
172580	0.003587463904
172581	0.0003420550838
172582	0.0001595028567
172583	0.002168609337
172584	0.005460012627
172585	0.001013765241
172586	0.002822096762
172587	0.002742111582
172588	0.0003930500003
172589	0.0002836501148
172590	0.00243197115
172591	0.002140858689
172592	0.003637563541
172593	0.004593843254
172594	0.003032696153
172595	0.001747855991
172596	0.0009329269049
172597	0.0003893699222
172598	0.001153006965
172599	0.001110021285
172600	7.710016076e-05
172601	0.0008229541412
172602	0.00123322889
172603	0.0007668030829
172604	0.0002738614746
172605	0.00191117941
172606	0.002461064725
172607	0.0006686178524
172608	0.0005243403431
172609	0.002560633029
172610	0.00180070594
172611	0.002252685781
172612	0.002255969789
172613	0.0001187949905
172614	0.0002684180384
172615	0.0001345740455
172616	0.0002065799755
172617	0.0005395553838
172618	0.001729720347
172619	6.366344e-05
172620	0.001752784227
172621	0.003587473975
172622	0.0001972381072
172623	0.0005796771177
172624	0.0002683663443
172625	0.00102542019
172626	0.0004861325264
172627	0.0002358772475
172628	0.001352476957
172629	0.0002809098416
172630	0.0002090859389
172631	0.0001813467046
172632	5.870483147e-05
172633	0.0003808152944
172634	0.00117399281
172635	0.0004736962457
172636	0.0004163207587
172637	0.0011742906
172638	0.0007191872955
172639	0.0001785337803
172640	7.807210544e-05
172641	0.005550808413
172642	0.002717941558
172643	0.0003118811394
172644	0.0008245621986
172645	0.003301042846
172646	0.001224042812
172647	0.001115176233
172648	0.001453717933
172649	0.0007457499606
172650	0.0003208545235
172651	0.003552496903
172652	0.0005422795224
172653	0.00175372324
172654	0.0009905978317
172655	0.004646386063
172656	0.0006030999156
172657	0.004536250296
172658	0.002536383903
172659	0.001242346415
172660	0.002482228219
172661	0.001585973611
172662	0.003115095356
172663	0.00147784843
172664	0.000322928824
172665	0.0003823418653
172666	0.002380545212
172667	0.0008455893326
172668	0.0006016034457
172669	1.155754996e-06
172670	0.003165937701
172671	0.0001119657507
172672	0.0009725089046
172673	0.0003920374822
172674	0.0003884166853
172675	0.002568161695
172676	0.003227257273
172677	0.001074481044
172678	0.007742880513
172679	0.0003889866124
172680	0.002776987285
172681	0.0002241746016
172682	0.001609850186
172683	0.0002389906462
172684	0.001514630564
172685	0.0007246553034
172686	0.002381849644
172687	0.001936659684
172688	0.003241682087
172689	0.00443505031
172690	0.001323460548
172691	0.003313149567
172692	0.002414057147
172693	0.003119172103
172694	0.002691004866
172695	0.00265121031
172696	0.005125084946
172697	0.003572142836
172698	0.0004739592256
172699	0.003980803124
172700	0.002275152432
172701	0.001141917256
172702	0.0004012185275
172703	0.0004020059529
172704	0.002629832657
172705	0.0003150718142
172706	0.0003264413978
172707	0.0005462918566
172708	0.0006564155749
172709	0.0002807475017
172710	0.0005675130289
172711	1.940481824e-08
172712	8.506975197e-08
172713	0.003652133075
172714	0.000705145091
172715	0.001593496443
172716	0.001611772235
172717	0.001365243025
172718	0.0008650229232
172719	0.002280023021
172720	0.0002847727703
172721	0.001509444999
172722	0.0001127103188
172723	0.001011832141
172724	0.002862281896
172725	0.007086404759
172726	0.003164824457
172727	0.002305178668
172728	3.94475388e-05
172729	0.0003728820564
172730	0.006469032785
172731	0.0002340756993
172732	0.005209205404
172733	0.003833263126
172734	0.0004679649488
172735	8.160638109e-05
172736	0.0001516296044
172737	0.001024590403
172738	0.0001249689317
172739	1.228515396e-08
172740	0.0001627288148
172741	0.0005312715695
172742	0.001425932469
172743	0.002365649725
172744	0.001218281493
172745	0.001128536119
172746	0.0001361985079
172747	0.001217689554
172748	0.0001123762814
172749	1.596180616e-07
172750	0.003117649097
172751	0.0003542379277
172752	0.002724356373
172753	0.001143342598
172754	0.00268841948
172755	0.0007610124533
172756	0.0001035522475
172757	0.000607388566
172758	0.000236386923
172759	0.001226217469
172760	0.0008885366465
172761	0.0005601524424
172762	0.002276165096
172763	5.591255935e-05
172764	0.00163008808
172765	0.002402997717
172766	0.0002718349434
172767	0.001895266079
172768	0.0041030089
172769	0.00204233866
172770	0.001694315438
172771	0.002142977174
172772	0.001320905189
172773	0.002153361136
172774	0.003571460531
172775	0.001219577109
172776	0.00111532119
172777	0.003169258254
172778	0.0004821791881
172779	0.003664939151
172780	0.0008576020712
172781	0.001820074355
172782	0.00162161945
172783	0.004450782706
172784	0.002294706005
172785	0.001012843222
172786	0.001687877158
172787	0.004747954237
172788	0.0009657825717
172789	0.0002432988047
172790	0.0005368993975
172791	0.002970218424
172792	0.0001096018908
172793	0.003352461894
172794	0.0004457213449
172795	0.0003597810891
172796	0.0001221510213
172797	0.003398469281
172798	0.003228600005
172799	0.001884457506
172800	0.002887887627
172801	0.001189272237
172802	0.004434163893
172803	0.0004918701005
172804	0.001083615321
172805	0.000108395768
172806	0.001905480611
172807	0.0002153370197
172808	0.005308108208
172809	0.001055277902
172810	5.936397256e-06
172811	0.004460530863
172812	0.001588659065
172813	0.0008627374877
172814	5.082525806e-07
172815	2.574912627e-05
172816	0.001040580365
172817	0.005259731872
172818	0.00154677176
172819	0.001321746918
172820	0.0004493058464
172821	0.001304923439
172822	0.002186228255
172823	0.0009332460073
172824	0.001714485009
172825	0.0007544180905
172826	0.0005329917506
172827	0.002006090234
172828	0.002433131941
172829	0.001826113943
172830	0.00091602601
172831	0.001419641847
172832	0.002051850079
172833	0.001706678858
172834	0.0006788492498
172835	0.001004778322
172836	0.0001835086963
172837	0.0009412370147
172838	0.005181922824
172839	0.001426665806
172840	0.0002283530811
172841	0.004862752688
172842	0.00258611419
172843	0.0004476973396
172844	0.001329109146
172845	0.0009196312053
172846	0.002061580941
172847	0.001935262029
172848	0.001026916666
172849	0.0007899813417
172850	0.0007964156222
172851	0.0001593538308
172852	0.001343141081
172853	0.00300815597
172854	0.004398442611
172855	0.003772474979
172856	0.0004833721244
172857	0.003198670792
172858	0.002671910781
172859	0.004118384767
172860	0.002918273641
172861	0.004320323143
172862	0.0001244155349
172863	0.0004358011997
172864	0.000210936001
172865	0.0007538076546
172866	0.00330305896
172867	5.09102495e-05
172868	0.003348198024
172869	5.207681259e-07
172870	0.0002232147216
172871	0.0001099933538
172872	0.0007012797982
172873	0.001574982503
172874	0.0007093853707
172875	0.0004456989898
172876	0.001021680715
172877	0.0003362890788
172878	0.0008206676213
172879	0.0005377579203
172880	0.0001926712907
172881	0.0006970640672
172882	1.945044396e-05
172883	0.0004508187823
172884	0.0006878981734
172885	4.942864732e-07
172886	0.002125342767
172887	3.322954367e-05
172888	0.001233051051
172889	0.0004179674551
172890	0.001234185538
172891	0.001048255562
172892	0.0001156728017
172893	0.000610083227
172894	0.0002157428087
172895	0.0003363775823
172896	0.0001475419412
172897	0.0001335348643
172898	0.0009968838622
172899	0.0004728170968
172900	4.884831198e-05
172901	0.001278456731
172902	0.0009909093923
172903	0.001263205614
172904	0.0003887168055
172905	0.0008485570357
172906	0.0007468010344
172907	0.0009276822864
172908	0.002042200918
172909	0.0005286748997
172910	0.0005815625299
172911	0.0008488511261
172912	5.59710307e-05
172913	0.001550606919
172914	0.0001273545047
172915	0.0005837529884
172916	0
172917	0.001127297397
172918	0.001453531753
172919	0.0007093763085
172920	0.000204331526
172921	0.0002824083062
172922	0.0002359355865
172923	0.001718998138
172924	0.0007529740779
172925	0.0009880098032
172926	0.001132659658
172927	0.0004338416926
172928	5.310609457e-05
172929	0.0007100822016
172930	0.001433373386
172931	0.0005710947678
172932	0.0005876737829
172933	0.001652957375
172934	0.00239321478
172935	0.000700127771
172936	0.0008880007421
172937	0.0002078382649
172938	0.001270998118
172939	0.0001612816262
172940	0.001158788527
172941	0.0005077512955
172942	0.0008113777139
172943	0.00257492657
172944	0.0006313787418
172945	0.00111101192
172946	0.0005377241402
172947	0.002598616026
172948	0.002114875618
172949	0.0005733236011
172950	0.0009474131722
172951	0.0004866008683
172952	2.588273327e-05
172953	0.000390831821
172954	0.001344251508
172955	0.0005815825664
172956	0.0003962767662
172957	5.590525334e-05
172958	0.002849562208
172959	0.0027006029
172960	0.001561401144
172961	0.001161707785
172962	0.001077962332
172963	0.002344149523
172964	0.002961432641
172965	0.003194999846
172966	0.0002256324365
172967	0.00312155259
172968	0.005228744833
172969	0.003411130365
172970	0.002335997042
172971	0.006820022036
172972	0.0007996407888
172973	0.002894857582
172974	0.002128770088
172975	0.0002273980352
172976	0.002373820279
172977	0.0007497886422
172978	0.0009751822183
172979	0.0008023376918
172980	0.002961911171
172981	0.001329592165
172982	0.001568218225
172983	0.000572547192
172984	0.001613450596
172985	0.000997511721
172986	0.001734928921
172987	0.0001166946412
172988	0.003961075652
172989	0.001381605852
172990	0.001146588457
172991	0.00277588556
172992	0.0005665160812
172993	0.002022465778
172994	0.0001831352687
172995	0.0006680589147
172996	0.0008262212033
172997	0.005029075062
172998	0.006044008153
172999	0.004572356226
173000	0.001759609667
173001	0.001056910658
173002	0.00136177787
173003	0.0007900757097
173004	0.0002246909976
173005	0.004083885459
173006	0.0005796078959
173007	0.001660577056
173008	0.003019041885
173009	0.001526930957
173010	0.0004466811775
173011	0.003355844226
173012	0.003310405229
173013	0.002905165919
173014	0.002893876072
173015	0.005085535194
173016	0.001543249154
173017	0.002640065916
173018	0.00428919373
173019	0.002938443521
173020	0.001634883788
173021	0.0001976256245
173022	0.001124288508
173023	0.001049740163
173024	0.001594226254
173025	0.002057863702
173026	0.0022380064
173027	0.001247567092
173028	0.00117708569
173029	0.0001203013253
173030	0.0006847378128
173031	0.0005670653632
173032	0.004248103765
173033	0.002500546034
173034	0.0009285231518
173035	0.005630950097
173036	1.550489779e-05
173037	0.002587974236
173038	0.003292856956
173039	0.0003474540508
173040	0.001050255854
173041	0.00340779912
173042	0.00173668932
173043	0.001127407773
173044	0.004611560103
173045	0.0007221175724
173046	0.005003201722
173047	0.002041966565
173048	0.0003603208391
173049	0.0006598611637
173050	0.003647667753
173051	0.0003484195819
173052	0.001047086326
173053	0.0002051935869
173054	0.0003165676977
173055	0.0004968803365
173056	0.0005160380248
173057	0.002328921793
173058	0.0001335095023
173059	0.0003169260355
173060	0.0004278848058
173061	0.001726509202
173062	0.002048992992
173063	0.003866873722
173064	0.002777107823
173065	0.002307603245
173066	0.003103801606
173067	1.32740313e-05
173068	0.0004630518424
173069	0.001810517411
173070	0.0006086793757
173071	0.00656927797
173072	0.0009892789948
173073	0.001278191306
173074	0.0006442798138
173075	0.002371563713
173076	0.001014334389
173077	0.004079552568
173078	0.0007361327395
173079	0.003652791115
173080	0.002991471392
173081	0.0007653176844
173082	0.0002043704989
173083	0.0004640486721
173084	0.003035589284
173085	0.0002318871641
173086	0.002722030512
173087	0.005163831188
173088	0.004795025608
173089	0.0005018798492
173090	0.003920893467
173091	0.000194724207
173092	0.004275749178
173093	0.002241935854
173094	0.003802112569
173095	0.006531980532
173096	0.005839635438
173097	0.001280719132
173098	0.0002338829075
173099	0.002643127058
173100	0.0004164339143
173101	0.0001887989265
173102	0.00301496173
173103	0.0003490374575
173104	0.00102868201
173105	0.00337573272
173106	0.004419883715
173107	2.50839029e-05
173108	0.001469081658
173109	0.0003967333409
173110	0.0009729151419
173111	0.004212141831
173112	0.002461522788
173113	0.002764443573
173114	0.005876735319
173115	0.002661407954
173116	9.899647917e-06
173117	0.002730960476
173118	0.0008360125593
173119	0.003944727384
173120	0.0003655772242
173121	0.001972832577
173122	0.001735817139
173123	0.001278453822
173124	0.00222104697
173125	0.006451316244
173126	0.0001954551624
173127	0.002685364153
173128	0.002577769126
173129	0.004449947737
173130	0.0006752932786
173131	0.001547366787
173132	0.002438071973
173133	0.001559218019
173134	0.003139856591
173135	0.004612496488
173136	6.035844994e-05
173137	0.003067563582
173138	0.001414829699
173139	0.0001766489944
173140	0.0007780816004
173141	0.001351693404
173142	0.0001043228708
173143	0.001484234823
173144	0.001572855492
173145	0.002539540456
173146	0.0006175239477
173147	0.0009564112148
173148	0.002182188164
173149	0.0005894450296
173150	0.000959558526
173151	0.00140724079
173152	0.0006141241187
173153	0.0004517677079
173154	0.003650699925
173155	0.0004967420667
173156	0.0005495515353
173157	0.0009039214226
173158	0.0002587430588
173159	0.001023531281
173160	0.0004214205367
173161	0.0003269044415
173162	0.003308910529
173163	0.001444135273
173164	0.004345829962
173165	0.0006499815463
173166	5.851094814e-05
173167	0.002382267406
173168	0.003486196331
173169	0.002560743389
173170	0.00115447766
173171	0.0035455056
173172	0.002112739834
173173	0.0006517969092
173174	0.002721018525
173175	0.007647339298
173176	0.0006851107469
173177	0.0006093987631
173178	0.0001466266544
173179	0.003957389443
173180	0.001166921857
173181	0.002897236987
173182	0.001005082171
173183	0.001644330441
173184	0.001187706322
173185	7.302621282e-06
173186	0.001133916216
173187	2.157020841e-05
173188	0.0005547338619
173189	0.002840522491
173190	0.0008609013029
173191	0.0001915484767
173192	0.001493791697
173193	0.0004326163565
173194	0.004975970432
173195	0.0006481385681
173196	0.0008766252642
173197	0.001752803177
173198	0.001144739482
173199	0.002901379343
173200	0.001711245174
173201	0.0005117611409
173202	0.0007352140678
173203	0.002760619188
173204	0.0007209183387
173205	0.006356694233
173206	0.003926158604
173207	0.001804378125
173208	0.003433297144
173209	0.0002784431468
173210	0.003693961349
173211	0.003052064382
173212	0.002441680995
173213	0.001866937704
173214	0.003199782135
173215	0.003599467167
173216	0.0006667858941
173217	0.001315761643
173218	0.003812669922
173219	0.003803050268
173220	0.002276378948
173221	0.005638636919
173222	0.0012682535
173223	0.003501792831
173224	0.003031706479
173225	0.002416168571
173226	0.001518025202
173227	0.001978146371
173228	0.002646763876
173229	0.002919907425
173230	0.002874647595
173231	0.0004100659716
173232	0.0002209270972
173233	0.002123842567
173234	0.00210485578
173235	0.0002883764688
173236	0.0009290186883
173237	0.0006260307161
173238	0.002544120851
173239	0.002676992366
173240	9.835950531e-05
173241	0.001475173637
173242	0.001889407833
173243	0.0001268994805
173244	0.0003292148368
173245	0.003827551982
173246	0.002511650307
173247	0.001190341762
173248	0.0001099106051
173249	0.0004811328193
173250	0.0007762430898
173251	0.0003867103839
173252	0.001281395106
173253	0.0008750956996
173254	0.0001161892157
173255	0.0004119566933
173256	0.0009123025812
173257	0.0007167806239
173258	0.0002820846822
173259	0.0007714516508
173260	0.0008942068882
173261	0.0007034255981
173262	0.0004740843297
173263	0.0006537499578
173264	0.001934302435
173265	0.000150963037
173266	0.001983983646
173267	0.002408798859
173268	0.003693868591
173269	7.384694758e-05
173270	0.002691937004
173271	0.000386132609
173272	0.0004084663182
173273	0.0008674979577
173274	0.0002892416824
173275	0.00244845299
173276	0.006791330885
173277	0.004063052009
173278	0.0007783668496
173279	0.001384979578
173280	0.005253783557
173281	0.004254866803
173282	0.001431786136
173283	0.002296342482
173284	0.003208525474
173285	0.001122646273
173286	0.00140872915
173287	0.004193361518
173288	0.0002127253426
173289	0.004221472651
173290	0.004114295565
173291	1.229164315e-05
173292	0.0001280859342
173293	0.001842090623
173294	0.003821117585
173295	0.001289441623
173296	0.0006728464925
173297	0.0008908218052
173298	0.003762336681
173299	0.000332940775
173300	0.003412171966
173301	0.002523415649
173302	0.002153998127
173303	0.0007145044983
173304	0.0003870480533
173305	0.002101254515
173306	0.001393101393
173307	0.005334047928
173308	0.001078931811
173309	0.000220633606
173310	0.001899953145
173311	0.002054777669
173312	0.001575881845
173313	0.001298684452
173314	0.0006183409565
173315	0.00154833694
173316	0.001264032121
173317	0.001619917113
173318	0.006262928814
173319	0.001429246174
173320	0.002111970391
173321	0.004933218414
173322	0.002668146937
173323	0.002227651422
173324	0.0004805820756
173325	0.005279890501
173326	0.0009571080228
173327	0.002264350939
173328	0.0001621090761
173329	0.00353379172
173330	0.001028915112
173331	0.0001374327525
173332	0.0008203522542
173333	0.002276977261
173334	0.0001137546889
173335	0.001116380592
173336	0.005297776839
173337	0.001751737461
173338	0.001413345968
173339	0.0008750745953
173340	0.001771012822
173341	0.0006001676642
173342	0.0001848176615
173343	0.001960690034
173344	0.0004719760268
173345	0.002319590025
173346	0.0005653252438
173347	0.0009498005653
173348	0.0006649059612
173349	0.002952694268
173350	0.004164662232
173351	0.004295119278
173352	0.000255232969
173353	0.001834086102
173354	7.766436702e-05
173355	0.000129082363
173356	0.0009057225743
173357	0.002868870399
173358	0.00354093549
173359	0.002671273325
173360	0.001999417308
173361	0.001618259426
173362	0.002150949271
173363	4.328255786e-05
173364	0.005927870378
173365	0.002349204846
173366	0.00335470268
173367	0.002036244143
173368	0.001230780265
173369	0
173370	0.001061424257
173371	0.001571690189
173372	0.001454649828
173373	0.002584958921
173374	3.42936664e-07
173375	0.0001353675993
173376	0.000769633126
173377	0.002342142265
173378	1.951691947e-05
173379	0.001433049314
173380	0.0012955617
173381	0.000647833174
173382	0.001636978193
173383	0.0004167915301
173384	0.001341899862
173385	0.0007693742533
173386	0.00176173114
173387	0.0005681925723
173388	0
173389	0.002433140523
173390	0.001986999145
173391	0.003082595336
173392	0.002347041222
173393	0.005672171344
173394	0.003228165614
173395	0.002883834925
173396	0.0005831105644
173397	0.004327699861
173398	0.001000271201
173399	0.0002008487281
173400	0.002420465123
173401	0.00403544812
173402	0.002589041884
173403	0.002128056106
173404	0.0005076784862
173405	0.001669211722
173406	0.0003757899109
173407	0.001498444835
173408	0.001709942725
173409	0.0002412273119
173410	0.0001369044389
173411	6.262809047e-05
173412	0.00567010071
173413	0.0009441537974
173414	0.003283010901
173415	0.004174482794
173416	0.001571700736
173417	0.002609646607
173418	0.001012528315
173419	0.001472090602
173420	0.0001491701944
173421	0.003015591685
173422	0.00415409979
173423	0.002200520712
173424	0.0009018095946
173425	0.001733300214
173426	0.002265754397
173427	0.001307137173
173428	0.001380969325
173429	0.001618475221
173430	0.002213484091
173431	0.002635899609
173432	0.001644057848
173433	0.0008446365092
173434	0.003719309933
173435	0.002353586198
173436	0.0007983508327
173437	0.0004441652788
173438	0.0001127282352
173439	0.002934561705
173440	0.003094579636
173441	0.005710884368
173442	0.001417391411
173443	0.004259558986
173444	2.640863458e-05
173445	0.0007384845011
173446	0.0003174686377
173447	0.005268252142
173448	0.001646441544
173449	0.0002478452272
173450	0.006044348313
173451	0.0005286059099
173452	0.00133198958
173453	0.001679671203
173454	7.340415786e-05
173455	0.001194622333
173456	2.919766112e-05
173457	0.001422574364
173458	0.002697709014
173459	0.0003505709352
173460	0.0009950047224
173461	0.001485092716
173462	0.0002859530545
173463	0.001781021566
173464	0.001618565226
173465	0.001744129829
173466	0.0009922058902
173467	0.002280353287
173468	0.0004718286581
173469	0.002428709623
173470	0.0002096399646
173471	0.002975986616
173472	0.006966208117
173473	0.001221045602
173474	0.001495848501
173475	0.004710477545
173476	0.000597804389
173477	0.001441144168
173478	0.004738692504
173479	0.004957896696
173480	0.0001728481067
173481	0.003497718121
173482	0.001563335007
173483	0.000301796445
173484	8.362050977e-05
173485	0.0002941797639
173486	0.000527118514
173487	0.001447148185
173488	0.0003914726945
173489	0.001255608094
173490	0.003410126243
173491	0.001566646518
173492	0.002556802634
173493	0.002045105079
173494	0.001497413714
173495	0.0002788328786
173496	0.0003661304133
173497	0.001947146127
173498	0.003851531314
173499	0.002371391265
173500	0.004997368155
173501	0.004360003637
173502	0.004716886014
173503	0.005427582986
173504	0.00489555776
173505	0.005356038143
173506	0.004758488977
173507	0.003060123292
173508	0.003811522843
173509	0.003087595062
173510	0.003032427289
173511	0.001556626847
173512	9.073344808e-05
173513	0.0007998494938
173514	0.001838756714
173515	0.0006120581278
173516	0.001664013082
173517	0.001105084951
173518	0.00177618045
173519	0.0009645563149
173520	0.0004448467941
173521	0.001322037516
173522	0.001438686142
173523	0.002231108899
173524	0.0001136695629
173525	0.00210473415
173526	0.0002262525893
173527	0.0002996262542
173528	0.0008461762828
173529	0.006821833651
173530	0.000130998661
173531	0.0009371924492
173532	0.0009881435868
173533	0.0001471861129
173534	0.0003948074701
173535	0.001177045571
173536	0.00117347594
173537	0.001306854682
173538	0.0001930695768
173539	0.002305351778
173540	0.0003260685215
173541	0.001652014738
173542	3.196467936e-05
173543	0.0004396554364
173544	2.781931064e-05
173545	0.0005440965019
173546	0.0002233411948
173547	5.027796347e-05
173548	0.00379381678
173549	0.001052029459
173550	0.0004061547601
173551	0.003028557354
173552	0.0007338185399
173553	5.188549639e-05
173554	0.001556114529
173555	0.001188486394
173556	0.003037764098
173557	0.002105879055
173558	0.004633127732
173559	0.001843178637
173560	0.000304810139
173561	0.002627981564
173562	0.0001414760743
173563	0.0007724638309
173564	0.0001289988807
173565	0.002844483636
173566	0.001493047412
173567	0.002211021179
173568	0.002624870821
173569	0.001366020555
173570	0.0009719127354
173571	0.0004382323535
173572	0.0001000730065
173573	0.001545581162
173574	7.385776824e-05
173575	0.0008559596408
173576	0.001364613023
173577	0.0006547420412
173578	0.002446151894
173579	0.00149143046
173580	0.0001337017803
173581	0.000543231325
173582	0.000450378442
173583	0.0004609461895
173584	0.000493243629
173585	0.0004866013387
173586	0.0006317746008
173587	0.002399867564
173588	0.0005835276045
173589	0.0001384145094
173590	0.001209111794
173591	0.003041955754
173592	6.201780085e-05
173593	0.0001239939015
173594	0.0008461989485
173595	0.001354667838
173596	0.00249140415
173597	0.001908299674
173598	0.0005038753661
173599	0.003167787112
173600	0.0008703417609
173601	0.002569301746
173602	0.001851902044
173603	0.000315335632
173604	0.001472982739
173605	0.001029929018
173606	0.001840640915
173607	0.0001076036715
173608	0.0004537642188
173609	0.0005836355275
173610	0.0004571541673
173611	4.960914861e-05
173612	0.002105269949
173613	0.001495178752
173614	0.0005497920319
173615	0.001420959657
173616	0.004638453878
173617	0.0003790997474
173618	0.002561871611
173619	0.000724450229
173620	0.004617637407
173621	0.001334481025
173622	0.0002208438501
173623	0.0001075669372
173624	0.001874294748
173625	0.0002528436499
173626	0.003347937989
173627	0.000766288138
173628	0.001043924205
173629	0.001536819265
173630	0.0008597677029
173631	0.0005715127697
173632	0.0003997137132
173633	8.36564245e-05
173634	0.003021629944
173635	0.002484290206
173636	0.006222860978
173637	0.001841343552
173638	0.006239589368
173639	0.005596716138
173640	0.001228897615
173641	0.0004615011327
173642	0.0004420068269
173643	0.0009256206991
173644	0.000646657864
173645	1.652322413e-05
173646	0.003344641083
173647	0.0005221804657
173648	0.0004777649928
173649	0.001326962086
173650	0.0001859001088
173651	0.0002287185703
173652	0.0002947933991
173653	0.001375319537
173654	3.90925431e-05
173655	0.0004894062896
173656	0.0006242285636
173657	0.0002270277389
173658	0.006181000245
173659	0.0007405159146
173660	0.001460198565
173661	0.0002146245741
173662	0.001786535991
173663	0.001128691759
173664	0.003177684548
173665	0.001641679524
173666	0.00314661119
173667	0.001059147715
173668	0.001414764918
173669	0.001673996041
173670	4.128415941e-05
173671	0.002274760619
173672	0.0002647521058
173673	0.0002121667243
173674	0.0002370316654
173675	0.000313724973
173676	0.003483960703
173677	0.0006214653147
173678	0.001842027025
173679	0.000915028118
173680	0.003617501021
173681	3.714530213e-05
173682	0.0003776949257
173683	0.000655804292
173684	0.004154862399
173685	0.002627533753
173686	0.0009514916906
173687	0.006706717131
173688	0.003561395738
173689	0.001980763545
173690	0.002358222138
173691	0.0009920684981
173692	0.000665533685
173693	0.0004853033962
173694	0.0003062667011
173695	0.001950777482
173696	0.002902282205
173697	0.0006176008022
173698	0.0004696724327
173699	0.0007115352542
173700	0.0006175731336
173701	0.0008270671801
173702	5.410962419e-05
173703	0.0001008968203
173704	0.0003884070764
173705	0.0004458196389
173706	0.0003500728978
173707	0.001435510943
173708	0.0005326840398
173709	0.0001764232407
173710	0.000929494087
173711	0.001680080062
173712	0.0006840777755
173713	0.0009335195842
173714	0.001915100604
173715	0.001273386806
173716	0.0003319238648
173717	0.0001683154111
173718	0.0001309371878
173719	0.00119534605
173720	0.001010334276
173721	0.000460522086
173722	0.0005637452528
173723	0.0005678274263
173724	0.0006951528002
173725	0.001037710345
173726	0.00137853375
173727	0.0001481900762
173728	0.003565073057
173729	0.002638633855
173730	0.001651236248
173731	0.001292127304
173732	0.000839577493
173733	0.0008561464484
173734	0.00177979099
173735	0.003917778007
173736	0.0005635980367
173737	0.001344405154
173738	0.003108941238
173739	0.0005421905361
173740	0.00241733407
173741	0.001154717473
173742	0.0005957178813
173743	5.011864855e-05
173744	0.001067274788
173745	0.001674161573
173746	0.0005293594612
173747	0.001276375524
173748	0.001892360285
173749	0.0007544978889
173750	0.000657857616
173751	0.001385467997
173752	0.000769819201
173753	0.004088917178
173754	0.0003623546876
173755	0.0006034652066
173756	0.0001008417084
173757	0.001125297679
173758	0.001581667591
173759	0.0006443432361
173760	0.002077284264
173761	0.0008096802212
173762	0.002119940408
173763	0.000458721642
173764	0.003310994791
173765	0.0005954277092
173766	0.0005386393199
173767	0.0006606715643
173768	0.0003544851276
173769	0.0006142517954
173770	0.0004484175557
173771	8.925576655e-05
173772	6.753920143e-05
173773	0.0008526556884
173774	0.0008347210622
173775	0.0002573873199
173776	0.0002735679196
173777	0.001554061786
173778	0.000752392553
173779	0.001361043739
173780	0.0008091284622
173781	0.001448932627
173782	0.0001596701958
173783	0.0005755761107
173784	0.001264709384
173785	0.002129595684
173786	0.004573840294
173787	0.001840020608
173788	0.0004316263193
173789	0.000281178129
173790	0.0005835339714
173791	0.001459972003
173792	0.002495923047
173793	0.0005867419515
173794	0.001013525944
173795	0.003984291702
173796	7.266879518e-05
173797	0.0009369411816
173798	0.001856349923
173799	0.003534545547
173800	0.001015542216
173801	0.0008278412846
173802	0.003043668064
173803	0.002342101281
173804	0.003354960698
173805	0.0007037602566
173806	0.001689845499
173807	0.001088920489
173808	0.002515962675
173809	0.0001278355207
173810	0.002621864022
173811	0.0004842519952
173812	0.002749752058
173813	0.000533805245
173814	0.0004307893522
173815	0.001321672732
173816	0.008092511533
173817	0.003014534527
173818	0.0008207051512
173819	0.008404899002
173820	0.008147963128
173821	0.001961398142
173822	0.0002427169303
173823	0.001733852608
173824	0.0005927678993
173825	0.002250437867
173826	0.0006992420341
173827	0.001108067693
173828	0.0003513771545
173829	0.0008142248885
173830	0.001476491025
173831	0.002515987545
173832	0.0002346023253
173833	0.001170919245
173834	0.001300963376
173835	0.001664077888
173836	0.00185590363
173837	0.003235415174
173838	0.006504722321
173839	0.002174966872
173840	0.001077637952
173841	0.001275126645
173842	0.002005768513
173843	0.000937513942
173844	0.0005829699864
173845	0.00471672463
173846	0.0005178830007
173847	0.003888474598
173848	0.000232984607
173849	0.0005795713732
173850	0.001386275143
173851	0.0003453175727
173852	0.0005347681677
173853	0.0008816998611
173854	0.002100711922
173855	0.002299876271
173856	0.0002849715017
173857	0.001120952252
173858	0.002207365895
173859	0.0008742934892
173860	0.0003959577639
173861	0.00493467277
173862	0.001521047485
173863	0.00510992305
173864	0.002819390544
173865	0.003569935345
173866	0.001319834144
173867	0.002032198142
173868	0.001223994591
173869	0.005484880335
173870	0.0004054184013
173871	0.001699572033
173872	4.526487579e-05
173873	0.001335952983
173874	0.001859161104
173875	0.004495391036
173876	0.0003340036147
173877	0.0003322239868
173878	0.0007750114331
173879	0.0002087469911
173880	0.001541126512
173881	0.0008350735628
173882	0.00206861485
173883	0.001626623492
173884	0.0002082463756
173885	0.003646750762
173886	0.001021729786
173887	0.00354244293
173888	0.002328286585
173889	0.002704543128
173890	0.002259857222
173891	0.001996591242
173892	0.002668324372
173893	0.0006016200717
173894	0.0006499430256
173895	0.0006270062948
173896	0.00450907037
173897	0.0009047347372
173898	0.0007731389742
173899	0.002560931516
173900	8.749552991e-05
173901	0.0006822198833
173902	0.001386225174
173903	0.002766140144
173904	8.62523874e-05
173905	0.0005121064036
173906	0.005396216011
173907	0.0007404288088
173908	0.0007671334416
173909	0.001047866255
173910	0.002157081484
173911	0.001764900835
173912	0.004178450221
173913	8.97801792e-05
173914	0.003364037388
173915	0.000653895717
173916	0.0006695054283
173917	0.001539117053
173918	0.0007582182223
173919	0.0006093489804
173920	0.002620630108
173921	0.0001924737245
173922	8.872029524e-05
173923	0.0001284274297
173924	0.0002456570784
173925	0.003274092187
173926	0.0002808268738
173927	0.001941764166
173928	0.006353832471
173929	0.001138874922
173930	7.876374515e-05
173931	0.0009908355182
173932	0.0002308108251
173933	0.003744394738
173934	0.001838774662
173935	0.002352109139
173936	0.005708214431
173937	0.001989037622
173938	0.001389058196
173939	0.0007435351683
173940	0.003462186726
173941	0.002270087525
173942	0.001098258766
173943	0.001883187619
173944	0.002946856894
173945	0.003987004778
173946	0.005338395607
173947	0.001743018292
173948	0.002656084488
173949	0.002117397742
173950	0.003100992039
173951	0.00102022429
173952	0.0003448742384
173953	0.0007178768954
173954	8.52973085e-05
173955	0.003233452399
173956	0.0003440551417
173957	0.003257391796
173958	0.0005023765137
173959	0.005682017212
173960	0.005163873703
173961	0.001198337463
173962	0.003398244241
173963	0.0001114625521
173964	0.001819825459
173965	0.008428867367
173966	3.689097476e-05
173967	0.0002964984719
173968	0.0001329840526
173969	0.004298090055
173970	0.0005131183606
173971	0.001305981798
173972	0.0008026435961
173973	0.004343582364
173974	0.004336308263
173975	0.003439477225
173976	0.002213459007
173977	0.001290912633
173978	0.004797984892
173979	0.001782973214
173980	0.0002925490925
173981	0.005074132756
173982	0.004405913943
173983	0.001334055576
173984	0.0006180202796
173985	0.003635561123
173986	0.001669655454
173987	0.002046028055
173988	0.00073166396
173989	0.005132115537
173990	0.0008650410785
173991	0.0002043552307
173992	0.002750626011
173993	0.003640773207
173994	0.003955384246
173995	0.002307294586
173996	0.0007846536079
173997	0.001613821193
173998	0.00313976481
173999	0.002448422049
174000	0.006758280298
174001	0.001502457191
174002	0.001940411373
174003	0.005274372227
174004	0.0002223556501
174005	0.0004176339409
174006	0.003970226859
174007	0.001634042193
174008	0.0006121989443
174009	0.002291825921
174010	0.001007160336
174011	0.00104618661
174012	0.0006118297125
174013	0.003423251302
174014	0.0006858877887
174015	0.002160155592
174016	0.0004337703322
174017	0.001835526865
174018	0.001400329095
174019	0.003816559632
174020	0.0004498432344
174021	0.001548598991
174022	0.002234702849
174023	0.002943607395
174024	0.001517758071
174025	0.001359709411
174026	0.001280258863
174027	0.002354187186
174028	0.0002415790638
174029	0.0003237392156
174030	0.0003061686628
174031	0.0007442656966
174032	0.001886733191
174033	0.000599635487
174034	0.002685131023
174035	0.001834271162
174036	0.0002418434598
174037	0.00146485817
174038	0.001688221654
174039	0.0001873368798
174040	0.003256032014
174041	0.00335042322
174042	0.0003588352012
174043	0.0007904435897
174044	0.001105144468
174045	0.0005595626165
174046	0.004455261844
174047	0.001727620279
174048	0.0003381993116
174049	0.0003246515362
174050	0.002294958611
174051	0.0004359120114
174052	0.0016853773
174053	0.002745497561
174054	0.004687486578
174055	0.001090922308
174056	0.0002022350184
174057	0.0008545073127
174058	0.008819805234
174059	0.0005744353906
174060	0.0003276618633
174061	0.0005591595378
174062	0.002038936152
174063	0.001548523762
174064	0.001051145745
174065	0.001375396674
174066	0.0004604184729
174067	0.006725494236
174068	0.0003611390313
174069	1.177714831e-05
174070	0.0006336130013
174071	0.00183910547
174072	0.002239277957
174073	0.004660209121
174074	0.0005282401259
174075	0.0001972025935
174076	0.0004068883786
174077	0.0012143298
174078	0.0007680236799
174079	0.0005793870357
174080	0.0003902475251
174081	6.570002314e-05
174082	2.985137253e-05
174083	0.002653583614
174084	0.0003955670839
174085	0.000347792894
174086	0.001432236052
174087	0.0002036831714
174088	0.002449329163
174089	0.0001369971017
174090	0.000448225694
174091	0.0009402876873
174092	0.0003703732458
174093	2.488461351e-05
174094	0.001474791101
174095	0.0003359589597
174096	0.002697502034
174097	8.722538884e-05
174098	0.003238733549
174099	7.97512418e-05
174100	0.0002994765658
174101	0.005436778661
174102	0.004197699785
174103	0.002797132993
174104	0.0003452128929
174105	0.001377561111
174106	0.001958220171
174107	0.001391046182
174108	0.00221655196
174109	0.0003786571502
174110	0.003568613312
174111	0.00153538731
174112	0.000197622613
174113	0.002575091778
174114	0.004541701822
174115	0.0002910077614
174116	0.001642898784
174117	0.003584552551
174118	0.0002397878936
174119	0.002104172756
174120	0.0001916285652
174121	0.0001588849797
174122	0.001404662744
174123	0.001975385375
174124	6.796720567e-05
174125	0.0002031745054
174126	0.003053738545
174127	0.002528814924
174128	0.001246831537
174129	0.0004051837899
174130	0.0001483564409
174131	0.0008808265855
174132	0.003612053302
174133	0.0001243270738
174134	0.004163949372
174135	0.0007914942773
174136	0.0009599247554
174137	0.001255441632
174138	0.0004443659587
174139	0.003048673825
174140	0.001132173826
174141	0.00149398729
174142	0.000638032311
174143	0.00293845748
174144	0.0003499558497
174145	0.0001178895961
174146	0.0003695637638
174147	0.0004191455943
174148	0.001257980711
174149	0.0005013444258
174150	0.0009734806938
174151	0.0004808043199
174152	0.001285325856
174153	0.0001121648591
174154	0.0005103049516
174155	0.002474632881
174156	0.0002171804762
174157	0.0006761346274
174158	7.678643274e-05
174159	0.001003431157
174160	0.004231589829
174161	0.0004502053159
174162	0.001104847325
174163	0.001664926104
174164	0.0001211237256
174165	7.311811886e-05
174166	0.0003680457366
174167	0.009151617831
174168	0.002457855932
174169	0.0004152258833
174170	6.552016335e-05
174171	0.006281992082
174172	0.003927611859
174173	0.004822517833
174174	0.0005033928216
174175	0.003034579063
174176	0.001030401903
174177	0.004652104791
174178	6.228490928e-05
174179	0.003621778052
174180	0.0002528312326
174181	0.001162802365
174182	0.000712937611
174183	0.0008676283656
174184	0.006667647032
174185	0.0002343811843
174186	0.002902604673
174187	0.001165679319
174188	0.0007234020259
174189	0.0001522979752
174190	0.000698322996
174191	0.003452294901
174192	0.0004200665361
174193	0.000452385008
174194	0.0001922361261
174195	0.003319163278
174196	0.001652545536
174197	0.001854468657
174198	0.002261167917
174199	0.002404109228
174200	0.001118530763
174201	0.005840818841
174202	0.002596075693
174203	0.005242942649
174204	0.004678746994
174205	0.001222143949
174206	0.002715680756
174207	0.00701140273
174208	0.0002920673457
174209	0.0001818036149
174210	8.043804138e-05
174211	0.000190656904
174212	0.002421499393
174213	0.0005656028352
174214	0.003238478244
174215	0.0002057192005
174216	0.003596218017
174217	0.00176967751
174218	0.002621564799
174219	0.004450458843
174220	0.004351529943
174221	0.002133966999
174222	0.0006959903724
174223	0.002280930772
174224	0.0016540122
174225	0.001647339141
174226	0.002148222224
174227	0.000314277626
174228	0.003953361182
174229	0.003257372552
174230	0.0006513929063
174231	0.001417770142
174232	4.586306023e-05
174233	0.002927098109
174234	0.0009246592496
174235	0.0003099830038
174236	0.0001497869693
174237	0.00371016119
174238	0.0006645050712
174239	0.001984477068
174240	0.0037862645
174241	0.001217854323
174242	0.001738900962
174243	0.0004725328926
174244	0.0005524276993
174245	0.001349405751
174246	0.004237173102
174247	3.578003934e-06
174248	0.004872706835
174249	0.0006259239453
174250	0.0005887190313
174251	0.0001471254564
174252	0.0004189267295
174253	0.0001468029
174254	0.00375333296
174255	0.001128412186
174256	0.0001424348504
174257	0.00421565243
174258	0.003510882434
174259	0.0003490189742
174260	0.004434811866
174261	0.002990896612
174262	0.0005257653197
174263	0.004257708023
174264	0.004088492346
174265	0.001588964107
174266	0.01014635184
174267	0.001341193523
174268	0.005480060594
174269	0.001968070612
174270	0.001673061786
174271	0.00451143628
174272	1.480012643e-05
174273	0.004563632044
174274	3.154280625e-05
174275	0.003947323424
174276	0.001257352906
174277	0.003945715703
174278	0.004777261239
174279	0.0005055762458
174280	2.971814829e-05
174281	0.003631660747
174282	0.002060216912
174283	0.0006071829024
174284	0.0009136665278
174285	0.0009799570941
174286	0.0006511113218
174287	0.0006429708988
174288	0.003942350165
174289	0.003616109826
174290	9.880654174e-05
174291	0.001300914172
174292	0.009720384589
174293	0.00362913378
174294	0.001170985757
174295	0.0008956116505
174296	0.003990271895
174297	0.004876658006
174298	0.001061253062
174299	5.240957905e-05
174300	0.003001555835
174301	0.0009688696964
174302	0.004323754481
174303	0.001102202085
174304	0.001988647861
174305	0.00398622164
174306	0.004095637411
174307	0.003424005041
174308	0.001462621499
174309	0.0003779113058
174310	0.003363509176
174311	0.001094430572
174312	0.0002309813319
174313	0.003924060434
174314	0.003625935346
174315	0.00331437806
174316	0.002938245102
174317	0.0002363655567
174318	0.0007631421961
174319	0.0002441663023
174320	9.068589972e-05
174321	0.004834284152
174322	0.00438367593
174323	0.0002105950881
174324	0.001963409625
174325	0.002318367585
174326	0.0003405043599
174327	0.0006537882626
174328	0.000475896409
174329	0.0006895477116
174330	0.001887501214
174331	0.001727270843
174332	0
174333	0.003397445031
174334	0.001040472933
174335	0.002663030208
174336	0.002757492678
174337	0.001255712812
174338	0.0008642583163
174339	0.007088290818
174340	0.0009235918161
174341	0.001256771075
174342	0.001197055351
174343	0.0004262006222
174344	0.003351831002
174345	0.0007722326036
174346	0.005284456736
174347	0.0021094769
174348	0.002699004236
174349	0.0006018356429
174350	0.001739656198
174351	0.009862764065
174352	0.004149674237
174353	0.001931226254
174354	0.002031970611
174355	0.001813959719
174356	0.005369741097
174357	0.0003096098769
174358	0.0003273464644
174359	0.0004309682994
174360	0.001028493842
174361	0.0003151970031
174362	0.003905484235
174363	0.001539865164
174364	0.0005779800857
174365	0.001529448472
174366	0.0007933615964
174367	0.005102727894
174368	0.004692571777
174369	0.003872882363
174370	0.003306836654
174371	0.001038692031
174372	0.002110099736
174373	0.001264666328
174374	0.001670835236
174375	0.00218265699
174376	0.0008180852382
174377	0.0008151262081
174378	0.005168153646
174379	0.000923253046
174380	0.004465036996
174381	0.003236843198
174382	0.001561019273
174383	0.002156684758
174384	0.004260116892
174385	0.001985299325
174386	0.0001725942597
174387	0.001611565474
174388	0.001187428147
174389	0.000599584203
174390	0.0006747238622
174391	0.0007033604271
174392	0.0009909244859
174393	0.001486992846
174394	3.913399984e-05
174395	0.0009115388705
174396	0.0005026032394
174397	0.0008053506467
174398	3.07004617e-08
174399	0.0006387862435
174400	0.005967619106
174401	0.004800401051
174402	0.002837190696
174403	0.002048985294
174404	0.001545977227
174405	0.0009462686375
174406	0.0001751605194
174407	0.002062525469
174408	0.002584868001
174409	0.001154846136
174410	0.001633535882
174411	0.001003821672
174412	0.001601612586
174413	0.0007808791983
174414	0.001549406619
174415	0.00306788891
174416	0.006115391178
174417	0.005019443943
174418	6.79100222e-05
174419	0.001068568184
174420	0.0001852126923
174421	0.0002608737915
174422	0.0039303085
174423	0.0009026845813
174424	0.00195827239
174425	0.0007153364858
174426	0.004370491018
174427	0.001805442989
174428	0.0004021630874
174429	0.003683407898
174430	0.001863553958
174431	0.0004984389328
174432	0.004013809406
174433	0.002771284683
174434	0.0009353657133
174435	7.759841176e-05
174436	0.00154532926
174437	0.001857375758
174438	0.002920984323
174439	0.002354931597
174440	0.002014184879
174441	0.002658057799
174442	0.0009777383864
174443	0.002515171181
174444	0.001806657384
174445	0.000930655293
174446	0.002868440622
174447	0.001716875854
174448	8.408106362e-06
174449	0.002015552707
174450	0.001997767322
174451	0.001850141387
174452	0.001299637724
174453	0.001712448774
174454	0.002257880685
174455	0.001563230102
174456	0.0002457436369
174457	0.0002651901914
174458	0.000687964427
174459	0.004088910153
174460	0.0004521693758
174461	0.002564193325
174462	0.0004552176189
174463	0.003683890042
174464	0.0003947797283
174465	0.003688500375
174466	0.002492051931
174467	0.002144893529
174468	0.007754971322
174469	0.00327769048
174470	0.001005372718
174471	0.00344250545
174472	0.005440388104
174473	0.001748271179
174474	0.000998529595
174475	0.003251777529
174476	0.0006640420631
174477	0.0009911633157
174478	0.001961920199
174479	0.001749654342
174480	0.002782402998
174481	0.000158954126
174482	0.0003671303371
174483	0.0004280658376
174484	0.003205467977
174485	0.001907757564
174486	0.0006870793423
174487	0.003539503589
174488	0.0009196493271
174489	5.756677242e-05
174490	0.0002471531478
174491	0.0001110377307
174492	0.003335277405
174493	0.0003144950979
174494	6.379148668e-05
174495	0.002351433405
174496	0.003430548338
174497	0.0001804034173
174498	0.001436543129
174499	0.002171529581
174500	0.0001785290864
174501	0.0005062019107
174502	0.003675208133
174503	0.0005759546115
174504	0.005114491593
174505	0.0002342883747
174506	0.0009149283422
174507	0.0005732018566
174508	0.001687794019
174509	0.0008302853539
174510	0.0009102960167
174511	0.0008635738161
174512	0.002733244533
174513	0.004438950254
174514	9.826334619e-05
174515	0.0004736632274
174516	0.00109274313
174517	0.001568838265
174518	0.004779115927
174519	0.001501709249
174520	0.001769018868
174521	0.0003026916117
174522	0.0006093996142
174523	0.002294802013
174524	0.001217321142
174525	0.0002259363918
174526	0.0009657079033
174527	0.0027978154
174528	0.001590189491
174529	0.002795669767
174530	0.0008944030896
174531	0.003762226092
174532	0.001019668717
174533	0.002080197712
174534	0.002647572629
174535	0.003360267411
174536	0.0001486578216
174537	0.001120328838
174538	0.002863485747
174539	0.001373415474
174540	0.001093799212
174541	0.001839190151
174542	0.002160088175
174543	0.001855596764
174544	0.003490836167
174545	0.0003188376631
174546	0.002326262762
174547	0.0004498241565
174548	0.002048845945
174549	0.0005617215694
174550	0.004810550217
174551	0.00368767438
174552	6.458190648e-05
174553	0.001664288473
174554	0.003630696815
174555	0.002305567755
174556	0.003816982685
174557	0.0005954475515
174558	0.001570656965
174559	0.002081591235
174560	0.002192255362
174561	0.002894590626
174562	0.002656850921
174563	0.005302668423
174564	0.001646708832
174565	0.005225555338
174566	0.005410664229
174567	0.002252095711
174568	0.0006780095982
174569	0.0006346460039
174570	0.002112827158
174571	0.001355913902
174572	0.0016129106
174573	0.0002091111792
174574	0.003491216336
174575	0.001513699058
174576	0.002721089874
174577	0.001376113425
174578	0.003572358899
174579	0.0003082683631
174580	0.005170438438
174581	0.001698055681
174582	0.002159776811
174583	0.003817802491
174584	0.0003751524371
174585	0.0007208661751
174586	0.001010828881
174587	0.0001034501046
174588	0.00239658988
174589	0.005266955409
174590	0.001431016624
174591	0.002508930825
174592	0.002200160106
174593	0.000491472529
174594	0.00314931595
174595	0.006213072183
174596	0.0001364569911
174597	0.0002092806894
174598	0.0004655292798
174599	0.0001223743587
174600	0.0003061443665
174601	0.004403000508
174602	0.0004718340012
174603	0.00155486762
174604	0.0005053722083
174605	0.007942900143
174606	0.001706858028
174607	0.000270636672
174608	0.0004430268316
174609	0.0004486053844
174610	0.0003638550908
174611	0.001647711211
174612	0.004723461014
174613	0.002508215085
174614	0.0002025324676
174615	0.005689892987
174616	0.0003915934612
174617	0.001374576597
174618	0.001670822047
174619	0.0005913924407
174620	0.0007757261405
174621	0.0006901825839
174622	0.00210682664
174623	1.399196802e-08
174624	0.0001466251004
174625	0.001237148123
174626	0.0006624610156
174627	0.0008238509231
174628	0
174629	0.000161242653
174630	0.003800127468
174631	0.00108321677
174632	0.0007840137561
174633	0.001670810534
174634	0.001110127541
174635	0.002678109219
174636	0.0002455974223
174637	0.0005827033971
174638	0.004145441651
174639	0.0003803728737
174640	0.0009029498902
174641	0.0009763319274
174642	0.00291881098
174643	0.002635879455
174644	0.004365841053
174645	0.002358485061
174646	0.0005064659774
174647	0.004968605184
174648	0.007294932306
174649	0.0008335147771
174650	0.004283735692
174651	0.007313017488
174652	0.003857807145
174653	0.005392795115
174654	0.0004077164807
174655	0.0007797589195
174656	0.0006228013933
174657	0.001852460347
174658	0.0004665216164
174659	0.003663545955
174660	0.004875956048
174661	0.001221330428
174662	0.00370557315
174663	0.001068155644
174664	0.00392373534
174665	0.006450388565
174666	0.001295740398
174667	0.002155433214
174668	0.002240007738
174669	0.0008141065182
174670	0.001100645176
174671	0.0005409501081
174672	0.005074546651
174673	0.007046178626
174674	0.003024206216
174675	0.005313989683
174676	0.003865671808
174677	0.0008630420266
174678	0.0004753057375
174679	0.0003386138866
174680	0.001467439579
174681	0.001188418825
174682	0.0003189383007
174683	0.0009551321731
174684	0.0005294623177
174685	0.001266886317
174686	0.0007996236987
174687	0.0001702055035
174688	0.004486313494
174689	8.152776335e-05
174690	0.001793118721
174691	0.003116735249
174692	0.002109598511
174693	0.002653616369
174694	0.0004884069363
174695	0.002762587684
174696	0.004939126809
174697	0.005096136296
174698	0.003666124175
174699	0.0004106986685
174700	2.645075258e-05
174701	0.000146118368
174702	0.001223893424
174703	0.0009286565082
174704	0.0005140599376
174705	0.002269903661
174706	0.001093349184
174707	0.0005882428923
174708	0.0006344584531
174709	0.0005987983565
174710	0.0006487297755
174711	0.0003515099169
174712	0.000113562238
174713	0.0009323095129
174714	0.0002213279269
174715	0.00300036413
174716	0.0001591036996
174717	0.0003600371362
174718	0.0002571463414
174719	0.002492583516
174720	0.0009314789463
174721	0.001596443826
174722	0.001161149299
174723	0.0001735122974
174724	0.0004765556937
174725	0.00150855289
174726	0.001665505874
174727	0.0008728903228
174728	0.0002786076656
174729	0.0004951189687
174730	4.590413173e-05
174731	0.004298845538
174732	0.0002817982901
174733	0.0001549616466
174734	0.0002328952171
174735	1.854065111e-05
174736	7.557563383e-05
174737	0.0002872499371
174738	5.590616367e-06
174739	0.0001572814759
174740	0.0005282929731
174741	0.0004974444168
174742	0.0005456948853
174743	0.0007140161362
174744	0.00100404145
174745	0.0007919328996
174746	0.002495383941
174747	0.0006113767009
174748	0.0006964652326
174749	0.0005820153669
174750	0.00082912335
174751	0.0004555158127
174752	0.0001745617255
174753	0.0003634664695
174754	0.0006077754208
174755	0.0003904266068
174756	0.0008918542513
174757	0.0009908990334
174758	0.001578012941
174759	0.003891516349
174760	0.001017762295
174761	0.001109912558
174762	0.003814196086
174763	0.00171584018
174764	0.00598888107
174765	0.0001686187928
174766	0.002413760745
174767	0.002181404952
174768	8.30579527e-05
174769	1.054205979e-05
174770	0.000308735734
174771	0.005057903615
174772	0.0005051071367
174773	0.0001905986579
174774	0.001575331397
174775	0.001133296646
174776	0.000688120785
174777	0.0005912634413
174778	0.0003116370303
174779	0.001275284344
174780	0.001848431138
174781	0.0001092211609
174782	0.0001729980844
174783	0.00209714703
174784	0.002130360467
174785	0.001049514239
174786	0.0002270727897
174787	0.0004203344808
174788	0.0004227239141
174789	0.00298050415
174790	0.005164245191
174791	0.002111532772
174792	0.002057848236
174793	0.00185074228
174794	0.001710305783
174795	0.002019019208
174796	0.001945004332
174797	0.001144120469
174798	0.001560288122
174799	0.001846167459
174800	0.004175114858
174801	0.003328631929
174802	0.002647705984
174803	0.003044206098
174804	0.004274418472
174805	0.003560527263
174806	0.002473936134
174807	0.002160415673
174808	0.001805581129
174809	0.001749983754
174810	0.001097542433
174811	0.002389039897
174812	0.003007804545
174813	0.002563979888
174814	0.002500601003
174815	0.004908971022
174816	0.0009607248725
174817	0.003518923033
174818	0.004006321421
174819	0.001438360222
174820	0.0009525527791
174821	0.001202443746
174822	0.0001365180568
174823	0.001287947055
174824	0.0008192507911
174825	0.0004112478235
174826	0.00081928434
174827	0.0020121483
174828	0.0004878526107
174829	0.003430468697
174830	0.004952602423
174831	0.002171931081
174832	0.004230248465
174833	0.0003422056299
174834	0.001294155625
174835	0.0002501227382
174836	0.0002726584121
174837	0.002729862369
174838	0.001437779118
174839	0.002863452008
174840	0.0002601075786
174841	0.0004605480693
174842	0.0004846832885
174843	0.00334470532
174844	0.002610828125
174845	0.001078590013
174846	0.0003012796808
174847	0.002001866929
174848	0.0005732046628
174849	0.0006201507641
174850	0.002115196281
174851	0.0002463210641
174852	0.001577091933
174853	0.001115324134
174854	0.00242505575
174855	0.0003922115159
174856	0.0003167025019
174857	0.003780527634
174858	0.002198916458
174859	0.004672104888
174860	0.0004748272109
174861	0.0004712719446
174862	0.003507907174
174863	0.003482470169
174864	0.003236537003
174865	0.001017600789
174866	0.002359483267
174867	0.004163426359
174868	0.004358839321
174869	0.002729594864
174870	0.0001242205588
174871	0.002484441044
174872	0
174873	7.060853484e-05
174874	0.002146869039
174875	0.002237878323
174876	0.001356237669
174877	0.002478298004
174878	0.001843352756
174879	0.00349597196
174880	0.002660780784
174881	0.0005348646862
174882	0.0001842478667
174883	0.001238879101
174884	0.0004984278673
174885	0.0004936124653
174886	0.000225969186
174887	0.002058547866
174888	0.0006947552216
174889	0.0008223006937
174890	1.543007974e-05
174891	0.00036594964
174892	0.0005150751447
174893	8.542507683e-05
174894	0.0001896544936
174895	0.0009429413831
174896	0.0002498288853
174897	3.357517324e-05
174898	1.76296766e-05
174899	0.0002017398211
174900	0.0001202957234
174901	1.385901177e-05
174902	0.0009987013373
174903	6.882138202e-05
174904	0.000476240006
174905	9.865422076e-05
174906	6.541182535e-05
174907	0.0007168792318
174908	0.0007245799286
174909	1.203209912e-05
174910	0.0001439121658
174911	1.602879858e-05
174912	5.401540991e-05
174913	0.0004367221179
174914	0.0002582873629
174915	0.000449584441
174916	8.503748775e-05
174917	0.0002877857363
174918	0.0002223100128
174919	0.0009794157329
174920	0.0007560939504
174921	0.00097947251
174922	0.001331690247
174923	0.0009745664386
174924	0.001614522171
174925	0.0009797794202
174926	0.001105671781
174927	0.000979736407
174928	0.0009794588869
174929	0.0009801428399
174930	0.00170170364
174931	0.001025190065
174932	0.0009793088576
174933	0.0009793559266
174934	0.001522650328
174935	0.001241119786
174936	0.001168346589
174937	0.0009799253886
174938	0.0009798353815
174939	0.000979957184
174940	0.0009798421497
174941	0.0009799037058
174942	0.001171981498
174943	0.001475496634
174944	0.0006726991977
174945	1.487565117e-05
174946	0.0009797222986
174947	0.001211772859
174948	0.0009792589776
174949	0.001745668881
174950	0.0003179449143
174951	0.001407703931
174952	0.001096587511
174953	0.0007743284227
174954	0.001360007218
174955	0.001460058126
174956	0.001165552523
174957	0.001175477379
174958	0.001451767204
174959	0.0005824512712
174960	0.001044636629
174961	0.001585577406
174962	0.0007269258249
174963	0.002329497134
174964	0.001406035138
174965	0.0005690308468
174966	0.001000196966
174967	0.0010929383
174968	0.0009631428584
174969	0.0001169170084
174970	0.001201632605
174971	0.002009260221
174972	0.0004083048813
174973	0.0013976513
174974	0.003213726975
174975	0.0006926917391
174976	0.0008534650419
174977	0.0006755711873
174978	0.0009795112586
174979	0.0009800489248
174980	0.001401885769
174981	0.0003104396118
174982	0.0008022131929
174983	0.0007048189445
174984	0.0005547453101
174985	0.001382151401
174986	0.0007661381228
174987	0.001214688615
174988	0.001245615154
174989	0.001356173532
174990	0.000700673701
174991	0.0005771225335
174992	0.001666851688
174993	0.001746791025
174994	0.001218035516
174995	0.001140042696
174996	0.0003700635225
174997	0.0009752010001
174998	0.001661104826
174999	0.0009862356308
175000	0.000998441802
175001	0.001105169213
175002	0.0005211285999
175003	0.0009560053651
175004	0.00142855903
175005	0.00097783765
175006	0.0009272336482
175007	0.00143181737
175008	0.00132348525
175009	0.001973553067
175010	0.00159224648
175011	0.001645231698
175012	0.001376764504
175013	0.001718536319
175014	0.001949806744
175015	0.001141481046
175016	0.001444111709
175017	0.001675385243
175018	0.001509992688
175019	0.001111056706
175020	0.001851388287
175021	0.001235129047
175022	0.001065273899
175023	0.001872828519
175024	0.001140730749
175025	0.001476696492
175026	0.00137209137
175027	0.001468111965
175028	0.001915691421
175029	0.00138080526
175030	0.001762750522
175031	0.00138617659
175032	0.001686312328
175033	0.002096080736
175034	0.001118852001
175035	0.001455418647
175036	0.001195155723
175037	0.001052933802
175038	0.001111986086
175039	0.0005344913667
175040	0.001503898643
175041	0.000999856303
175042	0.001157817647
175043	0.001442764171
175044	0.001295045241
175045	0.001324123175
175046	0.001346925478
175047	0.001317594114
175048	0.001143442438
175049	0.001040872003
175050	0.001426761816
175051	0.0006780424637
175052	0.0009771744923
175053	0.001402875252
175054	0.001041224427
175055	0.001852164739
175056	0.0005107177269
175057	0.001224008655
175058	0.001287967905
175059	0.001323119529
175060	0.001690806263
175061	0.0008457881805
175062	0.0009281563181
175063	0.00136154614
175064	0.0008182835775
175065	0.001419661335
175066	0.0013472835
175067	0.00131378797
175068	0.000611272205
175069	0.001229265736
175070	0.001012109083
175071	0.001345091618
175072	0.001110855219
175073	0.001101744097
175074	0.000751994245
175075	0.0004028713951
175076	0.001596004845
175077	0.001266555408
175078	0.001496257698
175079	0.001011607685
175080	0.001105199234
175081	0.001541939147
175082	0.0009908503028
175083	0.001119945486
175084	0.0008840818406
175085	0.001425193054
175086	0.0006246903249
175087	0.001476428104
175088	0.0007518120676
175089	0.001244498085
175090	0.002617584035
175091	0.001645461917
175092	0.001191860645
175093	0.001539755041
175094	0.001484760385
175095	0.001242766516
175096	0.0003757777657
175097	0.00135387937
175098	0.001277266452
175099	0.001060450506
175100	0.001209972853
175101	0.001299257831
175102	0.001510141557
175103	0.0007643824087
175104	0.0009783478293
175105	0.001653222161
175106	0.001541029529
175107	0.0009149173016
175108	0.0009917727219
175109	0.0007578220482
175110	0.001584996962
175111	0.001591511391
175112	0.0006319058286
175113	0.0009404266592
175114	0.005298041371
175115	0.001761987627
175116	0.001522311257
175117	0.001629069641
175118	0.00102949478
175119	0.0009368041897
175120	0.00104131739
175121	0.0009869390005
175122	0.001544952703
175123	0.001286485161
175124	0.0008319817367
175125	0.0007562749701
175126	0.0009235269329
175127	0.001116753333
175128	0.001123376497
175129	0.001823164316
175130	0.001223748039
175131	0.001925020848
175132	0.001091661347
175133	0.001294871857
175134	0.003845670152
175135	0.001191351703
175136	0.001283624751
175137	0.001088929222
175138	0.001109557871
175139	0.001691497958
175140	0.001200022501
175141	0.001418920745
175142	0.0008323132955
175143	0.001351963315
175144	0.001971053369
175145	0.001469588647
175146	0.001028084295
175147	0.001631991617
175148	0.001708565472
175149	0.0008166855649
175150	0.001526776461
175151	0.001697216626
175152	0.0008993097364
175153	0.001269499986
175154	0.001204158526
175155	0.001340954344
175156	0.0006245536442
175157	0.0009277640054
175158	0.001127020188
175159	0.001638807731
175160	0.001613893971
175161	0.001211652479
175162	0.001578372176
175163	0.001144621519
175164	0.001444321518
175165	0.0006705113725
175166	0.0007440703214
175167	0.000644159883
175168	0.0009201206226
175169	0.001545377381
175170	0.00153276513
175171	0.002825903055
175172	0.001429691462
175173	0.001222735945
175174	0.001157498808
175175	0.001513423118
175176	0.0008653082405
175177	0.001098547415
175178	0.0003641022151
175179	0.0007472925375
175180	0.00138204419
175181	0.0007702084271
175182	0.001410295384
175183	0.0006791018928
175184	0.0009934938597
175185	0.001294998185
175186	0.0009841650719
175187	0.0009464597927
175188	0.0001441750076
175189	0.0004261582191
175190	0.001372834979
175191	0.0007932114244
175192	0.001195261118
175193	0.00111698521
175194	0.0009082301099
175195	0.00159415733
175196	0.001219938061
175197	0.001340103941
175198	0.001050124038
175199	0.001147527338
175200	0.001420802992
175201	0.001105606552
175202	0.001065915232
175203	0.001211961739
175204	0.0007241735993
175205	0.001506803354
175206	0.005490431394
175207	0.005864358773
175208	0.002679156537
175209	0.001094892581
175210	0.0004147563713
175211	0.007235859888
175212	0.0001569729169
175213	0.001615742207
175214	0.002481645344
175215	0.0004087261022
175216	0.0020616547
175217	0.003033177655
175218	0.0005431786914
175219	0.002144679797
175220	0.003123852025
175221	0.001341581821
175222	0.003050094105
175223	0.001746835388
175224	0.000757284039
175225	0.001110856215
175226	0.002781479542
175227	0.0006979566407
175228	0.004829829266
175229	0.00095040037
175230	0.001282004174
175231	0.001767318544
175232	0.00596228769
175233	0.0003382486184
175234	0.001466577966
175235	0.001416115269
175236	0.002678748381
175237	0.0006170584157
175238	0.0005302151242
175239	0.002382888065
175240	0.0007427295791
175241	0.0003724552803
175242	0.002190476103
175243	0.0001104315913
175244	0.0003706679432
175245	0.003871261971
175246	0.00211474879
175247	0.000189469677
175248	0.005762958339
175249	0.006665817266
175250	0.0007362872435
175251	0.01111580236
175252	0.007306860606
175253	0.0004679513039
175254	0.002704802415
175255	1.00100526e-05
175256	0.002851707131
175257	0.002390534497
175258	0.0007164185301
175259	0.001267607105
175260	0.001477439206
175261	0.003494244658
175262	0.005832827815
175263	0.003017261384
175264	0.001024364352
175265	0.002059115429
175266	0.001745881318
175267	0.001290927073
175268	0.0002599138495
175269	0.001604884667
175270	0.004761492852
175271	0.003568350268
175272	0.0008661329886
175273	0.003125210759
175274	0.002796295584
175275	0.0003744477337
175276	0.0004167327427
175277	0.0008771538984
175278	0.0007793565426
175279	0.007788253556
175280	0.002047292529
175281	0.002891037791
175282	0.003845753775
175283	0.00303618215
175284	0.001301374289
175285	0.003681350198
175286	0.002979291714
175287	0.0004267598924
175288	0.002867052931
175289	0.0002192644517
175290	0.001442938064
175291	0.001692990026
175292	0.001009044646
175293	0.0008039838167
175294	0.002769865923
175295	0.003035221832
175296	0.002985564337
175297	0.002118679363
175298	0.004060742111
175299	0.0008646993271
175300	0.002402911795
175301	0.001584605424
175302	0.001792316956
175303	0.001115598498
175304	0.006542174416
175305	0.0002845602341
175306	0.0002966361732
175307	0.003821271901
175308	0.001897173346
175309	0.00036639141
175310	0.0001383768252
175311	0.001755070921
175312	0.0002782836925
175313	0.0004163095939
175314	0.001593217937
175315	0.0009247257952
175316	0.002900371924
175317	0.002795566995
175318	0.003363209403
175319	0.0005720755355
175320	0.001762056517
175321	0.003315025969
175322	0.002977574849
175323	0.0006628333974
175324	0.0006811817641
175325	0.0005969701406
175326	0.00063191349
175327	0.001154534538
175328	0.0003545903958
175329	0.001094733924
175330	0.0001128366309
175331	0.0007039077576
175332	0.0007922389387
175333	0.0006861794341
175334	0.0002273441903
175335	0.0002873445249
175336	0.0003796946654
175337	0.0004458361368
175338	0.0003266091195
175339	0.0009807073729
175340	0.0007170243471
175341	0.0006245831762
175342	0.0004855032176
175343	0.0006228588776
175344	0.0003262397469
175345	0.0002003507188
175346	0.0009509578342
175347	3.307170514e-05
175348	0.0003157023177
175349	0.0007047937366
175350	0.0003350286365
175351	0.0008519005997
175352	0.0007570067384
175353	0.0007717733524
175354	0.0004727307849
175355	0.0007295619258
175356	9.624229879e-05
175357	0.0005846032928
175358	0.0003546776219
175359	0.0005603159314
175360	0.0006456407277
175361	7.165910876e-05
175362	0.0002615991981
175363	0.0001569501458
175364	0.0001382934788
175365	0.0001572967447
175366	2.523001277e-05
175367	2.658469584e-05
175368	0.0001227190246
175369	0.0005279803663
175370	0.0009283117498
175371	0.0002281466727
175372	0.0005502758969
175373	0.0002634377508
175374	9.896839315e-05
175375	0.0001864245544
175376	8.238011908e-05
175377	3.751913322e-05
175378	0.0004366939223
175379	0.0001688620309
175380	0.0005409901016
175381	0.0005138566129
175382	6.077246874e-05
175383	0.0004864796236
175384	0.000463738942
175385	0.0002234503105
175386	0.0004015137078
175387	0.0002002812877
175388	0.000238607263
175389	0.0001120069631
175390	2.155074129e-05
175391	0.0001714224992
175392	0.0001683117575
175393	7.573096837e-06
175394	0.0008882495953
175395	0.0002307533275
175396	0.000589655798
175397	0.002728045212
175398	0.0005275457004
175399	0.002005660683
175400	0.001436761688
175401	0.002421172387
175402	0.001717910643
175403	0.002335382059
175404	0.00372587118
175405	0.002580126253
175406	0.002411447047
175407	0.002643568429
175408	0.002563054703
175409	0.003311161139
175410	0.00305589905
175411	0.003246782224
175412	0.003553065764
175413	0.002511550974
175414	0.002526372439
175415	0.002531419343
175416	0.002834098995
175417	0.003594538919
175418	0.002696472399
175419	0.003014302267
175420	0.0003322373439
175421	0.001451430617
175422	0.002824008414
175423	0.003226745211
175424	0.002503256134
175425	0.001774450772
175426	0.003294149354
175427	0.002920345937
175428	6.797359718e-05
175429	0.002371070727
175430	0.002210947343
175431	0.001997605874
175432	0.002817424792
175433	0.003004964816
175434	0.004781488061
175435	0.00264472945
175436	0.001678089482
175437	0.002590485121
175438	0.002363173917
175439	0.002483488308
175440	0.002398269771
175441	0.0015291941
175442	0.00229899747
175443	0.002827957837
175444	0.002210178232
175445	0.001069411757
175446	0.00360267805
175447	0.0003561114218
175448	0.002919997555
175449	0.002638113391
175450	0.0001225876067
175451	8.833568e-05
175452	0.0007461279843
175453	0.001471903834
175454	0.0009807008126
175455	0.0002189998876
175456	0.001005942334
175457	0.0003355843876
175458	0.001266805784
175459	0.0001052546886
175460	0.001394497345
175461	0.0002374887783
175462	0.0001781135424
175463	9.671334149e-05
175464	0.0001600509726
175465	0.0002345936964
175466	1.655593287e-05
175467	0.0004468884353
175468	0.000478122809
175469	0.0001300554436
175470	0.001285307607
175471	0.0001113325259
175472	0.0001345093479
175473	0.001495833822
175474	0.0002760050286
175475	0.0004096010548
175476	0.001021903789
175477	0.0005837555002
175478	0.0004697393458
175479	8.7403808e-05
175480	0.0006905295339
175481	0.001055501819
175482	0.0005219979142
175483	0.0003226067888
175484	0.0001552456902
175485	0.0004454886746
175486	0.0001745221967
175487	0.0007070046418
175488	0.0007064311501
175489	0.0006032446771
175490	7.542387417e-05
175491	0.0006701170605
175492	1.149771546e-05
175493	0.001097812554
175494	0.0001726984984
175495	0.000611663391
175496	0.0001837229134
175497	0.0003566092852
175498	0.0001124649474
175499	0.0003862754674
175500	0.002372511083
175501	0.001108962268
175502	0.0002876196734
175503	4.247568649e-05
175504	0.0001339784397
175505	0.0001895279224
175506	0.0002934256114
175507	0.001167352366
175508	4.992057717e-05
175509	1.144644361e-05
175510	0.0009087496892
175511	0.0005693079439
175512	7.567693646e-05
175513	0.002030363261
175514	0.001134262498
175515	0.0005938511581
175516	0.001476297974
175517	0.002942040888
175518	0.002593891149
175519	0.002714909293
175520	0.001641575068
175521	0.0007591075721
175522	0.00043625992
175523	0.0008816847545
175524	0.0001509651078
175525	0.0016889302
175526	0.0007338430468
175527	0.0008897072002
175528	0.001235940084
175529	0.0004968427317
175530	0.001783806084
175531	0.002132042053
175532	0.0002648694986
175533	0.001484548049
175534	0.001829031051
175535	0.001849375106
175536	0.002043697138
175537	0.003150205519
175538	0.0002007565984
175539	0.0001132437305
175540	0.0008208901596
175541	0.0005440370534
175542	0.003573040653
175543	0.003174514258
175544	0.00217591312
175545	0.002566616264
175546	0.003956595308
175547	0.003923319704
175548	0.003528405524
175549	0.003778983156
175550	0.0005399367542
175551	0.003664537812
175552	0.002720188165
175553	0.001129271891
175554	0.002906303609
175555	0.0016937359
175556	0.004147786786
175557	0.002929162414
175558	0.004141065374
175559	0.002616487678
175560	0.00301929381
175561	0.004124518937
175562	0.004810762693
175563	0.002980038043
175564	0.003144263775
175565	0.003256415004
175566	0.00525230353
175567	0.006312682703
175568	0.003685931724
175569	0.004305763121
175570	0.003723185966
175571	0.002738979521
175572	0.001644295657
175573	0.003239061726
175574	0.002943327457
175575	0.001912002038
175576	0.00310890296
175577	0.004197493479
175578	0.001653097427
175579	0.002578172338
175580	0.002110419686
175581	0.002879928376
175582	0.003660959322
175583	0.003878923224
175584	0.003693473291
175585	0.002535946579
175586	0.002434386641
175587	0.00251346598
175588	0.003500123812
175589	0.003800968768
175590	0.002392798025
175591	0.003316199104
175592	0.004102832346
175593	0.003838878186
175594	0.004227185328
175595	0.01006313202
175596	0.001870029046
175597	1.026448478e-05
175598	0.002233731526
175599	0.002476899708
175600	0.005538916881
175601	0.001548272654
175602	0.001652025451
175603	0.0003224022991
175604	8.753711957e-05
175605	0.0003130586395
175606	0.0002327634304
175607	9.125511947e-05
175608	0.0003821742885
175609	0.0002583044272
175610	0.0002763869822
175611	0.0003526484412
175612	0.0005733314895
175613	0.0008495381879
175614	0.0001380166643
175615	8.770512149e-06
175616	0.0008202157549
175617	0.0005284489029
175618	0.000462947832
175619	0.001767536294
175620	0.0005691792078
175621	0.001621010074
175622	0.0003544375903
175623	0.001374550239
175624	0.001084591222
175625	0.001969625308
175626	0.0006325801628
175627	0.0007725235084
175628	0.0004148299737
175629	0.0007383970626
175630	0.0002255636483
175631	0.0005297179744
175632	0.002801214752
175633	0.001888267854
175634	0.0008545716012
175635	0.001202925281
175636	0.001177889028
175637	0.003323319826
175638	0.002430526356
175639	0.001649478979
175640	0.001076496868
175641	0.0003991615604
175642	0.0004176112875
175643	0.001388933766
175644	0.001049933431
175645	0.001892325845
175646	0.0008228622621
175647	2.047404809e-05
175648	0.0001779370168
175649	0.0003449189083
175650	0.0003201903219
175651	0.0003510890983
175652	0.0007578494292
175653	4.911831411e-05
175654	0.0002974939806
175655	0.0009870237942
175656	0.001009144075
175657	4.246506453e-06
175658	0.0001490992124
175659	0.0004190009036
175660	0.0007358357944
175661	0.0008234352469
175662	0.0009166930507
175663	0.0007044009585
175664	0.0001283276089
175665	0.001556942828
175666	0.002721031653
175667	0.0004727551326
175668	0.0009215229452
175669	0.0001387228372
175670	0.0003479606966
175671	0.001059275617
175672	0.0009856062009
175673	0.004449718093
175674	0.001154405047
175675	0.0006389496423
175676	0.002493726895
175677	0.0006913841748
175678	0.001878408001
175679	0.0009008327404
175680	0.0006018542599
175681	0.0003155117443
175682	0.0004334068434
175683	0.001611103466
175684	0.0003589619868
175685	0.004433248188
175686	0.0009740223426
175687	0.001600139543
175688	0.0007817171738
175689	0.0008638860383
175690	0.001690745519
175691	0.001228568721
175692	0.002718274634
175693	0.001152600147
175694	0.0006125746605
175695	0.002413103433
175696	0.002228065477
175697	0.001862026776
175698	0.001348405817
175699	0.0004935368187
175700	0.0004690002516
175701	0.0009047841544
175702	0.0001698259226
175703	0.001197332518
175704	0.0005929390546
175705	0.0004849543572
175706	0.0006694499511
175707	7.758609884e-05
175708	9.85383522e-05
175709	0.0003635070437
175710	0.0003083609015
175711	0.0002982326124
175712	0.001734023043
175713	0.0006495284486
175714	0.000573538909
175715	0.001086573527
175716	0.0001498890931
175717	0.0001301575506
175718	0.0003089003294
175719	0.0008886695815
175720	0.0001198504015
175721	0.001694526584
175722	0.0007002318104
175723	0.002018453375
175724	0.003776747576
175725	0.003008104378
175726	0.002866097283
175727	0.0033692106
175728	0.002499811269
175729	0.002397473312
175730	0.0007763324537
175731	0.003057341175
175732	0.002230222825
175733	0.003358503084
175734	0.001755531578
175735	0.00143877798
175736	0.001794698889
175737	0.004442235899
175738	0.002497800967
175739	0.004351989869
175740	0.0005690636619
175741	0.0007393124902
175742	0.0003042974241
175743	0.0006165582441
175744	0.005729665666
175745	0.0006361502254
175746	0.003912003306
175747	0.004073985999
175748	0.001834353202
175749	0.001439808912
175750	0.002371814136
175751	0.0001517078327
175752	0.0002366143199
175753	0.006247435286
175754	0.0005148312382
175755	0.002282150002
175756	0.003666111036
175757	0.003503323471
175758	0.002362181763
175759	0.001199082425
175760	0.0009783521974
175761	0.004404686886
175762	0.0001178393654
175763	0.001212615916
175764	0.003003231885
175765	0.0006507733262
175766	0.0004609448875
175767	0.001698251499
175768	0.004079267787
175769	0.000380820126
175770	0.001006887637
175771	0.0004695362405
175772	0.002370404106
175773	0.003146458977
175774	0.001851652458
175775	0.001920446727
175776	0.0009554029982
175777	0.000400634484
175778	0.001713437086
175779	0.00297466664
175780	0.0005461975914
175781	0.0001596242279
175782	0.001961688328
175783	0.002340738674
175784	0.0008524992615
175785	0.004347622177
175786	0.0004917421102
175787	0.003289302007
175788	0.0002103679883
175789	0.001165747376
175790	0.0002041983761
175791	0.003672313626
175792	0.0008998957967
175793	0.0001248379371
175794	0.0001912968541
175795	0.0006275150682
175796	0.0008510011026
175797	0.003962090414
175798	0.000748211963
175799	0.0003770078729
175800	0.0005319782852
175801	0.001220512662
175802	0.002022023459
175803	0.0007932153441
175804	0.005129545637
175805	0.000780014008
175806	0.002168122623
175807	0.001016000635
175808	0.005062358717
175809	0.0002975568996
175810	0.001432459813
175811	0.0003016265044
175812	0.001306203588
175813	0.0005661762677
175814	0.003679687073
175815	0.001648987247
175816	0.001535040249
175817	0.001309248942
175818	0.001226405573
175819	0.001563074328
175820	0.001022902986
175821	3.233973324e-05
175822	0.001287105746
175823	0.0005614647163
175824	0.001296597306
175825	0.001374718403
175826	0.001228600645
175827	0.0004063440161
175828	0.001156968699
175829	0.00297149512
175830	0.004703593342
175831	0.001067142895
175832	0.0006178981002
175833	0.00142018809
175834	0.003900707102
175835	0.001193977878
175836	0.005800225134
175837	0.0003697942786
175838	0.004123807592
175839	0.0009691268737
175840	0.0001003936173
175841	8.315670641e-05
175842	0.0003614198139
175843	0.0003836438161
175844	0.0006762214624
175845	0.003222459266
175846	0.0009900838733
175847	0.002112635995
175848	0.0005348586974
175849	0.0005999964219
175850	0.003313487311
175851	0.001155744411
175852	0.002501615494
175853	0.005508195323
175854	0.0007164135553
175855	8.425093297e-05
175856	0.0007485224378
175857	4.994118494e-05
175858	0.001680872505
175859	0.00283818211
175860	0.0005417732856
175861	0.0001277396742
175862	0.002120686075
175863	0.0007171570945
175864	0.004633103405
175865	0.001787544327
175866	0.005091033024
175867	3.435983706e-05
175868	0.0003756340489
175869	0.001545343408
175870	0.0008905810321
175871	0.0001458121948
175872	0.004136408349
175873	0.001927325725
175874	0.001016900672
175875	0.0005267357444
175876	0.001732474729
175877	0.004547216
175878	0.001840662769
175879	0.001404445691
175880	0.0008845649403
175881	0.0003825763155
175882	0.001067077048
175883	0.0007479711248
175884	0.003504418588
175885	0.001048250716
175886	0.0007945970757
175887	0.0001344684326
175888	0.0003898275484
175889	0.002440428126
175890	0.001391351617
175891	0.0006501937357
175892	0.001414925098
175893	0.003953821972
175894	0.001916273942
175895	0.003710870196
175896	0.0002027722068
175897	0.0003968227697
175898	0.0002840343616
175899	0.0009765581554
175900	0.001447976238
175901	0.0003326256723
175902	0.003514024561
175903	0.0004604851323
175904	0.004552227685
175905	0.0001688991986
175906	0.0003695003292
175907	0.004398353934
175908	0.003241551631
175909	0.004271262666
175910	0.00457124611
175911	0.005659902888
175912	0.007319452157
175913	0.002449797906
175914	0.0009488577393
175915	0.002634309982
175916	0.0002787551472
175917	0.004083047263
175918	0.0008371736115
175919	0.005302476939
175920	0.0006770795161
175921	0.0009856783023
175922	0.001885289144
175923	0.001280070849
175924	0.0004613969962
175925	0.000146292313
175926	0.000531831701
175927	0.005763531268
175928	0.002050269401
175929	0.000338825776
175930	0.0007804823794
175931	0.0002941855509
175932	0.001588322145
175933	0.002121152604
175934	0.002099579222
175935	0.0005579785231
175936	0.001898740877
175937	0.0003148990553
175938	0.004661140676
175939	0.004652520708
175940	0.002076557391
175941	0.0004002493395
175942	0.004843218803
175943	0.001463611836
175944	0.0008766982464
175945	0.003442982438
175946	0.003108232868
175947	0.001793908601
175948	0.002471426179
175949	0.003417321239
175950	0.002018678528
175951	0.003312225834
175952	0.001561666975
175953	0.001207919279
175954	0.002394952905
175955	0.003593645352
175956	0.001427067707
175957	0.001410814774
175958	0.002198036576
175959	0.005690200888
175960	0.0001922439272
175961	0.003159144369
175962	0.0006420349982
175963	0.002654943843
175964	0.0008295644381
175965	0.00167578771
175966	0.0004439729881
175967	0.003195814919
175968	0.0005346145831
175969	0.0002048913188
175970	0.001367290842
175971	0.001549403323
175972	0.002050194872
175973	0.001655485909
175974	0.005687182944
175975	0.001845736145
175976	0.0009789870874
175977	0.001517933151
175978	0.001546602538
175979	0.0004679088085
175980	0.006023868664
175981	0.002676306814
175982	0.00484280201
175983	0.0009912957688
175984	0.003252292852
175985	0.006899520749
175986	0.0008743275544
175987	0.00526499055
175988	0.0008645432838
175989	0.001483986551
175990	0.0007736438059
175991	0.0003429908448
175992	0.001402255741
175993	0.0002057012148
175994	0.004137467054
175995	0.0001258561961
175996	0.005322702019
175997	0.0007832618312
175998	0.0005267326956
175999	0.002830103384
176000	0.003103068814
176001	0.001063984918
176002	0.003533828933
176003	0.0009260882794
176004	0.00269115834
176005	0.006680689536
176006	0.000528578921
176007	0.000557469669
176008	0.003479873957
176009	0.002210898923
176010	0.001579937857
176011	0.001657463295
176012	0.004534280406
176013	0.002174792677
176014	0.005003133267
176015	0.003436010499
176016	0.002224903085
176017	0.005170878021
176018	0.001001370082
176019	0.003249328574
176020	0.0003876809214
176021	0.001933584047
176022	0.001722145558
176023	0.002007803112
176024	0.001087946646
176025	0.002996126572
176026	0.0002803753205
176027	0.0002901148322
176028	0.006768802576
176029	0.0009744293799
176030	0.000392621989
176031	7.668678064e-05
176032	0.001847423701
176033	0.002301433469
176034	0.001864847995
176035	0.005478442911
176036	0.001578412836
176037	0.002857337998
176038	0.001269270036
176039	0.0009294290014
176040	0.002552152586
176041	0.0008035116026
176042	0.007765824932
176043	0.0003672060629
176044	0.003744475647
176045	0.002734544992
176046	0.003275142402
176047	0.005073013752
176048	0.001093704713
176049	0.002404970959
176050	0.0006970944821
176051	0.001331149792
176052	0.003518895727
176053	1.932938744e-05
176054	0.0004893075811
176055	0.002869676193
176056	0.003978680302
176057	0.0003330824778
176058	0.0005315065924
176059	0.002471128561
176060	0.0004912167602
176061	0.005178954501
176062	0.003836357306
176063	0.003212419427
176064	0.00319494427
176065	0.001540831356
176066	0.00199648281
176067	0.003385788045
176068	0.00067870368
176069	0.0006751693231
176070	0.001134867313
176071	0.001651139153
176072	0.001020992183
176073	0
176074	0.003511706986
176075	0.0007199062303
176076	0.00355443946
176077	0.0006514106574
176078	0.002846653682
176079	0.0004198440819
176080	0.002790267248
176081	0.001592749688
176082	0.0003706433908
176083	0.007155516274
176084	0.00250941856
176085	0.0002331030984
176086	0.0001576387035
176087	0.0004315066388
176088	0.000391668642
176089	0.0003653258393
176090	0.0004248178565
176091	0.0008068505458
176092	0.002558571048
176093	0.0001988943873
176094	2.423730577e-05
176095	0.0006687011976
176096	0.001085046421
176097	0.0004293632571
176098	0.002192847065
176099	0.0001407443952
176100	0.001068172342
176101	1.49233013e-05
176102	0.0004270220633
176103	0.0005595574042
176104	0.002813052831
176105	0.0005296548783
176106	0.0001584038018
176107	0.002720787592
176108	0.004911636249
176109	0.001149872065
176110	0.003261381512
176111	0.003977780554
176112	0.01082001121
176113	0.0008639749351
176114	0.002965054549
176115	0.003955906091
176116	0.001093959923
176117	0.0008472612621
176118	0.001367142532
176119	0.0009002552937
176120	0.0005812760435
176121	0.0009549782792
176122	0.001711365424
176123	0.0002468226645
176124	0.002162145153
176125	0.0004998887665
176126	0.005349648644
176127	0.0004994032533
176128	5.257835714e-05
176129	0.0004313074311
176130	0.0003311067754
176131	0.0004870391847
176132	0.0007516009467
176133	0.005609071345
176134	1.704124549e-05
176135	0.0007588087884
176136	0.002064085061
176137	0.0005894749943
176138	0.0004210342309
176139	0.001343935344
176140	0.001294860929
176141	0.0003298679065
176142	0.0008368902295
176143	0.0005633362205
176144	0.003362360085
176145	0.009246808355
176146	0.0001427014087
176147	0.0009197050789
176148	0.001270572703
176149	0.003678123193
176150	0.0029597707
176151	0.0004414337963
176152	1.365776164e-05
176153	6.569010974e-05
176154	0.0001305229819
176155	0.0002109662733
176156	0.002382613291
176157	0.0004660575388
176158	0.0002442250264
176159	0.001392939605
176160	0.00174301163
176161	0.0005719993237
176162	0.002522504381
176163	0.0001071720451
176164	0.001016350899
176165	0.006766261627
176166	0.0008873220659
176167	0.002221483493
176168	0.002984925033
176169	0.001988971291
176170	0.0005814911098
176171	8.17399544e-05
176172	0.0001125546515
176173	0.00237607579
176174	0.002638734094
176175	0.0004356528787
176176	0.004450102212
176177	0.007664010372
176178	0.0002195965889
176179	0.001918100203
176180	0.01070121502
176181	0.00041414025
176182	0.0009168012169
176183	0.0001961891046
176184	0.001365968508
176185	0
176186	1.870719734e-05
176187	0.0004933142308
176188	0.0004744781427
176189	0.000662941585
176190	0.0001172983584
176191	0.0003285460786
176192	0.0001348560751
176193	0.0005911593054
176194	0.0005107791075
176195	0.001195781082
176196	0.0006170539736
176197	0.001347298708
176198	0.000196968788
176199	0.001043254284
176200	0.0004517979192
176201	0.0003019745474
176202	0.0003561383868
176203	0.0005587367661
176204	0.0006536990543
176205	0.0005447230381
176206	0.0009717772895
176207	0.001188208523
176208	0.0005980202659
176209	0.0002591323476
176210	0.0004670236059
176211	9.854304172e-05
176212	0.001430612341
176213	0.0004150512185
176214	0.0001336548413
176215	0.0004649548194
176216	0.0008118402728
176217	0.0003043396578
176218	0.0003786866708
176219	0.0003654235015
176220	0.0009023127459
176221	0.001015998651
176222	0.0009098968068
176223	0.0005522693944
176224	0.0003919378583
176225	0.001028208518
176226	3.700624099e-05
176227	0.000283096419
176228	0.0001218437509
176229	0.0003637917449
176230	0.001858610114
176231	0.0003546327611
176232	0.001661972855
176233	4.605923913e-05
176234	0.0004787497057
176235	0.0003894289828
176236	0.0001473859354
176237	0.0007789991269
176238	0.001017334744
176239	0.0003174820744
176240	0.0004701319433
176241	0.001094826872
176242	0.0007635770775
176243	0.0008365186356
176244	0.0001856854742
176245	0.0004714592458
176246	0.0005307366765
176247	0.001016984195
176248	0.001046805642
176249	0.0005386666198
176250	0.0006800571525
176251	0.00128265319
176252	0.0008439112086
176253	0.001052217522
176254	3.927388584e-05
176255	0.000899081807
176256	0.0002239861516
176257	0.0005793666658
176258	0.0002716085515
176259	0.0007717318791
176260	7.846351756e-05
176261	0.0001715299877
176262	0.0004331295353
176263	0.001143620504
176264	0.0004258511646
176265	4.95957385e-05
176266	0.0005169676627
176267	0.0009982564661
176268	0.0002930849496
176269	0.0005661440413
176270	0.0001305986735
176271	0.0001826226962
176272	0.0006900325846
176273	0.0007702196373
176274	0.0001716777282
176275	0.0005033140602
176276	0.002981778135
176277	0.0003012585024
176278	2.841555664e-06
176279	0.0004685926012
176280	0.0005077896209
176281	0.0006431493819
176282	0.0004323444267
176283	0.0004650159941
176284	0.0002652577342
176285	0.000273395422
176286	0.0004507493596
176287	0.0003304137423
176288	0.001086684702
176289	0.0005087482931
176290	0.0006065012956
176291	0.001163317728
176292	0.0006082382509
176293	0.0002426276023
176294	0.0002723071311
176295	6.190154182e-05
176296	0.0005521891421
176297	0.0004788942108
176298	0.0006935762344
176299	0.0001424617197
176300	0.0001557821778
176301	0.000165060877
176302	0.000777257683
176303	4.191696501e-05
176304	0.0002230173287
176305	0.0006189739988
176306	0.0003493627613
176307	0.0004595023806
176308	0.000454251474
176309	0.0006634356478
176310	0.000471180349
176311	0.0001454649007
176312	2.581051626e-05
176313	0.0003763324047
176314	0.0001658438563
176315	0.0007959672701
176316	0.0005695734809
176317	0.0001742303856
176318	0.003964813732
176319	0.0001566587832
176320	0.001178713395
176321	0.0002114107409
176322	0.0006976428327
176323	0.0006558196146
176324	0.0002654589562
176325	1.78657273e-05
176326	0.002886611454
176327	0.0006649455063
176328	0.002381785146
176329	0.0003792221745
176330	0.0009638828785
176331	0.0003530458044
176332	0.0005317990734
176333	0.0006253446755
176334	0.0001358744169
176335	0.002421180466
176336	5.580458096e-05
176337	7.856910996e-05
176338	0.0005177434358
176339	0.0006948875831
176340	0.0003768182533
176341	0.0009858560724
176342	0.0004161616625
176343	7.733070627e-05
176344	0.001042100406
176345	0.000201872082
176346	0.001552891072
176347	0.0008162787061
176348	0.0003129074042
176349	0.001022382225
176350	0.0007809010769
176351	0.0002641388752
176352	0.0005333917357
176353	0.0009629195128
176354	0.001808879445
176355	5.359443343e-05
176356	0.001702851558
176357	0.0007545814652
176358	0.0008434689406
176359	0.0001302963065
176360	3.653633055e-05
176361	0.0006896819171
176362	0.0004838187943
176363	0.0009211200194
176364	0.0002411662711
176365	0.0009793954803
176366	0.0005109693614
176367	7.463864904e-05
176368	0.000467081616
176369	0.0003100807213
176370	0.0004823486225
176371	0.000264711572
176372	0.0002305825312
176373	0.0008811040772
176374	0.0009113593329
176375	2.340085455e-05
176376	0.001608363035
176377	0.001255606088
176378	0.0002883820562
176379	0.0009098838862
176380	0.001150793674
176381	5.106766099e-05
176382	0.0005902942539
176383	0.0001832752109
176384	0.0002603470479
176385	0.0002993161353
176386	0.0005761797483
176387	0.0005277863161
176388	0.0006084587076
176389	0.0007132668066
176390	0.0007124275691
176391	0.0001280646697
176392	0.0006203056913
176393	0.0001837558635
176394	0.0007886400976
176395	0.0008747805096
176396	0.0008837781343
176397	0.0003332828808
176398	3.464151113e-05
176399	0.0001311090446
176400	0.001076950919
176401	0.0003549054531
176402	0.0006516073978
176403	0.0003657515058
176404	0.001096705838
176405	0.0001328528142
176406	0.0007701699308
176407	0.0002956978167
176408	0.0001275494297
176409	0.00011789184
176410	0.0003233286353
176411	0.0007512714036
176412	0.0004447521236
176413	0.001651668428
176414	0.0001534952682
176415	0.0003524825185
176416	0.000391704911
176417	0.0006368094673
176418	0.0003372543249
176419	0.0003008095169
176420	6.392859962e-05
176421	0.001284922626
176422	0.0006193017261
176423	0.0009338478777
176424	0.0004861206571
176425	5.002358279e-05
176426	0.0007014182274
176427	0.0008786493593
176428	0.0003061934432
176429	5.85373443e-05
176430	0.0003711799652
176431	2.03981146e-05
176432	0.000591218532
176433	1.007366155e-05
176434	0.0002420404108
176435	0.0003056517362
176436	0.0007560877053
176437	0.0006995847375
176438	0.0008005706805
176439	0.000376138103
176440	0.0002947866839
176441	7.584858033e-05
176442	0.0003277258321
176443	0.0002257263753
176444	0.0006992796581
176445	0.000209023656
176446	0.0004788091594
176447	0.0009361889762
176448	0.0009622455263
176449	0.001266097833
176450	0.0006260892451
176451	0.0001633071632
176452	0.000440914453
176453	0.0005999021557
176454	0.001106338044
176455	0.000818401724
176456	5.06151357e-05
176457	0.0005859701482
176458	0.0009065552645
176459	0.001253391477
176460	0.0001327566205
176461	0.0005056859218
176462	0.001032903027
176463	0.0005862810425
176464	0.0007322348614
176465	0.0007655818455
176466	0.0002982703316
176467	6.876552748e-05
176468	0.0001755599695
176469	5.747711526e-05
176470	0.000468209567
176471	0.001021755735
176472	0.00103813397
176473	0.0001357908056
176474	0.0004634539153
176475	0.0008275750024
176476	0.0005629030242
176477	0.0005913473712
176478	0.0004935003426
176479	0.001147271935
176480	0.001254694984
176481	0.001156605789
176482	0.001963125961
176483	0.001365875864
176484	0.0001018394784
176485	0.0002035203034
176486	0.0004463459681
176487	0.0001182362478
176488	0.0009295069054
176489	0.0007126200862
176490	0.0002965754829
176491	0.0002870588226
176492	0.0004422277038
176493	0.001224499327
176494	0.001041116154
176495	0.0001628778644
176496	0.0005727623621
176497	0.00063368655
176498	0.00139155823
176499	0.0001474726986
176500	0.0009096003746
176501	0.0009276413332
176502	0.001060166773
176503	0.0003355659545
176504	0.0008257801137
176505	0.002772948007
176506	0.0006347837812
176507	0.0004988815474
176508	0.0002582878743
176509	0.001763596046
176510	0.0003364769346
176511	0.0004501610846
176512	0.0007081173157
176513	0.000451371071
176514	0.0007563555635
176515	0.0003124078855
176516	0.0001991471082
176517	0.0001393833092
176518	0.0006796127961
176519	0.001193069993
176520	0.0008887496327
176521	0.0007473961538
176522	0.001935799491
176523	0.0006219779828
176524	0.003461026894
176525	0.000765652158
176526	0.0003923465925
176527	0.0002337961989
176528	6.509930165e-06
176529	0.001577308586
176530	0.001287640973
176531	0.0001463160382
176532	6.206009432e-05
176533	0.00112017761
176534	0.0003375174377
176535	0.002271387567
176536	0.001202742956
176537	0.0008335944651
176538	0.002116917259
176539	0.002579161295
176540	0.003289271548
176541	9.969202741e-05
176542	0.0003315486632
176543	0.0006872268797
176544	0.001661900957
176545	0.0001724691807
176546	0.0006096463971
176547	0.0002800778667
176548	0.001429246906
176549	4.130894394e-05
176550	0.002443697468
176551	0.002199482124
176552	0.001503484629
176553	0.001825565526
176554	0.0006141238173
176555	8.352025649e-05
176556	0.00121305065
176557	0.0007437613806
176558	0.001904229664
176559	0.0002645056303
176560	0.0003580454369
176561	0.0005963400631
176562	0.000833792679
176563	0.00124178837
176564	0.0001372907605
176565	4.421552784e-06
176566	0.0005603319227
176567	0.0002601841904
176568	0.0009321281391
176569	0.000462450766
176570	0.0003041364293
176571	0.0004622939961
176572	0.001103092441
176573	0.001615690209
176574	0.0003316402389
176575	0.0005720701449
176576	0.0002034554376
176577	0.00139018995
176578	0.001291320464
176579	0.0003741004383
176580	0.0001322138273
176581	0.0001443602216
176582	0.000266500313
176583	0.0005139382429
176584	0.0009301824817
176585	0.0009842321046
176586	0.0002215510645
176587	0.0006671463296
176588	0.00074072549
176589	0.000257323744
176590	0.0001341747344
176591	0.0002616852149
176592	0.000165512276
176593	2.177428182e-05
176594	0.0009273654834
176595	0.0002589636606
176596	5.764160063e-05
176597	0.0005245382491
176598	0.0001489323802
176599	0.0002992284723
176600	0.0003091854074
176601	0.001463139352
176602	0.001068754936
176603	0.0007853352891
176604	0.0003125291191
176605	0.002654178734
176606	0.001254287953
176607	9.049335932e-05
176608	0.0003959760604
176609	0.002091370231
176610	0.003365981959
176611	0.0003665093263
176612	0.003715367024
176613	0.002694603997
176614	0.001033027825
176615	0.003712194396
176616	0.001897466675
176617	0.0002964958797
176618	0.000692908095
176619	0.001749706095
176620	9.794138025e-05
176621	0.0004405693697
176622	0.005417850601
176623	0.002136822562
176624	0.002666978262
176625	0.001307070575
176626	0.0006528164282
176627	0.0005471726928
176628	0.006734967429
176629	0.0001565258736
176630	0.001047681355
176631	0.005392863407
176632	0.0009254493069
176633	0.0004371849914
176634	0.001943728846
176635	0.00479331259
176636	0.0007481108429
176637	0.002583826536
176638	0.002865599072
176639	0.002054431206
176640	0.0004152579689
176641	0.000751457239
176642	0.0001852160525
176643	0.0002959688196
176644	0.0007331352948
176645	0.003783851625
176646	0.002291127343
176647	0.0004248353451
176648	0.000958464738
176649	0.004495317896
176650	0.00135424129
176651	0.001016596922
176652	0.001108569543
176653	0.001604201257
176654	0.000233627914
176655	0.003951580627
176656	0.0001896992611
176657	0.001809671156
176658	0.0006594771713
176659	0.00118403525
176660	0.0004484076987
176661	4.953524476e-05
176662	3.217092819e-06
176663	0.002715829491
176664	0.001500734293
176665	0.006107323969
176666	0.001062135296
176667	0.002677714359
176668	0.0001215494871
176669	0.0001834799281
176670	0.0004960111873
176671	0.0007486907392
176672	0.0009110398554
176673	0.001743604605
176674	0.002354890117
176675	4.84550834e-05
176676	0.003954953932
176677	0.001581904146
176678	0.0002305015088
176679	0.0001419987647
176680	0.002317770263
176681	0.0002884337106
176682	0.0001007276712
176683	0.003301678525
176684	0.002284521761
176685	0.0003340986645
176686	0.002964439662
176687	0.001953608074
176688	0.006641076878
176689	0.002750410458
176690	0.002779555621
176691	0.0004890272688
176692	0.0009827123039
176693	8.423116637e-05
176694	0.00308023214
176695	3.389077253e-05
176696	0.0006588502613
176697	0.00543402371
176698	0.00289434219
176699	0.003345440159
176700	0.002594666206
176701	0.00037907912
176702	0.002123230545
176703	0.001333886526
176704	0.001312174964
176705	0.0001237739616
176706	0.001108634569
176707	0.005541220996
176708	0.001562495395
176709	0.0002665455045
176710	0.0009788085755
176711	0.001336528423
176712	0.0009171498079
176713	0.001344845071
176714	0.0004514235302
176715	5.66939766e-05
176716	0.0005730155646
176717	0.000303440085
176718	0.002796788034
176719	0.004603472707
176720	0.001508730492
176721	0.001371664896
176722	0.002844450226
176723	0.002169633162
176724	0.0003557735577
176725	0.0005837091279
176726	0.0004658325936
176727	0.000334393814
176728	0.0003439690952
176729	0.0003591767335
176730	0.002517575601
176731	0.0002017758191
176732	0.003006359982
176733	0.001728957829
176734	5.33444058e-05
176735	0.003882718206
176736	0.002581119463
176737	0.00178992497
176738	0.002686140872
176739	0.003688445992
176740	0.002039720769
176741	0.0001623201434
176742	0.002117746451
176743	0.0005722716378
176744	0.000378157485
176745	0.0007854868933
176746	0.00348430348
176747	0.001588781971
176748	0.001029624735
176749	0.001156624894
176750	0.001167230854
176751	0.003241294338
176752	9.80401706e-05
176753	0.003347299627
176754	0.0008876720225
176755	0.002338591615
176756	0.005216460775
176757	0.0002276438479
176758	0.004860609519
176759	0.001121856729
176760	0.0006043548044
176761	0.0008673862763
176762	0.0004548610773
176763	0.004207927798
176764	0.0004317403604
176765	0.00255100562
176766	0.004906152998
176767	0.003685025801
176768	0.001869269694
176769	0.001364209255
176770	0.0006381660507
176771	0.003022226817
176772	0.002914919436
176773	0.001791872652
176774	0.0005675191899
176775	0.00120473262
176776	0.0005843766439
176777	0.003213375847
176778	0.001238555571
176779	0.0008930058464
176780	0.0006036249909
176781	0.0001915234548
176782	0.0002917873264
176783	0.0006135347092
176784	0.0006169941723
176785	1.601495215e-05
176786	0.0002303311792
176787	0.001057268439
176788	0.000189039379
176789	0.0003038328109
176790	0.0005784058297
176791	0.0004194146896
176792	0.0003929605834
176793	0.001492044328
176794	0.0001341475433
176795	0.0008740280903
176796	0.0002372655321
176797	0.0002136376719
176798	0.0005510046918
176799	0.0004207705929
176800	0.000212072642
176801	0.0005515616902
176802	0.0006885090811
176803	0.0002071941958
176804	0.0007084113755
176805	0.0005160550848
176806	4.853446288e-05
176807	0.0007715124313
176808	0.0006394617307
176809	0.0001625975905
176810	0.001193750042
176811	0.0003460492575
176812	0.001283992135
176813	0.000375716436
176814	0.0005931815432
176815	0.0002075971897
176816	0.001733655377
176817	0.001178449073
176818	4.620875656e-05
176819	2.23481733e-05
176820	0.0008554692743
176821	0.001148480318
176822	0.0009014889549
176823	0.0005977447845
176824	0.0005592173797
176825	0.0001114267152
176826	5.685308245e-05
176827	0.000815224187
176828	2.463729086e-05
176829	0.0007920427774
176830	0.0003213946132
176831	3.852146606e-05
176832	4.375821878e-05
176833	0.001006442483
176834	0.0006225683398
176835	0.0004652873238
176836	0.0007452936411
176837	0.0009495623784
176838	0.0008769388145
176839	0.001194606862
176840	0.001012388199
176841	0.0003503513309
176842	0.0009993525634
176843	0.0003545753554
176844	0.0004288334255
176845	0.0006663525459
176846	0.001389311811
176847	0.0001082134097
176848	5.011045455e-05
176849	0.000382077152
176850	0.0002527364292
176851	0.0001596837211
176852	0.0001146635666
176853	0.000214910992
176854	0.0004408699024
176855	0.0008832107856
176856	7.693555328e-05
176857	0.0004577703183
176858	0.0004832858494
176859	0.0007722921126
176860	0.0002398822683
176861	0.0005088297402
176862	0.0002810911562
176863	0.00122522965
176864	2.577784268e-05
176865	0.0001013812342
176866	0.001072255938
176867	0.0006400355712
176868	0.001550495634
176869	0.0002497525958
176870	0.000207124082
176871	0.0001909970119
176872	0.0004305710141
176873	0.00092894714
176874	0.0003770309975
176875	0.000783545658
176876	0.000195210184
176877	0.0006434953018
176878	0.0004524204961
176879	0.0007593330622
176880	0.0004332106501
176881	0.003144135304
176882	0.000958154005
176883	0.003693429144
176884	0.004058689208
176885	0.002653055592
176886	0.006856511659
176887	0.001359394514
176888	0.001496419258
176889	0.001364650319
176890	0.001547003523
176891	0.001490481727
176892	0.002461383424
176893	0.0002286691722
176894	0.0004331908035
176895	0.004965604568
176896	0.003095125661
176897	0.0007661964135
176898	0.001320860216
176899	0.001003413905
176900	0.0001122841227
176901	0.004669384367
176902	0.00105016931
176903	0.001043336254
176904	0.001832262746
176905	0.002017697444
176906	0.0008339440162
176907	0.0005821413196
176908	0.001963319446
176909	0.002213797515
176910	0.001817862829
176911	0.0004819883405
176912	0.0002128145466
176913	0.001641768306
176914	0.002536129177
176915	0.0003672462357
176916	0.003080281052
176917	0.001295242046
176918	0.0001010186281
176919	0.002670004098
176920	0.0001342327441
176921	0.002002246107
176922	0.0004484894279
176923	0.001699523154
176924	0.002680512123
176925	0.0002207656663
176926	0.0008113631375
176927	0.0002048850625
176928	0.0009005695874
176929	0.0002958149536
176930	0.0005786482919
176931	0.0003964649777
176932	0.0002055945115
176933	0.0003708650388
176934	0.001185420084
176935	0.0002729827594
176936	0.0002691370036
176937	0.000626457492
176938	0.001172114962
176939	0.002397968061
176940	7.434459858e-05
176941	3.241039121e-05
176942	0.0004728162061
176943	0.0008171912151
176944	0.0005980277157
176945	0.0003423212982
176946	0.0001807408166
176947	0.0008924608739
176948	0.0005882279072
176949	0.0009105155805
176950	0.0002506843096
176951	0.001288250983
176952	0.0009545421258
176953	0.0003202269659
176954	0.0007781383782
176955	0.0003108836638
176956	0.001196788393
176957	0.0002497705638
176958	0.0006488849021
176959	1.396786364e-05
176960	0.001401218929
176961	0.001041177096
176962	0.001274700909
176963	1.932109362e-05
176964	0.0003714273978
176965	0.001095618055
176966	0.0005526189373
176967	9.354569602e-05
176968	0.0006283138898
176969	0.001213804591
176970	0.0006637540727
176971	0.000327997955
176972	0.0001801148098
176973	0.0003892777699
176974	0.000134346195
176975	0.004180714857
176976	0.003989003365
176977	0.003697325162
176978	0.0008367252484
176979	0.003225763451
176980	0.004048500199
176981	0.001016160548
176982	4.593920209e-05
176983	0.0006477611496
176984	0.0003747527653
176985	9.006984866e-05
176986	0.00218383339
176987	0.003620007934
176988	0.002013864168
176989	0.001564734944
176990	0.0001703201038
176991	5.02109894e-05
176992	0.001025068693
176993	0.001810044845
176994	0.0009548762572
176995	0.004678146531
176996	0.0006731950602
176997	5.617812888e-05
176998	9.645670011e-05
176999	0.0024894575
177000	0.004493391419
177001	0.0003339407168
177002	0.0007741506983
177003	0.002099668698
177004	0.001877028694
177005	0.0003581627367
177006	0.001331432214
177007	0.003842656809
177008	3.429361889e-05
177009	0.0006263763622
177010	0.002651888462
177011	0.0009101550142
177012	0.0005433796165
177013	0.000784481422
177014	0.003565104785
177015	0.001427588098
177016	0.002534688945
177017	0.001398914775
177018	0.001511969342
177019	0.001261225916
177020	0.0006042245557
177021	0.0006783039966
177022	0.001652648443
177023	0.001231028033
177024	0.002712774862
177025	0.000749722103
177026	0.001212243756
177027	0.003825512558
177028	0.003277462956
177029	0.002057219195
177030	0.002500975285
177031	0.005416661015
177032	0.0005282526681
177033	0.004032162739
177034	0.001320755853
177035	0.0006654157631
177036	0.008651056245
177037	0.001822454001
177038	0.00165251849
177039	6.731246363e-05
177040	0.003266590944
177041	0.005510708038
177042	0.00320802402
177043	2.382164515e-05
177044	0.0001727815544
177045	0.00087008426
177046	0.001153743305
177047	0.001635256201
177048	0.002993388178
177049	0.00584373312
177050	0.001917777612
177051	0.001643927197
177052	0.003561423269
177053	0.0004063824145
177054	0.001012661769
177055	0.0008900026608
177056	0.006672734385
177057	0.0008877290367
177058	0.002106249509
177059	0.002169902816
177060	0.0004243847189
177061	0.004741211897
177062	0.003829147958
177063	0.0009085362357
177064	0.001465933713
177065	0.001558449357
177066	0.001614824458
177067	0.0005585325929
177068	9.193151589e-05
177069	0.001424377086
177070	0.001128983587
177071	0.00166747885
177072	0.002010449487
177073	0.001308661995
177074	0.003912506062
177075	0.001383037315
177076	0.002459647297
177077	0.005067911076
177078	0.004412947946
177079	0.002518302894
177080	0.002777847464
177081	0.001985172629
177082	0.003610638663
177083	0.0001117735985
177084	0.001504375732
177085	0.004291804068
177086	0.0006236856908
177087	0.00362426691
177088	0.0009822326753
177089	0.002540695529
177090	0.001634065975
177091	0.00121345033
177092	0.000166323837
177093	0.0003187872178
177094	0.003422380192
177095	0.00151009142
177096	0.003194597409
177097	0.003167880219
177098	0.002692680788
177099	0.0005278426945
177100	0.002208618826
177101	0.0006582240424
177102	0.0009825826431
177103	0.001277184162
177104	0.0009055539073
177105	0.0003859639111
177106	0.0003779064062
177107	0.0007201748884
177108	0.00457008564
177109	0.0001019796947
177110	0.000552529116
177111	0.001398920057
177112	0.0001924812426
177113	0.0006874734522
177114	0.0008563752081
177115	0.002056428109
177116	0.001339971123
177117	0.001859882873
177118	0.001569637944
177119	0.000857876858
177120	0.001462425169
177121	0.0008617372261
177122	0.001952332437
177123	0.00106752836
177124	0.001864695365
177125	0.003115215533
177126	0.0005568949937
177127	0.002215444644
177128	0.001291648242
177129	0.0006557886759
177130	0.00408004192
177131	0.003014644105
177132	0.0008086787929
177133	0.001516407311
177134	0.00403409688
177135	0.0006635036782
177136	0.005029044667
177137	0.0001289895883
177138	0.0001458823246
177139	0.005883604357
177140	0.0007898506942
177141	0.001099809195
177142	0.006814053908
177143	0.002405373703
177144	0.001166833485
177145	0.002211462523
177146	0.0004671922074
177147	0.001590727958
177148	0.001921214281
177149	0.002336114417
177150	0.003561403527
177151	0.001536512257
177152	0.001024526523
177153	0.0008109540095
177154	0.001847704633
177155	0.002388779209
177156	0.0009255423203
177157	0.00168383178
177158	0.0002790230425
177159	0.005758667628
177160	0.003599593737
177161	0.001363490113
177162	0.001107208924
177163	0.001470659896
177164	0.00248270379
177165	0.002219704214
177166	4.091252276e-05
177167	0.004057852069
177168	0.0006271082069
177169	0.003415707842
177170	0.000736378878
177171	0.0005793970315
177172	0.008439205083
177173	0.003384679303
177174	0.005794889035
177175	0.004191413538
177176	5.098675139e-05
177177	0.001878611629
177178	0.001796313185
177179	0.0006017459236
177180	0.0008983259584
177181	0.004216356934
177182	0.001687918298
177183	0.001109309411
177184	0.0006798850113
177185	0.001507840995
177186	0.000627228073
177187	0.0032662749
177188	0.0006290281793
177189	0.001847409317
177190	0.00436664865
177191	0.0003767724753
177192	6.809920603e-08
177193	0.0008921051874
177194	0.0006371074209
177195	0.001157985213
177196	0.002283303356
177197	0.003395405111
177198	0.0009117119287
177199	0.0001368820789
177200	0.001803184157
177201	0.004267795092
177202	0.004353145235
177203	0.002541361338
177204	0.003844119338
177205	0.0008961188079
177206	0.0002023861826
177207	0.001408969726
177208	0.003487739782
177209	0.00151489298
177210	0.0005260364209
177211	0.001777357251
177212	0.00190958398
177213	0.004051409364
177214	0.001973302583
177215	0.003650100258
177216	0.0008657728577
177217	0.004411102951
177218	0.0005266685896
177219	0.002684960906
177220	0.0001300552423
177221	0.001781820741
177222	0.001976632943
177223	0.001942790623
177224	0.003656560155
177225	0.001822888432
177226	0.0005952857331
177227	0.0003994841894
177228	0.002258639464
177229	0.005585742425
177230	0.001034238211
177231	0.001484818887
177232	0.006232453331
177233	0.003207432686
177234	0.0009878777303
177235	0.001350536877
177236	0.0004701292168
177237	0.0007950680869
177238	0.0003293379297
177239	0.001500483849
177240	0.00131489021
177241	0.001904612323
177242	0.001022125084
177243	0.0004824922608
177244	0.004839420543
177245	0.002052047955
177246	0.00255935027
177247	0.005273980609
177248	0.001192132735
177249	0.002330443072
177250	0.001268790917
177251	0.0006889382946
177252	0.002291749242
177253	0.002506583651
177254	0.001472743413
177255	0.0008157258284
177256	0.00241555238
177257	0.0008403367985
177258	0.002534434945
177259	0.0007183465804
177260	0.002576578825
177261	0.0005462281251
177262	5.625081905e-05
177263	0.00037523476
177264	0.002446247868
177265	0.00218353794
177266	0.00177581532
177267	0.001593721727
177268	3.495885526e-05
177269	0.003109172997
177270	0.001118042827
177271	0.00221564436
177272	0.003664731263
177273	0.0005237031178
177274	0.002001032183
177275	0.001067967586
177276	0.001243226347
177277	0.002869189495
177278	0.001053028994
177279	0.003919090651
177280	0.001614404438
177281	0.002432814141
177282	0.003569173335
177283	0.0003564573976
177284	0.0007185070884
177285	0.001802282071
177286	0.001933641132
177287	0.001567537622
177288	0.001072158456
177289	0.001553447249
177290	0.001522067657
177291	0.0008041931014
177292	7.391329325e-06
177293	0.001287793862
177294	0.0005600850307
177295	0.0006876959501
177296	0.001762994755
177297	0.0002428289033
177298	0.0006262289807
177299	0.002757831012
177300	0.002178895109
177301	0.002469157231
177302	0.0005054492335
177303	0.001287439695
177304	0.006194144669
177305	0.004949309262
177306	7.042065695e-05
177307	0.0005443704245
177308	0.0003267729268
177309	4.992491172e-05
177310	0.001277720988
177311	0.002975830738
177312	0.0004741140096
177313	0.002348669657
177314	0.001251461047
177315	0.000443402815
177316	0.0002812943003
177317	0.005178658667
177318	0.008667345588
177319	0.001197888265
177320	0.002254532005
177321	0.00610199463
177322	0.001085324233
177323	0.0003294778458
177324	0.001059678285
177325	0.001028673411
177326	0.0006539201532
177327	0.0009121289541
177328	0.001979748907
177329	0.005773645113
177330	0.001812515768
177331	0.001783178195
177332	0.003331759081
177333	0.002277882554
177334	0.001612506955
177335	0.004493233841
177336	0.002206297274
177337	0.001372258349
177338	0.004801424402
177339	0.003451410083
177340	1.437552812e-05
177341	0.0004651297309
177342	0.001252331826
177343	0.005904146697
177344	0.002969559532
177345	0.002256794083
177346	0.00540500422
177347	0.00317895247
177348	0.001847400905
177349	0.000162022974
177350	0.00069513354
177351	0.0007191355506
177352	0.003388493557
177353	0.000186443935
177354	0.002215657015
177355	0.002355148513
177356	0.005324346151
177357	0.005572864148
177358	0.001882196683
177359	0.003145078753
177360	0.002950374528
177361	0.000359226112
177362	0.0001209052174
177363	0.00104633758
177364	0.000517679325
177365	0.001265804494
177366	0.0002761630606
177367	0.0006643336584
177368	0.0009391888327
177369	0.0002352861853
177370	0.0004167852783
177371	0.0001968807719
177372	0.000321738026
177373	0.0006735803737
177374	0.000815050465
177375	0.0006699615043
177376	0.0003968252685
177377	0.0007729109438
177378	0.000747239057
177379	0.0005450236039
177380	0.0008891104986
177381	0.0005866479415
177382	0.001023555528
177383	0.000100617997
177384	0.002083084732
177385	0.0002801829234
177386	0.001694414956
177387	0.0007012240686
177388	0.002090218397
177389	0.002549749171
177390	0.004718649192
177391	0.003093418915
177392	0.0004487804816
177393	0.003654409335
177394	0.001539980635
177395	0.001628811494
177396	0.001308547443
177397	0.0001094434432
177398	0.004085788562
177399	0.0002783194892
177400	0.004461416786
177401	5.657973866e-05
177402	0.0009048293363
177403	0.0015556918
177404	0.003743642276
177405	0.0009998501972
177406	0.0001984003434
177407	0.0009239591704
177408	0.0008636770242
177409	0.002689746691
177410	0.001791875066
177411	0.006463927212
177412	0.001649328803
177413	0.003439211799
177414	0.003826229983
177415	0.001704369115
177416	0.0004165093987
177417	0.002846573423
177418	0.001922950843
177419	0.002464301515
177420	0.0002191813572
177421	0.002098427514
177422	0.002095077842
177423	0.003150566881
177424	0.0008767536039
177425	0.0003352884994
177426	0.003216905935
177427	5.02523979e-05
177428	0.007286383758
177429	4.971618769e-06
177430	0.0003014177476
177431	0.004443104979
177432	0.005940443411
177433	0.005330292231
177434	0.00136883714
177435	0.00043543338
177436	0.0009864653068
177437	0.0008083531626
177438	0.0006160016785
177439	0.00187019755
177440	0.0001697920939
177441	0.004369560012
177442	0.006175572403
177443	0.004497265119
177444	0.006542284363
177445	0.001114976492
177446	0.002846677901
177447	0.002493501073
177448	0.001114059388
177449	0.0007144025869
177450	0.0008449934709
177451	0.001314078747
177452	0.001103693912
177453	0.003967684831
177454	0.004275497663
177455	0.00308487099
177456	0.0009131279335
177457	0.0002835403461
177458	0.003881395942
177459	0.0003517628333
177460	0.001703366231
177461	0.001323203465
177462	0.0003477401507
177463	0.004725550229
177464	0.001065090382
177465	0.001463933932
177466	0.001807704209
177467	3.891460202e-05
177468	0.0002218742352
177469	0.002881682053
177470	0.004060356591
177471	0.001440104565
177472	0.003833073137
177473	0.000385990523
177474	0.007699543931
177475	0.001020231688
177476	0.002303119451
177477	0.00211701986
177478	3.506406052e-05
177479	0.0009909029585
177480	0.001308097216
177481	0.0001538717548
177482	0.001926008556
177483	0.001920362932
177484	0.001947895212
177485	0.006275969463
177486	0.002166306916
177487	0.003386852001
177488	0.00147124783
177489	0.002006695588
177490	0.001044026248
177491	0.000249162485
177492	0.001000215023
177493	0.00169953851
177494	0.004643848484
177495	0.0001833724361
177496	0.000213354776
177497	0.002644784999
177498	0.001844613338
177499	0.0003135556884
177500	0.0003746022936
177501	0.0005523462703
177502	0.00447040183
177503	0.005145700791
177504	0.002360007969
177505	0.003408387361
177506	0.002305302006
177507	0.002609892835
177508	0.00355784472
177509	0.0008537386182
177510	0.002065866884
177511	0.002983642575
177512	0.001871741585
177513	0.001520294432
177514	0.000231406083
177515	0.002653816092
177516	0.00141751785
177517	0.001750960845
177518	4.30384199e-05
177519	0.002489648568
177520	0.0009077623364
177521	0.0075193438
177522	0.0004723602604
177523	0.002303318773
177524	0.0004374228691
177525	0.002275841579
177526	0.002722761826
177527	0.0001463436683
177528	0.007572997488
177529	0.0001969070303
177530	0.0003804109483
177531	3.23058002e-05
177532	0.002360650188
177533	0.000539198974
177534	0.001426780965
177535	0.00115073301
177536	0.0002433344285
177537	0.000418506485
177538	0.0006588718253
177539	0.0007873389254
177540	0.0003733235619
177541	4.990652079e-05
177542	2.043690896e-05
177543	4.73477481e-05
177544	0.0002439054237
177545	0.0001907790334
177546	0.0001267590418
177547	0.0001320827093
177548	0.001842696229
177549	0.0001775656702
177550	6.060581373e-06
177551	0.000277020935
177552	6.241891229e-06
177553	8.401948141e-05
177554	5.966040472e-05
177555	2.64592007e-05
177556	0.0003287302541
177557	0.0002228717666
177558	0.0001865500544
177559	0.0002226098838
177560	0.0004633841381
177561	0.0002577409924
177562	0.0001543054436
177563	0.0007291314762
177564	0.0001311994151
177565	0.000373750277
177566	0.0002176212283
177567	0.0003585671589
177568	0.002390697376
177569	0.0001708208671
177570	0.0011178403
177571	0.002479920902
177572	0.001413808875
177573	0.00563231151
177574	0.002454579594
177575	0.0003933000967
177576	0.0005115471038
177577	0.00079929151
177578	0.0002300708585
177579	7.594356704e-05
177580	0.00054462161
177581	0.0002512723694
177582	0.0002438887347
177583	0.0001740326054
177584	0.0006072036843
177585	0.0003119924054
177586	0.0002336264222
177587	0.000336637011
177588	0.0002230341728
177589	7.015250171e-05
177590	0.0001553705484
177591	0.001559018749
177592	0.0001926473475
177593	0.000423115385
177594	8.634690587e-05
177595	7.769362497e-05
177596	0.0009574966404
177597	0.0001753613154
177598	4.120166972e-05
177599	0.000338780868
177600	0.0004090035224
177601	1.39450238e-05
177602	0.0005889893941
177603	0.0002829414846
177604	0.0002581280855
177605	0.0002659114377
177606	0.0003853482642
177607	0.0004406788573
177608	4.196082963e-05
177609	0.0003065766756
177610	0.0008010562641
177611	5.737791158e-05
177612	0.0004548439192
177613	0.0003251762964
177614	5.772716785e-05
177615	0.0001831548007
177616	4.280329411e-05
177617	0.0002134909055
177618	0.000446476776
177619	0.0003821516509
177620	0.0002893129715
177621	0.0005512570665
177622	2.339394124e-05
177623	2.276044031e-06
177624	0.000270331735
177625	0.0003347432187
177626	7.645811953e-06
177627	0.0003192720516
177628	0.0003335709837
177629	0.0001203397553
177630	1.671656125e-05
177631	3.919678435e-06
177632	1.69217083e-05
177633	0.0003718087986
177634	0.000182799473
177635	0.0001053439823
177636	0.000240638095
177637	0.0003305337739
177638	0.0003606392166
177639	0.0005889182288
177640	0.0004926641652
177641	0.0006009692053
177642	0.0005490964674
177643	0.000207892683
177644	0.0003099734138
177645	2.735573682e-05
177646	0.0002872829444
177647	0.0004358564616
177648	0.0001740834315
177649	0.0002311311354
177650	0.0004339403079
177651	0.0002358913199
177652	3.739478966e-05
177653	0.0003580461002
177654	0.0002652183573
177655	0.0006252598203
177656	4.969068574e-05
177657	0.0004783840975
177658	0.0003475139624
177659	0.0005362312161
177660	0.0001886830595
177661	0.001620247167
177662	0.0002433876711
177663	0.0009859615372
177664	0.0003630993735
177665	0.0002458085128
177666	0.0002547265712
177667	8.828943164e-06
177668	0.0007716980096
177669	0.0001170892828
177670	0.000405436065
177671	0.001013825285
177672	0.0001137137358
177673	9.053600491e-05
177674	0.0004595497022
177675	8.597216656e-05
177676	0.0005060416032
177677	0.0005138516523
177678	0.0002740007978
177679	5.461588499e-05
177680	0.0001969732241
177681	0.0005976134686
177682	0.0007125128841
177683	0.000316654326
177684	0.0005921957214
177685	0.0003539632001
177686	0.0006328606012
177687	1.832723482e-05
177688	0.0002603261377
177689	9.9101855e-05
177690	8.633846948e-05
177691	0.0003293024184
177692	0.0001549971559
177693	0.0003255640255
177694	0.0001396909395
177695	8.75508891e-05
177696	0.0005700673098
177697	5.251300554e-05
177698	1.020737081e-05
177699	0.0005129327822
177700	0.0003526333031
177701	1.005676625e-05
177702	0.0003345234319
177703	0.0001914707866
177704	5.645175999e-05
177705	0.0001594092641
177706	0.0003158549965
177707	0.0003251972233
177708	0.0001227753891
177709	0.0001023334105
177710	4.437921529e-05
177711	3.065982948e-05
177712	0.0002696387052
177713	0.0005692338352
177714	0.0002018017668
177715	0.0004023959251
177716	0.0007746052056
177717	0.0006388578326
177718	0.0006654122145
177719	0.001256475335
177720	0.0006474574376
177721	0.0004064599765
177722	0.0004451393779
177723	5.24065069e-05
177724	0.0003208804773
177725	0.0005929836554
177726	0.0005386527992
177727	0.0006925428824
177728	0.0005011710843
177729	0.000488021991
177730	0.0005148333819
177731	0.0003612206496
177732	0.000284357597
177733	0.0003913658051
177734	0.0002275895038
177735	0.0019719483
177736	0.0003199441789
177737	0.0002210393705
177738	0.0009416688952
177739	6.388898118e-05
177740	0.0004625667687
177741	5.704021469e-05
177742	0.0001345234747
177743	0.0001995469335
177744	0.0004056444658
177745	0.001933636253
177746	0.0002208803726
177747	0.0003105870447
177748	7.193874151e-05
177749	0.0003067212794
177750	0.0001763333238
177751	0.0004307395937
177752	0.0001669399945
177753	0.0003573660014
177754	0.0003370911007
177755	0.0002443086201
177756	0.002711936468
177757	0.002527101246
177758	0.001717681535
177759	0.001302913629
177760	0.002135342228
177761	0.002685388401
177762	0.002517990766
177763	0.004516540025
177764	0.00115002809
177765	0.0009188007401
177766	0.00276804534
177767	0.002227505268
177768	0.002765002681
177769	0.002340009283
177770	0.00147071805
177771	0.003052036445
177772	0.001654016112
177773	0.001977812564
177774	0.003530967112
177775	0.002253912838
177776	0.0009559901785
177777	0.0006098918
177778	0.001613247421
177779	0.001475715121
177780	0.001176938243
177781	0.001377964204
177782	0.0007787332359
177783	0.002347520822
177784	6.19062997e-05
177785	0.001407575507
177786	0.0007189418738
177787	0.00031015868
177788	0.0009264031587
177789	0.001362342776
177790	0.0002837790525
177791	0.006235316038
177792	0.001509112872
177793	0.000159690542
177794	0.002102298683
177795	0.0007879195871
177796	0.000690452388
177797	0.00124202966
177798	0.00256210142
177799	0.003129710907
177800	0.0006221509092
177801	0.005024837107
177802	0.002746715568
177803	0.001323981927
177804	0.00379298242
177805	0.00221845007
177806	0.0002280565033
177807	0.00241051865
177808	0.0002231814228
177809	0.0002805661594
177810	0.0005357196855
177811	0.000211347671
177812	0.00072919349
177813	0.00252678104
177814	0.004408199625
177815	0.003360468113
177816	0.001569884824
177817	0.002741496782
177818	0.002117874725
177819	0.0005126739861
177820	0.001184918913
177821	8.410083191e-06
177822	0.0005948281532
177823	0.0004450523289
177824	0.0007172089127
177825	0.0007978811759
177826	0.0003168890998
177827	0.004856750331
177828	0.0003081450401
177829	0.004725241068
177830	0.00199396342
177831	0.001275714326
177832	0.002213492396
177833	0.004729516873
177834	0.0002662436199
177835	0.002821705945
177836	0.0004445684944
177837	0.003549012401
177838	0.0002704551566
177839	0.004271777244
177840	0.000477208916
177841	0.0003404102247
177842	0.0003781091571
177843	0.004074079771
177844	0.000739891859
177845	0.003843286649
177846	0.002632984372
177847	0.002870231039
177848	0.001789730781
177849	0.0006837242906
177850	0.002269924069
177851	0.001767034908
177852	0.0006486839966
177853	0.002016671674
177854	0.003401313227
177855	0.002207419439
177856	0.001123005395
177857	0.0008165719198
177858	0.0008532013933
177859	0.0008860659463
177860	0.0008565726267
177861	0.00143306603
177862	4.333357165e-05
177863	0.001034587085
177864	0.001031548698
177865	0.0007677358162
177866	0.0008993817147
177867	0.001054394599
177868	0.001060911353
177869	0.0009970883876
177870	0.0008980929264
177871	0.004425655743
177872	0.002159846818
177873	0.001746974468
177874	0.001215609015
177875	0.001934394802
177876	0.0008960197898
177877	0.002202550802
177878	0.0004329442202
177879	0.003677140669
177880	0.0003875395823
177881	0.000711176032
177882	0.0007675495865
177883	0.0007636052731
177884	0.0001300298648
177885	0.001032689749
177886	0.0002872250202
177887	4.288290794e-05
177888	1.933307081e-05
177889	0.00191354683
177890	0.002484373411
177891	0.003083013722
177892	0.002513790347
177893	0.001243159507
177894	0.001505859352
177895	0.0003657033114
177896	5.829667057e-05
177897	0.0007394911151
177898	7.533080543e-05
177899	0.0003355338112
177900	5.78606554e-06
177901	0.002195416124
177902	0.0008876819632
177903	0.0003967147954
177904	3.249030435e-05
177905	0.001507817524
177906	7.440137178e-05
177907	0.0004205727314
177908	0.0005764747705
177909	0.0002421887547
177910	0.0006735227339
177911	0.0001620740903
177912	0.0001992345329
177913	0.0005141455165
177914	0.0008421605942
177915	0.001083585035
177916	0.0004571441775
177917	0.0003025733443
177918	0.0001069022613
177919	6.398598353e-05
177920	0.0002339643106
177921	0.0009499488055
177922	0.003095763672
177923	0.0005048008387
177924	0.000787811705
177925	0.0007377543075
177926	0.004439126493
177927	0.002240606912
177928	0.002986104432
177929	0.006988860424
177930	0.0007865038319
177931	0.001251564074
177932	0.003017814447
177933	0.001472418096
177934	0.0003281740452
177935	6.698530748e-06
177936	0.004799436925
177937	0.0001456499282
177938	0.001890512457
177939	0.003090444736
177940	0.005326109845
177941	0.002870993141
177942	0.005870422077
177943	0.005924441584
177944	0.002835929411
177945	0.005129946121
177946	0.006882536174
177947	0.0006989077251
177948	0.002097791392
177949	0.0003307652034
177950	0.007529678317
177951	0.001237542919
177952	0.003690497362
177953	0.004874622179
177954	0.003437637243
177955	0.000110804655
177956	0.002827076551
177957	0.001677429422
177958	0.008380341651
177959	0.0005522609322
177960	0.002576231188
177961	0.0003676874454
177962	0.001443904917
177963	0.001472634198
177964	0.001127756302
177965	0.005870922175
177966	0.005904555575
177967	0.002555441576
177968	0.001519499001
177969	0.0009010573064
177970	0.002808178368
177971	0.004097361838
177972	0.003157368541
177973	0.004153356612
177974	0.006719497914
177975	1.215342627e-05
177976	0.0007429804447
177977	0.004806104619
177978	0.004669106092
177979	0.00216625781
177980	0.0009454626647
177981	0.003128089983
177982	0.001203852531
177983	0.001956713236
177984	0.003539574967
177985	0.00259865866
177986	0.00037582229
177987	0.001192224397
177988	0.002092152649
177989	0.0003019954288
177990	0.002762968878
177991	0.003118604255
177992	0.001030824493
177993	0.002135513649
177994	0.002773038925
177995	0.001526795702
177996	0.001811238051
177997	0.0006622760912
177998	0.004673991173
177999	0.001266564817
178000	0.0009253410324
178001	0.003145016131
178002	0.005742182547
178003	0.001323686068
178004	0.0008160370898
178005	0.001053884197
178006	0.001826583657
178007	0.0003794479321
178008	0.002563070771
178009	0.006012707304
178010	0.0004181432207
178011	0.003783188219
178012	0.0005090727999
178013	0.002813313899
178014	0.0006203010647
178015	0.002672868042
178016	0.005207228104
178017	0.001589104016
178018	0.0007028673658
178019	0.001229623316
178020	0.002043346828
178021	0.001807194132
178022	0.002915900369
178023	0.0003649384309
178024	0.001684085259
178025	0.0008492954995
178026	0.002823042316
178027	0.0005187270756
178028	0.002638446816
178029	0.006179622569
178030	0.0002884212605
178031	0.002682884644
178032	0.001281566584
178033	0.00243848123
178034	0.0009979758241
178035	0.0001056730737
178036	2.771281293e-05
178037	0.002990997505
178038	0.005271487426
178039	0.0009838235776
178040	6.499914591e-05
178041	0.002267580767
178042	0.0001768239111
178043	0.0001009240561
178044	4.74195065e-05
178045	0.0001629734069
178046	4.571768127e-05
178047	0.0002329374595
178048	1.23480841e-05
178049	0.0001722637583
178050	0.0001307320214
178051	0.001393269476
178052	9.617189575e-05
178053	0.0001231600861
178054	0.0002172218311
178055	2.392042374e-05
178056	2.870700248e-05
178057	0.0003414376382
178058	4.782963519e-05
178059	0.0008357472469
178060	0.001080734999
178061	0.002709283458
178062	0.00119028565
178063	0.004773547453
178064	0.002046673562
178065	0.001956718136
178066	0.000286146798
178067	0.0004165560347
178068	0.001887969885
178069	0.001170671902
178070	0.003410337747
178071	0.0003054950254
178072	0.0002023467528
178073	0.0006890341669
178074	0.002485474883
178075	0.0006589736797
178076	9.175967547e-05
178077	0.0005487597345
178078	0.001865428234
178079	0.001519060258
178080	0.003616112364
178081	0.001470924287
178082	0.0006526538997
178083	0.002741006589
178084	0.002965584147
178085	0.003754188905
178086	3.012550677e-05
178087	0.001019094009
178088	0.00119596202
178089	0.001006074574
178090	0.001698469129
178091	0.002219334537
178092	0.001065342875
178093	0.000305638838
178094	0.001021856827
178095	0.002343525339
178096	0.00315457035
178097	0.004072181981
178098	0.002371535787
178099	0.0005652529811
178100	0.0001060322395
178101	0.001393647433
178102	0.00215083517
178103	0.0005972446432
178104	0.0004935985203
178105	0.002258591837
178106	0.0002547025669
178107	0.0003172919476
178108	0.005697522405
178109	0.001131169858
178110	0.004849044503
178111	0.004260435334
178112	0.0001819277642
178113	4.639344166e-05
178114	0.005488867773
178115	0.0004292474658
178116	0.000385761157
178117	0.002429451477
178118	0.004340733165
178119	0.001821054551
178120	0.0002020980201
178121	0.0007190616249
178122	0.0001249076823
178123	0.0002917787703
178124	0.0006486119855
178125	0.001123719736
178126	0.002986131465
178127	0.001466599217
178128	0.002369117132
178129	0.001406789568
178130	0.0002109156425
178131	0.0005698569101
178132	0.004697103304
178133	0.004891162524
178134	0.00215091956
178135	0.001878027896
178136	0.003397485725
178137	0.0001530868967
178138	0.001893835418
178139	9.011597922e-05
178140	0.005176480244
178141	0.00617716351
178142	0.002867318464
178143	0.004100478539
178144	0.000203469144
178145	0.003248497614
178146	0.003722978116
178147	0.002776637407
178148	0.001589825046
178149	0.002770106186
178150	0.001144693708
178151	0.006335830834
178152	9.610108539e-05
178153	0.004178687686
178154	0.0001319279945
178155	0.002252550837
178156	0.005703898335
178157	0.004102912551
178158	0.002412152199
178159	0.0005802389324
178160	0.00145523932
178161	0.003988415289
178162	0.001862327851
178163	0.0002072273052
178164	0.00073808198
178165	0.0005163160104
178166	0.00136885143
178167	0.005922475124
178168	0.001081853462
178169	0.001218517685
178170	0.0008745791934
178171	0.002440115845
178172	0.002413081901
178173	0.0001234218265
178174	0.001602307606
178175	0.0002883004516
178176	0.0003298414153
178177	0.001250683564
178178	0.001027532966
178179	0.002617494123
178180	0.001963076955
178181	0.0008736165072
178182	2.1557507e-05
178183	7.122115443e-05
178184	4.433534255e-05
178185	0.000853400182
178186	0.00123062256
178187	0.0004498548009
178188	0.0007396563295
178189	0.0004190150026
178190	0.001141339656
178191	0.001078185254
178192	0.005733831113
178193	0.004081789942
178194	0.001248480961
178195	0.0001170040142
178196	0.001829179242
178197	0.003092017081
178198	0.0003337223075
178199	0.0001613662079
178200	0.001653424657
178201	0.002081743239
178202	0.0003621821098
178203	0.0008632366191
178204	0.001051497476
178205	0.001218484249
178206	0.002315384323
178207	0.0004489153118
178208	0.0005620529018
178209	0.0004700304152
178210	0.0009665067138
178211	0.0005820610416
178212	0.002556602711
178213	0.0007908669881
178214	0.0004187912001
178215	0.0003754045342
178216	0.0009403745008
178217	0.0001827889695
178218	0.0005639201494
178219	0.001018764957
178220	0.0008037884155
178221	4.243710499e-05
178222	0.003415690618
178223	0.0007897739436
178224	0.000809799737
178225	0.0004182449032
178226	0.001465932264
178227	8.395205679e-05
178228	0.0001608631499
178229	0.001307801952
178230	0.0005742880664
178231	0.0006225301326
178232	0.001107344955
178233	0.001421580497
178234	0.0002531836929
178235	0.001484713466
178236	0.0003767954341
178237	0.0007109339321
178238	0.0002526788348
178239	0.001306107025
178240	0.0003084171523
178241	0.000716356157
178242	0.00720959193
178243	0.002351277216
178244	0.002647719607
178245	0.006407532622
178246	0.004848765447
178247	0.0005014938038
178248	0.005442868819
178249	0.003046820083
178250	0.002872283287
178251	0.006805566201
178252	0.00125553628
178253	0.002581525272
178254	0.002245670356
178255	0.003409173428
178256	0.001321091934
178257	0.002822505508
178258	0.002788579359
178259	0.0002890343334
178260	0.001225735403
178261	0.0008013435707
178262	0.0006374293465
178263	0.001909659907
178264	0.0001725818426
178265	0.002175894914
178266	0.0001253366561
178267	0.001055030596
178268	0.001817290038
178269	9.558539104e-05
178270	0.001092768916
178271	0.0008530481442
178272	0.003176232487
178273	0.002927187113
178274	0.001590784655
178275	0.002348985056
178276	0.001460688801
178277	0.001029609311
178278	0.0001308289738
178279	0.0003061311694
178280	0.002278347839
178281	0.002767628904
178282	0.0009251523581
178283	0.002690640438
178284	0.001183338583
178285	0.003951813701
178286	0.001490673779
178287	1.874320713e-05
178288	0.003845355312
178289	0.000814917623
178290	0.0005839005066
178291	0.002043924811
178292	0.002154028388
178293	0.0002546136276
178294	0.0009548057447
178295	0.0003520864596
178296	4.49670388e-05
178297	0.0008508717579
178298	0.0007411562282
178299	0.001643875223
178300	0.001555007679
178301	0.002287940729
178302	0.001267634927
178303	0.001116328653
178304	0.001327561454
178305	0.001591961332
178306	0.000261562883
178307	0.0004568911459
178308	0.003561325949
178309	0.001266692087
178310	0.00103844798
178311	0.0008630562398
178312	0.0003230147068
178313	0.009153119143
178314	2.984022054e-05
178315	0.001848883303
178316	0.0006277873974
178317	0.005178695141
178318	0.001176225776
178319	0.00224237075
178320	0.001081410983
178321	0.001914567082
178322	0.0008360858322
178323	0.0003475572543
178324	0.003615350312
178325	0.0003925001714
178326	0.0007953157678
178327	0.001814335644
178328	0.001122070514
178329	0.0005461836426
178330	0.00264314391
178331	0.004990601022
178332	0.0009398716
178333	0.0003018188511
178334	0.0005367298126
178335	0.0009661872049
178336	0.0001512568942
178337	0.00427436757
178338	0.003839869962
178339	0.003361113376
178340	0.002980856219
178341	0.002792401197
178342	0.0001835080913
178343	0.0005953074146
178344	0.006934265147
178345	0.003415439253
178346	0.002964285299
178347	0.004586303838
178348	0.001762796131
178349	0.002064335648
178350	0.003062726589
178351	0.001479799691
178352	0.0014028435
178353	0.00290325911
178354	0.00264348259
178355	0.005956216543
178356	0.001197708115
178357	0.000193264026
178358	0.00206377093
178359	0.0002702546933
178360	0.005152971215
178361	0.0001893184124
178362	0.003017228603
178363	0.003128921116
178364	0.005491865965
178365	0.003954809075
178366	0.001373015647
178367	0.003406010032
178368	0.0006941389858
178369	0.001713187919
178370	0.0001352676104
178371	0.0008083339707
178372	0.00194257371
178373	0.0002930460875
178374	0.0004126602661
178375	0.0002998594454
178376	0.0001839567826
178377	0.002688953988
178378	0.002847690657
178379	0.003219277053
178380	0.002177472831
178381	0.004442485679
178382	0.004576541451
178383	0.002003288353
178384	0.0008399583655
178385	0.004235934047
178386	0.001421275931
178387	0.002673865309
178388	0.0001689990845
178389	0.0003322630202
178390	0.0008973220299
178391	0.001011396054
178392	0.0017663521
178393	0.0005274491715
178394	0.002338136354
178395	0.004190582116
178396	0.001125137375
178397	0.001826901166
178398	0.002610447228
178399	0.0008332172269
178400	0.003270860036
178401	0.002392163521
178402	0.0004412711824
178403	8.459944475e-05
178404	0.002119402565
178405	0.003301028266
178406	0.001307095832
178407	0.003741790162
178408	0.0003529624303
178409	0.003314678309
178410	0.003585309123
178411	0.002446491911
178412	0.002342009448
178413	0.001342847264
178414	0.000914162193
178415	5.815488767e-05
178416	0.0002197084694
178417	0.003844736277
178418	0.001787644037
178419	0.001252140823
178420	0.002143494186
178421	0.0007840459913
178422	0.004444965427
178423	0.001135137511
178424	0.0005581795621
178425	0.001058223628
178426	0.0003211724399
178427	0.0001523250366
178428	0.00200131291
178429	0.0003636988122
178430	0.002061699764
178431	0.001330336768
178432	0.001796602885
178433	0.003098334798
178434	0.001155032121
178435	0.002655690139
178436	0.003378167348
178437	0.001576890488
178438	0.00426141717
178439	0.003310653514
178440	0.000490870589
178441	0.00208959617
178442	0.0008207229191
178443	0.000382617882
178444	0.003886839852
178445	9.568577381e-05
178446	6.655696201e-05
178447	0.002258872213
178448	0.0007841703433
178449	0.002856304305
178450	0.005612447971
178451	0.004752655849
178452	0.001564701655
178453	0.001244152369
178454	0.0004075180562
178455	0.000109821138
178456	0.0008618375593
178457	0.0002578179791
178458	0.0003021928318
178459	0.002560954752
178460	0.001683720339
178461	0.004673173029
178462	0.000489366487
178463	0.0008138615391
178464	7.127442144e-06
178465	0.007321765539
178466	0.001551527297
178467	0.002401362761
178468	0.003460993218
178469	0.001559800591
178470	0.001246400898
178471	0.0005576344921
178472	0.001852075686
178473	0.002856446909
178474	0.006383183037
178475	6.188746215e-05
178476	0.0009525381634
178477	0.0009967361392
178478	0.003541897054
178479	0.001679454961
178480	0.0006080523309
178481	0.003196328041
178482	0.001921786702
178483	0.001051239084
178484	0.00113608652
178485	0.0009939332511
178486	0.003586049409
178487	0.00144149659
178488	0.0003029750108
178489	2.290950425e-05
178490	0.002700648063
178491	0.001247257169
178492	0.001941888913
178493	0.001551035022
178494	0.007802093762
178495	0.005992946949
178496	0.006385650941
178497	0.001965625655
178498	0.004172615827
178499	0.001362090157
178500	0.002198492691
178501	9.409197675e-06
178502	0.0004780647946
178503	0.0002568737732
178504	0.001760458929
178505	0.002650898466
178506	8.565983551e-05
178507	0.001979836854
178508	0.0002415977727
178509	0.0001821280284
178510	0.0003944837039
178511	0.001292904808
178512	0.003008834124
178513	0.002225718448
178514	0.000397054098
178515	8.918050531e-05
178516	0.001974058209
178517	0.0006735356004
178518	0.003117624208
178519	0.0019808757
178520	0.003129080933
178521	0.0001099078006
178522	0.0009875673537
178523	0.003656094081
178524	0.003079490519
178525	0.0008215590984
178526	0.0006750734848
178527	5.656143503e-05
178528	0.0004858102393
178529	0.0001660182437
178530	6.596337915e-05
178531	0.0006733227894
178532	0.002691144621
178533	0.001088155432
178534	0.0008938795659
178535	0.00278695758
178536	0.0002428421829
178537	0.001741279794
178538	0.002481257045
178539	0.003206900425
178540	0.002052432017
178541	0.005174826041
178542	0.003293322894
178543	0.002497821929
178544	0.0009455637461
178545	0.0003231702983
178546	0.001293695782
178547	0.002978379179
178548	0.000755970964
178549	0.00171704473
178550	0.001615849142
178551	0.001570065773
178552	0.0003163774564
178553	0.00504047785
178554	0.008502624524
178555	0.003465112698
178556	0.0006150791792
178557	0.001225122002
178558	0.006231975513
178559	0.0006979088907
178560	0.001683693626
178561	0.0064696615
178562	0.001253868369
178563	0.001445178768
178564	0.001195957943
178565	0.0003023807451
178566	0.0007940888106
178567	0.000586178522
178568	0.002228168152
178569	0.001204084622
178570	0.0007992816886
178571	0.0007470497498
178572	0.001595970802
178573	0.0006194435167
178574	0.004515604268
178575	0.002610496986
178576	0.001064288344
178577	0.003592102164
178578	0.004910235879
178579	0.0008084741984
178580	0.001928667531
178581	0.002389212663
178582	9.288315657e-05
178583	0.002340354857
178584	0.00145586317
178585	0.001207580472
178586	5.68684976e-05
178587	0.0007721099461
178588	0.0005678684064
178589	0.001387552833
178590	0.0005718161235
178591	0.002790577348
178592	0.001340677628
178593	0.001702322098
178594	0.003705551789
178595	3.137539093e-05
178596	0.005192809145
178597	0.0005212114416
178598	0.002217537557
178599	0.0004333405242
178600	0.00087268677
178601	0.002020740208
178602	0.00115043743
178603	0.0007817693908
178604	0.001853953475
178605	0.0009545674151
178606	0.001071427339
178607	0.003123462256
178608	0.0008814508008
178609	0.002132549353
178610	0.002855766234
178611	0.0006061151809
178612	0.002723877345
178613	0.002540587082
178614	0.00141484039
178615	0.001862144493
178616	0.0001882713876
178617	0.001570375189
178618	0.007338730177
178619	0.004659500477
178620	0.001124665629
178621	0.0003302426464
178622	0.0009067535809
178623	0.0001288635598
178624	0.0002355575667
178625	0.006944791357
178626	0.002456776095
178627	0.002901825446
178628	0.003341207405
178629	0.003117954911
178630	0.0006244810904
178631	0.001477489297
178632	0.0002657705826
178633	0.0004781094716
178634	0.005786166384
178635	0.001794199567
178636	0.0009851516069
178637	0.0003293173975
178638	9.627166835e-05
178639	0.0002660047748
178640	5.805617756e-06
178641	0.0003553971059
178642	0.0005190422648
178643	0.003241613994
178644	2.411720029e-05
178645	0.001051886883
178646	9.606398339e-05
178647	5.515150231e-05
178648	6.387862798e-06
178649	0.0004903659166
178650	0.000748389324
178651	0.0003810091387
178652	0.000325798918
178653	8.177418057e-05
178654	0.0001364167384
178655	0.0007757100626
178656	0.0002708296679
178657	0.002791697607
178658	4.265773994e-05
178659	0.0001337730402
178660	0.003595667665
178661	0.0004001342142
178662	0.0002281814743
178663	1.72207776e-06
178664	0.0004613983029
178665	0.0001505691935
178666	0.0001202772137
178667	0.0003284712208
178668	0.0007693204592
178669	0.0002060805113
178670	0.003449274455
178671	0.001528103713
178672	0.0003673441342
178673	0.0008130825984
178674	0.000305634645
178675	0.0005086096351
178676	0.0001272854461
178677	0.001684564198
178678	0.0003847609044
178679	0.002293055282
178680	0.0001312724574
178681	0.0001965355702
178682	0.003275945056
178683	0.0005218360991
178684	0.0007793956993
178685	0.0008500192086
178686	0.002501210878
178687	0.0002593746342
178688	0.0002742035321
178689	1.295423943e-05
178690	3.814098552e-05
178691	0.0005970003538
178692	0.0009515278997
178693	0.0004273823905
178694	0.0008016049225
178695	0.001225585486
178696	0.0001378835934
178697	0.001325603589
178698	0.002279154484
178699	4.289797123e-05
178700	0.0009163373232
178701	0.001895429336
178702	0.004428304627
178703	0.0028479917
178704	0.000866629156
178705	0.0003873428659
178706	0.001358156225
178707	0.0002483398073
178708	0.001205363846
178709	0.00027949372
178710	0.0008321793649
178711	0.002519238305
178712	0.0009201725531
178713	0.001174457792
178714	7.236922497e-05
178715	0.0008025191427
178716	0.0008641653164
178717	0.002139006693
178718	0.002527554141
178719	0.001458135963
178720	0.002232442481
178721	0.004595191787
178722	0.001257630225
178723	0.003677955004
178724	0.001545991049
178725	0.001607767183
178726	0.002697563899
178727	0.008453960371
178728	0.003863943813
178729	0.0007307568607
178730	0.00315622643
178731	0.00344633208
178732	0.004446491873
178733	0.002954843234
178734	0.001264196259
178735	0.001982983247
178736	0.001563674105
178737	0.0006981423727
178738	0.002580911826
178739	0.002143235672
178740	0.002429668155
178741	0.00827780454
178742	0.001299815729
178743	0.0007571216433
178744	0.003415483906
178745	0.0003885605001
178746	0.001864380613
178747	0.001242608809
178748	0.000510059604
178749	0.001576206153
178750	0.001050474523
178751	0.0008376999075
178752	0.0006319058275
178753	1.555964593e-05
178754	0.0015802623
178755	0.000598301418
178756	0.00626560321
178757	0.0004664115412
178758	0.00204780796
178759	0.005752568895
178760	0.001269014825
178761	0.002990108201
178762	0.001517898917
178763	0.002967148097
178764	0.0009625319043
178765	0.0001123173694
178766	9.833059788e-05
178767	0.0007133972264
178768	0.002559260768
178769	0.001659482873
178770	0.001145246433
178771	0.002804379022
178772	0.0001868727664
178773	0.0002518084944
178774	0.001854388167
178775	0.004194761681
178776	0.0004606253669
178777	0.001392876195
178778	0.001062520017
178779	0.003868673481
178780	0.0005989470581
178781	0.0005515913714
178782	0.001385837793
178783	0.006085181675
178784	0.0001049706216
178785	0.001727121067
178786	0.0031896575
178787	0.0007843012132
178788	4.041517229e-05
178789	0.001576379716
178790	0.0008621678505
178791	0.004486927809
178792	0.001007579613
178793	0.0001145836021
178794	0.0005259517344
178795	0.0001436753602
178796	0.001067060757
178797	0.003657637706
178798	0.003159078956
178799	0.0008216423569
178800	0.00258520226
178801	0.002379910816
178802	0.0008047594186
178803	0.0007361149206
178804	0.0003070616547
178805	0.004174652614
178806	0.001825177584
178807	0.000943381185
178808	0.002485113749
178809	0.0005449664145
178810	0.005908846233
178811	5.068431283e-05
178812	0.001136528417
178813	0.008307950779
178814	0.001647209194
178815	0.003470094209
178816	0.005446357884
178817	3.985169231e-05
178818	0.001600848029
178819	0.0004300223856
178820	0.0004300240231
178821	7.319379925e-08
178822	0.0002914587296
178823	2.681095359e-05
178824	0.0001382673736
178825	0.0004114606425
178826	0.006554306814
178827	0.001100126477
178828	0.003453234179
178829	0.001900101711
178830	0.001470702692
178831	0.003686797083
178832	0.001281194985
178833	0.001420836894
178834	0.001063596382
178835	0.001403395785
178836	0.002004025087
178837	0.0004745479014
178838	0.002609165958
178839	0.002162155441
178840	0.001519094875
178841	0.003143019162
178842	0.0009578583752
178843	0.0006428779626
178844	3.809094134e-05
178845	0.000120123693
178846	0.00201433914
178847	0.001804650973
178848	0.006478056878
178849	0.002236523092
178850	0.002018506143
178851	0.0001812586502
178852	0.001160340356
178853	0.002009701445
178854	0.001180703207
178855	0.002386864244
178856	0.004088870996
178857	0.001189830552
178858	0.00276885852
178859	0.000676635403
178860	0.0008554000151
178861	0.0006450068
178862	0.001371031554
178863	0.001179793129
178864	0.0002006941802
178865	0.0009480272258
178866	0.0002994952418
178867	0.001265689536
178868	0.002223583837
178869	0.003029957059
178870	0.0002435788708
178871	0.003402151029
178872	0.0008365482843
178873	0.001776564608
178874	0.001167102059
178875	0.002753903915
178876	0.004018728419
178877	0.0003845497225
178878	1.826484541e-05
178879	0.0003416041271
178880	0.002662285811
178881	0.001098730691
178882	0.0003906580543
178883	0.004081822385
178884	0.001169701105
178885	0.0001496511603
178886	0.0002997125729
178887	0.004914134192
178888	0.003369602249
178889	0.0006374660411
178890	0.003239062918
178891	0.003764355583
178892	0.001408806947
178893	0.001076417186
178894	0.0001459454662
178895	0.0002207200051
178896	0.0003096290419
178897	0.001927694642
178898	0.003303239173
178899	0.002187552146
178900	9.381816944e-05
178901	0.0006871674478
178902	0.0005969288517
178903	0.0006170639061
178904	0.0006374077055
178905	8.853928438e-05
178906	0.0004188999191
178907	0.002004464101
178908	0.002986035068
178909	0.002838624063
178910	0.001426551797
178911	0.001897461152
178912	0.004142408576
178913	0.001402041128
178914	0.002627415372
178915	0.00354560891
178916	0.00864732872
178917	0.001385564388
178918	0.0007525372437
178919	0.001489541839
178920	0.001838968057
178921	0.000229795869
178922	0.004520997649
178923	0.0003144270234
178924	0.002178686469
178925	0.001375757256
178926	1.590181748e-05
178927	0.0006135369717
178928	0.006065264677
178929	0.0001108308489
178930	0.0007671915628
178931	0.002741707761
178932	0.001865283589
178933	0.0003926983477
178934	0.0003819902765
178935	0.001156927999
178936	0.002199844403
178937	0.00329591742
178938	0.000784689538
178939	0.001836463301
178940	0.002678439983
178941	0.003478047308
178942	0.001711188763
178943	0.008489127442
178944	0.001362369319
178945	0.001370683316
178946	0.002701500682
178947	0.0009512250221
178948	0.001841412364
178949	0.003036115703
178950	0.0008221765505
178951	0.0008145415077
178952	0.003075339807
178953	0.001032934419
178954	0.002455251611
178955	0.001665762187
178956	0.0004874276096
178957	0.006690123449
178958	0.0004510280363
178959	0.00270092387
178960	0.000413539133
178961	0.002510577084
178962	0.001433701614
178963	3.464691921e-05
178964	0.002923503671
178965	0.0006247184577
178966	0.001962878121
178967	0.0005931002367
178968	0.0004701307978
178969	0.002556762925
178970	6.553191756e-05
178971	0.001432733035
178972	0.0006254162642
178973	0.001480984966
178974	0.002988779172
178975	0.003449506704
178976	0.0002418829278
178977	0.0002040142913
178978	0.001671682377
178979	0.001393226165
178980	0.001384591688
178981	0.0009929408368
178982	0.002933832461
178983	2.139233194e-05
178984	0.001903848567
178985	0.0009974214916
178986	0.002022653656
178987	0.001136155882
178988	0.001816072138
178989	0.0001789780702
178990	0.001499507718
178991	0.001761926065
178992	0.004722961986
178993	0.0004740225331
178994	0.005556228485
178995	0.0003891260558
178996	0.004951405279
178997	0.004476854176
178998	0.004209632964
178999	0.0007190806352
179000	0.001109045496
179001	0.0010244131
179002	0.0003026718172
179003	0.002829419384
179004	0.0007844382354
179005	0.003122914735
179006	0.00158999473
179007	0.00559353578
179008	0.003553617952
179009	0.0005855993961
179010	0.0008106059369
179011	3.285920686e-05
179012	0.001715376031
179013	0.0002915598245
179014	0.0005329513964
179015	0.0004388769607
179016	0.002045782834
179017	0.001919323978
179018	0.002633714445
179019	0.0007964831465
179020	0.0005525704541
179021	0.002845558226
179022	0.001057889928
179023	0.001042459314
179024	0.003541134434
179025	0.002048966391
179026	0.001278553532
179027	0.0004866853579
179028	0.0002900530339
179029	0.00234107244
179030	4.662407995e-06
179031	0.0008867813424
179032	0.0004640391676
179033	1.934918068e-06
179034	0.0006178215179
179035	0.000935239228
179036	0.0002345848353
179037	0.0003342198452
179038	0.002488225928
179039	0.000431691534
179040	0.0005880546086
179041	0.001142617276
179042	0.001393276307
179043	0.002511640181
179044	0.0006606215492
179045	0.004990016927
179046	0.00266476882
179047	0.002520012223
179048	9.53269833e-05
179049	0.00020156027
179050	0.0001424883229
179051	0.0001190257984
179052	6.04588988e-05
179053	6.849977631e-05
179054	6.744785096e-05
179055	8.245053782e-05
179056	0.0001271184286
179057	4.503962671e-05
179058	0.0001199789121
179059	6.035035098e-05
179060	8.54730309e-05
179061	5.766922488e-05
179062	0.002587313465
179063	0.002236769365
179064	0.001181351677
179065	0.002172838467
179066	0.0002813682976
179067	0.0035226064
179068	0.0001653121774
179069	0.00168101627
179070	0.001159347356
179071	4.513077306e-05
179072	0.0006200442381
179073	0.0007711663973
179074	0.0004334210934
179075	0.002684400748
179076	0.0009030916247
179077	0.001492136798
179078	0.0002953991962
179079	0.001667079502
179080	0.0001121850366
179081	0.0002703894066
179082	0.001870457811
179083	0.0001892998383
179084	0.002448799509
179085	0.0009492300915
179086	2.116743318e-05
179087	0.0004689558986
179088	0.0005412245844
179089	0.0005399571255
179090	0.0007056064425
179091	0.003044781496
179092	0.0003487254872
179093	0.001292315999
179094	0.0005040010972
179095	1.565405622e-05
179096	0.0009760111852
179097	4.783467938e-05
179098	0.0004313077726
179099	0.0004437301317
179100	0.001714086304
179101	0.001790256789
179102	0.003309413893
179103	0.001194025458
179104	0.0006703888831
179105	0.003005714175
179106	0.0004523039164
179107	0.001102361757
179108	0.0003117503022
179109	0.0002463174307
179110	0.000721471024
179111	0.003189297894
179112	0.001493102132
179113	0.0005466889412
179114	0.006872976169
179115	0.0006603045324
179116	0.0004417139541
179117	0.0001196836901
179118	0.003669300845
179119	0.002345066541
179120	0.0002538890118
179121	0.004200734361
179122	0.0001907903611
179123	0.00112776161
179124	0.000135870946
179125	0.0002891585556
179126	6.610007696e-05
179127	9.837579763e-05
179128	0.0003935371665
179129	5.30493566e-05
179130	0.001590643994
179131	0.0002480051591
179132	9.050280676e-05
179133	0.00056501002
179134	0.001283104822
179135	0.00265797272
179136	0.00134882528
179137	0.0005998671445
179138	0.001756299935
179139	0.002447228609
179140	0.001489907283
179141	0.0003455613103
179142	0.001612077045
179143	0.002428438278
179144	5.237420454e-05
179145	0.0005585189235
179146	0.001274757142
179147	0.001080110137
179148	0.001032961511
179149	0.001750364882
179150	0.001089440724
179151	0.0003372512733
179152	0.0001380005339
179153	0.0007331590112
179154	0.0003928268385
179155	0.001968419666
179156	0.003190847688
179157	0.001670453746
179158	0.005903296988
179159	0.0001328515691
179160	0.001997039202
179161	0
179162	0.002664738989
179163	0.002862837799
179164	0.003117386668
179165	0.001489461753
179166	0.006374909093
179167	0.002169488999
179168	0.002019545005
179169	0.001510963078
179170	0.0005644068141
179171	8.405111079e-05
179172	0.001659444079
179173	0.002947582583
179174	0.0005455028107
179175	0.0004352907661
179176	0.0001516840074
179177	0.0003565101472
179178	0.003218877415
179179	0.0008699171354
179180	0.001118425869
179181	0.001592686863
179182	0.0006361594593
179183	0.002409557806
179184	0.0007076006176
179185	0.0008444342063
179186	0.001632113866
179187	0.0009337708485
179188	0.002575868039
179189	0.0006662265335
179190	0.001019912315
179191	0.0007932609593
179192	0.001109500511
179193	0.0006598278069
179194	0.001071562678
179195	0.001601694873
179196	0.0001876413164
179197	0.00296221528
179198	0.001994895145
179199	0.003849443036
179200	0.001325062304
179201	0.00361361244
179202	0.0002817325161
179203	0.00136766342
179204	0.002346490278
179205	0.001478285342
179206	0.001608764545
179207	0.0005171130592
179208	0.003165231769
179209	0.001468706828
179210	0.001979418819
179211	0.003555771067
179212	0.003402634642
179213	0.003369549308
179214	0.001093720068
179215	0.0002530340347
179216	0.002961160428
179217	0.001513317529
179218	0.002685183436
179219	0.0003364304559
179220	0.0003104645073
179221	0.0057750776
179222	0.002007918561
179223	0.004147502979
179224	0.00274023096
179225	0.002021316765
179226	0.002836035921
179227	0.003190578073
179228	0.002782545383
179229	0.0004994534505
179230	8.346952247e-05
179231	0.0009124222635
179232	0.002665737685
179233	0.0006285991924
179234	0.0002493889584
179235	0.001295998267
179236	0.001159993267
179237	0.00129107662
179238	0.001360447634
179239	0.0003787335595
179240	0.001143660893
179241	0.001183680038
179242	0.000332218169
179243	0.001745198157
179244	0.007388491793
179245	0.002827288292
179246	0.000393459615
179247	0.002342719806
179248	0.005030706681
179249	0.0007339819517
179250	0.001619898135
179251	9.824147766e-08
179252	0.0005278963626
179253	0.0008008839584
179254	0.001356991838
179255	0.00054899712
179256	0.002319024902
179257	0.001159960849
179258	0.002327000897
179259	0.001508169048
179260	0.0005304112133
179261	0.0004561241021
179262	0.001163538343
179263	0.002117580611
179264	0.004253968101
179265	0.004641923318
179266	0.001649682416
179267	0.000500980203
179268	0.004789528056
179269	0.002102529356
179270	0.002026560013
179271	0.005727353082
179272	0.00323409369
179273	0.0004953248193
179274	0.001265985601
179275	0.0006163646599
179276	0.0004147138853
179277	0.001246456928
179278	0.003729366526
179279	0.002766623389
179280	0.0003753096245
179281	0.0005441711478
179282	4.49505061e-05
179283	0.0002467523226
179284	0.003799532152
179285	0.001078378672
179286	0.003087061122
179287	0.0004455934261
179288	0.0006840211153
179289	0.000219087845
179290	0.007197103855
179291	0.0009285553093
179292	0.0002536664804
179293	0.002598372318
179294	0.001238796488
179295	0.002260830077
179296	0.004531404623
179297	0.004371030466
179298	0.0003199430805
179299	0.002198750582
179300	0.001698637469
179301	0.003610077465
179302	0.002552428283
179303	0.0008083705821
179304	0.004480479428
179305	0.002171873661
179306	0.0002495192871
179307	0.003763078394
179308	0.0001520746801
179309	0.001853622001
179310	0.001213191232
179311	0.001075991978
179312	0.001535324179
179313	0.003915721139
179314	0.002859492189
179315	0.002299105631
179316	0.0001280979023
179317	0.001287241706
179318	0.001159087026
179319	0.001337400956
179320	0.0002596297486
179321	0.0003800265313
179322	0.001700663399
179323	0.0003832310889
179324	0.0002967076732
179325	0.002551566379
179326	0.0004854946508
179327	0.002259523289
179328	0.000314617465
179329	0.000504664744
179330	0.002904687625
179331	6.858755495e-05
179332	0.004289057825
179333	0.0008423778339
179334	0.004568186488
179335	0.003534880803
179336	0.008701131827
179337	0.001159261178
179338	0.0008297567903
179339	0.001108685053
179340	0.002999269886
179341	0.0001587522812
179342	0.005117309617
179343	0.004238224189
179344	0.0002797314986
179345	0.0003207048913
179346	0.0001593083807
179347	0.0009806231676
179348	0.008289333755
179349	0.0007050981324
179350	0.004457317359
179351	0.001809026572
179352	0.005521058266
179353	0.001232076239
179354	0.0003319389343
179355	3.72324279e-05
179356	0.003991471745
179357	0.001626164527
179358	0.003657986089
179359	8.21875321e-05
179360	0.00244863319
179361	0.003551902976
179362	0.001011730153
179363	0.00156143608
179364	0.002145845877
179365	4.49505061e-05
179366	0.0006198515553
179367	0
179368	0.0009255726787
179369	0.00016262783
179370	0.005380828818
179371	0.0003173282046
179372	0.002071971975
179373	0.0007863213851
179374	0.003097045359
179375	0.002385367574
179376	0.001158373108
179377	0.0009455176663
179378	0.001909297954
179379	0.0004746818094
179380	0.001941400992
179381	0.001001912883
179382	0.0005595029084
179383	0.0007013535833
179384	0.0007570483888
179385	0.002382785268
179386	0.0001451839764
179387	0.003495731143
179388	0.001297213348
179389	0.0007176321745
179390	0.002495603194
179391	0.0009851725047
179392	0.001426516223
179393	0.0006574840162
179394	0.003420868019
179395	0.0006200233639
179396	0.002492644174
179397	0.002608639622
179398	0.003554386602
179399	0.001857703588
179400	0.0006626039317
179401	0.000897766444
179402	0.0007377201711
179403	0.0009410942416
179404	0.004555069241
179405	0.0009435046296
179406	0.003051920433
179407	0.00370904456
179408	0.0002462653692
179409	0.004864662598
179410	0.003646641381
179411	0.0005968901668
179412	0.004922545656
179413	0.00328697759
179414	0.001511261315
179415	0.002986037683
179416	0.003701995483
179417	0.001398090132
179418	0.0006655478863
179419	0.001125548002
179420	0.007875611979
179421	0.0008812620696
179422	0.00315347572
179423	0.00179751795
179424	0.002400179133
179425	0.0003916491739
179426	1.295123444e-05
179427	0.002392714103
179428	0.0007525064958
179429	0.003036700261
179430	0.0004641160241
179431	0.003337406547
179432	0.0002787117776
179433	0.001420495004
179434	0.003973790498
179435	0.001202333669
179436	0.001141419014
179437	0.004029975501
179438	0.0006711507475
179439	0.00351768342
179440	0.001981006744
179441	0.0008469304161
179442	0.001598838134
179443	0.003628176476
179444	0.008203939279
179445	0.001736055533
179446	0.0005876971627
179447	0.002760469727
179448	0.0002813551781
179449	0.001142057609
179450	0.002367733157
179451	0.0005075625314
179452	0.003096830773
179453	0.0002871351635
179454	0.0001456248024
179455	0.0005250577117
179456	0.002036933271
179457	0.005061194412
179458	0.001648336166
179459	0.002610360243
179460	0.001349751177
179461	0.001852432939
179462	0.005747259504
179463	0.002658318351
179464	0.002812314076
179465	0.001036395321
179466	0.0004340479686
179467	0.001740842836
179468	0.001496912731
179469	0.003616432945
179470	0.005366621642
179471	0.0001278668173
179472	0.0004908169793
179473	0.0001986007246
179474	0.001145863146
179475	0.002615991564
179476	0.0009701343144
179477	0.003584537229
179478	0.004419274392
179479	0.0006329928711
179480	0.001024577295
179481	0.0007625422899
179482	0.002101560637
179483	0.001770934699
179484	0.0002463574251
179485	0.001038879034
179486	0.000421002561
179487	0.002176173983
179488	0.001838255954
179489	0.0002737551748
179490	0.00136691247
179491	1.478577496e-05
179492	0.001042639089
179493	0.0008782261811
179494	0.0008764437816
179495	0.002655043451
179496	0.0005735980329
179497	0.0004625434168
179498	0.00117496704
179499	0.0009927175554
179500	0
179501	0.0004894396347
179502	0.004651568388
179503	0.002677029347
179504	0.001795878348
179505	0.004214575989
179506	2.749289894e-05
179507	0.001143078361
179508	0.001116799938
179509	0.0001963937497
179510	0.0002883620198
179511	5.215584082e-05
179512	0.005206638769
179513	0.003825553281
179514	0.006165435138
179515	0.000627870281
179516	0.0003836649286
179517	0.001206923826
179518	0.0005128855486
179519	0.0001840830356
179520	0.002309511434
179521	0.002943020873
179522	0.0002808067684
179523	0.004469031849
179524	0.005574401907
179525	0.001079258521
179526	0.0003236911915
179527	0.003623188127
179528	0.0001321915359
179529	0.0003587145921
179530	0.003213962375
179531	0.003808757173
179532	0.0009994136403
179533	0.0002645170988
179534	0.001057795066
179535	0.0002930484896
179536	0.00135011719
179537	0.003157958676
179538	0.004650031009
179539	0.00222460456
179540	0.0006112016735
179541	0.005835382038
179542	0.001969856057
179543	0.0006859371542
179544	0.0005245341898
179545	0.001760759293
179546	0.0003277563352
179547	5.187458178e-07
179548	0.002028301649
179549	0.0007343513884
179550	0.001141846406
179551	0.001733231464
179552	0.000521327687
179553	0.001671631462
179554	0.001452858104
179555	0.0009771841538
179556	0.0008510882752
179557	0.0009213477444
179558	0.0008541626216
179559	0.0008655370172
179560	0.001131987541
179561	0.0009160722066
179562	0.002144743054
179563	0.0009473185067
179564	0.001012594488
179565	0.0004384146571
179566	0.0017155567
179567	0.0001894966757
179568	0.0001610585707
179569	0.001532052097
179570	0.0004005166872
179571	0.0002505528879
179572	0.0008361401365
179573	0.0001431340169
179574	0.0006145809843
179575	0.002291220837
179576	0.0006040798602
179577	0.001616249753
179578	0.001363773711
179579	0.0007406510008
179580	0.004353666227
179581	0.001428731852
179582	0.0009725189824
179583	0.0001152820578
179584	0.00246518545
179585	0.001531170992
179586	0.001911326795
179587	0.00150773437
179588	0.0004113329277
179589	6.143385482e-05
179590	0.001813336316
179591	0.0002301767938
179592	0.0005577065419
179593	0.001165553547
179594	0.0008611394651
179595	0.0005623011317
179596	0.0003283615361
179597	0.0004613363808
179598	0.0005607678708
179599	0.0001315408269
179600	0.001674399101
179601	0.0001389034851
179602	0.001159990701
179603	0.0005140448942
179604	0.0009636759191
179605	0.0006561594669
179606	0.0003437992933
179607	0.0003423055701
179608	7.889083786e-05
179609	0.0008079925809
179610	0.0003917963468
179611	0.001230233884
179612	0.0009057977505
179613	0.001605583285
179614	0.0009557579127
179615	0.000833071555
179616	2.371789453e-05
179617	0.0006850859132
179618	0.0005213079836
179619	0.001120274795
179620	0.0005305585477
179621	0.004326402636
179622	0.003991089618
179623	0.003329170931
179624	0.003221172684
179625	0.004568554824
179626	0.004293630487
179627	0.005082583512
179628	0.001392489469
179629	0.001758466577
179630	0.001979583847
179631	0.002304432752
179632	0.0001412134414
179633	0.0007393652835
179634	0.003264353309
179635	0.005564708847
179636	0.00523149724
179637	0.001604303588
179638	0.004546985468
179639	0.001180321214
179640	0.0006493631493
179641	0.001742375746
179642	0.008648707411
179643	0.002256752389
179644	0.006514860976
179645	0.0010446149
179646	0.001398021795
179647	5.420777905e-05
179648	0.005894417929
179649	0.0007162322672
179650	0.000828685434
179651	0.003368146549
179652	0.0002710729193
179653	6.076081556e-05
179654	0.001629420933
179655	0.0003919225184
179656	0.0001668040189
179657	0.002312054888
179658	0.001994633943
179659	0.000339821649
179660	0.0005009315136
179661	4.92015558e-05
179662	0.001507948772
179663	7.881100186e-05
179664	0.000244065369
179665	0.0001206923061
179666	5.151701975e-05
179667	0.0003362966538
179668	0.0003159315755
179669	0.0001432099517
179670	4.181528958e-06
179671	0.0001283513803
179672	7.974547873e-05
179673	0.0004750584396
179674	2.033011586e-06
179675	0.0001312486893
179676	0.0009134581487
179677	2.938371025e-05
179678	0.001550497485
179679	0.0002143621536
179680	0.0002332953587
179681	0.001288878639
179682	1.924721079e-05
179683	0.000155164888
179684	0.0002005256994
179685	0.0007091554897
179686	4.789117649e-06
179687	0.0006058551234
179688	0.000663594119
179689	0.0001888961222
179690	0.0002289568809
179691	2.862284278e-05
179692	0.0003845855387
179693	0.0002313609825
179694	3.756115257e-05
179695	9.529803243e-05
179696	0.001106854492
179697	0.0004370914595
179698	0.0001717439142
179699	0.0003215531049
179700	0.0007493965136
179701	0.0001029398888
179702	0.0001297723068
179703	0.0001979957787
179704	0.001288476241
179705	8.295436162e-05
179706	0.001429280366
179707	7.524152954e-05
179708	0.0002464132055
179709	0.0005846243664
179710	0.0008241632235
179711	0.0003733998147
179712	0.0009848113304
179713	0.0002798528986
179714	0.0007131141115
179715	0.0005714213796
179716	0.001839714398
179717	3.275767578e-06
179718	0.0008393194522
179719	6.609336674e-05
179720	0.0007516046992
179721	0.001354241346
179722	0.0004648362094
179723	0.0001608360197
179724	0.0008327877494
179725	0.001067447451
179726	0.001888604074
179727	0.000752624349
179728	0.0003000888381
179729	0.0004846533438
179730	0.000324681919
179731	0.000849662428
179732	0.0005664132569
179733	0.0002751156784
179734	0.0003826506232
179735	0.0007046854952
179736	0.0005109690746
179737	0.0006404850225
179738	0.0007337481604
179739	0.004083965072
179740	0.0001847769512
179741	0.0002199951095
179742	1.844656359e-05
179743	0.000724400087
179744	0.000995892835
179745	0.0009887926385
179746	0.001025244918
179747	3.453379221e-06
179748	0.0003583155667
179749	0.0004286360191
179750	0.0004931189371
179751	0.0005147913452
179752	0.000917558913
179753	0.000294889216
179754	0.000532888202
179755	0.000824414695
179756	0.0003212073921
179757	0.0003857487073
179758	0.0002113549326
179759	0.0005683698003
179760	0.0008316529672
179761	0.0003461787658
179762	0.001112750202
179763	0.0009863325609
179764	0.0004291225438
179765	0.0002166434111
179766	6.701786011e-05
179767	0.000708592136
179768	0.0002179935473
179769	0.001270658399
179770	0.001686835977
179771	0.0004349102623
179772	0.0005392838533
179773	0.002967386612
179774	0.002248470574
179775	0.002042894162
179776	0.002467057368
179777	0.002749177557
179778	0.002048802164
179779	0.00306561855
179780	0.002771839592
179781	0.002901109113
179782	0.002226009582
179783	0.002114339634
179784	0.002423662722
179785	0.002889929602
179786	0.002741652702
179787	0.003202154643
179788	0.003559539906
179789	0.001486846568
179790	0.002455488472
179791	0.00257292849
179792	0.0003061943694
179793	0.001667240532
179794	0.002721236683
179795	0.002322085609
179796	0.001582921732
179797	0.002888551134
179798	0.002101953188
179799	0.002229346554
179800	0.003491504981
179801	0.002685776067
179802	0.002315916725
179803	0.003169672141
179804	0.003338349367
179805	0.002295863121
179806	0.002266674017
179807	0.003226274078
179808	0.002392854195
179809	0.00305024835
179810	1.900263211e-05
179811	0.002814016402
179812	0.00308458366
179813	0.002447091889
179814	0.003817937785
179815	0.004307860541
179816	0.004041578183
179817	0.004092879289
179818	0.004386210218
179819	0.003970659221
179820	0.004105042002
179821	0.004294292138
179822	0.004254510361
179823	0.004061784093
179824	0.002912493792
179825	0.004052428518
179826	0.003633303252
179827	0.00460088158
179828	0.0024657691
179829	0.005010433894
179830	0.003021251724
179831	0.002660096944
179832	0.003400231322
179833	0.002686292751
179834	0.001864212836
179835	0.002303807408
179836	0.005634318393
179837	0.003959165882
179838	0.005137605529
179839	0.004483318166
179840	0.003987751627
179841	0.004005693937
179842	0.004838155435
179843	0.004481892524
179844	0.003010764818
179845	0.004172222845
179846	0.002671084227
179847	0.004572802752
179848	0.004333991993
179849	0.004698501321
179850	0.004546171706
179851	0.004763851481
179852	0.004178404769
179853	0.0001815183849
179854	0.0001400261068
179855	1.169165938e-06
179856	0.0004553509972
179857	0.001028669174
179858	0.0007975560922
179859	0.0001554216313
179860	0.0005036673439
179861	0.000453877095
179862	0.0006237271288
179863	0.0001213322199
179864	0.0007171405338
179865	0.0001355435131
179866	0.0004094481117
179867	9.067467778e-05
179868	0.0002795120041
179869	0.0004406969765
179870	1.588092606e-05
179871	6.375278311e-05
179872	0.0002477829607
179873	0.0002447263628
179874	0.001311225446
179875	0.001005166587
179876	5.761842212e-05
179877	0.0001024396584
179878	0.001227960812
179879	0.001056563289
179880	0.0005664453907
179881	0.001202989233
179882	0.0005074338515
179883	9.943521227e-05
179884	0.0007176483249
179885	0.0001081255508
179886	0.0005222032941
179887	0.000833522169
179888	0.0004754704137
179889	9.543916075e-05
179890	0.001062838811
179891	0.0008914662032
179892	0.000323184999
179893	0.0003582854079
179894	0.0001992928378
179895	0.0016942914
179896	0.002823447963
179897	0.0002556892187
179898	0.0005708818679
179899	0.0005635312399
179900	0.0005421685214
179901	0.001047302532
179902	0.00135911791
179903	0.0003034598164
179904	0.0009922529659
179905	0.0006351964354
179906	0.0004129102949
179907	0.001209151583
179908	0.0007027320135
179909	0.0005270860646
179910	0.0004968023977
179911	0.001031170338
179912	0.000740834805
179913	0.0003115743569
179914	0.0003284775338
179915	0.0008685495099
179916	0.0003980870333
179917	0.000680003142
179918	0.0008058563006
179919	0.0007996027664
179920	0.001293219341
179921	0.0005697435664
179922	0.0001890658453
179923	0.0003743947282
179924	0.0003056991392
179925	0.0007044645573
179926	0.0002767854838
179927	0.0005119979108
179928	0.001183909067
179929	0.003916547369
179930	0.0004372041995
179931	0.001036851947
179932	0.001326570995
179933	0.0004448527613
179934	0.00125636954
179935	0.001023204531
179936	0.000927062918
179937	0.001154907047
179938	0.000623822227
179939	0.000689340335
179940	0.0005127740249
179941	0.001123907195
179942	0.00120525478
179943	0.001391430707
179944	0.00115866731
179945	0.002314448131
179946	0.0009647236556
179947	0.0004070752487
179948	0.001630582704
179949	0.001066940827
179950	0.001376428937
179951	0.001598398831
179952	0.001291042939
179953	0.0001871508125
179954	0.001339153446
179955	0.0007373255903
179956	0.0006058264732
179957	0.001159299122
179958	0.0002802810984
179959	0.001444328724
179960	0.0009481013349
179961	0.00118142743
179962	0.001346668183
179963	0.001062610583
179964	0.001426097395
179965	0.001216211947
179966	0.0007356714183
179967	0.001245218973
179968	0.001040818047
179969	0.001058553306
179970	0.0005211538708
179971	0.0002240577983
179972	0.0006124161488
179973	0.000745096978
179974	0.0008978435163
179975	0.001253504519
179976	0.0005210860504
179977	0.001541322604
179978	0.002170434918
179979	0.002146193256
179980	0.000416377708
179981	0.0007723565833
179982	0.0006003530349
179983	0.0005328803749
179984	0.001501085035
179985	0.001133161819
179986	0.0006287920907
179987	0.0009656008062
179988	0.0009041886061
179989	0.001169183046
179990	0.0001035713753
179991	0.0007562601601
179992	0.000428447967
179993	0.00103024647
179994	0.001018306783
179995	0.001346664626
179996	0.0007173175546
179997	0.0005398851552
179998	0.0005835336885
179999	0.001181478576
180000	0.0009759142673
180001	0.001003901867
180002	0.0008787272024
180003	0.001000747371
180004	6.991670585e-05
180005	0.001245269505
180006	0.0009635867103
180007	0.003068877922
180008	0.0002821938201
180009	0.0005230542793
180010	0.0007980177251
180011	0.001574451537
180012	0.0004235308225
180013	9.525318858e-05
180014	0.0001967016467
180015	0.001479012872
180016	0.001544999068
180017	0.0009586789739
180018	0.0001313301671
180019	0.0008867050883
180020	0.000718653968
180021	0.001344377263
180022	0.0009531346143
180023	0.0007858791914
180024	0.004076024775
180025	0.001337289389
180026	0.003712625753
180027	0.003842564198
180028	0.0006522168197
180029	0.0009837165519
180030	0.002410597971
180031	0.004165154519
180032	0.00389641098
180033	0.004086062741
180034	0.003602166313
180035	0.004310996817
180036	0.004223378965
180037	0.004169017911
180038	0.004123998665
180039	0.004248408123
180040	0.00501184299
180041	0.002955038844
180042	0.003480948781
180043	0.004057515296
180044	0.004266175228
180045	0.003728505423
180046	0.00318971524
180047	0.003873269674
180048	0.00415456226
180049	0.004149354169
180050	0.004416260556
180051	0.002950240015
180052	0.003707141527
180053	0.004200747464
180054	0.003467637629
180055	0.004124652848
180056	0.004138788912
180057	0.003657895879
180058	0.004407591237
180059	0.003768808764
180060	0.003682291351
180061	0.002710918868
180062	0.004268431064
180063	0.004813478544
180064	0.004296353779
180065	0.004541209112
180066	0.003466375712
180067	0.004070959486
180068	0.002959168214
180069	0.004389150117
180070	0.004082868041
180071	0.003320359928
180072	0.004341930793
180073	0.003554907906
180074	0.003468587222
180075	0.003880078796
180076	0.00224342446
180077	0.002741109877
180078	0.002103777753
180079	0.00288989807
180080	0.001216771923
180081	0.001229024748
180082	0.004024320639
180083	0.002596524895
180084	0.001701321443
180085	0.002439792625
180086	0.002288099034
180087	0.002996361759
180088	0.0015046876
180089	0.0002898920069
180090	0.001964403219
180091	0.00242569267
180092	0.002113471108
180093	0.001766858827
180094	0.003197231412
180095	0.00249843352
180096	0.002480446529
180097	0.002783188141
180098	0.00248725066
180099	0.002823828487
180100	0.003991402987
180101	0.002658606177
180102	0.001639400037
180103	0.002257089476
180104	0.001444484851
180105	0.001442885391
180106	0.002974449768
180107	0.002593360078
180108	0.002356278288
180109	0.00306863573
180110	0.002845812321
180111	0.001120333816
180112	0.002284304869
180113	0.002663051604
180114	0.002508544816
180115	0.00197805965
180116	0.002368867985
180117	0.002261427353
180118	0.00526996418
180119	0.004990265282
180120	0.005557767518
180121	0.005309753688
180122	0.005692159917
180123	0.005291396771
180124	0.004998106252
180125	0.005825074474
180126	0.005021715557
180127	0.005440458631
180128	0.005655347334
180129	0.005221857169
180130	0.005111458917
180131	0.005057410955
180132	0.004756294115
180133	0.005521130608
180134	0.005612275025
180135	0.006103051463
180136	0.00569528315
180137	0.00514730911
180138	0.005384243501
180139	0.004852609856
180140	0.004640680248
180141	0.004666309183
180142	0.00444473401
180143	0.005796341366
180144	0.005595349206
180145	0.004911148835
180146	0.004796380711
180147	0.006877259961
180148	0.005016098004
180149	0.005417793623
180150	0.007132553445
180151	0.006131554237
180152	0.005519977055
180153	0.00543685232
180154	0.004516055397
180155	0.004120724301
180156	0.00305809518
180157	0.004075876981
180158	0.004430019056
180159	0.005117576323
180160	0.005176433826
180161	0.004902142643
180162	0.005938573819
180163	0.005195229023
180164	0.003823430144
180165	0.005551215661
180166	0.004999328865
180167	0.004422411917
180168	0.004408574022
180169	0.005360506539
180170	0.005200303493
180171	0.004177993961
180172	0.005358832104
180173	0.004074093378
180174	0.004068967157
180175	0.00497491339
180176	0.002328198296
180177	0.001426885614
180178	0.001999270151
180179	0.002284317486
180180	0.002453180949
180181	0.002302828615
180182	0.002903024479
180183	0.003339273734
180184	0.002857384984
180185	0.001749896236
180186	0.003242309366
180187	0.002450884713
180188	0.002895142903
180189	0.00201026477
180190	0.002445637541
180191	0.002468963257
180192	0.002605336836
180193	0.0006944334188
180194	0.002405138316
180195	0.002802474169
180196	0.002892372292
180197	0.002527793687
180198	0.002377163953
180199	0.003467689634
180200	0.00237734095
180201	0.002609349866
180202	0.002833832759
180203	0.002677668618
180204	0.001986411343
180205	0.002621256326
180206	0.002966477862
180207	0.003382763661
180208	0.003004830473
180209	0.002651341006
180210	0.002546883569
180211	0.003577181465
180212	0.003268787311
180213	0.003552921694
180214	0.003782006849
180215	0.003309926286
180216	0.003183881779
180217	0.002999131408
180218	0.002544954351
180219	0.003193729337
180220	0.0001202701408
180221	0.002687429136
180222	0.004296152169
180223	0.00331326569
180224	0.00279003968
180225	0.003225342949
180226	0.002756321356
180227	0.003034906652
180228	0.001071209699
180229	0.002983721114
180230	0.004065171418
180231	0.002663955831
180232	0.003136732264
180233	0.003182338401
180234	0.002910854627
180235	0.003156331686
180236	0.003059642184
180237	0.002727294331
180238	0.002772962551
180239	0.002634366261
180240	0.003851649765
180241	0.00469418489
180242	0.003269694674
180243	0.003167722113
180244	0.0008639444372
180245	0.0006209277187
180246	0.003202349273
180247	0.0004481660349
180248	0.0008703975931
180249	0.0007824593054
180250	0.001440891869
180251	2.22790941e-05
180252	0.0007807966539
180253	0.001290313019
180254	0.0009704635814
180255	0.00113234885
180256	0.0008368045488
180257	0.0005805255621
180258	0.0007756685522
180259	0.001233579712
180260	0.001366759002
180261	0.0002809863414
180262	0.001358590915
180263	0.0008009938812
180264	0.0001167363643
180265	0.0009138088922
180266	5.581035215e-05
180267	0.0009795476436
180268	2.473614313e-05
180269	0.0009838667484
180270	0.001012980643
180271	0.0009482249903
180272	0.0007819625353
180273	0.0007032378361
180274	0.0007140705131
180275	0.00150162185
180276	0.004212440029
180277	0.0006816673133
180278	0.001333034269
180279	0.003898417457
180280	0.0007035767584
180281	0.0009555620139
180282	0.0005474518824
180283	0.000829706133
180284	0.0008548930288
180285	0.0006901343196
180286	0.0006754042879
180287	0.001096324415
180288	0.001114155681
180289	0.001033257147
180290	0.0007252698903
180291	1.46989867e-05
180292	0.0005276918632
180293	0.0003935791356
180294	0.001648271277
180295	0.0003699236632
180296	0.0005131571496
180297	0.0001062692249
180298	4.343227552e-05
180299	0.0005177424875
180300	0.0007116398177
180301	8.831351587e-05
180302	0.0006728739165
180303	0.0006601268505
180304	0.0001796934242
180305	5.083733908e-07
180306	0.001368481199
180307	0.0007533446666
180308	0.0002891476173
180309	0.0004341225122
180310	0.000570320325
180311	0.001122397621
180312	5.926523859e-05
180313	7.455978767e-05
180314	0.0002934853977
180315	0.000572119752
180316	0.0005130263979
180317	0.0002795273405
180318	0.0006566747326
180319	1.833061746e-06
180320	0.000133509214
180321	0.0008574758929
180322	0.0002222569322
180323	0.001495389589
180324	0.0001616789444
180325	7.164988081e-05
180326	3.455319859e-05
180327	0.000176567116
180328	0.0001225850458
180329	0.0002217521728
180330	9.57977217e-06
180331	0.001440576914
180332	0.0002532166054
180333	0.001383180223
180334	0.001422789087
180335	0.002037343779
180336	0.0008272810272
180337	0.001439366764
180338	0.003423131798
180339	0.00175112158
180340	0.001275248778
180341	0.001324715506
180342	0.001175409225
180343	0.0006896228722
180344	0.0005796777765
180345	0.0005086723584
180346	0.0005426468517
180347	0.001721907389
180348	0.001512284758
180349	0.002012865968
180350	0.001489150099
180351	0.001225582721
180352	0.001353884643
180353	0.001993781355
180354	0.001018413143
180355	0.001119659722
180356	0.0008821298827
180357	0.001616662653
180358	0.001713016382
180359	0.001955719723
180360	0.001573516631
180361	0.001349973037
180362	0.001506693277
180363	0.001449009602
180364	0.001748569483
180365	0.002094301475
180366	0.0009396581846
180367	0.001480158459
180368	0.001389059792
180369	0.001409561311
180370	0.001446949515
180371	0.001188372243
180372	0.001751167401
180373	0.002304622568
180374	0.002021551136
180375	0.00136022317
180376	0.001245673849
180377	0.001594921973
180378	0.001589491067
180379	0.00138608139
180380	0.001687585317
180381	0.002750582237
180382	0.001318322207
180383	0.001550041935
180384	0.0001082440005
180385	0.00154212113
180386	0.001370453321
180387	0.00424574894
180388	0.001663049311
180389	0.001613621442
180390	0.001649774411
180391	0.00133795716
180392	0.003163882255
180393	0.002813492352
180394	0.003180666678
180395	0.002580052023
180396	0.002720151341
180397	0.003260289874
180398	0.003203796252
180399	0.003254459004
180400	0.003434283996
180401	0.002601290376
180402	0.002237093998
180403	0.002909301948
180404	0.003768183087
180405	0.004543087917
180406	0.002738016251
180407	0.003512161659
180408	0.002771975669
180409	0.002888229308
180410	0.002541270282
180411	0.001600800804
180412	0.003462611694
180413	0.003081956577
180414	0.003836528902
180415	0.003080345934
180416	0.003503795478
180417	0.003226288521
180418	0.003298006019
180419	0.002975621691
180420	0.002633001681
180421	0.002475614409
180422	0.003618870416
180423	0.002357398144
180424	0.002718421367
180425	0.00310787195
180426	0.00308371826
180427	0.003048850233
180428	0.002731783993
180429	0.002823128954
180430	0.004269996132
180431	0.001964280356
180432	0.002619510542
180433	0.003396967358
180434	0.002762884007
180435	0.003329211553
180436	0.002793562747
180437	0.004404385094
180438	0.005470319591
180439	0.005266010014
180440	0.004891282173
180441	0.004353625857
180442	0.004964829391
180443	0.001775820446
180444	0.004801241623
180445	0.004983539827
180446	0.005065895277
180447	0.004065432035
180448	0.00478903254
180449	0.00422560151
180450	0.004649752813
180451	0.004000120519
180452	0.004057729066
180453	0.004748385273
180454	0.005166821556
180455	0.004590788648
180456	0.004742869278
180457	0.005451955183
180458	0.004843645066
180459	0.004577778725
180460	0.004520091172
180461	0.003684430026
180462	0.004657867206
180463	0.005896421001
180464	0.004062436109
180465	0.004582318723
180466	0.005014715647
180467	0.004456898292
180468	0.003468426636
180469	0.00467333323
180470	0.005511466974
180471	0.004213555472
180472	0.004507904247
180473	0.003989454426
180474	0.004826845409
180475	0.004529207705
180476	0.004662839609
180477	0.004822574249
180478	0.004265559345
180479	8.812301222e-05
180480	0.0007586277143
180481	0.0003958860686
180482	0.0005155023699
180483	0.0001640987814
180484	0.0002687437326
180485	0.0008836373151
180486	0.001479210463
180487	0.0004065080121
180488	0.002245044912
180489	0.0005657234816
180490	0.0001791796725
180491	0.00120609043
180492	6.982966416e-05
180493	0.000128313734
180494	0.001667799439
180495	0.002633967186
180496	0.001605671819
180497	0.0006225618093
180498	0.0004015085031
180499	0.000482588699
180500	7.012123245e-05
180501	2.542127249e-05
180502	0.001563209381
180503	4.993447679e-05
180504	0.001201803933
180505	0.0008077473602
180506	0.0005515575051
180507	0.001861827946
180508	0.003524305883
180509	0.001334860995
180510	0.0005834904377
180511	0.0001964095504
180512	0.001626031211
180513	7.147894745e-05
180514	0.000122341873
180515	0.0002664784489
180516	0.0002637742298
180517	0.0007017470832
180518	0.0004658532117
180519	0.0001972613554
180520	7.75111645e-05
180521	0.001560604767
180522	0.0001594882712
180523	0.001302785391
180524	0.002039977131
180525	0.000238359209
180526	0.0005618796017
180527	0.001470545412
180528	2.357843426e-05
180529	0.0001942755313
180530	0.0003601454548
180531	0.001761805018
180532	0.0001246917394
180533	0.0003553869345
180534	0.0009099633325
180535	2.315441257e-06
180536	0.0001677938706
180537	0.0009497564869
180538	0.0002104179488
180539	0.0003741669811
180540	0.0001726665988
180541	0.0003086739469
180542	0.0002181349514
180543	0.0001511233465
180544	0.005297620678
180545	0.003529821696
180546	0.005132980679
180547	0.004232843909
180548	0.005213460288
180549	0.005589747382
180550	0.00531772956
180551	0.006892031516
180552	0.003715984703
180553	0.003189782501
180554	0.004554885171
180555	0.006040673955
180556	0.00517584331
180557	0.004776683762
180558	0.004918446834
180559	0.005537020001
180560	0.005287530784
180561	0.00515565326
180562	0.006161298725
180563	0.004202496519
180564	0.004845090992
180565	0.004672811419
180566	0.003342205737
180567	0.00419428914
180568	0.00520485185
180569	0.005358224723
180570	0.0054034902
180571	0.00240640162
180572	0.004963474293
180573	0.004951693382
180574	0.005449928396
180575	0.005338702796
180576	0.00501132453
180577	0.000492557399
180578	0.0007003741888
180579	0.0003540215084
180580	0.0003220429664
180581	0.0002099248526
180582	0.0002823832152
180583	0.0002752711601
180584	0.00100788123
180585	0.0002580148397
180586	5.446689678e-05
180587	0.0004567697832
180588	0.0002721326734
180589	1.198956665e-05
180590	0.0007640879422
180591	0.000703711104
180592	0.0002693288765
180593	0.0006161992793
180594	0.0002172108858
180595	0.00110472094
180596	0.001494597419
180597	0.001135403531
180598	0.0003763900187
180599	0.001257002878
180600	0.001092690117
180601	0.001039200536
180602	0.0009853565125
180603	0.0008515041347
180604	0.001052500971
180605	0.0008093514583
180606	0.0008520086711
180607	0.001460574573
180608	0.0007540948111
180609	0.00104067473
180610	0.0006472413597
180611	0.0002970523515
180612	0.0004843836215
180613	0.002894142218
180614	0.001386830569
180615	0.001380063415
180616	0.0005666056136
180617	0.00140213203
180618	0.001079182806
180619	0.0009645304487
180620	0.0006691621286
180621	0.001241519527
180622	0.001102211963
180623	0.001524338752
180624	0.001681481358
180625	0.001136807905
180626	0.0005784016339
180627	0.001537781329
180628	0.001143316162
180629	0.001040117383
180630	0.0009820752567
180631	0.001062229249
180632	0.0004950252423
180633	0.004194875479
180634	0.001121957061
180635	0.003272074219
180636	0.002697614471
180637	0.0002428603084
180638	0.000593242684
180639	0.001200439347
180640	4.388503463e-05
180641	0.0006527299068
180642	0.00102676655
180643	0.0009765336258
180644	0.0005448960068
180645	0.0001619541975
180646	0.000602256566
180647	0.0005169668751
180648	0.001274264769
180649	0.001188417883
180650	0.0005083825392
180651	0.0007494031787
180652	0.001117415147
180653	0.0003638437321
180654	0.000536974462
180655	0.0004389606516
180656	0.000202630534
180657	0.0005946936554
180658	0.0009371747655
180659	0.0006325023395
180660	0.0005093224603
180661	0.0009336748049
180662	2.988475833e-05
180663	0.0002312897757
180664	0.0005477097301
180665	0.0001266178652
180666	0.0004506581644
180667	0.002793531999
180668	0.0008685198305
180669	0.001289277569
180670	0.001404451926
180671	0.0006211955422
180672	0.0001245294557
180673	0.001177089623
180674	0.000458658641
180675	0.001054101693
180676	0.0006323786579
180677	0.000858207494
180678	2.056717369e-05
180679	5.788217477e-05
180680	0.002258914421
180681	0.0004252782928
180682	0.0002294141153
180683	0.0002939155911
180684	0.0004317764695
180685	0.0003002501911
180686	0.0003287022919
180687	0.0007153372565
180688	0.0004067210275
180689	0.0003596730695
180690	0.00184312054
180691	0.001525631975
180692	3.334083662e-05
180693	0.0001460901451
180694	0.0006618483272
180695	0.0004161474124
180696	0.0006952395693
180697	0.001414853226
180698	0.0004865860861
180699	0.001263042175
180700	0.0009621958417
180701	6.47561443e-05
180702	0.0001041323439
180703	0.001524431686
180704	0.0007378702297
180705	6.125255975e-07
180706	1.047249443e-05
180707	0.0005450801639
180708	0.0006423776902
180709	0.0007932259751
180710	0.0004366261777
180711	0.001058658194
180712	0.0004604968461
180713	0.0008459898618
180714	0.0003909192117
180715	0.0003336555233
180716	0.0005270225154
180717	0.0006361094644
180718	0.002778917564
180719	0.002779854933
180720	0.002431161359
180721	0.002577413294
180722	0.002716969881
180723	0.002957173758
180724	0.002433044565
180725	0.002690804097
180726	0.002897488557
180727	0.002698277481
180728	0.003096520019
180729	0.002891543673
180730	0.002800130329
180731	0.002942160637
180732	0.002823013
180733	0.002004903366
180734	0.003364507543
180735	0.002241266281
180736	0.002674552003
180737	0.002452443308
180738	0.002672337057
180739	0.00279135993
180740	0.002907011245
180741	0.003172411537
180742	0.00271089342
180743	0.002499211754
180744	0.001107597465
180745	0.002248929222
180746	0.00295521349
180747	0.003000778291
180748	0.00261305643
180749	0.002933661895
180750	0.003388612127
180751	0.003561268648
180752	0.003671278856
180753	0.003978155779
180754	0.003175347253
180755	0.003080058127
180756	0.005386218768
180757	0.004453653566
180758	0.004507078548
180759	0.004910900451
180760	0.004175760901
180761	0.004990463609
180762	0.004162433134
180763	0.003907595212
180764	0.004444249757
180765	0.00436837334
180766	0.005404941093
180767	0.003506146869
180768	0.004257810182
180769	0.004424313062
180770	0.007543597553
180771	0.003940767582
180772	0.0001135275987
180773	0.0004073642173
180774	0.0003842561492
180775	0.0009814802683
180776	0.001859158865
180777	0.0005578219179
180778	2.47434131e-05
180779	0.0005238572775
180780	0.0002991548569
180781	0.0007640919638
180782	0.0001948210372
180783	0.0009503660391
180784	0.0005986285747
180785	0.0001368487427
180786	0.0003741394539
180787	0.000577498399
180788	9.871991271e-05
180789	0.0003946732735
180790	0.003105908578
180791	0.0002322338795
180792	2.860695579e-05
180793	0.0004196463956
180794	0.0003177652027
180795	0.0002345426982
180796	0.0002090117833
180797	0.003118098693
180798	0.0003706505419
180799	6.047343679e-05
180800	0.0004038849337
180801	0.000406603139
180802	0.0006872106152
180803	0.0006494507906
180804	0.0002778165803
180805	0.0005638125689
180806	0.0003947902632
180807	0.0003221783683
180808	0.0003451215597
180809	0.0008121145784
180810	0.0002509193499
180811	0.0006404366295
180812	0.002079125888
180813	0.001065733448
180814	0.000775502906
180815	0.000369475684
180816	0.0001781820805
180817	0.0001417571132
180818	0.0008689082891
180819	0.0001733093104
180820	0.0007988085193
180821	0.002713975392
180822	0.0002943093745
180823	0.0004294610737
180824	6.194689916e-05
180825	0.0007253631785
180826	9.405936251e-05
180827	0.00180539569
180828	0.002100745261
180829	0.0001364198988
180830	0.002327586692
180831	0.002829912313
180832	0.002374063612
180833	0.002491000495
180834	0.002527642112
180835	0.001198297058
180836	0.002134817964
180837	0.002720114428
180838	0.002579219216
180839	0.002219893313
180840	0.002475592386
180841	0.002263898205
180842	0.002220512487
180843	0.002220569172
180844	0.002050012635
180845	0.002333934787
180846	0.002403309783
180847	0.002271597606
180848	0.002205685044
180849	0.002424285099
180850	0.002940464901
180851	0.002486879912
180852	0.001939860767
180853	0.002181102077
180854	0.002906971661
180855	0.002233197733
180856	0.002907625889
180857	0.002324233335
180858	0.002520529787
180859	0.001488111523
180860	0.002708365609
180861	0.001886084024
180862	0.002507111082
180863	0.001557612793
180864	0.002624717172
180865	0.002416163088
180866	0.002458656868
180867	0.002750829193
180868	0.0005998916826
180869	0.002547067495
180870	0.002579855002
180871	0.001970747651
180872	0.002279009866
180873	0.002070325053
180874	0.002206555409
180875	0.002475898951
180876	0.002609173555
180877	0.002354665786
180878	0.002603019821
180879	0.002145336253
180880	0.002357014987
180881	0.002188678211
180882	0.00184834047
180883	0.002368474564
180884	0.002601226798
180885	0.002526490526
180886	0.002398048546
180887	0.002299736608
180888	0.002638364636
180889	0.002091332879
180890	0.002178460268
180891	0.002271623026
180892	0.002319548981
180893	0.0008999924107
180894	0.0009591875812
180895	0.001066422948
180896	0.0006002976319
180897	0.001020422166
180898	0.002715422901
180899	0.001412668591
180900	0.002234901456
180901	0.001797725399
180902	0.00137363425
180903	0.001186256436
180904	0.001981568221
180905	0.0007602786016
180906	0.001215482094
180907	0.001154396267
180908	0.001906859409
180909	0.0009091772308
180910	0.00147919787
180911	0.002344132358
180912	9.164635717e-05
180913	0.001194928612
180914	0.001299385892
180915	0.0004419954161
180916	0.001526368828
180917	0.001305983079
180918	0.001024236205
180919	0.0008317311848
180920	0.0008449203745
180921	0.001579254213
180922	0.001380628963
180923	0.0003275666526
180924	0.0005410598457
180925	0.00149204642
180926	0.003344827631
180927	0.001084499772
180928	0.0008441722358
180929	0.002734634737
180930	0.002133971436
180931	0.00128813859
180932	0.0002160733397
180933	0.001110502466
180934	0.0002302217456
180935	0.000583628705
180936	0.000675858327
180937	0.0003572271051
180938	0.0006628254346
180939	0.002089024326
180940	0.001242080497
180941	0.0004321265364
180942	0.0006153499088
180943	0.0006149884212
180944	6.376320306e-05
180945	0.0007875292382
180946	0.001759022327
180947	0.001522057294
180948	9.13771831e-05
180949	0.00293451395
180950	0.001524087404
180951	0.0001539378544
180952	0.001754089957
180953	0.003840125201
180954	0.00381724781
180955	0.0002719124236
180956	0.0009707108792
180957	0.0007799369194
180958	0.0003207145756
180959	0.001314344712
180960	0.00135864057
180961	0.001011831685
180962	0.00675938579
180963	0.0002269874947
180964	0.0006510527203
180965	0.003496107898
180966	0.003628380974
180967	0.004059509282
180968	0.001520503852
180969	0.0008276919417
180970	0.0006778031449
180971	0.001531571311
180972	0.001635495463
180973	0.001443131237
180974	0.000329106576
180975	0.0007785483005
180976	0.001635976751
180977	0.0001288351684
180978	0.001003673745
180979	0.0005571178138
180980	0.001407189305
180981	0.001424286289
180982	0.000980915062
180983	0.001082922179
180984	0.0008445816055
180985	0.001321726146
180986	0.0006037554228
180987	0.0008932379298
180988	0.0009062318283
180989	8.969908768e-05
180990	0.0007002335367
180991	0.000681623389
180992	0.0004048491287
180993	0.0007800514895
180994	0.0002333219842
180995	0.0003175561335
180996	1.796717073e-05
180997	0.0001670084239
180998	0.0005618876139
180999	0.002123411981
181000	0.0007508320448
181001	0.0003308478517
181002	0.0009634418022
181003	0.0005284317946
181004	0.0003600388768
181005	0.0001277376545
181006	0.000393715364
181007	0.0002673385242
181008	0.0001101818223
181009	0.0003313507351
181010	0.001346891906
181011	0.001297668499
181012	0.0002113785523
181013	6.139627226e-05
181014	0.0007781235463
181015	0.0004149965471
181016	0.0007932113113
181017	7.673363874e-05
181018	0.00279384335
181019	8.101900565e-05
181020	0.0001511387973
181021	0.000241650837
181022	1.001784387e-05
181023	0.0001586725663
181024	0.0002735826555
181025	0.0009729444571
181026	0.0004527731347
181027	0.0002917702952
181028	0.0003495633474
181029	0.0001395173859
181030	0.0005013646934
181031	0.001753212756
181032	0.0003690133184
181033	0.0002965427498
181034	0.0007408336219
181035	0.0002677629846
181036	0.0004592015079
181037	0.0002935926075
181038	0.0003787006204
181039	0.0007669361014
181040	8.41415904e-05
181041	0.0008264587418
181042	0.001425859256
181043	0.001438728917
181044	0.0007572425626
181045	0.0007759361836
181046	0.0003319594825
181047	0.0004079080283
181048	0.0004669088538
181049	0.0002702158852
181050	0.003358569027
181051	0.0004397548257
181052	0.0006324780287
181053	0.001704618069
181054	1.323329934e-05
181055	7.291755174e-05
181056	0.0005903842857
181057	0.0002502409982
181058	0.001291894669
181059	0.0003880365778
181060	0.0001919013435
181061	0.0004145757559
181062	0.0009990222971
181063	0.0008786214757
181064	0.002359479534
181065	0.0006629294973
181066	0.0009164118066
181067	0.002073305697
181068	0.001265477946
181069	0.0006985566487
181070	0.0007236453769
181071	0.0006612356257
181072	0.0008034761394
181073	0.0005849144527
181074	0.0001362286116
181075	0.0009547203412
181076	0.001173894581
181077	0.0007567898872
181078	0.0001744041216
181079	0.001883416509
181080	0.0003801552957
181081	0.000870332865
181082	0.0003874696935
181083	6.085853974e-05
181084	0.0003758887917
181085	0.0003911242938
181086	0.0004321784834
181087	0.0008480164537
181088	0.0008826180623
181089	0.0005332396987
181090	4.461157422e-05
181091	0.0006292208383
181092	0.001120543091
181093	0.0001959122022
181094	0.0005428465021
181095	0.0006353142221
181096	0.0011346959
181097	0.0002932471894
181098	0.0002669707221
181099	0.001193321789
181100	0.0003177229091
181101	0.001149244886
181102	0.0009005583671
181103	0.0003948863922
181104	2.115928721e-05
181105	7.218621661e-05
181106	8.196559879e-05
181107	0.0009016406547
181108	0.0004298320956
181109	5.25988749e-05
181110	0.0006756646273
181111	0.0001959183261
181112	0.0003054411174
181113	0.0001055841971
181114	0.001775736966
181115	0.0001134851845
181116	0.001905023996
181117	0.0002933852122
181118	0.0003719200981
181119	1.211851924e-05
181120	0.0002816829645
181121	0.0005583783855
181122	0.0003221425267
181123	6.680564438e-05
181124	0.000131767081
181125	0.000730311981
181126	0.0003131828516
181127	0.0004665651739
181128	0.0007054145361
181129	0.000122969722
181130	0.000417252391
181131	9.443215431e-05
181132	0.0001211163101
181133	8.83675304e-06
181134	0.0002837400898
181135	0.005799467927
181136	0.0003332731625
181137	0.008542338363
181138	0.002647000008
181139	0.001484032466
181140	0.0005305326285
181141	0.001025494429
181142	0.0006146978019
181143	0.00160999274
181144	0.003602743701
181145	0.001291547156
181146	0.001958739834
181147	0.00618047496
181148	0.003323629304
181149	0.003007074204
181150	0.0004485752121
181151	0.002446138872
181152	0.0007926003969
181153	0.001435725078
181154	3.184978249e-07
181155	0.0009621567248
181156	0.001496790547
181157	0.002255973874
181158	0.003575015701
181159	0.0007216172336
181160	0.001116857058
181161	0.0001672308575
181162	0.0005024180746
181163	0.0009809677662
181164	0.001036122819
181165	0.001930398001
181166	0.002712584027
181167	0.002654307555
181168	0.000139806595
181169	0.001187983933
181170	0.0004813970976
181171	0.0008239806147
181172	7.462666142e-05
181173	0.0003129513625
181174	0.0003667124364
181175	0.006217368237
181176	0.0001437197808
181177	0.006321800179
181178	0.003628830439
181179	0.0002369300493
181180	0.007816529481
181181	0.0004747994035
181182	0.001355961879
181183	0.001095696172
181184	0.0001279175708
181185	0.002337004371
181186	0.0006579854326
181187	0.002222764916
181188	0.001492170985
181189	0.001664221118
181190	0.002112890642
181191	0.001968185506
181192	0.001750291251
181193	0.001847762663
181194	0.001994259719
181195	0.002449599642
181196	0.0004526258769
181197	0.0004651233145
181198	0.001035552917
181199	0.0008768593351
181200	0.001075409214
181201	0.001034238468
181202	0.0003415877856
181203	0.001476412443
181204	0.002182348079
181205	0.001952757094
181206	0.0006166203938
181207	0.0004387512815
181208	0.001208998471
181209	0.00143186575
181210	0.0005656812533
181211	0.0008851687919
181212	0.001081220192
181213	0.0004736464742
181214	0.001015317301
181215	0.002032375079
181216	0.0006635614154
181217	0.0008222113783
181218	0.0006213011701
181219	0.0009665424157
181220	0.0008958046334
181221	0.001224070455
181222	0.001560756674
181223	0.0005097645537
181224	0.001056600519
181225	0.001021920797
181226	0.001116018626
181227	0.0002025692064
181228	0.0006052856273
181229	0.0007755368301
181230	9.34469754e-05
181231	0.0001407390414
181232	9.06210131e-05
181233	0.003926155222
181234	0.003374928499
181235	0.003521232349
181236	0.00370058165
181237	0.004306160968
181238	0.003815343725
181239	0.003360066305
181240	0.004198060669
181241	0.004961579895
181242	0.003916205514
181243	0.004090720815
181244	0.003983368916
181245	0.003718275882
181246	0.00372645714
181247	0.00146179646
181248	0.001254528552
181249	0.0009074694342
181250	0.000558795456
181251	0.001122887635
181252	0.001156434985
181253	0.001112979481
181254	0.0007916464848
181255	0.001172808631
181256	0.001972663634
181257	0.001570837785
181258	0.002470546221
181259	0.001973121049
181260	0.001533673448
181261	0.002234429741
181262	0.002312239325
181263	0.001508919223
181264	0.002561567185
181265	0.001088816326
181266	0.001327916927
181267	0.002691702128
181268	0.001501418465
181269	0.002254595512
181270	0.002150087607
181271	0.002663921983
181272	0.00293949837
181273	0.00280156638
181274	0.002637255168
181275	0.002083992031
181276	0.002025907717
181277	0.002360821851
181278	0.0007930667847
181279	0.001238587957
181280	0.003555920943
181281	0.007126480523
181282	0.00320196396
181283	0.003894256405
181284	0.000421836883
181285	0.002874656463
181286	0.003357727774
181287	0.00185285987
181288	0.001626117546
181289	0.001769852629
181290	0.001741131305
181291	0.001345339672
181292	0.001115026263
181293	0.002676843663
181294	0.0008052547439
181295	0.00232396208
181296	0.001630056629
181297	0.001630234466
181298	0.001466979373
181299	0.001683400092
181300	0.0006346116415
181301	1.678776432e-05
181302	0.000703362314
181303	0.001462691477
181304	0.0007219325233
181305	0.0005294123525
181306	0.0004529910242
181307	2.396479701e-05
181308	0.00160748142
181309	0.002839558755
181310	0.0001698633803
181311	0.0001756953991
181312	0.0005445906208
181313	0.0007063345139
181314	0.0002156028628
181315	0.00144290101
181316	0.001548788364
181317	0.001231265746
181318	0.001700982497
181319	0.00159808613
181320	0.003158875695
181321	0.003117432425
181322	0.002184133744
181323	0.001586266689
181324	0.003250288105
181325	0.003062332896
181326	0.002998852274
181327	0.003258977238
181328	0.002328141536
181329	0.002891487192
181330	0.003045601903
181331	0.0003867740311
181332	0.001738871309
181333	0.0007010544267
181334	0.0009879001879
181335	0.002462025353
181336	0.0002698169773
181337	0.0009746057862
181338	0.0006737814199
181339	0.0004640929708
181340	0.0006649029044
181341	3.886624184e-05
181342	0.0008894297363
181343	0.002537043909
181344	0.002800643405
181345	0.002537165533
181346	0.002535684108
181347	0.002103082006
181348	0.002194071359
181349	0.002283675262
181350	0.002780790481
181351	0.00241768082
181352	0.00259549467
181353	0.00322965401
181354	0.002242346167
181355	0.002326080194
181356	0.002986609983
181357	0.003016742771
181358	0.002127248097
181359	0.002757332392
181360	0.002338874838
181361	0.004285838826
181362	0.002855338141
181363	0.004073326985
181364	0.002721408701
181365	0.0003024930101
181366	0.003647570587
181367	0.002992834039
181368	0.002997848855
181369	0.003048886598
181370	0.003000333894
181371	0.003801144176
181372	0.001468074311
181373	0.002663305606
181374	0.003017984874
181375	0.001085981395
181376	0.001197693168
181377	0.00344851423
181378	0.0006691477938
181379	0.0004446221847
181380	0.0014960425
181381	0.001829115466
181382	0.002708724815
181383	0.0003781058814
181384	0.0001027338287
181385	0.0008070320835
181386	0.0001654615385
181387	0.001608562426
181388	0.001576986403
181389	0.001136302998
181390	0.001458546807
181391	0.000850677883
181392	0.001887577734
181393	0.001809125236
181394	0.001944811761
181395	0.000869707159
181396	0.004129959574
181397	0.000376975741
181398	5.15471991e-05
181399	0.0002195194374
181400	0.00139560003
181401	0.002238345681
181402	0.001474626347
181403	0.0001675316286
181404	0.00114071581
181405	0.002423761131
181406	0.001069738678
181407	0.0002274723076
181408	0.0008855970323
181409	0.0001129532099
181410	0.0006669443345
181411	6.058860741e-05
181412	0.0004634720875
181413	0.003289122888
181414	0.003470755978
181415	0.001356823574
181416	0.001619420372
181417	0.002457700184
181418	0.002740300475
181419	0.002972824769
181420	0.003670317089
181421	0.002430386741
181422	0.002823190586
181423	0.003260042461
181424	0.003781978413
181425	0.001338510256
181426	0.0006062328205
181427	0.000958097385
181428	0.0008261585881
181429	0.00142603285
181430	0.001190682564
181431	0.002122757792
181432	0.002370787497
181433	0.001016243339
181434	0.001704455132
181435	0.002221374044
181436	0.001447445995
181437	0.0002116367186
181438	0.0008984223659
181439	0.0005516002384
181440	0.001396609903
181441	0.003743531108
181442	0.004203168642
181443	0.0008774769655
181444	0.0005300398713
181445	0.0008774807114
181446	0.0006849290049
181447	0.0003302248392
181448	0.0009296112622
181449	0.0006598665785
181450	0.0008794301017
181451	0.0008765860193
181452	0.000335018524
181453	0.0005550995891
181454	0.0001566517668
181455	0.0008881078873
181456	0.002853309585
181457	0.003856156098
181458	0.003090976463
181459	0.003233746858
181460	0.001694520165
181461	0.001829952544
181462	0.00367053162
181463	0.004128064332
181464	0.005571574968
181465	0.001890540633
181466	0.003590066593
181467	0.003724293557
181468	0.003248889988
181469	0.003134546235
181470	0.002934632061
181471	0.003266502571
181472	0.003405605629
181473	0.003196930886
181474	0.001908161884
181475	0.003193406658
181476	0.003440023743
181477	1.236813523e-05
181478	0.001398250099
181479	0.000848718572
181480	0.0002493198024
181481	3.955122515e-05
181482	0.0009913459683
181483	0.0002031694362
181484	0.001581322505
181485	0.0007184894912
181486	0.0005323842454
181487	5.297508531e-05
181488	0.0008122680053
181489	0.0009258961724
181490	0.0008820611809
181491	0.001349293659
181492	0.0001032320156
181493	0.001094657429
181494	0.002349967255
181495	0.0007172932703
181496	0.004259299842
181497	0.003185391991
181498	0.00273428046
181499	0.002718961372
181500	0.002059232545
181501	0.002884410466
181502	0.003689954991
181503	0.003515608147
181504	0.003410221985
181505	0.001810793592
181506	0.000296926437
181507	0.0006343848682
181508	0.0005776053726
181509	0.0002518455913
181510	0.000748366894
181511	0.0008444183256
181512	0.002067198923
181513	0.001332706577
181514	0.001251704908
181515	0.0003907343045
181516	0.001065660184
181517	0.0009516654461
181518	0.001193987364
181519	0.0005202140201
181520	0.002476310968
181521	0.0008480432988
181522	0.0007896718966
181523	0.000695034675
181524	0.0006328836043
181525	0.0005970830675
181526	0.001752578949
181527	0.0004598683437
181528	0.002250227295
181529	0.001070309501
181530	0.0009935020994
181531	0.007977056977
181532	0.007437476998
181533	0.007551278623
181534	0.0064097158
181535	0.007453451557
181536	0.007804989488
181537	0.007801951554
181538	0.008157825641
181539	0.008369359824
181540	0.004888805595
181541	0.00449593687
181542	0.006270402794
181543	0.007428068909
181544	0.007908232944
181545	0.007996295637
181546	0.007077997806
181547	0.00675880725
181548	0.007630216857
181549	0.0003510345367
181550	0.002027700265
181551	0.0007252884502
181552	0.0007670467011
181553	0.00122176062
181554	0.007563285594
181555	0.002133817865
181556	0.00119465129
181557	0.001147806564
181558	0.001198952542
181559	0.001041241773
181560	0.0002519216616
181561	0.00463697149
181562	0.002235156028
181563	0.0003032048429
181564	0.0001120433771
181565	0.002816467775
181566	0.0001719887167
181567	0.003604301001
181568	0.0002635112474
181569	0.003259526989
181570	0.002880284997
181571	0.001889718875
181572	0.0005740207276
181573	0.00304844163
181574	0.009924487276
181575	0.006725896923
181576	0.003626464353
181577	0.0005897218348
181578	0.001810137169
181579	0.0006939260625
181580	0.003052736365
181581	0.001000144564
181582	0.002111658592
181583	0.001032495024
181584	0.003259089318
181585	0.00507596423
181586	0.001672914238
181587	0.0001437557829
181588	0.002480767659
181589	0.002239518712
181590	0.001077289802
181591	0.0002653786229
181592	0.001994896462
181593	0.004357470739
181594	0.002279548046
181595	0.001329681016
181596	0.001620841058
181597	0.001909905254
181598	0.003226386184
181599	0.001760755091
181600	0.002513139826
181601	0.0005318028282
181602	0.0002666221097
181603	0.0003935268002
181604	0.001974065422
181605	0.0006292321101
181606	0.0001694376899
181607	0.0001559152113
181608	0.001184539996
181609	0.0002129769765
181610	0.005232009164
181611	0.002229930884
181612	0.001862223283
181613	0.0001764549636
181614	0.000680990438
181615	0.0003043942797
181616	0.002301006919
181617	0.0001705226978
181618	0.002224345583
181619	0.0007305562701
181620	0.0007941433503
181621	0.002201061338
181622	0.002692697895
181623	0.002965730022
181624	0.005799758904
181625	0.003542895285
181626	0.006370071497
181627	0.0005533055118
181628	0.005558152919
181629	0.002728394327
181630	0.0003058877073
181631	0.001957120192
181632	0.002069102177
181633	3.144719624e-05
181634	0.002426740815
181635	0.00103421547
181636	0.001029752759
181637	0.0001544419213
181638	0.0016795173
181639	0.0005309993534
181640	0.005120124607
181641	0.0006928321732
181642	0.001530300536
181643	0.003352184088
181644	0.001515081384
181645	0.0002048329315
181646	0.002347224512
181647	0.001166375793
181648	0.006199426797
181649	0.0003336505772
181650	0.001983710924
181651	0.0009000949593
181652	0.0007395133454
181653	0.003599072308
181654	0.001627163042
181655	0.001877238575
181656	0.0009406007177
181657	0.000392700257
181658	0.00370059953
181659	0.000235072284
181660	0.002293569462
181661	0.004442129522
181662	0.00806539171
181663	0.0004179313131
181664	0.003604419539
181665	0.0001512599287
181666	0.00138199819
181667	0.004062081792
181668	0.00175099007
181669	0.005128470364
181670	0.002595030358
181671	0.004070167568
181672	0.002518608616
181673	0.002646981027
181674	0.002436930203
181675	0.0001655746895
181676	0.001182345627
181677	0.0003763948498
181678	0.005534363351
181679	0.004201486537
181680	0.006440684341
181681	0.004503898625
181682	0.005133715277
181683	0.0003005871793
181684	0.005006777117
181685	0.004897932491
181686	0.0004767311377
181687	9.299979812e-05
181688	0.002650601906
181689	0.005693919822
181690	0.002377143099
181691	0.0008552251288
181692	0.004410352389
181693	0.00394643587
181694	0.008742000466
181695	0.0002995411878
181696	0.003647933339
181697	0.0002130311143
181698	0.002124673985
181699	0.005041421546
181700	0.001832466741
181701	0.001463973243
181702	3.498070824e-05
181703	0.001202624647
181704	0.002548138879
181705	0.0008949019324
181706	0.001527895973
181707	0.003057500172
181708	0.0009643677101
181709	6.414640273e-05
181710	0.001165173557
181711	0.002440414405
181712	0.001846529113
181713	0.001342866976
181714	0.001131955897
181715	0.003937844296
181716	0.003781337907
181717	0.0003637307845
181718	0.000832862635
181719	0.0008369850783
181720	0.002972385431
181721	0.002528433325
181722	0.0001714039864
181723	2.25567152e-05
181724	0.0004586871628
181725	0.0001378141019
181726	0.001606194158
181727	0.001475799717
181728	0.0003050798693
181729	0.002011273448
181730	0.0001383132211
181731	0.001266738269
181732	0.003440700954
181733	0.0001549118058
181734	0.00311285033
181735	0.000204028956
181736	0.0005673273883
181737	0.001060423718
181738	0.001531716778
181739	0.001177019044
181740	0.0009496624494
181741	0.001171870077
181742	0.002779929773
181743	0.001681995203
181744	0.001646042639
181745	0.0004226001068
181746	0.0007347091593
181747	0.0009914328139
181748	0.004554422686
181749	0.0035450208
181750	0.0003375773372
181751	0.0007680592717
181752	0.0009331948012
181753	0.0002176680737
181754	0.00279955819
181755	0.003796639915
181756	0.002788639822
181757	0.0002636245125
181758	0.0001364513638
181759	0.004235306892
181760	0.001799160329
181761	0.0023793575
181762	0.004463854999
181763	0.002348985297
181764	0.0009724494914
181765	0.001402876824
181766	0.002750435609
181767	0.001074778725
181768	0.001101445723
181769	0.001340635933
181770	0.001341226129
181771	0.0011140292
181772	0.001543082031
181773	0.001546726485
181774	0.002026629728
181775	0.0006240334921
181776	0.001318596218
181777	4.256558731e-05
181778	0.0006733052952
181779	0.001989809969
181780	0.002105736077
181781	0.006119383688
181782	0.001622921407
181783	0.0002643088155
181784	0.0005862440245
181785	0.001205659463
181786	0.0004096287386
181787	0.004160690937
181788	0.002039641736
181789	0.005647284198
181790	0.0007851777839
181791	4.770045748e-05
181792	0.002480126566
181793	0.006598558106
181794	0.004627887578
181795	0.001223142819
181796	0.003330466267
181797	0.002063040117
181798	0.0008499198723
181799	0.001456423286
181800	0.004921976587
181801	0
181802	0.001240493281
181803	0.002075714832
181804	0.002407351287
181805	0.002689429036
181806	0.00305718651
181807	0.001149537779
181808	0.001596317825
181809	0.005329568761
181810	0.0004697591988
181811	0.001348903657
181812	0.001417051317
181813	0.0003341211985
181814	0.003683018274
181815	0.002133166179
181816	0.003731288664
181817	0.004922060859
181818	0.001253688033
181819	0.0001838201993
181820	0.002868124225
181821	0.0001449231731
181822	0.0007710127202
181823	0.002128705428
181824	0.0002667982002
181825	0.0001318794622
181826	0.0008759525681
181827	0.001567911162
181828	0.001659220806
181829	0.0001379935416
181830	0.001552286427
181831	0.003803723549
181832	0.001297710851
181833	0.002862224317
181834	0.002658704704
181835	0.000707730585
181836	0.002958510638
181837	0.0008186297864
181838	0.003924783556
181839	0.001908353239
181840	8.88073244e-05
181841	0.002693911403
181842	0.0007319698634
181843	0.003243596018
181844	0.005604824838
181845	0.001480842544
181846	0.003746873053
181847	0.0003300509232
181848	0.0004182402008
181849	0.001849051749
181850	0.0002234036849
181851	0.0001317705773
181852	0.0005716618381
181853	0.0002335099507
181854	0.0017975076
181855	0.0005149751462
181856	0.001290453569
181857	0.001001958239
181858	0.002484487113
181859	0.001341380445
181860	0.0008929248941
181861	0.002169197631
181862	0.0004917992451
181863	0.001273980131
181864	0.0004918205354
181865	0.0005948887617
181866	0.0006963911052
181867	8.927488347e-05
181868	0.00049633829
181869	0.0007723581437
181870	0.002488333612
181871	5.990738749e-08
181872	0.003665131519
181873	0.0008420940044
181874	0.00148587888
181875	0.0003410087337
181876	0.001751187421
181877	0.0007482756231
181878	0.0009456434348
181879	0.0009874198873
181880	0.0008534885322
181881	0.003491919379
181882	0.003335394511
181883	0.001304573033
181884	0.001021979658
181885	0.001033120832
181886	0.003119141976
181887	0.001371979293
181888	0.001791155761
181889	0.003384496781
181890	5.868126729e-05
181891	0.001610976058
181892	0.003538008005
181893	0.003023942924
181894	0.001456374043
181895	0.000914405982
181896	0.001300764682
181897	0.0001930299171
181898	0.0006078034027
181899	0.0009247324273
181900	0.002597322435
181901	0.001722404949
181902	0.001026171494
181903	0.0001935162629
181904	0.007956661038
181905	0.0001362300274
181906	0.0001292126892
181907	0.003641354789
181908	0.000606752669
181909	0.0001488130711
181910	0.0001450031339
181911	0.0009725426847
181912	0.0004222151631
181913	0.0007203660121
181914	0.001032189367
181915	0.001688166631
181916	0.0003253294354
181917	2.150488332e-05
181918	0.0006874099646
181919	0.001828457364
181920	0.0001490251633
181921	6.503115894e-05
181922	0.0005630737856
181923	0.0004835417738
181924	0.0003499724271
181925	0.0001289735083
181926	0.0003152097569
181927	0.002097288199
181928	0.0001150457222
181929	0.0001033450645
181930	3.366536268e-05
181931	0.0001935464099
181932	0.002955776313
181933	0.004452726098
181934	0.003751387166
181935	0.001078424651
181936	0.001260696001
181937	0.0005844331481
181938	0.003004307354
181939	0.002482372201
181940	0.000178019248
181941	0.00139828984
181942	0.0005416874402
181943	0.0001662146683
181944	0.0003073138981
181945	0.0001008263152
181946	0.0009354985989
181947	0.002234623006
181948	0.0004537952683
181949	0.0006925559283
181950	0.002900364651
181951	0.002796173828
181952	0.0006587218021
181953	0.001498782375
181954	0.0010107765
181955	0.00143626734
181956	0.0004757684884
181957	0.002857740804
181958	0.0009581689975
181959	0.0008633006579
181960	0.0007817097971
181961	0.001073484391
181962	0.0002772784619
181963	0.001137016129
181964	0.001067394224
181965	0.0007277058216
181966	0.00126910883
181967	0.001014406046
181968	0.000774602335
181969	0.0004482173311
181970	0.000365837113
181971	0.001194281658
181972	0.0001202601663
181973	0.001018924422
181974	0.00200911745
181975	0.0004721954285
181976	0.0001327429599
181977	0.001562721977
181978	0.001358167006
181979	0.0004802726741
181980	0.001511506603
181981	0.001232591627
181982	0.0004708529242
181983	0.000299956044
181984	2.753272203e-05
181985	0.001185388111
181986	0.0003325547478
181987	0.0001438757912
181988	0.004646883552
181989	0.0001927069708
181990	0.0006505077421
181991	0.0002540291374
181992	0.001350407612
181993	0.0003924543328
181994	0.0006596946733
181995	0.00145714208
181996	0.0005038804593
181997	0.0002036872609
181998	0.0007988763734
181999	0.001036473237
182000	0.002622120278
182001	0.001342696856
182002	0.0007296855245
182003	0.003638685148
182004	0.0005789849549
182005	0.0001788136865
182006	0.0005595293637
182007	0.0001382955648
182008	0.001023177377
182009	0.0006656709807
182010	0.001587984979
182011	0.001032122933
182012	0.0006935863017
182013	0.000738610057
182014	0.0006206265127
182015	0.0006349320552
182016	0.0007150799035
182017	0.0006731939504
182018	0.001182029721
182019	0.0004925334473
182020	0.0007066161753
182021	2.645830473e-05
182022	0.001024100459
182023	0.001279971425
182024	0.001494441553
182025	0.0006547806349
182026	0.001469223043
182027	0.0005257358097
182028	0.0005263462071
182029	0.002854619113
182030	0.0002725045649
182031	8.581348903e-05
182032	0.0004718821843
182033	0.0005293618154
182034	0.002663487492
182035	0.002439590768
182036	0.00115867467
182037	0.000316685258
182038	9.362681391e-05
182039	0.0006449960242
182040	0.001363871415
182041	0.001445923784
182042	0.001556664567
182043	0.002209189478
182044	0.0003861381032
182045	0.0002277457951
182046	0.0003367053541
182047	0.0009199780126
182048	0.0002456935776
182049	0.0004120897513
182050	0.001931284144
182051	0.0005071991821
182052	0.0002550136063
182053	0.0001271038255
182054	0.001198130764
182055	3.899933732e-05
182056	0.001333307661
182057	0.0009822002837
182058	0.002698229877
182059	7.862868819e-05
182060	0.001900086093
182061	0.0030495548
182062	0.0006366300755
182063	0.0004195378435
182064	0.0004877509029
182065	0.0003783534824
182066	0.002504249936
182067	0.002092694911
182068	0.001701679601
182069	0.0007783552855
182070	0.0005122622323
182071	0.000361539902
182072	0.001072608236
182073	0.0009449818446
182074	0.0007804960407
182075	0.001407040157
182076	0.007357004719
182077	0.001783389864
182078	0.0005447501779
182079	0.0007595821575
182080	0.005890760327
182081	0.001007059735
182082	0.004526174904
182083	0.001047328421
182084	0.0005941595897
182085	0.0002899283742
182086	0.0001454316301
182087	0.0006340965963
182088	0.0001134080435
182089	0.000125520896
182090	0.0006478455434
182091	0.002961232836
182092	0.008206866878
182093	0.000457954147
182094	0.0001217726111
182095	0.0006313237626
182096	0.0007791347713
182097	0.0004261563809
182098	0.0006276802431
182099	0.003660069633
182100	0.002963531675
182101	0.0005520034656
182102	0.001381952938
182103	1.551687303e-05
182104	0.0002006079264
182105	0.0007693689375
182106	0.0001450357253
182107	0.0009485014745
182108	0.00111618762
182109	0.001979348439
182110	0.0008822371202
182111	7.227744149e-05
182112	0.0002318563988
182113	0.0008462817035
182114	4.797701616e-05
182115	0.0001644607138
182116	0.00385548748
182117	0.0005981197412
182118	0.0002294186643
182119	0.001303832889
182120	0.002056253991
182121	0.0002183807286
182122	0.003066258182
182123	0.0003155129427
182124	0.0005518467551
182125	0.0003524616868
182126	0.0006564832378
182127	0.0003526982302
182128	0.003359800366
182129	0.001925750584
182130	0.001381183263
182131	0.0005259285289
182132	0.001128728285
182133	0.000437800051
182134	0.0008105459365
182135	0.001458698407
182136	0.001459110751
182137	0.0003205488578
182138	0.0008390656285
182139	0.003321104031
182140	6.90434113e-05
182141	0.002351223493
182142	0.0001390419577
182143	0.0009687833538
182144	0.001670878229
182145	0.0006535759163
182146	0.001506596316
182147	0.0002576288786
182148	0.0006962728777
182149	0.0004290107097
182150	0.0003765721433
182151	0.0008349690935
182152	0.0003443487905
182153	0.0001050865762
182154	0.0006873131029
182155	0.0002246650517
182156	9.771016472e-05
182157	0.001390037179
182158	0.0006619338435
182159	0.000989857347
182160	5.402249738e-05
182161	0.00370568978
182162	0.0003936171021
182163	0.0009428224679
182164	0.0003221059379
182165	5.867598996e-05
182166	0.00325631825
182167	0.001494377736
182168	5.617474532e-05
182169	0.0003150274172
182170	6.47753837e-05
182171	0.0006749069156
182172	0.0005786998422
182173	0.0006481680408
182174	0.0002215018827
182175	0.0004805525913
182176	0.0002703628311
182177	0.0007430472237
182178	0.001393804913
182179	0.0001160524315
182180	0.003638145474
182181	0.0007235222131
182182	0.0006566261315
182183	0.000638437531
182184	0.0002706056603
182185	0.001218060716
182186	0.0002127785245
182187	0.0004625160191
182188	4.863010964e-05
182189	0.0003268836349
182190	0.0001435651532
182191	0.003439915802
182192	0.004660148678
182193	0.0003905838925
182194	0.0003516105271
182195	0.000581366104
182196	0.0003241175578
182197	0.0004692650756
182198	0.0005453080547
182199	0.001027922897
182200	0.0001296177435
182201	0.002319229136
182202	0.0002057653849
182203	0.00222881254
182204	0.000505243911
182205	0.0005632811228
182206	0.0002092483151
182207	0.0009240584562
182208	0.0003158949166
182209	0.0002898511547
182210	0.0005627478999
182211	0.001132563186
182212	0.001695091357
182213	0.003596630721
182214	0.001164015645
182215	0.0006236918684
182216	0.001119675785
182217	0.002579061613
182218	0.0009476747895
182219	0.0007111667112
182220	0.001056231278
182221	0.0003653339937
182222	0.0002993611387
182223	0.0007791210109
182224	8.980946575e-05
182225	0.000186201827
182226	6.185950318e-05
182227	0.001405747879
182228	0.0008700528584
182229	0.001965190801
182230	0.002790259094
182231	0.001786818778
182232	0.001574200043
182233	0.000523874249
182234	0.001154715506
182235	0.001400336937
182236	0.001855436969
182237	0.0004940726561
182238	0.0001886488748
182239	0.0004298589203
182240	0.001232949021
182241	7.880197244e-06
182242	0.0001173778337
182243	0.0001601098548
182244	0.001735289063
182245	0.0004712568605
182246	0.0002953729169
182247	0.0007316863775
182248	0.0004322901462
182249	0.0004586657538
182250	0.000343183807
182251	0.0001090749171
182252	2.717736844e-05
182253	4.438353889e-05
182254	0.0003677322193
182255	0.0007744002219
182256	0.001905577934
182257	0.0001462981244
182258	0.0003665540593
182259	0.0006764619946
182260	0.002218078906
182261	2.423601586e-05
182262	0.0001435107721
182263	0.0004185657674
182264	0.0007261957758
182265	0.0008685873124
182266	0.000223559799
182267	2.960541464e-05
182268	0.0001396796957
182269	0.002479025664
182270	0.00323374581
182271	0.001403216601
182272	0.0002078590187
182273	0.00244890747
182274	0.001443216941
182275	0.002118231288
182276	0.0006945254125
182277	0.001729757115
182278	6.087016287e-05
182279	0.0001965213114
182280	0.001379029681
182281	0.0002699583566
182282	0.0004641281086
182283	0.000338110446
182284	0.0002814330052
182285	0.0004641989295
182286	7.77398508e-05
182287	0.000200485762
182288	1.305332697e-05
182289	0.0008402961544
182290	0.0001719299726
182291	0.00135750054
182292	0.001947525529
182293	0.0001129850126
182294	0.001130468969
182295	0.001127582605
182296	0.0003095420266
182297	0.00057359007
182298	0.0004438507549
182299	0.001028832806
182300	0.002426241683
182301	0.0003808031536
182302	0.0002544525694
182303	0.0003309928908
182304	0.004854487155
182305	0.001240697162
182306	0.000191715794
182307	0.0001506945796
182308	0.0006462453685
182309	4.949548588e-05
182310	0.001504919601
182311	0.0006225365135
182312	0.001675220426
182313	0.0001791099497
182314	0.000470645025
182315	0.0003708610735
182316	0.001582281334
182317	0.0004493012701
182318	0.0002832147807
182319	0.0003022734903
182320	0.000376696893
182321	0.002573273689
182322	0.00144158283
182323	0.001034101119
182324	0.001087657487
182325	0.0004424628801
182326	0.0004413532768
182327	0.002692842833
182328	0.0004457311134
182329	0.001208987359
182330	0.0001021264069
182331	0.0007145272233
182332	0.001202533781
182333	0.0005186514211
182334	0.0005843710816
182335	0.0006580303901
182336	9.769687157e-06
182337	0.001444347594
182338	0.0006818395382
182339	0.0006771824164
182340	0.002508741339
182341	0.0001070602854
182342	0.002045050489
182343	0.0005384729715
182344	0.002087688045
182345	0.001455827333
182346	0.00142975428
182347	0.0008258131382
182348	0.001793392222
182349	0.0006835604615
182350	0.002084587612
182351	0.0003806772339
182352	0.0005871701839
182353	0.0001753270467
182354	0.0008929635297
182355	0.001050985553
182356	0.0002488911152
182357	0.0002216055361
182358	0.0005992776559
182359	0.0005378718948
182360	0.0002822461606
182361	0.0006402701662
182362	0.0007631144097
182363	0.00309031892
182364	0.0008581194266
182365	0.001443587887
182366	9.864433112e-05
182367	0.0005179279056
182368	0.001523384804
182369	0.0001013524422
182370	9.36667258e-05
182371	3.437213924e-05
182372	0.002501921265
182373	0.001762432991
182374	0.0004747081208
182375	0.0001335084899
182376	0.0002075145257
182377	0.003139383733
182378	0.0019809164
182379	0.0006099910304
182380	0.00102402692
182381	0.000918089353
182382	0.0009164853804
182383	0.0002016665138
182384	0.001415478548
182385	0.0002955827204
182386	0.0002544270838
182387	0.0001491063832
182388	0.0003591834938
182389	0.006781095577
182390	0.0008552730863
182391	0.0002982605056
182392	0.001598803235
182393	5.652743825e-06
182394	0.0003219215336
182395	0.0002514828926
182396	0.0002679197986
182397	1.986601792e-05
182398	0.0001635656252
182399	0.001433001826
182400	0.001581527893
182401	0.0005510465999
182402	0.001028738425
182403	0.0001694083641
182404	0.0006668718023
182405	0.0008602566291
182406	0.001091742734
182407	0.001437549514
182408	0.0007263080449
182409	0.001175478379
182410	0.002561104077
182411	0.001237255495
182412	5.140697695e-05
182413	0.001190804324
182414	0.0003864468293
182415	0.0001069375699
182416	0.00152041144
182417	0.0005168620468
182418	0.002550254858
182419	0.001223954592
182420	0.001746496552
182421	4.569008782e-05
182422	0.00283405981
182423	0.0003028644524
182424	0.005046416098
182425	0.003260095884
182426	4.482897883e-05
182427	0.0005582865106
182428	0.0001377718829
182429	0.001564984103
182430	0.0003671474877
182431	1.210259449e-05
182432	0.0001912784425
182433	0.0006903633232
182434	0.0006472202383
182435	0.0002974862893
182436	0.0008258634094
182437	0.0001919558807
182438	0.0007190420903
182439	0.001692724592
182440	0.0001601067535
182441	0.0005186318338
182442	0.004953349373
182443	0.0008754775327
182444	5.279236437e-05
182445	0.001117439904
182446	0.0004880746062
182447	0.000389132398
182448	0.000276281365
182449	0.0003530693757
182450	0.0004198683397
182451	1.284015164e-05
182452	0.001790211595
182453	0.001150853951
182454	0.0008684002927
182455	0.001007032393
182456	0.001803698854
182457	0.0007158970582
182458	0.000903368838
182459	0.00182235943
182460	0.000165115862
182461	0.000729566563
182462	0.0003555003176
182463	0.000113243868
182464	0.0001620846264
182465	0.001276143766
182466	0.004230374311
182467	0.002431489181
182468	0.001046511339
182469	0.001473874911
182470	0.001185881829
182471	7.040492062e-05
182472	0.001241668714
182473	9.914866405e-05
182474	0.002907387611
182475	0.002069308596
182476	0.0009280381971
182477	0.0004612735475
182478	0.0007467207543
182479	1.499698798e-05
182480	0.0006813529165
182481	6.655344081e-05
182482	0.002564498796
182483	0.002171341974
182484	6.978546615e-05
182485	0.004180602911
182486	0.0005952322361
182487	0.0002197284085
182488	0.00120425355
182489	0.0008545573941
182490	0.0001864231643
182491	0.0008438098759
182492	0.001040898855
182493	0.0006848158662
182494	0.001690500492
182495	0.0002403031339
182496	0.0009122508666
182497	0.001026283244
182498	0.001179251348
182499	0.001691648051
182500	0.0009527469357
182501	0.0004691915623
182502	0.001115391734
182503	0.001716926532
182504	0.001183021924
182505	0.0008115279366
182506	0.0001924285901
182507	0.0004961388869
182508	0.004670575403
182509	4.538075803e-06
182510	0.0003025346687
182511	0.0005898220576
182512	0.0004787177148
182513	4.033693179e-05
182514	0.0009138904827
182515	0.000309523534
182516	0.0008199253023
182517	9.182301762e-05
182518	0.0001171489193
182519	0.0008430575633
182520	0.0004291606285
182521	4.973846628e-05
182522	0.001628840812
182523	0.0008994474827
182524	9.500765699e-05
182525	0.0004085678703
182526	0.0005247323956
182527	0.001288478597
182528	0.003285815909
182529	0.001036706222
182530	0.0003611030166
182531	0.001339553298
182532	0.0005008693088
182533	0.00346105722
182534	0.0004842521611
182535	0.0004390621549
182536	0.001350080039
182537	4.095384695e-05
182538	0.0007875189675
182539	0.0030081174
182540	0.0002956234798
182541	0.001989277662
182542	0.0002220686753
182543	0.0006388374427
182544	0.0003657814309
182545	0.0007081042102
182546	0.0007181556237
182547	0.0006865822669
182548	0.0003599839729
182549	0.000546094565
182550	0.00163746163
182551	4.035098921e-05
182552	8.488485526e-05
182553	0.0003690442982
182554	0.0003757845163
182555	0.0002804248131
182556	0.0001171309625
182557	9.979439577e-05
182558	0.0007804109855
182559	0.0003449944028
182560	0.0014258829
182561	0.0002907361269
182562	0.00355154395
182563	0.00349099112
182564	0.001295828127
182565	0.0004477264409
182566	0.002423088689
182567	0.006770735192
182568	0.00109925377
182569	0.001344944092
182570	0.0001093233163
182571	0.0002241423918
182572	0.001125654542
182573	0.0001096957058
182574	0.00078041266
182575	0.000176350633
182576	0.0002488348206
182577	0.00268541459
182578	0.002332376298
182579	0.0003911094134
182580	0.001891079973
182581	0.0004606109242
182582	0.002178142207
182583	0.0005366645538
182584	0.002444062858
182585	0.0001887532653
182586	0.0002098284632
182587	2.462032704e-05
182588	5.824115012e-05
182589	0.002836355691
182590	0.0004770176723
182591	0.001003061934
182592	0.0003358547518
182593	0.0001365550381
182594	0.0002505005338
182595	0.001438297448
182596	0.001942316152
182597	0.0003911926447
182598	0.002546938421
182599	0.001212755433
182600	0.0009648824958
182601	0.00067958721
182602	8.74994842e-05
182603	0.0002754594716
182604	0.002640871478
182605	0.001025894765
182606	0.0005565946439
182607	0.001903738251
182608	0.001829194424
182609	0.0006439592914
182610	0.003883185668
182611	1.580638088e-05
182612	7.135725674e-05
182613	9.180906532e-05
182614	0.0006918635088
182615	0.001578210376
182616	6.323965127e-05
182617	0.001288492353
182618	0.006531902032
182619	0.00113789015
182620	0.0001841531137
182621	0.001037204067
182622	0.0006701104865
182623	0.001084896193
182624	0.001207454054
182625	0.00120016451
182626	0.001337419577
182627	0.001088618988
182628	0.0004137511939
182629	0.0005448619337
182630	0.0002610860665
182631	0.002067300002
182632	6.300330265e-06
182633	0.000778497785
182634	0.0009943085654
182635	0.0005232811753
182636	0.002674805514
182637	0.001756238497
182638	0.004302040401
182639	0.00136868934
182640	0.006230007124
182641	0.0001452990033
182642	7.542907559e-05
182643	0.0002637176425
182644	0.0003647855717
182645	0.001449266283
182646	0.001472236718
182647	0.003563340054
182648	0.0012054278
182649	3.371245584e-05
182650	0.000473567944
182651	0.001024479962
182652	0.002064704467
182653	0.0007758580965
182654	0.0004245007021
182655	0.0003604636361
182656	0.004657413735
182657	0.0005598981425
182658	0.002842498846
182659	0.001348910803
182660	0.003263705455
182661	5.222499495e-05
182662	0.002523507999
182663	2.514720961e-06
182664	0.0009059180249
182665	0.0008698773536
182666	3.943603836e-05
182667	6.247069462e-05
182668	0.000889850093
182669	0.001372888947
182670	0.0040912702
182671	0.0005923643694
182672	0.002031449999
182673	0.001250668551
182674	0.0007802981634
182675	0.0005106301749
182676	8.356907953e-05
182677	0.0004277620011
182678	0.000490704164
182679	0.0006578858469
182680	0.0003512095779
182681	0.0001649189862
182682	0.0003295646365
182683	0.0003271548433
182684	0.002455964645
182685	0.001009598249
182686	0.0001758261952
182687	0.0002609639421
182688	0.0004691030372
182689	0.002458126201
182690	0.0003331341052
182691	0.001849183009
182692	0.002502083587
182693	0.002217175505
182694	0.0001260288715
182695	0.0003766510189
182696	5.790082767e-05
182697	2.67358376e-05
182698	0.0006415455243
182699	0.0001980047679
182700	0.0001255557397
182701	0.000838111602
182702	0.0006083064189
182703	0.001250591421
182704	0.002039673874
182705	0.001892939646
182706	0.000550433156
182707	0.001162712208
182708	0.001216390493
182709	0.0003480100341
182710	0.0009951397682
182711	0.0001649344673
182712	0.001763261529
182713	0.001179058647
182714	0.0002142753956
182715	0.0006108918074
182716	0.0003149015057
182717	0.002276801481
182718	0.001133069932
182719	0.001416261776
182720	0.0003729541815
182721	0.0003094645661
182722	0.002017241512
182723	0.0005707923616
182724	0.0004095919045
182725	0.0005531205033
182726	0.0006419860995
182727	0.001760385227
182728	0.0004962658256
182729	0.003922315652
182730	0.001841474865
182731	0.002798489366
182732	0.0003084723564
182733	0.0006234130516
182734	0.00135069309
182735	6.909478355e-05
182736	0.001473637753
182737	0.000946489205
182738	0.0004001457943
182739	0.003242819998
182740	0.0001418449172
182741	0.0003060906728
182742	0.002440856742
182743	0.0004604208014
182744	0.002618988956
182745	0.0009066498622
182746	0.0002034307082
182747	0.0008790807339
182748	8.863992915e-05
182749	0.0003884538288
182750	0.0001403896888
182751	0.002837757125
182752	0.0002528142348
182753	0.001339855148
182754	0.0002011484646
182755	0.0007110924045
182756	5.868196046e-05
182757	3.065742734e-05
182758	0.0001576989106
182759	0.0007801708633
182760	0.0009705975451
182761	0.00228165532
182762	0.002419355412
182763	0.001475331394
182764	0.00194201331
182765	0.000567860394
182766	0.003119594566
182767	9.092989657e-05
182768	0.0001722528392
182769	0.001107639948
182770	0.00087844214
182771	0.0004668106161
182772	0.0008060551076
182773	0.001631382955
182774	5.746078878e-05
182775	0.001076489773
182776	0.002579363643
182777	0.006149923513
182778	0.001586817955
182779	0.0003735698252
182780	3.430437085e-06
182781	0.001515700395
182782	0.0003541119123
182783	0.001041246191
182784	0.0004912876908
182785	0.001207389453
182786	0.001960719083
182787	0.00132118206
182788	0.001098110935
182789	0.0009540453669
182790	0.000451156501
182791	0.002975596917
182792	0.0005492269313
182793	0.001316744505
182794	0.002682478736
182795	0.0007402960262
182796	0.0005992764775
182797	0.0006130772807
182798	0.00048478569
182799	6.237108236e-05
182800	0.001194588451
182801	0.001781706822
182802	0.0003306151826
182803	0.000414057449
182804	0.0004260519491
182805	9.62028082e-05
182806	0.0003751639366
182807	0.002830393019
182808	0.0006626461497
182809	0.0006205649386
182810	0.0005339836642
182811	0.005151906734
182812	0.001192488774
182813	0.0007037055908
182814	0.00138152244
182815	0.0003579727238
182816	0.0004660554755
182817	0.00206806822
182818	4.340336115e-05
182819	6.915436949e-05
182820	0.000657715434
182821	0.004907554422
182822	0.0002519190392
182823	0.001612305793
182824	9.753133381e-05
182825	0.0004774721314
182826	0.0006123480464
182827	0.0007732034731
182828	0.0009079487361
182829	0.001381251233
182830	0.0001636804213
182831	0.0009389537606
182832	0.002798409613
182833	0.0005043120731
182834	0.000849281479
182835	0.0007721967186
182836	0.00098718521
182837	0.001055585601
182838	0.004664550872
182839	0.0002179208864
182840	0.0003055392229
182841	0.001414583625
182842	0.002629213089
182843	0.0006556283116
182844	0.001058017656
182845	0.0003876174656
182846	0.0004993670965
182847	0.0004744458526
182848	0.0002655660146
182849	0.0001978915059
182850	0.001619331235
182851	0.001888670209
182852	0.001301697878
182853	0.001581747491
182854	0.0008061536922
182855	0.002320707077
182856	5.189429679e-05
182857	0.001149338691
182858	0.004158716225
182859	0.00230098943
182860	0.00129502671
182861	0.001301374367
182862	0.0001801855256
182863	0.0003906727204
182864	0.0008355579625
182865	0.000794161283
182866	0.000257299875
182867	0.001574978031
182868	0.0008058722435
182869	0.0001364122401
182870	0.0006084666859
182871	0.0004474712657
182872	0.0004765832937
182873	0.00215902242
182874	7.833158117e-05
182875	7.152682351e-05
182876	0.000486979601
182877	0.003118218014
182878	0.0002441456396
182879	0.0004122182267
182880	0.0002424898842
182881	6.615992188e-06
182882	0.003250491513
182883	0.0002462229977
182884	0.002857453395
182885	0.0006361599344
182886	8.282725698e-05
182887	0.000860010952
182888	0.000290910071
182889	0.0001316239136
182890	0.000295904411
182891	6.569763495e-06
182892	0.0009780200682
182893	2.445674136e-05
182894	0.003374109851
182895	0.002969564277
182896	0.0005906222016
182897	0.003352309007
182898	0.0003431363492
182899	0.0004954022795
182900	0.0006727004039
182901	3.810609709e-05
182902	0.0007960369366
182903	0.001184987418
182904	0.001912824177
182905	0.0003447885974
182906	0.0002182115584
182907	9.218511575e-05
182908	9.104864024e-05
182909	0.0009168697188
182910	0.0001133594491
182911	0.0001887293016
182912	0.0005506594959
182913	0.0007487874342
182914	0.0005566922908
182915	0.0007823824986
182916	0.0002187911932
182917	0.0001277617731
182918	0.001253349088
182919	0.001272352883
182920	0.0002857811304
182921	0.0005861167053
182922	8.011575229e-05
182923	0.0007645222089
182924	0.003061772527
182925	0.0002571392175
182926	3.310804991e-05
182927	0.001041809217
182928	0.001748200269
182929	0.001387869289
182930	0.0005969004207
182931	0.004413029422
182932	0.000538611371
182933	7.245371728e-05
182934	0.0001294216829
182935	0.0005545913744
182936	0.0002981894055
182937	0.000420411324
182938	3.956620918e-06
182939	9.572442083e-05
182940	0.0002009893479
182941	0.001053400198
182942	8.775464164e-05
182943	0.0001729971745
182944	0.0001725697199
182945	0.0006016650447
182946	0.0009308457875
182947	0.004028249828
182948	0.0003010379698
182949	0.0001375845602
182950	5.103240308e-05
182951	0.0006152511342
182952	0.0003549779254
182953	0.0002205482499
182954	6.893676656e-06
182955	0.0006777700095
182956	0.0004093879504
182957	0.002551412408
182958	0.0006684047096
182959	0.004323635714
182960	0.000989754496
182961	0.0003393839973
182962	0.001873538211
182963	0.00177415677
182964	0.001179916082
182965	0.0005054489273
182966	0.00257797547
182967	0.0003385291702
182968	0.001196016816
182969	0.0005574149434
182970	0.003895354021
182971	0.001049960985
182972	0.0002568129144
182973	0.0005122188881
182974	0.001238302479
182975	0.001771759944
182976	7.151566798e-05
182977	0.0009849905549
182978	0.0007710885332
182979	0.00465691295
182980	0.003587107723
182981	0.0001269268916
182982	0.001950914955
182983	0.001231052869
182984	0.00276565224
182985	0.002417802713
182986	0.0001892752785
182987	0.0002472216007
182988	0.0002418264886
182989	0.0001493714837
182990	0.0004126190647
182991	5.095237626e-05
182992	0.0006321072441
182993	0.0009510420034
182994	0.0001726260104
182995	0.0002585993168
182996	0.0001205217536
182997	0.0009018455425
182998	0.0008068863507
182999	0.0009140681456
183000	0.0002694126164
183001	0.001206805611
183002	0.000147214158
183003	0.003335234183
183004	0.0004765044288
183005	0.001215654649
183006	0.0006292504938
183007	0.001489526955
183008	0.0001856019087
183009	0.0001363250411
183010	0.000483044728
183011	0.000961772554
183012	0.001268478243
183013	0.0008601223719
183014	0.0004533637614
183015	0.0002976102601
183016	2.018178794e-05
183017	0.0002342449364
183018	0.0005445416511
183019	0.00102225387
183020	0.0003531500447
183021	0.000294756687
183022	0.001261626817
183023	0.000120841719
183024	0.0007704480251
183025	0.0002133023841
183026	0.001006279476
183027	0.001220646909
183028	0.001964433715
183029	0.0002974721299
183030	0.003925822164
183031	0.0004132701008
183032	0.0002062909866
183033	0.0005185073695
183034	0.001719449029
183035	0.001055027435
183036	6.75776115e-05
183037	0.002483015307
183038	0.0001275665006
183039	0.002322617293
183040	0.0003721285941
183041	0.0001115951272
183042	0.008296891062
183043	0.0004595286605
183044	0.000619006058
183045	0.0004396753884
183046	0.0003957930723
183047	0.0008645389182
183048	0.001066546188
183049	0.000558885184
183050	0.0004659673351
183051	5.055380045e-05
183052	1.01662572e-06
183053	0.0004507896785
183054	0.002296252101
183055	0.003651695944
183056	0.0008897955656
183057	0.0001933772536
183058	0.001335350591
183059	0.0001631117828
183060	0.001601557735
183061	0.0004017336424
183062	0.0006610625648
183063	0.0005957803595
183064	1.957699385e-06
183065	0.0006837681539
183066	0.001396124455
183067	0.0002814344484
183068	0.0004067292689
183069	0.000884885871
183070	0.0007162000679
183071	8.936378575e-05
183072	0.0003963874707
183073	0.0003544753375
183074	0.0001283304108
183075	0.0004568015357
183076	0.000708218258
183077	4.553668489e-05
183078	0.0003829359952
183079	0.0002321689265
183080	0.0004079270872
183081	0.0005933735379
183082	0.0008467796507
183083	0.0008875410951
183084	7.400493507e-05
183085	0.0002261180464
183086	0.001045165287
183087	0.0005023296884
183088	0.00334584784
183089	0.0003163016688
183090	0.0002673594304
183091	9.735565449e-06
183092	7.050604267e-05
183093	0.0006483457116
183094	0.0009955601647
183095	0.001829777811
183096	0.0007028645304
183097	0.002178644736
183098	0.0008506689377
183099	0.002666888835
183100	0.001172915523
183101	0.0007343018013
183102	0.0006629777603
183103	0.0004339605786
183104	0.0006944508062
183105	0.0002990825753
183106	0.001599639594
183107	0.0005316027062
183108	0.0006204748699
183109	7.372612355e-05
183110	0.002082795208
183111	0.0001321225328
183112	0.000421044198
183113	0.001877646316
183114	0.0009523046895
183115	0.0002113829727
183116	9.383828992e-05
183117	0.001094305783
183118	0.0005577478538
183119	0.0001790422212
183120	0.0007841335148
183121	0.002504396446
183122	0.0005609577008
183123	0.0006383476513
183124	0.0006958928845
183125	0.0008084920228
183126	0.003199685703
183127	0.001152930794
183128	0.002037342658
183129	0.003345293946
183130	0.001319624464
183131	0.001187960778
183132	0.0004518872197
183133	0.003789333095
183134	0.001302143149
183135	0.0009695621252
183136	0.002628419865
183137	0.003581940997
183138	0.0001768732732
183139	0.001662490824
183140	0.0005266771763
183141	0.004259434587
183142	0.0007469488815
183143	0.004197997149
183144	0.00102038991
183145	0.0009471041431
183146	0.0003113546781
183147	0.001836891745
183148	0.001922648972
183149	0.0004083116638
183150	0.004934537153
183151	0.0014410056
183152	0.0001870469754
183153	0.0003184861978
183154	0.001675621851
183155	0.0002749591118
183156	0.006020199589
183157	0.001444789414
183158	0.001299937436
183159	0.003048422015
183160	0.0006820276348
183161	0.002216285082
183162	0.001350402692
183163	0.0009957846017
183164	0.001906275397
183165	0.002152210687
183166	0.0006200643158
183167	0.000360653461
183168	0.00166903201
183169	6.46011322e-05
183170	0.005470477921
183171	0.002226593593
183172	0.004412785752
183173	0.0001646812418
183174	0.006309963038
183175	0.0006619395464
183176	0.002661878521
183177	0.0001849981973
183178	0.00308215625
183179	0.0003087717883
183180	0.0006169882336
183181	0.005207923453
183182	0.002325911714
183183	0.005027760791
183184	0.0005218862324
183185	0.001254302186
183186	0.001348666623
183187	9.405907676e-06
183188	0.001996535945
183189	0.003090494156
183190	0.00348560632
183191	8.617934268e-05
183192	0.0001496680473
183193	0.001948377212
183194	0.001699460126
183195	0.0009705613407
183196	0.0001939612085
183197	0.001470940603
183198	0.002490647439
183199	0.0006970385845
183200	0.002983250831
183201	0.003399670367
183202	0.001973774953
183203	0.001781769834
183204	0.001585332336
183205	0.0007173371282
183206	0.0009963851828
183207	0.0002503915497
183208	0.0001635069307
183209	8.808294552e-05
183210	6.197239472e-05
183211	0.001359628688
183212	0.001721106206
183213	0.0007574682857
183214	0.001401757329
183215	0.000403765381
183216	0.001316615426
183217	0.004256042776
183218	5.797518119e-05
183219	0.00171415879
183220	3.987968034e-05
183221	0.003252034849
183222	0.004653229323
183223	0.0001981877615
183224	0.001873085109
183225	0.001427707377
183226	0.003980269658
183227	0.0007356545816
183228	0.0007396923096
183229	0.004247943848
183230	0.003211370424
183231	0.0001991566506
183232	0.0006168493628
183233	0.004457526586
183234	0.0007872560291
183235	0.001770351046
183236	0.0012796164
183237	0.004466548709
183238	0.004788996914
183239	0.0001911581548
183240	0.003840842905
183241	0.00631215232
183242	0.0003873840593
183243	0.001141227583
183244	0.0001499420779
183245	0.000268281994
183246	0.004043669527
183247	0.008667823944
183248	0.005972868296
183249	0.00106601305
183250	0.003204070583
183251	0.002614402451
183252	0.001357783239
183253	0.002763595663
183254	0.0004921314822
183255	0.001742771567
183256	0.00101151257
183257	0.004518162272
183258	0.000105080099
183259	0.002570542271
183260	0.002914241943
183261	0.001387521483
183262	0.002891455614
183263	0.001036664303
183264	0.0004841071338
183265	0.002637441742
183266	0.001292491265
183267	0.003673178701
183268	0.001634285028
183269	0.002173283965
183270	0.0003466165241
183271	4.327532893e-05
183272	0.000666147519
183273	0.002094475235
183274	0.0005270105177
183275	0.001594307937
183276	0.001130368262
183277	0.002934925673
183278	0.0005434317503
183279	0.008472426786
183280	0.001546429886
183281	0.001602308791
183282	0.005347918083
183283	0.004585525528
183284	0.001486468901
183285	3.022003345e-05
183286	0.0004297983811
183287	0.0006158024638
183288	0.0005344227887
183289	0.006076865838
183290	0.001416147973
183291	0.002088839805
183292	0.002342949937
183293	0.001146203361
183294	0.003153387219
183295	6.231134676e-05
183296	0.0006167666478
183297	0.0003591333566
183298	0.00172814271
183299	0.00368994591
183300	0.002340923989
183301	0.0005476590481
183302	0.0001262647225
183303	0.006370358113
183304	0.0005017608106
183305	0.003763409351
183306	0.001973864899
183307	0.001271797354
183308	0.003397807043
183309	0.0003553514745
183310	0.0002721741983
183311	0.0009687565655
183312	0.002844875536
183313	0.0006092095521
183314	0.0008356759706
183315	0.000897857429
183316	0.0003732588132
183317	0.001449315833
183318	0.0002402404319
183319	0.003773537053
183320	0.002409069851
183321	0.0026447149
183322	0.001501289777
183323	0.0003973535881
183324	0.001940090951
183325	0.001244641002
183326	0.0001746128746
183327	0.003596745102
183328	0.004331212903
183329	0.001683750881
183330	0.004860549568
183331	0.001913397137
183332	0.0009544609005
183333	0.002493856324
183334	0.0009726957312
183335	0.001199599263
183336	0.002250281249
183337	0.0005497160671
183338	8.348621103e-05
183339	0.001546588004
183340	0.0009426916339
183341	0.0008720287179
183342	6.467305606e-05
183343	0.002706763909
183344	0.0004593320799
183345	0.001505016226
183346	0.0001540135092
183347	0.0008839485616
183348	0.00153183074
183349	0.001628625579
183350	0.004260332405
183351	0.002412178935
183352	0.001643827042
183353	0.001244613765
183354	0.001937719818
183355	0.005932358753
183356	0.003461282227
183357	0.001072020511
183358	0.001472880365
183359	0.001489876693
183360	0.0007212726923
183361	0.009716553752
183362	0.00286658015
183363	0.0006025370811
183364	0.0009966923691
183365	0.0008332786772
183366	0.003228616111
183367	4.685387213e-05
183368	0.00216433066
183369	0.001612388001
183370	0.001298062083
183371	0.002843474963
183372	0.001492519583
183373	0.002585680008
183374	0.0006149191547
183375	0.005027463477
183376	0.00127838806
183377	0.001047043871
183378	0.0009840525682
183379	0.0003188822108
183380	0.00165332266
183381	0.004937580817
183382	0.0008687186213
183383	0.0007017750772
183384	0.001617441316
183385	0.0004111070993
183386	0.00441783512
183387	0.005272007463
183388	0.0006657498626
183389	0.001091456753
183390	0.001442712982
183391	0.003644897842
183392	0.001347515678
183393	9.569687239e-06
183394	0.0007772995894
183395	0.0005489694696
183396	6.884019969e-05
183397	7.827272321e-05
183398	0.0003374883476
183399	0.0018055617
183400	0.0006169744096
183401	0.00271591081
183402	0.0007586963074
183403	0.003257019108
183404	0.002519969626
183405	0.000223883022
183406	0.003769212674
183407	0.0003952630878
183408	0.004891819611
183409	0.00343368751
183410	0.00114569779
183411	0.004729769543
183412	0.0009139020694
183413	0.002665473905
183414	0.002065883666
183415	0.001749024697
183416	0.000491472037
183417	0.001808145012
183418	0.003107844909
183419	0.0005531632896
183420	0.0006090556993
183421	0.0008974892913
183422	0.001875337504
183423	0.004837104432
183424	0.001361330572
183425	0.002835020501
183426	0.002549735962
183427	0.003336418
183428	0.0004550291696
183429	0.002925813058
183430	0.002033757177
183431	0.002366878648
183432	0.003010916521
183433	0.006061642767
183434	0.0003660776022
183435	0.0001858322689
183436	0.004376730514
183437	0.001658491878
183438	0.0001848702187
183439	0.006266247833
183440	0.0006880565004
183441	0.0002179722463
183442	0.0056938002
183443	0.0002594695103
183444	0.002436449642
183445	0.0002177971573
183446	0.000419505101
183447	0.001608907453
183448	0.005825073468
183449	0.0004119268596
183450	0.0009685408465
183451	0.0002085859356
183452	0.0005120364274
183453	0.001272625102
183454	0.001591771439
183455	0.0008460482092
183456	0.0001701850045
183457	0.002215572932
183458	0.003122363903
183459	0.000163865634
183460	0.002741250574
183461	0.001808360064
183462	0.002740875881
183463	0.004321096903
183464	0.0009321901745
183465	4.529698059e-06
183466	0.0009777014204
183467	0.001674955566
183468	0.0007671050933
183469	0.0003067470763
183470	7.969502424e-05
183471	0.0006031444087
183472	0.0002089557851
183473	0.004464801826
183474	0.001415854176
183475	0.003654604234
183476	0.0007262426203
183477	5.498290676e-05
183478	0.002316698243
183479	0.003780154496
183480	0.0006676905169
183481	0.00280251075
183482	0.0006394915779
183483	0.006792371707
183484	0.0009758058107
183485	0.003474349709
183486	0.0001592584573
183487	0.0006460050074
183488	0.001106334802
183489	4.369090025e-05
183490	0.00277713545
183491	0.002950120809
183492	0.001436290163
183493	0.004165199639
183494	0.003715647973
183495	0.00185690606
183496	0.003297287511
183497	0.001673085063
183498	0.0003611760634
183499	0.0001366455861
183500	0.002635985546
183501	0.00215843365
183502	0.0009461950089
183503	0.0005773341233
183504	0.0001383778853
183505	1.523652406e-06
183506	0.001095498372
183507	0.0007927414492
183508	0.0008425130048
183509	0.003552216577
183510	0.0002986488418
183511	0.0005056322915
183512	0.001905492993
183513	0.000503425022
183514	0.00182656627
183515	0.001372042762
183516	0.0006190342763
183517	0.0004216555446
183518	0.003189234448
183519	0.001470376162
183520	7.943866308e-05
183521	0.0005668958777
183522	0.00073709564
183523	1.637357959e-08
183524	0.001190028054
183525	0.001489412509
183526	0.00353277882
183527	0.001052399943
183528	0.002259543595
183529	0.001188046726
183530	0.002059636558
183531	0.001549426016
183532	0.000266485462
183533	0.0004864072974
183534	0.0002448579072
183535	0.00118905267
183536	7.865653031e-06
183537	0.005568783984
183538	0.0007480580837
183539	2.046697445e-09
183540	0.001527497354
183541	0.004293038154
183542	0.002747202683
183543	0.0009596179744
183544	0.0008194227203
183545	0.0003007774299
183546	0.003234502394
183547	0.003778696827
183548	0.001260063471
183549	0.001177244806
183550	0.001224049805
183551	0.0002327327485
183552	0.002284476701
183553	0.005486517973
183554	0.00304177828
183555	0.0001058054486
183556	0.003434825607
183557	0.0006029451478
183558	0.0009814465781
183559	0.001182499258
183560	0.0001395253546
183561	0.003225902794
183562	0.0008463306454
183563	0.004129890045
183564	0.0009612915887
183565	0.00165793875
183566	0.0008166935802
183567	0.004087368298
183568	0.004208467648
183569	0.007431364576
183570	0.002569070421
183571	0.003109086578
183572	0.004096088603
183573	0.002702081978
183574	0.004307123188
183575	0.001782019929
183576	0.00408251462
183577	0.00655564787
183578	0.004007159719
183579	0.006079683351
183580	0.003491743985
183581	0.001528109188
183582	0.001444247064
183583	0.00053587089
183584	0.001037601717
183585	0.00282378685
183586	0.002490694649
183587	0.004879711773
183588	0.002303343796
183589	0.0009807384582
183590	0.002664846087
183591	0.002020596464
183592	0.004213353625
183593	0.0023183845
183594	0.005095230694
183595	0.000901489517
183596	0.003314055467
183597	0.001766207418
183598	0.008071605984
183599	0.0006548532782
183600	0.0009989162749
183601	0.006174062139
183602	0.002267074652
183603	0.0003024939787
183604	0.0007848654748
183605	0.004364581738
183606	0.0005722010241
183607	0.001350624988
183608	0.002214180155
183609	0.001623257866
183610	0.003212106969
183611	0.005575288953
183612	0.001183406004
183613	0.001358869013
183614	0.004654164222
183615	0.002397313753
183616	0.002842585662
183617	0.0001619538381
183618	0.001894067564
183619	0.001266265621
183620	0.000520621293
183621	0.002646351192
183622	0.005740611019
183623	0.001287684387
183624	0.001546780905
183625	0.001536755098
183626	9.426026686e-07
183627	0.001290806076
183628	0.0009005173262
183629	0.0007106389152
183630	0.0007853151565
183631	0.004713008279
183632	0.000501487993
183633	0.0002766773078
183634	0.004734633478
183635	0.0004137774343
183636	0.003701698534
183637	0.000137483608
183638	8.977075228e-05
183639	0.0007277595284
183640	0.005356890821
183641	0.003288314341
183642	0.001909891021
183643	0.0009899229788
183644	0.001690820951
183645	0.0006335989735
183646	0.004301667886
183647	0.001942064178
183648	0.003323373939
183649	0.002262495827
183650	0.00135517029
183651	0.005124209178
183652	0.004563172729
183653	0.002234591672
183654	0.001271891152
183655	0.001541211425
183656	0.001163277209
183657	0.002370487259
183658	0.001632157309
183659	0.0007994035268
183660	0.003029021876
183661	0.0002799860889
183662	0.00160343326
183663	0.0001712526291
183664	0.0003839269288
183665	0.0006879874284
183666	0.001275680691
183667	0.0009305816242
183668	0.002082735392
183669	0.001799222961
183670	0.0001715528577
183671	2.514478046e-05
183672	0.001939222969
183673	0.001089399928
183674	0.002846478456
183675	0.003348344742
183676	0.001435502952
183677	0.000541995621
183678	0.0008994817323
183679	0.0007084953983
183680	0.002374504479
183681	0.002211864491
183682	0.002587557279
183683	0.001253614775
183684	0.0002292203957
183685	0.000784796213
183686	0.0007367172985
183687	0.001744291467
183688	0.001305886139
183689	0.000154793266
183690	0.001637706671
183691	0.003116340185
183692	0.0001447401048
183693	0.0002514880693
183694	0.00361697417
183695	0.001004496771
183696	0.0018205981
183697	0.001229481494
183698	0.003980215934
183699	0.001536502136
183700	0.002458912831
183701	0.004856737779
183702	0.0006470197658
183703	0.005875734461
183704	2.000290599e-05
183705	0.001174164931
183706	0.00472141868
183707	0.0003344504383
183708	0.001026958672
183709	0.003556813438
183710	0.002192828236
183711	0.004578425612
183712	0.0009758043913
183713	0.0003301097772
183714	0.001278134724
183715	0.0006026332767
183716	0.001260394717
183717	0.00170099445
183718	0.001617853079
183719	0.001077548022
183720	3.835989419e-06
183721	9.169337992e-05
183722	0.0001028389749
183723	0.002133227053
183724	0.0001882047535
183725	0.005654614825
183726	0.001036593225
183727	0.0002962975924
183728	0.002361839643
183729	0.0003050251524
183730	0.001117050822
183731	0.0008519067247
183732	0.001273170225
183733	0.001786897565
183734	1.525871598e-05
183735	0.005132919633
183736	0.002584672542
183737	0.002253484898
183738	0.002008242345
183739	0.004066437498
183740	0.002865308983
183741	0.004348008919
183742	0.003369495771
183743	0.005994641308
183744	0.001761011634
183745	0.004687124069
183746	0
183747	0.005759307032
183748	0.0009918861625
183749	0.002367240854
183750	0.004419534529
183751	0.004759479232
183752	0.00523217949
183753	0.002450444353
183754	0.003102907646
183755	0.002040547031
183756	0.007205063316
183757	0.007646800891
183758	0.008738821256
183759	0.006883500259
183760	0.001442959858
183761	0.003222893116
183762	0.0007362588949
183763	0.004733413837
183764	0.00612306583
183765	0.004476106814
183766	0.009413169298
183767	0.005508666267
183768	0.006216971187
183769	0.005561460465
183770	0.005184112205
183771	0.003208260603
183772	0.005990067382
183773	0.004075687295
183774	0.0006882808287
183775	0.006407873366
183776	0.0021802247
183777	0.004666676688
183778	0.001252892412
183779	0.0007961111397
183780	0.001365334333
183781	0.0009656615467
183782	0.002288370907
183783	0.003316251349
183784	0.0003705310021
183785	0.00525472098
183786	0.005011582116
183787	0.003198631258
183788	0.001069294811
183789	0.003694654868
183790	0.003020664308
183791	0.004049981
183792	0.0008514593001
183793	0.0008099121707
183794	0.002672034909
183795	0.0005716406292
183796	0.002867404319
183797	0.001388807272
183798	0.005003577124
183799	0.0007070952848
183800	3.820945072e-05
183801	0.0003334052008
183802	0.006579901201
183803	0.003274063355
183804	0.006415632275
183805	0.0007127571266
183806	0.0009139749996
183807	0.0004777621952
183808	0.0004200714847
183809	0.002906127407
183810	0.001439674997
183811	0.004430799896
183812	0.002191110312
183813	0.002593018029
183814	0.001733911134
183815	0.002390301929
183816	0.0003710826581
183817	0.0001103121901
183818	0.0004821217527
183819	0.0001502878152
183820	0.002078829583
183821	0.001419667024
183822	0.0001553317222
183823	0.0008172922404
183824	0.001535556179
183825	0.003102905967
183826	0.0001451296284
183827	0.0002671107014
183828	8.566717115e-08
183829	0.0002738256975
183830	0.001489719442
183831	0.001275447877
183832	0.001924802969
183833	0.001144097444
183834	0.003959723623
183835	0.00195303426
183836	0.001199424616
183837	0.0004559130809
183838	0.0008924556625
183839	0.002737725125
183840	0.002048865501
183841	0.002118891238
183842	0.005215847071
183843	0.0006579710679
183844	0.001296709556
183845	0.0002511961543
183846	0.000197824523
183847	0.001574549704
183848	0.003263864388
183849	0.001959544345
183850	7.289072864e-05
183851	7.008579168e-05
183852	0.0004086878339
183853	0.0001891016323
183854	0.0007188992684
183855	7.046228035e-05
183856	0.0001559123085
183857	0.0005724728102
183858	0.001611560924
183859	0.001250647611
183860	0.001678288716
183861	0.004631833349
183862	0.007094019259
183863	0.0003488349073
183864	0.0008192968131
183865	0.003832104532
183866	0.0008644514353
183867	0.003969439601
183868	0.002634036097
183869	0.002802105737
183870	0.00065608957
183871	0.0002891742399
183872	0.0004617667255
183873	0.0006101849724
183874	0.001236265906
183875	0.001005937627
183876	0.002473557327
183877	0.002093533176
183878	0.002346925105
183879	0.002638975242
183880	0.001364962885
183881	0.005545560357
183882	6.86448187e-05
183883	0.002079534188
183884	0.01146745744
183885	0.002238201472
183886	0.0008621582751
183887	0.002043809284
183888	0.0008041801051
183889	0.0005093985527
183890	0.004895021935
183891	0.002998999734
183892	0.0001946570846
183893	0.002099669437
183894	0.000124662192
183895	0.004248459015
183896	0.0007948033989
183897	0.000980950937
183898	0.003456082186
183899	0.001157942176
183900	0.0005914694764
183901	0.002698531136
183902	0.002029294424
183903	0.004997434769
183904	0.00166327669
183905	0.003158867611
183906	0.0008374710711
183907	0.006161522521
183908	0.001033247662
183909	0.001391318846
183910	0.0006041569956
183911	0.001264469517
183912	0.003424784187
183913	0.003521686861
183914	0.00359275687
183915	0.0007039851645
183916	8.374969011e-05
183917	0.0008383607092
183918	0.0008694425956
183919	0.001547635343
183920	0.003741664054
183921	0.002998706871
183922	0.001345705339
183923	0.0002364974631
183924	0.0006508209011
183925	0.0003863108958
183926	0.0006111971812
183927	0.001756495045
183928	0.00172040799
183929	0.001748547512
183930	0.001078161687
183931	0.000256831106
183932	0.002521158312
183933	0.0002798484551
183934	0.0002337602591
183935	0.004124012185
183936	0.001292431169
183937	0.005028774798
183938	0.0009283279224
183939	0.004926368355
183940	0.0001346454004
183941	0.001968642847
183942	0.0001494394704
183943	0.0008225003663
183944	0.00135523116
183945	0.002170074894
183946	0.0007633331698
183947	0.007926563022
183948	0.00258089784
183949	0.000889038643
183950	0.0002025768745
183951	0.001619136213
183952	0.0002446927877
183953	0.002668205893
183954	0.0004877351894
183955	0.002685357788
183956	0.002895416982
183957	0.0005540122961
183958	0.002300937065
183959	0.001256452388
183960	0.0007329993856
183961	0.000995727708
183962	0.002324958331
183963	0.002913345035
183964	0.004093382866
183965	0.00121962145
183966	0.002593860925
183967	0.0009448238951
183968	0.0005332681609
183969	0.0021245235
183970	0.001158486102
183971	0.001021564904
183972	0.004107675985
183973	0.001545541398
183974	0.001001291158
183975	0.0002206815207
183976	0.0002145060498
183977	0.0004625478055
183978	0.001899072568
183979	0.003480063549
183980	0.003598729848
183981	0.005699908047
183982	0.00151517266
183983	0.0007736456289
183984	0.008367533189
183985	0.001561798113
183986	0.0009497387184
183987	0.002254324555
183988	0.001557661238
183989	0.001534941269
183990	0.001832823171
183991	0.004777018543
183992	0.00375348521
183993	0.003175259987
183994	0.003772432548
183995	0.0005455124305
183996	0.0008793609078
183997	0.0008377987622
183998	0.00350248753
183999	0.002718889706
184000	0.0003422644155
184001	8.130952048e-05
184002	0.001075824205
184003	0.001136549877
184004	0.003381397722
184005	0.001229342342
184006	0.002828137829
184007	0.0001869992561
184008	0.005390791457
184009	0.002011862545
184010	0.003222327595
184011	0.0006397606712
184012	0.0003694006934
184013	0.002179500348
184014	0.0003555875232
184015	0.002634238675
184016	0.003462474877
184017	0.0007141339506
184018	0.001522971695
184019	0.002233156114
184020	0.002262769122
184021	0.0009062264773
184022	0.002164417446
184023	0.001148906484
184024	0.006329825271
184025	0.002201776166
184026	0.000904365351
184027	0.001786817
184028	0.007097692632
184029	7.199757801e-05
184030	0.0001963716029
184031	0.001755936452
184032	0.00670651999
184033	0.0009822979362
184034	0.001027096287
184035	6.645750242e-05
184036	0.003333272421
184037	0.0033703246
184038	0.0003202014161
184039	0.002479094796
184040	0.002524121475
184041	0.001166173837
184042	0.005776225778
184043	0.002701866034
184044	0.0004400114747
184045	0.0009541276351
184046	0.0009093917374
184047	0.0006259584074
184048	0.002712246103
184049	0.002541969987
184050	0.001280813526
184051	0.001100125046
184052	0.0007621576241
184053	0.0007803035077
184054	0.001746199709
184055	0.0003650914718
184056	0.00462386212
184057	0.004263526061
184058	0.003921539153
184059	0.0008238590164
184060	0.0006942272877
184061	0.0004113695843
184062	0.004906823916
184063	0.003284064326
184064	0.00171733827
184065	0.0009441591407
184066	0.002594314193
184067	0.005116874379
184068	0.001702536858
184069	0.0003350694047
184070	0.0003747587374
184071	0.0003137194949
184072	0.0003917402849
184073	0.0001542581626
184074	0.001414116955
184075	0.0006681677445
184076	0.0001376305333
184077	0.000749185131
184078	0.0008467064355
184079	0.002550963848
184080	0.0004104085794
184081	0.002240774768
184082	0.004751768464
184083	0.0009455893428
184084	0.001792119829
184085	0.001185739544
184086	0.00291782883
184087	0.0007532982509
184088	0.0009869449856
184089	0.0001550802784
184090	0.000575360604
184091	0.002875947667
184092	0.001367522963
184093	0.002272193449
184094	0.001904409225
184095	0.0002369385181
184096	0.0003880570756
184097	0.005676477819
184098	0.003397601381
184099	0.0009302357139
184100	0.003065426352
184101	0.005251597759
184102	0.007378780635
184103	0.0004022496338
184104	0.0004897933973
184105	0.0007120780852
184106	0.0004629296428
184107	0.0004039495326
184108	0.000652614304
184109	0.001202129997
184110	0.0002842108426
184111	0.0004037110188
184112	0.0003576830445
184113	7.975581168e-05
184114	5.42578457e-05
184115	0.0006299653298
184116	0.0004341714363
184117	0.0001460187484
184118	0.0003830291977
184119	0.0002412990679
184120	0.0001930761848
184121	0.0004444103819
184122	2.859215581e-05
184123	0.0003865354427
184124	0.0001300025695
184125	0.0003968838881
184126	0.0001722655871
184127	0.0007660118336
184128	0.0007014279801
184129	0.0001167269556
184130	1.016774411e-05
184131	0.0001404975769
184132	0.0002591556747
184133	0.001065639043
184134	0.0001532333527
184135	0.0002104633317
184136	0.0002576931122
184137	0.0006259293829
184138	0.0004691076321
184139	0.0007567448025
184140	0.002602039181
184141	9.997541555e-06
184142	0.006394559561
184143	0.0001241350565
184144	0.0003525266828
184145	0.003861296671
184146	0.005072869918
184147	0.001064466121
184148	0.0003124466166
184149	0.008228040047
184150	0.0007249375911
184151	0.000271682238
184152	0.001138724928
184153	0.001066351406
184154	0.001899060564
184155	0.001874947137
184156	0.001706888054
184157	0.001959617646
184158	0.001947999121
184159	0.001793051631
184160	0.001871506944
184161	0.001718815164
184162	0.001895199113
184163	0.001898862592
184164	0.001915826244
184165	0.00188520685
184166	0.001863556878
184167	0.00182636623
184168	0.001858719695
184169	0.001870244875
184170	0.001785683892
184171	0.001869000659
184172	0.001846713742
184173	0.001868122023
184174	0.001866216977
184175	0.0018542278
184176	0.001922110979
184177	0.001717503809
184178	0.001781276384
184179	0.001837467252
184180	0.001643362053
184181	0.001920212057
184182	0.001826664175
184183	0.001895515215
184184	0.001867397923
184185	0.00188527853
184186	0.001796950597
184187	0.001689243379
184188	0.001782145394
184189	0.001907152197
184190	0.001854101411
184191	0.001730891163
184192	0.001861435051
184193	0.001899733416
184194	0.00186741409
184195	0.001782575238
184196	0.001918757244
184197	0.001853209612
184198	0.002006247155
184199	0.001875768507
184200	0.0018668646
184201	0.001882825227
184202	0.001892329687
184203	0.001899925191
184204	0.001902183512
184205	0.001900414033
184206	0.001809911032
184207	0.001775887643
184208	0.001870017292
184209	0.00192304701
184210	0.001889524615
184211	0.001874754014
184212	0.001894623052
184213	0.001847748945
184214	0.001787912659
184215	0.001898225451
184216	0.001897302271
184217	0.001901011815
184218	0.001854058176
184219	0.001829403364
184220	0.00187845729
184221	0.00188179898
184222	0.001859188519
184223	0.001893035787
184224	2.842430359e-05
184225	0.003281859124
184226	0.0003625853084
184227	0.0001653720288
184228	0.0004966045813
184229	2.341383713e-05
184230	0.0007996052471
184231	0.002317863108
184232	0.002353284143
184233	6.958108958e-05
184234	0.001028753798
184235	0.001176688312
184236	0.0002991984699
184237	0.001640060273
184238	0.00456502016
184239	0.00313208578
184240	0.003042110404
184241	6.251169406e-05
184242	0.001876421251
184243	0.0001699411323
184244	4.920255254e-05
184245	5.27276781e-05
184246	0.0009434420705
184247	0.00317761204
184248	0.001391866048
184249	0.0008603483573
184250	0.004809687394
184251	0.002431987298
184252	0.001402837647
184253	0.0005785815376
184254	0.001200538153
184255	0.0008535882293
184256	0.0005368379479
184257	0.002706054535
184258	0.0003622705321
184259	0.0001100063659
184260	0.0006556107619
184261	0.003432766294
184262	0.0003535309848
184263	0.0005321249077
184264	0.00458472646
184265	0.001308105826
184266	0.0005022137171
184267	0.004600774474
184268	0.001605462859
184269	0.0009013798591
184270	0.003310820538
184271	0.001715031471
184272	0.0003647533966
184273	0.001135336662
184274	0.0003386596194
184275	0.0006962047989
184276	0.003033523848
184277	0.004233772902
184278	0.002968324572
184279	0.0007795983187
184280	0.0006020974373
184281	4.40289885e-05
184282	0.0005770708854
184283	0.0004922655497
184284	0.007480777306
184285	0.003974929083
184286	0.0003832784529
184287	0.0003289309987
184288	0.0009107619767
184289	0.0008287281177
184290	0.001252620339
184291	0.003543248151
184292	0.0001462694949
184293	0.00244086112
184294	0.0004135504573
184295	0.0008534448943
184296	0.0008315539508
184297	0.001633987572
184298	0.0009138721037
184299	0.0007515365229
184300	0.004508716804
184301	0.00249665114
184302	0.0008261401858
184303	1.284723274e-05
184304	1.635007005e-05
184305	0.001748712173
184306	0.00103300308
184307	0.002688784186
184308	0.001289838201
184309	0.0003312756289
184310	0.001376699431
184311	0.0005394492313
184312	0.003003799968
184313	0.002616779551
184314	0.003188808087
184315	0.003632799248
184316	0.0009229591771
184317	0.003199288964
184318	0.002930907981
184319	0.0004435127384
184320	0.00170588858
184321	0.002250373719
184322	0.002529415914
184323	0.0008902918951
184324	0.0003599799878
184325	0.002353533464
184326	0.003452858826
184327	0.006449709278
184328	0.007431619446
184329	0.001814679879
184330	0.005212375883
184331	0.0001028316128
184332	0.001937330372
184333	0.00266410969
184334	0.0004103636503
184335	0.003051481856
184336	0.003408907494
184337	5.596917551e-05
184338	0.001356117999
184339	0.001138012257
184340	0.002102473872
184341	0.00171691204
184342	0.0001839979604
184343	0.001541258669
184344	0.002058659215
184345	0.002823045886
184346	0.0009238750888
184347	0.001928412356
184348	0.001873179895
184349	0.004426542826
184350	0.00115086716
184351	0.0008103962135
184352	0.002277991807
184353	0.001302775201
184354	0.0009893446217
184355	0.0009527153539
184356	0.004407930705
184357	0.0004375669524
184358	0.002166435485
184359	0.001573894525
184360	0.002297888073
184361	0.003728235251
184362	0.0002838213934
184363	0.0006947290035
184364	0.0007307402279
184365	0.002730486501
184366	0.001884824918
184367	0.002996858631
184368	0.005727995439
184369	0.005250290441
184370	0.005311252456
184371	0.0065485584
184372	0.004513523459
184373	0.003336412305
184374	0.002867263858
184375	0.001702196502
184376	0.003466463741
184377	0.003382428662
184378	0.004217550303
184379	0.003627859538
184380	0.004071955994
184381	0.004386461632
184382	0.004455651962
184383	0.004020312499
184384	0.004610077178
184385	0.004090115203
184386	0.003602365596
184387	0.006379359373
184388	0.005124694549
184389	0.002689375141
184390	0.003801598225
184391	0.005235282965
184392	0.005720082634
184393	0.002855441893
184394	0.00453388258
184395	0.002962983242
184396	0.003109471795
184397	0.002784313734
184398	0.003806465574
184399	0.004740158694
184400	0.005241107081
184401	0.00419252585
184402	0.004457324134
184403	0.004463857573
184404	0.004434454573
184405	0.004503152622
184406	0.0034642216
184407	0.003946564471
184408	0.002691951294
184409	0.004529454421
184410	0.004243072971
184411	0.004331246418
184412	0.003128980879
184413	0.004702301521
184414	0.003603894059
184415	0.005446397715
184416	0.004843169896
184417	0.002936849542
184418	0.002622116288
184419	0.0003996643962
184420	0.0005261030504
184421	0.0007909542044
184422	0.001134356152
184423	0.0006406208142
184424	7.350509439e-05
184425	0.001073806288
184426	0.0009804871734
184427	0.0009062052725
184428	0.0008901227955
184429	0.0005243808941
184430	0.0005840178101
184431	0.0001924717892
184432	0.0004091047396
184433	5.216340767e-05
184434	0.0007278109789
184435	0.0005732186996
184436	0.001746641372
184437	0.0001625254804
184438	0.002874040165
184439	0.001668800805
184440	0.0006514710104
184441	0.0001001445633
184442	0.003352765406
184443	0.00339995924
184444	0.00255631188
184445	0.000839439176
184446	0.0004904786485
184447	0.00221613018
184448	0.00119581881
184449	0.0001716104922
184450	0.0001913190588
184451	0.002744160593
184452	0.005132519317
184453	0.0009281199616
184454	0.0007801497174
184455	0.001295188617
184456	0.001974711817
184457	0.001424895003
184458	0.0007667034768
184459	0.0007750897494
184460	0.001120410084
184461	0.001589011805
184462	0.0008231865227
184463	0.0014883504
184464	0.0006948641155
184465	0.001636434738
184466	0.001617492545
184467	0.003606438834
184468	0.000892700182
184469	0.003153603126
184470	0.0019411254
184471	0.002139790608
184472	0.003068342943
184473	0.002411001493
184474	0.0008284696936
184475	0.00263959813
184476	0.002432678874
184477	0.0003046681545
184478	0.0009174785177
184479	0.0007796134838
184480	0.002815942491
184481	0.00141789635
184482	0.0009286699004
184483	0.005787907345
184484	6.959759511e-05
184485	0.00330777055
184486	0.0001228672633
184487	0.0008236851108
184488	0.0001631823093
184489	0.00038425122
184490	0.001010227409
184491	0.001050034441
184492	0.00204914085
184493	0.0007546044255
184494	0.002008812203
184495	0.001305437506
184496	0.001984268556
184497	0.0021732753
184498	0.0005187483502
184499	0.0009269560044
184500	0.001681781228
184501	0.003920686964
184502	0.00232795999
184503	0.001665092901
184504	0.003380369024
184505	0.005216528183
184506	0.003074168323
184507	0.0009684187433
184508	0.001804346879
184509	0.0009783421445
184510	0.001190394359
184511	0.001626656676
184512	0.001424231057
184513	0.0012069647
184514	0.0005137752163
184515	0.001616029073
184516	0.0002442996891
184517	0.001080895912
184518	0.001665681777
184519	0.001544212182
184520	0.001450018853
184521	0.001197090403
184522	0.0008376201559
184523	0.0009540100814
184524	0.001138728047
184525	0.004476312456
184526	0.001893693568
184527	0.001078201406
184528	0.0019284872
184529	0.001491507983
184530	0.001346529351
184531	0.001908376066
184532	0.0004116892468
184533	0.001316961015
184534	0.0003628941234
184535	0.004210231604
184536	0.0005372201957
184537	0.001103729297
184538	0.0003042559207
184539	0.0008050042286
184540	0.001477390482
184541	0.001865556475
184542	0.0005393209999
184543	0.001624511756
184544	0.002241039473
184545	0.001340573083
184546	0.001331050167
184547	0.001016407309
184548	0.00340537409
184549	0.001672967911
184550	0.00138780291
184551	0.000347942038
184552	0.001494041765
184553	0.00264518027
184554	0.0004268752349
184555	0.002332753417
184556	0.001162811205
184557	0.001785375169
184558	0.002071660981
184559	0.0008922001218
184560	0.002683767471
184561	0.001015880342
184562	0.002167070426
184563	0.0006303445702
184564	0.001939614246
184565	0.002444532196
184566	0.002673736845
184567	0.0004920974992
184568	0.0004176553584
184569	0.0008443196459
184570	0.002497664982
184571	0.004449745905
184572	0.001025822549
184573	0.002631311122
184574	0.003149073514
184575	0.001326176082
184576	0.001428428219
184577	0.001642021965
184578	0.001318788084
184579	0.0006532624529
184580	0.001471365667
184581	0.005099454955
184582	0.002189471586
184583	0.001580782938
184584	0.0009764558789
184585	0.000435916991
184586	0.001182499319
184587	0.0008003323472
184588	0.00421598469
184589	0.003912620238
184590	0.00149055182
184591	0.001963754722
184592	0.0008370066623
184593	0.0003601292193
184594	0.002639462834
184595	0.008804928127
184596	0.0003029383302
184597	0.001175577319
184598	0.0008252714435
184599	0.001518434107
184600	0.0004840271005
184601	0.001121506118
184602	0.003329410297
184603	0.00502084159
184604	0.001274172805
184605	0.002093367937
184606	0.0001084814804
184607	0.0008040310022
184608	0.001073153688
184609	0.001552903239
184610	0.001716374371
184611	0.001115796837
184612	0.0004031072297
184613	0.001665366861
184614	0.00138186425
184615	0.00124419859
184616	0.0006112630838
184617	0.0003523306851
184618	0.0007033968639
184619	0.0005442043036
184620	0.0005523629682
184621	0.0002767323055
184622	0.0007224707884
184623	0.0003221627298
184624	0.0005143738273
184625	0.0008544192746
184626	0.0005981421819
184627	0.0006980314626
184628	0.0008360008949
184629	0.0003019464917
184630	0.0005476134036
184631	0.0003310673383
184632	0.000557942136
184633	0.0006881760943
184634	0.0001449403329
184635	0.0004403635428
184636	0.000379732855
184637	0.0004552569372
184638	0.0003244319286
184639	3.94520082e-05
184640	0.0006090211532
184641	0.0004653284968
184642	0.000657444468
184643	0.0003954697072
184644	0.0006883399573
184645	0.0003704616017
184646	0.001056490493
184647	0.0008322425839
184648	1.054913434e-05
184649	0.0004209116441
184650	0.0006827143855
184651	0.0003917827805
184652	6.839600301e-05
184653	0.0003306712068
184654	0.0002336762251
184655	0.0001107891798
184656	0.0002128290296
184657	0.0001689129161
184658	0.000785756573
184659	0.0006540159544
184660	0.0004945814841
184661	0.0002535401254
184662	0.0001262663191
184663	0.0006776168822
184664	0.0003566502709
184665	0.0008001991277
184666	9.162830037e-06
184667	0.000147911526
184668	0.000330807209
184669	0.0007953978282
184670	0.0005586257301
184671	0.0008109539435
184672	0.000349863796
184673	0.0006852597344
184674	0.0003894373128
184675	0.0006685055939
184676	0.0007591595309
184677	0.0005695692049
184678	0.000142227591
184679	0.0006787382558
184680	0.0004750654043
184681	0.0001715905754
184682	0.0004737413875
184683	0.0006225317915
184684	0.0003019716633
184685	0.0002214450667
184686	0.001234064574
184687	0.0005445730104
184688	0.0004137082352
184689	0.002426433385
184690	0.0006922042433
184691	0.0007920759609
184692	0.0005103888347
184693	0.0008444186793
184694	0.003068647427
184695	0.0006976871233
184696	0.0004419254181
184697	0.0008002067722
184698	0.0006511996858
184699	0.0001096088143
184700	0.0008567262211
184701	0.0008061998116
184702	0.0008220508049
184703	0.0008539256319
184704	0.00020989086
184705	0.0005267237702
184706	0.0003587699721
184707	7.414531579e-05
184708	0.0009568334862
184709	0.0008876425379
184710	0.0002427171025
184711	0.0006029129521
184712	0.000379887112
184713	0.0009314598223
184714	0.0005275033926
184715	0.0009276614448
184716	0.0004526911768
184717	0.0004299608999
184718	0.0006770883871
184719	0.001078750251
184720	0.0009656048582
184721	0.0003942457128
184722	0.000234855594
184723	0.0003259678609
184724	0.0003792324936
184725	0.0002470569755
184726	0.0006012832742
184727	0.0008015065564
184728	0.0009257021848
184729	0.0008677809746
184730	0.0004498592854
184731	0.0004835409938
184732	0.0005327655216
184733	0.0008139993214
184734	0.0007714589237
184735	0.0003650767215
184736	0.0007650680904
184737	0.0003889825039
184738	0.0007740595329
184739	0.0006318626484
184740	0.0003477105044
184741	0.0005590276976
184742	0.0006590053882
184743	0.0002649008075
184744	0.0003768077693
184745	0.001190132244
184746	0.001321652847
184747	0.0004972081467
184748	0.0006204107395
184749	0.0004505986058
184750	0.0003255657908
184751	0.00059368403
184752	0.0009018149821
184753	2.302245392e-05
184754	0.0005934137613
184755	0.0001519052531
184756	0.0004720972354
184757	0.0002420103725
184758	0.0005320659733
184759	8.09749888e-05
184760	0.001225351721
184761	0.0001898381176
184762	0.0007779082123
184763	0.0002461735329
184764	0.0006748785034
184765	0.0008329375299
184766	0.0007968011796
184767	0.0006388316624
184768	0.0008794763558
184769	0.000750032249
184770	7.886946527e-05
184771	0.0007197533435
184772	9.765103266e-05
184773	0.0005778196335
184774	0.0002393780614
184775	0.000543091921
184776	0.0004706718452
184777	0.0004268805566
184778	0.0002259016267
184779	0.0002796128037
184780	0.0005225627547
184781	0.0005570981798
184782	0.0006590629584
184783	7.899891845e-05
184784	0.0007278524539
184785	0.0006563877479
184786	0.0008773230908
184787	0.0004594909404
184788	0.0006913496798
184789	0.0005330973433
184790	0.0002993457721
184791	0.0008054644015
184792	0.0002894974563
184793	0.0004285875598
184794	0.0005744272594
184795	0.0001365711144
184796	0.0007239486455
184797	0.000793322422
184798	0.0007058815756
184799	0.0009654048584
184800	0.0005039829878
184801	0.0002171473093
184802	0.0006108166786
184803	6.0413702e-06
184804	0.0006161646855
184805	0.0005326742088
184806	0.0005278358561
184807	0.0007048434747
184808	0.0006961586995
184809	0.000261336541
184810	0.0004076168103
184811	0.0005136792118
184812	0.0006857840942
184813	0.0006908098958
184814	0.0008774094019
184815	0.0004615753975
184816	0.0002319507615
184817	0.0006032051546
184818	0.001126406931
184819	0.0005979403673
184820	0.0001213631817
184821	0.0004364503411
184822	0.0003170394657
184823	0.0006234870525
184824	0.0008909133969
184825	0.0005210290977
184826	0.0003671342574
184827	0.0007682120211
184828	0.0003990969121
184829	0.0004547979302
184830	0.0007252607153
184831	0.0004365359682
184832	0.0008164099301
184833	0.000740222381
184834	0.0003567522039
184835	0.0002062396726
184836	0.0008914691892
184837	0.0008388574405
184838	0.0006752509643
184839	0.0005242680035
184840	0.0002716342823
184841	0.0003481282412
184842	0.0001166845165
184843	0.0004521733039
184844	0.0005029627255
184845	0.000236912527
184846	0.0006233931342
184847	0.00070210751
184848	0.0003438699116
184849	0.0004953260648
184850	0.0005031917605
184851	0.0004242662894
184852	0.0006606674571
184853	0.0003606021626
184854	0.0006253355635
184855	0.0004467018676
184856	0.0005093236892
184857	0.0006367375709
184858	0.0004658529565
184859	0.000347061424
184860	0.001226880945
184861	0.0004418639636
184862	0.0001748303212
184863	0.0001942001759
184864	0.0004848226231
184865	0.00036398301
184866	0.000342736627
184867	0.0002600988383
184868	0.0001665932917
184869	0.0002903216816
184870	0.0004548063197
184871	0.0001718004654
184872	0.0003604302519
184873	0.0004187018766
184874	0.0007352763806
184875	0.0005856775235
184876	0.0005083672922
184877	0.0005000336382
184878	0.0001982101059
184879	0.0005699008994
184880	1.448150154e-06
184881	0.0006128453926
184882	0.00128831371
184883	0.0005261072078
184884	0.0005203473365
184885	7.958646758e-05
184886	0.0005879517104
184887	0.001783673043
184888	0.0004227070761
184889	0.0001522799114
184890	0.001312750941
184891	0.0004138742853
184892	0.0009268910931
184893	0.0002942325459
184894	0.0001385253859
184895	0.0005878481873
184896	0.0006470119717
184897	0.0008460687617
184898	0.0005811968784
184899	0.001996252058
184900	0.0002266978531
184901	0.0002941568893
184902	0.0004376023112
184903	0.0005457359989
184904	0.0004482061827
184905	0.0002707917757
184906	0.0005738655891
184907	0.0006370845946
184908	0.0007057454502
184909	0.0006049958843
184910	0.0006222584439
184911	0.0001885973321
184912	0.0006034913231
184913	0.0006195167014
184914	0.0002853074969
184915	0.0004693209172
184916	0.00011359733
184917	0.0006132506418
184918	0.0001082890897
184919	0.0008830021675
184920	0.0004177618074
184921	0.0003300076879
184922	0.000624000967
184923	0.0005988769657
184924	0.0005049167182
184925	0.0004683133454
184926	0.0005486763601
184927	0.0007072743732
184928	0.0004587403269
184929	0.0006963865601
184930	0.0001341785026
184931	0.0007371448241
184932	0.0009085675856
184933	0.000658737286
184934	0.0009474558766
184935	0.00026568423
184936	0.0005414068941
184937	0.0006877532348
184938	0.0001905323122
184939	0.0003678593326
184940	0.001123166761
184941	0.0005700879883
184942	0.001252450062
184943	0.0005328795101
184944	0.0001173251237
184945	0.0007141566125
184946	0.0002041572114
184947	0.0005819886348
184948	0.0006439610014
184949	0.0006988737588
184950	0.0006937872747
184951	0.000120327047
184952	0.0003648651892
184953	0.0004026905727
184954	0.0004664792308
184955	0.0001041091156
184956	0.0009419132436
184957	0.0003602776929
184958	0.001215178552
184959	0.001019659164
184960	0.0006172005051
184961	0.0003573855335
184962	0.0001094309294
184963	0.0007911556444
184964	9.217471378e-05
184965	0.001004433834
184966	0.0005217442652
184967	0.000575228165
184968	0.0007122341955
184969	0.0003978838049
184970	0.0005458090396
184971	0.0005626702116
184972	0.0007351132734
184973	0.00055362742
184974	0.0003375541268
184975	0.0005627176539
184976	0.0006381595094
184977	0.0005817052251
184978	0.0008626884712
184979	0.0004624553059
184980	0.000539277343
184981	0.0003197723286
184982	0.0003019605497
184983	0.0005236597343
184984	0.0005330686407
184985	0.0004482327116
184986	0.0009158529277
184987	0.0001631299152
184988	0.0006558366047
184989	0.0004255938867
184990	0.0006018222624
184991	0.0006048729821
184992	0.0006629571511
184993	0.0008339446733
184994	0.0003282048553
184995	0.000936921239
184996	0.000306256253
184997	0.0005735437605
184998	0.0009286572377
184999	0.0001338932082
185000	0.0004444655745
185001	0.0004503851609
185002	0.0004284954078
185003	0.0005731042291
185004	0.0003311232479
185005	0.0001904475527
185006	0.0003373167504
185007	0.000596030394
185008	0.0002081201311
185009	6.906581271e-05
185010	0.0004561514452
185011	0.001087034078
185012	0.0008452031473
185013	0.0005630454906
185014	0.0003132659522
185015	0.002926241272
185016	0.000649121888
185017	0.0001342263661
185018	0.0006248852038
185019	0.0003985443739
185020	0.0003560395461
185021	0.0009291526916
185022	0.0003996325859
185023	0.0005177900116
185024	0.0003661469517
185025	0.000338716559
185026	0.0006312694676
185027	1.669387865e-06
185028	0.0003034750762
185029	0.0008484998789
185030	0.0005890261408
185031	0.0005583617219
185032	0.0006518158429
185033	0.0001630055009
185034	0.0007763918252
185035	0.0006543210915
185036	0.0001741908277
185037	0.0004682991138
185038	0.0007815216103
185039	0.0003872010266
185040	0.0002404385812
185041	0.0009765535356
185042	0.001035883294
185043	0.0006897559273
185044	0.0003261843291
185045	0.0003494606758
185046	1.797403612e-06
185047	0.0001722270063
185048	0.000782521122
185049	0.0005781695571
185050	0.0002107765267
185051	0.0007473432931
185052	0.0006739220581
185053	8.386564787e-05
185054	0.0005103742453
185055	0.0003382715156
185056	4.837520575e-05
185057	0.0001458190405
185058	0.0003951588682
185059	0.001575167104
185060	0.0007579610357
185061	0.0003990096263
185062	0.001708696847
185063	0.0003877530768
185064	0.0004997373873
185065	0.0008113330579
185066	0.001220911068
185067	0.0006069295213
185068	0.0002080667019
185069	0.0006426948619
185070	0.002558864297
185071	0.004916558749
185072	0.00182203622
185073	0.008603025194
185074	0.0002102632674
185075	0.0001092472034
185076	0.0004788893502
185077	0.000133408631
185078	0.0005082077007
185079	0.002262315723
185080	0.0002808808936
185081	0.0005600553606
185082	0.0007405750002
185083	0.0002653666476
185084	0.0003327555631
185085	0.0007162376045
185086	0.0007961444145
185087	0.0006896806621
185088	0.0003450646862
185089	0.0003424447133
185090	0.0005184247078
185091	0.0004720515163
185092	0.0002235165347
185093	0.0003700526045
185094	0.0006957349063
185095	0.002509415341
185096	0.0007191465626
185097	0.0004121468138
185098	0.0006065634358
185099	0.004845643868
185100	0.002083761683
185101	0.002282176263
185102	0.001160677566
185103	0.001046124808
185104	0.0004932965748
185105	0.004125488286
185106	0.0003762844987
185107	0.0003158610131
185108	0.004397083764
185109	0.001844851613
185110	0.001070177447
185111	0.003122631228
185112	0.0004196547694
185113	0.0008529235391
185114	0.0007796534174
185115	0.001710689409
185116	0.002665778803
185117	0.00179175884
185118	0.0003706440886
185119	0.001753876402
185120	0.0002379322449
185121	0.001231145612
185122	0.0008098538512
185123	0.001991688202
185124	0.001135200799
185125	0.001541813072
185126	8.325643313e-07
185127	0.002296960385
185128	0.0003185699032
185129	0.0001286974536
185130	0.001004217819
185131	0.001301845855
185132	0.0002357912546
185133	0.001715515482
185134	0.001912786215
185135	0.0009377431482
185136	0.0001721699042
185137	0.001318136766
185138	0.0007422802439
185139	0.0007834672257
185140	0.001771076264
185141	0.0001398682722
185142	0.00533287211
185143	0.004708071778
185144	6.867114055e-05
185145	5.7111803e-05
185146	0.002857579167
185147	0.0003862028735
185148	0.004067649284
185149	0.003019502834
185150	0.0005703408558
185151	0.001883317607
185152	0.001322306238
185153	0.0001312160019
185154	0.002450952075
185155	0.001100944682
185156	0.002279567857
185157	0.002479481484
185158	0.0004581328142
185159	0.0005106258813
185160	0.001283335906
185161	0.00090020216
185162	0.0005471022993
185163	0.0004423965859
185164	0.001420056881
185165	0.0005397539007
185166	0.0004473766865
185167	0.0004256996115
185168	4.77126482e-05
185169	0.0001253335661
185170	0.0003718790359
185171	0.0008397688018
185172	0.0007108412431
185173	0.000543593792
185174	0.001083684449
185175	0.0006890210285
185176	0.001106374691
185177	6.928326934e-05
185178	0.002373823201
185179	0.003582183561
185180	0.001679510468
185181	0.000417513241
185182	0.0008271895682
185183	0.0004127657463
185184	0.0004476930098
185185	0.001203628602
185186	0.003569963474
185187	0.002215280355
185188	0.001697344777
185189	3.967339272e-05
185190	5.453301707e-05
185191	0.001376036426
185192	0.001202741802
185193	0.0002728383899
185194	0.0009794481054
185195	0.003283028612
185196	0.005454838817
185197	0.001963749622
185198	0.0004076294961
185199	0.0003049708809
185200	0.002284863503
185201	0.002644063636
185202	0.001097498961
185203	0.001842491886
185204	0.003489735378
185205	0.002285944421
185206	0.00243231268
185207	0.001206667878
185208	0.003361936284
185209	0.005172194429
185210	0.002376709969
185211	0.002897805461
185212	0.002214037216
185213	0.003782172735
185214	0.003378517223
185215	4.595164084e-06
185216	0.006429360634
185217	0.0006620533869
185218	0.001755832459
185219	0.001080362129
185220	0.0005030000643
185221	0.003143078952
185222	0.00118569773
185223	0.001437115807
185224	0.001099843009
185225	0.003410912349
185226	0.001734186376
185227	0.00108544111
185228	0.0005503884393
185229	0.000712825486
185230	0.0001674251675
185231	0.0002386831467
185232	0.000286968781
185233	0.003461625913
185234	0.002452594787
185235	0.001976167614
185236	0.0009243362327
185237	0.001003948935
185238	0.001047626155
185239	0.001139618866
185240	0.0001386452578
185241	0.0005083293736
185242	0.003867067601
185243	0.0005298759439
185244	1.432688214e-08
185245	0.0001047760106
185246	0.002912232698
185247	0.003157455851
185248	0.004602186004
185249	0.004540956002
185250	0.0004127085184
185251	2.681173658e-07
185252	0.002688660934
185253	0.0001282716559
185254	0.003021162489
185255	0.001054710045
185256	0.0001495281543
185257	0.0008715138184
185258	0.0005306379573
185259	0.003865636936
185260	0.00216230532
185261	0.004034101046
185262	0.003048745955
185263	0.0006432627216
185264	0.001008947699
185265	0.000964688453
185266	0.0004330084532
185267	0.001811779952
185268	0.0001837686771
185269	0.0003472998666
185270	0.0002764378074
185271	0.001314124273
185272	0.0001249789036
185273	0.0009575375038
185274	0.0005408731062
185275	0.002472294282
185276	0.0009059694909
185277	0.001688320068
185278	0.0001767412211
185279	0.0007216290617
185280	0.003188850867
185281	0.00108808378
185282	0.0005415810831
185283	1.140669627e-05
185284	0.001006902349
185285	0.004022468274
185286	0.0001364358788
185287	0.0002562304859
185288	0.0004094169088
185289	0.0008473128373
185290	0.0007963145498
185291	0.002570395232
185292	0.005850564468
185293	0.004760554217
185294	0.001634297086
185295	0.0002614676078
185296	0.00190334294
185297	0.0006630138572
185298	0.000579087625
185299	0.001423880636
185300	0.001608464338
185301	0.00312515226
185302	0.003836114561
185303	0.0007275804502
185304	0.001422927932
185305	5.453773317e-05
185306	0.0004160898081
185307	0.002445020095
185308	0.001795769072
185309	0.0001352864747
185310	0.0001235133695
185311	0.0001953655144
185312	0.0002344443773
185313	0.0005896299946
185314	0.0005604993873
185315	0.0006871546192
185316	0.003514190191
185317	0.0009708924382
185318	0.0009865625397
185319	0.001272233722
185320	0.0003251052245
185321	3.194020447e-05
185322	0.001877941056
185323	0.001778423867
185324	0.0003747759981
185325	0.001551595351
185326	0.003042564618
185327	0.00274298609
185328	0.002115663045
185329	1.199174596e-05
185330	4.912073925e-09
185331	1.289343323e-05
185332	0.00185164133
185333	0.002161970132
185334	0.0003872870245
185335	0.0011512437
185336	0.0009466533784
185337	1.19275281e-05
185338	0.0005444055256
185339	0.0004047263682
185340	0.0006789628833
185341	0.004415249108
185342	0.003422731439
185343	0.0005542738501
185344	0.002594579601
185345	0.001522827705
185346	1.40344968e-08
185347	0.000906867942
185348	0.0002715501842
185349	0.002500802007
185350	0.0002762366452
185351	0.002442329066
185352	0.001407432406
185353	0.0003990729273
185354	0.001605729479
185355	0.000657679684
185356	0.0001895923165
185357	0.0003062907544
185358	0.001661355574
185359	0.0004255092435
185360	0.0004140901152
185361	4.093394894e-08
185362	0.0009329771302
185363	0.0005685434266
185364	0.0002739827025
185365	0.001093256662
185366	0.000816551779
185367	0.00127925249
185368	0.001775432474
185369	0.005716791279
185370	0.004880098548
185371	0.001410830682
185372	0.001001231469
185373	0.001227660624
185374	0.003588806786
185375	0.0006716969996
185376	0.001941976977
185377	0.001892877657
185378	0.003109535658
185379	0.001706122276
185380	0.000253971937
185381	0.0006774152579
185382	0.0005699201639
185383	0.001704043562
185384	0.0008411880014
185385	0.004922640694
185386	0.001477797212
185387	0.0005810394417
185388	0.0003028939515
185389	0.0003668388096
185390	9.553886545e-05
185391	0.001134208006
185392	0.001321177915
185393	0.0005168308215
185394	0.00309462757
185395	0.002188840611
185396	0.002119610719
185397	0.008308062204
185398	0.0004771892529
185399	0.001451772822
185400	0.0002761038764
185401	0.001169591777
185402	0.00120627165
185403	0.006067379143
185404	0.0006643274172
185405	0.002027016059
185406	0.003283860748
185407	0.0007194069884
185408	0.003666536296
185409	0.0003599537015
185410	0.002469685007
185411	0.001194234775
185412	0.002604985238
185413	0.004073583006
185414	0.001213220519
185415	0.006383855673
185416	0.005725439492
185417	0.000111931353
185418	0.001231456815
185419	0.0002912413444
185420	9.197290731e-05
185421	0.004879964939
185422	0.0008374167897
185423	0.0002542809372
185424	0.0002865766732
185425	0.0009307225531
185426	0.0005150846665
185427	0.0005492270327
185428	0.00268433898
185429	0.003136984864
185430	0.0008179046245
185431	0.004230259295
185432	0.001922580602
185433	0.001136732315
185434	0.002931802376
185435	0.002308779177
185436	0.003362069662
185437	0.0006450481272
185438	0.002641174216
185439	0.00141150518
185440	0.002453398487
185441	0.0008593233318
185442	0.002217962523
185443	0.001166015401
185444	0.001736532423
185445	0.001443123752
185446	0.003683276179
185447	0.002158731767
185448	0.0004408645683
185449	0.003511439886
185450	5.326243519e-05
185451	0.001679277602
185452	0.002778019003
185453	0.002862538572
185454	0.0001216920401
185455	0.0003944016194
185456	0.0002351167428
185457	0.001014887755
185458	0.001078101416
185459	0.004474005095
185460	0.005074316526
185461	0.002209487792
185462	0.004884025895
185463	0.002873673171
185464	0.005283989296
185465	0.0009404623168
185466	0.002951938494
185467	0.003122809444
185468	0.007828581118
185469	0.0004951320645
185470	0.005715636364
185471	0.001083037658
185472	0.001024528419
185473	0.0002816366353
185474	0.0002958638365
185475	0.0004867975718
185476	0.0001919214467
185477	0.000338610621
185478	0.001540717811
185479	0.004157402137
185480	0.002385718145
185481	0.008322832828
185482	0.003950003217
185483	0.006657657164
185484	0.005533751895
185485	0.004181363938
185486	0.003505628268
185487	0.00510355557
185488	0.002286991785
185489	0
185490	5.349877615e-05
185491	0.0006577385645
185492	0.00312926968
185493	0.0003032770058
185494	0.0005121828622
185495	0.003410193702
185496	0.002614095465
185497	0.002393092873
185498	0.001783393205
185499	0.002157433241
185500	0.0008047390995
185501	0.001862023926
185502	0.001007811883
185503	0.002103142768
185504	0.003257241575
185505	0.0008887285
185506	0.001575820525
185507	9.302680132e-05
185508	0.002218812847
185509	0.0001662768172
185510	0.002145351822
185511	0.0004480101177
185512	0.001778662233
185513	0.002013858071
185514	0.0004584114275
185515	0.0004338284749
185516	0.001183208823
185517	0.002253083738
185518	0.001436143885
185519	0.0003238614909
185520	0.0001077164071
185521	0.0004321836074
185522	0.001638343671
185523	0.0005076398935
185524	0.001081581753
185525	0.003952199648
185526	0.001817083699
185527	0.003258835578
185528	0.002320600243
185529	0.000626753248
185530	0.002000576831
185531	0.0006697463933
185532	0.001825393872
185533	0.006547662468
185534	0.006324488998
185535	0.001176354255
185536	0.0002706914156
185537	0.002821495067
185538	0.005102816816
185539	0.004218066518
185540	0.003940802299
185541	0.005380794805
185542	0.003964385024
185543	0.001198502062
185544	0.001857611203
185545	0.002070697081
185546	0.002339867897
185547	0.002281230151
185548	0.002082293417
185549	0.0008963590884
185550	0.001296201289
185551	0.0008491165548
185552	0.0005109578994
185553	0.0006015215027
185554	0.0005284388045
185555	0.001087768339
185556	0.002265755933
185557	0.006402951214
185558	0.005522293294
185559	0.003361693364
185560	0.001636712502
185561	0.002901999736
185562	0.002668573
185563	0.0001985014949
185564	9.786045744e-05
185565	0.003450869713
185566	0.002800947961
185567	0.002811274748
185568	0.00113286853
185569	0.003328558676
185570	0.002218157652
185571	0.003456726992
185572	0.00288564684
185573	0.005063804766
185574	0.003149705343
185575	0.002473465556
185576	0.003930233802
185577	0.007784161437
185578	0.003040081605
185579	0.0008951572461
185580	0.0006021537346
185581	0.005215918595
185582	0.002284391014
185583	0.001610003774
185584	0.001791127362
185585	0.0002983141135
185586	0.001569799854
185587	0.0005600303165
185588	0.0007003365077
185589	0.002182654574
185590	5.557311072e-05
185591	0.001221838913
185592	0.001315643973
185593	1.76895474e-05
185594	0.001238962801
185595	0.000336033002
185596	0.003966365968
185597	0.0002495143142
185598	0.0001069731604
185599	0.0004905766051
185600	0.0002530295244
185601	4.15539668e-05
185602	0.0003067343671
185603	0.001290583919
185604	0.001500402698
185605	0.0005354254064
185606	0.00197852358
185607	0.0015810833
185608	0.003014306814
185609	0.001438460723
185610	0.0001953261733
185611	0.005108191951
185612	0.001041417554
185613	0.004757238646
185614	0.001196742971
185615	0.002885246357
185616	0.002835387532
185617	0.001060801812
185618	0.001957318758
185619	0.0005888540178
185620	0.002061938837
185621	0.0005845879365
185622	0.0002896613119
185623	0.001095795518
185624	0.0007663690591
185625	0.00191332663
185626	0.001548417118
185627	0.002696165795
185628	0.003725815564
185629	1.717163409e-05
185630	0.0005981977718
185631	9.980202068e-05
185632	3.771272691e-06
185633	0.001238570074
185634	0.0003142252472
185635	0.002554771772
185636	0.003928709222
185637	0.001664111449
185638	0.0009489469297
185639	0.002641368411
185640	0.002070047632
185641	0.0009446442707
185642	0.002265368425
185643	0.004147163397
185644	0.002463862364
185645	0.003630315467
185646	0.002819508523
185647	0.0003637309286
185648	0.0009301782572
185649	0.0002517181733
185650	0.0007142509073
185651	0.004048966132
185652	0.0003796616486
185653	4.1792337e-05
185654	0.002774626467
185655	0.007008943105
185656	0.0008111631434
185657	0.004192481474
185658	0.00176974729
185659	7.657309758e-05
185660	0.003066230629
185661	0.003457949404
185662	0.0009438017511
185663	0.001207173139
185664	0.002346060609
185665	0.003927790548
185666	0.005804766875
185667	0.002047182425
185668	0.002708043202
185669	0.00248010104
185670	0.003481221324
185671	0.006299326758
185672	0.001425467095
185673	4.766434645e-05
185674	0.004099502632
185675	0.005900836096
185676	0.00104338964
185677	0.001908250849
185678	0.001959700844
185679	0.001600427491
185680	0.001672045327
185681	0.002365458514
185682	0.002959759508
185683	0.002521782065
185684	0.004664341918
185685	0.001303269475
185686	0.0006911264679
185687	0.004888446877
185688	0.007956947133
185689	0.002163456576
185690	5.950860358e-05
185691	0.000270557441
185692	0.00317989943
185693	0.002917668952
185694	0.001871286081
185695	0.001733008267
185696	0.0003928037764
185697	0.00338426442
185698	0.003724987464
185699	0.001510210455
185700	0.002232100887
185701	0.002674510189
185702	0.0002869330283
185703	0.002678525295
185704	4.643444934e-05
185705	0.0003148986573
185706	0.002918206464
185707	0.003623490889
185708	0.0005223073668
185709	0.001019458188
185710	0.0007783046364
185711	0.001567068102
185712	0.001277518724
185713	0.001169913699
185714	0.002775236605
185715	0.0009057578615
185716	1.055782244e-05
185717	0.0002076826639
185718	2.181127698e-05
185719	0.002115319604
185720	0.002286637543
185721	0.001463203232
185722	0.001109735763
185723	0.002228796053
185724	0.001992913304
185725	0.002085339684
185726	0.001671683535
185727	0.0009295930326
185728	0.001053609575
185729	6.112664671e-05
185730	0.0009230708904
185731	2.491404929e-06
185732	0.0003607746367
185733	0.003592377953
185734	0.003243299854
185735	0.0009816255179
185736	0.001028865109
185737	0.0009984692861
185738	0.003409715876
185739	0.002895229143
185740	0.0001237994498
185741	0.0006974031519
185742	0.0009050259494
185743	0.001466078828
185744	0.000188941892
185745	0.0005882151756
185746	0.0001370974515
185747	0.0007078042476
185748	0.0004065478693
185749	1.750225277e-05
185750	0.0006029060338
185751	0.0004603722289
185752	0.0001698030401
185753	0.0008740653265
185754	0.0005841985216
185755	0.001211948642
185756	1.37417876e-05
185757	0.006633144286
185758	0.00155251477
185759	0.000126002691
185760	0.003199696778
185761	0.002736047035
185762	0.001272481288
185763	0.001153123269
185764	0.001575705284
185765	0.005157889548
185766	0.001548066618
185767	0.0001747124346
185768	0.0001127592093
185769	0.002194364584
185770	0.004336720958
185771	0.0001451486368
185772	0.0008228683665
185773	0.003595211512
185774	0.001931814627
185775	0.003159018823
185776	0.001706841089
185777	0.0001570258363
185778	0.001222408432
185779	0.0005282880891
185780	0.004475146855
185781	0.001308012797
185782	0.0025993916
185783	0.001096060283
185784	0.0001069554161
185785	0.003147193636
185786	0.001636425563
185787	0.0005415752341
185788	4.308122272e-05
185789	0.003457612797
185790	0.0001510695822
185791	0.004237310133
185792	0.004739546233
185793	0.004995255073
185794	0.003908010331
185795	0.00610976304
185796	0.00195368972
185797	0.005934577979
185798	0.003228295864
185799	0.002895156558
185800	0.003330414793
185801	0.0001357877734
185802	0.0001940549764
185803	0.001583444707
185804	0.002501270056
185805	0.001762070468
185806	0.001177526969
185807	0.003449378368
185808	0.0001130060766
185809	0.001112465693
185810	0.001433696139
185811	0.0004189561467
185812	0.00579832557
185813	0.002420615444
185814	0.0004563848029
185815	0.001337765193
185816	0.0001284161854
185817	0.001676533718
185818	0.0008487224844
185819	0.003189071781
185820	0.002340753079
185821	0.002005098117
185822	0.002139478784
185823	0.0008722390476
185824	0.002552890828
185825	0.003797943115
185826	0.0001770842946
185827	0.0008359445453
185828	0.001907980986
185829	0.002963539884
185830	0.0009534676233
185831	0.001417932863
185832	0.001364768347
185833	0.001517489772
185834	0.001775872179
185835	0.001117409777
185836	0.002612052354
185837	0.001247495423
185838	0.001472920882
185839	0.002221429963
185840	0.0003898504625
185841	0.001250126777
185842	0.003931616374
185843	0.001751456403
185844	0.001311647156
185845	0.002206223895
185846	0.003244438634
185847	0.003926330581
185848	0.0005069299741
185849	0.0001880750199
185850	0.0005075568689
185851	0.001841956462
185852	0.0008370097585
185853	0.002475729599
185854	0.0004850166908
185855	0.001113394589
185856	0.002479664414
185857	0.0007128730565
185858	2.584329007e-05
185859	0.002693177827
185860	0.002644751792
185861	0.001523347079
185862	0.001323275115
185863	0.001157371491
185864	0.001012561477
185865	0.003781495356
185866	0.002308782336
185867	0.003697414881
185868	0.0004150250877
185869	2.050565772e-05
185870	0.004127554579
185871	0.002376710114
185872	0.0001443195046
185873	0.0003057891193
185874	0.00016429938
185875	0.004648813199
185876	0.002313685432
185877	0.0006365612665
185878	8.388059342e-05
185879	0.0007813317302
185880	0.0002631340012
185881	0.004729585239
185882	0.0006855407096
185883	0.006156458467
185884	0.0009538931359
185885	0.00399599739
185886	0.001442632119
185887	0.0007317052053
185888	0.0009142037913
185889	0.00139751163
185890	0.0007079940678
185891	0.001696404829
185892	0.00207869655
185893	0.009253897143
185894	0.004062064845
185895	0.0002173668353
185896	0.001591836351
185897	0.002823328975
185898	0.0008189024013
185899	0.001311475661
185900	0.002064569247
185901	0.0008269328298
185902	0.0006810178624
185903	0.003236757661
185904	0.001320372042
185905	3.233227214e-05
185906	0.002825338538
185907	0.001896708027
185908	0.003171748281
185909	0.002721528668
185910	0.0005523851248
185911	0.003475895958
185912	0.001131785637
185913	0.003249162679
185914	0.00219165914
185915	0.003757353231
185916	0.0004532750134
185917	0.0003161281929
185918	0.0004383102901
185919	0.0004754679642
185920	0.002171444493
185921	0.002983143826
185922	0.0004367255438
185923	0.003766840856
185924	0.0003141191565
185925	0.001534463072
185926	0.0008164219151
185927	0.000130853015
185928	0.0007477437735
185929	6.051180053e-05
185930	0.0009974115646
185931	0.0003360819801
185932	0.0003743916337
185933	0.0001876271252
185934	0.001399513688
185935	0.0005798194572
185936	0.0004475835943
185937	0.001449798598
185938	0.0001555243931
185939	0.0003053890088
185940	0.0001924459047
185941	4.866968551e-05
185942	9.638347669e-05
185943	3.826265542e-05
185944	0.000288516471
185945	0.0009919442777
185946	0.001626993394
185947	7.158604467e-05
185948	0.0006951494721
185949	0.001012262026
185950	0.002030558228
185951	0.001101203009
185952	0.004346966078
185953	0.002497285721
185954	0.000267691646
185955	0.001004987947
185956	0.003355206305
185957	0.001701222168
185958	0.001706333127
185959	0.0007514555237
185960	0.0002301058287
185961	0.001239034461
185962	0.0006127149654
185963	0.001682886179
185964	0.004654638097
185965	0.0005662323964
185966	0.0006008666651
185967	0.0002807619417
185968	0.001495165933
185969	0.001779509113
185970	0.000504228114
185971	0.0009473609565
185972	0.001139589028
185973	0.001049752783
185974	0.001993002451
185975	0.002254776597
185976	0.00192184644
185977	0.001708986176
185978	0.0006509732342
185979	0.00192849552
185980	0.0007060198145
185981	0.0006896163785
185982	0.002124389199
185983	0.001115731954
185984	0.001804342454
185985	0.004926864694
185986	0.0007328553562
185987	8.70965451e-05
185988	0.001566281481
185989	0.0004936085454
185990	0.0006369482897
185991	0.0009293988117
185992	0.007260382062
185993	0.001847030059
185994	0.001383510925
185995	0.0002413654522
185996	0.001822595472
185997	0.001602396214
185998	0.0005000588872
185999	0.006091711231
186000	0.001180339792
186001	0.001414684453
186002	0.003677863646
186003	0.00243701034
186004	0.0007262540932
186005	0.003253101476
186006	0.00104885996
186007	0.000887221234
186008	0.004446705673
186009	0.008060119058
186010	0.001310723342
186011	0.004558708822
186012	0.003438979059
186013	0.002855917638
186014	0.004004019993
186015	0.002524656517
186016	0.002043696016
186017	0.001540744007
186018	0.0003628542408
186019	0.0001977121058
186020	0.001198481651
186021	0.0007206722632
186022	0.006899004536
186023	0.001498099486
186024	0.002111627362
186025	0.00102550889
186026	0.0007947836264
186027	0.0006247771318
186028	0.0008403947025
186029	0.002130705755
186030	0.0005117310861
186031	0.0001595063316
186032	0.0051638541
186033	0.003911778904
186034	0.001430604215
186035	0.0001726376992
186036	0.0008611004361
186037	0.002873991594
186038	0.002473698241
186039	0.002671773915
186040	0.0003098927328
186041	0.0004994572787
186042	0.0001581045851
186043	0.00635612414
186044	0.00321960683
186045	0.002859878292
186046	0.0009777956443
186047	0.0001174565977
186048	0.001719934803
186049	0.004441177214
186050	0.001415671946
186051	0.0008271202032
186052	0.0007669129056
186053	0.002278825541
186054	2.647707181e-06
186055	0.000643219639
186056	0.0003186674345
186057	0.0005958223783
186058	0.0007811638485
186059	0.00195716264
186060	0.0005112027537
186061	0.001883256337
186062	0.0008282664948
186063	0.000208460332
186064	0.002710382018
186065	0.004965334507
186066	0.001147946159
186067	0.001629184151
186068	0.0008046635239
186069	0.0003645941916
186070	0.0007010064921
186071	0.00411391001
186072	0.0004506484103
186073	0.002439591575
186074	0.00287520668
186075	0.001444980161
186076	0.0006508924448
186077	0.003427848041
186078	0.0001889528478
186079	9.217475372e-06
186080	0.0002608330988
186081	0.0001795021339
186082	0.000723994607
186083	0.00421365197
186084	0.0003255349227
186085	0.001306248889
186086	0.002950808294
186087	0.002781887026
186088	0.001986164818
186089	0.001485163169
186090	0.001068387914
186091	0.004054148877
186092	0.0007862003333
186093	0.001891476764
186094	0.001622640866
186095	0.002367447715
186096	0.0009802156042
186097	0.001348713017
186098	0.003364310032
186099	0.0006954474731
186100	0.0005430270758
186101	0.004196046945
186102	0.001447527599
186103	0.002702943014
186104	0.004541618746
186105	0.001291376179
186106	0.003689635863
186107	0.0001881037344
186108	0.002091243554
186109	0.001869180571
186110	0.00417321717
186111	0.001153571228
186112	0.006722571645
186113	0.0007426567178
186114	0.0001593753649
186115	0.004883400443
186116	0.004783837257
186117	0.004360296207
186118	0.001788885457
186119	0.002075945033
186120	0.0006553332465
186121	0.001959526669
186122	0.0004234171098
186123	0.0009275849854
186124	0.002807918938
186125	0.004363271895
186126	0.002410219726
186127	0.003697953709
186128	1.920521588e-05
186129	0.005740755727
186130	0.0005525381731
186131	0.001684221011
186132	0.005559980639
186133	0.001186047852
186134	0.003806758778
186135	0.004056187312
186136	0.001974896776
186137	0.0006915932641
186138	0.001396668269
186139	0.0007400236359
186140	0.005598530721
186141	0.0004945904803
186142	0.003238142141
186143	0.002526217252
186144	0.002024668954
186145	0.0005369823919
186146	0.002371544898
186147	0.0001886155277
186148	0.00416753127
186149	0.0001414556984
186150	0.002257055803
186151	0.000657935952
186152	0.003664472463
186153	0.006332157684
186154	0.002502132534
186155	0.0001461108777
186156	0.0005565460931
186157	0.001180197659
186158	0.0006839859908
186159	0.006776820748
186160	0.002353958075
186161	0.00187247233
186162	0.002984711628
186163	0.004975943219
186164	0.0004189100863
186165	0.001183613024
186166	0.000843864396
186167	0.002645904192
186168	0.002700963442
186169	0.0003660343821
186170	0.0006638168385
186171	0.0005641483925
186172	0.002275541764
186173	0.003039674522
186174	0.001927104281
186175	0.002610503043
186176	0.0004168735175
186177	0.002573481635
186178	0.001160135443
186179	0.001501742476
186180	3.776872318e-05
186181	0.0005033868401
186182	0.0001277951192
186183	0.005020586571
186184	0.0005316075041
186185	0.0001890081333
186186	0.0003793133689
186187	0.0008796662061
186188	0.005994566129
186189	0.003211875441
186190	0.003775695766
186191	0.0001396560477
186192	0.0002292950938
186193	0.006001102805
186194	0.0007153427365
186195	0.001037619775
186196	0.004859995443
186197	0.000275216094
186198	0.002487559095
186199	0.001379138035
186200	0.001358533642
186201	0.001205015457
186202	0.003436631863
186203	0.001510811261
186204	0.0007403795854
186205	0.003558746417
186206	0.004198675034
186207	0.002128179398
186208	0.001098735557
186209	0.0007106197622
186210	0.0008143165579
186211	0.000823365073
186212	2.220733659e-05
186213	0.004594369288
186214	0.005352503026
186215	0.00075742117
186216	0.0009662307752
186217	0.001794376628
186218	0.001044910915
186219	0.00482707814
186220	0.002119336658
186221	0.002278492593
186222	0.002017205123
186223	0.004490299032
186224	0.003491556099
186225	0.0007206450706
186226	0.0002216829029
186227	0.003443955752
186228	0.002938216562
186229	0.001261336595
186230	0.0001403991518
186231	0.000109939403
186232	0.003514508507
186233	0.001312055331
186234	0.001782080554
186235	0.001642919374
186236	0.003397184515
186237	0.002767957864
186238	0.001356631153
186239	4.182262426e-05
186240	0.000767935133
186241	0.002652357256
186242	0.002742023786
186243	0.008070514991
186244	7.489571162e-05
186245	0.0007410725567
186246	0.0005872251337
186247	0.0003566323621
186248	0.0006070242006
186249	0.002250813981
186250	9.445727811e-05
186251	0.0007870217052
186252	0.001186487276
186253	0.0007008365831
186254	0.002396119015
186255	0.01111109657
186256	0.001277292628
186257	0.004401522797
186258	0.005877639772
186259	0.001839369664
186260	0.001344192332
186261	0.005232760669
186262	0.0006105674972
186263	0.000377731205
186264	0.0002170155396
186265	0.00051261314
186266	0.002866496203
186267	0.001100613099
186268	0.007652947018
186269	0.001058345896
186270	0.00289586947
186271	0.001554631499
186272	0.00138552941
186273	0.005687058395
186274	0.004299607645
186275	0.007412339662
186276	0.004292034868
186277	0.003131444531
186278	0.00391536313
186279	0.001103007301
186280	0.0003108673247
186281	0.001163044167
186282	0.00935829632
186283	0.0003215805506
186284	0.0003606281158
186285	0.005416135426
186286	0.00151106683
186287	0.003491330574
186288	0.0005381439477
186289	0.00268983486
186290	0.00509090128
186291	0.003772776792
186292	0.001229652856
186293	0.001001390561
186294	0.005553812349
186295	0.001654098406
186296	0.001562309703
186297	0.0001599662798
186298	0.002301488183
186299	0.001760821246
186300	0.0005720848598
186301	0.0003708104923
186302	0.0005975881473
186303	0.0005237754993
186304	0.0001794845959
186305	0.001429178
186306	0.00157751686
186307	0.003839102068
186308	0.002864688726
186309	0.001754913887
186310	0.003477106142
186311	0.0002351991061
186312	0.001723068637
186313	0.006955990656
186314	0.003046433006
186315	0.0005739974059
186316	0.003338732316
186317	0.002818637736
186318	0.0005298765374
186319	0.0002823230299
186320	0.0008081224074
186321	0.005312819954
186322	0.001013484099
186323	0.003559838159
186324	0.001308326461
186325	0.003229343523
186326	0.001097900468
186327	0.002525612038
186328	0.003778531242
186329	0.001744502351
186330	0.0007618987041
186331	0.0009933376831
186332	0.004272528745
186333	0.006682440279
186334	0.006929116077
186335	0.002106896391
186336	0.001794136751
186337	0.003455723377
186338	0.0004519856269
186339	0.001744060957
186340	0.00188424507
186341	0.0004478862511
186342	0.004631475224
186343	0.0002423849216
186344	0.004258148725
186345	0.0008763245324
186346	0.005438853845
186347	0.001197352927
186348	0.003590065459
186349	0.001194116722
186350	0.002399711688
186351	0.003147815102
186352	0.003274106622
186353	0.002712008005
186354	0.003079506666
186355	0.003543287556
186356	0.004081610308
186357	0.0009239602829
186358	0.002635284507
186359	0.0006178410239
186360	0.001092777355
186361	0.001154293957
186362	0.002504064493
186363	0.002002444369
186364	0.0001337038959
186365	0.00212858784
186366	0.002235989493
186367	0.001290618937
186368	0.0005893364388
186369	9.291637067e-05
186370	0.001128424918
186371	0.0003637952221
186372	0.002841231717
186373	0.0003748175901
186374	0.00549690822
186375	0.001619058729
186376	0.0001989363033
186377	0.00105622971
186378	0.002218896176
186379	0.0006330459083
186380	0.002128383972
186381	0.001908862182
186382	0.005609148649
186383	0.002017937336
186384	0.007691864802
186385	0.003729392668
186386	0.0004959088914
186387	0.0008178365546
186388	0.001404706975
186389	0.002361297483
186390	0.0005148593652
186391	0.00436741092
186392	0.0006500148746
186393	0.002868322437
186394	0.001745158111
186395	0.001039257288
186396	0.0008088158225
186397	0.000211427493
186398	0.001636298795
186399	0.001222271675
186400	0.00364644276
186401	0.0006901579419
186402	0.001607088861
186403	0.002524013452
186404	0.00119115239
186405	0.00615953502
186406	0.0008365772638
186407	0.006483041394
186408	0.0007802992646
186409	0.001569805198
186410	0.0007074572935
186411	0.002586530008
186412	0.001101913895
186413	0.005985946593
186414	0.004547149164
186415	0.004090606017
186416	0.002559471427
186417	0.001922325666
186418	0.001494769518
186419	0.00100166224
186420	0.0008037262171
186421	0.000164008579
186422	0.00331284471
186423	0.002992257088
186424	0.002044881688
186425	0.001319853947
186426	0.001635132812
186427	0.003055096198
186428	0.001170302329
186429	0.003020245369
186430	0.0006169581112
186431	0.0003272393125
186432	0.003627010722
186433	0.004907753627
186434	0.003546538692
186435	0.005004744555
186436	0.0007743127319
186437	0.004046661493
186438	0.001477665174
186439	0.001120878411
186440	0.0005957573765
186441	0.001629282147
186442	0.0002165059083
186443	0.002307346714
186444	0.0002945274306
186445	0.002853572977
186446	0.001424872566
186447	0.002097637277
186448	0.002311687111
186449	0.001417180543
186450	0.002931478055
186451	6.206873245e-05
186452	0.0005603649877
186453	0.004392852037
186454	0.001651555131
186455	1.408600026e-05
186456	0.0001950218882
186457	0.003450551578
186458	0.001436089322
186459	0.001237409902
186460	0.0006703511232
186461	0.00508676335
186462	0.00205730889
186463	0.001271412258
186464	0.006704264349
186465	0.001102041603
186466	0.0005758982609
186467	0.001795121415
186468	0.0005844993586
186469	0.0004559742106
186470	0.004246731581
186471	0.0006464983758
186472	0.000592698748
186473	0.0001003063598
186474	0.0005429182746
186475	0.003322618623
186476	0.00540537129
186477	0.0005773033405
186478	0.001598234247
186479	0.002437041259
186480	7.580353849e-05
186481	0.001949522728
186482	0.00671213442
186483	0.0002939778682
186484	0.001044155592
186485	0.0003281100369
186486	0.001040964852
186487	0.002725758449
186488	0.006160435436
186489	0.003304916192
186490	0.001194366083
186491	0.002484607808
186492	0.0007795555043
186493	0.0005600148714
186494	0.003251652646
186495	0.006793430844
186496	0.003682142261
186497	0.0007732157482
186498	0.0001596551513
186499	0.003262977796
186500	0.001688568587
186501	0.001882887828
186502	0.006193217578
186503	0.00414009359
186504	0.002008870071
186505	0.004513812539
186506	0.001057208764
186507	0.001545366394
186508	0.002972872203
186509	0.005607854972
186510	0.001408201135
186511	0.0009160270951
186512	4.849865963e-05
186513	0.0036834509
186514	0.0003027884338
186515	0.001110083456
186516	0.008211742519
186517	0.002793009821
186518	0.00121596591
186519	0.0001989365983
186520	2.829063944e-05
186521	0.0003588840827
186522	0.005034611458
186523	1.974834628e-05
186524	0.003487963351
186525	0.002444217042
186526	0.003264295687
186527	0.00250450618
186528	0.0004093550903
186529	0.000113351687
186530	0.00101349904
186531	0.003333002488
186532	6.779823841e-05
186533	0.0009427142869
186534	0.001162496997
186535	0.00350104785
186536	0.002453305082
186537	0.002474599395
186538	0.00268850412
186539	0.001334079306
186540	0.0003842094346
186541	0.002648206165
186542	0.001215561008
186543	0.000402608798
186544	0.0003779517517
186545	0.001535722212
186546	0.001304605863
186547	0.0004545280024
186548	0.0003363699764
186549	0.001441678286
186550	0.004804505122
186551	0.002162276921
186552	0.006034882948
186553	0.0005883677781
186554	0.000645469008
186555	0.003860512787
186556	0.00109317599
186557	0.003532874198
186558	0.001024290313
186559	0.000922010564
186560	0.0008808353238
186561	0.002534905356
186562	0.00234240807
186563	0.001085162716
186564	0.001137116901
186565	0.002966619165
186566	0.006868931273
186567	0.0008070324748
186568	0.001341004475
186569	0.0003350657217
186570	0.002342851186
186571	0.003918012725
186572	0.001768854525
186573	0.001590632781
186574	0.001295653355
186575	0.001809185207
186576	0.0006211609251
186577	0.001141099747
186578	0.0001106241727
186579	0.002393293425
186580	0.001982464105
186581	0.002757470819
186582	0.0005594407959
186583	0.0002395555674
186584	0.003331950067
186585	0.004285250427
186586	0.006819255478
186587	0.001796060906
186588	0.0008836058263
186589	0.006300685129
186590	0.006615270241
186591	3.46232532e-05
186592	0.001066862538
186593	0.008432582838
186594	0.002697220457
186595	0.007024832478
186596	0.001716389532
186597	0.005534476771
186598	0.004961964976
186599	0.001672548082
186600	0.001702901377
186601	0.001515938643
186602	0.0006112894105
186603	0.0002716253565
186604	0.002167979687
186605	0.00287018509
186606	0.0001860823953
186607	0.004003574871
186608	0.0008080897545
186609	0.0009885215535
186610	0.001607294669
186611	0.001457840451
186612	0.002403179239
186613	0.002525636837
186614	0.0008822761369
186615	0.0005936139948
186616	3.464539948e-05
186617	0.001366498887
186618	0.004296369128
186619	0.004817724402
186620	0.003281717276
186621	0.0008355146974
186622	0.00180983864
186623	0.005886925824
186624	0.002043253029
186625	0.004062831475
186626	0.002390005431
186627	0.0003178678011
186628	0.002075934463
186629	0.002716156559
186630	0.00135652928
186631	0.002660961128
186632	0.0002068752244
186633	0.002286883906
186634	3.907274228e-05
186635	0.001274065557
186636	0.001805166993
186637	0.0007305487306
186638	0.002466224972
186639	0.0002950371625
186640	0.000392591276
186641	0.003304876494
186642	0.0008189865187
186643	0.002590150348
186644	0.003553120839
186645	0.0001327731732
186646	0.002060128718
186647	0.0006982023902
186648	0.001179066694
186649	0.002221833203
186650	0.008312917301
186651	0.0004438682462
186652	0.002324498548
186653	0.003582239687
186654	0.004415541279
186655	0.0007505517309
186656	2.611997383e-05
186657	0.0009713530249
186658	0.003661687535
186659	0.0006620320494
186660	0.001665137697
186661	0.003392732297
186662	0.007497681612
186663	0.0008510443041
186664	0.001020359612
186665	0.0004430605117
186666	0.0001534452372
186667	0.007090799229
186668	0.004863807146
186669	0.00190287372
186670	0.002513719795
186671	0.001344083152
186672	0.0008374066443
186673	0.0001298695378
186674	0.001366705588
186675	0.0007765742909
186676	0.001392452613
186677	0.0003880460871
186678	0.003383237325
186679	0.001302310299
186680	0.003630126638
186681	0.002258938658
186682	0.004112937791
186683	0.00223502237
186684	0.000150126356
186685	0.0002487698295
186686	0.001739560482
186687	8.188973848e-05
186688	0.0002913631417
186689	0.001523424857
186690	0.001787638439
186691	0.002159189183
186692	0.002508448352
186693	0.0008887801895
186694	0.001052594629
186695	0.003572460046
186696	0.007248485002
186697	0.0009998782957
186698	6.911996493e-06
186699	0.007448465681
186700	0.004968050291
186701	0.001081237846
186702	0.001237743028
186703	0.002887700434
186704	0.0004081080063
186705	0.0002715128696
186706	0.002397597148
186707	0.000140118181
186708	0.001684809509
186709	0.0006853123245
186710	0.001574908278
186711	0.004850471418
186712	0.002068661174
186713	0.002972615168
186714	0.0008275032205
186715	0.001427802743
186716	0.00212266516
186717	0.002623262797
186718	0.0007052350718
186719	0.0005711817874
186720	0.001384421766
186721	0.0009576042411
186722	2.689411835e-05
186723	0.001640649312
186724	0.005793681746
186725	0.001697159327
186726	0.001912690485
186727	0.0002906521279
186728	0.003986426809
186729	0.002527242591
186730	0.005955001313
186731	0.00149126128
186732	0.001382157857
186733	0.001152275979
186734	0.003305249305
186735	0.001799167587
186736	0.004290430243
186737	0.002002496841
186738	0.002453195508
186739	2.316579538e-05
186740	0.0003618790081
186741	0.0002776936553
186742	0.001801846348
186743	0.004047356147
186744	0.001720775846
186745	0.004294976995
186746	0.002381179743
186747	0.001811755253
186748	0.00374595025
186749	0.002241856781
186750	0.001059037268
186751	0.002868021927
186752	0.002351968
186753	0.00757598647
186754	0.0001978801094
186755	0.001415634534
186756	0.0003545240346
186757	0.0003938120509
186758	0.004462511478
186759	0.001990118884
186760	0.003130508312
186761	0.0001218469437
186762	0.0007704499145
186763	0.002606734082
186764	0.003978441934
186765	0.0009897809434
186766	0.004152708252
186767	1.153555139e-05
186768	0.006052900659
186769	0.004337703536
186770	0.001923850746
186771	0.00274020481
186772	0.001355740421
186773	0.002288327288
186774	0.0001389226722
186775	0.0002893484492
186776	0.005349978612
186777	0.001268858156
186778	0.0003066981082
186779	0.0014864968
186780	0.0001582351917
186781	0.003037442317
186782	0.002700248282
186783	0.0001247843984
186784	0.0007829753261
186785	0.005307823834
186786	0.002613560833
186787	0.002298060703
186788	0.003439584529
186789	0.003116479116
186790	3.040884095e-05
186791	0.001898476436
186792	0.0003068777326
186793	0.003231119288
186794	0.002177524073
186795	0.0003587077432
186796	0.002452283952
186797	0.004847403836
186798	0.0009968987396
186799	0.001766753084
186800	0.001812454406
186801	3.574492574e-05
186802	0.003440956008
186803	0.003083264142
186804	0.002589705465
186805	0.006445361718
186806	0.001955951082
186807	0.0001688829893
186808	0.0009617022303
186809	0.002523202942
186810	0.0001053735593
186811	0.000217095003
186812	0.001966271856
186813	0.004356472257
186814	0.003026614509
186815	0.001199028024
186816	0.001180733099
186817	0.004144825723
186818	0.003183943291
186819	0.002282737643
186820	0.0001694022943
186821	0.002062167655
186822	0.003842169338
186823	8.578960193e-05
186824	0.001496823157
186825	0.001215795265
186826	0.000699036596
186827	0.0009574544231
186828	0.001997406973
186829	0.001631690152
186830	0.00503115075
186831	0.001435731472
186832	0.002545676441
186833	0.0001575262705
186834	0.0001836168679
186835	0.003024361417
186836	0.006632534453
186837	0.001224659495
186838	0.0007651046447
186839	0.001287719294
186840	0.001416632878
186841	0.003328148369
186842	0.001009957467
186843	0.0008374295255
186844	0.0007818407102
186845	0.001319309157
186846	0.004399253997
186847	0.002804010675
186848	0.0003111426856
186849	0.0004339413868
186850	0.001073519662
186851	0.0001865669414
186852	0.0005522064836
186853	0.0011495437
186854	0.003689557992
186855	0.001067000845
186856	0.0006869957012
186857	0.0006979406642
186858	0.001170682274
186859	0.001945537899
186860	0.002027803792
186861	0.001358711002
186862	5.654294728e-05
186863	0.001108203935
186864	0.0003684485402
186865	0.0006800287306
186866	0.0006798666423
186867	0.00109578544
186868	0.002658448399
186869	0.004017749917
186870	0.0009800365326
186871	0.0004118475751
186872	0.001232533558
186873	6.013783867e-05
186874	0.0003013404143
186875	0.003167490675
186876	0.0005202777793
186877	0.0001605216099
186878	0.0005744994697
186879	0.006194086647
186880	0.002020437457
186881	0.0001845007362
186882	0.002417782283
186883	0.003138426641
186884	0.0006187288147
186885	0.0008937322698
186886	0.0004467904917
186887	0.001497232919
186888	0.002183363343
186889	0.001841417167
186890	0.001064853046
186891	0.006592261031
186892	0.000830146804
186893	0.001169180724
186894	0.00186484893
186895	0.0008525256006
186896	0.001128339663
186897	0.005226599411
186898	0.003364159636
186899	6.849755019e-06
186900	0.001148103699
186901	0.002432197882
186902	0.003747227649
186903	0.0002437640737
186904	0.001474693672
186905	0.001449813678
186906	0.0005486074849
186907	0.002535008488
186908	0.001460173107
186909	0.001071551291
186910	0.003777727333
186911	0.0008779912177
186912	0.0002809684394
186913	0.001867413348
186914	0.00282813853
186915	0.001278052593
186916	0.0009298202097
186917	0.0007180132584
186918	0.0003658912087
186919	0.0007427868979
186920	0.0009910492537
186921	0.002703040952
186922	0.002197243022
186923	0.0002338787807
186924	0.0009566196533
186925	0.002436322124
186926	0.00184162242
186927	0.001745971001
186928	0.001296832963
186929	0.001046387372
186930	0.001757293448
186931	0.001105955692
186932	0.001572796553
186933	0.0008136676359
186934	0.0007974388593
186935	0.001492288471
186936	0.002035170159
186937	0.001089137754
186938	0.004328769513
186939	0.0001632309527
186940	0.0003474881796
186941	0.00337523788
186942	0.0001291777988
186943	0.0024189751
186944	0.00105997795
186945	0.001636912303
186946	0.002369124987
186947	0.002432681216
186948	0.0005825855734
186949	0.0003287187836
186950	9.429326312e-05
186951	0.0003276094107
186952	0.0008949194792
186953	0.0002443621381
186954	0.0006712944226
186955	0.0005559596048
186956	0.000362695682
186957	0.0010528031
186958	0.0001668020759
186959	5.884463658e-06
186960	0.00163300825
186961	0.0005340248992
186962	0.0003861940963
186963	0.000656502319
186964	0.0001624339932
186965	0.0006015261397
186966	0.001071501893
186967	0.002215653474
186968	0.001135574232
186969	0.0006260592287
186970	2.948720369e-05
186971	0.000119222471
186972	0.002157866195
186973	0.002065404422
186974	0.001035163109
186975	2.638739262e-05
186976	4.969910402e-05
186977	4.568477847e-05
186978	0.002398260906
186979	0.0001734629383
186980	3.983461933e-05
186981	6.564083577e-06
186982	0.0001816230403
186983	6.841260166e-05
186984	0.0001623635359
186985	0.0001258294009
186986	0.001765087483
186987	2.837406624e-05
186988	1.093248803e-05
186989	8.651510442e-05
186990	1.617075661e-05
186991	0.0002173247039
186992	1.967921848e-05
186993	2.78550049e-05
186994	1.025613131e-05
186995	5.115048448e-05
186996	0.001273127716
186997	7.787833863e-05
186998	4.951041278e-05
186999	0.001102100972
187000	0.000409576617
187001	0.0001565348579
187002	0.002689834406
187003	0.0005371342026
187004	0.0008598664676
187005	0.0007100611505
187006	0.0009901196796
187007	0.0002383330001
187008	0.000328793856
187009	0.001911465456
187010	0.0001190682258
187011	0.004546719859
187012	0.003063397769
187013	0.002481395436
187014	0.001263909995
187015	0.00478557638
187016	0.000801419305
187017	0.0001890280897
187018	0.0001908055822
187019	0.0006520301997
187020	0.004529410405
187021	0.000872018822
187022	0.0008996994386
187023	0.0009157835016
187024	6.739152866e-05
187025	0.0009943500723
187026	0.001316541677
187027	0.0003608849697
187028	0.002718787186
187029	0.0005476926967
187030	0.002979785296
187031	0.0005366405803
187032	0.0004482199064
187033	0.0007387044947
187034	0.0008105775861
187035	0.001307941786
187036	0.0007902028623
187037	0.003377708078
187038	0.0001124433289
187039	0.004328217853
187040	0.0005003720178
187041	0.001538614823
187042	3.769521367e-05
187043	0.002560377145
187044	0.002097143065
187045	0.003940769078
187046	0.001294728708
187047	0.000644995406
187048	0.003869953906
187049	0.0009052289671
187050	0.0002166919628
187051	0.001320134175
187052	0.00393371783
187053	0.000712218101
187054	0.0005144410603
187055	0.004012425965
187056	0.003550288024
187057	0.001712683654
187058	1.087224308e-05
187059	0.0004958507912
187060	0.001078170086
187061	0.0002859090725
187062	0.0003258851431
187063	0.002771721682
187064	0.0002930395752
187065	0.0001648577707
187066	0.001587448454
187067	0.0003810440805
187068	0.0004387620578
187069	3.304978288e-05
187070	1.147741837e-05
187071	0.002276278048
187072	0.0002935766084
187073	0.001393995229
187074	0.0001355985214
187075	0.0009173306202
187076	0.000271193999
187077	0.002280605277
187078	0.0002523995532
187079	0.002787719127
187080	0.0005808971283
187081	0.00114799782
187082	0.002583107257
187083	0.002723513334
187084	0.0003252119913
187085	7.171129285e-05
187086	0.003677331048
187087	0.001054832975
187088	0.002417456949
187089	0.003667188843
187090	0.0003061682526
187091	0.00043079918
187092	0.001097081727
187093	9.535856441e-06
187094	0.0001971852797
187095	0.0008525277728
187096	0.0001473367335
187097	0.001273622305
187098	0.0001645535464
187099	0.0006453073232
187100	0.0004616241284
187101	7.628095661e-05
187102	0.0002677059324
187103	0.002356259121
187104	0.0001326835558
187105	0.0002800859597
187106	0.0001067066606
187107	0.0001123254977
187108	5.475799918e-05
187109	0.0001966799278
187110	6.415542862e-06
187111	0.0003247960355
187112	8.517634258e-05
187113	0.0001206751554
187114	0.000246088849
187115	1.554068751e-05
187116	5.13210492e-07
187117	4.820534315e-05
187118	0.0001168275727
187119	0.0001265085431
187120	9.721846806e-05
187121	0.0003780473303
187122	0.0003554166305
187123	0.0004792819277
187124	0.0001003459522
187125	4.67976309e-05
187126	1.850230343e-06
187127	0.0002690380615
187128	3.231157722e-05
187129	0.001414354844
187130	0.0001081041081
187131	0.0001688334038
187132	0.0002230931275
187133	3.754224628e-05
187134	0.000159301172
187135	0.001021070205
187136	0.0006546660805
187137	0.0003099325441
187138	0.0001984075694
187139	0.004809129062
187140	0.001971076256
187141	9.689177517e-05
187142	4.411265448e-06
187143	2.509137979e-05
187144	7.335995272e-05
187145	0.0001915875268
187146	0.0004723781257
187147	0.0002417860425
187148	8.773375507e-05
187149	4.375527971e-05
187150	0.0007489058
187151	8.321950267e-05
187152	0.0001604002468
187153	0.0001566370514
187154	0.001047726924
187155	0.001254315008
187156	0.0008394066989
187157	0.0001426189159
187158	0.0001188434188
187159	0.002795822505
187160	0.0003544456275
187161	0.0004882252588
187162	0.003607325547
187163	0.001723958185
187164	0.005881624907
187165	0.0005490584617
187166	0.000114005733
187167	0.0001354668919
187168	0.000207229907
187169	0.000389681752
187170	4.162381482e-05
187171	4.216794895e-05
187172	0.00024565263
187173	0.0001210224948
187174	0.0004237165084
187175	0.0003315072262
187176	0.0002120748559
187177	0.0001230541728
187178	0.0003906242587
187179	7.47404583e-06
187180	0.0004765077834
187181	7.249539543e-06
187182	0.0001324734699
187183	0.000389360576
187184	0.0001512596072
187185	0.0007614304285
187186	5.372969025e-05
187187	3.84731121e-05
187188	0.0001757774515
187189	9.939614785e-05
187190	0.0002072715308
187191	0.0001523559616
187192	0.0005002882528
187193	0.0005916003642
187194	0.0001228461824
187195	0.0001142363118
187196	0.0002505633651
187197	0.0002293729281
187198	0.0004469966761
187199	8.802563801e-05
187200	0.000321123733
187201	0.0003397597361
187202	6.482918315e-05
187203	0.0004299217988
187204	0.0001563075481
187205	0.0005283436595
187206	0.0002178332022
187207	0.00018844813
187208	0.0001161874508
187209	0.0003316071363
187210	0.0004038900816
187211	8.123182225e-05
187212	0.003025357395
187213	0.0004581351316
187214	0.001304449595
187215	6.570663866e-05
187216	9.1643993e-05
187217	0.0004030073525
187218	0.0004759389907
187219	7.212869376e-05
187220	0.0001534568004
187221	0.0002068126628
187222	0.0001722413151
187223	0.0005942557522
187224	0.0006016176075
187225	0.0005687069085
187226	0.0001961221783
187227	0.0008122969761
187228	0.0008374104176
187229	0.001364481009
187230	0.0003071539239
187231	0.0006170623668
187232	1.578392515e-05
187233	1.548440689e-05
187234	0.0004388021845
187235	0.000452753015
187236	0.0003529820983
187237	0.0003845472868
187238	0.0002314067749
187239	0.0002022819882
187240	0.0004659847245
187241	0.0001903074306
187242	0.0001328369805
187243	0.0002413864762
187244	5.866243918e-05
187245	0.0002519978518
187246	0.0002089193637
187247	0.0001648217685
187248	0.0005845232948
187249	0.0002176649536
187250	1.467248935e-05
187251	0.0001704064708
187252	0.0001848764388
187253	0.0004004112344
187254	0.00193084871
187255	0.0008493965382
187256	0.001480975041
187257	0.0006896394416
187258	0.002745856437
187259	0.002659407369
187260	0.001425160277
187261	0.000466028566
187262	2.634378677e-05
187263	0.004226745315
187264	0.001397096491
187265	0.0009240847478
187266	0.0008484210883
187267	0.001199266571
187268	0.002297138072
187269	0.006755061663
187270	0.003219618342
187271	0.003963631271
187272	8.830698376e-05
187273	0.001857759822
187274	0.002350593117
187275	0.002123601715
187276	0.0006445588475
187277	0.003042620561
187278	0.0006594168606
187279	0.004525665429
187280	0.0001709829821
187281	0.0002223463832
187282	0.0008903053835
187283	0.0006992855095
187284	0.0008489554939
187285	0.0007807798236
187286	0.0008724030984
187287	0.0007003648453
187288	0.00104685145
187289	0.000754361339
187290	0.001002197016
187291	0.0004925100233
187292	0.001000144481
187293	0.001255809594
187294	0.0007803412705
187295	0.0009488271043
187296	0.000772133264
187297	0.0008118671337
187298	0.0008278976201
187299	0.0007784445081
187300	0.000909319771
187301	0.0007956802891
187302	0.0006974907685
187303	0.0006924964054
187304	0.001269689837
187305	0.000349953697
187306	0.0005097056453
187307	0.0003442026876
187308	0.0003088299843
187309	0.0004042479243
187310	0.0003900833074
187311	0.0004833197368
187312	0.0004258977062
187313	0.003935535387
187314	0.0004511286474
187315	0.0002901514613
187316	0.0004053685954
187317	0.0009472368672
187318	0.0004684041394
187319	0.0003088193863
187320	0.0005924192585
187321	0.0004274390381
187322	9.22356528e-05
187323	0.0002065182534
187324	4.468768453e-05
187325	0.00073691332
187326	0.000567353802
187327	0.000576735838
187328	0.0006559593132
187329	0.0008389972284
187330	0.000307824996
187331	0.0004785524088
187332	0.001573375179
187333	0.000888112525
187334	5.950213416e-05
187335	2.260797157e-05
187336	0.0005512202837
187337	0.0005270796681
187338	0.0004011586097
187339	0.0002071105995
187340	0.0004497741517
187341	0.001146519814
187342	0.0004508507346
187343	0.0008340610434
187344	0.0008300957581
187345	0.0003155702228
187346	0.001934999788
187347	0.000480157823
187348	0.001344493672
187349	0.001758145809
187350	0.0006729456736
187351	0.003651984006
187352	3.469904374e-05
187353	0.001055131898
187354	0.003395909116
187355	0.001392180686
187356	0.001144258794
187357	0.0002476602434
187358	0.0004653513868
187359	0.003046055762
187360	0.001034945574
187361	0.004189117703
187362	0.005054871936
187363	0.0003756888003
187364	0.0008544943875
187365	0.002407605197
187366	0.001065766731
187367	0.001637410284
187368	0.0008319440221
187369	0.0003846955415
187370	0.001008622558
187371	0.0005183463422
187372	0.003175659108
187373	0.002315370324
187374	0.001604345428
187375	0.0006950484866
187376	0.000780621977
187377	0.0008452223006
187378	0.001925720241
187379	9.864547269e-05
187380	0.0007744764444
187381	0.001184000345
187382	0.001061738754
187383	0.002116021274
187384	0.0003103299635
187385	0.00509479603
187386	0.003083475016
187387	0.002737699012
187388	0.002424874113
187389	0.0007197489578
187390	0.003458604513
187391	0.001995123592
187392	0.001814356531
187393	0.0001944646236
187394	0.001049699801
187395	0.001363705747
187396	0.00203585088
187397	0.0003893360541
187398	5.318191853e-05
187399	0.001283762673
187400	0.0009231262563
187401	0.0003367582265
187402	0.000640713619
187403	0.001072946334
187404	0.0002023962937
187405	0.00186365407
187406	0.001883739313
187407	0.0004811037185
187408	0.0004694842702
187409	0.002580014054
187410	0.001016904681
187411	0.0001395504076
187412	0.003445392135
187413	0.0005645462237
187414	0.002027485792
187415	0.001369618209
187416	0.0009357528535
187417	0.006697215035
187418	0.003846386414
187419	0.003677953019
187420	0.001957369691
187421	0.001615141849
187422	0.0004679071885
187423	0.0005491570365
187424	0.0003345777775
187425	0.0002675224095
187426	0.000536921839
187427	0.001372616478
187428	0.002466554129
187429	0.001984039583
187430	0.001728017401
187431	0.0002996440035
187432	0.0009901560892
187433	0.00112304484
187434	0.005902169699
187435	0.001293647047
187436	0.002471651175
187437	0.003845613189
187438	0.0003236236111
187439	6.182987665e-05
187440	1.395668859e-05
187441	0.0001785331608
187442	0.0007390382293
187443	0.0003766139134
187444	0.0004331912724
187445	0.001711694928
187446	0.001118832701
187447	0.0004880722287
187448	0.0001326394582
187449	0.001356577516
187450	0.0006203282692
187451	8.506823968e-05
187452	0.001167230929
187453	0.0008427232807
187454	0.000822528478
187455	0.0005993896355
187456	0.0008346646625
187457	0.0007164518824
187458	7.939111309e-05
187459	0.0002001760289
187460	0.0004257810539
187461	0.002626121073
187462	0.003985107833
187463	0.0006830163124
187464	0.001245304687
187465	0.000323935457
187466	0.0003176061598
187467	0.0004221964431
187468	0.0001137704155
187469	0.001574986479
187470	0.0004865758183
187471	0.0007177041187
187472	0.0006429351233
187473	0.0001562174504
187474	0.0007077485953
187475	0.00320673853
187476	0.003410974613
187477	0.001778417247
187478	0.0067051616
187479	0.006011858708
187480	0.004477406008
187481	0.0005744832207
187482	0.002766693426
187483	0.003268939672
187484	7.428105512e-05
187485	1.948119208e-05
187486	7.993248978e-05
187487	7.201901765e-05
187488	0.0005192830195
187489	0.0002530607389
187490	0.001879007488
187491	0.0003264647327
187492	0.002166317475
187493	0.0001285242828
187494	0.0005813041826
187495	0.002602201151
187496	0.0002582343596
187497	0.000823631072
187498	0.001342236029
187499	0.0005806029368
187500	0.001561094868
187501	0.001741621592
187502	0.002268401703
187503	0.0009182300392
187504	0.0003526334422
187505	0.0001318402925
187506	0.0008796692128
187507	0.001305379035
187508	0.0003290114048
187509	0.003172287749
187510	0.000135405641
187511	0.004442124928
187512	0.005757452732
187513	0.0004285346223
187514	0.0002053926599
187515	0.001665442375
187516	0.0007443484601
187517	0.001154466462
187518	0.0009327460866
187519	0.001386200764
187520	0.0004571488588
187521	0.0005417743055
187522	0.001289851592
187523	0.0003585537468
187524	0.0004190923547
187525	0.001636542228
187526	0.003268020805
187527	0.001706676887
187528	0.0007977815684
187529	0.0008858357752
187530	0.004186688076
187531	0.00287871735
187532	9.45624242e-05
187533	9.412467863e-05
187534	0.001923177908
187535	0.0001514702971
187536	0.006567429042
187537	0.0005038246083
187538	0.001958392955
187539	0.000731528826
187540	0.004700059547
187541	0.001367744296
187542	0.001851314801
187543	0.001028571669
187544	0.0002053632348
187545	0.0002941942354
187546	0.003372385513
187547	0.001133710992
187548	0.001756422672
187549	0.0006568949931
187550	0.006216624968
187551	0.003150849023
187552	0.0005393516742
187553	0.0005362503816
187554	0.005319508033
187555	0.001421099334
187556	0.003972539921
187557	0.002738091337
187558	0.001488038026
187559	0.003017742899
187560	0.00103722755
187561	0.001137053545
187562	0.0002371893395
187563	0.001334000203
187564	0.001621844533
187565	0.001511738776
187566	0.001819365684
187567	0.003020574853
187568	0.001426641352
187569	0.0007258952484
187570	0.002472631256
187571	0.003682402922
187572	0.0003172794205
187573	0.0002818812142
187574	0.002452304007
187575	0.002334926343
187576	0.001461738289
187577	0.005435481561
187578	0.002923013894
187579	0.002381607133
187580	0.005201280875
187581	0.0005862369953
187582	0.003058486021
187583	0.00153957809
187584	0.001779963645
187585	0.0007605731857
187586	0.00336016543
187587	0.003723011677
187588	0.0004862030524
187589	0.00420223716
187590	0.002180396523
187591	0.001623942464
187592	0.0008883594765
187593	0.003134243042
187594	0.004904047539
187595	0.0002916552332
187596	0.00123408865
187597	0.004596949195
187598	0.00453816732
187599	0.000727470834
187600	0.001930065568
187601	0.001924071514
187602	0.0016487543
187603	0.003040918437
187604	7.503939896e-05
187605	0.00132200107
187606	0.002639023349
187607	0.0001639428489
187608	0.0051132163
187609	0.0003779958399
187610	0.003167042626
187611	0.00112251051
187612	0.0004617136603
187613	0.0004769879959
187614	0.004064752688
187615	0.002201313819
187616	0.0007771152699
187617	0.002907430479
187618	0.004798646145
187619	0.002880871339
187620	0.003690488589
187621	0.001573749059
187622	0.00244303356
187623	0.001123717245
187624	0.0004853412745
187625	0.006200377589
187626	0.003720315213
187627	0.00419166342
187628	0.00200207526
187629	0.001052457296
187630	0.0006270972
187631	0.003030688027
187632	0.0002955063092
187633	0.001539189458
187634	0.0006637404373
187635	0.0006217665416
187636	0.0004334001255
187637	0.002980205127
187638	0.00481741615
187639	0.000368886292
187640	0.003767617567
187641	0.002320744003
187642	0.002270290532
187643	4.161607292e-06
187644	0.001107804046
187645	0.0007708828423
187646	0.0005342770859
187647	0.0002112940181
187648	0.000253230701
187649	0.0027975371
187650	1.538394975e-05
187651	0.0006023260988
187652	0.0001936870559
187653	0.007673741504
187654	0.004361620438
187655	0.0004760018963
187656	1.335203076e-05
187657	0.00333422467
187658	0.002559121898
187659	0.003550713982
187660	0.001194123097
187661	6.997862311e-06
187662	0.0001532422223
187663	0.0003356763487
187664	0.0004027622651
187665	0.001156833354
187666	0.0007694078739
187667	0.0002086501937
187668	0.0001256342181
187669	0.0001448388875
187670	0.0006736839076
187671	0.00259073633
187672	0.0003039382679
187673	0.003335730551
187674	0.0005100748099
187675	0.001116434538
187676	0.005900021088
187677	0.0004265967014
187678	0.0003769064037
187679	7.264709953e-05
187680	0.0003515229644
187681	0.0003436516754
187682	0.001419198618
187683	0.002085612915
187684	0.007506591448
187685	0.0003619622947
187686	0.0003132560852
187687	0.001649205492
187688	0.0004631732092
187689	0.001114402437
187690	0.003455906136
187691	0.001748534332
187692	0.0009585306899
187693	0.0006877949622
187694	0.0006773362057
187695	0.0004461365215
187696	0.000386472541
187697	0.0001289756604
187698	0.0001617679468
187699	2.210531398e-05
187700	1.501246834e-05
187701	0.001711776617
187702	0.0002388147314
187703	0.002865507173
187704	0.001588235445
187705	0.0005912971818
187706	0.0009577576629
187707	0.002412367491
187708	0.003117324118
187709	0.0001523423919
187710	0.0004048547891
187711	0.001182132339
187712	0.0004201945793
187713	0.002038779292
187714	0.003160305682
187715	0.0005581185849
187716	0.004031514474
187717	0.001496622435
187718	0.0003704912352
187719	0.0001006454888
187720	0.0001584451293
187721	0.0002924318305
187722	0.003059481478
187723	0.003125255773
187724	0.0001360677319
187725	0.003158552359
187726	0.0006833593696
187727	0.001751447969
187728	0.003275133922
187729	0.001283068668
187730	0.00318887214
187731	0.001320955916
187732	0.0006645437596
187733	0.002970666492
187734	5.059640185e-05
187735	0.002018381925
187736	0.0002281143111
187737	0.001686526243
187738	0.0007075462586
187739	0.002715001901
187740	0.0002099711571
187741	0.0007815724536
187742	0.005052348946
187743	0.001903226017
187744	0.003314176518
187745	0.002523794692
187746	0.002288635397
187747	0.0004938428741
187748	0.001712448407
187749	0.003322031169
187750	0.001020840809
187751	0.0004390936996
187752	0.001504803865
187753	0.002272469654
187754	0.003677023747
187755	0.0007915290565
187756	0.0028364941
187757	0.007351695895
187758	0.0002527890593
187759	0.003755039329
187760	0.003269184734
187761	0.005747268157
187762	0.0003941526706
187763	0.002683865899
187764	0.0009858157342
187765	0.004939312619
187766	3.422070114e-05
187767	0.0007000376462
187768	0.004746645397
187769	0.001878484589
187770	0.0001625595872
187771	0.0006968657208
187772	0.001483421502
187773	0.0008659730657
187774	0.0008270632462
187775	0.002547170361
187776	0.000823458565
187777	0.001709788222
187778	0.001064606726
187779	0.0001595163461
187780	0.0007843436918
187781	0.002372235978
187782	0.00106509421
187783	0.0004622541772
187784	0.003248802053
187785	0.001459239473
187786	0.002726497506
187787	0.004298003765
187788	0.001228827606
187789	0.000245606219
187790	0.0001474803831
187791	0.002257352181
187792	0.005779931299
187793	0.001369009512
187794	0.0005485272925
187795	0.0003141029225
187796	0.003131734251
187797	0.001056229285
187798	0.003036380379
187799	0.003257261288
187800	0.002223099544
187801	0.002273389148
187802	0.0001219602318
187803	0.005878754642
187804	0.0008547544625
187805	0.003716229024
187806	0.004788562109
187807	0.0008641990103
187808	0.002265719804
187809	0.0005025116573
187810	0.0006731207006
187811	8.197832307e-05
187812	0.002196494304
187813	0.0007359441515
187814	0.003581562097
187815	0.001342103714
187816	0.002750470417
187817	0.0009661041223
187818	0.001936494044
187819	0.003866639238
187820	0.003563584124
187821	0.001993133123
187822	0.001570107836
187823	0.005747126774
187824	0.00325369987
187825	0.001506516735
187826	0.0008607774919
187827	0.003008018046
187828	0.003151533136
187829	0.003819758102
187830	0.0002526399681
187831	0.0005089401222
187832	0.001494554707
187833	0.002119866034
187834	0.0003738908385
187835	0.0003831061812
187836	0.001408473146
187837	0.0007317682501
187838	0.0008705428653
187839	0.00322688604
187840	0.004486758812
187841	0.0007699729037
187842	0.002720066002
187843	0.0009328683145
187844	0.0039744859
187845	0.0001825646223
187846	0.002644001062
187847	0.002205538535
187848	0.001117348622
187849	0.003204686213
187850	0.0001296537671
187851	0.003447785693
187852	0.0002182831173
187853	0.003974687239
187854	0.001821938826
187855	0.001648923273
187856	0.001032656069
187857	0.00117300315
187858	0.003434079958
187859	0.002449661561
187860	0.005235789674
187861	0.003582715248
187862	0.002918866099
187863	0.006809377993
187864	0.001951066355
187865	0.002006705709
187866	0.002762270037
187867	0.004863796676
187868	0.004187153172
187869	0.000976601709
187870	0.002818752508
187871	0.004959391126
187872	0.0001396450261
187873	0.00367280547
187874	0.001567972933
187875	0.001717374891
187876	0.002902358765
187877	0.001466673511
187878	0.0004025107622
187879	0.003119010798
187880	0.0006316985538
187881	0.000998582608
187882	0.0004468176524
187883	0.005531190284
187884	0.000684798354
187885	0.001548776112
187886	0.0002803977434
187887	0.004196991493
187888	0.001161864258
187889	0.004715525901
187890	0.002317344347
187891	0.0046497916
187892	0.002115410753
187893	0.006221389171
187894	0.003111353489
187895	0
187896	8.027419093e-05
187897	0.001425871986
187898	0.002680323462
187899	0.001509438316
187900	0.00335842772
187901	0.001943422883
187902	0.004345680868
187903	0.0006760089219
187904	0.0003449594659
187905	0.001625223617
187906	0.001638278542
187907	0.001076944913
187908	0.002601302353
187909	0.005908843404
187910	0.002822301356
187911	0.004673451511
187912	0.002641431068
187913	0.004337990933
187914	0.0005447477531
187915	0.0006102822879
187916	0.001551348294
187917	0.0007042733718
187918	0.001609291504
187919	0.002363644296
187920	0.004065688931
187921	0.004068266942
187922	0.001580802612
187923	0.004885343653
187924	0.001079678821
187925	0.001492224264
187926	0.004326924421
187927	0.0004314277687
187928	0.002859341942
187929	0.000920624322
187930	0.001005607593
187931	0.0008532153668
187932	0.0002453251117
187933	0.003015309358
187934	0.00272401629
187935	0.002269047382
187936	0.0009009637093
187937	0.001712295187
187938	0.002398081216
187939	0.003501708741
187940	3.921057109e-05
187941	0.0001563474557
187942	0.006182803623
187943	0.0002285591501
187944	0.0001007251396
187945	0.0001281166584
187946	0.0003870581949
187947	0.001447862234
187948	0.002373759567
187949	0.003065149038
187950	0.001562183637
187951	0.0007907403483
187952	0.004227908079
187953	0.0002522961112
187954	0.0009936837339
187955	0.0001193670777
187956	0.0003602910234
187957	0.0008080705566
187958	0.001015723276
187959	0.003059427122
187960	0.002706771119
187961	0.0007838339139
187962	0.0001714051434
187963	0.001649448745
187964	0.004704683604
187965	0.0012708971
187966	0.001417797047
187967	0.006363209461
187968	0.0009663048057
187969	0.0005458449071
187970	0.0004325993197
187971	0.003319799393
187972	0.004019772544
187973	0.003105483994
187974	0.002920484034
187975	0.003409348399
187976	0.0005229063048
187977	0.008200668175
187978	0.0006442300849
187979	9.491348641e-05
187980	0.0001019648658
187981	0.0005390899431
187982	0.0006192122845
187983	0.0006720516667
187984	0.0007449793233
187985	0.0003682669688
187986	2.426014826e-05
187987	0.0002006644609
187988	0.0003061079094
187989	0.0001724685903
187990	0.003165968028
187991	0.003310526829
187992	0.003586854227
187993	0.0003737431865
187994	0.002545581644
187995	0.002988745204
187996	0.0002608235467
187997	0.004455939161
187998	0.003791923422
187999	0.002600725573
188000	0.003591767363
188001	7.937162247e-05
188002	0.002496970051
188003	2.45259362e-05
188004	0.00168095025
188005	0.004666062123
188006	0.001537281233
188007	0.000477494871
188008	0.003347959302
188009	0.0006926518442
188010	0.0008963881342
188011	0.004212355158
188012	0.0002707248769
188013	0.002566670049
188014	0.0002762933952
188015	0.0002462962394
188016	0.0005973038625
188017	0.002458452752
188018	0.001218758898
188019	5.869015567e-05
188020	0.001149806527
188021	0.002690227147
188022	0.0004028471963
188023	0.0006205050379
188024	0.0005247666116
188025	7.293552955e-05
188026	0.001612187338
188027	0.0008653271112
188028	0.001844480271
188029	0.00680967448
188030	0.0007182069336
188031	0.002176187465
188032	0.00174503676
188033	0.001444859154
188034	0.0003708587997
188035	0.000165351471
188036	0.004936649606
188037	0.003547122719
188038	5.070216758e-06
188039	0.001382317838
188040	0.0006912437986
188041	0.002548731212
188042	0.00166325924
188043	0.003761212143
188044	0.0007895307805
188045	0.0006959226593
188046	0.001851628864
188047	0.0003187835542
188048	0.0006649159941
188049	0.00190230622
188050	0.000444259704
188051	0.002734776731
188052	0.002307482465
188053	0.001332338665
188054	0.001517470956
188055	0.005075467107
188056	0.00208468445
188057	0.001381405284
188058	0.0007068175954
188059	0.001380626972
188060	0.00187249185
188061	0.0005837531583
188062	0.004547360602
188063	0.001600264108
188064	0.0004229339962
188065	0.001613443039
188066	0.002560293751
188067	0.002035958659
188068	0.0009829543391
188069	0.0002808065555
188070	0.0005979628819
188071	0.001127102954
188072	0.001183909785
188073	0.0006876421748
188074	0.0003558096073
188075	0.001413980592
188076	0.003332101999
188077	0.003001262049
188078	2.509609631e-05
188079	0.001916632934
188080	0.0003369859031
188081	0.000719219576
188082	0.000343291432
188083	8.710910213e-05
188084	0.004026653059
188085	2.631130194e-05
188086	0.002668834442
188087	1.588219643e-05
188088	0.003135399742
188089	3.224497801e-05
188090	0.0002328474318
188091	0.002583277032
188092	0.004110708264
188093	0.0001899163852
188094	8.51812131e-06
188095	0.0009966654323
188096	0.002638136122
188097	0.001610687873
188098	0.001314330375
188099	0.001652086483
188100	0.00142028967
188101	0.001258167736
188102	0.001839175844
188103	0.003925855063
188104	0.001114918727
188105	0.002164433892
188106	0.003102784907
188107	0.002255064327
188108	0.001310914871
188109	0.005061355358
188110	0.00269474885
188111	0.002115503488
188112	0.001310869082
188113	0.00115731888
188114	0.001199937168
188115	4.862556094e-05
188116	0.0008568823021
188117	0.002447498947
188118	0.001308276129
188119	0.002712932411
188120	0.003600029037
188121	0.003972232029
188122	4.397628946e-05
188123	0.003595489074
188124	0.004158486579
188125	0.00209107358
188126	0.003612264191
188127	0.0004454702489
188128	0.0002832178338
188129	0.002930884241
188130	0.005312705312
188131	0.001430543685
188132	0.0009219820471
188133	0.0004702658374
188134	0.0001318734498
188135	0.0002263839423
188136	0.0004718638066
188137	0.0002036645895
188138	0.0008176688143
188139	0.001398881678
188140	0.002070207109
188141	0.001036823411
188142	0.001716279637
188143	0.001196253873
188144	0.002875840307
188145	0.0003495619494
188146	0.001878025202
188147	0.0005031854402
188148	0.003444785689
188149	0.0007249970241
188150	0.0007941243594
188151	0.0036289769
188152	0.002613625402
188153	0.002917231467
188154	0.003565301509
188155	0.001969987133
188156	3.822170474e-05
188157	0.0006410041027
188158	0.002689402186
188159	0.005737121563
188160	0.0007034732122
188161	0.001754345838
188162	0.002935911132
188163	0.0004252265263
188164	0.001431164391
188165	0.00175892187
188166	0.0008502273552
188167	2.969197452e-05
188168	0.0007950054271
188169	0.003763941638
188170	0.002244833474
188171	0.0007178656272
188172	0.0001767838259
188173	0.003336196407
188174	0.0007937680068
188175	0.001002219064
188176	0.001180984612
188177	0.0009042521363
188178	0.002074316912
188179	0.0002212294179
188180	0.0002541772368
188181	0.000866445079
188182	0.002489248985
188183	0.0009399803563
188184	0.001521288825
188185	0.0007556069046
188186	0.006620837588
188187	0.0003923741675
188188	0.002742815952
188189	0.0006507879775
188190	0.001065057319
188191	0.002420491071
188192	0.001143317223
188193	0.0001570728775
188194	0.00130358839
188195	0.005827558091
188196	0.0007951866163
188197	0.003295375553
188198	0.004166962966
188199	0.0007180676545
188200	0.0003548175117
188201	0.001394276928
188202	0.002064361218
188203	0.0002604635744
188204	0.00263729104
188205	0.0005332043841
188206	0.0005618689362
188207	0.001871268215
188208	0.004349204861
188209	0.003028242613
188210	0.002028975792
188211	0.003503979728
188212	0.001484567369
188213	0.001469049559
188214	2.150873665e-05
188215	0.000168240692
188216	0.003866061641
188217	0.003177700125
188218	0.003171022544
188219	0.0003415453014
188220	0.0006805386551
188221	0.003887112323
188222	0.003783570165
188223	0.001890523607
188224	0.0002777353375
188225	0.001502623466
188226	0.001824425169
188227	0.00062737633
188228	0.0023780162
188229	0.0002423464685
188230	0.002933839493
188231	0.001466064689
188232	0.0007231383651
188233	0.0008878606284
188234	0.001332476352
188235	4.021088588e-05
188236	0.0001430728048
188237	0.001948146433
188238	0.008199307355
188239	1.254295615e-05
188240	0.001202044368
188241	0.0008939685218
188242	0.0004395309893
188243	0.0001027960274
188244	0.0022376876
188245	0.0001577414883
188246	0.0007585835813
188247	0.002530706904
188248	0.001318630638
188249	0.002610325685
188250	0.004181974824
188251	0.0003428909853
188252	0.001815331685
188253	0.000505197136
188254	0.003320359566
188255	0.005217687038
188256	0.001197574326
188257	0.001103698771
188258	0.002702508386
188259	0.004125213708
188260	0.004393956407
188261	0.002434944953
188262	0.0009072073839
188263	0.002808796514
188264	0.0009901279899
188265	0.001006025101
188266	0.001221628444
188267	0.00164882114
188268	0.0005113731953
188269	0.003609793738
188270	0.001889949309
188271	0.0005410980559
188272	0.001932100047
188273	0.005565789832
188274	0.004255796669
188275	0.001368168744
188276	0.003392042097
188277	0.001623582003
188278	0.002816281962
188279	0.0009645474654
188280	0.001194454162
188281	0.0006549098752
188282	0.0004345574361
188283	0.0006003324984
188284	0.001962097765
188285	0.0002223693444
188286	0.001881648336
188287	0.004355792497
188288	0.000202572721
188289	0.003458775143
188290	0.001663330042
188291	0.007696118119
188292	0.000692362466
188293	0.002729807364
188294	0.000945656819
188295	0.0001050420551
188296	0.001428748962
188297	0.003362231588
188298	0.002785352953
188299	0.0002899392366
188300	7.271064835e-05
188301	0.00275910685
188302	0.0005736230638
188303	0.001095027019
188304	0.0002551825186
188305	0.0001679656714
188306	0.002265731967
188307	0.001703060353
188308	0.0001823570056
188309	0.001604103309
188310	0.004294415195
188311	0.002031575985
188312	0.002624231709
188313	0.001142984781
188314	0.0002602652697
188315	0.002306427636
188316	0.0008786324068
188317	0.004111099515
188318	0.0004057360619
188319	0.0002227053386
188320	0.0005896120488
188321	0.003477677191
188322	0.001927218781
188323	0.0007413683401
188324	7.012926388e-07
188325	0.004248298792
188326	0.00234664376
188327	0.002157509399
188328	6.156146701e-05
188329	0.0004278725742
188330	0.001422898232
188331	0.001717105963
188332	0.001214696747
188333	0.0009093448337
188334	0.001454029949
188335	0.004375387752
188336	0.001399219257
188337	5.184488966e-05
188338	0.001558602351
188339	5.50769491e-06
188340	0.0001537235876
188341	0.002522726061
188342	0.002433849753
188343	0.0001625243856
188344	0.004692051233
188345	0.001856570434
188346	0.001861696838
188347	0.0003844011939
188348	0.003314419561
188349	0.00215965069
188350	0.0008416134953
188351	0.004170179067
188352	0.00183733177
188353	0.0003263927354
188354	0.001910785944
188355	0.002850805737
188356	0.004609260161
188357	0.004756267939
188358	0.0008245927635
188359	0.001133104604
188360	0.003631213993
188361	0.003956207327
188362	0.003764459063
188363	0.002041562731
188364	0.001362913214
188365	0.001908603524
188366	0.003718427982
188367	6.602374936e-06
188368	3.895098718e-05
188369	0.004495120242
188370	0.0004245815763
188371	0.001418375208
188372	1.984138528e-05
188373	0.0003230578404
188374	0.0005373265512
188375	0.001159226755
188376	0.003163563595
188377	0.002363952555
188378	0.001764010865
188379	0.0005580866106
188380	0.001056046414
188381	0.0003577386411
188382	0.002240212067
188383	0.0008530607402
188384	0.002528923448
188385	0.002108377937
188386	0.0001005340573
188387	0.0002044822064
188388	0.001234016041
188389	0.004478944751
188390	0.0008337795415
188391	0.001285579442
188392	0.0003643690518
188393	0.0005941406506
188394	0.002397797973
188395	0.003054480098
188396	0.002257524526
188397	0.005204925015
188398	0.005058669988
188399	0.002434574479
188400	0.001970239055
188401	0.0007289494924
188402	0.0001290329242
188403	0.0005151901533
188404	0.0009799604731
188405	0.0003213151005
188406	0.0008759306117
188407	0.002420347831
188408	0.001376916173
188409	0
188410	4.642836303e-05
188411	0.0003984842061
188412	0.002060417744
188413	0.001895994416
188414	0.0006157728394
188415	0.002990942035
188416	0.001391942868
188417	0.004720191752
188418	0.0007595550647
188419	0.0002857332845
188420	0.003150919592
188421	0.001924327632
188422	9.324096967e-06
188423	0.0005141604654
188424	0.001144705999
188425	0.001060378083
188426	0.005377922261
188427	0.00666934839
188428	0.0007327840644
188429	0.005536399213
188430	0.003906330747
188431	0.002370703187
188432	0.001229560044
188433	0.005368681891
188434	0.001663687767
188435	0.004605477839
188436	0.001446211305
188437	0.001027930096
188438	0.001708723927
188439	0.0001808854917
188440	0.000275683734
188441	0.004587283888
188442	0.0002121356537
188443	0.0001261259118
188444	0.0006984262299
188445	0.001718741921
188446	0.004183786978
188447	0.001379692564
188448	0.006558469856
188449	0.001061458952
188450	0.001840447842
188451	0.001186624464
188452	0.001308770126
188453	0.001544229773
188454	0.002505981875
188455	0.004848856397
188456	0.0001098826556
188457	0.003189768912
188458	0.0004136073742
188459	0.001284521066
188460	0.000433261068
188461	0.002952032638
188462	0.003832146828
188463	0.005919954974
188464	0.001270719823
188465	0.003191235407
188466	0.003121171813
188467	0.0006625139938
188468	0.001006906937
188469	0.002667624927
188470	0.0008693233672
188471	0.002009919762
188472	0.004696529667
188473	0.003659115075
188474	0.0009383191267
188475	0.00442881861
188476	0.000613379669
188477	0.0005438089199
188478	0.001519830493
188479	0.002261066499
188480	0.0009891890664
188481	0.006220526191
188482	0.000457057382
188483	0.0002504612041
188484	0.003759636649
188485	0.002748584403
188486	0.0004809814161
188487	0.0003378694989
188488	0.002652076018
188489	0.003860206408
188490	0.0007736714038
188491	7.970808217e-05
188492	0.002019370327
188493	0.003716049681
188494	0.001321489443
188495	0.00781819598
188496	0.0006307898818
188497	0.0008481125574
188498	0.004650198583
188499	0.0006877240109
188500	0.0003032467544
188501	0.00392014178
188502	0.002255371422
188503	0.00325126443
188504	0.002268991007
188505	0.004646076111
188506	0.000978733436
188507	0.003031013167
188508	0.003760557213
188509	0.0004628730252
188510	0.002100931653
188511	0.0007915046278
188512	0.002279704419
188513	0.001212965136
188514	0.0001545642607
188515	0.0003675150639
188516	0.0043290835
188517	0.0002900821074
188518	0.002853692698
188519	0.001232938423
188520	0.00129572934
188521	0.001196425244
188522	0.001837122815
188523	0.0001071400368
188524	0.0007247811515
188525	0.003420135805
188526	0
188527	0.002761543069
188528	0.00254471154
188529	4.322070995e-05
188530	0.0006387133598
188531	0.004641997415
188532	0.002111309201
188533	0.004062821985
188534	0.001699690197
188535	0.0004334522272
188536	0.001932779494
188537	0.001025649242
188538	0.001021592699
188539	8.617460965e-05
188540	0.0006151326528
188541	0.003439745599
188542	0.001959949153
188543	0.003849001377
188544	0.0003474861299
188545	0.002614943814
188546	0.001103690418
188547	0.001202641392
188548	0.004108852373
188549	0.0007517598714
188550	0.001626427538
188551	0.0005994583573
188552	0.002679362628
188553	0.004613220651
188554	0.002271488231
188555	0.004760512728
188556	0.000128416648
188557	0.0008788631699
188558	0.006919487182
188559	0.001043623916
188560	0.0002028971434
188561	0.001344189292
188562	0.0001025212753
188563	0.0009564577764
188564	0
188565	5.696063541e-06
188566	0.004245247252
188567	6.867081927e-05
188568	0.001638432648
188569	0.000428907377
188570	0.002052578848
188571	0.001027828509
188572	0.003840394415
188573	0.0009763987204
188574	7.459954214e-05
188575	0.001044809635
188576	0.0004592808175
188577	0.0003822738803
188578	0.001316910905
188579	0.003990575323
188580	0.002877731961
188581	0.003308298368
188582	0.0006187757581
188583	0.0005894401853
188584	0.001109088653
188585	0.002042672238
188586	0.0001404047091
188587	0.00216788967
188588	0.0003107322434
188589	0.001252601918
188590	0.001316474233
188591	0.001306081522
188592	0.006274293026
188593	0.002265250767
188594	0.004960458144
188595	0.0023492325
188596	0.0002114089806
188597	0.0001466418217
188598	0.0003027176323
188599	0.0001231988916
188600	0.00261407036
188601	0.001416523137
188602	0.0005002980319
188603	3.529727857e-05
188604	6.376413189e-05
188605	5.182138611e-05
188606	0.003939637254
188607	0.003602138274
188608	0.0002445306262
188609	0.004427425719
188610	0.001412096514
188611	0.0003278559646
188612	0.0006780703037
188613	0.0003414248729
188614	0.002501246866
188615	0.0001760710163
188616	0.002673802011
188617	0.0004309620553
188618	0.005071032337
188619	0.0007489059471
188620	0.00268065797
188621	0.005430586987
188622	8.881369906e-05
188623	0.0008797699047
188624	0.000143702661
188625	0.001487393641
188626	0.006246934997
188627	0.001709400889
188628	0.001670688944
188629	0.0001786156023
188630	0.002069609336
188631	0.0004504038368
188632	0.004052570471
188633	0.001886946271
188634	0.0001129880726
188635	0.0006983038899
188636	0.001133205318
188637	0.002389906984
188638	0.0002128729406
188639	0.0001757823704
188640	0.0008601586619
188641	0.002820359831
188642	0.0005500496017
188643	0.002827903708
188644	0.001705365024
188645	0.0004527800543
188646	0.002848023522
188647	0.0008371050396
188648	0.001358281369
188649	0.002861553327
188650	0.0004685054079
188651	0.001066235064
188652	0.0009518522956
188653	0.000143587041
188654	0.002233010231
188655	0.00164832866
188656	0.002848267772
188657	0.001275543346
188658	0.002916011753
188659	0.005544413544
188660	0.000922015351
188661	0.0001983894255
188662	0.001582966513
188663	0.002042349709
188664	0.0005206851467
188665	0.0003893608475
188666	0.001726391466
188667	0.002118631689
188668	0.0008095227378
188669	0.0004665360605
188670	0.002988855358
188671	0.001416392438
188672	0.0006469233131
188673	0.0002989769558
188674	0.005467100385
188675	0.00638201476
188676	0.002452641305
188677	0.002664971495
188678	0.0007683368499
188679	0.004074823588
188680	0.000268439399
188681	0.002623413374
188682	0.003289625634
188683	0.005806213105
188684	0.0002789449198
188685	0.007126776749
188686	0.001978794769
188687	0.002475886123
188688	0.008238140692
188689	0.0006938818598
188690	0.00474363981
188691	0.001466331695
188692	0.001254918829
188693	0.0003902034891
188694	0.001786077604
188695	0.001256113069
188696	0.002566980297
188697	0.0008832000873
188698	0.00262113792
188699	0.002284581111
188700	0.002842209461
188701	0.0006859837522
188702	3.619416831e-05
188703	0.007130017066
188704	0.001583492735
188705	0.001899091262
188706	0.00441156055
188707	0.003485615489
188708	0.0001583974295
188709	0.003376765144
188710	0.001407880296
188711	2.543735359e-05
188712	0.0001748459722
188713	0.002215364744
188714	0.001807373499
188715	0.001120023159
188716	0.001472889593
188717	0.004106366528
188718	0.003738635006
188719	0.002918058723
188720	0.001827530345
188721	0.000813590556
188722	0.0001893410192
188723	0.00316917164
188724	0.001275451451
188725	0.001514029199
188726	0.000149908167
188727	0.001369033528
188728	0.002222932277
188729	0.0002718004433
188730	0.001578210618
188731	6.981636377e-05
188732	0.0001799673822
188733	0.001796889018
188734	0.0001549758134
188735	0.0002359011564
188736	8.225369336e-06
188737	0.0001164855465
188738	0.0002416791715
188739	0.0004057974017
188740	0.0001258398249
188741	0.0001238154976
188742	0.0002633956054
188743	0.0002333856806
188744	0.0004006675057
188745	0.0005566776949
188746	0.0001535588302
188747	0.0001298480717
188748	0.00112234425
188749	0.00100599299
188750	0.00024275238
188751	0.0003819219625
188752	0.0003299258471
188753	0.000416077171
188754	0.000192072926
188755	0.0001541939759
188756	7.744041418e-05
188757	0.0002830719169
188758	0.0002677304543
188759	0.0003304987273
188760	0.0003044803573
188761	0.0001978420072
188762	0.0007992651026
188763	0.001264392582
188764	0.001029047974
188765	0.001599382428
188766	0.002531224515
188767	6.742680559e-05
188768	0.0002889192591
188769	0.0003690423999
188770	3.504156181e-05
188771	0.0003722974695
188772	0.0003239890037
188773	0.0003836599825
188774	0.000268791075
188775	0.000154109781
188776	0.0004913755392
188777	0.0003056291603
188778	0.0002374942579
188779	0.001520237275
188780	0.000323201141
188781	0.0001096337834
188782	0.0003147637587
188783	0.0001415379912
188784	0.001249955397
188785	0.0001565473886
188786	0.0001729232149
188787	0.0002630313083
188788	1.128464663e-05
188789	0.00034941814
188790	0.0006260935517
188791	0.000248793582
188792	0.000208378481
188793	0.0002318151227
188794	0.0002450952123
188795	0.0008724543218
188796	0.0004311309517
188797	1.674408197e-06
188798	0.000206298098
188799	5.411017053e-06
188800	0.0003016784662
188801	0.0007227264653
188802	0.002622163355
188803	3.867612928e-05
188804	0.002188110426
188805	0.0003673590134
188806	0.003319531482
188807	9.09044362e-05
188808	0.001629644185
188809	0.0008487309463
188810	0.002122643529
188811	0.00080912219
188812	0.002793821821
188813	0.002427776441
188814	0.002622614121
188815	0.00177808807
188816	0.004443494473
188817	0.0009372527159
188818	0.001681504931
188819	0.0006723761781
188820	0.0005410754033
188821	0.002417855488
188822	0.002132352851
188823	0.001072970516
188824	0.0009549524927
188825	0.00127908012
188826	0.0009546334941
188827	0.003809321251
188828	0.00100818467
188829	0.00459183994
188830	0.00326055542
188831	0.001371808226
188832	9.078956279e-05
188833	0.003503474109
188834	0.0006194722479
188835	0.001420100936
188836	0.001963878444
188837	0.001315231079
188838	0.001273236811
188839	1.893151483e-05
188840	0.001446330588
188841	0.0005924544232
188842	0.0002996929393
188843	0.0002254672562
188844	0.002094771321
188845	0.0002543655119
188846	0.002784805
188847	0.002445816172
188848	0.002289347362
188849	0.001357978248
188850	0.00216813907
188851	0.001577941065
188852	0.001551146168
188853	0.001527594341
188854	0.001254309951
188855	0.002556359327
188856	0.0009365917953
188857	0.002872304067
188858	0.0005386004237
188859	0.001095757326
188860	0.0009938957478
188861	0.002506186487
188862	0.0002026046781
188863	3.718557471e-06
188864	0.000281095062
188865	0.005556553554
188866	0.001458341593
188867	0.0006218539304
188868	0.004558979545
188869	0.001143958367
188870	0.002647724462
188871	0.0005808143415
188872	0.001228425591
188873	0.003085268737
188874	0.0001232098455
188875	0.00279362028
188876	0.001167922176
188877	0.001047949991
188878	0.0006588339204
188879	0.0006977631713
188880	0.0001031985942
188881	0.000834322323
188882	0.002371144246
188883	0.003052176168
188884	0.002357392985
188885	0.004287240846
188886	0.0005747813929
188887	0.0006449378504
188888	0.002545837965
188889	0.001486996087
188890	4.849001492e-08
188891	0.0006823014377
188892	0.001754759815
188893	3.16016068e-05
188894	0.0005886977609
188895	0.0002664368605
188896	0.002068161141
188897	0.0003975376903
188898	0.0003478705032
188899	0.002933473241
188900	5.033317927e-08
188901	0.0001835041191
188902	0.0001784717018
188903	0.0007878296857
188904	0.0003985576793
188905	0.001596364127
188906	0.0005263416657
188907	0.002849326449
188908	0.002648783942
188909	0.0006673407204
188910	0.0008692389658
188911	0.001235093172
188912	0.0006404856665
188913	0.0008686135618
188914	0.001571380855
188915	0.003115072387
188916	0.003380269907
188917	0.002269057931
188918	0.002274290512
188919	0.001306333702
188920	0.003166246913
188921	0.000512063791
188922	0.0004190533769
188923	0.001295049599
188924	0.0009042462783
188925	0.003637758848
188926	0.0006407369251
188927	0.001967773478
188928	0.001524690436
188929	0.001642283489
188930	0.0003529493791
188931	0.0009009591293
188932	0.004822034981
188933	0.001810445681
188934	0.001748263883
188935	0.001712183651
188936	0.001176670313
188937	0.0006946181312
188938	0.0009385444565
188939	0.0008323642536
188940	0.003050854175
188941	0.002761663597
188942	0.000476214067
188943	0.0007457227158
188944	0.0003017632132
188945	0.0006077465774
188946	0.002738090058
188947	4.144178108e-05
188948	0.001577903635
188949	1.786170181e-05
188950	0.0004779648051
188951	0.0001087682071
188952	0.001619771334
188953	0.0007664095903
188954	0.001152809369
188955	0.0005933816553
188956	0.002114125918
188957	0.000148445157
188958	0.001711430461
188959	0.001727248581
188960	0.002373393314
188961	0.003046252242
188962	0.0008123498387
188963	0.0002026388621
188964	0.0007746947781
188965	0.0001546201814
188966	0.002359013612
188967	0.0005903947602
188968	0.0001102779017
188969	0.001836559773
188970	0.002515424815
188971	0.001217556736
188972	0.0004361622716
188973	0.001570244615
188974	0.0004621842037
188975	0.002700165345
188976	0.001794133216
188977	0.0006481998168
188978	0.001365408701
188979	0.003354059454
188980	0.0005725272917
188981	0.001201209867
188982	0.001792940685
188983	0.002080468553
188984	0.002367569753
188985	0.0006377848858
188986	0.00014806232
188987	0.00233937982
188988	0.002796141703
188989	0.002080379782
188990	0.001366798704
188991	0.001410674555
188992	0.0004263404019
188993	0.001090571612
188994	0.002021304969
188995	0.0001387824676
188996	0.001901244099
188997	0.0002194892848
188998	1.671135146e-05
188999	0.001074061316
189000	0.0001568239123
189001	0.001130594599
189002	0.0003382276629
189003	0.003458434731
189004	0.0008848480171
189005	0.002079225781
189006	9.425718706e-05
189007	0.001365529098
189008	0.0006198157908
189009	0.002422580557
189010	0.002100294187
189011	0.0001095795687
189012	0.001777637481
189013	0.0005453635964
189014	0.0002064348279
189015	0.003947818401
189016	0.00118597947
189017	0.001788292034
189018	0.001589685298
189019	0.001505135801
189020	0.001896805854
189021	0.001953892215
189022	0.001587236396
189023	0.003530990233
189024	0.003169727286
189025	0.001692076375
189026	0.001344857135
189027	0.001602952095
189028	0.001306189759
189029	0.002584672159
189030	0.002589645927
189031	0.001002681816
189032	0.001845372732
189033	0.000528979837
189034	0.0009503735378
189035	0.0004750433074
189036	0.0009347750672
189037	0.0003551261367
189038	0.0002100094559
189039	0.001201962424
189040	0.0006226418671
189041	0.00144892832
189042	0.002560612882
189043	0.000594836628
189044	0.0007834723419
189045	0.0004489185986
189046	0.002662849593
189047	0.0001919828122
189048	0.0031800178
189049	0.002983602769
189050	0.0006152032997
189051	0.001602702795
189052	0.0002758904793
189053	0.001133970297
189054	0.001508554874
189055	0.003650483781
189056	0.001729460785
189057	0.002580863715
189058	0.0003882943508
189059	0.0009873600435
189060	0.000264163007
189061	0.0005234276592
189062	0.0001010081429
189063	0.0002910444408
189064	0.0003653004541
189065	0.0003041296673
189066	2.960857588e-05
189067	0.0001664139809
189068	0.0004035550225
189069	0.0001693404862
189070	6.375439431e-05
189071	0.0001061520599
189072	0.0002977627645
189073	5.359496853e-05
189074	0.0004087192761
189075	0.001005392277
189076	0.001096275836
189077	8.139936492e-05
189078	6.315206138e-05
189079	0.0004294181214
189080	0.0002092531169
189081	0.00455111819
189082	7.983658663e-05
189083	0.0002165830857
189084	0.001610325727
189085	0.001943496723
189086	0.001452529627
189087	0.002864539571
189088	0.001538379372
189089	0.001762107687
189090	0.001404854071
189091	0.0003484687935
189092	0.001421599055
189093	1.926889175e-05
189094	0.0006587232731
189095	0.001700817765
189096	0.001239309147
189097	0.001261062869
189098	0.001336825574
189099	0.0006330487964
189100	0.0001739495791
189101	0.001124688701
189102	0.0006861605805
189103	2.585965061e-05
189104	0.003491687853
189105	0.002611982409
189106	3.031083572e-05
189107	7.162326649e-05
189108	0.002780116796
189109	7.265882011e-05
189110	8.886450982e-05
189111	0.001530330662
189112	0.0002584689264
189113	0.001186895264
189114	0.0001245793158
189115	0.00100198058
189116	0.0002392127908
189117	0.001645079428
189118	0.0001266432396
189119	0.001048496061
189120	0.0001967317672
189121	0.001051674779
189122	0.001459958212
189123	0.001065400293
189124	0.0001663366038
189125	2.876683165e-05
189126	0.0003815818595
189127	0.0001319866098
189128	0.001244670477
189129	0.001018632162
189130	0.002402789824
189131	0.001059958234
189132	0.002775598414
189133	0.000292575783
189134	0.001749246388
189135	0.0004771049158
189136	0.002115129004
189137	0.0003590390143
189138	0.001172322159
189139	0.0002816199963
189140	0.0005527205931
189141	0.003145918245
189142	0.0005059535333
189143	0.0008667636437
189144	0.0002675398311
189145	0.0002102676816
189146	0.003241084037
189147	0.001751573313
189148	0.004046699851
189149	0.0003880310416
189150	0.001961729245
189151	0.0004116469138
189152	0.0008658900654
189153	0.002295735305
189154	0.0005318250102
189155	0.00142973895
189156	0.001348624121
189157	0.003215029672
189158	0.0005544818064
189159	0.001687897896
189160	0.00191692433
189161	0.0005840381087
189162	0.00343662728
189163	0.001139682226
189164	0.001621683115
189165	0.001855913249
189166	0.001531092604
189167	0.001047452442
189168	0.0002653764613
189169	0.0007576356333
189170	0.000212555198
189171	0.0002812289434
189172	0.0005233533444
189173	0.0008218735623
189174	2.897522596e-06
189175	0.001009879948
189176	0.0006084052573
189177	0.0001715382822
189178	0.001074672149
189179	0.0007816575758
189180	0.000714285695
189181	0.002862939752
189182	1.262060166e-05
189183	0.002280910382
189184	0.0003321070637
189185	0.0007938843224
189186	0.0004539160882
189187	0.001252935936
189188	0.0003628606353
189189	0.0003944913766
189190	0.0002100911605
189191	0.0003005932056
189192	0.001816563294
189193	0.0006675650281
189194	0.0004743882629
189195	0.002290722044
189196	0.001150204458
189197	0.0008651622774
189198	0.0007804506774
189199	0.0008623674381
189200	1.001010364e-05
189201	0.001285651701
189202	0.001136245769
189203	0.003269396325
189204	0.006028864375
189205	0.001906754018
189206	0.003844702794
189207	0.001737259001
189208	0.00046296838
189209	0.0009246300314
189210	0.001492163751
189211	0.001297680639
189212	0.002792163758
189213	0.0006780877303
189214	0.003365198246
189215	6.065672849e-05
189216	0.007342897453
189217	0.0003409912002
189218	0.001473746015
189219	0.00024304413
189220	0.003022069697
189221	0.001944827272
189222	0.0007566101474
189223	0.0005062092021
189224	0.002122949864
189225	0.00336338588
189226	0.0006779708022
189227	0.0003355577124
189228	0.0003446207701
189229	0.003419288769
189230	0.003395707561
189231	0.0009261603111
189232	0.001634062175
189233	0.001136316492
189234	0.001520813415
189235	0.0004188099365
189236	0.003515284009
189237	0.004090061107
189238	0.002017913938
189239	0.002356114056
189240	0.001306275062
189241	0.004005452742
189242	0.001429085453
189243	0.001688946249
189244	0.000414892932
189245	0.001837785316
189246	0.003534769602
189247	0.0004490903697
189248	0.003197838169
189249	0.0004381929298
189250	0.0004160668553
189251	0.003671447222
189252	0.0006483309869
189253	0.004183864857
189254	0.001901459972
189255	0.0004165010172
189256	0.001569653121
189257	0.001420228413
189258	0.003619815451
189259	0.004302996684
189260	0.001916696167
189261	0.001170751167
189262	0.002917405778
189263	0.000569250379
189264	0.00337743349
189265	0.004399655548
189266	0.002947031328
189267	0.0005943008029
189268	0.001431956572
189269	0.004037670049
189270	0.002488541614
189271	0.001037179015
189272	0.000857388037
189273	0.0007641214771
189274	0.000337481211
189275	0.0007770242971
189276	0.0005394307018
189277	0.0002374035213
189278	0.0004087200742
189279	0.0001678792668
189280	0.0002532142585
189281	0.001872965236
189282	0.002870030516
189283	0.0003352422867
189284	0.001126687485
189285	0.0008132235746
189286	0.004121879711
189287	0.0005854498719
189288	0.0002895944223
189289	5.411658274e-05
189290	0.0002629034824
189291	0.0004275524805
189292	0.0003367558915
189293	0.0004545838244
189294	0.0001195286841
189295	0.000179067188
189296	0.000196424164
189297	7.893733802e-05
189298	0.000126277628
189299	0.0003959900878
189300	0.000825963632
189301	0.0009051590512
189302	0.0002192568857
189303	0.000442719961
189304	0.0008388310457
189305	0.0005833445702
189306	0.0002624001379
189307	0.0007701754713
189308	0.0008493378993
189309	0.0001154729536
189310	0.0003356022037
189311	7.537926883e-05
189312	0.0006357724794
189313	0.0001509681877
189314	0.001291300083
189315	0.001230358081
189316	0.0001492779705
189317	8.256702096e-05
189318	0.0004774984876
189319	0.001190543777
189320	0.005582040726
189321	0.003423410502
189322	0.0009218856466
189323	0.0003480920666
189324	0.001359534629
189325	0.0008080792731
189326	0.0002055305871
189327	0.002099973444
189328	0.005093360343
189329	0.005513942416
189330	0.0008901317396
189331	0.0008198189385
189332	0.001656541486
189333	0.005879720657
189334	0.000598050482
189335	4.590249256e-05
189336	0.002212683862
189337	0.001995011589
189338	0.0009032659682
189339	0.001425279505
189340	0.001958266367
189341	0.006918879769
189342	0.0001391634964
189343	0.006015155814
189344	0.006092725965
189345	0.0013416385
189346	0.0001648428183
189347	0.002867927056
189348	0.003751996216
189349	0.0003003029474
189350	9.685540066e-05
189351	0.0002090762231
189352	0.000786159127
189353	0.003912963341
189354	0.003542598898
189355	0.0004263729982
189356	0.000344709759
189357	0.001164894775
189358	0.0004472668352
189359	0.001625898117
189360	0.001195656763
189361	0.001942850473
189362	3.456392808e-05
189363	0.002217708024
189364	0.0004100746158
189365	0.002602681415
189366	0.006220711571
189367	0.002007210715
189368	0.003437186516
189369	0.001446590087
189370	0.0024583602
189371	0.00339934414
189372	0.0003585664784
189373	0.00164300285
189374	0.001198613627
189375	0.0002683175522
189376	0.002511904897
189377	0.001349600216
189378	0.003184142758
189379	2.684934463e-05
189380	0.0004882435055
189381	0.00079958687
189382	0.0009645798772
189383	7.421214374e-05
189384	0.0005019907313
189385	0.004108705426
189386	0.0005125743844
189387	0.001202296302
189388	0.004137777242
189389	5.961972315e-05
189390	0.0003703103579
189391	0.001415296453
189392	0.0002530008226
189393	0.002669523699
189394	0.002422420172
189395	0.001745216392
189396	0.005673101439
189397	0.0009687414897
189398	0.005026383483
189399	0.002930263918
189400	0.0003941701869
189401	0.001582203242
189402	0.0006932838693
189403	0.0006905934933
189404	0.005289212413
189405	0.002057859192
189406	0.003452821778
189407	0.0005467089045
189408	0.0004024744678
189409	0.002406780318
189410	0.001997398234
189411	0.003541816609
189412	0.003373528819
189413	0.004855171688
189414	0.005880366146
189415	0.001048286585
189416	0.0001778873465
189417	0.001155980689
189418	0.001148400914
189419	0.001253725616
189420	0.0004629906047
189421	0.002871204588
189422	0.0003846797427
189423	0.003580049407
189424	0.002219321828
189425	0.001419609082
189426	0.001587301779
189427	0.002619308527
189428	0.003672788444
189429	0.001547770898
189430	0.002048912654
189431	0.0004274389537
189432	0.0002110184143
189433	0.0002119869491
189434	4.024977637e-05
189435	0.001863352095
189436	0.0008665549042
189437	0.001196248241
189438	0.002612474102
189439	0.000856632045
189440	2.362530555e-05
189441	0.001648698182
189442	0.0008751696779
189443	0.0001578344308
189444	0.001062113099
189445	0.001402707809
189446	0.004007754771
189447	0.0005684857549
189448	3.539867909e-05
189449	0.0002708811343
189450	1.787575827e-05
189451	0.001341296464
189452	0.004242595681
189453	0.005263474636
189454	0.0007487638477
189455	8.298490734e-05
189456	0.003227776756
189457	0.001171183682
189458	0.00225041566
189459	8.879401388e-05
189460	0.003186403921
189461	0.0004490308885
189462	5.697718034e-06
189463	0.001470793975
189464	0.001107856669
189465	0.001362682761
189466	0.0009421456673
189467	0.0005518051411
189468	0.001037405349
189469	0.001357218621
189470	0.0008888487574
189471	0.001313068663
189472	0.00122376675
189473	0.0009011458056
189474	0.001602683753
189475	0.001120817564
189476	0.0005286997031
189477	0.0007680211456
189478	0.0005526803642
189479	0.00206409847
189480	0.001989276926
189481	0.001578533624
189482	0.002490627073
189483	0.0006772776167
189484	0.0005922857244
189485	0.0006254113546
189486	0.001151983477
189487	0.001461134541
189488	0.001832422009
189489	0.002755402761
189490	0.0003674950013
189491	4.137748336e-05
189492	0.00203681273
189493	0.002394401705
189494	0.00246714976
189495	0.001911262846
189496	0.001596880712
189497	0.002282814219
189498	0.0003213499461
189499	0.001189505075
189500	0.001988202636
189501	0.001919695783
189502	0.0009433932246
189503	0.002348782871
189504	0.002013046122
189505	0.001735066812
189506	0.0009508188416
189507	0.001749430764
189508	0.002334907769
189509	0.001963125622
189510	0.00282329283
189511	0.002604826139
189512	0.00257759536
189513	0.002010015154
189514	0.00197267996
189515	0.00290281707
189516	0.002518877936
189517	0.002266675003
189518	0.002565506548
189519	0.002079748115
189520	0.001389841818
189521	0.001479501564
189522	0.001624823928
189523	0.000381421201
189524	0.001263711761
189525	0.002329025074
189526	0.002068058305
189527	0.001457002562
189528	0.002086334206
189529	0.002602245454
189530	0.0009062071083
189531	0.001995123408
189532	0.002898104974
189533	0.0008278313581
189534	0.0009341969685
189535	0.001389661485
189536	0.00164993219
189537	0.004107337252
189538	0.0005925350011
189539	0.001990990943
189540	0.001607362692
189541	0.002342422083
189542	0.003581155501
189543	0.003018444686
189544	0.002961689576
189545	0.002579727105
189546	0.001815609156
189547	0.001986571086
189548	0.002035623302
189549	0.0002845681667
189550	0.001180191403
189551	0.002867554273
189552	0.00257205925
189553	0.00370421697
189554	0.0001409446615
189555	0.002936301633
189556	0.001460873127
189557	0.001738002928
189558	0.003261144908
189559	0.003037970595
189560	0.002692033015
189561	0.001731983751
189562	0.001676888885
189563	0.001914671964
189564	0.002930391185
189565	0.0009763312096
189566	0.002150298176
189567	0.002009061468
189568	0.0002601582813
189569	0.00234325969
189570	0.00246012844
189571	0.003276297844
189572	0.002828637098
189573	0.00315794993
189574	0.002776428379
189575	0.003378804694
189576	0.00119802306
189577	0.0006785270167
189578	0.002585440455
189579	0.001211147416
189580	0.002705977011
189581	0.002465096174
189582	0.002414748777
189583	0.002262371269
189584	0.001267560073
189585	0.002198431942
189586	0.003496249591
189587	0.001404945018
189588	0.001934563431
189589	0.002673201224
189590	0.001158074752
189591	0.002618742963
189592	0.00252368334
189593	0.00168141249
189594	0.001888018739
189595	0.003042304717
189596	0.001097658031
189597	0.000697848463
189598	0.00212436208
189599	0.002010255219
189600	0.0005966952845
189601	0.001752549841
189602	0.002029428757
189603	0.001880604075
189604	0.001629875248
189605	0.002049465796
189606	0.003240134089
189607	0.00150775317
189608	0.000720597286
189609	0.0006213888986
189610	0.0006747849171
189611	0.0007949218788
189612	0.001949040307
189613	0.00239855324
189614	0.001870314823
189615	0.001732792484
189616	0.0002344014894
189617	0.002552157363
189618	0.001923898066
189619	0.001095866389
189620	0.002937033417
189621	0.002017116209
189622	0.000520657361
189623	0.0005957347333
189624	0.0007534637348
189625	0.0007854395338
189626	0.002639698506
189627	0.001391826052
189628	0.000256652049
189629	0.001594890715
189630	0.003586329337
189631	0.0004927413436
189632	0.0005696888438
189633	0.002855354557
189634	7.819866193e-05
189635	0.006936173873
189636	0.0008308375233
189637	0.002386642414
189638	0.001430293162
189639	0.001044775357
189640	0.001262405317
189641	0.002730896961
189642	0.001821854071
189643	0.0007585894602
189644	0.001167574044
189645	0.0009262262342
189646	5.717916351e-05
189647	0.002151474523
189648	0.0055918359
189649	0.0006823557956
189650	0.00486949419
189651	0.0002538071747
189652	0.001857781531
189653	0.002407649278
189654	0.002637843479
189655	0.005553920399
189656	0.0001354660456
189657	0.0008048573101
189658	0.001039317142
189659	0.0003368915806
189660	0.002774730337
189661	0.005260745554
189662	0.001452063475
189663	0.001654782176
189664	0.00096575148
189665	0.002670487803
189666	0.002945243522
189667	0.003656073975
189668	2.682551036e-06
189669	0.0002339622122
189670	0.003315352389
189671	0.0002442418428
189672	0.001486488543
189673	0.001069000425
189674	0.00422689994
189675	0.0001500413907
189676	0.001419631477
189677	0.002206430059
189678	0.001854057184
189679	0.001165766512
189680	0.0001073171713
189681	0.007135582953
189682	0.001152934131
189683	0.0002595646679
189684	0.0004396105076
189685	0.007154197607
189686	0.001878964091
189687	0.0008804866883
189688	0.003507142762
189689	0.004636424148
189690	0.000509277527
189691	0.0001778432864
189692	0.001639398695
189693	0.00164779279
189694	0.002213660563
189695	0.003003391263
189696	0.0006961865536
189697	0.0005565953974
189698	0.001707217932
189699	0.0002912758773
189700	0.0007669369976
189701	0.0003289401155
189702	0.002802373845
189703	0.003698978924
189704	0.0007226644379
189705	0.004334029353
189706	0.001288748803
189707	0.001431949051
189708	0.001637709537
189709	0.006648217245
189710	0.001958777598
189711	0.0006891031964
189712	0.003803246241
189713	0.0009855777372
189714	0.003041165489
189715	0.001463435457
189716	0.001448032305
189717	0.001248754699
189718	0.001753811178
189719	0.001992578702
189720	0.000461269334
189721	0.002034359809
189722	3.061524874e-05
189723	7.00055985e-06
189724	0.007067949472
189725	0.002869493101
189726	0.005031262098
189727	0.0001457352967
189728	0.002131922389
189729	0.001205185896
189730	0.0006128638872
189731	0.003526338238
189732	0.000517688049
189733	0.003788514383
189734	0.003522880411
189735	0.00152973389
189736	0.005264899871
189737	0.0003861055883
189738	0.001760721639
189739	0.0006840941408
189740	0.001058751772
189741	0.0008395601533
189742	0.0005490991326
189743	0.001800968479
189744	0.00197976281
189745	0.002348419348
189746	0.001754613484
189747	0.001800248997
189748	0.00145201748
189749	0.003190921276
189750	0.002382249246
189751	0.001745344563
189752	0.001630490194
189753	0.001700908829
189754	0.002604279663
189755	0.00136020426
189756	0.002478360996
189757	0.00192836118
189758	0.003411807548
189759	0.001919256609
189760	0.001637390756
189761	0.001118308778
189762	0.0004511286268
189763	0.001977518029
189764	0.002276318513
189765	0.00178486336
189766	0.001503555563
189767	0.001798811083
189768	0.001451425277
189769	0.001030627726
189770	0.001306714288
189771	0.001428752911
189772	0.001363461329
189773	0.001602604699
189774	0.002090424484
189775	0.001733575152
189776	0.001916911021
189777	0.00188476645
189778	0.001386588266
189779	0.001320491672
189780	0.001700915282
189781	0.001491028258
189782	0.00173096102
189783	0.001044693263
189784	0.001053389068
189785	0.002161215457
189786	0.001091670314
189787	0.001142867506
189788	0.001270815448
189789	0.001689344542
189790	0.001049893177
189791	0.0006587197244
189792	0.002015101546
189793	0.001013323673
189794	0.001032457714
189795	0.001152039704
189796	0.001314235569
189797	0.001517526549
189798	0.00078723318
189799	0.0008075058177
189800	0.0009127925257
189801	0.001391062612
189802	0.0009605532931
189803	0.0003852911787
189804	0.001004775441
189805	0.002692153429
189806	0.001144310543
189807	0.0001768348409
189808	0.001778097827
189809	0.0008547562429
189810	0.001019047673
189811	0.00135760673
189812	0.0005896659344
189813	0.0005965011978
189814	0.001641863859
189815	0.0008933880674
189816	0.00162486661
189817	0.0002984991509
189818	0.0002530770094
189819	0.00101309374
189820	0.001200164908
189821	0.002813174756
189822	9.652219035e-05
189823	0.001964371191
189824	0.001338522225
189825	0.0009689437172
189826	0.002135897502
189827	0.002389524454
189828	0.002801703148
189829	0.002801611053
189830	0.003511886767
189831	0.003414352833
189832	0.002968178877
189833	0.002319900135
189834	0.002499831421
189835	0.003036651193
189836	0.003322890972
189837	0.0030534791
189838	0.003473126665
189839	0.002764559744
189840	0.003120979348
189841	0.00344160081
189842	0.0003319113718
189843	0.001931885052
189844	0.003236368675
189845	0.001566843424
189846	0.003440700522
189847	0.002312101205
189848	0.003041072611
189849	0.003100384418
189850	0.002697653528
189851	0.003479066915
189852	0.002762138453
189853	0.001936101611
189854	0.002828694721
189855	0.002850593263
189856	0.0027528434
189857	0.002200911486
189858	0.0004140876751
189859	0.001416873619
189860	0.002152421526
189861	0.002131314947
189862	0.0004842512649
189863	0.003012359835
189864	0.001264946779
189865	0.001362049913
189866	0.002375482664
189867	0.00114940682
189868	0.002473632787
189869	0.0002336076722
189870	0.0009579956919
189871	0.002029438486
189872	0.00241633832
189873	0.001606417666
189874	0.002417363512
189875	0.002291700079
189876	0.001757801418
189877	0.002173661265
189878	0.002033575111
189879	0.002260074484
189880	0.001958119811
189881	0.001927114042
189882	0.002558233471
189883	0.001897562243
189884	0.002334502483
189885	0.000146547031
189886	0.0004579343466
189887	0.002621936414
189888	0.003001705976
189889	0.003089669117
189890	0.0002311428035
189891	0.002907687967
189892	0.001764296343
189893	0.001885710227
189894	0.001885167064
189895	0.001333576866
189896	0.001727309453
189897	0.0002184920747
189898	0.0001138705258
189899	0.001797971589
189900	0.002753801114
189901	0.0008430238195
189902	0.0002345232404
189903	0.0005563654202
189904	0.0001698601183
189905	4.536998494e-05
189906	0.0004565118614
189907	0.0006090303453
189908	0.001218246406
189909	0.0003334979567
189910	0.0003984922937
189911	8.912534014e-05
189912	0.000560595545
189913	0.0007111723357
189914	0.001888408541
189915	0.001383475911
189916	8.889303676e-06
189917	0.0008719063003
189918	0.003951499706
189919	0.002081857133
189920	0.001026929033
189921	0.001174581389
189922	0.0008081460006
189923	2.280577339e-05
189924	0.001662523227
189925	0.0006117154682
189926	0.001272712946
189927	0.002041867313
189928	0.000439048537
189929	6.433031981e-05
189930	0.0002429809025
189931	0.000576152742
189932	0.0003191455201
189933	0.0002629334734
189934	5.303089585e-05
189935	0.0002812240843
189936	0.0005693994725
189937	0.002446168043
189938	0.0006974494203
189939	0.0001901845746
189940	0.0004836149354
189941	0.0005208437245
189942	0.0006965286273
189943	0.001326762605
189944	0.0004980287044
189945	5.869067621e-06
189946	0.0002670253181
189947	0.000488027483
189948	0.0007160079524
189949	0.0003625114694
189950	0.001082503269
189951	0.0004851386861
189952	0.0004242132396
189953	0.0002818562997
189954	0.001073581275
189955	0.001229279526
189956	0.0009763512249
189957	0.0005634884256
189958	0.001807069798
189959	0.0004050617087
189960	0.0007248754686
189961	0.0007938443706
189962	7.823023316e-05
189963	0.0008796538633
189964	0.0001474653505
189965	0.0006184435406
189966	0.00187841716
189967	0.0005289192214
189968	0.0002103355951
189969	0.003467730624
189970	0.0007727940273
189971	0.001472502007
189972	0.0005766070824
189973	0.0002825468916
189974	0.001875834854
189975	0.0002137977479
189976	0.0002326459025
189977	0.001116912041
189978	0.001136706988
189979	0.001569721341
189980	0.0007020409327
189981	0.001961269442
189982	0.001311557545
189983	0.0008187231697
189984	0.00052984759
189985	0.0005711655488
189986	0.0001876979318
189987	0.0007934844639
189988	0.0005394340601
189989	0.0004214163588
189990	0.0009648964274
189991	0.0003889639038
189992	0.001436275447
189993	0.001495900748
189994	0.001252585768
189995	0.003007321038
189996	0.001602399554
189997	0.002428781383
189998	0.0003779385688
189999	0.001970532134
190000	0.0008070770283
190001	6.916657436e-05
190002	0.0001652468811
190003	0.0002814829931
190004	0.002029289365
190005	0.0002125908995
190006	0.001467518031
190007	0.0009349748643
190008	0.001001940769
190009	0.003491284037
190010	0.0009634534702
190011	0.00134293109
190012	0.0007414452519
190013	0.001511361371
190014	0.000355582052
190015	0.0001109053362
190016	0.0007005736548
190017	0.001977981077
190018	0.0006378473084
190019	0.0001839999107
190020	0.0005100748155
190021	0.001238459644
190022	0.0004496733326
190023	0.0003483463575
190024	9.301079083e-05
190025	0.00149868198
190026	0.001011527186
190027	0.0003180201011
190028	0.0003931051338
190029	0.00210131415
190030	1.066288845e-05
190031	0.0004310445568
190032	0.001405950508
190033	0.0002720013786
190034	0.0005488232506
190035	0.0004997864091
190036	0.000667048509
190037	0.0005297204754
190038	0.0007186214062
190039	0.001486429709
190040	0.0005052398049
190041	4.785728318e-05
190042	0.0002294121642
190043	0.0003982805361
190044	8.99171904e-05
190045	0.0003107246196
190046	0.0008483022804
190047	0.001119207474
190048	0.0004517296687
190049	0.0003765694806
190050	0.0004954542499
190051	0.0004292983915
190052	3.022970466e-05
190053	0.0001436559436
190054	0.000917783974
190055	0.00110344687
190056	0.001783461726
190057	0.001499722037
190058	0.0003016512629
190059	0.000574067861
190060	0.001791738591
190061	0.001709792463
190062	0.00128180824
190063	0.0001512350496
190064	0.0005887745099
190065	0.0004949572745
190066	0.000537852071
190067	0.001591223032
190068	0.001084535727
190069	0.0006285201646
190070	1.743681966e-05
190071	0.0007818381843
190072	0.0006422387923
190073	0.0003608068143
190074	6.316076478e-05
190075	0.0007672053561
190076	0.001258131297
190077	0.000697425725
190078	0.003985912037
190079	0.001674503769
190080	0.0005758822427
190081	2.410959112e-05
190082	0.0006122459909
190083	0.0004386237208
190084	0.002444084451
190085	0.0009880809556
190086	0.0007026650724
190087	0.001250947791
190088	0.002273986276
190089	0.0006708670518
190090	0.0003866016815
190091	0.0001198120809
190092	0.00121307018
190093	0.001843104364
190094	0.004677681484
190095	4.571664144e-05
190096	0.0003487934844
190097	0.001131896735
190098	0.000133059379
190099	0.00033464202
190100	0.0007312459867
190101	0.002036281051
190102	0.0008624588217
190103	0.0003202619282
190104	0.0002134490055
190105	0.002248928008
190106	0.004121183564
190107	0.0002883237896
190108	0.0008076210413
190109	0.0002333387381
190110	0.000452348983
190111	0.0004811892917
190112	0.0003859324242
190113	0.001382713194
190114	0.001464805578
190115	0.001222428675
190116	0.0005938389752
190117	0.00197984733
190118	0.001832810553
190119	0.0008071690336
190120	0.0001904423774
190121	0.0008799652827
190122	0.001932242413
190123	0.0009774552322
190124	0.0008015421078
190125	0.0004424562212
190126	0.001771773147
190127	0.002669415524
190128	0.001086806484
190129	0.0007371545053
190130	0.0004704840119
190131	0.0002196031917
190132	0.0002654373946
190133	5.442282214e-05
190134	0.0002141361844
190135	0.001407732912
190136	0.0008129704173
190137	0.0007413848828
190138	0.0006386538814
190139	2.175929283e-05
190140	0.0001673981999
190141	0.0002577136554
190142	4.740503527e-05
190143	0.0001927485975
190144	9.606145681e-06
190145	0.0007542695758
190146	0.0002614648587
190147	0.0004325009147
190148	0.001370170716
190149	0.0007808329224
190150	0.0008223523975
190151	0.001203972792
190152	0.001033633116
190153	6.250946215e-06
190154	0.002578860229
190155	0.003071312868
190156	0.0005054603091
190157	0.0007759479797
190158	0.00125586155
190159	0.0006996393734
190160	0.0008967311795
190161	0.0008861887985
190162	0.0009330494645
190163	0.003716255504
190164	0.0001454274768
190165	0.0002820541384
190166	0.0004101792644
190167	0.0007249172092
190168	0.0009002394028
190169	0.001237569957
190170	0.001193956096
190171	0.001386212821
190172	0.0007962987171
190173	0.0006105811093
190174	0.0005603167285
190175	0.0007883536722
190176	0.0002237987294
190177	0.001046865294
190178	0.001419823529
190179	0.0005024438502
190180	0.0006203360938
190181	0.0003516011017
190182	9.769233381e-05
190183	0.0002591125006
190184	0.001304119654
190185	0.0002027763644
190186	0.0004949861668
190187	0.00108722472
190188	0.0003763915765
190189	0.001043381036
190190	0.0007772556868
190191	0.001196597997
190192	0.001037634197
190193	0.0003223629321
190194	0.00196687245
190195	0.003829104802
190196	0.00212369651
190197	0.001014327728
190198	0.001191353687
190199	0.001032219068
190200	0.0006160929613
190201	0.00053750979
190202	8.419001797e-05
190203	0.0006408592624
190204	0.0006266499285
190205	0.0001620287945
190206	0.0003015776548
190207	0.0004358433822
190208	0.0005178238272
190209	0.001425251785
190210	0.0006060816501
190211	0.003122081125
190212	0.001800444121
190213	0.0008233360911
190214	0.001506537423
190215	0.0003447020237
190216	0.0007702480915
190217	0.001432598879
190218	0.001313361735
190219	0.000720602246
190220	0.0003770750429
190221	0.001472496925
190222	0.0007436828134
190223	0.002035028894
190224	0.003514059638
190225	0.001382218907
190226	0.0006598382254
190227	0.001825132229
190228	0.001919291033
190229	0.00150011213
190230	3.661988941e-05
190231	0.000446190095
190232	0.0005312417935
190233	0.001320434879
190234	0.001196085013
190235	0.001108446207
190236	0.001427897057
190237	0.001625555384
190238	0.001139047748
190239	0.000895264581
190240	0.001342748796
190241	0.0016602452
190242	0.001939928845
190243	0.002401314911
190244	0.001494290259
190245	0.001228029834
190246	0.00165336898
190247	0.001589750822
190248	0.001679864603
190249	0.001415688321
190250	0.00182246832
190251	0.002371014126
190252	0.002334060809
190253	0.002297437627
190254	0.002259074431
190255	0.001848210492
190256	0.001791636963
190257	0.002291141707
190258	0.002287855762
190259	0.002203144325
190260	0.002233326542
190261	0.002216070915
190262	0.002243183362
190263	0.001950434053
190264	0.00201260595
190265	0.002413362639
190266	0.002482352942
190267	0.00240684414
190268	0.00196758106
190269	0.002085094796
190270	0.002169106008
190271	0.002449616177
190272	0.002440064586
190273	0.001638671883
190274	0.00222555106
190275	0.002228589695
190276	0.001905373541
190277	0.001840973033
190278	0.002201819537
190279	0.002232669902
190280	0.002198873962
190281	0.002389074127
190282	0.002343890189
190283	0.002168076026
190284	0.002202185832
190285	0.003197760481
190286	0.00224855284
190287	0.00271706189
190288	0.003091385681
190289	0.003280655602
190290	0.001108054636
190291	0.003227863777
190292	0.004911228877
190293	0.002169610042
190294	0.003495806128
190295	0.002839390949
190296	0.001445753958
190297	0.002947116418
190298	0.001932709984
190299	0.002491779171
190300	0.003437441782
190301	0.002309410239
190302	0.003251041256
190303	0.004038184674
190304	0.002911119743
190305	0.001921959708
190306	0.001782779659
190307	0.001566694745
190308	0.001676197869
190309	0.001783281394
190310	0.002163847134
190311	0.00194481386
190312	0.0001386856016
190313	0.0009712919506
190314	0.00147992497
190315	0.002060382236
190316	0.001877430132
190317	0.002481772993
190318	0.001684698497
190319	0.0005970970638
190320	0.001806521854
190321	0.001933849787
190322	0.002057897064
190323	0.00188336562
190324	0.001796353653
190325	0.002013324212
190326	0.00214583353
190327	0.001762632118
190328	0.001704332796
190329	0.00155804824
190330	0.002249932646
190331	0.001125174913
190332	0.0008180199602
190333	0.0005127848988
190334	0.0007134444497
190335	0.001758053447
190336	0.002036859539
190337	0.001704956454
190338	0.001168322797
190339	0.001507114174
190340	0.002394200817
190341	0.0007886738306
190342	0.001747133723
190343	0.0006097713802
190344	0.001165911705
190345	0.003267017556
190346	0.003919557035
190347	0.001028168327
190348	0.001534006586
190349	0.001428790407
190350	0.001079512848
190351	0.001742749984
190352	0.001989037554
190353	0.001174397268
190354	0.00228471754
190355	0.003542407203
190356	0.0006535980758
190357	0.001875196084
190358	0.001208197269
190359	0.002146055438
190360	0.001487647055
190361	0.001419025876
190362	0.0009645170427
190363	0.0008366306629
190364	0.0002162713951
190365	0.001660090256
190366	0.0009070168116
190367	0.0005674330915
190368	0.001195874673
190369	0.001798320885
190370	0.0005218491627
190371	0.001089928096
190372	0.001219602875
190373	0.001227649365
190374	0.0001212817619
190375	0.0009381757561
190376	0.00153946078
190377	0.0004439711499
190378	0.00100038821
190379	0.001151866715
190380	0.0005575517701
190381	0.002385151654
190382	0.002570610906
190383	0.003169709842
190384	7.563486949e-05
190385	0.001067838546
190386	0.0006946896767
190387	0.001081037626
190388	0.00235477781
190389	0.0006018122406
190390	0.0003586144577
190391	0.0008773005892
190392	0.0005670877866
190393	0.0007897270319
190394	0.0008254824866
190395	0.001088097399
190396	4.508977959e-05
190397	0.0002882079363
190398	0.0005334896005
190399	0.001061292335
190400	0.00167159493
190401	0.0005794939285
190402	0.001464634606
190403	7.535798191e-05
190404	0.003574156489
190405	0.000154080454
190406	0.002353144357
190407	0.002286341701
190408	0.0004642776462
190409	0.001290490772
190410	0.002198489975
190411	0.003050969781
190412	0.0001758217748
190413	0.001581353958
190414	0.003738137273
190415	0.0007458107021
190416	0.003151523025
190417	0.00248255909
190418	0.001133443699
190419	0.001166550349
190420	0.003657235351
190421	0.001638542747
190422	0.001834689964
190423	0.001357778698
190424	0.001495429433
190425	0.0003375235044
190426	0.0005174632316
190427	0.0004085322713
190428	0.002120062529
190429	0.0006293228133
190430	0.002290095596
190431	0.001604934321
190432	0.0009463744386
190433	0.0008760057578
190434	0.0007182841076
190435	0.0001130661363
190436	0.0004565949261
190437	0.0007799520731
190438	0.0003909802088
190439	0.001199086213
190440	0.003569918844
190441	0.002233508671
190442	0.0005110748267
190443	0.0008139483505
190444	0.001489409602
190445	0.001061657798
190446	4.184884873e-06
190447	0.0005702778843
190448	0.001632498372
190449	0.0008834794919
190450	0.0004672378936
190451	0.0004825245192
190452	7.271926419e-05
190453	0.0002587325395
190454	0.0008800251544
190455	0.001085606528
190456	0.0005542902184
190457	0.0002399035532
190458	0.0001198296562
190459	0.0006900074064
190460	1.995351992e-06
190461	0.0003263819322
190462	0.001095533704
190463	0
190464	0.007157771716
190465	0.0005578001138
190466	0.002952229866
190467	0.0003502759331
190468	4.875293124e-05
190469	0.001183697336
190470	0.0001759629285
190471	0.001216700241
190472	0.0001844872562
190473	0.001242688599
190474	7.328722366e-05
190475	0.0002325110872
190476	0.001179820721
190477	7.035471083e-05
190478	0.0003101040123
190479	0.001457905685
190480	0.001442625906
190481	0.0009246793575
190482	0.0007642042737
190483	0.0008659640451
190484	0.0005136073649
190485	0.0003678183867
190486	0.0002667079948
190487	0.0002482647044
190488	0.001373477175
190489	0.003097425601
190490	0.002452016791
190491	0.002255124848
190492	0.003952442942
190493	0.0009932190554
190494	0.001395271252
190495	0.001741974894
190496	0.001965619497
190497	0.001497533785
190498	0.001595164069
190499	0.001740915781
190500	0.001043672068
190501	0.002639308057
190502	0.001983597631
190503	0.001702088895
190504	0.001964170374
190505	0.001186106124
190506	0.001503448843
190507	0.001651328378
190508	0.001487873602
190509	0.001828921705
190510	0.001923872066
190511	0.002199237531
190512	0.001600467619
190513	0.002199568175
190514	0.001111390961
190515	0.00152411902
190516	0.002151562748
190517	0.001594814201
190518	0.001337502866
190519	0.00154812489
190520	0.0005203518326
190521	0.001797669037
190522	0.001711490928
190523	0.004990387313
190524	0.0006869820139
190525	0.001494761731
190526	0.003270388101
190527	0.0007456983724
190528	0.004692160147
190529	0.0003769970574
190530	0.003603601536
190531	0.00117187367
190532	0.001770798591
190533	0.002103170011
190534	0.0001144692073
190535	0.003403242124
190536	0.004114230887
190537	0.002669013423
190538	0.001117132746
190539	0.0001244846277
190540	0.003180306258
190541	0.0004294162982
190542	0.00142550375
190543	0.001363082954
190544	0.002499922859
190545	0.001083397619
190546	0.0001490473425
190547	0.0004619259864
190548	0.000267064546
190549	0.0003950556106
190550	0.003987087057
190551	0.002280426216
190552	0.0003665438202
190553	0.00164394119
190554	0.002164196205
190555	0.0007829872455
190556	8.601567079e-05
190557	0.00391763387
190558	0.003946213724
190559	0.0009400157502
190560	0.003552246427
190561	0.0007338979983
190562	0.00370437117
190563	0.001608444635
190564	0.00149108278
190565	0.0005682739808
190566	0.0003727404535
190567	0.0006570367436
190568	0.0002111039128
190569	0.0005384134817
190570	0.0001235817127
190571	0.0004360670432
190572	0.0002701785803
190573	0.001232683451
190574	0.0003213755483
190575	0.0003180352833
190576	0.002309914551
190577	0.003839500731
190578	0.0008631583105
190579	0.0001399077584
190580	0.005734831338
190581	0.004710159803
190582	0.003342667569
190583	0.006259297321
190584	0.0004711187139
190585	0.004448963357
190586	0.004596894076
190587	0.001469893831
190588	0
190589	0.002959639237
190590	0.007880405577
190591	0.005092044298
190592	0.00510207732
190593	0.002568903332
190594	0.005806954737
190595	0.002678552108
190596	0.00418627662
190597	0.002122523554
190598	0.005850905099
190599	0.003369005317
190600	0.003190440245
190601	0.001596416113
190602	2.314918116e-05
190603	0.0001094689469
190604	0.003316918207
190605	0.0002624625222
190606	0.0004709257354
190607	0.005742675518
190608	0.004761227014
190609	0.0003030998361
190610	0.0006292810633
190611	0.004882569201
190612	0.006511631323
190613	0.0003764367724
190614	0.004755209045
190615	0.002339608031
190616	0.002184111557
190617	0.004839070156
190618	0.0061273098
190619	0.001673155617
190620	0.006740270714
190621	0.004322771383
190622	0.001714322052
190623	0.001635707923
190624	0.00724462509
190625	0.005580094676
190626	0.001627613544
190627	0.003927572331
190628	0.0005375540052
190629	0.003051550797
190630	0.005602940724
190631	0.0001466571429
190632	0.0002035314099
190633	0.001879833963
190634	0.0004482973978
190635	0.002219679279
190636	0.001782982407
190637	0.001956993409
190638	0.002977107617
190639	0.0004208523153
190640	0.002814749495
190641	0.0005088473962
190642	0.002700563156
190643	0.001772094882
190644	0.0008281938102
190645	0.001218697112
190646	0.001602707001
190647	0.0003581807785
190648	0.00341554636
190649	0.0007707496329
190650	0.003629924307
190651	0.0048646838
190652	0.003502620614
190653	0.001912593494
190654	0.002128363264
190655	0.0005691038058
190656	0.002266891219
190657	0.001368090866
190658	0.004496636103
190659	0.0025672957
190660	0.0008578181325
190661	0.001841375726
190662	0.002795967673
190663	0.0006430989553
190664	0.0002239917715
190665	0.0004235814303
190666	0.004688543639
190667	0.005409995187
190668	0.001478041373
190669	0.002159653638
190670	0.001195995573
190671	0.0003318362101
190672	0.003420899753
190673	0.00124662268
190674	0.003073032783
190675	0.004508605157
190676	0.001043633587
190677	0.002621108313
190678	0.006815712175
190679	0.000184798371
190680	0.001941398548
190681	0.001581608066
190682	0.0001896866906
190683	0.00099753505
190684	0.0001626329172
190685	0.001601949688
190686	0.0002503895615
190687	0.005375393049
190688	0.00100809395
190689	0.002841508013
190690	0.0025803774
190691	0.0008119697674
190692	0.001330297187
190693	0.0005076197075
190694	0.002356237147
190695	0.001466580537
190696	0.001062920235
190697	0.0007679433932
190698	0.003992246307
190699	0.0008350814001
190700	0.003282965982
190701	0.001802963379
190702	0.00125657292
190703	0.001161473488
190704	0.001446011455
190705	0.003404060418
190706	0.001563192483
190707	0.000127149879
190708	0.0009843989215
190709	0.001711696171
190710	0.0008496667923
190711	0.0009656260069
190712	0.003871393612
190713	0.003648319497
190714	0.002489163894
190715	0.0008848073023
190716	4.833986441e-05
190717	0.0002694380824
190718	0.001643095624
190719	0.0002638919348
190720	0.003518460928
190721	0.004405115736
190722	0.00242307202
190723	0.001494258733
190724	8.194026096e-05
190725	0.001295113824
190726	0.001500853019
190727	0.002609027638
190728	0.0008770909977
190729	0.003752333647
190730	0.000154885721
190731	0.003888944246
190732	0.001968332139
190733	0.001066819748
190734	0.002092686689
190735	0.0002484135542
190736	0.001372199636
190737	0.002450429118
190738	0.002859403943
190739	0.002294469759
190740	0.001531588397
190741	0.0006901163208
190742	0.0009300746193
190743	0.000504884396
190744	0.002765781178
190745	0.003645758762
190746	0.000169796624
190747	0.0008571701778
190748	0.001903704312
190749	0.001097520025
190750	0.002418877197
190751	0.001125132458
190752	0.003185429145
190753	0.003610181221
190754	0.0003571153445
190755	0.0008721111628
190756	0.0009378253617
190757	8.758088565e-06
190758	0.003192639409
190759	0.001423015007
190760	0.0005501331376
190761	0.0009780621068
190762	0.004115705205
190763	0.000488001616
190764	0.001651978009
190765	1.319774583e-05
190766	0.001325344854
190767	0.0005381668015
190768	0.001729395881
190769	0.0003258682759
190770	0.001943309351
190771	0.0004022144153
190772	0.0001597106943
190773	0.003262330941
190774	0.002046320088
190775	0.000910918548
190776	0.005159622684
190777	0.001681833795
190778	1.342995566e-06
190779	0.0005189239301
190780	0.0002531330547
190781	0.000454876377
190782	0.002879697449
190783	0.001224394249
190784	0.0004020508948
190785	0.0007046045859
190786	0.0001522055697
190787	0.0006313348057
190788	0.00179753686
190789	0.0008148584139
190790	0.0001108948703
190791	0.001375278002
190792	0.001817024527
190793	0.0009305971083
190794	0.003986505182
190795	0.001100176542
190796	0.001313379166
190797	0.0009190117749
190798	0.002504391123
190799	0.002643988934
190800	0.00313127582
190801	0.0006624549829
190802	0.001086773451
190803	0.0002669065339
190804	0.001870916462
190805	0.002355040489
190806	0.0006728289213
190807	0.003623154744
190808	0.000567062034
190809	0.003287839967
190810	0.0007712977275
190811	0.002330042849
190812	0.0001620343848
190813	8.510183092e-05
190814	0.003720608748
190815	0.0007224411195
190816	2.492306816e-05
190817	0.001815224614
190818	0.002513688785
190819	0.0006567865202
190820	0.002438835362
190821	0.0006070509404
190822	2.068816342e-05
190823	0.003213230332
190824	0.001160763146
190825	0.0001517756751
190826	0.00175003608
190827	0.0008369061103
190828	0.003237625252
190829	0.000356679367
190830	0.001175215716
190831	0.002965576395
190832	0.001302748713
190833	0.003347117981
190834	0.0008577639502
190835	0.000413272492
190836	0.002353036329
190837	0.002447005812
190838	0.0008502592643
190839	0.005642788786
190840	0.0004271243534
190841	0.0001531183239
190842	0.002382235336
190843	0.001857812746
190844	0.001642001405
190845	3.693571678e-05
190846	0.0003065647402
190847	0.001717246986
190848	0.003753886651
190849	0.002076871577
190850	2.093270577e-05
190851	0.0002473242418
190852	0.002387819247
190853	0.001500426606
190854	0.002646343316
190855	0.001677214083
190856	0.001222616431
190857	0.000236931492
190858	0.0005594136795
190859	0.002379156332
190860	0.0004118707276
190861	0.001995037695
190862	0.001763304986
190863	0.00231091914
190864	0.0008445930099
190865	0.0002140323485
190866	0.003932321973
190867	0.0005452575621
190868	0.004101780375
190869	0.003221441235
190870	0.0003442082079
190871	0.0001969912847
190872	0.003173144559
190873	0.002858925279
190874	0.002195162617
190875	0.001806933987
190876	0.0008882878701
190877	0.00143697372
190878	0.003150712244
190879	0.0009872202421
190880	0.0003336753684
190881	0.0009506100124
190882	0.0009247757657
190883	0.00167882511
190884	0.001476162816
190885	0.002515386633
190886	0.0005928224382
190887	0.001327692723
190888	0.0004661921741
190889	0.001415700803
190890	0.001547451786
190891	0.002547126222
190892	0.0009289702381
190893	0.002285312064
190894	0.001484080407
190895	0.001936901601
190896	0.004932075894
190897	0.001689598766
190898	0.001303024895
190899	0.003150279382
190900	0.0003790067527
190901	0.0006310986969
190902	0.0002245643428
190903	0.0006963773665
190904	0.005536847801
190905	0.0008884166761
190906	0.001046055925
190907	0.0007630638715
190908	0.0002020216711
190909	0.0001389398936
190910	0.003132887411
190911	0.0009898298716
190912	0.001966845744
190913	0.0003698801824
190914	0.002233663736
190915	0.001256998593
190916	0.0001133572775
190917	0.0008515258148
190918	0.001562911964
190919	0.0003973562542
190920	0.003086406692
190921	0.002616578835
190922	0.001018815689
190923	0.001618960606
190924	0.0004771295691
190925	0.004027471886
190926	0.004484616442
190927	0.0002909324737
190928	3.032625786e-05
190929	0.001748764631
190930	0.001032718483
190931	0.001697443059
190932	0.005756428456
190933	0.002986644573
190934	0.003955624928
190935	0.002100273045
190936	0.0001599679795
190937	0.00178470991
190938	0.002851993559
190939	0.0008926159927
190940	0.0009587686718
190941	0.0007906620478
190942	0.0003568173261
190943	0.0016495522
190944	0.0002038309192
190945	0.002369286306
190946	0.001111427444
190947	0.00192972881
190948	0.003385806976
190949	0.001979557926
190950	0.0001671205207
190951	0.0006841386381
190952	0.00051090973
190953	0.0005754336646
190954	0.001966274993
190955	0.0004943416489
190956	0.0001448282909
190957	0.002550679947
190958	0.0003259508473
190959	0.000360050004
190960	0.0008219684611
190961	0.001637202919
190962	0.005553406058
190963	0.001014323187
190964	0.0007342668079
190965	0.003574596587
190966	0.0001836994859
190967	0.0004715170235
190968	0.002861936538
190969	0.0002004108642
190970	0.0005385170416
190971	0.002450474813
190972	0.003010757779
190973	0.0003766164776
190974	0.004656437096
190975	0.0005513843888
190976	0.0009937325795
190977	0.002547344675
190978	0.001036217888
190979	0.001398977392
190980	0.000223636526
190981	0.00146949394
190982	0.0004890412126
190983	0.00174534701
190984	0.003674412806
190985	0.001343864886
190986	0.0001043079881
190987	0.001639785482
190988	0.0003309747872
190989	0.0005797846966
190990	0.001067055874
190991	0.00235489901
190992	0.0006063248827
190993	0.001220550321
190994	0.003505780053
190995	0.0006981487575
190996	0.001512384341
190997	0.0008517108981
190998	0.0006852336905
190999	8.23555989e-06
191000	0.003669210783
191001	0.001949000647
191002	0.002934575899
191003	0.0006549382921
191004	0.004901578809
191005	0.001844407176
191006	5.49527029e-05
191007	0.0003068415573
191008	0.0009521898201
191009	0.0002754019847
191010	0.002092683187
191011	0.002848734787
191012	0.0002365894684
191013	0.001402084985
191014	0.003958867019
191015	0.003131733491
191016	0.001077476463
191017	0.001995803154
191018	0.002523260048
191019	0.001302927644
191020	0.002404226567
191021	0.001295737017
191022	0.00316474977
191023	0.004085160686
191024	0.001903048417
191025	0.0008767728919
191026	0.002224460042
191027	0.0003957943664
191028	0.0008387952981
191029	0.001769652581
191030	0.003196235082
191031	0.002547284957
191032	0.0009030630053
191033	0.003392489103
191034	5.544930371e-05
191035	4.283082206e-05
191036	2.133575101e-05
191037	0.0002674785481
191038	0.001179717062
191039	0.002426925148
191040	0.003818433849
191041	0.004152372345
191042	0.002236314771
191043	0.0009466451712
191044	0.0002190208795
191045	0.0009009254374
191046	0.0002149444903
191047	0.003311411459
191048	0.003747227417
191049	0.003556866788
191050	0.0001596819283
191051	0.001257672639
191052	0.001213395431
191053	0.0006718450929
191054	0.001455715952
191055	0.003817276701
191056	0.0002775700442
191057	0.004549889846
191058	0.001716301778
191059	0.0009043286738
191060	0.0008163004658
191061	0.003448777126
191062	0.001264805287
191063	0.00381849453
191064	0.0009090798161
191065	0.0006927262886
191066	0.001722696686
191067	0.0003876931417
191068	9.30494498e-05
191069	0.0005174819273
191070	0.001596852178
191071	0.001799412461
191072	0.000587993688
191073	0.001707199096
191074	0.0008416619122
191075	0.003813655357
191076	0.005161808229
191077	0.001417206512
191078	0.0003270751282
191079	0.002339909344
191080	0.003088736291
191081	0.002777206304
191082	0.0009154497137
191083	0.001602894278
191084	0.001589875791
191085	0.001667959004
191086	0.0002850788231
191087	0.003151815887
191088	0.0005707400129
191089	0.001749922435
191090	0.0007260227036
191091	0.004460861959
191092	0.002480862441
191093	0.00141194728
191094	0.00461828222
191095	0.001077714518
191096	0.0002956082498
191097	0.0005618444444
191098	0.000762058234
191099	0.001909543429
191100	0.002392773513
191101	0.001410042457
191102	0.0003046563538
191103	0.0009455207155
191104	0.0002486098801
191105	0.00276702334
191106	0.003236456322
191107	0.001316143179
191108	0.003228341459
191109	0.0004860146423
191110	0.005879766324
191111	0.0008743742603
191112	0.0029887421
191113	0.0005930970227
191114	0.003830632134
191115	0.007320391232
191116	0.002347714667
191117	0.002154220013
191118	0.001253599575
191119	0.002105071418
191120	0.001213528783
191121	0.0004044247573
191122	0.001045357708
191123	0.005016564898
191124	0.004114255261
191125	0.000810068932
191126	0.003617864582
191127	0.001537625017
191128	0.001889909121
191129	0.003671992314
191130	0.00180964031
191131	0.001187764253
191132	0.0008876522439
191133	0.0002103137911
191134	0.003063811897
191135	0.001031747117
191136	0.0002633760777
191137	0.00073220268
191138	0.0001099675835
191139	1.971642489e-05
191140	0.001273473303
191141	0.0006756651058
191142	0.001730531517
191143	0.002256180171
191144	0.0006422765466
191145	0.001227868199
191146	2.292752543e-05
191147	0.0003257515921
191148	0.001083747618
191149	0.0009963814699
191150	0.00464170586
191151	0.004661100442
191152	0.003367553173
191153	0.003966148382
191154	0.003661383159
191155	0.003938890029
191156	0.003817603866
191157	0.00456258268
191158	0.003704573647
191159	0.003862626987
191160	0.003626747052
191161	0.0003749716977
191162	0.002080881973
191163	0.004238350381
191164	0.005319482383
191165	0.003168659272
191166	0.002396514676
191167	0.002771436583
191168	0.002677198657
191169	0.0002097264025
191170	0.0004888852475
191171	0.0001244370932
191172	0.001194477726
191173	0.001301724845
191174	0.0003321597884
191175	0.0001601477793
191176	0.001413290015
191177	2.648612841e-06
191178	0.0007041601675
191179	9.187981869e-05
191180	0.0008713746914
191181	0.0001132622901
191182	6.457319542e-05
191183	5.121868908e-05
191184	0.001461260894
191185	0.0003066392246
191186	0.0002018643705
191187	0.0003300428541
191188	0.0007829790114
191189	0.003177583049
191190	0.0004355773282
191191	0.001229892922
191192	0.002888693986
191193	2.417945837e-05
191194	0.0008578214199
191195	0.002041066682
191196	0.0003931346081
191197	0.0004760680282
191198	0.003243548234
191199	0.0002395366477
191200	0.0006064129119
191201	0.00180500526
191202	0.004313170036
191203	0.0001672235168
191204	0.002152723806
191205	0.002341265412
191206	0.001427137738
191207	0.007427809115
191208	0.002089187635
191209	0.002038640815
191210	0.004657229471
191211	0.001039251295
191212	0.001084281321
191213	0.001664082081
191214	0.003333896148
191215	0.001651138563
191216	0.002883761957
191217	0.001286452552
191218	0.002325590103
191219	0.001346283388
191220	0.002109148745
191221	0.004108232239
191222	0.00584336
191223	0.0004214338425
191224	0.006352517013
191225	0.003203285341
191226	0.0005550723358
191227	8.08159586e-05
191228	1.666159485e-05
191229	0.0005775040565
191230	0.001944722634
191231	0.001612189288
191232	0.003697075908
191233	0.001348601347
191234	0.004893431269
191235	0.001014075322
191236	0.002629603606
191237	0.0007377724323
191238	0.0004837794116
191239	0.001060715112
191240	0.002181261567
191241	0.0002229313476
191242	0.0004452912769
191243	0.0007730542979
191244	0.0001967307502
191245	0.0004687228456
191246	0.0003100335993
191247	0.004078042629
191248	0.001113214043
191249	0.0009789989896
191250	0.002725198425
191251	0.00408257196
191252	0.001001102979
191253	0.000979083146
191254	0.0004584057443
191255	0.0009088569547
191256	0.001257038944
191257	0.002316495414
191258	0.001005756299
191259	7.529089075e-05
191260	0.0002830280787
191261	4.575502709e-05
191262	0.0001924263014
191263	0.001117763237
191264	0.0008462726662
191265	0.001454581137
191266	0.0001683293293
191267	0.0018977477
191268	0.001360697295
191269	0.0007540424281
191270	0.001593172008
191271	0.0006306661868
191272	0.002129267187
191273	0.0007722177793
191274	0.0004468021354
191275	0.0007153751263
191276	0.001108184378
191277	0.002388275825
191278	0.002598310196
191279	5.013779254e-05
191280	0.0009924630379
191281	0.0001352201404
191282	0.001097781429
191283	0.0006986224094
191284	0.001795845874
191285	0.0005470396991
191286	0.00329765586
191287	0.000874712721
191288	0.0009754806228
191289	0.0002234939196
191290	0.007662802559
191291	1.139763751e-05
191292	0.003456134515
191293	0.005574842836
191294	0.001801159612
191295	0.001166621575
191296	0.001636099321
191297	0.001096680679
191298	0.003167878408
191299	0.0008372941867
191300	0.001178471911
191301	0.002281441598
191302	0.0005969659332
191303	0.0004775504154
191304	0.000238746056
191305	0.0003727673763
191306	0.0008326153698
191307	0.001062033949
191308	0.001088592313
191309	0.0001086028155
191310	0.0002046977026
191311	0.0003788572667
191312	0.001483711369
191313	0.001144863684
191314	0.0005326917266
191315	0.001573630031
191316	0.0004944887582
191317	3.394567337e-05
191318	0.0006436792635
191319	0.001674283711
191320	0.001147214946
191321	0.002833031089
191322	0.003071424125
191323	7.280562e-05
191324	0.001621001836
191325	8.590815751e-05
191326	0.001472511103
191327	0.0009328192549
191328	0.00244986986
191329	0.0007276913684
191330	2.511298556e-05
191331	0.0003206533926
191332	0.001998643673
191333	0.001967572807
191334	0.001651522796
191335	0.0006903777687
191336	0.0002186281362
191337	0.0008653436074
191338	0.002338861274
191339	0.001442054208
191340	0.001809628178
191341	0.001327560246
191342	0.004165361677
191343	0.002502239868
191344	0.001652620035
191345	0.002738877505
191346	0.003011957782
191347	0.001024174661
191348	0.001353856504
191349	0.000235844957
191350	0.002186936582
191351	0.001890863465
191352	0.002856369001
191353	0.007536963868
191354	6.369820283e-05
191355	0.001163478661
191356	0.0005998259631
191357	0.0003046917775
191358	0.001409878035
191359	0.0008581605431
191360	0.0003231323178
191361	0.0002404385542
191362	0.001169096957
191363	0.00042711425
191364	0.001466407585
191365	0.0004148226156
191366	0.001183093794
191367	0.0008922869767
191368	0.002722329805
191369	0.0003469078812
191370	0.0005613403496
191371	0.0008779811209
191372	0.001063211167
191373	0.003549884321
191374	0.0007991180952
191375	0.0003241257726
191376	0.002589057665
191377	0.002101179098
191378	0.001556309015
191379	0.002638873973
191380	0.0006107978451
191381	0.003550015005
191382	0.0007878157088
191383	0.001075916379
191384	0.001560692069
191385	0.002075627509
191386	0.0002539157311
191387	0.00373098977
191388	0.0005686527516
191389	0.004195978948
191390	0.001382541485
191391	0.002254991456
191392	0.001928206835
191393	0.00290647321
191394	0.0003601517677
191395	0.000676220724
191396	0.0004532094984
191397	0.0006497066871
191398	0.005093984078
191399	0.002590263974
191400	0.003329365054
191401	0.001031676037
191402	0.002668826035
191403	0.001747226936
191404	0.002013160162
191405	0.002816215265
191406	0.001823630681
191407	0.001046842817
191408	0.001381877537
191409	0.001985581798
191410	0.0009233837852
191411	0.001447039118
191412	0.004227179813
191413	0.00106186616
191414	5.43291276e-05
191415	0.002484936548
191416	0.002149960082
191417	0.002773449428
191418	0.001139784275
191419	0.001818912416
191420	0.001756766913
191421	0.001596004096
191422	0.0007955158065
191423	0.002111661178
191424	0.00180225728
191425	0.001438635215
191426	0.002038631231
191427	0.0005589699002
191428	0.001274822673
191429	0.004238588159
191430	0.000305064359
191431	0.001011513424
191432	0.002708142818
191433	0.004154477647
191434	0.00135146047
191435	0.0009025418198
191436	0.0004392156384
191437	0.002448494333
191438	0.001317128248
191439	7.973507631e-06
191440	0.0006486593994
191441	0.000425285302
191442	0.0001852289578
191443	0.0004121299425
191444	0.00129409108
191445	0.003000387322
191446	0.001454026212
191447	0.004888500192
191448	0.001794056269
191449	0.0002665778089
191450	0.003424228726
191451	0.004305908516
191452	0.005184135554
191453	0.003394907126
191454	0.000328770546
191455	0.003451488057
191456	0.001835330917
191457	0.001841514565
191458	0.001602632703
191459	0.00282541212
191460	0.0008571384247
191461	0.001947846433
191462	0.002083369164
191463	0.001693965251
191464	0.000765924582
191465	0.004077288463
191466	0.00642282511
191467	0.003074440144
191468	0.0003072001822
191469	0.003242724592
191470	0.00309642745
191471	0.0008781991231
191472	0.003033686576
191473	0.0009098553287
191474	0.002676160471
191475	0.001290917242
191476	0.005903325543
191477	0.003139278129
191478	0.006477643585
191479	0.001357970383
191480	0.0008693849129
191481	0.00256194266
191482	0.0006815297113
191483	0.003656901412
191484	0.003176231183
191485	0.003725179151
191486	0.001028824927
191487	0.001746883095
191488	0.001289659276
191489	0.001133986382
191490	0.0002255646058
191491	9.612208288e-05
191492	0.003163662823
191493	0.002313109696
191494	0.002692481485
191495	0.0001664275809
191496	4.511004642e-05
191497	0.0005530320937
191498	0.00195085435
191499	0.0002652577081
191500	0.001231274265
191501	0.003988884414
191502	0.001034140137
191503	0.002044348149
191504	0.002692967077
191505	0.001552387877
191506	0.002528452966
191507	0.002119030413
191508	0.001319694158
191509	0.001273831281
191510	0.001128005864
191511	0.002746972598
191512	0.002693005021
191513	0.003118646255
191514	0.0003888115236
191515	0.00344271413
191516	0.0002529616918
191517	0.0001755359111
191518	0.00193669327
191519	0.001745457927
191520	0.003429153718
191521	0.0008201569536
191522	0.001120031317
191523	0.001993476324
191524	0.000195031036
191525	0.00180428908
191526	0.001897919344
191527	0.001350833484
191528	0.00112810709
191529	0.002182011691
191530	0.0006710071479
191531	2.038997446e-05
191532	0.004028215594
191533	0.0002892273873
191534	0.007676517887
191535	0.000276402162
191536	0.0009231884354
191537	0.004114793162
191538	0.000226931794
191539	0.0009722724946
191540	0.0001682411385
191541	0.001380460349
191542	0.002978224518
191543	0.001842037892
191544	0.003587109317
191545	0.002524967037
191546	0.0005738509746
191547	0.002892562712
191548	0.0005682042967
191549	0.003334441888
191550	0.0003802964052
191551	0.0002631926688
191552	0.0009211855566
191553	0.004922534072
191554	0.001566842045
191555	0.001658939931
191556	0.004619254707
191557	3.535122028e-06
191558	0.00233064574
191559	0.0005065574205
191560	0.0003365568185
191561	0.003602711122
191562	0.005170065631
191563	0.0005318570408
191564	0.002050312011
191565	0.001904069242
191566	0.001888366285
191567	0.003239798522
191568	0.004080987598
191569	0.003602846534
191570	0.002252511975
191571	0.0007399514155
191572	0.0006586329174
191573	0.002378772732
191574	0.001502221259
191575	0.003350458184
191576	0.002106323194
191577	0.001707995704
191578	0.001952232455
191579	0.003808312279
191580	0.004539675295
191581	0.001340748488
191582	0.0006074843593
191583	0.0008551597309
191584	3.379479068e-05
191585	6.436143079e-05
191586	0.000676542516
191587	0.0001636389028
191588	0.001050325237
191589	0.004342291974
191590	0.00328441698
191591	0.002109659796
191592	0.001306615168
191593	0.0004349327869
191594	0.002595402458
191595	0.002293387543
191596	0.001424084195
191597	0.001994387059
191598	6.122031252e-05
191599	0.005521739293
191600	0.005159162515
191601	0.002176385236
191602	0.0009291936772
191603	0.003449174284
191604	0.0008131647147
191605	0.003184170425
191606	0.0003561062817
191607	0.0002651585162
191608	0.000622680087
191609	0.004298567787
191610	0.004223650893
191611	0.001805852342
191612	0.003259151079
191613	0.007013323024
191614	0.004347287612
191615	0.001249385652
191616	0.0005824068023
191617	0.001554893738
191618	0.001454309015
191619	0.005191457272
191620	0.002688140598
191621	0.001177604855
191622	0.0001093148787
191623	0.000178674602
191624	0.001069601264
191625	3.895840435e-06
191626	2.207013106e-07
191627	0.0001970811805
191628	0.0005336180935
191629	0.0001053292917
191630	0.0001861603522
191631	0.0002576332709
191632	0.0003838320364
191633	0.0005199179589
191634	9.73204637e-08
191635	0.0002011605542
191636	0.0003139819981
191637	0.0001705727316
191638	4.312668127e-08
191639	9.199077881e-05
191640	9.394094632e-05
191641	4.018182208e-06
191642	0.0003915776093
191643	0.0007398320516
191644	0.001331036206
191645	0.0003265841034
191646	1.686006299e-05
191647	0.003827287169
191648	0.0007392909724
191649	0.004828502015
191650	0.0006532323416
191651	0.004874084201
191652	0.004734023699
191653	0.001487110712
191654	0.001709769288
191655	0.00114494186
191656	0.003383379775
191657	0.0006170968391
191658	0.003672905906
191659	0.001569581837
191660	0.001328379721
191661	0.005688176621
191662	0.0001561653606
191663	0.0007491397729
191664	0.004759599165
191665	0.002761099484
191666	9.118281169e-05
191667	0.00109028641
191668	0.006331261842
191669	0.001162777027
191670	0.001591974231
191671	0.0001743241309
191672	0.002724031737
191673	0.001340440861
191674	0.002160489749
191675	0.00513452174
191676	0.002814192093
191677	0.001463067272
191678	0.002334793941
191679	0.0004221507279
191680	0.003475947189
191681	0.003291632094
191682	0.002761271826
191683	0.001402355989
191684	0.0005823430738
191685	0.0008841234363
191686	0.002214441153
191687	0.0003681429024
191688	0.001593268954
191689	5.875151558e-05
191690	0.002953495429
191691	0.001271558284
191692	0.004368690027
191693	0.0007589515278
191694	0.0002884057532
191695	0.0004175371672
191696	0.002003451199
191697	0.004931467972
191698	0.00123306589
191699	0.0005128131245
191700	0.001597084814
191701	0.001857879767
191702	0.00288046178
191703	0.0007836827676
191704	0.002063207814
191705	0.002198714011
191706	0.002261421285
191707	0.001228815073
191708	0.002906188078
191709	0.0002497014698
191710	0.0009141568415
191711	0.002362670433
191712	0.000156670965
191713	0.003664988189
191714	0.0007134235217
191715	0.001046947408
191716	0.005368623033
191717	0.005933621957
191718	0.003774704296
191719	0.005930654589
191720	0.005462254253
191721	0.003850327107
191722	0.004052969166
191723	0.004590203151
191724	0.0007161939235
191725	0.003251388852
191726	0.001384724008
191727	0.009395200507
191728	0.003064520662
191729	0.003499980179
191730	0.004675355616
191731	8.924308268e-05
191732	0.002675427721
191733	0.0006241521517
191734	0.005100750442
191735	0.001002435863
191736	0.0007725287031
191737	0.004278206194
191738	0.0009747020203
191739	0.005477312313
191740	0.0008513600391
191741	0.001471255941
191742	0.001205547419
191743	0.00137803651
191744	0.005108206975
191745	0.001744031239
191746	0.000246637159
191747	0.004485552289
191748	0.004591092495
191749	0.002471807554
191750	0.005798202229
191751	0.0008210313684
191752	0.001267264773
191753	0.005062180248
191754	0.0007097686727
191755	0.005614504246
191756	0.003443085812
191757	0.005611208584
191758	0.003989423912
191759	0.002952169507
191760	0.004276016355
191761	0.00184352907
191762	0.001116687582
191763	0.00708552763
191764	0.005061579414
191765	0.0005730340854
191766	0.004713674179
191767	0.005401698936
191768	0.003465985849
191769	0.005430562835
191770	0.001835435146
191771	0.0005061743005
191772	0.004000491469
191773	0.005439187833
191774	0.00275742396
191775	0.003163510394
191776	0.004161398765
191777	0.00697648753
191778	0.001226007451
191779	0.0001525396418
191780	0.001044849567
191781	0.008775583699
191782	0.004124276354
191783	0.001267081327
191784	0.00117199272
191785	0.005556472657
191786	0.000794261459
191787	0.002931937429
191788	0.003623271376
191789	0.004128839207
191790	0.0006313029134
191791	0.004164759546
191792	0.003621570961
191793	0.004095744209
191794	0.00144530083
191795	0.001468561293
191796	0.007299551604
191797	0.003653808097
191798	0.0001883805536
191799	0.00174637705
191800	0.001083173102
191801	0.001884549929
191802	0.003184747463
191803	0.0001572785673
191804	0.0001213052075
191805	0.00303216422
191806	0.0003151950424
191807	0.002928731661
191808	0.001111709178
191809	0.004128898336
191810	6.950663926e-05
191811	0.001602888606
191812	0.0002606864243
191813	0.001844770543
191814	0.00173941938
191815	0.00469310163
191816	0.001271022829
191817	0.0002870183321
191818	0.0001992950742
191819	0.0009275386134
191820	0.0007748156626
191821	0.004156233757
191822	0.0008983925526
191823	5.617230249e-05
191824	9.35372245e-05
191825	0.001765413244
191826	0.0005485149531
191827	0.001784488625
191828	0.0006116229339
191829	0.002936877274
191830	0.0007415919189
191831	0.0006957827136
191832	0.004051010196
191833	0.001216562065
191834	0.001174245373
191835	0.0009584890322
191836	0.002413536655
191837	0.001802778207
191838	0.0001130740841
191839	0.001389480397
191840	0.000348430337
191841	0.001548888538
191842	0.004200878338
191843	0.001936532603
191844	0.001891463613
191845	0.005225551687
191846	0.001992719432
191847	0.0001343093867
191848	0.0001652401338
191849	0.0007227188733
191850	0.001201686201
191851	0.002767506693
191852	0.00244940971
191853	0.0006035366528
191854	0.001191460861
191855	0.001996795857
191856	0.002629536846
191857	0.0007268807371
191858	8.331415493e-05
191859	0.003584977317
191860	0.0001826789634
191861	0.0003787872099
191862	0.0006098663956
191863	0.0006605544102
191864	0.000552608072
191865	0.003193402637
191866	0.001771548729
191867	0.006380906423
191868	0.005982108362
191869	1.545867625e-05
191870	0.001752844097
191871	0.006230326141
191872	0.003555967808
191873	0.001693175559
191874	0.004206129036
191875	0.006781899808
191876	0.0005575834442
191877	0.0007246009444
191878	0.0002169150763
191879	0.0007306927688
191880	0.004375129311
191881	4.655088669e-05
191882	0.0002252366897
191883	0.002986093624
191884	0.003492613972
191885	0.003280710587
191886	0.003583647031
191887	0.00188846095
191888	0.003457610175
191889	0.002232256483
191890	0.002812092679
191891	1.367188671e-05
191892	0.001935479277
191893	0.001756927818
191894	0.0008695082377
191895	0.002754278072
191896	0.0006419414332
191897	0.002346015267
191898	0.005176833425
191899	0.001842724994
191900	0.001054110914
191901	0.003414413463
191902	0.002653830055
191903	0.004033462658
191904	0.0004987512079
191905	0.001395021353
191906	0.0001633274075
191907	0.0009112511872
191908	0.002125962725
191909	0.00278976093
191910	0.0003907299739
191911	0.00158918961
191912	0.00208441368
191913	0.0009506304046
191914	0.001780702509
191915	0.002293033718
191916	0.003526810165
191917	0.001259752356
191918	0.002030449471
191919	0.00330551553
191920	0.004781121135
191921	0.001924415294
191922	0.004285272978
191923	0.002628459841
191924	0.001298413997
191925	0.001281875764
191926	0.002991947421
191927	0.0003257754361
191928	0.001959022107
191929	2.260182844e-05
191930	0.001924891636
191931	0.0008549299098
191932	0.001975271904
191933	0.003907128059
191934	0.001398717005
191935	0.002154089586
191936	0.0002585711118
191937	0.002494872274
191938	0.001766482162
191939	0.002412305369
191940	0.0004489665181
191941	0.002919771398
191942	0.002365205112
191943	0.005264458539
191944	0.001648059371
191945	0.001914618635
191946	0.002043852296
191947	0.002684874267
191948	0.002041204137
191949	0.001737117705
191950	0.005361079697
191951	7.371922451e-06
191952	0.002546926901
191953	0.00360650004
191954	0.001428194751
191955	0.001944945784
191956	0.0006325666624
191957	2.188996481e-05
191958	0.003667204025
191959	0.0004297780178
191960	0.001245046563
191961	0.0005131337211
191962	0.0005287088376
191963	0.000741617283
191964	0.0007015897733
191965	0.005301735184
191966	0.0003542512109
191967	0.001170585057
191968	0.005011719589
191969	0.001939335093
191970	0.001046659044
191971	0
191972	0.000885444633
191973	0.0008930406024
191974	0.002552434964
191975	0.0007355629455
191976	0.001073975301
191977	0.002957575221
191978	0.0001387913091
191979	0.0008734150251
191980	0.002528011844
191981	0.003703372628
191982	0.001965572258
191983	0.001819347987
191984	9.85853849e-05
191985	0.006091069077
191986	0.001894514173
191987	0.0001827542406
191988	0.0008014785308
191989	0.004954943782
191990	0.001053285033
191991	0.0008447775601
191992	0.005025426893
191993	0.0005118311298
191994	0.002072838281
191995	0.002753575203
191996	0.001657393497
191997	0.003558340147
191998	0.00439528953
191999	0.003907316643
192000	0.0006897810731
192001	0.006834051039
192002	0.002235964407
192003	0.00149684105
192004	0.001711873275
192005	0.005642267655
192006	0.004805240455
192007	0.002537315045
192008	0.002264196817
192009	0.002906232348
192010	0.0005203467544
192011	0.004601939946
192012	0.002878862421
192013	0.002016864384
192014	0.002977414189
192015	0.001345926144
192016	0.001179664088
192017	0.005955955557
192018	0.002966291502
192019	0.004302675093
192020	0.004589856002
192021	0.007580988333
192022	0.0002700324733
192023	0.004311834416
192024	0.0004027144533
192025	0.002607899295
192026	0.003356397609
192027	0.006495860872
192028	0.002949438794
192029	0.001418908145
192030	0.00118375079
192031	0.0003679203015
192032	0.0001706772984
192033	0.0006273568565
192034	0.004146916191
192035	0.002480290781
192036	0.001976076085
192037	0.002711147415
192038	0.0001800337322
192039	0.003755873796
192040	0.0006799038766
192041	0.002817189203
192042	0.003349739546
192043	0.0009444158029
192044	0.003362477975
192045	0.001254893624
192046	0.001212847135
192047	0.002175504081
192048	0.002448805673
192049	0.00588127607
192050	0.001683726864
192051	0.0008301973094
192052	0.002414644874
192053	0.002523844564
192054	0.003803354545
192055	0.004941290106
192056	0.001982888842
192057	0.003315235653
192058	0.002763735619
192059	0.002623393042
192060	0.002980026238
192061	0.0004158899428
192062	0.0005354598935
192063	0.002051103228
192064	0.00108167541
192065	7.607101465e-05
192066	0.002932638808
192067	0.001658268638
192068	0.007238320071
192069	0.003553110905
192070	0.004095015847
192071	0.002421324495
192072	0.000706319217
192073	0.00454648781
192074	0.0001006132624
192075	0.0009035384124
192076	0.005727233361
192077	0.0004626974844
192078	0.006131056304
192079	0.001088953437
192080	0.001127765257
192081	0.004057211169
192082	0.005305182054
192083	0.0002243372412
192084	0.001511806563
192085	0.002888438662
192086	0.004229489552
192087	0.002441803383
192088	0.0024287306
192089	2.742912863e-05
192090	0.002483880854
192091	0.003529956902
192092	0.003123325145
192093	0.0005873955724
192094	0.00104450345
192095	0.001825868495
192096	0.004355984535
192097	0.004202607772
192098	0.001146186396
192099	0.001046507434
192100	0.0007580851089
192101	0.002627040518
192102	0.006387435547
192103	0.002044775743
192104	2.059646926e-05
192105	0.0006667536552
192106	0.003707205224
192107	0.0009689907648
192108	0.001652220388
192109	0.0006108929928
192110	0.00579592158
192111	0.001265667947
192112	0.004042144936
192113	0.00149171943
192114	0.001930305433
192115	0.001036520551
192116	0.0005700007302
192117	0.0004397552009
192118	0
192119	0.002378079029
192120	0.002291287824
192121	0.0041188454
192122	0.001936237903
192123	0.0001179407892
192124	0.002056712268
192125	0.002502755292
192126	0.007532158267
192127	0.0003467399646
192128	0.001817797813
192129	0.001336043189
192130	0.001400320572
192131	0.001044946303
192132	0.001151127144
192133	0.002936264112
192134	0.0006975242111
192135	7.927547796e-05
192136	0.0002645812419
192137	0.001761238075
192138	0.002312390667
192139	0.00259479924
192140	0.0008012362113
192141	0.002836335655
192142	0.004280835328
192143	0.002998707561
192144	0.002976774751
192145	0.0004322648782
192146	0.00216108987
192147	0.000285546086
192148	0.0002942622954
192149	0.003209812692
192150	0.00139131159
192151	0.0008682831902
192152	0.001989767424
192153	3.301168693e-05
192154	0.0009905420232
192155	0.0008503043779
192156	0.005014510704
192157	0.003144841851
192158	0.001389451283
192159	0.000297208931
192160	0.0005350355675
192161	0.002362649372
192162	0.006294119512
192163	0.003086160338
192164	0.001602553534
192165	0.004419554518
192166	0.0004315932718
192167	0.002840300713
192168	0.0001428287157
192169	0.0001053026743
192170	0.0001072764974
192171	0.003898776592
192172	0.001623677034
192173	0.0002616983064
192174	0.002024568752
192175	0.0008172862582
192176	0.002628835355
192177	0.002807123653
192178	0.0002329759134
192179	0.003137631696
192180	0.0008150424877
192181	0.0007054929874
192182	0.00461366921
192183	0.001793550865
192184	0.001297260464
192185	0.0005015201894
192186	0.0004332095641
192187	0.001813388573
192188	0.0007715225189
192189	0.002332335653
192190	0.001699458745
192191	0.004799506426
192192	0.003672767138
192193	0.003693290192
192194	0.003567755386
192195	0.0005947057738
192196	3.761984577e-05
192197	0.002837681338
192198	0.002039337893
192199	0.001696066034
192200	0.0005623274866
192201	0.001853298954
192202	0.002585843051
192203	0.001425664254
192204	0.001289558103
192205	0.002681908111
192206	0.002417890541
192207	0.002478258934
192208	0.002666647222
192209	0.001262087973
192210	0.002306961879
192211	0.005758403906
192212	0.003577912828
192213	0.003225992043
192214	0.001270935104
192215	0.0007586653995
192216	0.002178828281
192217	0.0002847721799
192218	0.000885701774
192219	2.522023968e-05
192220	0.0004284515432
192221	0.0003689903322
192222	0.0007328941198
192223	0.001566552305
192224	0.001707854489
192225	0.0002060049494
192226	0.0004445611368
192227	0.001168994147
192228	0.001354022787
192229	0.001296575879
192230	0.001400230543
192231	0.006474934858
192232	0.000791074445
192233	0.004349070398
192234	0.002718459702
192235	0.0002982209607
192236	0.001422943882
192237	0.002342670023
192238	0.0005657747883
192239	7.533800555e-05
192240	0.004669464203
192241	0.002686561769
192242	0.004035259392
192243	0.001400721315
192244	0.00122481733
192245	0.001704183583
192246	0.0007861977161
192247	0.0040619342
192248	0.008116531364
192249	0.00184418193
192250	0.0005542785002
192251	0.001833814535
192252	0.004905373245
192253	0.006452997393
192254	0.004530617363
192255	0.005295500234
192256	6.790036297e-06
192257	0.00473234417
192258	0.002644428659
192259	0.002361618302
192260	0.001661592049
192261	0.001079914259
192262	0.001765846282
192263	0.0006525149286
192264	0.004796531151
192265	0.0005246363411
192266	0.001670526946
192267	0.003828975585
192268	0.001642282028
192269	0.004296009061
192270	0.000175713294
192271	0.0001481347328
192272	0.00111218185
192273	0.0001051423402
192274	0.004665462209
192275	0.0006010012071
192276	0.0007697309231
192277	0.002827791893
192278	0.00146139975
192279	0.001663054311
192280	0.001933724296
192281	0.003532687527
192282	0.002174855232
192283	1.774636051e-05
192284	0.000132596216
192285	0.003211085093
192286	0.005770270335
192287	0.0001961676861
192288	0.0002335814389
192289	0.0008263757691
192290	0.001965397304
192291	0.001855010211
192292	0.0009805833205
192293	0.004727882228
192294	0.001258539196
192295	0.001903852318
192296	0.0006395594383
192297	0.003245977888
192298	0.00215912356
192299	3.218928714e-05
192300	0.001913869728
192301	0.002787540784
192302	0.001232804916
192303	0.0002274531556
192304	0.002416815599
192305	0.003588582176
192306	0.001213061809
192307	0.003924249162
192308	0.001631241415
192309	0.003135550207
192310	0.0004690008128
192311	0.002971468472
192312	0.003340911769
192313	0.003652178448
192314	6.458143247e-05
192315	0.005991308891
192316	0.00504681495
192317	0.004441004976
192318	0.001428479897
192319	0.001518200658
192320	0.001845216161
192321	0.0007866213374
192322	0.0005130978109
192323	0.0007169980391
192324	0.001180289326
192325	0.0004001923812
192326	0.003840703992
192327	0.004328303372
192328	0.001860340811
192329	0.00346169972
192330	0.001929471607
192331	0.002931634846
192332	0.0006924893042
192333	0.001687213263
192334	0.001572494994
192335	0.001830363341
192336	0.0004875153382
192337	0.0001522972043
192338	0.001497826703
192339	0.001702781033
192340	0.0005246363411
192341	0.002032426163
192342	7.338210812e-05
192343	0.0006256420126
192344	2.223058319e-05
192345	0.002129100243
192346	0.004488104645
192347	0.001229057345
192348	0.0004176643048
192349	0.0006791382757
192350	0.0002470261476
192351	0.001129343169
192352	0.0002402278428
192353	0.0003062276317
192354	0.00113672385
192355	0.005680387597
192356	0.001296451384
192357	0.001111453289
192358	0.001081645937
192359	0.002386048711
192360	0.0005155273635
192361	0.0001368872066
192362	0.00156231903
192363	0.002137807041
192364	0.002365248879
192365	0.0006183570545
192366	0.0007153913944
192367	0.002343158081
192368	0.0007155670859
192369	0.003727328662
192370	0.002861785539
192371	0.001777894113
192372	0.003016626529
192373	0.001621828889
192374	0.001584242943
192375	0.003311287663
192376	0.0005443453948
192377	0.001250456602
192378	0.002614302369
192379	0.003004385795
192380	0.001947569166
192381	0.003065513616
192382	0.001904847938
192383	0.0002371531943
192384	0.001474995719
192385	0.0006384990959
192386	0.002658289177
192387	0.002152646847
192388	0.0004651583318
192389	0.002383052421
192390	0.001446107376
192391	0.0001799170005
192392	0.002616034617
192393	0.002043987499
192394	0.002974465817
192395	0.002415707098
192396	0.004153192229
192397	0.006061185979
192398	0.003946098042
192399	0.001022971177
192400	0.001656309553
192401	0.001311156582
192402	0.001451850404
192403	0.0005165449041
192404	0.001791172375
192405	0.001428856937
192406	0.002719065486
192407	0.0008324168735
192408	7.713736109e-05
192409	0.00272968004
192410	0.0005958858035
192411	1.726082816e-05
192412	0.000978675836
192413	0.004220228285
192414	0.004114793324
192415	0.002942045308
192416	0.001168709847
192417	0.003071501298
192418	0.003358326694
192419	0.0005310605852
192420	0.004494923999
192421	0.001355121181
192422	0.0001527052884
192423	0.001857703101
192424	0.002991545074
192425	0.002708067494
192426	0.001953834034
192427	0.001826226534
192428	0.002973020697
192429	0.005392823436
192430	0.004110760332
192431	0.002078805252
192432	0.003279454097
192433	0.001155812165
192434	0.001584830511
192435	0.000210490852
192436	0.00152214711
192437	0.002609586072
192438	0.002949965702
192439	0.0009595317927
192440	0.00327861215
192441	0.002033118695
192442	0.0006302430068
192443	0.005388881443
192444	0.003423106187
192445	0.003018168048
192446	0.001648326701
192447	0.0005361082479
192448	0.004146347632
192449	0.004041801584
192450	0.001117027629
192451	0.001111780219
192452	0.003278284472
192453	0.0001336265672
192454	2.049053388e-07
192455	0.0008107705225
192456	0.003250648992
192457	0.000121798623
192458	6.258127624e-05
192459	0.0003014599802
192460	0.001085567888
192461	0.00033518951
192462	0.003794901749
192463	0.005201324101
192464	0.002879710758
192465	0.000650144648
192466	0.002859860805
192467	0.009320153829
192468	0.0006131417159
192469	0.003034991759
192470	0.003399143231
192471	0.0003259454502
192472	0.001133526596
192473	0.002437626858
192474	0.0002082455457
192475	0.0001512701879
192476	0.003918172118
192477	0.00393843412
192478	0.001836378003
192479	0.002074687716
192480	0.0009038359236
192481	0.003676951953
192482	0.0004658716779
192483	0.001153001646
192484	0.0004380022741
192485	0.0001581928195
192486	0.0001715413345
192487	8.182870323e-06
192488	3.57943851e-05
192489	0.004297652847
192490	0.0004149411914
192491	0.002488482625
192492	0.0003461752873
192493	0.00209991041
192494	0.0001408031965
192495	0.002089827784
192496	0.00339271162
192497	0.001564291013
192498	0.0001201051524
192499	4.624702649e-05
192500	0.00634353731
192501	0.001325851608
192502	0.002010898474
192503	0.003971820506
192504	0.001921319731
192505	0.0009841099037
192506	0.0001844557027
192507	0.003341476808
192508	0.002326690348
192509	0.002091132882
192510	0.001260667318
192511	0.001287542033
192512	0.001534765287
192513	0.001443735944
192514	0.003612098233
192515	0.001560885593
192516	0.0001108725415
192517	5.350618768e-05
192518	0.001034977274
192519	0.0002728928375
192520	0.0001036314825
192521	2.6695279e-05
192522	0.003367694602
192523	0.0001225212172
192524	0.0002304595772
192525	0.0005156390741
192526	0.0004084346162
192527	0.0003244195481
192528	0.0005094795711
192529	0.001158380502
192530	0.0008547676034
192531	0.003200849984
192532	0.00396242952
192533	0.0003026239742
192534	0.001374231247
192535	0.000245553252
192536	0.00163620343
192537	0.0007923447795
192538	0.0005424411919
192539	0.001526874463
192540	0.0001275848859
192541	0.002804234095
192542	6.979596781e-06
192543	0.001350085229
192544	0.001317995538
192545	0.001135747766
192546	0.001982029688
192547	0.002254368825
192548	0.000154607738
192549	0.0006918051311
192550	0.00208679567
192551	0.000673724977
192552	0.001889582817
192553	0.0001357456461
192554	0.001066638135
192555	0.002442611689
192556	0.003562930606
192557	0.002617695045
192558	0.002106636847
192559	0.00374077187
192560	0.003372729796
192561	0.0008267013716
192562	0.003757830029
192563	0.001876235745
192564	0.000317066939
192565	0.0001067199926
192566	0.0009724109018
192567	1.935794465e-05
192568	0.0002537713734
192569	0.001339195487
192570	0.0007985103265
192571	0.0002844643543
192572	0.00154952186
192573	0.004110987827
192574	0.0006612572394
192575	0.0002632656458
192576	0.002301890028
192577	0.0005041925033
192578	0.001162987949
192579	0.0001900119799
192580	0.0007289155815
192581	0.0001234195969
192582	0.0001611163072
192583	0.00606562027
192584	0.0003122560997
192585	0.001539343369
192586	0.00201227937
192587	0.00157509665
192588	0.000679139487
192589	0.003363803863
192590	0.002981576612
192591	0.0001552883488
192592	6.546599798e-05
192593	0.004393425597
192594	0.0002248161868
192595	0.0007297055097
192596	0.0003522458222
192597	0.0009109550909
192598	5.757389315e-05
192599	0.004833313144
192600	0.002556261165
192601	0.0005438537764
192602	2.512863567e-05
192603	0.00125191802
192604	0.005027716616
192605	0.003058936821
192606	0.004100399074
192607	0.006466442711
192608	0.0008512390055
192609	0.001637695414
192610	0.0003217304831
192611	0.003457195932
192612	0.00256415088
192613	0.0002380956271
192614	2.153768147e-05
192615	0.0009480486426
192616	0.005102552149
192617	0.001757660936
192618	0.003616483706
192619	0.001770327843
192620	0.005378204689
192621	0.00308156386
192622	0.0002027284862
192623	0.006591840572
192624	0.00107949652
192625	0.002047362194
192626	0.002081878028
192627	0.000770970593
192628	0.001032794566
192629	0.001365943428
192630	0.001836546995
192631	0.003240252332
192632	0.002661783295
192633	0.001215904761
192634	0.0001830313564
192635	0.002857705467
192636	0.00158486567
192637	0.002716649168
192638	0.002260494497
192639	0.0003361710079
192640	0.004417490549
192641	0.003392826718
192642	0.00144283582
192643	0.0002077280461
192644	0.0006584452378
192645	0.0008168990964
192646	0.001888807721
192647	0.0002086469365
192648	0.0003590906182
192649	0.002004298776
192650	0.0005519208068
192651	0.0002391672757
192652	0.0003001537426
192653	0.002792636484
192654	0.0001182234635
192655	0.0004656326261
192656	0.001180100965
192657	0.0009392812848
192658	8.484806963e-07
192659	6.066444604e-07
192660	0.0008188332774
192661	0.0003487431452
192662	0.0003597082588
192663	0.0008259998082
192664	0.0009391745726
192665	9.156768344e-07
192666	0.000825608859
192667	0.001180214736
192668	0.0001147229012
192669	0.0008202897971
192670	0.0008253498848
192671	0.001180514582
192672	0.0003480522974
192673	0.001293900258
192674	0.0002331118777
192675	0.0003593626751
192676	0.0007080398033
192677	0.0002409136056
192678	0.0007072996159
192679	8.146114335e-07
192680	1.906520732e-05
192681	0.001202554782
192682	0.0002549693215
192683	0.002007305101
192684	0.0001410786153
192685	0.000627481292
192686	0.001655537971
192687	0.00118517574
192688	0.0003346510339
192689	0.0006119379046
192690	0.0001460146313
192691	0.0007049265415
192692	0.0008122156716
192693	0.0004500605502
192694	0.002752364382
192695	0.0027364103
192696	0.001878573576
192697	0.002905193983
192698	0.0006427744407
192699	0.0008331990479
192700	0.0003747596064
192701	0.0007432702451
192702	0.001073408946
192703	0.0004755136435
192704	0.004212751901
192705	8.91079524e-05
192706	0.003274163405
192707	0.0002787664492
192708	0.005847929614
192709	0.0001868751527
192710	0.00111520766
192711	0.002572547914
192712	0.001781963217
192713	0.0002182424314
192714	0.0009602529879
192715	0.0004507658953
192716	0.001058216288
192717	0.0008430088753
192718	0.001980222255
192719	0.0008514531205
192720	0.002505915439
192721	0.0003175674405
192722	0.001329817717
192723	0.0006218814978
192724	0.001746706904
192725	0.0003061637691
192726	0.000567595701
192727	0.003593032693
192728	0.003159695946
192729	0.001759818465
192730	0.003548436504
192731	0.002466023832
192732	0.006008393368
192733	0.0002843254179
192734	0.001937104948
192735	0.0007010985564
192736	0.0002829698827
192737	0.0004139428039
192738	0.00110406236
192739	0.0001622233367
192740	0.0001237882436
192741	0.002098751989
192742	0.0003007509891
192743	0.001967085866
192744	0.001246433816
192745	0.002813798424
192746	0.001441859155
192747	0.007389345006
192748	7.124867331e-05
192749	3.750837531e-05
192750	0.001534180803
192751	0.000501995589
192752	0.002268316439
192753	0.005308040411
192754	0.0003487419841
192755	0.004780587867
192756	0.002094325378
192757	0.002423473928
192758	0.005536457975
192759	6.401381072e-07
192760	0.004792733647
192761	0.002195957099
192762	0.0001300650422
192763	0.001921931046
192764	0.002932034648
192765	3.824571638e-06
192766	0.004993061842
192767	0.002485542913
192768	0.002986868365
192769	0.002148246433
192770	0.001015028457
192771	0.00303781975
192772	0.002423663785
192773	0.002317179584
192774	0.002466316957
192775	0.003104105226
192776	0.002410550376
192777	0.001183293179
192778	0.0007547668437
192779	0.0003795348497
192780	0.00495098915
192781	0.003090952708
192782	0.002837204736
192783	0.002151383457
192784	0.0009107372923
192785	0.001382948336
192786	0.004360287162
192787	1.854415111e-05
192788	0.0003002465572
192789	0.005630832507
192790	0.000375051617
192791	0.001409581324
192792	0.004743110172
192793	0.000909534893
192794	0.004753219237
192795	0.0003826069132
192796	0.00309878247
192797	0.0007604595656
192798	0.0005431571671
192799	0.002315674286
192800	0.00193502153
192801	0.003071418294
192802	0.003182087736
192803	0.0009233094836
192804	0.001959069428
192805	0.003718073121
192806	0.002962888008
192807	0.002649643007
192808	0.002344202241
192809	0.0029160879
192810	0.002689670823
192811	0.007076048495
192812	0.003573815881
192813	0.0003512056427
192814	0.001937635289
192815	0.003495155969
192816	0.003332295091
192817	0.0007406221591
192818	0.0007492570701
192819	0.003187921542
192820	0.001681935823
192821	0.003800773138
192822	0.004971512797
192823	0.0006587424367
192824	0.005500602325
192825	0.004623311089
192826	0.003205465659
192827	0.0003997259858
192828	0.001550066125
192829	0.002776164635
192830	0.004884592297
192831	0.005001728452
192832	0.0002588647276
192833	0.002913982158
192834	0.002075902902
192835	0.003570453212
192836	0.003734105424
192837	0.001026542289
192838	0.001438492014
192839	0.0006464272536
192840	0.001965970183
192841	0.0001213648088
192842	0.005460681646
192843	0.0002596816518
192844	0.0001107710471
192845	0.001565043707
192846	0.001381740677
192847	9.549058123e-06
192848	0.002055057197
192849	0.001044066455
192850	0.0007744823876
192851	0.0001146991061
192852	0.003600669544
192853	0.0002013261598
192854	2.129788107e-05
192855	0.005144269178
192856	0.003978552413
192857	0.005126537284
192858	0.003968019148
192859	0.003984437968
192860	0.005543619503
192861	0.002096604408
192862	0.002713648262
192863	0.0003258977918
192864	0.001779536827
192865	0.00399628841
192866	0.006553824781
192867	0
192868	0.00128120188
192869	0.002949542875
192870	3.691145359e-07
192871	0.002040450477
192872	0.002663462658
192873	0.001475590361
192874	0.004500918431
192875	0.004007566801
192876	0.002584090225
192877	0.0007883113094
192878	0.004392657717
192879	0.004137866976
192880	0.003055035942
192881	0.003837245594
192882	0.001757977763
192883	0.0006626282392
192884	5.31609843e-05
192885	0.0008061312384
192886	0.003121305598
192887	0.001011341924
192888	0.0009865907216
192889	0.001136068402
192890	0.002383097687
192891	0.00326261463
192892	0.0001731085337
192893	0.009571976154
192894	0.001951812696
192895	0.001541242346
192896	0.005044641276
192897	0.005782528229
192898	0.005437810358
192899	0.0005798068142
192900	4.104229707e-05
192901	0.002305879203
192902	0.001549048108
192903	0.0007401162159
192904	0.001114953105
192905	0.007415609812
192906	0.0003086323364
192907	0.003835300126
192908	0.005517904911
192909	0.006616104123
192910	0.002684346133
192911	0.00296542174
192912	0.004119108457
192913	0.0006530144604
192914	0.0006067546688
192915	0.001703132416
192916	0.0003945938897
192917	0.00565367971
192918	0.005799977001
192919	0.002380126389
192920	6.96740225e-05
192921	4.41095946e-05
192922	0.003091474074
192923	0.0006724641823
192924	0.003576283329
192925	0.0007975253123
192926	0.001137828601
192927	0.001512123216
192928	0.000403202968
192929	0.0003017815206
192930	0.001145235486
192931	0.002280824019
192932	2.783386969e-05
192933	0.0009883683258
192934	0.0001968455319
192935	0.0009152124767
192936	0.00280954937
192937	0.0007801288604
192938	0.0004386737547
192939	9.220516536e-06
192940	0.0001444175366
192941	0.001718332087
192942	0.0007727043648
192943	0.001204522159
192944	0.0008263465293
192945	0.0005093025689
192946	0.0002493128476
192947	0.0004616631938
192948	8.790491547e-06
192949	0.001274608566
192950	0.0006142465529
192951	0.003980569023
192952	0.001205211328
192953	0.0004449180583
192954	0.000104817471
192955	0.002631789184
192956	0.002537373726
192957	0.0004732749816
192958	0.00315654857
192959	0.005528808229
192960	0.003735289011
192961	0.001850699677
192962	0.002439640323
192963	0.005070204898
192964	0.0002860282666
192965	0.001876496973
192966	0.0001217451292
192967	0.001813090265
192968	0.003216836898
192969	0.004719559197
192970	0.0003878419206
192971	0.002258245393
192972	0.0005549438924
192973	0.002989777397
192974	0.0004072043243
192975	0.001030554557
192976	0.001569503698
192977	0.001258849136
192978	7.733540399e-05
192979	0.001529025056
192980	0.001089812017
192981	0.002715183303
192982	0.001265832989
192983	0.001391302612
192984	0.0004539922103
192985	0.0001305870824
192986	0.002494654591
192987	0.002077626064
192988	0.004157209596
192989	0.002155265458
192990	0.004047989776
192991	0.001695177413
192992	0.0009303756299
192993	0.003132166612
192994	0.002331637871
192995	0.003931010875
192996	0.001684411905
192997	0.002443723665
192998	0.002422477103
192999	0.002692974089
193000	0.001847211808
193001	0.002074740252
193002	0.004750027911
193003	0.008888905136
193004	0.00169854632
193005	1.005358851e-05
193006	0.0008666935361
193007	0.002658118456
193008	0.001190333949
193009	0.002604369717
193010	0.002520006098
193011	0.002436426892
193012	0.0003597233924
193013	0.00124993037
193014	0.0143540547
193015	0.004677856708
193016	0.00522171684
193017	0.001649294257
193018	0.0007249988573
193019	0.001910645623
193020	0.0001065835899
193021	0.001597740275
193022	0.0004679562532
193023	0.00464903555
193024	0.0009097535342
193025	0.004014951061
193026	0.004063276371
193027	0.00562707111
193028	0.005520680948
193029	0.004403176461
193030	0.00432889103
193031	0.002442360395
193032	0.006689920205
193033	0.0003479218838
193034	0.005530969876
193035	0.002730954235
193036	0.007964904954
193037	0.003290948261
193038	0.003492739229
193039	0.002469039818
193040	0.002208770445
193041	0.002415376568
193042	0.002389067987
193043	0.001238348739
193044	0.001413980594
193045	0.0006200181703
193046	0.004134848595
193047	0.0005586130743
193048	0.002630783131
193049	0.001573184047
193050	0.0002148642401
193051	0.001763795392
193052	0.001035949509
193053	0.004075730913
193054	0.003698523433
193055	0.0009191945313
193056	0.002650828302
193057	0.001112186297
193058	0.001005203474
193059	0.00407183725
193060	0.001406303099
193061	0.0006941037252
193062	9.536072183e-05
193063	0.002697200021
193064	0.003242674923
193065	0.001158767843
193066	0.0002351035158
193067	7.44617587e-05
193068	0.0001775219251
193069	0.0002477111705
193070	0.0001367093235
193071	0.0001889924182
193072	0.001241241892
193073	0.001394927791
193074	0.001139352258
193075	0.0008548416918
193076	0.001211817552
193077	0.00145529544
193078	0.001546918146
193079	0.0002951779748
193080	0.001328721503
193081	0.001899568726
193082	0.0009946309327
193083	0.001284368183
193084	0.001966834921
193085	0.001358864928
193086	0.001167996936
193087	0.0009322953969
193088	0.001451177008
193089	0.001144167658
193090	0.001247242368
193091	0.0004221608877
193092	0.0008132332134
193093	0.001128899096
193094	0.001028531887
193095	0.00100385258
193096	0.0009919826503
193097	0.001189167093
193098	0.001158507374
193099	0.001171232723
193100	0.0005833085918
193101	0.00189264242
193102	0.001727636237
193103	0.001689771844
193104	0.002000542991
193105	0.001004364587
193106	0.001510741711
193107	0.001630977755
193108	0.001670948771
193109	0.001607314623
193110	0.001445553538
193111	0.002271666623
193112	0.001354707395
193113	0.001674304375
193114	0.00197059771
193115	0.001498862138
193116	0.001765321074
193117	0.001896405777
193118	0.001626621181
193119	0.00185373402
193120	0.001609951016
193121	0.001447805077
193122	0.002268854578
193123	0.002557894045
193124	0.00184701654
193125	0.001247030911
193126	0.001160564005
193127	0.000190660885
193128	5.917424534e-05
193129	0.0002674789719
193130	0.001045504621
193131	0.0003113888874
193132	0.001746167157
193133	0.0001931739435
193134	0.0002616899621
193135	0.0001727092457
193136	0.0001481555901
193137	0.0003034318916
193138	0.0001891757951
193139	0.0004630111295
193140	0.0004357257799
193141	0.0002437079405
193142	0.0004042185074
193143	0.0006725928482
193144	2.133147734e-06
193145	5.071688801e-05
193146	0.0002422249938
193147	5.851875265e-05
193148	0.0003217408902
193149	0.0003897783402
193150	0.0004739800765
193151	5.28288917e-05
193152	0.001289407002
193153	7.843193509e-05
193154	0.00120453279
193155	0.0003843998844
193156	0.0003458547785
193157	0.0001525571678
193158	4.322281992e-05
193159	5.451023665e-05
193160	7.245914852e-05
193161	0.0002871340282
193162	0.0002845780673
193163	0.0001584503093
193164	0.000140907389
193165	0.0003100920916
193166	3.251576638e-05
193167	6.808277101e-05
193168	3.146114157e-05
193169	0.0001140416632
193170	0.001291374106
193171	0.0008676927048
193172	3.19591352e-05
193173	0.0001914539241
193174	0.001252060302
193175	0.000261525929
193176	0.0001136231216
193177	3.929274596e-05
193178	0.001009199424
193179	0.0003354807091
193180	0.000148516885
193181	0.0002821126661
193182	0.000318010664
193183	0.0005018168776
193184	0.0004380447563
193185	0.0007724199024
193186	0.0008004864796
193187	8.314921429e-05
193188	0.0007636392253
193189	0.0002570262495
193190	0.0009986495254
193191	0.0001748733163
193192	0.0005499123758
193193	0.000421279401
193194	0.000231643755
193195	0.0009198639203
193196	0.0003149624398
193197	0.0003605006978
193198	0.0001286911573
193199	0.000848855216
193200	0.000240111499
193201	5.02832303e-06
193202	0.0002627317373
193203	0.001084147794
193204	0.0003666458681
193205	0.0002499000376
193206	0.0002641426089
193207	0.0002583920467
193208	0.0002004789434
193209	0.0001499464747
193210	0.0002147115157
193211	0.0003714169815
193212	0.003473143266
193213	0.001717040018
193214	0.001742160791
193215	0.001754009167
193216	0.001885178926
193217	0.002163040105
193218	0.00207830268
193219	0.002280276132
193220	0.001400031346
193221	0.001122111881
193222	0.001854273416
193223	0.002053815928
193224	0.002102607324
193225	0.002319135409
193226	0.00153483447
193227	0.001811410661
193228	0.00196112421
193229	0.002186298444
193230	0.002304982688
193231	0.002218866122
193232	0.0008050023924
193233	0.001938896919
193234	0.001741174394
193235	0.002190760164
193236	0.00237240002
193237	0.001995127481
193238	0.001834880825
193239	0.001895307143
193240	0.001889691888
193241	0.00214796063
193242	0.001029922688
193243	0.001794359765
193244	0.002038841717
193245	0.002030550246
193246	0.001682959457
193247	0.0003226260874
193248	0.0004769243278
193249	0.0008765569699
193250	0.0003681422908
193251	0.0006720621834
193252	0.0007112338323
193253	0.0006964814123
193254	0.0005514091987
193255	0.0001454009027
193256	0.00030418943
193257	0.0005210789139
193258	0.0001202598536
193259	0.001051488063
193260	5.970068744e-05
193261	0.0002780427202
193262	0.0004331847971
193263	0.0002261980826
193264	0.001381778358
193265	0.001141469952
193266	0.0008529175217
193267	0.001143527515
193268	0.003550939804
193269	0.001265395726
193270	0.0005724965146
193271	0.0004298875476
193272	0.0006404434196
193273	0.0006144476799
193274	0.0005282308452
193275	0.001804801765
193276	0.002129461907
193277	0.002811999209
193278	0.002213192567
193279	0.00255169366
193280	0.001961521008
193281	0.0004694402463
193282	0.0003856187903
193283	0.0004015885975
193284	0.0005508754422
193285	9.685475042e-05
193286	0.0004097488551
193287	0.001443699551
193288	0.0001165322761
193289	5.819562739e-05
193290	0.0003372540236
193291	0.0007057081824
193292	5.913554981e-05
193293	0.0004774798576
193294	0.0002639856702
193295	0.0001708251394
193296	0.0001943365684
193297	0.0004441667625
193298	0.0009151623292
193299	0.001595693227
193300	0.0006300102812
193301	0.0004574496955
193302	0.0004100063824
193303	0.000616967635
193304	0.0005293518524
193305	0.0005365130608
193306	0.0005609395768
193307	0.000292537509
193308	0.0004195321179
193309	0.0003724865247
193310	0.0007228348498
193311	0.0003826979519
193312	0.0006080005618
193313	0.0003241032688
193314	0.0004584070936
193315	0.0006180411437
193316	0.0003603377083
193317	0.0003520435966
193318	0.0004180044731
193319	0.0003715115593
193320	0.0005250701646
193321	8.240253907e-05
193322	0.0004129603436
193323	0.000638284356
193324	0.0004646833168
193325	0.0004427871427
193326	0.0002661074448
193327	0.0002895160821
193328	0.001593301486
193329	0.001419650464
193330	0.002587789938
193331	0.001546486552
193332	0.001343289108
193333	0.001076155206
193334	0.001467326799
193335	0.001399321358
193336	0.001257179076
193337	0.0009859184372
193338	0.002016997965
193339	0.000789113538
193340	0.001409336846
193341	0.001553573555
193342	0.001376990544
193343	0.001597264824
193344	0.00181620713
193345	0.001176149405
193346	0.0003037021649
193347	0.0004077354239
193348	0.0008984215822
193349	0.0004861960803
193350	0.0006062794499
193351	0.0006737245017
193352	0.0004682580597
193353	0.000372674857
193354	1.766479614e-05
193355	0.000135437664
193356	0.0001663860183
193357	0.000127874974
193358	0.0003094650895
193359	0.0006570835051
193360	0.0005280393215
193361	0.0001097111521
193362	0.0005398922226
193363	0.0003880615302
193364	0.0002776591331
193365	0.0007012248924
193366	0.001342340045
193367	0.000544167353
193368	0.0007862263457
193369	0.0003316367188
193370	0.0005406172346
193371	0.0009652719508
193372	0.0005819212494
193373	0.0001067841376
193374	0.0002383015177
193375	0.001401621734
193376	0.0004215910737
193377	0.0005972393148
193378	0.0005947728073
193379	0.0009968733591
193380	0.0007176482117
193381	0.0001886396406
193382	0.0005570715499
193383	0.0003789557156
193384	0.00058455821
193385	0.0004415761938
193386	0.0004244815478
193387	0.0006790525191
193388	0.0002437370567
193389	0.0009449667352
193390	0.000348044641
193391	0.0006162413169
193392	0.0006344668372
193393	0.0008651416504
193394	0.0007414193789
193395	0.0004643699013
193396	0.000364916194
193397	0.0004963888459
193398	0.0004627836769
193399	0.0004998795171
193400	0.0009233292046
193401	0.001744180172
193402	0.0008962935455
193403	0.0001435237456
193404	0.0001284043691
193405	0.001982957694
193406	0.0003610570973
193407	0.0003848772549
193408	0.0003065303752
193409	7.599167097e-05
193410	0.000119839769
193411	0.001456475251
193412	0.0008498566325
193413	0.000453400483
193414	0.001776123497
193415	0.0005315109726
193416	7.010591065e-05
193417	2.6618691e-05
193418	0.0001355682735
193419	0.0001336803487
193420	0.0008721822389
193421	0.0001089284609
193422	0.00083548289
193423	0.0003105103983
193424	0.0006761964782
193425	0.0006426497913
193426	0.001218732619
193427	0.000135010877
193428	0.0002191270641
193429	0.0009950736734
193430	0.001258597921
193431	0.001405954913
193432	0.001326004128
193433	0.001752179528
193434	0.0008609773016
193435	0.001303656339
193436	0.001160454673
193437	0.001065640224
193438	0.001818923704
193439	0.002787391173
193440	0.001219299127
193441	0.0010761674
193442	0.001105551959
193443	0.001696396027
193444	0.001362355173
193445	0.002471146054
193446	0.0008517386426
193447	6.628960862e-05
193448	0.001035741345
193449	0.0011560004
193450	0.001060460571
193451	0.0008949968217
193452	0.0009418680058
193453	0.00100549451
193454	0.0009937043924
193455	0.00177327752
193456	0.0006578398692
193457	0.000849613384
193458	0.0005926488551
193459	4.606305755e-05
193460	0.001343727296
193461	0.0004868939319
193462	0.0004819753172
193463	0.0002645730556
193464	0.0002325556147
193465	0.000433624393
193466	0.001533748426
193467	0.0005997658948
193468	0.0008390824847
193469	0.0009588169576
193470	0.0008852886894
193471	0.0008145217853
193472	0.0005149890202
193473	0.000338600555
193474	0.0008524953385
193475	0.001028857767
193476	2.973457946e-05
193477	0.0007070660048
193478	5.591916247e-05
193479	0.0008595976684
193480	0.0006700920681
193481	0.0001133936093
193482	0.001074043294
193483	0.001116141946
193484	0.0006860948487
193485	0.000802963707
193486	0.00103218642
193487	0.0008668340301
193488	0.001396530301
193489	0.0005192986034
193490	0.0008779366594
193491	0.005781030106
193492	4.120702507e-06
193493	0.000633502074
193494	0.001967556535
193495	0.001608792158
193496	0.002825687647
193497	0.001057143935
193498	0.0008408449906
193499	0.001102960243
193500	5.934378511e-05
193501	0.00192181926
193502	0.001777551032
193503	0.003022461004
193504	0.0006693390898
193505	0.0003383419513
193506	0.003218953664
193507	0.004050726689
193508	0.0001836711606
193509	0.0005795302165
193510	0.003178762849
193511	0.0004070771988
193512	0.001733146119
193513	0.003696594523
193514	0.0007556203404
193515	0.004686893665
193516	0.00247915676
193517	0.005593560723
193518	0.0009213305877
193519	0.0005889408148
193520	0.00122727566
193521	0.002698171554
193522	0.001799270135
193523	0.00105523879
193524	0.0003356923438
193525	0.0006499497854
193526	0.0008566685538
193527	0.001673394294
193528	0.003139607283
193529	0.0004741554667
193530	0.0008889225889
193531	0.001548209238
193532	0.0002181507119
193533	0.004748841042
193534	0.001555663603
193535	0.003897971699
193536	0.005273464585
193537	0.003426367817
193538	0.003932774363
193539	0.004368065517
193540	0.0008001607521
193541	3.226883144e-05
193542	0.003907450758
193543	0.0002253622657
193544	0.0001432388977
193545	0.003610967512
193546	0.004004664666
193547	0.00591819739
193548	0.002204883277
193549	0.003634157112
193550	0.001363795376
193551	0.002494416637
193552	0.0007325479173
193553	0.003197070642
193554	0.002992188654
193555	0.004697904444
193556	0.004381936773
193557	0.0005709686239
193558	0.0005503835688
193559	0.003050794107
193560	0.001670815751
193561	0.002523807545
193562	0.001367624464
193563	0.001505920081
193564	0.0008528438415
193565	0.001214639624
193566	0.001045458615
193567	0.002629660019
193568	0.002143781756
193569	0.001583330407
193570	0.001231285895
193571	0.004277466418
193572	0.001163209783
193573	0.001750508928
193574	0.003256298527
193575	0.002058529786
193576	0.002415382496
193577	0.0001122826226
193578	0.01038566553
193579	0.001007244704
193580	0.0002184853703
193581	0.002663179276
193582	0.003268259077
193583	0.004082475177
193584	0.003445222672
193585	0.003665929464
193586	0.007387467082
193587	0.004620729563
193588	0.001646169101
193589	0.005715205849
193590	0.003166532665
193591	0.0001755482596
193592	0.0008018756264
193593	0.0007208196484
193594	0.0001626163053
193595	0.0008836329428
193596	0.000722149354
193597	0.0003275964612
193598	0.0004802265437
193599	0.001086566064
193600	0.0007378650063
193601	0.000130038344
193602	0.001154427292
193603	0.0007127434895
193604	0.0009868496405
193605	0.002378520025
193606	0.000673943902
193607	0.001125874586
193608	0.0002955804906
193609	0.0005691307978
193610	0.001231273084
193611	0.000683904053
193612	0.0008118843929
193613	0.0008552792243
193614	0.0005596749855
193615	0.0009981256287
193616	8.060369179e-05
193617	0.001018200382
193618	0.0005542825589
193619	0.0004727414931
193620	0.0009729977662
193621	0.0007430793648
193622	0.0009426206405
193623	0.0002822751747
193624	0.0004836831235
193625	0.000897108572
193626	0.001030557921
193627	0.0002220015345
193628	0.0006858937574
193629	0.0009702974554
193630	0.0006675492217
193631	0.0008743349138
193632	0.001244237091
193633	0.000698928584
193634	0.00077779122
193635	0.00108538464
193636	0.0007289590686
193637	0.0007690443868
193638	0.0007323014021
193639	0.0004218358129
193640	0.00111298879
193641	0.0006275680737
193642	0.0004143700302
193643	0.001447787309
193644	0.0006858403149
193645	0.000143798774
193646	0.00118619469
193647	0.0007485647602
193648	0.0003773933767
193649	0.0004108041772
193650	0.001279763623
193651	0.001500919218
193652	0.0007726914976
193653	0.0006049213983
193654	0.0009675304601
193655	0.00133223188
193656	0.0006696225316
193657	0.0006685276725
193658	0.001001009716
193659	0.0005014627854
193660	0.0006952260358
193661	0.0004495693168
193662	0.001035161994
193663	0.0008118428855
193664	0.001026816979
193665	0.001144067179
193666	0.0008821333677
193667	0.0009217054148
193668	0.0007149836867
193669	0.001272100097
193670	0.0005896886073
193671	0.0008460446441
193672	0.001067051062
193673	0.001442852403
193674	0.003109975251
193675	0.0004083378514
193676	0.0006595899388
193677	0.000692455402
193678	0.0008115738721
193679	0.0008375630833
193680	0.001127060068
193681	0.0005255787465
193682	0.001009653217
193683	0.0006502514178
193684	0.0009418223646
193685	0.0007616112981
193686	0.0007008416776
193687	0.0009905624664
193688	0.001583585493
193689	0.0006961349037
193690	0.0009296819231
193691	0.0007898611369
193692	0.0009443307343
193693	0.0008195340935
193694	0.0003163286519
193695	0.0007980506467
193696	0.000711623499
193697	0.0009860851568
193698	0.001209623084
193699	0.0001107129633
193700	0.0004021600721
193701	0.00067269447
193702	0.0007850753407
193703	0.001122599264
193704	0.0006659776323
193705	4.843211871e-05
193706	0.0008961767637
193707	0.0004277997278
193708	0.0009389184208
193709	0.001326994599
193710	0.00105385099
193711	0.000991176623
193712	0.0008733267661
193713	0.0009508684144
193714	0.0001151101741
193715	0.0004380364739
193716	0.001275367827
193717	0.001366494329
193718	0.0008493130901
193719	0.0004648511196
193720	0.001152330719
193721	0.0008935943822
193722	0.0004184398692
193723	0.0008583221967
193724	0.0003515923604
193725	0.0009998919854
193726	0.0002458614491
193727	0.0002000752477
193728	0.0005903115114
193729	0.0002804101078
193730	0.001013994218
193731	0.0009969612301
193732	4.691211133e-05
193733	0.001140817966
193734	0.0002289014335
193735	0.0007716472645
193736	0.001016485111
193737	0.0006693282059
193738	0.0007101678042
193739	0.0009522825868
193740	0.0004428904556
193741	0.0008369790861
193742	0.0002770522719
193743	0.0007519365206
193744	0.0007424885249
193745	0.000835779998
193746	0.001094166788
193747	0.0005553000886
193748	0.001122598885
193749	0.0006509256123
193750	0.000140633008
193751	0.001471597439
193752	0.001221989907
193753	0.00081350411
193754	0.0001733356917
193755	4.176596624e-05
193756	0.0008014317836
193757	0.0007138153099
193758	0.00140793714
193759	0.000125881446
193760	0.001110598871
193761	0.0003387907702
193762	0.000559275442
193763	0.0006540574341
193764	0.0006206029882
193765	0.001094812293
193766	0.0004798629177
193767	0.006227943603
193768	0.001419098142
193769	0.0002444290723
193770	0.0005842559504
193771	0.0008445600746
193772	0.0005703818687
193773	0.0008864416361
193774	0.0003597182332
193775	0.0006515588849
193776	5.475199037e-05
193777	0.0003462464154
193778	0.0007340591922
193779	0.0006212735719
193780	0.0003886572278
193781	0.002128420948
193782	0.0009577440426
193783	0.001167771009
193784	0.00156394681
193785	0.000759150071
193786	0.000203318576
193787	0.0006684198963
193788	0.0007891840281
193789	0.0004644554047
193790	0.001201078719
193791	0.003086097971
193792	0.001949775007
193793	0.0005759397
193794	0.000708896974
193795	0.001047328817
193796	0.000951337049
193797	0.00131445327
193798	0.00145084827
193799	0.0004125389114
193800	0.0001524798473
193801	0.0003236319575
193802	0.0005654843866
193803	0.0004143010422
193804	0.001300070655
193805	0.002442349467
193806	0.0007046932084
193807	0.002520853905
193808	6.546448979e-05
193809	0.001627482792
193810	0.0003566433802
193811	0.0005491018773
193812	0.003707411316
193813	0.002069245364
193814	0.003203149877
193815	4.563476134e-05
193816	0.00134868954
193817	0.001020192759
193818	0.002940926701
193819	0.001011123813
193820	0.001267846453
193821	0.0005705645768
193822	0.0008639360833
193823	0.0001284562889
193824	0.0008360305595
193825	0.0008027490496
193826	0.003093755744
193827	0.004278268882
193828	0.001265568846
193829	0.001201331176
193830	0.003094321903
193831	0.001284648836
193832	0.0004508997914
193833	0.001671085016
193834	0.0007249362655
193835	0.0001800773944
193836	0.0003359986439
193837	0.0004481013966
193838	0.0003294880264
193839	0.0002315259233
193840	0.0004746031645
193841	0.0002142094745
193842	0.001777880816
193843	0.002409311458
193844	0.0001632771407
193845	0.0001964992469
193846	2.261887718e-05
193847	0.0001278649455
193848	0.0005780515449
193849	0.0007637711755
193850	0.0007990757767
193851	5.559456506e-05
193852	0.0001902984413
193853	0.0003008668332
193854	0.001821071438
193855	0.001078293836
193856	0.002421614279
193857	0.0003733146557
193858	0.0007649199386
193859	0.0007823975396
193860	0.002770469385
193861	0.001208779986
193862	0.001620104807
193863	0.001693592906
193864	0.001624925962
193865	0.002876495408
193866	0.002215065114
193867	0.001459638829
193868	0.0009945722313
193869	0.0007519864729
193870	0.001283222919
193871	0.001870288102
193872	0.001695317548
193873	0.00118063206
193874	0.001816641499
193875	4.275620426e-07
193876	3.461005174e-05
193877	0.001159770555
193878	0.0009679829421
193879	0.0001326770987
193880	4.047851956e-05
193881	3.691745078e-05
193882	0.004437039178
193883	0.0008618530584
193884	9.285174606e-07
193885	0.004184716778
193886	0.001651190961
193887	0.0001666414888
193888	0.0006715421996
193889	0.0006926860893
193890	0.005650306255
193891	0.003638190623
193892	0.001394577454
193893	0.002172367307
193894	0.006283311436
193895	0.002550709982
193896	6.604024375e-05
193897	0.001050526455
193898	0.002181830714
193899	4.901703087e-05
193900	0.0003622909361
193901	0.006552836442
193902	0.004095686109
193903	0.001629824096
193904	0.00246746953
193905	0.002766134504
193906	0.005108685575
193907	0.005937657695
193908	0.0008786301574
193909	0.001507284621
193910	0.003133116785
193911	0.00421653365
193912	0.0005862530359
193913	0.002015360087
193914	0.0006246201836
193915	1.6046108e-07
193916	0.0005056236868
193917	0.0008257748762
193918	0.001084575505
193919	0.001180900418
193920	0.0004400918709
193921	0.003022516476
193922	0.001938093797
193923	0.001368039837
193924	6.899792432e-05
193925	0.0002345768947
193926	0.002378863317
193927	0.0007665319732
193928	0.00525119166
193929	0.001337255305
193930	0.0008548099264
193931	0.0023218485
193932	0.001046093238
193933	0.0004435450187
193934	0.0003382838442
193935	0.003096323796
193936	0.004101221913
193937	0.001984487307
193938	0.0005750192808
193939	0.0001618794994
193940	0.0003061364861
193941	0.0002990990865
193942	0.0005270263911
193943	0.0007404616105
193944	0.004426439122
193945	0.007584532846
193946	0.002652406746
193947	0.001914707028
193948	0.002446475026
193949	0.003982674885
193950	0.0009574039933
193951	2.950271883e-05
193952	0.0002227520303
193953	0.003719643827
193954	0.001743593032
193955	0.002048093278
193956	0.001330100347
193957	0.00266277421
193958	0.001873606275
193959	0.0005099215746
193960	0.002128756995
193961	0.0023330375
193962	0.0006162275399
193963	0.003650681461
193964	0.0006592310692
193965	0.0003391946398
193966	0.001992569769
193967	0.0001153644639
193968	0.0002265695762
193969	0.002430571082
193970	0.002312639465
193971	0.0003405968619
193972	2.837220207e-05
193973	0.000277287789
193974	5.716459122e-06
193975	0.001843507874
193976	0.0005473306377
193977	0.0007548427961
193978	0.00074799066
193979	0.0001459141381
193980	0.003334346737
193981	0.001585429559
193982	7.467332282e-05
193983	0.0002011304838
193984	0.0002523233704
193985	0.002569691877
193986	0.0005233201398
193987	0.0002525087369
193988	0.00120064471
193989	0.0002635915505
193990	0.0002974893728
193991	0.0005536975011
193992	1.272063911e-05
193993	0.00114105558
193994	0.001103180869
193995	0.0008817918265
193996	0.0005939634895
193997	0.0001394452474
193998	0.001290312102
193999	0.0005143671157
194000	0.000693615196
194001	0.002368273311
194002	0.0002017409944
194003	0.0002723927267
194004	0.0001250613971
194005	0.0004328806651
194006	0.001038108746
194007	0.002667400728
194008	0.001279607615
194009	2.568102519e-05
194010	0.001392681086
194011	0.003666473306
194012	0.002767825115
194013	0.0002024373899
194014	0.0008876843098
194015	0.001615951679
194016	0.002950867507
194017	0.0006685737313
194018	0.0007654437907
194019	0.0007959270581
194020	0.004745201175
194021	0.002239501974
194022	0.004638093638
194023	0.004248713057
194024	0.003896501883
194025	0.0008038373551
194026	0.0001171131266
194027	0.002405768614
194028	0.002233299674
194029	0.0001766175095
194030	0.002836155046
194031	0.0003032702775
194032	0.0002649051317
194033	0.0006211338855
194034	0.001870351917
194035	0.0008096665527
194036	0.0002374025597
194037	0.00463109182
194038	0.007670161147
194039	0.0006599136001
194040	0.003424626882
194041	0.002159730844
194042	0.001574149454
194043	8.403246803e-06
194044	0.0008146498581
194045	0.007389021933
194046	0.0005202781467
194047	0.001665816311
194048	0.001845491503
194049	0.0001741855531
194050	0.0004730164677
194051	0.003586266784
194052	3.494371781e-06
194053	0.0007317076101
194054	0.003690866606
194055	0.007422452945
194056	0.0005744302568
194057	0.0001087410808
194058	0.0003276530205
194059	7.546524063e-05
194060	0.0003075956073
194061	0.001487989175
194062	0.00184221083
194063	0.0004374835947
194064	0.0009599654844
194065	0.001546441386
194066	0.001577453327
194067	0.001179363235
194068	0.0002757933351
194069	0.00259719196
194070	0.003994645132
194071	0.00079153958
194072	0.001925149638
194073	0.001641621465
194074	0.002400421933
194075	0.004327996109
194076	0.001128716392
194077	0.003061427041
194078	0.002718783618
194079	0.002076600146
194080	0.002989207071
194081	0.001832197731
194082	0.002097960494
194083	0.002651858526
194084	0.001839229011
194085	0.0006159203336
194086	0.003150492503
194087	0.00186889008
194088	0.004088872696
194089	0.004881952716
194090	0.005234581275
194091	0.001141045386
194092	0.0005083341061
194093	0.0013670632
194094	0.001917071467
194095	0.00158050532
194096	0.003426671319
194097	0.001623068122
194098	0.0004490945791
194099	0.0001716324552
194100	0.001947508665
194101	0.004497696119
194102	0.0005384295887
194103	0.0005254530765
194104	0.003174559341
194105	0.003043989478
194106	0.0002221103967
194107	0.002022866657
194108	0.003248610944
194109	2.265258354e-05
194110	0.001896588949
194111	0.001120723994
194112	0.001143930624
194113	0.0007947516533
194114	0.0001428688136
194115	0.0003626053769
194116	0.0007524272141
194117	0.002638247302
194118	0.002331750042
194119	0.001615318455
194120	0.000343576873
194121	0.002772230222
194122	2.814527174e-06
194123	0.0002686351124
194124	0.0004341742371
194125	0.0003873390546
194126	0.005124019894
194127	9.096976474e-07
194128	0.001269752787
194129	0.002561893725
194130	0.001001660823
194131	0.000147970243
194132	0.002813142341
194133	0.002432055331
194134	0.003283137419
194135	0.001409603789
194136	0.0002602710445
194137	0.001918498843
194138	0.00315906082
194139	0.001182776162
194140	0.0004165990019
194141	0.008513453271
194142	0.00100810674
194143	0.001655443476
194144	0.001315681868
194145	0.001100138493
194146	3.827823373e-05
194147	5.013022584e-05
194148	0.001934709167
194149	0.001608979664
194150	0.001727914795
194151	0.003717163164
194152	0.0006203850232
194153	0.0008635529982
194154	0.001186902329
194155	0.002484088649
194156	0.001699610281
194157	0.000223811941
194158	0.001234560491
194159	0.0003761572722
194160	0.002675071196
194161	0.001244818439
194162	0.00130795618
194163	0.002004105899
194164	0.001406455579
194165	0.001453382974
194166	0.001178866705
194167	0.001018923411
194168	0.005315939772
194169	0.001642561805
194170	0.0005105815894
194171	0.002267475805
194172	0.002406939551
194173	3.536928279e-08
194174	0.0009990202366
194175	0.0005505628042
194176	0.0005504908381
194177	0.0001666823899
194178	4.780381232e-05
194179	0.0002673338968
194180	0.0002759303789
194181	0.002393857949
194182	0.000592572652
194183	0.001698590139
194184	0.0001326904876
194185	0.001994419102
194186	0.001499663466
194187	0.001492943606
194188	0.0008764053446
194189	0.0005157713254
194190	0.001574920327
194191	0.001664320313
194192	0.002281966862
194193	0.003070243349
194194	0.004301816504
194195	0.001840214715
194196	0.001928436807
194197	0.001138162095
194198	0.0008580604313
194199	0.001726754375
194200	0.004602276949
194201	0.0001475065558
194202	0.002139149265
194203	0.001623779774
194204	0.001644293082
194205	0.003157087465
194206	0.002453838135
194207	0.0001138601435
194208	0.001705867263
194209	0.001814186873
194210	0.001954947744
194211	0.002561571179
194212	0.002540106617
194213	0.002029935052
194214	0.002976235461
194215	0.002113163983
194216	0.0001486771141
194217	0.001817692268
194218	0.0008923433645
194219	0.0007213626439
194220	0.00256313681
194221	0.0006934309872
194222	0.0006699971577
194223	0.001325641045
194224	0.0001410342809
194225	0.0008684366559
194226	0.0009265245032
194227	0.001665787943
194228	0.00162891022
194229	0.0006033719947
194230	0.00162688809
194231	0.0007932491754
194232	0.002855649577
194233	0.002186139462
194234	0.0007240157028
194235	0.0006831988478
194236	0.000393562288
194237	0.002508183923
194238	0.003023606876
194239	0.002780116032
194240	0.007021955492
194241	0.00124758011
194242	0.0008592844005
194243	0.000567505581
194244	0.00306036244
194245	0.00366708855
194246	0.001954351063
194247	0.005075619456
194248	0.0005717871111
194249	0.00298125038
194250	0.0003427190248
194251	0.002078893005
194252	0.00457163331
194253	0.0004029370148
194254	0.0001421506068
194255	0.003279244724
194256	8.01487088e-05
194257	0.003221091929
194258	0.00576405174
194259	0.0009673587214
194260	0.004663541346
194261	0.006848461659
194262	0.001212620704
194263	7.056786331e-05
194264	0.002022696843
194265	0.0001846929166
194266	0.001095038981
194267	0.005067993825
194268	0.004483995672
194269	0.003089645238
194270	0.002922743599
194271	0.00628302746
194272	0.00282182751
194273	0.005452885265
194274	0.002532253794
194275	0.0001317893669
194276	0.002390925263
194277	0.0004812906972
194278	0.001479380757
194279	0.0007941201887
194280	0.002510581372
194281	0.0004281992507
194282	2.763041556e-08
194283	0.00358126838
194284	0.001214577558
194285	2.763213895e-06
194286	0.0006645234601
194287	0.0004876248469
194288	0.0003537377527
194289	0.001378919671
194290	0.0005267856601
194291	0.002500872502
194292	0.001712154371
194293	0.001413915827
194294	0.0005539343194
194295	0.002848992442
194296	0.004479637876
194297	0.0005269530795
194298	0.0005632619066
194299	0.0001243043858
194300	0.0003303337262
194301	2.673555758e-05
194302	0.001709909782
194303	3.737879299e-05
194304	0.001249647607
194305	0.001485470522
194306	0.0005671478978
194307	0.002223356541
194308	0.001017338878
194309	3.889218402e-05
194310	5.282733417e-05
194311	0.0001447792519
194312	0.0005150854266
194313	0.0001591976503
194314	0.0001053965894
194315	6.414908728e-06
194316	0.002465612276
194317	1.217332954e-05
194318	0.000155861411
194319	1.913035387e-05
194320	0.001978644422
194321	8.570673126e-05
194322	0.0005018203285
194323	0.0002599627965
194324	0.004291524633
194325	2.304876177e-05
194326	0.001459648127
194327	1.612819036e-05
194328	5.76400257e-05
194329	0.0002069451175
194330	4.885420466e-05
194331	0.002576140959
194332	0.00171973045
194333	0.002995168122
194334	0.001514249839
194335	0.001155715551
194336	0.001910819215
194337	0.001807076997
194338	0.0006582074459
194339	0.00262314321
194340	0.005718581591
194341	0.006333485752
194342	0.0007887207487
194343	0.002529684462
194344	0.001616282197
194345	0.002746926049
194346	0
194347	0.005079769977
194348	0.0003913762694
194349	0.002138634542
194350	0.004914535202
194351	0.0001488211838
194352	0.006463283966
194353	0.0007732246346
194354	0.001797864088
194355	0.0007339913847
194356	0.0006787640392
194357	0.0003674325124
194358	0.0003803278069
194359	0.004195863432
194360	0.002739534204
194361	0.0008431631562
194362	0.003493762951
194363	9.564810021e-05
194364	0.000118326629
194365	0.002891514336
194366	0.00868637118
194367	0.000920289037
194368	0.001921766362
194369	0.0009135221249
194370	0.0008350042659
194371	0.002103809635
194372	8.110202053e-05
194373	0.0001833629347
194374	0.003118185984
194375	0.001186650161
194376	0.004138766254
194377	0.00231263292
194378	0.002427650055
194379	0.0009017566423
194380	0.0002245509406
194381	0.002249833935
194382	0.001375156835
194383	0.001893874716
194384	0.003500910303
194385	0.001911168383
194386	0.004290346893
194387	0.0003986708571
194388	0.002820124506
194389	0.001122809045
194390	0.002772194941
194391	0.00440414791
194392	0.001141064429
194393	0.001896580616
194394	0.0002371433718
194395	0.000989027242
194396	0.0002579548532
194397	0.0006518147293
194398	0.0003480851635
194399	0.005525402601
194400	0.0004371635834
194401	0.0006483310665
194402	0.0006423759263
194403	0.001032170198
194404	0.001417246029
194405	0.0001521405228
194406	0.004619244887
194407	0.0005603085355
194408	0.001826877296
194409	0.001078788166
194410	0.003056348528
194411	0.001509369223
194412	0.002909680612
194413	0.001987202674
194414	0.002607327718
194415	0.0007212433449
194416	0.0007907267056
194417	0.0003426427837
194418	0.0003207066899
194419	0.00219059507
194420	0.00224589716
194421	0.0005631111025
194422	0.0003309276579
194423	0.00522616588
194424	0.00237598573
194425	0.004593527676
194426	0.0004568338522
194427	0.004695118882
194428	0
194429	0.003056711103
194430	0.0004333168834
194431	0.001361120023
194432	0.001297971468
194433	0.001062911359
194434	0.002362232515
194435	0.0002877664725
194436	0.0009696149142
194437	0.0009484136887
194438	7.313822534e-05
194439	0.003804174462
194440	0.005770197164
194441	0.001427301805
194442	0.002616637725
194443	8.335972009e-05
194444	0.0001597591398
194445	0.00110630744
194446	0.004379738914
194447	0.003839040912
194448	0.001208886167
194449	0.0004728816213
194450	0.004332301076
194451	0.002753882049
194452	0.0003247128189
194453	0.004193383019
194454	0.0005429962443
194455	0.001715491418
194456	0.003279390718
194457	0.0008004614583
194458	0.0001564675289
194459	0.002385873429
194460	0.001167773758
194461	7.163441071e-08
194462	0.004687551201
194463	0.006135468126
194464	0.004635864102
194465	0.0001291145989
194466	0.001150185233
194467	0.0002817550436
194468	0.001341335293
194469	0.001029091117
194470	0.0008305097864
194471	0.001115173983
194472	0.001105339553
194473	0.0005146402708
194474	0.0007332840581
194475	0.001450408309
194476	0.002987861335
194477	4.336105195e-05
194478	0.002544812371
194479	0.0005020689832
194480	0.0008442220494
194481	0.001064751653
194482	0.003282528912
194483	0.0008588692538
194484	0.0004668712113
194485	0.0008279348141
194486	0.0006719772327
194487	0.0006004778912
194488	0.0004328043577
194489	0.002901867891
194490	0.0009059638654
194491	0.001007047947
194492	0.002107823891
194493	0.001453306403
194494	0.0006126721202
194495	0.000443156071
194496	0.001470066301
194497	0.002352063434
194498	3.670689318e-05
194499	0.001663595045
194500	0.00296367805
194501	0.0005942202762
194502	0.0008250136848
194503	0.002254016223
194504	0.0003086107451
194505	0.003772387911
194506	0.00155802782
194507	0.002004432838
194508	0.0016649177
194509	0.0003689511944
194510	0.003163548572
194511	0.0001135012142
194512	0.0006101324704
194513	0.001305179238
194514	0.003485048131
194515	0.0004505965868
194516	0.0003900286269
194517	0.002099878331
194518	0.002691723026
194519	0.0004116219708
194520	0.002409931535
194521	0.000982012158
194522	0.0008307853059
194523	0.004042808068
194524	0.001890539676
194525	0.002849553125
194526	0.0004800306032
194527	8.978259086e-06
194528	0.0004750969037
194529	0.0008503064901
194530	0.001953711607
194531	0.001971404649
194532	0.001173986458
194533	0.000741356099
194534	0.001948414573
194535	0.0005774826432
194536	0.001612340202
194537	0.001251854131
194538	0.002038960407
194539	0.001423513962
194540	0.001338052865
194541	0.0001533341481
194542	0.003836601849
194543	0.003105738909
194544	0.001987686525
194545	0.002513363234
194546	0.0001256702966
194547	0.002977252491
194548	0.0008122885383
194549	0.0009019814853
194550	0.0003459459375
194551	0.002242208553
194552	0.0002235081085
194553	0.001439577371
194554	0.00124813431
194555	0.000844692371
194556	0.0007187624871
194557	0.0001219564181
194558	0.0009647203442
194559	9.261726539e-05
194560	6.157200963e-08
194561	0.0004614461757
194562	1.676678227e-07
194563	0.001093010544
194564	1.106568071e-06
194565	0.0004698414525
194566	0.0008512986208
194567	1.061521493e-07
194568	0.0009995592301
194569	0.0009672191561
194570	0.0001276946449
194571	0.0002494732179
194572	0.0006284864905
194573	0.0003373686836
194574	0.001492423591
194575	0.001097917552
194576	0.0005161492472
194577	0.003318686883
194578	0.001156690767
194579	0.002001559817
194580	0.003572574463
194581	0.002223084661
194582	0.0007686107287
194583	0.0004703305537
194584	0.001005685957
194585	0.001959677178
194586	0.0002115707073
194587	0.0006109311405
194588	0.004686959559
194589	0.0003224770011
194590	0.0003515738698
194591	0.005979976989
194592	0.004668074957
194593	0.002202246941
194594	0.004130069967
194595	0.001801555489
194596	0.005082807802
194597	0.002187860956
194598	0.003078437128
194599	0.001429285132
194600	0.001998022399
194601	0.001840355222
194602	0.0003283244941
194603	0.00447911954
194604	0.004027344726
194605	0.001088577745
194606	0.001489886693
194607	0.003091074127
194608	6.353615608e-05
194609	0.002840151947
194610	0.001115286795
194611	0.0002776219127
194612	0.001919423566
194613	0.00158926373
194614	0.001477070048
194615	0.0005301118588
194616	4.032904761e-05
194617	0.002907261753
194618	0.0006142693545
194619	0.002304729519
194620	2.471946536e-05
194621	0.00329822202
194622	0.00204226682
194623	0.003638579695
194624	0.003498785711
194625	0.003102152294
194626	0.004583797232
194627	0.0008332695749
194628	0.009321706185
194629	0.007467448692
194630	0.004605000495
194631	5.626871402e-05
194632	0.003613026207
194633	0.006348359539
194634	0.006429633436
194635	0.008972542747
194636	0.0003246054603
194637	0.002639932635
194638	0.006615176148
194639	0.0002614069436
194640	0.001017053796
194641	0.004884343674
194642	0.000243317177
194643	0.005854292522
194644	0.003998492165
194645	0.005946776421
194646	0.002396672779
194647	0.005631153661
194648	0.003943991978
194649	0.0004746631513
194650	0.0003500396005
194651	0.0003506696783
194652	0.0003507078514
194653	0.0004743662878
194654	4.480200896e-07
194655	0.0003499924644
194656	0.0003507180225
194657	5.147125424e-07
194658	0.0001235142397
194659	0.000122992713
194660	8.599038937e-07
194661	0.0005046935083
194662	0.0006084232483
194663	0.0004949035488
194664	0.0003638544128
194665	0.0006681609827
194666	0.0007086379315
194667	0.0003739125126
194668	0.0001179110981
194669	0.0007373761172
194670	0.0004754758058
194671	0.0004265893182
194672	0.0002699188321
194673	0.0002549380135
194674	0.0003594017913
194675	0.0002411586016
194676	0.0001575305699
194677	0.001161834958
194678	0.0008836197855
194679	0.00123662018
194680	0.0008515345141
194681	0.0002466654845
194682	0.002016251083
194683	2.792378015e-05
194684	0.00141524503
194685	0.002032323896
194686	0.0005562509927
194687	0.001862078643
194688	0.0005172074203
194689	0.0006847267355
194690	4.910248551e-05
194691	0.0009665609382
194692	0.0007671418015
194693	0.0008163681807
194694	0.001615118501
194695	0.001708702224
194696	0.0009941209231
194697	0.0001624104797
194698	0.002043009785
194699	0.002418335977
194700	0.002792853684
194701	0.0006158408819
194702	0.0008700693347
194703	0.001803611173
194704	0.0002341326472
194705	0.0009243392084
194706	0.003580891562
194707	0.001802743412
194708	0.0008499534809
194709	0.0006812133833
194710	0.002274394798
194711	0.003427751915
194712	0.0006452080476
194713	0.0003294266567
194714	0.001484505468
194715	0.0006430088369
194716	0.001325323954
194717	0.002520900431
194718	0.0002525142307
194719	0.003390453056
194720	0.0008338177685
194721	0.0007310383439
194722	0.003428379402
194723	0.0002686549626
194724	4.430024744e-05
194725	0.002784467726
194726	0.001781954759
194727	0.003179348481
194728	0.001283725855
194729	0.0003353625909
194730	0.0007468788623
194731	0.0004709591541
194732	0.005493297682
194733	0.003075611859
194734	0.002041912794
194735	0.003537008797
194736	0.002765321781
194737	0.001228793011
194738	0.0006864685073
194739	0.0002252388771
194740	0.001147882374
194741	0.003917363495
194742	0.001866723229
194743	0.002834844756
194744	0.0005625984804
194745	0.002231190627
194746	0.00349327783
194747	0.0002507322668
194748	0.0005969915312
194749	0.0001499721564
194750	0.003060809734
194751	0.001656514457
194752	0.0007334063635
194753	0.0002389456792
194754	0.001284505999
194755	0.003384933299
194756	0.001971629453
194757	0.002518508928
194758	0.002681197987
194759	0.0005263342659
194760	0.002690338902
194761	0.001167986837
194762	0.001521615099
194763	0.000620151798
194764	0.0001337983139
194765	0.003487116706
194766	0.002739005185
194767	0.001321404835
194768	0.003123928391
194769	0.001937764855
194770	0.003182662605
194771	0.0002214054715
194772	0.001466952924
194773	0.001112950507
194774	0.004487747391
194775	0.001766293194
194776	0.0007303846213
194777	0.003810829419
194778	0.001424086836
194779	0.003613679253
194780	0.000154786648
194781	0.00168329501
194782	0.00247055012
194783	0.0005017748853
194784	0.0009241047281
194785	0.0003839190017
194786	0.00235716009
194787	0.003035414508
194788	0.0003402279497
194789	0.0003441812227
194790	0.003939806334
194791	0.003172949137
194792	0.003152961439
194793	0.003060491145
194794	0.00697325494
194795	0.002055649363
194796	2.295884273e-05
194797	0.0005638229185
194798	0.001844417947
194799	0.0001517311783
194800	0.0001106232741
194801	0.001491588883
194802	0.003159655808
194803	0.0037589605
194804	0.00163638421
194805	0.002487607801
194806	0.0005029970767
194807	0.003401793225
194808	0.0003948047403
194809	0.001016401822
194810	0.002514433001
194811	0.001225967846
194812	0.00440226094
194813	0.001689737826
194814	0.002104173661
194815	0.003509020144
194816	0.002806975088
194817	0.002835277386
194818	0.0001761441506
194819	0.001451939074
194820	0.001922174943
194821	0.001351206086
194822	0.002616891047
194823	0.0009649527725
194824	0.001690604714
194825	0.0009930017074
194826	0.003235746995
194827	0.00167565186
194828	0.001822887396
194829	0.0012971623
194830	0.002675507158
194831	0.004591149265
194832	0.0002566701697
194833	0.0008391661556
194834	0.0020500269
194835	0.004176321093
194836	0.0005761517077
194837	0.002220251736
194838	0.000106974539
194839	0.003345329414
194840	0.0004767727005
194841	0.0006458493922
194842	0.0004125126925
194843	0.0008799208242
194844	0.003014809144
194845	0.0004832651271
194846	0.001562964048
194847	0.0003657551395
194848	0.001267200233
194849	0.001037727158
194850	0.001372712561
194851	0.002288291385
194852	0.0005960436084
194853	0.0009789844038
194854	0.00189637094
194855	0.001320992169
194856	0.001241014154
194857	0.0008762052259
194858	0.0006924828407
194859	0.002697303253
194860	0.002214944934
194861	0.001772028891
194862	0.000132967604
194863	0.002244711374
194864	0.004056437684
194865	0.0003207040189
194866	0.002823002425
194867	0.002197205975
194868	0.002042622731
194869	0.003132994171
194870	0.002795229721
194871	0.0006136776446
194872	0.0005742222866
194873	0.0007766703638
194874	9.572234613e-05
194875	0.001622062438
194876	0.0003598721968
194877	0.001827147415
194878	0.001580714271
194879	0.00244868136
194880	0.0008871334582
194881	0.003388601706
194882	0.0006598549935
194883	0.0001100741095
194884	0.001064391486
194885	0.002220670458
194886	0.0005967683416
194887	0.001090631733
194888	0.0004109235412
194889	0.0002077906395
194890	0.001388140497
194891	0.002205425276
194892	0.0002376603961
194893	0.001090338365
194894	0.0005109768824
194895	0.001980409863
194896	0.0002483128441
194897	0.001750866782
194898	0.0002415158425
194899	0.0003044409322
194900	0.0006266558197
194901	0.0004915777343
194902	0.002438419765
194903	0.0006544977368
194904	2.883288264e-05
194905	0.0008305660923
194906	0.0003281579018
194907	0.0007815244377
194908	0.001405221555
194909	0.001924256177
194910	6.111639444e-05
194911	0.0008306613579
194912	0.0003245176138
194913	0.0001803556764
194914	0.0007116258891
194915	0.001051807711
194916	0.001943363789
194917	0.0009411937256
194918	0.0004110773602
194919	0.001692058008
194920	0.0002618056308
194921	0.001525167342
194922	0.001276837107
194923	0.0002372283744
194924	0.001184999874
194925	0.00230308296
194926	0.0008047062889
194927	0.001686505143
194928	0.0004573782232
194929	0.0004716305381
194930	0.0001960689021
194931	0.0001276266089
194932	0.003306328939
194933	0.001386928616
194934	0.0005937533539
194935	0.0003589440148
194936	5.03065214e-05
194937	0.001195110563
194938	0.000855905931
194939	0.0009870186519
194940	0.0015590832
194941	0.0006518307032
194942	1.281124519e-05
194943	0.0002590962959
194944	0.0003945524698
194945	9.955657226e-05
194946	0.0009038007688
194947	0.0004441451806
194948	0.001432244534
194949	0.0004243505638
194950	0.001418979798
194951	0.001476944045
194952	0.0005452019025
194953	0.00354869711
194954	0.002217213882
194955	0.005097906194
194956	0.002179999443
194957	0.00243518525
194958	0.001398045509
194959	0.0007916125133
194960	0.0003516489346
194961	0.0005832681053
194962	0.002090936564
194963	0.0006023416438
194964	0.0004496883668
194965	0.002162169178
194966	0.003961918224
194967	8.037939073e-08
194968	0.0004425623845
194969	0.00148531564
194970	0.0008401027454
194971	0.0007949942514
194972	0.0008609631117
194973	0.001327435206
194974	0.000115902431
194975	0.000685788271
194976	0.0002582396083
194977	0.001022830342
194978	2.995921593e-07
194979	8.974423202e-05
194980	0.001816104671
194981	0.001587173788
194982	8.20531422e-05
194983	3.933922098e-05
194984	0.000113660883
194985	0.001472128077
194986	0.0003509466321
194987	0.0002367945811
194988	0.000322608287
194989	0.001119058569
194990	8.872870849e-05
194991	0.001801507265
194992	0.00117743958
194993	0.0008883995585
194994	0.002267198104
194995	0.0006427066323
194996	0.0002213741794
194997	0.002351604388
194998	4.544433695e-05
194999	0.002326600818
195000	6.36755811e-05
195001	0.001281115343
195002	0.000247747653
195003	0.001378066308
195004	0.0007851858124
195005	0.002157860304
195006	0.0001171504789
195007	0.001177100309
195008	0.0006868808602
195009	0.001063718953
195010	0.0007211444531
195011	0.001606001885
195012	0.0002791909062
195013	0.0001139974586
195014	0.0005336442721
195015	5.143523438e-07
195016	0.001182005782
195017	0.0003417475769
195018	0.001783387358
195019	0.0008149473079
195020	6.125334334e-05
195021	0.0001501872694
195022	0.0001925869702
195023	0.0008660378556
195024	0.0007989756727
195025	0.0007125356894
195026	0.0004013344444
195027	0.0003206772537
195028	0.0005598358686
195029	0.0005327086629
195030	0.0009298099716
195031	0.0008344774323
195032	0.0006695194995
195033	0.0006461118921
195034	0.0008991798574
195035	0.001823292679
195036	0.0003554988102
195037	0.005086128027
195038	0.001170530447
195039	0.004186107161
195040	0.002781362316
195041	0.0003451218781
195042	0.00361059523
195043	0.002128694283
195044	0.0005479659293
195045	0.005763733194
195046	0.002981744859
195047	0.0003973379052
195048	0.001432955801
195049	0.0006435008234
195050	0.00234488993
195051	0.0009092508779
195052	0.002894686342
195053	0.003115516734
195054	0.0003730425996
195055	0.001622928043
195056	0.0003843285376
195057	0.003145951328
195058	1.572708255e-05
195059	0.002052098575
195060	0.0002052221294
195061	0.001649453799
195062	0.003567706609
195063	0.0003911746244
195064	0.001503795316
195065	0.0003619358094
195066	0.0006001587863
195067	0.00119960368
195068	0.001784378563
195069	0.002097177666
195070	0.001176480983
195071	0.0002421484953
195072	0.0006961257249
195073	0.001810099581
195074	0.0003777560732
195075	0.002090359389
195076	0.001850168669
195077	0.002548555399
195078	0.0008261414491
195079	0.0002247740745
195080	0.0001965980722
195081	0.0006155102312
195082	0.001271679827
195083	0.001041209101
195084	0.0008080445728
195085	0.0004896211426
195086	0.0001386516176
195087	0.0006007923577
195088	0.0008465637812
195089	0.0004745582476
195090	0.0007456297884
195091	0.0002487457314
195092	0.0001622452704
195093	0.001362255517
195094	0.0003733539906
195095	0.002217020068
195096	0.0008157310353
195097	0.0003791473306
195098	0.002316016672
195099	6.539055361e-06
195100	0.000389744152
195101	0.002434350672
195102	0.001950439973
195103	0.001062593657
195104	0.0008497589145
195105	0.0002178711334
195106	5.233826662e-05
195107	0.002084645308
195108	0.0002059222841
195109	0.0009664028263
195110	0.0003628340715
195111	0.00232576617
195112	0.000685567637
195113	0.0006620595922
195114	0.001563266959
195115	0.001183687431
195116	5.067331569e-07
195117	0.001842469943
195118	0.00219587382
195119	0.001631149113
195120	0.001013320005
195121	0.0003909635774
195122	0.002187632311
195123	0.001899186116
195124	0.0001273238091
195125	0.0008749892627
195126	0.001795010072
195127	0.001384609673
195128	0.001248925171
195129	0.0008927987582
195130	0.0007703467805
195131	0.0005878017012
195132	0.0004567016325
195133	0.001706639881
195134	0.001959788242
195135	0.00280367527
195136	0.001917121493
195137	0.001264661669
195138	0.0005628926574
195139	0.0001192243761
195140	0.002055136987
195141	0.001302588152
195142	0.002491983804
195143	0.0001652148081
195144	0.001851584611
195145	0.0003323848037
195146	0.001476477455
195147	0.0007052296698
195148	7.523992314e-05
195149	0.001837272139
195150	0.0003330813855
195151	0.001916488774
195152	0.001314442003
195153	0.0006087703723
195154	0.001245852298
195155	0.0003015742395
195156	0.0007902195222
195157	0.001977233705
195158	0.002230181308
195159	0.0001145120312
195160	0.000611078535
195161	0.002337887526
195162	0.003649477101
195163	0.00199542551
195164	0.001731659887
195165	0.001031237664
195166	0.0006369979687
195167	0.003165208225
195168	0.00206288802
195169	0.003028090258
195170	0.005014740886
195171	3.126128676e-07
195172	0.0007856460952
195173	0.002822825387
195174	0.003441473946
195175	0.0008193963854
195176	0.000835645877
195177	0.003944946691
195178	0.001904955366
195179	0.005068563781
195180	0.0003710201515
195181	0.003419117213
195182	0.003435687785
195183	0.0005845650356
195184	0.0004544247623
195185	0.00234972706
195186	0.001047483841
195187	0.002367167913
195188	0.002653160568
195189	0.004251913319
195190	0.002726297793
195191	0.0003590099393
195192	0.0008211691484
195193	0.001455220454
195194	0.003832852168
195195	0.006365256849
195196	0.001310257761
195197	0.000175034234
195198	0.0004019642213
195199	0.002506046775
195200	0.003644899809
195201	0.003314893712
195202	0.004130433022
195203	0.003174195458
195204	0.001147456541
195205	0.003201832052
195206	0.001930160774
195207	0.00447480989
195208	0.0004576481399
195209	0.0009407731628
195210	0.00111599587
195211	0.0001415705168
195212	0.0009769177358
195213	0.00165248382
195214	0.001310702883
195215	0.0008206468432
195216	0.002135399021
195217	7.900708184e-05
195218	0.001789486683
195219	0.001032058168
195220	0.001832799395
195221	0.0001338694347
195222	0.001223850416
195223	0.001688309496
195224	0.002238624914
195225	0.003293487297
195226	0.0002243856573
195227	0.001330740337
195228	0.0009667584297
195229	0.00105853734
195230	0.0006733532646
195231	0.002212108597
195232	0.0009322978893
195233	0.0009466908835
195234	0.001094855043
195235	0.001550581703
195236	0.001006101377
195237	0.001987098971
195238	0.001207850764
195239	0.0004621973178
195240	0.001161122819
195241	0.002547909644
195242	0.002680508024
195243	2.899619338e-06
195244	0.0003601263418
195245	0.001654283545
195246	0.0002597114472
195247	0.0007245086048
195248	0.0008167861625
195249	0.0008334380576
195250	0.000295530511
195251	0.0002703446433
195252	0.00130551283
195253	0.001911734556
195254	0.003079470879
195255	0.0005070239166
195256	0.001542893238
195257	0.003225101213
195258	0.0004475139438
195259	0.0005559173843
195260	0.0008800669564
195261	0.00253207483
195262	0.001781016464
195263	0.000211294448
195264	0.001566602879
195265	0.002415144792
195266	0.001771951297
195267	0.0009715753513
195268	0.0006651236164
195269	0.0009732913991
195270	0.000736609459
195271	5.216720452e-07
195272	0.0006242082166
195273	0.001198940692
195274	0.0006614672655
195275	0.002571328853
195276	0.001011799532
195277	0.001853173914
195278	0.003390074459
195279	0.0001521262796
195280	0.001560114651
195281	0.002800910479
195282	0.000709574643
195283	0.001265633865
195284	0.0007662132891
195285	0.0003807351132
195286	0.0006378876358
195287	0.002786404133
195288	0.0004993917114
195289	0.0002398352287
195290	0.0004474467728
195291	0.002117154864
195292	0.003361500532
195293	0.0009292616236
195294	0.0002223531299
195295	0.001064262362
195296	0.003116325998
195297	0.001403870142
195298	0.0003750711051
195299	8.891548343e-05
195300	0.0001607607383
195301	0.001118478396
195302	0.001094197586
195303	0.0003048539745
195304	0.001538777347
195305	0.001130700339
195306	0.002914354578
195307	0.001155517268
195308	0.002573956008
195309	0.002251690118
195310	6.33616057e-06
195311	0.001578699443
195312	0.002620802742
195313	0.004570316113
195314	0.001741211754
195315	0.001255713456
195316	0.001970396196
195317	0.0001785224714
195318	0.001126758757
195319	0.001044985441
195320	0.0003713221546
195321	0.001712941703
195322	0.0005994408273
195323	0.0002370687802
195324	1.148661967e-05
195325	0.0009751330509
195326	0.0001812222146
195327	0.000920078633
195328	0.001213059
195329	0.0006874865267
195330	0.002307535844
195331	0.001222467215
195332	0.002540212881
195333	0.0003139580605
195334	0.001573093894
195335	0.0008911654475
195336	0.001128552905
195337	0.0003550194776
195338	0.002339274724
195339	0.00146390413
195340	0.002222941213
195341	0.002943107933
195342	0.0002461118079
195343	0.0008821952701
195344	0.001760695052
195345	0.0008109395733
195346	0.0003669490508
195347	0.0002046069098
195348	0.002492605019
195349	0.001677242338
195350	0.0004855944435
195351	0.001307177992
195352	6.262435604e-05
195353	0.0007212109073
195354	0.0003258798132
195355	0.0004973139808
195356	0.001702905508
195357	0.0004546059273
195358	0.0009697862276
195359	0.0006816209923
195360	0.003179861673
195361	0.0008766155828
195362	0.001364181893
195363	0.001105049096
195364	0.001888056385
195365	0.002178543393
195366	1.800193824e-05
195367	0.001987016601
195368	0.0008462150588
195369	0.002590348132
195370	0.0005084396921
195371	0.0002370090146
195372	0.0004367802439
195373	0.00205026437
195374	0.001139870325
195375	0.003001447109
195376	0.001880965625
195377	0.0004584651231
195378	0.002087957745
195379	0.0009941608569
195380	0.0002668143698
195381	0.001268429814
195382	0.00132709614
195383	0.0009306107138
195384	0.001491364007
195385	0.0001878553901
195386	0.001107081058
195387	0.0002495816734
195388	0.001038005152
195389	0.001426647319
195390	0.003660493197
195391	0.0001268050114
195392	0.001742326933
195393	0.00153646148
195394	0.001019968097
195395	0.001227372687
195396	0.0004679733812
195397	0.003297811508
195398	1.477118889e-05
195399	0.00119962879
195400	0.001355733742
195401	0.002012823472
195402	0.0004385634833
195403	0.001429484438
195404	0.00130913505
195405	0.00225756635
195406	0.0008001347964
195407	2.068104528e-05
195408	0.002202529654
195409	6.424916534e-05
195410	0.0004561342592
195411	0.001987028155
195412	0.0007313870166
195413	0.0009693836269
195414	0.0004046482743
195415	0.0007231072117
195416	0.0006683767342
195417	0.0003818641082
195418	6.554560162e-05
195419	0.0009057532696
195420	0.0007108423401
195421	0.0002941227119
195422	0.0004045428465
195423	0.001281632615
195424	0.0004335775191
195425	0.000792095181
195426	0.002702428897
195427	0.00292553515
195428	0.0006578574952
195429	0.004965732738
195430	0.001453315975
195431	0.001071975789
195432	0.001503918709
195433	0.00206244103
195434	0.001825884944
195435	0.001707231765
195436	0.002667584112
195437	0.001192856483
195438	0.001156901606
195439	0.0006525496684
195440	0.001688815615
195441	0.001641383877
195442	0.0007366640865
195443	0.001408988574
195444	0.0001273406658
195445	0.002893054964
195446	0.0007346744289
195447	0.0002121892458
195448	0.002569910434
195449	0.0005425976157
195450	0.000985916887
195451	0.0002696583442
195452	0.0001682743473
195453	0.001480395436
195454	0.0008945673218
195455	0.0001712101861
195456	0.0002061966514
195457	0.002192802621
195458	1.688626325e-06
195459	0.0006811287838
195460	0.001475041213
195461	0.000386103757
195462	0.000494938698
195463	0.00148192516
195464	0.003867569345
195465	0.0005916507368
195466	0.0004581345791
195467	0.0002378674184
195468	0.001636261168
195469	0.001286163356
195470	0.002117806954
195471	0.001357099933
195472	0.0007923531711
195473	0.0006689225619
195474	0.0004565765516
195475	0.001190687239
195476	0.0005443537354
195477	0.0004045786955
195478	0.0005929010907
195479	0.001746790138
195480	0.001943839404
195481	0.00108773477
195482	0.001410633786
195483	0.0006680819982
195484	0.0008210628619
195485	0.002368473539
195486	0.0009922813847
195487	0.0008357035512
195488	3.169434458e-05
195489	0.001799507731
195490	0.0002404878013
195491	0.0002664729267
195492	0.0004634358867
195493	0.001876681355
195494	0.001079122128
195495	7.560046528e-05
195496	0.001627832321
195497	0.001902104732
195498	0.0008758496182
195499	0.0002783134791
195500	0.0010240394
195501	0.001057569256
195502	0.001049923579
195503	0.0002226534025
195504	0.003444368842
195505	0.0003427305184
195506	0.001330292477
195507	0.0003446774272
195508	0.001018199417
195509	0.001000616562
195510	0.002033733828
195511	0.0001262614309
195512	1.961040141e-05
195513	0.00262613011
195514	5.021853869e-05
195515	0.0001188752766
195516	0.002990668377
195517	0.0001377155566
195518	0.001497722287
195519	0.001275379062
195520	0.0002103257386
195521	0.002865864956
195522	0.003950476057
195523	0.001856601183
195524	0.001054845269
195525	0.003833966568
195526	0.001267132554
195527	0.002452674558
195528	0.0004737208177
195529	0.0008757168965
195530	0.0001021079848
195531	0.002418326531
195532	0.003903130136
195533	0.005160751383
195534	0.0001258719875
195535	0.0001792703922
195536	0.005649717248
195537	0.001433947884
195538	0.001342415464
195539	0.002471754038
195540	0.0003389449313
195541	0.003740221635
195542	0.005148625438
195543	0.0006465925383
195544	0.004790174026
195545	0.002649911118
195546	0.001762039497
195547	0.001496554018
195548	0.005018302713
195549	0.0002620001445
195550	0.0003860751212
195551	0.002843158424
195552	0.003102653837
195553	0.002258984348
195554	0.005593286786
195555	0.0005778217855
195556	0.0002349430825
195557	0.001416761858
195558	0.003742924219
195559	0.003252654692
195560	0.003989357161
195561	0.005420363216
195562	0.003567232411
195563	0.004638578882
195564	0.005757738584
195565	0.006265321226
195566	0.002528335114
195567	0.002217066979
195568	0.0005441523613
195569	0.006742852086
195570	0.006344947625
195571	0.0001727765169
195572	0.005496519431
195573	0.004769773648
195574	0.005874680418
195575	0.001001697325
195576	0.002071689128
195577	0.001477816337
195578	0.00131075095
195579	0.005035187516
195580	0.002581970014
195581	0.00125212751
195582	8.42797266e-05
195583	0.003116607282
195584	0.0002916277427
195585	0.002722662083
195586	0.00261393259
195587	0.004435718073
195588	0.0002037885543
195589	0.0005229698301
195590	0.003077584313
195591	0.00259616381
195592	0.001820158743
195593	0.001605134439
195594	0.0003329635418
195595	0.002036581429
195596	0.0006740978143
195597	0.005717517126
195598	0.003780963913
195599	0.00307523346
195600	0.002584461052
195601	0.002178811183
195602	0.0001626599047
195603	0.002516697667
195604	0.005089323967
195605	0.002695807839
195606	0.007811367848
195607	0.004284704838
195608	0.0006191504033
195609	0.001295107494
195610	0.003359758555
195611	0.003604114181
195612	0.002765091261
195613	0.001661256829
195614	0.002190312873
195615	2.712323678e-05
195616	0.0005943331628
195617	0.00401404059
195618	0.003168883955
195619	0.002467143688
195620	0.004657475213
195621	0.0003072245589
195622	0.0005872274997
195623	0.001241659949
195624	0.003963297305
195625	0.0005604495703
195626	0.001077853146
195627	0.0006959151245
195628	0.004665407853
195629	0.0006067078303
195630	0.004797330811
195631	0.003171668606
195632	0.00317669698
195633	0.004500346442
195634	0.002726335187
195635	0.00144610929
195636	0.001231770851
195637	0.0001256056966
195638	0.001908613026
195639	0.0003675770687
195640	0.005204461499
195641	0.001150063274
195642	0.0008013937671
195643	0.0003672523086
195644	0.003600599945
195645	0.0008315570051
195646	0.001425411343
195647	0.003163265249
195648	0.005122619393
195649	0.001267581099
195650	0.001024225389
195651	0.00295069695
195652	0.001350804369
195653	0.00209209652
195654	0.005785504886
195655	0.002850052805
195656	0.001314639468
195657	0.00126617086
195658	0.003615331989
195659	0.0001449649219
195660	0.003111893351
195661	0.002450498265
195662	0.0002559232809
195663	0.0007346450388
195664	0.004226213885
195665	0.001641840004
195666	0.003728075075
195667	0.003560277629
195668	0.0008376075182
195669	0.004427549247
195670	0.001083197193
195671	0.001538028213
195672	2.413430432e-05
195673	7.245444894e-05
195674	0.002106598153
195675	0.00282072812
195676	0.002164837677
195677	0.003004901479
195678	0.003579739926
195679	0.0003717335222
195680	0.003382193911
195681	0.003385413608
195682	0.003195700485
195683	0.002904761879
195684	0.001456565669
195685	0.0003181970276
195686	0.001454546727
195687	0.002539009848
195688	0.003668325305
195689	0.001843544121
195690	0.001374238885
195691	0.00103462025
195692	0.003375893433
195693	5.836763565e-05
195694	0.001648587986
195695	3.12385441e-05
195696	0.001517670039
195697	0.001298967038
195698	0.003570036325
195699	0.00107617181
195700	0.001420852357
195701	0.002320685694
195702	0.002712105408
195703	0.003248360058
195704	0.001404060377
195705	0.000551944247
195706	0.003190877828
195707	0.0009646580685
195708	0.0002424751183
195709	0.00139864357
195710	0.0004603497222
195711	0.001998890569
195712	0.003100953881
195713	0.003299332208
195714	0.0005020431846
195715	0.001839091386
195716	1.260347203e-06
195717	0.0002467316973
195718	0.0009102209465
195719	0.0003456171388
195720	0.001914042609
195721	0.0009742017601
195722	0.002898080967
195723	0.001670153355
195724	0.001185193055
195725	0.002922467115
195726	0.003336403526
195727	0.003131265152
195728	0.003000852045
195729	0.00109936657
195730	0.002279090289
195731	0.003372830141
195732	0.001278955435
195733	0.002010962969
195734	0.0007881230471
195735	0.003663862811
195736	0.002521354919
195737	0.004705801606
195738	0.002662755611
195739	0.003854588528
195740	0.001096219205
195741	0.003581228547
195742	0.001822553831
195743	0.003488590654
195744	2.200224765e-05
195745	0.001266225151
195746	0.002042300702
195747	0.001343046778
195748	0.0001524826275
195749	0.002269316324
195750	3.615137485e-05
195751	0.0005979057786
195752	0.003857176539
195753	0.002095533049
195754	0.000287227204
195755	0.001683486702
195756	0.0009763159719
195757	0.002148926226
195758	0.0003177701502
195759	0.0003746035251
195760	0.002166841553
195761	0.002885176283
195762	0.001880429864
195763	0.002406611381
195764	0.00344296851
195765	0.001049169857
195766	0.0007105346301
195767	0.000853182068
195768	0.004115397347
195769	0.00223504955
195770	0.00203320038
195771	0.001214120068
195772	0.002898854671
195773	0.002485324914
195774	0.001282706283
195775	0.0008599291843
195776	0.003573057802
195777	0.0009965456524
195778	0.003380505527
195779	0.0004949948009
195780	0.0009783878114
195781	0.003762691828
195782	0.001143265785
195783	0.0005532950661
195784	0.002518321343
195785	0.0006066023352
195786	0.002711162114
195787	0.005378434426
195788	0.0004249637559
195789	0.000736716204
195790	0.003439953433
195791	0.002160175502
195792	0.0008267878997
195793	0.002034644066
195794	0.001511094996
195795	0.0006175191676
195796	0.0005616154509
195797	0.0008627040451
195798	0.0004173427381
195799	0.0004279502658
195800	0.0001469538005
195801	0.0004097433343
195802	0.001026830037
195803	0.004620337398
195804	0.0005168052568
195805	0.0003911824939
195806	0.0002150346361
195807	0.001345817288
195808	0.002257540021
195809	0.0008382902198
195810	0.000208695922
195811	0.002668861842
195812	0.001387845735
195813	0.001516827231
195814	0.000371000895
195815	0.002228927521
195816	0.001027074203
195817	0.002626259707
195818	0.004051852443
195819	0.005314784288
195820	0.0003239301419
195821	0.001155213429
195822	0.00121061837
195823	0.001355193427
195824	0.0009224560123
195825	0.001065397542
195826	0.0005348888659
195827	0.0004325605178
195828	0.002100007907
195829	0.0006232780198
195830	0.001435564093
195831	0.0007065388319
195832	0.002643033766
195833	0.004442134357
195834	0.00148149966
195835	0.003204778053
195836	7.522546472e-05
195837	0.001856456711
195838	0.000537476259
195839	0.003967978066
195840	0.002776039088
195841	3.508523898e-05
195842	0.002595719665
195843	0.003062844535
195844	2.472534965e-05
195845	0.001086085482
195846	0.000618413681
195847	0.000314421671
195848	0.004734916064
195849	0.0001047731571
195850	0.0008137854775
195851	0.000129919255
195852	0.002447192495
195853	0.00151895638
195854	0.0001618538762
195855	0.0001154679507
195856	0.002826297274
195857	0.006847948733
195858	0.002283732371
195859	0.0007504299864
195860	0.0006054680332
195861	0.001231183886
195862	6.339701156e-06
195863	0.0005832127276
195864	0.001302080279
195865	0.0005649843249
195866	0.00563487582
195867	0.003925430454
195868	0.0002110365596
195869	0.001278814959
195870	0.0002840418869
195871	0.002830376995
195872	0.002363204848
195873	0.004244168942
195874	0.0006233813105
195875	0.002324436684
195876	0.003879179008
195877	0.0003825979016
195878	0.002512814212
195879	0.003681420668
195880	0.005386521752
195881	0.0004901829241
195882	0.00218959172
195883	0.002564629322
195884	0.002183334463
195885	0.002129952599
195886	0.0003460699568
195887	0.003253365834
195888	0.000493504882
195889	0.0003496306579
195890	0.002064227029
195891	0.0001564159382
195892	0.0001281128233
195893	0.0007887416551
195894	0.002811940925
195895	0.005495737098
195896	0.0008077499571
195897	0.004110055003
195898	4.192650555e-05
195899	0.001326263241
195900	0.0003992403252
195901	0.003594810091
195902	0.0005375697617
195903	9.451881076e-05
195904	0.001361057215
195905	0.002669756494
195906	0.001550274285
195907	0.001433892719
195908	0.002217416679
195909	0.001604732283
195910	0.003145235016
195911	0.000793736599
195912	0.001616657247
195913	0.003868868685
195914	0.0001182697469
195915	0.001783087568
195916	0.00334017833
195917	0.001689101111
195918	0.001388751914
195919	0.004754138948
195920	0.001455709877
195921	0.003564550528
195922	0.0005855788406
195923	0.00384575012
195924	0.001883218225
195925	0.0005588773281
195926	0.000365791385
195927	0.00340885053
195928	0.001282857056
195929	0.001184558777
195930	0.002956427162
195931	0.00358370467
195932	0.0005139308154
195933	0.00604234218
195934	0.001162369935
195935	0.0001111066332
195936	2.621343138e-05
195937	0.0007363569945
195938	0.00164169378
195939	0.00273881476
195940	0.003238117096
195941	0.0008378211302
195942	0.001590619786
195943	0.0002560583783
195944	0.00329562179
195945	0.001639232658
195946	0.002012997752
195947	0.001060914168
195948	0.0009555625166
195949	0
195950	0.0008824098944
195951	0.0009860311954
195952	0.0005963402691
195953	0.004619091072
195954	0.0002891116369
195955	0.001357968823
195956	0.0006961628906
195957	0.001855191448
195958	0.001726259735
195959	0.0002167271477
195960	0.0009777548349
195961	0.002668604009
195962	0.003893626977
195963	0.003788858758
195964	0.001611697699
195965	0.000541413523
195966	0.000108949267
195967	0.0005843197449
195968	0.0002589298675
195969	0.003404859539
195970	0.00109778765
195971	0.0009517592166
195972	0.0005430255355
195973	0.0002537252761
195974	0.0007248209023
195975	0.0006335465356
195976	0.0004383186985
195977	0.001471771044
195978	0.00203322527
195979	0.003965934424
195980	0.002637436705
195981	0.003613395816
195982	0.000436688855
195983	0.003995632415
195984	0.001152541917
195985	0.003588724294
195986	0.001944685481
195987	0.00123501536
195988	0.00150421866
195989	0.000353971482
195990	0.002284070258
195991	0.002363911895
195992	0.001706613521
195993	2.85699547e-05
195994	0.001516664334
195995	0.0003282903312
195996	0.00226855611
195997	0.003188667318
195998	0.00205647837
195999	0.001465663449
196000	0.001133975334
196001	0.001113518796
196002	0.0005332514989
196003	0.003692460694
196004	0.001963553886
196005	0.003370846995
196006	0.00190426035
196007	7.586857577e-05
196008	0.001002694182
196009	0.003711910836
196010	0.0002009069406
196011	0.002542303469
196012	0.00118964506
196013	0.0006663794951
196014	0.00120743653
196015	0.001501088743
196016	0.001677508211
196017	0.0005389947818
196018	0.00124100372
196019	0.0009210273208
196020	0.0004904810112
196021	0.0007452238595
196022	0.0008458554934
196023	0.0007107093328
196024	0.0003726304571
196025	0.0002387227596
196026	0.00150237048
196027	0.001795650094
196028	0.004315414514
196029	0.0002905985916
196030	5.833747954e-07
196031	0.0005391746478
196032	0.001307543746
196033	0.001639487689
196034	0.002656420196
196035	0.001629477901
196036	0.0001422660936
196037	0.001993510111
196038	0.005071518942
196039	0.002209596254
196040	0.002336918386
196041	0.004565684798
196042	0.0006700311322
196043	0.0004564127286
196044	0.002061038095
196045	0.001219329995
196046	0.0003703245556
196047	0.0001084080644
196048	0.000274054442
196049	0.0005137499125
196050	0.00143285215
196051	0.001194073559
196052	0.003108473115
196053	0.005106703363
196054	0.000586387514
196055	3.997852288e-05
196056	0.000987498075
196057	0.002354962983
196058	0.003307596183
196059	0.002371197582
196060	0.0002476874263
196061	0.006130240497
196062	0.002266610579
196063	0.001803611688
196064	0.001847659706
196065	0.000709979124
196066	0.0009081678129
196067	0.0005426430982
196068	0.004090557353
196069	0.001220118189
196070	0.001272184677
196071	0.0007559831588
196072	0.002586157794
196073	0.001020341273
196074	0.004159907667
196075	0.00138315827
196076	0.000845306382
196077	0.001520969301
196078	0.002276298736
196079	0.001584092643
196080	0.0005288738124
196081	0.004343316972
196082	0.004219476284
196083	0.003319709867
196084	0.001325571242
196085	0.003418870414
196086	0.000994361939
196087	0.0003391715523
196088	0.0002799581641
196089	0.0001735039458
196090	0.001090721476
196091	0.001409143284
196092	0.007043350787
196093	0.003095721065
196094	0.0006429639334
196095	0.002701619899
196096	0.0008134726347
196097	0.0008608450258
196098	0.002480285632
196099	0.0004301315698
196100	0.002037497659
196101	9.075836536e-06
196102	0.001957483222
196103	0.0004368488656
196104	0.0004991721131
196105	0.0003537367978
196106	0.005380683098
196107	0.004450302377
196108	0.0004143671111
196109	0.0004573152793
196110	0.001359564066
196111	0.0009027940807
196112	0.001984932512
196113	0.002126681689
196114	0.0007896414562
196115	0.001785043113
196116	0.001922022468
196117	0.0007659259659
196118	0.0008538775603
196119	0.0008286585434
196120	0.0002118212725
196121	0.0005908000817
196122	0.001951098111
196123	0.0008074616932
196124	0.0007648494443
196125	0.0001818312638
196126	0.0003807043473
196127	0.001982936715
196128	0.003894217694
196129	0.0009968580202
196130	0.00193554517
196131	0.001573847715
196132	0.0008505450887
196133	0.0008176802823
196134	1.153612684e-05
196135	0.006078144425
196136	0.000366557557
196137	0.003858125708
196138	0.0007745959343
196139	0.000598831984
196140	0.0002613991741
196141	0.0007352834548
196142	0.0005743223853
196143	0.0008761827758
196144	0.0004793455202
196145	0.001050712618
196146	0.004107931041
196147	0.003260497241
196148	0.0004418510758
196149	0.0009619595662
196150	0.0009076586795
196151	0.0007176071671
196152	0.001895440583
196153	0.001545445761
196154	0.0002382235803
196155	0.0004341316363
196156	0.0002928894617
196157	0.001982589636
196158	0.00139726894
196159	0.001865114401
196160	0.0003977405167
196161	0.0003051539089
196162	0.0006218216962
196163	0.0006324431034
196164	0.0001212891937
196165	0.001766528165
196166	0.002937103044
196167	0.00379360159
196168	0.0001288619182
196169	0.001276458329
196170	0.002542760099
196171	0.002763476888
196172	0.001656386591
196173	0.003328175041
196174	0.001345452865
196175	0.001650376209
196176	0.004033958098
196177	0.0007879309001
196178	0.0001532791018
196179	0.002066440694
196180	0.0006484352042
196181	0.002223421397
196182	0.001211585803
196183	0.002017029872
196184	0.001240896112
196185	3.502375923e-05
196186	0.002648605549
196187	0.002322035101
196188	0.0005688064948
196189	0.0002784687525
196190	0.0001099424098
196191	0.00250768673
196192	0.0002578640952
196193	0.000517101764
196194	0.0002936622386
196195	0.001629571789
196196	0.0005208650353
196197	0.000209311654
196198	0.0007322119941
196199	0.00318321583
196200	0.0006183406854
196201	0.003014910883
196202	0.002524938235
196203	0.0008248083113
196204	0.0007254177145
196205	0.003526315857
196206	0.003891183636
196207	0.001573853387
196208	0.0001342916718
196209	0.002559139334
196210	0.0003774934519
196211	0.002134697664
196212	0.003157669207
196213	0.0005652755053
196214	0.0003627696184
196215	0.0001907434371
196216	0.001800203463
196217	0.001838965754
196218	0.001294173138
196219	0.002339139447
196220	9.358265665e-05
196221	0.0001017609752
196222	0.0008731104514
196223	0.001514549838
196224	0.0009422657629
196225	0.0007439389764
196226	5.37499653e-05
196227	0.0004860903359
196228	0.001205214167
196229	0.0002236969269
196230	2.34868698e-07
196231	0.0009323171325
196232	0.001325855539
196233	1.126783058e-06
196234	0.001451366589
196235	0.0007128611066
196236	0.0001439002052
196237	0.00107040493
196238	0.0003644028078
196239	0.0006684356679
196240	0.002821973844
196241	0.001062305424
196242	0.0009306796438
196243	0.001115837483
196244	0.0009722404375
196245	0.001043554861
196246	0.001171100091
196247	0.0002474280339
196248	0.001705983881
196249	0.0001201972217
196250	0.001156676104
196251	0.001010494682
196252	0.001326682613
196253	0.002686885422
196254	0.001009623048
196255	0.001876706285
196256	0.001121450482
196257	0.0003528278964
196258	0.0005705386355
196259	0.0001226875057
196260	0.001204213148
196261	0.0003143215414
196262	0.0002822538001
196263	0.0004407381803
196264	0.0004733092041
196265	0.001789356589
196266	0.0005818867132
196267	0.002186439004
196268	0.000297358265
196269	0.0009794877341
196270	0.0002424534906
196271	0.0006710728301
196272	0.001369504187
196273	0.002190491164
196274	0.0009197045919
196275	0.0002898449744
196276	0.000271493486
196277	0.002137052921
196278	0.0009774764239
196279	0.000185269204
196280	0.0003989257852
196281	0.0005036135237
196282	0.001280067531
196283	0.0002313135512
196284	5.109020048e-05
196285	0.000888455287
196286	0.0001167291475
196287	0.001061688409
196288	0.0009047754944
196289	0.001530251714
196290	0.0003520181478
196291	0.000107748323
196292	0.001594762656
196293	0.0005218357715
196294	0.002093255388
196295	0.0002905565913
196296	9.424192633e-05
196297	0.001492722906
196298	0.002851169523
196299	0.0004794161481
196300	0.0009914058564
196301	0.00140845491
196302	0.0001608425015
196303	0.001507917337
196304	0.0003255953506
196305	0.002387331886
196306	0.0006150411685
196307	0.001589801518
196308	8.541546372e-05
196309	3.992722428e-05
196310	0.0001627801541
196311	0.0001201071707
196312	0.001116568414
196313	6.827788086e-05
196314	0.001650486497
196315	0.001194544812
196316	0.001871050804
196317	0.000534776641
196318	0.00150342587
196319	0.001635592248
196320	0.001346973132
196321	0.0001258181337
196322	0.001008715683
196323	0.0007439987282
196324	0.0003733409909
196325	0.000963068417
196326	0.0005949654169
196327	0.00224862176
196328	0.0008685619394
196329	0.001886628136
196330	0.000193214227
196331	0.000295717588
196332	0.002294533232
196333	0.001424898048
196334	0.001370918766
196335	0.0001207383697
196336	0.001498050643
196337	0.000172215892
196338	0.001080887642
196339	0.0006329180033
196340	5.419029429e-07
196341	0.0003904581686
196342	0.001459796668
196343	1.421883884e-05
196344	0.000887628586
196345	0.0005698374197
196346	0.000357700035
196347	9.474840564e-05
196348	0.001547351505
196349	0.0002627793332
196350	0.004435158011
196351	0.0009378161581
196352	0.003732315365
196353	0.003787726344
196354	0.001173284558
196355	0.003145891399
196356	0.002990112726
196357	0.001104198324
196358	0.00100970365
196359	0.0002078357548
196360	0.000192262556
196361	0.002331500959
196362	0.002475526737
196363	0.004067741044
196364	0.002954765436
196365	0.001415176495
196366	0.004877736775
196367	0.003442478181
196368	0.002875975333
196369	0.001204374799
196370	0.001636207733
196371	0.001815761983
196372	0.002937043159
196373	0.0002489275696
196374	2.253683976e-05
196375	0.00188763533
196376	0.004671151042
196377	0.002564475111
196378	0.0006029616204
196379	0.002937844428
196380	0.003157614556
196381	0.001013932122
196382	0.002748999954
196383	0.001239252292
196384	0.0004565685009
196385	0.002563253989
196386	0.0009569216768
196387	0.001374369886
196388	0.001725963571
196389	0.002633319048
196390	0.003296569285
196391	0.003027523238
196392	9.957102245e-05
196393	3.498501538e-05
196394	0.002281959726
196395	0.0008916275078
196396	0.00100908128
196397	0.0002282035444
196398	0.001438049058
196399	0.00243947816
196400	0.003344211436
196401	0.0004283909806
196402	0.002576678542
196403	0.002772729908
196404	0.0004674093514
196405	0.00108725744
196406	0.001848812078
196407	0.001304787912
196408	0.002831790002
196409	0.002011418697
196410	5.607318929e-05
196411	0.00361883693
196412	0.003651174893
196413	0.001122607785
196414	0.003108338654
196415	0.002676400715
196416	3.153631696e-05
196417	0.001180243641
196418	0.003559635567
196419	0.001333073031
196420	0.001692084674
196421	0.0021068735
196422	0.0003501772751
196423	0.0006948786566
196424	0.0007193755963
196425	0.003667035784
196426	0.003005486391
196427	0.001852460492
196428	0.000443110321
196429	0.002798683987
196430	0.0007494894825
196431	0.001701602524
196432	0.002636963212
196433	0.003017223135
196434	0.000590433095
196435	0.000112209109
196436	0.002920967455
196437	0.0004305392166
196438	0.001012329633
196439	0.001624108805
196440	0.004970330694
196441	0.002447837178
196442	0.002645100815
196443	0.001678029049
196444	0.0002570627635
196445	0.000578618164
196446	0.002486264736
196447	0.002062046862
196448	0.003473371588
196449	0.006054056167
196450	8.269477577e-05
196451	0.002273233879
196452	0.001731660653
196453	0.001360795029
196454	1.361469722e-05
196455	0.0003226503988
196456	0.0003510401952
196457	0.003546772536
196458	0.004583340106
196459	0.002514078429
196460	0.003679318055
196461	0.0007972623298
196462	0.0004489366652
196463	0.0001123263627
196464	0.0003966647301
196465	0.0007559297284
196466	0.0009644012224
196467	0.0003133144392
196468	0.0005372917753
196469	0.00105082029
196470	0.0002310663872
196471	0.0002156518915
196472	0.001550951463
196473	0.001890979539
196474	0.0003828186453
196475	4.754634077e-05
196476	0.001015502042
196477	0.001432813804
196478	0.001004911813
196479	0.001729968132
196480	0.0003200174933
196481	0.001260376342
196482	0.003103875333
196483	0.0004836432543
196484	0.00028034979
196485	0.001293755417
196486	0.0007421077485
196487	0.001131816764
196488	0.00104664991
196489	0.001361055708
196490	0.001988822879
196491	0.0009927436477
196492	0.003067160524
196493	0.002711324395
196494	0.0002953153439
196495	0.0008622413108
196496	0.001995885505
196497	0.003332287524
196498	0.002641276752
196499	0.001191609129
196500	0.004592135495
196501	0.001409580451
196502	0.001681437451
196503	0.002400109869
196504	0.0002081749018
196505	0.001589488264
196506	0.000436951311
196507	0.0002196634057
196508	0.003194264865
196509	0.0002412713
196510	0.0001762403161
196511	0.002225512296
196512	0.001482424909
196513	0.0007244844067
196514	0.000124259686
196515	0.002587329002
196516	0.001862915516
196517	0.005463453569
196518	0.0032827269
196519	0.0007788435651
196520	9.825341554e-05
196521	0.000571945809
196522	0.001650182133
196523	0.002069707528
196524	0.002543901402
196525	0.0003706744059
196526	0.003466343565
196527	0.003943309438
196528	0.002305465386
196529	0.001579635515
196530	0.002105067001
196531	0.001250003403
196532	0.00126461632
196533	0.0002990017674
196534	0.001710834891
196535	0.0006242738822
196536	0.002109128914
196537	0.0008858495488
196538	0.0001238736848
196539	0.001342856142
196540	0.0002124664181
196541	0.0002369416424
196542	0.0009283409671
196543	0.0002375450354
196544	0.002113306739
196545	0.0009984778243
196546	0.002222278506
196547	0.0008817338563
196548	0.001205662934
196549	0.002900516769
196550	4.804671619e-07
196551	0.0005794168075
196552	0.001858561714
196553	0.003403266959
196554	0.0002844052687
196555	0.0006451973177
196556	0.003187313341
196557	0.001852504132
196558	0.001224899485
196559	0.006036834427
196560	0.001619429702
196561	0.0006936405361
196562	0.00259996191
196563	0.002816546316
196564	0.000943999494
196565	0.002548869976
196566	0.001233686483
196567	0.004612766355
196568	0.002376296264
196569	0.002646192021
196570	0.001214059749
196571	0.0009807149001
196572	0.003727042921
196573	0.0001192477021
196574	0.001581562064
196575	0.003443525528
196576	0.001191487431
196577	0.0002615182321
196578	0.001275376207
196579	0.002351237023
196580	1.730586485e-05
196581	0.001383826549
196582	0.00152521407
196583	0.004100782001
196584	0.00234150289
196585	0.001264372774
196586	0.002061815623
196587	0.00101800078
196588	0.001574206563
196589	0.00265580948
196590	0.0006400898054
196591	0.0007294133983
196592	0
196593	0.002473839349
196594	0.0005676669994
196595	0.002806272926
196596	0.001036322493
196597	0.002220925797
196598	0.001741263367
196599	0.0006135799691
196600	0.0002405966752
196601	0.002351513909
196602	0.0002119312908
196603	0.001944787799
196604	0.002730004535
196605	5.40809682e-05
196606	0.0001217625321
196607	0.001658726493
196608	9.842738252e-05
196609	0.001748627218
196610	0.0004846636574
196611	0.0002825330296
196612	0.003097789734
196613	0.001423576263
196614	0.001219861127
196615	0.0002870955526
196616	0.0009395197621
196617	0.003603912872
196618	0.001444577707
196619	0.0009360060463
196620	0.0004230975128
196621	0.003002735801
196622	0.001582251471
196623	0.001642937024
196624	0.004702359711
196625	0.0008409791514
196626	0.001667463228
196627	0.004044025293
196628	0.001906068065
196629	0.0003593429104
196630	0.003242001457
196631	0.002589434829
196632	0.002611520777
196633	9.563432932e-06
196634	0.0008455783897
196635	2.901032405e-05
196636	0.0003584514819
196637	0.0008989508023
196638	0.002548905577
196639	0.0002419480376
196640	0.00240911312
196641	0.0007405580631
196642	0.002324470543
196643	0.0006696077426
196644	0.0006653439452
196645	0.001852070564
196646	0.001052143416
196647	0.0005599905781
196648	0.001413998159
196649	0.0007553258446
196650	0.0001233024496
196651	0.000548003431
196652	0.001028037906
196653	0.001016540666
196654	0.00098689403
196655	0.0006619976999
196656	0.005996621721
196657	0.003709769
196658	0.001713436418
196659	0.0003254093311
196660	0.0009808986683
196661	0.002332192218
196662	0.003827184244
196663	0.0005994758691
196664	0.0014838045
196665	0.0002027450221
196666	0.001447860485
196667	0.001026657606
196668	0.002089197005
196669	6.182553611e-05
196670	0.0008098599668
196671	0.0002482560359
196672	0.0006476696825
196673	0.001108236071
196674	0.001937177406
196675	0.003238939886
196676	0.002726509894
196677	0.003898999605
196678	0.002919299726
196679	0.0004854649222
196680	0.0002253545566
196681	0.004366214852
196682	0.00264307748
196683	0.002403134722
196684	0.0002544889474
196685	0.001271649848
196686	0.0006308595209
196687	0.0003406950667
196688	0.002383163525
196689	0.0001843417059
196690	0.0004697781162
196691	0.0007008065407
196692	0.001036761265
196693	0.003347520753
196694	0.001923404953
196695	0.001192888595
196696	0.00086365849
196697	0.0008715951444
196698	0.0002823977606
196699	0.0005302600731
196700	0.001120052854
196701	8.359286776e-05
196702	3.00292255e-05
196703	0.0001524073385
196704	0.002005560922
196705	0.0008347443313
196706	0.002055086741
196707	2.483132111e-05
196708	0.004904435187
196709	0.001241685094
196710	0.001132083649
196711	0.002181571812
196712	0.001840387556
196713	0.0008713544699
196714	0.0007330630066
196715	0.0002252072126
196716	0.0009603889981
196717	0.002879836097
196718	0.0007723598322
196719	0.0027394963
196720	3.474647018e-05
196721	0.0009769710911
196722	0.0009893217417
196723	0.00118458152
196724	0.001442756313
196725	0.001175688456
196726	0.0007153934949
196727	0.0006693038971
196728	0.0003209597682
196729	0.0002826379705
196730	0.002477476694
196731	0.0004515920716
196732	0.0001644441808
196733	0.001888064796
196734	0.0009742070341
196735	0.001719407371
196736	0.000224687382
196737	0.001918945579
196738	0.0003029474217
196739	4.367657393e-05
196740	0.001798298154
196741	0.0003346931812
196742	9.464372656e-05
196743	0.002249241223
196744	0.0008090396178
196745	0.001237568689
196746	0.001371715991
196747	0.003460768441
196748	0.0004143645045
196749	0.002538327664
196750	0.0006617100067
196751	0.0004522336916
196752	0.002250009294
196753	0.004178627175
196754	0.0008341723242
196755	0.00143268576
196756	0.002268678041
196757	0.001920232671
196758	0.0001159713529
196759	0.001140313946
196760	0.0004457625395
196761	0.0006522471545
196762	3.346493401e-05
196763	0.002345541077
196764	0.0009889757134
196765	0.002525475262
196766	0.00248488089
196767	0.0006148648924
196768	0.001306530901
196769	0.001751619392
196770	0.000270998923
196771	0.0002535535858
196772	0.001592709826
196773	8.066109495e-05
196774	0.001822672887
196775	0.000834553246
196776	0.002400091299
196777	0.000524624123
196778	0.0004902545994
196779	0.0007950761451
196780	0.0004140915454
196781	0.0002270296494
196782	0.0001251525807
196783	0.001220714315
196784	7.34472258e-05
196785	1.948566241e-05
196786	0.001595230933
196787	0.001820586013
196788	0.0009566291258
196789	0.0002298532262
196790	0.00101651102
196791	0.002148486804
196792	0.0008015879412
196793	0.002825413691
196794	0.002341970433
196795	8.473439605e-07
196796	0.001261671534
196797	0.00128839911
196798	0.002322854989
196799	0.0005939230581
196800	0.001170636004
196801	0.001207736714
196802	0.000485922417
196803	0.0004581051707
196804	0.002339444699
196805	0.001138798865
196806	0.001344493174
196807	0.000715938987
196808	0.0006282114575
196809	0.001397993931
196810	0.0009766591647
196811	0.0002535423915
196812	5.207534066e-05
196813	0.0008223536348
196814	0.0001229317343
196815	0.003085404911
196816	0.0001391644564
196817	0.0009842877346
196818	0.0002091162542
196819	0.001738671264
196820	0.0001432249959
196821	0.001622337044
196822	0.00178749482
196823	0.000258893916
196824	0.000276158197
196825	0.00123730706
196826	0.003137197181
196827	0.0001960821437
196828	0.00191182928
196829	0.00152533833
196830	0.0005196179819
196831	0.0003798642278
196832	0.0003000740415
196833	0.001509856418
196834	0.0003767552925
196835	0.001410101793
196836	0.000180254731
196837	0.0007912837652
196838	0.001033540473
196839	0.0007916630261
196840	0.0003163851449
196841	0.001578870026
196842	0.0002370153111
196843	0.0009692416251
196844	0.0001250509797
196845	0.003434439114
196846	0.0009926060043
196847	0.002405525493
196848	5.085052028e-05
196849	0.001510765609
196850	0.001229085636
196851	0.002238525776
196852	0.001280402714
196853	0.0003087939345
196854	6.739485133e-05
196855	4.062326317e-05
196856	0.0001781996249
196857	2.884652568e-05
196858	0.0005550207208
196859	0.000455836834
196860	0.005241898995
196861	0.001340933072
196862	0.0001175385159
196863	0.00305656518
196864	0.001608983088
196865	0.0006612479094
196866	0.0002075553807
196867	0.002369407268
196868	0.0001487837196
196869	8.308311403e-05
196870	0.002151393849
196871	0.0003887400701
196872	0.003161585788
196873	7.837062128e-05
196874	0.000791817
196875	0.00157940113
196876	0.0008274065145
196877	0.0006040168364
196878	0.001185065579
196879	0.0006574491851
196880	0.001088941194
196881	0.001297784602
196882	0.0009979226063
196883	0.001529884098
196884	0.001225444274
196885	0.001529592439
196886	0.0009410528496
196887	0.0007035214036
196888	0.0002092609515
196889	0.002431478085
196890	0.001254963238
196891	0.002952479362
196892	0
196893	0.0006712461645
196894	0.001626719445
196895	0.001881072493
196896	0.000767568178
196897	0.0003912170158
196898	0.0006709866697
196899	0.0006181789424
196900	0.00116673937
196901	0.0002866541089
196902	0.0005666126811
196903	2.691612823e-05
196904	0.002680842167
196905	0.003011615071
196906	0.002667351263
196907	0.001147798076
196908	0.00105919921
196909	0.0008114011073
196910	0.001768252421
196911	0.000844609146
196912	0.0008755262988
196913	0.0005613548606
196914	0.001569301629
196915	0.0007101251965
196916	0.0001971898668
196917	0.0002283936102
196918	0.002763349527
196919	0.0004301218269
196920	0.001674701715
196921	0.0009392372521
196922	0.0007007032732
196923	0.0002487518412
196924	0.0007152560083
196925	0.0004201887682
196926	0.004108943948
196927	0.001260869526
196928	0.001086207561
196929	0.002100736298
196930	0.0001293810946
196931	0.002892757759
196932	0.001489820239
196933	0.0005258956481
196934	0.00200088104
196935	0.0008413242186
196936	0.002106315364
196937	0.0005207118666
196938	0.001455029239
196939	0.001961597379
196940	6.086748946e-05
196941	0.0004417760913
196942	0.0009187698472
196943	0.001307500349
196944	0.002468332482
196945	0.00116563116
196946	0.002879831041
196947	0.001766000899
196948	0.0003460546127
196949	0.001363074994
196950	6.480647112e-05
196951	0.0006918636669
196952	0.0002861718771
196953	0.001541056345
196954	0.0003892491132
196955	0.002491394422
196956	0.001089126517
196957	0.00030037799
196958	0.0006043190308
196959	0.0007906638954
196960	0.003546470436
196961	0.002524516595
196962	0.0001787449263
196963	0.00139601293
196964	0.001911320151
196965	0.003762931052
196966	0.0001270776349
196967	0.001896238166
196968	0.002519088622
196969	0.002191804918
196970	0.000911593286
196971	0.001005466032
196972	0.002974371401
196973	0.0003735244057
196974	0.0004675441658
196975	0.002330784116
196976	0.002819078101
196977	0.004784586415
196978	0.0009082395569
196979	0.003623791945
196980	0.001367558283
196981	0.001881200498
196982	0.004050218531
196983	1.290916687e-05
196984	0.00100933861
196985	0.002659570834
196986	0.002062346893
196987	0.0008150955445
196988	0.0004380605743
196989	0.002607323053
196990	0.0008530647263
196991	0.0008255960778
196992	0.001883500572
196993	0.0005961688151
196994	0.00260159946
196995	0.0001730255835
196996	0.0002122758735
196997	0.005207744451
196998	0.002810093666
196999	0.0008143605761
197000	0.0006240881198
197001	0.003653610881
197002	0.001398977077
197003	0.000204468201
197004	0.002172150648
197005	0.00258253517
197006	0.002489151837
197007	0.002818512594
197008	0.001500056587
197009	0.0006333578151
197010	0.0004163476473
197011	0.00284753698
197012	0.003254239152
197013	0.001213978166
197014	0.0002703708478
197015	0.003072128401
197016	0
197017	0.0004649794181
197018	0.003385528281
197019	0.002955581851
197020	0.001268600884
197021	0.003072993117
197022	0.0001744043979
197023	0.0004782889017
197024	0.001553089735
197025	0.0004853514002
197026	0.0002471046083
197027	0.003312181971
197028	0.002583038486
197029	0.002459599231
197030	0.002418539194
197031	0.002553313915
197032	0.0008610913546
197033	0.002545112908
197034	0.002090211085
197035	0.002282561725
197036	0.0005758767359
197037	1.125598232e-08
197038	0.002674620997
197039	0.004410417854
197040	0.002528256265
197041	0.002655208387
197042	0.002989596622
197043	0.004098628782
197044	0.003945424174
197045	0.000340977339
197046	0.002887618001
197047	0.0006151690145
197048	0.001306589012
197049	0.003253940749
197050	0.00284964961
197051	0.001474004404
197052	0.006095536859
197053	0.005994292906
197054	0.002071895142
197055	0.0006125834159
197056	0.0002345689966
197057	0.002294600123
197058	0.003267705492
197059	0.004308094228
197060	0.001992832024
197061	0.00291307483
197062	0.001486773529
197063	0.002632333525
197064	0.0006116932554
197065	4.033541408e-05
197066	0
197067	0.0003299491002
197068	0.0003559347359
197069	0.0006460933578
197070	0.001891753786
197071	0.0004173219499
197072	0.002050207993
197073	0.001296547485
197074	0.001419145251
197075	0.001140773456
197076	0.002011628795
197077	0.00152653366
197078	0.00146587082
197079	0.002284126351
197080	0.0009252934523
197081	0.001130148129
197082	0.0005112213924
197083	0.001713381564
197084	0.001437829838
197085	0.001545927563
197086	5.13066976e-05
197087	0.001075039079
197088	0.0001092452657
197089	0.0002895107944
197090	0.0004248149213
197091	0.004963047749
197092	0.00197407767
197093	0.004548638989
197094	0.003911143619
197095	0.002530070068
197096	0.0004189670925
197097	0.004676637702
197098	0.001563078471
197099	0.00162165452
197100	0.001972178853
197101	0.001771850772
197102	0.002864102756
197103	0.001343849023
197104	0.004853268295
197105	0.002288430414
197106	0.003731680245
197107	0.000219083535
197108	0.003272216663
197109	0.001164360551
197110	0.00112973947
197111	0.002484613161
197112	0.001767017225
197113	0.006441661201
197114	0.0003070881338
197115	0.00298753485
197116	0.000536347918
197117	0.003386613837
197118	0.001322038287
197119	0.004624616351
197120	0.004743976331
197121	0.0001043041745
197122	0.003684289301
197123	0.002115969964
197124	0.004726010901
197125	2.825372387e-05
197126	0.002695489468
197127	0.0001846737277
197128	0.001025852632
197129	0.003556249826
197130	0.001445229863
197131	0.002812327323
197132	0.002353521645
197133	0.0007537252721
197134	0.0007435013587
197135	0.006774066493
197136	0.0006643453663
197137	0.001344945274
197138	0.0004559744524
197139	0.0001409175074
197140	0.0002040847831
197141	0.003005759093
197142	0.002219459119
197143	0.002373660581
197144	0.002075394223
197145	0.0003900439012
197146	0.004376667252
197147	0.004073533722
197148	0.001107421977
197149	0.002418632508
197150	0.002014901197
197151	0.005576623343
197152	0.001017760757
197153	0.0008685707328
197154	0.001308437221
197155	0.003863746239
197156	0.002523833369
197157	0.0008937148084
197158	0.001661392532
197159	0.002348866754
197160	0.0004468768272
197161	0.0008177338349
197162	0.0003051365767
197163	0.000204171388
197164	0.001235025907
197165	7.330316305e-05
197166	0.003778239679
197167	0.000964358073
197168	0.001276186207
197169	0.0004107460038
197170	0.003804147967
197171	0.001858218883
197172	0.001038187035
197173	0.001602385342
197174	0.00492118749
197175	0.0005339589112
197176	0.001538943481
197177	0.00264465644
197178	0.0001381700371
197179	0.003137145686
197180	0.0006026704142
197181	0.0007817780511
197182	0.001003250491
197183	0.001811663175
197184	0.001121526203
197185	8.741729958e-05
197186	0.0002838423805
197187	0.004334857885
197188	0.0004764127721
197189	0.00277620902
197190	0.0005092081341
197191	0.0008244009071
197192	0.002103138808
197193	0.003913386853
197194	0.002701782031
197195	0.00046867727
197196	0.0008799304613
197197	0.002229853826
197198	0.0009187089619
197199	0.002936148035
197200	0.0001013262831
197201	0.002450494835
197202	0.005021485914
197203	0.00387754972
197204	0.001154385996
197205	0.0009275425299
197206	0.001671899569
197207	0.0006594639922
197208	0.002065891457
197209	0.001217166047
197210	0.0003016854111
197211	0.001869350985
197212	0.002656969074
197213	0.0001161145776
197214	0.00589008373
197215	0.001151945992
197216	0.0002771420513
197217	0.006592321179
197218	0.001246454642
197219	0.002244646715
197220	0.001809971105
197221	0.001764362657
197222	0.000624870598
197223	0.003024432318
197224	0.002565249433
197225	0.001077760723
197226	0.000375055334
197227	0.004317929766
197228	0.0006414508786
197229	0.004270925827
197230	0.006460044751
197231	0.002248710533
197232	0.004510210704
197233	0.001235967889
197234	0.001957615236
197235	0.00252767704
197236	0.003291024528
197237	0.001699239932
197238	1.597761969e-05
197239	0.001401739502
197240	0.001604171596
197241	0.001142732703
197242	0.0007764049769
197243	0.003083965432
197244	0.002250563747
197245	0.002104794342
197246	0.001438380624
197247	0.001878015508
197248	0.002199181715
197249	0.001996351321
197250	0.0007150869953
197251	0.0001031461327
197252	0.0003850329923
197253	0.001498388526
197254	0.003359796267
197255	0.0009200172435
197256	0.004343555287
197257	0.0004300196601
197258	0.001503326187
197259	0.003735027697
197260	0.001683996122
197261	0.004020143839
197262	0.002901617476
197263	0.003053304111
197264	0.00325341977
197265	0.006388528045
197266	0.002745921515
197267	0.0004150600226
197268	0.003870001338
197269	0.0008976781239
197270	0.001649250841
197271	0.0001306633691
197272	0.004641953845
197273	0.0009087660128
197274	4.23227423e-05
197275	0.0003925246791
197276	0.003717073416
197277	0.002854012297
197278	0.003291643245
197279	0.004627288714
197280	0.001373754382
197281	0.002605251558
197282	0.002331926864
197283	0.0043758418
197284	0.001315653846
197285	0.002487210843
197286	0.001190177176
197287	0.0002278661518
197288	0.0009781350264
197289	0.003520089236
197290	1.577858753e-05
197291	0.0001524191614
197292	0.001351588628
197293	0.001010645861
197294	0.001132792023
197295	0.0008860969626
197296	0.0003900013017
197297	0.001083928989
197298	0.003135152783
197299	0.0006804547144
197300	0.000592743528
197301	0.0008403253345
197302	0.0001197714002
197303	0.0006973932115
197304	0.0009851804557
197305	0.0006050025119
197306	0.0009594043014
197307	0.001870905596
197308	0.0008180676439
197309	0.001353317997
197310	0.0008802733546
197311	0.001265303088
197312	0.001578299059
197313	0.002790045011
197314	0.001803940216
197315	0.001024589452
197316	0.001048160814
197317	0.002223030833
197318	0.00075570031
197319	0.001691153056
197320	0.001846251888
197321	0.0003196301074
197322	0.0002090946031
197323	0.00231174944
197324	0.001868916955
197325	0.0006115229963
197326	0.001004111518
197327	0.0009366295569
197328	0.001082685616
197329	0.001288894864
197330	0.0004500532808
197331	0.001632634108
197332	0.003513980198
197333	0.0009561597127
197334	0.001481372024
197335	0.001937387263
197336	0.0008336622337
197337	0.004112580455
197338	0.001018268937
197339	0.001168623963
197340	0.001484712653
197341	0.00135963251
197342	0.0003807657193
197343	0.0004960013663
197344	0.0007486003696
197345	9.170435999e-05
197346	0.001351334643
197347	0.001625007815
197348	0.0003290123373
197349	0.0006365578192
197350	0.001498949048
197351	0.004180774412
197352	0.002967010733
197353	0.0009331249824
197354	0.001207841285
197355	0.001902779656
197356	0.002694937486
197357	1.124981871e-05
197358	0.002816968897
197359	0.0002494723001
197360	0.00166113183
197361	0.002764028569
197362	0.0001550137562
197363	0.0002914961845
197364	0.0008842938602
197365	0.0005373825273
197366	0.001823773754
197367	0.0001374978428
197368	0.0006000411515
197369	0.000130915791
197370	0.002070093139
197371	0.001993609651
197372	0.001171016827
197373	0.001529207757
197374	0.001710466659
197375	0.001620762492
197376	0.001198465951
197377	0.0007780537969
197378	0.001407547006
197379	0.001013443726
197380	0.001361851319
197381	0.003454454882
197382	0.007710392712
197383	0.001179497549
197384	0.0007915354614
197385	0.002340934804
197386	0.001183933412
197387	0.002039376313
197388	0.002988895851
197389	4.345262826e-05
197390	0.001711679222
197391	0.0003082424125
197392	0.001220823263
197393	0.0009888883902
197394	0.0002778522449
197395	0.0006444937705
197396	0.0001163747861
197397	0.001092256986
197398	0.002066187676
197399	0.0006537694454
197400	0.001632867326
197401	0.0004562339254
197402	0.0006759551656
197403	0.00154678847
197404	0.0002201934393
197405	0.001598677745
197406	0.001346161172
197407	0.0007336929516
197408	0.001278917612
197409	0.003421968726
197410	0.0005968269661
197411	8.631788977e-05
197412	0.003106971331
197413	0.0006170963511
197414	0.00146128542
197415	0.001254942212
197416	0.0001639786987
197417	0.001431137709
197418	0.0001239996133
197419	0.0006196010006
197420	0.003143109312
197421	0.001996821419
197422	9.622574359e-05
197423	0.0002452359129
197424	0.0008478804112
197425	1.113959265e-05
197426	0.0007138365327
197427	0.002211636044
197428	0.0002200669491
197429	0.0008669078277
197430	0.0007378581358
197431	0.001020564982
197432	0.0003560806274
197433	0.0007808173509
197434	0.0001153506793
197435	0.00256254654
197436	0.00177053653
197437	0.001796857338
197438	0.0003723815793
197439	0.006185797714
197440	0.001347680553
197441	0.003637591161
197442	0.0009985664168
197443	0.004762843751
197444	0.002990460057
197445	0.003477874317
197446	0.0008695133898
197447	0.002283769761
197448	0.003832840158
197449	0.0006501776403
197450	0.002704411991
197451	0.001321219917
197452	0.003041615697
197453	0.006940873661
197454	0.0006535688784
197455	0.0008312212353
197456	0.003078748788
197457	0.0009056299382
197458	0.001124775026
197459	0.006565430191
197460	0.006727583263
197461	0.003299428801
197462	0.002937428343
197463	0.002712196274
197464	0.003753533263
197465	0.004175980037
197466	0.002717597678
197467	0.001500034981
197468	0.002716669009
197469	0.00593189095
197470	0.004584082103
197471	0.001489270456
197472	0.001840652014
197473	0.002255250199
197474	0.001169240398
197475	0.002646363435
197476	0.000433047403
197477	0.0009602923371
197478	0.0005798884419
197479	0.0002648882841
197480	0.001529613088
197481	0.0021641571
197482	0.002207097201
197483	0.0005096276363
197484	0.001905635785
197485	0.0005707422796
197486	0.0007560075253
197487	0.001895482569
197488	0.000872471023
197489	0.002716239265
197490	5.032861102e-06
197491	0.0005507203895
197492	0.002212372908
197493	0.0004977414347
197494	2.780535679e-05
197495	0.000603371128
197496	4.757958776e-05
197497	0.001180789725
197498	0.001360154186
197499	0.0004707344611
197500	0.0003728373033
197501	0.0003805715438
197502	0.0003314104024
197503	0.00174216894
197504	0.001344490721
197505	0.001335560304
197506	0.0001218740458
197507	0.0008766260759
197508	0.002285966566
197509	0.000348549864
197510	0.003043906196
197511	0.002643771619
197512	0.00135312595
197513	0.0007078862627
197514	0.004337149742
197515	0.003772934827
197516	0.0005561640958
197517	0.002023295644
197518	0.00253729122
197519	0.001967571552
197520	0.000507782904
197521	0.0001646013506
197522	0.0004141317742
197523	0.004200346107
197524	0.0001075698599
197525	0.003726678344
197526	0.002250347147
197527	0.001418506099
197528	0.001361240394
197529	0.0008417378362
197530	0.004947347967
197531	0.004042354573
197532	0.002253265886
197533	0.000459683488
197534	0.002072843238
197535	0.001374565077
197536	0.001872885488
197537	0.001858128946
197538	0.0005166391236
197539	0.0008409358253
197540	0.001344210109
197541	0.006922915536
197542	0.0004269408135
197543	0.004280921879
197544	0.003692246687
197545	0.004247849195
197546	0.0008857659553
197547	0.004590013848
197548	0.001678231196
197549	0.000349103862
197550	0.006192861645
197551	0.001877808437
197552	0.003350580308
197553	0.005003646577
197554	0.006557357207
197555	0.002916365439
197556	1.166697461e-05
197557	0.001171669968
197558	0.00084073168
197559	0.001400871498
197560	0.002076645015
197561	0.002829311649
197562	0.001968369189
197563	0.005300713916
197564	0.001535922831
197565	0.003326152893
197566	0.0001442379998
197567	0.0002009907006
197568	0.002571058874
197569	0.002101327613
197570	0.001098507849
197571	0.008046724192
197572	0.00193823287
197573	0.004972819092
197574	0.003655095292
197575	0.001834048369
197576	0.001769745673
197577	0.001048223379
197578	0.000135936337
197579	0.0001608326773
197580	0.001385575152
197581	0.0006156442303
197582	0.0004166155597
197583	0.000274982202
197584	0.004044483568
197585	0.001620094349
197586	0.003517934338
197587	0.002715736592
197588	0.0003778415697
197589	0.006641518941
197590	0.002735543758
197591	0.0002061463105
197592	0.006286977083
197593	0.0008922061235
197594	0.001351052734
197595	0.004299813489
197596	0.002416242689
197597	0.006771494531
197598	0.002529654598
197599	0.001786589463
197600	0.0004069322066
197601	0.0002504124389
197602	0.001988015236
197603	0.001833807859
197604	0.0006977250436
197605	0.003719821338
197606	0.002444781458
197607	0.00123697502
197608	0.000233692221
197609	0.0007877196529
197610	0.005638874756
197611	0.0007251016102
197612	0.002748444027
197613	0.0005849799547
197614	0.0004175972697
197615	6.083421011e-05
197616	0.0004847683167
197617	0.003238106212
197618	0.001693917122
197619	0.0005765026513
197620	0.002567012525
197621	0.001435084485
197622	0.002180089081
197623	0.0007545375176
197624	0.001376505066
197625	7.686479787e-05
197626	0.00104559344
197627	0.0004707165585
197628	0.0004166803379
197629	0.0002942634763
197630	0.0005118090232
197631	0.0003466699954
197632	0.0008648492331
197633	0.0003466663823
197634	0.0003136619827
197635	0.0001949450156
197636	0.0003829665805
197637	0.0002929073325
197638	0.0002851434182
197639	0.00156497797
197640	0.003509112442
197641	0.001955552791
197642	0.0003354336445
197643	0.001963823155
197644	0.0001581116341
197645	0.002932024257
197646	0.001656232454
197647	0.001526762607
197648	0.0004727819856
197649	0.0006811530458
197650	0.0002716730046
197651	0.0005087465794
197652	0.0009337767447
197653	0.0001387010452
197654	0.001546517359
197655	0.0006437010505
197656	0.001800525114
197657	0.0003822406698
197658	0.003585233124
197659	0.002205230128
197660	0.0008863235718
197661	3.376140587e-06
197662	0.001341253448
197663	0.001123681319
197664	0.003348061461
197665	0.002781735223
197666	3.224469245e-05
197667	0.0007355419541
197668	0.0008376391292
197669	0.0007224801042
197670	0.0001838449382
197671	0.0005167448983
197672	0.0001012955409
197673	0.0001012688383
197674	0.0001056311261
197675	9.962960399e-05
197676	1.570909425e-07
197677	4.153517332e-07
197678	3.700108703e-07
197679	0.0004065001889
197680	5.855069818e-07
197681	0.000201405622
197682	0.0001002592027
197683	0.004260236016
197684	0.002895629999
197685	0.004666370333
197686	0.002999718393
197687	0.001090596884
197688	0.0006436994194
197689	0.0009183652106
197690	0.001354717079
197691	0.0004049570975
197692	0.0009312821167
197693	0.002443532339
197694	0.002957614575
197695	0.002821753135
197696	0.00174824172
197697	0.0001694324251
197698	0.0004334231624
197699	0.00316082014
197700	0.0009378040293
197701	0.0002662857759
197702	0.002033089737
197703	0.0005955392067
197704	0.004130593746
197705	0.002457549972
197706	0.0002751132886
197707	0.0008225093079
197708	0.001393832024
197709	0.0008654706142
197710	0.002033174297
197711	0.0003670085287
197712	0.001112786061
197713	0.0008658590506
197714	0.002825890569
197715	0.0009953519864
197716	0.003151944882
197717	0.002895651508
197718	0.0004806436412
197719	0.0004272741049
197720	0.0008557192323
197721	0.003537951646
197722	0.001182911672
197723	0.00298649442
197724	0.002017273904
197725	0.002609458641
197726	0.003498582887
197727	0.001423120216
197728	0.000737366368
197729	0.002580153273
197730	0.002305051967
197731	0.0005971343737
197732	0.001415870371
197733	0.00121461933
197734	0.001554301851
197735	0.001139985189
197736	0.002502219149
197737	0.0001270215872
197738	0.00206131526
197739	0.001619676055
197740	0.0001396390518
197741	0.0002013765573
197742	0.0001381795785
197743	0.0008021400752
197744	0.001492451532
197745	0.001139606332
197746	0.001252860779
197747	0.004466471215
197748	0.003011999023
197749	0.0001604384904
197750	0.0005055129537
197751	0.000529185963
197752	0.0007828916168
197753	0.001936757776
197754	0.0009293350297
197755	0.0003348694053
197756	0.0009524563248
197757	0.0016233044
197758	0.0007020248326
197759	0.002116034432
197760	0.003026195609
197761	0.000953585257
197762	0.001024054738
197763	0.0005370075989
197764	0.000417334923
197765	0.0003611118906
197766	0.0007477925357
197767	0.0009040273319
197768	0.001442645877
197769	0.000414454181
197770	0.0008264991076
197771	0.0004372977095
197772	0.0005175864785
197773	0.0003989568171
197774	0.005969571356
197775	0.002869796496
197776	0.004219321759
197777	0.003653130026
197778	0.002693401464
197779	0.002513773651
197780	0.003174711168
197781	0.006650685183
197782	0.006055129814
197783	0.003553135649
197784	0.0013144031
197785	0.004172919465
197786	0.005169099501
197787	0.0004627423064
197788	0.005522459604
197789	0.002682756962
197790	0.001059040938
197791	0.001348591642
197792	0.0002064279589
197793	0.003453034059
197794	0.0002637729584
197795	0.00118233757
197796	0.0003681421115
197797	0.0008760430054
197798	0.0001474473539
197799	0.0004449832687
197800	0.001047828602
197801	0.001253494993
197802	0.002218451359
197803	0.001540286404
197804	0.001312184942
197805	0.001929495624
197806	0.0002488294657
197807	0.00629054
197808	0.003299621322
197809	0.001227918916
197810	0.005252387307
197811	0.001451389432
197812	0.0007787887969
197813	0.0009079472687
197814	0.0007914485403
197815	0.001762774019
197816	0.001288783155
197817	0.0006783670528
197818	4.119470872e-06
197819	0.0008265684857
197820	0.0008612804114
197821	0.004883506099
197822	0.004447388448
197823	0.001184339977
197824	0.0001325631804
197825	0.0005159484992
197826	0.003927892694
197827	0.00148161901
197828	0.001687231945
197829	0.001196929906
197830	0.003195127867
197831	0.001951122531
197832	0.004641765494
197833	0.002710801292
197834	0.004190211051
197835	0.0002548534933
197836	0.003177845759
197837	0.001466293252
197838	0.001634237463
197839	0.0006658309214
197840	0.004025254869
197841	0.001361073799
197842	0.004425216341
197843	0.004159839699
197844	0.002391345041
197845	0.001810263555
197846	0.0006154314824
197847	1.251344792e-07
197848	8.252473211e-05
197849	0.008466668251
197850	0.0004243111173
197851	0.003747306169
197852	0.002573736391
197853	0.001866983329
197854	0.0001657070761
197855	0.003168462521
197856	0.00232696501
197857	0.00209406138
197858	0.005283232598
197859	0.003626039303
197860	0.000237499252
197861	0.0007553860853
197862	0.001579769199
197863	0.003224534843
197864	3.083818461e-06
197865	0.002420218854
197866	0.005953590182
197867	0.002323505655
197868	0.004664217345
197869	0.003300530826
197870	0.0007006353298
197871	0.003964882943
197872	0.002137255239
197873	0.0008782776687
197874	5.826557979e-05
197875	0.002175249916
197876	0.00522536451
197877	0.001393113703
197878	0.004894075399
197879	0.0005217319313
197880	0.001684995982
197881	0.002770969182
197882	0.0007752313065
197883	0.002959818585
197884	0.001820252211
197885	0.002177052537
197886	0.004074642009
197887	0.002643905993
197888	0.001452494887
197889	0.003437027422
197890	0.004526406414
197891	0.005789078171
197892	0.004958231517
197893	0.003324078381
197894	0.002740622198
197895	0.00158747148
197896	0.0002648906859
197897	0.002142139745
197898	0.001028494049
197899	0.001050102564
197900	0.001450012202
197901	0.002040386107
197902	0.002370279607
197903	0.000117932635
197904	0.006115233518
197905	0.0005065806162
197906	0.001718791188
197907	0.001901148997
197908	0.0003432511251
197909	0.002540813722
197910	0.0002349507946
197911	0.0009836784935
197912	0.005203525172
197913	0.004854935381
197914	0.0007132787034
197915	0.00729186471
197916	0.002075890749
197917	4.239094423e-05
197918	0.002578895893
197919	0.002752823093
197920	0.0006237021349
197921	0.0006576505471
197922	0.0003572778779
197923	0.008856940557
197924	0.0005345020114
197925	0.0001188000291
197926	0.002230061903
197927	0.0007475776383
197928	0.004819594816
197929	0.00299604801
197930	8.997280733e-05
197931	0.007196897103
197932	0.000276348379
197933	0.003037028845
197934	0.001235501591
197935	0.0002519938467
197936	0.003616831535
197937	0.002450689896
197938	0.001607504597
197939	0.000470185305
197940	0.004034974404
197941	0.001043505147
197942	0.001181813509
197943	0.0008077896329
197944	0.00305190978
197945	0.002474370373
197946	0.006086164155
197947	0.0003567193197
197948	0.0001459948616
197949	0.000425498698
197950	0.006062969142
197951	0.0005259600081
197952	0.0002212914997
197953	0.0004637344641
197954	0.0005709289786
197955	0.002523486649
197956	0.0008675270096
197957	0.001357067201
197958	0.0002798802696
197959	0.001173435714
197960	0.0007838963701
197961	0.0009723783314
197962	0.001446179859
197963	0.002051562051
197964	0.0002594777684
197965	0.0005250233369
197966	0.004523294362
197967	0.0004866752367
197968	0.0007832710646
197969	0.0008832719206
197970	0.000328532456
197971	0.002789521986
197972	0.002407729372
197973	0.0008145584134
197974	0.0008589645426
197975	0.002080856117
197976	0.001327021389
197977	0.002709396029
197978	0.006119048365
197979	0.005119167783
197980	0.003541570694
197981	0.001031262196
197982	0.00049481398
197983	8.506341234e-05
197984	0.0001516173869
197985	0.002273423915
197986	0.001229198121
197987	0.002519153935
197988	0.0003828129247
197989	0.001956672768
197990	0.0005344054709
197991	0.003571932741
197992	0.002327086369
197993	0.0003242642286
197994	0.003826411612
197995	0.001805338736
197996	0.001277558347
197997	0.0004977230289
197998	0.0002624606491
197999	0.0007348725343
198000	0.00027248914
198001	0.001642544324
198002	0.00369354821
198003	0.001873718802
198004	0.004205454025
198005	3.736434678e-05
198006	0.0009061310487
198007	0.0007763155587
198008	0.001146057622
198009	0.001830453874
198010	0.0003347888333
198011	0.0007461780275
198012	0.0006582740733
198013	0.0006108793856
198014	0.002238578021
198015	0.003106161988
198016	0.004680810796
198017	0.00148135114
198018	0.002163246782
198019	0.002421802589
198020	0.004702380379
198021	0.00393321331
198022	0.002358805797
198023	0.002459712776
198024	0.006187684758
198025	0.003328322072
198026	0.0002264858045
198027	0.0001420285591
198028	0.002358022748
198029	0.002967908943
198030	0.001732324595
198031	0.001171452218
198032	0.0009655787419
198033	0.001092032473
198034	0.0008653018899
198035	0.008789524685
198036	0.0008909622061
198037	0.001874936319
198038	0.003414894425
198039	0.003450938706
198040	0.003213566408
198041	0.00579812172
198042	2.157528254e-05
198043	0.004525700009
198044	0.001832923414
198045	2.31839307e-05
198046	0.001162872304
198047	0.001810463061
198048	0.001074988235
198049	0.0006291121851
198050	0.002348617952
198051	0.001942827478
198052	0.003362128202
198053	0.0002603555161
198054	0.0004372032459
198055	0.006133037814
198056	0.00191749438
198057	0.0004983930919
198058	0.001887708402
198059	0.001866098911
198060	0.002502650428
198061	0.001532798701
198062	0.004780226635
198063	0.005060641165
198064	0.003269491514
198065	0.004919053646
198066	0.001002325761
198067	0.002576280479
198068	0.0005639535018
198069	0.004556953533
198070	0.000960994771
198071	0.003003519257
198072	0.0009562945232
198073	0.002004753451
198074	0.001198130711
198075	0.006360232356
198076	0.0043612572
198077	0.0006067482577
198078	0.003747385223
198079	0.002360525899
198080	0.0007592273898
198081	0.003584497091
198082	0.005839047576
198083	0.007097204202
198084	0.0004227949304
198085	0.001941082943
198086	0.00104341276
198087	0.002435907571
198088	0.001683490971
198089	0.0003897279629
198090	0.000394256095
198091	0.002264178204
198092	0.003865558095
198093	0.002401616888
198094	0.001920377398
198095	0.001957686903
198096	0.001095409445
198097	0.004666550923
198098	0.00383341449
198099	0.002807250678
198100	0.001177969147
198101	0.006435376384
198102	0.001873300315
198103	0.007308718489
198104	0.001921879321
198105	0.0006394398335
198106	0.0003740722436
198107	3.304759507e-05
198108	0.0002874707422
198109	0.001518817486
198110	0.007622987193
198111	0.003193227309
198112	0.004693631908
198113	0.0002075663174
198114	0.006189002927
198115	0.000158255729
198116	0.0003474090358
198117	0.0001348469843
198118	0.0009600865263
198119	0.001031394039
198120	0.002173510522
198121	0.001086555453
198122	0.001257181728
198123	0.001296045488
198124	0.003177371176
198125	0.0003709184643
198126	0.001042769709
198127	8.362168269e-06
198128	0.001638962161
198129	0.003645772891
198130	0.00465838272
198131	0.000589063086
198132	0.001287787026
198133	0.0008628957442
198134	0.0004830137498
198135	0.00115704195
198136	0.004869856668
198137	0.001802070796
198138	0.000378744434
198139	0.003052868894
198140	0.003564207536
198141	0.0003354620001
198142	0.0006205698538
198143	0.0007913590397
198144	0.002279149237
198145	0.002447598238
198146	0.006062453951
198147	0.0009833754936
198148	0.00402531057
198149	0.00237768467
198150	0.0005816099848
198151	0.0007325021147
198152	0.0002330854377
198153	0.003034468368
198154	0.003180775013
198155	0.001454783745
198156	0.001016565326
198157	0.0001033118774
198158	0.0001910172549
198159	0.000762781179
198160	0.004518771125
198161	0.0004818988341
198162	0.0026979605
198163	0.000299644683
198164	0.003668928309
198165	0.004975581733
198166	3.534300526e-05
198167	0.003442868497
198168	0.006439306671
198169	0.001063335087
198170	0.0009313567886
198171	0.0005079216864
198172	0.002684144486
198173	0.002403129692
198174	5.788000908e-06
198175	0.0009616380027
198176	0.0002260447215
198177	0.00182866471
198178	0.0006975610434
198179	0.000376749739
198180	0.001332486495
198181	0.001167963888
198182	0.003956269868
198183	0.005469410426
198184	0.003674747667
198185	0.003716356052
198186	0.0009163672437
198187	0.004539372174
198188	0.00138570713
198189	0.001267804506
198190	0.0009052043814
198191	0.00325133808
198192	0.002563525248
198193	0.001287049042
198194	0.001114061645
198195	0.002017867262
198196	0.005637182536
198197	0.003401655959
198198	0.0006432277057
198199	0.002082524116
198200	0.001647500189
198201	0.002496571523
198202	0.003006131684
198203	0.002397294007
198204	0.0022431151
198205	0.00485199122
198206	8.004946564e-06
198207	0.002922515633
198208	0.004623395806
198209	0.003928968039
198210	0.004003952172
198211	0.001157619416
198212	0.0005322066816
198213	0.0008044656047
198214	0.003977421951
198215	4.323478353e-05
198216	0.003567173276
198217	0.002038387864
198218	0.003617843164
198219	0.001620000366
198220	0.0001421188836
198221	0.001655753838
198222	0.0007306882156
198223	0.002273560069
198224	0.0005671139624
198225	0.0005426731467
198226	0.001132361422
198227	0.001573833862
198228	0.0009109171855
198229	0.001311717987
198230	0.001260923584
198231	0.00167335327
198232	0.001727595303
198233	0.002333928174
198234	0.0007168289591
198235	0.003315369021
198236	0.002052108825
198237	0.0007003936414
198238	0.002783228678
198239	0.00386252272
198240	2.949919535e-05
198241	0.004552463772
198242	0.003949953656
198243	0.0001461460108
198244	0.0001601680075
198245	0.0007572511077
198246	0.00063575314
198247	0.001270327339
198248	0.001066833407
198249	0.0001422015139
198250	0.001685823502
198251	0.0002321059675
198252	0.003728587643
198253	0.0005150295055
198254	0.0001390391985
198255	0.002781119952
198256	0.000374609224
198257	0.0008372941343
198258	0.003305222133
198259	0.001633015732
198260	0.00487817888
198261	0.003441439895
198262	0.0002341843878
198263	0.0002738349121
198264	0.0001295678612
198265	0.001519719232
198266	0.004563482811
198267	0.0002945779923
198268	0.0003955092927
198269	0.001574020943
198270	0.0006330808404
198271	0.001039481934
198272	0.001387890819
198273	0.000675447871
198274	0.003923552768
198275	0.001633544361
198276	0.0003205647753
198277	0.001465475941
198278	0.002330140843
198279	0.002799017427
198280	0.003210706846
198281	0.0004308424393
198282	0.002311959402
198283	0.001178844022
198284	0.0004263918695
198285	0.002943787534
198286	0.004165169792
198287	0.001245776211
198288	0.002662516175
198289	0.003190370177
198290	0.003641871925
198291	0.0002832726397
198292	0.001558593925
198293	0.00292998445
198294	0.001727292443
198295	0.001177358242
198296	0.004196971212
198297	0.005078028136
198298	0.0009164205436
198299	0.006303357235
198300	0.003414066527
198301	0.001587869412
198302	0.001103507573
198303	0.003341047135
198304	0.003185614818
198305	0.0001969585004
198306	0.00223791124
198307	0.002705953433
198308	0.001500335485
198309	0.002572544094
198310	0.003796992195
198311	0.001797558488
198312	0.01052180074
198313	0.002305781927
198314	0.001138410353
198315	0.002700863798
198316	0.0003083048741
198317	0.002810892039
198318	0.002364935131
198319	0.004900058631
198320	0.001297312763
198321	0.00110206067
198322	0.002251824707
198323	0.0001282928504
198324	0.0001868214253
198325	0.0009489521989
198326	0.00142877514
198327	0.003146242552
198328	0.0005929863187
198329	0.001176195895
198330	0.0008294991018
198331	0.0002183630774
198332	0.001094363373
198333	0.001474540157
198334	0.0007600478152
198335	0.0005201772612
198336	0.0009839177838
198337	0.0003074577244
198338	0.001292221994
198339	0.001038708802
198340	0.0005831881805
198341	0.0005299933686
198342	0.0006509326242
198343	0.000740192398
198344	0.001035819542
198345	1.557161695e-06
198346	0.0008019004489
198347	0.001168629435
198348	0.0009900509336
198349	0.0005657745491
198350	0.001398169043
198351	0.0008227993827
198352	0.00139228743
198353	0.0007433515659
198354	0.001711997689
198355	0.0008638136811
198356	0.0008217082494
198357	0.001562886287
198358	0.0009465436884
198359	0.0008774078005
198360	0.0006746059456
198361	0.0006547683195
198362	0.0004178896999
198363	0.0005754420139
198364	0.0007372027343
198365	0.001257225654
198366	0.0008594714481
198367	0.0008594847866
198368	0.001258776481
198369	0.0004174953128
198370	0.001113995285
198371	0.001036603378
198372	0.0008239261254
198373	0.0003926634493
198374	0.0009113817343
198375	0.0008156073267
198376	0.0008768419622
198377	5.601388682e-06
198378	0.001145419275
198379	0.001402902379
198380	0.00118852156
198381	0.0003207746304
198382	0.0009862592004
198383	0.0005294703523
198384	0.001211840572
198385	0.001990656198
198386	0.000882429319
198387	0.0009687202534
198388	0.000801664178
198389	0.0007048995042
198390	0.0004929095906
198391	4.04682908e-05
198392	0.0008392732771
198393	0.0009575714578
198394	0.0004908862297
198395	0.001136970726
198396	0.0009189778768
198397	0.001031153722
198398	0.001664488107
198399	0.001108069304
198400	0.0003844776636
198401	0.001071393254
198402	0.0004624943728
198403	0.0009978793133
198404	0.0005448482314
198405	0.001526124904
198406	0.0008267386717
198407	0.000137573882
198408	0.001195226449
198409	0.0002434072857
198410	0.0009760233434
198411	0.003247686058
198412	0.0002704331063
198413	0.00119527642
198414	0.001329429897
198415	0.0008992725437
198416	0.001018348281
198417	0.0003994260832
198418	0.0001501951907
198419	0.00106168843
198420	0.001181978112
198421	0.0007227402447
198422	0.001273765217
198423	0.0002541082729
198424	0.001183420906
198425	0.0007886157021
198426	0.002202163469
198427	0.0009041210477
198428	0.0007933498826
198429	0.000799186309
198430	0.001343876936
198431	0.001190300342
198432	0.0006967904944
198433	0.0008537404825
198434	0.0009930531976
198435	0.001007600072
198436	0.001033455356
198437	0.000490423089
198438	0.0007405568394
198439	0.0007901939943
198440	0.001126357738
198441	0.0008306380593
198442	0.0004406881777
198443	0.0008942535353
198444	0.00079046782
198445	0.0007755920823
198446	0.000611329673
198447	0.0009741876153
198448	0.001113233358
198449	0.001025433681
198450	0.001359205013
198451	0.001032906456
198452	0.001260485547
198453	0.0002217964502
198454	0.001162169503
198455	0.001609951286
198456	0.0006634948626
198457	0.001328360482
198458	0.0005750741936
198459	0.0003778958361
198460	0.001106065243
198461	0.0007852545747
198462	0.001282596872
198463	7.83270712e-05
198464	0.0007706619637
198465	0.0009235955763
198466	0.001296747865
198467	0.0007622077604
198468	0.001195792863
198469	0.0009776019791
198470	0.0008218781714
198471	0.0002305842571
198472	0.0004370625548
198473	0.001446144758
198474	0.0002714343701
198475	0.0006760108022
198476	0.001199669586
198477	0.003031552694
198478	0.001563794554
198479	0.001849499035
198480	0.001198735508
198481	0.0003930478286
198482	0.0009439240417
198483	0.0005921982678
198484	0.0006446840764
198485	0.0007422501614
198486	0.001658061304
198487	0.001021067994
198488	0.001143353905
198489	0.001129815465
198490	0.001101938529
198491	0.0006909233678
198492	0.001000076553
198493	0.0009804682673
198494	0.0005464352147
198495	0.0003169945678
198496	0.0009833762767
198497	0.000470296121
198498	0.0009744643546
198499	0.0008379003741
198500	0.0007056634141
198501	0.001097609401
198502	0.001125387736
198503	9.876412979e-05
198504	0.001293337128
198505	0.001021279048
198506	0.0009161175513
198507	0.0008722869619
198508	0.0003197071824
198509	0.0008439799973
198510	0.000978345766
198511	0.001423051702
198512	0.0007253516582
198513	0.000578463046
198514	0.001180124545
198515	0.001586873147
198516	0.0004611011572
198517	0.0005125090501
198518	0.0009060557664
198519	0.001239416819
198520	0.001248069279
198521	0.001139204324
198522	0.0004789491851
198523	0.0005948483367
198524	0.0005642052647
198525	0.001015866977
198526	0.0009298584917
198527	0.001291634142
198528	0.002317373939
198529	0.004349340145
198530	0.005455080023
198531	0.004588721365
198532	0.001450133275
198533	0.002420656008
198534	0.001123875682
198535	0.001529062067
198536	0.002176573878
198537	0.0006751677419
198538	0.002531072971
198539	0.00115142731
198540	0.0001574762329
198541	0.00522247641
198542	0.001118486689
198543	0.001429660914
198544	0.0001748192929
198545	0.0008553078912
198546	0.0008992438304
198547	0.0001858389554
198548	0.001722857539
198549	0.003279261026
198550	0.0001294971638
198551	0.002745204829
198552	0.0004931702924
198553	0.002543915364
198554	0.003179977382
198555	0.0005276956865
198556	0.001825225063
198557	6.529707252e-05
198558	0.001202374688
198559	0.0006774948018
198560	0.002254565559
198561	6.489806583e-05
198562	0.0002439924057
198563	0.001648901963
198564	0.004953647163
198565	0.001903993704
198566	0.000791899039
198567	0.001960494332
198568	0.0007899739949
198569	0.003180847189
198570	0.00214788909
198571	0.002593245261
198572	0.004048394167
198573	0.001857047234
198574	0.0006526784896
198575	0.002963716537
198576	0.002944159941
198577	0.0008435298678
198578	0.001694932078
198579	0.001653084587
198580	0.0004316101736
198581	0.0008322411728
198582	0.0001404034846
198583	0.0001610918535
198584	0.0006810958262
198585	0.0001110663129
198586	0.0002535502414
198587	0.0003435637911
198588	0.0001508807918
198589	0.003705447616
198590	0.00125629842
198591	0.001152468433
198592	0.0009968732608
198593	0.001330208747
198594	0.002701575329
198595	0.00186202106
198596	0.00171823155
198597	0.00171917377
198598	1.14670199e-05
198599	0.0001282576465
198600	0.004462833249
198601	0.004766199446
198602	0.00376905435
198603	0.001584705146
198604	0.003395519843
198605	0.001163662705
198606	0.001888699191
198607	0.0001991434241
198608	0.001787562628
198609	0.0007349403558
198610	0.0005449879338
198611	0.001600580163
198612	0.001406990736
198613	0.0006623993929
198614	0.0008335928869
198615	0.0001730858293
198616	0.0003548773286
198617	0.0004680876667
198618	0.0007613230426
198619	0.0007702385946
198620	7.618250158e-06
198621	0.002920185736
198622	0.001613962689
198623	0.0009598851269
198624	0.001117513496
198625	0.002212919762
198626	0.00119614042
198627	0.001454882604
198628	0.0001618886107
198629	0.002462320641
198630	0.001176983677
198631	0.002763557314
198632	0.0007708079066
198633	0.0004549149014
198634	0.0008476708819
198635	1.571797979e-05
198636	2.010243386e-05
198637	0.0005046464937
198638	0.0002230260092
198639	0.002647506298
198640	0.0002721100984
198641	0.001864985102
198642	0.0003989531336
198643	0.000567826066
198644	0.0005315597728
198645	0.0001308148517
198646	0.0006519576637
198647	0.001123640973
198648	0.0009435997339
198649	0.002727556268
198650	0.001119179973
198651	0.0003030273962
198652	0.0009788601274
198653	9.135462478e-05
198654	0.002412390262
198655	0.004976411839
198656	0.001964460618
198657	0.0002229406138
198658	1.29097857e-05
198659	0.0003553035423
198660	0.001146331317
198661	0.0005297876997
198662	0.001340700803
198663	0.0003868318761
198664	0.001349703337
198665	0.0003132981932
198666	0.003121865824
198667	0.0001443408534
198668	0.001745714348
198669	0.0004310946776
198670	0.0005215165882
198671	0.0003513830581
198672	0.001115772332
198673	0.0002471210321
198674	0.0001005247353
198675	0.000866597108
198676	0.001056353211
198677	5.388082316e-05
198678	0.004559818772
198679	0.0003152475677
198680	0.000948145059
198681	0.0005077191457
198682	0.000445232375
198683	0.003917296727
198684	5.662247858e-05
198685	0.0010715879
198686	0.0003316290063
198687	0.0002277172845
198688	0.003975910556
198689	0.0002219669865
198690	0.00484689935
198691	0.0006127362633
198692	0.001533806174
198693	0.0003077654039
198694	0.0005929561786
198695	7.453975029e-05
198696	0.001699068544
198697	0.0001702365631
198698	0.002575853691
198699	0.00110039532
198700	0.001895155091
198701	0.0003192427876
198702	0.0003274128549
198703	0.001146916026
198704	0.0009882610921
198705	0.0002115522058
198706	0.004517397643
198707	0.004570919023
198708	0.001794122835
198709	0.0008324310186
198710	0.004227422379
198711	0.0008482995432
198712	0.0002139810326
198713	0.002627927272
198714	0.001348741801
198715	0.0003184786313
198716	0.000313723647
198717	0.005483832654
198718	0.001196987069
198719	0.0003759886062
198720	0.005621161176
198721	8.364282457e-05
198722	0.0007013641144
198723	0.0007759274874
198724	0.0001821008764
198725	0.002313281789
198726	0.00580182437
198727	0.002705551869
198728	0.0008463153308
198729	0.0009323641819
198730	0.002236050317
198731	0.002919514736
198732	6.40668529e-05
198733	0.005241235456
198734	0.0008589020798
198735	0.003204259699
198736	0.003690361908
198737	0.0002055680225
198738	0.002335297281
198739	0.002161740044
198740	0.000592591961
198741	0.00385117521
198742	0.002778842232
198743	0.002766952458
198744	0.001160837066
198745	0.004882057188
198746	0.0004797142118
198747	0.0007231840986
198748	0.001546294729
198749	0.004385125236
198750	0.003169281219
198751	0.001004717335
198752	0.001539659516
198753	0.003384078275
198754	0.005439229556
198755	0.001565381292
198756	0.0001677325166
198757	0.004486406638
198758	0.0007233216088
198759	0.001708555895
198760	0.0001547379365
198761	0.002848529303
198762	0.0005447042114
198763	0.001571726759
198764	0.003128858179
198765	0.001391823021
198766	0.002211820169
198767	0.0001495951104
198768	0.002661869664
198769	0.000756571696
198770	0.002180618968
198771	2.540539379e-06
198772	0.003983538647
198773	0.002774021004
198774	0.002786650026
198775	0.0009016312842
198776	0.003463497992
198777	0.00101633526
198778	0.002324775267
198779	0.003385286473
198780	0.002442959151
198781	0.0001096036249
198782	0.00099398474
198783	0.00308947302
198784	0.003566863984
198785	0.0001398317839
198786	0.001148118927
198787	0.004385763307
198788	0.000704994366
198789	0.001858039212
198790	0.001272061355
198791	5.705660342e-05
198792	0.001281366941
198793	0.001120757592
198794	0.001816702377
198795	0.00253059012
198796	0.00479246977
198797	0.003123551677
198798	0.002059276928
198799	0.003378048553
198800	0.003676191517
198801	0.0007965712623
198802	0.001530932455
198803	0.001914464927
198804	0.0004070529411
198805	0.0001573285023
198806	0.00136272606
198807	0.002953943355
198808	0.0002510124137
198809	0.0001387707499
198810	0.00365620296
198811	0.0007065806411
198812	8.304733113e-07
198813	0.002519751041
198814	0.002623892092
198815	0.003369993859
198816	0.001815691009
198817	0.001047364438
198818	0.002896595311
198819	0.002751207446
198820	0.001665281342
198821	0.0009844734492
198822	0.003055152639
198823	0.00134470379
198824	0.0006755457219
198825	0.002801136892
198826	0.0006919528319
198827	0.003812501523
198828	0.0007090534965
198829	0.001998429727
198830	0.003522345172
198831	0.002628254667
198832	0.0005913445096
198833	9.420190055e-06
198834	0.001433131373
198835	0.001488670301
198836	0.002126506791
198837	0.002816389919
198838	2.596899971e-05
198839	0.001370526169
198840	0.0001711192917
198841	0.0001503513505
198842	0.001157199959
198843	0.002473228737
198844	0.002251149506
198845	0.002428412209
198846	0.002054560679
198847	0.001208975307
198848	0.002137230638
198849	0.0004794663924
198850	0.0002783515912
198851	0.003029831197
198852	0.000382107694
198853	0.0006428804873
198854	0.001760551915
198855	0.0004012548527
198856	0.002775455563
198857	0.001294560885
198858	0.003076488509
198859	0.001410754895
198860	0.0004111254796
198861	0.0008318271842
198862	0.000444026883
198863	0.0002923889207
198864	0.0007350241305
198865	0.0006078731537
198866	0.0008650632293
198867	0.0003761689315
198868	0.002021890055
198869	0.00226730089
198870	0.00455450964
198871	0.001308219136
198872	0.002504289125
198873	0.0001568715277
198874	0.003918671834
198875	0.003363094714
198876	0.0003038538664
198877	0.001175472849
198878	0.0007100248055
198879	0.0002361625442
198880	0.001359273104
198881	0.001498487126
198882	0.001495908073
198883	0.0004348918523
198884	2.778477542e-07
198885	0
198886	0.001298411438
198887	0.002192345647
198888	0.001298524579
198889	0.003238688779
198890	0.0008852763424
198891	0.001167848287
198892	0.0005784920164
198893	0.0008518679172
198894	0.0002868577549
198895	0.003168565948
198896	0.001070414456
198897	0.003505489403
198898	0.001860926599
198899	0.000147210769
198900	0.0004734858682
198901	0.002852888764
198902	0.0001066379273
198903	0.001101778757
198904	0.003819584798
198905	0.00307209749
198906	0.003225001834
198907	0.001773961382
198908	1.479556314e-05
198909	0.003648711462
198910	0.003521389895
198911	0.0007832415876
198912	0.00279689305
198913	0.002190188128
198914	0.002552792511
198915	0.0001824225759
198916	0.00349438559
198917	4.942964915e-07
198918	0.003460531161
198919	0.0005766822157
198920	0.002225987882
198921	0.003128516225
198922	0.003776940763
198923	0.002343614418
198924	0.003966688193
198925	0.0008794244413
198926	0.0002477496557
198927	0.003454002322
198928	0.0002287876189
198929	0.00174345245
198930	0.0001469452365
198931	0.002183889065
198932	0.002598890771
198933	0.002511276422
198934	0.001301543496
198935	0.003102904583
198936	0.0006697291468
198937	0.00277327689
198938	0.00091053303
198939	0.001581803614
198940	0.001298894862
198941	0.001633309348
198942	6.568850557e-06
198943	0.0009712475429
198944	0.000163663588
198945	0.0008976619155
198946	0.0005860304981
198947	0.001662586682
198948	0.002324077264
198949	0.0006315201574
198950	0.004303085231
198951	0.001173901129
198952	0.001382713914
198953	0.002230764451
198954	6.382419249e-05
198955	0.0002868921556
198956	0.003872152259
198957	0.0008932186686
198958	0.00178127373
198959	0.001492253072
198960	0.002370718179
198961	0.0002860137268
198962	0.0002331898204
198963	0.001313653739
198964	0.0001972104436
198965	0.004393540859
198966	0.00294332266
198967	0.0006126234901
198968	0.001593297965
198969	0.0008756040231
198970	0.004819811279
198971	0.004479504081
198972	0.0005637198121
198973	0.0003991245614
198974	0.005581742307
198975	0.001205783235
198976	0.0004098248811
198977	0.002888331256
198978	0.002360165822
198979	0.006640538898
198980	0.002936148963
198981	0.001915004382
198982	0.001254696297
198983	0.0009902357784
198984	0.004085032243
198985	0.001244938167
198986	0.004195267616
198987	0.002405036375
198988	0.002081713322
198989	5.537541705e-05
198990	0.0006808734947
198991	0.001470351946
198992	0.001535587519
198993	0.003632322061
198994	0.003946724041
198995	0.001523645944
198996	0.0001366452994
198997	0.0002221913643
198998	0.001064491415
198999	0.000963167632
199000	0.001235470972
199001	0.001081817647
199002	0.0003823956527
199003	0.002543864604
199004	8.670412408e-05
199005	0.0007910211117
199006	0.004868628255
199007	2.903165804e-05
199008	0.0002360985605
199009	0.001285404918
199010	0.001780630346
199011	0.0006804611929
199012	0.0001466494295
199013	0.002328187858
199014	0.001404064869
199015	0.000791950567
199016	4.309307766e-05
199017	0.0005687766802
199018	0.0002931307181
199019	0.0009119952066
199020	0.000748777483
199021	0.0007944684978
199022	0.0002886865783
199023	0.006118139963
199024	0.0002881051344
199025	0.002298632829
199026	0.000755024918
199027	0.0009660712547
199028	0.00116884755
199029	5.075877983e-06
199030	0.00124002635
199031	6.129270281e-05
199032	0.003255291232
199033	0.0009767177038
199034	0.0003066824323
199035	0.0004034277663
199036	0.001460165853
199037	0.000821314444
199038	0.000414215432
199039	0.004302836423
199040	0.0001870282103
199041	0.0009155151607
199042	0.0009941270265
199043	0.005455782074
199044	0.004560701263
199045	0.003047242874
199046	0.005722404283
199047	0.002278841275
199048	6.169211831e-05
199049	3.244237448e-05
199050	0.0002351880359
199051	0.003417540175
199052	0.001009754518
199053	0.0002385853333
199054	0.0004064077459
199055	8.638131398e-05
199056	0.0005516717038
199057	0.0003134389648
199058	0.0005820075326
199059	0.0004148436056
199060	0.00059915256
199061	0.0002828378289
199062	0.0004717554505
199063	0.0006676741849
199064	0.0004762756535
199065	0.0004846021588
199066	0.0007793490352
199067	0.0007250734337
199068	0.0003679215955
199069	0.0005426397853
199070	0.0004481108111
199071	0.0006109385233
199072	0.0004969196727
199073	0.0003625080546
199074	0.0004648121447
199075	0.0007712561318
199076	0.0002018533222
199077	0.0002555892626
199078	0.0004651637558
199079	0.0006381226317
199080	0.0006284049287
199081	0.001210093013
199082	0.003234615622
199083	0.002870978488
199084	0.002120308098
199085	0.0006451867571
199086	0.002283171691
199087	0.001421450129
199088	0.003623035892
199089	0.001356532174
199090	0.003537303405
199091	0.0003051965948
199092	0.004860851968
199093	0.000595359215
199094	0.0008988234093
199095	0.0009598743051
199096	0.0001815099558
199097	0.0006394531015
199098	0.001268503078
199099	3.297721941e-05
199100	0.003178467579
199101	0.0005094967665
199102	0.001044021417
199103	0.0004246214543
199104	0.005722173859
199105	0.0002246845004
199106	0.000380491896
199107	0.0004537955482
199108	0.0009941998867
199109	0.000399601982
199110	0.0008996691332
199111	0.0006722029088
199112	0.002456129111
199113	0.001256584483
199114	0.001589430164
199115	2.717729314e-05
199116	0.0005353449738
199117	0.001819275546
199118	0.0001151180249
199119	0.005099313651
199120	0.001928197553
199121	0.0002536023653
199122	0.0007491596347
199123	0.002607967333
199124	0.000400111728
199125	0.0004591047986
199126	0.004140697848
199127	0.0002094364643
199128	0.001234708274
199129	0.0006855097318
199130	0.0008260569791
199131	0.001060117949
199132	0.006303857253
199133	0.002433647348
199134	0.0006529689662
199135	0.0002344304699
199136	0.0003315711977
199137	0.000243676567
199138	0.001837158978
199139	0.0001136280045
199140	0.00032069804
199141	3.184092606e-05
199142	0.0002960975012
199143	0.0002343255171
199144	2.428659443e-05
199145	0.0003976347136
199146	0.0002048414873
199147	2.292866785e-05
199148	9.26045993e-05
199149	4.514195553e-05
199150	8.079291513e-05
199151	0.0001172539702
199152	9.646102557e-05
199153	3.531779292e-05
199154	4.158591166e-05
199155	2.439055826e-05
199156	0.0002355222178
199157	0.0001926565686
199158	4.996049038e-05
199159	9.397695967e-05
199160	0.0001889863778
199161	3.653980053e-05
199162	0.0001109946711
199163	0.0002503706986
199164	0.0007871049924
199165	0.0004829454063
199166	0.0001987473912
199167	0.0003025930277
199168	0.0006457994916
199169	0.0001817047977
199170	4.029111952e-05
199171	5.897479218e-05
199172	0.0008332336405
199173	3.150460541e-05
199174	3.99540655e-05
199175	0.0001399647726
199176	9.882557518e-05
199177	0.0004165787151
199178	7.316299451e-06
199179	0.0001711491625
199180	8.194027475e-05
199181	6.205128388e-05
199182	0.0003529160312
199183	4.345531351e-05
199184	0.0009243671602
199185	0.0002048580481
199186	0.0004651836854
199187	0.0009075602758
199188	0.0002810013803
199189	0.0007992675165
199190	6.742038692e-05
199191	0.0003116703306
199192	4.351248295e-05
199193	0.0008095096549
199194	0.0003928800419
199195	0.0001242585905
199196	0.0006805845299
199197	0.000466646306
199198	0.0001211679154
199199	0.0001604382172
199200	9.282789669e-05
199201	3.107473526e-05
199202	0.0002345777481
199203	0.0002520293663
199204	0.0003820634487
199205	0.0003368914332
199206	2.92198524e-05
199207	0.0001651045644
199208	0.0006247626878
199209	0.0006439943252
199210	6.336325131e-05
199211	0.0002276895382
199212	0.0004506815683
199213	0.0005001406628
199214	0.0004694836826
199215	0.0004560589721
199216	6.633151687e-05
199217	8.83887609e-05
199218	6.344631336e-05
199219	0.0001104931717
199220	0.0002272712573
199221	0.0006224736384
199222	0.0001304999804
199223	6.840275262e-05
199224	0.0001038880404
199225	0.0005760519978
199226	0.001654171765
199227	0.001592067022
199228	0.0005685939921
199229	0.0009044322096
199230	0.0002363033005
199231	0.0001354659861
199232	0.0002904680791
199233	0.000197157595
199234	5.234431517e-05
199235	0.0001731409637
199236	0.002275723021
199237	0.001819033628
199238	3.72014188e-05
199239	1.91993132e-05
199240	6.229537934e-05
199241	0.0001605860801
199242	0.0002846503588
199243	0.001122253501
199244	0.0002791854613
199245	0.0001130079609
199246	1.38705685e-05
199247	5.477291415e-05
199248	0.002057483058
199249	0.001678105507
199250	0.0001388084239
199251	1.993425733e-05
199252	0.002865303168
199253	0.002069391565
199254	0.0007355680441
199255	0.0007746628827
199256	0.00359217841
199257	0.002252616733
199258	0.003795696053
199259	0.0005811627431
199260	0.001715849935
199261	5.011772623e-05
199262	0.006516387615
199263	0.002046687973
199264	0.001368540444
199265	0.001477350216
199266	0.002049537479
199267	0.001337666342
199268	0.001643950447
199269	0.003275870095
199270	0.002497498665
199271	7.127304769e-05
199272	5.854701633e-05
199273	0.0002565983203
199274	0.00205806427
199275	0.003159258966
199276	0.002826861737
199277	0.002696879784
199278	0.000517661123
199279	0.0007143757695
199280	0.003001657333
199281	0.002369009692
199282	0.002510173055
199283	0.001841351035
199284	0.0003830531673
199285	0.003327655882
199286	0.001600329007
199287	0.001478886724
199288	0.0008921327031
199289	0.001580256177
199290	0.004667463545
199291	0.002286065032
199292	0.002944030034
199293	0.003279829609
199294	0.0009849341169
199295	0.004083398774
199296	0.004386140674
199297	0.000477795972
199298	0.003733854908
199299	0.0001761064596
199300	0.003091914678
199301	0.001586145868
199302	0.002080733848
199303	0.002219809761
199304	0.002871197923
199305	0.008094759419
199306	0.002603383865
199307	0.001047931114
199308	0.004845577119
199309	0.0008350818509
199310	0.00179314366
199311	0.001677200891
199312	0.0008128132091
199313	0.002230296461
199314	0.004412756438
199315	0.0001227966664
199316	0.004065886059
199317	0.0052093899
199318	4.479658052e-05
199319	0.0001758244751
199320	0.001712882835
199321	0.003731177667
199322	0.00060375966
199323	0.0004053326964
199324	0.0007856212924
199325	0.001179506065
199326	0.002403826599
199327	0.0007740179796
199328	0.0008081557694
199329	0.004960897472
199330	0.002223944697
199331	0.001053091084
199332	0.0005154166979
199333	0.003360042186
199334	0.006116962579
199335	0.003200888463
199336	0.0008436813192
199337	1.087578461e-05
199338	1.787186685e-05
199339	1.89290669e-05
199340	0.0008655777055
199341	4.728991527e-05
199342	6.846734592e-05
199343	0.0001880285647
199344	0.0006789567682
199345	0.0004020462787
199346	0.0004083536041
199347	0.0003368296879
199348	0.0005795152732
199349	0.0001692765638
199350	6.741845092e-05
199351	0.002791069989
199352	0.002004907135
199353	0.001356327977
199354	0.002732786698
199355	0.003084697264
199356	0.00154606224
199357	0.004813331629
199358	0.0003562281298
199359	0.0006652426173
199360	0.005193775113
199361	0.0008474901812
199362	0.00015383165
199363	0.001452539885
199364	0.0003076625611
199365	0.0001899540804
199366	0.003593351838
199367	0.000686695469
199368	0.00988987283
199369	0.007231073492
199370	0.0008364147658
199371	0.002452335959
199372	0.0001029073417
199373	0.002452188927
199374	0.001431739268
199375	0.005525433911
199376	0.001666005685
199377	0.001686190313
199378	0.0007453641884
199379	0.001524213059
199380	0.003062812207
199381	0.0001074508867
199382	0.0007570657817
199383	0.003140069434
199384	0.001398020642
199385	0.001512856051
199386	0.001834090083
199387	0.001622377426
199388	0.001374038481
199389	0.0009760092739
199390	0.0007203332809
199391	0.0003661297853
199392	0.001812510351
199393	0.002744683633
199394	0.0001076327301
199395	0.001133180813
199396	0.000731786568
199397	0.0001912443793
199398	0.001278834725
199399	0.003841803867
199400	0.0006652683956
199401	0.0007324637353
199402	0.00205806073
199403	0.003392451785
199404	0.003910907121
199405	0.001193975519
199406	0.002752894249
199407	0.002687754127
199408	0.0002301384697
199409	0.0003457997911
199410	0.003109202527
199411	0.000213033147
199412	0.001619962405
199413	0.0001315522448
199414	0.0027455756
199415	0.0006309685577
199416	0.000503419722
199417	0.002939121104
199418	0.0005925425389
199419	0.00247150129
199420	1.701245031e-05
199421	0.001325281863
199422	0.0008630855642
199423	0.0006361201604
199424	0.0009243364033
199425	0.000674810345
199426	0.002235183943
199427	0.0005498327776
199428	0.0001782171765
199429	0.0001902112075
199430	0.00293319248
199431	0.0007550093319
199432	0.002067012904
199433	0.004806174383
199434	0.004160029009
199435	0.002298015256
199436	0.002555234893
199437	0.0005301916931
199438	0.003001073032
199439	0.0001479920773
199440	0.0007347285566
199441	0.001573754906
199442	0.002865393797
199443	0.0006532808597
199444	0.0006602234536
199445	0.003315594802
199446	0.0005638368371
199447	0.0009600679778
199448	0.001722234077
199449	0.0006101306404
199450	0.001019692685
199451	0.001641335301
199452	0.002184154939
199453	0.001451322656
199454	0.002562206487
199455	0.0007232111515
199456	0.0009306326633
199457	0.0004179427127
199458	0.002230283587
199459	0.0006670571705
199460	0.001662941648
199461	0.0004037410158
199462	0.001499176523
199463	0.0008254355282
199464	0.0003683373273
199465	0.0006078539469
199466	9.202804388e-05
199467	0.001356928886
199468	0.0007646522615
199469	0.0004658129799
199470	0.0002718370038
199471	0.001148895816
199472	8.621983834e-05
199473	0.0008899618247
199474	1.156081012e-06
199475	0.0009741307201
199476	0.0007777884279
199477	0.0008417687591
199478	0.0007168319299
199479	0.0002539635351
199480	0.001196003228
199481	0.001293139634
199482	0.0009120320173
199483	0.0006880348217
199484	0.0008175280886
199485	0.001424312275
199486	0.0005383542988
199487	0.000928405802
199488	0.0004683898707
199489	0.00142944863
199490	0.001028722393
199491	0.001790982049
199492	0.001258104048
199493	0.0009481111678
199494	0.0006905406212
199495	0.0005454831691
199496	0.0009976896981
199497	0.001058442423
199498	0.0005995169174
199499	0.000702335137
199500	0.0002373776901
199501	0.0007187770543
199502	0.0007613980813
199503	0.0007841682953
199504	0.001145200404
199505	0.00201015963
199506	0.0009880949674
199507	0.0007767890103
199508	0.0007802650088
199509	0.0008711443419
199510	0.001338417187
199511	0.001104964804
199512	0.001148478559
199513	0.0001434008832
199514	0.001556882565
199515	0.0007056207914
199516	0.001302457404
199517	0.0006249080072
199518	0.0001631629572
199519	0.0002414734308
199520	0.001093568365
199521	0.001257001342
199522	0.0007206166778
199523	0.0003096868743
199524	0.002105831859
199525	0.001133928005
199526	0.005323614971
199527	0.00262162901
199528	0.0004150869541
199529	0.0004591535985
199530	0.00138622029
199531	0.0002118249283
199532	0.002003336753
199533	0.0003423222879
199534	0.001153173646
199535	0.0002153306123
199536	0.00290134699
199537	0.002069320886
199538	0.002177169663
199539	0.001111216081
199540	8.220404302e-05
199541	0.001592044229
199542	0.0005426926152
199543	0.002003118615
199544	0.001345866631
199545	0.0005004950953
199546	0.002405227985
199547	0.003852912738
199548	0.00360165729
199549	0.002779849893
199550	0.002264173906
199551	0.0006230858436
199552	0.004230798139
199553	0.00401172196
199554	0.001404308373
199555	0.001967282513
199556	3.621808828e-05
199557	0.003428767814
199558	0.004525545208
199559	0.004802958406
199560	0.005634988197
199561	0.001577713267
199562	0.0009281814337
199563	6.450947243e-05
199564	0.01150014768
199565	0.002520055505
199566	0.0008303953397
199567	0.005940460371
199568	0.0008152520086
199569	0.0001908205019
199570	0.003097519436
199571	0.003381205696
199572	9.918746165e-05
199573	0.0002436975693
199574	0.001263248165
199575	0.002161955067
199576	0.0008590948209
199577	0.0009001557171
199578	0.0004560502044
199579	0.0007546341779
199580	0.0009493923469
199581	0.0005303580719
199582	0.001210233803
199583	0.002197829301
199584	0.002802089861
199585	0.002488490609
199586	0.004776783491
199587	0.001482882993
199588	0.0006784511567
199589	0.000606409477
199590	0.0008858363381
199591	0.000862701331
199592	0.0007847570855
199593	0.002231835773
199594	0.0006823584523
199595	0.0005388792201
199596	0.003189784209
199597	0.002469564312
199598	0.0008482289254
199599	0.0009868343725
199600	0.003233810067
199601	0.001916962213
199602	0.0008796432255
199603	0.0005983606471
199604	0.001634520269
199605	0.001951012373
199606	0.0004362238053
199607	0.001319941672
199608	0.002039616432
199609	0.003470079131
199610	0.001717306147
199611	0.0001325605229
199612	0.002566011466
199613	0.002639437921
199614	0.0002713838002
199615	0.0005538624656
199616	0.001285846174
199617	4.695533728e-05
199618	0.0002256041528
199619	0.001535659043
199620	0.002886048584
199621	0.002464407226
199622	0.0001699360317
199623	0.0005691038378
199624	0.002207977636
199625	0.0006855499394
199626	0.0008557632463
199627	0.0007283687484
199628	0.0007301972717
199629	0.000651021507
199630	0.0005077043928
199631	0.002132470943
199632	0.001427196662
199633	0.001080495322
199634	0.0005758221683
199635	0.00195156424
199636	0.001719622702
199637	0.001757621099
199638	0.0009584804071
199639	0.0005886957564
199640	0.003224856785
199641	0.004111948459
199642	0.0004785218444
199643	0.003076960512
199644	0.0004781823585
199645	0.000488974595
199646	2.351448073e-05
199647	0.0005687233424
199648	6.443086674e-05
199649	0.0005269672068
199650	0.001972818289
199651	0.0003237854566
199652	0.0003564652377
199653	0.0002876826484
199654	0.0007653557681
199655	1.343235071e-05
199656	0.0002064671434
199657	8.277499745e-05
199658	9.146286996e-05
199659	0.000661543338
199660	0.0002184105425
199661	0.0004125557614
199662	0.0003102801868
199663	0.0008238575653
199664	0.000392703959
199665	0.001527735956
199666	0.001466887628
199667	0.00318902994
199668	0.003505686506
199669	0.003065230426
199670	0.001253737571
199671	0.0007358266578
199672	0.002924254441
199673	0.0009527623181
199674	0.005434979647
199675	0.001910212396
199676	0.00339797202
199677	0.0003155888619
199678	0.0009035885904
199679	0.001572059856
199680	0.0001144228403
199681	0.0001222444316
199682	0.00153130063
199683	0.009792567378
199684	0.001129883737
199685	0.004007918283
199686	0.002187063382
199687	0.000235907995
199688	0.008282163479
199689	0.000181126944
199690	0.0002361956911
199691	0.0007621904293
199692	0.0003573193296
199693	0.001646820704
199694	3.639630291e-05
199695	7.610865427e-06
199696	0.001435637085
199697	0.0004925842412
199698	0.0006064792549
199699	0.0007768902637
199700	0.0009350761711
199701	0.001422701954
199702	0.00127968057
199703	0.001143439082
199704	0.0008600842365
199705	0.00106234308
199706	0.001246747397
199707	0.001542364663
199708	0.001772321118
199709	0.0009782602222
199710	0.001085315348
199711	0.0007410484138
199712	0.00224475599
199713	0.001276228417
199714	0.0009001133498
199715	0.0005870242773
199716	0.0001182198402
199717	0.001842783064
199718	0.004012126361
199719	0.0003883645841
199720	0.0002264680326
199721	0.0002014956883
199722	0.0001485566565
199723	0.0003006449613
199724	0.0001810403197
199725	0.0001248840621
199726	0.001140323475
199727	0.00034390008
199728	0.0004155454276
199729	0.0002585119822
199730	2.808247164e-05
199731	0.0002952817719
199732	0.0001021089254
199733	0.002987438574
199734	2.943658841e-05
199735	0.0003269904428
199736	0.0001098326956
199737	0.0005848252008
199738	0.0003458902541
199739	2.726348473e-05
199740	7.572329434e-05
199741	0.0006992643972
199742	0.0002875728018
199743	9.556640805e-05
199744	0.0002186538764
199745	0.0007498624342
199746	0.0001716078159
199747	0.0003390302685
199748	0.004151116233
199749	0.0002150215186
199750	0.0003583834702
199751	0.006973207682
199752	0.002877836945
199753	2.835252391e-05
199754	0.0003322773931
199755	0.0001961407928
199756	0.0001997824458
199757	1.496045332e-05
199758	0.00025716547
199759	5.600169111e-05
199760	8.206970409e-05
199761	0.0001679823827
199762	0.0009357285932
199763	0.0003499548398
199764	0.0005964824813
199765	0.0001436502435
199766	0.0006774516319
199767	8.707687981e-05
199768	0.0001187895346
199769	0.0003669290861
199770	0.0004307819988
199771	0.0003859801504
199772	3.137492067e-05
199773	0.0001720537887
199774	0.0005642980839
199775	0.0007178745466
199776	0.0007891996439
199777	0.0001945951002
199778	0.0007164562042
199779	0.0002069253238
199780	0.0001354846126
199781	0.0001302775384
199782	4.289551933e-05
199783	0.0002442560869
199784	0.0001841438453
199785	2.312865422e-05
199786	3.706361908e-05
199787	0.0004838152488
199788	0.0001005612913
199789	0.0001520112745
199790	0.0002419379864
199791	0.0002941520858
199792	0.0004988439187
199793	2.067647961e-07
199794	6.24073731e-05
199795	3.659193243e-05
199796	0.0002767920996
199797	0.000340346686
199798	6.379525777e-05
199799	0.0002019731138
199800	0.0005557303909
199801	0.0007003598212
199802	0.0005640847493
199803	0.0002622878314
199804	2.802418516e-05
199805	0.000412435837
199806	0.0001502487196
199807	0.0002017309866
199808	0.0002497698688
199809	7.300078776e-05
199810	0.0004581531142
199811	0.0003018577926
199812	0.0004638377733
199813	9.301913359e-05
199814	0.0004002297074
199815	0.0009247694098
199816	0.004228060009
199817	0.0008871566926
199818	9.140532446e-05
199819	0.0009123568601
199820	0.0004093553999
199821	0.0001166982548
199822	0.001442422443
199823	0.000186963832
199824	0.0006867931466
199825	0.0003136345483
199826	0.0002322541318
199827	0.000794154617
199828	0.0006380345993
199829	0.0003795587721
199830	0.0004587512182
199831	0.0003545908695
199832	0.0003934904509
199833	0.0005926377466
199834	0.0002888463864
199835	4.824649961e-05
199836	0.0007229689748
199837	0.0009299483839
199838	8.669739341e-05
199839	0.0002183845116
199840	0.0002497450888
199841	0.0003929225893
199842	0.0004026919703
199843	0.0007402408314
199844	0.0003389499979
199845	1.118973794e-05
199846	0.001170369774
199847	0.0005638776898
199848	1.626729685e-05
199849	0.0001797381682
199850	0.0001686871948
199851	8.746773375e-05
199852	6.500762443e-05
199853	3.021813559e-05
199854	0.0002807663391
199855	0.0007479407282
199856	0.000183383823
199857	0.0001539984221
199858	0.003904087651
199859	0.000260481999
199860	0.0006535032973
199861	2.739847999e-06
199862	0.0002938372822
199863	0.0002591641654
199864	0.0004056157711
199865	0.0001011346323
199866	0.0006119445894
199867	0.0008071737977
199868	1.373316358e-05
199869	0.0004335248762
199870	3.104248366e-05
199871	0.0002290089933
199872	0.0001173507425
199873	0.0002345956239
199874	2.28617231e-05
199875	8.402989913e-05
199876	0.0007049151746
199877	0.0001702736321
199878	0.0001849638561
199879	0.001176059839
199880	0.0002471130625
199881	0.0001078066559
199882	6.395930513e-05
199883	0.0001990782835
199884	2.890897726e-05
199885	8.845632152e-05
199886	0.0007416062474
199887	0.0003111187167
199888	0.0007967701125
199889	2.591851908e-05
199890	0.0002526151648
199891	0.0006706615043
199892	0.0006288774857
199893	0.0001370896117
199894	0.0001054501441
199895	0.0003735268105
199896	0.0001728745185
199897	9.789635373e-05
199898	0.0007106745914
199899	0.0002125878125
199900	0.0001701020009
199901	8.769015086e-05
199902	0.0001579900669
199903	0.0001396141683
199904	0.0006757619168
199905	0.0002768796817
199906	0.0003195131594
199907	0.0001470305313
199908	0.0004657845743
199909	0.0002496796257
199910	0.0003133160927
199911	6.925877946e-06
199912	0.0003598267353
199913	0.0002316346879
199914	0.0001956313882
199915	0.0003044725442
199916	0.001215695344
199917	0.0004710337849
199918	0.004198506234
199919	0.000321791546
199920	3.395437565e-05
199921	0.0002834137946
199922	0.0004217794776
199923	0.0003461296177
199924	8.680400909e-05
199925	0.0002241979314
199926	0.0004436723472
199927	0.000362832851
199928	0.0002393625189
199929	0.0004198771394
199930	0.0003678952161
199931	0.003629842106
199932	1.529634785e-05
199933	0.0002173046601
199934	0.0002434206043
199935	0.0001578637246
199936	0.00052830352
199937	0.0004654566903
199938	0.0002775130675
199939	0.0002070363362
199940	0.000266338879
199941	4.101994763e-05
199942	0.0001899815141
199943	0.0001800482041
199944	0.0002109749287
199945	0.0004000976047
199946	0.000474128348
199947	5.277211278e-05
199948	0.002125526772
199949	0.0001686629188
199950	0.0009731345509
199951	0.0003723654092
199952	0.0001283896528
199953	0.0007015230788
199954	0.0007530819805
199955	9.386302998e-05
199956	0.0001346052675
199957	0.000315379489
199958	0.0004267026531
199959	0.0004496883364
199960	0.0001701397416
199961	0.0001634688729
199962	0.0002424627246
199963	0.0001395969026
199964	0.0004631403636
199965	0.0002504259509
199966	2.63708415e-05
199967	0.0001377543409
199968	0.0001825090068
199969	0.000157808512
199970	0.0004784864398
199971	0.0009336039952
199972	0.0007077476537
199973	0.0004790965583
199974	8.726547345e-05
199975	8.799346918e-05
199976	0.0002743179182
199977	0.0002511124857
199978	0.0001837768534
199979	0.0002681717091
199980	0.0001270324928
199981	0.0003380070892
199982	0.0005982342329
199983	0.0004049738849
199984	0.0001812036229
199985	3.798458749e-05
199986	0.001012545208
199987	0.0001027239129
199988	0.0002929537336
199989	0.0002469252523
199990	0.0002813319521
199991	0.0004445125749
199992	8.822872907e-05
199993	3.43328526e-05
199994	5.576783483e-05
199995	0.0005042816067
199996	5.753149882e-05
199997	0.0001074616533
199998	0.0005275185937
199999	0.0002114006239
200000	0.0001816681502
200001	0.000682222363
200002	0.0003023458379
200003	0.0005710758781
200004	0.0002480748975
200005	2.07344206e-05
200006	0.0003820133872
200007	0.0005641149752
200008	0.0003116209874
200009	0.0002257685554
200010	0.0005829136909
200011	0.0004320592888
200012	5.23340787e-05
200013	0.0003894069528
200014	0.000147612653
200015	6.975484185e-05
200016	0.0002126018939
200017	0.0001838018913
200018	0.0001774063579
200019	5.098971789e-05
200020	0.0001168137307
200021	0.0002679966953
200022	0.0001022593821
200023	0.0002671893887
200024	0.0003961415375
200025	1.856846512e-05
200026	6.559046252e-05
200027	0.0004746483954
200028	9.928933894e-05
200029	0.0004510397389
200030	0.000133967858
200031	0.0002957404158
200032	4.942941429e-05
200033	0.0002238462171
200034	0.0004621503049
200035	0.0009103945811
200036	0.0007471442908
200037	2.424314723e-05
200038	0.001095382042
200039	2.709964065e-05
200040	0.0001319033253
200041	0.002071247649
200042	0.0002005777475
200043	2.941027957e-05
200044	0.0001404747131
200045	0.0007787737976
200046	8.161338887e-05
200047	0.0004937432792
200048	0.0007584012996
200049	0.0006423137009
200050	0.0007106645901
200051	1.095865335e-05
200052	0.0008792685344
200053	0.000592941643
200054	2.328854168e-05
200055	0.0002765032871
200056	0.0004056653259
200057	0.0005030581587
200058	0.0003164598195
200059	0.0003165198657
200060	0.0005500637792
200061	0.000125516385
200062	7.11035738e-05
200063	0.0002558227729
200064	0.002077685277
200065	7.53913556e-05
200066	0.0001164340587
200067	0.001042782099
200068	9.624629029e-05
200069	0.0002948695317
200070	0.0005857548778
200071	0.0005499541779
200072	0.0003618151153
200073	0.0002223049552
200074	0.0003903229512
200075	0.0002518002111
200076	0.0001718684662
200077	0.0002000259891
200078	0.0001244706799
200079	0.000481591922
200080	3.646497899e-05
200081	0.0002749290567
200082	0.0002559012383
200083	0.0004721482645
200084	0.0006604539423
200085	0.0003165098917
200086	0.0007313753076
200087	3.071823624e-05
200088	0.0009969809461
200089	0.0002180595962
200090	0.000468800436
200091	0.002191034955
200092	0.0001992519305
200093	0.0005808253167
200094	0.0003331189854
200095	0.0002453006087
200096	0.0001736047737
200097	0.0003396644357
200098	0.0003782407927
200099	0.0006918327304
200100	0.0002906075695
200101	0.0003035268124
200102	7.935442715e-05
200103	1.037564012e-05
200104	0.0004679106634
200105	0.0002536222028
200106	0.0001896171845
200107	0.0009044932802
200108	0.0007008958379
200109	6.519120311e-06
200110	4.072569998e-05
200111	0.0005253105504
200112	8.860668583e-05
200113	0.0001873467816
200114	0.0003713734861
200115	0.0009289404411
200116	0.0002892860837
200117	0.0004251077144
200118	0.0002571874417
200119	0.0002048017479
200120	0.001002724048
200121	0.0001770919824
200122	0.0005429239519
200123	0.0002517961381
200124	0.0005507863153
200125	0.0001641407213
200126	4.378882731e-05
200127	0.0004129334992
200128	0.0004743452561
200129	0.0008991964224
200130	0.0006865275593
200131	0.000111160754
200132	0.0003656222356
200133	0.0009032425946
200134	0.001025695153
200135	0.0001512281489
200136	4.154574259e-05
200137	7.179608891e-05
200138	0.0008937766187
200139	7.182032341e-05
200140	0.001199451866
200141	0.0002741999878
200142	0.0007355860692
200143	0.0003472539042
200144	0.0003427443552
200145	0.0001713748105
200146	0.001068083613
200147	0.000249046104
200148	7.417089388e-06
200149	1.384333654e-05
200150	0.0001773568017
200151	4.51444647e-05
200152	0.000204404812
200153	2.914049649e-06
200154	0.0001361142681
200155	0.0002537503803
200156	0.0002428780967
200157	0.0003430213296
200158	0.000237368191
200159	0.00122458165
200160	0.0003202921084
200161	0.003147941246
200162	0.000419091014
200163	0.0004709797067
200164	0.0007195942447
200165	0.0005621599552
200166	6.093725128e-05
200167	0.0001369041699
200168	0.0002550054064
200169	0.0004377032267
200170	0.0009820088086
200171	0.001384635239
200172	0.001199827922
200173	0.0009201466863
200174	0.001176080914
200175	0.0002115230221
200176	0.0003059619607
200177	0.000626492904
200178	0.0001069144036
200179	0.0003153506946
200180	0.0009377000057
200181	0.0006213622987
200182	2.817488105e-05
200183	0.001909590911
200184	0.002365296123
200185	0.001251022111
200186	0.001695010602
200187	0.003031461227
200188	0.0001621061847
200189	0.0007202228592
200190	0.0004848507221
200191	0.0002421854116
200192	0.001543157568
200193	0.003817674688
200194	0.0003165019763
200195	0.003880675612
200196	0.003679491751
200197	0.0004185826809
200198	0.001416032224
200199	0.002486075216
200200	0.001765137181
200201	0.0004255176461
200202	0.0009599001749
200203	0.001539005751
200204	8.19284938e-05
200205	0.001457837581
200206	0.00087893537
200207	0.0003207432256
200208	0.002534238822
200209	0.0007687306829
200210	0.0004707657326
200211	0.0004256867501
200212	0.000216521388
200213	0.0005243735288
200214	0.0006463232963
200215	0.0001279917072
200216	0.0008114912508
200217	0.00199288451
200218	0.001742223928
200219	0.0006743397415
200220	0.000580031674
200221	0.0001327570651
200222	0.0004207801997
200223	0.00160951175
200224	0.001343268056
200225	0.0004230337265
200226	6.192237914e-06
200227	0.000908318811
200228	0.003132217865
200229	0.003799349044
200230	0.003353143436
200231	0.002591765786
200232	0.004456600322
200233	3.054742516e-07
200234	0.003407134436
200235	0.001080784442
200236	0.001308801
200237	0.003568646418
200238	0.004066576433
200239	0.0003536718573
200240	0.0004762857518
200241	0.002665797396
200242	0.0001166016601
200243	0.002396167541
200244	0.002487678776
200245	0.002102314652
200246	0.001140934123
200247	0.005975887522
200248	0.005322245231
200249	0.0001608588215
200250	0.0009470851005
200251	0.001708737261
200252	0.00033953599
200253	0.0003351164117
200254	0.003643372562
200255	0.0002222953716
200256	0.0007413990837
200257	0.0002469838443
200258	0.004509757541
200259	0.001719795074
200260	0.005029468489
200261	0.0006959852463
200262	0.001567408231
200263	0.002673721354
200264	0.001570519626
200265	0.0001965922961
200266	0.003096909687
200267	0.0003719181443
200268	0.001237923383
200269	0.002762139068
200270	0.005700184456
200271	0.0002760917811
200272	0.004343385079
200273	0.0007130486988
200274	0.0008338160341
200275	0.004352592948
200276	0.004452399981
200277	0.0007962294799
200278	0.004779569801
200279	0.002481056676
200280	0.0001800919554
200281	0.001769453709
200282	0.001312284922
200283	0.007014935291
200284	0.0003041918645
200285	0.0001611930682
200286	0.001468917397
200287	0.004013934209
200288	4.387434229e-06
200289	0.003975560161
200290	1.019992943e-06
200291	0.0002322512548
200292	0.0002556562321
200293	0.001198256576
200294	0.004359723416
200295	0.002524689733
200296	0.00157400179
200297	0.0003260944532
200298	0.0009955144421
200299	0.001266875778
200300	0.001684819904
200301	0.004347742339
200302	0.003858320603
200303	0.003080990042
200304	0.002108386623
200305	0.002771478807
200306	0.0008531408922
200307	0.000930343027
200308	0.0002508601179
200309	0.001272846196
200310	0.003718232974
200311	0.001754206604
200312	0.003471530738
200313	0.002943024724
200314	0.0004596803709
200315	0.002030616689
200316	3.421834955e-05
200317	0.0004636533125
200318	0.005358750852
200319	0.002171212767
200320	0.0008456948044
200321	0.002342495749
200322	0.0004130975769
200323	0.006569517735
200324	0.00357138183
200325	0.0002540152745
200326	0.002547475556
200327	0.003412830739
200328	0.002051880886
200329	0.008555266062
200330	0.001358746788
200331	0.002081729118
200332	0.0002727980018
200333	0.000859309802
200334	0.0004396978598
200335	0.005446611275
200336	0.003877001233
200337	0.001353454774
200338	0.0004109242566
200339	0.002724025818
200340	0.001135902807
200341	0.000166457992
200342	0.0001023532603
200343	0.0004558628526
200344	0.001204858814
200345	0.0006086463329
200346	0.0001847093056
200347	0.005461843824
200348	0.0001439444092
200349	0.0004276047108
200350	0.002953113623
200351	0.002849351577
200352	0.001515016089
200353	0.001857314379
200354	0.001279535747
200355	5.801980399e-05
200356	0.0008468602111
200357	0.0002484512604
200358	0.003297057794
200359	0.002046501373
200360	0.0001771520741
200361	0.000138276703
200362	0.001643144533
200363	0.0007065965988
200364	0.0003028416246
200365	3.204784863e-05
200366	0.001529870949
200367	0.002700936123
200368	0.0004541897073
200369	0.0003566824227
200370	0.0001303233932
200371	0.001080782729
200372	0.001246457373
200373	0.0002272323389
200374	0.001916843269
200375	0.005322224106
200376	0.002672980765
200377	0.005104534487
200378	0.0003621824081
200379	0.002560884174
200380	0.006610765053
200381	0.001346063782
200382	0.0008052175447
200383	0.0006937751599
200384	0.002359231186
200385	0.0005733385136
200386	0.004369701091
200387	0.0005560714687
200388	0.0002532204267
200389	0.00109574266
200390	0.003609838945
200391	0.0005021267444
200392	0.0005442154384
200393	0.001138282913
200394	0.002120464865
200395	0.003598155985
200396	0.00196123101
200397	0.002317079445
200398	0.0002323509041
200399	0.002670005708
200400	0.001311457954
200401	0.001447231541
200402	0.0003339286778
200403	0.001733269228
200404	0.002926441956
200405	9.216768014e-05
200406	0.001319951919
200407	4.601923984e-05
200408	0.002296093478
200409	0.0009918164042
200410	0.0003617406768
200411	0.001486852391
200412	0.001158914698
200413	5.469067005e-05
200414	0.004232170059
200415	0.00206343602
200416	0.001308408448
200417	0.0003231846287
200418	0.001175748502
200419	0.003226496051
200420	0.0001172676862
200421	0.003209920243
200422	0.0008324617341
200423	0.0009151104606
200424	0.0002421726415
200425	0.0009729634043
200426	0.0005602083736
200427	0.0007802776675
200428	0.0004817309543
200429	0.003625357136
200430	0.002570894759
200431	0.002258313652
200432	0.0002308220844
200433	0.003327842717
200434	0.0009693484504
200435	0.0007868478066
200436	0.0002578793339
200437	0.0002526790489
200438	0.001756246693
200439	0.0003635843747
200440	0.0003004070457
200441	3.225761793e-05
200442	0.0030201879
200443	0.000819711951
200444	0.0002968596711
200445	0.002699414181
200446	0.003027231665
200447	0.001843611952
200448	0.0002906223607
200449	0.0006690967876
200450	9.907457844e-05
200451	0.001529516566
200452	0.0002010642527
200453	0.000949640879
200454	0.001918702312
200455	0.002640381907
200456	0.0005499746895
200457	0.002284046156
200458	0.005613984614
200459	0.002187353467
200460	0.0002652943542
200461	9.263416141e-05
200462	0.001127393017
200463	0.002622577767
200464	0.0002986933125
200465	0.004055419457
200466	0.000302069886
200467	0.0009543349811
200468	0.0003463054511
200469	0.001328669898
200470	0.0002204972318
200471	0.0007332198533
200472	0.001652647499
200473	0.003529165658
200474	0.000964524407
200475	0.003717732588
200476	0.0001181924476
200477	0.001373698564
200478	0.0009117660412
200479	0.006549420046
200480	0.001446210405
200481	0.002548189432
200482	0.0006307518207
200483	0.003987290363
200484	0.0007223210403
200485	0.001351236839
200486	0.001008223048
200487	0.0006522972302
200488	0.001589598738
200489	0.0008410656026
200490	0.0013643483
200491	0.003717478966
200492	0.00141455143
200493	0.0004882977388
200494	0.0002314075933
200495	0.001674658525
200496	0.001293280438
200497	0.001328378008
200498	0.003778886897
200499	0.0002219964068
200500	0.0003857404089
200501	0.001242818718
200502	0.004429626026
200503	7.5858443e-05
200504	3.909231109e-05
200505	0.000824792009
200506	0.005746022471
200507	0.001240203366
200508	0.002559484327
200509	0.0009556023259
200510	0.0009611958814
200511	0.0005601535569
200512	0.001606237036
200513	0.002685937064
200514	0.001135797341
200515	0.001443041839
200516	0.0006728095624
200517	0.002372996299
200518	0.001514036491
200519	0.006638928971
200520	0.001613291674
200521	0.002056366082
200522	0.005084629462
200523	0.003050800395
200524	0.002168673407
200525	0.001366709599
200526	0.0003855008483
200527	0.003944461025
200528	0.000835916416
200529	0.0004683741928
200530	0.001336168019
200531	0.003607138702
200532	0.0003469895492
200533	0.0005533212029
200534	0.0005488602745
200535	0.002117115798
200536	0.001247433652
200537	0.001045440744
200538	0.001274325344
200539	0.002825686093
200540	0.001794310002
200541	0.0002305319074
200542	0.0007356555903
200543	0.000497954059
200544	0.00492842728
200545	0.0001603711028
200546	0.0004259396967
200547	0.003429916713
200548	0.0008432648017
200549	3.289740551e-05
200550	6.882577303e-05
200551	0.002705485313
200552	0.0002791291988
200553	0.002883126379
200554	0.00138325
200555	0.002527907257
200556	1.51406851e-05
200557	0.0004024227634
200558	0.001067631688
200559	0
200560	0.003649281956
200561	0.001027893027
200562	0.001154640411
200563	0.001882198656
200564	0.002644359084
200565	0.001174173086
200566	0.0004362915655
200567	0.0004531690329
200568	0.00251743761
200569	0.0005557776203
200570	0.000203464629
200571	0.0008020646585
200572	0.002351998955
200573	0.001577362215
200574	0.0009846735496
200575	0.004000000762
200576	0.001869989741
200577	0.002887713978
200578	0.0002076225999
200579	0.002373483747
200580	0.003530646103
200581	0.002674996479
200582	0.002760116654
200583	0.003396077715
200584	0.0004064105027
200585	0.0001796784073
200586	0.001433057641
200587	9.508646722e-05
200588	0.001022142063
200589	0.0005326167623
200590	0.0006825834301
200591	0.00712935523
200592	0.004285062981
200593	0.001442124294
200594	0.003083447001
200595	0.004436993184
200596	0.005300984489
200597	0.0001388745194
200598	0.0005400553381
200599	0.0005184647297
200600	0.0006369169415
200601	0.002644327569
200602	0.003557199967
200603	0.002306594151
200604	0.0001467278626
200605	4.841292729e-05
200606	0.0002950614851
200607	0.002047721725
200608	0.004041834024
200609	0.001764142838
200610	0.002676333551
200611	0.001764621191
200612	0.0006257779851
200613	0.0001190562548
200614	0.0002247690592
200615	0.003099201072
200616	0.002436253597
200617	0.00193992454
200618	0.000826666164
200619	0.00607047099
200620	0.00199099449
200621	0.001155163429
200622	0.004176744604
200623	0.004335025779
200624	0.002204045805
200625	0.001641192521
200626	0.0009463079925
200627	0.001841277554
200628	0.003389953084
200629	0.002465705202
200630	0.0005280123946
200631	0.006747912214
200632	0.0005391153481
200633	0.0007300597934
200634	0.003524609081
200635	9.144313044e-05
200636	0.002295706258
200637	0.0004083340185
200638	0.0003482749605
200639	7.595827099e-05
200640	0.0001693711015
200641	0.0002446618724
200642	0.001162871797
200643	0.0009365312191
200644	0.0002301143919
200645	0.0006296204956
200646	0.00211955308
200647	0.001060945258
200648	0.001855937445
200649	0.001903548649
200650	0.004296247828
200651	0.0008419418484
200652	0.001672360846
200653	0.0004449802581
200654	0.0002791356769
200655	0.001135408863
200656	0.0008490547766
200657	0.003115504343
200658	0.002576496157
200659	0.002404270488
200660	3.327345281e-08
200661	0.003407439112
200662	6.710765018e-05
200663	0.0006742646693
200664	0.002890092389
200665	0.003432873101
200666	0.0002084401353
200667	0.003290825442
200668	0.006769535384
200669	0.002252124748
200670	0.003248859143
200671	0.00315818516
200672	0.003343456613
200673	0.0009817907018
200674	3.539874711e-05
200675	0.00222919044
200676	0.0005957523402
200677	0.002762665746
200678	0.001027256235
200679	0.001212016305
200680	0.001354868482
200681	0.001204553028
200682	0.002224464449
200683	0.004126446944
200684	0.002582702682
200685	0.006770100206
200686	0.003111388067
200687	0.002771442196
200688	0.0001567553879
200689	0.0003087053823
200690	0.002647164775
200691	0.0002550227304
200692	0.0009258884633
200693	0.004040534574
200694	0.0001907814308
200695	0.002201677834
200696	0.002727928164
200697	0.0005890178102
200698	0.003545781829
200699	0.005462240428
200700	0.002360210926
200701	0.001706076741
200702	0.0005823721053
200703	0.001623543911
200704	0.001242078457
200705	0.001428415103
200706	0.00157650072
200707	0.0004852799257
200708	0.002728264579
200709	1.698643004e-05
200710	0.001125491094
200711	0.0008008182512
200712	0.004462926416
200713	0.001651695082
200714	0.002457053863
200715	0.0005862305852
200716	7.523185444e-05
200717	0.0002805784489
200718	0.00136106048
200719	0.004187021573
200720	0.003354846704
200721	0.004040023065
200722	4.450847039e-05
200723	0.001027805974
200724	0.0008905601386
200725	0.006536506893
200726	0.0002240229057
200727	0.004986884395
200728	0.0004282442471
200729	0.002729232788
200730	0.002695795959
200731	0.0008445563753
200732	0.0002995529014
200733	0.002049785278
200734	0.001078523456
200735	0.006157559778
200736	0.008309839392
200737	0.0006686882068
200738	0.0007553567548
200739	0.001292825429
200740	0.002239888122
200741	0.001299047774
200742	0.002923925018
200743	0.002113232273
200744	0.0006015824785
200745	0.0001220002351
200746	0.003027681449
200747	0.004924200087
200748	0.002983448818
200749	0.000131353837
200750	0.002367268535
200751	0.001459203737
200752	0.002732072447
200753	0.001948936531
200754	0.001595399368
200755	0.005848637405
200756	0.003960830333
200757	0.003231833323
200758	0.003290210481
200759	0.0008169953293
200760	0.0007775700653
200761	0.002558102684
200762	0.0007115457085
200763	0.003561585716
200764	0.006720076213
200765	0.00100424317
200766	0.00217796543
200767	0.0002584183689
200768	0.001303053459
200769	0.002656763606
200770	0.002535589511
200771	0.001563240058
200772	0.005281746498
200773	0.0009673258208
200774	3.535288019e-05
200775	0.001233419432
200776	0.001835920537
200777	0.003814167896
200778	0.0007055746484
200779	0.005842483997
200780	0.00133457343
200781	0.002613221464
200782	0.001004252126
200783	0.003562939032
200784	0.0004425717615
200785	0.003139761221
200786	0.0002282586653
200787	0.002655873784
200788	0.001531167412
200789	0.0005325928737
200790	0.001581541326
200791	0.0004865618165
200792	0.0006893150741
200793	0.002646910237
200794	0.003462876313
200795	0.00388185131
200796	0.001766077544
200797	0.0005208961632
200798	0.001200715687
200799	8.614855968e-05
200800	0.0004282049932
200801	0.003497147061
200802	4.08104768e-05
200803	0.00336475406
200804	0.00119252147
200805	0.003644527552
200806	0.001922496178
200807	0.001647908799
200808	0.005801227414
200809	0.00124966676
200810	0.002521557242
200811	0.001868479078
200812	0.00433996922
200813	0.001750464087
200814	0.0001379833284
200815	0.001932345632
200816	0.0006463001499
200817	0.0001809862727
200818	1.339485303e-05
200819	0.000113607321
200820	0.0002979750523
200821	5.574722552e-05
200822	0.002842867603
200823	0.002893105578
200824	0.004232873836
200825	0.000911387289
200826	0.0001782046807
200827	0.0002165427447
200828	0.005414671471
200829	4.908431123e-05
200830	0.0001912242881
200831	0.003994597633
200832	0.002678737553
200833	0.001229651233
200834	0.00183123951
200835	0.003651732771
200836	0.0009649155324
200837	0.001268851693
200838	4.748021848e-05
200839	0.004448080535
200840	0.003100874244
200841	6.717858184e-06
200842	0.004035860218
200843	0.002664078642
200844	0.004864977455
200845	0.0022638598
200846	5.259643601e-05
200847	0.004208286299
200848	0.0002249067831
200849	0.0004528491837
200850	0.000993401038
200851	0.001059754497
200852	0.0002722784235
200853	0.002458553718
200854	0.006508139162
200855	0.002763063219
200856	0.001744541006
200857	0.00374534869
200858	0.006527654249
200859	0.004099160417
200860	0.001552849307
200861	0.001745132225
200862	0.005673308222
200863	0.001999022131
200864	0.0001600002592
200865	0.004745340328
200866	0.0001840491703
200867	0.001184228216
200868	0.0009019401001
200869	0.000292854793
200870	0.001040878337
200871	0.000178208331
200872	0.001460129914
200873	9.625552284e-05
200874	0.004745975818
200875	0.003431582304
200876	0.001235409379
200877	0.001359200983
200878	0.002610848591
200879	0.00186527524
200880	0.004985751672
200881	0.002156250157
200882	0.00149261352
200883	0.001410819401
200884	0.00246813987
200885	0.0009289734182
200886	0.0003273990589
200887	0.00249199661
200888	0.0007660238497
200889	0.001128453169
200890	0.008190942709
200891	0.001514933569
200892	0.00317270083
200893	0.003160162678
200894	0.003993220537
200895	0.004157259054
200896	0.0001365028624
200897	0.001511820451
200898	0.0009478524973
200899	0.0001797456264
200900	0.004290596186
200901	0.0008021451156
200902	0.002749609692
200903	0.001400931596
200904	0.0005100675197
200905	0.0008610236937
200906	0.0006584786539
200907	0.0008713031458
200908	0.00439570804
200909	0.0001440455956
200910	0.0005969479477
200911	0.003354646761
200912	0.004089066123
200913	0.002691797656
200914	0.006723602716
200915	0.0003463558232
200916	0.0008606050408
200917	0.002509218589
200918	0.0003832078462
200919	0.001730351773
200920	0.004359309446
200921	0.00148073684
200922	0.001887722065
200923	0.002784209691
200924	0.003972386065
200925	0.00118513991
200926	0.001179075201
200927	0.0007728394391
200928	0.0002439873634
200929	0.0016148023
200930	0.0002687637507
200931	0.0005047088666
200932	0.004122522089
200933	0.000788996843
200934	0.002812726142
200935	0.00162613949
200936	0.0006134436557
200937	0.0009169128924
200938	0.001457703062
200939	0.006463373466
200940	0.0009387289534
200941	0.001529494088
200942	0.002108505247
200943	0.001980561226
200944	0.0007333215436
200945	0.001537873922
200946	0.0004472961656
200947	0.006954722461
200948	0.002988508351
200949	0.002268602924
200950	0.000846422367
200951	0.001443542308
200952	0.0007713096905
200953	0.0006969627694
200954	0.0001919552156
200955	0.004564022081
200956	0.003309727393
200957	0.001612347972
200958	0.0004296398073
200959	0.001506267495
200960	0.000534835242
200961	0.0007490956057
200962	0.001456619395
200963	0.001959060195
200964	0.001442199795
200965	0.003138061938
200966	0.0005029694626
200967	0.002199775028
200968	0.001635971436
200969	0.001254756841
200970	0.004284692114
200971	0.001354010448
200972	0.000128082585
200973	0.002796699937
200974	0.002459525566
200975	0.001730014995
200976	7.98604486e-05
200977	0.001008393806
200978	0.002408892201
200979	0.001564693201
200980	0.0008365943954
200981	0.002670636989
200982	0.0004347881156
200983	0.004405864423
200984	0.001856766774
200985	0.005820364957
200986	0.0008435004476
200987	0.0009203717564
200988	0.0001277351271
200989	0.0004894624456
200990	0.0001575885418
200991	0.001852202705
200992	0.0005545985744
200993	0.0006058518095
200994	0.00101934293
200995	0.0001277867267
200996	0.001016863306
200997	0.0009654956877
200998	0.005353804807
200999	0.0002263852932
201000	0.000613776214
201001	0.0001239084237
201002	0.0001335618522
201003	0.001245126371
201004	0.0004909637978
201005	0.003515714004
201006	0.00144117819
201007	0.001233495694
201008	0.000632000179
201009	0.002152877695
201010	0.003520340285
201011	0.001501770288
201012	0.0043691426
201013	0.004009315978
201014	0.00245518472
201015	0.003006045659
201016	0.0004635520243
201017	0.0004252726717
201018	0.00339742885
201019	0.006866925237
201020	0.0003005190393
201021	0.001845683716
201022	0.001945501888
201023	0.0001047793878
201024	0.001123198186
201025	0.005127521644
201026	0.0008288042689
201027	0.0003065212042
201028	0.0003561074083
201029	0.002389496608
201030	0.002399129251
201031	0.002970844893
201032	0.005667579808
201033	6.670068855e-05
201034	0.001055781114
201035	0.0005246132653
201036	0.003534464868
201037	0.0005367270775
201038	0.0006611056901
201039	0.00125790314
201040	0.005721456742
201041	0.0008513294802
201042	0.00407755551
201043	0.001252230857
201044	0.0007878705949
201045	0.0003599803033
201046	0.004728944856
201047	0.002876204236
201048	0.0002271630938
201049	0.005919012884
201050	0.000160966001
201051	0.0003720272105
201052	0.005658396834
201053	0.003967404505
201054	0.002152925626
201055	0.006647977645
201056	0.0004355657951
201057	0.00325104731
201058	0.003795704532
201059	0.002064068983
201060	0.00141698632
201061	0.001249751735
201062	0.005259342327
201063	0.001580841747
201064	0.003756591278
201065	0.005346466057
201066	0.002041823707
201067	0.004615059826
201068	0.003355434061
201069	0.001999754557
201070	0.001515038435
201071	0.0004463831532
201072	0.001550547467
201073	0.001160963047
201074	0.00232851579
201075	0.001489668358
201076	0.004206577783
201077	0.0007798780654
201078	0.0005970207629
201079	0.004271476516
201080	0.00577138587
201081	0.0002646817174
201082	0.002321441067
201083	0.00140264478
201084	0.002071991353
201085	0.003267637851
201086	0.003022654296
201087	0.001528228493
201088	0.001629418722
201089	0.002968451618
201090	0.00192628144
201091	0.008585680068
201092	0.002320998252
201093	0.000368341359
201094	0.00328195006
201095	0.003622256485
201096	0.0005330558231
201097	0.005112692309
201098	0.002534398041
201099	0.002302159109
201100	0.003785138199
201101	0.001141355126
201102	0.001052791203
201103	0.000799260378
201104	0.005979675661
201105	0.00144213787
201106	0.0003296687821
201107	0.002699709258
201108	0.003420667252
201109	0.0009368924287
201110	0.0007308878658
201111	0.0002070417428
201112	0.001621885052
201113	6.141112214e-05
201114	0.001898605465
201115	1.403449679e-08
201116	0.002279179064
201117	0.001080594156
201118	0.0006774251676
201119	0.0001606789079
201120	0.001057942341
201121	0.003804956211
201122	0.0004873531049
201123	0.002294579282
201124	0.0001278650735
201125	0.0003692770192
201126	0.0008839868646
201127	0.0001450983194
201128	0.0008599248937
201129	0.001424896065
201130	0.004040646323
201131	0.0002212727098
201132	0.0003701719876
201133	0.0003949638553
201134	0
201135	0.001004916086
201136	0.002097846202
201137	0.002421844779
201138	0.0008681301719
201139	0.0003929907358
201140	0.0002930773423
201141	0.001513351489
201142	4.396410752e-05
201143	0.0006331939982
201144	0.0007973895418
201145	0.000299304833
201146	0.0006267713671
201147	0.000350965502
201148	0.002261062779
201149	0.0009151487455
201150	3.08846333e-05
201151	0.001200884538
201152	0.002872073146
201153	0.002703460625
201154	0.00200363819
201155	0.0005441520202
201156	0.0009039412731
201157	0.0005333349971
201158	0.002029757371
201159	0.0003814699424
201160	0.0004682874619
201161	9.216621564e-05
201162	0.0001179371099
201163	1.446126689e-05
201164	0.00141652699
201165	0.0002673255166
201166	0.0001009577244
201167	0.001046401047
201168	0.0001128454751
201169	0.001544585879
201170	0.001618590101
201171	0.0008664021308
201172	7.816603396e-06
201173	0.0004559311253
201174	9.322162248e-05
201175	0.0003660347551
201176	0.0008179296879
201177	0.0006206363875
201178	0.002026273975
201179	0.000773642067
201180	2.419763953e-05
201181	0.0008758907547
201182	0.000507537674
201183	0.0001641733848
201184	0.0004522085775
201185	0.001365198197
201186	0.004289289745
201187	0.0002261817151
201188	0.0004048925614
201189	0.001389235664
201190	0.002316409783
201191	0.001386544047
201192	0.0005044420157
201193	0.0001017216088
201194	0.0005890830582
201195	0.001512586672
201196	0.0009710090157
201197	0.0002959062834
201198	0.00145766516
201199	0.002948215832
201200	0.0009366609288
201201	0.0001351781488
201202	0.0005464992058
201203	0.0002738617369
201204	0.0006848393086
201205	5.05084255e-05
201206	0.00270491383
201207	0.0048329295
201208	5.032187484e-05
201209	0.001857191812
201210	0.0005550256383
201211	0.0001647006057
201212	0.0006217545939
201213	0.0001686211861
201214	0.0008065278925
201215	0.0006201115345
201216	0.0002467769537
201217	0.0007144647813
201218	0.001852418128
201219	0.0002919764534
201220	0.0003105918029
201221	0.0002037335779
201222	0.001025695086
201223	0.0006115438797
201224	0.0001623370334
201225	8.478744559e-05
201226	0.001258251817
201227	0.001558103283
201228	0.00368781218
201229	0.001268357533
201230	0.001405394017
201231	0.000107389239
201232	0.002468076937
201233	0.0001097163238
201234	0.0003537278084
201235	0.00131944365
201236	0.001441105643
201237	0.001667335107
201238	0.0004050789081
201239	0.001360082176
201240	0.0003579846731
201241	0.0002566037864
201242	0.001384417417
201243	0.0009156818386
201244	0.0008594015564
201245	0.001865163756
201246	0.001711455109
201247	0.0007718296267
201248	0.0007384013524
201249	0.0001824547645
201250	0.0002273510525
201251	0.0006218905097
201252	0.000466042206
201253	0.0008315252351
201254	0.001043124583
201255	0.0006289983407
201256	0.0008363164768
201257	0.00171774893
201258	0.0003311153256
201259	0.001133400097
201260	0.0008873895365
201261	0.0005180312469
201262	0.001518255048
201263	0.00072148221
201264	0.000187692701
201265	0.0005184888341
201266	0.0005193004591
201267	0.0003127525831
201268	0.0001998022269
201269	0.0003146695762
201270	0.0008935885862
201271	0.0002927933443
201272	0.0007097959234
201273	0.0001989326927
201274	0.000484972672
201275	2.563488921e-07
201276	0.0003083072761
201277	0.0006126045497
201278	0.0003992831113
201279	0.0004975785194
201280	0.0002107980209
201281	0.0002093729907
201282	8.011991355e-05
201283	0.0001001238091
201284	0.0001885692931
201285	0.0008067051007
201286	0.0001938236941
201287	0.0004199315981
201288	0.0003071431252
201289	0.0003927814192
201290	0.0002061623149
201291	0.0001942349353
201292	0.0007116893198
201293	0.0001241636801
201294	0.0002581035353
201295	0.0002787324918
201296	0.006196308817
201297	0.0006142801888
201298	0.001328893343
201299	0.0009378657101
201300	0.001453143263
201301	0.001415171659
201302	0.007881186709
201303	0.003777425607
201304	0.001133126792
201305	0.0002713976162
201306	0.0003738792454
201307	0.001042842303
201308	2.344017514e-05
201309	0.0001542112547
201310	0.000680286891
201311	0.0033366527
201312	0.0008615442353
201313	0.0001245602614
201314	0.0007722105448
201315	0.0003541162516
201316	0.001268604872
201317	0.0001448248038
201318	0.001732057666
201319	0.0005949391708
201320	0.001272354539
201321	0.001188240455
201322	0.002223252786
201323	0.0014407429
201324	0.0002056869491
201325	0.0008847664785
201326	0.000258386497
201327	0.0004625043072
201328	0.0002282874847
201329	0.002137042162
201330	0.0007290117489
201331	0.0008114937794
201332	0.000607621458
201333	0.0003818860562
201334	0.001147089628
201335	0.0008103076891
201336	0.001614028726
201337	1.444885162e-05
201338	7.778720934e-05
201339	0.0007896466827
201340	0.00127732935
201341	0.0004397624057
201342	0.000303881711
201343	0.0002242441
201344	0.0004195843379
201345	0.000663192696
201346	0.0004043951916
201347	0.00107288928
201348	0.001059155812
201349	0.0001395647849
201350	0.00184201413
201351	0.0005708502871
201352	0.0009405666672
201353	0.001374864611
201354	0.001525741881
201355	0.000768112288
201356	0.0003356667797
201357	0.0009080096698
201358	0.0003162769134
201359	0.0006994935183
201360	0.001104446905
201361	0.001105452623
201362	0.0005553886364
201363	0.0001281559274
201364	0.0006026179458
201365	0.0001720939318
201366	0.001742628763
201367	0.0005192347061
201368	0.0003797860017
201369	0.0003682160231
201370	0.0001927445729
201371	0.0001606293132
201372	6.813887244e-05
201373	0.0004561277454
201374	0.0007619367408
201375	0.002678346653
201376	0.0008759749011
201377	0.0008679795728
201378	0.0006067635293
201379	0.0001253609078
201380	0.0006570337876
201381	7.104964002e-08
201382	0.0009177311656
201383	0.0004309711038
201384	0.0002444558259
201385	0.001172905674
201386	0.0006649070154
201387	0.0003895115912
201388	0.0005211596856
201389	0.001101075605
201390	0.002112735169
201391	0.0004722085538
201392	0.0004069725638
201393	0.001251676441
201394	0.0001741998652
201395	0.0002780696789
201396	0.0005774189186
201397	0.0005925412119
201398	0.001060396378
201399	0.0009676602789
201400	0.001008399997
201401	0.0003610026211
201402	0.002850861366
201403	0.002158958347
201404	0.0008745610317
201405	0.0008005841678
201406	4.378547094e-05
201407	9.969280961e-05
201408	0.0001972883107
201409	0.0001309460875
201410	0.0009583644001
201411	0.0003144596835
201412	0.0007027651687
201413	0.0006156801367
201414	0.0003983792378
201415	0.0003657413466
201416	9.474908595e-05
201417	0.0004590436165
201418	0.0002583063983
201419	0.003125769161
201420	0.0007378931467
201421	0.0008094288443
201422	0.0001969630672
201423	0.0002639024919
201424	0.0005487218024
201425	0.000151902505
201426	0.0003032998714
201427	0.000270564919
201428	0.000234208366
201429	0.0002463970776
201430	0.001365163363
201431	0.0004648324797
201432	0.000625520727
201433	0.001535403862
201434	0.0004975118806
201435	0.0009081813235
201436	0.0002406114953
201437	0.0002582730434
201438	0.0005928605942
201439	0.001174194967
201440	0.0003704067481
201441	9.490539861e-05
201442	0.0001738346889
201443	0.0002019935988
201444	0.0002903827015
201445	0.0007183809121
201446	0.000620781358
201447	0.0001636264143
201448	0.001096431431
201449	0.0002629647098
201450	0.001114554825
201451	0.0008456240926
201452	4.198823368e-05
201453	0.001008765722
201454	6.308971292e-06
201455	0.0001228173208
201456	0.002532489754
201457	0.0003311086282
201458	0.0008508745672
201459	0.000729869245
201460	0.001357758216
201461	0.0002626469551
201462	4.394076425e-05
201463	0.001145575354
201464	0.001801751432
201465	0.001359686479
201466	0.001733247322
201467	0.0003468164107
201468	0.0005113869181
201469	0.0002548343783
201470	4.634692512e-08
201471	0.0001507652278
201472	0.0001257749222
201473	0.0007771109623
201474	0.002033663292
201475	0.0001691822304
201476	0.0001088686188
201477	0.002269921258
201478	9.824147758e-08
201479	0.0005560459745
201480	0.0002109008809
201481	0.001525005971
201482	0.0003199231582
201483	0.0009316992225
201484	0.0005107135834
201485	0.006935468936
201486	0.001687757938
201487	0.001319710292
201488	0.001105415926
201489	0.001565651168
201490	0.001642390453
201491	0.00318818809
201492	0.002374722277
201493	0.003974735169
201494	0.0002112359458
201495	0.00325741626
201496	0.0001315122807
201497	0.002998743449
201498	0.001499142448
201499	0.003456028719
201500	1.319630225e-05
201501	0.003657247218
201502	0.0004080836581
201503	0.003215691165
201504	0.001708549207
201505	0.001961000445
201506	0.003152156647
201507	0.01344499383
201508	0.000688982625
201509	0.002564861584
201510	0.0002162639996
201511	0.002499469248
201512	0.0003829331125
201513	0.0006117764683
201514	0.002327490997
201515	0.00101017756
201516	0.003627294371
201517	0.006655701676
201518	0.002326815738
201519	0.00401956466
201520	0.003409323097
201521	0.0004699889919
201522	0.003680528854
201523	0.00504874717
201524	0.004621571708
201525	0.0002153951422
201526	0.001046090479
201527	0.002294542445
201528	0.001073362558
201529	0.00143340477
201530	0.000549347873
201531	0.0004190909433
201532	0.0003640713577
201533	0.00171588227
201534	0.003544373835
201535	0.001701726077
201536	3.443238247e-07
201537	1.991259417e-07
201538	2.119816451e-07
201539	1.237791908e-08
201540	2.979414553e-07
201541	4.460410113e-08
201542	0.0008300890225
201543	0.0009086759749
201544	0.003383883492
201545	0.002034669523
201546	0.0003436706119
201547	0.0003094333312
201548	0.001311391424
201549	0.0007190678161
201550	6.662973756e-06
201551	0.0006325309218
201552	0.0007388239273
201553	0.000407137337
201554	0.001386671327
201555	0.002095642102
201556	0.0007237650497
201557	0.002018634421
201558	0.0001414135502
201559	0.001051924594
201560	0.0003324972296
201561	0.0007878223207
201562	0.0008335774691
201563	0.0005747055363
201564	0.001457731652
201565	0.0005141252793
201566	0.002092180206
201567	0.001518322632
201568	0.001051695363
201569	0.000874685918
201570	0.000858241542
201571	0.002793207953
201572	0.004802060006
201573	0.00385544698
201574	0.0002222853233
201575	0.0007364128723
201576	0.0009347288027
201577	0.004644543042
201578	0.003655129139
201579	0.003953099074
201580	0.00109382987
201581	0.003140768979
201582	0.0005084577322
201583	0.003839571078
201584	0.002848977091
201585	0.00332753916
201586	0.001242292226
201587	0.0008632497805
201588	0.005056280442
201589	0.003566433652
201590	0.001335741551
201591	0.005093333604
201592	0.003739692992
201593	0.002089222481
201594	0.0004471010721
201595	0.002100415428
201596	0.002545898057
201597	0.001546537659
201598	0.003713433448
201599	0.003388031138
201600	0.002250880351
201601	0.003462745829
201602	0.0009119378044
201603	0.001370636464
201604	0.001399054312
201605	0.0007168288452
201606	0.001176118224
201607	0.0007032043243
201608	0.0009803327917
201609	0.003425478014
201610	0.0008248555827
201611	0.002229208134
201612	0.001227285883
201613	0.001402563819
201614	0.004891392381
201615	0.0009151418899
201616	0.004685159659
201617	0.0005987528511
201618	0.0001070532274
201619	0.005643876916
201620	0.0004373983344
201621	0.001130542065
201622	0.003031425102
201623	0.001334725465
201624	0.004025446102
201625	0.0009042958209
201626	0.0005303118462
201627	0.001408351857
201628	5.916143392e-05
201629	0.001508426432
201630	0.002776850066
201631	7.310224736e-05
201632	0.002399838785
201633	0.0001230781867
201634	0.002828990623
201635	0.0006338262841
201636	0.0009051358285
201637	0.0004525047808
201638	0.001178160066
201639	0.002505526896
201640	0.002571768968
201641	0.0003421115628
201642	0.001840401255
201643	0.001380494576
201644	4.205934014e-05
201645	0.002279375326
201646	0.001821512058
201647	0.0006138407661
201648	8.149206861e-05
201649	0.0004589196031
201650	0.00308225242
201651	0.003502920238
201652	0.0004848545468
201653	0.001725279971
201654	0.002839765106
201655	0.001904497622
201656	0.0002181358507
201657	0.000767622893
201658	0.002251184486
201659	0.0005151296833
201660	0.001209752062
201661	4.493811214e-05
201662	0.0006783755563
201663	0.002286463209
201664	0.001565948264
201665	0.0001285696325
201666	0.0005277833812
201667	0.001703924975
201668	0.0001250271089
201669	0.0001610709201
201670	7.916036968e-05
201671	0.0003769221312
201672	0.0006292034101
201673	0.0004197630169
201674	0.001794645502
201675	0.0002635997184
201676	0.001200715347
201677	0.0005229787328
201678	0.0002669835443
201679	0.001142216624
201680	0.001717477385
201681	0.003004758642
201682	0.0001253039622
201683	0.0006753775383
201684	0.0001822722146
201685	0.005492384688
201686	0.002142076922
201687	0.0006197705812
201688	0.002248545591
201689	0.0002705021562
201690	0.006654467985
201691	0.00350612346
201692	0.002361468617
201693	0.0006755569312
201694	0.0002443446743
201695	0.002529951326
201696	0.0009852683362
201697	0.0002086251229
201698	0.0002754903499
201699	0.002666086063
201700	0.0008768201252
201701	0.003380734088
201702	0.001048944535
201703	0.000165990485
201704	0.002414690421
201705	0.002571170023
201706	0.002651569902
201707	0.004273279411
201708	0.000756408399
201709	0.0005419898583
201710	0.0009500673979
201711	0.001265916172
201712	0.002892403607
201713	0.002537357171
201714	0.0008273501809
201715	0.0006041912561
201716	0.0007080665013
201717	0.001531665347
201718	0.004828004218
201719	0.004619846371
201720	0.0005586027662
201721	0.002630684683
201722	0.0003745594412
201723	0.0006554133023
201724	0.0007631633783
201725	0.001416840079
201726	0.0008137385122
201727	0.004677506675
201728	0.0003728412953
201729	0.007123408704
201730	0.006189892485
201731	0.0003432107511
201732	0.001124508217
201733	0.0001666002667
201734	0.002745124514
201735	1.28664163e-05
201736	0.002865817669
201737	0.002172248714
201738	0.0008948406637
201739	0.0007375138472
201740	0.0007681013158
201741	0.002132053787
201742	0.002872336432
201743	7.258778373e-05
201744	0.0006616178155
201745	0.0004562065103
201746	0.001868313069
201747	0.003475972713
201748	0.004624465627
201749	9.653897349e-05
201750	0.001103860496
201751	0.001683163448
201752	0.001224940115
201753	0.001368575661
201754	0.004340281408
201755	0.0002734481132
201756	0.0009998980475
201757	0.001429038139
201758	0.001449302035
201759	0.001037722641
201760	0.004818548895
201761	0.002877576501
201762	0.0007279149608
201763	0.001136562265
201764	0.004340231395
201765	0.001426278632
201766	0.0006290327745
201767	0.001669770346
201768	0.001994156437
201769	0.001542966085
201770	2.537679459e-05
201771	0.0006051146313
201772	0.0003947510518
201773	0.001496218116
201774	0.0001771238822
201775	0.007336929024
201776	0.008739252758
201777	0.003391946735
201778	0.002926477631
201779	0.006586252432
201780	0.002040042842
201781	0.002999765945
201782	0.001337838949
201783	0.0007326375738
201784	1.401469251e-05
201785	0.003147520217
201786	0.004947312844
201787	0.0008475668862
201788	0.001207912678
201789	0.004034856118
201790	0.001165681239
201791	0.002220975687
201792	0.004442160903
201793	0.003277971453
201794	0.0005161363053
201795	0.001172896753
201796	0.002738710519
201797	0.0004255943016
201798	0.0009075102086
201799	0.0002992859303
201800	0.0001945479736
201801	0.0004024813492
201802	0.002481787961
201803	0.001438704801
201804	0.004090997098
201805	0.005595912669
201806	0.0005644521866
201807	0.0005653238687
201808	0.001676820118
201809	0.00230069881
201810	0.0009066543285
201811	0.001091148435
201812	0.001030758467
201813	0.0005155556882
201814	0.001445528412
201815	0.001390931639
201816	0.001282891289
201817	0.002299344579
201818	0.001893867256
201819	0.001886913482
201820	0.0007096998168
201821	0.001879858266
201822	0.001300055144
201823	0.001822099897
201824	0.001127378499
201825	0.00247954946
201826	0.00118283535
201827	0.001462577662
201828	0.000658254061
201829	0.00196030301
201830	0.0007628013607
201831	0.001122273229
201832	0.001335994817
201833	0.001305946552
201834	0.003312495184
201835	0.001425214179
201836	0.001364871049
201837	0.00198244895
201838	0.001244007127
201839	0.001236301809
201840	0.001581021267
201841	0.001111495403
201842	0.001718890296
201843	0.001460901317
201844	0.001866518298
201845	0.001359800046
201846	0.001476187467
201847	0.001671531177
201848	0.001782500853
201849	0.001168411703
201850	0.001505446768
201851	0.001217787657
201852	0.0004146797342
201853	0.001071464901
201854	0.00256496629
201855	0.001344617408
201856	0.001741896915
201857	0.001342154223
201858	0.003484703582
201859	0.0009248428683
201860	0.002338399423
201861	0.0003656224881
201862	0.00445858736
201863	0.0001511175429
201864	0.0002105994107
201865	0.0006029059711
201866	0.001164523322
201867	0.001607747536
201868	0.0009795573001
201869	0.001211690388
201870	0.001157609027
201871	0.000188458577
201872	0.001550229945
201873	0.001390313968
201874	0.001151900493
201875	0.001955091619
201876	0.0007616021015
201877	0.002098515745
201878	0.001368648137
201879	0.001256128452
201880	0.0005354297837
201881	0.002204042943
201882	0.0008865006193
201883	0.0006025118774
201884	0.001478383937
201885	0.0009991030198
201886	0.001301163641
201887	0.003197904575
201888	0.001636523932
201889	0.001109248509
201890	0.001271432269
201891	0.00102412399
201892	0.001848362515
201893	0.0008709685383
201894	0.0009870693955
201895	0.0002954355215
201896	0.003217269392
201897	0.006930962616
201898	0.0019875771
201899	0.002478021344
201900	0.0005713175601
201901	0.003935243166
201902	0.0005620955985
201903	0.001566007662
201904	0.001581543665
201905	0.0006969617353
201906	0.0004744994593
201907	0.002925216403
201908	0.002365138193
201909	0.0002074744328
201910	0.00141268602
201911	0.00483554439
201912	0.001547422327
201913	0.001023101703
201914	0.001617193694
201915	0.0006472694914
201916	0.0005603869882
201917	0.00243439441
201918	0.001615856651
201919	0.002960662667
201920	0.003587433697
201921	0.002770092842
201922	0.001858873583
201923	0.003335747129
201924	0.0003405445615
201925	0.0008122760317
201926	0.00230276807
201927	0.001739474305
201928	0.002246049536
201929	0.001940730492
201930	0.001829371569
201931	0.0002614624113
201932	0.00131707415
201933	0.0006007935716
201934	0.001348423819
201935	0.002098839172
201936	0.0006834117802
201937	0.001826497028
201938	0.001619866549
201939	0.0004018207526
201940	0.002981118489
201941	0.001682384059
201942	0.00175803115
201943	0.001425565012
201944	0.006360019252
201945	0.0002743580721
201946	0.0007085106213
201947	0.001507829604
201948	0.002170173293
201949	0.004352093903
201950	0.001843775588
201951	0.001516939836
201952	0.000372386297
201953	0.002116984743
201954	0.001234124224
201955	0.00328217655
201956	0.002319674844
201957	0.001717528063
201958	0.001257180158
201959	0.0008532528025
201960	0.002375960159
201961	0.0017197327
201962	0.001400681294
201963	0.001827420684
201964	0.001666955678
201965	0.001704950174
201966	0.001594706058
201967	0.0005968257952
201968	0.001218502384
201969	0.00113947866
201970	0.001586261566
201971	0.00252616275
201972	0.00197087626
201973	0.0006081211797
201974	0.0009466821503
201975	0.001067884676
201976	0.001128930997
201977	0.001034494413
201978	0.007070912181
201979	0.001177044657
201980	0.001224753016
201981	0.001215287003
201982	0.0006096048586
201983	0.001354665241
201984	0.001069549287
201985	0.001226561803
201986	0.002331184126
201987	0.0008173083311
201988	0.001439170734
201989	0.00122339317
201990	0.001323550465
201991	0.00139221972
201992	0.0008555129427
201993	0.00351890764
201994	0.001334358179
201995	0.001406656914
201996	0.001577369212
201997	0.002098852081
201998	0.001494031824
201999	0.00311982471
202000	0.001409725587
202001	0.002176078226
202002	0.002346292017
202003	0.001379618184
202004	0.001524977394
202005	0.001081603485
202006	0.001526169606
202007	0.002070489108
202008	0.001668669751
202009	0.0003746289652
202010	0.003229523416
202011	0.002365368004
202012	0.002576632008
202013	0.0009744383132
202014	0.00133586684
202015	0.002736251144
202016	0.001516733303
202017	0.0006608551434
202018	0.001669501379
202019	0.001535210843
202020	0.001233155538
202021	0.001619082259
202022	0.0008263127215
202023	0.001173982311
202024	0.0006325820794
202025	0.0018836851
202026	0.001237632632
202027	0.001941490612
202028	0.001433664615
202029	0.001443564902
202030	0.001592361339
202031	0.001812799476
202032	0.001750902512
202033	0.001824974942
202034	0.001207759309
202035	0.00245474534
202036	0.001332204457
202037	0.0006901183188
202038	0.001416396702
202039	0.001700355996
202040	0.001508875838
202041	0.00209844801
202042	0.001547464273
202043	0.001843475736
202044	0.001491787103
202045	0.001300542167
202046	0.001154790731
202047	0.001473282173
202048	0.001627368503
202049	0.003169049325
202050	0.001369705506
202051	0.001123815488
202052	0.002077917828
202053	0.001587780767
202054	0.001201181675
202055	0.0004168003751
202056	0.001514542978
202057	0.001819215668
202058	0.0007476212004
202059	0.00119763159
202060	0.001529499543
202061	0.001238726782
202062	0.0014412687
202063	6.184470551e-06
202064	0.001597841476
202065	0.00144849674
202066	0.001662694236
202067	0.0008604865001
202068	0.001486504923
202069	0.00156293169
202070	0.0003517848775
202071	0.0009407450454
202072	0.001365934428
202073	0.001430497211
202074	0.0009795628065
202075	0.001258986833
202076	0.001335757274
202077	0.001040957394
202078	0.0008542185248
202079	0.001322641884
202080	0.004536959591
202081	0.001099094905
202082	0.001490255032
202083	0.001575638594
202084	0.002243379931
202085	0.001705502197
202086	0.0002127708851
202087	0.001682928027
202088	0.004645110961
202089	0.0003375126727
202090	0.001325579387
202091	0.002076502634
202092	0.0008671951924
202093	0.001639918862
202094	0.0007994176095
202095	0.00125880807
202096	0.001810192058
202097	0.0009849378552
202098	0.001416285844
202099	0.001104569983
202100	0.001523902521
202101	0.001826019635
202102	0.001741661187
202103	0.001457816513
202104	0.001658670701
202105	0.001395423417
202106	8.530371935e-05
202107	0.002131058439
202108	0.001487980518
202109	0.001415393627
202110	0.0005304598774
202111	0.0009201240563
202112	0.0027595412
202113	0.0007205920533
202114	0.001806949351
202115	0.0001982497535
202116	0.002172274653
202117	0.000841835987
202118	0.001349940511
202119	0.00153550626
202120	0.001475212515
202121	1.015368794e-05
202122	0.002095618478
202123	0.00102972928
202124	0.002424570695
202125	0.001548427332
202126	0.0001224497663
202127	0.001035263186
202128	0.0003441452529
202129	0.002250283671
202130	0.00132453991
202131	0.001190596164
202132	0.001402445051
202133	0.00197179172
202134	0.000542520953
202135	0.0008320681755
202136	0.00092976086
202137	0.003885421377
202138	0.001477019687
202139	0.001438633417
202140	0.001339370883
202141	0.0006414452397
202142	0.0008765568961
202143	0.001262363326
202144	0.002025561841
202145	0.0006221062044
202146	0.0007479247851
202147	0.002170697738
202148	0.002821149565
202149	0.003135955516
202150	0.001108956453
202151	0.002213345069
202152	0.0009390620557
202153	0.000453756393
202154	0.00117382883
202155	0.001667831676
202156	0.0009446623067
202157	0.001178678742
202158	0.001458310454
202159	0.001695302234
202160	0.001168529071
202161	0.001321143649
202162	0.001088048393
202163	0.000728160872
202164	0.003081029039
202165	0.001749712168
202166	0.001384306581
202167	0.001653969084
202168	0.001424203847
202169	0.001111612536
202170	0.001108619914
202171	0.001225846519
202172	0.001242161203
202173	0.0001982038601
202174	0.001139596045
202175	0.0008379654252
202176	0.0004981688231
202177	0.001409619108
202178	0.000960638803
202179	0.001514414765
202180	0.001215297287
202181	0.001223101994
202182	0.001009400561
202183	0.00143358924
202184	0.001945048629
202185	8.308841506e-05
202186	0.001625689687
202187	0.001708302477
202188	0.0005233701948
202189	0.0006266690311
202190	0.001530876318
202191	0.002834583875
202192	0.003578329975
202193	0.001583087857
202194	0.001577694196
202195	0.001540104235
202196	0.002145898105
202197	0.002585232701
202198	0.0009542875528
202199	0.001227946337
202200	0.001888881723
202201	0.001328638297
202202	0.002007859019
202203	0.001378273826
202204	0.001783548924
202205	0.002992002826
202206	0.001311387327
202207	0.001136740184
202208	0.0007632215825
202209	0.001020370858
202210	0.001547580973
202211	0.0009458533537
202212	0.001337110376
202213	0.002133433413
202214	0.001412569927
202215	0.001235079891
202216	0.0007077398775
202217	0.002022425969
202218	0.001645571219
202219	0.002097337612
202220	0.001844605714
202221	0.00136344656
202222	0.001623383951
202223	0.002508532375
202224	0.001215559055
202225	0.001442776212
202226	0.001165224082
202227	0.003151050317
202228	0.00112423999
202229	0.0009467591929
202230	0.001729281257
202231	0.001619006872
202232	0.001456774446
202233	0.001867719006
202234	0.0008802830672
202235	0.001586512848
202236	0.001171047525
202237	0.003747989425
202238	0.002268613114
202239	0.001324628445
202240	0.001797646958
202241	0.001184496593
202242	0.0007526680968
202243	0.0006629850288
202244	0.001238320113
202245	0.0007483034493
202246	0.0007084135801
202247	0.001866374874
202248	0.001759273519
202249	0.0005950545161
202250	0.001103827664
202251	0.00289688344
202252	0.001120325215
202253	0.001131877085
202254	0.001707229508
202255	0.001518716309
202256	0.001546761685
202257	0.001178035792
202258	0.001148540927
202259	0.00167674608
202260	0.001360472772
202261	0.0003375456758
202262	0.001387167431
202263	0.001608183221
202264	0.00198747128
202265	0.00119539265
202266	0.002784247789
202267	0.001640668687
202268	0.001590354133
202269	0.001084443505
202270	0.001805106389
202271	0.001147596658
202272	0.0002820718323
202273	0.001102205636
202274	0.001952101172
202275	0.001201822604
202276	0.001477510273
202277	0.001328077621
202278	0.001026490673
202279	0.002830261482
202280	0.001349395443
202281	0.001823423393
202282	0.001617307718
202283	0.0008414771554
202284	0.002172094466
202285	0.0007450990781
202286	0.0001063251036
202287	0.001380701195
202288	0.001710674326
202289	0.001798065326
202290	0.001526678515
202291	0.002476292512
202292	0.001002794931
202293	0.001046666413
202294	9.741192929e-05
202295	0.001458141311
202296	0.001222981781
202297	0.0009777638491
202298	0.0006045523417
202299	0.001556363415
202300	0.0007647459134
202301	0.002451128658
202302	0.001828649161
202303	0.001530547319
202304	0.001370911194
202305	0.003014332419
202306	0.001920370071
202307	0.0007616519228
202308	0.0003749323656
202309	0.0008161605274
202310	0.002805208597
202311	0.001304645792
202312	0.001070705846
202313	0.001857998366
202314	0.001424237467
202315	0.001371187545
202316	0.001724481797
202317	0.0009683952446
202318	0.001134916134
202319	0.001748517609
202320	0.002245819872
202321	0.001942606019
202322	0.0008555897147
202323	0.001825373482
202324	0.001257420698
202325	0.001513302999
202326	0.001928943227
202327	0.001815452571
202328	0.002131228087
202329	0.002078050285
202330	0.0002737937652
202331	0.001051623768
202332	0.001451899319
202333	0.001737987772
202334	0.001766553534
202335	0.0004197375801
202336	0.001175447432
202337	0.001219512392
202338	0.001389758354
202339	0.001366136582
202340	0.003291311714
202341	0.001279890123
202342	0.001146327021
202343	0.001417576409
202344	0.001975427454
202345	0.002264428642
202346	0.001662926385
202347	0.0001895994097
202348	0.002701405224
202349	0.001813136685
202350	0.0009206225161
202351	0.003099224445
202352	0.001003499481
202353	0.001332207936
202354	0.001157486152
202355	0.001484381436
202356	0.0001248753113
202357	0.002494009821
202358	0.001050249793
202359	0.001609102703
202360	0.0006732031803
202361	0.00142694736
202362	0.001779397633
202363	0.001648134668
202364	0.001648540799
202365	0.002145382876
202366	0.001301949548
202367	0.001317941519
202368	0.001231158913
202369	0.001471396032
202370	0.000569944109
202371	0.001628804412
202372	0.0009521795599
202373	0.001378891718
202374	0.001622279518
202375	0.001718567529
202376	0.0006076315438
202377	0.001447657464
202378	0.001036127666
202379	0.003844996891
202380	0.001604561658
202381	0.001461913566
202382	0.002074489201
202383	0.001150086497
202384	0.0003112333762
202385	0.0004336549049
202386	0.001459530322
202387	0.006721841365
202388	0.001684043649
202389	0.001120969884
202390	0.0006229773228
202391	0.005945191038
202392	0.001564851031
202393	0.006892791285
202394	0.002039699465
202395	0.002812722782
202396	0.003961850704
202397	0.003639635998
202398	0.001370382614
202399	0.0003313614415
202400	0.003573103006
202401	0.001599866934
202402	0.001554773519
202403	0.001899606905
202404	0.0009484702797
202405	0.003390812852
202406	0.002365834162
202407	0.0003539537458
202408	0.001466384309
202409	0.001577989894
202410	0.002709490639
202411	0.002441927108
202412	6.082126443e-08
202413	0.002441791308
202414	0.001918868421
202415	0.002063150905
202416	0.001091419708
202417	0.0007746082785
202418	0.002569095948
202419	0.00024913635
202420	0.000367259696
202421	0.0006060488617
202422	0.0001201095136
202423	0.000327776026
202424	0.0001937479197
202425	0.00155263304
202426	0.00449486304
202427	0.0001327348044
202428	0.001784478586
202429	0.001801479318
202430	0.001000080908
202431	0.0003442338605
202432	0.0006481161899
202433	0.0003711826808
202434	0.001136983524
202435	0.000798884343
202436	0.001011300416
202437	0.0003015620964
202438	0.0009284381078
202439	0.002003024574
202440	0.0004808970401
202441	0.0005954203278
202442	0.000958915772
202443	9.390246749e-05
202444	0.0007711884273
202445	0.001447103707
202446	0.0005558172551
202447	5.838351947e-05
202448	0.002219435801
202449	0.0001716731928
202450	0.0004083907005
202451	0.0009879704651
202452	0.000258315123
202453	2.030121263e-06
202454	0.0005111964921
202455	0.0007440024285
202456	0.003917344334
202457	0.001351542701
202458	0.001528914496
202459	0.001627422842
202460	0.004468995411
202461	0.001107342913
202462	0.002156567519
202463	0.0008209418236
202464	0.001180204201
202465	0.0001974683788
202466	0.002452152711
202467	0.001477072756
202468	0.002249249432
202469	0.0001135325478
202470	0.003001512673
202471	0.001934893467
202472	0.001210796595
202473	0.002331493282
202474	0.002820958531
202475	0.001155112768
202476	0.00123078843
202477	0.001066198013
202478	0.001933148291
202479	0.001991639521
202480	0.0001297572718
202481	0.001024205169
202482	0.002284757685
202483	0.000926541106
202484	0.001437823399
202485	0.0004979485858
202486	0.002177692779
202487	0.0007472216521
202488	0.001069411292
202489	0.0001699204801
202490	0.001911173079
202491	0.0007043346775
202492	0.0002134144803
202493	0.0009124652557
202494	0.0009518149114
202495	0.0005450999643
202496	0.001811299826
202497	0.000665606246
202498	0.0003456923266
202499	0.0005948907468
202500	0.001499386876
202501	0.001583671759
202502	0.003296472451
202503	0.002034812212
202504	0.0007720153585
202505	0.001088730201
202506	0.0007175476859
202507	0.0002684754947
202508	4.719099547e-08
202509	0.0001020248577
202510	0.000166724436
202511	0.004264412113
202512	0.0009406887572
202513	0.001654957561
202514	0.0003105945666
202515	0.0004373063977
202516	0.001423889274
202517	0.00274395379
202518	0.0004231949154
202519	1.988666265e-07
202520	3.147549745e-07
202521	0.000371434611
202522	0.0009291513743
202523	0.0005633957523
202524	0.0005739041113
202525	0.0002731479816
202526	0.0001622073257
202527	1.232914322e-07
202528	0.001104653722
202529	0.0009692107948
202530	0.001017939596
202531	0.001456798656
202532	0.0006559447287
202533	0.0008785551411
202534	0.0005688636406
202535	0.002429108555
202536	0.003344979001
202537	0.001477177032
202538	0.000657618492
202539	0.002075089463
202540	0.003254704345
202541	0.001003510233
202542	0.0004621789098
202543	0.0007742491238
202544	0.001126772652
202545	3.085113437e-05
202546	0.001245795972
202547	0.0001166970313
202548	0.002410812638
202549	0.0002833303047
202550	0.003666722665
202551	0.00186436611
202552	0.00386221432
202553	0.001225997709
202554	0.001516695889
202555	0.0003465136179
202556	0.0005586750887
202557	0.001565224776
202558	0.0008528813461
202559	0.001164049826
202560	0.002006799432
202561	0.002412019879
202562	0.0004222485466
202563	0.001341698975
202564	0.000167223545
202565	0.001785152006
202566	7.409044765e-08
202567	3.643121455e-08
202568	3.684055408e-08
202569	0.001570116243
202570	0.0003876952528
202571	0.001510473054
202572	0.000213980788
202573	0.0007148526548
202574	0.0007395732144
202575	0.000875772918
202576	0.000711728504
202577	0.001033765817
202578	0.001257359564
202579	0.003043510535
202580	0.003628979391
202581	0.002208761645
202582	0.001234593103
202583	0.000359880625
202584	0.002823019496
202585	0.002264216382
202586	0.001825085968
202587	0.002065908012
202588	0.0007220579313
202589	0.002117146189
202590	0.001265758672
202591	0.001182810855
202592	0.001246861118
202593	6.98042861e-05
202594	0.0005760474239
202595	0.000380277707
202596	0.0001451481749
202597	0.000992782232
202598	0.0001078851729
202599	0.000523988973
202600	0.001141831126
202601	0.000690115857
202602	0.0006401719796
202603	0.0007289724878
202604	0.002951556038
202605	0.002205476523
202606	0.002058619906
202607	0.002118122492
202608	5.018731218e-05
202609	0.005812819855
202610	0.0007226710764
202611	0.001006246158
202612	0.00624805423
202613	0.0007544654583
202614	0.0005452705629
202615	0.0001618627189
202616	0.001425429278
202617	5.908735704e-05
202618	0.0001191666484
202619	0.0008536708291
202620	0.001695052249
202621	0.001189832334
202622	0.0001277880898
202623	0.0004378104152
202624	0.0006638914891
202625	0.0003650328815
202626	0.0002480451257
202627	0.0008001550375
202628	0.0001195538642
202629	7.380077287e-05
202630	0.0004394326706
202631	0.001425474356
202632	0.0002163598377
202633	0.001974952454
202634	0.0002082113713
202635	0.0009074449565
202636	0.0002892914471
202637	0.002429754886
202638	0.0004425520973
202639	0.0007817948199
202640	0.0009576521198
202641	7.507375394e-05
202642	0.0004262132883
202643	0.0001630364438
202644	0.001434162338
202645	0.001308120931
202646	0.0005304693795
202647	2.678357501e-05
202648	0.0003742529025
202649	0.0003712584681
202650	0.0001383295994
202651	0.0001549534691
202652	0.0001986803465
202653	0.001055409948
202654	0.001524836247
202655	0.001450758437
202656	0.0003213016303
202657	0.0002474068862
202658	0.0007093955877
202659	0.0009829099299
202660	0.001342573438
202661	0.0002730730663
202662	0.0006327863995
202663	0.002733749436
202664	0.001421757104
202665	0.0002635063499
202666	0.00136773909
202667	0.002705735657
202668	0.001438594469
202669	0.001502145445
202670	0.00160996321
202671	0.0004891906489
202672	0.00110044293
202673	0.001839902346
202674	0.0006244554116
202675	0.003005184611
202676	0.002808677098
202677	0.001431485258
202678	0.002173600796
202679	0.002475503967
202680	0.0005950446041
202681	0.004215688766
202682	0.002272165478
202683	0.002750267422
202684	0.00342008133
202685	0.004487113703
202686	0.00457107012
202687	0.0004468304588
202688	0.001222453549
202689	0.0001957641894
202690	0.0003659488268
202691	0.0005640730315
202692	0.00131405988
202693	0.0003979486113
202694	6.568785757e-05
202695	0.0007090618357
202696	0.0006509058555
202697	0.0002773101911
202698	0.001087714551
202699	0.0001424211328
202700	0.00129069195
202701	0.0009176009212
202702	0.0002313127659
202703	0.0006259709563
202704	0.0007073039269
202705	0.0003704764082
202706	0.0004383482379
202707	0.002685727171
202708	0.0002920506991
202709	0.00155339912
202710	0.00427160895
202711	0.0005525731465
202712	0.0003035298693
202713	0.005025947726
202714	0.0007509401065
202715	0.005269144654
202716	0.0002459725114
202717	0.002305160276
202718	0.0006992600421
202719	0.005294569471
202720	0.001603493114
202721	0.0003359115934
202722	0.0002947205109
202723	0.0008081093719
202724	0.0003506446063
202725	0.006259996373
202726	0.0003136156449
202727	6.6583567e-05
202728	0.0005311451221
202729	0.0007295591768
202730	0.001231972519
202731	0.003029358935
202732	0.0004911825859
202733	0.00348276979
202734	0.001657593369
202735	0.001508309578
202736	0.0004293203964
202737	0.0006908287031
202738	0.0004823455291
202739	0.0006673378671
202740	0.000468399693
202741	0.0008780427942
202742	0.0009659659776
202743	0.003527956239
202744	0.002390133876
202745	0.0008229171559
202746	0.002003275343
202747	0.001156976249
202748	0.002981884813
202749	0.0002965532596
202750	0.005068924533
202751	0.005925910622
202752	0.001050272943
202753	0.001805449003
202754	0.0001144857635
202755	5.983356298e-06
202756	0.0017871212
202757	0.0005993682376
202758	0.0006358576672
202759	0.00154130363
202760	0.003521285924
202761	5.320407541e-05
202762	0.003397183463
202763	0.001140460482
202764	0.001139983695
202765	0.004383241816
202766	0.002083942246
202767	0.001214595156
202768	0.003217238032
202769	0.006704537136
202770	0.005761923457
202771	0.0008506587715
202772	0.002367783683
202773	0.0008118732123
202774	0.004125731461
202775	0.0004571260563
202776	0.001900874422
202777	0.003518315932
202778	0.0007244682583
202779	0.003878681256
202780	0.001716056691
202781	0.005246988449
202782	0.0001919966279
202783	0.001043318173
202784	0.0007796307564
202785	0.003251359411
202786	0.0001650900491
202787	0.005794604033
202788	0.0009965054731
202789	0.003415465423
202790	0.0007215874703
202791	0.003081087979
202792	0.001483126747
202793	0.0003549273517
202794	0.007977159633
202795	0.008704945067
202796	0.0024081252
202797	0.0006695102962
202798	0.003653587916
202799	0.001946556228
202800	0.004147225655
202801	0.002886525454
202802	0.0009510111543
202803	0.0007782303768
202804	0.002975847377
202805	0.01060039855
202806	0.001701768057
202807	8.036387922e-05
202808	0.004520600167
202809	0.003659007748
202810	0.007164376592
202811	0.008877274245
202812	0.0048058629
202813	0.0002381923335
202814	0.0008549726035
202815	0.001080891152
202816	0.001313489303
202817	0.0001601179184
202818	0.000577738532
202819	0.001219894192
202820	0.0104163671
202821	0.001513019392
202822	0.0009025844838
202823	0.00272630261
202824	0.002726025238
202825	0.009410057926
202826	0.002571217892
202827	0.001350465909
202828	0.001741540538
202829	0.004942723246
202830	0.0004628267071
202831	0.001543373261
202832	0.001416919453
202833	0.0003130884879
202834	0.004525195218
202835	0.00157325781
202836	0.005904542227
202837	0.002270754176
202838	0.001053686671
202839	0.0008765000919
202840	1.10312346e-05
202841	0.005498882722
202842	0.0002976666867
202843	0.00197927688
202844	0.00326816875
202845	0.001539268102
202846	0.002153992813
202847	0.0017312245
202848	0.0001734343363
202849	0.001115292689
202850	0.001132439956
202851	0.00252071992
202852	0.003845855215
202853	0.005287834507
202854	0.0001564851906
202855	5.064334989e-05
202856	0.001833808886
202857	0.004943915614
202858	0.0003892511124
202859	0.0007307905834
202860	0.001596993784
202861	0.002012840349
202862	0.004512966803
202863	8.985318339e-05
202864	0.0002066745073
202865	0.003690577963
202866	0.003092186882
202867	0.000476222821
202868	0.0009341355513
202869	0.001477516915
202870	0.0009299584278
202871	0.002680369389
202872	0.001700133193
202873	0.0006790347608
202874	3.025182234e-05
202875	0.00190852726
202876	0.0009328565868
202877	0.001766097156
202878	0.001200566062
202879	0.002968485656
202880	0.0001076321694
202881	0.0009127059413
202882	0.001275075207
202883	0.0001920144683
202884	0.0009448214545
202885	0.0002990854925
202886	0.0002014206893
202887	0.0001128782815
202888	0.002993414657
202889	0.003561335684
202890	0.002797955482
202891	0.0009481711072
202892	0.003340068585
202893	0.002870385304
202894	0.0001142781392
202895	0.0001117446803
202896	0.0002326339672
202897	0.001538538037
202898	0.005238925977
202899	0.0006615580819
202900	0.0009905610677
202901	0.003172485388
202902	0.002495866943
202903	0.0004359083445
202904	0.007454379303
202905	0.003563150135
202906	0.0004765546717
202907	0.006196018896
202908	0.003135548221
202909	0.005294283319
202910	0.0007289392061
202911	0.0001616312399
202912	0
202913	2.332942623e-05
202914	0.005978869367
202915	0.002503661081
202916	0.003985501637
202917	0.0008885732475
202918	0.0006015179125
202919	0.006238765265
202920	5.268299172e-05
202921	0.00664521704
202922	0.002445780773
202923	0.0004289861785
202924	0.001977223952
202925	0.0005499087801
202926	0.003364156391
202927	0.002380182154
202928	0.00268600013
202929	0.000247503307
202930	0.001597575743
202931	0.004312895462
202932	0.001304024888
202933	0.003426543395
202934	0.0021463816
202935	0.003073587554
202936	0.0001744470653
202937	0.0001922725138
202938	0.003782389406
202939	0.0001945290147
202940	0.004243928542
202941	0.001128948681
202942	0.001312438631
202943	0.002299235686
202944	0.0008065318205
202945	0.001421925114
202946	0.001762119784
202947	0.00307110669
202948	0.0008525170499
202949	0.003273085621
202950	0.001008406098
202951	0.000722588136
202952	0.000919724829
202953	0.005898000176
202954	0.0003817937797
202955	0.001740725753
202956	0.0005635137485
202957	0.004436234331
202958	0.002055992426
202959	0.006215261916
202960	0.0007382261422
202961	0.0008224727429
202962	0.00067230645
202963	0.0009000731742
202964	0.005112637604
202965	0.0001507738594
202966	0.0009536329597
202967	0.0007641984033
202968	0.0007554075071
202969	0.001485314213
202970	0.0007190518774
202971	0.003192894474
202972	0.004979024568
202973	0.0005584239514
202974	0.002022009927
202975	0.004186623154
202976	0.002684549155
202977	0.0002478031344
202978	0.004102307441
202979	0.0003594464385
202980	0.00175624437
202981	0.0003119993584
202982	0.0006780832074
202983	0.004376908804
202984	0.004020847148
202985	0.001573582781
202986	0.002689497967
202987	0.000344350698
202988	0.005328948072
202989	0.001441298841
202990	0.0002141548274
202991	0.00231830004
202992	0.001552213776
202993	0.003183067505
202994	0.001589212396
202995	0.001540532719
202996	0.0003712961776
202997	0.002045809374
202998	0.001083259096
202999	0.004030787656
203000	0.002533103735
203001	0.0034801936
203002	0.002019990929
203003	0.001275722612
203004	0.0006374456914
203005	0.001015882062
203006	0.00171160358
203007	0.0002740026691
203008	0.0006136392682
203009	0.001199359493
203010	0.002860945821
203011	0.0005230573499
203012	0.0001212424343
203013	0.001376622926
203014	0.003964098955
203015	0.0007126909057
203016	0.001008068202
203017	0.001711501554
203018	0.0007736043789
203019	0.001465105521
203020	0.001646740364
203021	0.001670377486
203022	0.0008763362164
203023	0.0002372225226
203024	0.002532526614
203025	0.0008832818215
203026	0.0003465915357
203027	0.0002101300956
203028	0.002280380278
203029	0.003322334186
203030	0.002321690521
203031	0.0003918292048
203032	0.001406069941
203033	0.006429725999
203034	0.0002092884026
203035	0.005967280172
203036	0.001637505693
203037	0.0008780904576
203038	0.004382881041
203039	0.0003406404879
203040	0.003755420125
203041	0.001964277553
203042	0.0006132705832
203043	0.001995750759
203044	0.0004847734494
203045	0.002567902857
203046	8.464791794e-05
203047	0.001109206213
203048	0.003495971249
203049	0.0003909511044
203050	0.00232108066
203051	0.006645495041
203052	0.002634258043
203053	0.002384180129
203054	0.0002127646377
203055	0.00527538864
203056	0.0003820760451
203057	0.0007461539559
203058	0.0006889203133
203059	0.001194630061
203060	0.003039133313
203061	0.001019900723
203062	0.00166011642
203063	0.001184815269
203064	0.0003030857251
203065	0.000398306412
203066	0.001849626467
203067	0.0004431912195
203068	0.001252206009
203069	0.001408570448
203070	0.001648041934
203071	0.00126390547
203072	0.001479925987
203073	0.0006566884265
203074	0.0007866353709
203075	0.00146239337
203076	0.0002292037038
203077	0.0002453678343
203078	0.000358988831
203079	0.0008879990514
203080	0.001341256013
203081	0.0007606763088
203082	0.0001125023771
203083	0.0006803296237
203084	0.0001170443764
203085	0.0009245774928
203086	0.002057247991
203087	0.002783437288
203088	0.002107542647
203089	0.002488271713
203090	0.0003561347286
203091	0.001144923036
203092	0.001931512875
203093	0.009984003045
203094	0.003586381028
203095	0.004589298065
203096	0.002666649183
203097	0.0006030573845
203098	0.005636013131
203099	0.004600637026
203100	0.001540916513
203101	0.0008615732343
203102	0.003169288103
203103	0.001344042632
203104	0.004217831588
203105	0.001005573162
203106	0.001394901609
203107	0.001504605768
203108	0.001369872957
203109	0.001106144126
203110	0.003450413301
203111	0.0001503547714
203112	0.00248787858
203113	0.0002161781961
203114	0.002310395648
203115	0.00199548938
203116	0.000896924097
203117	0.004217261912
203118	0.003705446011
203119	0.0005068880251
203120	0.003429775454
203121	0.002948348253
203122	0.003690053878
203123	0.0008403960356
203124	0.003740215894
203125	0.0001006678599
203126	0.00396270333
203127	0.002098418785
203128	0.00264466556
203129	0.0006333023953
203130	0.004502455529
203131	0.001623245578
203132	0.0002377685209
203133	0.0007405273242
203134	0.0004246306272
203135	0.001806469485
203136	0.0004003105468
203137	0.0005076944558
203138	8.019091592e-05
203139	0.0008343820353
203140	0.001826631309
203141	0.003081272885
203142	6.229448576e-05
203143	0.002465663111
203144	0.0002735020093
203145	0.0001606268841
203146	0.002096307293
203147	0.003791218729
203148	0.001027462163
203149	0.002985765063
203150	0.001723629241
203151	0.0002004385877
203152	0.001653905414
203153	3.54549865e-05
203154	0.003410169781
203155	0.002384710731
203156	0.001565273989
203157	0.003553873737
203158	0.0006740653548
203159	0.005941151384
203160	0.003034396145
203161	0.0005924309971
203162	0.002438619106
203163	0.003396860837
203164	0.002493105263
203165	0.0002149404824
203166	0.002367819916
203167	0.0002964182035
203168	0.0001962620145
203169	0.001834781611
203170	0.000588337004
203171	0.005077455089
203172	0.0005566655165
203173	0.0027330741
203174	0.0006493357003
203175	0.001346492052
203176	0.004620260127
203177	0.002165554639
203178	0.001280199879
203179	0
203180	0.003101222648
203181	0.001430909609
203182	0.001258099904
203183	0.001474693951
203184	0.001687037222
203185	0.002134911278
203186	0.002285675856
203187	0.0009022928496
203188	0.002633355467
203189	0.0008460240686
203190	0.0005199073889
203191	0.0005469783836
203192	0.0004203504522
203193	0.006817970367
203194	0.003730480767
203195	0.002819266547
203196	0.002273485486
203197	0.003355474267
203198	0.003678233118
203199	0.0003600645897
203200	0.003327602702
203201	0.003222907483
203202	0.003638441859
203203	0.003616401955
203204	0.00231607745
203205	0.003450029805
203206	0.00297637592
203207	0.003308924162
203208	0.003997729772
203209	0.003556330433
203210	0.002722898344
203211	3.06494748e-05
203212	0.0006965839506
203213	0.001812548475
203214	0.002475054796
203215	0.001452746022
203216	0.002272566832
203217	0.002209180272
203218	0.004026023696
203219	0.0004480676574
203220	0.001895003605
203221	0.0006803381848
203222	0.001163752307
203223	0.0001594163038
203224	0.001119470125
203225	0.0003748475401
203226	0.00062557707
203227	0.00553555497
203228	0.00498562251
203229	0.000517381328
203230	0.0006273106558
203231	0.003828875914
203232	0.0002996315666
203233	0.0001609008959
203234	0.002921844568
203235	0.001759825882
203236	0.004514921391
203237	0.003642275006
203238	0.00262500908
203239	0.0001155915005
203240	0.003739021466
203241	0.002889338009
203242	0.0002540647225
203243	0.0008573644333
203244	0.00030190967
203245	0.001763523472
203246	0.0007986261864
203247	0.001539441302
203248	0.0001901775746
203249	0.001740266047
203250	0.001064945412
203251	0.003239734423
203252	0.002886410078
203253	0.003933071467
203254	0.002158230007
203255	0.0002775768311
203256	0.001449721026
203257	0.001503363021
203258	0.005352751336
203259	0.005133818166
203260	0.0005988386821
203261	0.003287052089
203262	0.001430655096
203263	0.001349777477
203264	0.0008651752058
203265	0.001995350823
203266	0.0007239471336
203267	0.0007554837051
203268	0.001037031253
203269	0.001828921892
203270	0.001747865133
203271	0.0006333595123
203272	0.001505149229
203273	0.002466581635
203274	0.0027422744
203275	0.0006605053295
203276	0.001381772744
203277	0.002329796623
203278	0.002766469893
203279	0.001080004667
203280	0.000500162599
203281	0.001420590162
203282	0.00155611829
203283	0.002885154521
203284	0.003465292271
203285	0.003107510108
203286	0.000439812508
203287	1.81184309e-05
203288	0.0003396453008
203289	0.002066244502
203290	0.0008772858917
203291	0.003057924376
203292	0.001925789864
203293	0.001552760882
203294	0.002782806352
203295	0.000227276198
203296	0.0008016052079
203297	0.0007697406885
203298	0.00606888436
203299	0.002344807805
203300	0.002020580694
203301	0.0002797878505
203302	0.001110531082
203303	0.0006163183534
203304	0.005866887827
203305	0.0002111022982
203306	0.0003544216245
203307	0.0004737165495
203308	0.0008258095157
203309	0.0001083100774
203310	0.0003075083536
203311	0.001963964349
203312	0.001420918984
203313	2.336690345e-05
203314	0.0009726363823
203315	0.0004362567899
203316	0.0001289439019
203317	8.691155803e-05
203318	0.00205912695
203319	0.002847047821
203320	0.0004438687192
203321	0.002356385775
203322	0.001215855812
203323	0.0006989176117
203324	0.005057334098
203325	0.002496726915
203326	0.002464392238
203327	0.0001569566521
203328	0.003307739203
203329	0.0005091962954
203330	0.0008359201466
203331	0.002485690799
203332	0.001378519117
203333	0.002996621089
203334	0.004918853312
203335	0.002941919528
203336	0.0006666915989
203337	0.001943495869
203338	0.001071554587
203339	0.001497478807
203340	0.000784175473
203341	0.003699781446
203342	0.0001330940469
203343	0.002555998076
203344	0.001973278196
203345	0.001390216322
203346	0.0002045181792
203347	0.001182030547
203348	0.001153173183
203349	0.0016333575
203350	0.002635909363
203351	0.0009702720399
203352	0.00027929889
203353	0.003271446606
203354	0.0009059401053
203355	0.001239701619
203356	0.001454596598
203357	0.001102854946
203358	0.003997572123
203359	0.0003987678409
203360	0.002742866786
203361	0.003173447487
203362	0.0001268965314
203363	0.001249250677
203364	0.0002358720381
203365	0.0003770471746
203366	0.0004232082018
203367	0.0002065167617
203368	0.0001161723859
203369	0.0001459645923
203370	0.001780800596
203371	0.004990577394
203372	4.67106295e-05
203373	0.001199626603
203374	0.0007428258321
203375	0.0003173619372
203376	0.001439837408
203377	0.0005851270338
203378	0.0001452735237
203379	0.0002581986283
203380	0.002768746
203381	3.284507932e-05
203382	7.74618029e-05
203383	0.003289527725
203384	0.0008667957498
203385	0.0009454257656
203386	0.0001337631419
203387	0.002307502729
203388	0.001645888111
203389	0.0003888856956
203390	0.00274144462
203391	7.209264731e-05
203392	0.000189664042
203393	0.001321906052
203394	0.002255237981
203395	0.0008318107563
203396	0.0001472366013
203397	0.003385626164
203398	0.002463811507
203399	0.0001360635519
203400	0.002731827002
203401	0.0003875789166
203402	0.0002901354736
203403	0.0007554500335
203404	0.0005818893987
203405	0.0009499319837
203406	0.001276946913
203407	0.00364035024
203408	0.001580981
203409	0.0005246074172
203410	0.001622027922
203411	0.004139749214
203412	0.0007335120805
203413	0.0001292363071
203414	0.001061282357
203415	0.001687263289
203416	0.001470106222
203417	0.001855896555
203418	0.0007694176614
203419	0.004192033938
203420	0.0004736825541
203421	0.01219423243
203422	0.001052156695
203423	0.001491483816
203424	0.0005462550463
203425	0.002183885328
203426	0.001075117033
203427	6.235801269e-05
203428	0.0007438985039
203429	0.0003462682605
203430	0.00135562271
203431	0.0009129342131
203432	0.002148447201
203433	0.002509163151
203434	0.0007929019706
203435	0.001318393336
203436	0.002695018586
203437	0.0004482319753
203438	0.0006777078903
203439	0.001215464476
203440	0.0008732545662
203441	0.001990238885
203442	0.0002690664995
203443	0.001880102323
203444	0.001273051275
203445	0.0001275094762
203446	0.0009348197564
203447	0.0005478655568
203448	0.0003811469178
203449	0.0003620395636
203450	0.000283597459
203451	0.0008599882568
203452	0.003892235076
203453	0.000581225681
203454	0.002535254068
203455	0.000103308536
203456	0.0006562843884
203457	0.002858003321
203458	9.745163631e-05
203459	0.003059960821
203460	0.0004863312554
203461	0.0008134493235
203462	0.001770997657
203463	0.0001554159512
203464	0.0008931468456
203465	0.001057960098
203466	0.001022081139
203467	0.002069737618
203468	0.004700636607
203469	0.0001005811125
203470	8.200317728e-05
203471	0.001302829948
203472	0.001933408994
203473	0.0007610913672
203474	0.003324527398
203475	0.002399983448
203476	0.003106514352
203477	0.002709710802
203478	0.0001448623015
203479	9.689576444e-05
203480	0.00250899179
203481	0.000578482444
203482	0.002021369248
203483	0.000404727465
203484	0.0009169997508
203485	0.0001025259914
203486	0.0002455427042
203487	0.003565803224
203488	0.000870420208
203489	0.0002709156065
203490	0.001460391732
203491	0.001119518378
203492	0.0001257935639
203493	0.0005373087013
203494	0.0005908447569
203495	0.0005991495565
203496	0.0009462193037
203497	0.001173500592
203498	0.000424357452
203499	0.005223268095
203500	0.00399352432
203501	0.004361566119
203502	0.004381860423
203503	0.002230152076
203504	0.003923423705
203505	0.0004352043528
203506	0.0003858800658
203507	0.001613393247
203508	0.002370509783
203509	0.0008003542626
203510	0.003031310255
203511	0.003875731549
203512	0.002149078941
203513	0.0006303127144
203514	0.0001594920596
203515	0.001123709986
203516	0.001435259936
203517	1.792589964e-05
203518	0.002679891703
203519	0.0006615071535
203520	0.0002922255436
203521	7.099280447e-05
203522	0.0002867574651
203523	0.001189815538
203524	0.001566939077
203525	0.001083384321
203526	0.001961140974
203527	0.003436243321
203528	0.003949128886
203529	0.003985864401
203530	0.002187340178
203531	0.0009601927097
203532	0.0001164752254
203533	0.0004626425276
203534	0.000528982311
203535	0.0003360774051
203536	0.0006121110562
203537	0.000857586628
203538	0.0007980380648
203539	0.001912483155
203540	0.000452652238
203541	0.00181495682
203542	0.002288516075
203543	0.0006125662958
203544	0.003776140876
203545	0.0005408185352
203546	0.006597351468
203547	0.0003030991343
203548	0.002204411355
203549	0.001239559724
203550	0.0003761408625
203551	0.0001056848455
203552	0.0007356610836
203553	0.0005318016504
203554	0.0004537074783
203555	0.0005623053564
203556	0.001960537185
203557	0.004123846565
203558	0.0006652684366
203559	0.0006525056797
203560	0.004258589942
203561	0.000750001338
203562	0.0002108353641
203563	0.0008729790921
203564	0.00111047208
203565	0.001127930284
203566	0.0002554440513
203567	0.003757049842
203568	0.0004046450239
203569	0.003183584745
203570	0.000434674248
203571	0.0001365292276
203572	0.0005016082824
203573	0.0007643548629
203574	0.0006511230459
203575	0.001785156699
203576	0.0007986241181
203577	0.001238284908
203578	0.0001462158168
203579	0.0008363199925
203580	0.000314712153
203581	0.002391817186
203582	0.003033191365
203583	0.0001053655186
203584	6.500443725e-05
203585	0.001150126907
203586	0.001945694632
203587	6.245465424e-05
203588	7.351474921e-05
203589	0.0002534147167
203590	0.0003258730993
203591	0.004253570633
203592	0.003227617774
203593	0.002111235236
203594	0.0003307447646
203595	0.0008391319078
203596	0.002578246298
203597	0.0005783772386
203598	0.0003392572893
203599	0.001480473254
203600	0.003506476326
203601	0.001772670983
203602	0.0001628277088
203603	0.001394976324
203604	0.001393567055
203605	0.0006075830341
203606	0.003611326842
203607	0.004425111225
203608	0.001029553176
203609	2.466857422e-05
203610	0.001850575804
203611	0.002579674319
203612	0.005463641855
203613	0.002008627812
203614	0.0003727687254
203615	0.0002121928593
203616	0.001554517918
203617	0.002882601496
203618	0.004255940918
203619	0.0001739327826
203620	0.0004639511635
203621	0.0002306571638
203622	0.0002557640556
203623	0.004490235481
203624	0.002211435471
203625	0.002141856016
203626	0.000333346306
203627	0.0001004650583
203628	0.001255147475
203629	0.001009029528
203630	0.005011304194
203631	0.00256172056
203632	0.0005718002317
203633	0.0005943668977
203634	0.0002994069543
203635	0.0009004631952
203636	0.0009445321969
203637	0.000531443511
203638	0.0007170607355
203639	0.0008315728334
203640	0.0004206472703
203641	7.066456165e-05
203642	0.002550048264
203643	0.00101186378
203644	0.004107278905
203645	0.001097643657
203646	0.0001987291341
203647	0.0003158601125
203648	3.219683261e-05
203649	0.005969896028
203650	0.0002155716865
203651	0.0005776488263
203652	0.001018557601
203653	0.0004118318012
203654	0.001180549401
203655	0.0001038261175
203656	0.001939911343
203657	0.001189235534
203658	4.983215487e-05
203659	5.842292777e-05
203660	0.0001945791028
203661	0.001987074958
203662	0.0002708613157
203663	0.000375184943
203664	0.003462919314
203665	7.472846554e-05
203666	2.277098474e-05
203667	0.001000579624
203668	0.001669804282
203669	0.001814171431
203670	0.00115816299
203671	0.0002565996268
203672	0.0002150259711
203673	0.0001820573726
203674	6.624615567e-05
203675	0.0003995335926
203676	0.00060792794
203677	0.002443461328
203678	0.003244417151
203679	0.001900372386
203680	0.001203188169
203681	0.0001037575125
203682	0.0008763870381
203683	0.001537142423
203684	0.0002633797977
203685	0.0001499540282
203686	0.001832521355
203687	0.000411783634
203688	0.0005672871959
203689	0.0002935045358
203690	0.0009374767006
203691	0.0006886265928
203692	0.0002759751375
203693	0.0002029475675
203694	0.001622116322
203695	0.001849007713
203696	0.0007235086882
203697	0.0001065824247
203698	0.001193088259
203699	0.0005752532638
203700	7.783753714e-05
203701	0.003831036051
203702	0.003762204403
203703	1.93662604e-06
203704	0.0001796457434
203705	3.52735737e-05
203706	0.0001325189279
203707	0.0008608551842
203708	0.0006181712894
203709	0.002021907985
203710	0.001299983409
203711	0.001072348749
203712	0.001049466161
203713	0.002396229568
203714	0.0004953040551
203715	0.0005758389668
203716	0.002161332497
203717	0.002823325992
203718	0.0005207817105
203719	0.0004703639877
203720	2.041085963e-07
203721	0.0001764039547
203722	0.0007179867664
203723	0.001889013854
203724	0.0002505523496
203725	0.001656967488
203726	0.001470758543
203727	0.00254427789
203728	0.0007018506464
203729	0.004139578869
203730	0.0005796637385
203731	0.0033427172
203732	0.002430049734
203733	0.001281231963
203734	0.001000527983
203735	0.0001028780533
203736	0.0003676762174
203737	0.0006819170186
203738	0.001668468002
203739	0.0002038804825
203740	0.0004154899895
203741	0.0001367774352
203742	0.00140043271
203743	0.001401113313
203744	0.002572877706
203745	0.001225151411
203746	0.004789503236
203747	0.002208996758
203748	0.0001161296423
203749	0.0008787966293
203750	0.001435125724
203751	0.0007823951928
203752	0.0003189365103
203753	0.0005194923719
203754	0.003430779188
203755	0.0003337752902
203756	0.0004451338629
203757	0.0008205694759
203758	0.001316186906
203759	0.001108626316
203760	0.0003449653411
203761	0.0007325952623
203762	0.0004410022809
203763	0.0007205475103
203764	0.002472677976
203765	0.0002489866237
203766	0.0003816316357
203767	0.0001549109477
203768	0.001137469421
203769	0.001701752531
203770	0.001609891635
203771	0.002574913441
203772	1.009737805e-05
203773	0.00172219617
203774	0.0007619301552
203775	0.001160550929
203776	0.0003947183885
203777	0.001775755067
203778	0.0002715104914
203779	0.002431146972
203780	0.0009525454786
203781	0.002307279503
203782	0.0006916249387
203783	0.002660079968
203784	0.0001168401463
203785	0.001829085262
203786	0.0002459045846
203787	0.001732841272
203788	0.0004047791587
203789	0.002913157988
203790	1.108929243e-05
203791	0.0003743594737
203792	0.0004729629
203793	0.0005533453449
203794	0.002443629181
203795	0.00144744863
203796	0.001978432089
203797	0.0007239097047
203798	0.0007082300494
203799	0.0008597759276
203800	0.0007258756693
203801	0.003831382029
203802	0.0005208958632
203803	0.0007007159681
203804	0.001104572624
203805	0.001730933978
203806	0.0001776143621
203807	0.0007872111637
203808	0.0006568020676
203809	0.00443820135
203810	0.0001713300744
203811	5.949785521e-05
203812	3.262326014e-05
203813	0.001231471025
203814	0.002751949445
203815	0.000319191892
203816	0.001502971338
203817	0.002196662785
203818	0.001508198127
203819	0.0003859847114
203820	0.0008737479159
203821	0.00110752304
203822	0.001580969917
203823	0.0006712243059
203824	0.001400558276
203825	0.0004001792709
203826	0.0002132557546
203827	0.0007730966072
203828	0.0007742822569
203829	0.0001705125638
203830	0.000159970588
203831	0.0006993474983
203832	0.0005103244497
203833	0.001626884275
203834	0.0001665297159
203835	0.0005328666007
203836	0.0005455341369
203837	0.0001912569728
203838	0.0006920697623
203839	0.001605822127
203840	0.001232548619
203841	0.001465734028
203842	0.0002781488675
203843	0.0005079855501
203844	0.003246937109
203845	0.0006901295892
203846	0.002023095211
203847	8.473107145e-05
203848	0.00135790343
203849	0.001080512242
203850	0.0002078321066
203851	7.417166342e-05
203852	0.005856763897
203853	0.0008422316905
203854	0.000393699832
203855	0.0002640618238
203856	0.0003441075834
203857	0.001082110115
203858	0.0004296772771
203859	0.002218062129
203860	0.001834450215
203861	0.004441555569
203862	0.005687172193
203863	0.0004987337133
203864	0.0006536695512
203865	0.002706932386
203866	0.001046964259
203867	0.002940517092
203868	0.002395729801
203869	0.002978523569
203870	0.0002475939086
203871	0.002181900209
203872	0.00273580525
203873	0.000144744526
203874	0.0008181566285
203875	0.0002670577816
203876	0.003950655796
203877	0.001292818702
203878	0.002467192653
203879	0.0009088974454
203880	0.0002808403656
203881	0.0008394573432
203882	0.0005228579237
203883	0.00322689828
203884	0.0008728177961
203885	0.0002307059487
203886	0.0008553725434
203887	0.002276882008
203888	0.0009887396065
203889	0.001626644078
203890	0.00191359765
203891	0.0001191812916
203892	0.003218419081
203893	0.00297212128
203894	0.002468820272
203895	0.00149222837
203896	0.0003284782866
203897	7.040267159e-05
203898	0.0002250399535
203899	0.0001145914663
203900	0.0001499691293
203901	0.003659427912
203902	0.00168864216
203903	0.001109508987
203904	0.0006350927727
203905	0.0006518341917
203906	0.002241816892
203907	0.002805322613
203908	0.003576914221
203909	0.0001923121948
203910	0.0008008637147
203911	0.0006588277691
203912	0.0005846917053
203913	0.0007371162829
203914	0.003450393656
203915	0.001160711634
203916	0.001316662236
203917	0.002486754403
203918	0.0006294597139
203919	0.002526324264
203920	0.002275851538
203921	0.0008449983723
203922	2.505185012e-08
203923	0.001666557161
203924	0.001074857989
203925	0.004749493695
203926	0.0001487310126
203927	0.004528346937
203928	0.002188499419
203929	0.002785122154
203930	4.392074868e-05
203931	0.0006513266059
203932	0.004965016586
203933	0.004961570639
203934	0.000521064065
203935	0.000978212091
203936	0.001397646463
203937	3.612397e-05
203938	0.002811840931
203939	0.002355381464
203940	4.159533999e-05
203941	0.001445594679
203942	0.0008753299994
203943	0.001946240083
203944	0.001183342825
203945	0.001421935715
203946	0.002432764821
203947	0.0001799551053
203948	0.001214166248
203949	0.002273324378
203950	0.0001465885696
203951	0.004505809219
203952	0.0009734313212
203953	0.0003391412372
203954	0.0002727538472
203955	8.505310298e-05
203956	0.0003322087925
203957	0.0003564863489
203958	0.002511849712
203959	0.0003290572421
203960	0.002177073704
203961	0.0006258072794
203962	0.002518631377
203963	0.00283377151
203964	0.000642353379
203965	0.005893794628
203966	0.00127473575
203967	0.003476997239
203968	0.001468002879
203969	4.260660444e-05
203970	0.0005050973479
203971	0.000288061275
203972	0.002004642784
203973	0.0004836946028
203974	0.000545965178
203975	0.005736246496
203976	0.0001045399268
203977	0.003183173343
203978	0.0002742073369
203979	0.0006248368505
203980	2.996589598e-05
203981	0.0001763017879
203982	0.0003689300286
203983	0.0007333950506
203984	0.001354323379
203985	0.005666289316
203986	0.0004249567419
203987	0.001366256651
203988	0.003234769306
203989	0.0001096068494
203990	0.004662372964
203991	0.002387609874
203992	0.001246923765
203993	0.000732253361
203994	0.001107667385
203995	0.0002804081654
203996	0.0005439754723
203997	9.227378475e-05
203998	0.0008409758781
203999	0.000828224726
204000	0.001077572621
204001	8.479680055e-06
204002	0.003014594924
204003	7.619741214e-05
204004	7.548580459e-05
204005	0.0001605963144
204006	0.0007836686409
204007	0.001222154724
204008	0.0006887378059
204009	0.002738366935
204010	0.0002216138108
204011	0.00603589021
204012	0.002115025805
204013	0.0003831724312
204014	1.145944475e-05
204015	0.000261193479
204016	0.002146505782
204017	0.006302417212
204018	0.001022092627
204019	0.001133034491
204020	0.0002845260355
204021	0.0003643570581
204022	0.001711383945
204023	0.000238541497
204024	3.400387147e-06
204025	0.00121167556
204026	1.874947874e-05
204027	3.612379361e-05
204028	0.001032602719
204029	0.001150458043
204030	0.0003653110054
204031	0.001137297666
204032	0.003777271196
204033	0.003498480998
204034	0.0009618858999
204035	0.002152009405
204036	0.0002603761208
204037	0.000200555425
204038	0.001615046238
204039	0.0008997903853
204040	0.0001726957514
204041	0.000756752938
204042	0.000587319606
204043	0.001688546839
204044	0.005885248316
204045	0.0001865531509
204046	0.0002752163245
204047	0.00194025969
204048	0.003776261889
204049	0.001728364266
204050	0.000605322937
204051	0.001380756776
204052	0.001527600591
204053	0.0004677767971
204054	0.002099959424
204055	0.001332366165
204056	9.920561905e-05
204057	0.004964734963
204058	0.0005321250314
204059	0.0003434998451
204060	0.0009883461161
204061	0.0001607962005
204062	0.007829118487
204063	0.002932570671
204064	0.001350521151
204065	0.0007314131284
204066	0.0014298527
204067	0.0007344972929
204068	0.003280456962
204069	0.001229606677
204070	0.0002575566073
204071	0.001839395682
204072	0.003983311244
204073	0.00115107188
204074	0.001051365681
204075	0.0004601096578
204076	0.0007185097214
204077	0.001104032322
204078	0.0004718516902
204079	0.001371210856
204080	0.001400449823
204081	0.00244400548
204082	0.00186127053
204083	8.805286111e-05
204084	0.0008580228084
204085	0.002854590461
204086	0.004139991773
204087	0.0002374335707
204088	0.0006926598051
204089	0.002267705353
204090	0.0005937628237
204091	0.007507519901
204092	0.0007923625611
204093	0.001682401618
204094	0.002075291696
204095	0.002733969566
204096	0.001311194474
204097	0.001410640784
204098	0.0006655693086
204099	0.000321919658
204100	0.0005201296792
204101	0.0005509225508
204102	0.0001392532255
204103	0.001045298462
204104	0.00062481096
204105	0.004794330866
204106	0.00468769795
204107	0.002245801871
204108	0.0006073194672
204109	0.00886946246
204110	0.00394212586
204111	0.0007334662965
204112	0.0006097416007
204113	0.0007394568151
204114	0.001129785761
204115	0.0002548016378
204116	0.0001889964024
204117	0.001091248884
204118	0.0002378557187
204119	0.001119642341
204120	0.0001917608285
204121	0.000238135177
204122	0.0007614406975
204123	0.002251516319
204124	0.002883039699
204125	0.0004692660732
204126	0.0006596834339
204127	0.005428755125
204128	0.0002010504416
204129	0.001152643054
204130	0.0002401721542
204131	0.001739762151
204132	6.666892864e-05
204133	6.2931952e-05
204134	0.002000365302
204135	0.0004520422659
204136	0.002648740845
204137	0.0007222388897
204138	8.952893706e-05
204139	0.001790926601
204140	0.0001843813983
204141	0.00103409127
204142	0.0008000003479
204143	0.0005700646071
204144	0.000489854551
204145	0.0023846078
204146	0.003140692202
204147	0.003977136081
204148	0.0003617560728
204149	0.002305404199
204150	0.0003642162297
204151	0.006079533349
204152	0.002105580927
204153	0.006595737033
204154	0.00034568405
204155	0.0006683847376
204156	0.001264181572
204157	0.002900581726
204158	0.0006055859843
204159	0.001075254151
204160	0.001574917851
204161	0.0002215336767
204162	0.0003107690376
204163	0.0008717564794
204164	0.001267477564
204165	0.002042100873
204166	0.003786388341
204167	0.0006638102507
204168	0.000292498155
204169	0.0007932945856
204170	9.254399799e-05
204171	0.0002802187216
204172	0.001057841492
204173	0.005850193109
204174	0.003923264841
204175	0.0007786630856
204176	0.0007477309466
204177	0.0007027392423
204178	0.0005441907041
204179	0.002431351242
204180	0.0006135317898
204181	2.27984594e-05
204182	0.003756021109
204183	0.002114663134
204184	0.0009056470535
204185	0.001379887418
204186	0.0008465403878
204187	0.003468527717
204188	0.002317447608
204189	0.006978110903
204190	0.002475532213
204191	0.000487327197
204192	0.0003991498418
204193	0.0005605372799
204194	0.003037962698
204195	0.0003632831249
204196	0.003173807395
204197	0.004347465212
204198	0.001105663959
204199	0.001697835291
204200	0.000299721417
204201	0.001466173294
204202	0.003783348594
204203	0.0005925956478
204204	0.002580067276
204205	0.001065130976
204206	0.0009848304248
204207	0.0007621040365
204208	0.002645774008
204209	0.0005050387451
204210	0.001464565005
204211	0.001045630534
204212	0.0006298012594
204213	0.001630973178
204214	0.0005292125567
204215	0.003106618975
204216	0.001558815719
204217	0.0003394613138
204218	0.002339206505
204219	0.0002249143523
204220	0.004602127129
204221	0.0004038405342
204222	0.003000321621
204223	0.000751051101
204224	0.0001047032721
204225	0.0004538409
204226	0.0006135577766
204227	0.0007408396328
204228	0.00153193367
204229	0.001650368188
204230	0.001353006183
204231	0.002202486867
204232	0.0002014614215
204233	0.0006519277678
204234	0.000286513753
204235	0.001529214962
204236	0.0001762206327
204237	0.00196211426
204238	0.0001701093251
204239	0.001861232051
204240	0.001867957673
204241	0.000453963536
204242	0.001506111658
204243	0.0001533295848
204244	0.0006284519257
204245	0.00161692693
204246	0.0003853170813
204247	0.0002443834978
204248	0.0001810746104
204249	0.0001352139561
204250	0.0009309273394
204251	0.0001179918968
204252	0.004731111229
204253	0.001254290291
204254	0.001443528662
204255	0.001335104414
204256	0.001365268231
204257	0.004479839825
204258	0.001617696277
204259	0.002566871063
204260	0.009039362767
204261	0.002234688035
204262	0.0004767201941
204263	0.0004319153912
204264	0.0004765865468
204265	0.0003846056248
204266	0.0004874471371
204267	0.001506917629
204268	0.009268976135
204269	0.00285790745
204270	0.0009805652216
204271	0.001970463186
204272	0.0003924401067
204273	0.0007782881012
204274	0.002106867222
204275	0.000369846532
204276	0.0003458728799
204277	0.0001702024355
204278	0.002949075812
204279	0.001482438056
204280	0.0001495203977
204281	1.875978605e-05
204282	0.0005602429166
204283	0.001710799124
204284	0.0009970931884
204285	0.0003107439358
204286	1.701653087e-05
204287	0.00233693689
204288	0.0007339761785
204289	0.0002438292763
204290	0.0009962535637
204291	7.03867453e-05
204292	0.005049059771
204293	0.003557183949
204294	0.001553797291
204295	0.005022093901
204296	0.0004517427618
204297	0.0006821003479
204298	0.003511725683
204299	0.0001054828385
204300	0.0001120696937
204301	0.000248048902
204302	8.228769154e-05
204303	0.0003025657454
204304	0.008396198741
204305	0.00233434856
204306	0.004010802336
204307	0.002580756589
204308	0.0006882580839
204309	0.0001864878045
204310	0.0003957066593
204311	0.0009710222536
204312	0.0007761640159
204313	0.002375877483
204314	0.0004552746742
204315	0.002114751057
204316	0.003371804897
204317	0.0003104239917
204318	0.0001480884802
204319	0.0005584184008
204320	0.001597403024
204321	0.003450301206
204322	0.001612497372
204323	0.0001143752169
204324	0.001902451737
204325	0.0008542152933
204326	0.004314627866
204327	0.0006668701713
204328	0.001253426538
204329	0.0005745304355
204330	0.0005747755969
204331	0.0002311357648
204332	0.0007730167058
204333	0.0009407596375
204334	0.0008364542134
204335	0.003341846521
204336	0.0003369581681
204337	0.002691981763
204338	0.0002632124201
204339	0.0004655869034
204340	0.007353997213
204341	0.000395570061
204342	0.0001784806841
204343	0.003789533265
204344	0.002501224749
204345	0.001118235256
204346	0.001890354863
204347	0.0002327243818
204348	0.00226902011
204349	0.0007781241343
204350	0.0009629441636
204351	0.003327139308
204352	0.0003889846576
204353	0.0005883523709
204354	0.001816060607
204355	0.00160067789
204356	0.0005581129754
204357	0.001223109602
204358	0.001207242407
204359	0.001161432239
204360	0.003554630998
204361	8.265917887e-05
204362	0.002665675806
204363	0.002405191433
204364	0.0004541168766
204365	0.00122672506
204366	0.0007432538898
204367	0.00285883913
204368	0.0004244400588
204369	0.001026576968
204370	0.007235106796
204371	0.002097450275
204372	0.0001703558192
204373	0.001209979563
204374	0.000808912369
204375	0.001170532263
204376	0.0007231216106
204377	0.001931668095
204378	0.005608137619
204379	0.0004123025561
204380	0.0003531824682
204381	3.910585384e-05
204382	0.0001229693983
204383	0.001736641545
204384	0.0007991496878
204385	0.003036262497
204386	0.002071294587
204387	0.0002328935947
204388	0.002436852074
204389	0.0002660159091
204390	0.005263894476
204391	0.0001709996859
204392	0.00678930749
204393	2.59444982e-06
204394	0.001274957277
204395	0.001670325288
204396	1.872936285e-05
204397	2.722834924e-05
204398	6.737390924e-05
204399	0.001217988094
204400	0.001085191915
204401	0.0008330470744
204402	0.0009745522921
204403	7.248916021e-05
204404	0.0004144426262
204405	0.001059880714
204406	0.001344201795
204407	0.0005331692346
204408	0.0006175170679
204409	0.0001022056594
204410	0.003137612248
204411	0.0007008615884
204412	0.0006916425809
204413	0.001220604288
204414	0.001998174046
204415	0.003070905068
204416	0.0003406652356
204417	7.331393906e-05
204418	0.001709396688
204419	1.715053486e-06
204420	0.002442811929
204421	0.002240128601
204422	0.001076523673
204423	0.0004670119669
204424	0.00115475088
204425	0.002602544804
204426	0.002233459038
204427	3.321433221e-05
204428	0.001502967643
204429	0.0003535825321
204430	0.0005531801151
204431	0.000378389815
204432	0.0002980116708
204433	0.0003063174038
204434	0.0004944034879
204435	0.0001320423614
204436	0.000606760307
204437	0.002797512381
204438	0.0005012055336
204439	0.001064692343
204440	0.002290039062
204441	0.0002084717114
204442	0.0008076058207
204443	0.003440551099
204444	0.0008488377706
204445	0.001621867327
204446	2.046579786e-07
204447	0.0004424897053
204448	0.0009192683197
204449	0.001574257698
204450	0.002039675124
204451	0.002583881949
204452	0.001210549541
204453	0.001465791146
204454	0.0006371595061
204455	0.0002888835497
204456	0.002111463686
204457	0.001911124518
204458	0.002975198015
204459	0.001373337657
204460	0.0002341742929
204461	0.001264865546
204462	6.783690986e-05
204463	1.362595772e-05
204464	0.0006402961789
204465	0.003063993172
204466	0.0002273959666
204467	0.001354510985
204468	0.000275983121
204469	0.004285498557
204470	0.001311842967
204471	0.0009694798257
204472	0.001005166616
204473	0.0006971890785
204474	0.0002749914424
204475	0.002079628959
204476	0.0006868433532
204477	0.004117234294
204478	0.003154265622
204479	0.001380352541
204480	0.0003650907959
204481	0.002386457577
204482	0.001583336912
204483	0.002448186484
204484	0.0005165153968
204485	0.000220246676
204486	0.001227882038
204487	0.005380727142
204488	0.0001127415267
204489	1.879770172e-05
204490	0.0009275740256
204491	0.001217895228
204492	0.0005463350064
204493	0.0004412385683
204494	0.002817242846
204495	0.0004399413308
204496	0.005241197272
204497	0.001162414241
204498	0.0003348089774
204499	0.0009397612437
204500	0.001948343604
204501	0.000722200841
204502	8.402058817e-05
204503	0.001487221752
204504	0.0003511165497
204505	0.002409910765
204506	0.0002133638801
204507	0.001089979659
204508	0.001907668914
204509	0.002565044367
204510	0.0009258841679
204511	0.0002109696021
204512	0.000128541535
204513	0.002091850916
204514	0.002357555054
204515	0.002959714582
204516	0.001212486213
204517	0.0003431905792
204518	0.0006990609623
204519	0.003449924319
204520	0.001271115284
204521	0.0003399034606
204522	0.003259918014
204523	0.0009218253686
204524	0.002545063958
204525	0.001903666705
204526	0.0009378078291
204527	0.001781349748
204528	3.734626804e-05
204529	0.0004824394913
204530	0.0001339916359
204531	6.480797235e-05
204532	0.0003998766937
204533	0.000843756444
204534	0.0006616941469
204535	0.0006661802404
204536	0.0006383375488
204537	0.0009675275289
204538	0.002565042946
204539	0.001168254734
204540	0.0003022018017
204541	0.002881452781
204542	0.001226392821
204543	0.0007788052016
204544	0.00268030631
204545	0.0001311476788
204546	0.0002874764991
204547	0.002220307509
204548	0.0004736168183
204549	0.004131537491
204550	0.000405956376
204551	0.001066786581
204552	0.0006120930563
204553	0.001969540029
204554	8.893281218e-05
204555	0.001664523592
204556	0.002193663246
204557	0.0006664120631
204558	0.00125878487
204559	0.000300266525
204560	3.342169621e-05
204561	0.0002507841614
204562	0.001246702485
204563	0.0007013632543
204564	0.00046991611
204565	0.001769354232
204566	0.001252606384
204567	0.001157136133
204568	0.0009008803436
204569	0.0007405341762
204570	0.0005720188173
204571	0.0001624403902
204572	2.232978712e-05
204573	0.0004022856225
204574	5.276642452e-05
204575	0.001474551495
204576	0.0005628371
204577	0.002572112476
204578	0.0004387210877
204579	0.00217239455
204580	0.003035300575
204581	0.001208057441
204582	0.001042706444
204583	0.001067097824
204584	0.00119741884
204585	5.747966595e-05
204586	0.0001143490293
204587	6.086165584e-05
204588	0.001797142382
204589	0.0005212182481
204590	0.0007662799472
204591	0.004413504573
204592	0.001769716272
204593	0.002796485549
204594	0.002486076914
204595	0.001104038309
204596	0.002736004306
204597	0.0006204976105
204598	3.893135516e-05
204599	0.00211986496
204600	0.003765038277
204601	0.003412837162
204602	0.001035691324
204603	0.0004085314634
204604	0.000231942454
204605	0.002050101306
204606	1.503936509e-05
204607	0.0001461031246
204608	0.0005823104375
204609	0.004986958032
204610	0.002653154989
204611	0.002028249113
204612	0.001663936116
204613	0.0004371846031
204614	0.002478060522
204615	0.001743219931
204616	0.0003500161921
204617	0.0008111099029
204618	0.0009306666243
204619	0.001793047642
204620	0.00241712967
204621	0.002334637418
204622	0.001417570687
204623	0.0001309037362
204624	0.001546259967
204625	0.0002339172605
204626	0.002382924455
204627	5.05546763e-05
204628	0.002974096855
204629	0.0007654432437
204630	0.0008149423443
204631	0.005891943969
204632	0.002798267368
204633	0.0002367925472
204634	0.000461847998
204635	0.001269367359
204636	0.002132978498
204637	0.0003569879046
204638	0.0002071003314
204639	0.000608620018
204640	0.0001842131418
204641	0.0002125130063
204642	0.001366781215
204643	0.00155365458
204644	0.003232207511
204645	0.0019252493
204646	3.897136966e-05
204647	0.000188023356
204648	1.007794382e-06
204649	0.002118600056
204650	9.441162017e-05
204651	0.006310407225
204652	0.0009842647437
204653	0.0006079685932
204654	0.0001713530203
204655	0.001359584788
204656	0.0006887550052
204657	0.001254335437
204658	0.002534182294
204659	0.001791314724
204660	0.0004232407673
204661	0.0009989256865
204662	0.002273570192
204663	0.0003185687137
204664	8.98934686e-05
204665	0.001350323516
204666	0.0001148109389
204667	0.004326377933
204668	0.0002266653397
204669	0.002611111556
204670	1.615210176e-05
204671	0.002771587325
204672	0.0001082457893
204673	0.0004058359718
204674	0.00132739723
204675	0.0003107018126
204676	0.001445995566
204677	0.00254313082
204678	0.0001690300688
204679	0.001358301305
204680	0.0008810382058
204681	0.0007260441561
204682	0.001574131066
204683	0.000294393573
204684	0.004548495264
204685	0.0001239843276
204686	0.0005559001049
204687	0.001265493767
204688	0.0002983819174
204689	0.001216303321
204690	0.001355238105
204691	0.002182001797
204692	0.0001261421362
204693	0.0001632721656
204694	0.001840373583
204695	0.0002086686206
204696	0.000696206919
204697	0.0009965250549
204698	0.002285025803
204699	0.00116020471
204700	0.001330924705
204701	0.004274902132
204702	0.001425567489
204703	2.977966916e-05
204704	0.000221425183
204705	0.001185537314
204706	0.0001297817591
204707	0.001699386789
204708	0.0009633082194
204709	0.001505618012
204710	0.0007928934526
204711	0.0001581736046
204712	0.000650407947
204713	0.001407897545
204714	0.000122805365
204715	0.001009681264
204716	0.003538007344
204717	0.001507844828
204718	0.001567179777
204719	0.0003944058099
204720	0.0005369342375
204721	0.0003259268142
204722	0.003235385846
204723	0.0008776881027
204724	0.0001910562927
204725	2.095142953e-05
204726	0.005701520219
204727	0.0008414761503
204728	0.001296385582
204729	1.98707645e-05
204730	0.003156763667
204731	0.003185470812
204732	0.0007814625349
204733	0.001426192642
204734	0.001217529191
204735	0.0009104910083
204736	0.002523419252
204737	8.177701905e-06
204738	0.001205845577
204739	0.001321594924
204740	0.0006976244319
204741	0.0009068463151
204742	0.0005656498672
204743	0.0001567559503
204744	0.0001132673417
204745	0.0001089277579
204746	1.931700128e-05
204747	0.001441824959
204748	0.001238640934
204749	0.0006961425319
204750	0.0002861959638
204751	0.005147294287
204752	0.0001606296238
204753	0.002008292
204754	0.000103380897
204755	0.0002289015644
204756	0.0009371949395
204757	0.0008598437852
204758	0.0003163041281
204759	0.003585843744
204760	0.0007541380542
204761	0.003199330216
204762	4.042625305e-05
204763	0.002864444714
204764	0.003458825796
204765	0.0005441918527
204766	0.001462180373
204767	0.0003433792988
204768	0.001275513044
204769	9.727553527e-05
204770	0.005725806777
204771	0.0009148202914
204772	0.001372954545
204773	0.001160399631
204774	0.001826358129
204775	0.0005072211734
204776	0.001508363775
204777	0.001566557292
204778	0.001884887134
204779	0.001319838332
204780	0.0003037558064
204781	0.0003609155643
204782	0.0009073622417
204783	0.0003421517128
204784	0.003314300848
204785	0.00299591823
204786	0.0007193599711
204787	0.002520644854
204788	0.002795393291
204789	0.0007366549067
204790	0.001323537458
204791	0.0001214473068
204792	0.0002045279321
204793	0.0003023952259
204794	1.298477095e-06
204795	0.002069732795
204796	0.0002250478433
204797	0.001281980181
204798	0.0008553491501
204799	0.001668135553
204800	2.995259286e-05
204801	0.0007184939611
204802	0.002577584528
204803	3.455313329e-06
204804	0.0005008237775
204805	0.001794170723
204806	0.0004410655045
204807	0.0001311951683
204808	0.002380079751
204809	0.0046603646
204810	0.001437460207
204811	0.0003652150733
204812	0.003946784376
204813	0.0005910691969
204814	0.001344721405
204815	0.0001009400257
204816	0.002521552033
204817	0.0001511217213
204818	0.000263762769
204819	0.0003800350164
204820	0.000162188642
204821	0.0007476435865
204822	0.002399708238
204823	0.0003787158442
204824	0.0009546052323
204825	0.001378047253
204826	5.791555066e-05
204827	4.69619663e-05
204828	0.001062904908
204829	0.0002279246065
204830	0.001661297155
204831	0.002784013068
204832	0.0006836261406
204833	0.004519181618
204834	0.0003070816609
204835	0.003225097204
204836	0.002292519551
204837	0.0009508494993
204838	0.001591969755
204839	0.00504259459
204840	0.000121256994
204841	0.0006299509561
204842	2.751046296e-05
204843	0.001733567476
204844	0.0008259301605
204845	0.0007201324654
204846	0.0003393795375
204847	0.001888847776
204848	0.0009174133041
204849	0.0004122514301
204850	0.0002844929442
204851	0.0007011412238
204852	0.0003986460134
204853	0.0004933814689
204854	0.0001374287719
204855	0.0005548940625
204856	0.0008013603829
204857	0.001104181089
204858	0.0004393634808
204859	0.000174837319
204860	0.0005835548604
204861	0.002298607218
204862	0.002638094267
204863	0.002348302441
204864	8.347211818e-05
204865	0.001787286566
204866	0.001626425963
204867	0.0009473870771
204868	0.001588395046
204869	0.0004127397249
204870	0.001416606806
204871	0.0006662222537
204872	0.0003420065978
204873	9.789896854e-05
204874	0.0008352198339
204875	8.474905699e-05
204876	0.001333494701
204877	0.002279246747
204878	0.007973632362
204879	0.00113427966
204880	0.003022107462
204881	0.001649517203
204882	0.0003142550827
204883	0.001174648285
204884	0.001228379508
204885	0.000756837758
204886	0.0003199056075
204887	0.0001808037316
204888	0.0001162539024
204889	0.001138453181
204890	0.0007129404242
204891	0.001246996625
204892	0.002381120914
204893	0.001562976411
204894	0.001381468658
204895	0.0003520920855
204896	0.0009375500222
204897	0.0004260761938
204898	0.0004699815492
204899	0.002026971122
204900	0.0005305252788
204901	0.002093209668
204902	0.001156357782
204903	0.002149522587
204904	0.000783255289
204905	0.0006487642721
204906	0.0003441638926
204907	0.0006589514183
204908	0.001816771166
204909	0.0007377312584
204910	0.003930735533
204911	0.0009820709931
204912	0.00331137477
204913	0.0010416469
204914	0.002302309554
204915	0.0002272852668
204916	7.031712853e-05
204917	0.001528087007
204918	0.001831737041
204919	0.0004776726609
204920	0.0005029869092
204921	0.0009119069827
204922	0.003817307423
204923	0.0005022306801
204924	0.00348892082
204925	0.0004500078178
204926	0.0002253619461
204927	0.0002355683316
204928	7.976696644e-05
204929	0.0002942885592
204930	0.0005079543862
204931	0.002424154229
204932	0.0007113144151
204933	0.003705107654
204934	0.001000323932
204935	0.00384141513
204936	9.46868309e-05
204937	0.002179989808
204938	0.004998896948
204939	0.001635093682
204940	0.0005316348505
204941	0.002646944452
204942	0.0003335673434
204943	0.001552865891
204944	0.003850028357
204945	0.003759258846
204946	0.0004095620244
204947	0.0005348713561
204948	0.0001541802787
204949	0.001774361019
204950	0.001335395689
204951	0.002674434093
204952	0.002612073222
204953	0.00506329112
204954	4.801006673e-05
204955	0.0002540736076
204956	0.0009874457914
204957	0.002131809273
204958	0.001224677382
204959	0.001076297582
204960	0.001424445971
204961	0.001936424389
204962	0.001087136612
204963	0.0003089070559
204964	0.0002878159328
204965	0.001260308859
204966	0.001915589862
204967	0.0006746386194
204968	0.0001447726991
204969	0.0004668133081
204970	0.0003846726119
204971	0.001345484833
204972	0.001289960464
204973	0.0004994162285
204974	0.0003176527125
204975	0.0009218117133
204976	0.002522334222
204977	0.0009052879437
204978	0.0002805117237
204979	0.002817404605
204980	0.00245274129
204981	0.001665194955
204982	0.0004114204572
204983	0.0001898040981
204984	0.000186368953
204985	0.003205505303
204986	0.0009875584655
204987	0.001196917063
204988	0.004131664061
204989	0.0006906797311
204990	8.014378806e-05
204991	0.0004181014286
204992	0.002333833917
204993	0.001123860969
204994	0.0003292801805
204995	0.00202432997
204996	0.0006226149285
204997	0.0008640506602
204998	0.0007402497412
204999	0.002756561462
205000	0.002270075565
205001	0.0002778668476
205002	0.001604815453
205003	0.0009616192129
205004	0.001343334168
205005	0.00176977921
205006	0.001530114111
205007	0.001415508981
205008	0.001355579205
205009	1.676291396e-07
205010	0.0001263461702
205011	0.001976978013
205012	0.001846888353
205013	0.003883864294
205014	0.002307239333
205015	0.0006570516139
205016	0.0004538500651
205017	0.00040136318
205018	0.002290643324
205019	3.799821454e-05
205020	0.0001742573396
205021	0.0009798874124
205022	0.00050454215
205023	0.0004963128675
205024	0.001979287813
205025	0.001109692817
205026	0.001428807463
205027	0.0004729393338
205028	0.0009459005196
205029	7.036678629e-05
205030	0.0002228327452
205031	0.00040045828
205032	0.0004336275619
205033	0.0002666062542
205034	0.001157471184
205035	0.004191126138
205036	0.0007564355198
205037	0.0005992204016
205038	0.002560967527
205039	0.002935654219
205040	0.001505505005
205041	0.002627766705
205042	0.002238997336
205043	0.003782909984
205044	0.001617718335
205045	0.001857347078
205046	0.002800354935
205047	0.00287837249
205048	0.000619182553
205049	0.0007531541279
205050	0.001263457233
205051	0.002214621448
205052	0.001033112445
205053	0.000360731819
205054	0.003287008774
205055	0.001863591835
205056	0.001052799279
205057	0.00122752735
205058	0.001515061421
205059	0.003574547552
205060	2.235870486e-05
205061	0.0001422329143
205062	0.003267182895
205063	0.001281050721
205064	0.002440844714
205065	0.0002673291427
205066	0.001164669626
205067	0.000927042323
205068	9.805823039e-06
205069	0.0004193049928
205070	0.002304665531
205071	0.002158129426
205072	0.0001861927082
205073	0.0002625890177
205074	0.003568449398
205075	0.001015522874
205076	0.0003996787067
205077	0.0007941509638
205078	0.000469291437
205079	0.001388830205
205080	0.0002710436322
205081	0.001354995272
205082	0.000117361351
205083	0.0009744973941
205084	0.001683721435
205085	0.0009610730995
205086	0.001226955069
205087	0.002999211876
205088	0.008914702919
205089	0.003667647666
205090	0.002046455172
205091	0.002931101612
205092	0.0001626922156
205093	0.0004975767161
205094	0.0002611421218
205095	0.005055161494
205096	0.000513217227
205097	0.002292480468
205098	0.0007496161737
205099	0.0007340320023
205100	0.005086315595
205101	0.003904342631
205102	0.002519143059
205103	0.0009002713675
205104	0.002731131614
205105	0.0009924258447
205106	0.002551009939
205107	0.001707313051
205108	0.002542657569
205109	0.002065182936
205110	6.762264711e-05
205111	0.001851150569
205112	0.001169191754
205113	0.001658441037
205114	0.002226773313
205115	0.00175700676
205116	0.001108274394
205117	0.003123781561
205118	0.001145852024
205119	0.005157309873
205120	0.000219094432
205121	0.003375822905
205122	0.0007456671181
205123	0.001733953906
205124	0.00131112911
205125	0.001945194202
205126	0.0025293954
205127	0.003392038205
205128	0.001537505614
205129	0.005018508282
205130	0.001406904165
205131	0.0003741854632
205132	0.003164585955
205133	0.001016579173
205134	0.003992547223
205135	0.001684377082
205136	0.001452801107
205137	0.003345816587
205138	0.001044121235
205139	0.0002906661023
205140	0.0001683376936
205141	0.002379717693
205142	0.0007943494422
205143	0.0009613874762
205144	0.0003771324716
205145	0.002056229848
205146	0.006849106225
205147	0.002089613684
205148	0.0002358730366
205149	0.0009619337119
205150	8.013890494e-05
205151	0.001940840127
205152	0.0006973255337
205153	0.0007728063029
205154	0.0001884106848
205155	0.0003069327633
205156	0.002172070409
205157	3.84522698e-05
205158	0.0009425317298
205159	0.0003020895984
205160	0.0005760844268
205161	6.116144847e-05
205162	4.323273126e-05
205163	0.0001420985604
205164	0.0002696003472
205165	0.000503039694
205166	0.0002305951736
205167	0.0006684102
205168	0.001289916492
205169	0.002482495199
205170	0.001186691698
205171	0.003948716733
205172	0.002153990829
205173	0.0002851292775
205174	0.0003133246368
205175	0.0001719690435
205176	0.001359269324
205177	0.0009068763044
205178	0.0006167807824
205179	7.917733779e-05
205180	0.0007676420565
205181	0.004240060666
205182	0.000642675572
205183	0.003068268707
205184	0.0005728248835
205185	0.0001266685631
205186	0.003993931801
205187	0.002699705587
205188	3.571255928e-05
205189	0.0001159057497
205190	0.0004141927472
205191	0.001945134624
205192	0.003930468013
205193	0.001814631569
205194	0.0001357994019
205195	0.001523439476
205196	0.0003615387927
205197	0.0005828344271
205198	0.001063122124
205199	0.0003537098809
205200	0.0002289807939
205201	0.002292511232
205202	0.0008073645423
205203	0.004644745777
205204	0.001139141855
205205	0.0008132132115
205206	0.004089967523
205207	0.00419280355
205208	0.001491444306
205209	0.001675316574
205210	0.001144558096
205211	0.003179728264
205212	0.001291600301
205213	0.002624816412
205214	0.007549447997
205215	0.002304236072
205216	0.0006200586176
205217	0.002408605281
205218	0.001005497654
205219	0.0004137832645
205220	0.00243494867
205221	0.0007286051296
205222	0.0008203479376
205223	0.0001064834639
205224	0.002056051164
205225	0.000981822449
205226	0.001471880431
205227	0.0003648686656
205228	0.0002137653541
205229	0.003581793885
205230	0.000260406767
205231	0.002847549762
205232	0.0007073759199
205233	0.001078302349
205234	0.00101877176
205235	0.0007956086991
205236	0.002740708035
205237	0.006042723022
205238	0.0005509647616
205239	0.001100437646
205240	5.568580951e-05
205241	2.756647985e-05
205242	0.0001605528045
205243	0.0007529014303
205244	0.001916174477
205245	0.001909417631
205246	0.0009657313346
205247	0.001821347315
205248	0.003180450618
205249	0.001141788578
205250	0.001902685661
205251	0.0006486937086
205252	0.003554667552
205253	0.003952345402
205254	0.001184201171
205255	0.0007244005391
205256	0.003809613316
205257	0.0006272075135
205258	0.0005829699175
205259	0.0026211213
205260	0.000409809776
205261	0.001188936016
205262	0.000299504394
205263	0.0004494333652
205264	0.0009658283569
205265	0.0004249777987
205266	1.258157383e-05
205267	0.0009533548731
205268	0.0002468110054
205269	0.002329376465
205270	0.0004281600466
205271	1.595154999e-05
205272	0.0003229395334
205273	0.0003614616873
205274	0.003404908134
205275	0.000329314078
205276	0.0002761729329
205277	0.0008618466329
205278	0.0008349848331
205279	7.862457139e-06
205280	0.001799580047
205281	0.00182634256
205282	0.0003318952962
205283	0.0006030116752
205284	0.001270408962
205285	0.001892906255
205286	0.007711817804
205287	0.0006787660774
205288	0.003410000584
205289	0.00221612966
205290	0.0006076457477
205291	0.0004430266046
205292	0.0009589523017
205293	6.939143218e-05
205294	0.00388505604
205295	0.001755380313
205296	0.001435033666
205297	0.002399191588
205298	0.003003420646
205299	0.001260240226
205300	8.873500296e-05
205301	0.001151595313
205302	0.0003579019902
205303	0.001800707233
205304	0.0006209948095
205305	0.001190210817
205306	0.0009575031479
205307	0.002917323725
205308	0.000575179993
205309	0.002012172763
205310	8.236362678e-05
205311	0.002903852028
205312	0.002701273523
205313	0.003028057807
205314	0.002040960355
205315	0.0002090730345
205316	0.0003616216106
205317	0.0006080839899
205318	0.002033388514
205319	8.097212549e-05
205320	0.001700567885
205321	0.003132452948
205322	0.00137538188
205323	0.0007825098976
205324	4.193376202e-05
205325	0.006635429591
205326	0.004348899
205327	0.0008178639354
205328	0.001073178561
205329	0.0009545241328
205330	0.001062618797
205331	8.921889901e-05
205332	0.001658514093
205333	0.002587840118
205334	0.00615493352
205335	0.005799035213
205336	1.008745925e-05
205337	0.0001309796294
205338	0.0007435306755
205339	0.000643235593
205340	0.0006586124786
205341	0.0005636856155
205342	0.0002027023619
205343	0.0009723029631
205344	0.0004624397833
205345	0.0008637986541
205346	0.0005411156284
205347	0.0004781126806
205348	0.0009509275199
205349	0.001516373951
205350	0.0001989629786
205351	0.00066225765
205352	0.0007575279643
205353	0.0007534565783
205354	0.0002314254913
205355	5.543846843e-05
205356	0.0001821268169
205357	0.001123030599
205358	0.0004773755715
205359	0.0005037552367
205360	0.0004506568036
205361	0.0006328283367
205362	0.0002024194834
205363	0.0007303684091
205364	0.0005951187451
205365	0.0006860337194
205366	2.197986802e-05
205367	0.00195753496
205368	0.0002005896448
205369	0.0008736644087
205370	0.0007052592705
205371	7.304271082e-05
205372	0.0004052477641
205373	0.0001187213769
205374	0.0002436905713
205375	0.001554735424
205376	0.006601000776
205377	0.001124378842
205378	0.002385245871
205379	0.001896560437
205380	0.002482365447
205381	0.0006975931684
205382	0.0001985511819
205383	0.001059724298
205384	0.003031300847
205385	0.0001218355966
205386	0.001669055102
205387	0.00187771254
205388	0.001649155116
205389	5.962549539e-05
205390	0.0009914907021
205391	0.001711277945
205392	9.342450834e-05
205393	0.008831396284
205394	0.001954606145
205395	0.0007415428645
205396	0.0008268437658
205397	0.00885998639
205398	0.003732866637
205399	0.0031941915
205400	0.001542716855
205401	0.004967943602
205402	0.0006613495913
205403	0.001483399538
205404	0.0002343928853
205405	0.0007194851572
205406	0.0004119083015
205407	0.0003342229553
205408	0.0003328987122
205409	0.0007514221143
205410	0.0004999594712
205411	0.004408558293
205412	0.001247803091
205413	0.001285732236
205414	0.000657973147
205415	0.0007204462479
205416	0.0008225047455
205417	0.0006589501411
205418	0.0002147801161
205419	0.001007676927
205420	0.001116661703
205421	0.002156497459
205422	0.002251731257
205423	0.0009197235907
205424	0.0006252909162
205425	0.00283364407
205426	0.002347948904
205427	0.0009438554457
205428	0.0008147964255
205429	0.0008588042013
205430	0.001513473969
205431	0.001119340546
205432	0.0001398369629
205433	0.0004386091439
205434	0.001806321846
205435	0.00156432128
205436	0.0005505045749
205437	0.002760423531
205438	0.001649426025
205439	0.003472670565
205440	0.002946282444
205441	0.0005302368851
205442	0.003188480841
205443	0.002170900559
205444	0.00533078926
205445	0.000903700887
205446	0.003720009946
205447	0.004569919858
205448	0.0001863872784
205449	0.000230705665
205450	0.005176510053
205451	0.004099247113
205452	0.0008525779676
205453	0.0005588455407
205454	0.0001320923671
205455	0.001109812966
205456	0.0006229411711
205457	0.0001189861267
205458	0.0003889676781
205459	0.0006730314896
205460	8.822563461e-06
205461	0.0004014900629
205462	0.0001783247246
205463	0.002677026525
205464	0.006324788582
205465	0.003408145495
205466	0.0007655017592
205467	0.01098695259
205468	8.472339719e-05
205469	0.003999669622
205470	0.007588142375
205471	0.002520741854
205472	0.001798098226
205473	0.0008281514346
205474	3.779359725e-06
205475	0.0008919447385
205476	0.003857445109
205477	0.0001481585445
205478	0.001546216737
205479	0.001150809237
205480	0.002036726924
205481	0.0007404674244
205482	0.00381611395
205483	0.00123467127
205484	0.004021754665
205485	4.305145828e-05
205486	0.004972143144
205487	7.553877096e-05
205488	0.001275114203
205489	0.0007156440174
205490	0.0004654620947
205491	0.004769338059
205492	0.0004673490277
205493	0.0003177117113
205494	0.0007987153098
205495	0.0006529566272
205496	0.004988427194
205497	4.032658919e-05
205498	0.00247166278
205499	0.00672074403
205500	0.001681344727
205501	0.001591148122
205502	0.0002851545246
205503	1.044531047e-05
205504	0.001130752128
205505	0.0003913517044
205506	0.001311203626
205507	1.146293046e-05
205508	0.0006758196513
205509	0.002959916695
205510	0.001143578122
205511	0.0003901928209
205512	0.0001524389618
205513	0.0001724327911
205514	1.543000401e-05
205515	0.000800794384
205516	0.0007888608712
205517	0.0001440799416
205518	0.00182731156
205519	0.0003089607195
205520	0.0005822020146
205521	0.0003410962605
205522	0.0003144230604
205523	0.001676952384
205524	0.00214915069
205525	0.001018353958
205526	0.002908672476
205527	0.0009682460537
205528	0.001540392757
205529	0.001818655709
205530	0.001417961752
205531	0.003503272672
205532	0.0003228274338
205533	7.846669523e-05
205534	0.0005683661626
205535	0.001595762981
205536	0.0006198783646
205537	0.0006510262773
205538	0.003076931965
205539	0.0007928523325
205540	0.0009682716869
205541	0.001594250692
205542	0.002832937005
205543	0.003305772321
205544	0.006152723004
205545	0.0009964766205
205546	0.003098462486
205547	0.0006083257507
205548	0.001593371882
205549	0.002957693094
205550	0.0001133809358
205551	0.0006147770888
205552	0.00112114062
205553	0.00116744457
205554	0.0008214079215
205555	0.001344837269
205556	0.001064573902
205557	0.0003965995759
205558	1.687025727e-05
205559	0.002588034087
205560	0.0001085678082
205561	0.0009949237607
205562	0.001156551724
205563	0.0009881963356
205564	0.0002920112377
205565	2.319056208e-05
205566	0.0003749494647
205567	0.002022700231
205568	0.00101323901
205569	0.002052499269
205570	0.001573532908
205571	0.0007555462316
205572	0.001627030873
205573	0.001811034605
205574	0.001342906953
205575	0.001198175711
205576	0.004898160538
205577	5.986656548e-05
205578	0.0007034866015
205579	0.0009298171957
205580	0.0002328558919
205581	0.004544194022
205582	0.0024689531
205583	0.001067598118
205584	0.0007558649426
205585	9.397908277e-05
205586	0.003499972926
205587	0.0001759059784
205588	0.003203839006
205589	0.005900170887
205590	0.006725016602
205591	0.0006005183311
205592	0.003926000148
205593	0.00292176364
205594	0.001118078526
205595	0.003066503687
205596	0.00116964951
205597	0.0004347945149
205598	0.001171634497
205599	0.00440213088
205600	0.002337813158
205601	0.002652492252
205602	0.003452041763
205603	0.007025207461
205604	0.0009230927193
205605	0.0002853792679
205606	0.002131791604
205607	0.003222322932
205608	0.003751752966
205609	0.002110368798
205610	0.001757711914
205611	0.0001907446625
205612	0.004138285865
205613	4.440348062e-05
205614	0.002496739587
205615	0.0004122938877
205616	0.0009292958335
205617	0.00020809835
205618	0.002864115157
205619	0.007145617883
205620	0.003416428638
205621	0.003123077277
205622	0.004877144943
205623	0.0004900021818
205624	0.0004802986866
205625	0.002290653757
205626	0.001694431751
205627	0.004082331905
205628	0.001282252764
205629	0.000808736736
205630	0.0008278834286
205631	0.002590631777
205632	0.0007617108971
205633	0.002034182938
205634	0.001100690881
205635	0.0004199436638
205636	0.0009197226253
205637	0.0009688651524
205638	0.002474474914
205639	0.003814660699
205640	0.004176989036
205641	0.0006313011926
205642	0.001101865922
205643	0.002414219795
205644	0.004007637278
205645	0.004160193927
205646	0.0009124400811
205647	0.001081728156
205648	0.004080417453
205649	0.00042219503
205650	0.001452242673
205651	0.00301425748
205652	0.002680538294
205653	0.001264315812
205654	0.0004328852613
205655	0.001160247547
205656	0.0008418656286
205657	0.003176931033
205658	0.001269718332
205659	0.0001530788208
205660	0.003105171812
205661	0.000809767425
205662	0.004346825297
205663	0.002255791975
205664	0.004764075887
205665	0.000308124517
205666	0.003993000833
205667	0.003712859222
205668	0.0004357651173
205669	0.0006712642417
205670	0.00139308454
205671	0.0008077646174
205672	0.004812812122
205673	0.005396159143
205674	0.003728119959
205675	0.001355385525
205676	0.002642868676
205677	0.0004276581078
205678	0.002290489233
205679	0.004122734183
205680	0.002633729404
205681	0.0001120477166
205682	0.0008778008626
205683	0.005506728051
205684	0.0008453192049
205685	0.001635794538
205686	0.0008781095108
205687	0.0003037871868
205688	0.004285646753
205689	0.0006155889521
205690	0.002529034673
205691	0.003519031983
205692	0.004414467233
205693	0.0003050974075
205694	0.0008336646097
205695	0.003415579537
205696	0.00191483847
205697	0.0007278092173
205698	0.002629646067
205699	0.001703150657
205700	0.002081587438
205701	0.003650293896
205702	0.00482239438
205703	0.003859292621
205704	0.006832854417
205705	5.577440614e-05
205706	0.004694221573
205707	0.000155533693
205708	0.0001932291798
205709	0.001350281245
205710	0.002132622641
205711	0.004615815965
205712	0.0005685570499
205713	0.004220083405
205714	0.0007346073228
205715	0.0001701028119
205716	0.007335271142
205717	0.0009881180266
205718	0.003989716208
205719	0.00246070175
205720	0.001678759737
205721	0.002696877024
205722	0.00239615513
205723	0.001411678312
205724	0.0003858093439
205725	0.0005118066866
205726	0.0002669656017
205727	0.0002509674434
205728	0.0009554100675
205729	0.001018679707
205730	0.0003722801652
205731	0.000336676956
205732	0.0004692250141
205733	0.0008855799979
205734	0.001979560795
205735	0.0008282109797
205736	0.001299538964
205737	0.00242617856
205738	0.001287291278
205739	0.001327259123
205740	0.004145959986
205741	0.00466257256
205742	0.0001309619372
205743	0.00362823918
205744	0.00476563315
205745	0.001590569221
205746	0.0002377554772
205747	0.0003225230103
205748	0.003466381599
205749	4.630596826e-05
205750	0.001150553531
205751	0.0007024259232
205752	0.0004724334986
205753	0.001269712668
205754	0.0004423537173
205755	0.00311688001
205756	0.0002372495076
205757	0.0004110297429
205758	0.0005048707828
205759	0.0001559163855
205760	0.001359962309
205761	0.001895542553
205762	0.001208229457
205763	0.00329649919
205764	9.316551583e-05
205765	0.002689038967
205766	0.000784230829
205767	0.001350738633
205768	0.006297556014
205769	0.007401739706
205770	0.0003308244101
205771	0.001211453398
205772	0.001759987032
205773	0.0008428726786
205774	0.002859453335
205775	0.0025924759
205776	0.001044512847
205777	0.001128230764
205778	0.0004239392202
205779	0.001660485608
205780	0.0018764531
205781	6.350263693e-05
205782	0.003576046479
205783	0.0007953234239
205784	8.286966808e-06
205785	0.001549766958
205786	0.0008111545402
205787	0.000380901438
205788	0.0002362612495
205789	0.0002818158766
205790	0.006138106699
205791	0.001644703827
205792	0.0007501693908
205793	0.001014227721
205794	0.002415473685
205795	0.0008428189217
205796	0.001839758869
205797	0.001176515739
205798	0.002381667654
205799	0.004531952976
205800	0.0007023845975
205801	0.001904934003
205802	0.002360569697
205803	0.001699460337
205804	0.002811107824
205805	0.001504073057
205806	0.0003623673661
205807	0.0003233110228
205808	0.004769410749
205809	0.001915068057
205810	0.00641704877
205811	0.004805679601
205812	0.001468339743
205813	0.003020098942
205814	0.005095868568
205815	0.002692204455
205816	0.002097283064
205817	0.005337062295
205818	0.0005309006074
205819	0.002577649885
205820	0.001397511128
205821	0.007623801556
205822	0.002978070747
205823	0.00215726065
205824	0.0006744110674
205825	0.0008318801201
205826	0.002456133675
205827	0.001381362546
205828	0.00466635122
205829	0.002364958065
205830	0.001622827015
205831	0.004355518901
205832	0.004627410039
205833	0.003850878994
205834	0.002040568628
205835	0.002654840926
205836	0.001254904761
205837	0.0004745610692
205838	0.002412046472
205839	0.001705754352
205840	0.002055684239
205841	7.920268443e-05
205842	6.521066136e-05
205843	0.0001279081636
205844	0.001859620321
205845	0.005898254536
205846	0.00171873311
205847	0.0004236044384
205848	0.000985721303
205849	0.0002574202038
205850	0.001305225963
205851	0.003505307793
205852	0.0002557221143
205853	0.003900471392
205854	0.0006361756372
205855	0.002823026474
205856	0.004932487773
205857	0.00242654535
205858	0.0007448231127
205859	0.0007420035771
205860	9.231512488e-05
205861	0.001126588225
205862	0.001128652919
205863	0.002556240057
205864	0.0006731127293
205865	0.001005577171
205866	0.0009828958354
205867	0.0002785445322
205868	0.0009522529857
205869	0.002125588762
205870	9.473771057e-05
205871	0.0009347729386
205872	0.0006594990858
205873	0.0002305864554
205874	0.001785971437
205875	0.002858521025
205876	0.004268023779
205877	0.0006096141713
205878	0.002167305561
205879	0.00264622303
205880	0.002962768917
205881	0.0005828079025
205882	0.001056131692
205883	0.001991399384
205884	0.000138660053
205885	0.002910065329
205886	0.001829086761
205887	0.002419145076
205888	0.002213583158
205889	0.001301396571
205890	0.002638518915
205891	0.0009524091888
205892	0
205893	0.0005378082201
205894	0.001990828076
205895	0.0002847995584
205896	0.0007668114202
205897	0.0001972123029
205898	0.001795564783
205899	0.004190851356
205900	0.0005888908316
205901	0.002083011479
205902	0.002913339422
205903	0.0003652664041
205904	0.001992733618
205905	0.00217457842
205906	2.743991127e-05
205907	0.0004835258602
205908	0.000280812697
205909	2.916402827e-05
205910	0.0004220589651
205911	0.0004502822025
205912	0.004246046159
205913	0.000299380035
205914	6.012867222e-05
205915	0.0003301437695
205916	0.0001265679861
205917	0.002302647941
205918	0.006312779545
205919	0.0009711303476
205920	6.207138685e-05
205921	0.004928811311
205922	0.004505787848
205923	0.001448031897
205924	0.004581839794
205925	0.001065524318
205926	0.004525160601
205927	0.0001073078255
205928	0.003014655188
205929	0.00312002265
205930	0.000821659955
205931	0.002897720047
205932	0.001444811796
205933	0.003807085255
205934	0.003615068074
205935	0.003878112429
205936	0.003710965069
205937	0.003540115529
205938	0.003550674195
205939	0.003244241772
205940	0.002945582769
205941	0.003989267344
205942	0.001699394465
205943	0.003741645142
205944	0.003504376775
205945	0.006614783985
205946	0.000301258682
205947	0.002195206982
205948	3.613048312e-05
205949	0.0002245240717
205950	0.002994998753
205951	0.002096928014
205952	0.001840566202
205953	0.001259863564
205954	0.001632860869
205955	0.0003464286852
205956	0.002750897765
205957	0.00090714864
205958	0.0006579248166
205959	0.001094923998
205960	0.0005666142217
205961	7.426018121e-06
205962	4.973025614e-05
205963	3.782884839e-05
205964	7.154781435e-05
205965	6.736184769e-05
205966	5.020873355e-05
205967	4.019147086e-05
205968	3.330925123e-06
205969	1.196647826e-05
205970	0.00399619252
205971	0.004129901749
205972	0.0003470927254
205973	0.00264590562
205974	0.002875880905
205975	0.002593075415
205976	0.000106448174
205977	0.003549534281
205978	0.0004572264432
205979	0.0009337562336
205980	0.0003614772691
205981	0.0002651810856
205982	0.005595770916
205983	0.002159211217
205984	0.002535654881
205985	0.005090039036
205986	0.00220606545
205987	0.0003907415426
205988	0.001520092762
205989	0.0005842958446
205990	0.003291314
205991	0.004388843147
205992	0.0008125577999
205993	0.00151162513
205994	0.007813741983
205995	0.001342507086
205996	0.000254384137
205997	0.001225572661
205998	0.001419940217
205999	0.0003761525385
206000	0.001736447444
206001	0.005364006281
206002	0.002996254683
206003	0.0004487927787
206004	0.001562764393
206005	0.002652665973
206006	0.005810869942
206007	0.000349958429
206008	0.001777009433
206009	0.0009411213895
206010	0.00600613519
206011	0.001751541746
206012	0.003666898659
206013	0.002712126353
206014	0.002923263107
206015	0.000168122829
206016	0.0006334994583
206017	0.003673292883
206018	0.001237819434
206019	0.00658489143
206020	0.0004070554084
206021	0.004295578879
206022	6.04232255e-05
206023	0.0023262226
206024	0.000459508966
206025	0.0004106378652
206026	0.004776934634
206027	0.008968627846
206028	0.0003155286805
206029	0.0003803178876
206030	0.002223973781
206031	0.002941792957
206032	0.0008431241727
206033	0.001616035537
206034	0.003436337454
206035	0.001860870385
206036	0.001032956351
206037	0.003424344076
206038	0.0004194569373
206039	0.002643879602
206040	0.0001096054202
206041	0.001695167605
206042	0.002551011407
206043	0.004301179068
206044	0.0002181902015
206045	0.001087492107
206046	0.006172736645
206047	0.001373485748
206048	0.0006221033394
206049	0.002439618401
206050	0.00496695668
206051	0.000110657842
206052	0.0007950842401
206053	0.004791171064
206054	0.003055489847
206055	0.001322572968
206056	0.001683167887
206057	0.001429411018
206058	0.0007157401701
206059	0.001041685353
206060	0.004792833025
206061	0.003188637194
206062	0.001479163715
206063	0.002023574855
206064	0.005164011956
206065	0.0001179688192
206066	0.001341269002
206067	0.002937974565
206068	0.00538294877
206069	0.007267435997
206070	0.0008800316005
206071	0.002064334896
206072	0.004101646635
206073	0.000998799127
206074	0.000812046865
206075	0.00184304779
206076	0.005103903559
206077	0.002622357264
206078	0.00354476714
206079	0.007032459178
206080	0.0005379080855
206081	0.001259524675
206082	0.0002304227299
206083	0.0003498638687
206084	0.008294319229
206085	0.002615480456
206086	0.00058637897
206087	0.002558986291
206088	0.001763612115
206089	0.0003696433632
206090	0.001113219926
206091	0.0006661552104
206092	0.003603853648
206093	0.00356758411
206094	0.001030009122
206095	0.001851039011
206096	0.002180738181
206097	0.001832785315
206098	0.00274350674
206099	0.001125745665
206100	0.003644296849
206101	0.001988853534
206102	0.0005948483
206103	0.005860066171
206104	0.003924960217
206105	0.002551402814
206106	0.0006262032162
206107	0.001410237068
206108	0.001791743549
206109	0.00027849442
206110	0.002546621654
206111	0.004066260611
206112	0.000468341833
206113	0.001428185564
206114	0.001709083895
206115	0.001645516006
206116	0.00406959755
206117	0.001657919809
206118	0.0007211338111
206119	0.002538952884
206120	0.006515974035
206121	0.00188678496
206122	0.007124522082
206123	0.0007899544981
206124	0.0044329406
206125	0.01024772545
206126	0.003659738666
206127	0.002744080197
206128	0.0002272622566
206129	0.000296393605
206130	0.002325550617
206131	0.005590485155
206132	0.0008785383387
206133	0.001442382217
206134	0.0003225468384
206135	0.001567721812
206136	0.008429515098
206137	0.004273389101
206138	0.0006958458669
206139	0.001863144893
206140	0.003190213407
206141	0.00191861121
206142	0.003832704452
206143	0.001582952656
206144	0.0015661922
206145	0.001295950816
206146	0.001972871585
206147	0.006660398339
206148	0.001073847685
206149	0.001400023481
206150	0.0008524639287
206151	0.00538492515
206152	0.0001145037724
206153	0.0003572613994
206154	0.0005804216023
206155	0.001097966774
206156	0.003348100099
206157	0.002026449613
206158	0.00250020463
206159	0.001092578454
206160	0.002925691761
206161	0.0004890718847
206162	0.0003964664607
206163	0.002758149727
206164	0.004026917223
206165	0.004413115537
206166	0.001442627859
206167	0.001656498741
206168	0.007044773338
206169	0.00158698338
206170	0.0008093369746
206171	0.0003454815732
206172	0.005316894341
206173	0.001231647297
206174	0.005794502426
206175	0.0001262557962
206176	0.003343571047
206177	0.001142196968
206178	0.0009898270989
206179	0.0005519331725
206180	0.0008481203382
206181	0.0002417291994
206182	0.002494666892
206183	0.0005554403445
206184	0.004158859997
206185	0.0003148342895
206186	0.004078551341
206187	0.002825568537
206188	0.001064385739
206189	0.003592566983
206190	0.0004328614685
206191	0.001766960522
206192	0.004109307836
206193	0.0004683919173
206194	0.004705361256
206195	0.00158170986
206196	0.004607313814
206197	0.006193709249
206198	0.004958316118
206199	0.00842965292
206200	0.001876629533
206201	0.002226797059
206202	0.001051816222
206203	0.002375861086
206204	0.002767683678
206205	0.005020547568
206206	0.0003510010064
206207	0.0007098002939
206208	0.0009559290045
206209	2.495530394e-05
206210	0.00302733307
206211	0.001655349465
206212	0.005751136842
206213	0.001428955176
206214	0.0004002998098
206215	0.002887194251
206216	0.003372393217
206217	0.002530644521
206218	0.004463460832
206219	0.0001842513602
206220	0.004475756601
206221	0.0008507417017
206222	0.0007656777499
206223	0.001167062472
206224	0.0001546783674
206225	0.001308438254
206226	0.0003070736219
206227	0.005261167784
206228	0.0001491519127
206229	0.002226394456
206230	0.003274418217
206231	0.0009322800963
206232	0.002293612774
206233	0.002365831403
206234	0.0004404539885
206235	0.001186498227
206236	0.001708879909
206237	0.003011904194
206238	0.0007211492059
206239	0.0001262113826
206240	0.001968369393
206241	0.0003662531939
206242	0.002003141151
206243	0.001926476709
206244	0.0002994651285
206245	0.005451755614
206246	0
206247	0.002732071459
206248	0.0008780275287
206249	0.001044721027
206250	0.004921891541
206251	0.0006117092818
206252	0.0007160450791
206253	0.001432676951
206254	0.0001947126045
206255	0.00189396472
206256	0.001960225929
206257	0.003453952581
206258	0.004888876975
206259	0.002901346446
206260	0.001310779448
206261	0.001639665223
206262	0.000466119527
206263	0.000980679314
206264	0.000525507156
206265	0.001874987883
206266	0.0005068410148
206267	0.0006026613453
206268	0.001051483793
206269	7.375245127e-05
206270	0.0001465111861
206271	0.0006800101762
206272	0.003442244784
206273	0.0002639860586
206274	0.00465922528
206275	0.0003983347769
206276	0.000779613827
206277	0.003625968544
206278	0.002356063556
206279	0.001155229116
206280	0.0006580803231
206281	0.0005303231633
206282	0.002563355668
206283	0.0006087435334
206284	0.002161857354
206285	0.0002286067102
206286	0.00345680094
206287	0.004994691796
206288	0.005103201086
206289	0.00495564074
206290	0.0008967367079
206291	0.001587787414
206292	0.001736406668
206293	0.001301081074
206294	0.001873239985
206295	0.001838820806
206296	0.0009492119944
206297	0.0005870207639
206298	0.002838846172
206299	0.004067931241
206300	0.007442489393
206301	0.0006589916565
206302	0.004322936164
206303	0.001876598285
206304	0.004199320274
206305	0.003342194312
206306	0.0007331872403
206307	0.001553429092
206308	0.002409513253
206309	0.003503954855
206310	0.005750231696
206311	0.003167562857
206312	0.001696973984
206313	0.001142613316
206314	0.002927085325
206315	0.004627112483
206316	0.004551117015
206317	0.004995733967
206318	0.001682069284
206319	0.0007300277386
206320	0.00273058454
206321	0.003525249298
206322	0.00337347713
206323	0.003956007062
206324	0.000856935602
206325	1.535023135e-08
206326	0.004292048176
206327	0.001086330955
206328	0.0005396199087
206329	0.001386866745
206330	0.004615398956
206331	0.004882794912
206332	0.0006638926152
206333	0.006521239038
206334	0.000872891442
206335	0.00516520816
206336	0.003739950515
206337	2.275887137e-05
206338	0.004462651795
206339	0.0003908479934
206340	0.0001437805942
206341	0.0004649898546
206342	0.0002976463426
206343	0.004910961855
206344	0.0006820651834
206345	0.001112571774
206346	8.805130518e-05
206347	0.006541997113
206348	0.0005757381555
206349	0.0004263836517
206350	0.0004254609764
206351	0.0002109907524
206352	0.003398650949
206353	0.00124187743
206354	0.001125026911
206355	0.001292551188
206356	0.0003051741102
206357	0.00183537376
206358	0.001824774153
206359	0.0008702083967
206360	0.0004603780465
206361	0.0008902451137
206362	9.023817693e-05
206363	0.002284018725
206364	0.003534695353
206365	3.702323537e-05
206366	0.0006676589727
206367	0.0009467898401
206368	0.000317228608
206369	0.00058344854
206370	0.001134212069
206371	0.0003149544099
206372	0.0003930174786
206373	0.001278572254
206374	0.001451569682
206375	0.0008358961016
206376	0.0001181416802
206377	4.752318981e-05
206378	0.0008854779013
206379	0.0008458423534
206380	0.0008070069065
206381	0.001080977796
206382	0.0005022302906
206383	0.0004569482814
206384	0.001469605031
206385	0.0007678916338
206386	0.0001755768518
206387	0.001057801919
206388	0.001441545049
206389	0.0001965573607
206390	0.001020227999
206391	0.0003474685313
206392	0.0009895799621
206393	0.0005440758443
206394	0.001869568454
206395	0.0009256063839
206396	0.0001840415504
206397	0.0002382684422
206398	0.002735568126
206399	0.0002031189395
206400	0.003017091143
206401	0.000658446435
206402	0.0001931318273
206403	0.001681763789
206404	0.003957497758
206405	0.001455092133
206406	0.002477775366
206407	0.000143734276
206408	0.0007437894889
206409	0.001320014972
206410	0.0002739069959
206411	0.0002923448835
206412	0.002636485561
206413	0.0006617816316
206414	0.000743392166
206415	0.0005888409895
206416	0.002441235156
206417	5.469123007e-05
206418	5.883286373e-05
206419	0.002431108672
206420	0.0007610425732
206421	0.001763636326
206422	0.00102676149
206423	0.0006814471169
206424	0.001499921472
206425	0.0001343738036
206426	5.535727953e-05
206427	0.004620961709
206428	0.002865658022
206429	0.004087676439
206430	0.001795767492
206431	0.002378853092
206432	0.002497998575
206433	0.003784949888
206434	0.0008138217713
206435	0.000403491265
206436	0.002952216246
206437	0.0006119695131
206438	0.004855529782
206439	0.001029762385
206440	0.00189107485
206441	0.001014126771
206442	0.003281912459
206443	0.002115952339
206444	0.00400070112
206445	0.0005752720474
206446	0.002104066147
206447	0.003071815783
206448	0.0005426747778
206449	0.0006077931768
206450	0.003645096151
206451	0.001275840315
206452	0.006315978011
206453	0.004142846906
206454	0.0001262748939
206455	0.005149387398
206456	0.003932783392
206457	0.004115529687
206458	0.001368794701
206459	4.763827757e-05
206460	0.001143885005
206461	0.000861876784
206462	0.001281163577
206463	0.001023404213
206464	0.002118828018
206465	0.004346416808
206466	0.0004846526046
206467	0.0008600071587
206468	0.0010708163
206469	0.005228495223
206470	0.0001727928159
206471	0.0002620818188
206472	0.001291112231
206473	0.001348145121
206474	0.0005538191054
206475	0.00359806412
206476	0.001835253784
206477	0.002592864552
206478	0.002592487508
206479	0.0006051121518
206480	0.0008406416784
206481	0.0001351677253
206482	0.001445214786
206483	0.000980205494
206484	0.001861941763
206485	0.00259695043
206486	0.0007952555252
206487	7.463156253e-05
206488	0.000310402906
206489	0.0001235617873
206490	0.002024803348
206491	0.002458261234
206492	0.000499653373
206493	1.301649596e-05
206494	0.001841913769
206495	0.002498940476
206496	0.0002120624592
206497	0.0001030564737
206498	0.002386303599
206499	0.0004431504832
206500	0.0007698711809
206501	0.001170968175
206502	0.0006087668001
206503	0.0001559197855
206504	0.0003284574676
206505	0.0007283668311
206506	0.001497197261
206507	0.0009091477288
206508	0.000234496596
206509	0.001952398515
206510	0.0009409869241
206511	0.002829454201
206512	0.002327827274
206513	0.0005457178287
206514	0.0004428869696
206515	0.002858307284
206516	0.0008430412784
206517	0.0007542740189
206518	0.005581469504
206519	0.003364894814
206520	0.0001060374528
206521	0.0005754271882
206522	0.0001620011265
206523	0.0002247764375
206524	0.001210713791
206525	0.0001603167778
206526	0.0003360379983
206527	0.001086720048
206528	0.0004619448583
206529	2.43790998e-05
206530	0.004975270051
206531	0.001864796923
206532	0.0007556250438
206533	0.0009473352542
206534	0.003544732243
206535	0.001090020884
206536	8.725193291e-05
206537	0.001225696208
206538	2.308919106e-05
206539	0.001056523405
206540	0.0008521992826
206541	0.003463703491
206542	0.0003804268356
206543	0.001786675555
206544	0.002264566887
206545	0.0004853945748
206546	0.0003469452561
206547	0.0005849861802
206548	0.002465823745
206549	0.002494376357
206550	0.002654220493
206551	0.001632942104
206552	0.001577469175
206553	0.003478021343
206554	0.0004362405704
206555	0.000773521051
206556	0.0009389818374
206557	0.0004732209525
206558	0.001637672336
206559	0.0008281400987
206560	0.005669870142
206561	0.0001021869719
206562	0.004152618403
206563	0.0003976115339
206564	0.001926207306
206565	0.0005952105557
206566	0.00440388955
206567	0.005231333031
206568	0.002134765604
206569	0.005983213366
206570	5.524712102e-05
206571	0.002841753222
206572	0.004707900793
206573	0.004873242485
206574	0.0008314535422
206575	0.006080443384
206576	0.003203393495
206577	0.0001553953068
206578	0.000544061854
206579	0.004929628015
206580	0.001698376777
206581	8.4283902e-05
206582	0.0008391794752
206583	0.00270665279
206584	0.00157815748
206585	0.001499380349
206586	0.00248312381
206587	0.00229972555
206588	0.0005757912506
206589	0.001090614301
206590	0.005899518172
206591	0.007224569152
206592	0.005490037935
206593	0.001018075798
206594	0.004661851069
206595	0.005244462281
206596	0.0005719776032
206597	0.002944925835
206598	0.0001915858729
206599	0.003030853345
206600	0.003978795483
206601	0.0001988565658
206602	0.003570714799
206603	0.002889494677
206604	0.005461151536
206605	0.004019549
206606	0.00319520267
206607	0.005051322256
206608	0.004038051486
206609	0.004502495044
206610	0.004761622247
206611	0.003781227028
206612	0.003664394304
206613	0.00329457621
206614	0.002325028816
206615	0.001770512698
206616	0.002113467295
206617	0.0002267368128
206618	0.001409199479
206619	0.003131947702
206620	0.001091396271
206621	0.005281163595
206622	0.001946788338
206623	0.001017170651
206624	0.000880726935
206625	0.003332430852
206626	0.0006867451365
206627	0.00014081707
206628	0.0002318671265
206629	1.582639543e-05
206630	0.003831308126
206631	0.0003126100647
206632	0.0002565656908
206633	0.0002152781596
206634	0.0003409738813
206635	0.0001020755459
206636	0.0002557000488
206637	0.00287978188
206638	0.0003170508027
206639	0.0009866377238
206640	3.865861822e-05
206641	9.841152566e-05
206642	0.001774274512
206643	0.0004095628471
206644	0.0001058347078
206645	0.001007398394
206646	0.001757980001
206647	0.0005436035689
206648	0.0004161119967
206649	9.071946024e-05
206650	0.0003403723501
206651	2.14295091e-05
206652	0.0002661433322
206653	0.000248864721
206654	0.0001616264298
206655	0.0003344787612
206656	0.0001162789048
206657	8.679759019e-06
206658	5.931122747e-05
206659	0.0004543554268
206660	0.0001433243875
206661	2.505631449e-05
206662	0.001693377226
206663	0.0007042650408
206664	0.0002588600709
206665	0.0001014005534
206666	0.001266189112
206667	0.0001343510575
206668	0.001829169019
206669	0.001001220482
206670	0.001678505534
206671	0.000119518695
206672	0.0003963737915
206673	0.0001047326781
206674	4.743177444e-05
206675	0.0019268377
206676	0.002868829094
206677	0.00280671279
206678	0.002555723532
206679	0.00010072284
206680	0.0001733392918
206681	0.004840415721
206682	0.0002741370339
206683	0.00165426909
206684	0.0001565047587
206685	0.001057283163
206686	0.0009533210635
206687	0.005435965458
206688	0.0005472472753
206689	0.0002541888398
206690	0.0001071004971
206691	1.00990524e-05
206692	0.0005181959351
206693	0.0002026039115
206694	0.000272768409
206695	0.0002840899859
206696	0.0008508669168
206697	0.003071738534
206698	0.002191334211
206699	0.001082660841
206700	0.003764320602
206701	7.3627329e-05
206702	0.001584503135
206703	0.0001320585272
206704	6.355151624e-05
206705	2.303045659e-05
206706	0.001159910946
206707	0.001459389533
206708	0.0002897830123
206709	0.001551683416
206710	0.001029162457
206711	0.001649919479
206712	0.001657315335
206713	0.0005412649764
206714	0.003102568128
206715	0.001782261274
206716	0.0003021990636
206717	0.001333148965
206718	2.496062365e-05
206719	0.0007433812528
206720	0.001050517465
206721	0.001080198171
206722	0.001031282438
206723	5.810743304e-05
206724	0.003275288969
206725	0.0001882494009
206726	0.0004725638904
206727	0.0006908841938
206728	1.161943447e-05
206729	0.0001460687643
206730	0.0004316418344
206731	0.001341867381
206732	0.0003280368405
206733	0.001175325612
206734	0.0003338748539
206735	0.000136040216
206736	0.0008235694403
206737	0.000502356313
206738	0.001109041629
206739	0.0009612907326
206740	0.0008727449339
206741	0.0002156107187
206742	0.000155063264
206743	0.0007050946349
206744	0.001548581313
206745	0.0002045637418
206746	0.0005420381981
206747	0.001607986805
206748	0.000316663065
206749	0.001260295352
206750	0.001789618839
206751	0.0001084212981
206752	0.0008573479754
206753	0.0002130520438
206754	0.0001751452216
206755	0.0003594122483
206756	0.001331864322
206757	0.0003223240312
206758	0.0001234868569
206759	0.0001625950307
206760	0.000491901429
206761	0.0001223336395
206762	0.00240777819
206763	0.0009385058234
206764	0.0004101753768
206765	0.0002070145047
206766	0.0001120363917
206767	0.0001073621404
206768	0.0002545266902
206769	9.433064964e-05
206770	0.0001289683585
206771	0.000196516012
206772	2.600938831e-05
206773	0.0001114432383
206774	0.000185050981
206775	4.171798966e-05
206776	0.001377572137
206777	0.0002450497012
206778	7.600619564e-05
206779	1.943988941e-05
206780	3.002486234e-05
206781	7.287117451e-05
206782	0.0003879161384
206783	0.0007043776993
206784	0.0005590706638
206785	5.325822056e-06
206786	0.0006267700896
206787	0.0002975827677
206788	0.003162695039
206789	0.002624770973
206790	0.0001349138065
206791	0.002090052599
206792	0.0002235424313
206793	0.0003155790384
206794	0.0001487105719
206795	9.76416854e-05
206796	0.0005570149042
206797	7.740036992e-05
206798	0.0001590078866
206799	0.0007630891244
206800	0.0002101376574
206801	0.00244470568
206802	7.360530631e-05
206803	0.0001514984589
206804	0.0002862540473
206805	6.94777093e-05
206806	0.0004403391215
206807	0.0001139389858
206808	0.0003617962207
206809	0.0007046517662
206810	0.001071479008
206811	0.001282245328
206812	0.0004180754174
206813	0.00115328502
206814	0.0002803250474
206815	0.0004770094551
206816	0.0003813760469
206817	0.0005894431487
206818	0.0005155945032
206819	0.0005016235405
206820	0.005666724826
206821	0.0002707721411
206822	0.0007648660456
206823	0.001262545974
206824	0.001889300175
206825	0.001884131151
206826	0.0007857490649
206827	0.0001248580753
206828	0.002395320028
206829	0.004066344881
206830	0.002961834101
206831	0.004069901967
206832	0.00322299603
206833	0.004761626996
206834	0.002287876092
206835	0.0006883066879
206836	0.001177517826
206837	0.00301947374
206838	2.336726948e-05
206839	0.002180685814
206840	0.003822626107
206841	3.105922957e-05
206842	0.001082580204
206843	0.003380912648
206844	0.0007096155338
206845	0.000955479505
206846	0.001473472808
206847	0.002455802909
206848	0.002261278192
206849	0.0002032912681
206850	0.0004466349031
206851	0.001915199134
206852	0.0008670285145
206853	0.003355903612
206854	0.001383269383
206855	0.0001221809099
206856	0.0008784802597
206857	0.0007153098512
206858	0.0001385170435
206859	0.002386076224
206860	0.001664758378
206861	0.001677048599
206862	0.003551523395
206863	0.0004918354306
206864	0.002150360442
206865	0.003236222352
206866	0.00222697078
206867	0.001010316481
206868	0.003147500664
206869	0.0001341627831
206870	0.0003589882453
206871	0.0009750695085
206872	0.003262112066
206873	0.0003582813185
206874	0.0005913578569
206875	0.0004350523506
206876	0.0003487078459
206877	0.0002016583424
206878	0.001966130158
206879	1.061109456e-06
206880	0.0001558925249
206881	0.0003111994278
206882	0.0004093511413
206883	0.0008392760241
206884	0.001091079611
206885	1.942679287e-05
206886	0.001272437138
206887	0.0005179847041
206888	0.0007177117283
206889	0.001224953825
206890	0.0009598403129
206891	0.0003332617858
206892	0.001878928706
206893	0.0003578564421
206894	0.001194408493
206895	0.0007746467459
206896	0.001298409574
206897	0.00523823699
206898	0.003606756096
206899	0.003641136028
206900	0.00522496945
206901	0.0006090602257
206902	0.0008128890427
206903	0.0004824793594
206904	0.004905505413
206905	0.0003633547284
206906	0.0006636211666
206907	0.001115563509
206908	0.001462176375
206909	0.001683780958
206910	0.0003611663429
206911	0.000381250974
206912	0.002242876786
206913	0.0006980323006
206914	0.0002085118609
206915	0.001217575317
206916	0.002539067163
206917	0.0005624349417
206918	0.001052044908
206919	0.001786359187
206920	6.223761524e-05
206921	0.004706767466
206922	0.0003080063932
206923	0.002237374891
206924	0.003625289901
206925	0.0006267449935
206926	0.003013041981
206927	0.001695120766
206928	0.004239303976
206929	0.003252643815
206930	8.079145856e-05
206931	0.0005665161212
206932	0.0005015230687
206933	0.0001722441599
206934	0.005149782518
206935	0.0001628490425
206936	0.0002217516981
206937	0.0001301598179
206938	0.0002971706172
206939	0.001331473683
206940	0.0008661489119
206941	0.000227162743
206942	0.0004429483984
206943	0.00258877545
206944	0.002841995202
206945	0.002571166579
206946	0.001193401512
206947	0.002273858381
206948	0.0002832386874
206949	0.0005174781193
206950	5.45732624e-05
206951	0.0003710339677
206952	0.002164157703
206953	0.000713300913
206954	0.0001298086745
206955	0.002009514413
206956	0.00200961757
206957	0.0005912004061
206958	0.0007395486962
206959	0.0002445177261
206960	0.001069407093
206961	0.0001530626488
206962	0.000395078673
206963	0.0002856943342
206964	0.0001253491899
206965	8.4355634e-05
206966	0.0004009361763
206967	0.0005926316487
206968	0.0006159117795
206969	0.0007330389612
206970	1.422013584e-05
206971	0.0005128820369
206972	0.0004791566018
206973	0.0006083969999
206974	0.001362109714
206975	0.001156451796
206976	0.0001963759539
206977	0.0005500963019
206978	0.001784037724
206979	0.0003914232482
206980	0.0005895276635
206981	0.0006111834116
206982	0.0005981485545
206983	9.238030234e-05
206984	0.0004223577853
206985	0.001700918717
206986	0.0001958967567
206987	0.0003973205558
206988	0.0001795440829
206989	0.0006240670913
206990	0.0001181894336
206991	0.001140218784
206992	0.0004099560688
206993	0.001664260851
206994	0.0009917562982
206995	6.915839805e-05
206996	0.0001432593075
206997	0.00086126817
206998	0.001812072259
206999	0.0009766427257
207000	0.001844436145
207001	0.0005980704063
207002	0.001794563691
207003	0.002804596539
207004	0.003206012456
207005	0.0001084485249
207006	0.00135332804
207007	0.002355131
207008	2.015090684e-07
207009	0.001213011261
207010	0.0006140021072
207011	0.0009476557824
207012	0.001390721451
207013	0.0007566294633
207014	0.0004956288324
207015	0.001366361995
207016	0.0006478630194
207017	0.0004756941658
207018	0.001025151598
207019	0.0004134897117
207020	4.725072917e-07
207021	1.474711747e-07
207022	3.368671566e-07
207023	8.421423948e-07
207024	8.689892187e-08
207025	2.708629435e-07
207026	1.34546919e-06
207027	5.474170421e-07
207028	6.599628271e-07
207029	1.435845785e-06
207030	2.97360243e-07
207031	2.380179152e-07
207032	4.3809003e-07
207033	8.701291491e-07
207034	1.21372697e-06
207035	1.73939487e-06
207036	5.752356058e-07
207037	4.959472963e-07
207038	9.848569938e-07
207039	6.959537305e-07
207040	1.560787162e-06
207041	2.421846447e-07
207042	0.0002508496371
207043	0.0009965430163
207044	0.0005026275948
207045	0.000445635292
207046	0.000447614426
207047	0.0007162633258
207048	0.0002562578584
207049	0.000996812769
207050	0.001618877802
207051	0.001017106285
207052	0.001298403732
207053	0.001073257505
207054	0.001809388198
207055	0.002491848598
207056	0.003031522252
207057	0.0003502841208
207058	0.0006682469206
207059	5.577952431e-05
207060	0.0003553183069
207061	1.053100982e-05
207062	0.0008288284731
207063	0.001804391594
207064	0.0008431509452
207065	0.001465777221
207066	0
207067	0.0002639269893
207068	0.0001952862243
207069	0.0003763687139
207070	0.0009284617686
207071	0.0003705279071
207072	8.202931465e-05
207073	0.0006861769268
207074	0.000721936028
207075	0.0001271160627
207076	0.0006853807854
207077	0.001043982977
207078	0.0004974354812
207079	0.0002775679081
207080	7.90766734e-05
207081	0.000452410716
207082	4.563779035e-05
207083	0
207084	0.0001512290388
207085	0.0008495574206
207086	0.001711294686
207087	0.0001816263409
207088	0.0008893063803
207089	0.001940731314
207090	0.0006707083926
207091	0.0004667226462
207092	0.001165775593
207093	0.002897135329
207094	8.186789796e-09
207095	0.001262874577
207096	8.578565071e-05
207097	0.0002369062365
207098	0.001801781944
207099	0.000379319081
207100	0.00223147518
207101	0.001475632864
207102	0.000808841361
207103	0.0004287638106
207104	0.00123501085
207105	0.0006436066462
207106	0.0005809397654
207107	0.001300247132
207108	0.0002391225747
207109	0.000883038621
207110	0.001356136749
207111	0.001077557833
207112	0.00109017521
207113	0.001477797137
207114	0.0002702289822
207115	0.0008324639556
207116	0.0008311362638
207117	0.000704698745
207118	0.0002052043918
207119	0.00156102963
207120	0.0005833453508
207121	0.0006227583192
207122	0.001170442139
207123	0.0003222045675
207124	0.0008647644542
207125	0.001362323014
207126	0.0002542119147
207127	0.0002348287372
207128	0.0005975059361
207129	0.00262058019
207130	0.0005973903382
207131	6.974438187e-05
207132	0.0001454988569
207133	6.830596516e-05
207134	0.0002169133615
207135	0.003058292738
207136	0.001140105962
207137	0.001619297711
207138	0.00342039091
207139	0.0040353779
207140	0.002138379229
207141	0.002947418319
207142	0.0008810428949
207143	0.006157202558
207144	0.002248288631
207145	0.003217869011
207146	0.00158760179
207147	0.0003196477351
207148	0.0006376331209
207149	0.001054863644
207150	0.007046799514
207151	0.001202494013
207152	0.003949389751
207153	0.0007387749297
207154	0.0008412819975
207155	0.001627767455
207156	0.006540244758
207157	0.002222612319
207158	0.004659941825
207159	0.0006303894835
207160	0.004181223661
207161	0.005554293595
207162	0.001110165514
207163	0.003585259407
207164	0.0001307657933
207165	0.0005706802359
207166	0.001601151124
207167	0.0003101275153
207168	0.0002819011511
207169	0.001234777462
207170	0.00484519353
207171	0.003263823738
207172	0.001911316764
207173	0.004568368923
207174	0.003093496375
207175	0.001615166327
207176	0.00159543491
207177	0.003159037183
207178	0.004125093855
207179	0.001259273193
207180	0.001363791369
207181	0.001412878114
207182	0.0003925636819
207183	0.006399594697
207184	0.001774274223
207185	0.002862263236
207186	0.00136517878
207187	0.003087422387
207188	0.002109134897
207189	0.0001585051293
207190	0.0007409359596
207191	0.0007268863558
207192	0.002224692295
207193	0.0008750032136
207194	0.0001877878732
207195	0.0001203024991
207196	0.005798413856
207197	0.00665545197
207198	0.001111759809
207199	0.0001597003104
207200	0.0004694406586
207201	0.002162738203
207202	0.0003183789159
207203	0.001493341871
207204	0.001856742087
207205	4.338855974e-05
207206	0.002316601963
207207	3.972781118e-05
207208	0.0007355178317
207209	0.0005094604763
207210	0.001894462846
207211	0.0004732353324
207212	0.0002122431812
207213	0.002499795218
207214	0.000100636857
207215	0.002201252733
207216	0.0006874877614
207217	0.0001732269119
207218	0.002969120763
207219	0.001713360773
207220	1.971802761e-05
207221	9.065800161e-08
207222	0.0002323617761
207223	0.001580578304
207224	0.001294752184
207225	0.0002121683879
207226	0.0005192911785
207227	0.0006630837511
207228	0.0005372529749
207229	0.0001925829857
207230	0.0008886267242
207231	7.914265661e-05
207232	0.0001067578406
207233	0.0001687971716
207234	0.0009961982582
207235	0.0002698980553
207236	0.0001273096738
207237	0.0001208404909
207238	5.71386499e-05
207239	0.000965346151
207240	0.000470230741
207241	6.625746729e-05
207242	0.001680416409
207243	0.00530951197
207244	0.000104324792
207245	0.0003913367954
207246	0.0006989635329
207247	0.0009467925882
207248	0.0005980563133
207249	0.003758813013
207250	8.021500988e-05
207251	0.004969028069
207252	0.003907957602
207253	0.002120290033
207254	0.0004055747972
207255	0.002534521712
207256	0.003655284874
207257	0.0008396155998
207258	0.0007125321006
207259	0.00182451455
207260	0.004629616654
207261	0.001924122636
207262	0.001293554593
207263	0.001652134293
207264	0.004485363919
207265	0.003432776799
207266	0.0003802189098
207267	0.001933574176
207268	0.001058363784
207269	0.001675201003
207270	0.0001336464372
207271	0.002824186216
207272	0.002201052753
207273	0.002058137988
207274	0.001281992107
207275	0.001788146728
207276	0.0008933685242
207277	2.161908181e-07
207278	0.00124294237
207279	0.003997416654
207280	0.006194590816
207281	0.002651024827
207282	0.006325045323
207283	0.0004615859477
207284	0.0003829799078
207285	0.0004358284457
207286	0.001655556374
207287	0.004413851224
207288	0.00205355222
207289	0.0009750160094
207290	0.0008571544806
207291	0.002168951179
207292	4.034387518e-05
207293	0.005500661213
207294	0.004683609339
207295	0.00102959985
207296	0.0005641914199
207297	0.00201764431
207298	0.002463256102
207299	0.0001856502241
207300	1.105216622e-08
207301	0.00157228798
207302	0.001497113896
207303	0.001406268147
207304	6.180116367e-05
207305	0.002778369313
207306	0.0003570880496
207307	0.005764914293
207308	0.003188792189
207309	0.001085046126
207310	0.002874039706
207311	0.002801855975
207312	0.003079257012
207313	0.006611818704
207314	0.001332094511
207315	0.001325751163
207316	0.001705771114
207317	0.001361064354
207318	0.003145067577
207319	0.00193278869
207320	0.0003614412796
207321	7.169545499e-05
207322	0.002087490849
207323	0.001121432111
207324	0.004650242615
207325	0.003661839171
207326	0.002089586999
207327	0.001054062482
207328	0.0005277739163
207329	0.0004346190602
207330	9.926207542e-05
207331	0.0004035742799
207332	0.0004333830867
207333	0.001926378898
207334	0.0009159465373
207335	0.001130139704
207336	0.002446898671
207337	0.0016112771
207338	0.001168645796
207339	0.0001969758207
207340	0.001130398199
207341	0.007442141362
207342	0.001459308388
207343	0.002116799247
207344	0.0008185966863
207345	0.0007777646418
207346	0.003710228546
207347	0.000360297042
207348	0.00154166925
207349	0.0008072500685
207350	0.0006908712361
207351	0.0009911232209
207352	0.0002332972655
207353	0.0001192552581
207354	0.0005276511596
207355	0.0001502139633
207356	0.0006137259146
207357	0.002444160774
207358	7.781522252e-05
207359	0.001008161874
207360	0.0007895165451
207361	0.0002569518054
207362	0.00019822272
207363	0.0001055674472
207364	0.0007989887408
207365	0.0002818346667
207366	0.0003544783869
207367	0.0002910201254
207368	0.0001430415082
207369	0.001024747583
207370	0.003341906513
207371	0.001736535656
207372	0.001163891576
207373	0.003857275189
207374	0.0007804887618
207375	0.0003185761792
207376	0.0003612363284
207377	0.0003136453277
207378	0.0002118309141
207379	0.001085314198
207380	0.004768606714
207381	7.468479156e-05
207382	0.0002337735424
207383	0.002679973267
207384	0.001365461261
207385	0.001309303319
207386	0.003460172838
207387	0.004656522226
207388	0.0008221945674
207389	0.003837348272
207390	0.0003503102786
207391	0.001096665925
207392	0.002139026661
207393	0.0003106824766
207394	0.002308267183
207395	0.001727126779
207396	0.003270127447
207397	0.006797956555
207398	0.00306052131
207399	0.000966684493
207400	0.001425830099
207401	0.001136319972
207402	0.0009260059784
207403	0.002308413284
207404	0.004673046514
207405	0.001649664388
207406	0.0008840936117
207407	0.001242399483
207408	0.0007006285084
207409	0.001101170806
207410	0.0001637385102
207411	0.001393101096
207412	1.537399398e-05
207413	0.002966316386
207414	0.0002817723153
207415	0.0009048635511
207416	0.004696493022
207417	0.002560265347
207418	0.002228019299
207419	0.000424396113
207420	0.004282959266
207421	0.0004152139473
207422	0.003623630787
207423	0.000592422426
207424	0.0008186790288
207425	0.001612303435
207426	0.0004805229308
207427	0.002443934544
207428	0.001895845436
207429	0.004888084375
207430	0.004213533513
207431	0.001553750433
207432	0.0008067075867
207433	0.0003603039487
207434	0.0007837966522
207435	0.001782540533
207436	0.002198835644
207437	0.00118478356
207438	0.0008238536164
207439	0.0009640353396
207440	0.0005000255113
207441	0.0009782459454
207442	0.001102521052
207443	0.001507412654
207444	0.003306207248
207445	0.001086580145
207446	0.004763068632
207447	0.002950141482
207448	0.002542180048
207449	0.003660843458
207450	0.002102776451
207451	0.003658809164
207452	0.001702950034
207453	0.004220327477
207454	0.008778984741
207455	0.005950991216
207456	0.005633398045
207457	0.0008112560213
207458	0.003090482406
207459	0.001236941338
207460	0.000311633899
207461	0.001271486872
207462	0.003136242216
207463	0.00125754471
207464	0.002937703598
207465	0.002480498969
207466	0.001577578281
207467	0.002418047465
207468	0.002963084986
207469	0.0001324957186
207470	0.003850933104
207471	0.001924450172
207472	0.0001349322191
207473	0.00198236999
207474	0.0009966922294
207475	0.00474274054
207476	0.001562953541
207477	0.002071023441
207478	0.001643933758
207479	0.0016786985
207480	0.002619920908
207481	0.002124430286
207482	0.0008049818791
207483	0.002120276634
207484	0.001090719499
207485	0.001406457309
207486	0.005306336876
207487	0.000279485397
207488	0.003761236717
207489	0.003498295797
207490	0.00436840966
207491	0.009808480357
207492	0.004035386298
207493	0.004316596241
207494	0.0003113162517
207495	0.0005254653189
207496	0.0001429702722
207497	8.058131282e-06
207498	0.000300860423
207499	0.002670844105
207500	0.003719196447
207501	0.001150076159
207502	0.0019248712
207503	2.439011694e-05
207504	0.0004217869141
207505	0.001820171143
207506	0.001884938013
207507	0.001848729498
207508	0.001817677754
207509	0.006918638597
207510	0.001957540534
207511	0.0001423257263
207512	0.00158105907
207513	0.001505551925
207514	0.0001788195627
207515	0.002990003263
207516	0.00545061559
207517	0.004230043798
207518	0.003857906693
207519	0.004958700399
207520	0.001804789604
207521	0.0007714461469
207522	0.002801615488
207523	0.0004954060205
207524	0.0005849895865
207525	0.0006726647225
207526	1.156084489e-05
207527	0.0001971329529
207528	0.0008173400913
207529	0.004024073359
207530	0.002511951662
207531	0.005147385066
207532	0.003134668259
207533	0.001334584425
207534	0.004118559717
207535	0.003015884607
207536	0.002642442796
207537	0.001132090424
207538	0.003496616181
207539	0.002141910633
207540	0.0006593392565
207541	0.0004556934502
207542	2.589923696e-06
207543	0.0004429466243
207544	0.001812553459
207545	0.0001124461774
207546	0.001126047791
207547	0.000673827107
207548	0.001354896118
207549	0.001126663572
207550	0.0004529775264
207551	0.0004480138619
207552	0.0003350748609
207553	0.0003426444657
207554	0.000900906337
207555	0.000227362406
207556	0.0005655085976
207557	9.949196612e-05
207558	0.00112796734
207559	0.0007941900381
207560	0.0004466669741
207561	1.54841462e-07
207562	0.001353705721
207563	0.0001126532121
207564	0.001011524563
207565	0.001247727194
207566	0.0004544239243
207567	0.001017769644
207568	0.0007853832797
207569	0.0004546131737
207570	0.000103036315
207571	0.00124291218
207572	0.002296248154
207573	0.003180922982
207574	0.004973563687
207575	9.152680637e-05
207576	0.004595222746
207577	7.207015005e-05
207578	0.0004451633286
207579	0.0005061668983
207580	0.004625464044
207581	0.001552344647
207582	0.000345905493
207583	0.0006647130738
207584	0.0005458928972
207585	0.0008429418206
207586	0.0009825923276
207587	0.001529062585
207588	0.001438926568
207589	0.002223223995
207590	0.00252179835
207591	0.003336635759
207592	0.0001482647549
207593	0.003217477736
207594	3.285207676e-05
207595	0.002173810353
207596	7.185208875e-05
207597	0.002764699856
207598	8.755557664e-05
207599	0.0006239111457
207600	0.003265466223
207601	0.001952936899
207602	0.0002212665992
207603	0.001409209796
207604	0.0001685478014
207605	0.000643715884
207606	0.00315856498
207607	0.002661083567
207608	0.001576262263
207609	0.001664428608
207610	0.0006693532815
207611	0.003436287909
207612	0.001544895051
207613	0.003490749267
207614	0.00324457218
207615	0.002128720799
207616	0.003720327635
207617	0.002198087391
207618	0.003361938001
207619	0.001434682182
207620	0.0006445795438
207621	0.002804658641
207622	0.002688087144
207623	0.001215203881
207624	0.003721094808
207625	0.003457126301
207626	0.0009994834671
207627	0.0004872923032
207628	0.0003857906326
207629	1.377427314e-05
207630	0.0005242371114
207631	0.0005536363024
207632	0.002900471602
207633	0.0007710337807
207634	0.001317769051
207635	5.495395719e-05
207636	0.002156146547
207637	0.002342851559
207638	0.0002949081077
207639	0.002203744795
207640	0.001826195509
207641	0.003603891592
207642	0.0005656375137
207643	0.003592681398
207644	0.0001696529843
207645	0.0009055812987
207646	0.0007411547458
207647	0.001182406083
207648	0.002734470671
207649	0.0009424290152
207650	0.001557172131
207651	0.003338364646
207652	0.003067888801
207653	0.002984237644
207654	0.0002628003112
207655	0.002341477024
207656	0.002089409223
207657	0.002314368584
207658	0.00201514375
207659	0.001730399171
207660	0.001374403467
207661	0.0001171062633
207662	0.002554116894
207663	0.001516597803
207664	0.00175017889
207665	0.00380911593
207666	0.004743589174
207667	0.0005204787921
207668	0.0003232051655
207669	0.002959520475
207670	0.002871213807
207671	0.0007982773595
207672	0.001051587297
207673	0.001190981733
207674	0.003776777158
207675	0.00154489624
207676	0.0003691679825
207677	0
207678	0.003515886409
207679	0.0008936747389
207680	0.0001068527011
207681	0.0002780704034
207682	0.0009606290771
207683	0.001009029779
207684	0.003031280719
207685	0.005317917583
207686	0.001522122889
207687	0.004117250522
207688	0.001772382936
207689	0.00311805272
207690	0.0005638013343
207691	0.005708605591
207692	0.0009138444368
207693	0.005761337343
207694	0.003706490831
207695	0.001974212462
207696	0.003027028033
207697	0.000695421566
207698	0.00304253192
207699	0.002621434643
207700	0.000897757284
207701	0.001784314383
207702	0.0007933505811
207703	0.002566968385
207704	0.0007204031133
207705	0.0002629129467
207706	0.00116729684
207707	4.334066775e-05
207708	0.0008548601424
207709	0.00145749814
207710	0.0007002368398
207711	6.767433518e-05
207712	0.0006051272056
207713	0.001962404387
207714	0.001273040488
207715	0.001573205198
207716	0.001582701059
207717	0.0003967750618
207718	0.004802632371
207719	0.0003976054287
207720	0.002156761657
207721	0.0001388071125
207722	0.001241629525
207723	0.003033546459
207724	0.0006474518721
207725	0.003368938599
207726	0.003968592993
207727	0.0007507995903
207728	0.001830055976
207729	0.0008446377387
207730	0.0008152007331
207731	0.0005225068008
207732	0.001813465653
207733	0.0008312977787
207734	0.0001017059749
207735	0.0008725499321
207736	0.003271829762
207737	0.001186373413
207738	0.002051631207
207739	0.0003059451968
207740	0.004681006861
207741	0.00117822608
207742	0.001150932803
207743	0.005154659024
207744	0.00255302135
207745	0.001161031365
207746	0.001268713196
207747	1.933367174e-05
207748	3.595384103e-05
207749	0.002011313322
207750	0.002161979799
207751	0.0007678237714
207752	0.000782327756
207753	0.000821455996
207754	0.0007470929422
207755	0.003552279768
207756	0.002624002016
207757	0.001775253453
207758	0.0002971908549
207759	0.0002433062421
207760	0.0008387828481
207761	0.0001628639925
207762	0.0002234919182
207763	0.0002607146563
207764	0.002236486207
207765	0.000433153028
207766	0.0002234506184
207767	0.0004291355543
207768	0.00010062767
207769	4.211493415e-05
207770	4.669752142e-05
207771	0.0007429259637
207772	0.0002752362922
207773	0.0002393367042
207774	0.0001682502392
207775	0.0006489542702
207776	8.938904343e-06
207777	0.0002104912583
207778	6.519812976e-05
207779	0.0005972939368
207780	0.0004453346647
207781	0.002022415485
207782	0.0003294746494
207783	9.325669565e-05
207784	0.0003930693872
207785	0.0001280150955
207786	6.016661235e-05
207787	7.149160797e-05
207788	0.0005017667165
207789	0.0007444826261
207790	0.0001654184108
207791	6.036580966e-05
207792	1.503686921e-06
207793	0.0001710457635
207794	0.0003775218427
207795	0.0006761462942
207796	0.0007452584504
207797	0.0001824049903
207798	3.351562771e-06
207799	0.0003768698522
207800	0.0004830238879
207801	2.883806436e-05
207802	0.0001796343305
207803	3.328614194e-05
207804	0.0002737930671
207805	0.00202356279
207806	0.0004801285574
207807	0.000189022021
207808	0.0004040517394
207809	0.0005645161765
207810	0.000848387673
207811	0.0001000289891
207812	0.0006447032196
207813	0.0003804171435
207814	0.0006378113065
207815	0.001817638825
207816	0.001011599706
207817	0.001308520584
207818	8.105497482e-05
207819	0.0005752813074
207820	0.002608667675
207821	0.0004586974897
207822	9.639969625e-05
207823	0.0007957624802
207824	0.0004450651635
207825	0.000228169639
207826	0.0005252878367
207827	0.0002710701485
207828	0.0001446182418
207829	0.0007172599001
207830	0.0004368174309
207831	0.0001219458113
207832	0.0003619410951
207833	0.0003917187316
207834	0.0007718307392
207835	0.0005691301791
207836	0.00122629195
207837	0.000148316411
207838	0.0006248393991
207839	0.000179982593
207840	0.002885619946
207841	0.0005865523699
207842	0.0006162437424
207843	0.000376648797
207844	0.0002317221576
207845	6.567921448e-05
207846	0.0002103785259
207847	0.000355392052
207848	0.0003406487051
207849	0.0007220030314
207850	0.0001192222301
207851	0.00174169146
207852	0.002706323485
207853	0.003310351174
207854	0.002119451115
207855	0.001484057286
207856	3.619233897e-06
207857	0.001573768465
207858	9.678548564e-06
207859	0.0006268863725
207860	0.002840225519
207861	0.005485897392
207862	0.001295074285
207863	0.003912683912
207864	0.0004078187766
207865	0.001001815612
207866	0.0001757198555
207867	0.0005268019503
207868	0.000223012378
207869	0.0006807826668
207870	0.0007355206035
207871	0.0004183050858
207872	0.0003554058822
207873	0.0008297890136
207874	0.0008177626002
207875	0.0004020936039
207876	0.002209185071
207877	0.0009297309125
207878	0.0001469900366
207879	8.349915648e-05
207880	0.003641891312
207881	4.612313187e-05
207882	0.0003058946005
207883	0.00110803409
207884	0.0001759544702
207885	0.002839418367
207886	0.00183808398
207887	0.002431925201
207888	0.0003582395375
207889	0.002932343555
207890	0.0002752898717
207891	0.001067909771
207892	0.001457459881
207893	9.643541808e-05
207894	0.0006117020978
207895	0.0002460452662
207896	0.0003801969229
207897	0.0002408410179
207898	0.001179650828
207899	0.003804009034
207900	0.0003534380511
207901	0.0006183444904
207902	0.003480874818
207903	0.002714393116
207904	0.002909767243
207905	0.0004387421658
207906	0.0009586798826
207907	0.0005461291102
207908	0.00207050692
207909	0.0003010858474
207910	0.0004966110916
207911	0.0003398780197
207912	0.0001228127354
207913	0.0005667883207
207914	0.006306790458
207915	0.00269238962
207916	0.0002110511273
207917	0.002194409504
207918	0.001637906916
207919	0.001245636043
207920	0.004171334429
207921	0.0007809619062
207922	0.001175710885
207923	0.004526852255
207924	0.001022146359
207925	0.0001523138862
207926	0.0002286962526
207927	0.000240743396
207928	0.000179293142
207929	0.0004163322394
207930	4.820175629e-05
207931	0.000648540002
207932	7.200690421e-06
207933	0.002031171582
207934	0.0003548269519
207935	0.0003488391437
207936	0.0001988424268
207937	4.828396502e-06
207938	0.0004163629294
207939	0.00023451888
207940	0.0002081073512
207941	0.0007488507591
207942	1.367252173e-05
207943	0.001172590843
207944	0.0001504308788
207945	0.0005827170958
207946	0.0005448283013
207947	8.847249066e-05
207948	0.0004299126168
207949	0.0003433084141
207950	0.001392394602
207951	0.0003586580439
207952	0.0001374808535
207953	0.0001806135342
207954	0.0001046753765
207955	0.0003053493389
207956	0.00076234819
207957	0.0001627912995
207958	0.00105351685
207959	0.0005038917866
207960	8.742583602e-05
207961	0.0005824350974
207962	0.0001935145141
207963	0.001055803816
207964	0.0006801668678
207965	0.0009241027345
207966	0.0008274243491
207967	0.0004101650807
207968	0.0005909432081
207969	0.0007700914715
207970	0.0001903828912
207971	0.0003230935198
207972	0.0003683637564
207973	0.0005336129508
207974	0.0005722627379
207975	0.0001460848104
207976	0.000154906673
207977	0.0004895346192
207978	0.0002985280583
207979	0.000179417542
207980	0.0002929687377
207981	0.0003030729711
207982	0.001381865702
207983	0.0001978397956
207984	0.0005814431049
207985	2.814569843e-05
207986	0.000176715235
207987	0.00135084424
207988	0.0002102801788
207989	0.0001929863498
207990	0.0001723875468
207991	0.0006761050314
207992	0.0001428289296
207993	1.871192568e-05
207994	5.036013006e-05
207995	0.0001472010865
207996	6.9808999e-05
207997	0.0009085472737
207998	0.001258481021
207999	6.884624162e-05
208000	0.0006807718471
208001	0.0001568859858
208002	0.001045940525
208003	0.0003967769406
208004	0.0002191390761
208005	0.001028697746
208006	0.0001909745016
208007	0.001225370852
208008	0.001100691717
208009	6.535313285e-05
208010	5.721602708e-05
208011	0.0003744653664
208012	0.001425920389
208013	0.001371937921
208014	0.0003609845095
208015	0.0003976425426
208016	4.627810725e-05
208017	0.0007187869145
208018	0.000264683973
208019	1.533662169e-05
208020	0.0001850903451
208021	0.000736349746
208022	0.0003159081631
208023	0.0002135070017
208024	0.0004121601023
208025	0.0005708706227
208026	0.0001209404196
208027	0.0001780333576
208028	0.0003848612434
208029	0.0004479593178
208030	0.0005189514084
208031	0.0005409672409
208032	0.00027241532
208033	0.0002348199615
208034	0.0007147955828
208035	0.0003445124752
208036	0.0002154306456
208037	0.0006215436528
208038	0.0007091851944
208039	2.262051901e-05
208040	0.001274887805
208041	0.005431169507
208042	0.0002937512822
208043	0.0001194318512
208044	0.0008439047102
208045	0.0001564675942
208046	7.560907266e-05
208047	0.000281997804
208048	0.0008997916496
208049	0.0003606441953
208050	9.706763695e-05
208051	0.001092307423
208052	0.0002428860716
208053	2.711233915e-05
208054	0.0008371935778
208055	0.0006470373779
208056	5.597044701e-06
208057	2.70825815e-05
208058	0.0008990773881
208059	0.0003643048864
208060	0.00228920036
208061	8.048578734e-05
208062	0.0001815478959
208063	0.0005394837307
208064	0.002718080465
208065	0.0005357813981
208066	0.000210146139
208067	0.0001597536666
208068	0.003202341776
208069	0.000266604762
208070	0.0001768952154
208071	0.0001438106139
208072	0.0005969003783
208073	0.00031250076
208074	0.0002538263025
208075	4.123283955e-05
208076	0.0002589425598
208077	0.0007802227727
208078	0.0001800148326
208079	0.0003910016323
208080	0.002084287878
208081	0.001085862815
208082	0.0005905389754
208083	0.0004202358655
208084	4.692839653e-05
208085	0.0001256188933
208086	0.0003461217555
208087	0.0007137630812
208088	0.0003409286545
208089	0.0001470388592
208090	4.133558903e-05
208091	0.001914728051
208092	0.002617425879
208093	0.002013041679
208094	0.0003212171793
208095	0.0004035954484
208096	0.0003132611506
208097	0.0002682470019
208098	0.004092663724
208099	0.0006660027193
208100	0.001365265931
208101	0.003983000593
208102	0.0002926464256
208103	5.278630027e-05
208104	0.002974691902
208105	0.0003873505815
208106	0.0003536871253
208107	0.001077901455
208108	0.0001319923035
208109	0.0006135420778
208110	0.0002073297158
208111	0.0002603687714
208112	0.0003559100838
208113	0.0002004434045
208114	0.0002581775477
208115	0.0005317990687
208116	0.0001089272431
208117	0.002903581638
208118	0.0001471128718
208119	0.0006263196966
208120	0.0002945349269
208121	0.0007448817772
208122	0.0006004037463
208123	0.000508177563
208124	0.0005404526702
208125	0.0005878415411
208126	3.877704535e-05
208127	0.002569101123
208128	0.0008000066146
208129	0.0004435251562
208130	0.000265054655
208131	0.001048598656
208132	0.000501740383
208133	0.0008219553464
208134	2.916835408e-05
208135	0.0007359753647
208136	0.001233126143
208137	0.0002004432209
208138	0.0004037448558
208139	8.142670013e-05
208140	0.001571463149
208141	0.0002088435341
208142	0.0002176943326
208143	0.0008911407887
208144	7.01790395e-05
208145	0.002629139614
208146	0.0005959058059
208147	0.001385870671
208148	4.045915659e-05
208149	0.001582028036
208150	0.0008769568779
208151	0.001494684434
208152	0.000590386484
208153	0.0005804501581
208154	0.001252894308
208155	0.0001104113866
208156	0.0001251103415
208157	0.0002195093509
208158	0.0004918672782
208159	0.0006402365068
208160	8.437559221e-05
208161	0.0006228172237
208162	2.143293762e-05
208163	0.0002061234176
208164	0.0003201702477
208165	0.0002230581582
208166	0.0004591549218
208167	0.0006062654904
208168	2.026007866e-05
208169	0.001318963563
208170	0.0007908925482
208171	0.0004914342423
208172	0.0003655616985
208173	1.751489001e-05
208174	5.396362494e-05
208175	0.001844540611
208176	0.0004391584081
208177	0.0003444509026
208178	0.0002391018537
208179	0.0001043694344
208180	0.0008831240586
208181	0.004650783017
208182	0.0003295863629
208183	0.0002554504082
208184	9.501502098e-05
208185	0.0006898492348
208186	0.001099897083
208187	0.0001934629208
208188	0.0003040838901
208189	0.001001495223
208190	4.090825874e-05
208191	0.001211268835
208192	0.0006194675754
208193	0.0004587782255
208194	0.0007049959584
208195	0.0005760850976
208196	0.0004091898386
208197	0.0009871481416
208198	0.0002300777574
208199	0.0007147482847
208200	0.0004153333373
208201	0.0004201341931
208202	0.0003191431103
208203	0.0002723159304
208204	0.0005259153817
208205	0.0009281196761
208206	3.422676561e-05
208207	8.447166154e-05
208208	0.0002103887338
208209	6.902682386e-05
208210	0.0002803916
208211	0.0005140589716
208212	0.0008783856434
208213	0.0005281739618
208214	0.000214560601
208215	0.0007272673687
208216	7.30116558e-05
208217	6.063270773e-05
208218	2.064090458e-07
208219	0.0004917462329
208220	0.000480485599
208221	0.000306530483
208222	8.316354988e-05
208223	0.00148491119
208224	0.0001838102227
208225	0.001767097656
208226	5.561688201e-05
208227	0.0007583404422
208228	1.768975068e-06
208229	0.000210768929
208230	3.22309908e-05
208231	0.0002166413279
208232	0.0002626259438
208233	0.001033092708
208234	0.0001801769861
208235	6.583821041e-05
208236	0.0001101176317
208237	0.000436429164
208238	8.374502523e-05
208239	0.0002372496346
208240	4.557552234e-05
208241	0.0001750775474
208242	4.427438029e-05
208243	0.0002027007395
208244	0.0001796628653
208245	0.0006770851678
208246	0.00134573191
208247	0.0006998294939
208248	0.0002505300189
208249	0.0004286452169
208250	0.0005774699779
208251	0.001332901112
208252	0.000573886348
208253	0.003634278384
208254	0.0001034088233
208255	0.001499987429
208256	0.0002427965569
208257	0.0003776461018
208258	0.0009074679669
208259	0.001268208652
208260	0.000131299923
208261	0.001191467178
208262	1.390941276e-06
208263	0.0007445575003
208264	5.014389045e-05
208265	0.001740734111
208266	0.0002052416418
208267	4.484522342e-05
208268	0.002113179421
208269	0.0004237735636
208270	0.001565672646
208271	0.0008583410851
208272	4.531982335e-05
208273	0.0005101543206
208274	0.0004922156187
208275	0.00293906719
208276	0.000740776848
208277	0.0005097655826
208278	0.001484997522
208279	0.0002906438677
208280	2.897823439e-05
208281	0.0003946644366
208282	0.001293348763
208283	0.0006344876605
208284	0.001256925576
208285	0.001376331185
208286	0.0002065241969
208287	0.0003865604986
208288	0.0007288925009
208289	0.001594715724
208290	0.0005180898716
208291	0.0005673167089
208292	0.0003937677668
208293	0.001283851231
208294	0.001105656511
208295	0.003522459191
208296	0.002250070012
208297	0.0002509309545
208298	0.0002765739078
208299	0.00173356939
208300	0.00103062523
208301	1.459681527e-05
208302	0.003638644081
208303	0.0001027233663
208304	0.00244251589
208305	0.001107054843
208306	0.0002027447528
208307	0.001634045163
208308	0.0002772278163
208309	0.0001038400921
208310	0.001096049442
208311	0.0005618257763
208312	7.598154743e-05
208313	0.000339601674
208314	0.0007879718768
208315	0.0005962944416
208316	0.0006994476113
208317	0.0003242663786
208318	0.0005191970088
208319	0.0006354908063
208320	0.0001385784021
208321	0.0001218670561
208322	0.0002811354429
208323	0.002151663
208324	0.002249123354
208325	0.001378602479
208326	0.001627919767
208327	8.924922861e-05
208328	0.0006074072681
208329	0.0002457033862
208330	0.000128690286
208331	0.0001108695145
208332	0.001615132167
208333	0.009083190973
208334	0.001404212641
208335	0.0002167901982
208336	0.001615364177
208337	0.0005783489255
208338	0.0001318891616
208339	0.005346065672
208340	0.0001878417347
208341	2.116519221e-05
208342	0.001025527158
208343	5.701616184e-05
208344	4.128435996e-05
208345	0.0006108694139
208346	0.001403487185
208347	0.0005205845936
208348	0.002121023899
208349	0.005118068166
208350	0.001880976547
208351	0.001034895376
208352	0.0006456932276
208353	0.001859691845
208354	0.005328116916
208355	0.003202581648
208356	0.0004568637392
208357	0.001847246785
208358	0.001015070466
208359	2.80746966e-05
208360	0.0003156079232
208361	0.002580021095
208362	0.002651808949
208363	0.003026386935
208364	0.002684808863
208365	0.0009742624314
208366	0.0009468296418
208367	0.001174642306
208368	0.00103751552
208369	0.0005224952088
208370	0.0008209902856
208371	0.0003270589149
208372	0.0007704858735
208373	9.04900455e-05
208374	0.0007540644084
208375	0.001353396131
208376	0.001225939463
208377	0.001119692386
208378	0.0008230973226
208379	0.0006625643943
208380	0.001096316913
208381	0.001422286286
208382	0.0009462856071
208383	0.001399731433
208384	0.0004117348683
208385	0.000639970323
208386	0.0008981099104
208387	0.000377345565
208388	0.0004301434504
208389	0.0007501592926
208390	0.0003629533448
208391	0.0009308595855
208392	0.0006854566044
208393	0.000780928497
208394	0.0008736334212
208395	0.0004862064371
208396	0.0006644036513
208397	0.0005627431599
208398	0.0002772982907
208399	0.0008259221747
208400	0.001098735768
208401	0.001197217732
208402	0.0003020626766
208403	0.0002447857576
208404	0.0002183708164
208405	0.0009964400402
208406	0.0004718772937
208407	0.001208648726
208408	0.001319857618
208409	0.0004151228242
208410	0.0006935043068
208411	0.000978911703
208412	0.0009385522692
208413	0.0003959458555
208414	0.0009023213541
208415	0.0001531107392
208416	0.001129228669
208417	0.0007120592603
208418	0.0007583444684
208419	0.0002003115388
208420	0.0002034102997
208421	0.0007088427798
208422	0.0001845498419
208423	0.0006454928951
208424	0.0008936346989
208425	0.001018047927
208426	0.0002242130418
208427	0.0007369697212
208428	0.001129716763
208429	0.0007501854705
208430	0.0005411201824
208431	0.0007762351339
208432	0.001026463351
208433	0.0008977461174
208434	0.0007834117098
208435	0.0008466948753
208436	0.001167003612
208437	0.001050264092
208438	0.0008833098479
208439	0.0009582835851
208440	0.0009034548359
208441	0.0008814771167
208442	0.0004618665103
208443	0.001204733242
208444	0.0005287774777
208445	0.0004604158201
208446	0.0001642168195
208447	0.0006846303073
208448	0.001175966409
208449	0.001112253723
208450	0.0008748777423
208451	0.001357831329
208452	0.0005515874542
208453	0.0007650347052
208454	0.0007993457186
208455	0.001015422277
208456	0.0003385624422
208457	0.0004425683827
208458	0.000745689492
208459	0.001301442893
208460	0.000275591867
208461	0.001415373117
208462	0.0006292025604
208463	0.001803161383
208464	0.001247433116
208465	0.001401147819
208466	0.001098255238
208467	0.001432005107
208468	0.00109751614
208469	0.0007165048104
208470	0.0007141158913
208471	0.0009781591898
208472	0.0005995184576
208473	0.0008563645042
208474	0.001565334851
208475	0.001172675244
208476	0.00140898435
208477	0.0002330287776
208478	0.0002803582919
208479	0.0008926858984
208480	0.0007931334743
208481	0.0005378746791
208482	0.001238764232
208483	0.001221500488
208484	0.000652068275
208485	0.0007042911766
208486	0.0004527115089
208487	0.0007654907072
208488	0.0001818214529
208489	0.001453351013
208490	0.0002993846778
208491	0.0005330629091
208492	0.000940503896
208493	0.0008709800736
208494	0.0009441799303
208495	0.001333162077
208496	0.0007573380635
208497	0.001614175242
208498	0.001093694533
208499	0.001421894399
208500	0.0001726535941
208501	0.0009434024115
208502	0.001506002719
208503	0.001027700952
208504	0.001063404858
208505	0.0004211871403
208506	0.001195886238
208507	0.001090024545
208508	0.001430282502
208509	0.001016891813
208510	0.001254112548
208511	0.0005593733071
208512	5.495809207e-05
208513	0.0005711853874
208514	0.00113722407
208515	0.0009504177813
208516	0.0001916009183
208517	0.00124589445
208518	0.000781987421
208519	0.0007208344177
208520	0.00110936875
208521	0.001406968157
208522	0.0009021633731
208523	0.0007990023637
208524	0.0003678101127
208525	0.0008874622315
208526	0.0006056274486
208527	0.000626887731
208528	0.0002205577659
208529	0.0001512452141
208530	0.001886381002
208531	0.001665104177
208532	0.0003459028997
208533	0.0003789130599
208534	0.001724820658
208535	0.0008687938193
208536	0.00364317254
208537	0.001577308
208538	0.001203276569
208539	0.0003796484793
208540	0.002315807367
208541	0.006115517518
208542	0.0009267170778
208543	0.002648715083
208544	0.005006575332
208545	0.004138861944
208546	0.0009240055248
208547	0.003956216469
208548	0.0001263336945
208549	0.002442053487
208550	0.001681066574
208551	0.001852582164
208552	0.0001692827035
208553	0.001326112752
208554	0.000610637058
208555	0.003634122297
208556	0.001565652717
208557	0.0001354214051
208558	0.003581801134
208559	0.001963921435
208560	0.002459356427
208561	0.003689853551
208562	0.002193712257
208563	0.001942905402
208564	0.001857115935
208565	0.001114002463
208566	0.002690833308
208567	0.0003431133459
208568	0.001071386919
208569	0.002984335961
208570	0.001472096274
208571	0.004185878664
208572	0.0003308217819
208573	0.002456989516
208574	0.002449102408
208575	0.004341683418
208576	0.0009182015324
208577	0.0009811145735
208578	0.001299739153
208579	0.002266225885
208580	0.00121569948
208581	0.002174640765
208582	0.00184367461
208583	0.0004589245567
208584	0.002106829413
208585	0.001314297597
208586	0.001288447621
208587	0.001428440861
208588	0.0005088686081
208589	0.001450515744
208590	4.630903982e-05
208591	0.002055794929
208592	0.0006479425234
208593	0.0008035014718
208594	0.001025040595
208595	0.0007452832972
208596	0.000678342446
208597	0.0002961983987
208598	0.001607834355
208599	0.00139912962
208600	0.001334401914
208601	0.0009117990249
208602	0.003801600259
208603	0.002493713196
208604	0.003717307708
208605	0.001112834366
208606	0.002154414623
208607	0.002673134894
208608	0.002933631821
208609	0.002371227484
208610	0.003730505219
208611	0.00604497049
208612	0.003254488535
208613	0.001868501969
208614	0.004371703726
208615	0.002657527037
208616	0.0007362138313
208617	0.003020778904
208618	0.006655963661
208619	0.002641870149
208620	0.002146757007
208621	0.001452427724
208622	0.004057668904
208623	0.0002882814486
208624	0.002290526525
208625	0.002979787766
208626	0.003330325274
208627	0.0005430317803
208628	0.00560499762
208629	0.001660889036
208630	0.001452836514
208631	0.003203572614
208632	0.002670695038
208633	0.006619755716
208634	0.0007398213109
208635	0.0006147939565
208636	0.002255909661
208637	0.005135360106
208638	2.850564651e-05
208639	0.0009545645727
208640	0.001195786949
208641	0.00132526458
208642	6.052376714e-08
208643	0.001542309708
208644	0.0002911083351
208645	0.003143038642
208646	0.004310185073
208647	0.0005918209647
208648	0.000656371926
208649	8.557189697e-05
208650	0.003668967134
208651	0.003404847752
208652	0.0008082182285
208653	0.003146939823
208654	0.001537018042
208655	0.001669997818
208656	0.001123637512
208657	9.33796112e-05
208658	0.0007375084879
208659	0.001001949763
208660	0.0006885846485
208661	0.0007063457346
208662	0.0008427772461
208663	0.001016810576
208664	0.0004721532081
208665	0.0003251339905
208666	0.0008004136983
208667	0.0001191775502
208668	0.0001837623473
208669	0.0008567713177
208670	0.0001298469972
208671	0.001026062443
208672	0.002101655856
208673	0.0001866070674
208674	0.001612394137
208675	0.0007159521929
208676	0.0003902045087
208677	0.0004585643092
208678	0.0006688916674
208679	0.0001514550372
208680	0.0005276723571
208681	0.002787028201
208682	0.0005726523964
208683	0.0006004738464
208684	0.002805730594
208685	0.001806591406
208686	0.001860111924
208687	0.0001852646042
208688	0.0006278413296
208689	0.0007493105153
208690	0.001628501037
208691	0.000241359105
208692	0.001172297682
208693	0.00169625162
208694	0.0001469705786
208695	0.0004649973196
208696	0.001569425171
208697	0.001331905235
208698	0.002772427448
208699	0.0009115871186
208700	0.001694345929
208701	0.003215689131
208702	0.000279383814
208703	0.001830975248
208704	0.0003934177757
208705	0.0008353992485
208706	0.0005696637779
208707	0.0009658575264
208708	0.004045553126
208709	0.002855589249
208710	0.00216921446
208711	0.0008465659086
208712	0.00077659316
208713	0.0002709903468
208714	0.001310212165
208715	0.002375050594
208716	0.002040354949
208717	0.0007481818272
208718	0.0009012118897
208719	0.002415633897
208720	0.004569158655
208721	0.001651483382
208722	0.00210548023
208723	0.0005859769124
208724	0.001912620451
208725	0.0001165720087
208726	0.001073839412
208727	0.0004375884068
208728	0.0002425907977
208729	0.0004896863873
208730	0.002738373615
208731	0.0004602790991
208732	0.00035224326
208733	0.0005382644878
208734	0.001029185774
208735	0.0007073482357
208736	0.000485093682
208737	0.0007974500389
208738	0.0017778181
208739	0.0009215969353
208740	0.001323356387
208741	0.001202566286
208742	0.0008402226737
208743	0.0003258710857
208744	0.003658029694
208745	0.0004753481746
208746	0.001296880403
208747	0.00126930679
208748	0.001360602153
208749	0.002154843853
208750	0.0006841386886
208751	0.001343467479
208752	0.0003308265506
208753	0.0009165318009
208754	0.0002205444091
208755	0.001104341251
208756	0.001410019321
208757	0.001122642891
208758	0.0009570325557
208759	0.002919675875
208760	0.001439188778
208761	0.002126698487
208762	0.0005657976879
208763	0.00146695794
208764	0.0004596667249
208765	0.001140522473
208766	0.002231640108
208767	0.0009475771321
208768	0.0003505865655
208769	3.301703985e-06
208770	0.0005558315045
208771	0.001098014602
208772	0.001017854872
208773	0.001117667782
208774	0.0001408001853
208775	0.000669094941
208776	0.001151216096
208777	0.001405714768
208778	0.0003065895752
208779	0.0005228603296
208780	0.0001321821184
208781	0.0004826569753
208782	0.001411166627
208783	0.0005759491676
208784	0.0007186071456
208785	0.0008857240119
208786	0.0001808238194
208787	0.0002219093005
208788	0.0007171013707
208789	0.001167074583
208790	0.001070980052
208791	0.0001709251019
208792	0.0004265906412
208793	0.0003292594522
208794	0.0002248739521
208795	0.0001791079492
208796	0.00084371162
208797	0.002840881644
208798	0.0008237341456
208799	0.0001443790415
208800	0.0005585838427
208801	0.0009641593593
208802	0.0005009222503
208803	0.0003333571386
208804	0.0001544547862
208805	0.0001448158005
208806	0.001682529952
208807	0.0007729741655
208808	0.0003785077732
208809	0.00115167992
208810	0.002618966049
208811	0.0005525957487
208812	0.0005755634215
208813	9.538250189e-05
208814	8.885487378e-05
208815	0.0002557310623
208816	0.001209712378
208817	0.0007850190266
208818	0.0008610038563
208819	0.0004919553993
208820	0.0006476781375
208821	0.0005538455036
208822	0.0004148912829
208823	0.0004275010164
208824	0.0004951341229
208825	4.194272111e-05
208826	0.0004807754324
208827	0.002095947142
208828	0.002838440205
208829	0.006112640047
208830	0.003197122135
208831	0.0009605146759
208832	0.0006134793333
208833	0.0003342400116
208834	0.001334560839
208835	5.070825437e-05
208836	0.0002149438232
208837	1.770504241e-05
208838	0.001626257301
208839	0.0002340522099
208840	0.0001530436684
208841	0.0004347668336
208842	0.001415236082
208843	0.0002271346254
208844	0.0006427500733
208845	0.000499799818
208846	0.0001491179593
208847	0.0004326182064
208848	0.0008497004287
208849	6.218537233e-05
208850	0.001121879247
208851	0.001687989616
208852	0.001132124292
208853	0.0003950652863
208854	0.0003037332586
208855	0.0002478409683
208856	0.0003566135404
208857	0.0001548607813
208858	0.0001210254523
208859	0.0008252247136
208860	0.001400422076
208861	0.001137063744
208862	0.0003568754303
208863	0.0009397343852
208864	0.001220587754
208865	0.002574798332
208866	0.000305005725
208867	0.0002053332375
208868	2.868412265e-05
208869	0.001122506393
208870	0.002072616457
208871	1.308373826e-05
208872	0.001440678708
208873	0.00133547362
208874	0.0001586872213
208875	0.0004199994437
208876	0.0005367823497
208877	0.0002779541707
208878	0.001609693678
208879	0.001595353682
208880	0.001973790677
208881	0.001012738083
208882	0.000878288791
208883	0.0002453791824
208884	0.0005679538779
208885	0.0006615201033
208886	0.0006894911236
208887	0.0005250763339
208888	0.0007951544563
208889	0.0002390486025
208890	0.001367495171
208891	0.0005161347963
208892	0.0003209187636
208893	0.0006728505749
208894	0.00213684145
208895	0.001596915992
208896	4.094867303e-05
208897	9.294164378e-05
208898	0.0004430225307
208899	0.001209269826
208900	0.00125389074
208901	0.001153649898
208902	0.0001080113779
208903	0.0002046386523
208904	0.0007617542027
208905	0.0007031762238
208906	0.0001664135821
208907	0.001557081974
208908	0.00446615102
208909	0.001986505194
208910	0.001008694342
208911	0.0005331180854
208912	0.000991497215
208913	0.001152337054
208914	0.001623572314
208915	0.001296492904
208916	0.001794440725
208917	0.0001493834196
208918	0.002215139606
208919	0.00162624135
208920	0.002591514918
208921	0.000370940147
208922	0.0008869424778
208923	0.000503558717
208924	0.000635424731
208925	0.000876381636
208926	0.0003224274894
208927	0.001110965956
208928	0.001272405798
208929	0.0005755185222
208930	0.001549857213
208931	0.001241801235
208932	0.0005499329805
208933	0.0004309702948
208934	0.001149524536
208935	0.002203216778
208936	0.0004965512677
208937	0.0002905032477
208938	0.000388226091
208939	0.003790548316
208940	0.0002256762311
208941	0.0004073959709
208942	0.0005188384678
208943	0.0004508165266
208944	0.0004085725773
208945	0.003016788741
208946	0.0005416755578
208947	0.002110480367
208948	2.707781351e-05
208949	1.147699342e-06
208950	8.64356955e-05
208951	0.001250440961
208952	0.001410071855
208953	0.0003076806808
208954	0.0008369972825
208955	0.001005641393
208956	0.0003404145444
208957	0.00163229397
208958	0.0008996906607
208959	0.0002845216627
208960	0.002692633644
208961	4.131265289e-05
208962	0.001694628329
208963	0.001005301544
208964	0.001333616571
208965	9.494346678e-05
208966	0.0008827232014
208967	0.001047668492
208968	0.001058969399
208969	0.0004001765531
208970	0.002250108434
208971	0.002434058009
208972	0.003140472138
208973	0.003002613759
208974	0.001267092568
208975	0.000741771188
208976	0.0002083774067
208977	0.001560083128
208978	0.002152172358
208979	0.0003880134408
208980	0.002925923201
208981	0.0002761685331
208982	0.0008407575655
208983	0.003857946161
208984	0.000319121964
208985	0.001604915488
208986	0.0005711847247
208987	3.005333056e-05
208988	0.0006566612202
208989	0.001262906703
208990	1.072466339e-05
208991	0.0001056845241
208992	0.0004372860921
208993	0.001199757739
208994	0.0008996069283
208995	0.0006613744058
208996	0.001953760213
208997	0.0003614906744
208998	0.0003199090147
208999	0.001955454801
209000	0.0009561807232
209001	0.0007410778063
209002	0.00132933769
209003	0.0005681281677
209004	0.001125359425
209005	0.0004695762123
209006	0.0001356317729
209007	0.001660816393
209008	0.001168006955
209009	0.000616144234
209010	0.000652512415
209011	0.0005236612686
209012	0.002623403017
209013	0.006146375067
209014	0.001992631293
209015	0.0006951269049
209016	0.0005497711492
209017	0.002064779486
209018	0.0003030884936
209019	0.003425408509
209020	9.726561092e-05
209021	0.003805122183
209022	0.003444181608
209023	0.0005595061726
209024	0.003165174528
209025	0.003449008211
209026	4.912966036e-05
209027	0.0001530041048
209028	0.001319565141
209029	0.001330175355
209030	0.001180013926
209031	0.001563239986
209032	0.003907287113
209033	0.00165686243
209034	0.001270206468
209035	0.0007842002096
209036	0.00218849459
209037	0.003669623602
209038	0.003207256906
209039	0.001611905648
209040	0.0007464600578
209041	0.004855866337
209042	0.003681778682
209043	0.00400539756
209044	0.004328548851
209045	0.0002933852243
209046	0.0004815750318
209047	0.00308335757
209048	0.002149071954
209049	0.004385147481
209050	0.002644601066
209051	0.001253054577
209052	0.00353820998
209053	0.005747112023
209054	0.0002307338598
209055	0.001379379473
209056	0.005675444296
209057	0.00369336635
209058	0.003196634435
209059	0.001440759634
209060	0.004621354569
209061	0.001082934987
209062	0.0001539493069
209063	0.0008801510216
209064	0.00155454703
209065	3.064259792e-05
209066	3.079096694e-05
209067	0.00123364179
209068	0.00152218731
209069	0.00142274412
209070	0.0001985937256
209071	0.0001031461006
209072	0.0006189325323
209073	0.0001278842336
209074	4.380735913e-06
209075	0.0005594979325
209076	0.0001610070428
209077	2.760038649e-05
209078	0.0003069468305
209079	0.0006391595046
209080	0.002219777324
209081	0.0004007052225
209082	0.0003047691993
209083	0.0017999895
209084	0.0004576601383
209085	0
209086	0.001022438936
209087	0.0002355261779
209088	6.349570816e-06
209089	0.0002389589614
209090	0.0001930756971
209091	0.0005279353433
209092	0.0001336000963
209093	0.001183598213
209094	3.629822954e-05
209095	0.001465711197
209096	0.0001089157567
209097	0.000541800534
209098	0.0008356387021
209099	0.0002811567471
209100	0.0007441525785
209101	0.0007813752755
209102	7.875451868e-05
209103	0.0003579592561
209104	0.001119593959
209105	0.0002084680045
209106	0.001056951395
209107	0.0004959783052
209108	0.001288330516
209109	0.0001353606418
209110	0.001102840745
209111	0.0004013216876
209112	4.602767738e-07
209113	0.003551085725
209114	0.001568460822
209115	0.001347276927
209116	0.0003295683538
209117	0.0005168983438
209118	9.162791698e-05
209119	0.000623651128
209120	0.0002359223405
209121	0.001173459257
209122	0.0004762210392
209123	0.0001006615345
209124	0.0001759964577
209125	0.0005682312821
209126	0.0006402000874
209127	7.362427277e-05
209128	0.0004103642322
209129	0.0002827016049
209130	0.0003820456571
209131	0.0008800090537
209132	0.001240936724
209133	0.0007690917061
209134	0.0003563382558
209135	0.000179642397
209136	0.0006384355244
209137	0.000616780901
209138	0.000638746526
209139	9.585310804e-07
209140	0.0001958431357
209141	0.0005279684463
209142	0.0009676938372
209143	0.0001748955412
209144	0.0001405112565
209145	0.001772074184
209146	0.0008834654974
209147	0.0008069963701
209148	0.001307673481
209149	0.0007717202394
209150	0.0001461557091
209151	0.001085686907
209152	0.001276789875
209153	0.001258999608
209154	0.001490319374
209155	0.0006336021757
209156	0.001388121882
209157	0.0002776585411
209158	0.000499333553
209159	0.0004204974843
209160	0.0007533592819
209161	0.001185892613
209162	0.000171246269
209163	0.001972322218
209164	0.0009019802145
209165	0.0009632131114
209166	0.003927723383
209167	0.001052120438
209168	0.001586743429
209169	0.0005069040025
209170	0.001784174535
209171	0.001671842722
209172	0.001885541207
209173	0.0003099203686
209174	3.546986064e-06
209175	0.001100222004
209176	0.003698178469
209177	0.0004110076207
209178	0.002663259697
209179	0.003026983963
209180	0.000114690265
209181	0.001724325882
209182	0.001616723407
209183	4.224800924e-05
209184	0.001436577624
209185	0.001235586601
209186	0.003068879342
209187	0.001539352303
209188	0.002957673642
209189	0.0003757573909
209190	0.001363267094
209191	0.001754943848
209192	0.001935997215
209193	0.004093157501
209194	0.001793594566
209195	0.0006552788435
209196	0.001909159695
209197	0.00151923837
209198	0.004052225316
209199	0.0009274729633
209200	0.00114915825
209201	0.003394388474
209202	0.0001910787976
209203	0.001727356978
209204	0.001133419879
209205	0
209206	0.0008698304888
209207	0.0002883932397
209208	0.001009698052
209209	0.004255005992
209210	0.0007478541166
209211	0.001653972849
209212	0.002294628003
209213	0.0008555429769
209214	6.243010348e-05
209215	0.005493647374
209216	0.0001671979442
209217	0.0005286662924
209218	0.002187742985
209219	3.421731729e-05
209220	0.001520314809
209221	0.005313735092
209222	0.0002131545001
209223	0.00201294979
209224	0.001814887706
209225	0.0008277388616
209226	0.0005160836033
209227	0.001066658061
209228	0.001432115922
209229	1.966241507e-05
209230	0.000575147175
209231	0.0002243398624
209232	0.0003441716769
209233	0.0002707468019
209234	0.0001537348145
209235	0.003043046842
209236	0.002462397236
209237	0.004105359896
209238	0.003533901892
209239	0.0009418014831
209240	0.000285963481
209241	0.005728569407
209242	0.004703054914
209243	0.002758608031
209244	0.004655165706
209245	0.004867550907
209246	0.001174549034
209247	0.002164791392
209248	0.001305891381
209249	0.0007095712095
209250	0.002910535265
209251	7.728084294e-05
209252	2.937924119e-05
209253	9.629741287e-05
209254	8.702542554e-05
209255	2.638640133e-05
209256	0.002198676918
209257	0.005815324976
209258	0.003246966682
209259	0.001016813764
209260	0.0005653698675
209261	0.001940084413
209262	0.0005617097338
209263	2.265864222e-06
209264	0.002179939572
209265	0.001604501088
209266	0.001744065392
209267	0.006122834664
209268	0.001483983239
209269	0.002001976407
209270	0.002920239833
209271	0.003874215512
209272	0.0003322047025
209273	0.00112533434
209274	0.0003631352731
209275	0.0004465246764
209276	0.0008896241736
209277	0.002180284245
209278	0.001826157618
209279	0.003246355959
209280	0.006600757881
209281	0.002847591241
209282	0.003542692361
209283	0.0009748281126
209284	0.004804899605
209285	0.003811360646
209286	0.0001553253905
209287	0.00421041152
209288	0.0004222355673
209289	0.002020432974
209290	0.0003684316089
209291	0.0005071228852
209292	0.00130614389
209293	0.0004404209417
209294	0.00193022351
209295	0.001462569888
209296	0.0006328968365
209297	0.001177924759
209298	0.0005857171245
209299	0.0001558882133
209300	0.002284954547
209301	0.001936798937
209302	0.002658963544
209303	0.000823642856
209304	0.000606618517
209305	0.003524079958
209306	0.0005355163191
209307	0.003087688346
209308	0.0004496361681
209309	0.0002982149732
209310	0.003109094044
209311	0.003944751881
209312	0.002884368887
209313	0.0050576591
209314	0.002363650308
209315	0.002296588553
209316	4.649301231e-05
209317	0.0006576029377
209318	0.002334092517
209319	0.005002674419
209320	0.002763438812
209321	0.001917528608
209322	0.00099495833
209323	0.0003065524149
209324	0.0001352932827
209325	0.0004928677244
209326	0.000284557006
209327	0.001088928915
209328	0.0001838258324
209329	0.001253638895
209330	0.001815819582
209331	0.008828790841
209332	0.004043316264
209333	0.0002489394049
209334	0.001755994061
209335	0.0009583177937
209336	0.00233806805
209337	0.002087036233
209338	0.001243753324
209339	0.001079556655
209340	0.004685016943
209341	0.0001820473574
209342	0.001646019233
209343	0.002477251271
209344	0.000151887098
209345	0.0001473395467
209346	0.00109908877
209347	0.0004491836859
209348	0.002929201663
209349	0.00382517445
209350	0.003484003985
209351	0.003562167525
209352	0.002392340716
209353	0.005156964803
209354	0.001541434174
209355	0.001041316712
209356	0.0001169029416
209357	0.0004674879617
209358	0.000262416439
209359	0.0005364495025
209360	0.0004301681071
209361	0.002802010523
209362	0.001692401287
209363	0.0004093237269
209364	0.003777013243
209365	0.002627208476
209366	0.002310662182
209367	0.006643744286
209368	0.003881113537
209369	0.0003702025425
209370	0.0001333641674
209371	0.004313432229
209372	0.004423796762
209373	0.0008515608588
209374	0.004249735576
209375	0.005020065268
209376	0.001044448965
209377	0.002980448179
209378	0.003245612831
209379	0.002431681293
209380	0.0009040838809
209381	0.003230826141
209382	0.003813249658
209383	0.001272370121
209384	0.0007164432163
209385	0.002641808469
209386	0.006581943658
209387	0.0009460146415
209388	0.001695726698
209389	0.0001312749043
209390	4.854699649e-05
209391	3.615088321e-05
209392	0.001079572229
209393	0.003551201187
209394	0.001490962761
209395	0.001922852828
209396	0.004115632993
209397	0.002932350911
209398	0.001464381014
209399	0.003678546918
209400	6.23359063e-05
209401	0.002508187923
209402	0.001353778039
209403	0.001480663326
209404	0.003303337823
209405	0.0001919541389
209406	0.0003652824443
209407	0.001895130706
209408	0.006211869138
209409	2.171333769e-05
209410	0.003014895607
209411	0.004606432234
209412	0.000721979531
209413	0.001248847279
209414	0.005217087745
209415	0.00148021669
209416	0.00423011187
209417	0.001720922258
209418	0.0006943409771
209419	0.001718603905
209420	0.003085700481
209421	0.004560467474
209422	0.0002413444884
209423	5.900973478e-05
209424	0.001283728859
209425	0.003471339676
209426	0.00103530755
209427	0.001583676404
209428	0.0002680490333
209429	0.005268987926
209430	0.001653316699
209431	0.002083088402
209432	0.0009210704109
209433	0.001848175582
209434	0.001951033723
209435	0.002173964361
209436	0.0002701482173
209437	0.004084505476
209438	0.002362696354
209439	0.001622446294
209440	0.001689072295
209441	0.003274327819
209442	0.003115431072
209443	0.0004159998362
209444	0.002065526002
209445	0.007662297641
209446	0.002022760521
209447	0.001334857174
209448	0.001699338354
209449	0.001060159151
209450	6.981877477e-05
209451	0.005320326146
209452	0.0001170902717
209453	0.002725272479
209454	0.0007280433699
209455	0.003556351152
209456	0.0008800340069
209457	0.003259679555
209458	0.003730963664
209459	0.001808454654
209460	0.001486294307
209461	0.003546547668
209462	0.0003572148915
209463	0.003616119808
209464	0.0005771535365
209465	0.001630215373
209466	0.001476292394
209467	0.005696499813
209468	0.001756193792
209469	0.002213569292
209470	0.006273133519
209471	0.002834568025
209472	0.002803527723
209473	0.0007195094391
209474	0.0001381799264
209475	0.002215714926
209476	0.002367776318
209477	0.005761490482
209478	3.632141376e-05
209479	0.0003937712476
209480	0.001644493141
209481	0.002570535119
209482	0.0006778842465
209483	0.004186707674
209484	0.0008494272242
209485	0.002973268844
209486	0.0001613501941
209487	0.003201717746
209488	0.000854221045
209489	0.004963418201
209490	0.004484500434
209491	0.001277098601
209492	0.001815979386
209493	0.0004925794368
209494	0.003490404547
209495	0.0004951579777
209496	0.0001436446361
209497	0.005434641368
209498	0.002048220583
209499	0.0004565544047
209500	0.0001043538699
209501	0.0009661597545
209502	0.002028965728
209503	0.0009580841304
209504	0.0001723956483
209505	0.002069261805
209506	0.003155383576
209507	0.007473454487
209508	0.001496386621
209509	0.0007670321008
209510	1.586583634e-05
209511	0.0005524016006
209512	0.002759114869
209513	0.0007610133219
209514	0.002285801359
209515	9.466845703e-05
209516	0.0005874943139
209517	0.000588474921
209518	0.001460250958
209519	0.001281370632
209520	0.002500857323
209521	0.0009072217511
209522	0.002434334032
209523	0.001812445055
209524	0.0009044253502
209525	0.00122118858
209526	0.00109295388
209527	0.0009232507342
209528	0.0008597722451
209529	0.002368382824
209530	0.0009915614842
209531	0.0007123457103
209532	0.006946468653
209533	0.001472899124
209534	0.0007586796103
209535	0.0007598465144
209536	0.004034457507
209537	0.002738989471
209538	8.304371488e-05
209539	0.002307372252
209540	0.0003899619852
209541	0.003951470487
209542	0.0003561994629
209543	0.0007003593223
209544	0.004738012937
209545	0.0005549400538
209546	0.001663124656
209547	0.001114858854
209548	0.004716384387
209549	0.0006493261925
209550	0.001001688341
209551	0.000186866377
209552	0.001413598764
209553	0.002226279217
209554	1.788936038e-05
209555	0.0005396151764
209556	6.976894983e-06
209557	0.000193577084
209558	0.0003811310701
209559	0.0004351974874
209560	0.0005942866654
209561	0.0004921031299
209562	0.0002858386859
209563	0.0006958776832
209564	0.0002232473358
209565	0.000308575818
209566	2.098360537e-05
209567	3.122242749e-05
209568	0.001091476465
209569	0.005534386908
209570	0.004223527923
209571	0.003158358923
209572	0.003337714247
209573	0.001345560756
209574	0.002717501662
209575	0.0006267631742
209576	0.0006126083418
209577	0.002343967621
209578	0.002165065068
209579	0.003632676776
209580	0.0009386039804
209581	0.003386645748
209582	0.003662231968
209583	0.002481085995
209584	0.0007952352565
209585	0.002892841597
209586	0.002152941956
209587	0.0006674905739
209588	0.001787099159
209589	0.0009528394731
209590	0.002800818999
209591	0.002088747697
209592	0.002209457812
209593	0.002395117258
209594	0.001484407573
209595	8.028544621e-05
209596	0.00115023537
209597	0.002014981878
209598	0.001727817944
209599	0.00214201211
209600	0.0004482626384
209601	0.002139567115
209602	0.002346776778
209603	0.002295173533
209604	0.00551100016
209605	0.002047427251
209606	0.007136375569
209607	0.004279863865
209608	0.0002263110021
209609	0.0005445147174
209610	0.0001476665442
209611	7.735300101e-05
209612	0.001765275614
209613	0.0002770251792
209614	0.008722996302
209615	0.00223475568
209616	0.002714649059
209617	0.001784668171
209618	0.002833473196
209619	0.001162351442
209620	0.006001977663
209621	0.001566080644
209622	0.0007504035894
209623	0.002441679054
209624	0.002395167863
209625	0.00186480541
209626	0.0007121820796
209627	0.0006949346899
209628	0.004428136042
209629	0.001585483651
209630	0.0001252173721
209631	0.0001058277854
209632	0.001323090531
209633	0.00100180528
209634	0.002117031391
209635	0.002598725514
209636	0.00136790319
209637	0.0014828552
209638	0.0006006139489
209639	0.001603770519
209640	0.0008555529009
209641	0.001557237071
209642	0.001919347947
209643	0.001151130627
209644	0.000618164998
209645	0.001033353753
209646	0.002300078169
209647	0.00246615382
209648	0.002615460062
209649	0.002547617171
209650	0.001310620897
209651	0.0006093964501
209652	0.0016971347
209653	0.003001996677
209654	9.092136072e-05
209655	0.0001091775083
209656	0.006060204118
209657	0.002123969806
209658	0.002652084775
209659	0.002264417756
209660	0.0007774781907
209661	0.001308218367
209662	0.001330012482
209663	4.855211449e-05
209664	0.001096671999
209665	0.0006805050395
209666	0.002936908606
209667	0.001185970754
209668	0.001469982214
209669	0.00350784665
209670	0.0007158378025
209671	0.0008079042397
209672	0.001766580579
209673	0.0002991497094
209674	5.261935571e-05
209675	0.0002377730002
209676	0.0005711048653
209677	0.0006841786688
209678	0.0002610341252
209679	0.005878742888
209680	0.003757784016
209681	0.001392293389
209682	0.001630036959
209683	0.0004001982279
209684	0.00602906371
209685	0.002166839344
209686	0.004417039162
209687	0.001443413602
209688	0.0001501140456
209689	0.006522647215
209690	0.00708440381
209691	0.000455255008
209692	0.0007159590129
209693	0.001374784763
209694	0.0003155043499
209695	0.001068229715
209696	0.0009950023965
209697	0.0003830340569
209698	0.0002771844584
209699	0.0007623457821
209700	0.0007471322886
209701	0.0006442331136
209702	0.001504121063
209703	0.001067250506
209704	0.002505801858
209705	0.0009154232608
209706	0.0001530771088
209707	0.003287115009
209708	0.001068200873
209709	0.001129528571
209710	0.002384086116
209711	0.001412488505
209712	0.001843034419
209713	0.004663600738
209714	0.004393625354
209715	0.002651878176
209716	0.001620687663
209717	9.585765554e-05
209718	0.0003864851604
209719	0.0002036963527
209720	0.0005306645029
209721	5.484509776e-05
209722	0.0001289504152
209723	0.0002308156408
209724	4.740260705e-05
209725	1.189747362e-05
209726	6.015458e-06
209727	6.941130697e-05
209728	4.534531303e-05
209729	0.0004718972181
209730	0.0006223311224
209731	2.724681309e-05
209732	0.0002439355181
209733	0.0004822319212
209734	0.0002371351342
209735	0.000839450252
209736	0.0008368370494
209737	2.698510792e-05
209738	0.0002508098266
209739	0.0001018307163
209740	1.409208091e-06
209741	0.0001194297737
209742	1.823507165e-05
209743	0.000945874151
209744	0.0006793312579
209745	6.675064007e-05
209746	7.597685669e-05
209747	0.0006333826839
209748	0.0001082535318
209749	0.0001049886326
209750	0.0002027125284
209751	0.0002257238982
209752	0.0001576184182
209753	0.0001057094847
209754	0.0001750113228
209755	0.004218203655
209756	0.0006867606492
209757	9.498424167e-06
209758	0.0002722241901
209759	0.0003437351658
209760	0.0001408606586
209761	1.655705656e-05
209762	0.0004367459272
209763	0.002305835309
209764	7.14120771e-05
209765	0.0003944332174
209766	4.108587403e-05
209767	0.0001623915628
209768	0.0004138216413
209769	0.0001104165743
209770	0.001048412512
209771	7.241299356e-05
209772	0.0001787142972
209773	0.0001379757836
209774	0.0001466888932
209775	1.084255657e-07
209776	0.0005522437537
209777	0.001020160247
209778	0.0003096692805
209779	0.0001308843517
209780	0.00162886631
209781	0.001510240379
209782	0.003818282809
209783	0.001017445119
209784	0.0004656505744
209785	0.00184497677
209786	0.003389041014
209787	0.0003272209251
209788	0.0007516510471
209789	0.000354256258
209790	0.001815253533
209791	0.003072757789
209792	0.00645319158
209793	0.006297686199
209794	0.002950419026
209795	0.004176560304
209796	0.001543920426
209797	0.001268764467
209798	0.001072637458
209799	0.002407889239
209800	0.002677428965
209801	0.002542460724
209802	0.002992463299
209803	0.005200853627
209804	0.0007299607474
209805	0.001471238731
209806	0.0002777732213
209807	0.002815291241
209808	0.0003250794939
209809	0.001398924075
209810	0.002362691159
209811	0.0003676223377
209812	0.0005948530015
209813	0.0002930055243
209814	0.002646860833
209815	0.0008001666972
209816	0.0006410617112
209817	0.00356582905
209818	0.002606849812
209819	0.005163850429
209820	0.003155677542
209821	0.002027929373
209822	0.00300078067
209823	0.004181322163
209824	0.0003148118751
209825	0.0007417832814
209826	0.0002341627449
209827	0.0005205417203
209828	0.0003115090635
209829	0.0004913312487
209830	0.002435964144
209831	0.002236271495
209832	0.0005186952631
209833	0.002549063977
209834	6.416224974e-06
209835	0.001498849515
209836	0.0008859237374
209837	0.001577203991
209838	0.00138269473
209839	0.001698194455
209840	0.002721374005
209841	0.003877929601
209842	0.00142153216
209843	0.001774209645
209844	0.004083545025
209845	0.0036562534
209846	9.071497685e-05
209847	0.005050817204
209848	0.0003576176122
209849	0.005506779358
209850	0.002716171972
209851	0.004331615354
209852	0.0003150859435
209853	0.001321710988
209854	0.001719881641
209855	0.0005813794299
209856	0.002433760357
209857	9.389988963e-06
209858	0.001874949617
209859	0.003997202477
209860	0.004157547309
209861	0.001325745612
209862	0.001606510561
209863	0.003548258599
209864	0.0006330194789
209865	0.00513392116
209866	0.0004359227595
209867	0.002695355689
209868	0.001658674413
209869	0.0006233064065
209870	0.004783736646
209871	0.001675041624
209872	0.005672881506
209873	0.002294428652
209874	0.005653625942
209875	0.004965154733
209876	0.0005939969463
209877	0.00385821795
209878	0.005623488761
209879	0.001490350183
209880	0.002437042725
209881	0.001241841829
209882	0.0005237339948
209883	0.003264619578
209884	0.00241769317
209885	0.0001858641712
209886	0.0002614334802
209887	0.0003182575776
209888	0.002513478376
209889	0.002823583009
209890	0.003497810462
209891	0.0007814046111
209892	0.001599245288
209893	0.0009733405049
209894	0.001654691977
209895	0.002168415202
209896	0.0004033687373
209897	0.002383876832
209898	0.001343116963
209899	7.427242931e-05
209900	0.0001926670841
209901	0.00107889362
209902	0.0002761149751
209903	0.002795820284
209904	0.001116317223
209905	0.0007338353142
209906	0.002378655247
209907	1.783136056e-05
209908	0.001251717684
209909	0.0003716153398
209910	0.0006081335501
209911	0.0001873463868
209912	0.0001821935486
209913	0.001052789583
209914	0.0001885254096
209915	0.0004622471527
209916	2.537956708e-05
209917	6.920214223e-05
209918	0.0002911627086
209919	3.851809784e-06
209920	2.561832915e-05
209921	0.0002454447185
209922	0.0001995129314
209923	2.190143278e-05
209924	6.263817943e-06
209925	0.0002511360609
209926	0.0001688960979
209927	0.0001890002898
209928	0.000749758117
209929	0.0002194872574
209930	0.0001616565597
209931	0.000223338383
209932	0.0003703997079
209933	0.002699881173
209934	0.000337426887
209935	0.0001026220975
209936	0.0003210521209
209937	0.0003222157149
209938	0.0005823616817
209939	0.0002508217277
209940	0.00173918897
209941	0.0002778290732
209942	0.001233516476
209943	5.800398995e-05
209944	0.003802719458
209945	0.005438693134
209946	0.003860255894
209947	0.005156643815
209948	0.006388414284
209949	0.005737652105
209950	0.001833787454
209951	0.006495215647
209952	0.001953703623
209953	0.0004787540108
209954	0.005551833138
209955	0.001102663289
209956	0.003453095274
209957	0.0003311059924
209958	0.006279301902
209959	0.003119253615
209960	0.007589252126
209961	0.005092759191
209962	0.006151135804
209963	0.0009922358234
209964	0.003239582339
209965	4.47097529e-07
209966	0.002287308228
209967	0.001782140861
209968	0.002242239196
209969	0.000325202448
209970	0.002409802129
209971	0.001533047969
209972	0.0005432074099
209973	0.002095447059
209974	0.001626838029
209975	0.0004249896787
209976	0.0001198315176
209977	0.0003590166977
209978	5.455242117e-05
209979	0.0009309950583
209980	0.00176249915
209981	0.0004136418401
209982	0.001044227806
209983	0.001861819682
209984	0.000419562809
209985	0.0003934599114
209986	0.001131445228
209987	0.0007898133467
209988	0.000193307294
209989	0.001249545766
209990	0.002184185385
209991	0.002408376079
209992	0.001420644346
209993	0.001399756157
209994	0.0002920371186
209995	0.00173634792
209996	0.0007046093322
209997	0.0004651663608
209998	0.001123715724
209999	0.0001000317126
210000	0.001751607209
210001	0.000169256782
210002	0.002863062604
210003	0.0001687438876
210004	0.001466943204
210005	9.444173604e-05
210006	0.0008627520812
210007	0.0009393828226
210008	0.0004563949878
210009	0.0006134502176
210010	0.002576287982
210011	0.000693645839
210012	9.613936493e-05
210013	0.002199595858
210014	0.002344714742
210015	0.0002070433173
210016	4.2987461e-06
210017	0.0002069485151
210018	0.001005389952
210019	5.281460418e-05
210020	0.001064795515
210021	0.001114410226
210022	0.0003179263673
210023	0.0004859551414
210024	0.001561580349
210025	8.463659013e-05
210026	0.00330682827
210027	0.0005758776602
210028	0.0007229182346
210029	0.002970701716
210030	0.0009365349051
210031	0.000555905975
210032	0.001143320675
210033	0.002282109246
210034	0.0006214993847
210035	0.0009088434213
210036	0.002121781023
210037	0.0002547233293
210038	0.001120309384
210039	0.003046393208
210040	0.00121896523
210041	0.002392639752
210042	0.0002147243023
210043	0.0005014537622
210044	0.00102114164
210045	0.0003581774247
210046	0
210047	0.001284468855
210048	0.0004892820481
210049	0.0001115320211
210050	0.0005779255958
210051	0.001200752761
210052	0.0009073495857
210053	0.001019000069
210054	0.001463248439
210055	0.0007777912529
210056	2.005826252e-05
210057	0.0004004486215
210058	0.0001336413405
210059	0.0002974238232
210060	0.0004663296245
210061	0.0001323915321
210062	0.0001707408827
210063	0.0004347085898
210064	0.001117384611
210065	8.081475641e-05
210066	0.0001077085712
210067	0.0006542289102
210068	0.0004164386424
210069	0.001087346844
210070	0.0002994469581
210071	0.000554750163
210072	0.0003188084238
210073	0.000659690955
210074	0.000126535419
210075	0.0005786748215
210076	0.0009929711334
210077	7.950977099e-05
210078	2.19385794e-07
210079	0.00072788011
210080	0.0005384545004
210081	0.0005929568027
210082	0.0001023466689
210083	0.0001434746746
210084	0.002559288227
210085	0.004807275802
210086	0
210087	0.003841605736
210088	0.001750537464
210089	0.00259904267
210090	0.00181223481
210091	0.001863016296
210092	0.0002193688317
210093	0.001035560815
210094	0.004427194003
210095	0.003389187163
210096	0.0005375854592
210097	0.0002174390545
210098	0.003852037237
210099	0.002657283412
210100	0.0003630491753
210101	0.001604431372
210102	0.0004906866976
210103	0.002221522084
210104	0.004527742118
210105	0.0005819360327
210106	0.0006989209217
210107	0.0007170885399
210108	0.001124906767
210109	0.001779561776
210110	0.002800068831
210111	0.0001384685457
210112	0.0005573786011
210113	0.0003205658948
210114	0.0001203599293
210115	0.002208634337
210116	0.0006722998977
210117	0.003208746078
210118	0.002182655901
210119	0.002465129181
210120	0.001343423708
210121	0.002017838959
210122	0.003730515867
210123	0.001714262953
210124	0.001421756306
210125	0.0001500801304
210126	0.001310019898
210127	0.00128431157
210128	0.002337637863
210129	0.00241097928
210130	0.0003897949331
210131	0.001942465805
210132	0.0002571218452
210133	0.0008552158528
210134	0.002508090903
210135	0.0002183502103
210136	0.001365860995
210137	0.0002209540752
210138	0.0002976535645
210139	0.0005397941656
210140	0.0001350832115
210141	0.003022557141
210142	0.003196265654
210143	0.002693846496
210144	0.001886363639
210145	0.001812408413
210146	0.001473820797
210147	0.001724773966
210148	0.003771583242
210149	0.004112509016
210150	0.004831023928
210151	0.00256408606
210152	0.001720652722
210153	0.001001532822
210154	0.00139881861
210155	0.001205996555
210156	0.0008822855255
210157	8.92126969e-05
210158	0.002208254304
210159	0.001883629903
210160	0.0009818612279
210161	3.186621414e-05
210162	4.187140911e-05
210163	0.0007497337587
210164	0.000243396605
210165	0.002799307711
210166	0.0006017695025
210167	0.001259663432
210168	0.002867051304
210169	0.0001337275329
210170	0.0005120324805
210171	0.0001444656622
210172	0.002330496543
210173	0.0004775112398
210174	0.001521130485
210175	0.001031125923
210176	0.001524321976
210177	0.003865860313
210178	6.840385995e-05
210179	0.002385617519
210180	0.002801224265
210181	0.002786210224
210182	0.0008341829516
210183	0.001461702156
210184	0.0003565501865
210185	0.0008506162512
210186	0.003283461186
210187	0.000965933322
210188	0.00181094062
210189	0.001165245349
210190	0.0003474421045
210191	0.0003764365467
210192	0.00122138546
210193	0.0004829371191
210194	0.0007605724829
210195	0.001842525032
210196	0.001117694157
210197	0.0008428610233
210198	2.130924252e-05
210199	0.000598456015
210200	0.003301661479
210201	0.000770834577
210202	0.0006018836385
210203	0.0007215118546
210204	0.005161832226
210205	0.0006229647896
210206	0.001675796674
210207	0.005607918056
210208	0.0005679914266
210209	9.430658556e-05
210210	0.0009963983774
210211	0.001055867464
210212	0.001514982998
210213	0.0003709784847
210214	0.003243739961
210215	0.001271224923
210216	0.006370017661
210217	0.002930436411
210218	0.00111554725
210219	0.0008042795648
210220	0.0008389692663
210221	0.0006142444398
210222	0.002762120482
210223	0.001214070742
210224	0.000282998952
210225	0.00139260967
210226	0.004397655557
210227	0.0005329816045
210228	0.002399994658
210229	0.00138962381
210230	0.004975836827
210231	0.001998048652
210232	0.0003715501416
210233	0.004853115455
210234	0.001558964016
210235	0.003211762294
210236	0.001282444879
210237	0.0002620450272
210238	0.0001822225328
210239	0.001424533581
210240	0.0002579178797
210241	0.001886167543
210242	0.001166493125
210243	0.0007239643369
210244	0.001324068619
210245	0.001947381784
210246	0.003600265473
210247	0.001393872529
210248	0.000283478759
210249	0.001609136261
210250	0.0053280205
210251	0.0009305757714
210252	0.003797720244
210253	0.001125945954
210254	0.003660778913
210255	0.001552291858
210256	0.00360522481
210257	0.004891750741
210258	0.00253622728
210259	0.001152996083
210260	0.002372070916
210261	0.002244469522
210262	0.003414387827
210263	0.0003953076904
210264	0.002124761543
210265	0
210266	0.00177257332
210267	0.003452830786
210268	0.0002261365364
210269	0.0003409484604
210270	0.002390083513
210271	0.001367634075
210272	0.00125434884
210273	0.0002164239102
210274	7.265775987e-08
210275	1.432688214e-08
210276	0.002709587578
210277	0.004640034006
210278	0.004887564905
210279	0.004922591009
210280	0.00448580565
210281	0.004593695073
210282	0.004568235075
210283	0.004805223293
210284	0.004642561535
210285	0.004414482443
210286	0.004198602652
210287	0.004661404256
210288	0.005021063219
210289	0.005019910602
210290	0.005026510829
210291	0.005028055216
210292	0.004730992019
210293	0.004443168524
210294	0.004522345613
210295	0.004621379455
210296	0.004931851763
210297	0.004840134281
210298	0.005004070049
210299	0.004950059534
210300	0.005026894048
210301	0.00403973498
210302	0.004706210252
210303	0.004499251296
210304	0.004895936186
210305	0.005007960749
210306	0.004999968355
210307	0.004810111262
210308	0.004717953257
210309	0.004609995181
210310	0.005034164711
210311	0.004408603181
210312	0.004956509888
210313	0.004664293816
210314	0.004740972232
210315	0.004148429207
210316	0.004766884615
210317	0.005179711632
210318	0.005034571887
210319	0.004440534888
210320	0.004162529096
210321	0.004893472553
210322	0.0008638639783
210323	0.0005663139334
210324	0.0004307058524
210325	0.0004173890534
210326	0.0004331399394
210327	0.0005472263148
210328	0.0008829494171
210329	0.0005512026303
210330	0.0003156340081
210331	0.0004222505887
210332	0.0002682932134
210333	0.0003934751131
210334	0.0004208471611
210335	0.001044642533
210336	0.0007064853175
210337	0.0004316873399
210338	0.0008551489888
210339	0.0006315042445
210340	0.0006555127608
210341	0.0004633936372
210342	0.0003822440008
210343	0.0004251500479
210344	0.0003064673762
210345	0.0004691845828
210346	0.0004348357503
210347	0.0004548985366
210348	0.0004281556598
210349	3.457762689e-05
210350	0.000152487371
210351	0.0005574564447
210352	0.001177529398
210353	0.0007967335125
210354	0.0003280526942
210355	0.0003386850361
210356	0.0001085059043
210357	0.0007682682398
210358	0.000846664173
210359	0.0002925554261
210360	0.001400854113
210361	0.003129909685
210362	0.001925133459
210363	0.002868254589
210364	0.003052603782
210365	0.002899198769
210366	0.002700996868
210367	0.001514220521
210368	0.003358764193
210369	0.003136583041
210370	0.003240148866
210371	0.00246603489
210372	0.002525462268
210373	0.002882677727
210374	0.002972110731
210375	0.00249493603
210376	0.002895938094
210377	0.002567529097
210378	0.002496266516
210379	0.002527088981
210380	0.002779580154
210381	0.002431631487
210382	0.00186968654
210383	0.002707015872
210384	0.00299216145
210385	0.004173610274
210386	0.003109034365
210387	0.002233164962
210388	0.003640164932
210389	0.002882152491
210390	0.003225701692
210391	0.003222589708
210392	0.003413837657
210393	0.002951879374
210394	0.001812231153
210395	0.002772668339
210396	0.003656583822
210397	0.002781045197
210398	0.002583986924
210399	0.002589304229
210400	0.002760064405
210401	0.002583380521
210402	0.00278264771
210403	0.002869775482
210404	0.002216200145
210405	0.002666894793
210406	0.001826981164
210407	0.003878193371
210408	0.002641923533
210409	0.003481407284
210410	0.002816247237
210411	0.0003705362185
210412	0.0007157484261
210413	0.001003087376
210414	0.0007881383841
210415	0.001176592266
210416	0.001150521235
210417	0.00138054521
210418	0.0003108868801
210419	0.0009521061818
210420	0.001160068557
210421	0.001046121604
210422	0.001497486313
210423	0.001571202296
210424	0.0021288804
210425	0.002260663604
210426	0.002091217394
210427	0.001964284747
210428	0.001924946857
210429	0.002204753268
210430	0.001880264276
210431	0.001877525994
210432	0.001138476701
210433	0.0003000451402
210434	0.001819169106
210435	0.00161633698
210436	0.001149133812
210437	0.00150342579
210438	0.001339014249
210439	0.001996947709
210440	0.001295634817
210441	2.077774707e-05
210442	0.001367356169
210443	0.001986691824
210444	0.002834383596
210445	0.0006935362085
210446	0.001879479567
210447	0.001918019573
210448	0.001808048104
210449	0.001964339696
210450	0.001939229269
210451	0.001803890739
210452	0.001401141759
210453	0.002371165325
210454	0.00244885624
210455	0.002401375452
210456	0.001975196319
210457	0.002395284981
210458	0.00192431492
210459	0.001993843574
210460	0.002032761292
210461	0.001959258956
210462	0.001972255871
210463	0.002331406428
210464	0.000170219366
210465	0.0001008219962
210466	0.0003066632986
210467	0.0005401451993
210468	0.0004478328465
210469	0.0003386087199
210470	8.399693239e-05
210471	0.0003695610836
210472	0.0002800032074
210473	0.0001275338542
210474	0.000158799243
210475	0.0001854898861
210476	0.000375797754
210477	0.002366786533
210478	0.002339953261
210479	0.001540466748
210480	0.002410267884
210481	0.0009926452475
210482	0.002072421663
210483	0.002320478038
210484	0.002939295121
210485	0.002313096067
210486	0.002369623452
210487	0.002759161347
210488	0.00259550359
210489	0.002393954603
210490	0.002422788802
210491	0.002261783349
210492	0.002410158393
210493	0.002658477288
210494	0.004283999829
210495	0.001419286857
210496	0.0008813019055
210497	0.0020473002
210498	0.0007909197912
210499	0.001202813117
210500	0.001397210988
210501	0.00184375104
210502	0.00168247977
210503	0.001408548635
210504	0.001601199094
210505	0.001098062396
210506	0.002450329286
210507	0.001089164182
210508	0.0002859694373
210509	0.001510202855
210510	0.0009346236814
210511	2.248732104e-06
210512	0.0003175462435
210513	0.0004485373546
210514	0.0002653675643
210515	0.0002722416558
210516	0.001181453327
210517	0.0001367562944
210518	2.102852446e-05
210519	0.000162894812
210520	0.0008510994006
210521	0.0004880002843
210522	0.0001609378645
210523	6.342997247e-05
210524	0.000163546981
210525	0.000533737744
210526	0.0004723094972
210527	0.0002746328331
210528	0.0005407377131
210529	0.001506133319
210530	0.0002248935202
210531	0.002144646384
210532	0.0002527156213
210533	0.0005603351561
210534	0.0005990084326
210535	0.0006996004969
210536	0.0005987200585
210537	0.0002267342032
210538	0.0001352100762
210539	0.0004008238735
210540	0.0003987562024
210541	0.000588358324
210542	7.294395487e-05
210543	0.0004459441361
210544	0.0003589335787
210545	9.572734477e-05
210546	0.00102262436
210547	0.0003216662686
210548	0.0004272925664
210549	0.0005896932816
210550	0.0002045487665
210551	0.0003648410011
210552	0.0003778491685
210553	0.0006474304796
210554	0.0003142836842
210555	0.0002134478914
210556	0.0005580498858
210557	0.0004908346616
210558	0.000388455418
210559	0.0001408872362
210560	0.0001462725047
210561	0.00043052874
210562	0.0006309303
210563	2.620506032e-06
210564	0.0004978903959
210565	0.0009869468888
210566	0.001101124853
210567	0.0002070598792
210568	0.001903266037
210569	0.00109046185
210570	0.001466492982
210571	0.0005004883646
210572	0.00109119106
210573	1.316702612e-05
210574	0.0005353610892
210575	0.0008107384198
210576	0.0004810321767
210577	0.0004805222592
210578	0.000504126423
210579	0.0005854105742
210580	0.0004895509441
210581	0.0005209302041
210582	0.0002349515827
210583	0.0001983034134
210584	0.0004940028833
210585	0.0005412315376
210586	0.0004629995467
210587	0.0005755733886
210588	0.0005127507484
210589	0.0004458835311
210590	0.0005611726968
210591	0.001140320911
210592	0.0005394306234
210593	0.003321548025
210594	0.002058952534
210595	0.001655265371
210596	0.001115496582
210597	0.001570321422
210598	0.001912309943
210599	0.001898941895
210600	0.001803719139
210601	0.002006915692
210602	0.001733845801
210603	0.002809175064
210604	0.002165929036
210605	0.001649682013
210606	0.0008991847906
210607	0.001968133384
210608	0.001737627928
210609	0.001171861527
210610	0.00130272826
210611	0.001513017297
210612	0.001458181671
210613	0.0002292821831
210614	0.001300687856
210615	0.001518516564
210616	0.001798331602
210617	0.001653452459
210618	0.001544162402
210619	0.001799854406
210620	0.001876988809
210621	0.00162769307
210622	0.001635182615
210623	0.002353567014
210624	0.0007628363321
210625	0.0005374870104
210626	0.001169331643
210627	0.001231725445
210628	0.00176846049
210629	0.001583131274
210630	0.001675029903
210631	0.001552403572
210632	0.001729891469
210633	0.001517511351
210634	0.001761654427
210635	0.005176960162
210636	0.003071405373
210637	0.001753450538
210638	0.001594752267
210639	0.0002599754462
210640	0.0003884449033
210641	0.000917170739
210642	0.0003919013884
210643	0.0005656057818
210644	0.00387963653
210645	0.005427965698
210646	0.0009938057207
210647	0.002402486973
210648	0.001773411925
210649	0.0004976325863
210650	0.003818899565
210651	0.0001361006143
210652	0.001152440275
210653	0.0009994053492
210654	0.001924998214
210655	0.001599516568
210656	0.001474148979
210657	0.0008120996621
210658	0.001173001515
210659	0.0005768317634
210660	0.0003323831665
210661	0.0006807858387
210662	0.001689553278
210663	0.002836749955
210664	0.0007556660311
210665	0.003785111432
210666	0.001743524525
210667	0.0003517140907
210668	0.0003847565615
210669	0.0008219798679
210670	0.001466792645
210671	0.0007148134281
210672	0.000915786527
210673	0.002805460139
210674	0.0008578292328
210675	0.006106618271
210676	0.001895454598
210677	0.00140472158
210678	0.0008295396751
210679	0.006275562921
210680	0.001394447714
210681	0.00119831808
210682	0.002604903123
210683	0.001660641315
210684	0.0003710087262
210685	0.004311625173
210686	0.001818587287
210687	0.00113000434
210688	0.001361436131
210689	0.002267318886
210690	0.0006466496495
210691	0.0004219338401
210692	0.001437073656
210693	0.001073866587
210694	0.001627675822
210695	0.004209189606
210696	0.001201876066
210697	0.001979696698
210698	0.001563769527
210699	0.0005053841163
210700	0.0005002572545
210701	0.001699306237
210702	0.0009021082327
210703	0.003502635065
210704	0.001170996891
210705	0.004307701866
210706	0.003680155339
210707	0.004403551519
210708	0.002123102628
210709	0.002563513897
210710	0.005027991484
210711	0.001498236362
210712	0.001501775432
210713	0.001294130008
210714	0.0006832384773
210715	0.001961717868
210716	0.0006306139633
210717	0.0001660367844
210718	0.002098829635
210719	0.004841765601
210720	0.001285148809
210721	0.002089239282
210722	0.001222780927
210723	0.0008997888815
210724	0.001903888151
210725	0.002002322163
210726	0.0005738712843
210727	0.003985215741
210728	0.0006044477134
210729	0.001073776489
210730	0.0005941701862
210731	0.0007759157517
210732	0.001329343831
210733	0.0003733320258
210734	0.001944551051
210735	0.002372143955
210736	0.000125495629
210737	0.002332266482
210738	0.001741170368
210739	0.0004484515484
210740	0.00134591412
210741	0.0009409575029
210742	0.00120480084
210743	0.001371974663
210744	0.001424561299
210745	0.001246279071
210746	0.00132834447
210747	0.001265298218
210748	0.001151748873
210749	0.001404354506
210750	0.001375482123
210751	0.001335055207
210752	0.001266197687
210753	0.001281857132
210754	0.001344420213
210755	0.001323158426
210756	0.001303679374
210757	0.001439724817
210758	0.001387361311
210759	0.001067807716
210760	0.001270568852
210761	0.001066404881
210762	0.001131591731
210763	0.001226208121
210764	0.001167253124
210765	0.001086429784
210766	0.001336915994
210767	0.001223486139
210768	0.001243304709
210769	0.001278769441
210770	0.001424234495
210771	0.00137276398
210772	0.001395134196
210773	0.001319616679
210774	0.00148823047
210775	0.001270713603
210776	0.001316626748
210777	0.001298552309
210778	0.001401754398
210779	0.00123389394
210780	0.002120880199
210781	0.002125090321
210782	0.002167613754
210783	0.002305964292
210784	0.002716624333
210785	0.001938857764
210786	0.002028252119
210787	0.001953941754
210788	0.001994167327
210789	0.001690188134
210790	0.002233634269
210791	0.002042314991
210792	0.001930829764
210793	0.001807682495
210794	0.002764702644
210795	0.002143825169
210796	0.001872958687
210797	0.001964940047
210798	0.001323892164
210799	0.003015517195
210800	0.001179643476
210801	0.001886797371
210802	0.001693267675
210803	0.00195553545
210804	0.001920857105
210805	0.002527493649
210806	0.002183785439
210807	0.002342025293
210808	0.001855431835
210809	0.001885403464
210810	0.001935971277
210811	0.002142006858
210812	0.0003935456795
210813	0.001962883637
210814	0.001353149103
210815	0.002081006379
210816	0.001415952901
210817	0.0006382140274
210818	0.001819657545
210819	0.001780729009
210820	0.003080861546
210821	0.001988180196
210822	0.001647764414
210823	0.001482925113
210824	0.00129505309
210825	0.00135832459
210826	0.0001220899767
210827	0.001873274465
210828	0.001751581449
210829	0.00153190048
210830	0.002177664869
210831	0.002548890025
210832	0.00121017503
210833	0.002089761284
210834	0.001555506553
210835	0.001477203584
210836	0.001378264288
210837	0.001425968594
210838	0.001766933477
210839	0.001767676076
210840	0.001575498509
210841	0.0002847380881
210842	0.001609252697
210843	0.0006318333525
210844	0.001525000752
210845	0.001246898627
210846	0.0005787829723
210847	0.002036899766
210848	0.001902051224
210849	0.001017418393
210850	0.0008872330882
210851	0.001278773973
210852	0.001750688453
210853	0.002413345614
210854	0.001116384779
210855	0.001741787366
210856	0.004621000149
210857	0.005047272768
210858	0.004867819863
210859	0.004362159858
210860	0.005012975928
210861	0.005108320354
210862	0.004586242188
210863	0.004596547574
210864	0.004371763885
210865	0.004258561589
210866	0.004609308154
210867	0.004720851234
210868	0.004803038852
210869	0.004211600416
210870	0.004537688572
210871	0.004711790075
210872	0.004926957954
210873	0.004707292294
210874	0.004239958456
210875	0.004162633063
210876	0.004008180066
210877	0.004758457993
210878	0.004918337535
210879	0.004736094081
210880	0.004701916182
210881	0.005041567278
210882	0.004454720422
210883	0.004365430251
210884	0.003025003836
210885	0.003734540113
210886	0.004841233269
210887	0.00383484188
210888	0.004511154771
210889	0.004571788339
210890	0.004610657006
210891	0.004778442328
210892	0.004682240031
210893	0.003786392666
210894	0.004768126812
210895	0.00428837508
210896	0.00448255348
210897	0.00453625664
210898	0.004582604322
210899	0.002929643771
210900	0.00347801166
210901	0.002604250906
210902	0.003454245989
210903	0.003198568464
210904	0.003860116579
210905	0.002119906484
210906	0.003354889389
210907	0.003003964528
210908	0.0005455984385
210909	0.003582354523
210910	0.003000088117
210911	0.001548389878
210912	0.003535244452
210913	0.003151177223
210914	0.003323378197
210915	0.002315535045
210916	0.003573730266
210917	0.003306837193
210918	0.002995241772
210919	0.002649919803
210920	0.003814049465
210921	0.003144783595
210922	0.003433087772
210923	0.003463373308
210924	0.002898062635
210925	0.003131827517
210926	0.003198552316
210927	0.00382838439
210928	0.003439951805
210929	0.002108963365
210930	0.002130824129
210931	0.0004280261794
210932	0.00364868061
210933	0.002569650004
210934	0.002821556196
210935	0.002682117972
210936	0.00268279828
210937	0.002829973075
210938	0.002900020357
210939	0.002225173172
210940	0.00253374995
210941	0.003072312884
210942	0.002477142587
210943	0.001939236661
210944	0.002690926432
210945	0.002715908983
210946	0.002245531332
210947	0.002868699872
210948	0.002338591725
210949	0.002754573908
210950	0.002731148168
210951	0.00257735698
210952	0.001718110269
210953	0.0007531618269
210954	0.0008217379535
210955	0.001837753348
210956	0.002002389482
210957	0.002597305726
210958	0.0009996667864
210959	0.002721351487
210960	0.001019371071
210961	0.002242344981
210962	0.001079123113
210963	0.001271480601
210964	0.0007740122096
210965	0.001593448625
210966	0.003469455171
210967	0.001964523949
210968	0.002119441919
210969	0.001555659668
210970	0.001734833819
210971	0.001297797054
210972	0.001624951898
210973	0.001427761323
210974	0.001486562434
210975	0.001831737726
210976	0.001815298818
210977	0.0005242121778
210978	0.0009474511235
210979	0.001519098113
210980	0.00254721679
210981	0.0009333301287
210982	0.002792210275
210983	0.002335544051
210984	0.002282014303
210985	0.002544569514
210986	0.002485920903
210987	0.001968428962
210988	0.002527703952
210989	0.002197757024
210990	0.00247513067
210991	0.002205434524
210992	0.002148120451
210993	0.002288301398
210994	0.002212279411
210995	0.002469652483
210996	0.002219176745
210997	0.00225576363
210998	0.002002015753
210999	0.0003269718758
211000	0.001990183528
211001	0.001969592827
211002	0.001163959382
211003	0.002624860319
211004	0.0016076009
211005	0.001890820897
211006	0.002711718609
211007	0.002094450598
211008	0.002431219775
211009	0.002449099471
211010	0.00221437436
211011	0.001601963443
211012	0.002426088888
211013	0.002280769592
211014	0.00272460312
211015	0.002474688158
211016	0.002372283018
211017	0.002443826698
211018	0.002180322685
211019	0.001596144557
211020	0.00154054041
211021	0.001374504243
211022	0.002225312427
211023	0.002747391239
211024	0.002677913346
211025	0.002271484588
211026	0.002316658871
211027	0.002649322222
211028	0.003230400414
211029	0.002482442031
211030	0.002307288464
211031	0.002183231102
211032	0.002272766032
211033	0.002830516296
211034	0.001779963708
211035	0.002688287467
211036	0.002753710171
211037	0.002203474512
211038	0.00189753089
211039	0.002145907391
211040	0.002149209354
211041	0.00164459356
211042	0.001281665359
211043	0.00195812636
211044	0.001939044398
211045	0.002647462078
211046	0.002158414228
211047	0.002900723439
211048	0.002112675841
211049	0.002644184954
211050	0.001806703186
211051	0.002225356549
211052	0.002912834606
211053	0.003085173675
211054	0.001526292709
211055	0.00223836571
211056	0.00184977563
211057	0.002277159296
211058	0.001921548013
211059	0.001554663481
211060	0.0009792217805
211061	0.001888504619
211062	0.001560833806
211063	0.0009625274294
211064	0.001997137978
211065	0.001604040305
211066	0.0003490158786
211067	0.00214154422
211068	0.002203742556
211069	0.002665565628
211070	0.002146527324
211071	0.0009548609974
211072	0.001459620571
211073	0.001655417978
211074	0.002174898415
211075	0.001817091682
211076	0.001909038213
211077	0.002858447474
211078	0.001702552206
211079	0.001926555339
211080	0.0004684954059
211081	0.0005547763017
211082	4.646039412e-05
211083	0.0007639226581
211084	0.0003507543699
211085	0.0002195901478
211086	0.0001998340783
211087	0.0007488619215
211088	0.001057393563
211089	0.0001559821259
211090	0.0001253963849
211091	0.0002825597327
211092	0.0002846093702
211093	0.0001463504677
211094	0.0003013936333
211095	0.0001935192621
211096	0.002623101717
211097	6.027893861e-05
211098	0.0007484524236
211099	0.001605355528
211100	0.000428043231
211101	0.0003534554672
211102	9.570800673e-05
211103	0.0003033064854
211104	0.002280075856
211105	0.001204717456
211106	0.0003749948522
211107	0.002098271556
211108	0.002455799382
211109	0.002451267284
211110	0.002428426746
211111	0.002104977611
211112	0.001939957795
211113	0.001898846202
211114	0.002441894729
211115	0.002178632818
211116	0.002660620396
211117	0.002317235691
211118	0.002187451641
211119	0.002469790079
211120	0.00147324801
211121	0.002512076502
211122	0.0008006260276
211123	0.002403867746
211124	0.002066981338
211125	0.002257499828
211126	0.002443975997
211127	0.002309745755
211128	0.00295063712
211129	0.002074386484
211130	0.002607616337
211131	0.002033647656
211132	0.002389540918
211133	0.002394216386
211134	0.001574599918
211135	0.002304619221
211136	0.002080274438
211137	0.002334621383
211138	0.00261143527
211139	0.002494442267
211140	0.002052495054
211141	0.002479145228
211142	0.002737662366
211143	0.0017904155
211144	0.002328575539
211145	0.0009376908035
211146	0.0003645850747
211147	0.0006288277326
211148	0.0005500504878
211149	0.001247643631
211150	0.0005122980599
211151	0.0004257884734
211152	0.0008962941258
211153	0.0007536568598
211154	0.0007585734829
211155	0.001734773577
211156	0.0007693763997
211157	0.0003222515993
211158	0.0004469482256
211159	0.0007866593147
211160	0.0007832104328
211161	0.001019300589
211162	0.001302036528
211163	0.00143523812
211164	0.001175722916
211165	0.0005068588315
211166	0.001387298069
211167	0.0003202612657
211168	0.0006843644221
211169	0.001264648089
211170	0.0005658838629
211171	0.001012806702
211172	0.001185294841
211173	0.0009105511596
211174	0.0005987582228
211175	0.0005552183366
211176	0.001017487051
211177	0.0003122680032
211178	0.000991121861
211179	0.00108748345
211180	0.002145008096
211181	0.0008086111205
211182	0.0017330332
211183	0.00172424657
211184	0.001941991994
211185	0.00217172621
211186	0.001806129941
211187	0.001930425545
211188	0.0005472462838
211189	0.001555529431
211190	0.00173945856
211191	0.001821385869
211192	0.001346032567
211193	0.001719044189
211194	0.002241921489
211195	0.001882640202
211196	0.002344548138
211197	0.002371044468
211198	0.001810776006
211199	0.002168710266
211200	0.002257756718
211201	0.002123147816
211202	0.002234207187
211203	0.001845222546
211204	0.001227168707
211205	0.001632979349
211206	1.508152561e-05
211207	0.001543232694
211208	0.001796123686
211209	0.002000324656
211210	0.00146538165
211211	0.0004189537767
211212	0.001206739627
211213	0.003668447377
211214	0.001530333341
211215	0.001809123313
211216	0.001666486371
211217	0.001232898879
211218	0.001673483127
211219	0.001007191597
211220	0.0009685702699
211221	0.0009876250286
211222	0.000903017682
211223	0.0008759014977
211224	0.00107035926
211225	0.0007123425547
211226	0.0008781143082
211227	0.001010729208
211228	0.0008817866808
211229	0.0008794638509
211230	0.0008271343788
211231	0.0005183768816
211232	0.0008932937189
211233	0.0007037483013
211234	0.0009907359655
211235	0.0009605678524
211236	0.0007695080819
211237	0.00100087866
211238	0.0008351063931
211239	0.0008725980026
211240	0.0004869914911
211241	0.001016608218
211242	0.0006646311156
211243	0.0007781375674
211244	0.001124773987
211245	0.0009190098872
211246	0.0001943038279
211247	0.001033012657
211248	0.0008800607578
211249	0.0009478152109
211250	0.0008875692937
211251	0.001205226344
211252	0.001166079431
211253	0.00116781387
211254	0.001063910138
211255	0.0009637327742
211256	0.001884392016
211257	0.0008645720636
211258	0.000961795179
211259	0.0008581362414
211260	0.001163707878
211261	0.00100957897
211262	0.0009197176598
211263	0.0006267919267
211264	0.001135496421
211265	0.00108782958
211266	0.001073921618
211267	0.000776188744
211268	0.001052531032
211269	0.001134295444
211270	0.0004963688052
211271	0.0009896131369
211272	0.001101936553
211273	0.000898170183
211274	0.0009396297471
211275	0.0008576314898
211276	0.001625533501
211277	0.0005997575986
211278	0.00156058126
211279	0.001351085913
211280	0.001673493567
211281	0.001390608708
211282	0.002178064562
211283	0.001569687224
211284	0.0007965804528
211285	0.001218657457
211286	0.001185835162
211287	0.001323437369
211288	0.00148654772
211289	0.001492728195
211290	0.001547368595
211291	0.001491207877
211292	0.002028134426
211293	0.0002945867722
211294	6.595652371e-05
211295	0.001849103417
211296	0.0005564461816
211297	0.001046152885
211298	0.00106946423
211299	0.001530297427
211300	0.001390189384
211301	0.001581314191
211302	0.001296431398
211303	0.001958764246
211304	0.001723808763
211305	0.002277767777
211306	0.001755117252
211307	0.001385002303
211308	0.001571951176
211309	0.0009133923738
211310	0.001115699169
211311	0.001432668572
211312	0.00157759588
211313	0.001438852693
211314	0.0003783866874
211315	8.446568943e-05
211316	0.0004575928791
211317	0.0004151654851
211318	0.0004208145581
211319	0.0003373646761
211320	0.0003605871129
211321	0.000654622957
211322	0.0006500686551
211323	0.0001073986641
211324	0.0005939494951
211325	0.0003959781594
211326	0.0004693584254
211327	0.0004156735545
211328	0.0005140563279
211329	0.000560512722
211330	0.0003982193695
211331	0.0004658847212
211332	0.0004584875774
211333	0.0002916955299
211334	0.0003880989608
211335	0.0001166765998
211336	0.0004915525733
211337	0.0009377231038
211338	0.0003618091844
211339	0.0004472214863
211340	0.002046300852
211341	0.0009727309458
211342	0.001919003411
211343	0.001918495876
211344	0.001365872592
211345	0.001888431549
211346	0.002204479179
211347	0.002112758009
211348	0.001876310497
211349	0.00205945016
211350	0.001712934711
211351	0.001693380241
211352	0.002055392783
211353	0.00338532732
211354	0.003094304395
211355	0.001781540109
211356	0.00182235138
211357	0.002031530657
211358	0.001996480455
211359	0.002085552531
211360	0.001907664121
211361	0.00161599187
211362	0.002037606276
211363	0.001836063707
211364	0.002018070772
211365	0.001875267962
211366	0.001981722569
211367	0.001891890989
211368	0.001951545204
211369	0.002175901582
211370	0.001954029699
211371	0.001208910966
211372	0.0002009347011
211373	0.001772876004
211374	0.001605373999
211375	0.001858187402
211376	0.001527390761
211377	0.001633627977
211378	0.001832170406
211379	0.001085331349
211380	0.00162771806
211381	0.001686718658
211382	0.001974825039
211383	0.001671838943
211384	0.00200551609
211385	0.001761063451
211386	0.001701503119
211387	0.001550286336
211388	0.001824740493
211389	0.001690604422
211390	0.001176126383
211391	0.001362857427
211392	0.001504044195
211393	0.001142277279
211394	0.001680618068
211395	0.00173892457
211396	0.001887726557
211397	0.002071098113
211398	0.001774281013
211399	0.001661884697
211400	0.001683579048
211401	0.001867262716
211402	0.002001211391
211403	0.001751652988
211404	0.001888851906
211405	0.001801528554
211406	0.001961659569
211407	0.00166140657
211408	0.001540593413
211409	0.00223449248
211410	0.001716561456
211411	0.001648769
211412	0.001767614363
211413	0.00187699395
211414	0.001762337799
211415	0.001897825662
211416	0.002157466046
211417	0.00193353762
211418	0.0008744744725
211419	0.001780918692
211420	0.001014068193
211421	0.00180937707
211422	0.001819273187
211423	0.001919220662
211424	0.001678806347
211425	0.00158011634
211426	0.001565242383
211427	0.001464929807
211428	0.001874544777
211429	0.002284638006
211430	0.00183427862
211431	0.002286363496
211432	0.001475778044
211433	0.002168011773
211434	0.00191581389
211435	0.001760108202
211436	0.001895355645
211437	0.001709431454
211438	0.001711678327
211439	0.001929635114
211440	0.001739328139
211441	0.001820398917
211442	0.002025798227
211443	0.001897920166
211444	0.001833375918
211445	0.00189289556
211446	0.0009590408825
211447	0.002357733602
211448	0.001507936264
211449	0.001677475221
211450	0.00191612666
211451	0.001907019915
211452	0.001888113538
211453	0.001855495152
211454	0.001892358434
211455	0.002227142878
211456	0.001903704447
211457	0.002102280404
211458	0.002176839757
211459	0.002239159557
211460	0.002449333564
211461	0.002412475123
211462	0.002758456929
211463	0.002002032952
211464	0.002013741465
211465	0.002291218904
211466	0.001974644674
211467	0.00152853825
211468	0.00198619616
211469	0.001781359014
211470	0.002480812566
211471	0.002102000895
211472	0.00178263863
211473	0.002615251711
211474	0.002728287781
211475	0.002646404507
211476	0.002379304067
211477	0.002653055262
211478	0.002119877402
211479	0.002280331756
211480	0.002436161437
211481	0.00188031347
211482	0.00196381324
211483	0.002148338703
211484	0.001416706493
211485	0.00213402749
211486	0.002260183513
211487	0.002368265625
211488	0.002509056106
211489	0.001743831265
211490	0.001516844816
211491	0.001941478482
211492	0.002555864283
211493	0.002124800839
211494	0.001981589727
211495	0.002485850336
211496	0.00239990315
211497	0.002129415933
211498	0.001353129562
211499	0.001339280818
211500	0.001293107531
211501	0.001452794839
211502	0.001220881835
211503	0.001402526278
211504	0.001400461886
211505	0.001317977417
211506	0.001485244736
211507	0.001390177631
211508	0.001309798292
211509	0.001457765612
211510	0.00140328758
211511	0.001368613401
211512	0.001335745005
211513	0.001263811982
211514	0.00145273599
211515	0.001422527314
211516	0.001455822499
211517	0.001477762264
211518	0.001387898375
211519	0.00134515485
211520	0.001405507191
211521	0.001446971652
211522	0.001352378455
211523	9.16886259e-07
211524	0.0001605707975
211525	4.113216773e-05
211526	3.853789875e-05
211527	0.0009878477423
211528	4.869263306e-05
211529	0.0005821871734
211530	0.0002045660072
211531	0.0004044989557
211532	0.00010679177
211533	0.0005087298108
211534	0.000113267938
211535	0.000719542594
211536	0.000790698698
211537	0.0002631674947
211538	0.0006410676075
211539	8.161202692e-05
211540	2.48146631e-05
211541	0.0006924138547
211542	2.12098176e-05
211543	0.0007922854741
211544	0.0004141973657
211545	9.746021096e-05
211546	0.0002142855838
211547	0.0001054163024
211548	0.0002074452013
211549	0.0006224905378
211550	0.0008140452841
211551	5.277271135e-05
211552	0.0002459668173
211553	0.0002724517244
211554	0.0004526653516
211555	9.709298309e-05
211556	0.0003446958926
211557	3.638083207e-05
211558	5.006467324e-05
211559	0.0003128920923
211560	0.000385431614
211561	0.0003974559855
211562	0.0001990205617
211563	2.555427059e-05
211564	0.0004084115428
211565	0.0005076060073
211566	0.0006904454386
211567	0.0004326299787
211568	0.0003204281477
211569	0.0004694736273
211570	0.0003239885296
211571	0.0003830778098
211572	0.0003280709911
211573	0.0005007375293
211574	0.0005430221656
211575	0.0003469563441
211576	0.0002270841259
211577	0.0004630719314
211578	0.0004215151691
211579	0.000652457634
211580	0.0006423921642
211581	0.000180354981
211582	0.0004445574585
211583	0.0009436471051
211584	0.0002107299102
211585	0.0002989674749
211586	0.0004228600246
211587	0.002767894807
211588	0.0007870805174
211589	0.002713914814
211590	0.002188709555
211591	0.003177929655
211592	0.002630557735
211593	0.001344194467
211594	0.00263623713
211595	0.002401133979
211596	0.002847297548
211597	0.00243882859
211598	0.002854877354
211599	0.0006803733508
211600	0.0007623603652
211601	0.0007423965404
211602	0.000145055951
211603	0.0001280039536
211604	0.0008497335001
211605	0.0004039403135
211606	0.0007049877674
211607	0.000580058052
211608	0.0005947608586
211609	0.0005374558102
211610	0.000573253837
211611	0.000628543457
211612	0.0007410531082
211613	0.0007019570818
211614	0.0007509004538
211615	0.0007061835992
211616	0.0002142317812
211617	0.0002538748652
211618	0.000742857323
211619	0.0003310627545
211620	0.0006599014359
211621	7.564540559e-05
211622	0.0005797274228
211623	0.004526084007
211624	0.0002097908958
211625	0.001163083163
211626	0.002556528862
211627	0.002382476344
211628	0.001007505322
211629	0.005229276017
211630	0.001303718669
211631	0.0004885000198
211632	0.0008623331412
211633	0.002287095081
211634	0.002025375212
211635	0.0003203196711
211636	0.0001251883244
211637	0.0003342929476
211638	0.0001476495111
211639	0.0007442120571
211640	7.436639466e-05
211641	0.003826916018
211642	0.003950911453
211643	0.003520478929
211644	0.003514557711
211645	0.004659846213
211646	0.003639784041
211647	0.004071218279
211648	0.003532678916
211649	0.003613488155
211650	0.003070889474
211651	0.005232377741
211652	0.004179721144
211653	0.004167134027
211654	0.003901964124
211655	0.005057371766
211656	0.002782819547
211657	0.003775400169
211658	0.001432197755
211659	0.0009019050703
211660	0.00124989036
211661	0.001460825626
211662	0.001753128501
211663	0.002024351307
211664	0.002068578488
211665	0.002086022912
211666	1.782595384e-05
211667	0.000262645477
211668	0.000812002542
211669	0.0003015430078
211670	0.000953688793
211671	0.001365396138
211672	0.002265953168
211673	0.001678591733
211674	0.001419890708
211675	0.001523320442
211676	0.000601341388
211677	0.001196523976
211678	0.00211554904
211679	0.002433789856
211680	0.001398561796
211681	0.0007346002593
211682	0.001299171171
211683	0.001531106972
211684	0.001164482426
211685	0.001584206914
211686	0.0005802039271
211687	0.001498668311
211688	0.001488126722
211689	0.001174295376
211690	0.0006986466883
211691	0.001663719287
211692	0.001491664261
211693	0.001543454556
211694	0.00136505071
211695	0.001949526496
211696	0.00124381939
211697	0.001787608863
211698	0.001554105711
211699	0.0007430910481
211700	0.003111767635
211701	9.971578655e-05
211702	0.0007740206956
211703	0.000844927616
211704	0.0002421520217
211705	0.0005842158665
211706	0.000720258241
211707	0.0002945272224
211708	5.220797612e-05
211709	0.0004137680093
211710	0.000772611664
211711	0.0006369198428
211712	0.0008508451619
211713	0.0003086664561
211714	0.0005530204722
211715	0.001380264782
211716	0.001059173045
211717	0.0009310718687
211718	0.001481253318
211719	0.0008155769809
211720	0.0009211042472
211721	0.001323269671
211722	0.001144728317
211723	0.001415848634
211724	0.001002155275
211725	0.001414615139
211726	0.0005501292161
211727	0.001202801764
211728	0.0009368656792
211729	0.0009117598463
211730	0.001165552218
211731	0.0008449854973
211732	0.001001177855
211733	0.000825289678
211734	0.0008698257062
211735	0.0009196468555
211736	0.0002805884208
211737	0.0007486087048
211738	0.0008939178121
211739	0.000831042054
211740	0.0007493793745
211741	0.000834004262
211742	0.001030076911
211743	0.0009695999561
211744	0.0008786461598
211745	0.000808179195
211746	0.0009981799902
211747	0.0009528437314
211748	9.126730001e-05
211749	0.000749271196
211750	0.000898352348
211751	0.0009325491803
211752	0.001005646032
211753	0.00083793783
211754	0.001058643271
211755	0.0008262021495
211756	0.0007962076932
211757	0.0008034096571
211758	0.0003509673018
211759	0.001258434911
211760	0.002340671434
211761	0.001483135398
211762	0.001047694016
211763	0.001597331519
211764	0.0004708748051
211765	0.0005630370605
211766	0.001354466939
211767	0.000357906827
211768	0.000538314333
211769	0.000784635027
211770	0.0019212047
211771	0.0002294854091
211772	0.0001938183083
211773	0.0004620158883
211774	1.883878878e-05
211775	0.001445595989
211776	0.0005607604928
211777	8.854672133e-05
211778	0.0008743813604
211779	0.0006296677591
211780	0.00108695352
211781	0.0008997146119
211782	0.0006963584717
211783	0.0005722830656
211784	0.001348233064
211785	0.0009045778312
211786	0.0008711443812
211787	0.0006583100512
211788	0.001725788843
211789	0.0001905261021
211790	0.0008323565614
211791	0.0007449222895
211792	0.0003929294852
211793	0.000899267364
211794	0.001467192627
211795	0.0007940507036
211796	0.0007854678264
211797	0.001070793949
211798	1.155619626e-05
211799	0.0009088246163
211800	0.0005996159792
211801	0.001432795068
211802	0.000142442395
211803	0.0007544387757
211804	0.0003016412025
211805	0.001166464207
211806	0.0008898530463
211807	0.0009935661271
211808	0.001135433387
211809	0.0007691190013
211810	0.0008632072153
211811	0.0004600724249
211812	0.0002963954703
211813	0.001028444997
211814	0.0008608862833
211815	0.0004856015115
211816	0.000937668587
211817	0.0003517640568
211818	0.002189769286
211819	0.0005725319916
211820	0.0006521507278
211821	5.717113952e-05
211822	0.0005596902642
211823	0.0009858167283
211824	0.0005763020353
211825	0.0008576089729
211826	0.0001941510389
211827	0.0004028212105
211828	0.0009524395753
211829	0.0005913471078
211830	0.001018679323
211831	0.0005412807209
211832	0.0005741901563
211833	0.001377811019
211834	0.0005826700438
211835	0.0007441704198
211836	0.001157365457
211837	0.0008052667931
211838	0.0009867480108
211839	0.00135409362
211840	0.0005424911554
211841	0.0008543616517
211842	0.0009068387556
211843	0.0008639701943
211844	0.0002930990501
211845	0.001163149168
211846	0.0003696477238
211847	0.001367130134
211848	0.003939822725
211849	0.0008863862082
211850	0.0004670381107
211851	0.0007741675958
211852	0.0008388554024
211853	0.001351292855
211854	8.590236955e-05
211855	5.173920863e-05
211856	0.0005163340043
211857	0.0005041106386
211858	0.0003459539585
211859	0.0012201697
211860	0.0007312536406
211861	6.309276935e-05
211862	0.0004989145644
211863	0.0006678784286
211864	0.001582159433
211865	7.632446662e-05
211866	0.0002477921647
211867	0.0003022665258
211868	0.0008650483821
211869	0.0008088133324
211870	5.777508976e-05
211871	0.0004538331142
211872	0.0006950463167
211873	0.0009371918854
211874	0.0007921995751
211875	0.0007260124632
211876	5.796128814e-05
211877	0.0003215331884
211878	0.0004999897983
211879	0.0006749378422
211880	0.0001948517081
211881	0.0005682861917
211882	0.0006023842147
211883	0.0007028550125
211884	0.0003637478427
211885	0.0006952045808
211886	0.0009496356471
211887	1.192329544e-05
211888	0.0006981814949
211889	0.0008451985528
211890	0.0006878708745
211891	0.0005341245725
211892	0.0008157323997
211893	0.0003046642386
211894	2.016968173e-05
211895	0.0002746112251
211896	0.0005090483938
211897	0.0005127870289
211898	0.0008555554601
211899	0.0003490147906
211900	0.0004061925006
211901	0.000921348044
211902	0.0008349072408
211903	0.0009231085265
211904	0.0008849861257
211905	0.0008015504088
211906	0.001756412171
211907	0.001825858464
211908	0.001261917787
211909	0.0003025935022
211910	2.657779422e-05
211911	0.001184994066
211912	0.0005237526648
211913	0.0001703887754
211914	0.000707499865
211915	0.0002808341588
211916	0.0002247346355
211917	0.0008480696881
211918	0.0005209160073
211919	0.0002420686413
211920	0.0002496597458
211921	0.00119070298
211922	0.0004069915734
211923	0.0007093581175
211924	0.0006266541648
211925	0.001204317131
211926	0.001261743265
211927	0.001022275167
211928	4.364047799e-05
211929	0.0006392731925
211930	0.0006211470888
211931	0.000997981179
211932	0.00149665458
211933	0.0008016013376
211934	0.0001002298148
211935	2.407649107e-07
211936	0.0002510806387
211937	0.001178598132
211938	0.003445476883
211939	0.0001099306282
211940	0.0004897218485
211941	0.0004199888685
211942	0.0002577324876
211943	0.001074964247
211944	0.0001561484675
211945	0.0005586100369
211946	0.000531621936
211947	0.0003266620382
211948	5.080936835e-05
211949	0.0009960458502
211950	0.0003682950352
211951	0.0002306268455
211952	8.300177551e-05
211953	0.0004756359432
211954	0.000820002097
211955	0.0004558462114
211956	0.002391215691
211957	0.001423394126
211958	0.0005787777559
211959	0.001955178149
211960	0.0002030148483
211961	0.0009394398618
211962	0.0004261839212
211963	7.503392368e-05
211964	0.0006566195692
211965	0.00132153509
211966	9.457005777e-05
211967	0.000448098302
211968	0.0001888133024
211969	6.096834351e-05
211970	3.844176676e-06
211971	6.65979467e-05
211972	0.0001456919129
211973	0.000114480399
211974	0.0008151388119
211975	0.001076656869
211976	0.0002216210538
211977	0.001067950753
211978	0.0009480335534
211979	0.001030829695
211980	0.001271570755
211981	0.001180380034
211982	0.001227393118
211983	0.001452139065
211984	0.001665423947
211985	0.001232403085
211986	0.001835641187
211987	0.001197794359
211988	0.00119699296
211989	0.001133181326
211990	0.001716166414
211991	0.001081858347
211992	0.001214202986
211993	0.001112101642
211994	0.001255270569
211995	0.001281292924
211996	0.001108926044
211997	0.001304569704
211998	0.001420240125
211999	0.001161845088
212000	0.001227077621
212001	0.0006733664086
212002	0.0006853210397
212003	0.00145950636
212004	0.0004086036998
212005	0.001192388794
212006	0.001269740131
212007	0.001074144435
212008	0.001076620391
212009	0.001251801279
212010	0.00133830698
212011	0.001171127218
212012	0.001061227561
212013	0.00142278961
212014	0.001275808915
212015	0.001160739882
212016	0.001007993665
212017	0.001258628571
212018	0.0009789606636
212019	0.001042376522
212020	0.0011826478
212021	0.001107638811
212022	0.001345731052
212023	0.001038227764
212024	0.001205391027
212025	0.001143677492
212026	0.001223277011
212027	0.001112000518
212028	0.001179823901
212029	0.0006849028272
212030	0.0002792147405
212031	0.001210327931
212032	0.002107063546
212033	0.003066093839
212034	0.002658546713
212035	0.004075239367
212036	0.0002504115239
212037	0.0006241060517
212038	0.001926820819
212039	0.0006589997142
212040	0.0002740802392
212041	0.004881564755
212042	0.0001703214186
212043	0.002384654626
212044	0.003540268616
212045	0.001784920916
212046	0.0004541712052
212047	0.0002912668353
212048	0.002053969613
212049	0.0009281929815
212050	0.001767826924
212051	0.003416876635
212052	0.003098660718
212053	0.0007466867544
212054	0.001762829559
212055	0.00461545871
212056	0.001247811033
212057	0.00145476694
212058	0.001138339829
212059	0.001055868661
212060	0.004315144835
212061	0.0008590296231
212062	0.005503032936
212063	0.0005468249582
212064	0.001888217314
212065	0.001496854209
212066	0.002389781668
212067	0.003432983419
212068	0.003630259401
212069	0.0005925630325
212070	0.0008577829107
212071	0.001009177422
212072	0.004323523089
212073	0.003738632116
212074	0.0006213318747
212075	0.0005049837536
212076	0.001960187513
212077	0.002272818248
212078	0.001050367045
212079	0.003728688986
212080	0.001574091259
212081	0.002183516267
212082	0.002682735946
212083	0.001776582147
212084	3.802013185e-05
212085	1.163311236e-05
212086	0.005393210271
212087	0.001900360077
212088	0.0006020150939
212089	0.002293960687
212090	0.0004585537718
212091	0.001908054026
212092	0.0006122603536
212093	0.00100613496
212094	0.0003463788458
212095	0.0007297472204
212096	0.001136088401
212097	6.782342896e-05
212098	0.0006410092584
212099	0.0006267337877
212100	0.0005369066214
212101	0.0005244691884
212102	0.002120259292
212103	0.001592559286
212104	0.002051094021
212105	0.002194397591
212106	0.002173053268
212107	0.002203448327
212108	0.002130382943
212109	0.002263406297
212110	0.00210057742
212111	0.001994317051
212112	0.002178318419
212113	0.00206598256
212114	0.00197940994
212115	0.002071776205
212116	0.002109732535
212117	0.002144368147
212118	0.002087068593
212119	0.002136739139
212120	0.002017508167
212121	0.001968930933
212122	0.001950474498
212123	0.002095784852
212124	0.000600625918
212125	0.0001251381084
212126	0.0004657036996
212127	0.0001071587396
212128	0.001653258884
212129	0.001133282229
212130	0.0008825170025
212131	0.0003053406062
212132	0.0009140937913
212133	0.0003456439483
212134	0.001060640647
212135	0.001618395713
212136	0.0002661833411
212137	0.001040345508
212138	0.001739245069
212139	0.001076612574
212140	0.001523748542
212141	0.0006033256793
212142	0.0001389863956
212143	0.000144954512
212144	0.0004349698055
212145	0.0001882181879
212146	9.996812716e-05
212147	0.0002246649365
212148	0.0004836438186
212149	0.001539220217
212150	0.001640726644
212151	0.0001511612522
212152	0.0006171506053
212153	0.0001413715886
212154	0.0002995848232
212155	0.0002439529575
212156	0.0005154208609
212157	8.674390322e-05
212158	0.0002100783891
212159	0.0001687965366
212160	1.973566073e-05
212161	0.0001549011853
212162	0.0001127807791
212163	0.0008446340586
212164	0.00184255533
212165	3.473012472e-05
212166	0.0001598250014
212167	0.000215487878
212168	1.611836811e-05
212169	0.0003193943532
212170	0.0003790582693
212171	0.0002378802663
212172	0.0005690963992
212173	0.0003630597191
212174	0.0004228889046
212175	0.003519611026
212176	0.003720520571
212177	0.00356834744
212178	0.003568847557
212179	0.004061977374
212180	0.003685327078
212181	0.002887346735
212182	0.003680771519
212183	0.00338604309
212184	0.003769909138
212185	0.004210326267
212186	0.003154853715
212187	0.003762552398
212188	0.003916782352
212189	0.003225882978
212190	0.003509360644
212191	0.003364571442
212192	0.004164360986
212193	0.004000972974
212194	0.003838678091
212195	0.003788427511
212196	0.003947492426
212197	0.003678253813
212198	0.004871901017
212199	0.004007751345
212200	0.003653407915
212201	0.003397003917
212202	0.005315352386
212203	0.003212407518
212204	0.004017638912
212205	0.003654709399
212206	0.003414345371
212207	0.00355534899
212208	0.003458003039
212209	0.004030069478
212210	0.003852292684
212211	0.00381464754
212212	0.003686448375
212213	0.003702020515
212214	0.001524955484
212215	0.002302962404
212216	0.001789742122
212217	0.002010948848
212218	0.001944829098
212219	0.002076853976
212220	0.002487386382
212221	0.001707649714
212222	0.001107779519
212223	0.001608543896
212224	0.001733241114
212225	0.001712184625
212226	0.0009687117565
212227	0.00276007145
212228	0.001895903218
212229	0.0008479101108
212230	0.002249845461
212231	0.0007816147674
212232	0.00193744252
212233	0.001565473564
212234	0.001804221623
212235	0.001538959348
212236	0.002019536291
212237	0.001251517586
212238	0.002911054737
212239	0.001602002747
212240	0.00172256404
212241	0.00160656014
212242	0.00182221552
212243	0.002054507649
212244	0.00267306969
212245	0.0009175646111
212246	0.001018286018
212247	0.002256859321
212248	0.001976037832
212249	0.0001919649995
212250	1.021444912e-05
212251	0.0003303281154
212252	0.0001255642958
212253	1.835951991e-05
212254	1.158053951e-05
212255	0.0006570994438
212256	0.000591003694
212257	0.001604172333
212258	8.037556823e-05
212259	0.0005390147634
212260	0.0003369355275
212261	0.0007848166294
212262	0.0004021927315
212263	0.0003493858709
212264	0.001016892371
212265	0.0009057154744
212266	0.0007749859009
212267	0.0009462335439
212268	0.0004342292797
212269	0.001644282266
212270	0.0007181524146
212271	0.0005602100525
212272	0.001670635343
212273	0.0004584325215
212274	0.0001357745109
212275	3.838824261e-06
212276	7.802003412e-05
212277	0.00048890157
212278	0.0006226828135
212279	0.0005225155939
212280	0.0004207092911
212281	0.0003282177366
212282	0.001085635418
212283	0.0006917044487
212284	0.0007308266666
212285	0.0003346660878
212286	0.0001464334404
212287	0.0004627592949
212288	0.0005807052633
212289	0.0004864078796
212290	0.0003625538988
212291	0.0004137398743
212292	0.0006040757946
212293	0.001351368098
212294	0.0002769767271
212295	0.000432413809
212296	0.0005151405044
212297	0.0002759088354
212298	0.0004390096554
212299	0.0007021583665
212300	0.0004995842453
212301	0.0002462868917
212302	0.0002291008629
212303	0.001583611606
212304	0.0001529855756
212305	7.449852332e-05
212306	0.0001919277231
212307	0.0006254253933
212308	0.0003986607539
212309	0.0006830557591
212310	0.0002949585748
212311	0.000649955749
212312	0.0002264406686
212313	0.0001401740039
212314	0.001748626212
212315	0.000387406302
212316	0.0003000357083
212317	3.312795257e-05
212318	0.000397664993
212319	0.001785611978
212320	0.0001288671204
212321	0.0003475369053
212322	0.0005046444366
212323	0.0005814758091
212324	0.000126094117
212325	0.0002029380638
212326	9.82326252e-05
212327	0.0009775598855
212328	0.0009742777881
212329	0.0003825749248
212330	0.0001222788827
212331	0.0006411099287
212332	0.0007241635637
212333	0.0005838966571
212334	0.0007669759726
212335	0.0003073599596
212336	5.839494904e-05
212337	0.000204398834
212338	0.0004318265094
212339	4.809000098e-05
212340	0.001924650909
212341	0.001362689489
212342	0.001024404667
212343	0.001079612028
212344	2.767412895e-05
212345	0.0002122669422
212346	0.002323968566
212347	0.001754931578
212348	0.0008537242164
212349	0.000983628196
212350	0.001989881189
212351	0.001221786928
212352	0.001960168473
212353	0.002721893456
212354	0.00175895249
212355	0.002429516381
212356	0.001670010176
212357	0.001249434624
212358	0.0009777944812
212359	0.0008315326007
212360	0.00128472454
212361	0.001220780547
212362	0.001470358949
212363	0.0008902010605
212364	0.001513834833
212365	0.001039955556
212366	0.001029355981
212367	0.001310897093
212368	0.001491017523
212369	0.001418233291
212370	0.001038041035
212371	0.0008505862191
212372	0.00236483318
212373	0.001088676281
212374	0.001464208096
212375	0.001076433338
212376	0.001298924161
212377	0.0009530444756
212378	0.0002424624011
212379	0.0008937416141
212380	0.001309386258
212381	0.00116238047
212382	0.0009751430663
212383	0.001500602247
212384	0.001043811715
212385	0.0009824869274
212386	0.001010581275
212387	0.0006653272152
212388	0.00113971729
212389	0.0009663108053
212390	0.001038476594
212391	0.001356010391
212392	0.002395813555
212393	0.001051249304
212394	0.0001211206215
212395	0.0003870609918
212396	0.001397757128
212397	0.005101901391
212398	0.004708479031
212399	0.004325656505
212400	0.004670254954
212401	0.004693171567
212402	0.004246773567
212403	0.005042880482
212404	0.004701207303
212405	0.005060007683
212406	0.0009236935071
212407	0.0006495878798
212408	0.0006207904005
212409	0.000679350188
212410	0.00150525034
212411	0.0007453396485
212412	0.0009978434608
212413	0.00061429362
212414	0.0007285711346
212415	0.0008965322768
212416	0.001158429976
212417	0.0008148123225
212418	0.002838313996
212419	0.003141981454
212420	0.002016571917
212421	0.002906579113
212422	0.002436973789
212423	0.003922590038
212424	0.00245533373
212425	0.001482471294
212426	0.003059968438
212427	0.002708223274
212428	0.002575060181
212429	0.003060987663
212430	0.003286918158
212431	0.001476471064
212432	0.001336340508
212433	0.0009503001859
212434	0.00159105362
212435	0.0002809299886
212436	0.002003085901
212437	0.001229892958
212438	0.001577345294
212439	0.002603622728
212440	0.00185594915
212441	0.0003764240905
212442	0.002783874744
212443	0.001345926533
212444	0.002469087116
212445	0.001997120472
212446	0.0008521200647
212447	0.001504850661
212448	0.003795770464
212449	0.001602997799
212450	0.001782809964
212451	0.0004445876938
212452	0.004214658631
212453	0.0009709683853
212454	0.001556099223
212455	0.005069510055
212456	0.0004574378303
212457	0.0008273318688
212458	0.00107384648
212459	0.001138255997
212460	9.966076055e-05
212461	0.001065921548
212462	0.0005055206381
212463	0.0006720998726
212464	0.0004992277806
212465	0.0001233603912
212466	0.0009482085287
212467	0.0008582384037
212468	0.004094835133
212469	0.0006437527818
212470	0.001798113067
212471	0.0001617916175
212472	0.003118711022
212473	0.00192611057
212474	0.001544915658
212475	0.001510744213
212476	0.00113379754
212477	0.004509657661
212478	0.004827595915
212479	0.000703434703
212480	9.377295236e-05
212481	0.003240412539
212482	0.0003283469564
212483	0.0007741674954
212484	0.004661299085
212485	0.0001528501669
212486	0.001112270436
212487	0.0009530414531
212488	0.00167491507
212489	0.002912178326
212490	0.002838495537
212491	0.0008725627874
212492	0.00200714857
212493	0.001148222554
212494	0.003643964997
212495	0.002458084505
212496	0.002088480268
212497	0.002688932578
212498	0.001471254614
212499	0.0006898498596
212500	0.001995378505
212501	0.001949235165
212502	0.0007462170844
212503	0.0008712691032
212504	0.0006436197772
212505	0.0008501771664
212506	0.0001956766627
212507	0.001053571072
212508	0.00338191122
212509	0.001375160494
212510	0.0004583828722
212511	0.0002369031439
212512	0.0006182271865
212513	0.0001077363306
212514	0.0009097763825
212515	0.003433143029
212516	1.105216622e-08
212517	0.0005631207615
212518	0.0007022228647
212519	0.0007541920479
212520	0.0009528674915
212521	0.002457979349
212522	0.0007750608009
212523	0.0005948668039
212524	0.004813345422
212525	0.002187817214
212526	0.0005027661737
212527	0.001558072523
212528	0.001598641566
212529	0.0003543581633
212530	0.003051095518
212531	0.0006447294991
212532	3.407443484e-05
212533	0.0001230455119
212534	0.0003472111195
212535	0.0002304549482
212536	0.002248091986
212537	0.001356099916
212538	0.0009323373632
212539	0.001608153662
212540	0.00429769627
212541	0.002241818231
212542	0.00136832993
212543	0.00216702186
212544	0.00290155839
212545	0.0002069325015
212546	0.0002217207855
212547	0.0008231661955
212548	0.0008329016082
212549	0.0006268287923
212550	0.0002017338934
212551	9.919031581e-05
212552	0.0004021521958
212553	0.0004114575993
212554	0.0001089081242
212555	0.0009118175749
212556	0.0008099523189
212557	0.000416207093
212558	0.0003976621087
212559	0.0009158640628
212560	0.0005998615314
212561	0.001113943238
212562	0.000302143671
212563	3.871051947e-07
212564	0.0001024506579
212565	0.0001027116973
212566	0.0001026600363
212567	5.108045739e-08
212568	0.0001025623116
212569	0.0001024363494
212570	1.877280823e-07
212571	5.343765176e-07
212572	9.255696666e-08
212573	1.132116074e-07
212574	0.0003840369933
212575	0.003354184484
212576	0.001066232603
212577	0.001985180857
212578	0.002784239126
212579	0.003503347874
212580	0.003020979114
212581	0.0018979078
212582	0.003121706343
212583	0.002424875016
212584	0.002566561948
212585	0.0005981071556
212586	0.001268148413
212587	0.003912676522
212588	0.000314070793
212589	0.0002557741274
212590	0.002629940782
212591	0.00075424264
212592	0.003812225836
212593	0.002785821742
212594	0.002268971056
212595	0.001066665978
212596	3.780770086e-05
212597	0.004131569091
212598	0.005216788227
212599	0.001223650203
212600	0.002283766949
212601	0.00381213515
212602	0.002977085902
212603	0.0008966679133
212604	0.002864144635
212605	0.004414185769
212606	0.003587770298
212607	0.004659502602
212608	0
212609	0.007752785988
212610	0.0007884753138
212611	0.0007198099738
212612	0.00242106838
212613	0.003656577746
212614	0.0055927459
212615	0.0001644916371
212616	0.005256766096
212617	0.001863330501
212618	0.0009505097706
212619	0.0009366267429
212620	0.0004030485199
212621	0.001036638938
212622	0.001156075247
212623	0.000656732097
212624	0.0004724109411
212625	0.001084425098
212626	0.00167615468
212627	0.005179169674
212628	0.001983000337
212629	1.537283549e-06
212630	0.002865136394
212631	0.0005065694163
212632	0.0008610996501
212633	0.003539536052
212634	0.001052998127
212635	0.0006452207162
212636	0.001764961025
212637	0.0001901278521
212638	0.00106923414
212639	0.00373652663
212640	0.005088408001
212641	0.000319202748
212642	0.003215713272
212643	0.004507447132
212644	0.002100268245
212645	0.001035125125
212646	0.005948702427
212647	0.001617296216
212648	0.004954716477
212649	0.004634621708
212650	0.001207720889
212651	0.0007854822393
212652	0.00401152508
212653	0.008300427064
212654	0.0005268371261
212655	2.188268879e-05
212656	0.003152559903
212657	0.0007043865296
212658	0.002373137306
212659	0.003181382273
212660	0.003257937208
212661	0.0007827833542
212662	0.004914216619
212663	0.003118912687
212664	0.0010971455
212665	0.001469607235
212666	0.002177712134
212667	0.00572230704
212668	0.0002158739281
212669	0.001210835026
212670	0.002818420011
212671	0.006129361425
212672	0.001663803302
212673	0.001053943656
212674	0.00284135312
212675	0.000880088016
212676	0.001964257103
212677	0.0007378162023
212678	0.0006437595956
212679	0.0004916357055
212680	0.00496273474
212681	0.003433622834
212682	0.0002531992019
212683	0.0004982086829
212684	0.002023333144
212685	0.004821394189
212686	0.000581003255
212687	0.001724410857
212688	0.004991357708
212689	0.0003437112898
212690	0.003547563166
212691	0.001926046404
212692	0.003767046571
212693	0.002473822335
212694	0.001052419306
212695	0.001042116817
212696	0.002553295667
212697	0.001519131556
212698	0.0008723085301
212699	0.00164417825
212700	0.002853095894
212701	6.535102425e-05
212702	0.0001305502146
212703	0.0001666031061
212704	0.00123486551
212705	0.001754322134
212706	0.000530905304
212707	0.0002717667418
212708	0.004593259006
212709	0.001381707785
212710	0.002903916699
212711	0.001824409622
212712	0.001861480059
212713	0.002533190737
212714	0.002529830523
212715	0.0002817427367
212716	0.0001372734749
212717	0.00135865727
212718	0.001718353652
212719	0.001293258719
212720	0.0002789967794
212721	0.006895175006
212722	0.009093100824
212723	0.0003455509544
212724	0.00324416988
212725	0.002687883832
212726	0.00276591387
212727	0.002774870308
212728	0.003913582293
212729	0.002453969295
212730	0.0005015702218
212731	0.0001048214627
212732	0.0004503092246
212733	0.0001420560841
212734	0.000843999424
212735	0.001630993122
212736	0.0008919257308
212737	0.0002274381362
212738	0.001284482446
212739	0.004491666804
212740	0.002754789258
212741	0.0007198686415
212742	0.004110380327
212743	0.001088041672
212744	0.004249568313
212745	0.001254702039
212746	0.001633138055
212747	0.001377431334
212748	0.001542525772
212749	0.001740546814
212750	0.001722436918
212751	0.00306503854
212752	0.0008471728386
212753	0.001484093945
212754	0.0003205656658
212755	0.00226557098
212756	0.001566044958
212757	0.0005025150522
212758	0.001547575901
212759	0.001930242438
212760	0.0001165385504
212761	0.0003791540926
212762	3.274715918e-08
212763	0.0002741010676
212764	0.0001412071119
212765	0.0006036763427
212766	0.002570381541
212767	0.006835231022
212768	5.247745131e-05
212769	0.0006392134757
212770	0.0004093015305
212771	0.0008277158439
212772	0.0004273514761
212773	0.003575716651
212774	0.001818957157
212775	0.001573711613
212776	0.00233274051
212777	0.004274262037
212778	0.0006177799566
212779	0.002468868834
212780	0.001103920193
212781	0.001783847693
212782	0.002540754906
212783	0.003277114738
212784	0.0001733315131
212785	0.0005416631332
212786	0.0009543330613
212787	0.0009620140349
212788	8.542352417e-05
212789	0.001491638538
212790	0.004088251357
212791	0.002817952787
212792	0.0008193398759
212793	0.002121370431
212794	0.004633059186
212795	0.002271727874
212796	0.0005000073217
212797	0.0001434676886
212798	0.002532495426
212799	0.0005240218315
212800	0.0003725353431
212801	0.003181151443
212802	0.003336864463
212803	0.0041258115
212804	0.002821689832
212805	0.00260938934
212806	6.551813563e-05
212807	0.00391966882
212808	7.263326939e-05
212809	0.004093932211
212810	2.33443857e-05
212811	2.534782277e-05
212812	7.04757557e-05
212813	3.445610509e-05
212814	0.0006412086595
212815	0.0002322914706
212816	1.606253489e-05
212817	0.000310798817
212818	1.578505819e-06
212819	0.0001023992534
212820	0.0003201762453
212821	9.711627863e-05
212822	0.0005779938614
212823	0.0002089003137
212824	0.0003194624464
212825	0.0003469533002
212826	0.0009943138264
212827	0.0001148293796
212828	0.0004413237895
212829	0.0009095396246
212830	0.0002433249523
212831	5.278831904e-05
212832	0.000136486216
212833	3.564107022e-05
212834	0.0003100973625
212835	0.000616006448
212836	4.863306262e-05
212837	6.567208535e-05
212838	0.0001809253403
212839	0.000653546601
212840	0.0002241274168
212841	2.624348538e-05
212842	6.921730414e-05
212843	0.0003795884938
212844	0.002821555288
212845	0.0007452349525
212846	0.001177880645
212847	0.002608878175
212848	0.001126425671
212849	0.00245693951
212850	0.0003926272995
212851	0.0006595919825
212852	0.002443179999
212853	0.0008160051645
212854	0.003275908182
212855	0.001655406848
212856	0.002292986159
212857	0.003196512347
212858	0.0009930269342
212859	0.003012498326
212860	0.002581076409
212861	0.001706693079
212862	0.0009125463576
212863	0.002525858786
212864	0.002448662019
212865	0.002336134669
212866	0.001476120571
212867	0.002717760602
212868	0.001034924575
212869	0.001003068915
212870	0.001669130544
212871	0.003906710079
212872	0.00284893621
212873	0.00311497656
212874	0.002992120639
212875	0.002373771151
212876	0.006028220651
212877	0.002464638315
212878	0.004325236382
212879	0.0003960191398
212880	0.0001445070097
212881	0.004928497633
212882	0.0009410985172
212883	0.002693397221
212884	0.001891538888
212885	0.002459585292
212886	0.00496889261
212887	0.002642678271
212888	0.002461480555
212889	0.001861592904
212890	0.005666767108
212891	0.00322676935
212892	0.002195990269
212893	0.0004989753011
212894	0.004561525228
212895	0.002692977962
212896	0.001292274406
212897	0.005014758049
212898	0.0006383406095
212899	0.003058239517
212900	0.001042828557
212901	0.001684728457
212902	0.0002873498771
212903	0.0004000152774
212904	0.001852288293
212905	5.491563552e-05
212906	0.00275009166
212907	0.004306397976
212908	0.002935890782
212909	0.001709217067
212910	0.001394618339
212911	0.0002813470669
212912	0.001507828968
212913	0.003102239339
212914	0.004109573907
212915	0.003080258816
212916	0.0003666456827
212917	0.0004471972598
212918	0.001261185173
212919	0.0009375357513
212920	0.0047047182
212921	0.00167952761
212922	0.0003755397991
212923	0.0009805175524
212924	0.0009518457424
212925	0.001049677829
212926	0.0003590215737
212927	8.83750235e-06
212928	0.0003737687809
212929	0.001747679779
212930	0.0002580775676
212931	0.0008736781828
212932	0.001635292038
212933	0.002399981451
212934	0.004251534333
212935	0.002092140834
212936	0.003723397621
212937	0.002575758804
212938	0.001549761989
212939	0.006236553859
212940	0.001818990902
212941	0.003178079046
212942	0.0001781833748
212943	0.002451031814
212944	0.002962868132
212945	0.002578851839
212946	0.002645862185
212947	0.002854220976
212948	0.0004778170182
212949	0.002002012378
212950	0.001721511906
212951	0.002505878327
212952	0.00287001471
212953	0.001972060835
212954	0.002373117903
212955	0.002639461569
212956	0.002116828512
212957	0.002700105899
212958	0.001253942256
212959	0.001969089957
212960	0.001268909274
212961	0.002862438492
212962	0.002463076211
212963	0.002329288872
212964	0.002429005863
212965	0.002979732243
212966	0.002351635343
212967	0.00238285541
212968	0.003320559012
212969	0.001336170861
212970	0.001286337482
212971	0.002955728403
212972	0.0001641350366
212973	0.0002375668567
212974	0.0002547697408
212975	0.0003711087345
212976	0.0005110661999
212977	0.002316126429
212978	0.002487718039
212979	0.001531996522
212980	0.006048097803
212981	0.005389837878
212982	0.002935372357
212983	8.716190244e-05
212984	0.004193783559
212985	0.0004191259963
212986	0.003507593135
212987	0.0001734652856
212988	0.001250505694
212989	0.00151204171
212990	0.0006231770983
212991	0.004672297232
212992	0.001663902599
212993	0.0001446128377
212994	0.0001235794169
212995	0.003009687971
212996	0.002949296005
212997	0.002911424477
212998	0.003041325443
212999	0.003448139145
213000	0.004730901345
213001	0.00106918742
213002	0.002073551689
213003	0.0002189555534
213004	0.001390398811
213005	0.003088101587
213006	0.0009625831421
213007	0.002253260881
213008	0.003644703784
213009	0.001892663172
213010	0.002322325122
213011	0.002244317826
213012	0.00856326201
213013	0.002607489979
213014	0.001456606883
213015	0.002817831201
213016	0.003619327499
213017	0.003195393568
213018	0
213019	0.001173226904
213020	0.0004241345153
213021	0.002403543908
213022	0.00508186447
213023	0.0004018835272
213024	0.001405417105
213025	0.002178350821
213026	0.001193744225
213027	0.001004344696
213028	0.00158802003
213029	0.0001294685897
213030	0.0008398759445
213031	0.002145936418
213032	0.003061046283
213033	0.0003493354458
213034	0.002277954748
213035	0.0003388043486
213036	0.003572015138
213037	0.002320425809
213038	0.002435489478
213039	0.001415561598
213040	0.002309052671
213041	0.00171881644
213042	8.897511163e-05
213043	0.002930558702
213044	0.002868010953
213045	0.0009344148103
213046	0.0007573939839
213047	0.000591732367
213048	0.002006189809
213049	0.0005349402642
213050	0.0007580022809
213051	0.002203973719
213052	0.0008153065473
213053	0.0006884092342
213054	0.001969147202
213055	0.001772382179
213056	0.005278399726
213057	0.002016656704
213058	0.004689401539
213059	0.001691787773
213060	0.001035400269
213061	0.002774867122
213062	0.0001249837173
213063	0.004777375366
213064	0.002135731103
213065	0.003133523506
213066	0.00273955347
213067	0
213068	0.002859135164
213069	0.001469381565
213070	0.002151160033
213071	0.003044538529
213072	0.00180731404
213073	0.00273014353
213074	0.003402268616
213075	0.002884865417
213076	0.0001870542403
213077	5.191253881e-05
213078	0.001082206328
213079	0.004246551007
213080	0.0004868856725
213081	0.003386289803
213082	0.001631267302
213083	0.000266867033
213084	0.001450598105
213085	0.003537148861
213086	0.004026565678
213087	0.001035384753
213088	0.006274551317
213089	0.001173606672
213090	0.0004293810416
213091	0.002581765355
213092	0.001659272258
213093	0.0008595328212
213094	0.001865356566
213095	0.002739364313
213096	0.002223546125
213097	0.002427174595
213098	0.00103150152
213099	0.004432912441
213100	0.0005093660851
213101	0.001876277406
213102	0.001107484773
213103	0.0002021010345
213104	0.0008438378738
213105	0.0017682043
213106	0.0001977934043
213107	0.001140724596
213108	0.005681896213
213109	0.002818946608
213110	0.001130908611
213111	0.001048728337
213112	6.357779863e-06
213113	0.0007667048361
213114	0.00287965756
213115	0.0008172728484
213116	0.003722045105
213117	1.400665883e-05
213118	0.004302841451
213119	0.003963823348
213120	0.002333853216
213121	0.001014573686
213122	0.00184278104
213123	0.0009416849516
213124	0.002556198377
213125	0.0001474211752
213126	0.0001278389683
213127	0.004241705427
213128	0.0001796765887
213129	0.0007742356283
213130	0.004010032673
213131	0.0005665756339
213132	0.00267886405
213133	0.001433977075
213134	0.0002323256175
213135	0.002378972868
213136	0.0002757128429
213137	0.00263998827
213138	3.306776718e-05
213139	0.003279453315
213140	0.0001347702387
213141	0.0001800165039
213142	0.001406306983
213143	0.001225269302
213144	0.000951709331
213145	0.0005152205088
213146	0.002455778067
213147	0.003506376105
213148	0.0003489644654
213149	0.002548632506
213150	0.004357752796
213151	0.002143576218
213152	0.004053405426
213153	0.0001510564111
213154	0.0001607459456
213155	0.001119085953
213156	0.001378207346
213157	0.0006629002264
213158	0.006286161872
213159	0.009233180799
213160	1.922417316e-05
213161	0.00113366443
213162	0.003101420995
213163	0.001854506528
213164	0.001991502787
213165	0.003023896937
213166	0.002946837036
213167	0.001062301771
213168	0.002733622217
213169	0.0004564058171
213170	0.005655633336
213171	0.0007586886956
213172	0.0005433761874
213173	0.000102236561
213174	0.002095062878
213175	0.002316316467
213176	0.0003905506519
213177	0.0001046792388
213178	0.002669359098
213179	0.0009635378813
213180	0.0003103094938
213181	0.002988918253
213182	0.002196587439
213183	0.001438717363
213184	0.001757375208
213185	0.001602470246
213186	0.002286121954
213187	0.0002933167204
213188	0.002345052729
213189	0.001576659361
213190	0.001681340983
213191	0.002534592622
213192	0.002013831146
213193	0.0006056007061
213194	0.0003861212046
213195	0.001058793764
213196	0.002836024797
213197	0.001285196341
213198	0.002848789986
213199	0.002232600419
213200	0.005531085719
213201	0.004109311224
213202	0.0008113161125
213203	0.001648055864
213204	0.003432562864
213205	0.001227676192
213206	0.003487516437
213207	0.002364540233
213208	0.001690765839
213209	0.001294249385
213210	0.001568568439
213211	0.0007089084669
213212	0.001827878587
213213	0.004431256445
213214	0.002277337832
213215	0.003616036274
213216	0.001859359641
213217	0.001891939515
213218	0.001929701471
213219	0.002822016135
213220	0.001104430343
213221	0.00286820401
213222	0.001268152925
213223	0.0004808867282
213224	0.002848391271
213225	0.0003800164777
213226	0.0005766998899
213227	0.001438009417
213228	0.002700199451
213229	7.403569159e-05
213230	0.004223071607
213231	0.002573286146
213232	0.002341415045
213233	0.003312905207
213234	0.003748703003
213235	0.002322882453
213236	0.002628574222
213237	0.0002974749976
213238	0.003696717042
213239	0.003185347579
213240	0.003954978359
213241	0.002009038859
213242	0.001657104219
213243	0.002437500956
213244	0.001281491449
213245	0.001128806925
213246	0.0009975167505
213247	0.003581458245
213248	0.00342334406
213249	0.003028530593
213250	0.00272119964
213251	0.003058382812
213252	0.001550627702
213253	0.005528736884
213254	0.0001440673857
213255	0.001418921806
213256	0.0008494496249
213257	0.0009759364237
213258	3.884184435e-06
213259	0.001368646513
213260	0.001087854743
213261	0.002359624565
213262	0.0004055854265
213263	0.001633704425
213264	0.001522217562
213265	0.002833071454
213266	0.0005793132872
213267	0.003919575685
213268	0.005368825729
213269	0.003073043228
213270	0.002597874696
213271	0.001112437139
213272	0.0005314519753
213273	0.002756005605
213274	0.003863368094
213275	0.004038584812
213276	0.000339340943
213277	0.0002273607063
213278	0.00394593536
213279	0.005048251049
213280	0.0002501232259
213281	0.003740324384
213282	0.003470763477
213283	0.003369674944
213284	1.267804104e-05
213285	0.004093697663
213286	0.0009388479055
213287	0.001326513232
213288	0.003142894471
213289	0.003177573682
213290	0.003853590967
213291	0.001011881933
213292	0.000841124648
213293	4.449181736e-05
213294	0.001006693551
213295	0.00146882931
213296	0.002046064764
213297	0.0005767605985
213298	0.0001203523308
213299	0.001648760365
213300	0.0003563545059
213301	0.004273553482
213302	0.00208732996
213303	0.0003145749241
213304	0.0026624692
213305	0.003184342963
213306	0.001103667084
213307	0.003740377659
213308	0.002144446537
213309	0.001439633598
213310	0.001954110542
213311	0.005252823042
213312	0.004567881057
213313	0.002873994528
213314	0.0003382804146
213315	0.005117372575
213316	0.002545326331
213317	0.0009457629379
213318	0.002174847998
213319	0.0005563857433
213320	0.0003066389955
213321	0.0007928946223
213322	0.0004276069139
213323	0.0003018855335
213324	0.0004995404337
213325	0.000250438505
213326	0.000247842973
213327	0.003664135436
213328	0.001052851421
213329	0.00431653939
213330	0.002721437554
213331	0.003557973212
213332	0.00330060155
213333	0.0007265397516
213334	4.320163197e-05
213335	0.001198581276
213336	0.0005835849579
213337	0.003710713406
213338	0.0005560451939
213339	0.001955845914
213340	0.002617151337
213341	0.001668761389
213342	0.001559927387
213343	0.0009919937172
213344	0.003634462242
213345	0.003667969346
213346	0.002982086277
213347	0.0029815433
213348	0.0008090716143
213349	0.003163506641
213350	0.0004658273698
213351	0.00147472465
213352	0.0002612122279
213353	0.001492459201
213354	4.997342334e-05
213355	0.003747637756
213356	0.003396002559
213357	0.001756539455
213358	0.001064542451
213359	0.0008547956654
213360	0.002284576746
213361	0.001165492695
213362	0.0002605414891
213363	0.0005346818823
213364	0.00014083893
213365	7.937988902e-05
213366	0.00169704525
213367	0.001825730115
213368	0.0004863403753
213369	0.004198287096
213370	0.001828525389
213371	0.0004301453465
213372	0.0001969137727
213373	0.002333098284
213374	0.002542165656
213375	3.688801877e-05
213376	0.0007177265054
213377	0.003105049826
213378	0.001885386152
213379	0.0004845857298
213380	0.002679200097
213381	0.0003040494739
213382	0.001331388613
213383	0.001133765225
213384	0.002453168025
213385	0.004123787017
213386	0.001101179392
213387	0.002758456528
213388	0.0007070813836
213389	0.001639012395
213390	0.00132783495
213391	0.002222288758
213392	0.001002338642
213393	0.0007715053677
213394	0.0009865250431
213395	0.0003848068922
213396	0.002045829359
213397	0.001257879324
213398	0.003696424913
213399	0.0001619151799
213400	0.0009094382172
213401	7.246981164e-05
213402	0.0009188574542
213403	0.000707307213
213404	0.002589547719
213405	0.002859166191
213406	0.0002186020539
213407	0.001251755928
213408	0.0009158819391
213409	0.001555894695
213410	0.003755804982
213411	0.0008560668793
213412	0.0009852170001
213413	0.002027526914
213414	0.001664526258
213415	0.002004572805
213416	0.004200247813
213417	0.003317465775
213418	0.002012481882
213419	9.714945889e-05
213420	0.001524541984
213421	0.002171275354
213422	0.001880940825
213423	0.00145610315
213424	0.001506209377
213425	5.224034866e-05
213426	0.002550322889
213427	0.002615659862
213428	0.001010580733
213429	0.0004048670112
213430	0.0001733498627
213431	0.0001060055061
213432	0.0007695991198
213433	0.003595131755
213434	7.34587567e-05
213435	0.002388751217
213436	0.0009326122391
213437	1.360705877e-05
213438	0.001600678743
213439	0.00377340848
213440	0.003643107629
213441	0.0001661116773
213442	0.001266029314
213443	0.0007499204894
213444	0.0007946578939
213445	7.838713702e-05
213446	0.005067517479
213447	0.0003039845618
213448	0.001295926272
213449	0.0003985275088
213450	0.007206686678
213451	0.0009977114148
213452	0.0002936661406
213453	0.0007183355844
213454	0.002761157511
213455	0.0034983435
213456	0.0005438473219
213457	0.0007777390328
213458	0.0005950070806
213459	9.652552439e-05
213460	0.0003991856779
213461	0.00454363747
213462	0.001287719782
213463	0.002482078084
213464	0.0003502863812
213465	0.0007891671148
213466	0.0003120155332
213467	0.0002591643366
213468	0.002113064074
213469	0.0005837149898
213470	0.0005056368136
213471	0.0009426831158
213472	0.0003685069671
213473	0.0008610216849
213474	0.001109533195
213475	0.003026191813
213476	0.001976927274
213477	0.003272480853
213478	0.0004315602015
213479	0.003970006406
213480	0.002351884135
213481	8.233455793e-05
213482	0.000284436276
213483	0.001136981326
213484	0.0006211565679
213485	0.0007527697981
213486	0.001070491217
213487	0.001181563993
213488	0.003154692482
213489	0.00382277706
213490	0.002784446816
213491	0.004302027474
213492	0.00247223349
213493	0.000857967167
213494	0.001484418779
213495	0.00253091376
213496	0.003579723499
213497	0.003305086231
213498	0.0002671542167
213499	0.0003831015163
213500	0.0007157571196
213501	0.001330709292
213502	0.002708964986
213503	0.0002618538219
213504	0.001220645915
213505	0.004479774587
213506	0.00295070561
213507	0.002992279421
213508	0.0001805021774
213509	8.369536624e-05
213510	0.0007375895995
213511	0.0009311995931
213512	0.000711381432
213513	0.002269127343
213514	0.002753758784
213515	0.001492194507
213516	0.0004923311035
213517	0.002623556402
213518	0.0003619815768
213519	0.0002187506174
213520	0.0003116765523
213521	0.002836062955
213522	0.001511577302
213523	0.002122780227
213524	0.002150296096
213525	5.632408267e-05
213526	0.0004718438042
213527	0.005292738137
213528	0.0001944780743
213529	0.001718172371
213530	9.619199475e-05
213531	0.0002044020526
213532	0.0004540380332
213533	9.290845804e-05
213534	0.0003465749026
213535	0.0001796567839
213536	8.18560788e-05
213537	0.0002937537892
213538	2.29087873e-05
213539	0.0002279422727
213540	0.0005721872089
213541	6.293781678e-05
213542	0.0008998161043
213543	5.039424798e-05
213544	0.0003285788516
213545	0.0001423364151
213546	0.0005076635532
213547	0.000593555692
213548	0.0001338248578
213549	0.0006239370182
213550	7.030150119e-05
213551	0.0001388155661
213552	0.000540348388
213553	0.0004548032865
213554	0.0001881301464
213555	0.0001503771807
213556	2.187276354e-05
213557	0.0001385558985
213558	0.006119505252
213559	0.001166100259
213560	6.057885415e-05
213561	0.003577140479
213562	0.0007160316337
213563	0.002095616576
213564	0.0007582354689
213565	0.0007500007103
213566	0.00537169497
213567	0.0003959110231
213568	0.002515420647
213569	0.003507722087
213570	0.0002051711367
213571	0.001263012915
213572	0.0003354134124
213573	0.0007921511084
213574	0.0001430003503
213575	0.0005455256605
213576	0.000264283449
213577	0.0002016131813
213578	1.95359598e-05
213579	0.0008976211547
213580	0.0004592466786
213581	0.0004098321851
213582	0.0004187923734
213583	0.0001932571765
213584	9.91957004e-05
213585	0.0003443697813
213586	0.0005890639105
213587	0.0007718968851
213588	0.001068445961
213589	0.0008578572104
213590	0.002375762174
213591	0.002445010955
213592	0.0007967744649
213593	0.003517732488
213594	0.001329005313
213595	0.0007126266964
213596	6.989780494e-05
213597	0.0003925359316
213598	0.0002844989133
213599	0.001269602795
213600	0.0003484521547
213601	0.0006405607451
213602	0.0002182060373
213603	0.001032549179
213604	0.0006390993702
213605	0.000904071415
213606	8.708373353e-05
213607	0.001609004382
213608	0.001420729996
213609	0.001911813159
213610	0.002983717037
213611	8.611602266e-05
213612	0.0008736361488
213613	0.000607309171
213614	0.0001219632924
213615	0.0004026566477
213616	0.0009728279532
213617	0.0001867579821
213618	0.0004480578488
213619	8.989834387e-05
213620	0.0003199757296
213621	0.0007029547319
213622	0.002466085963
213623	0.0009664138173
213624	0.000130378887
213625	0.003519378362
213626	0.001460710113
213627	0.0006205987114
213628	0.0007097635419
213629	0.001918402667
213630	0.003100042932
213631	0.0004647252963
213632	0.0009756764987
213633	0.002922928079
213634	0.0005469758992
213635	0.000976565527
213636	0.003282483578
213637	0.0007352990463
213638	0.00175390206
213639	0.0006201102297
213640	0.001111753039
213641	0.0001468631455
213642	0.0004434866591
213643	0.0006332562082
213644	0.002743033228
213645	0.0008029251692
213646	0.001167762259
213647	0.001451097317
213648	0.0003889716824
213649	0.0009768425239
213650	0.001035770726
213651	0.003991078868
213652	0.0006864594037
213653	0.0005227542607
213654	0.00455326687
213655	0.0002813413506
213656	0.004099327569
213657	0.001504012903
213658	0.0006319645046
213659	0.002258282713
213660	0.004288594848
213661	0.002113163818
213662	0.001403842024
213663	0.00110869666
213664	0.001478557156
213665	3.307651267e-05
213666	0.003279986065
213667	0.0009937905638
213668	0.000976441205
213669	0.0004996675391
213670	0.0004961480756
213671	0.0005698086177
213672	0.0004430115762
213673	0.0007448720368
213674	0.0001002456296
213675	0.001237206906
213676	0.0003942883614
213677	0.000744965004
213678	0.0007265245911
213679	0.001560759243
213680	0.001128352854
213681	0.0005906588275
213682	0.002100020648
213683	8.152614219e-07
213684	0.004267982345
213685	0.004372881452
213686	0.003260811567
213687	0.000919581624
213688	0.002855290387
213689	0.00418323383
213690	0.0004715712761
213691	0.001609566996
213692	0.0003822128645
213693	1.666177326e-05
213694	0.001548567262
213695	0.0001798692164
213696	0.001445484125
213697	0.001431481191
213698	0.0005859324833
213699	0.001367323016
213700	0.001438545519
213701	0.001817776665
213702	0.0005068368709
213703	0.002335446677
213704	0.0006756574977
213705	0.000714214044
213706	0.000227964505
213707	0.002341516402
213708	0.001063760354
213709	2.352312502e-05
213710	0.0001564609564
213711	0.001587005446
213712	0.0006827890363
213713	0.003519464558
213714	0.0002002971289
213715	0.0005593721693
213716	9.493381385e-05
213717	0.0004971893719
213718	0.001612346607
213719	0.002227270617
213720	0.0009347444769
213721	6.626077204e-05
213722	0.004581745076
213723	0.001460651234
213724	0.000354621395
213725	0.0007927023459
213726	0.002178021836
213727	0.001970823061
213728	0.0005133112993
213729	0.0017350915
213730	0.001427129594
213731	0.001523984936
213732	0.002992871063
213733	0.0002092835761
213734	0.0008694083326
213735	0.001041761313
213736	0.00312946814
213737	0.0002203176901
213738	0.0001674221707
213739	0.0009047621037
213740	0.00109322999
213741	0.002229964692
213742	0.004536093391
213743	0.003917282215
213744	0.001731237575
213745	0.003973507612
213746	0.004147131439
213747	0.004047894864
213748	0.003463771033
213749	0.0009222290331
213750	0.002516433345
213751	0.003137660497
213752	0.0001493957125
213753	0.0006941306123
213754	0.002231908483
213755	0.001144207058
213756	0.003820730914
213757	0.001186688498
213758	0.002257913538
213759	0.00161640944
213760	0.00176590336
213761	0.005142392272
213762	0.003488812438
213763	0.002174790761
213764	0.000163604906
213765	0.002342563764
213766	0.0006633648651
213767	0.0002175214012
213768	0.005044423018
213769	0.0003470676014
213770	0.002035853604
213771	0.0008681903791
213772	0.003926949757
213773	0.001170522699
213774	0.001999081198
213775	0.003530274103
213776	0.001297690684
213777	0.0034994833
213778	0.0005753662866
213779	0.000539464729
213780	0.001205434581
213781	0.00693022606
213782	0.002161662366
213783	0.0001572235877
213784	0.0001596535111
213785	8.850318556e-05
213786	0.00206517847
213787	0.001931202543
213788	0.0029871936
213789	0.0003861270926
213790	0.0006893474273
213791	0.0002455895901
213792	0.004924959515
213793	0.005147853228
213794	0.005472819254
213795	0.002355583942
213796	0.003811105631
213797	0.004816152144
213798	0.002081776421
213799	0.003555933339
213800	0.003973313498
213801	0.005024097021
213802	0.0006552327292
213803	0.0006008817016
213804	0.005569647281
213805	6.309315071e-05
213806	0.004755769695
213807	0.0005902607817
213808	0.01032845838
213809	0.006425658706
213810	0.001607808931
213811	0.005971483954
213812	0.002412489035
213813	0.0004820653308
213814	0.007568387555
213815	0.004105185428
213816	0.003129331394
213817	0.003005067913
213818	0.001561849387
213819	0.001266710585
213820	0.0008300392321
213821	0.002564712879
213822	0.001371418868
213823	0.003680045603
213824	0.0006866394062
213825	0.01150105296
213826	0.005298089315
213827	0.003367553239
213828	0.006594367067
213829	0.003430592503
213830	0.003654589393
213831	0.001367525356
213832	0.0003228447067
213833	0.003618651012
213834	0.0002047256229
213835	0.003295162674
213836	0.0007850536369
213837	0.002524750431
213838	0.0006301586587
213839	0.003803082665
213840	0.003289759827
213841	0.00253171686
213842	0.0002389825945
213843	0.004345575244
213844	0.003647605052
213845	0.0035734101
213846	0.005550185677
213847	0.002150481973
213848	0.002155374128
213849	0.0030332759
213850	0.005287293741
213851	0.005633670061
213852	0.0007967061388
213853	0.003053440677
213854	5.823511319e-05
213855	0.001393358211
213856	0.001233989731
213857	0.004012377757
213858	0.0008442158
213859	0.000365881021
213860	0.001108508808
213861	0.0004466361024
213862	0.003216680361
213863	0.0009485871114
213864	0.001221746553
213865	0.0002017973883
213866	0.001695490949
213867	0.001081903683
213868	0.001924721251
213869	0.001094928969
213870	0.001134475473
213871	0.004262826572
213872	0.0009173839557
213873	0.004377541065
213874	0.000919112855
213875	0.0001252400428
213876	0.003186587643
213877	0.0008188302268
213878	0.0003620967131
213879	0.002153043456
213880	0.002254034033
213881	0.0002302822329
213882	0.0004625128795
213883	0.0009844844029
213884	0.002913688649
213885	0.004980506198
213886	0.001909376947
213887	0.0006727636386
213888	0.0003198562266
213889	0.00184217239
213890	7.480219487e-05
213891	0.001541646216
213892	0.002950596068
213893	0.003297041527
213894	0.001249799683
213895	0.0003611575958
213896	0.001446470052
213897	0.003912857819
213898	0.001381115446
213899	0.004895511721
213900	0.001453384607
213901	0.001470710131
213902	0.002290315094
213903	0.00192128203
213904	0.0003335139603
213905	0.001995069331
213906	0.001578360068
213907	0.000754030442
213908	0.000382583438
213909	0.002913588462
213910	0.0009947437379
213911	0.002172487976
213912	0.0008373484482
213913	0.005461277543
213914	0.001178051547
213915	0.0004360634992
213916	0.0008987333859
213917	9.908044174e-06
213918	0.001899499195
213919	0.0005020758664
213920	0.001164110218
213921	0.001705901434
213922	0.001769607888
213923	0.004155104247
213924	0.0006072558214
213925	0.0004293244024
213926	0.0031434437
213927	0.002219580182
213928	0.003643049892
213929	0.0008069391931
213930	0.0003126641511
213931	0.005375902642
213932	0.0004468971957
213933	0.0008734639258
213934	0.002591861606
213935	0.003793262363
213936	0.001185827146
213937	0.003904373063
213938	0.0003680045574
213939	0.001111723331
213940	0.003643354657
213941	0.0005296260955
213942	0.006883043807
213943	0.002663268907
213944	0.001631557947
213945	0.0027340394
213946	0.00168507892
213947	0.00304317084
213948	0.001521532331
213949	0.002703990375
213950	0.004200731732
213951	0.0004743135981
213952	0.002512118012
213953	0.000653475792
213954	0.0003250139258
213955	0.0001468683744
213956	0.0023777306
213957	0.001208567638
213958	0.001310724441
213959	0.0001634524631
213960	0.0003239314478
213961	0.001460628314
213962	0.005139465215
213963	0.001156508105
213964	0.000320609151
213965	0.001993981419
213966	0.001339486196
213967	0.001541996153
213968	0.001703931348
213969	0.0003470019291
213970	0.0008813035217
213971	0.000934622507
213972	0.0005334517893
213973	0.000307634574
213974	0.001553052232
213975	0.0007324279612
213976	0.005291447137
213977	0.0003515710088
213978	0.0008671308894
213979	0.005812967327
213980	0.005278408176
213981	0.004641157878
213982	0.005086517469
213983	0.00484697466
213984	0.003887887675
213985	0.004412597872
213986	0.004321550081
213987	0.004625994384
213988	0.005068463222
213989	0.004803758104
213990	0.004889911603
213991	0.004353537521
213992	0.004502934621
213993	0.004245789606
213994	0.005067361375
213995	0.005199737825
213996	0.004519480696
213997	0.004392925188
213998	0.005081486316
213999	0.004468199377
214000	0.00504906348
214001	0.004650826649
214002	0.001342955255
214003	0.002287133278
214004	0.005504384776
214005	0.004268789673
214006	0.005190511518
214007	0.002154874776
214008	0.001935625537
214009	0.002790559415
214010	0.00164579748
214011	0.002028591002
214012	0.0006419736823
214013	0.003546431768
214014	0.002884071891
214015	0.004088967768
214016	0.0013638866
214017	0.0001082194954
214018	0.005006055457
214019	0.001389847207
214020	0.001473829886
214021	0.0003538502541
214022	0.003048494198
214023	0.001433651141
214024	0.003567412172
214025	0.002757573362
214026	2.32988696e-05
214027	0.005712711471
214028	5.197705444e-05
214029	0.0008616283645
214030	0.003138199723
214031	0.007056398717
214032	0.003819645664
214033	0.003127526665
214034	0.002519659092
214035	0.005012888194
214036	7.654457098e-05
214037	0.002073192054
214038	0.00123030715
214039	0.001778849527
214040	0.003653701631
214041	0.000461961222
214042	0.002572439695
214043	0.000511866418
214044	0.00488447379
214045	9.244863932e-05
214046	0.0001394115637
214047	0.002534647929
214048	0.006425337849
214049	0.0007908722941
214050	0.0004179160255
214051	0.001562801884
214052	0.0002125768008
214053	0.001291823669
214054	0.001792414746
214055	0.001243444274
214056	0.002131817412
214057	0.004594206926
214058	6.463522477e-05
214059	0.001222338571
214060	0.0005087928627
214061	0.004732258434
214062	0.0004863678424
214063	0.004051430896
214064	0.001240827246
214065	0.003632927105
214066	0.0009721074866
214067	0.001773209612
214068	0.001219521822
214069	0.0003279025917
214070	0.0003323782537
214071	0.002426243288
214072	0.004505576759
214073	0.000855928491
214074	0.002575814491
214075	0.002400642486
214076	0.00435371962
214077	0.001007108473
214078	0.002052324274
214079	0.000256637001
214080	0.003157630938
214081	0.0009462467557
214082	0.002696873806
214083	0.00390866446
214084	0.002723302789
214085	0.0002508112881
214086	0.001417878596
214087	0.001345583282
214088	0.001332268532
214089	0.006407881171
214090	0.001049181951
214091	0.004324024074
214092	0.001908582726
214093	0.002001880205
214094	0.005340557645
214095	0.001708283336
214096	0.0007498878371
214097	0.001458166277
214098	0.0002041988876
214099	0.001019797926
214100	0.0009002688144
214101	0.001746130935
214102	0.001410430232
214103	0.001547269812
214104	0.0002237082648
214105	0.002719954438
214106	0.0004524869956
214107	0.002705581353
214108	0.0002983159611
214109	0.003854757131
214110	0.00358948378
214111	0.002108788776
214112	0.0008354404194
214113	0.003859768629
214114	0.002633132973
214115	0.003383561654
214116	0.0006625172667
214117	5.950741616e-06
214118	0.0007861467626
214119	0.004238955948
214120	0.003412589902
214121	0.001405022254
214122	0.004239602258
214123	0.0006984531676
214124	8.509048575e-06
214125	0.002092217585
214126	0.003745128078
214127	0.006061715827
214128	0.005674642121
214129	0.001838857043
214130	0.00538348985
214131	0.001648225864
214132	0.005319333015
214133	0.003707470712
214134	0.001120089382
214135	0.002272679229
214136	0.002875429688
214137	0.001016517148
214138	0.0008413828219
214139	0.002096944629
214140	4.686147518e-05
214141	0.001275482235
214142	6.341426728e-05
214143	0.001697014174
214144	0.002783295929
214145	0.0004390554679
214146	0.001156154047
214147	0.002689460788
214148	0.0006724863561
214149	0.000600514126
214150	0.0002799307629
214151	0.001494480744
214152	0.0004898694067
214153	0.002971652245
214154	0.006217093861
214155	0.00126267865
214156	0.0004358021134
214157	8.543384518e-05
214158	0.0003246973344
214159	0.0005469258021
214160	7.24863314e-05
214161	0.0002214695102
214162	0.0004506464454
214163	0.0003506838289
214164	0.0002947756329
214165	3.747323559e-05
214166	0.0005179433598
214167	3.024540773e-05
214168	0.0003874733995
214169	8.651375349e-05
214170	0.001145805408
214171	0.0004779750348
214172	0.0001147811847
214173	0.0004230702491
214174	0.0001456997715
214175	0.0002197982457
214176	7.154386282e-05
214177	0.0001650540363
214178	0.0001247374148
214179	6.424667126e-05
214180	0.0006358061762
214181	0.0003880282299
214182	0.0001972165327
214183	6.691113755e-05
214184	0.0001093715304
214185	0.0003467510255
214186	0.0004950817834
214187	0.0002702468629
214188	0.0002909256945
214189	1.228018469e-08
214190	0.004222054713
214191	0.004387022445
214192	0.002485927096
214193	0.003430216128
214194	0.0001995968705
214195	0.002270440317
214196	0.005240255842
214197	0.004826031096
214198	0.001424266052
214199	0.00479769273
214200	0.004481979241
214201	0.004473608527
214202	0.004868130494
214203	0.005277072272
214204	0.00147386883
214205	0.001280004409
214206	0.0007404807131
214207	0.004333120783
214208	0.00528546467
214209	0.004492492428
214210	0.004504357202
214211	0.00488667327
214212	0.006050042842
214213	0.004932537699
214214	0.003928409217
214215	0.004551701268
214216	0.004969546611
214217	0.004857428574
214218	0.005120342387
214219	0.005391202208
214220	0.004974216197
214221	0.0051044762
214222	0.004881316579
214223	0.004346055056
214224	0.004828211002
214225	0.004287337068
214226	0.004971214771
214227	0.004510201336
214228	0.004643139357
214229	0.004695493499
214230	0.004831551956
214231	0.004993364748
214232	0.004784166499
214233	0.004829979401
214234	0.004794493748
214235	0.00474088465
214236	0.005032955018
214237	0.004673158508
214238	0.004731950486
214239	0.005009680786
214240	0.005004980383
214241	0.004227702447
214242	0.004959436089
214243	0.005104438321
214244	0.005125664196
214245	0.004495780803
214246	0.004687799765
214247	0.004558934558
214248	0.004108872645
214249	0.005238280387
214250	0.004984944794
214251	0.004524255476
214252	0.004236386475
214253	0.004501916305
214254	0.004334002142
214255	0.004486779431
214256	0.004768689126
214257	0.004231529188
214258	0.004247790748
214259	0.004682158092
214260	0.004833769768
214261	0.006071951339
214262	0.004924468779
214263	0.004460266686
214264	0.00483001305
214265	0.005014921534
214266	0.005020850453
214267	0.005368821963
214268	0.005015665473
214269	0.005157334749
214270	0.005114365891
214271	0.00486732589
214272	0.004772510393
214273	0.004448157205
214274	0.004441748145
214275	0.00420529379
214276	0.004575979257
214277	0.004739908308
214278	0.005053295573
214279	0.004175288438
214280	0.004866615413
214281	0.005109048688
214282	0.005224763486
214283	0.004463244156
214284	0.004375453881
214285	0.004522616126
214286	0.005162597688
214287	0.004657466889
214288	0.005611328926
214289	0.004356830022
214290	0.004464600729
214291	0.004538674429
214292	0.005343098069
214293	0.004833384698
214294	0.004301875328
214295	0.004204297861
214296	0.004502110156
214297	0.004491758866
214298	0.004920409829
214299	0.00430309451
214300	0.004174591882
214301	0.005559978336
214302	0.00507509695
214303	0.004974443049
214304	0.004497960608
214305	0.00510284046
214306	0.004472952295
214307	0.004768372856
214308	0.005041510131
214309	0.004450934572
214310	0.005097773682
214311	0.0020050489
214312	0.005272034292
214313	0.004276864853
214314	0.004710140071
214315	0.004507110706
214316	0.004651072134
214317	0.004643348011
214318	0.004253872778
214319	0.004317585999
214320	0.005018565077
214321	0.005343289236
214322	0.00504782725
214323	0.004894948018
214324	0.004865408801
214325	0.004348770023
214326	0.00499943276
214327	0.005101082266
214328	0.004877711759
214329	0.004880501381
214330	0.004050443546
214331	0.005029093229
214332	0.004958670219
214333	0.004790799302
214334	0.0003215797987
214335	0.003095613099
214336	0.004919411329
214337	0.004341149507
214338	0.00297619127
214339	0.005125429402
214340	0.005075492865
214341	0.005840998091
214342	0.005305652643
214343	0.003665151103
214344	0.003949274439
214345	0.004936327364
214346	0.004433527188
214347	0.005456451
214348	0.004326124148
214349	0.004107384203
214350	0.004243765097
214351	0.004353476738
214352	0.00520608032
214353	0.004918328677
214354	0.004789146349
214355	0.00480526521
214356	0.004333655412
214357	0.00475560816
214358	0.004715163711
214359	0.005074729413
214360	0.005307194904
214361	0.004760962213
214362	0.005149019912
214363	0.004997165744
214364	0.004863847829
214365	0.004468982243
214366	0.004439898369
214367	0.004954599727
214368	0.005039848912
214369	0.004755172565
214370	0.0045602345
214371	0.004645284342
214372	0.004327527642
214373	0.004555499504
214374	0.005127988301
214375	0.005163856741
214376	0.004482620881
214377	0.005113811339
214378	0.004196219412
214379	0.004672769969
214380	0.004896257877
214381	0.004712164651
214382	0.004301332646
214383	0.004544598181
214384	0.004585768488
214385	0.004084472312
214386	0.004596818791
214387	0.005513856717
214388	0.004946816518
214389	0.004946036015
214390	0.004113273761
214391	0.005532191566
214392	0.004583759219
214393	0.004116972684
214394	0.004666112525
214395	0.004547415188
214396	0.005048769253
214397	0.004567126829
214398	0.005237357473
214399	0.00474098444
214400	0.004555950715
214401	0.00417842862
214402	0.005044609222
214403	0.004447743161
214404	0.004435642623
214405	0.004824095971
214406	0.003813299566
214407	0.004777451997
214408	0.005800472838
214409	0.00419878314
214410	0.005198347723
214411	0.005065251588
214412	0.005813214665
214413	0.003950217097
214414	0.005191611584
214415	0.005092275107
214416	0.005017855775
214417	0.00450050909
214418	0.004741775315
214419	0.004571782198
214420	0.004720988464
214421	0.004931099639
214422	0.005081043545
214423	0.004926248579
214424	0.004477972612
214425	0.004827663984
214426	0.004770632458
214427	0.005617397064
214428	0.005124258981
214429	0.004648647546
214430	0.004601386106
214431	0.004286714835
214432	0.004343842587
214433	0.004860432861
214434	0.005735765012
214435	0.004703173991
214436	0.004826124461
214437	0.005151473438
214438	0.004898392002
214439	0.004946307115
214440	0.004819729985
214441	0.004701469273
214442	0.004846646683
214443	0.00484397554
214444	0.004611951245
214445	0.00455261108
214446	0.005293151285
214447	0.004962841787
214448	0.00523474469
214449	0.004432870775
214450	0.004888392624
214451	0.004798381344
214452	0.004772757447
214453	0.002913203788
214454	0.002459750482
214455	0.005063472553
214456	0.004218889201
214457	0.004818994765
214458	0.004780517526
214459	0.004937648408
214460	0.005306262741
214461	0.005312097143
214462	0.004675806395
214463	0.00548467595
214464	0.004585409465
214465	0.004459350776
214466	0.004334804929
214467	0.004949325333
214468	0.004205896669
214469	0.003996805156
214470	0.005173388714
214471	0.004809147252
214472	0.004031189547
214473	0.005407120862
214474	0.005296572094
214475	0.004857664351
214476	0.004594345863
214477	0.004415336989
214478	0.005348571005
214479	0.004568202439
214480	0.00476079049
214481	0.005014840473
214482	0.004254774472
214483	0.005259117662
214484	0.004474963209
214485	0.005332485735
214486	0.004620388257
214487	0.004578152657
214488	0.005095500077
214489	0.005226841921
214490	0.004574297534
214491	0.004553351203
214492	0.005148185752
214493	0.004369478361
214494	0.003140908535
214495	0.005256915955
214496	0.003082018481
214497	0.00462279285
214498	0.003442863407
214499	0.005082558948
214500	0.004774737195
214501	0.00555348914
214502	0.004813415157
214503	0.004793195794
214504	0.004648599323
214505	0.005109517471
214506	0.004681597654
214507	0.004533538277
214508	0.004490489443
214509	0.004846185221
214510	0.004419010372
214511	0.004730435743
214512	0.004721692806
214513	0.004658768537
214514	0.004979604846
214515	0.005248903008
214516	0.005068159239
214517	0.004742196596
214518	0.004022497422
214519	0.004316963053
214520	0.004965836974
214521	0.005168135401
214522	0.004263024519
214523	0.004603974011
214524	0.004547407338
214525	0.005781293386
214526	0.00410197407
214527	0.00490819598
214528	0.004726835765
214529	0.005004779963
214530	0.003169762632
214531	0.004415764078
214532	0.004078368478
214533	0.005038050408
214534	0.0005914858088
214535	0.005331583642
214536	0.005166632398
214537	0.005041359947
214538	0.005157724409
214539	0.002410578123
214540	0.004849832696
214541	0.004838622283
214542	0.004072867157
214543	0.004923360757
214544	0.004791704654
214545	0.004722722898
214546	0.00610618735
214547	0.00545955407
214548	0.0059171338
214549	0.004138190491
214550	0.004249495317
214551	0.005665992626
214552	0.00541411451
214553	0.004731960215
214554	0.00381276857
214555	0.004014072294
214556	0.00152270661
214557	0.001608729275
214558	0.004805418158
214559	0.002338206163
214560	0.00507203721
214561	0.003017917788
214562	0.005654400347
214563	0.005454977766
214564	0.003662586805
214565	0.003350251674
214566	0.005610931547
214567	0.004292044541
214568	0.005102777403
214569	0.005496567611
214570	0.003832780809
214571	0.004470776245
214572	0.004739501174
214573	0.005139981354
214574	0.004880440588
214575	0.004855858428
214576	0.004661640484
214577	0.005113257634
214578	0.005082952254
214579	0.004744069107
214580	0.004281263278
214581	0.004841231602
214582	0.003893649353
214583	0.005021889252
214584	0.004699105448
214585	0.004097792969
214586	0.004211341448
214587	0.004465103849
214588	0.004888119591
214589	0.004761957058
214590	0.005306465977
214591	0.004603598334
214592	0.005176806954
214593	0.004927387988
214594	0.005031743429
214595	0.004205993616
214596	0.004296707355
214597	0.004627473279
214598	0.0047226816
214599	0.005340260816
214600	0.005048081314
214601	0.005067927866
214602	0.004946033064
214603	0.005044580381
214604	0.004774370735
214605	0.004935939362
214606	0.004571139627
214607	0.004541653395
214608	0.004996639974
214609	0.004168079944
214610	0.004453693583
214611	0.004051130344
214612	0.001934013831
214613	0.002836130675
214614	0.004235713293
214615	0.004803728857
214616	0.003605074516
214617	0.0040038129
214618	0.004125911068
214619	0.005074706227
214620	0.002150182611
214621	0.002250804739
214622	0.002847204652
214623	0.003355127397
214624	0.00629295225
214625	0.004529706555
214626	0.0003924142895
214627	0.004979607028
214628	0.001421977623
214629	0.0005603518265
214630	0.003628721159
214631	0.003856816254
214632	0.004003251123
214633	0.001742619141
214634	0.001301492617
214635	0.003332731082
214636	0.00526340352
214637	0.003195851869
214638	0.0001532613514
214639	0.00405823056
214640	5.062525563e-05
214641	0.002270250353
214642	0.001683402025
214643	0.005566525647
214644	0.001048658314
214645	0.003729670336
214646	0.003209143878
214647	0.005092403011
214648	0.001785265962
214649	0.004581674298
214650	0.004531839763
214651	0.003055836632
214652	0.006542170313
214653	0.001485375491
214654	0.00276332343
214655	0.0004118834463
214656	0.004926028801
214657	0.002103734903
214658	0.003538699428
214659	0.001352998582
214660	0.00536864624
214661	0.0005595549695
214662	0.0002692170061
214663	0.007905248177
214664	0.003363578414
214665	0.004792306527
214666	0.004883649922
214667	0.00392881833
214668	0.000244398779
214669	0.002383537529
214670	0.004519166371
214671	0.001056255957
214672	0.004312086687
214673	0.002375286893
214674	0.003995379647
214675	0.003400631659
214676	5.444050297e-05
214677	0.004232640922
214678	0.001588804705
214679	0.001869436493
214680	0.002537478656
214681	0.004313933596
214682	0.001271276823
214683	0.004727955009
214684	0.003733634902
214685	0.006643704166
214686	0.002468615049
214687	0.00406946302
214688	0.003090811968
214689	0.001576668092
214690	0.002252521441
214691	0.002385572189
214692	0.004090399913
214693	0.00117505179
214694	0.001597116503
214695	0.006352599881
214696	0.005580256963
214697	0.002031099799
214698	0.002900216883
214699	0.003958719891
214700	0.003387650237
214701	0.002114405703
214702	0.004073353283
214703	0.003420995446
214704	0.004147742925
214705	5.750026319e-05
214706	0.003474762812
214707	0.006712790744
214708	0.004570736094
214709	0.005306853688
214710	0.00448355868
214711	0.003406393495
214712	0.004823046655
214713	0.005393564743
214714	0.001216199492
214715	0.0004941956453
214716	0.004466483029
214717	0.001483972292
214718	0.002870910319
214719	0.007104375346
214720	0.003859348642
214721	0.00420556753
214722	0.004711435475
214723	0.005260207648
214724	0.0004659536982
214725	0.004547243801
214726	0.004210160996
214727	0.004301206277
214728	0.004005265697
214729	0.003904222234
214730	0.0008344599305
214731	0.004629662407
214732	0.005607915479
214733	0.002457507043
214734	0.004947003402
214735	0.005331619814
214736	0.002051232546
214737	0.004514051989
214738	5.699647797e-05
214739	0.002905759971
214740	0.002988924134
214741	0.002578848958
214742	0.003707864976
214743	0.0009131453463
214744	0.004167305454
214745	0.00229897165
214746	0.00579592113
214747	0.004870229881
214748	0.004347819303
214749	0.004718053133
214750	0.007821001563
214751	0.003932022577
214752	0.004409122235
214753	0.003748490101
214754	0.00480039123
214755	0.003649222117
214756	0.0003870184317
214757	0.003543754975
214758	0.004760100942
214759	0.003451016601
214760	0.001092775345
214761	0.0009010591339
214762	0.005521699619
214763	0.00403958732
214764	0.004438146339
214765	0.0006778279767
214766	0.006560344484
214767	0.003350537889
214768	0.004477212289
214769	0.003625513906
214770	0.003990077181
214771	0.005321049516
214772	0.001854820867
214773	0.002027149539
214774	0.006262557024
214775	0.002169844866
214776	0.001882419886
214777	0.006581938522
214778	0.004184959091
214779	0.00568809844
214780	0.002321066788
214781	0.001657915276
214782	0.000451908746
214783	0.004546130342
214784	0.001309360369
214785	0.003119880098
214786	0.00432324368
214787	0.007107059775
214788	0.005391795668
214789	0.004633120497
214790	0.004985157734
214791	0.004791429054
214792	0.003505820373
214793	0.004597857209
214794	0.003963757183
214795	0.00527628704
214796	0.005178496535
214797	0.004797820453
214798	0.004688434364
214799	0.004729555638
214800	0.005066823818
214801	0.005003128922
214802	0.004152431188
214803	0.005552052637
214804	0.004974720302
214805	0.00552915627
214806	0.004418481651
214807	0.005245758242
214808	0.004466799168
214809	0.004510710809
214810	0.003785093207
214811	0.004953439399
214812	0.004397523143
214813	0.004852540594
214814	0.004181430176
214815	0.004700227031
214816	0.005068147809
214817	0.004247333839
214818	0.004770315847
214819	0.004794126206
214820	0.004991420006
214821	0.004502040885
214822	0.003636695932
214823	0.004940748565
214824	0.00516652819
214825	0.003174647429
214826	0.004589410884
214827	0.004447430893
214828	0.004278969901
214829	0.004372130377
214830	0.004450771223
214831	0.004649456036
214832	0.004201605283
214833	0.005038029692
214834	0.00487956674
214835	0.005000088806
214836	0.004463421769
214837	0.004595137271
214838	0.004819792457
214839	0.005198127518
214840	0.004341295691
214841	0.005893262667
214842	0.004579293947
214843	0.00472019006
214844	0.004978212715
214845	0.005638793988
214846	0.004765634026
214847	0.004870896372
214848	0.00515361379
214849	0.005068824023
214850	0.004549827903
214851	0.004441924551
214852	0.004734153344
214853	0.004319694746
214854	0.004801336568
214855	0.004474415019
214856	0.005083591878
214857	0.004799789643
214858	0.004757733376
214859	0.005298086687
214860	0.004412366776
214861	0.004902575707
214862	0.005060569519
214863	0.004301001662
214864	0.004535963841
214865	0.005439276216
214866	0.004920860554
214867	0.005140617844
214868	0.005062605463
214869	0.004928190153
214870	0.004598826631
214871	0.00553832171
214872	0.004643325971
214873	0.004771286577
214874	0.005144178211
214875	0.004537484766
214876	0.004414841289
214877	0.005339637535
214878	0.004538766204
214879	0.004039576122
214880	0.004828388141
214881	0.004689778246
214882	0.004225491362
214883	0.005420194342
214884	0.005288280512
214885	0.004962221911
214886	0.004846431809
214887	0.004585879629
214888	0.00507615312
214889	0.005037600048
214890	0.003175594369
214891	0.002227237597
214892	0.005870281233
214893	0.007292116775
214894	0.00269877408
214895	0.003434366465
214896	0.0008580740191
214897	0.004302159754
214898	0.004170887
214899	0.004880471521
214900	0.005054878988
214901	0.000619181218
214902	0.004349199934
214903	0.003522908469
214904	0.004495158575
214905	0.003411755299
214906	0.004497652785
214907	0.003139541826
214908	0.004026919835
214909	0.006283032287
214910	0.006118716832
214911	0.004632278485
214912	0.003820165859
214913	0.001306581265
214914	0.006101651723
214915	0.0006442241645
214916	0.004047520771
214917	0.003330289534
214918	0.004865998034
214919	0.004484878387
214920	0.00470200091
214921	0.003716458976
214922	0.003156005877
214923	0.003845174541
214924	0.005175973645
214925	0.006006843815
214926	0.003742373793
214927	0.005647240333
214928	0.003348379417
214929	0.004682980254
214930	0.004484670524
214931	0.007639750016
214932	0.005596529466
214933	0.0006710337137
214934	0.001733662238
214935	0.003311691823
214936	0.004236090416
214937	0.005170567171
214938	0.004705196692
214939	0.004936266495
214940	0.004775793995
214941	0.004746310419
214942	0.004505933174
214943	0.005151692083
214944	0.004924581405
214945	0.004354553335
214946	0.005420489565
214947	0.004563706665
214948	0.004713122147
214949	0.005123967551
214950	0.005043063008
214951	0.004903572434
214952	0.005264681215
214953	0.004896505046
214954	0.005118436678
214955	0.004917231001
214956	0.00492843436
214957	0.004916434859
214958	0.004908024019
214959	0.004760519873
214960	0.005088183669
214961	0.004233735172
214962	0.00415743182
214963	0.004347750604
214964	0.005389368168
214965	0.004122200037
214966	0.004597279256
214967	0.004696926039
214968	0.004803768857
214969	0.005076746889
214970	0.005306145489
214971	0.004870504705
214972	0.004641369542
214973	0.005233679199
214974	0.00449920567
214975	0.004532599873
214976	0.004201682508
214977	0.00446112287
214978	0.004368682069
214979	0.004764292104
214980	0.004435819726
214981	0.004667825612
214982	0.005249795956
214983	0.0006932620088
214984	0.00178530812
214985	0.001336429373
214986	0.0003296688992
214987	0.0007057927714
214988	0.002565618472
214989	0.0002646080243
214990	0.001820098727
214991	0.000493705278
214992	0.002585437545
214993	0.0019975568
214994	0.001076913747
214995	0.003283652792
214996	0.003185632051
214997	0.003614865537
214998	0.001412910095
214999	0.00115900278
215000	0.001727798224
215001	0.002891504887
215002	0.0008878547932
215003	0.001045574449
215004	0.002707478658
215005	0.0004843868918
215006	0.0009345709993
215007	0.001851055477
215008	0.003185170682
215009	0.001721179822
215010	0.003342364204
215011	0.001445932964
215012	0.0001249967771
215013	0.005145391574
215014	0.001253054589
215015	0.003759375823
215016	0.005180196738
215017	0.001075004107
215018	0.0003476446843
215019	0.000654583533
215020	0.002605235038
215021	0.003697803362
215022	0.004270777407
215023	0.002307844416
215024	6.756699247e-05
215025	0.0001912184529
215026	0.002594779294
215027	0.003182199777
215028	0.001864298091
215029	0.003406088958
215030	0.001171784506
215031	0.002748465393
215032	0.0002820827079
215033	0.00138561491
215034	0.0006912347174
215035	0.001349300908
215036	0.001455548226
215037	0.001569263077
215038	0.003330733178
215039	0.002757734522
215040	0.001198881562
215041	0.002876049911
215042	0.0003587913009
215043	0.0009316745334
215044	0.0004482471654
215045	0.003351422853
215046	5.219078495e-08
215047	0.003792202948
215048	0.002459633444
215049	0.0002688382783
215050	0.002260771625
215051	0.0003959723953
215052	0.004505261656
215053	0.0005263570317
215054	0.0001110566106
215055	0.001036004305
215056	0.003664584706
215057	0.000863168808
215058	0.001914930969
215059	0.0009910339019
215060	0.0006274922369
215061	0.0007206967546
215062	0.0007194130468
215063	0.006966756248
215064	0.003953855775
215065	0.00192601002
215066	0.00211080088
215067	0.001158186189
215068	0.0002304844703
215069	0.000552156701
215070	0.001564298365
215071	0.002718377552
215072	0.0008191443808
215073	0.0003511237701
215074	0.0004469644705
215075	0.0002537709418
215076	0.0004499578271
215077	0.002124099819
215078	0.002904497316
215079	0.001020923614
215080	6.467415667e-05
215081	0.0006181781446
215082	0.002517080351
215083	0.005917756265
215084	0.004401745161
215085	0.003004608252
215086	0.005253290735
215087	0.0002582273769
215088	0.0007377850041
215089	0.00140553389
215090	0.0001348569137
215091	0.001601985865
215092	0.0001507154036
215093	0.001077836811
215094	0.00061131947
215095	0.0001641546826
215096	0.001284050693
215097	0.002048505611
215098	0.0003557742345
215099	0.001569558532
215100	0.0003393562908
215101	0.0009350666567
215102	0.004220672576
215103	0.0005014151871
215104	0.001848520009
215105	0.004616404395
215106	0.001761896481
215107	0.002517327268
215108	0.0004728298959
215109	0.0004685526972
215110	0.001372281224
215111	0.0003586336167
215112	0.0005435997859
215113	0.0008925152402
215114	0.001202727244
215115	0.0009973890387
215116	0.0009913883851
215117	2.07170911e-05
215118	0.002874467809
215119	0.001531620658
215120	0.002444362627
215121	0.003052636016
215122	0.002618922727
215123	0.004703323885
215124	0.003306644806
215125	0.002518695069
215126	0.000295483097
215127	0.003815091624
215128	0.00132866261
215129	2.045697761e-06
215130	0.00108013799
215131	0.000207571515
215132	0.0007817936841
215133	0.001391755872
215134	0.001436588761
215135	0.0006401086472
215136	0.0002646665279
215137	0.001176015674
215138	0.001733126878
215139	0.0006535645499
215140	0.00441975444
215141	0.008579985046
215142	0.0003152531194
215143	0.004328133892
215144	0.004814836054
215145	0.002647917951
215146	0.003442068809
215147	0.002107118993
215148	0.001194761038
215149	8.807615732e-05
215150	0.0004604402821
215151	0.0006439557726
215152	8.151290671e-05
215153	0.003621189785
215154	0.0001941002356
215155	0.001745616197
215156	0.00386001825
215157	0.002623564027
215158	0.002147632841
215159	0.004988033962
215160	0.006216852897
215161	0.0008216379956
215162	0.0003541635304
215163	0.001296929973
215164	0.00594143916
215165	0.001158318527
215166	0.001134004192
215167	0.001887742945
215168	0.001288994823
215169	0.003357535165
215170	0.002376448732
215171	0.0002327295872
215172	0.001346333639
215173	0.00344849023
215174	0.004220779475
215175	0.004661323025
215176	0.002892022756
215177	0.004353036844
215178	0.004032386456
215179	0.002371481985
215180	0.005643528668
215181	0.001576988703
215182	0.00185481135
215183	0.001439627884
215184	0.005504321614
215185	0.002609264529
215186	0.001212441067
215187	0.0003111292861
215188	0.001420874693
215189	0.005766281568
215190	0.001861967679
215191	0.0006905068701
215192	0.004774047237
215193	0.0001042863137
215194	0.001322773304
215195	0.001804293614
215196	0.001546101967
215197	0.001553720634
215198	0.001705483967
215199	0.0003324009859
215200	0.002594990684
215201	0.0017316382
215202	0.0001826492325
215203	0.0006188925311
215204	0.003389765892
215205	0.001224472005
215206	0.000198074141
215207	0.001578728202
215208	0.0001688362261
215209	5.604987362e-05
215210	0.002569721354
215211	0.001912810813
215212	0.00141482578
215213	0.001118673696
215214	0.00144637523
215215	0.004072545988
215216	0.001854064145
215217	0.002668098182
215218	0.0006090413601
215219	0.001908351064
215220	0.002687772012
215221	0.0007420712485
215222	0.003428442912
215223	5.428118463e-05
215224	0.002339249098
215225	0.0008385056585
215226	0.00296751059
215227	0.002108090008
215228	0.001517631159
215229	1.835967478e-05
215230	0.0007228852907
215231	0.0001315927868
215232	0.0007734647006
215233	0.003260570864
215234	0.0006175253606
215235	0.0001518365228
215236	0.004396100302
215237	0.003563600489
215238	0.0006894718617
215239	0.002879537516
215240	0.002588696283
215241	0.002649200854
215242	0.002751733786
215243	0.002371669532
215244	0.002584875477
215245	0.001749411592
215246	0.001959475294
215247	0.003102115799
215248	0.0005257935294
215249	8.82232658e-06
215250	0.0002349013269
215251	2.220370176e-05
215252	0.0007174748694
215253	0.0004311767723
215254	0.002161209498
215255	0.001625181881
215256	0.0002670031443
215257	0.001432798407
215258	0.003185399331
215259	0.000724412693
215260	0.0006492556891
215261	0.0002344805769
215262	0.002309857312
215263	7.508287908e-05
215264	0.001227695315
215265	0.002532459984
215266	0.006725653441
215267	0.00258708262
215268	0.004030637619
215269	0.004733644068
215270	0.00527457942
215271	0.005714939896
215272	0.00556224855
215273	0.003873880056
215274	0.003083756748
215275	0.001081986264
215276	0.0002392736127
215277	0.001941224882
215278	0.001069035424
215279	0.003955485111
215280	0.001984740172
215281	0.001364291723
215282	0.001525887826
215283	0.0003230374228
215284	0.004318629083
215285	0.002482612097
215286	0.001103610921
215287	0.001587576031
215288	0.000943085116
215289	0.003909662163
215290	0.001725148482
215291	0.001008395174
215292	0.002649562593
215293	0.001490892789
215294	0.001699739829
215295	0.003830379211
215296	0.002565196548
215297	3.788871876e-05
215298	0.005169933434
215299	0.004488936799
215300	0.002281863466
215301	0.001149432856
215302	0.0009377622149
215303	0.0008978783321
215304	0.001712255001
215305	0.000731949774
215306	0.002560882029
215307	0.0004650969184
215308	0.004100177407
215309	0.001928876039
215310	0.0008784328591
215311	0.002039158467
215312	0.001845755853
215313	0.001238718352
215314	0.001720510669
215315	0.0006848978977
215316	0.001590640835
215317	0.002692830212
215318	3.213330269e-05
215319	0.001176892073
215320	0.003218421582
215321	0.002702412386
215322	0.00172740574
215323	0.001705026152
215324	0.002825953378
215325	0.004182084875
215326	0.001007807653
215327	0.002085762265
215328	0.0004335125102
215329	0.001829191578
215330	0.0004673940636
215331	0.0002075736923
215332	0.002270770633
215333	0.001992132814
215334	0.000126946343
215335	0.002321321984
215336	0.00323375508
215337	0.005186589054
215338	0.0005299921245
215339	0.001389856106
215340	0.0004610960184
215341	0.0001098060029
215342	0.002720914033
215343	0.0005986617627
215344	0.001406758786
215345	0.001743465777
215346	0.004410057214
215347	0.001444345448
215348	0.003093187731
215349	0.000345183476
215350	0.0006867089449
215351	0.0001850441206
215352	7.626689085e-05
215353	0.007617897308
215354	0.001839211942
215355	0.0002767203385
215356	0.00159757477
215357	0.001742385097
215358	0.005006661833
215359	0.001711286401
215360	0.001427491259
215361	0.0005175462636
215362	0.001062497758
215363	0.0002581371772
215364	0.0007395682819
215365	0.004406618894
215366	0.0002345307367
215367	0.0002875794739
215368	0.0001546789437
215369	0.0006157916231
215370	0.00388034938
215371	0.002849115665
215372	0.001227716336
215373	0.001056861664
215374	0.0009766884604
215375	0.0008251258575
215376	0.003824659808
215377	0.002731434584
215378	0.003051574586
215379	0.001741355806
215380	0.002386618219
215381	0.00113952719
215382	0.004460092884
215383	0.005292278816
215384	0.00213381498
215385	0.0006733490291
215386	0.003624335525
215387	0.001244770187
215388	0.0008957050612
215389	0.001028274953
215390	0.002663379699
215391	0.004065641292
215392	0.0001802991535
215393	0.0001251708062
215394	0.001639001419
215395	0.0003832337109
215396	4.427184928e-05
215397	0.001541339179
215398	0.0005907936066
215399	0.0002702289514
215400	0.003162935407
215401	0.00155710235
215402	0.004494969791
215403	0.0005061648951
215404	0.0003160207024
215405	0.002221292704
215406	0.00124169986
215407	0.003254947251
215408	0.003702962751
215409	0.0009936075598
215410	0.001815595744
215411	0.000982674135
215412	0.004341252314
215413	0.001775532473
215414	0.0003557221754
215415	0.002392131072
215416	0.0009673244605
215417	0.004051628737
215418	0.003291966392
215419	0.004720060907
215420	0.001683283461
215421	0.0009660162226
215422	0.003217859399
215423	0.004037581359
215424	0.001763125283
215425	0.0003164444059
215426	0.001838595553
215427	0.0008643118547
215428	0.001855617205
215429	0.005483855742
215430	0.001360130031
215431	0.0001301759902
215432	0.003510105671
215433	0.001241605375
215434	3.007789556e-05
215435	0.0009758563933
215436	0.003058490997
215437	0.0009664073159
215438	0.000764289122
215439	0.002560286316
215440	0.008219974791
215441	0.002225735889
215442	0.002656640369
215443	0.004715312417
215444	0.001061243567
215445	0.004455559981
215446	0.000255302729
215447	0.0008588597128
215448	0.0002837626778
215449	0.001978594152
215450	0.001243552511
215451	0.001481757851
215452	0.001550914417
215453	0.001405990645
215454	0.00360716767
215455	0.001697401424
215456	0.002767078002
215457	0.003791101909
215458	0.002790896162
215459	0.004535586636
215460	0.004603526825
215461	0.003573003287
215462	0.00050204636
215463	0.002123291629
215464	0.0009209248861
215465	0.000549056318
215466	0.005537052872
215467	0.0008197045589
215468	0.003229924893
215469	0.004066566798
215470	0.004849590289
215471	0.001366422015
215472	8.279386416e-05
215473	0.001064445627
215474	0.004393506712
215475	0.003617657558
215476	0.001815013013
215477	0.0008187084546
215478	3.086186519e-05
215479	0.002812798264
215480	0.003170327058
215481	0.005633942883
215482	0.0007657615206
215483	0.002676851512
215484	0.002138777955
215485	0.002757576088
215486	0.0007989984821
215487	0.002511004877
215488	1.375806463e-06
215489	0.0006855833217
215490	0.001997139225
215491	0.000256085588
215492	0.001310406531
215493	0.005727924155
215494	0.0005515406806
215495	0.0007335266489
215496	0.0001577834449
215497	0.0009372904744
215498	0.003729933221
215499	0.0007710005009
215500	0.001949586468
215501	0.004385916635
215502	0.000315622709
215503	0.0002863547682
215504	0.0004825205745
215505	0.0004638853296
215506	0.000552642736
215507	0.001386377056
215508	0.00132080482
215509	0.002492761687
215510	0.0002000532597
215511	0.000698005376
215512	0.0005793046107
215513	0.0006510074627
215514	0.0003360078144
215515	0.0004424383516
215516	0.0004158021381
215517	0.0001837687103
215518	0.0006032865138
215519	0.00199441342
215520	0.001361010249
215521	0.0004335286617
215522	0.0006009197985
215523	0.0001446680258
215524	0.0009281260642
215525	0.0003619277537
215526	0.0006284750771
215527	0.0004937339523
215528	0.0007423309122
215529	0.0008440749298
215530	9.560469951e-06
215531	0.0001592078226
215532	0.0003283966771
215533	0.0001349978485
215534	0.0004662700049
215535	0.0001106812354
215536	0.0005118190788
215537	0.0005845156632
215538	0.0006397350366
215539	0.0008784561549
215540	0.0005975266916
215541	0.0007427424206
215542	0.0004917573683
215543	0.0005305169352
215544	0.001195434891
215545	0.0008578665231
215546	0.0008051813761
215547	0.0007080767536
215548	0.0005791451624
215549	0.0005605979881
215550	0.0003762821741
215551	0.0007704349632
215552	0.000417475479
215553	0.0006699998714
215554	0.0005440689046
215555	0.0002051155694
215556	0.000874246423
215557	0.0005869643461
215558	0.0001382786893
215559	0.0005437161448
215560	6.714355449e-05
215561	0.0002844812541
215562	0.0001789612466
215563	0.0006263979021
215564	0.0003090856753
215565	0.0001181973774
215566	0.0009005731656
215567	0.001046214187
215568	0.0003910734978
215569	0.0007459990576
215570	0.0006363625024
215571	0.0006970919248
215572	0.001045415145
215573	0.0005104530309
215574	0.0004255098834
215575	0.0004380117391
215576	0.001657663223
215577	0.0007613287231
215578	0.0008396249557
215579	0.0005784609295
215580	0.0006533370051
215581	0.0002872741582
215582	0.0007304776135
215583	5.036403399e-05
215584	0.000705830298
215585	4.572577416e-05
215586	0.000427518154
215587	0.0001138026316
215588	0.0004507886218
215589	0.0007921475639
215590	0.0009069588451
215591	0.0008850984864
215592	0.0005577681112
215593	0.0001215146375
215594	0.0005124650337
215595	0.00174371434
215596	0.0005345735372
215597	0.001300014655
215598	0.0004930135042
215599	0.0005038787025
215600	0.0007368623173
215601	0.0001614071911
215602	0.0002384885289
215603	0.0009522636649
215604	0.0005339211154
215605	0.0008140837135
215606	0.002488992537
215607	3.983810885e-05
215608	0.000552885891
215609	0.0008161532515
215610	0.0003936245954
215611	0.0003868201019
215612	0.000712035707
215613	0.0004100961702
215614	0.0006201255202
215615	0.0002451274855
215616	0.0004738894533
215617	0.0007118907245
215618	0.0008868550572
215619	0.0008015911293
215620	0.0009828733562
215621	0.0009749258387
215622	0.0009424279444
215623	0.0007805179261
215624	0.001067359273
215625	0.0002836658405
215626	0.0002956078112
215627	0.0005740880171
215628	0.0007117425146
215629	2.323331921e-05
215630	0.0009230573952
215631	4.179791353e-05
215632	0.001103132748
215633	0.0009890295807
215634	0.0006771984054
215635	0.0008341797462
215636	0.0006318613162
215637	0.0007284273538
215638	0.0002660999931
215639	0.0003464692469
215640	0.001658177197
215641	0.0003294563665
215642	0.0009101574225
215643	0.0002808813423
215644	9.735050336e-06
215645	0.000835692101
215646	0.0004250435621
215647	0.0005752352626
215648	0.001241084265
215649	0.001005551319
215650	0.001499482086
215651	0.0008956456539
215652	0.001777602347
215653	0.0003918943303
215654	0.0002871296938
215655	0.0003680823305
215656	0.004746546303
215657	0.001188210679
215658	0.001752725663
215659	0.0003068083052
215660	0.0003642056692
215661	0.0006590827741
215662	6.56740917e-05
215663	5.306632865e-05
215664	0.002158675879
215665	0.0006522645977
215666	0.0005398825776
215667	0.0005911405007
215668	0.0005727744885
215669	0.0004227971869
215670	7.15256284e-05
215671	0.0001065438098
215672	0.0006735048347
215673	0.0006429285932
215674	0.0006179007719
215675	0.0006034815072
215676	0.0004674653719
215677	0.0004368027606
215678	0.0003257680119
215679	0.0003031415313
215680	0.0005748034016
215681	0.000526924873
215682	0.000137564235
215683	0.0004961057792
215684	0.0004509061604
215685	0.0004661344048
215686	0.001046548363
215687	0.0008589409347
215688	0.0007014585432
215689	0.0006166398668
215690	0.000614287404
215691	0.0002986749128
215692	0.000516438487
215693	0.0009675265345
215694	0.0003349995103
215695	0.0003767331047
215696	0.0005340641235
215697	0.0001590476924
215698	0.0002784551459
215699	0.0002381184469
215700	0.0007908900893
215701	0.0004317156113
215702	0.0005153951655
215703	0.0002492493387
215704	0.0007661776943
215705	0.0002542157125
215706	0.0006645922282
215707	0.0007896795899
215708	0.001414751871
215709	0.0005258761902
215710	0.0003961417159
215711	0.0008927418347
215712	0.000703173169
215713	0.0006366004505
215714	0.0009258973372
215715	0.0005227674447
215716	0.000952147136
215717	0.0001487791319
215718	0.001330686465
215719	0.0001562415785
215720	0.0004380524133
215721	0.0004980009466
215722	0.0006081311608
215723	0.0009646104218
215724	0.0003567710426
215725	0.0002355211284
215726	0.0003684091917
215727	0.0004383472408
215728	0.0008880137036
215729	3.874900579e-05
215730	0.0007412671685
215731	0.0005314812878
215732	0.0005304100427
215733	0.001452030988
215734	0.0004674020122
215735	0.0006976100555
215736	0.00114923667
215737	0.0003755998581
215738	0.0005462281521
215739	0.0006667128214
215740	0.0004778104391
215741	0.001165036207
215742	0.000597566512
215743	0.0008333167741
215744	0.000308848228
215745	0.0009825891703
215746	0.0002868077978
215747	0.0005985942413
215748	0.001183402668
215749	0.0005754305374
215750	0.001156820752
215751	5.692233477e-06
215752	0.001205724952
215753	0.0004385063058
215754	0.0004074503788
215755	0.0006276972862
215756	0.0007422097122
215757	0.0006296987753
215758	0.001081045259
215759	0.0009210341226
215760	0.0004383405601
215761	0.0005775951765
215762	0.0005101069368
215763	0.0004260165507
215764	0.000984891422
215765	0.0007899215008
215766	8.377314395e-05
215767	0.0006884898525
215768	0.0001251430004
215769	0.0004376913427
215770	0.0006697681714
215771	0.000135762067
215772	0.0004005760746
215773	0.0008512460096
215774	0.0003375519617
215775	0.0004174542588
215776	0.000490227001
215777	0.0004727934218
215778	0.0003257363356
215779	0.0003325522865
215780	0.0007062471932
215781	0.0002192999628
215782	0.0009200507911
215783	0.0003113023543
215784	0.0009227216292
215785	0.003678983381
215786	0.0007192239459
215787	0.0005419616789
215788	0.0003964683797
215789	0.0002537700017
215790	0.0008768475286
215791	0.0005225920464
215792	0.0005898432082
215793	0.0006111251594
215794	0.0005435019865
215795	0.0006178961781
215796	0.000370931515
215797	0.000673055856
215798	0.0002709530182
215799	0.002674568365
215800	0.001127839028
215801	0.0005254758395
215802	0.0006718751844
215803	0.001113226052
215804	0.0002638769974
215805	0.0001807196027
215806	4.409317035e-06
215807	0.0007071074304
215808	9.20879295e-05
215809	0.00145975588
215810	0.0006356551456
215811	0.0008396361585
215812	0.0006632400084
215813	0.0004904283515
215814	0.00525210382
215815	0.000414064256
215816	0.001602805589
215817	0.0003583009009
215818	0.0009176662457
215819	0.0007949458136
215820	0.0008279314279
215821	0.000474130972
215822	0.0008987528486
215823	0.000713086717
215824	0.0004003986067
215825	0.00151875208
215826	0.0008111444677
215827	0.001184002422
215828	0.0006209007036
215829	0.0009931361219
215830	0.0005478735021
215831	0.000453559493
215832	3.452784828e-05
215833	0.00389230833
215834	0.0005624594944
215835	3.82452806e-05
215836	0.0005267845915
215837	0.0006518967105
215838	0.0008412428617
215839	0.0005070108799
215840	0.001276632364
215841	0.001154400462
215842	0.0002271661347
215843	0.0006585989197
215844	0.0008874751424
215845	0.000190267795
215846	0.0004879827975
215847	0.0009827847025
215848	0.0005356184508
215849	0.0007342358062
215850	0.001564003929
215851	0.0006476718307
215852	0.0007793969198
215853	0.001077938598
215854	0.0006323356504
215855	0.0004212841119
215856	0.0001743796725
215857	0.0003234104357
215858	0.001176938346
215859	6.855376495e-06
215860	0.0006050407874
215861	0.001907165742
215862	0.0009291528349
215863	0.0004646301858
215864	0.004896383301
215865	0.001693752055
215866	2.553111035e-05
215867	0.001473796278
215868	0.001325306703
215869	0.0005424692617
215870	0.0008040259811
215871	0.0008885040383
215872	0.0005104148727
215873	6.783862596e-05
215874	0.001009767759
215875	0.002896435744
215876	0.0004338389838
215877	0.003432676766
215878	0.0006458200454
215879	0.0009751957146
215880	0.0005878525508
215881	0.001304013007
215882	0.0002408363832
215883	0.001451387482
215884	0.0005779879108
215885	0.0002938668084
215886	0.0005077319338
215887	0.0007329923146
215888	0.0004093855306
215889	0.0004369880454
215890	0.0002051006574
215891	0.0003112436982
215892	0.0006399057393
215893	0.0003696410034
215894	0.0005959682378
215895	0.001286868175
215896	0.0004792424941
215897	0.0006204356739
215898	0.00178201891
215899	0.0001075137926
215900	0.00143046324
215901	0.001481896217
215902	0.0001801945505
215903	0.0005275085588
215904	0.001775395365
215905	0.0002520847315
215906	0.0003854917418
215907	0.0006057783091
215908	0.0008416806791
215909	0.0001112397918
215910	0.0007835786876
215911	0.0006470687879
215912	0.0003965057513
215913	0.0005863857651
215914	0.0009258536506
215915	0.0005343489873
215916	0.0005273679006
215917	0.0001508873334
215918	0.0002837250559
215919	0.0004908597256
215920	7.652396902e-05
215921	0.0001882871616
215922	0.0006832761096
215923	0.0007150616282
215924	0.004507112664
215925	0.0001690161059
215926	0.0001754198134
215927	0.001954908294
215928	0.001001087929
215929	0.0004951603124
215930	0.0005048141881
215931	0.001411047844
215932	0.003626973897
215933	0.003930840938
215934	0.0008058161237
215935	0.005266155816
215936	0.001745758731
215937	0.0002745466844
215938	0.0007234376972
215939	0.0003025196055
215940	0.0007779478627
215941	0.0002950544966
215942	0.005309483744
215943	0.00103574783
215944	0.00471654297
215945	0.001094395273
215946	0.003435332989
215947	0.001458717082
215948	0.0001330837273
215949	0.0002867902937
215950	0.001440001432
215951	0.0001777348091
215952	0.002458239619
215953	0.0003037583641
215954	0.001657896873
215955	0.001375944828
215956	0.001358050244
215957	7.922568658e-05
215958	0.0006871776366
215959	0.0007111024191
215960	0.0005629654058
215961	0.001755543001
215962	0.005522735391
215963	0.00229717506
215964	0.0001660934836
215965	0.002946719456
215966	0.0001980112579
215967	0.003134754528
215968	0.001759227593
215969	0.004429790552
215970	0.003024458957
215971	0.0006933403928
215972	9.874193817e-05
215973	0.000202812251
215974	0.001455338498
215975	0.002270159494
215976	0.0007372854551
215977	0.002693304926
215978	0.0008476973836
215979	0.0008583688829
215980	0.002811641497
215981	0.001701686104
215982	0.001687428564
215983	0.004251162821
215984	0.0009933114234
215985	0.0005329125313
215986	0.003878035438
215987	0.00390867725
215988	0.0008006794005
215989	0.001323553756
215990	0.0005656784505
215991	1.764246129e-05
215992	0.002815994967
215993	0.0003774819214
215994	0.001761337058
215995	0.003712450314
215996	0.001552411995
215997	0.001808256456
215998	0.0005337849547
215999	0.003127716616
216000	0.003373184806
216001	0.0008120730631
216002	0.001297619833
216003	0.000587800479
216004	0.001602589838
216005	0.0007069887827
216006	0.002271660015
216007	0.0006683176384
216008	0.006906547707
216009	0.0008905348491
216010	0.003128257522
216011	0.001836699937
216012	0.002033627267
216013	0.00118250608
216014	8.661377804e-06
216015	0.001679381969
216016	0.00305602866
216017	0.00101044913
216018	0.001579766848
216019	0.002828976713
216020	0.001838988243
216021	0.000518704704
216022	0.003308852318
216023	0.0005485766134
216024	0.0003717895419
216025	0.0007472585284
216026	0.00255836705
216027	0.001149072149
216028	0.0007968845318
216029	0.00261791917
216030	0.001216199409
216031	0.003554411746
216032	0.005070572829
216033	0.002291740294
216034	0.0008502920803
216035	2.496272195e-05
216036	0.0009398903127
216037	0.006131148748
216038	0.002443655372
216039	0.002360084862
216040	0.001588116049
216041	0.001535823107
216042	0.002377788138
216043	0.000869313434
216044	0.00110869655
216045	0.0004028369103
216046	0.001146357317
216047	0.001261047476
216048	0.0004009283539
216049	0.005866433545
216050	0.001174340295
216051	0.003713197544
216052	0.001939091275
216053	6.86444334e-05
216054	0.0001322016793
216055	0.001011129683
216056	0.000119578292
216057	0.0032624207
216058	0.001073843841
216059	0.001692990807
216060	0.001280240276
216061	0.003482077083
216062	0.001641289651
216063	0.000473555139
216064	0.000129502233
216065	0.0002893601748
216066	0.0009765141306
216067	0.001352353684
216068	0.005502691072
216069	0.002108712206
216070	0.00149778956
216071	0.001590526802
216072	5.95834969e-05
216073	0.002356795922
216074	0.005142249163
216075	0.00104861563
216076	0.003472194632
216077	0.001233649389
216078	0.0001393083741
216079	0.0005244389256
216080	0.002269431431
216081	0.0006070807581
216082	0.001759090763
216083	0.0002405786556
216084	0.002506547634
216085	0.002628653357
216086	0.003837819562
216087	7.668110085e-05
216088	0.007807962187
216089	0.001085953142
216090	0.002163021155
216091	0.0004695217326
216092	0.001008520106
216093	0.0008530462827
216094	0.001534094595
216095	0.0001472818304
216096	0.0002565366013
216097	0.006446433014
216098	0.00784630684
216099	0.001294126337
216100	0.0008119493286
216101	0.001223059981
216102	0.003732423073
216103	0.001194541172
216104	0.0009863202603
216105	0.0005935299607
216106	0.0001079708665
216107	0.0008326691803
216108	0.0008488270229
216109	0.0005851485534
216110	9.714216764e-05
216111	0.0004026284944
216112	0.0009320036065
216113	0.0001210242156
216114	0.000539178008
216115	0.0008807775987
216116	0.000570123354
216117	0.0009482752986
216118	0.0001914349635
216119	0.0006452040063
216120	0.0004185732936
216121	0.001111174568
216122	4.848719504e-05
216123	0.0002679492667
216124	0.0007983780636
216125	0.001003226796
216126	0.0003689870026
216127	0.0004364195392
216128	0.0005385377418
216129	0.0005428061384
216130	0.0004875185699
216131	0.0004599067458
216132	0.001370673685
216133	0.000170526442
216134	0.0005364986974
216135	0.0002717067884
216136	0.0009600372424
216137	0.0004952278632
216138	0.0004462816567
216139	7.716340741e-06
216140	0.0007582161156
216141	0.0007689694765
216142	0.0002923352771
216143	0.0001034365827
216144	0.0005616819218
216145	0.001203637019
216146	0.0005248907114
216147	1.83021239e-05
216148	0.0005434628668
216149	0.0007286824022
216150	0.0003972681565
216151	0.0005547853315
216152	0.0002680751069
216153	0.0007154787378
216154	0.0005833939541
216155	0.002849820371
216156	0.0004697466743
216157	0.0002757678224
216158	0.0001174822813
216159	0.0007430854935
216160	0.0008851832941
216161	0.001056894033
216162	0.0004568938173
216163	0.000637598924
216164	0.001033299731
216165	0.0008075288121
216166	7.800822256e-05
216167	0.0008361783338
216168	0.0006851361794
216169	0.0001980514663
216170	0.0002736945483
216171	0.0003622087905
216172	0.000662645004
216173	0.0005264616235
216174	0.0002548338738
216175	0.0005693197444
216176	0.0008269696563
216177	3.226365273e-05
216178	0.0005770871149
216179	0.0007419917558
216180	0.0006758809841
216181	0.0004043306271
216182	0.0007166326873
216183	0.000684095229
216184	0.0006956089226
216185	0.0007804709033
216186	0.0009565657646
216187	0.0006890752861
216188	0.001080185448
216189	0.000235763228
216190	0.0003644648529
216191	0.001985918406
216192	0.0009145481173
216193	0.0003187643167
216194	0.0003349998355
216195	0.0004330163805
216196	0.0006214002608
216197	0.0004263337606
216198	0.0007048763592
216199	0.0002308777292
216200	9.596492524e-05
216201	0.0005819326712
216202	0.0006775666712
216203	0.0001606551113
216204	0.000169688113
216205	0.001939393062
216206	0.003093997851
216207	0.0001466326309
216208	0.000134787727
216209	0.003615598522
216210	0.002629838412
216211	0.0004465199941
216212	0.003396109612
216213	0.003090064197
216214	0.002891169981
216215	0.001696054925
216216	0.0003152043835
216217	0.001011943245
216218	0.0009427266731
216219	0.001571359204
216220	0.00321462364
216221	0.0004277593045
216222	0.0007465622508
216223	0.002880775637
216224	0.0005259800632
216225	0.0002171011318
216226	0.0003886836729
216227	0.001666398028
216228	0.001145704223
216229	6.761357045e-05
216230	8.450462966e-05
216231	0.006965237012
216232	0.003896988855
216233	0.002411716484
216234	0.001432115849
216235	0.0004527117084
216236	0.001343303611
216237	0.0008772190642
216238	0.001920070595
216239	0.002529007178
216240	0.0004182247348
216241	0.003690436933
216242	0.001905811431
216243	0.0006168838562
216244	5.864949283e-05
216245	0.0003017021472
216246	0.0003381265491
216247	0.001831119222
216248	0.002788560742
216249	0.001049543159
216250	0.000303964338
216251	0.0001659775397
216252	0.0004609381815
216253	0.0007872784062
216254	0.0002285556021
216255	0.0005790593888
216256	0.0007822806847
216257	0.0004541445981
216258	0.0006539522942
216259	0.0002495358236
216260	0.000686345524
216261	0.0001287924912
216262	0.000207790865
216263	0.0006669660436
216264	0.0007032062372
216265	0.0006210250411
216266	0.0008247616211
216267	0.0006923158786
216268	0.001883529941
216269	0.0007432921081
216270	0.0005312003201
216271	0.0003749840879
216272	0.000421028391
216273	0.0008511137948
216274	0.0006292937831
216275	0.0004426851089
216276	0.0003382090047
216277	0.0001266206442
216278	0.000551007891
216279	0.0003362669362
216280	0.0006170353019
216281	7.331614283e-05
216282	0.0006917335739
216283	0.0005804918688
216284	0.0004994310475
216285	0.002358993937
216286	0.0002416463642
216287	0.0003332246095
216288	0.0004486108537
216289	0.001257204849
216290	0.001422819842
216291	0.0003658961785
216292	0.0001700763755
216293	0.0005458655831
216294	0.0006962999689
216295	0.001277093433
216296	0.00029228731
216297	0.001833821259
216298	0.003948347219
216299	0.000320271818
216300	0.0005355527184
216301	0.0005912328493
216302	0.0002837583381
216303	0.0001603973552
216304	2.925075299e-05
216305	0.0004911262789
216306	0.0001721616009
216307	0.0001715318376
216308	0.002256995307
216309	0.001062351114
216310	0.0003968320936
216311	0.001916374677
216312	0.001043688369
216313	0.002062818908
216314	0.004651470936
216315	0.005652396701
216316	0.004554416184
216317	0.0003412089949
216318	0.004352670383
216319	0.001538023702
216320	0.003263291824
216321	0.004164493655
216322	0.003218403366
216323	0.0001209978145
216324	0.0002779878291
216325	0.001117776528
216326	0.002917413048
216327	0.001598909686
216328	0.0002340010334
216329	0.0005785103097
216330	0.002796662677
216331	0.001365275423
216332	0.001270081695
216333	0.001565266685
216334	0.001922495215
216335	0.0009441530736
216336	0.001155155558
216337	0.00044456813
216338	0.002638411068
216339	0.0005171968048
216340	0.004379013568
216341	0.0002356780204
216342	0.0001344237771
216343	0.002393024554
216344	0.001341510697
216345	0.0002034105422
216346	0.0004874411477
216347	0.0005071391414
216348	0.001741284897
216349	0.003824353255
216350	0.0005381983415
216351	0.003522415775
216352	0.002075867247
216353	0.002558621001
216354	0.004432087502
216355	0.001872531619
216356	0.003165789598
216357	0.0007448707588
216358	0.0005452098333
216359	9.27424457e-05
216360	0.0009688453534
216361	0.001100666654
216362	0.0001614460747
216363	0.0002403838826
216364	0.002051420911
216365	0.002529456969
216366	4.988212471e-05
216367	0.001328200626
216368	0.002018172914
216369	0.0006592735352
216370	0.0009049200573
216371	0.0008441463603
216372	0.0005955252385
216373	0.0008542885516
216374	0.00261080798
216375	0.001826357006
216376	9.54413866e-05
216377	5.211316007e-05
216378	0.002348397067
216379	0.001457894669
216380	0.00264054134
216381	0.001814111925
216382	0.00547275884
216383	0.001518692925
216384	0.00148672958
216385	0.000550776431
216386	0.003801093163
216387	0.002989632286
216388	0.001432236359
216389	0.0006520129443
216390	0.001459432948
216391	0.004201990594
216392	0.002551291995
216393	0.0003658100109
216394	0.006632866199
216395	0.002893661013
216396	0.002623678966
216397	0.002624872838
216398	0.006893692003
216399	0.00229015887
216400	0.003605053703
216401	0.001335063116
216402	0.00129955451
216403	0.001679948738
216404	0.008305193073
216405	0.001524578993
216406	0.0005609578799
216407	0.001014825356
216408	5.029474277e-05
216409	0.0006528653696
216410	0.002043390194
216411	0.005519493185
216412	0.002038137372
216413	7.201616143e-05
216414	0.002267917997
216415	0.001879835549
216416	0.0009422960479
216417	0.003368147883
216418	0.0007373750482
216419	0.001621627619
216420	0.002031460315
216421	0.003030242386
216422	0.0005565237937
216423	0
216424	0.001724634559
216425	0.002037502106
216426	0.002116816135
216427	0.002967232536
216428	0.001648476309
216429	0.002571671573
216430	0.0007334052786
216431	0.004572494562
216432	0.001276487995
216433	0.004623079522
216434	0.002016348877
216435	0.001538973046
216436	0.001512912351
216437	0.00263053326
216438	0.002574725041
216439	0.001006726464
216440	0.0001379819828
216441	0.0005896880636
216442	0.002334192718
216443	0.002078337114
216444	0.001866826458
216445	0.0003368144933
216446	0.002157112939
216447	0.00115941127
216448	0.0001146727419
216449	0.0007045881168
216450	0.005061136919
216451	0.0008180637791
216452	0.003332867989
216453	0.0007924647305
216454	0.001589333651
216455	0.0005902749967
216456	0.0004504772313
216457	0.0008319088091
216458	0.001744448187
216459	0.001851786832
216460	0.004203154886
216461	0.004861873926
216462	0.004440648296
216463	0.0003710018395
216464	0.001083298711
216465	0.003308239098
216466	0.003165549063
216467	0.0009617000784
216468	0.001039384328
216469	0.001765222529
216470	0.001450235785
216471	0.005391519696
216472	0.0001472163913
216473	0.001503876367
216474	0.0003537426779
216475	0.001840786354
216476	0.0007093038953
216477	0.001963255324
216478	0.002071203921
216479	0.0008290385287
216480	0.001094948779
216481	0.001250413618
216482	0.0002909071091
216483	0.001248822148
216484	0.001943331302
216485	0.001418511294
216486	0.0007403285313
216487	0.000396469926
216488	0.0003738217296
216489	0.002264374196
216490	0.00284729973
216491	0.0001000897878
216492	0.004993550247
216493	0.002522843419
216494	0.00578805044
216495	0.0003179665851
216496	0.0006066352994
216497	0.0005259288383
216498	0.0001444191245
216499	0.0008929236029
216500	0.0006584278734
216501	1.403449679e-08
216502	0.002898119592
216503	0.0008612272747
216504	0.0003188434706
216505	0.001325750339
216506	0.0005744147658
216507	0.0004200514342
216508	0.0003418918192
216509	0.0009370804517
216510	0.002519527737
216511	0.005042039918
216512	0.0025979445
216513	9.428337185e-05
216514	0.002375717238
216515	0.0007787216055
216516	0.003302403459
216517	0.00217473039
216518	0.0007472148383
216519	0.0003695350808
216520	0.002892060629
216521	0.004851032942
216522	0.000698836503
216523	0.003198120775
216524	0.001091899163
216525	0.0006376401221
216526	0.0008571851328
216527	0.001652639428
216528	0.0009535778004
216529	0.005693600128
216530	0.0009990854035
216531	0.001279017192
216532	0.003554100572
216533	0.002218024535
216534	0.002237812277
216535	0.001867872513
216536	0.001605482057
216537	0.000270585797
216538	0.0004351713984
216539	0.001262102835
216540	0.0004070304717
216541	0.000516695341
216542	0.00410450806
216543	0.002359091742
216544	0.001301864188
216545	0.0021166716
216546	0.00047007155
216547	0.001995596143
216548	0.001396524848
216549	0.0003575548851
216550	0.001185030022
216551	0.003984907814
216552	0.006132612713
216553	0.006699389989
216554	0.004637084954
216555	0.003497300359
216556	0.004595812663
216557	0.002853158561
216558	0.002771231048
216559	0.004976966956
216560	0.001756639244
216561	0.0004789497823
216562	0.001817077379
216563	0.002312251069
216564	0.002441370451
216565	0.00240846776
216566	0.005740659885
216567	9.991620335e-06
216568	0.002667602618
216569	0.001067902393
216570	0.003953168414
216571	0.00435810165
216572	0.002461687227
216573	6.953228763e-05
216574	0.001394050184
216575	0.0004480809166
216576	0.002591198796
216577	0.002564843876
216578	0.003749190156
216579	0.003034392127
216580	0.001355335197
216581	0.0003609196305
216582	0.001942293214
216583	0.000601025108
216584	6.101828987e-05
216585	0.0002700270292
216586	0.002484830322
216587	0.002458448452
216588	0.002412015174
216589	0.001779025698
216590	0.001183489062
216591	0.0004883777646
216592	0.0004609347779
216593	0.001422897306
216594	0.0001081095144
216595	7.490736451e-06
216596	0.0007117055102
216597	0.002411027765
216598	0.0005030692658
216599	0.0001445187645
216600	6.867650445e-05
216601	0.002064379085
216602	0.0008415086329
216603	0.0007606004576
216604	0.0004977049754
216605	0.00256465855
216606	8.941087967e-05
216607	0.001096483985
216608	0.000508548869
216609	0.0003017882076
216610	0.004361769512
216611	0.002261665485
216612	0.001161977243
216613	0.002515407397
216614	0.001039260972
216615	0.002495943202
216616	0.00192173479
216617	0.0001985949746
216618	0.005009417778
216619	0.003816465755
216620	0.005392860236
216621	0.002320850552
216622	0.001277174253
216623	0.002206703159
216624	0.001379215372
216625	0.0002793769099
216626	0.001067857676
216627	0.001057522786
216628	0.0002841674073
216629	0.00597589534
216630	0.002336546811
216631	0.004131660813
216632	0.002316536736
216633	0.0008899622588
216634	0.006211771922
216635	0.001996543395
216636	0.009486883004
216637	0.0008784692025
216638	0.001089911129
216639	0.001254060369
216640	0.001251258103
216641	0.0003366014941
216642	0.002819136854
216643	0.00127804336
216644	0.0001934801287
216645	0.001746789241
216646	0.003644721663
216647	0.001479963803
216648	3.254586552e-05
216649	0.001399604022
216650	0.004958523977
216651	0.0002942204014
216652	0.005369163089
216653	0.001707501094
216654	0.003278774436
216655	0.002963089282
216656	0.005521845159
216657	0.002089963998
216658	0.001194468065
216659	0.001465218783
216660	0.001056340727
216661	2.682844371e-05
216662	0.001476598031
216663	0.001237624788
216664	0.00051771104
216665	0.0001596854581
216666	0.002916993101
216667	0.00831318018
216668	0.002513819749
216669	0.001259929865
216670	0.004539743617
216671	0.003630096769
216672	0.003129660691
216673	0.0009370143855
216674	0.0007286405211
216675	0.001428150754
216676	0.002710379316
216677	0.003070597657
216678	0.0008937858435
216679	0.005098142919
216680	0.003982020686
216681	0.003037187559
216682	0.003063258036
216683	0.002153514386
216684	0.00292153747
216685	0.005901772324
216686	0.001583087442
216687	0.003722121247
216688	0.003941411293
216689	0.003071626803
216690	0.002314835287
216691	0.005269502518
216692	0.004671985051
216693	0.001148363811
216694	0.002121702399
216695	0.001583696161
216696	0.0003785976605
216697	0.001183776509
216698	0.0008588434561
216699	0.0004028773019
216700	0.0009466300351
216701	0.0005909629925
216702	1.91796982e-05
216703	0.0001661942232
216704	0.003715495216
216705	0.0038988392
216706	0.001604433634
216707	0.0003591485878
216708	0.002169515308
216709	5.875586753e-05
216710	0.002317229193
216711	0.002579676902
216712	0.001936188844
216713	0.002306910746
216714	0.001050611155
216715	0.004191402967
216716	0.001166620212
216717	0.007028374894
216718	0.0009052460558
216719	0.0004973710362
216720	0.0001958220055
216721	0.0004350879367
216722	0.002344721524
216723	0.001749644333
216724	0.0002940500179
216725	0.002391306732
216726	0.0002277133518
216727	0.0002474051115
216728	0.003302843667
216729	0.001845156979
216730	0.007056071016
216731	0.002478871833
216732	0.0009895022098
216733	0.003633658205
216734	0.005302909451
216735	0.001363140358
216736	0.000396569596
216737	0.0009778415345
216738	0.005157749307
216739	0.0003457872964
216740	0.002993252339
216741	0.001522108969
216742	0.004298661484
216743	0.0008064730649
216744	0.001541376772
216745	0.0004260469943
216746	0.0002275169868
216747	0.0003583947434
216748	0.0002971526577
216749	0.0007499645029
216750	0.0001603150048
216751	0.001102027774
216752	0.00175171999
216753	0.0008845046941
216754	0.001195061067
216755	0.002064275495
216756	0.0002444060039
216757	0.0002943584403
216758	0.000287346773
216759	5.178650656e-05
216760	0.001270621096
216761	0.0004706464404
216762	0.0002073105138
216763	6.349715351e-05
216764	0.0003856111501
216765	0.0003707826193
216766	0.0002669858204
216767	7.954466768e-05
216768	0.0007305556174
216769	0.0004425410813
216770	0.0002258614378
216771	9.445095323e-05
216772	0.0003254835877
216773	0.0005444116276
216774	0.0004958941373
216775	0.0002639893154
216776	0.00015967479
216777	0.0002459625673
216778	0.0002946990611
216779	1.260424575e-05
216780	0.0003148581289
216781	0.0007617210096
216782	0.0009690365129
216783	0.0001635301331
216784	0.0003361308551
216785	0.0002834733445
216786	0.000168718363
216787	0.0005284783643
216788	0.000118606004
216789	0.0005985207999
216790	0.0007205107853
216791	4.421143361e-05
216792	0.0001240360086
216793	0.0002092489749
216794	0.0003858164428
216795	0.0005176051942
216796	0.0006839464139
216797	0.0004175491491
216798	0.0001633447412
216799	0.0005231480111
216800	0.0003437796907
216801	0.0001394170539
216802	0.000116774774
216803	4.951073215e-05
216804	0.000246409469
216805	5.135475023e-05
216806	0.0003246350968
216807	0.0003335063561
216808	0.0001575197945
216809	0.0009700486349
216810	0.0001504782953
216811	9.35659533e-05
216812	0.0009584483684
216813	0.0003280587987
216814	0.000606221424
216815	0.0003972820244
216816	0.0004996076265
216817	0.0005342769369
216818	0.0003048844821
216819	0.0004116573712
216820	0.0005606202917
216821	0.000424160302
216822	0.0001322256592
216823	9.904095398e-05
216824	0.0006071161092
216825	1.609397884e-05
216826	0.00421316507
216827	0.001730557185
216828	0.00102813515
216829	5.013435259e-05
216830	0.0007987996734
216831	0.0005475867555
216832	0.0001916306001
216833	0.001272514482
216834	0.002219665053
216835	0.000281064184
216836	0.000588290673
216837	8.413824157e-05
216838	0.0003292459992
216839	0.0003444400697
216840	3.551219376e-05
216841	0.0006512320969
216842	0.0006146360981
216843	3.120940101e-05
216844	0.0003907898546
216845	0.0005478596942
216846	0.000513345308
216847	0.0009775919001
216848	0.00198355674
216849	3.443471066e-05
216850	0.001038904842
216851	0.0005056492435
216852	0.0002736712961
216853	0.002099851661
216854	0.0001781249189
216855	1.590466876e-05
216856	2.088001196e-05
216857	7.509977059e-05
216858	0.0007085729282
216859	0.0004822263175
216860	0.0004505992623
216861	0.0002547933826
216862	0.001444256838
216863	6.529699114e-06
216864	0.0002629352175
216865	6.267729541e-05
216866	0.000550725475
216867	0.0009118910649
216868	3.414415365e-05
216869	0.0005058462811
216870	0.0001590928752
216871	0.0005235998847
216872	0.000262827397
216873	0.000414570598
216874	0.0006344958291
216875	0.0003477234213
216876	0.001249007161
216877	0.0003332225641
216878	2.367996411e-05
216879	0.0009112933162
216880	6.688791142e-06
216881	7.002018198e-05
216882	0.001171702917
216883	0.002666285574
216884	0.0009325508958
216885	5.345177638e-05
216886	0.0001811133574
216887	2.079216971e-05
216888	0.0001191461695
216889	0.0008701560772
216890	0.0005808967191
216891	0.000325902681
216892	0.0006010475086
216893	0.0004729186993
216894	0.005514122865
216895	0.0003084587485
216896	0.0004479505063
216897	0.0002461712596
216898	0.0006814940922
216899	0.0003364164437
216900	0.0001099501657
216901	0.001119295557
216902	0.000248239687
216903	3.501176598e-05
216904	5.468714873e-05
216905	0.002188617215
216906	1.497999012e-05
216907	0.0003459373227
216908	0.0003182799509
216909	6.119935479e-06
216910	0.0003561641283
216911	0.0001634799542
216912	0.0001695758955
216913	0.0001727415747
216914	0.0004691759342
216915	0.0001915342249
216916	3.903015645e-05
216917	0.0002330411077
216918	0.001846722861
216919	0.0009495735045
216920	0.0007281470216
216921	0.0007728467816
216922	0.0002070477874
216923	0.0004280685473
216924	0.00229623884
216925	0.00074949239
216926	0.002179431847
216927	8.474126731e-05
216928	0.001063574619
216929	0.0009345029055
216930	0.0007069720458
216931	0.0002679839563
216932	0.001258024611
216933	0.0007087232959
216934	0.001984670648
216935	3.98812069e-05
216936	0.0002234971035
216937	0.001414828505
216938	6.216863851e-05
216939	0.0007148666051
216940	0.001106860217
216941	0.000129758942
216942	0.0006069975759
216943	0.00279626248
216944	0.0006746130113
216945	0.002829026498
216946	0.0007699053593
216947	0.0003336763584
216948	0.0001338181965
216949	0.0005110569276
216950	0.0006035560651
216951	0.002935612913
216952	0.0004662709598
216953	5.377218147e-05
216954	0.002651314661
216955	0.0002274591689
216956	0.0001430610297
216957	0.001760040163
216958	0.001114477518
216959	0.0004228014774
216960	0.002173492731
216961	0.000561131419
216962	0.0001119689009
216963	4.757700438e-05
216964	0.0002262890929
216965	4.403956536e-05
216966	0.0007990109362
216967	0.0001349558364
216968	0.001251483685
216969	0.0001512207543
216970	0.00010221786
216971	0.001874975
216972	8.515693015e-05
216973	0.0005598331475
216974	0.0002275406697
216975	0.0003984512489
216976	0.0008210831377
216977	0.002830670259
216978	0.0004834105451
216979	0.0003204454815
216980	0.0007133936491
216981	6.388551835e-05
216982	8.163324726e-05
216983	0.0001182415646
216984	7.23757087e-05
216985	0.0005665351525
216986	0.0002587143244
216987	0.0005378722062
216988	0.000345905868
216989	0.0007611336382
216990	0.0002397924936
216991	0.0001599881697
216992	0.0005153836456
216993	0.0005265526646
216994	0.0002987970007
216995	0.0001658767724
216996	2.635908735e-05
216997	0.0007900470865
216998	0.0002291500249
216999	0.0002647279287
217000	0.0005082250933
217001	0.0001820287173
217002	0.0004385610355
217003	0.0009471373672
217004	0.001019041307
217005	9.414003521e-05
217006	1.688079644e-05
217007	0.001095866886
217008	0.0001864791901
217009	0.0006158719489
217010	0.001144064577
217011	0.0002562222328
217012	0.0004987974097
217013	0.0009183432188
217014	0.002426947054
217015	0.0002504914174
217016	0.0008299132638
217017	0.0002620320572
217018	0.0005242893456
217019	0.0008586554367
217020	0.0004103833918
217021	0.0002131141548
217022	0.0001199374022
217023	0.000566649524
217024	0.0004251425779
217025	0.0005021706805
217026	1.802446933e-05
217027	0.0001688552265
217028	7.202435935e-05
217029	0.0001382101776
217030	0.0004284933592
217031	0.003421793869
217032	0.001238279854
217033	0.0007580021449
217034	0.001118355
217035	0.0004208479195
217036	0.0002003947031
217037	0.0001117462468
217038	4.847086156e-05
217039	0.0003796160669
217040	3.389049646e-05
217041	0.0002142840757
217042	0.0003305231493
217043	0.0009926085889
217044	0.0002499306101
217045	0.0002601748127
217046	0.0007573963316
217047	0.0007682707154
217048	1.175948658e-05
217049	0.0001454946448
217050	0.0006504064623
217051	0.0001654907888
217052	0.0005071997166
217053	0.0002142971367
217054	0.0009491883712
217055	0.0006715939712
217056	0.0002007282238
217057	0.0008033358629
217058	0.001025768083
217059	0.0002071794712
217060	0.0002628920506
217061	0.0001179847273
217062	0.0003901768369
217063	0.001046869714
217064	0.0002087589996
217065	0.001052981877
217066	0.0003121994114
217067	0.0007824966545
217068	0.000119437628
217069	0.001115827151
217070	0.0005800780936
217071	0.001588999663
217072	0.001503459923
217073	1.854240237e-05
217074	0.0005614921988
217075	0.0006605533933
217076	0.0001801246865
217077	0.0009335212789
217078	3.095450916e-05
217079	0.0004515952445
217080	0.0001233212368
217081	9.868756628e-05
217082	0.0009504681821
217083	0.001157987829
217084	0.0002098677477
217085	0.0004783325451
217086	0.0004065063971
217087	0.0002292292459
217088	1.707645046e-05
217089	0.0004959620113
217090	0.0001618848144
217091	0.0003239205022
217092	0.000212613962
217093	0.0007886309877
217094	0.001858649207
217095	0.0006969933754
217096	0.000116103591
217097	0.001075214938
217098	0.000105770559
217099	3.239348286e-05
217100	0.0004488662556
217101	0.0003270609845
217102	0.0006930436131
217103	0.0003269259407
217104	0.0003942216956
217105	0.001595937399
217106	0.0002066486153
217107	0.004374232159
217108	4.088224863e-05
217109	0.0001737555668
217110	0.0007182908092
217111	0.001741629912
217112	0.0006994182897
217113	0.0006513525482
217114	0.0001392613828
217115	0.001187307375
217116	0.0006093133317
217117	0.00101247773
217118	0.0004573097551
217119	0.003613110883
217120	0.0002440967362
217121	0.0003061082946
217122	0.0001398970329
217123	0.0008955696257
217124	8.308720703e-05
217125	0.0002876903368
217126	0.0001754982629
217127	0.0004281601125
217128	0.0005376560992
217129	0.0005076232103
217130	0.0003896940595
217131	0.0002137056956
217132	0.003570141454
217133	0.0004954353386
217134	0.0001214982777
217135	0.0002034355106
217136	0.0001108034233
217137	0.0001291579816
217138	0.0004707662097
217139	9.296258031e-05
217140	0.0008747507168
217141	0.0001929728479
217142	0.0008527276708
217143	1.524684543e-05
217144	0.0003241376262
217145	0.0001184355628
217146	9.163904033e-05
217147	0.0002061318521
217148	0.000415018004
217149	0.0003509246044
217150	1.882463021e-05
217151	5.247859919e-05
217152	0.0003577171598
217153	0.0003539699687
217154	0.0007547322936
217155	0.0002070117572
217156	0.0004698122777
217157	0.001264657991
217158	6.774987478e-05
217159	0.0008971131751
217160	0.0002620540958
217161	0.0005121994421
217162	0.00066772268
217163	0.0003107959571
217164	2.201429007e-05
217165	0.0004169356893
217166	0.0002143954104
217167	0.0002146413194
217168	0.0005172525418
217169	0.0004593666237
217170	5.49566014e-05
217171	0.0008375096773
217172	0.0002204255986
217173	0.001741054056
217174	0.000107964354
217175	0.001110992139
217176	0.0001103016764
217177	0.0003304465491
217178	0.000523225068
217179	0.001006804412
217180	0.001185305868
217181	0.0001699206503
217182	0.0008044863174
217183	0.0001598457501
217184	0.0001795246298
217185	0.000980394737
217186	0.0001831282793
217187	0.0005728256517
217188	8.582075872e-05
217189	0.0002981793918
217190	4.691991084e-05
217191	8.808387151e-05
217192	0.001095304858
217193	0.001418486365
217194	0.0001670805073
217195	0.0006358402155
217196	0.0001512440577
217197	0.0005370302115
217198	5.344455582e-06
217199	0.0001496663108
217200	0.0006011908779
217201	0.0001540797963
217202	2.754682002e-05
217203	0.0008383274257
217204	0.0001728065392
217205	0.001041900178
217206	0.0002996411475
217207	0.001084754061
217208	7.682586074e-05
217209	0.0006216959443
217210	0.0002507388969
217211	0.0003189982925
217212	0.0001614354549
217213	0.000167564297
217214	0.0001225187572
217215	0.0006617181474
217216	0.0009682972324
217217	0.001025553212
217218	0.0005727485028
217219	0.001853666266
217220	0.0001594571332
217221	0.002002907119
217222	0.002501309295
217223	0.0007910433576
217224	0.0002654765093
217225	0.000621672764
217226	0.0001304956181
217227	0.0007897891292
217228	0.0007129088007
217229	0.003916310687
217230	0.0001442166688
217231	0.0004339740467
217232	0.0001471260375
217233	0.0004003441315
217234	0.0001018427322
217235	0.0004133208506
217236	0.001975478061
217237	0.0002725190833
217238	0.0001998751895
217239	0.0001782195698
217240	8.483590443e-05
217241	0.0002638862786
217242	0.0001846845103
217243	8.283647485e-06
217244	0.0006161394898
217245	0.0002370563878
217246	0.0003915039427
217247	0.0008909373777
217248	0.0002296160982
217249	9.489146097e-05
217250	0.0001604935526
217251	0.000435744931
217252	0.0004942000119
217253	0.0003791897096
217254	0.0006079567071
217255	2.961739709e-05
217256	0.0001441570855
217257	0.0002338572835
217258	0.0002807598371
217259	0.001854688552
217260	0.0004240630314
217261	0.0004251474236
217262	0.0006483047721
217263	0.0005609795574
217264	2.798483251e-05
217265	1.441944652e-05
217266	0.000421898652
217267	0.0008437118803
217268	0.0008048353018
217269	0.0002990830558
217270	0.0001274823248
217271	0.0001891340623
217272	0.0004169758913
217273	0.0002744865871
217274	0.0003164101468
217275	0.0002927789281
217276	0.0001702698466
217277	0.0002639800655
217278	0.001110701295
217279	0.000426223768
217280	0.0004087018431
217281	0.001126624802
217282	0.0005226257658
217283	0.0002807314996
217284	0.001182466359
217285	0.0003419909119
217286	0.0002717818319
217287	0.000533848444
217288	0.0008131308328
217289	0.0003743369587
217290	0.0008552253938
217291	0.0003466674508
217292	0.001248370941
217293	0.0009713986835
217294	7.144495016e-05
217295	0.0006022551883
217296	0.000125444558
217297	0.0001245263683
217298	0.0008209756591
217299	0.00174660327
217300	0.0001141683001
217301	0.0002693863213
217302	0.0002866163972
217303	0.0001541905039
217304	0.0008041333531
217305	0.0007211147495
217306	0.0006186491038
217307	0.0009712996925
217308	5.075091604e-06
217309	0.0007499795005
217310	0.001033938181
217311	0.0006045145474
217312	5.606788708e-05
217313	0.0004981110949
217314	0.000580557144
217315	0.0004512109615
217316	0.0002656877087
217317	3.464241922e-05
217318	0.0004291925165
217319	0.0008602310017
217320	4.93098141e-06
217321	0.001236260392
217322	0.0003730166787
217323	3.888002048e-05
217324	0.0008442042814
217325	0.0003435578826
217326	2.657421681e-06
217327	0.002812930469
217328	0.0002549070439
217329	0.0002326950959
217330	0.0004996063512
217331	6.123813181e-05
217332	0.0004324173074
217333	4.786757592e-05
217334	0.0003651898288
217335	0.001025812216
217336	0.0002331580136
217337	0.0001655947503
217338	0.0002114084493
217339	0.0005521928833
217340	0.0005920579157
217341	0.0007598276131
217342	8.223583981e-05
217343	0.0007561137304
217344	0.0006224533157
217345	2.475063771e-05
217346	0.0002278705411
217347	0.001407374711
217348	0.0001953354635
217349	0.001497451505
217350	0.0003493515676
217351	0.0001569473056
217352	0.0003274671669
217353	2.294228785e-05
217354	0.0003517124141
217355	0.001148687169
217356	0.0006197450743
217357	0.0008584661061
217358	0.000647782232
217359	0.0005706565101
217360	0.000285944367
217361	0.002601806308
217362	0.0004758173801
217363	0.0005340506065
217364	4.811784618e-05
217365	0.004828126712
217366	0.002333709769
217367	6.492918832e-05
217368	0.0002387657338
217369	0.0003502094065
217370	0.001094088206
217371	0.0005902169345
217372	0.0006117577775
217373	0.0004131786757
217374	4.916326036e-05
217375	2.760249863e-05
217376	0.000594609047
217377	0.0003770499652
217378	0.0001118224149
217379	0.0001334832348
217380	0.0005588156978
217381	1.763014956e-05
217382	0.0009059618162
217383	0.0003754004049
217384	0.0002392998279
217385	0.0005529008393
217386	0.001265445727
217387	0.0002921373346
217388	0.000117877213
217389	5.226871844e-05
217390	0.001513542432
217391	0.0008635732929
217392	0.0001338182379
217393	0.0005627204153
217394	0.0004744180623
217395	1.89478461e-05
217396	5.169361673e-05
217397	0.000172040489
217398	0.0003320916289
217399	0.0002599928315
217400	0.001118433641
217401	0.003598185917
217402	0.0003131550384
217403	0.001477796835
217404	0.001050459685
217405	0.001437626945
217406	0.002156474364
217407	0.0003330628052
217408	0.002138730593
217409	0.0001459648017
217410	7.469390868e-05
217411	0.0004878820717
217412	0.0002171363773
217413	0.0001384939862
217414	0.004502197724
217415	3.494741332e-05
217416	3.69635523e-05
217417	0.0002755100927
217418	0.0004651872129
217419	0.0002830070382
217420	2.411673444e-05
217421	0.0002096879769
217422	0.0002276894376
217423	0.0009489336685
217424	0.0004395715884
217425	0.001793315531
217426	0.002132476633
217427	0.0008402468157
217428	0.0006383130552
217429	0.0003513551897
217430	0.0001184635144
217431	0.001339645188
217432	0.006032639973
217433	0.007446980366
217434	0.0005239920296
217435	0.003135428231
217436	0.0008536024855
217437	0.002355165261
217438	0.0005716703004
217439	9.160853027e-05
217440	0.003952262079
217441	0.003510696578
217442	0.0001781481765
217443	0.001359247932
217444	0.007360782324
217445	0.002953723662
217446	0.0009375551233
217447	0.0002748995626
217448	0.002132805948
217449	0.001589263369
217450	0.001044322448
217451	0.0007766044677
217452	0.003470180715
217453	0.003113749763
217454	0.00275013226
217455	0.001157680935
217456	0.001527126731
217457	0.001688778411
217458	0.00139724282
217459	0.001543371867
217460	0.0008372676989
217461	0.0001300634812
217462	0.003218888615
217463	0.001645596413
217464	0.003214959322
217465	0.001015522763
217466	0.0008865804726
217467	0.002022731103
217468	0.0001140380671
217469	0.002040679721
217470	0.000283009595
217471	0.0003066505947
217472	0.0001122632528
217473	0.0002610465036
217474	0.0007746257163
217475	0.0002431442783
217476	0.0006403034006
217477	0.0002612088792
217478	0.0002363593317
217479	0.0001537678177
217480	0.0001309133834
217481	8.612846721e-05
217482	0.0002394743215
217483	5.72011762e-05
217484	0.0002416205614
217485	0.0003644816999
217486	0.00021787689
217487	0.0009564660476
217488	0.00026203798
217489	0.0002936493172
217490	3.061755558e-05
217491	0.0003891247943
217492	0.0001713630399
217493	7.662730667e-05
217494	0.0001077108281
217495	0.0003681867731
217496	0.0002600691937
217497	0.0006300432954
217498	0.001093885717
217499	7.765252138e-05
217500	0.000237997265
217501	1.896195756e-05
217502	0.0009727680502
217503	0.000168024783
217504	0.0001767294962
217505	0.0005502663193
217506	0.001288239942
217507	0.0007976053435
217508	0.002850074403
217509	0.003217143666
217510	0.001801250584
217511	6.510375848e-05
217512	0.001821163399
217513	0.001285219499
217514	6.1586146e-05
217515	0.0001231079418
217516	0.0002130291183
217517	0.0001218586527
217518	7.68081892e-05
217519	8.743567424e-05
217520	0.000276854312
217521	0.0002054302454
217522	2.863478451e-05
217523	0.000118848282
217524	8.249618138e-05
217525	0.000381047647
217526	0.0004082501022
217527	0.0007055930657
217528	0.0002510652873
217529	0.0001734317748
217530	0.0001664357402
217531	8.276343917e-06
217532	7.458808879e-06
217533	0.0004761835209
217534	0.0001714354135
217535	0.0001938241651
217536	4.047096818e-05
217537	0.0006556231862
217538	6.010255829e-05
217539	2.248286849e-05
217540	2.528221493e-05
217541	0.0003813074893
217542	0.0004089023037
217543	3.161926315e-05
217544	0.0002648743863
217545	0.0003550235708
217546	4.440123069e-05
217547	0.0001002134762
217548	9.711138696e-05
217549	4.465946379e-06
217550	0.0003481924664
217551	0.0001189500817
217552	0.0003250018111
217553	0.0002056056596
217554	0.0005005447887
217555	0.0006599096304
217556	0.0003030582254
217557	0.0001408196797
217558	0.000346941948
217559	0.0001423746544
217560	0.0002603325076
217561	9.432069209e-05
217562	0.0001157682917
217563	0.0002790936961
217564	0.0001440848017
217565	5.974558268e-05
217566	0.0003561922856
217567	0.0008001225399
217568	0.000179067722
217569	4.901447883e-05
217570	4.021672084e-06
217571	0.0004766418188
217572	0.0002117092878
217573	6.755045024e-05
217574	0.000126872696
217575	0.0002308220429
217576	0.0001386883149
217577	0.000261639226
217578	0.0005447720445
217579	0.0003493134233
217580	0.0002236860862
217581	0.0001031210732
217582	0.0004278123705
217583	0.0002310976678
217584	0.000261372212
217585	0.000401042053
217586	0.0002607742761
217587	7.809943988e-05
217588	0.0002716281158
217589	0.0005446619607
217590	0.0002777737816
217591	0.0003634758459
217592	0.0004522713209
217593	1.505418673e-06
217594	6.255617803e-06
217595	0.0001013551934
217596	0.0003193158121
217597	0.0007330654494
217598	0.0001934837373
217599	0.0003818963281
217600	0.0003211466052
217601	0.0001191435548
217602	3.17689918e-05
217603	0.0003371362065
217604	0.0003981699613
217605	0.0002871776355
217606	0.0005304381992
217607	0.0001162993178
217608	0.0001305051235
217609	1.969148115e-05
217610	0.0004253384346
217611	0.0002321992893
217612	0.0004932903297
217613	0.0001258352423
217614	0.0005325505918
217615	5.605898763e-05
217616	0.0001037106224
217617	7.613235507e-05
217618	0.0002249460185
217619	4.305113093e-05
217620	0.0003483346418
217621	0.0004779068676
217622	0.0003538121131
217623	5.816966896e-05
217624	0.0001680552668
217625	2.070189253e-06
217626	3.246158027e-05
217627	0.0005895121404
217628	0.0001761766319
217629	0.0005363683049
217630	6.703641828e-05
217631	0.0001824398606
217632	7.183686903e-05
217633	0.000367250741
217634	0.0001633856358
217635	0.0003389962626
217636	3.576687003e-05
217637	2.634361409e-05
217638	0.0001927418002
217639	7.2501377e-05
217640	0.0001881770614
217641	8.048114375e-05
217642	0.0001916439959
217643	0.0003515989477
217644	7.502547698e-05
217645	4.899644884e-05
217646	7.660350983e-06
217647	4.615221947e-05
217648	0.0007342218597
217649	0.0002508686524
217650	0.0003532479064
217651	0.0003805550097
217652	0.0003156961493
217653	0.0002693852897
217654	6.407859643e-05
217655	0.0002240020692
217656	0.0003066326795
217657	3.823635196e-05
217658	0.0001235021119
217659	0.0001004489583
217660	0.000136683018
217661	0.0004820925058
217662	0.0006520140305
217663	0.000481400666
217664	0.0002494065375
217665	0.0003164649198
217666	0.0001569032611
217667	0.0003043453199
217668	0.000381286883
217669	0.000256092493
217670	0.0001844602015
217671	0.0002105660845
217672	0.0001243458571
217673	0.0001580531694
217674	6.487076466e-06
217675	0.0001761882146
217676	3.674847418e-05
217677	4.48225223e-05
217678	0.0001458468295
217679	0.0001501081129
217680	0.0001781592688
217681	0.005768662909
217682	0.0001483857363
217683	0.0003688643678
217684	0.001029837486
217685	2.938376795e-05
217686	0.0001566865837
217687	2.927344236e-05
217688	0.0004524742151
217689	0.000324885517
217690	0.0002129860493
217691	0.0001472354867
217692	0.0004121433305
217693	3.962580685e-05
217694	1.834730272e-05
217695	0.0002131172252
217696	8.291885576e-05
217697	6.738976322e-05
217698	0.0004649304852
217699	0.0001389223513
217700	0.0001451883489
217701	7.133416678e-05
217702	0.0005131334953
217703	0.0004419381526
217704	8.478578146e-05
217705	0.0003440537374
217706	0.000890787103
217707	0.0002785245341
217708	0.0003589406398
217709	0.0001640280287
217710	0.0005847421534
217711	0.0005283496825
217712	0.0008532223186
217713	0.0001079936832
217714	0.0001348035194
217715	2.115051602e-05
217716	0.0002993966563
217717	0.0007462836634
217718	0.0001684675336
217719	0.0005096461396
217720	0.0002542367057
217721	0.0003125122765
217722	0.0001535331295
217723	0.0002664975377
217724	0.001443325687
217725	3.347729336e-05
217726	0.0002970480066
217727	0.0002778281588
217728	0.0005024158538
217729	6.690549881e-05
217730	0.0001570333476
217731	0.000503754881
217732	0.0002998776494
217733	0.0001199617231
217734	8.532593339e-05
217735	0.0006168703366
217736	0.0009157168616
217737	2.663124852e-05
217738	0.0002527771837
217739	0.0002853924148
217740	0.0001577763013
217741	0.0003797292023
217742	0.001287668776
217743	0.0003693929834
217744	0.000194566549
217745	0.0002469107863
217746	0.0001618611663
217747	0.0006843566154
217748	0.0007429111166
217749	0.000459572543
217750	0.0003267918768
217751	8.802989502e-05
217752	0.0001442145097
217753	0.0002173718024
217754	0.0001898095978
217755	0.0004236264206
217756	0.0007371117485
217757	0.0003039730189
217758	6.005879814e-05
217759	8.192422946e-05
217760	0.0004668934734
217761	0.0003549029399
217762	8.015117783e-05
217763	2.418293772e-05
217764	0.000518620858
217765	0.0001616953925
217766	0.0003308071877
217767	3.605612216e-05
217768	0.0003365567305
217769	5.589685459e-05
217770	0.000782342043
217771	0.0001406188139
217772	0.0001623200806
217773	0.0001697509264
217774	0.0004068306008
217775	0.0003451813092
217776	0.0003041754984
217777	0.0003801775002
217778	0.000162246185
217779	0.0003794039776
217780	0.0008122690076
217781	0.0003003132276
217782	0.0003147354411
217783	0.0003402988727
217784	0.0002996084078
217785	0.001188129043
217786	3.485294148e-05
217787	0.000142152379
217788	0.0006985356942
217789	0.00036901527
217790	5.06852136e-06
217791	0.0001288968399
217792	0.0003694783575
217793	0.0005533365659
217794	0.000230250884
217795	0.0004090398148
217796	0.0001964901999
217797	0.0008796491398
217798	0.0001792150605
217799	8.116816121e-05
217800	0.0002675624294
217801	1.264140001e-05
217802	0.001298650185
217803	0.0003552246335
217804	0.0009513616758
217805	5.948087456e-05
217806	0.0002363253883
217807	0.0001232764704
217808	7.072091107e-05
217809	0.0002278749136
217810	0.0003433565835
217811	1.24250087e-05
217812	0.0005049341909
217813	0.0003595322257
217814	0.0003067896769
217815	0.0002727791952
217816	0.0004308976446
217817	0.0005521335112
217818	0.0002855301863
217819	0.0005102476846
217820	2.734610411e-05
217821	0.002531226126
217822	0.0001128322692
217823	0.0009139757468
217824	0.0001308949359
217825	0.0009968129378
217826	3.96358845e-05
217827	5.474020982e-05
217828	0.0005981255299
217829	0.0003986207871
217830	0.0003926366574
217831	0.0003380608163
217832	0.000340358529
217833	0.0007906499416
217834	0.0004185485635
217835	0.0005482554418
217836	0.0005240037371
217837	0.0006119578732
217838	0.0006722899005
217839	1.804835956e-06
217840	0.001314949263
217841	0.0002421146178
217842	0.0009666256849
217843	0.0004953026261
217844	5.086013629e-05
217845	0.0001835645495
217846	6.824199464e-05
217847	2.217770367e-05
217848	0.0001032153961
217849	0.0001170479444
217850	0.0002040092565
217851	0.0006110151056
217852	0.0002467347355
217853	0.0004016060001
217854	8.038406462e-05
217855	0.0004355636415
217856	3.628578911e-05
217857	0.0001101628474
217858	0.0004962232128
217859	0.0004706626514
217860	0.0001942694721
217861	0.0002555021222
217862	0.001507335217
217863	0.0002979679255
217864	8.428324054e-05
217865	0.0001711589392
217866	0.0001823217015
217867	0.0001342308682
217868	0.0004681580293
217869	0.0002116991038
217870	9.305653192e-05
217871	0.006010046971
217872	0.002701861537
217873	0.003607952944
217874	0.002045840979
217875	0.0006702666471
217876	0.0003520098619
217877	9.986890687e-05
217878	0.0005324297796
217879	4.499303094e-05
217880	7.673511059e-05
217881	0.00188221154
217882	0.002432908452
217883	0.003966918075
217884	0.000818603955
217885	0.001229806422
217886	0.0006989689518
217887	0.00223631858
217888	0.002833950796
217889	0.001877215618
217890	0.002920815737
217891	0.001650323672
217892	0.001642899106
217893	0.001160655503
217894	0.001898361614
217895	0.002531897087
217896	0.0006753774963
217897	0.00336898469
217898	0.0001385209391
217899	0.005746487185
217900	0.0003073944591
217901	6.504305263e-05
217902	0.001328394101
217903	0.001832934772
217904	0.004287972718
217905	0.002387250674
217906	0.001220801624
217907	0.005726291724
217908	0.002922588725
217909	0.002305761196
217910	0.002383465238
217911	0.004745101317
217912	0.002009707167
217913	0.001251256575
217914	0.0003477306899
217915	0.001302616643
217916	0.0003764467981
217917	0.00182578904
217918	0.0002336356973
217919	7.561806038e-05
217920	0.0006016451185
217921	0.0006368127099
217922	0.001067170222
217923	0.0005191876187
217924	0.0007889261996
217925	9.750467236e-05
217926	3.936315432e-06
217927	0.001061758528
217928	0.0002974051235
217929	0.001542944281
217930	0.0003536940579
217931	7.31726349e-05
217932	0.000274977539
217933	0.0003377479316
217934	0.0004208970519
217935	0.0004665730003
217936	7.356032803e-05
217937	0.0001133431426
217938	1.695559318e-05
217939	0.0007920807519
217940	0.0003817219858
217941	0.0002461804068
217942	0.0001342828466
217943	0.001337854461
217944	0.0006512475333
217945	0.0009179760396
217946	0.0001187447982
217947	0.000847358215
217948	0.0001954986322
217949	0.00104424603
217950	0.0001516225577
217951	0.0002422271114
217952	2.092191232e-05
217953	1.063373711e-05
217954	0.0003829530109
217955	6.108130033e-05
217956	0.0005778129271
217957	0.0005717118019
217958	0.0004181724159
217959	0.0003850134932
217960	0.0003298124419
217961	0.0006531161888
217962	0.0005305832989
217963	0.0003962154859
217964	0.000591323314
217965	0.000287974658
217966	0.0003377331532
217967	0.0003252966161
217968	6.40339744e-05
217969	0.0002106236947
217970	0.0003562944571
217971	0.0001257118129
217972	0.0002202436504
217973	0.0001279579692
217974	0.0004102678328
217975	0.0006989628842
217976	0.0005032084044
217977	0.0003547349135
217978	0.0001497503668
217979	0.0004113840327
217980	0.0006739756268
217981	0.0002490478941
217982	0.0001955719635
217983	0.0003295572102
217984	6.923840775e-06
217985	0.0001671755283
217986	8.290836376e-05
217987	8.617976739e-05
217988	0.0008184758792
217989	1.268327241e-05
217990	0.0001662402852
217991	0.001258918217
217992	0.0002797461785
217993	0.0001166907217
217994	0.0001121296432
217995	0.000451533191
217996	0.0002048732101
217997	0.0001168317968
217998	6.428161807e-05
217999	0.000371506835
218000	0.000833856228
218001	0.0001216611652
218002	0.0006486421162
218003	0.0009582147859
218004	8.686499169e-05
218005	0.0005364521581
218006	0.001997534873
218007	0.002706064455
218008	0.0002825527431
218009	0.001666940934
218010	0.000103669388
218011	0.001306274607
218012	0.0004043365802
218013	0.001455847808
218014	0.001228888513
218015	0.004335226698
218016	0.0007555249406
218017	0.002764699054
218018	0.003809516527
218019	0.006153538041
218020	0.00146642505
218021	0.001499813872
218022	0.007295176272
218023	0.001671351777
218024	0.004242438678
218025	0.004740618632
218026	0.003267925502
218027	0.005222788662
218028	0.00481550307
218029	0.0007642577608
218030	0.001217482348
218031	0.00603492359
218032	0.002386075125
218033	0.0001708508438
218034	0.001588823872
218035	0.0009882420556
218036	0.0006774059095
218037	0.001056289747
218038	0.002230679601
218039	0.00821633715
218040	0.002751276055
218041	0.005168052789
218042	0.004717535658
218043	0.002237355086
218044	0.004102528857
218045	0.0009483475723
218046	0.002449599492
218047	0.001936981672
218048	0.0008698932511
218049	0.002613268991
218050	0.0006162760617
218051	0.001019140249
218052	0.002379506796
218053	0.002098328451
218054	0.002431660088
218055	0.006481271106
218056	0.001016526544
218057	0.002429474005
218058	0.0009081232414
218059	0.001162872266
218060	0.000610418267
218061	0.000203582765
218062	0.0004133646657
218063	0.004143612401
218064	0.003693975111
218065	5.146280833e-05
218066	0.003059301671
218067	3.526132446e-05
218068	3.636941828e-05
218069	0.0003401163926
218070	0.0008337917171
218071	0.004642078456
218072	0.00269740544
218073	0.002629870789
218074	0.004888766319
218075	0.0008247178904
218076	2.907872066e-05
218077	0.0002163245387
218078	7.844482608e-05
218079	2.334179872e-05
218080	0.000595702585
218081	0.001152876015
218082	0.001309893913
218083	0.000358982457
218084	0.000965796363
218085	0.006395952795
218086	0.001364358396
218087	0.004810257427
218088	0.002749128395
218089	0.000566586452
218090	0.0003043387074
218091	0.004216882092
218092	0.0003299405467
218093	2.113836023e-05
218094	0.0005620442458
218095	0.000488044463
218096	0.0005333286632
218097	0.0001677613815
218098	0.002347233855
218099	0.0006488773668
218100	0.001920041562
218101	0.0002352467098
218102	0.004822614106
218103	0.0008995029354
218104	0.003695510166
218105	0.0002089467143
218106	0.0007795351288
218107	0.0060131611
218108	0.003616779211
218109	0.001820444651
218110	0.0006372133175
218111	0.002632917238
218112	0.0005392307654
218113	0.004113023146
218114	2.665863284e-05
218115	0.001887885558
218116	0.006544288723
218117	8.842906359e-05
218118	0.001090321743
218119	0.0006211588698
218120	0.003525537692
218121	0.001108669642
218122	0.001241799251
218123	0.005978667268
218124	0.0005129915368
218125	0.001084696486
218126	0.003749095244
218127	0.003291755538
218128	0.00786539487
218129	0
218130	0.001710884056
218131	0.00260817764
218132	0.004061581097
218133	0.003616080515
218134	0.001280761753
218135	0.001639101391
218136	0.001802772612
218137	9.325017831e-06
218138	0.002905897894
218139	0.0007421764823
218140	0.0005383973946
218141	0.003163466807
218142	0.0009344839172
218143	0.002736533324
218144	0.00106546983
218145	0.002773071885
218146	0.0001267967797
218147	0.005798215708
218148	0.003553751345
218149	0.001446868498
218150	0.005625957049
218151	0.0009621815338
218152	0.0001432549205
218153	0.009173524467
218154	0.006401845351
218155	0.002617661482
218156	0.0002608288765
218157	0.002780226971
218158	0.00130507956
218159	0.0003406885541
218160	0.003320163403
218161	0.003958920819
218162	0.003257284043
218163	4.902719104e-05
218164	0.001544610481
218165	0.001693584524
218166	0.001456412872
218167	0.0001207417453
218168	0.001219281718
218169	0.001725849927
218170	0.005266453121
218171	0.004073270222
218172	0.003302239837
218173	0.005424298263
218174	0.0001641542399
218175	0.003260362329
218176	0.002757551773
218177	0.004546023402
218178	0.001034867544
218179	5.205913532e-05
218180	0.002963063778
218181	0.0001715623063
218182	0.002737578245
218183	0.003437021084
218184	3.435142322e-05
218185	0.005231949363
218186	0.0006312356294
218187	0.0001316044582
218188	9.531133783e-05
218189	0.00383831331
218190	0.000895776315
218191	0.004323067833
218192	0.003340831065
218193	0.0005236825258
218194	0.003402855169
218195	0.004127427654
218196	0.001209845783
218197	0.002815654388
218198	0.004772630226
218199	0.001862917212
218200	0.004657726967
218201	0.002900432591
218202	0.0009011645973
218203	0.002732915586
218204	0.002894347108
218205	0.0004833293451
218206	0.002577003726
218207	0.001444029238
218208	0.004815789497
218209	0.0005996493221
218210	0.001439880086
218211	0.003444554976
218212	0.003796838055
218213	0.0006528868318
218214	0.001329787748
218215	0.002137757962
218216	0.001118731214
218217	0.0002974251586
218218	0.0006416777367
218219	0.00191224577
218220	0.0004551611266
218221	0.003471476816
218222	7.926112089e-05
218223	0.001226985098
218224	0.0005367196061
218225	0.002461329548
218226	0.001081025696
218227	0.0008745503825
218228	0.0004197647642
218229	6.93487369e-05
218230	0.0006305273582
218231	0.0001671493996
218232	0.0007612718845
218233	0.000422801534
218234	0.0009851912794
218235	7.528619117e-05
218236	0.0003767511057
218237	0.0003860909849
218238	1.483454519e-05
218239	0.0002334364799
218240	4.057294086e-05
218241	0.001414959944
218242	4.794248995e-05
218243	0.0001398939546
218244	0.0003639123167
218245	0.0003785212341
218246	0.0006473803121
218247	3.720447525e-05
218248	0.0003772795795
218249	5.360218443e-05
218250	1.382881233e-05
218251	0.001747669767
218252	0.003180300302
218253	0.0007765424393
218254	0.0003302151418
218255	0.0005579274132
218256	0.002446368704
218257	0.007775335255
218258	0.0009968851153
218259	0.0005983587083
218260	0.001623759413
218261	0.0001335753758
218262	0.0009263530217
218263	0.001746080455
218264	0.002817644673
218265	0.003451344849
218266	0.003682277069
218267	0.0001589071282
218268	0.0006207953202
218269	0.003869415858
218270	0.003936422914
218271	0.0002671863139
218272	0.003766561014
218273	0.0005978686049
218274	0.000980125269
218275	0.002839639163
218276	0.001927278613
218277	0.00238457525
218278	0.0002798890022
218279	0.003681357186
218280	0.002759020733
218281	0.00601633767
218282	0.0005956554604
218283	0.001233159146
218284	0.0001937350866
218285	0.00022241239
218286	0.001036235838
218287	0.002557059967
218288	0.002448841969
218289	0.00267371212
218290	0.001981811792
218291	0.007541603192
218292	0.001125955358
218293	0.001803935222
218294	0.002116253128
218295	0.001266887657
218296	1.054900134e-05
218297	0.002005994001
218298	0.001210774851
218299	0.006543982095
218300	0.003234207888
218301	0.002699233068
218302	0.002512753839
218303	0.005950366409
218304	0.0001763471782
218305	0.001477040186
218306	0.002855337886
218307	0.003346449917
218308	0.0008062535545
218309	0.0003605263818
218310	0.001318977142
218311	0.002432179192
218312	0.0003436562456
218313	0.001065368386
218314	0.0003420078389
218315	0.003827121444
218316	0.0004652732574
218317	0.001172323209
218318	0.001186012896
218319	0.005710467137
218320	0.0001075273312
218321	0.00118894155
218322	0.0003572775085
218323	0.003706944936
218324	0.003051776087
218325	0.00387985334
218326	0.001586572768
218327	0.0004289293612
218328	0.002204946912
218329	0.004758277389
218330	0.003090925002
218331	0.0009281228012
218332	0.003162387466
218333	0.002334422639
218334	0.001931000475
218335	0.0004109684967
218336	0.005325490567
218337	0.002922142281
218338	0.003027595329
218339	0.002518710919
218340	0.0004047181087
218341	0.002718964353
218342	0.0001364698135
218343	0.003131314995
218344	0.0002185799175
218345	0.0005041291475
218346	0.0009819172543
218347	0.0007805275674
218348	2.494030839e-06
218349	0.001990620668
218350	0.002592386118
218351	0.000670744119
218352	0.0007044815575
218353	0.0002832314257
218354	0.0001120313358
218355	0.001152268093
218356	0.001031706408
218357	0.00208580558
218358	0.001592949038
218359	0.00122606299
218360	0.001225815621
218361	0.002164004115
218362	0.0004468280413
218363	0.008131309291
218364	0.000376069216
218365	0.002943474414
218366	0.001594609528
218367	0.002505329336
218368	2.396616166e-06
218369	0.002021801861
218370	0.0003161863799
218371	0.0003923653704
218372	0.001739067779
218373	0.00269209015
218374	0.0001452552366
218375	0.0006055113273
218376	0.0008972076442
218377	0.002257236173
218378	0.002677653992
218379	0.000199694686
218380	0.001050793805
218381	0.0002217023162
218382	0.00263494686
218383	0.001130471267
218384	0.001052551383
218385	0.003921848278
218386	0.00248862513
218387	7.838799915e-05
218388	0.0004006099084
218389	0.0007045927207
218390	0.001257167782
218391	0.0007312815578
218392	0.0003119931503
218393	0.001830312684
218394	0.002347904204
218395	0.001161552733
218396	0.00347753544
218397	0.001135460369
218398	0.003072753994
218399	0.001238493297
218400	0.0008302179554
218401	0.004445862192
218402	0.0005765569789
218403	0.001713029344
218404	0.0001536971686
218405	0.002770677949
218406	0.000387450245
218407	0.0001851579721
218408	0.0006613209381
218409	0.0008808599314
218410	0.002789540459
218411	0.00173826095
218412	0.001668638393
218413	0.003991856845
218414	0.0006181821934
218415	0.005834470943
218416	0.003914602017
218417	0.004083368507
218418	0.0001465070622
218419	0.0001131072725
218420	0.002249546397
218421	0.0023656586
218422	0.003356618583
218423	0.001334637543
218424	0.0001467964043
218425	0.00109260351
218426	0.0003292112762
218427	0.001067208476
218428	0.00213195104
218429	0.0002393706592
218430	0.003782153806
218431	0.004326825856
218432	0.003161249777
218433	0.004250999181
218434	0.0006851928648
218435	0.001303770257
218436	0.001899282747
218437	0.001923503501
218438	0.002146204145
218439	0.0002403565773
218440	0.0006478046053
218441	0.002586246066
218442	0.0007630676206
218443	0.001573707966
218444	0.001050285344
218445	0.001178165394
218446	0.002051237317
218447	0.001249976991
218448	0.0005941120065
218449	0.00142817958
218450	0.001637405975
218451	0.0005032744883
218452	0.0006287136226
218453	0.0004881245403
218454	6.782953784e-05
218455	0.0006455601693
218456	0.0004054603092
218457	0.001251476002
218458	4.868030483e-05
218459	0.001818109413
218460	0.001123233185
218461	0.0009858806781
218462	0.003039251352
218463	0.0008175090002
218464	6.081574048e-05
218465	0.002368320301
218466	0.0008521702445
218467	0.002357565982
218468	0.0008011210043
218469	0.000875615511
218470	0.001217716836
218471	0.002083509082
218472	0.001273450499
218473	0.00333003151
218474	0.001333576439
218475	0.0007067792493
218476	0.0003288688942
218477	0.002698173654
218478	0.0007886098595
218479	0.004166650033
218480	0.003154021973
218481	0.004992529605
218482	0.0002612155142
218483	0.0005217174078
218484	0.0005722849195
218485	0.0008659463843
218486	0.0007392813252
218487	0.0006282912378
218488	0.001160796786
218489	0.0007721354412
218490	0.001741821469
218491	0.002578017547
218492	0.001653478303
218493	0.003559397696
218494	0.0009719148066
218495	0.0005790845877
218496	0.002713439726
218497	0.002633508653
218498	0.002965847837
218499	0.00159580796
218500	0.001543424296
218501	0.0006350279482
218502	0.0009764609863
218503	0.0003435593478
218504	0.000575876852
218505	0.0005163222332
218506	0.002387892659
218507	0.002161944218
218508	0.0004481986523
218509	0.0001526220252
218510	0.0003561066254
218511	3.972891974e-05
218512	0.003857640016
218513	0.001612105924
218514	0.003326952053
218515	0.001506960905
218516	0.0005507447279
218517	0.000204674187
218518	0.001433760035
218519	0.0008566325966
218520	0.001091941898
218521	0.001538835529
218522	0.003286991303
218523	0.001583486118
218524	0.001798791259
218525	0.001612263313
218526	0.0009599646043
218527	0.002233634858
218528	0.001628573593
218529	0.0009910486512
218530	0.001700084903
218531	0.001348258691
218532	0.0002493783118
218533	0.0003499706575
218534	6.537808476e-05
218535	0.0002122809705
218536	0.001525241778
218537	0.001109852654
218538	3.653728957e-06
218539	0.001146959065
218540	0.0023444269
218541	0.002765096266
218542	0.0003415399404
218543	0.001354756363
218544	0.0002388501972
218545	0.001741053273
218546	0.0001441623293
218547	0.000494832775
218548	0.00164034663
218549	0.001492294527
218550	3.680809163e-05
218551	0.001072316079
218552	0.002267621106
218553	0.002711746648
218554	0.001077669744
218555	0.001225861527
218556	0.001105379258
218557	0.002086641428
218558	0.0003332401801
218559	0.0009307956634
218560	0.0005119725457
218561	0.001442594715
218562	0.001830865113
218563	0.0005510852693
218564	0.001659702303
218565	0.0002436671268
218566	7.92282998e-05
218567	0.000526175203
218568	0.0002436645862
218569	0.001206000077
218570	0.0004443389921
218571	0.001376890018
218572	0.001330529491
218573	0.001407143736
218574	0.001649562969
218575	0.001203329608
218576	0.001674154697
218577	0.001965444682
218578	0.001025241571
218579	0.001486944006
218580	0.002622139395
218581	0.001334204089
218582	0.001583807262
218583	0.004266901684
218584	0.002131730444
218585	0.0002981433873
218586	0.0001656002517
218587	0.0008308860065
218588	0.0002868267861
218589	0.001766587935
218590	0.0002009415656
218591	0.0003734393751
218592	0.0005355202861
218593	0.0007599977539
218594	0.0003641344176
218595	4.554180876e-05
218596	0.0001256641523
218597	0.0001251125436
218598	0.001185782907
218599	0.000206200337
218600	0.0001113534566
218601	0.0003304462009
218602	0.0002115265391
218603	0.0001061048313
218604	0.003607210511
218605	0.0003662673133
218606	8.686764398e-05
218607	4.053547736e-05
218608	0.001497358525
218609	0.0001261903537
218610	0.002150192166
218611	0.0001956875453
218612	0.0005729662458
218613	0.001145106619
218614	0.0004759563054
218615	0.0005923159654
218616	0.0003826284741
218617	0.0009703212203
218618	6.026240883e-05
218619	0.001516907986
218620	0.003561994281
218621	0.001178583149
218622	0.002616755878
218623	0.0002657021283
218624	0.001517050505
218625	0.001564073618
218626	0.0008455441902
218627	0.0007290907077
218628	0.001275372602
218629	0.001035158182
218630	0.001348525041
218631	0.0004918309585
218632	0.002266909421
218633	0.001445884997
218634	0.001328260562
218635	0.0004483226672
218636	0.001294973825
218637	0.003103238067
218638	0.001109079329
218639	0.0009233647693
218640	0.007279212494
218641	0.001721289899
218642	0.001748296195
218643	0.002642339357
218644	0.004842691534
218645	0.002418062326
218646	0.002909025203
218647	0.001471072523
218648	0.001498912176
218649	0.001533537177
218650	0.006408369691
218651	0.0007468564247
218652	0.002777603587
218653	0.00454373556
218654	0.001109058727
218655	0.0004465933034
218656	0.003920003774
218657	5.779566718e-05
218658	0.003109614358
218659	0.00154404944
218660	0.0010276424
218661	0.004332943897
218662	8.347451088e-05
218663	0.001061573015
218664	0.001913907477
218665	0.003803168744
218666	0.0005633160414
218667	0.001643203466
218668	1.85986635e-05
218669	0.001134115557
218670	4.792041324e-05
218671	0.003130224245
218672	0.0002313554874
218673	0.0006311425063
218674	6.58058075e-05
218675	0.003554418875
218676	0.0003901592697
218677	0.0006095982463
218678	0.0004410875647
218679	0.0007164630696
218680	0
218681	0.0008764934414
218682	0.001574679602
218683	0.0006721110051
218684	0.0002353533512
218685	0.001487164685
218686	0.001661402822
218687	0.0007616451201
218688	0.003544685516
218689	0.001455508415
218690	0.0004689683924
218691	0.002354613361
218692	0.0009969111724
218693	0.002946798165
218694	0.00115014138
218695	0.0002696278455
218696	0.002179161525
218697	0.0005614325697
218698	0.002655503014
218699	0.002813057031
218700	0.00151412811
218701	0.0013524023
218702	0.003823030456
218703	0.000111632776
218704	0.002135786171
218705	0.001430121471
218706	0.001389896836
218707	0.001518498304
218708	0.001718201983
218709	0.00034158362
218710	0.002529513381
218711	0.003451387853
218712	0.002167365201
218713	0.000809354284
218714	0.000866200789
218715	0.006612632866
218716	0.004145239511
218717	0.0009522279907
218718	0.0010296285
218719	0.001138276237
218720	0.004577883343
218721	0.005773499451
218722	0.00127852027
218723	0.003946100522
218724	0.002152687324
218725	0.001036357175
218726	0.0008297320208
218727	0.0006144361033
218728	0.001062347871
218729	0.001038532374
218730	0.0007574072698
218731	0.0007975017016
218732	0.001185253299
218733	0.003161395808
218734	0.001750989454
218735	6.758614801e-05
218736	0.0003361584355
218737	0.0009304886148
218738	0.0009254213996
218739	0.000684655945
218740	0.0001299948074
218741	0.001419823192
218742	0.000346414292
218743	0.0002969106081
218744	0.0009717009435
218745	0.001988691577
218746	0.003077431351
218747	0.0001228675658
218748	0.002450282134
218749	0.0005593200022
218750	0.0001894213485
218751	0.004627319774
218752	0.002141184615
218753	0.001226072298
218754	0.004747103081
218755	0.004751205307
218756	0.002918450457
218757	0.0007323457229
218758	0.001958357971
218759	0.0007183174529
218760	0.001210861447
218761	0.000469974691
218762	0.0002853213313
218763	0.0007273942723
218764	0.0003352576107
218765	0.0003481722721
218766	0.00014073468
218767	3.597266056e-05
218768	0.0005996587513
218769	0.0002821478978
218770	0.0005184595755
218771	0.00131593142
218772	0.0006835092086
218773	0.005095649289
218774	0.0007866828693
218775	0.003791986414
218776	0.0009254393673
218777	0.001811985876
218778	0.0002439106321
218779	0.00194405073
218780	0.001156850484
218781	0.0001263263557
218782	0.0003710511013
218783	0.00117722729
218784	0.001128755653
218785	0.002326262946
218786	0.002624158665
218787	0.0006213551097
218788	0.0006260641863
218789	0.003485478065
218790	0.002372234446
218791	4.226801533e-06
218792	0.0008128676455
218793	0.004201098606
218794	0.0005182826261
218795	0.0008584112672
218796	0.0011408558
218797	0.002984197648
218798	0.001765442483
218799	0.001330182387
218800	0.002654157253
218801	0.001733042534
218802	0.001481879941
218803	0.001229308569
218804	0.002641363062
218805	0.001271237997
218806	0.002124187664
218807	0.0008302466616
218808	0.0001897525539
218809	7.842271497e-05
218810	5.335078259e-05
218811	0.0001119227098
218812	7.124024227e-05
218813	0.000138111749
218814	0.0001864299605
218815	3.817304308e-05
218816	0.001517405087
218817	0.0001510114468
218818	0.0008482266578
218819	0.0007230299723
218820	0.0002301816928
218821	0.0007607573855
218822	0.0005398986394
218823	0.0003092514384
218824	0.0001605635088
218825	0.001304363059
218826	0.002712338287
218827	0.003856964403
218828	7.216932194e-05
218829	0.0001288649987
218830	0.0003230542987
218831	0.0004655690328
218832	0.003800098845
218833	0.0003921861497
218834	0.00216997376
218835	0.0007608520476
218836	0.001660719234
218837	0.00350721435
218838	0.0003984385526
218839	0.0002170807915
218840	0.002473869865
218841	0.0003705844947
218842	0.00131521425
218843	0.0001181001358
218844	0.0004719411135
218845	0.0006305705874
218846	0.0001118071708
218847	0.002574327452
218848	9.521869273e-05
218849	0.0001245007758
218850	0.001786837045
218851	0.001471152152
218852	0.001403163113
218853	0.001272958708
218854	0.001310433577
218855	0.0002992229792
218856	0.002426032582
218857	1.248485444e-07
218858	0.0007480963053
218859	0.001933502445
218860	8.130433847e-05
218861	0.002007078899
218862	0.0004978072056
218863	0.003359491176
218864	0.004674029848
218865	0.002761934115
218866	0.0007111205411
218867	0.002055697949
218868	0.004548826848
218869	0.003220372686
218870	0.00501097935
218871	0.0002906879961
218872	2.716065279e-05
218873	0.004146306243
218874	0.00417935795
218875	0.005274180424
218876	0.00177921755
218877	0.0005407135478
218878	8.738744355e-06
218879	0.005580854063
218880	0.001094554955
218881	0.001087176828
218882	0.007161973
218883	0.0007450034642
218884	0.002795470879
218885	0.00108707761
218886	0.004267132785
218887	0.00606656411
218888	0.0006616309435
218889	0.005284891112
218890	0.003031680404
218891	0.001229638247
218892	0.001767681775
218893	0.001746824369
218894	0.001915511607
218895	0.00100282672
218896	0.0009524683659
218897	0.0009400355427
218898	0.001049278157
218899	0.003630043897
218900	0.00372169509
218901	0.003608150388
218902	0.003121673951
218903	0.00332655523
218904	0.0008610343676
218905	0.003333091278
218906	0.002179882483
218907	0.002658464346
218908	0.003099402722
218909	0.004171792224
218910	0.003030263199
218911	0.000173410632
218912	0.0001301829297
218913	0.001618872851
218914	0.005259633174
218915	0.002792092519
218916	0.001672793435
218917	0.0006555172709
218918	0.002013638083
218919	0.001594965786
218920	0.004397065908
218921	0.002373614524
218922	0.002405275185
218923	0.0008655713042
218924	0.003593593807
218925	0.001518314286
218926	3.197003378e-05
218927	0.0001326869818
218928	0.0006494374373
218929	0.001756736034
218930	0.001434223878
218931	4.2097829e-05
218932	0.001537522475
218933	0.002434173252
218934	0.001939623355
218935	0.002656909251
218936	0.0008463139299
218937	0.0008398218664
218938	0.003024615765
218939	0.002889434295
218940	0.0003216582667
218941	0.001029445988
218942	0.001571012014
218943	0.000319678293
218944	7.287363337e-05
218945	0.002473380527
218946	0.0006782887835
218947	0.0004957783229
218948	0.001537685475
218949	0.0005267179488
218950	0.00290051289
218951	0.003852574846
218952	0.001646196762
218953	0.002485927707
218954	0.0007927183748
218955	0.001441074055
218956	0.002770328142
218957	0.002529711946
218958	0.001227377831
218959	0.0004274857991
218960	0.0001524685121
218961	0.0005765047118
218962	0.0009568235134
218963	0.001152451102
218964	0.0003552527526
218965	0.0003435252393
218966	0.001034185849
218967	0.0005951763543
218968	0.0002480592463
218969	0.009042491102
218970	0.0009991005034
218971	0.002670316231
218972	0.001312857012
218973	0.002456569226
218974	0.000694867339
218975	0.00250914513
218976	0.003941367092
218977	0.0008519254908
218978	0.001356192218
218979	0.001423177726
218980	0.003520673933
218981	0.0004513203521
218982	0.0004906968291
218983	0.0009903615593
218984	0.0007900103178
218985	0.001083817788
218986	0.004195027025
218987	0.0009554677034
218988	0.003029904731
218989	0.001483832814
218990	0.0009170240736
218991	0.0004972065561
218992	0.00144190909
218993	0.002120807699
218994	9.981185308e-05
218995	0.002832466919
218996	0.00103940939
218997	9.130024498e-05
218998	0.004027257405
218999	0.001226349563
219000	0.002702649432
219001	0.004198451013
219002	0.001947436827
219003	0.0008917540966
219004	0.002094522487
219005	0.004093353293
219006	0.002192518527
219007	7.570436106e-06
219008	0.0009228973309
219009	0.0004460800199
219010	0.003651802484
219011	0.005944253107
219012	0.0004432718582
219013	0.0004717012893
219014	0.003396364069
219015	0.000250241678
219016	0.0013566623
219017	0.001688255808
219018	0.004121883681
219019	0.001270702552
219020	0.0009058325295
219021	0.001525235525
219022	0.003247790387
219023	0.0003902876227
219024	0.000882026635
219025	0.000254493261
219026	0.003938115634
219027	0.001616219434
219028	1.168709897e-05
219029	0.004550047937
219030	0.001931099338
219031	0.0004816721032
219032	0.0006515185958
219033	0.002502181533
219034	0.0005942955803
219035	0.001915214831
219036	0.0008343816952
219037	0.0006394606326
219038	0.001134196615
219039	0.000390618632
219040	0.001171292843
219041	0.0003442762349
219042	0.004183346709
219043	0.003114139065
219044	0.001477498341
219045	0.001586071611
219046	0.001726854193
219047	0.0006382733873
219048	0.001299481711
219049	0.002050966106
219050	0.003638128641
219051	0.001415732474
219052	0.002357797505
219053	0.004068992504
219054	0.002404072615
219055	0.001697006764
219056	0.001025749516
219057	0.0009604699454
219058	0.001222921586
219059	0.00301431457
219060	0.001901571009
219061	0.001081073456
219062	0.001719568252
219063	0.0008082928607
219064	0.0004601771199
219065	0.0005151653381
219066	0.0004098961273
219067	0.0006808355113
219068	0.008006775334
219069	0.007212804109
219070	0.0008953639276
219071	0.001144611149
219072	0.003867188208
219073	0.003193092007
219074	0.0002912689991
219075	0.002428385916
219076	0.004068474368
219077	0.001784077263
219078	0.0002660851273
219079	0.00239268666
219080	0.0003586447544
219081	0.0007249453273
219082	0.001288400702
219083	0.0001159684685
219084	0.0006120629081
219085	0.002413238348
219086	0.001006306527
219087	0.0002464914392
219088	0.0002006292999
219089	0.00152922723
219090	0.001082363277
219091	9.353924837e-05
219092	0.0003505981888
219093	6.040633284e-05
219094	0.0008062390347
219095	0.001290391667
219096	0.001546623202
219097	0.002306356889
219098	0.00139970722
219099	0.001157256757
219100	0.0006951386726
219101	0.001401984453
219102	0.0008606634369
219103	0.0002367758734
219104	0.0009148289484
219105	0.001584658753
219106	0.001217049482
219107	0.0001253320678
219108	0.0003336735241
219109	0.0003726759527
219110	0.003770679158
219111	0.0003129963042
219112	0.001619731965
219113	0.0004065737527
219114	0.000321966539
219115	0.0009848329642
219116	0.0001606410504
219117	0.001998512091
219118	0.0004291053677
219119	0.001581191381
219120	0.0006990653337
219121	0.0007229108298
219122	0.0002286238451
219123	5.431141477e-05
219124	0.0008280906467
219125	0.0009862432686
219126	0.001442534961
219127	0.0006039249109
219128	0.0002661447974
219129	0.0004225211365
219130	0.001402102264
219131	0.001094012089
219132	0.002153980094
219133	0.001279218168
219134	0.002599854998
219135	0.001182144193
219136	3.373109566e-05
219137	0.00129251144
219138	0.0009908994893
219139	0.001051577853
219140	0.002842961829
219141	0.002435378632
219142	6.343743794e-05
219143	0.0002294733703
219144	0.0009126337215
219145	0.0002030490081
219146	0.0006958188958
219147	0.000383572311
219148	0.0005921853234
219149	0.001397554224
219150	6.120036036e-05
219151	0.0002311582196
219152	5.518118271e-05
219153	3.786757433e-05
219154	0.0002694547879
219155	0.0003324478672
219156	0.0005488739515
219157	0.0001433931338
219158	0.0001094321642
219159	3.534966933e-05
219160	0.0008546644263
219161	0.0002725021447
219162	0.0003971043053
219163	0.0007792128601
219164	0.0005048937807
219165	0.0004693437198
219166	0.0003336691716
219167	0.0001188226966
219168	0.000272601243
219169	0.0002063235629
219170	0.0003924947826
219171	0.0009684924096
219172	0.0004028691298
219173	0.004237045564
219174	0.001166872407
219175	0.0009338620201
219176	2.110748678e-05
219177	0.001221704765
219178	0.002553193058
219179	0.0001535812096
219180	0.004141752363
219181	0.001332336686
219182	0.0005731143445
219183	0.0006665438103
219184	0.001484211313
219185	0.0002468607387
219186	0.0005725376691
219187	0.002295742304
219188	0.001221901509
219189	0.0009587275039
219190	0.004045995299
219191	0.00175183998
219192	0.002746378652
219193	0.0003520126155
219194	0.003240408909
219195	0.0005263105037
219196	0.0002848785996
219197	0.000646250161
219198	0.0002954596583
219199	0.001689796274
219200	0.001095833114
219201	0.003355968569
219202	0.0002171670628
219203	0.005684729905
219204	0.004517719441
219205	0.0001229450473
219206	0.002006243819
219207	0.0009928610796
219208	0.00325398117
219209	0.003043128178
219210	0.001138983515
219211	0.0003117632481
219212	0.0001326186271
219213	0.0002572986771
219214	0.00344212055
219215	0.001701916293
219216	0.001242260286
219217	0.001252260922
219218	0.004114355901
219219	0.0003093941581
219220	0.003484510917
219221	0.001369752318
219222	0.003329163201
219223	0.0006107014424
219224	0.001988709297
219225	0.000701524946
219226	0.002107381753
219227	0.001106008902
219228	0.0002921600434
219229	6.513799005e-05
219230	0.001314296707
219231	0.002828291001
219232	0.001465016528
219233	0.003898387552
219234	0.0002129634291
219235	0.0007297295549
219236	0.002677242706
219237	0.0001972522627
219238	0.0004200419523
219239	1.191105619e-06
219240	0.0004667897111
219241	3.396160978e-06
219242	0.00198223773
219243	0.0006751937353
219244	0.0005406817054
219245	0.000288202198
219246	0.0002628937183
219247	0.0008735945145
219248	0.001178085175
219249	0.0009806921379
219250	0.0007284099236
219251	0.0008329349499
219252	0.0001332817995
219253	0.001813193365
219254	0.000951234226
219255	0.0002585445104
219256	0.0004162781933
219257	1.068641146e-05
219258	0.0002914641206
219259	0.0007769417114
219260	0.0006454793915
219261	0.0004200915755
219262	0.004299754873
219263	0.0002661129055
219264	0.001565760687
219265	0.0006949056652
219266	0.0004593756217
219267	0.0001637774302
219268	0.0002487661642
219269	0.002645174848
219270	8.493245842e-05
219271	1.146500762e-05
219272	0.0005371666289
219273	0.0004889786205
219274	0.0001978679555
219275	0.0002117447454
219276	0.001180232995
219277	0.0006331018456
219278	0.0005389633331
219279	0.0006497431782
219280	5.354859254e-05
219281	0.0009677110627
219282	0.000393150072
219283	0.0004822598785
219284	0.005313883577
219285	0.000340999907
219286	0.0003841293918
219287	0.0004777596725
219288	0.0002442743275
219289	0.0003964382306
219290	0.002460684707
219291	0.002091134303
219292	0.0002633529877
219293	0.00194105237
219294	0.0009016812013
219295	0.000394289278
219296	8.383941244e-05
219297	0.0005663033325
219298	0.0003758180083
219299	0.0003853397995
219300	0.000650939703
219301	0.00214469621
219302	0.0003119453792
219303	0.001805573867
219304	0.00141422045
219305	0.001368752386
219306	0.002157794518
219307	0.00231343492
219308	0.0003675837918
219309	6.70586852e-05
219310	0.003982561084
219311	0.001400675037
219312	0.0008205182961
219313	0.0003260720097
219314	0.000840751985
219315	0.004019311898
219316	0.0008690721832
219317	0.002543605745
219318	0.0003312823679
219319	0.002377494273
219320	0.001055242582
219321	0.002147905584
219322	0.004199245118
219323	0.005395010999
219324	0.0001210446091
219325	0.003411415574
219326	0.001173436412
219327	0.003917565468
219328	0.0007407117728
219329	0.000406932421
219330	0.0004940023124
219331	0.001034052618
219332	0.0007327941218
219333	0.0008239724917
219334	0.0003652247972
219335	0.001949547676
219336	0.001506860322
219337	0.0009116446736
219338	0.0008387211907
219339	0.0005860918736
219340	0.0005537576177
219341	1.606515082e-06
219342	0.0002705586778
219343	0.0005660176765
219344	0.004864045477
219345	0.0004319886516
219346	0.0003216726793
219347	0.001220741733
219348	0.001158693722
219349	0.0001719318756
219350	0.002250758729
219351	0.001173700913
219352	0.006304770627
219353	0.0004606279531
219354	0.001709185985
219355	0.0009394266569
219356	0.0008766215686
219357	0.001053893479
219358	0.002368366092
219359	0.0009478184924
219360	0.002140270365
219361	0.0002133062467
219362	0.00198553249
219363	0.001499815531
219364	0.005339115439
219365	0.001859498754
219366	0.0003932849218
219367	0.001706790571
219368	0.00184214416
219369	0.000713693783
219370	0.0003631143511
219371	0.0005256247726
219372	0.002006694304
219373	0.001305123114
219374	0.001676992091
219375	0.002384851448
219376	0.002707546318
219377	0.004527728093
219378	0.00135878455
219379	0.0004335833455
219380	0.001569841641
219381	0.001212263883
219382	0.0006220940463
219383	0.0004325724299
219384	0.004588481523
219385	0.005937265911
219386	0.003596989109
219387	0.0002375990987
219388	8.485555195e-05
219389	0.000931533909
219390	0.0003006229733
219391	0.0004976386758
219392	0.0004792408531
219393	0.0006040942397
219394	0.0001286191583
219395	0.0005964478841
219396	0.001167032181
219397	0.001119948084
219398	0.001065744217
219399	0.000550452654
219400	0.001156618309
219401	0.0002848950022
219402	0.0007298909022
219403	0.0002109863264
219404	0.003862494248
219405	0.001474365004
219406	0.0008907572306
219407	0.0005781494937
219408	0.002443876634
219409	0.0001090737084
219410	0.001387382814
219411	0.0005791191546
219412	0.00474879584
219413	0.0002728676431
219414	0.003619129121
219415	4.065662045e-05
219416	8.953074615e-05
219417	0.01027633671
219418	0.001096918524
219419	0.002810450352
219420	0.0006306270805
219421	0.0002631195009
219422	0.001230045294
219423	0.001570445235
219424	0.0002516650465
219425	0.006532488447
219426	0.004696534969
219427	0.001156311317
219428	0.001368651847
219429	0.001122451354
219430	0.002849705684
219431	0.0002514607503
219432	0.0003659947496
219433	0.001334105373
219434	0.000345472621
219435	0.001224295897
219436	0.003621787199
219437	0.0001153541525
219438	0.002526411963
219439	0.003534987619
219440	0.007617984268
219441	0.0007913277377
219442	0.001473474846
219443	0.0004057825647
219444	0.0004314318474
219445	0.0001053676726
219446	0.0006564000091
219447	0.0004216693124
219448	0.001830045807
219449	0.0004682099239
219450	7.327067102e-06
219451	0.0005306370222
219452	0.000956715105
219453	0.002567773403
219454	8.404197388e-05
219455	0.001348000689
219456	0.0003484615741
219457	0.0005947403885
219458	0.0003812928293
219459	0.000557890869
219460	2.629582776e-06
219461	0.003385042805
219462	0.0009938907338
219463	0.0002605113648
219464	0.001364494521
219465	0.002082101216
219466	0.001024318513
219467	0.001072152045
219468	0.001222692773
219469	0.0001400994237
219470	0.0002085237451
219471	0.0001529701664
219472	0.001050732211
219473	0.002762242424
219474	0.0005044370738
219475	0.00086170487
219476	0.0009530829689
219477	0.0002240037228
219478	1.854932866e-05
219479	0.0002453764588
219480	3.057876403e-06
219481	0.0002331929513
219482	0.0007044075253
219483	0.001051557416
219484	0.001016069615
219485	0.0003870933049
219486	0.0002075626128
219487	3.100138194e-05
219488	0.0007276193817
219489	0.0007017107278
219490	9.34936941e-05
219491	0.0003888304322
219492	0.0008577690884
219493	0.0006051257774
219494	0.0006415196941
219495	5.956983484e-05
219496	0.001029925607
219497	0.0002059608325
219498	0.0003501217122
219499	0.00053560069
219500	0.0009973424371
219501	0.0007099749563
219502	0.0002777209707
219503	0.000107398571
219504	0.0002427142832
219505	0.002722151274
219506	0.002010178921
219507	0.001326422719
219508	0.0005007832799
219509	0.0004865544182
219510	0.0003007320092
219511	3.60684074e-06
219512	0.0002444389976
219513	0.0008769190162
219514	0.001251607079
219515	0.0005307210357
219516	0.0002758682622
219517	1.265730067e-05
219518	0.001843861266
219519	0.002429240994
219520	0.0006173171473
219521	0.002561707837
219522	0.0002349447836
219523	6.460348991e-05
219524	0.002165349997
219525	0.002151468382
219526	0.0001384183898
219527	0.0001437657334
219528	0.0002231395842
219529	0.00178324829
219530	2.345315142e-05
219531	0.0004506628499
219532	0.0009145279318
219533	0.000600466755
219534	0.0009780595082
219535	0.0001801092506
219536	0.0006775441504
219537	0.0007283446755
219538	0.0002409719315
219539	0.001293769384
219540	0.0007762536016
219541	0.00189529287
219542	0.0003324183105
219543	0.0004170870798
219544	0.0006625938501
219545	0.000836403925
219546	0.0006798998641
219547	0.0009405323736
219548	0.0007472490452
219549	0.001321418569
219550	0.0001950491637
219551	0.0001421384732
219552	8.694958676e-05
219553	0.0007498142455
219554	0.0003855668882
219555	0.002446152659
219556	0.001196312062
219557	0.001262528212
219558	0.001800801769
219559	0.00174542958
219560	2.873276672e-05
219561	0.003201192823
219562	0.001996768676
219563	0.002559988257
219564	0.001929813523
219565	0.002296488558
219566	0.002707097579
219567	0.0009404835937
219568	0.001225438411
219569	0.002145553361
219570	0.003501755755
219571	0.002411129539
219572	0.002410036847
219573	0.0001637039856
219574	0.001199246155
219575	0.001392219282
219576	0.002611596514
219577	0.002093782109
219578	0.0004838588805
219579	0.004070380192
219580	0.0007341050347
219581	0.002863898581
219582	0.003316666816
219583	0.002180473195
219584	0.002819332713
219585	0.003861670316
219586	0.003697473451
219587	0.003018340807
219588	0.001974215249
219589	0.004700817191
219590	0.001718393227
219591	0.003926629622
219592	0.0005141242502
219593	0.002334988808
219594	0.002990754218
219595	0.000802039501
219596	0.003528088272
219597	0.005774733209
219598	0.002972757749
219599	0.002443840691
219600	0.002113522996
219601	0.003668011109
219602	0.003675008026
219603	0.002554200098
219604	0.003419524928
219605	0.002557473134
219606	0.001501615616
219607	0.0006694564706
219608	0.003376025072
219609	0.003758817889
219610	0.003005476422
219611	0.003622849308
219612	0.003289749073
219613	0.002152009593
219614	0.002627486769
219615	0.003450839259
219616	0.003546479966
219617	0.002458431798
219618	0.004058888341
219619	0.003364021427
219620	0.00535813581
219621	0.002047842631
219622	0.003259110141
219623	0.003781984669
219624	0.001492459809
219625	0.004166053432
219626	0.003603260526
219627	0.004128458458
219628	0.004564543503
219629	0.0008002520768
219630	0.003973994457
219631	0.004435440274
219632	0.004133158407
219633	0.003796507927
219634	0.003015522905
219635	0.0003550685418
219636	0.0005875319808
219637	0.0005208368391
219638	0.0002461927285
219639	0.0003765487677
219640	0.0003096837907
219641	0.0004974119339
219642	0.0001614942326
219643	0.001541789614
219644	0.0004175127328
219645	0.0003468273222
219646	0.0002351175186
219647	0.002325886686
219648	0.0001244860864
219649	4.05048554e-05
219650	0.0002359056798
219651	0.0004382992041
219652	0.0016329441
219653	0.0001163110919
219654	0.001499962926
219655	0.0002553955435
219656	3.256599705e-05
219657	0.002290269139
219658	0.001288945228
219659	0.0006701242992
219660	0.0003644985913
219661	0.0001469423723
219662	0.000117279936
219663	0.0004348565195
219664	0.0005896771737
219665	9.081135329e-05
219666	0.0004638316297
219667	2.916365925e-05
219668	0.001062388443
219669	0.000321142604
219670	0.0003764896096
219671	0.0004370754912
219672	0.001173428275
219673	0.001028700813
219674	0.0007594385136
219675	0.0004532612414
219676	0.001984814393
219677	0.0007567010391
219678	0.00138634318
219679	0.002516649863
219680	0.0001983177082
219681	0.0009719041156
219682	7.43406124e-05
219683	0.0005939295417
219684	0.0009984682396
219685	0.0003187163552
219686	0.000362557836
219687	0.002682599022
219688	0.002622250269
219689	0.000259701052
219690	0.001234771764
219691	0.0003698403022
219692	0.000404352978
219693	0.001342613047
219694	0.0002251201169
219695	0.0007731425798
219696	0.002605540941
219697	0.002300253977
219698	0.001467839347
219699	1.903474868e-05
219700	0.0002037908893
219701	0.002969000506
219702	0.0007668336216
219703	0.0006231999023
219704	0.000799954557
219705	0.0005560169859
219706	0.001111626963
219707	0.001551019798
219708	0.001098412099
219709	0.000318768648
219710	0.001207484329
219711	0.002287116084
219712	0.001968140805
219713	0.001022507904
219714	0.0006475690933
219715	0.002202894274
219716	0.001807327709
219717	0.001000491949
219718	0.0008656985454
219719	0.00123328487
219720	0.002039208672
219721	0.001098181428
219722	0.001118355422
219723	0.001058421585
219724	0.0006966038839
219725	0.001716837543
219726	0.0008064000193
219727	0.0007442667815
219728	0.001096622461
219729	0.001696167046
219730	0.003744739735
219731	0.0006704234729
219732	0.003233472897
219733	0.001758821496
219734	0.001285703583
219735	0.001173452521
219736	0.001086443244
219737	0.0008395733916
219738	0.0001669618438
219739	0.0009142927287
219740	0.0009170166443
219741	0.002259700282
219742	0.0006944328638
219743	0.0009409193504
219744	0.001336379858
219745	0.001036956679
219746	6.072899829e-05
219747	0.001094352234
219748	0.0004614451207
219749	0.000927252253
219750	0.002688209806
219751	0.0004794561291
219752	0.001687731685
219753	0.0005735960778
219754	0.0007082619921
219755	0.0006407044241
219756	0.001095011653
219757	0.0006562409246
219758	0.001217683136
219759	0.002259851713
219760	0.0002425424302
219761	0.001137732969
219762	0.001009336934
219763	0.0007552698349
219764	0.0002485036418
219765	0.00286073045
219766	7.156367273e-05
219767	0.001367358483
219768	0.00023868296
219769	0.0005877873595
219770	0.0009114146304
219771	0.001916808313
219772	0.001637793785
219773	0.001169827098
219774	0.001289696432
219775	0.002534065106
219776	0.0002890133982
219777	0.0007681306046
219778	0.0003917851859
219779	0.0001121622532
219780	0.001582036853
219781	0.00163821441
219782	0.0001580501554
219783	0.001237176051
219784	0.00124890549
219785	0.0008081884871
219786	0.0003165651213
219787	0.0008645617485
219788	0.001598721939
219789	0.001032764722
219790	0.001286097331
219791	0.0007046112878
219792	0.0003215566844
219793	0.0008335994154
219794	4.16660981e-05
219795	0.0009395922746
219796	0.001329834088
219797	0.0003634259115
219798	0.0006025849855
219799	0.0006812499787
219800	0.001374117471
219801	0.001552595011
219802	0.0004829184766
219803	0.00143633291
219804	0.0006712491703
219805	0.0009079384179
219806	0.003386310423
219807	0.001106442161
219808	0.003162399489
219809	0.00319915095
219810	0.002515194465
219811	0.00147591257
219812	0.002345879742
219813	0.00344935992
219814	0.0001689816449
219815	0.003162238274
219816	0.002884837753
219817	0.003608637744
219818	0.002831237889
219819	0.002080377696
219820	0.001869535558
219821	0.003277200707
219822	0.003585312543
219823	0.003293986872
219824	0.003836102377
219825	0.004695595621
219826	0.003606801185
219827	0.003452513205
219828	0.002650180003
219829	0.003180871432
219830	0.00284794615
219831	0.003310799062
219832	0.00336161224
219833	0.003051397799
219834	0.002541689533
219835	0.002097378758
219836	0.002936884745
219837	0.003356764122
219838	0.002379630939
219839	0.003195024301
219840	0.00347138397
219841	0.002931821077
219842	0.002113514185
219843	0.001290453971
219844	0.00307616445
219845	0.003001871012
219846	0.002861888744
219847	0.001422987537
219848	0.003636749323
219849	0.000233676409
219850	0.001588359029
219851	0.00273363614
219852	0.003188920568
219853	0.003816105731
219854	0.001457923433
219855	0.002715267842
219856	0.002779083119
219857	0.001402862851
219858	0.002205437648
219859	0.001860799255
219860	0.001302692271
219861	0.003356149316
219862	0.0007669089493
219863	0.00032302247
219864	0.001716636775
219865	0.001489639335
219866	0.002277579549
219867	0.002304325969
219868	0.002505267056
219869	0.002234446891
219870	0.002228524557
219871	0.001135004746
219872	0.001382582352
219873	0.0004669517612
219874	0.0005472611494
219875	0.0003703306782
219876	0.001627303779
219877	0.0007085337155
219878	0.003644740549
219879	0.00256011586
219880	0.002292556408
219881	0.002911744515
219882	0.004506887615
219883	0.001521161995
219884	0.001539185228
219885	0.002279540893
219886	0.002084665994
219887	0.001490687489
219888	0.002178714238
219889	0.001918463005
219890	0.001748031851
219891	8.380136513e-05
219892	0.00151576573
219893	0.002197489031
219894	0.002529792394
219895	0.002516809846
219896	0.0029490331
219897	0.003053169856
219898	0.0009804701235
219899	0.0003395002182
219900	0.004629949361
219901	0.00269615851
219902	0.003834961197
219903	0.004835670182
219904	0.004333069136
219905	0.004051923759
219906	0.004224339025
219907	0.004556784769
219908	0.00462294743
219909	0.004833810939
219910	0.005107386934
219911	0.001689081706
219912	0.00278030883
219913	0.004251509917
219914	0.003900459166
219915	0.004249863633
219916	0.004142171339
219917	0.002507823861
219918	0.002733437941
219919	0.006075245651
219920	0.0001845224809
219921	0.004348547451
219922	0.002494920962
219923	0.003126292232
219924	0.004102463512
219925	0.004888562023
219926	0.002840997177
219927	0.004488817454
219928	0.004764031203
219929	0.004405718387
219930	0.004923178582
219931	0.004711186519
219932	0.003645144914
219933	0.004821452236
219934	0.002210855806
219935	0.004740917053
219936	0.004126991055
219937	0.003750761409
219938	0.004006440258
219939	0.004313864427
219940	0.002603068074
219941	0.004106782819
219942	0.004700122122
219943	0.004297872796
219944	0.004875428809
219945	0.004895755021
219946	0.005706785143
219947	0.005718916344
219948	0.004109524884
219949	0.003723123785
219950	0.004243534067
219951	0.0057095466
219952	0.004656762881
219953	0.00425126143
219954	0.003435613872
219955	9.289717094e-05
219956	0.004494009839
219957	0.002007213983
219958	0.00218960797
219959	0.001135155717
219960	0.001358988897
219961	0.000616024227
219962	0.001998197098
219963	0.002308893191
219964	0.00137482834
219965	0.001968406045
219966	0.002471461515
219967	0.0001767245273
219968	0.0009872389937
219969	0.001723187784
219970	0.00270630856
219971	0.002215412901
219972	0.002001943455
219973	0.002212706016
219974	0.002928567878
219975	0.002191454924
219976	0.001240063064
219977	0.001464580241
219978	0.001510581904
219979	0.002864450808
219980	0.002009688852
219981	0.0002895480802
219982	0.004731157295
219983	7.526655884e-05
219984	0.002098076909
219985	0.002465312106
219986	0.002099550376
219987	0.00239857579
219988	0.002699423579
219989	0.004065087454
219990	0.003621476545
219991	0.00230452323
219992	0.002053018947
219993	0.00274065724
219994	0.0002454026899
219995	0.0008242499825
219996	0.003086759338
219997	0.001799887044
219998	0.002166116842
219999	0.002991454313
220000	0.0001741512814
220001	0.0009803345602
220002	0.00054796233
220003	0.001705089726
220004	0.002836753997
220005	0.00282761667
220006	0.002370407898
220007	0.002753985632
220008	0.002939971306
220009	0.001778986184
220010	0.003207296563
220011	0.002743360761
220012	0.002485913726
220013	0.002895728651
220014	0.003154536303
220015	0.003880698439
220016	0.002654613138
220017	0.003421700356
220018	0.003257244319
220019	0.004245453967
220020	0.005247290588
220021	0.003183483431
220022	0.002858111606
220023	0.002840077038
220024	0.002354258389
220025	0.002222293562
220026	0.001953839427
220027	0.001728687803
220028	0.002198934523
220029	0.0004829249065
220030	6.713785594e-05
220031	0.001315833645
220032	0.002005690237
220033	0.001203649919
220034	0.001228709549
220035	0.0009257577
220036	0.0006488949661
220037	0.0006859445353
220038	0.0002130422083
220039	0.001120496433
220040	0.0005181633494
220041	0.00378323549
220042	0.0008652619395
220043	0.0007454365285
220044	0.0009080903366
220045	0.001723533643
220046	0.0001623660764
220047	0.0007095590646
220048	0.000251783183
220049	0.000221039362
220050	0.0003569157351
220051	0.000524620932
220052	0.0001144472646
220053	0.00123989692
220054	0.001106027193
220055	0.0009338564889
220056	0.001640182245
220057	0.0009558712397
220058	0.001529241796
220059	0.0008179553948
220060	0.001634660067
220061	0.002940682194
220062	0.001617436794
220063	0.0005017813456
220064	4.834712647e-05
220065	0.001126364275
220066	0.002306272539
220067	0.0006057479023
220068	0.00105080979
220069	0.003445357854
220070	0.003063819941
220071	0.0002734957913
220072	0.0008746642189
220073	0.0001029430572
220074	0.0001910959235
220075	0.0004975454484
220076	4.660766008e-05
220077	0.0002510210252
220078	8.866075105e-05
220079	0.0001010092544
220080	0.000538454827
220081	0.0002008930003
220082	0.0002578509139
220083	0.002152305468
220084	0.004460099971
220085	0.004440293346
220086	0.0002689794458
220087	0.0003642822606
220088	0.0002734733359
220089	0.00149546206
220090	7.495359015e-05
220091	0.00020903101
220092	0.0001454702487
220093	0.001435031775
220094	0.001479719975
220095	3.441756842e-06
220096	0.0002368861036
220097	0.00013784403
220098	0.0002151878479
220099	0.0002523684413
220100	0.000278527702
220101	0.0004508570878
220102	0.001812977437
220103	7.76122341e-05
220104	0.0002914878207
220105	0.0002281566484
220106	0.0003760346467
220107	9.909439042e-05
220108	7.337673823e-06
220109	0.000266159787
220110	6.504718576e-05
220111	0.0002813392386
220112	0.0005734596189
220113	0.001151604419
220114	0.001741679703
220115	0.0005303282364
220116	0.001455243906
220117	0.003158702188
220118	0.004792159714
220119	0.001781301426
220120	0.0004532153858
220121	0.0002868285793
220122	0.0007892698535
220123	0.003146254681
220124	0.001247814769
220125	0.0004279466024
220126	0.001291732564
220127	0.0005465013572
220128	0.0007910834247
220129	0.0007550067435
220130	0.00013307775
220131	0.0002783257943
220132	0.0008076120888
220133	0.001074108959
220134	0.001478640337
220135	0.000155338401
220136	0.001942484968
220137	0.0008393619144
220138	0.002898978488
220139	0.0006417955201
220140	0.001398782569
220141	0.002324868922
220142	0.00196207616
220143	0.003286747131
220144	3.224032559e-05
220145	0.0009498903002
220146	0.002344695996
220147	0.003744407081
220148	0.0002757059119
220149	0.0001430280201
220150	0.0006468831596
220151	0.0009806133987
220152	0.00112768621
220153	0.001456926318
220154	0.0003552021325
220155	0.003849690788
220156	0.0006976604078
220157	0.001187710953
220158	0.002519130872
220159	0.00387994925
220160	0.001883410119
220161	0.0002729441264
220162	9.900081781e-05
220163	0.002054377786
220164	0.0002581397868
220165	0.001991097023
220166	0.002024712518
220167	0.000570951723
220168	0.0006944494385
220169	0.001147347957
220170	0.001154192937
220171	0.001689950347
220172	0.000779919644
220173	0.001424664579
220174	0.002246446241
220175	0.003459181289
220176	0.002741640949
220177	0.002543560387
220178	0.002509157298
220179	0.002303859085
220180	0.002629493438
220181	0.002871263187
220182	0.001919455899
220183	0.002601778217
220184	0.003507184061
220185	0.002500931765
220186	0.002399049252
220187	0.002804909433
220188	0.002701515066
220189	0.003009588184
220190	0.002393180565
220191	0.003364258587
220192	0.002325078103
220193	0.004320195531
220194	0.004177193616
220195	0.002415531392
220196	0.002204347852
220197	0.002833081525
220198	0.001570320126
220199	0.002796647884
220200	0.002478922594
220201	0.001591827894
220202	0.001698174836
220203	0.0008279060701
220204	0.003126497177
220205	0.002671681625
220206	0.002814893693
220207	0.002737254688
220208	0.002903277498
220209	0.002453534177
220210	0.002262611107
220211	0.002274364206
220212	0.00265939327
220213	0.001455660547
220214	0.00238977327
220215	0.0005276077305
220216	0.002505237086
220217	0.002456863915
220218	0.003452686513
220219	0.004007596125
220220	0.003526358866
220221	0.004181144761
220222	0.004294566121
220223	0.003901806147
220224	0.003662939094
220225	0.003697652289
220226	0.004080550781
220227	0.003829948902
220228	0.003619523321
220229	0.003706082151
220230	0.001981430427
220231	0.0003761869424
220232	0.005445909516
220233	0.002744224222
220234	0.003794105534
220235	0.003862954952
220236	0.004165453536
220237	0.004559918389
220238	0.002324354144
220239	0.003386270163
220240	0.00367909004
220241	0.003643100235
220242	0.004406722755
220243	0.003457660823
220244	0.00373394652
220245	0.004768101228
220246	0.004048062918
220247	0.004079125574
220248	0.004120316302
220249	0.001917042406
220250	0.003767255321
220251	0.004321789925
220252	0.004900962456
220253	0.004117338017
220254	0.001632509435
220255	0.002198809377
220256	0.00358646627
220257	0.00178950443
220258	0.00113681895
220259	0.004272516262
220260	0.004047672581
220261	0.0003739165517
220262	0.002589839508
220263	0.002650162303
220264	0.001595776081
220265	0.0006846257393
220266	0.001688383904
220267	0.0009730025539
220268	0.0004451352463
220269	0.0003803702037
220270	0.000323666342
220271	0.0003462577881
220272	0.004377290471
220273	0.001118748809
220274	0.0002153273871
220275	0.000422948273
220276	0.0006904063343
220277	0.0006723114619
220278	0.0005123432647
220279	0.001006475218
220280	0.001111048414
220281	0.001758972555
220282	0.0004419173431
220283	0.0003293192709
220284	0.0003974830869
220285	0.0002845984363
220286	0.0001444072631
220287	0.001132973978
220288	7.550009252e-05
220289	0.0002835797599
220290	0.0002983437577
220291	0.0008276407066
220292	0.002332133892
220293	0.0001111121751
220294	5.662031443e-05
220295	0.0005684470674
220296	0.0007486787709
220297	0.000139366072
220298	7.339152135e-05
220299	0.0005243486722
220300	0.0001801159288
220301	0.0002243137452
220302	0.0009932894278
220303	0.0004752546849
220304	0.0001797047602
220305	0.0004662637738
220306	0.000320923754
220307	0.0009410970108
220308	0.0003009969259
220309	0.0003016693586
220310	0.0006550498545
220311	9.225998978e-05
220312	0.000385933369
220313	0.0001816883657
220314	0.0001451458233
220315	9.214108607e-05
220316	0.0001265200545
220317	9.564641473e-05
220318	0.002731873549
220319	0.0001148497281
220320	0.0003967013328
220321	0.0003580710446
220322	0.0006240497035
220323	0.002033991832
220324	0.001075003766
220325	0.0002061632865
220326	0.004488544109
220327	0.001537718478
220328	0.004373263609
220329	0.004964783788
220330	0.004813257198
220331	0.004287638839
220332	0.004139417909
220333	0.00422230339
220334	0.006433121686
220335	0.004855126258
220336	0.002800149145
220337	0.002068160379
220338	0.002844482033
220339	0.003214949032
220340	0.00467757961
220341	0.0006904192837
220342	0.00470734411
220343	0.003158498213
220344	0.00370373681
220345	0.00336259556
220346	0.004823022515
220347	0.004381138326
220348	0.004189180863
220349	0.00289997546
220350	0.003585465439
220351	0.002622895904
220352	0.007214220316
220353	0.001279153504
220354	0.002730866088
220355	0.003991608976
220356	0.00374827358
220357	0.005128322479
220358	0.002413570546
220359	0.0003946502246
220360	0.0003980266302
220361	0.0005524763661
220362	0.001598752007
220363	0.00121566031
220364	0.0002863970325
220365	0.0005174546517
220366	0.0001358026002
220367	0.0001776293713
220368	5.232297098e-07
220369	0.0004227797374
220370	0.0002730579184
220371	0.0006675775711
220372	0.0001150961219
220373	9.999703336e-05
220374	0.0003261992162
220375	9.184245601e-05
220376	0.001105874519
220377	0.0008664770017
220378	0.001374625652
220379	0.002900523082
220380	0.0001326388505
220381	0.0009377279586
220382	0.001034772633
220383	0.001186198717
220384	0.001275754404
220385	0.001673088751
220386	0.0014741873
220387	0.0001495176685
220388	0.001165127832
220389	0.000295728369
220390	0.0008924358527
220391	0.001117972572
220392	0.0007881833267
220393	0.0004640745925
220394	3.856411781e-06
220395	0.00117523124
220396	0.001162011481
220397	0.001566489622
220398	0.00139098865
220399	0.0008280268347
220400	0.001542629728
220401	0.0002223765025
220402	0.0001883277296
220403	0.0008488764661
220404	0.0008670428605
220405	0.002335089972
220406	0.003162089201
220407	0.003832328141
220408	0.00141417964
220409	0.002008490927
220410	0.001310187586
220411	0.0009296030066
220412	0.003788274753
220413	0.000247968846
220414	0.0006573671365
220415	0.0009092698338
220416	0.001210920132
220417	0.0002319529437
220418	0.00103558577
220419	0.0006815614367
220420	0.001371504379
220421	0.001858388389
220422	0.001080759705
220423	0.0006118393494
220424	0.0003789533041
220425	0.0004322745767
220426	0.0007477784038
220427	0.002822398413
220428	0.003229507769
220429	0.0005327249225
220430	0.0007228457253
220431	0.0005981757195
220432	0.001883222672
220433	0.001236330571
220434	0.001020788739
220435	0.000333090421
220436	0.000433385668
220437	0.0003989919685
220438	0.0001317893482
220439	0.002177554872
220440	0.0005207579466
220441	0.001551029884
220442	0.0009380245495
220443	0.0008637750324
220444	0.0005679558602
220445	0.0007471461
220446	0.0003364889183
220447	0.0002912815046
220448	0.002382664757
220449	0.0007766532341
220450	0.0004503192672
220451	0.0007359577321
220452	0.0001893910644
220453	0.0007407113249
220454	0.0009948939057
220455	0.0008022338474
220456	0.001342210542
220457	0.001636232563
220458	0.0001676274871
220459	0.0003542866215
220460	0.000877009374
220461	0.000759167273
220462	0.001567264453
220463	0.003793182498
220464	3.650874369e-05
220465	0.001318221118
220466	0.005476601589
220467	0.0005015209699
220468	0.001691851629
220469	0.0005173475875
220470	4.184894631e-07
220471	0.002702416116
220472	0.001505294914
220473	0.000662565237
220474	0.0001434715158
220475	0.000269399169
220476	0.0005903188034
220477	0.001122423761
220478	0.005569037715
220479	0.001128166313
220480	0.0001604272584
220481	0.0008674047634
220482	0.001096667747
220483	3.518768432e-05
220484	0.0007339607485
220485	0.0004702274077
220486	0.001889013848
220487	0.001554854263
220488	0.003472841427
220489	0.001740352869
220490	0.0002920073369
220491	0.002572780826
220492	0.003534864768
220493	0.0003854806729
220494	0.003668609236
220495	0.004805932709
220496	0.000720928785
220497	0.001181291989
220498	0.0005865743685
220499	0.0002945186416
220500	0.002542458981
220501	0.0006626289499
220502	0.002268378619
220503	0.004053696415
220504	0.002763432266
220505	0.001464444282
220506	0.002239709244
220507	0.002768090275
220508	0.002381358371
220509	0.002403034569
220510	0.003126866813
220511	0.002207366833
220512	0.001954646988
220513	0.002822402372
220514	0.002366814453
220515	0.002855173483
220516	0.002390585166
220517	0.001506592819
220518	0.001677253706
220519	0.002982557591
220520	0.001392449957
220521	0.002440409946
220522	0.003283740203
220523	0.002801890273
220524	0.001070213488
220525	0.004512075039
220526	0.001570019773
220527	0.002747588172
220528	0.002066188062
220529	0.001765672023
220530	0.001034413948
220531	2.498924145e-05
220532	0.003094645376
220533	0.00342953326
220534	0.002833206282
220535	0.001784225831
220536	0.001897116607
220537	0.002692631653
220538	0.002373591549
220539	0.002256544763
220540	0.004118602833
220541	0.002688498008
220542	0.006980213738
220543	0.00398223149
220544	0.002857509849
220545	0.003639921908
220546	0.003572027801
220547	0.002756504361
220548	0.00455937988
220549	0.003532696281
220550	0.003034619932
220551	0.002108744328
220552	0.003696376753
220553	0.0001808080373
220554	5.916605123e-05
220555	0.0009032871371
220556	0.0004645637646
220557	0.0001991129281
220558	5.800261857e-05
220559	0.001767903581
220560	0.0001025273451
220561	0.0002746353206
220562	0.001112116427
220563	0.0006754480696
220564	0.0001552536712
220565	0.0005652914735
220566	0.0008683256794
220567	0.001785907743
220568	0.001803893103
220569	0.0004405956015
220570	0.0001772313824
220571	0.0004597214481
220572	0.003357321762
220573	0.001099911249
220574	0.0004148891764
220575	0.002449080302
220576	0.0004489064616
220577	0.0002383365339
220578	0.0007440707201
220579	0.001502640326
220580	0.0001686631652
220581	5.370774999e-05
220582	0.0003685945628
220583	0.0005672892618
220584	0.0006074722226
220585	0.002212097068
220586	0.0009444138604
220587	0.0001680938244
220588	0.0006729894806
220589	0.0002522215614
220590	0.0002212241075
220591	0.0007631074984
220592	0.0001942385143
220593	0.0001645347614
220594	0.001223424065
220595	0.001592976257
220596	0.0005358318942
220597	0.0007152063284
220598	2.776995922e-05
220599	0.00122245594
220600	0.0005364377593
220601	0.0007135454277
220602	0.001854994434
220603	0.0004912770051
220604	0.0001177446437
220605	0.0006517634173
220606	0.0001367823497
220607	0.0003533024198
220608	0.001764763068
220609	0.0004332558984
220610	0.0005001262893
220611	0.0003114818672
220612	0.002043243192
220613	0.002690710284
220614	0.002187805017
220615	0.0006280618596
220616	0.0008555470077
220617	0.001498028924
220618	0.002406416194
220619	0.002056389479
220620	0.0006048044895
220621	0.001299146522
220622	0.0008429257901
220623	0.001859512162
220624	0.002249422261
220625	0.002014262872
220626	0.0007200996612
220627	0.002124737614
220628	0.001940941255
220629	0.001490764719
220630	0.001826896335
220631	0.002293999081
220632	0.002375115061
220633	0.002029542211
220634	0.00147270788
220635	0.001743856239
220636	0.001549681846
220637	0.001604348593
220638	0.003393065571
220639	0.001352165782
220640	0.001705823595
220641	0.001441020076
220642	0.001277988002
220643	0.002136799214
220644	0.00237724135
220645	0.001496489191
220646	0.00234310601
220647	0.0008255469816
220648	0.001742270171
220649	0.002630417988
220650	0.001791787666
220651	0.002056674432
220652	0.001921827628
220653	0.001895394841
220654	0.0008383362632
220655	0.002110850439
220656	0.001782984167
220657	0.002167653164
220658	0.002566861283
220659	0.001859399279
220660	0.001780453491
220661	0.002184825138
220662	0.002283175542
220663	0.001142214322
220664	0.00209494885
220665	0.002287579342
220666	0.0001754134291
220667	0.0001733481389
220668	1.971368711e-05
220669	0.0005914277522
220670	0.001494749557
220671	0.0008064799456
220672	0.0009626179233
220673	0.001509652556
220674	0.002568033325
220675	0.001072163237
220676	0.00516914304
220677	0.004185690323
220678	0.0002936013956
220679	0.0001195154798
220680	0.001168486799
220681	0.0004533614112
220682	0.001326160755
220683	0.002098684124
220684	0.004257190918
220685	0.00174179856
220686	0.002405218112
220687	0.002287158694
220688	0.0002874671177
220689	0.002200611176
220690	0.002036210565
220691	0.001656600541
220692	0.001411958175
220693	0.002347761496
220694	0.001143202958
220695	0.0001185196658
220696	0.0003932646924
220697	0.0002821075034
220698	0.001006259219
220699	0.001688779756
220700	0.001750239353
220701	0.00154586156
220702	0.001038671955
220703	0.0007617963978
220704	0.0005649530751
220705	0.0005393074254
220706	0.002047196649
220707	0.002664620482
220708	0.003120525351
220709	0.002733562335
220710	0.0004597148739
220711	0.0003963416611
220712	0.002433421518
220713	0.0009973530179
220714	0.0001944124068
220715	0.0009125555588
220716	0.0001781486432
220717	0.0001089394399
220718	5.924609669e-05
220719	0.001729672184
220720	0.0002907324753
220721	0.0004044949727
220722	0.0001344493099
220723	2.03773322e-05
220724	0.0001148900948
220725	0.00133585322
220726	0.002171046819
220727	0.002677458056
220728	0.000254970822
220729	0.0001704598011
220730	0.0005890931507
220731	0.0007072124454
220732	0.001132889175
220733	0.001055017121
220734	0.0003533498853
220735	0.0009205239116
220736	0.001094554096
220737	0.0001685491331
220738	0.0005680039036
220739	0.0002553783156
220740	0.0002424476469
220741	0.0002768922304
220742	1.837654638e-05
220743	0.0001808165659
220744	0.0001831841394
220745	0.0001557826678
220746	0.0007797521904
220747	0.001831566255
220748	0.00415686872
220749	0.0008598393219
220750	0.000174782607
220751	0.0009083508665
220752	0.0001205124006
220753	6.864576512e-05
220754	0.0003278165888
220755	0.0002234786937
220756	0.0005330878805
220757	0.0004961465053
220758	0.001421935905
220759	0.0007297069592
220760	0.0005919440992
220761	0.0005575562298
220762	0.0001969811281
220763	0.0002944009312
220764	0.0006734577817
220765	0.0006959063577
220766	0.003460942284
220767	0.0001828027011
220768	0.0002945079887
220769	0.002248096322
220770	0.001369950519
220771	0.0001409815192
220772	0.0009548174638
220773	0.0009359161496
220774	0.0009218652041
220775	0.0001063804438
220776	0.0008915151698
220777	0.0007932692485
220778	0.0009927472437
220779	0.001817166062
220780	0.001599324169
220781	0.001436672769
220782	0.002059863526
220783	0.0002604040314
220784	0.0004470151112
220785	0.001110835091
220786	0.003170499095
220787	0.0002167072679
220788	0.000713815898
220789	0.001825266156
220790	0.0003770892243
220791	0.0002174227223
220792	0.0007670349866
220793	0.002289534559
220794	0.0005527308922
220795	0.0001233981442
220796	0.0003318105354
220797	0.0006826823719
220798	0.001805193382
220799	0.0001470546135
220800	0.000191438937
220801	0.002143840279
220802	0.0003347806244
220803	0.0004742605673
220804	0.0002005916836
220805	0.002158553998
220806	0.001112674474
220807	0.000864128882
220808	3.768178599e-05
220809	0.003906926665
220810	0.003376018009
220811	0.0008870269008
220812	0.0001915885852
220813	0.001219377098
220814	0.003013516406
220815	0.0007283277964
220816	0.001201215584
220817	0.00123895256
220818	2.953692503e-05
220819	0.001269257076
220820	0.000639028078
220821	0.0004660446413
220822	1.422923612e-06
220823	0.000455329429
220824	0.0004961840158
220825	0.001241005873
220826	3.188283153e-05
220827	0.0005771099212
220828	0.0007367162087
220829	0.001049843122
220830	0.0007628342199
220831	0.0003323637136
220832	0.000510111691
220833	0.0003098056901
220834	0.0004175384173
220835	0.0008628607453
220836	0.0007448119338
220837	0.001482461735
220838	0.005348186175
220839	0.0003797876305
220840	0.002268594112
220841	0.0004189174166
220842	0.002615628358
220843	0.0009395935995
220844	0.000817880582
220845	0.002105251678
220846	0.0005223287994
220847	0.001053892525
220848	0.002407961206
220849	0.0001584940067
220850	0.0002401260186
220851	0.0008390177779
220852	0.0001530323821
220853	0.001207235341
220854	0.000988594198
220855	6.182035495e-05
220856	0.0003435410784
220857	0.001624623084
220858	0.0004788876332
220859	0.0002779307461
220860	4.855944707e-05
220861	0.0007061977015
220862	0.0003746384404
220863	0.000948624504
220864	0.0001144201554
220865	0.002686184124
220866	0.000569850665
220867	0.0009922507457
220868	0.000174895736
220869	0.0001391078837
220870	0.0001478551586
220871	0.0004399325614
220872	2.113788665e-05
220873	4.110618462e-05
220874	0.0003111811871
220875	0.003119960869
220876	7.296687029e-05
220877	0.001207558892
220878	0.0003255480081
220879	0.0006784531878
220880	0.0008066011575
220881	0.0004381788333
220882	0.002800352891
220883	0.001626925284
220884	0.0005111592348
220885	0.002290761823
220886	0.001171120773
220887	0.0008465136512
220888	0.00376764104
220889	0.002316206435
220890	0.0005197222905
220891	0.003058749614
220892	0.002203469122
220893	0.002957970769
220894	0.003252097042
220895	8.641912326e-05
220896	0.004788740767
220897	0.002260351794
220898	0.002117380862
220899	0.0004209727093
220900	0.001447755218
220901	0.0005985390379
220902	0.002235376105
220903	0.0006866928093
220904	0.0006185477396
220905	0.0001008354273
220906	0.0006388494306
220907	0.002717948695
220908	0.004512335244
220909	0.0008424488243
220910	0.0004449157564
220911	0.001569202777
220912	0.001900284749
220913	0.007966095852
220914	6.332788561e-05
220915	0.001267925323
220916	0.000127558932
220917	0.000216894667
220918	0.002971669967
220919	0.0003781219378
220920	0.00410121854
220921	0.00308972535
220922	0.001181178756
220923	0.000362784997
220924	0.0006859289782
220925	0.004568279478
220926	0.004435546848
220927	0.001203503488
220928	0.003123727863
220929	0.001783832477
220930	0.00249082552
220931	0.0004365019499
220932	0.001542455851
220933	0.001679568495
220934	0.0006521564546
220935	0.001593484235
220936	0.001827739385
220937	0.003817511183
220938	0.005460806759
220939	0.003683745172
220940	0.001069101336
220941	0.002655604892
220942	0.001390496935
220943	0.001188970936
220944	9.724520642e-05
220945	0.0001554131775
220946	0.00190891712
220947	0.0008226716563
220948	0.001757368703
220949	0.004449891739
220950	0.0005895833787
220951	0.002406852145
220952	0.00210956738
220953	6.855172356e-05
220954	0.0002885099592
220955	0.00181694572
220956	0.004691200998
220957	0.001381004993
220958	0.000948634659
220959	0.003336457656
220960	2.773990661e-05
220961	0.002215133662
220962	0.0001929534274
220963	0.001680631843
220964	0.002624821564
220965	1.228018469e-08
220966	0.00439791047
220967	0.001015257089
220968	0.004259982544
220969	0.005229122126
220970	0.001632279765
220971	0.001137956622
220972	0.003189180431
220973	0.0006140194432
220974	0.001466147344
220975	0.001791310716
220976	0.0006242390797
220977	0.003742297996
220978	0.003972657131
220979	0.005488650909
220980	0.004070531377
220981	0.001689376613
220982	0.0002386919107
220983	0.004534751372
220984	0.001248827241
220985	0.0009813780972
220986	0.003306947106
220987	0.0008548982009
220988	0.003349949088
220989	0.0006390703267
220990	0.003032504177
220991	0.00014079523
220992	0.002502308662
220993	0.002230203833
220994	0.0004411835102
220995	0.0006724828285
220996	0.0002521016652
220997	0.000874940225
220998	8.981310063e-05
220999	0.0007833621813
221000	0.0002604811374
221001	0.0003312074778
221002	0.000439459057
221003	0.001785433326
221004	0.002085802674
221005	0.002316268716
221006	0.0002704765204
221007	0.0003290816436
221008	0.005277726975
221009	0.0003922350963
221010	0.004163614897
221011	0.00159033576
221012	2.375791463e-05
221013	0.0007961194597
221014	0.000215710487
221015	0.0008672752713
221016	0.0001397551394
221017	0.0001844495219
221018	0.003197551197
221019	0.001470326224
221020	0.0005171157458
221021	0.002034533663
221022	0.002184127986
221023	0.0006807622779
221024	0.002305256328
221025	0.003884251062
221026	0.00435167154
221027	0.004125129019
221028	0.001631206393
221029	0.001871952854
221030	0.001014730254
221031	0.0005426492708
221032	0.002282046172
221033	0.0006317466665
221034	2.281117806e-06
221035	0.001945650542
221036	0.002011964955
221037	0.000354417203
221038	0.001159631262
221039	0.0004983976827
221040	0.0001093909672
221041	0.001712462737
221042	0.001374226662
221043	0.0003597131991
221044	0.002961575394
221045	0.0005047761516
221046	0.0001154576886
221047	0.0004942228391
221048	0.00236975192
221049	0.0005003517873
221050	0.001624643987
221051	0.0009195149936
221052	0.002017316364
221053	0.001008626723
221054	0.0008854728495
221055	0.0007330797688
221056	0.000477944424
221057	1.584350932e-05
221058	0.001558311583
221059	2.03725462e-07
221060	0.0009438515262
221061	0.001524399042
221062	0.0002673827581
221063	0.0007170419305
221064	0.001201265378
221065	0.001606418406
221066	0.001206690119
221067	0.0006279539633
221068	0.0007777299698
221069	0.000634667734
221070	0.002737597621
221071	0.001898272133
221072	0.00112378077
221073	8.923300139e-06
221074	0.0004569081054
221075	0.004421472565
221076	0.002060059524
221077	0.005545409242
221078	0.001932734325
221079	0.003936036683
221080	0.001755516099
221081	0.0001513169441
221082	0.00230764723
221083	0.0001079548987
221084	0.003443476809
221085	0.0008684171695
221086	0.000562934238
221087	0.002808823842
221088	0.0007114667619
221089	0.0008681807977
221090	0.0003197645522
221091	0.002491015374
221092	0.003091444963
221093	0.002400984952
221094	0.0002834885
221095	0.001005538615
221096	0.007881112983
221097	0.001516596945
221098	0.0002699470963
221099	4.52104394e-05
221100	3.988912098e-05
221101	0.001225467273
221102	0.001526723208
221103	0.007378715797
221104	0.008411055862
221105	0.0001072646353
221106	0.0004475813489
221107	5.522712284e-05
221108	0.002130204254
221109	0.0009030850816
221110	0.0016676579
221111	0.001385925042
221112	0.0009134096927
221113	0.003201772112
221114	0.001548458762
221115	0.001428269869
221116	0.001521094267
221117	0.004829357437
221118	7.727927936e-05
221119	0.001801118376
221120	0.002291886241
221121	0.001949659667
221122	0.001782333645
221123	2.915336477e-05
221124	0.002861244582
221125	0.0005615010643
221126	0.004412394489
221127	0.001062691677
221128	0.003527455803
221129	0.006247211774
221130	0.002927235992
221131	0.009654293447
221132	0.004184246772
221133	0.002208544072
221134	0.004017191984
221135	0.0007296289996
221136	0.0003179867546
221137	0.002542871448
221138	0.001671274258
221139	0.0005634345232
221140	0.0003714048517
221141	0.001706374295
221142	0.001577722634
221143	0.006665117359
221144	0.0002967599994
221145	0.002652527245
221146	0.00103217712
221147	0.002633764315
221148	0.003063751453
221149	0.003768213622
221150	0.005275452283
221151	0.00386717657
221152	0.00348676149
221153	0.002983439385
221154	0.003528234919
221155	0.0009304798746
221156	0.002976603871
221157	0.003745299094
221158	0.001521478714
221159	0.0009585470572
221160	0.005226211092
221161	0.005338661014
221162	0.001235339831
221163	0.004572605285
221164	0.003638966442
221165	0.001182028921
221166	0.003376379149
221167	0.002580574259
221168	0.002041355765
221169	0.0006491746509
221170	0.002517802638
221171	0.002518292332
221172	0.001561058224
221173	0.003707651239
221174	0.003893956212
221175	0.001791850313
221176	0.001654812407
221177	0.0020095678
221178	0.0001830085071
221179	0.0001830369549
221180	0.0001455882685
221181	0.0007890691397
221182	0.001801561615
221183	0.001843473513
221184	0.0001291622327
221185	0.002991433517
221186	0.002365382383
221187	0.0008917618886
221188	0.0005558153961
221189	0.00135801554
221190	0.002070837048
221191	0.003550841128
221192	0.0005245651458
221193	0.002018501254
221194	0.002621573396
221195	0.001509181025
221196	0.0002929334524
221197	0.002641410731
221198	0.0006992340193
221199	0.0008562147965
221200	0.003535175237
221201	0.0001605133317
221202	5.082377091e-05
221203	0.0008657859332
221204	0.0006429349009
221205	0.001474849698
221206	0.0004852079846
221207	0.003361664408
221208	0.003064599629
221209	0.001024200602
221210	0.002900625211
221211	5.902016173e-05
221212	0.0008815657315
221213	0.001586556558
221214	0.0008404169558
221215	0.001808550355
221216	0.003289294072
221217	0.0001968496432
221218	0.0006574872802
221219	0.0003528866538
221220	0.000717593338
221221	0.00114706169
221222	7.524938432e-05
221223	0.0009899065108
221224	0.0001925628234
221225	0.0001931028084
221226	0.0003589826207
221227	0.002078727226
221228	0.004679231852
221229	0.001585251135
221230	0.0001411311273
221231	0.0001897544388
221232	0.0006701562478
221233	0.001264491158
221234	0.002811061481
221235	0.001534803517
221236	0.002491297475
221237	0.002529779009
221238	0.0006531046921
221239	0.003409123897
221240	0.002167925354
221241	0.002185774592
221242	0.000915028704
221243	0.002479638816
221244	0.0006322872984
221245	0.0007240412645
221246	0.0007674813133
221247	0.001916002843
221248	0.001321999959
221249	0.002443907707
221250	0.002397842797
221251	0.0003634289213
221252	0.006349392492
221253	0.0007963841735
221254	0.0009300424561
221255	0.0001119203063
221256	9.495737594e-05
221257	0.001407116499
221258	0.0005855319634
221259	0.001030160591
221260	0.003449721041
221261	0.0002356230363
221262	0.0016190518
221263	0.003305143571
221264	0.0006654158203
221265	0.002658256548
221266	0.001379563445
221267	0.001791725152
221268	0.001844164792
221269	0.00350864878
221270	0.0006078451947
221271	0.001778598749
221272	0.002388154971
221273	0.002586876746
221274	0.001525274843
221275	0.0001421334744
221276	0.001311571573
221277	0.004323936029
221278	0.0007936029867
221279	0.0003330501844
221280	0.003103216454
221281	0.001073971297
221282	0.0001776043076
221283	0.0001717202814
221284	0.0009293250443
221285	0.003107734814
221286	0.004275657153
221287	0.003122762093
221288	0.006072139322
221289	0.0002569119828
221290	0.001829731131
221291	0.0003470898585
221292	0.0003414714361
221293	0.0003219417406
221294	0.001293649527
221295	0.005696252374
221296	4.80403429e-05
221297	0.0004897937024
221298	0.004923560174
221299	0.004196783366
221300	0.002775479192
221301	0.0004560005069
221302	0.001404258632
221303	0.001031373397
221304	0.001392762726
221305	0.002639734168
221306	0.0001976257095
221307	0.002326760081
221308	0.001771146616
221309	0.004239588439
221310	0.002211136014
221311	0.001876046368
221312	0.0005075278202
221313	0.004840399788
221314	0.0004333024825
221315	0.0006651503965
221316	0.0001186236348
221317	0.001498254332
221318	0.002696020519
221319	0.001824649388
221320	0.002978624434
221321	0.0007297429569
221322	0.000158373812
221323	0.006115867947
221324	0.001884173316
221325	0.006055245376
221326	0.0002841089506
221327	0.002228353761
221328	0.001380163637
221329	0.005197113049
221330	0.001239439077
221331	0.001082340035
221332	0.0002885419972
221333	0.0007060610171
221334	0.001164639224
221335	0.0007833191119
221336	0.002705569846
221337	0.007545012432
221338	0.001469193686
221339	0.001327289426
221340	0.007049901252
221341	0.0005151834474
221342	0.001039502883
221343	0.001403635021
221344	0.0008418802419
221345	0.004559696953
221346	0.0009739725564
221347	0.002261471528
221348	0.005229788072
221349	0.004699780046
221350	0.001567753082
221351	0.0009037995312
221352	0.0009560338808
221353	0.003615532477
221354	0.000569973821
221355	0.002308427648
221356	0.002067664562
221357	0.0005413706575
221358	0.001496596752
221359	0.0003751190429
221360	0.0008323067199
221361	0.0004015887219
221362	0.001884220259
221363	0.0002107144879
221364	0.0007261297631
221365	0.001727290524
221366	0.000157057044
221367	0.001166993786
221368	0.004160950037
221369	0.001283021993
221370	0.0001103764675
221371	0.001662878887
221372	0.001717114871
221373	0.002255485962
221374	0.001184423044
221375	0.002049481058
221376	0.0007568924734
221377	0.0001606462508
221378	0.001951716776
221379	0.001920825793
221380	0.001924452714
221381	0.0001240481007
221382	0.0002951323097
221383	0.0007005304767
221384	0.0001767810061
221385	0.001412000328
221386	0.0009687429355
221387	0.004155333823
221388	0.002194450061
221389	0.004201016005
221390	0.0003162189271
221391	0.002920703951
221392	0.002856757585
221393	0.002946258154
221394	0.001038186418
221395	0.001585203005
221396	9.686749562e-05
221397	0.0007446586445
221398	0.004301969258
221399	5.430225179e-05
221400	0.001815971007
221401	0.0006779464527
221402	0.001372422486
221403	0.0002464427261
221404	0.001762947111
221405	0.0008722719345
221406	0.003120357988
221407	0.0007680482789
221408	0.003065211676
221409	0.006972909972
221410	0.004961125413
221411	0.003015849172
221412	0.0003363015409
221413	0.004916807752
221414	0.000561857865
221415	0.0007399135234
221416	0.0002873370933
221417	0.003194506204
221418	0.006598101491
221419	0.00488153846
221420	0.001988955913
221421	0.002300179198
221422	0.00028558892
221423	0.002699317622
221424	0.003385557883
221425	0.006799778947
221426	0.001124829651
221427	0.00180849505
221428	0.003237422197
221429	0.003472788804
221430	0.005187085752
221431	0.001355424913
221432	0.001495156851
221433	0.003595354634
221434	0.006136934765
221435	0.001578008922
221436	0.000887809347
221437	0.0003002405738
221438	0.004860709459
221439	0.001935209443
221440	2.431528715e-05
221441	0.002365100593
221442	0.001697903524
221443	0.00206722154
221444	0.0004914858954
221445	0.0004566908569
221446	0.006020934475
221447	0.002282816376
221448	0.000215789489
221449	0.001734529442
221450	0.0009522317365
221451	0.002847833587
221452	0.001318876461
221453	0.001086742073
221454	0.0002347253843
221455	0.002802432785
221456	0.0006590477528
221457	0.003732717148
221458	0.003313731786
221459	0.0007579170241
221460	0.001629886995
221461	0.0005805247953
221462	0.003134225512
221463	0.0002366935363
221464	0.001143494026
221465	0.0007458440263
221466	0.001121677993
221467	0.0006447736643
221468	0.0001145267667
221469	0.002000496424
221470	0.0004395013129
221471	0.0030167205
221472	3.010548227e-06
221473	0.00136991204
221474	0.0001825584537
221475	0.000689668009
221476	0.001369392663
221477	0.001096800158
221478	0.002627053664
221479	0.001320245363
221480	0.002399760334
221481	0.00361894347
221482	0.0009669972743
221483	0.0009444437558
221484	0.005062998768
221485	0.0007575559551
221486	0.0006255099279
221487	0.0001834452061
221488	0.002282482284
221489	0.0006362694242
221490	0.0005938988887
221491	9.690380005e-05
221492	0.002929851277
221493	0.001836557299
221494	4.543769194e-05
221495	0.001809372677
221496	0.001123927303
221497	0.001539092445
221498	0.005779892951
221499	0.0007712312422
221500	0.002131738975
221501	0.00376517281
221502	0.001867323704
221503	0.00508833343
221504	0.006040497805
221505	0.001876730833
221506	0.0004269170205
221507	0.001702997332
221508	0.005200834365
221509	0.0001478294009
221510	0.006408949209
221511	0.0001780808288
221512	0.001815623617
221513	0.0006369543562
221514	0.0007575258986
221515	0.0008798722569
221516	0.00172967154
221517	0.00284438331
221518	0.0003840585569
221519	6.894694804e-05
221520	0.0009654835017
221521	0.001588183038
221522	0.004040361207
221523	0.0001320200487
221524	0.005626073734
221525	0.00264749743
221526	0.002634686898
221527	0.001681964682
221528	0.00111521799
221529	0.000788438576
221530	0.001856159919
221531	0.0002867764308
221532	0.001085291356
221533	0.001468444317
221534	0.004421453372
221535	8.470745006e-05
221536	0.001406661416
221537	0.001785329243
221538	0.002476971165
221539	0.002211405997
221540	0.003874013107
221541	0.0004713029546
221542	0.002205343816
221543	0.0055532662
221544	0.0008702900047
221545	0.002428409595
221546	0.0008530083512
221547	0.001359919416
221548	0.0005121451023
221549	0.003247506361
221550	0.001500627147
221551	0.0006901012167
221552	0.0002323735263
221553	0.003925735682
221554	0.00266869649
221555	0.002649899132
221556	0.0003310074046
221557	0.002129353868
221558	0.004888070486
221559	0.003178358853
221560	0.002785387301
221561	0.0009342780514
221562	1.885183939e-05
221563	0.0008718449498
221564	0.001977538607
221565	0.0002128411168
221566	0.004840589593
221567	0.002268516106
221568	0.001172166272
221569	0.002941524831
221570	0.0007252348362
221571	0.00993180798
221572	0.002161695034
221573	0.0008277786944
221574	0.002249573309
221575	0.0004099149973
221576	0.002801177251
221577	0.002874926739
221578	0.0006424396978
221579	0.0007598354154
221580	0.0005177391677
221581	0.000756033223
221582	0.004101326822
221583	0.001092395417
221584	0.001582307268
221585	0.007090241873
221586	9.380863093e-05
221587	0.001665541976
221588	0.003486353912
221589	0.001678291247
221590	0.000789784326
221591	0.00329740354
221592	0.001411460258
221593	0.00189372528
221594	0.0001678901595
221595	4.016724216e-05
221596	0.0004576160045
221597	0.004779998096
221598	0.003165364713
221599	0.00145518358
221600	0.0009663366344
221601	0.00108646999
221602	0.001872581444
221603	0.002395053151
221604	0.001819967234
221605	0.002699646758
221606	0.001806073056
221607	0.0003956017526
221608	0.003302587458
221609	0.001645002637
221610	0.0007388846824
221611	0.002922641838
221612	0.003169484585
221613	0.001640297282
221614	0.001137969485
221615	0.001821944261
221616	0.0004855275903
221617	0.005779165065
221618	0.000901404295
221619	0.001798713648
221620	0.002614145151
221621	0.0006322785172
221622	0.00147478922
221623	0.002772610974
221624	0.000124275758
221625	0.0008886399311
221626	8.195852091e-08
221627	0.000520332566
221628	0.0005335605136
221629	0.00137654282
221630	0.001391031982
221631	0.001250709652
221632	0.0007124381231
221633	0.003347508887
221634	0.0004793848766
221635	0.0007867107157
221636	0.002856053174
221637	0.002931028919
221638	0.002761616085
221639	0.002065418302
221640	0.004360123416
221641	0.000868992747
221642	0.003089132782
221643	0.003439917593
221644	0.001271516245
221645	0.002989085594
221646	0.001757038256
221647	0.003607208885
221648	0.004166018239
221649	0.0002663379803
221650	0.001434678442
221651	0.0001110506774
221652	0.001150518131
221653	0.0041188027
221654	0.0003040958728
221655	5.114719726e-05
221656	0.0001103401606
221657	0.0004468202505
221658	0.0001948638461
221659	6.557406342e-05
221660	0.0008552161669
221661	9.487776477e-05
221662	2.747308659e-05
221663	6.699510158e-05
221664	0.0001357035338
221665	7.868513277e-05
221666	2.543193452e-05
221667	0.0004562873161
221668	3.697121192e-05
221669	0.000771849038
221670	0.0008912165736
221671	0.002275785973
221672	0.0003669355955
221673	0.000265263479
221674	0.000153022286
221675	0.0005632657579
221676	0.000139643197
221677	5.668123191e-05
221678	0.0002281455199
221679	2.0504709e-05
221680	7.337558348e-05
221681	0.0002996773029
221682	6.551763081e-05
221683	7.954397271e-05
221684	0.0001915383874
221685	0.0005561453389
221686	0.0002537768548
221687	0.0001946009329
221688	0.0002481185577
221689	0.0002478636923
221690	8.749436294e-05
221691	9.320795669e-05
221692	0.00022096233
221693	0.0003387459476
221694	0.0002466291354
221695	0.0002537059326
221696	4.706163794e-05
221697	3.650893713e-05
221698	9.168944156e-06
221699	0.00019658666
221700	0.0009708836513
221701	0.0005762274751
221702	0.003714450807
221703	0.002471753827
221704	0.0004047920908
221705	0.00121036079
221706	0.001029038439
221707	0.0005287205367
221708	0.0003927340124
221709	8.343917756e-06
221710	0.0001340428868
221711	0.003811679836
221712	0.0001571714926
221713	0.001758695174
221714	0.0009979766138
221715	0.0006549255825
221716	0.00217009657
221717	0.0003459952658
221718	0.0009351283253
221719	0.002188550211
221720	0.0007278648517
221721	0.005472126222
221722	0.0001474535683
221723	0.0009795380563
221724	0.009031065949
221725	0.005038535394
221726	0.0009364278398
221727	0.00474335277
221728	0.001183452374
221729	0.002423007963
221730	0.0007150957526
221731	0.003548889967
221732	0.002856862917
221733	0.002306956553
221734	0.001885282056
221735	0.002294805402
221736	0.003160790813
221737	0.005368859068
221738	0.0008991542983
221739	8.701929137e-05
221740	0.0009004246359
221741	0.0006103465046
221742	0.00375254617
221743	0.00173148291
221744	0.00276558736
221745	0.001587709428
221746	0.005420594068
221747	0.001141234251
221748	0.0004523053909
221749	0.001208568633
221750	0.001299170731
221751	0.00698200267
221752	0.001346208258
221753	0.000588760029
221754	0.00127978937
221755	8.836598549e-05
221756	0.001655828012
221757	0.001878156287
221758	0.003453233434
221759	0.002706356255
221760	0.005080003128
221761	0.002906363309
221762	0.001023105543
221763	0.005155279521
221764	0.001122651796
221765	0.001476461991
221766	0.0003886003232
221767	0.001479221422
221768	0.004112370078
221769	0.003448898271
221770	0.001417060938
221771	0.0009188553707
221772	0.002987295691
221773	0.001071529172
221774	0.001779895524
221775	0.0007318010118
221776	0.001874777851
221777	0.0004044761541
221778	0.001935829996
221779	0.0002351110941
221780	0.000670372725
221781	0.004067364501
221782	0.001197987583
221783	0.0001595293763
221784	0.0003817356885
221785	2.812987034e-05
221786	0.001179550209
221787	0.0005827542551
221788	0.0009830377218
221789	1.287812401e-05
221790	0.0005237132308
221791	0.0004569839075
221792	0.0005711059941
221793	0.00317734257
221794	0.0007114326257
221795	0.005694621891
221796	0.001950307972
221797	0.0002480331765
221798	0.002298632121
221799	0.0008707457083
221800	0.001024398464
221801	0.0004031781942
221802	0.0007748501404
221803	0.002875701822
221804	0.001480902284
221805	0.001646971243
221806	0.000625104815
221807	0.0006559060291
221808	0.003304107619
221809	0.001132926433
221810	0.002818413046
221811	0.001793610453
221812	0.00323947135
221813	0.0004490382436
221814	0.001282480786
221815	0.002302814281
221816	0.0004304339159
221817	0.000904209653
221818	0.0003536931577
221819	0.0007296880755
221820	0.0007064719706
221821	0.0008988528813
221822	0.004809187607
221823	0.001667447366
221824	0.0006987394346
221825	0.002036400456
221826	0.000589727949
221827	0.002382731756
221828	0.001495398746
221829	0.005497953509
221830	0.00442395645
221831	0.0002980353425
221832	0.005800589081
221833	0.003934148829
221834	0.003250137235
221835	0.002625554726
221836	0.002869819143
221837	0.006715448401
221838	0.002253059949
221839	0.0008877595234
221840	0.003304873592
221841	0.002303377837
221842	0.003333717413
221843	0.001231709879
221844	0.0008405858843
221845	0.00203724288
221846	0.002548028266
221847	0.002110311132
221848	0.003445589359
221849	0.00132240903
221850	0.001980501406
221851	0.000348095887
221852	0.001585926206
221853	0.0004341873017
221854	0.001669338611
221855	0.003999824026
221856	0.001830690124
221857	0.002909447059
221858	0.002172614449
221859	0.001792192903
221860	0.001863787413
221861	0.001917383063
221862	0.0004677463074
221863	0.005965181254
221864	0.001538251097
221865	0.0001539146684
221866	0.0006134991425
221867	0.002513037982
221868	0.005832937649
221869	0.002784271381
221870	0.003526381263
221871	5.502827485e-05
221872	0.002752224424
221873	0.0006773356934
221874	0.001473846972
221875	0.00246017841
221876	0.001424170144
221877	0.001383618263
221878	9.482848957e-05
221879	0.001523274824
221880	0.001004093749
221881	0.0004007947813
221882	0.0001488960151
221883	0.000606818922
221884	0.0006427232307
221885	0.0005462916361
221886	8.710325619e-05
221887	0.0008013034364
221888	0.0007289276635
221889	0.0007105969555
221890	0.002517440253
221891	0.0001098820431
221892	0.001207268324
221893	0.001343591129
221894	0.003157395139
221895	0.000155986097
221896	1.642500723e-05
221897	0.001261009748
221898	0.001081664232
221899	5.653067355e-05
221900	0.001339116493
221901	0.000269146879
221902	0.00507969579
221903	0.0006910951236
221904	0.000627623764
221905	0.001392744425
221906	0.003970334368
221907	0.0006710172175
221908	0.001072077456
221909	0.0008159545937
221910	0.0005634227814
221911	0.005818099051
221912	0.000148035663
221913	0.0008389954197
221914	0.001944350042
221915	0.00109912665
221916	0.001334876224
221917	0.004786767135
221918	0.002117042914
221919	0.002318775288
221920	0.0005727038926
221921	0.006396472655
221922	0.001358986361
221923	0.0004922613862
221924	0.001608406968
221925	0.001531310616
221926	0.0006387102853
221927	0.004197704705
221928	0.004405451041
221929	0.0005385054806
221930	0.002280515081
221931	0.0001616316564
221932	0.0003343772507
221933	0.001634495348
221934	0.0002287144493
221935	0.0007404211085
221936	0.00177243893
221937	0.001471179375
221938	0.0006197128209
221939	0.000853301747
221940	0.000419424709
221941	0.004165600827
221942	0.0001144830142
221943	0.0001454138675
221944	0.000199663569
221945	5.270530609e-05
221946	0.003272768188
221947	0.002948988781
221948	0.0003218225822
221949	0.000579765444
221950	0.0001337146896
221951	0.001465382819
221952	0.0001691095878
221953	0.003032415746
221954	0.0003321647505
221955	0.001076287696
221956	0.002701310018
221957	0.004187612992
221958	0.002025271167
221959	0.002171870495
221960	0.0003550178377
221961	0.001345561931
221962	0.0004936476449
221963	0.0005637743827
221964	0.000309759852
221965	0.001066529843
221966	0.004290520643
221967	0.001882519415
221968	0.005606398902
221969	0.0007950973419
221970	0.001504036715
221971	0.002943338336
221972	0.0006276305627
221973	0.005271267771
221974	0.0001632075475
221975	0.0035953364
221976	0.00158052755
221977	0.004900316411
221978	0.001675899039
221979	0.001039137138
221980	0.002907110406
221981	0.005394108367
221982	0.004472092885
221983	0.003619129472
221984	0.0004182112849
221985	0.00116180883
221986	5.269514925e-05
221987	0.001047030119
221988	0.001388723973
221989	0.003743319584
221990	0.0002845642507
221991	0.0005621259433
221992	0.001522503752
221993	0.001471001009
221994	0.001025716877
221995	0.001002604745
221996	0.003338730204
221997	0.003875475967
221998	0.001236682625
221999	0.001033038248
222000	0.0002500961958
222001	0.001306632515
222002	0.001799691779
222003	0.003738031454
222004	0.0001346304574
222005	0.004664308786
222006	0.003744561616
222007	0.001129705384
222008	0.003578741081
222009	9.868087993e-05
222010	0.0006120902795
222011	0.001495622794
222012	0.002925524913
222013	0.0008939369805
222014	0.003341001657
222015	0.000739923574
222016	0.00162571692
222017	0.001438275963
222018	0.002530231124
222019	0.0005895405961
222020	0.001776404975
222021	0.004996500723
222022	0.0007522912952
222023	0.001814661965
222024	0.002411453244
222025	0.002005794587
222026	0.0001741881761
222027	0.0002848888052
222028	0.0004784983541
222029	0.0002793795754
222030	0.0004065849188
222031	7.254677037e-05
222032	0.0002436839915
222033	0.0001359514357
222034	0.0001659546092
222035	0.0001212993495
222036	5.779400161e-06
222037	8.466842079e-05
222038	0.0004337530397
222039	0.0008444989453
222040	5.28809514e-05
222041	0.0005562286488
222042	0.000347386093
222043	0.000102552622
222044	6.60479592e-05
222045	0.0003569058827
222046	4.931406289e-05
222047	0.0003067739448
222048	0.0001813772892
222049	7.486038186e-05
222050	1.428175862e-05
222051	0.0004520346007
222052	0.0001229113
222053	0.0001413701754
222054	0.0005378330781
222055	0.0001390158587
222056	4.831686706e-05
222057	0.0001973374413
222058	0.0002275825809
222059	0.0001375975545
222060	3.474419003e-05
222061	0.0004016331496
222062	5.977537647e-05
222063	0.0003050006573
222064	0.0003267479994
222065	0.0001489189757
222066	0.0003863038439
222067	0.0002630710106
222068	0.000411773526
222069	0.0006143826497
222070	0.0001033509958
222071	0.003378902953
222072	0.0002783673573
222073	0.0001528349462
222074	0.0001911934121
222075	0.0005304142683
222076	0.0003168833134
222077	0.0005359042236
222078	9.953791346e-05
222079	0.0004625090158
222080	0.0003691308066
222081	0.001781767217
222082	0.003615735986
222083	0.0001054562333
222084	0.0003351303994
222085	0.0002511561281
222086	0.0002160796172
222087	0.0001492692684
222088	0.001153533363
222089	0.0001800292588
222090	0.003562525443
222091	0.004200979798
222092	0.002164290534
222093	0.0002279576431
222094	0.0001871773267
222095	0.0006758721864
222096	0.00274162411
222097	0.005033965682
222098	0.002354582707
222099	0.001853166402
222100	0.001623637655
222101	3.628156085e-05
222102	0.0003138620964
222103	0.000444162107
222104	0
222105	5.479325618e-06
222106	0.0002315818079
222107	0.0007406028915
222108	0.0001078325514
222109	0.0001360091374
222110	0.0006080088663
222111	0.0012139913
222112	0.0004152784088
222113	0.0002712544433
222114	0.0004665094602
222115	0.0001092343633
222116	0.000556931515
222117	0.0001445819342
222118	0.0006589327121
222119	0.002241356747
222120	0.0001464344072
222121	0.0001499601988
222122	0.0002694330664
222123	0.001025591839
222124	0.0008612602129
222125	0.0005209398438
222126	0.0001446834364
222127	0.0004289042303
222128	5.947805305e-05
222129	0.0008002725937
222130	0.0002604030014
222131	8.66821956e-05
222132	0.005899031758
222133	0.001408222604
222134	0.001242941592
222135	0.002292847873
222136	0.001625713476
222137	0.001240600706
222138	0.0004253282292
222139	0.00479243213
222140	0.0009440191953
222141	0.002655518027
222142	0.0009844785771
222143	0.002020993811
222144	0.0002486351079
222145	0.002855373662
222146	0.000324520367
222147	0.00387911101
222148	0.0007848479035
222149	9.459042462e-05
222150	0.003940692418
222151	0.001829052227
222152	0.002280308541
222153	0.003031838394
222154	0.001315268029
222155	0.004832694197
222156	0.0009486997786
222157	0.0009154022251
222158	0.002516938467
222159	8.936765062e-05
222160	0.003738113762
222161	0.002703929993
222162	6.565985614e-05
222163	0.001669000343
222164	7.302133609e-05
222165	0.0003953143941
222166	0.002655163805
222167	0.0004832249402
222168	0.001755075826
222169	0.001379056025
222170	0.0001145329203
222171	0.0004986121479
222172	0.0002343969985
222173	0.006761888817
222174	0.003649764227
222175	0.0001289364594
222176	0.001865220617
222177	0.0006146986908
222178	0.000127698146
222179	0.001324138145
222180	0.002109970122
222181	0.001097327845
222182	1.360266612e-07
222183	0.0005710037797
222184	0.00138511627
222185	0.003151538318
222186	0.000321242557
222187	0.0002638510438
222188	0.0002085296534
222189	0.0007847280001
222190	0.0002507626492
222191	0.0002902342976
222192	0.0005486767708
222193	0.0003761302667
222194	0.001563294501
222195	0.0002911109507
222196	0.004639899381
222197	0.001702755875
222198	0.003676498841
222199	0.0009900318481
222200	0.0009823682367
222201	0.005892179975
222202	0.0002378791746
222203	0.004224817072
222204	0.006956640689
222205	0.001113257411
222206	0.0005906973442
222207	0.0002985795708
222208	0.001540910258
222209	0.005139203442
222210	0.003155135197
222211	0.002258373765
222212	0.002803701993
222213	9.501630733e-05
222214	0.005069536814
222215	0.002730951315
222216	0.002736650422
222217	0.002589319482
222218	0.002276868033
222219	0.0005261034299
222220	0.001905459371
222221	0.003453249429
222222	0.0009240022949
222223	0.00174396304
222224	0.0006533794381
222225	0.0006690175349
222226	0.001098845191
222227	0.001732297126
222228	0.002454685612
222229	0.004815366131
222230	0.004949826827
222231	0.003844543624
222232	0.0008461389973
222233	0.0002656066843
222234	0.0003599986536
222235	0.003330394923
222236	0.003073367267
222237	0.0006245510936
222238	0.001362798284
222239	0.0009594070396
222240	0.001509354619
222241	0.002439033036
222242	0.005080985732
222243	0.001499807329
222244	0.0001770294013
222245	0.0003403191126
222246	0.0003640655733
222247	0.004911335679
222248	0.004323960979
222249	0.0004912042288
222250	0.0007380543765
222251	0.0004959351007
222252	0.0008112912871
222253	0.00017349269
222254	0.0004278602683
222255	3.1871975e-05
222256	0.001223442933
222257	0.001613870149
222258	0.002090734764
222259	0.001169002814
222260	0.001154947624
222261	0.002541267322
222262	0.006988314694
222263	0.003165125931
222264	0.005502895549
222265	0.0007242446362
222266	0.0003670598961
222267	0.002675636065
222268	0.0008032793317
222269	0.002766370474
222270	0.001820012039
222271	7.415010505e-06
222272	0.001139163926
222273	0.00309174044
222274	0.0004743214866
222275	6.53282949e-05
222276	0.002009032328
222277	0.004099794809
222278	0.003496760789
222279	0.003458192426
222280	0.002408908944
222281	0.001442055004
222282	0.00224117965
222283	0.001697271306
222284	0.002641795726
222285	0.0007426110481
222286	0.001454097067
222287	0.0006843204785
222288	0.001345455207
222289	0.0002484972756
222290	0.001737104761
222291	0.001181308324
222292	0.002059295318
222293	0.00143542267
222294	0.0004024611977
222295	0.0002621066822
222296	0.000992414868
222297	0.001594504186
222298	0.001304895317
222299	0.00325664838
222300	0.0009920061261
222301	0.00126743238
222302	0.0007845651274
222303	0.0007283435925
222304	0.0001353168444
222305	0.0001651900492
222306	0.00085952781
222307	0.001770200514
222308	4.061297083e-05
222309	3.28506349e-05
222310	0.0005078863331
222311	0.0008977152456
222312	0.0006168940169
222313	0.002026714017
222314	0.0003009853003
222315	0.003257457279
222316	0.0008460914046
222317	0.002504984729
222318	0.001590827939
222319	0.001772142787
222320	0.0001047089033
222321	0.002133669038
222322	0.002227178957
222323	0.0008473157596
222324	0.002849385572
222325	0.0001098194778
222326	0.001412055466
222327	0.001329685906
222328	0.001437119449
222329	0.002132846125
222330	0.00151395339
222331	0.002186782585
222332	0.001833839348
222333	0.001606981299
222334	0.0001098019681
222335	0.0002187263386
222336	0.001655702966
222337	0.002943616739
222338	0.00057007108
222339	0.002886692698
222340	0.0001937253337
222341	0.001537183514
222342	0.0009842744797
222343	0.00163205432
222344	0.002976998912
222345	0.002837632876
222346	0.001549208853
222347	0.0001882923923
222348	0.00104877649
222349	0.0006493579439
222350	2.596524071e-05
222351	0.002193078535
222352	0.000658808157
222353	0.001553885941
222354	0.0001476355823
222355	0.00198887385
222356	0.004220164625
222357	0.0002243102759
222358	0.001065603071
222359	0.0006355111793
222360	0.0007300100536
222361	0.001563348625
222362	0.000785919191
222363	0.005107442114
222364	0.001246146468
222365	0.002380354733
222366	0.001768752603
222367	0.0009924371785
222368	0.0006450028185
222369	0.001085531179
222370	0.0002646961057
222371	0.003477819998
222372	0.0007766485241
222373	0.0005486880016
222374	0.002739592952
222375	0.001226434198
222376	0.006467753252
222377	0.003179168216
222378	0.001757527137
222379	0.001932153006
222380	0.000841661339
222381	0.004590444777
222382	0.001582962798
222383	0.0002112805283
222384	0.001265397018
222385	0.001697155775
222386	0.001661951296
222387	0.001848028392
222388	0.0007824026485
222389	0.001648525373
222390	0.001393775243
222391	0.001004528114
222392	0.002437252627
222393	0.0002703863878
222394	0.001282849074
222395	0.002239422916
222396	0.001629363673
222397	0.001053982554
222398	0.001718807201
222399	0.0004954942807
222400	0.0009201696533
222401	0.0009323043373
222402	0.001375770229
222403	0.00129936297
222404	0.0002136846435
222405	0.0006848971887
222406	0.0001767896771
222407	0.001643104251
222408	0.0003735233094
222409	0.0006464587017
222410	0.0002603232957
222411	0.0006806790249
222412	0.0008568562744
222413	0.00317413174
222414	0.0001594406578
222415	0.0004285137678
222416	2.702476998e-05
222417	5.412387844e-05
222418	2.655313105e-05
222419	3.923042796e-05
222420	5.828725965e-05
222421	0.0003337565971
222422	0.003824987145
222423	0.0002850920398
222424	3.955568816e-05
222425	2.815984927e-05
222426	3.114709036e-05
222427	4.3665601e-05
222428	7.688128587e-05
222429	1.554308595e-05
222430	1.226133903e-05
222431	6.007165446e-05
222432	7.753846658e-05
222433	2.400290868e-05
222434	8.119929629e-05
222435	1.863597076e-05
222436	9.036614818e-05
222437	2.656931422e-05
222438	0.0001755361419
222439	5.853559637e-05
222440	0.0003033591082
222441	0.0003778944386
222442	0.0006913338399
222443	4.998023178e-05
222444	9.993726086e-05
222445	4.594044601e-05
222446	0.0002965099817
222447	8.251178842e-05
222448	9.157408832e-06
222449	3.301219948e-05
222450	0.0009925575103
222451	0.001913247303
222452	0.0007871285423
222453	0.004433375872
222454	0.0002581765622
222455	0.0006600934755
222456	0.001253402081
222457	0.003949017154
222458	0.0005191555496
222459	0.001305920122
222460	0.0001054428258
222461	0.0006637083519
222462	9.042860017e-05
222463	2.28931379e-05
222464	5.832152549e-05
222465	3.892100197e-05
222466	3.680631132e-05
222467	0.0001294613404
222468	2.88974377e-05
222469	0.0002878747057
222470	0.0005389322152
222471	0.0001502961807
222472	0.00190652795
222473	0.002986282235
222474	0.001626936442
222475	0.0008174594937
222476	3.056106918e-05
222477	6.666730897e-05
222478	8.013104144e-05
222479	6.468436749e-05
222480	1.796149646e-05
222481	1.608735955e-05
222482	5.525390734e-05
222483	0.0005945813855
222484	5.33144827e-06
222485	0.002637042289
222486	0.003979455649
222487	0.002355002316
222488	0.0003965673404
222489	0.002338590348
222490	0.001278325786
222491	0.001356575334
222492	0.0009611444256
222493	0.0003111262962
222494	0.000778078377
222495	0.0009548364675
222496	0.0012848703
222497	0.000198120272
222498	0.003081775417
222499	0.0008310346577
222500	0.001401932635
222501	0.001541076883
222502	0.001392730078
222503	4.070735061e-05
222504	0.002390003384
222505	0.003883769783
222506	0.001008973022
222507	0.005918089032
222508	0.001047071326
222509	0.001056609653
222510	0.001919705338
222511	0.002444925373
222512	0.002590432075
222513	0.003873654911
222514	0.00490878986
222515	0.001012757686
222516	0.0002743457159
222517	0.0003370081527
222518	0.0002695611852
222519	0.001058616277
222520	0.002054560984
222521	3.054752443e-05
222522	0.0008830336369
222523	0.001196392363
222524	0.003882327309
222525	1.271550863e-05
222526	0.0004649652253
222527	0.000489900068
222528	1.338107099e-05
222529	0.002607734466
222530	2.081433477e-05
222531	0.00180393505
222532	0.0003046943491
222533	0.001242566876
222534	0.002697888269
222535	0.004402181134
222536	0.0002690256657
222537	0.001435698286
222538	0.004431981656
222539	0.002408591098
222540	0.002177368579
222541	0.001133517288
222542	0.0008644518756
222543	0.0007694757997
222544	0.003143599798
222545	0.003886365632
222546	0.0009806800163
222547	0.001349839459
222548	0.0008560072801
222549	0.003733696057
222550	0.007008927746
222551	0.002809577353
222552	0.0003425137227
222553	0.001055235551
222554	0.001025541111
222555	0.001606864493
222556	0.0005128784463
222557	0.001418304965
222558	0.0004088780797
222559	0.002381210939
222560	0.001581822362
222561	0.001200818339
222562	0.002874595383
222563	0.001591880952
222564	0.00226253545
222565	0.001182299062
222566	0.0005167913211
222567	0.001968224304
222568	0.001477617148
222569	0.001068637739
222570	0.0009033804092
222571	0.0004225650073
222572	7.935466116e-05
222573	0.0005482790802
222574	0.0006447968546
222575	0.001447594447
222576	0.001007922118
222577	2.815958759e-05
222578	0.0005465678623
222579	0.0004746921164
222580	0.001324044619
222581	0.002562942593
222582	0.00388181674
222583	0.003893842999
222584	0.0002926154716
222585	0.00238609464
222586	0.00426077672
222587	2.742817961e-05
222588	0.0009969002233
222589	0.0028347617
222590	0.003123592924
222591	0.001319303681
222592	0.001566242493
222593	0.0004461803771
222594	0.0001512640604
222595	0.00348488631
222596	0.002341133226
222597	0.004140303129
222598	0.002317403499
222599	0.0006159284886
222600	0.001045782024
222601	0.001216385441
222602	0.002445712625
222603	0.00319052728
222604	0.002658924064
222605	0.0005245045725
222606	0.003219962739
222607	0.0006423381389
222608	0.002956149738
222609	0.001057712363
222610	0.0008069234711
222611	0.001836950382
222612	0.000394758371
222613	0.0004750314586
222614	0.002891762802
222615	0.001306368293
222616	0.002691349101
222617	0.0003241234963
222618	0.003720500897
222619	0.000765643334
222620	0.0002991647436
222621	0.0009027537017
222622	0.001010835397
222623	0.003765214363
222624	4.186846012e-05
222625	0.0004853623004
222626	0.002164785466
222627	0.002357715986
222628	0.002126046223
222629	0.001496171638
222630	0.003811411099
222631	0.003124846005
222632	0.002142878192
222633	0.0007970723169
222634	0.0001846166904
222635	0.001014868965
222636	0.00133389798
222637	0.0007127016404
222638	0.001327251337
222639	0.001057881206
222640	0.0008183648501
222641	0.001218231604
222642	0.001267865845
222643	0.0002343353253
222644	0.001599271959
222645	0.002430346971
222646	0.0008184567872
222647	0.0007122111669
222648	3.275787173e-05
222649	0.006029930293
222650	0.004210508197
222651	0.0001074957964
222652	0.004282312944
222653	0.002288226779
222654	0.0003255940217
222655	0.003898937724
222656	0.0004274541177
222657	0.001800411461
222658	0.0005029085612
222659	0.00177571544
222660	0.002220849822
222661	0.005972121992
222662	0.001851699934
222663	0.002273709176
222664	0.002013480691
222665	0.001870054429
222666	0.00324752234
222667	0.003191196493
222668	0.002832093247
222669	0.0003500220393
222670	0.002264217345
222671	0.000887624403
222672	0.0002546689076
222673	0.001045832145
222674	0.001735365701
222675	0.0006992418727
222676	0.001965542873
222677	0.004187822158
222678	0.004296179016
222679	0.007487553239
222680	0.003991548358
222681	0.00360221064
222682	0.0002157807554
222683	0.002275089303
222684	0.00258579192
222685	0.003024627623
222686	0.0009398903225
222687	0.001087459477
222688	0.001166854204
222689	0.00429173138
222690	0.001279783786
222691	0.002686515555
222692	0.001145715851
222693	0.005142258814
222694	0.002743417525
222695	0.003016376659
222696	0.0004190683593
222697	0.0001151357363
222698	0.0002448389234
222699	0.0002935767851
222700	8.136464392e-05
222701	0.0002080781742
222702	0.004078092164
222703	0.0006474682439
222704	0.0001558226582
222705	0.0002361114752
222706	3.406255338e-05
222707	0.0009502200964
222708	0.001278406796
222709	0.001858489296
222710	0.0001316128249
222711	0.003028392969
222712	0.001287899646
222713	0.000259057158
222714	0.001043543561
222715	0.00171704443
222716	0.0007908136725
222717	0.0006427699708
222718	0.001305885149
222719	0.003664415769
222720	0.0004348672169
222721	0.0001242464279
222722	0.0004005081462
222723	0.002266793942
222724	0.00229504683
222725	0.0001981267309
222726	0.001036282277
222727	5.629172419e-05
222728	0.0001893605858
222729	0.0004443420277
222730	0.003878889599
222731	0.0002984431017
222732	0.003360526647
222733	0.0008615893255
222734	9.298548231e-05
222735	0.0008485959549
222736	0.0005279265202
222737	0.0006722934228
222738	0.0007912691325
222739	0.001821372735
222740	0.002107355192
222741	0.001671373584
222742	0.0009689227124
222743	0.002413290022
222744	0.003839594182
222745	0.00170467062
222746	0.00275480111
222747	0.001097743681
222748	0.001224681215
222749	0.001021658363
222750	0.005121340886
222751	0.000757611197
222752	0.002499551873
222753	0.0026006836
222754	0.001201089927
222755	0.00371035175
222756	0.0008205492386
222757	0.003633676891
222758	0.00051587048
222759	0.001378032792
222760	0.0004499353319
222761	0.002419916028
222762	0.002632231275
222763	0.002227967514
222764	0.00155214555
222765	0.002312782426
222766	0.002281177828
222767	0.0004757514678
222768	0.0003688824419
222769	0.001935685981
222770	0.0003732713408
222771	0.00182254115
222772	0.001048350555
222773	0.0004540620551
222774	9.987676728e-05
222775	0.002741185352
222776	0.002104214346
222777	0.002645043208
222778	0.0005233604365
222779	0.0008858777081
222780	0.002087204414
222781	0.0009539941867
222782	0.00158758296
222783	0.002880392823
222784	0.00102335736
222785	0.002192196864
222786	0.00156371337
222787	0.002585798561
222788	0.0005496124903
222789	0.001768521285
222790	0.002715508554
222791	0.002126578703
222792	0.0006768827535
222793	0.002551140227
222794	0.003110210593
222795	0.001346037549
222796	0.001353852027
222797	0.002959308491
222798	0.0006476699819
222799	0.00107498579
222800	0.0007445088108
222801	0.001593698267
222802	0.0008163506219
222803	0.001615571625
222804	0.002064164762
222805	0.003189291889
222806	0.0003906332955
222807	0.0009061640612
222808	0.002065139879
222809	0.001547529092
222810	0.002661030044
222811	0.001027530436
222812	0.003335939169
222813	0.001323946078
222814	0.0003170679706
222815	0.0004775566367
222816	0.00221700403
222817	0.002360639078
222818	0.002223261271
222819	0.001490293281
222820	0.002015425755
222821	0.000800062123
222822	0.0008181419527
222823	5.315456636e-07
222824	0.0009946217679
222825	0.00122667072
222826	0.0001863215386
222827	0.001730861503
222828	0.001981085943
222829	0.002515284519
222830	0.0007701606008
222831	0.002731105263
222832	0.0009179767895
222833	0.003827296287
222834	0.002131657863
222835	0.0009633289311
222836	0.0004349299885
222837	0.00132063177
222838	0.00102490384
222839	0.002790592359
222840	0.001097001868
222841	0.002680822479
222842	0.00224490902
222843	0.0002695138643
222844	0.002360815991
222845	6.224398804e-05
222846	0.0020903036
222847	0.003303406097
222848	0.001300936029
222849	0.0004266404918
222850	0.0001496337239
222851	0.0001153405793
222852	0.0003144343234
222853	0.0003640945567
222854	8.991749116e-06
222855	9.576242626e-05
222856	0.0003520480645
222857	0.0003123727021
222858	0.0006186305879
222859	0.0009535865268
222860	7.036755505e-05
222861	0.0001184060653
222862	0.001288010743
222863	0.0006391347249
222864	0.0005339366666
222865	0.0002153602157
222866	0.000142135277
222867	0.0002307287695
222868	8.666561709e-05
222869	0.0002103011711
222870	0.0001381182542
222871	0.0003215698107
222872	0.0001180188994
222873	4.912938538e-05
222874	0.0006491525041
222875	0.0003427474059
222876	0.0001614299306
222877	4.892546021e-05
222878	2.961711991e-05
222879	0.0002011565667
222880	0.001525204136
222881	0.002186759497
222882	0.003520536166
222883	0.002415256702
222884	0.0008461081949
222885	0.00355055802
222886	0.003848950568
222887	0.003006848493
222888	0.002329574651
222889	0.0009494910548
222890	0.002418957601
222891	0.0009668216603
222892	0.0007260637558
222893	0.004908175437
222894	0.0002048042078
222895	0.0001864882462
222896	4.761713554e-05
222897	0.0001034416642
222898	0.0001205740064
222899	0.0004158109656
222900	0.001264659292
222901	0.0004962512444
222902	0.0001088694761
222903	0.0001876628243
222904	0.0003562333372
222905	0.0004778097544
222906	3.828267576e-05
222907	0.000150398825
222908	7.299068893e-06
222909	7.678930887e-05
222910	0.0002359975204
222911	7.653601917e-05
222912	0.000260918818
222913	0.0001792825059
222914	6.952041966e-05
222915	1.32854253e-07
222916	0.0007355394108
222917	8.37528561e-05
222918	0.0004291949169
222919	4.430935432e-05
222920	0.0001297410244
222921	0.0005876754966
222922	0.000121399867
222923	0.0002106851219
222924	1.020269778e-05
222925	0.0003084071111
222926	0.0001208582052
222927	0.0004431077366
222928	0.0004620513955
222929	0.001228511493
222930	0.0006655876576
222931	2.116814493e-05
222932	0.0004803312709
222933	0.0005512629238
222934	2.002513907e-05
222935	7.36151331e-06
222936	0.0003140585254
222937	0.0002340638714
222938	0.0003961008985
222939	0.0001215584792
222940	0.000229781744
222941	0.0001422855103
222942	0.0001372981205
222943	0.0001531077511
222944	0.0001575255346
222945	0.000960089851
222946	0.0004929538154
222947	0.0003557775317
222948	0.001132994648
222949	0.0001066128619
222950	0.002568335169
222951	5.304469845e-05
222952	0.0001574973341
222953	7.254890806e-05
222954	0.0001734754287
222955	0.0005163563851
222956	0.0001611245556
222957	0.0001711079364
222958	0.0007362317251
222959	0.0002640916181
222960	0.0003136321388
222961	0.0002311519336
222962	2.174915533e-05
222963	4.896023606e-05
222964	7.098929866e-05
222965	0.0003321505863
222966	0.000104534375
222967	9.121900004e-05
222968	0.0001729558646
222969	3.94223661e-05
222970	0.0003638578955
222971	9.720253737e-05
222972	0.0002557969092
222973	0.0002287772516
222974	0.0001360229722
222975	3.12246534e-05
222976	5.449395612e-05
222977	0.0002412211729
222978	0.0002710539838
222979	0.0001881171135
222980	3.944506864e-05
222981	0.0002644715433
222982	0.0002635097552
222983	0.0002157006926
222984	0.000425389628
222985	0.0001230832011
222986	0.0002316280156
222987	0.0003031160151
222988	0.0004233608085
222989	0.0002528228365
222990	0.0004198533146
222991	0.0004013894556
222992	0.0001685980236
222993	0.0001757035523
222994	5.057108544e-05
222995	0.0001270326312
222996	9.244683981e-05
222997	0.0004046780983
222998	0.000645482537
222999	0.0004305885854
223000	0.0003812560836
223001	0.0001714500868
223002	0.0007547514882
223003	0.0002085225078
223004	0.0001602807451
223005	0.001545213937
223006	0.000263404435
223007	0.0002160460521
223008	0.0004374317005
223009	0.0006020999156
223010	0.0006146120091
223011	0.0006015257843
223012	0.0002297792245
223013	0.001140314447
223014	0.0001566054381
223015	0.0001306386026
223016	0.0002433600087
223017	0.0002828691141
223018	0.0002576811308
223019	6.696758095e-06
223020	0.0002608551259
223021	7.054173698e-05
223022	0.0001308837897
223023	0.0002044084576
223024	9.073942029e-05
223025	0.0002571918163
223026	0.0001781183003
223027	2.292881305e-05
223028	3.748410393e-05
223029	1.624093857e-05
223030	5.114937823e-05
223031	0.0001150889272
223032	0.0007315364782
223033	0.0001764775066
223034	0.0001165893346
223035	0.0005372966553
223036	0.0002120873332
223037	0.0003546369888
223038	0.0001875098981
223039	0.0001789152184
223040	0.000212629814
223041	0.0001036903141
223042	0.0001062310754
223043	0.0001619186514
223044	0.0001727438859
223045	0.0002332252569
223046	1.878252899e-05
223047	0.0002414264939
223048	0.0001638079387
223049	0.000161173948
223050	0.0001635950553
223051	5.244831637e-05
223052	0.0005632709519
223053	0.0004907563866
223054	0.001307481409
223055	9.687410697e-05
223056	4.99242135e-05
223057	3.943470778e-05
223058	0.001074486039
223059	0.0008281591393
223060	0.0007533030952
223061	0.0009133792976
223062	0.001108289782
223063	0.0007265313755
223064	0.0001456723069
223065	0.0002465237787
223066	0.0004474654991
223067	1.738355312e-05
223068	0.00120057902
223069	0.002653425
223070	0.0001584869232
223071	8.665687341e-05
223072	0.0004626059897
223073	5.110169871e-05
223074	0.000203412142
223075	0.0002173673067
223076	5.8846945e-05
223077	0.0002843874173
223078	0.0001273231322
223079	0.0004230719519
223080	0.0001891756631
223081	0.0005524314744
223082	0.0001270794761
223083	0.000123410991
223084	8.126329075e-06
223085	0.0001610845943
223086	0.000115994301
223087	0.0005302188108
223088	0.0001113237036
223089	0.0007240816451
223090	0.0001650424571
223091	0.0002058403246
223092	0.0001457065341
223093	0.0005611130965
223094	0.001303325567
223095	0.0001141391485
223096	0.00106484142
223097	0.0001492842713
223098	0.0001031112287
223099	3.781999975e-05
223100	0.0001527367438
223101	9.816955982e-05
223102	0.0001269325684
223103	0.0001162547136
223104	8.11530166e-05
223105	8.489999694e-05
223106	9.488403814e-05
223107	0.0001480835888
223108	0.0001126995924
223109	0.000192953531
223110	5.110407883e-05
223111	0.0003457411461
223112	8.783967342e-05
223113	0.0001877966415
223114	6.740429181e-06
223115	8.59596041e-05
223116	6.772426922e-05
223117	0.0004972658591
223118	0.0003736213718
223119	6.167876126e-05
223120	0.0004132262895
223121	0.0001583984575
223122	0.0001104426749
223123	1.94279539e-05
223124	0.0001372961921
223125	8.648461071e-06
223126	0.0001141294774
223127	0.000802750842
223128	0.0004034223578
223129	0.0002766451252
223130	5.758910125e-05
223131	0.0001473459046
223132	0.0001271250329
223133	0.0003903499326
223134	0.000399878327
223135	0.0001445135628
223136	0.0001291148789
223137	0.0006951139758
223138	0.000184902427
223139	0.0002043870198
223140	0.000572285909
223141	0.0006725846092
223142	1.463037389e-05
223143	0.0007325684031
223144	0.000341193366
223145	7.756331849e-06
223146	0.000219607656
223147	0.0002665336998
223148	0.000121520663
223149	0.0003238706017
223150	6.513857099e-05
223151	5.865574381e-05
223152	8.245372889e-06
223153	4.992589949e-05
223154	0.0003611112131
223155	0.0001545130207
223156	6.058400247e-05
223157	2.54829192e-05
223158	0.0005688842324
223159	0.0001762271841
223160	2.685903838e-05
223161	0.0004502404096
223162	0.0002372774869
223163	0.0003807292143
223164	0.0001871591974
223165	5.3335913e-05
223166	0.0001644391981
223167	0.000419938687
223168	0.000131763521
223169	0.0002466366581
223170	3.395575122e-05
223171	0.0001037702164
223172	8.806348855e-05
223173	0.00016831007
223174	0.0002060763788
223175	0.0002834779635
223176	0.0005513672844
223177	0.00142165656
223178	1.723445713e-05
223179	0.0001014679198
223180	3.285040631e-05
223181	5.223235826e-05
223182	0.0001926337429
223183	0.0003955487096
223184	1.665183379e-05
223185	1.716335206e-05
223186	8.356627255e-05
223187	0.0001140722955
223188	0.000224552767
223189	9.260289703e-05
223190	0.0004349358086
223191	0.0001609377167
223192	0.0001755467616
223193	5.056553572e-05
223194	0.0004144494516
223195	0.0002005557765
223196	0.0002790683436
223197	2.117332714e-05
223198	0.0003026335338
223199	0.0001635561867
223200	9.219325388e-05
223201	0.0004019981373
223202	0.0004472418054
223203	0.001666806349
223204	8.85855334e-05
223205	0.001662101037
223206	0.000356183897
223207	0.0005623141977
223208	2.065564119e-05
223209	5.77885053e-06
223210	0.0005549789764
223211	0.0002059925977
223212	2.79224684e-05
223213	0.0001730545775
223214	0.0002405949006
223215	0.0002407819676
223216	0.0003411427766
223217	0.0002514218836
223218	0.000274548523
223219	0.0002876144631
223220	0.0004725115851
223221	0.0005965185833
223222	7.619829628e-05
223223	0.0008342125848
223224	0.001250321066
223225	0.0006083783519
223226	0.000961537268
223227	0.0003784945367
223228	9.754128023e-05
223229	0.0006354816371
223230	0.0002140633814
223231	0.0001528882968
223232	9.366707933e-05
223233	1.850110146e-05
223234	0.0005275460636
223235	9.806373318e-05
223236	0.0003867365061
223237	0.001098063376
223238	0.000419040686
223239	7.048015195e-05
223240	8.635142147e-05
223241	9.172067027e-05
223242	0.0001245306444
223243	0.002126699097
223244	0.000204305432
223245	0.0001771841088
223246	0.0001243278308
223247	0.0001709410711
223248	0.0003231925329
223249	0.0004900717049
223250	0.0001364514899
223251	0.0002147303116
223252	0.000147742222
223253	0.000501165584
223254	0.0005958797185
223255	0.0002927995662
223256	9.015176403e-05
223257	0.0005900373039
223258	0.000194276991
223259	0.000178344554
223260	0.0003373076533
223261	0.0002606758631
223262	0.0003976118981
223263	1.368814498e-05
223264	0.0007845260687
223265	0.0004467716737
223266	0.0005825111571
223267	4.092291596e-05
223268	0.0002585652518
223269	0.001168683455
223270	0.002435878525
223271	0.002202628133
223272	0.001020863243
223273	0.006830107422
223274	0.003698819702
223275	0.0003884486266
223276	0.0001028526123
223277	0.002753456976
223278	0.001889519442
223279	0.001668321652
223280	0.002735985135
223281	0.002319835737
223282	0.001304717329
223283	0.003247577059
223284	0.00111210835
223285	0.0003873113567
223286	0.0004810105216
223287	0.00275318195
223288	0.002071183697
223289	0.0003837376583
223290	0.0004955972104
223291	0.003834111974
223292	0.00299066612
223293	0.006951982934
223294	0.006151810301
223295	0.002989331687
223296	0.00316992386
223297	0.003107065353
223298	0.002851062055
223299	0.0005714654109
223300	0.00207178754
223301	0.003390431093
223302	4.602633131e-05
223303	0.002154028917
223304	0.0003401071314
223305	0.0002574454984
223306	0.001207708335
223307	0.002844607897
223308	0.0002447324704
223309	0.0003370932314
223310	0.0005210376118
223311	0.0003126269684
223312	0.0005125160246
223313	0.0004023695613
223314	0.0008264075356
223315	0.001658570599
223316	0.0002156364335
223317	0.0005517579538
223318	0.0009455533882
223319	0.0004725742372
223320	0.0005304052601
223321	0.0004689690563
223322	0.0007967607528
223323	0.0003626892951
223324	0.0002280929516
223325	0.0001923616081
223326	0.0008736889942
223327	0.0001538681155
223328	0.002319592232
223329	0.0003870170554
223330	0.0002825531977
223331	0.0003636254702
223332	0.000244210922
223333	0.0002613040724
223334	0.0004025610181
223335	0.000417273509
223336	0.0002448645064
223337	0.0002250492803
223338	0.0006677306988
223339	0.0004277253678
223340	0.001441721063
223341	0.0003536394277
223342	2.779647264e-05
223343	0.0002599830554
223344	0.0003348869701
223345	0.0001476344326
223346	0.0008460443447
223347	0.0008468615635
223348	0.005748410717
223349	0.0003961289
223350	6.507116533e-05
223351	0.001041391889
223352	0.0004010186333
223353	0.002334664657
223354	0.00199850374
223355	0.0004964373198
223356	0.001322287588
223357	0.0002027406192
223358	0.0006675793671
223359	8.052261763e-05
223360	0.002921850552
223361	0.0006072784071
223362	0.0002813605977
223363	6.22228937e-05
223364	0.0001742439023
223365	0.000287712924
223366	0.0003128488205
223367	0.0004918677624
223368	0.001287280465
223369	0.000117986853
223370	0.0005308018017
223371	0.00565519792
223372	0.004057828236
223373	0.001010471031
223374	0.000488040543
223375	0.005049383746
223376	0.00453359683
223377	0.003802057136
223378	0.0003358541964
223379	0.0005822380917
223380	0.000724693597
223381	0.0003024949441
223382	0.000984108729
223383	0.0008926531167
223384	0.0005762089552
223385	0.001233476874
223386	0.0002358504461
223387	0.001183192965
223388	0.0006422843599
223389	0.0005465097668
223390	0.002935473239
223391	0.001588391201
223392	0.003670978504
223393	0.005032657613
223394	0.0007826199529
223395	0.0008864622663
223396	0.000337019076
223397	0.0005847656378
223398	0.0001806911487
223399	0.0001360376995
223400	0.0004534163231
223401	0.0005345064013
223402	0.001159633548
223403	0.0004157223483
223404	0.0001930715679
223405	0.001457581269
223406	0.0014045344
223407	0.002648382079
223408	0.001140075157
223409	0.003771315013
223410	0.0002808730076
223411	0.003103262388
223412	0.0001164075271
223413	0.0003750433464
223414	0.002063221334
223415	0.0008749976939
223416	0.002214037037
223417	0.0005956990948
223418	0.001780600901
223419	0.000344954077
223420	0.0003018071613
223421	0.0009781405333
223422	0.0005792634556
223423	0.00190797268
223424	0.0007790360079
223425	0.0002113013961
223426	0.0005540956494
223427	0.001336512989
223428	0.004024238266
223429	0.00119792577
223430	0.001071648698
223431	0.001491683821
223432	0.0001576566653
223433	0.000621994239
223434	0.001621712767
223435	0.003838367405
223436	0.002407767337
223437	0.002717089512
223438	0.001128202523
223439	0.003719046765
223440	0.002259098425
223441	0.0006545222338
223442	0.001472044796
223443	0.001991171317
223444	0.001605024143
223445	0.002612039183
223446	0.0009717473534
223447	0.0001222994699
223448	0.001857187749
223449	0.001506067824
223450	0.001416800153
223451	0.001375570531
223452	0.00205798297
223453	0.0005180568297
223454	0.001074881213
223455	0.0008191275719
223456	0.002991918414
223457	0.002726235263
223458	0.001183531822
223459	0.0005492093807
223460	0.0005594744736
223461	0.002962912396
223462	0.001913164183
223463	0.0004719658326
223464	0.001264476896
223465	0.0008602448292
223466	0.00192488635
223467	0.001966036108
223468	0.00306945764
223469	0.0005901795462
223470	0.001604646862
223471	0.002343647568
223472	0.001157333496
223473	0.001718092339
223474	0.003732239694
223475	8.447249737e-06
223476	0.001119737806
223477	2.982646601e-05
223478	0.0007998849205
223479	0.0008329992967
223480	0.002192700306
223481	9.400513045e-05
223482	0.0001825560735
223483	0.0004023564803
223484	0.000841569678
223485	0.0003049314196
223486	0.0008701147986
223487	0.00080724822
223488	0.0003786770044
223489	0.0007514377728
223490	4.071839421e-05
223491	0.0006286532572
223492	0.0003564895812
223493	0.0006011209818
223494	0.001258267749
223495	4.796511302e-05
223496	0.0004185608451
223497	0.002797644683
223498	0.0003097061973
223499	0.001488315518
223500	7.387727786e-06
223501	9.512672131e-05
223502	0.004388835671
223503	0.000522300308
223504	0.001585299031
223505	0.003769200246
223506	0.002316121466
223507	0.003061411925
223508	0.001842485615
223509	0.002035786378
223510	0.0009723350939
223511	0.002509369184
223512	0.002312623506
223513	0.001768665078
223514	0.003608572456
223515	0.001376539723
223516	6.003339898e-05
223517	0.0003017369802
223518	0.002689324868
223519	0.0006201158521
223520	0.001245393335
223521	0.001695429333
223522	0.0003602984381
223523	0.005515507242
223524	0.001935499895
223525	0.00420947225
223526	0.002424103729
223527	7.293065252e-05
223528	0.002253356501
223529	0.0005313563612
223530	0.001842474897
223531	0.0001428033741
223532	0.0005027647616
223533	0.0004036862732
223534	9.301593095e-06
223535	0.000568764808
223536	5.997612158e-05
223537	0.001254672057
223538	0.002538073018
223539	0.001805883333
223540	0.0005887208343
223541	0.00144614828
223542	0.001711057565
223543	0.002176924616
223544	0.001700116342
223545	0.0002339492648
223546	0.001190601806
223547	0.001200133723
223548	0.001874215504
223549	0.004139630029
223550	0.001017230578
223551	0.0001741685713
223552	0.0007480633564
223553	0.001827339946
223554	0.004924767392
223555	0.004167816947
223556	0.003412696462
223557	0.002125839856
223558	0.0001280700827
223559	0.001032222656
223560	0.0001834270553
223561	0.00247877632
223562	0.004224393842
223563	0.000640909647
223564	0.004672592665
223565	6.193025596e-05
223566	0.001678066391
223567	0.001076559272
223568	0.001380819133
223569	0.001610668456
223570	0.003057777371
223571	0.0003594187452
223572	0.002706376979
223573	0.00371692554
223574	0.001652198043
223575	0.005529882622
223576	0.0006342094894
223577	0.001200109835
223578	0.002580520762
223579	0.004216997879
223580	0.001445019013
223581	0.001711689433
223582	0.0008350694107
223583	0.000697242872
223584	0.0001282762077
223585	0.001279822144
223586	0.002217582307
223587	0.0003610945943
223588	0.005134661894
223589	0.001689738814
223590	0.001746612895
223591	0.0007150810765
223592	0.001078905282
223593	0.002973321025
223594	0.0007135418735
223595	0.003888667779
223596	0.006327871975
223597	0.0002070596282
223598	0.001926640961
223599	0.0003421695448
223600	0.0009439401616
223601	0.0005688025309
223602	0.001074013287
223603	0.001837332952
223604	0.002524325416
223605	0.0003307548466
223606	0.0004753723706
223607	0.002215847107
223608	0.0006288759908
223609	0.00218802934
223610	0.001363922863
223611	0.0003375893194
223612	0.002266678681
223613	8.505388016e-05
223614	0.002579512108
223615	0.00104084244
223616	8.609279499e-05
223617	0.0024159788
223618	0.002986971704
223619	0.00174627114
223620	0.0001317031919
223621	0.000635434882
223622	0.0005246973816
223623	0.002853368457
223624	0.005132796683
223625	0.0005134204567
223626	7.689610737e-05
223627	0.001868039924
223628	0.002587543614
223629	6.28652773e-05
223630	0.001829749446
223631	0.000507315996
223632	0.0002702519041
223633	0.000575902529
223634	0.001462953945
223635	0.003519629201
223636	0.0003877014707
223637	0.002101633288
223638	0.001880980268
223639	0.002454099224
223640	0.000668341111
223641	0.0004620597232
223642	0.001077410351
223643	0.003327471096
223644	0.001773211475
223645	0.001163500223
223646	0.001299672699
223647	0.001148700835
223648	0.003534906376
223649	0.00126118629
223650	0.0008945939628
223651	0.001344658936
223652	0.002199842118
223653	0.0004138342151
223654	0.002265191432
223655	0.001819915305
223656	0.0009906078483
223657	0.0004485371513
223658	0.0008402835158
223659	0.000715691043
223660	0.001318480456
223661	0.0009678745514
223662	0.0009974758308
223663	0.0003728032831
223664	0.001070473207
223665	0.002815508382
223666	0.0003389997704
223667	0.001426467669
223668	0.0006598615975
223669	8.595261254e-05
223670	0.001916630942
223671	0.001230572383
223672	0.0004043422886
223673	0.0005264341444
223674	0.0003649890978
223675	0.0002368669537
223676	2.410327589e-06
223677	0.0005641991785
223678	0.0003497478131
223679	1.357254493e-05
223680	0.0001335980137
223681	6.68283389e-05
223682	5.365923325e-05
223683	0.000308766329
223684	0.0005720309592
223685	9.771931402e-05
223686	7.742467007e-05
223687	0.0002077014034
223688	0.0001863881767
223689	0.000107795463
223690	0.00231540235
223691	0.0004440234877
223692	0.0001468431529
223693	0.0009648396019
223694	0.00243624446
223695	0.0007064702403
223696	0.0009922234891
223697	0.002049152027
223698	0.001620521286
223699	0.004017380815
223700	0.0004399705663
223701	0.001894978887
223702	0.0006173037675
223703	0.0001871929499
223704	0.001721091942
223705	0.003570902794
223706	0.0003167825096
223707	0.008668360928
223708	0.00085723816
223709	0.003439026922
223710	0.001006903808
223711	0.002935501655
223712	0.00200615959
223713	0.0003589790155
223714	0.0019277573
223715	0.001797609902
223716	0.002305275157
223717	0.001350443336
223718	0.004717409896
223719	0.0006774554591
223720	0.0002860412431
223721	0.001586427786
223722	0.001426537657
223723	0.005047373186
223724	0.001746269651
223725	0.001233447377
223726	0.005712002953
223727	0.004451018192
223728	0.004313110564
223729	0.002349477807
223730	0.002475808841
223731	0.001512023647
223732	0.001878748886
223733	0.0006271747205
223734	0.001104393264
223735	0.003791352147
223736	0.00299397475
223737	0.00101161358
223738	0.004702340513
223739	0.004515234179
223740	0.001361214492
223741	1.629121834e-05
223742	0.0004604943797
223743	0.002537970083
223744	0.0005148411186
223745	0.0007267203121
223746	0.0006155020618
223747	4.08841011e-06
223748	0.0001401266749
223749	0.002282947939
223750	0.0008142746238
223751	0.0004707272829
223752	4.091985853e-05
223753	0.002647593427
223754	0.001906788065
223755	0.00240347915
223756	0.0001685690665
223757	0.001681841204
223758	0.002017411982
223759	0.001899516747
223760	0.001922999284
223761	0.001191113748
223762	0.006919776033
223763	0.008311858192
223764	0.009611404567
223765	0.001995879775
223766	0.005417004998
223767	0.002767772237
223768	0.006224957277
223769	0.006919009173
223770	0.007319380588
223771	0.004294357192
223772	0.0006934022168
223773	0.00679830268
223774	0.003199967573
223775	0.005395465327
223776	0.003164405279
223777	0.005581249739
223778	0.005442759035
223779	0.005015776275
223780	0.001301885198
223781	0.005910500938
223782	0.002538110655
223783	0.002469372905
223784	0.005676642471
223785	0.001611439399
223786	0.0005395138369
223787	0.002938055785
223788	0.002478714155
223789	0.006523130283
223790	0.004187103727
223791	0.002606085692
223792	0.002328867865
223793	0.001264391467
223794	0.006927081043
223795	0.001003089428
223796	0.003299028294
223797	0.004424211501
223798	0.001085330248
223799	0.0002246548826
223800	0.00049738362
223801	0.0001812676216
223802	0.0001534088864
223803	0.0001366836339
223804	0.0001055297752
223805	0.0002193894168
223806	0.0002368725291
223807	0.0006779062036
223808	0.0002054761596
223809	0.002330687032
223810	3.743254904e-05
223811	0.0001354974538
223812	0.006367040006
223813	0.001946350335
223814	0.002239253083
223815	0.0004899141073
223816	0.0001260645776
223817	0.001808343406
223818	0.001305296062
223819	0.003009483784
223820	0.001418937923
223821	0.00378669658
223822	1.139476024e-05
223823	0.0002751467108
223824	0.0002754969238
223825	5.2828237e-05
223826	0.0001851906229
223827	0.0004554815893
223828	0.000551355756
223829	0.0009369697919
223830	3.797291094e-05
223831	0.001913042892
223832	0.001192420723
223833	7.430701574e-05
223834	0.003431438505
223835	0.0003788224313
223836	0.000595772936
223837	0.0009593765228
223838	0.001256289065
223839	0.0002771701953
223840	0.00099320349
223841	0.00200364183
223842	0.000473837943
223843	0.001201678235
223844	0.001320662057
223845	0.003421040238
223846	0
223847	0.003132122262
223848	2.222962033e-05
223849	0.001910798507
223850	0.0003022681604
223851	0.004403685351
223852	0.001917821686
223853	0.006251838834
223854	0.002122387036
223855	0.001373307338
223856	0.0002669404122
223857	0.002161076231
223858	0.0004666184579
223859	0.002589109223
223860	9.991635639e-05
223861	0.002218408908
223862	0.001280066655
223863	1.422606527e-05
223864	0.0003428179677
223865	0.0003745986627
223866	0.004519495662
223867	0.001537605335
223868	0.0005663657847
223869	0.004804050869
223870	0.0009388742677
223871	0.003816313231
223872	0.0006905004165
223873	0.003139698474
223874	0.002086245256
223875	5.914799318e-05
223876	0.0005447097832
223877	0.002232559242
223878	0.00327241091
223879	0.000641681608
223880	0.001666379959
223881	0.0009773257235
223882	0.0007400101956
223883	0.002559458132
223884	0.001811034481
223885	0.001254446895
223886	0.0009898708053
223887	0.0004811423811
223888	0.001048877388
223889	0.0007518880038
223890	0.000980920024
223891	0.00109147698
223892	0.003440419096
223893	0.0002575359497
223894	0.001427189112
223895	0.0002619147308
223896	0.0006384225571
223897	0.001752476253
223898	0.0009183466773
223899	0.0009909120255
223900	0.0008728982694
223901	0.0002768122581
223902	0.000324512041
223903	0.000126300021
223904	0.0001014601568
223905	0.002294051905
223906	0.003781515463
223907	0.001642021366
223908	0.002047854608
223909	0.001776676412
223910	0.0003547372493
223911	0.0003566271606
223912	0.004080706032
223913	0.003118977283
223914	0.002966359461
223915	0.000884682916
223916	2.690885145e-07
223917	0.0003771338557
223918	0.003250489026
223919	0.0009171452748
223920	0.001900871398
223921	0.001640256341
223922	0.000225115456
223923	0.003663296929
223924	0.0001733065874
223925	0.002011516835
223926	0.003631054502
223927	0.0001613198251
223928	0.0007687669118
223929	0.0007619498949
223930	0.001342458575
223931	0.0006762739947
223932	0.00263502837
223933	0.0006685920028
223934	0.004407388959
223935	8.538402524e-05
223936	0.002394747589
223937	0.0007463465463
223938	0.002690463949
223939	0.0003912234073
223940	0.0005691033887
223941	0.0005673970747
223942	0.0002281447173
223943	0.001681026055
223944	0.0002530830092
223945	0.004383716125
223946	0.002150559637
223947	0.002513607127
223948	0.002588614521
223949	0.0003683936856
223950	0.001865133425
223951	0.001967590096
223952	0.001035658505
223953	0.0007416003039
223954	0.002580947627
223955	0.002335282636
223956	0.0009903393546
223957	0.002207455051
223958	0.002506965014
223959	0.0005438730493
223960	0.003105915933
223961	0.0009336861574
223962	0.001885849966
223963	0.002699952682
223964	0.0007804071568
223965	0.00144671921
223966	7.364458495e-05
223967	0.002380842104
223968	0.0007903811548
223969	0.001977849949
223970	0.001902219866
223971	0.001063997274
223972	0.0007212978504
223973	0.0006340177358
223974	0.0004935785389
223975	0.0004552797045
223976	0.0003988817621
223977	0.001900272884
223978	8.65386759e-05
223979	0.001154040784
223980	0.001041628719
223981	0.00147936135
223982	0.0007143826094
223983	0.0003939505052
223984	0.000245534591
223985	0.0009423743838
223986	0.000377437558
223987	0.0001065259889
223988	0.0002567257225
223989	0.0002962510581
223990	0.001848363572
223991	0.0007930179989
223992	7.724407042e-05
223993	0.002527558797
223994	0.001622779135
223995	0.0004793575209
223996	0.0001189985466
223997	0.001252240896
223998	0.0009963597952
223999	0.0002196589209
224000	0.0005508694703
224001	0.0006587696376
224002	0.001302461914
224003	0.0001461613653
224004	0.001781700144
224005	0.0007853140915
224006	0.003276146236
224007	0.002284839257
224008	0.002619854556
224009	0.00219310713
224010	0.002674630534
224011	0.001337451936
224012	0.0009875257487
224013	0.001144220534
224014	0.002763161472
224015	0.0006283767544
224016	0.0008610893761
224017	0.002407224163
224018	0.0007349312856
224019	0.001556517418
224020	0.0008193629917
224021	0.0006140999791
224022	8.111677864e-05
224023	0.000128180553
224024	0.0002599832263
224025	0.004245465949
224026	0.0005258641184
224027	0.0001982523791
224028	0.001751892063
224029	0.002271066482
224030	0.0007226520004
224031	0.0005771045601
224032	0.0002608996692
224033	0.0005746101614
224034	0.001814610194
224035	0.0004829669972
224036	0.001087992688
224037	0.001619509312
224038	0.001177824344
224039	0.0006929431068
224040	0.0002900117192
224041	0.001909204198
224042	0.001046047551
224043	0.0005476465754
224044	0.004985504059
224045	0.002626500166
224046	0.0007902325063
224047	0.0002573791169
224048	0.0002929755414
224049	0.0004126079026
224050	0.002947502933
224051	0.001678219487
224052	0.004983289864
224053	0.0009467006451
224054	0.0005699205655
224055	0.001003968845
224056	0.0001902690432
224057	0.0009886569085
224058	8.988454113e-05
224059	3.326103738e-05
224060	0.006844891481
224061	0.001236753063
224062	0.000219738453
224063	0.002480561813
224064	0.0003022946862
224065	0.0009598319461
224066	0.0007542127976
224067	0.0005017515556
224068	9.020615151e-05
224069	0.0005252520049
224070	0.0002709093158
224071	0.0002004266154
224072	0.0007723008534
224073	0.001320346161
224074	0.000138842349
224075	0.0003398861101
224076	0.001870606403
224077	0.0002047419195
224078	0.001415787409
224079	0.0001220039312
224080	0.0004730255017
224081	0.006758514452
224082	0.001698629207
224083	0.001570920159
224084	0.0003129368601
224085	6.681553266e-05
224086	0.01011708615
224087	0.0002896704653
224088	0.0007334642988
224089	0.004188062219
224090	0.001531449455
224091	0.001927584327
224092	0.0009247899167
224093	0.0008036592198
224094	0.002441100756
224095	0.005284942659
224096	0.002552135786
224097	0.001362601147
224098	0.003547089511
224099	0.0003931371556
224100	0.003312601112
224101	1.019629325e-05
224102	0.0003828250534
224103	0.001446274031
224104	0.001477687964
224105	1.365919595e-05
224106	0.000230397036
224107	0.0009220151477
224108	0.001018687959
224109	0.0001635398847
224110	0.001249166469
224111	0.001425533769
224112	0.003948096956
224113	0.0009590135086
224114	0.0002368944698
224115	0.001479337077
224116	0.001688344224
224117	0.0001885134838
224118	0.0007776244181
224119	0.004133814673
224120	2.029051965e-05
224121	0.002788189404
224122	0.005765738116
224123	0.005155159844
224124	0.0009423817846
224125	0.0007953545074
224126	0.004882555392
224127	0.0001463479781
224128	0.0002341091827
224129	0.002496744231
224130	0.0005625964244
224131	0.002290919681
224132	0.0002007068576
224133	0.0001863964153
224134	0.001394523964
224135	0.004846696221
224136	0.002867114685
224137	0.001733443271
224138	0.002252539757
224139	0.007408061313
224140	0.001257197099
224141	0.0002381211977
224142	0.00233413306
224143	0.0001757232855
224144	0.0008799387911
224145	0.001278737494
224146	0.0009459374533
224147	0.0008995083758
224148	0.002092535209
224149	0.001678910287
224150	0.001410576229
224151	0.0007076061546
224152	0.002316424793
224153	0.0003972818149
224154	0.002697485254
224155	0.003059178919
224156	0.005400759077
224157	0.002468743548
224158	0.001775556518
224159	0.003487191895
224160	0.003767802054
224161	0.003015095185
224162	0.002279143283
224163	0.0003118904675
224164	0.004497178366
224165	0.0003293964027
224166	0.002513517979
224167	0.004373493925
224168	6.70042745e-06
224169	0.004273779506
224170	0.001757094131
224171	0.0009362453864
224172	0.001486607306
224173	2.613956603e-05
224174	0.004315682685
224175	0.001982966792
224176	0.0005452162864
224177	0.0004813933983
224178	0.002954153801
224179	0.0006509687215
224180	0.0006575321722
224181	0.001721922769
224182	0.001112451629
224183	0.003977587906
224184	0.002023888458
224185	0.001250391476
224186	0.0002859203751
224187	0.001253500386
224188	0.0005984572102
224189	3.662599533e-05
224190	0.001661863277
224191	0.001069614773
224192	0.0003113441979
224193	0.00399856859
224194	0.001190510861
224195	0.003285008027
224196	0.006403390896
224197	0.002375152395
224198	0.005087459511
224199	0.0006760066547
224200	0.002788595816
224201	0.004534798122
224202	0.002968383267
224203	0.0005683747694
224204	0.0018373177
224205	0.002538099305
224206	0.002874160927
224207	0.0006603388102
224208	0.0001727632955
224209	0.00361780111
224210	0.002393429278
224211	0.0003209934176
224212	0.001566979652
224213	0.0006733544795
224214	0.005639351245
224215	0.001863331083
224216	0.001051670427
224217	0.001235174625
224218	0.004484081454
224219	0.004215646832
224220	0.002398649715
224221	0.006216471554
224222	0.0008392855616
224223	0.001750394537
224224	0.002070740707
224225	0.004935982022
224226	5.428485494e-05
224227	0.001328953948
224228	0.001847257727
224229	0.0006154080768
224230	0.00235779804
224231	0.002446894248
224232	0.002449002552
224233	0.004226837799
224234	0.0002163125328
224235	0.0001895831051
224236	0.007440455868
224237	0.007924758438
224238	0.0003841046749
224239	0.00320042907
224240	0.004075798082
224241	0.001825849842
224242	0.0009294472073
224243	0.0003714458802
224244	0.002211952147
224245	0.002909539478
224246	0.00191845712
224247	0.00186849553
224248	0.00155616957
224249	0.000669915784
224250	0.001664568041
224251	0.0007337496643
224252	0.0003706629769
224253	0.000438551468
224254	0.001894367922
224255	0.0009323474318
224256	0.0006830893466
224257	0.0001746782949
224258	0.004843223435
224259	0.004591057124
224260	0.0003064532978
224261	0.001016715101
224262	0.002870994799
224263	0.0008739873053
224264	0.006021367858
224265	0.003822487228
224266	0.004027067924
224267	0.002814144918
224268	0.00199352717
224269	0.005053434609
224270	0.003022527063
224271	0.0009034775877
224272	0.002913714124
224273	0.001775240651
224274	0.001195570289
224275	0.008556786818
224276	0.004284911633
224277	0.002963899658
224278	0.001199118941
224279	0.0009134121303
224280	0.0008391517283
224281	0.001989785661
224282	4.491697648e-05
224283	0.000860253201
224284	0.001284240167
224285	0.0004513029853
224286	0.002645556522
224287	0.001135474615
224288	0.002929484121
224289	0.005291290503
224290	0.0002570513505
224291	0.002197509195
224292	0.0005402230539
224293	0.003235818263
224294	0.003923254905
224295	0.001750494591
224296	0.0002453218874
224297	0.001348965508
224298	0.001556560603
224299	0.003125295169
224300	0.00137175878
224301	0.0008261836047
224302	0.003449915973
224303	0.002907188075
224304	0.002591318167
224305	0.0007331143081
224306	0.0006761892498
224307	0.0001520872099
224308	0.001269599569
224309	0.002419174428
224310	0.0001787659874
224311	0.0004632320755
224312	0.001041625368
224313	0.0003811827138
224314	0.003813131431
224315	0.00381210866
224316	0.001801392398
224317	0.0002048855986
224318	0.003456266958
224319	0.003911658772
224320	0.0004033874589
224321	0.004660368208
224322	0.003781878742
224323	0.004904424769
224324	0.0001798862229
224325	0.001140217936
224326	0.002875644991
224327	0.004573691476
224328	0.0001083407829
224329	0.000349442583
224330	0.001751945073
224331	0.0004686131204
224332	0.002976049913
224333	0.00490451847
224334	0.004944447053
224335	0.0004163161029
224336	0.001253363905
224337	0.002909025949
224338	0.0014587873
224339	0.0004520442882
224340	0.005529852716
224341	0.001450600072
224342	0.0004433002171
224343	0.001083310371
224344	0.0007182844237
224345	0.001729943762
224346	0.006357211623
224347	0.0008176716488
224348	0.0002755326829
224349	0.001306540391
224350	0.0008154478109
224351	0.0003320681927
224352	0.001832635553
224353	0.001072461665
224354	0.0005110618116
224355	0.0005533559431
224356	0.002079107062
224357	0.0009425782486
224358	0.001145438437
224359	0.001896225387
224360	0.001300910887
224361	0.0006028523725
224362	0.002327938474
224363	0.0001908253787
224364	0.0009144436822
224365	0.001518867474
224366	0.002990985317
224367	0.0004768024407
224368	0.004452611711
224369	0.002866851767
224370	0.002347062433
224371	0.003791394497
224372	0.000189002287
224373	0.003065379618
224374	0.002823026632
224375	0.0009702817716
224376	0.0006479581112
224377	0.0001194565715
224378	0.002240235889
224379	3.862768434e-05
224380	0.001611444228
224381	0.001656238135
224382	0.003602548149
224383	0.0008756317145
224384	0.00044951814
224385	0.0001344867844
224386	0.0002102094979
224387	0.002825965796
224388	0.002177516788
224389	0.0002025461536
224390	0.002778412429
224391	0.009557740559
224392	0.0002985609008
224393	0.0005103083341
224394	0.001377614101
224395	0.002487725808
224396	0.0008906038003
224397	2.645354158e-05
224398	0.001374643228
224399	5.606829425e-05
224400	0.0005737458601
224401	0.0002347592651
224402	0.002472836054
224403	0.002544572421
224404	0.001332843285
224405	0.004503085677
224406	0.0003899009329
224407	0.002417013651
224408	0.002076913815
224409	0.003808746199
224410	0.002243869705
224411	0.002166372781
224412	0.001970974313
224413	0.001070879597
224414	0.0004359370128
224415	0.002524510234
224416	0.001184288931
224417	0.0008663393205
224418	0.002196071065
224419	0.003970901211
224420	0.003791528751
224421	0.001243887441
224422	0.001825795834
224423	0.001434050541
224424	0.0009122140175
224425	0.002330833479
224426	0.003655752583
224427	0.001224872006
224428	0.0008153523571
224429	0.002789063477
224430	0.001373721238
224431	0.002375197535
224432	0.001903256103
224433	0.004481012012
224434	0.002098945784
224435	0.001070688798
224436	0.002325256724
224437	0.0001027184505
224438	0.001454827208
224439	0.002364861716
224440	0.002718979775
224441	0.003617829199
224442	0.001278729375
224443	0.0001217495775
224444	0.0002874513019
224445	0.006205176106
224446	0.002707979482
224447	0.002238490561
224448	0.0003314090204
224449	0.001897910868
224450	0.003546424275
224451	0.006933717835
224452	0.001435366098
224453	0.0008653534444
224454	0.0003043787317
224455	0.002086293727
224456	0.002326492065
224457	0.002122594114
224458	0.001240529893
224459	0.001662600964
224460	0.0006712034718
224461	0.0005680676928
224462	0.001422543327
224463	0.001106850709
224464	0.0008036524296
224465	0.001431019644
224466	0.001901198405
224467	5.423001214e-05
224468	0.001870953786
224469	0.0002534375063
224470	0.001230828849
224471	0.003628718504
224472	0.004937294499
224473	0.003595914357
224474	4.077436967e-05
224475	0.001111731122
224476	0.0004320767092
224477	0.0009838183093
224478	0.001556678308
224479	0.002979521839
224480	0.002946432323
224481	0.002478020222
224482	0.002113760589
224483	0.000183726252
224484	0.0004453451439
224485	0.0001568372437
224486	0.0001352175438
224487	0.0003160482762
224488	0.001250739751
224489	0.0001569357104
224490	0.001165669702
224491	0.003346855235
224492	0.0003302743626
224493	0.0002079453256
224494	0.003085886343
224495	0.000596382563
224496	0.002451051499
224497	0.001593586266
224498	0.001677982815
224499	0.003556152686
224500	0.001909705181
224501	2.660891501e-05
224502	0.003781170577
224503	0.002362144029
224504	0.002593206161
224505	0.001653144797
224506	0.003015224206
224507	0.0008986115554
224508	0.002475843412
224509	0.0004758463758
224510	0.001576649599
224511	0.001209265231
224512	0.001291455251
224513	0.003834116909
224514	0.001692412519
224515	0.002549977682
224516	0.0008989511712
224517	0.001931619059
224518	0.0001122900694
224519	0.0019069672
224520	0.003227170297
224521	0.0001809910363
224522	0.003027417018
224523	0.0004964790425
224524	0.0002975430433
224525	0.002806778252
224526	0.0008764105682
224527	0.001719068951
224528	0.002318744614
224529	0.001328675421
224530	0.0003416972604
224531	0.002067199659
224532	0.00127207363
224533	0.000306138753
224534	0.0011153693
224535	0.000931459919
224536	0.0008978552079
224537	0.0008551061009
224538	0.002828182479
224539	0.0001812967837
224540	0.0002312387258
224541	0.0003357079858
224542	0.0003741560628
224543	0.001693205578
224544	0.0002930672939
224545	0.005756623013
224546	0.001247580747
224547	0.004691204002
224548	0.001012401124
224549	0.0008226924472
224550	0.001280818458
224551	0.003861924935
224552	0.001729807329
224553	0.001216754581
224554	0.001621748743
224555	0.0007285128391
224556	0.0005518936448
224557	0.003451991568
224558	0.001396196322
224559	0.0007170568437
224560	0.0002950104699
224561	0.003261323433
224562	0.001532262419
224563	0.001108490243
224564	0.003063352432
224565	0.0005549108365
224566	0.004527863617
224567	0.0005747141649
224568	0.001622355484
224569	0.002108980244
224570	0.001224239707
224571	0.002329078512
224572	0.001446079748
224573	0.0007430496561
224574	0.002949787985
224575	0.000575450908
224576	0.003468806368
224577	0.001233257665
224578	0.006313852316
224579	0.003973879698
224580	0.0004588659377
224581	0.00178073896
224582	0.0001838504918
224583	0.001410647528
224584	0.00520651252
224585	0.0003660651164
224586	0.0009660393545
224587	0.0005419739081
224588	0.003493119452
224589	0.003931621585
224590	0.003725292164
224591	0.0009346925747
224592	0.0004467327106
224593	0.0002840094454
224594	0.0002044182682
224595	0.0002636202985
224596	0.001194201792
224597	0.0001269130565
224598	0.001781564547
224599	0.002533229891
224600	7.114325149e-05
224601	0.0002927844828
224602	0.0005119473685
224603	0.003232105064
224604	0.0002430650356
224605	0.004658837815
224606	0.000116527483
224607	0.0002107788629
224608	0.002817555698
224609	0.001083988791
224610	0.001130399251
224611	4.074555442e-06
224612	0.001063602228
224613	0.001419219577
224614	0.0005226044089
224615	0.0006044066102
224616	0.001513652857
224617	0.001663684069
224618	0.00417915555
224619	0.001257287441
224620	0.0001421498159
224621	0.002880529064
224622	0.001562667308
224623	0.001350125428
224624	0.001985627102
224625	0.0005671681634
224626	0.001614517897
224627	0.0008129349884
224628	0.002839955823
224629	0.0003943020206
224630	0.003477376529
224631	0.0003482579491
224632	0.0006055774276
224633	0.0007380607691
224634	0.002236659127
224635	0.004000174238
224636	0.001094622627
224637	0.0003354010544
224638	0.0002065168379
224639	0.001166229884
224640	0.001928412529
224641	0.001023396292
224642	0.0006395593925
224643	0.0004527712301
224644	0.0002276323106
224645	0.002041647485
224646	0.0006046655257
224647	0.0007904962622
224648	0.0005341109772
224649	0.0007882621257
224650	0.0001297988837
224651	0.001643944324
224652	0.001327251833
224653	0.001853281522
224654	0.003191496215
224655	0.00199020751
224656	0.0009956801599
224657	0.0006917864354
224658	0.008318097856
224659	0.0003447760285
224660	0.002734766897
224661	0.0001710801931
224662	0.003317867971
224663	0.0007687335668
224664	0.0004501626084
224665	0.0005799514688
224666	0.0005763830378
224667	0.0008131684057
224668	0.000351764656
224669	0.0001696897135
224670	0.0008742004052
224671	5.295182051e-05
224672	0.0004929714256
224673	0.0003546223583
224674	7.954682854e-05
224675	0.0002295448648
224676	0.0002855399859
224677	0.0001690878541
224678	0.000325387427
224679	6.340469173e-05
224680	0.0002186232046
224681	0.001120092807
224682	0.005013813672
224683	0.0003217405075
224684	4.524107866e-05
224685	0.0003439679261
224686	0.001843260429
224687	0.002726599032
224688	0.003517642088
224689	0.0001221100827
224690	1.022347488e-05
224691	0.003806089252
224692	3.629028461e-05
224693	0.0001236425449
224694	0.0004226078519
224695	0.001945562976
224696	6.504376186e-05
224697	0.001369071433
224698	9.768377711e-05
224699	0.0006327926256
224700	0.0003961677724
224701	0.0008495235746
224702	0.002668260432
224703	0.002129783689
224704	0.0003365658443
224705	0.004224021899
224706	0.0006791262341
224707	0.0009072489574
224708	0.002934633658
224709	0.006266286388
224710	0.002208567306
224711	0.0005151011729
224712	0.000360443457
224713	0.0001688426273
224714	0.0006646647214
224715	0.0001793195845
224716	0.0005483935327
224717	0.0001465996876
224718	0.000248004679
224719	0.0002528881878
224720	0.000706326171
224721	0.002394167651
224722	0.0005623048218
224723	0.001826172784
224724	0.00179667291
224725	9.334603398e-05
224726	0.001886515274
224727	0.001841525656
224728	0.001731161445
224729	0.001133627461
224730	0.001338091352
224731	0.0006013635267
224732	0.0004596844927
224733	0.000569654125
224734	0.0003041866299
224735	0.001185549504
224736	0.001000137788
224737	0.0005416873154
224738	0.0001610179153
224739	0.0006660182978
224740	0.0005864097965
224741	0.001190773427
224742	0.0002734527913
224743	4.75713589e-05
224744	0.0004388039748
224745	0.001057643821
224746	0.0004490098127
224747	0.001651618992
224748	0.0001660662638
224749	4.471892281e-05
224750	0.0009474222593
224751	0.001024268741
224752	0.0004238425403
224753	0.0006232070618
224754	0.000527540021
224755	0.001277169011
224756	0.002451430714
224757	0.0004515702739
224758	0.0005307886101
224759	0.0003779748645
224760	0.0004938842876
224761	0.001876101236
224762	0.0008221591605
224763	0.0004270222786
224764	0.0003054539624
224765	0.001167927949
224766	0.0009279879909
224767	0.0007015331283
224768	0.0006090707136
224769	0.003587774169
224770	0.0009179285868
224771	0.002155729492
224772	0.003913226367
224773	0.002866374519
224774	0.000868033539
224775	0.002305818998
224776	0.0001564390836
224777	0.002035336676
224778	0.004395878951
224779	0.002674662221
224780	0.001409784971
224781	0.004400673456
224782	0.002240047388
224783	0.002272864799
224784	0.001313646558
224785	0.00106245359
224786	0.0001813625177
224787	0.0007724713402
224788	0.001903990622
224789	0.001230648529
224790	0.002402764631
224791	0.003244173322
224792	4.210349002e-08
224793	0.0003568455463
224794	0.0004994839109
224795	0.002089789839
224796	0.001607778241
224797	0.0003677567928
224798	0.001548454816
224799	0.0002786330377
224800	6.549431837e-08
224801	0.002902208617
224802	2.639000173e-07
224803	0.004329329998
224804	5.652850978e-05
224805	0.001160895756
224806	0.002040816207
224807	0.0001644458784
224808	0.0001460215978
224809	0.000354218727
224810	0.0002118899994
224811	0.000147131984
224812	0.0001680291964
224813	0.003997042495
224814	4.624914932e-05
224815	1.200792116e-06
224816	0.0001490306341
224817	0.0001888559342
224818	0.001452910604
224819	2.192297317e-05
224820	2.453751272e-05
224821	0.0001725137472
224822	0.0007873762105
224823	0.003830797584
224824	0.0006552545889
224825	0.0003596095584
224826	0.0002597035275
224827	0.0001732109164
224828	9.954590361e-05
224829	0.001464642372
224830	0.0003030032561
224831	0.000158387491
224832	0.0001906415284
224833	0.000150001103
224834	0.0002133416405
224835	0.0003947470107
224836	0.0002249858317
224837	0.0001544570474
224838	0.0003130061528
224839	0.0002141830497
224840	0.0009656249977
224841	0.00181275746
224842	0.0001920459088
224843	0.001601786128
224844	0.0001547084845
224845	0.0005076429792
224846	9.651725416e-05
224847	3.287546373e-05
224848	0.0002648280661
224849	3.582259973e-05
224850	3.314684186e-05
224851	0.0002179483945
224852	0.0003758824831
224853	0.004498920537
224854	9.868746357e-05
224855	0.001439167881
224856	6.425660806e-05
224857	8.377069525e-05
224858	0.001696302567
224859	6.110561236e-05
224860	0.0001285915038
224861	3.877320872e-06
224862	0.003962808373
224863	0.0001737439901
224864	0.003337188887
224865	0.0001080913805
224866	0.003425292502
224867	3.064521927e-05
224868	0.0006730657254
224869	0.0005511303862
224870	0.0006143683209
224871	0.003236748406
224872	0.000466885791
224873	0.00113365811
224874	0.003858826808
224875	0.0001910535229
224876	0.0001734113487
224877	0.003600525647
224878	0.0015950231
224879	0.002490376112
224880	0.005042601975
224881	0.001377439252
224882	0.006006352698
224883	0.0046627672
224884	0.003218725625
224885	0.002100176736
224886	0.00285721317
224887	0.002256592798
224888	0.001612688931
224889	0.001750916025
224890	0.001721908602
224891	2.999837307e-05
224892	0.002027361499
224893	0.0001755552253
224894	0.001440833441
224895	0.002057286191
224896	0.004549485415
224897	0.00292126032
224898	0.0001904088539
224899	0.001276736647
224900	0.003225146487
224901	0.0003653198713
224902	0.005637431924
224903	0.006611459073
224904	0.001614042813
224905	0.0002483886092
224906	0.0008662443036
224907	0.0001841626699
224908	0.0005705589493
224909	0.001599063847
224910	0.0002389245298
224911	0.001904149679
224912	0.002190665706
224913	0.007016820373
224914	0.0005565270287
224915	0.0006974962817
224916	0.003263383335
224917	0.0002786010031
224918	0.0003450947348
224919	0.004344561047
224920	0.001486435881
224921	2.200798565e-05
224922	0.0001273653404
224923	0.0006296730074
224924	0.001498378052
224925	0.000738642468
224926	0.001396620916
224927	0.0006982242769
224928	0.0002519107709
224929	0.0004324634812
224930	0.0003747555133
224931	0.0003595704214
224932	0.0008156737917
224933	8.207393108e-06
224934	0.001070579807
224935	0.0003160025443
224936	0.0004672927573
224937	0.00270680979
224938	0.0008593810941
224939	0.0006104158394
224940	0.000266131928
224941	0.0007862696639
224942	0.0003914322959
224943	0.0002110893727
224944	0.0001827437751
224945	0.0004118942339
224946	0.0004858035782
224947	0.003178210635
224948	0.0002156446165
224949	0.0006089974744
224950	0.0002838511953
224951	0.001832826275
224952	0.000674721281
224953	0.001484509689
224954	0.0002788606193
224955	0.0002610001714
224956	2.632187741e-05
224957	0.001557302587
224958	0.0004737601899
224959	0.000452988335
224960	0.00130822951
224961	0.0007289613773
224962	0.0007714093105
224963	0.0003708483158
224964	0.000921094735
224965	0.001490646179
224966	2.254499208e-06
224967	0.000645942056
224968	0.0004098655353
224969	0.0005420805644
224970	0.001041373676
224971	0.0003673837945
224972	0.0001904217411
224973	0.000499922441
224974	3.521151032e-05
224975	0.0004475355929
224976	0.0001654713775
224977	0.0004309813956
224978	0.0003995545477
224979	0.0001937122823
224980	0.0009022150379
224981	0.00141238426
224982	0.0007774761633
224983	0.0006844370517
224984	0.0004715799337
224985	0.0003434466178
224986	0.0003528947406
224987	0.0007052677093
224988	0.0002162859589
224989	2.982415568e-05
224990	7.679129496e-05
224991	0.0007251653687
224992	0.0003676411384
224993	0.000184710676
224994	0.0003233393841
224995	0.0006895488093
224996	0.001345869428
224997	0.00048281996
224998	2.483128921e-05
224999	0.001603298525
225000	0.0005689424801
225001	0.0008697631006
225002	0.0006506272086
225003	0.003115283233
225004	0.0004450961423
225005	0.0002321408698
225006	0.0008915933701
225007	0.0004329812251
225008	0.0008189922818
225009	4.525405251e-05
225010	0.001272156193
225011	0.0005252434553
225012	0.0003972549231
225013	0.002656011248
225014	0.0003151685458
225015	0.0005020185362
225016	0.00110233746
225017	3.871816884e-05
225018	0.0003635524569
225019	0.0007620610225
225020	0.0008710810324
225021	0.0005478593028
225022	0.000547260393
225023	2.245290459e-05
225024	0.000214968445
225025	0.0008258738346
225026	0.0008983004751
225027	0.0004936926014
225028	0.0002693448287
225029	0.0008901380682
225030	0.0006155247987
225031	0.0003769461472
225032	0.0002082889215
225033	0.001024934556
225034	0.0005828298833
225035	0.0001832802966
225036	0.0004533683305
225037	2.063105881e-05
225038	0.0004201797774
225039	0.0009803815407
225040	0.001274139879
225041	0.003092922343
225042	0.001137164679
225043	0.0008824817261
225044	0.0001791640459
225045	0.001038819189
225046	0.0005676833025
225047	0.0004879295912
225048	0.0002196036339
225049	0.0005114189903
225050	0.0004238718187
225051	0.0008057575189
225052	0.0008155484085
225053	0.0009482554885
225054	0.0008447177651
225055	0.0006992626691
225056	2.017057231e-05
225057	0.000463489923
225058	0.001166534955
225059	0.0008460812779
225060	0.001062691585
225061	0.0004699481162
225062	0.001219010387
225063	0.0006221155888
225064	1.243017591e-05
225065	0.0003874195687
225066	4.234978638e-05
225067	0.0002823472063
225068	0.0002185128016
225069	0.0001251643827
225070	0.0001892712288
225071	0.0004184289856
225072	9.531016014e-05
225073	0.0004307080264
225074	5.588067652e-05
225075	0.0002502433732
225076	0.0006181892638
225077	0.0001216229315
225078	0.0006996240788
225079	0.0002560914128
225080	0.0001057407689
225081	0.0009642024343
225082	0.000335299573
225083	0.0004524572138
225084	0.0008641203445
225085	0.0004670434852
225086	0.0008727910104
225087	0.0005768420527
225088	0.0001110683855
225089	0.0008341626831
225090	0.001712041576
225091	0.0002519367751
225092	0.0002883223933
225093	0.0007560551658
225094	0.0003964900108
225095	0.0008908341759
225096	0.001088641521
225097	0.0003733579631
225098	0.0001109391865
225099	0.0008975353
225100	0.0003152900431
225101	0.000504482139
225102	0.0004998764915
225103	0.0008029527357
225104	0.0006757942449
225105	0.0009285099012
225106	0.0001310097703
225107	0.0007432703886
225108	0.00096557798
225109	0.000509722109
225110	0.0006039245349
225111	0.0001003431852
225112	9.945772446e-05
225113	0.0003714071942
225114	0.000419608675
225115	0.0007205283094
225116	5.383598268e-06
225117	0.0006500559271
225118	0.0002259655949
225119	0.0004446693899
225120	0.0006843685479
225121	0.0001297282146
225122	0.0001552242713
225123	0.0005776597454
225124	0.000225935304
225125	0.000131493573
225126	0.001245339481
225127	1.624206592e-05
225128	0.0006465003317
225129	0.0002550476968
225130	4.297203903e-05
225131	0.0002359305508
225132	0.0001704577562
225133	0.0001224753316
225134	0.0001574712781
225135	0.0005562866585
225136	0.0002310913727
225137	0.0002810706565
225138	0.0001230007493
225139	0.001302941418
225140	0.0005119915715
225141	0.0003670738009
225142	0.0007629929352
225143	0.001393156065
225144	0.0004655849068
225145	0.0003604953668
225146	0.0004183493109
225147	0.0003062253814
225148	0.0004215331682
225149	0.0017476738
225150	0.0002684176471
225151	0.001561368447
225152	0.003271801476
225153	0.002129818123
225154	0.000151903333
225155	0.0007639484961
225156	1.874701952e-05
225157	0.001198853208
225158	0.002349940514
225159	0.001765422777
225160	0.0002506896804
225161	0.0003939076303
225162	0.000105926615
225163	0.0004209725327
225164	0.0001240233613
225165	0.0006781394629
225166	0.000494212416
225167	0.0005600225575
225168	0.000892424565
225169	0.00167999463
225170	0.0007043123507
225171	0.0008147936966
225172	0.003035820993
225173	0.0006863386848
225174	0.0002322585971
225175	0.0001968101722
225176	0.0003812261584
225177	0.0003525239349
225178	0.0006096095464
225179	0.002105731123
225180	0.0004578082962
225181	7.309937227e-05
225182	0.0002752865231
225183	0.0001124424464
225184	0.0004546434815
225185	0.0001488975563
225186	0.0003018097159
225187	0.0003493756588
225188	9.750500928e-05
225189	1.895483412e-05
225190	3.534657787e-05
225191	0.0002373857077
225192	0.001936348056
225193	0.001037120069
225194	0.000267451558
225195	0.00108437116
225196	0.004910972172
225197	0.0004736802205
225198	2.588760339e-05
225199	0.001285594657
225200	0.0006277105542
225201	0.0008855782878
225202	0.000342956258
225203	4.136411784e-05
225204	0.0005616769644
225205	0.002256480426
225206	0.0003619315076
225207	0.0008119364809
225208	0.0004506437638
225209	0.0005975351848
225210	0.0002609621648
225211	0.0002257940552
225212	0.0006255798266
225213	0.001044365207
225214	0.0005258657121
225215	7.310732908e-05
225216	0.000901422022
225217	0.0001259249712
225218	0.000688015574
225219	0.0004753657252
225220	0.001547413426
225221	0.0002004933639
225222	9.193795269e-05
225223	0.0009815301925
225224	0.0001667852311
225225	0.0004336665246
225226	0.0003341387832
225227	0.000196977797
225228	0.0008580374107
225229	0.0002539510837
225230	0.0008584953121
225231	0.0005901791294
225232	0.0001543575512
225233	0.0003968033332
225234	0.0003351596835
225235	0.0001655573908
225236	0.0001895018459
225237	6.102974456e-06
225238	5.535267163e-05
225239	0.0004459008778
225240	0.0003245538972
225241	5.504946055e-05
225242	2.760688315e-05
225243	0.0006298498019
225244	0.0005065305601
225245	0.001230148416
225246	0.0002613609646
225247	0.0002740091639
225248	0.0007283040349
225249	0.001300319694
225250	0.0006408292834
225251	3.733741556e-05
225252	0.001355330961
225253	3.042608474e-05
225254	0.000792489508
225255	0.0002003320604
225256	0.001158645547
225257	0.001012848577
225258	0.001209097365
225259	0.0005771708524
225260	0.0003614405047
225261	0.0009680731452
225262	2.361748764e-05
225263	6.374698001e-05
225264	0.00017343828
225265	0.001058162704
225266	0.001899675795
225267	0.0004626950978
225268	0.0009946267772
225269	0.0003321428274
225270	0.0004243212971
225271	0.0001987047922
225272	0.0008716607297
225273	0.0004908448858
225274	0.001031440616
225275	0.0004029943623
225276	0.0009019004674
225277	0.001736969779
225278	0.0012185765
225279	0.0007340907884
225280	0.0006508434299
225281	6.691723818e-05
225282	0.002339571048
225283	0.0007000411884
225284	0.0004071545479
225285	0.0004870176636
225286	0.001110245755
225287	0.000374918564
225288	0.0003269783064
225289	0.0006750607596
225290	0.0008897908901
225291	0.0004099705853
225292	0.000230710533
225293	3.091243891e-05
225294	0.001256735448
225295	0.0004548350806
225296	0.001579455463
225297	0.001728657658
225298	0.0006980322317
225299	4.066410328e-06
225300	0.0004938082148
225301	0.0002972319515
225302	0.0005113814946
225303	0.0004752618478
225304	0.0003247848274
225305	0.0003755042796
225306	0.0002667303042
225307	0.0003643943615
225308	1.090413685e-05
225309	0.001878822277
225310	0.0002090679304
225311	0.0003188688317
225312	0.0006406157046
225313	0.0002413813247
225314	0.0001463920125
225315	0.0001661108163
225316	0.000908390465
225317	0.0001030194792
225318	0.0007851697366
225319	0.0009164675325
225320	0.0004561922069
225321	0.0001645474728
225322	0.0001050654204
225323	0.0008488462054
225324	0.001287725669
225325	9.696808523e-05
225326	0.0005184162339
225327	0.0009942046574
225328	0.0001530728635
225329	0.0004015365196
225330	0.0005112164288
225331	0.0002814042573
225332	0.003539901437
225333	0.0004195413559
225334	0.0007994089166
225335	0.0004241069312
225336	0.0003115524111
225337	0.0003008714436
225338	0.0005049712734
225339	0.000114327025
225340	0.0005774515638
225341	7.782595053e-05
225342	0.0001358455855
225343	0.0002141478932
225344	0.0008678615002
225345	0.0004659438204
225346	0.001062579125
225347	0.0001355731265
225348	0.001146028373
225349	0.001258775709
225350	0.001063076569
225351	0.0006407940489
225352	0.0006208693083
225353	0.0004922787278
225354	0.0002490960395
225355	0.0002958611687
225356	0.0003918569206
225357	0.0005077377425
225358	0.0006727203422
225359	0.0001372547047
225360	0.001536322442
225361	0.0002876148504
225362	0.001248257664
225363	0.0002894752848
225364	0.0007404152277
225365	0.0004367569489
225366	0.0009478888182
225367	0.0003980886662
225368	0.0003570007368
225369	6.668070413e-05
225370	0.0005742703891
225371	0.0005915213714
225372	0.0007974365639
225373	0.0001817094727
225374	0.001233056901
225375	0.0002403855256
225376	0.0004354911515
225377	0.000288168162
225378	0.001000348399
225379	4.584686994e-05
225380	0.0002556717481
225381	0.000252041815
225382	5.652582487e-05
225383	0.0003239099216
225384	0.0001913187467
225385	0.0005119974026
225386	0.0005692105271
225387	0.001061069815
225388	0.0004317093543
225389	0.0006127988788
225390	0.0001096995076
225391	0.0004679400308
225392	0.0005432249549
225393	0.000113392806
225394	0.0007789962652
225395	0.000302182333
225396	0.0003841886824
225397	0.0003956767188
225398	0.0004598338062
225399	8.568091654e-05
225400	0.0002675223036
225401	0.0003482362043
225402	0.0002771216303
225403	0.0006673153892
225404	0.0001158095009
225405	0.0006960786092
225406	0.001022126927
225407	0.001116939648
225408	0.0009724520601
225409	0.0004557600971
225410	6.450827126e-05
225411	0.005020107932
225412	0.001121354742
225413	0.0005112444715
225414	2.373850042e-05
225415	2.770867018e-05
225416	0.0006691138739
225417	0.0004830125027
225418	0.0005612869006
225419	0.001121562785
225420	0.0004927990676
225421	0.0004253477096
225422	0.0007352532702
225423	0.0002699706781
225424	8.538652891e-05
225425	0.0002079521756
225426	0.001080106877
225427	0.0003085312535
225428	0.0007258076324
225429	0.0006212596043
225430	0.0004491731879
225431	0.001090910296
225432	0.0004601058043
225433	0.0009241696844
225434	0.001372777696
225435	0.0004602714469
225436	0.001107134509
225437	9.066495275e-05
225438	0.0002462183735
225439	9.548405263e-05
225440	2.968406576e-05
225441	0.0009069473191
225442	6.532598945e-05
225443	0.0009041936937
225444	9.864024067e-05
225445	0.0007890490403
225446	0.001507648315
225447	0.0005578375892
225448	0.0006105896047
225449	0.0007148846337
225450	0.0006393724586
225451	0.0004732825681
225452	0.0004111648412
225453	0.0009024436604
225454	0.0009493101501
225455	0.001122512776
225456	0.0002870267622
225457	0.0006728166736
225458	0.001017808299
225459	0.00031814146
225460	0.0004451769371
225461	0.0003860213084
225462	0.0008643482553
225463	6.003571683e-05
225464	0.0002501304499
225465	0.0009926578664
225466	0.0003655063418
225467	0.0005430455322
225468	2.518822658e-05
225469	8.58452618e-06
225470	0.0002883372419
225471	0.000212204718
225472	3.54690088e-05
225473	0.0006298000079
225474	1.120714142e-05
225475	0.0002004689173
225476	0.0008181453854
225477	0.002346982963
225478	0.00235440459
225479	0.0003288819403
225480	0.0001767500101
225481	0.0004943586258
225482	0.00120232563
225483	0.001584274952
225484	0.0003855912891
225485	0.001552439892
225486	0.001109937718
225487	0.001480062762
225488	0.004409331803
225489	0.0005150227589
225490	0.0002846958889
225491	0.0002169185311
225492	3.401608054e-05
225493	3.515258499e-05
225494	0.0002298358413
225495	0.0001141356961
225496	0.0006181429912
225497	0.0004341144977
225498	0.000252033845
225499	0.0004879792159
225500	0.0007203984302
225501	0.00105873545
225502	0.0009939752927
225503	0.0006573316367
225504	0.0002785288694
225505	0.0002776689862
225506	0.0001851952543
225507	0.0003085642233
225508	0.001029279199
225509	0.0009364671675
225510	0.0006717546261
225511	0.00049688949
225512	0.0005800886454
225513	0.0006862934769
225514	0.0009605848645
225515	0.0008772757621
225516	0.001792816967
225517	0.0006602750125
225518	0.001468740125
225519	0.0005715258563
225520	3.716085245e-05
225521	0.001320110934
225522	0.00134804353
225523	0.0005995697654
225524	0.0002627809759
225525	0.0001112680684
225526	0.000337727168
225527	0.0003309465704
225528	0.00127645779
225529	0.0008622300982
225530	0.0006894948
225531	0.0001663693334
225532	6.133709975e-05
225533	0.0001560249918
225534	0.0002209573493
225535	0.0004493546612
225536	0.002116104142
225537	0.001531693319
225538	0.0003768738067
225539	0.0003524255507
225540	0.0004445653506
225541	0.0005773090311
225542	0.0003182807156
225543	0.001023731678
225544	0.0001756543335
225545	0.0004745447659
225546	0.001249359943
225547	0.0005410729346
225548	0.0004153065093
225549	0.0009161483062
225550	5.296989546e-05
225551	3.54165053e-05
225552	0.0005574144289
225553	0.001310828385
225554	8.556145879e-05
225555	4.800045397e-05
225556	0.0003814502852
225557	0.0005034782085
225558	0.001788126742
225559	0.0005090584364
225560	0.0002954749915
225561	0.0002978985694
225562	2.862423507e-05
225563	0.000857408577
225564	5.900617003e-05
225565	0.0007078467942
225566	0.0003717911396
225567	0.0001241338247
225568	0.0007332042181
225569	0.0002908062604
225570	0.0006624307999
225571	0.0005569539595
225572	0.0008579559538
225573	0.0005100726211
225574	8.324529206e-05
225575	0.003266104754
225576	0.0003665334608
225577	0.002642663799
225578	0.0001723889654
225579	0.0008635010049
225580	0.0001247636713
225581	0.0006843581947
225582	0.001765701493
225583	4.686430045e-05
225584	0.002849572957
225585	0.0001808816721
225586	0.0009986686258
225587	0.0009562852619
225588	6.688331033e-05
225589	0.001026037702
225590	0.0004870215026
225591	0.0002645165481
225592	3.855176541e-05
225593	0.0004291159743
225594	0.0007937743537
225595	0.0001148847129
225596	2.501442861e-05
225597	0.0004567085732
225598	0.0003118934822
225599	0.0004280142675
225600	0.00133513364
225601	0.0001855291359
225602	0.001506408272
225603	0.0003642776684
225604	6.8440077e-05
225605	0.001938114159
225606	0.0003461148411
225607	0.0001735459258
225608	0.0009785579879
225609	0.001034953189
225610	0.005596398459
225611	8.931369835e-05
225612	0.0003288001143
225613	5.568858471e-05
225614	0.001062852812
225615	0.001410662179
225616	4.410018637e-05
225617	0.0003303659356
225618	0.0005185972293
225619	0.0004435498639
225620	0.0001239817173
225621	0.0001714712968
225622	7.360757039e-05
225623	0.0006865773141
225624	0.00493131973
225625	0.000838864948
225626	0.001264414959
225627	0.0003239633661
225628	0.000520885882
225629	0.0001893652947
225630	0.0002041404153
225631	0.0005672875908
225632	0.0001027785118
225633	0.001276283807
225634	0.001027335265
225635	2.711117768e-05
225636	0.000229319164
225637	0.0002148260447
225638	4.884041129e-05
225639	0.0005279247048
225640	0.0007765856417
225641	0.0005798077927
225642	0.001002603049
225643	0.0002089051846
225644	0.0005126111956
225645	0.000559443447
225646	0.0005706999058
225647	9.572337334e-06
225648	0.0006616592745
225649	4.485096912e-06
225650	0.001149359806
225651	0.0002997633883
225652	8.962965981e-05
225653	3.577199921e-05
225654	8.541044356e-05
225655	0.001500512011
225656	0.0003343746041
225657	0.0009373928993
225658	0.001186868368
225659	0.0006189511137
225660	0.0001997209821
225661	0.000117615207
225662	0.0001997593588
225663	3.989522626e-05
225664	0.0002285926791
225665	4.625465071e-05
225666	0.0005130868806
225667	0.0004350726565
225668	0.0005274139956
225669	0.001246162437
225670	0.0008332151648
225671	9.15543431e-05
225672	0.001553957124
225673	0.0004306115987
225674	0.0001505951003
225675	0.001211559179
225676	0.0003379148239
225677	0.0003999358782
225678	0.0007745747298
225679	0.001008660661
225680	0.0003258944529
225681	0.001531626858
225682	0.001510813983
225683	0.0003779153186
225684	0.001131213073
225685	0.0002521214707
225686	0.0004506933515
225687	0.0006612081735
225688	0.0009823928652
225689	1.862135158e-05
225690	4.122050059e-05
225691	6.543699286e-05
225692	0.0005843688562
225693	4.06312387e-05
225694	0.001726669058
225695	8.989369957e-05
225696	0.0008252441256
225697	0.0004626015199
225698	0.0004984214754
225699	0.0004644648447
225700	0.0002116992374
225701	0.0005555906328
225702	0.001208712351
225703	0.0009514650411
225704	0.0005427045065
225705	0.0004189423413
225706	0.003045912054
225707	0.0007534540245
225708	0.0001428539433
225709	0.0004118296382
225710	0.0006970564195
225711	0.000853824112
225712	0.0004683919999
225713	9.31582531e-06
225714	0.00108083012
225715	0.0003309309377
225716	0.0008147991284
225717	0.0004064274317
225718	0.0004170743174
225719	0.0003956813415
225720	0.0004336703426
225721	0.001038550308
225722	0.0009949487735
225723	0.0004585336867
225724	0.0002086098491
225725	0.0006193000257
225726	0.0002824546718
225727	0.0004039110246
225728	0.0001019936705
225729	5.322602391e-05
225730	0.001527508637
225731	0.0002582107905
225732	0.0007113573366
225733	0.0005382190123
225734	0.0001672724843
225735	0.002372102742
225736	1.722931155e-05
225737	6.108260332e-05
225738	7.857675172e-05
225739	0.0007815215556
225740	0.0007019464212
225741	0.0002929053444
225742	9.501400196e-05
225743	0.0006945933908
225744	0.0002753428226
225745	0.0008024844524
225746	0.0004579733029
225747	0.000717363883
225748	0.0002248555108
225749	0.0003249802718
225750	0.000265999367
225751	0.001524472964
225752	0.002208022876
225753	0.000617350743
225754	4.05534367e-05
225755	0.0006118292614
225756	0.0001488252929
225757	0.0002525600653
225758	0.0006760684951
225759	0.0006817022278
225760	0.000401445078
225761	0.0004207864231
225762	0.0001892252227
225763	0.001150069111
225764	0.0005007469914
225765	0.000498740824
225766	0.0004952152109
225767	0.0001296108803
225768	0.001157278784
225769	0.0003258986735
225770	0.0001665939909
225771	0.0001485712026
225772	0.001372005774
225773	0.001484062677
225774	0.0004858926739
225775	0.0008598649766
225776	0.0008190958133
225777	0.001272379584
225778	0.0004228238704
225779	2.63227503e-06
225780	0.0001194415229
225781	0.0002854442669
225782	0.0005944873068
225783	8.436654186e-05
225784	0.0004746509579
225785	0.0003038546296
225786	0.001060628547
225787	0.0001653933312
225788	0.0003451492584
225789	0.0002477462905
225790	0.001109540866
225791	0.0006412215476
225792	0.0003169658569
225793	0.0004122007484
225794	0.0004323187548
225795	0.0005444899581
225796	7.219819228e-05
225797	0.0008558884117
225798	0.0002491067864
225799	0.0007464181309
225800	0.0003545058308
225801	0.0001866648259
225802	0.0002723433208
225803	1.464388558e-05
225804	0.0009142341052
225805	0.0004470739706
225806	0.0004391016767
225807	0.000729922013
225808	0.000438565035
225809	0.0002880607233
225810	0.0002149767507
225811	0.0005008559019
225812	0.0002734612778
225813	0.0001362480513
225814	0.0008039768599
225815	0.001772562933
225816	0.0002845385113
225817	0.0003678799555
225818	0.0007927588352
225819	0.002056794073
225820	0.0007693361464
225821	0.0001389349316
225822	7.965748455e-05
225823	9.705003539e-05
225824	0.0005355944065
225825	0.0004385654226
225826	0.0006307349669
225827	0.0003147825905
225828	0.0003081431161
225829	0.001612012451
225830	0.0001793235863
225831	0.0001090393012
225832	0.0001966083364
225833	0.0002170018665
225834	0.0005822767282
225835	0.001920111458
225836	0.002911124067
225837	0.000494556805
225838	0.0007034572242
225839	0.0006451020367
225840	0.0008880354154
225841	0.0003317052935
225842	0.000606417677
225843	0.0005198078923
225844	0.001436347144
225845	0.0002278874816
225846	0.0006103879795
225847	0.0009458884856
225848	0.0003459606814
225849	0.000910056193
225850	0.0005799614335
225851	0.0007957937017
225852	0.0006052097701
225853	0.00136817381
225854	0.0004557870758
225855	0.0006715065944
225856	0.0005585398263
225857	0.0001502542002
225858	3.872656915e-06
225859	0.0001368482494
225860	0.0006876933931
225861	0.001675376546
225862	0.00117059752
225863	0.000849043241
225864	0.002620119129
225865	0.001104710143
225866	0.0004966454827
225867	9.136248558e-05
225868	7.570167806e-05
225869	6.030713138e-05
225870	0.001627477075
225871	0.0004547755895
225872	0.0003692563544
225873	0.0007959768334
225874	0.0007733604771
225875	0.001800914872
225876	0.0003536259422
225877	0.001307761928
225878	0.0007239498277
225879	3.424680399e-05
225880	0.0007899059047
225881	0.003830916013
225882	0.0005966620299
225883	0.001518770177
225884	0.0009514263836
225885	0.00134021137
225886	0.0003407836638
225887	0.0002452725844
225888	0.0009938733354
225889	0.0002521599401
225890	0.0002342709572
225891	0.0004707708055
225892	0.0004756326325
225893	0.003170408682
225894	0.002550171709
225895	0.003014023972
225896	0.001609767348
225897	0.0001554483533
225898	0.0001941621896
225899	7.466657373e-05
225900	0.0001248007275
225901	0.0001373547545
225902	0.0006785861547
225903	0.001022684682
225904	0.0002185504331
225905	0.005087180244
225906	0.001457948315
225907	0.0006204498429
225908	0.0005332588233
225909	0.0001162125299
225910	0.000240425933
225911	9.688052562e-05
225912	0.001201264285
225913	3.630958834e-05
225914	4.976310296e-05
225915	1.764932219e-05
225916	0.0003968512746
225917	0.0001520159206
225918	0.0004604442767
225919	0.001475912271
225920	0.0004732655486
225921	4.049105647e-05
225922	0.001024930012
225923	0.0004942774026
225924	0.0004552638806
225925	0.003755897924
225926	0.0003012520934
225927	0.0004732991233
225928	0.0003095298259
225929	0.0006043094051
225930	0.0004530615038
225931	0.0002974814947
225932	0.0001980096798
225933	0.0003757495917
225934	0.0003395878132
225935	0.0002154621945
225936	0.0004141965365
225937	0.0003371216658
225938	0.001878142042
225939	9.865073431e-05
225940	0.0004995837699
225941	8.688689514e-05
225942	0.0003413868816
225943	0.0001643561513
225944	0.0007784282365
225945	0.0002838277435
225946	0.0006897383554
225947	0.0009734336655
225948	0.0004244645287
225949	0.0006707053049
225950	0.0006922807681
225951	0.0002674753505
225952	0.0006342000798
225953	0.0006497467872
225954	0.000389159401
225955	0.001058430654
225956	0.0007850838758
225957	0.0005797541752
225958	0.0002850077117
225959	0.000165118886
225960	0.0002275284535
225961	0.0005883109883
225962	2.608069549e-05
225963	0.001135375892
225964	0.0004989778864
225965	7.780751741e-05
225966	0.0006082122602
225967	0.0002267482129
225968	4.57815635e-05
225969	0.0006273494222
225970	0.0005864116126
225971	0.0002910499721
225972	0.0006306327679
225973	8.57926108e-05
225974	0.0007875886936
225975	0.0003365971996
225976	0.0003430449293
225977	0.0006889948934
225978	0.0003094490939
225979	0.0007427176389
225980	0.0004417639964
225981	0.001611754226
225982	0.0003376122218
225983	0.0005403974406
225984	0.001178982102
225985	0.002191655225
225986	0.000978158361
225987	0.001387566371
225988	0.0001839159926
225989	9.115402599e-05
225990	0.0009133536982
225991	0.0004004519713
225992	0.000217464008
225993	0.0008289927719
225994	0.003067174869
225995	0.0002993227157
225996	0.005130118234
225997	0.0005346224784
225998	0.0006115029771
225999	0.0004508226306
226000	4.63431009e-05
226001	0.0004221422396
226002	0.0003464311295
226003	0.001005472317
226004	0.0009707258617
226005	0.0002284369801
226006	0.0006114073061
226007	0.00123193356
226008	0.0004086580642
226009	0.000601053027
226010	0.0001185073326
226011	9.185729652e-05
226012	0.001029771297
226013	0.0003315153211
226014	0.0002016830429
226015	0.0002216070861
226016	0.0006241721886
226017	0.0007091036491
226018	0.000322997284
226019	0.0004300453165
226020	0.001716633849
226021	7.175389593e-05
226022	0.0005441417237
226023	0.0004331062008
226024	0.0002899888209
226025	7.880419351e-05
226026	0.000329228623
226027	0.001322698509
226028	0.0007874033861
226029	0.000128312683
226030	8.808906724e-05
226031	0.0002435827185
226032	0.0001499725422
226033	0.001179306308
226034	0.000393110891
226035	2.393547625e-05
226036	0.000648953316
226037	0.0004569196177
226038	0.0009433622286
226039	0.000371084226
226040	0.0006760050525
226041	0.0003282477053
226042	0.0002441817057
226043	0.0002618372924
226044	0.0003466199897
226045	0.0009916985463
226046	0.0004784894258
226047	6.64269694e-05
226048	0.0001713070029
226049	0.0001482204462
226050	0.0007527412975
226051	7.471136415e-05
226052	0.0004560479848
226053	0.0002636095715
226054	0.0006812730621
226055	0.0001671843442
226056	0.0001764697721
226057	0.000621806499
226058	0.0005039055849
226059	0.0006623933599
226060	0.0008622005505
226061	0.0007083772332
226062	0.001170689907
226063	0.001774325411
226064	0.0008023156205
226065	0.0002095140398
226066	0.0004501386049
226067	0.0003950581752
226068	0.000470306441
226069	0.0002653066413
226070	0.0005091702163
226071	0.0002463708519
226072	0.001034224003
226073	1.892422013e-05
226074	0.000250948757
226075	0.0007152306107
226076	0.0005943715645
226077	0.0004117624457
226078	0.0004173915602
226079	0.0005441109982
226080	0.0005431546993
226081	0.0001351690693
226082	0.0003181479229
226083	0.0005073069826
226084	0.0001551277043
226085	0.001108812628
226086	0.0007895430519
226087	0.000639616591
226088	0.0002926701765
226089	0.0001909522654
226090	0.0001685308489
226091	0.0005011097507
226092	0.0002632364375
226093	0.0006172415626
226094	0.0003888686154
226095	0.0001754012954
226096	0.0009539921065
226097	0.0005235265577
226098	0.0003403288888
226099	0.0001824052404
226100	5.863928807e-05
226101	0.0004619501139
226102	0.0007508097894
226103	0.001960077181
226104	0.000742403814
226105	0.001237168639
226106	2.916017352e-05
226107	0.0002554431513
226108	9.322019218e-05
226109	0.000544018507
226110	0.0002851492507
226111	0.0008152454496
226112	0.0002742603259
226113	0.000284016516
226114	0.0002671624908
226115	0.0008111432051
226116	0.0006411046708
226117	0.000335598269
226118	0.0003478098214
226119	0.0002928637679
226120	0.0006944939119
226121	6.500259947e-05
226122	0.0002427631681
226123	0.0008126045393
226124	7.948502818e-05
226125	0.0006059154439
226126	0.0004604826004
226127	0.00227871155
226128	0.0004499156936
226129	0.000340513465
226130	0.000909934918
226131	0.0004776879426
226132	0.0004367815508
226133	0.0004045542238
226134	0.002303383198
226135	0.0003933286604
226136	0.0008909339168
226137	0.001395228923
226138	0.000530445113
226139	0.001648059781
226140	0.0001914520518
226141	0.0001810238341
226142	0.0002952923738
226143	0.001029308018
226144	8.837026469e-05
226145	0.0004476343401
226146	0.0002917404131
226147	0.0007538012653
226148	0.0008717906131
226149	4.016569092e-05
226150	0.000186903805
226151	0.001438675439
226152	0.0004712300188
226153	0.0006374337238
226154	0.0003681831921
226155	8.578636962e-07
226156	0.0003860390084
226157	0.0003403610037
226158	0.0004447873584
226159	0.001272560499
226160	0.0004400021118
226161	0.0002701224348
226162	0.0008493959391
226163	0.000345734771
226164	0.000165539104
226165	0.0008914284493
226166	0.0006222650744
226167	0.0007014520251
226168	0.0003516557471
226169	0.001379176857
226170	0.0001836991615
226171	0.0005614217337
226172	0.000237984322
226173	0.0004881755497
226174	0.0005465494252
226175	0.002526887482
226176	0.001064687246
226177	0.0002327534175
226178	0.000149524736
226179	0.0008106965899
226180	0.001450094594
226181	0.001366327811
226182	0.000821239806
226183	0.0003341703404
226184	0.0001349546997
226185	0.0002994812001
226186	0.0009999553388
226187	0.0004813889127
226188	0.0005114743362
226189	0.000244115495
226190	0.0004965170527
226191	0.001266266225
226192	3.770675955e-05
226193	0.0007108392901
226194	0.0002133891663
226195	0.0004644622969
226196	0.0004036159552
226197	0.0004955359413
226198	0.0003816210678
226199	0.0001309403248
226200	0.0001336969528
226201	0.0008082616984
226202	0.0001788237253
226203	0.0007644186061
226204	0.0002341417172
226205	0.0007674740255
226206	0.0004329307062
226207	0.0004287684915
226208	0.000227309495
226209	0.0003803831467
226210	0.002046533202
226211	8.612829334e-05
226212	0.0002165667867
226213	0.0001676094545
226214	0.0002987075792
226215	0.0003941262591
226216	0.0004096446442
226217	0.001041786741
226218	0.0001802000697
226219	0.000226391664
226220	0.000362103358
226221	7.3958906e-05
226222	0.001256039264
226223	0.001811071128
226224	0.001933046652
226225	0.0006619416082
226226	0.0009259407439
226227	0.0006022804697
226228	0.000337842416
226229	0.0004083363547
226230	0.0004690097688
226231	0.0009007356379
226232	0.000349836982
226233	8.577818998e-05
226234	0.0009868618803
226235	0.0002096499239
226236	0.0006926711671
226237	0.0005140844028
226238	0.0003269816586
226239	0.0001054271408
226240	0.003116505568
226241	0.0004195500835
226242	0.001316446903
226243	3.472374825e-05
226244	0.0001356796858
226245	0.002455251339
226246	0.0005208003626
226247	8.316558357e-05
226248	0.0008821253428
226249	0.0004910770935
226250	0.0006266050808
226251	0.0001588686001
226252	6.743965118e-05
226253	0.0001528890982
226254	0.00507811492
226255	0.0004032444353
226256	0.001234168765
226257	0.001402870671
226258	0.001022756696
226259	0.001489837836
226260	0.0006106414853
226261	0.001932098121
226262	0.0006581212287
226263	0.0005360640405
226264	0.0007688864212
226265	0.0005280769253
226266	0.000595263528
226267	0.0009579631564
226268	0.001545567406
226269	0.0006606268288
226270	0.0007449210473
226271	0.0003789971333
226272	0.0009368572822
226273	0.001149716273
226274	0.0002500786712
226275	0.00059510439
226276	6.207865147e-05
226277	0.002356698247
226278	0.001681666577
226279	0.0003672896311
226280	0.0002468859276
226281	0.001349327989
226282	0.0007187246489
226283	0.0005480120786
226284	0.001053860446
226285	0.0009330347079
226286	0.000155944544
226287	0.0004995984949
226288	4.738709327e-05
226289	0.001010080697
226290	3.812174938e-05
226291	0.0002699178507
226292	0.0002305708456
226293	0.001718040038
226294	0.0008948859532
226295	0.000788296579
226296	0.0003772902963
226297	0.0007122830766
226298	4.865782618e-05
226299	8.457365306e-05
226300	0.0009487992452
226301	0.0001492512348
226302	0.001095561172
226303	0.00167235745
226304	0.0003925713928
226305	8.65264672e-05
226306	0.0003096010892
226307	0.0005810061026
226308	0.001836117522
226309	0.0007880958594
226310	0.0003169101014
226311	0.001556469298
226312	0.0004602374234
226313	1.715207036e-05
226314	0.0004182066605
226315	8.519562033e-05
226316	3.916723506e-05
226317	0.0004312458721
226318	0.0001835406993
226319	0.0002649452346
226320	0.0004274875521
226321	0.0005859013288
226322	0.0006669406553
226323	0.0004667611794
226324	0.0008071931949
226325	0.0001041818563
226326	0.0005040921017
226327	0.0006337678908
226328	0.0001265091705
226329	0.0001100599603
226330	0.0003073697073
226331	0.00162935465
226332	0.001270133516
226333	4.868137566e-05
226334	0.0007306119513
226335	0.0002255235419
226336	0.0006358775791
226337	0.0005252811529
226338	0.0003292416951
226339	0.0004598060205
226340	0.0002094771874
226341	0.0004278223725
226342	0.002243250691
226343	0.0002545712803
226344	0.0002517441241
226345	0.001032486424
226346	0.0004079959387
226347	0.0006383482545
226348	0.001089308177
226349	1.62659709e-05
226350	0.0006332908415
226351	0.0005573833847
226352	0.0008039356044
226353	0.000547268855
226354	0.0004460332778
226355	0.001488971185
226356	0.0002208723322
226357	0.0007372923647
226358	0.0008325197442
226359	0.001008676688
226360	0.0009058481315
226361	0.0002692238703
226362	0.0008116017999
226363	6.338284151e-05
226364	0.0005963491019
226365	0.0002324878144
226366	0.0007641629082
226367	0.0003310105552
226368	5.9412087e-05
226369	0.0002709199088
226370	0.000250438804
226371	0.0002777726811
226372	0.0001576179299
226373	0.001030684641
226374	0.0003763361772
226375	0.0004801257487
226376	0.0004029739921
226377	0.001468944357
226378	0.00111883288
226379	0.0009579228411
226380	0.0001553794934
226381	4.774010198e-05
226382	0.0002412226723
226383	8.882995007e-05
226384	0.0004496750567
226385	0.0002844015795
226386	0.0003602519257
226387	0.0001921084708
226388	0.001918728766
226389	0.003644024928
226390	0.0004742278155
226391	0.0004177201931
226392	0.0005527593025
226393	0.003448261138
226394	0.002526047938
226395	0.0004606322613
226396	0.0008830408854
226397	0.001501291496
226398	0.002003416721
226399	0.001763264269
226400	0.0006360815825
226401	0.00048861341
226402	0.001569920931
226403	8.969194163e-05
226404	0.0003098982173
226405	0.002123101102
226406	0.0005256219794
226407	0.000443530174
226408	0.001000257571
226409	0.004165505872
226410	0.0002463577107
226411	0.000199286812
226412	6.930087595e-05
226413	0.0001397688736
226414	0.0009376277307
226415	0.0006788514785
226416	0.0005056405939
226417	0.0002667150577
226418	5.752648296e-05
226419	2.253065934e-05
226420	0.001068049004
226421	0.001431456735
226422	0.0003423072969
226423	0.0001522563407
226424	0.0007985829459
226425	0.0004171569247
226426	6.937838555e-05
226427	0.0007367122294
226428	0.0002674597448
226429	4.617303685e-05
226430	0.0004902706863
226431	0.0001469243168
226432	0.0004520589922
226433	0.0002958330285
226434	0.0005242532296
226435	0.0003314448908
226436	0.0008588775496
226437	0.0008999795264
226438	0.0007360977111
226439	0.0006853588193
226440	0.0002959826051
226441	0.000273580256
226442	0.0002390505668
226443	0.0004831383659
226444	0.0004860266561
226445	6.640268145e-05
226446	0.0003244871057
226447	0.0004633816836
226448	0.0002300379383
226449	0.0009201523611
226450	0.0002341471712
226451	0.0001528529177
226452	0.0009792512139
226453	0.0002229274307
226454	0.0004779692774
226455	0
226456	0.0003669615536
226457	0.001277388428
226458	4.390122394e-07
226459	0.0009801337591
226460	0.0004498774441
226461	0.0003604446622
226462	0.0001617324846
226463	0.0002574599237
226464	0.0002456506445
226465	0.0003852038875
226466	9.950535109e-05
226467	0.0001161428851
226468	0.0004646774885
226469	0.0003342180307
226470	7.919448552e-05
226471	0.0003512351716
226472	0.001135539969
226473	0.000273063099
226474	0.000726775961
226475	0.002046734296
226476	0.0009736175304
226477	0.0006704243445
226478	0.0004137930234
226479	9.578864792e-05
226480	0.003135102923
226481	0.002520536108
226482	0.0004953454548
226483	0.0005199494353
226484	0.0006526527674
226485	0.002137768431
226486	0.0007147020794
226487	0.003283079211
226488	5.843754419e-05
226489	0.0008723380193
226490	5.176792121e-05
226491	0.0001271822248
226492	0.000301098105
226493	0.0006729714916
226494	3.943805446e-05
226495	0.001538327602
226496	0.00236410859
226497	0.0006950099055
226498	0.0004633509541
226499	0.0002176538409
226500	0.0002532840937
226501	0.00112940114
226502	0.0005582191616
226503	0.00358378859
226504	0.002513121958
226505	0.002219492542
226506	0.003426878052
226507	0.0006210468547
226508	0.0001080542131
226509	0.003131744601
226510	0.00160844419
226511	0.005568879811
226512	0.002177707388
226513	0.006565786859
226514	0.0009078476431
226515	0.002046099145
226516	0.0007814099845
226517	0.0003740206037
226518	0.000614468301
226519	0.000303096582
226520	0.0004840074264
226521	0.0001845726424
226522	0.0008762508515
226523	0.001301417381
226524	0.006907717841
226525	0.001363764939
226526	0.004378842869
226527	0.004517248037
226528	0.005303963351
226529	0.002979755295
226530	0.0006097483705
226531	0.001081122855
226532	0.001393126363
226533	0.0020960856
226534	0.0007963752318
226535	0.004117509822
226536	9.499245391e-05
226537	0.005108021155
226538	0.002980073189
226539	0.002437993595
226540	0.008252882073
226541	0.008313393352
226542	0.001030138362
226543	0.004216316915
226544	0.006629293126
226545	0.006126540961
226546	0.00571091965
226547	0.001765744169
226548	0.003094895053
226549	0.001163594812
226550	0.0002691535504
226551	0.001152716705
226552	0.00209806506
226553	4.7963738e-06
226554	0.001980848096
226555	0.002042379821
226556	0.0006746662242
226557	0.003135572431
226558	0.002450561141
226559	0.002096965728
226560	0.001206340152
226561	0.0001812419268
226562	0.0005172482987
226563	0.005917805559
226564	0.004192267116
226565	0.001724500054
226566	0.0006436205613
226567	0.001243936812
226568	0.0001608228267
226569	0.001235251331
226570	0.003299196746
226571	0.0003838837787
226572	0.0001746252209
226573	0.00178429806
226574	0.0001378698011
226575	0.001076581778
226576	0.0002489393644
226577	0.0004309097341
226578	0.0009029647009
226579	0.0008135622194
226580	0.002122021295
226581	0.001699669969
226582	0.0001893222795
226583	0.001466694368
226584	0.001847170272
226585	0.002755773755
226586	0.001049066061
226587	0.000456241831
226588	0.002111068777
226589	0.002392382795
226590	0.0006901151074
226591	0.001605531284
226592	0.001221473391
226593	0.0005059125172
226594	0.001781152326
226595	9.937613614e-05
226596	0.002582811655
226597	0.0004780116908
226598	0.003375449736
226599	0.001134719514
226600	0.002728500261
226601	0.007710406737
226602	0.001414613837
226603	0.002052496064
226604	0.001613897356
226605	9.379013227e-05
226606	0.001571312605
226607	0.001369394661
226608	0.0004613055193
226609	0.002002011112
226610	0.0004672942744
226611	0.003272742186
226612	0.00208012924
226613	0.001685223382
226614	0.001167104882
226615	0.0003985807515
226616	0.000894975373
226617	0.001929872437
226618	0.000959919168
226619	0.0003192097564
226620	0.0006626438194
226621	0.002246645782
226622	0.0002232752032
226623	0.004412461938
226624	0.0004365342408
226625	0.001030169965
226626	0.002843497019
226627	0.0001689468273
226628	0.001171826847
226629	0.0005034493454
226630	0.0005573857366
226631	0.003813938065
226632	0.0008870620942
226633	0.0009541301754
226634	0.001762233721
226635	0.0009717967598
226636	0.00124565377
226637	0.002529201062
226638	0.001384555154
226639	0.0005271295026
226640	0.001639836596
226641	0.0006643666501
226642	0.00231079529
226643	2.026230475e-07
226644	0.004688723377
226645	0.004205454688
226646	0.004502203507
226647	0.004065750286
226648	0.000499527627
226649	0.0001724511237
226650	0.0002456820577
226651	0.0006189657052
226652	0.001489297285
226653	0.001113700816
226654	0.0004886836322
226655	0.0005444144466
226656	0.001673677655
226657	0.001361948876
226658	0.001256738187
226659	0.001774243141
226660	0.001571117857
226661	0.001543918309
226662	0.001148305509
226663	0.00145145032
226664	0.0005906921889
226665	0.002819314925
226666	0.00179459514
226667	0.002978115716
226668	0.0023522065
226669	0.001555200185
226670	0.002825899989
226671	0.001488662172
226672	0.001878632698
226673	0.002244651851
226674	0.001192250472
226675	0.001658346775
226676	0.001386787572
226677	0.001802208788
226678	0.001314585695
226679	0.001631130913
226680	0.001534510473
226681	0.00113812473
226682	0.001416641798
226683	0.001871600346
226684	0.002787981693
226685	0.001737259378
226686	0.003981698348
226687	0.001101982625
226688	0.001089388515
226689	0.002046508064
226690	0.002063047322
226691	0.001655285672
226692	0.0008755365473
226693	0.0003167838325
226694	0.001720925938
226695	0.0007834208159
226696	0.0004743951201
226697	0.0009704831723
226698	0.0002809392369
226699	0.00138436211
226700	0.0001304217336
226701	0.001964992499
226702	0.0008122961795
226703	1.777640727e-05
226704	0.001320852532
226705	0.002238564238
226706	0.001870466805
226707	0.0004264680906
226708	0.0003489265067
226709	0.001461906983
226710	0.001333996169
226711	0.001202763594
226712	0.000168471603
226713	0.0008722494822
226714	0.003060665544
226715	0.003234511196
226716	0.001451471868
226717	0.0005272578686
226718	0.00115322418
226719	0.0006699053328
226720	0.002267571351
226721	0.001014659975
226722	0.0001844016711
226723	0.0004058596669
226724	0.0002313060944
226725	0.0002082337982
226726	0.001158560777
226727	0.001487715243
226728	0.0008896865878
226729	0.001068557478
226730	0.00132312785
226731	0.0001035575455
226732	0.0003046027853
226733	0.0008852650518
226734	0.0007787265185
226735	0.00159352063
226736	0.002627022212
226737	0.0005321277673
226738	0.001496598091
226739	0.003404989631
226740	0.001061571371
226741	0.000400442777
226742	0.001377660713
226743	0.004526004582
226744	0.0008969110282
226745	0.0004392559981
226746	0.0007140635227
226747	0.000108318633
226748	0.001013691432
226749	0.00188857494
226750	0.001390316565
226751	0.0008612091245
226752	0.001554135747
226753	0.0003486450597
226754	0.00180874274
226755	0.004283097972
226756	0.001808024454
226757	0.0008805492709
226758	0.0002589595737
226759	0.002612907563
226760	0.0004359359928
226761	0.001449691905
226762	0.004202631617
226763	0.0006939908582
226764	0.0002823741099
226765	0.0008858772926
226766	0.003003895477
226767	0.001764170433
226768	0.0009543781134
226769	0.001581563972
226770	0.0001388479677
226771	0.0004511911029
226772	0.002278959812
226773	0.001047887096
226774	0.002734978517
226775	0.002032810311
226776	0.001427869117
226777	0.003412359419
226778	0.001694865642
226779	0.003047481712
226780	0.001712987864
226781	0.001758020573
226782	0.0005266393658
226783	0.005942079529
226784	0.001719705255
226785	0.001247802011
226786	0.002684786839
226787	8.794933318e-05
226788	0.001887465403
226789	0.001334433506
226790	0.00193218506
226791	0.002138281632
226792	0.000447067828
226793	0.0001508916865
226794	0.001440565887
226795	0.002487624148
226796	0.0001374411073
226797	0.0005991114677
226798	0.0005386362329
226799	0.0005693767422
226800	0.000538956871
226801	0.000763385043
226802	0.001277903246
226803	0.001406366279
226804	0.001201544186
226805	0.005177668308
226806	0.002452485857
226807	0.002104899255
226808	0.0003483166245
226809	0.0007243989157
226810	0.005061484999
226811	0.003687929749
226812	0.0009887149643
226813	0.0002168821321
226814	5.169035832e-05
226815	0.001219465973
226816	0.001061702039
226817	0.001276874992
226818	0.001323746471
226819	0.0004850073488
226820	0.002055526237
226821	0.001969714449
226822	0.002668557862
226823	0.0008415321698
226824	0.000988212451
226825	0.0004104310259
226826	0.002195824191
226827	0.002210315583
226828	0.001727698251
226829	0.003453022167
226830	0.0007608528546
226831	0.001722612007
226832	0.002802409886
226833	0.0002160254428
226834	0.00100724358
226835	0.003465062561
226836	0.003454611328
226837	0.00261532895
226838	0.0004041480219
226839	0.000502896814
226840	0.0003369394132
226841	0.0001859119602
226842	0.0005979905325
226843	0.0007006838409
226844	0.000525002971
226845	0.0002471632651
226846	0.0002089247599
226847	7.60080601e-05
226848	0.0001827433406
226849	4.633597073e-05
226850	0.0006947123019
226851	0.0004176206983
226852	0.001275443718
226853	0.001266074507
226854	0.003963286447
226855	2.191241629e-05
226856	0.001015873727
226857	0.001332783961
226858	0.005259438304
226859	0.001896158521
226860	0.0009404698647
226861	0.003597851343
226862	0.001403855754
226863	0.003043395006
226864	0.002091882078
226865	0.0003266762681
226866	0.00222732772
226867	0.001732851168
226868	0.005206376679
226869	0.002444708302
226870	0.002506895202
226871	0.001660541522
226872	0.0001941822783
226873	0.002801385342
226874	0.002521572193
226875	0.001808770796
226876	0.003578228074
226877	0.003237921531
226878	0.0002589239399
226879	0.0007053220701
226880	0.002699489124
226881	0.001564019148
226882	0.0002177763347
226883	0.002010915234
226884	0.001552290474
226885	0.0007767135415
226886	0.003555194454
226887	0.0004278373815
226888	0.0007124030245
226889	0.0009892692254
226890	0.001698789644
226891	0.001549487538
226892	0.0003967255189
226893	0.0003039392618
226894	0.0002358554325
226895	0.003046049594
226896	0.0006405336395
226897	0.001112497224
226898	0.002440638115
226899	0.0001856177648
226900	0.001098026814
226901	0.001263053454
226902	0.0004221418533
226903	0.000425872213
226904	0.001537198339
226905	0.002125374775
226906	0.001155912697
226907	0.0002424186384
226908	0.0001507524477
226909	0.001470008674
226910	0.001424667186
226911	0.001384339345
226912	0.005235759581
226913	0.000742299327
226914	0.0009574957779
226915	0.0002757524052
226916	0.0002368372873
226917	1.733284669e-05
226918	0.0006413905333
226919	0.000573564008
226920	0.002246324115
226921	0.0003991864845
226922	0.0003409619937
226923	0.00458016145
226924	0.0009823406382
226925	0.0002656953656
226926	0.0001351750094
226927	0.001645572241
226928	0.0006710065528
226929	0.004957965744
226930	0.0007567337744
226931	9.167794046e-05
226932	0.001473881691
226933	0.002264885924
226934	0.0009676713068
226935	0.002005190085
226936	0.002308373084
226937	0.0001279608084
226938	0.003097312331
226939	0.002546632277
226940	0.001974971814
226941	0.004291663971
226942	0.003911041988
226943	0.004787654488
226944	0.004014217309
226945	0.004783140223
226946	0.004385707087
226947	0.0004435050526
226948	1.699816871e-05
226949	0.008726506369
226950	0.0004119786693
226951	0.0008102715315
226952	0.002372617458
226953	0.0004065281528
226954	0.0002973377239
226955	0.001000278599
226956	0.001365876482
226957	0.001536724883
226958	0.0008407911173
226959	0.0002985814043
226960	0.002343935402
226961	0.0008269797568
226962	0.0006432094235
226963	0.0004781548124
226964	0.001427107132
226965	0.0004650111873
226966	0.001240505753
226967	0.0002601510701
226968	0.001303575363
226969	3.306686012e-05
226970	0.00181267075
226971	0.0001625329982
226972	0.00170818115
226973	0.001251291469
226974	0.0006872469945
226975	0.001349675492
226976	0.002179285079
226977	0.001417108021
226978	0.001891553031
226979	0.001192301264
226980	0.0009306259687
226981	0.000725995118
226982	0.0002463374658
226983	9.813422385e-05
226984	0.001315322597
226985	0.001741939458
226986	0.0002391421599
226987	0.0005039592588
226988	0.001451081769
226989	0.0001420006809
226990	0.0006209862131
226991	0.0002897840889
226992	0.0007395450971
226993	0.0003964171844
226994	0.001460277371
226995	0.0004822869408
226996	3.811820623e-05
226997	0.001818522269
226998	0.001329926144
226999	0.002303740605
227000	0.004564760255
227001	0.001752305941
227002	0.002204653369
227003	0.002328729856
227004	0.0009598902909
227005	0.0002210793788
227006	0.001335171458
227007	0.00172484553
227008	0.0007575187831
227009	0.006524243596
227010	0.005156783913
227011	0.006984191196
227012	0.0009078198772
227013	0.0006938894886
227014	0.001591099428
227015	0.000117891611
227016	0.0002630208547
227017	0.0002161420467
227018	0.001098472422
227019	0.001252452391
227020	0.00103911868
227021	0.0006847912186
227022	0.004358241735
227023	0.007115644314
227024	0.001076626583
227025	0.006429853877
227026	0.0003442346996
227027	0.001950585848
227028	0.002601696239
227029	0.001649118201
227030	0.001189059669
227031	0.0009108620324
227032	0.0006996375896
227033	0.003774821938
227034	0.001285450431
227035	0.001851542561
227036	0.004101138877
227037	0.0003630053188
227038	0.005015613615
227039	0.002495353374
227040	0.003280326913
227041	0.0005408047808
227042	0.004541887164
227043	0.004433550901
227044	0.003606580644
227045	0.0003945846403
227046	0.007892975801
227047	0.004229571285
227048	7.612908558e-05
227049	0.001334648173
227050	0.0002531130715
227051	0.0009343201213
227052	0.0008363202307
227053	0.001628282369
227054	0.001807704821
227055	0.0001444064732
227056	0.0007891390793
227057	0.001759615414
227058	0.001246167117
227059	0.002396327172
227060	0.0007225962591
227061	0.0002363480447
227062	0.003179910984
227063	0.001266381387
227064	0.002319028441
227065	0.003477605088
227066	0.001656695937
227067	0.001993785629
227068	0.001625360153
227069	0.003249046293
227070	0.001880788634
227071	0.003776782761
227072	0.0009851591953
227073	0.003856429714
227074	0.0009267992761
227075	0.0002642080734
227076	0.006039235927
227077	0.003211353937
227078	0.002709755903
227079	0.004365727192
227080	0.004141396336
227081	0.00430657385
227082	0.0006120124449
227083	0.002048354106
227084	7.641089129e-05
227085	0.003837388253
227086	0.0003613081189
227087	0.002586058114
227088	0.002718462331
227089	0.001404632688
227090	0.001506795762
227091	0.002066631463
227092	0.001274191458
227093	0.0003247567548
227094	0.002177194154
227095	0.001745558074
227096	0.001081450722
227097	0.002625747891
227098	0.002503573532
227099	0.00234916182
227100	0.001594306716
227101	0.0003861367471
227102	0.0007912292893
227103	0.001174969249
227104	0.0007632993184
227105	0.001146339336
227106	0.0001808723968
227107	0.001849134989
227108	0.001595689998
227109	0.0004249762397
227110	0.002419033126
227111	0.0001164239154
227112	0.0006529252692
227113	0.00153812781
227114	0.0001249919317
227115	0.0006881284298
227116	0.002303280974
227117	0.0006205707266
227118	0.003531583521
227119	0.0005828982838
227120	0.001345826283
227121	0.0006713434428
227122	0.0019728754
227123	0.008095509889
227124	0.00769868648
227125	0.0003443677474
227126	7.816717572e-05
227127	0.004814434336
227128	4.079654443e-05
227129	0.001018427377
227130	0.002916408157
227131	0.001373448357
227132	0.0001830179297
227133	0.0070948564
227134	0.0009100992318
227135	0.005691048616
227136	0.0007907555615
227137	0.001040517227
227138	5.263944331e-05
227139	0.001376929742
227140	0.002690548801
227141	0.001509397912
227142	0.001048135937
227143	0.003235799112
227144	0.001734944756
227145	0.000399766544
227146	0.001859700781
227147	0.001585634414
227148	0.002395551313
227149	0.00065514707
227150	0.003207699736
227151	0.000715072332
227152	0.0008810941855
227153	0.001054742314
227154	0.001419904536
227155	0.001338483939
227156	0.001685836681
227157	0.002478994573
227158	0.004209295853
227159	0.002523341065
227160	0.0005997965251
227161	0.004890413631
227162	0.001499730558
227163	0.001925329757
227164	0.0006604674868
227165	0.000851462101
227166	0.000842594428
227167	0.0008738834834
227168	0.003220076065
227169	0.002320675227
227170	0.00347525409
227171	0.0002360394794
227172	0.002087135386
227173	0.002616878858
227174	0.004058768123
227175	0.006533656071
227176	0.001133123181
227177	0.000172015659
227178	0.001049164517
227179	0.004106816576
227180	0.005509635086
227181	0.001692409429
227182	0.001370766606
227183	0.0001748084107
227184	0.002473995817
227185	0.001358528928
227186	0.0005249905668
227187	0.001928534623
227188	0.001899623656
227189	0.0001517037065
227190	0.0003159543804
227191	7.304968678e-05
227192	0.0003324633053
227193	0.001634847293
227194	0.005838969935
227195	0.001343709867
227196	0.0005519759187
227197	0.004395954738
227198	0.003074118214
227199	0.002707213218
227200	0.0001603488215
227201	0.003053487956
227202	0.0002004118906
227203	0.003369330676
227204	0.002369344764
227205	0.00287935656
227206	0.004727163679
227207	0.002396850659
227208	0.000284938599
227209	0.003433353443
227210	0.0008517154795
227211	0.001075624024
227212	0.0007108949015
227213	0.001018178092
227214	0.002007470292
227215	0.0008707461979
227216	0.0002214244957
227217	0.0003103949353
227218	0.001061249882
227219	0.006354669783
227220	0.0009881243608
227221	0.001808538314
227222	0.006856904742
227223	0.001859395403
227224	0.000303270999
227225	0.0005220475424
227226	9.380834462e-06
227227	0.001770089762
227228	0.004439437724
227229	0.0005611841568
227230	0.009466799773
227231	0.0005129372638
227232	0.0008768174059
227233	0.0004882631134
227234	0.00239801309
227235	0.0001682290649
227236	0.003591433435
227237	0.003428305764
227238	0.004501791411
227239	0.001001191786
227240	0.0005646502237
227241	0.003079313365
227242	0.00138064034
227243	0.0008488281688
227244	0.004653662044
227245	0.0008173670368
227246	0.006900524346
227247	0.0041352154
227248	0.002360371925
227249	0.001829076646
227250	0.002874889575
227251	0.003039488127
227252	0.001317219484
227253	0.0008004844545
227254	0.001874026974
227255	0.003371303973
227256	0.0054145905
227257	0.002748473495
227258	0.001952416243
227259	0.004577707325
227260	0.0008730447459
227261	0.0005575123854
227262	0.002107302355
227263	0.003367537836
227264	0.001712650669
227265	0.001203191927
227266	0.003151677414
227267	0.005859906599
227268	0.004576003626
227269	0.002541120103
227270	0.002212132942
227271	0.006249797325
227272	0.004392780568
227273	0.001497890635
227274	0.001068731293
227275	0.002915381409
227276	0.002520938071
227277	0.004875933318
227278	0.008094493691
227279	0.003359075725
227280	0.005513345252
227281	0.002460838619
227282	0.001873650195
227283	0.001793751535
227284	0.0008188213644
227285	0.001877013873
227286	0.001714090784
227287	0.004845148295
227288	0.0008946590343
227289	0.001185824384
227290	0.002921507906
227291	0.001373629266
227292	0.00136248625
227293	0.0005126673766
227294	0.003154533607
227295	0.0006928768508
227296	0.003351272473
227297	0.001393698273
227298	0.001857513596
227299	0.001791825703
227300	0.0001679806925
227301	0.0002297702581
227302	0.003962209081
227303	0.001711096691
227304	0.00775258347
227305	0.001392054944
227306	0.007874947473
227307	0.002322358797
227308	0.0006921009789
227309	0.002536404852
227310	0.002253115098
227311	0.005664584446
227312	0.0003627076689
227313	0.001034188553
227314	0.0006844349241
227315	0.00265224796
227316	0.004114767005
227317	0.0018990859
227318	0.005285684763
227319	0.003260726148
227320	0.005345880915
227321	0.007378793732
227322	0.003050589801
227323	0.000401167069
227324	0.000371721526
227325	0.002751124142
227326	0.0007845363309
227327	0.0002463583655
227328	0.0001505384288
227329	0.0003028828912
227330	0.004317175267
227331	0.0009562692957
227332	0.001924727694
227333	0.0008659912353
227334	0.006119571633
227335	1.60590995e-05
227336	7.718891445e-06
227337	0.00484618326
227338	0.0003388049069
227339	0.0002087503211
227340	0.00211913642
227341	0.00116969456
227342	0.0001720807579
227343	0.0002895680642
227344	0.004176656018
227345	0.001759029734
227346	0.00343246815
227347	0.001405854918
227348	0.0006856583446
227349	0.006919294323
227350	0.00430777193
227351	0.001708615913
227352	0.001693537307
227353	0.006794134063
227354	0.001171235969
227355	0.0008427082854
227356	0.004972762304
227357	0.00156781648
227358	0.001890440961
227359	0.002934582498
227360	0.0003581923681
227361	0.0005809342766
227362	0.0005488741827
227363	0.002518241017
227364	1.022205967e-05
227365	0.0005927593618
227366	0.001131487053
227367	0.004586744585
227368	0.005971318029
227369	0.004192861744
227370	0.001859653336
227371	0.003276121927
227372	0.001559920844
227373	0.0008552284447
227374	0.0005106716884
227375	0.002902003393
227376	0.001913196981
227377	7.83535661e-06
227378	0.0008877420063
227379	0.0008671542777
227380	0.002191676301
227381	0.0008735977421
227382	0.00223217991
227383	0.0009363002032
227384	0.000686041882
227385	0.001934310135
227386	0.003117724741
227387	0.003633316549
227388	0.0006700003109
227389	0.001463637195
227390	4.967377397e-05
227391	0.003246492069
227392	0.0003836723216
227393	0.003532676458
227394	0.001500679427
227395	0.005709423676
227396	0.001027359716
227397	0.002696486801
227398	0.00452601397
227399	0.00474093463
227400	0.005289727221
227401	0.003944188917
227402	0.001547045247
227403	0.005215463279
227404	0.001295206977
227405	0.0002036211256
227406	0.001105569535
227407	0.0009149658094
227408	0.006265564344
227409	0.003599920383
227410	0.001874269766
227411	0.003328595694
227412	0.0008792448497
227413	0.004775248875
227414	0.005181332162
227415	0.001212894448
227416	0.0001610485474
227417	0.0006641645252
227418	0.0001851766457
227419	0.001356195803
227420	0.003561011017
227421	0.0005116647106
227422	0.001477731471
227423	0.0008322263176
227424	0.001023236202
227425	0.00161087153
227426	0.0004998939039
227427	0.001837775388
227428	0.003458681964
227429	0.002492379535
227430	0.003429319841
227431	0.001580116495
227432	0.002250356692
227433	0.002287104793
227434	0.00116343408
227435	0.001309032693
227436	0.0009559554758
227437	0.001770907246
227438	0.002892427613
227439	0.002839479114
227440	0.0006685920993
227441	0.000311626483
227442	0
227443	0.002964287705
227444	0.008114873828
227445	0.004993553747
227446	0.002645029027
227447	0.0005169645144
227448	0.007108111663
227449	0.005185843304
227450	0.005731554255
227451	0.001643992575
227452	0.0003503850814
227453	0.001136071367
227454	0.005878910991
227455	0.002196690814
227456	0.0002437976921
227457	0.0001676320521
227458	0.001686378039
227459	0.000922343213
227460	0.006390625746
227461	0.006650573613
227462	0.002726807617
227463	0.006211875533
227464	0.0022989457
227465	0.00137916885
227466	0.003299518096
227467	0.004851901352
227468	0.006588684745
227469	0.001251041041
227470	0.0005531051137
227471	0.001050616436
227472	0.00342401411
227473	0.009380594189
227474	1.022205967e-05
227475	0.002089039346
227476	9.009499708e-07
227477	0.00124366815
227478	0.000674926274
227479	0.002719298639
227480	0.002915328544
227481	0.001643419146
227482	0.004362439528
227483	0.009269427787
227484	0.004192048824
227485	0.0007277880173
227486	0.003344608686
227487	0.001234070599
227488	0.002925580267
227489	0.001712291814
227490	0.004636453757
227491	0.0003520695997
227492	0.005820120844
227493	0.004017207292
227494	0.001832227662
227495	0.006068755347
227496	0.006265144521
227497	0.004859578321
227498	0.002049124774
227499	0.001160990341
227500	0.001892448799
227501	0.006739477017
227502	0.001641154476
227503	0.00669461264
227504	0.001118004126
227505	0.004104258057
227506	0.0006950877945
227507	0.005261929052
227508	0.003500398339
227509	0.002202225288
227510	0.004947184986
227511	0.001048115552
227512	0.002954461609
227513	0.001176290285
227514	0.004841955351
227515	0.0007777421692
227516	0.00020594626
227517	0.0005053959493
227518	0.001737973544
227519	0.0005625074153
227520	0.000814317244
227521	0.00201786861
227522	0.001638202592
227523	0.0004074579062
227524	0.001082026714
227525	0.0009084774274
227526	0.0004826110706
227527	0.004578422999
227528	0.00378349361
227529	0.005053611728
227530	0.002904461119
227531	0.007409492092
227532	0.0001134412823
227533	0.006206617141
227534	0.004664284496
227535	0.001545312929
227536	0.009958688361
227537	0.001047730872
227538	0.001987236099
227539	0.0006592168834
227540	0.004269492798
227541	0.004186996254
227542	0.0001232589426
227543	0.0009128313007
227544	0.0008159414287
227545	6.601894512e-05
227546	0.0003733095259
227547	0.0004545171845
227548	0.0005487679525
227549	0.0004280596265
227550	0.0003967879368
227551	0.0009741666864
227552	0.001541634046
227553	0.0004918804077
227554	0.002926236028
227555	0.0006698146511
227556	0.0004754069391
227557	0.003744079972
227558	0.004843146801
227559	0.0004807707085
227560	0.0006757864324
227561	0.0002187803724
227562	0.0007183926304
227563	0.0004693136077
227564	0.00273240207
227565	0.0002151911139
227566	0.0008033865615
227567	0.0001075663954
227568	0.001759698113
227569	0.007316796425
227570	0.00306772276
227571	0.0003078409151
227572	0.001988017116
227573	0.003414150218
227574	0.001716009522
227575	8.167919075e-05
227576	0.0006062730951
227577	0.0005798593283
227578	0.0003191690358
227579	0.001947890728
227580	0.0007791398901
227581	0.002540460755
227582	0.0009044864341
227583	0.0001247798175
227584	3.691710892e-05
227585	0.0004426454001
227586	0.001171443342
227587	0.003567190722
227588	0.00465136163
227589	0.001003897301
227590	0.0005326385495
227591	0.002899522555
227592	0.005105297504
227593	0.00399539434
227594	0.006254246049
227595	0.001835647235
227596	0.001295194089
227597	0.001542087845
227598	0.0003754931505
227599	0.0003122496809
227600	0.0001776211079
227601	0.000303865105
227602	0.0003059796333
227603	7.114968663e-05
227604	0.0009347014047
227605	0.001179038648
227606	0.0006927062458
227607	0.006016408278
227608	0.004459001577
227609	0.005093583048
227610	0.001069601717
227611	0.004409132265
227612	0.004462832232
227613	9.326660497e-05
227614	0.00201035555
227615	0.0003372878926
227616	0.0006826362557
227617	0
227618	0.0001108536941
227619	0.001984399255
227620	0.0002388175058
227621	0.001512124633
227622	0.0005813568582
227623	0.00033487486
227624	0.001310792854
227625	1.866223348e-06
227626	0.001118261627
227627	0.0006841430402
227628	0.003163179259
227629	0.00199914073
227630	0.002708295489
227631	0.0001044429105
227632	0.002931319713
227633	0.001665910007
227634	0.001639673733
227635	0.0008908674115
227636	0.0004878725875
227637	0.004280504265
227638	0.005920816889
227639	0.0008567333451
227640	0.004016548873
227641	0.000791830796
227642	4.846369279e-05
227643	0.000796474112
227644	0.00619082404
227645	0.003603169473
227646	0.001284992669
227647	0.0003561337003
227648	0.000215867432
227649	0.001111015148
227650	0.002575242285
227651	0.0005681938654
227652	0.003650703104
227653	0.001658412455
227654	0.002105980631
227655	0.001376018844
227656	0.002827734767
227657	0.002543046386
227658	0.0001608612947
227659	0.001134730971
227660	0.001660673695
227661	0.004068139305
227662	0.003888251328
227663	0.0005814557124
227664	0.0002356119654
227665	0.0002334858194
227666	0.001349272945
227667	0.001421661554
227668	0.001016100294
227669	0.00113135791
227670	0.0006047323667
227671	0.004361030327
227672	0.0007154794395
227673	0.005475404225
227674	0.001657731853
227675	0.0006462524739
227676	0.002363950723
227677	0.0002092428225
227678	0.001461820658
227679	0.0004033848727
227680	0.001601565843
227681	0.001901533821
227682	0.0002976156332
227683	0.003681655709
227684	0.001272259437
227685	0.001387481232
227686	0.00111217585
227687	1.212867592e-07
227688	0.0002170890286
227689	0.003601760271
227690	0.001674758174
227691	0.001519758265
227692	0.006367357743
227693	0.002228854843
227694	0.0004637502952
227695	7.606942364e-05
227696	3.890253791e-05
227697	0.002934300737
227698	0.0005299139864
227699	0
227700	0.001672011439
227701	5.22557977e-07
227702	0.0001619909088
227703	0.001248881025
227704	7.038706622e-05
227705	0.0008246928477
227706	0.00162821306
227707	0.001117504476
227708	0.002433251043
227709	0.0008369208413
227710	0.002653269246
227711	0.002300238324
227712	0.001504758124
227713	0.004525264143
227714	0.001696003727
227715	0.0002494744994
227716	0.002466744011
227717	0.001649114688
227718	0.003564816547
227719	0.0007330335572
227720	0.001047837266
227721	0.003619551091
227722	0.007163169379
227723	0.0005569426946
227724	0.0004893787903
227725	0.0009429075932
227726	8.486283462e-05
227727	0.0009253903724
227728	0.001086744698
227729	0.003317586459
227730	0.002927057538
227731	0.00331878284
227732	0.001986278062
227733	0
227734	0.0006771330077
227735	0.004464802031
227736	0.003647093282
227737	9.149373876e-05
227738	0.001992776384
227739	0
227740	0.002827475021
227741	0.001414001926
227742	0.003365931895
227743	0.001120539107
227744	0.0007493533199
227745	0.004792048721
227746	0.001196202182
227747	0.004415065053
227748	0.0008630203479
227749	0.0005837485978
227750	0.001141421205
227751	0.001609850557
227752	0.001704979758
227753	0.0007044505203
227754	0.001256716322
227755	0.001111515134
227756	0.001553076262
227757	0.002055034269
227758	0.0008184430972
227759	0.001365457469
227760	0.0001541027259
227761	0.0008666518449
227762	7.939210244e-06
227763	1.769516138e-07
227764	5.411281762e-05
227765	9.276054727e-05
227766	0.0002335749923
227767	0.0004318745589
227768	0.0001517185776
227769	0.0004554334684
227770	0.0008423935647
227771	7.886061021e-05
227772	0.000530432093
227773	9.685923467e-05
227774	0.0003915439747
227775	0.0007891630799
227776	0.0006979729124
227777	0.001380015962
227778	0.0009724283227
227779	0.0001766697347
227780	0.0001748535004
227781	0.0001181210533
227782	0.0003333022051
227783	0.0004211040463
227784	0.000154643025
227785	0.0006010176955
227786	0.0002558949875
227787	1.249061121e-05
227788	0.000152360094
227789	0.0003955811131
227790	0.0003605117296
227791	0.0004180820412
227792	0.001357587511
227793	0.001614350206
227794	0.0009214999704
227795	0.001195189598
227796	0.0006114145237
227797	0.0002835174318
227798	1.215481609e-05
227799	0.0006960820899
227800	0.0004480664674
227801	0.0001017385341
227802	0.0008481668949
227803	0.000675238158
227804	0.0002985990806
227805	0.0005593609265
227806	0.0004726050315
227807	0.000264220896
227808	5.030902635e-05
227809	8.323239786e-05
227810	7.908607214e-05
227811	0.0002660555464
227812	0.0002036754184
227813	0.0008424065823
227814	0.0001457916808
227815	0.0008897822526
227816	0.0005738970079
227817	0.001775846297
227818	0.001095899142
227819	0.0002874428062
227820	1.865702253e-05
227821	0.001068236105
227822	1.114726933e-05
227823	0.0009292703482
227824	0.001214630027
227825	0.0005161514857
227826	0.0001288691376
227827	0.0002289873291
227828	0.001217714477
227829	0.0004889695272
227830	0.0006713132266
227831	0.0001657361942
227832	0.0007841197412
227833	0.001029662825
227834	0.0003244102789
227835	0.0007538841976
227836	0.0001410162403
227837	0.0002287782309
227838	0.0002256598478
227839	0.0005672569219
227840	0.0006628389441
227841	0.0007237956939
227842	0.0003833827397
227843	0.0001132816414
227844	0.000552695276
227845	0.0006551446017
227846	0.0005850142212
227847	9.099924451e-05
227848	0.001686406732
227849	0.001496399236
227850	0.001591639462
227851	0.00183686979
227852	0.002327651695
227853	0.001787713051
227854	0.000614568169
227855	0.0005413994031
227856	0.001210663393
227857	0.002018584619
227858	0.001828240095
227859	0.001977938901
227860	0.002599258085
227861	0.002190665572
227862	0.001680868764
227863	0.001782053787
227864	0.001931415458
227865	0.001296905938
227866	0.0008089790987
227867	0.0003418640116
227868	0.0003673033847
227869	0.001790500699
227870	0.001966095112
227871	0.001256239996
227872	0.002093967929
227873	0.001342788198
227874	0.001243531755
227875	0.002009782323
227876	0.002114574013
227877	0.0008332769892
227878	0.001629352578
227879	0.001870218314
227880	0.002162807601
227881	0.0003049382732
227882	0.0004589281136
227883	0.001603519116
227884	0.0002551427077
227885	0.0004094854302
227886	0.0002262120716
227887	0.0001677613374
227888	0.000628833051
227889	0.0003690512078
227890	0.0006385892197
227891	0.0008026864427
227892	0.003107891342
227893	0.001851309489
227894	0.0007004773645
227895	0.0004713416949
227896	0.0004168489348
227897	0.001012776014
227898	0.001183528452
227899	0.001572042784
227900	0.001052435492
227901	0.0003960679258
227902	0.0002972800954
227903	0.0006255371043
227904	0.0002844607981
227905	0.0003610661007
227906	0.0002318981622
227907	0.001954374766
227908	0.001500891666
227909	0.001095319925
227910	0.001692736792
227911	0.001690529409
227912	0.0003479249334
227913	0.0002175365552
227914	0.0003633911735
227915	0.0009372355526
227916	0.001074924883
227917	0.0009622650667
227918	0.000127328251
227919	0.0002875435852
227920	0.0006493497636
227921	0.000583323592
227922	0.0001979818214
227923	0.0001435934194
227924	0.0002964281015
227925	0.0008046082424
227926	0.001730352332
227927	0.0005470478412
227928	0.0009365387992
227929	2.576347958e-05
227930	0.0002410797692
227931	0.0003283982101
227932	0.0001611046172
227933	0.0003973077437
227934	0.000334643121
227935	0.0008688807955
227936	0.0006730850199
227937	0.0009937433262
227938	0.000714727787
227939	0.0003105406443
227940	9.411954236e-05
227941	7.322054301e-05
227942	0.0003897758692
227943	0.001163112119
227944	0.001181971249
227945	1.824858158e-05
227946	0.001469823323
227947	0.0003620725377
227948	0.0003245787566
227949	0.0001532583295
227950	0.0001548917624
227951	0.001046519665
227952	0.0006634497648
227953	0.000319509412
227954	0.001059283983
227955	0.000109184352
227956	0.0005778190872
227957	0.001140405364
227958	0.001825046336
227959	0.001096679794
227960	0.001335781254
227961	0.001286183376
227962	0.001307022168
227963	0.0008427460861
227964	0.0007909470577
227965	0.001222030517
227966	0.0007784454804
227967	0.0008724323777
227968	0.0006113497279
227969	0.0004929450615
227970	0.001094874474
227971	0.001015328585
227972	0.001806455523
227973	0.001724336257
227974	0.0003622246693
227975	0.0008302962868
227976	0.0001031947113
227977	0.002128072118
227978	0.0001963235858
227979	0.001074104612
227980	0.0009389619487
227981	2.117941474e-05
227982	0.0005935234519
227983	0.0009068251027
227984	0.001155773263
227985	0.0006137201852
227986	0.000737274045
227987	0.0006345001015
227988	2.721093359e-05
227989	3.738551772e-05
227990	0.0009277865627
227991	0.0004302859241
227992	0.001768937203
227993	0.001677225222
227994	3.613234417e-05
227995	0.0004548459536
227996	0.002146998721
227997	0.0009407451696
227998	0.0007604124596
227999	7.378281408e-05
228000	0.0001585665561
228001	0.001324879444
228002	0.001212874156
228003	0.0009995676827
228004	0.0001395024854
228005	0.001104332023
228006	0.0004357925854
228007	7.533257325e-05
228008	0.0004732754608
228009	0.0004270716543
228010	0.0005095886763
228011	0.0002480746544
228012	0.0006022223142
228013	0.000138456023
228014	0.0004445014064
228015	0.0003267352038
228016	0.0001201969094
228017	0.0004081666415
228018	0.0004071613578
228019	0.00070534742
228020	0.0007797571815
228021	0.001305767525
228022	0.0005825220463
228023	7.508058893e-05
228024	0.0005340491377
228025	0.0005289170501
228026	0.001334140705
228027	5.544980417e-05
228028	0.002064780146
228029	0.0005541461177
228030	0.0002988414324
228031	0.001826510955
228032	0.0007066020864
228033	0.0004374401206
228034	0.0006381004547
228035	0.000245025338
228036	0.0001221629617
228037	0.0009646945935
228038	0.0004339683786
228039	0.002392093797
228040	0.0007748860916
228041	0.0005162124762
228042	0.002492469299
228043	0.002663928776
228044	0.002807064283
228045	0.003538008211
228046	0.0002604425856
228047	0.00070040882
228048	8.284401844e-05
228049	0.001099193458
228050	0.002348475047
228051	0.001196364563
228052	5.839249452e-05
228053	0.001221975514
228054	0.001279898573
228055	0.001457783765
228056	0.001572508707
228057	0.001877025831
228058	0.0005367392345
228059	0.002296746984
228060	0.002303144651
228061	0.001341884993
228062	0.0007815712763
228063	0.00154091015
228064	0.002622335742
228065	0.002193934701
228066	0.001660450425
228067	0.001674781152
228068	0.0007260042044
228069	0.0007703895641
228070	0.0006919650558
228071	0.0007020441821
228072	0.001110951322
228073	0.0009140071329
228074	0.0008656876169
228075	0.002427654278
228076	0.001149551547
228077	0.001986271538
228078	0.001977004656
228079	0.0008248237521
228080	0.0008410262633
228081	0.001107392185
228082	0.000737266165
228083	0.0008788674291
228084	0.0003512149826
228085	1.974740264e-05
228086	0.0002358281107
228087	0.0006442751253
228088	0.0007275754799
228089	0.0001083822669
228090	0.0009772452505
228091	0.0007357984627
228092	0.0008097113192
228093	0.0007479910035
228094	0.0005088500899
228095	0.0002619972634
228096	0.0011085035
228097	0.0008795617433
228098	3.786760562e-05
228099	0.001477964445
228100	0.001465779708
228101	0.0002247672345
228102	0.001508556742
228103	0.0008344442195
228104	0.0004897995595
228105	0.0001756089112
228106	0.0003375781684
228107	0.0003681218695
228108	0.001649615247
228109	0.002912438404
228110	0.002925840199
228111	0.0001855244073
228112	0.0006399329703
228113	0.001310226585
228114	0.003204898437
228115	0.005934616292
228116	0.0002782116208
228117	0.0007638544777
228118	0.002097768399
228119	0.002620312307
228120	0.00243656177
228121	0.003579028785
228122	0.000687623331
228123	0.00348550478
228124	0.001257757208
228125	0.0008989212225
228126	0.002438493281
228127	0.001447170581
228128	0.002120509318
228129	0.0009260534906
228130	0.002882347533
228131	0.000341395517
228132	0.002073129382
228133	0.001256135496
228134	0.002239601175
228135	0.001086767305
228136	0.001387330153
228137	0.003199979501
228138	0.0002072459338
228139	0.001013070526
228140	0.0003978638701
228141	0.0005984482694
228142	7.665882675e-05
228143	0.0007121716994
228144	0.001413781973
228145	0.001030929038
228146	0.001491099756
228147	0.001054654583
228148	0.0009225280402
228149	0.001377602932
228150	0.001066365161
228151	0.001228174058
228152	0.000853553368
228153	0.0009504359572
228154	0.0006935324757
228155	0.0007659556627
228156	0.0002879260155
228157	0.0007772651074
228158	0.0005298275432
228159	0.0009392291394
228160	0.001365811412
228161	0.001094044624
228162	0.0008098636572
228163	0.0008387711538
228164	0.001063226409
228165	0.0007492166228
228166	0.0006563260602
228167	0.0002181908033
228168	0.001148177791
228169	0.0005943165982
228170	0.0009164864176
228171	0.001337833729
228172	0.001333302627
228173	0.0007392451143
228174	0.001157016966
228175	0.0009072075387
228176	0.0007786230627
228177	1.164425658e-05
228178	0.0009995670317
228179	0.0008809405939
228180	0.0003955329279
228181	0.0002125112712
228182	0.0004207390497
228183	0.0007308334254
228184	0.0009132179993
228185	0.000202934521
228186	0.0009438010093
228187	0.000179176488
228188	0.0001773240587
228189	0.001004417157
228190	0.0009933045555
228191	0.000282202759
228192	0.001175634858
228193	0.0009470655558
228194	0.0009137971363
228195	0.0004292002853
228196	0.0004096928292
228197	0.001186543039
228198	0.001027670802
228199	0.001389891781
228200	0.0005463070949
228201	0.001446147564
228202	0.000819858458
228203	0.0007090128874
228204	0.0002400507717
228205	0.001049599969
228206	0.0007874787255
228207	0.001434079782
228208	0.001063458322
228209	0.0007430151001
228210	0.0006743229087
228211	0.0008973629978
228212	0.001098584308
228213	0.001066508194
228214	0.0009104984111
228215	0.0005615504786
228216	0.0004289301759
228217	0.001243914754
228218	0.0008690203729
228219	0.001106137358
228220	0.0007857004521
228221	0.0009078462302
228222	0.0009667849935
228223	0.0009998233897
228224	0.001229168115
228225	0.0002973283226
228226	0.0008480659735
228227	0.000702703085
228228	0.0003251610124
228229	0.0001066040486
228230	0.001748891559
228231	0.0006315848913
228232	0.001028990959
228233	0.0006555430712
228234	0.0007366984016
228235	0.001453720214
228236	0.001449634749
228237	0.0004704580076
228238	0.001359271833
228239	0.0007824920625
228240	0.0008913790297
228241	0.0008118241747
228242	0.0005989839577
228243	0.0006650692312
228244	0.0009573427767
228245	0.001095284397
228246	0.0006930642881
228247	0.0009242097764
228248	0.0008669580824
228249	0.0005467983883
228250	0.0005068746254
228251	0.001004911259
228252	0.001237156395
228253	0.0004558535006
228254	0.000758329516
228255	0.0008928715974
228256	0.001493078008
228257	0.0009205766787
228258	0.000983390973
228259	0.001519788059
228260	0.001025976149
228261	0.001180399919
228262	0.0002301276657
228263	0.0004174854422
228264	0.0001867005115
228265	0.001376938123
228266	0.000666455417
228267	0.0004335143851
228268	0.0006663448171
228269	0.0008317193193
228270	0.0009864414854
228271	0.0006548196437
228272	0.0007047805607
228273	0.000750118772
228274	0.0009968274722
228275	0.001251871707
228276	0.0001954454364
228277	0.0005134226002
228278	0.0005747594915
228279	0.0004813052034
228280	0.000905974276
228281	0.00084219162
228282	0.0005687135373
228283	0.0001558288476
228284	0.0005525050447
228285	0.001335963809
228286	9.502972292e-05
228287	0.0004004500732
228288	0.0005950181577
228289	0.0007236423705
228290	0.0006188311255
228291	0.0006324520989
228292	0.001200821779
228293	0.0004433759311
228294	0.0008164522441
228295	0.0003400761381
228296	0.0006620946685
228297	0.0007825223498
228298	0.0007008866526
228299	0.0007024883612
228300	0.0004428860897
228301	0.0009007038469
228302	0.0008124933849
228303	0.0004636390771
228304	0.0008255683261
228305	0.0009255558972
228306	0.0004842580868
228307	0.001153094877
228308	0.0004873172511
228309	0.0002198092287
228310	0.001010247798
228311	0.0006272037661
228312	0.0008049919663
228313	0.0005720269197
228314	0.001233486925
228315	0.001073449709
228316	0.0008743281107
228317	0.0009985825196
228318	0.0003919285612
228319	0.0004238704938
228320	0.0002154582368
228321	0.0009561099765
228322	0.0006128312393
228323	0.0006702287747
228324	0.0006446384296
228325	0.0007034884191
228326	0.0009894655459
228327	0.001178663992
228328	0.000584499926
228329	0.001585118304
228330	0.001228415331
228331	0.00124459724
228332	0.0003241217618
228333	0.0005051434963
228334	0.0005212676057
228335	0.0008455815771
228336	0.0006694567242
228337	0.0009296261985
228338	0.0007089906905
228339	0.001243053823
228340	0.0009477448283
228341	0.0006159686995
228342	0.001080707506
228343	0.0003644925031
228344	0.000755189154
228345	0.001046757013
228346	0.000495134231
228347	0.0006259441903
228348	0.0006056871289
228349	6.450107006e-06
228350	0.002101910789
228351	0.001072375986
228352	0.0006298370909
228353	0.000637895584
228354	0.0009254016833
228355	0.001269273546
228356	0.0005548293992
228357	0.0009680863179
228358	0.001431122231
228359	0.0009374622981
228360	0.001005990749
228361	0.0004047951157
228362	0.0006331133279
228363	0.0003304264385
228364	0.0009145968632
228365	0.001174272323
228366	0.0002078595851
228367	0.0005594516799
228368	0.0004230356384
228369	0.0008796366138
228370	0.0004088293298
228371	0.0009393977908
228372	0.00119278803
228373	0.0009026145121
228374	0.0008787800256
228375	0.0008253511889
228376	0.0002703619635
228377	0.001337412002
228378	0.0002526744325
228379	0.001618036686
228380	0.0005119566286
228381	0.0006193312249
228382	0.0006045841887
228383	0.0008875567035
228384	0.0006583267824
228385	0.0008530144824
228386	0.00109714232
228387	0.001426330591
228388	0.0002100413171
228389	0.0009077481388
228390	0.001171607335
228391	0.0007979631422
228392	0.001046828739
228393	0.0007785487779
228394	0.0008885921475
228395	0.0004949495513
228396	0.0006736051347
228397	1.979732422e-05
228398	0.0006632817248
228399	0.0008507592059
228400	0.0007038363432
228401	0.0002577360976
228402	0.001137638802
228403	0.001613713215
228404	0.0006934366079
228405	0.001200353148
228406	0.0003556890902
228407	0.001058572396
228408	0.0008731639064
228409	0.00111946601
228410	0.0006605883045
228411	0.0008770320984
228412	0.0002253583881
228413	0.001038833923
228414	0.001446481139
228415	0.0004519836939
228416	0.0008344012115
228417	0.0006346985255
228418	0.0006353222623
228419	0.0004413442403
228420	0.0001161788775
228421	0.0005290172356
228422	0.001410021933
228423	0.0009772625327
228424	0.001891673047
228425	0.001074042051
228426	0.0008590315693
228427	0.0003442018402
228428	0.0008994398409
228429	0.00111884472
228430	0.0009395930452
228431	0.0005084727923
228432	0.001128547807
228433	0.0009505665893
228434	0.0009037992382
228435	0.001156544858
228436	0.001300719357
228437	0.0002892155146
228438	0.0006229555252
228439	0.0009540783468
228440	0.0008832234512
228441	0.0007309614711
228442	0.0006517447862
228443	0.001062909256
228444	0.0006478501576
228445	0.0009927906781
228446	0.0002920922473
228447	0.0003334870716
228448	0.0001835235781
228449	0.0009857387656
228450	0.0007024076279
228451	0.001203441201
228452	0.0008873849926
228453	0.0009514106366
228454	0.001295122239
228455	0.0007186453607
228456	0.001096739658
228457	0.001242202136
228458	0.0007406463121
228459	0.001115825964
228460	0.0009300417275
228461	0.0008912340224
228462	0.000759771537
228463	0.0005867582763
228464	0.00121742991
228465	0.0007900101706
228466	0.0003342441661
228467	0.0008888375968
228468	0.0008065102615
228469	0.0005448890196
228470	0.001098038183
228471	0.0006797029063
228472	0.0007535422637
228473	0.00122806027
228474	0.001339671448
228475	0.0003918715049
228476	0.0009151301696
228477	0.0002998086419
228478	0.0005439974812
228479	0.0003151400339
228480	0.001109889558
228481	0.001142188668
228482	0.001133907447
228483	0.0007197488253
228484	0.0010909953
228485	0.001109940452
228486	0.0007536589089
228487	0.0003952177578
228488	0.0004136591278
228489	0.0007858412098
228490	0.0005600730924
228491	0.000672437467
228492	0.0007311052556
228493	0.0008867634839
228494	0.0004546553869
228495	0.0006350104419
228496	0.0005659586878
228497	0.0005745066155
228498	0.0005574916261
228499	0.0007432122685
228500	0.0005076491521
228501	0.001206169311
228502	0.0007814133655
228503	0.0007726120957
228504	0.001164714939
228505	0.0003954388682
228506	0.0008044807238
228507	0.0006089854048
228508	0.0005492268244
228509	0.0005308974073
228510	0.0001078177945
228511	0.00127602261
228512	0.0007752260292
228513	0.001249221639
228514	0.0008771162728
228515	0.0008506938992
228516	0.0007731959298
228517	0.0006793844099
228518	3.88441549e-05
228519	0.0008095536578
228520	0.0007344054794
228521	0.0007953929031
228522	0.0006657191546
228523	0.0005709517779
228524	0.0003744655828
228525	0.0009525793756
228526	0.00104157928
228527	0.000331144863
228528	0.0002970697024
228529	0.001105884088
228530	0.001064353795
228531	0.001235890347
228532	0.0009271816003
228533	0.001044613108
228534	0.001020998186
228535	0.0005995896703
228536	0.0001056297911
228537	0.0008329973639
228538	0.0008366598637
228539	0.0009390682985
228540	0.001211846211
228541	0.0006242790946
228542	0.0007575688697
228543	0.000937116006
228544	0.0009671519947
228545	0.00128590005
228546	0.001489908626
228547	0.0003350090454
228548	0.0009140763336
228549	0.001786323378
228550	0.0009546373235
228551	0.0004096885584
228552	0.001154529208
228553	0.0005238926039
228554	0.001354874452
228555	0.001413069216
228556	0.0006830177697
228557	0.0007764234946
228558	0.0004673358701
228559	0.0009928369762
228560	0.001279418857
228561	0.001098062778
228562	6.087900342e-05
228563	0.0003782583105
228564	0.001579080818
228565	0.0004433644244
228566	0.0002430860951
228567	0.0009082954536
228568	0.0009856506834
228569	0.001231598385
228570	0.0008131048642
228571	0.001045795797
228572	0.001145615871
228573	0.0007807930206
228574	0.0007244327831
228575	0.00142603994
228576	0.0005268048007
228577	0.0007800705874
228578	0.0009153127394
228579	0.001292136347
228580	0.001182746633
228581	0.0009811348916
228582	0.001267619958
228583	0.001417754363
228584	0.0002437932342
228585	0.0006698251752
228586	0.001214011929
228587	0.0003857602297
228588	0.0008619353335
228589	0.001509922839
228590	0.0010482222
228591	0.001050308574
228592	0.0008359966125
228593	0.0008245438987
228594	0.0008165249407
228595	0.001856763132
228596	0.001052610105
228597	0.001098372465
228598	0.0006666331526
228599	0.0007780865639
228600	0.0001377446999
228601	0.0009551780906
228602	0.0006775302167
228603	0.0008851111485
228604	0.001158067488
228605	0.0007668712766
228606	0.001065671126
228607	0.0002573811699
228608	0.0006141067564
228609	0.0002997492991
228610	0.0005254457746
228611	0.0001029751913
228612	0.0004380339364
228613	0.0008587272303
228614	0.001118751377
228615	0.0008046507101
228616	0.0008707038925
228617	0.0002297755398
228618	0.0005898033453
228619	0.001074338436
228620	0.0002930448885
228621	0.0004050537194
228622	0.0008409333825
228623	0.0008224124774
228624	0.0003944230086
228625	0.0010265458
228626	0.0006265727399
228627	0.001201879598
228628	0.001039759915
228629	0.001100261915
228630	0.0003461936447
228631	0.000885215653
228632	0.001597819225
228633	0.0005965908449
228634	0.001407896958
228635	0.001459370161
228636	0.000811221278
228637	0.001106455504
228638	0.0009964133649
228639	0.001151622152
228640	0.0007535840078
228641	0.0007417016895
228642	0.0008035312701
228643	0.00141607523
228644	0.0005746666331
228645	0.001229297461
228646	0.0009649514993
228647	0.0009858254256
228648	0.0009487665601
228649	0.0009540416183
228650	0.0002187178342
228651	0.0008409257893
228652	0.0006119225047
228653	0.0009492616459
228654	0.000970761093
228655	0.001226773601
228656	0.0009319438802
228657	0.000522498041
228658	0.0007047313857
228659	0.0003417107497
228660	0.0002627600597
228661	0.000147548152
228662	0.0009702299177
228663	0.0008003208254
228664	0.0009646224797
228665	2.771550378e-05
228666	0.0005541962937
228667	0.0003324450652
228668	0.0006854568946
228669	0.0009721342206
228670	0.001008319982
228671	0.001217883906
228672	0.0006014595056
228673	0.0009684683658
228674	0.0007222384632
228675	0.0005793071476
228676	0.0003986129053
228677	0.0008696045228
228678	0.001036581814
228679	0.001013612226
228680	0.000305935579
228681	0.0008994655268
228682	0.001037176498
228683	0.0009968187465
228684	0.0009768244148
228685	0.0008183744937
228686	0.0005349543856
228687	0.0001249250722
228688	0.001580640082
228689	0.0008571544097
228690	0.0004979479974
228691	0.0007570137093
228692	0.0007965658187
228693	0.001070613505
228694	0.0009632533813
228695	0.0009989559991
228696	0.0001726692869
228697	0.001106584691
228698	0.0009624969769
228699	0.0008597835305
228700	0.001098445109
228701	0.0002964926799
228702	0.001074645345
228703	0.0002471528839
228704	0.0009991377647
228705	0.0009397073094
228706	0.0004402007618
228707	0.0007162437589
228708	0.0006476023916
228709	0.000627980976
228710	0.001243026296
228711	0.000750275706
228712	0.0003523208816
228713	0.000577951343
228714	0.0004395343446
228715	0.0004581261272
228716	0.0009282066696
228717	0.0007656562264
228718	0.0003496339153
228719	0.0009407536635
228720	0.001000296563
228721	0.0008422573995
228722	0.0007558797025
228723	0.0001173295639
228724	0.001094691724
228725	0.001143611095
228726	0.001539230677
228727	0.0003721476828
228728	0.001055632115
228729	0.0009896592766
228730	0.001055976688
228731	0.0007620081728
228732	0.001084658252
228733	0.00115815922
228734	0.0003231523037
228735	0.0007394691903
228736	0.0005824666999
228737	0.000648996666
228738	0.0005309962022
228739	0.0005636818156
228740	0.001094524589
228741	0.001089861565
228742	0.001064480525
228743	0.0005150499418
228744	0.0001860920988
228745	0.0008778580358
228746	0.0007141436405
228747	0.0008291870863
228748	0.0009049292273
228749	0.0009325193543
228750	0.0005601457107
228751	0.0008221296298
228752	0.0009273218693
228753	0.0008604539412
228754	0.001072247275
228755	0.001057542154
228756	0.0007176421654
228757	0.001051130705
228758	0.0009727893712
228759	0.001235951154
228760	0.00136247158
228761	0.0008507345995
228762	0.0008526094179
228763	0.000489623831
228764	0.00068603105
228765	0.0007888036756
228766	0.001130629682
228767	0.001381722059
228768	0.001013481072
228769	0.0009652839098
228770	0.00106330837
228771	0.0008631638086
228772	0.0004132346199
228773	0.0003732422217
228774	0.0008288680819
228775	6.694177676e-05
228776	0.0005621787007
228777	0.001069327027
228778	0.0002538424575
228779	0.001408038139
228780	0.001025769798
228781	0.0004193778953
228782	0.0002853337291
228783	0.001036276849
228784	0.001053821926
228785	0.001162084336
228786	0.0009213547713
228787	0.000976114995
228788	0.0008598583258
228789	0.0003842378601
228790	0.0004752920754
228791	0.0001011462978
228792	0.001036546671
228793	0.0004545919524
228794	0.001160693842
228795	0.0005026449102
228796	3.13397085e-05
228797	0.0006153136214
228798	0.0009191647261
228799	0.001010697491
228800	0.001082584952
228801	7.738479559e-05
228802	0.0005358631743
228803	0.0005739269071
228804	0.0009292970048
228805	0.0006636824771
228806	0.0005257026203
228807	0.0005612745708
228808	0.0005148121053
228809	0.0007017145211
228810	0.001202847605
228811	0.0009268329425
228812	0.0007741289626
228813	0.0009701402414
228814	0.0008141281101
228815	0.000548111124
228816	0.002829515479
228817	0.0007842226368
228818	0.0007253241851
228819	0.0009838108585
228820	0.000606616577
228821	0.001269467775
228822	0.0003060718241
228823	0.0009586359153
228824	0.0009786931797
228825	0.001195826057
228826	0.001008013497
228827	0.0009905231855
228828	0.0008519185009
228829	0.0004571554176
228830	0.0004676069702
228831	0.0001682762032
228832	0.001060113151
228833	0.0006412220626
228834	0.00103073093
228835	0.001055110554
228836	0.000872433174
228837	0.001330467054
228838	0.00022249565
228839	0.001247139218
228840	0.0006209570088
228841	0.0008725082104
228842	0.0007622408041
228843	0.001048444427
228844	0.001617011799
228845	0.001239053771
228846	0.0003627243978
228847	0.0003270108775
228848	0.001025725921
228849	0.00124223141
228850	0.0005119964764
228851	0.0002989317636
228852	2.741896301e-05
228853	0.0005136584165
228854	0.000943343492
228855	0.0003733767715
228856	0.001193443938
228857	0.0002751170946
228858	0.0007048072135
228859	0.001438375554
228860	0.00105461003
228861	0.00106561169
228862	0.001175387604
228863	0.001523539392
228864	0.0007964320969
228865	0.001667373924
228866	0.001142356403
228867	0.0003896572158
228868	0.0006717030864
228869	0.001301456395
228870	0.000860116286
228871	0.0007810241635
228872	0.001035720465
228873	0.001021226971
228874	0.0005534818818
228875	0.0006907276074
228876	0.0004679834227
228877	0.000672943677
228878	0.0006470187988
228879	0.0007149472296
228880	0.0005072122499
228881	0.0008591009809
228882	0.001190028179
228883	0.0008676186076
228884	0.0009031420639
228885	0.0008850408983
228886	0.001328002957
228887	0.001062962253
228888	0.001171440188
228889	0.0008834666984
228890	0.001466285453
228891	0.0007658636263
228892	0.001293219733
228893	0.0008931463546
228894	0.0009056902258
228895	0.0008187056685
228896	0.0007847654218
228897	0.0001088183942
228898	0.0008095963218
228899	0.000955633561
228900	1.104859047e-05
228901	0.0003525937114
228902	0.0003982603246
228903	0.001018272832
228904	0.001065926198
228905	0.001079376631
228906	0.001026661825
228907	0.0008763462081
228908	0.001264316791
228909	0.0009728671754
228910	0.0004322035119
228911	0.0009510986319
228912	0.0004058065606
228913	0.0007516090865
228914	0.0004089982648
228915	0.0004700520531
228916	0.001001751452
228917	0.0007581205383
228918	0.0008892937808
228919	0.001618804229
228920	0.001357976502
228921	0.0008353216288
228922	0.0007721647648
228923	0.0006448423942
228924	0.001127570921
228925	0.0006571826943
228926	0.001351120949
228927	0.0004906879588
228928	0.001507604062
228929	0.001340712851
228930	0.001176996303
228931	0.000656591241
228932	0.001199269598
228933	0.0007825871786
228934	0.0006084335879
228935	0.0003209937552
228936	0.0007328785891
228937	0.0006858047708
228938	0.001108255558
228939	0.001003017649
228940	0.001153070661
228941	0.0008581129463
228942	0.0007076755537
228943	0.0008850459577
228944	0.0009133213423
228945	0.0007521103772
228946	0.001178265914
228947	0.0003749694635
228948	0.0006491090175
228949	0.000349691786
228950	0.0006649560176
228951	0.0007258759618
228952	0.0001444852733
228953	0.001071418236
228954	0.0005005026418
228955	0.0002908530999
228956	0.0009904823195
228957	0.001003055777
228958	0.0004578596213
228959	0.001336916134
228960	0.0001552752608
228961	0.0009184034671
228962	0.001071639374
228963	0.0007975929401
228964	8.060960704e-05
228965	0.001009838501
228966	0.0009266496574
228967	0.0005715558696
228968	0.001128689468
228969	0.0005914913252
228970	0.001017615222
228971	5.718308011e-05
228972	0.0007856111919
228973	0.0005443546047
228974	0.0007391746018
228975	0.001589166886
228976	0.001448443726
228977	0.0007350630594
228978	0.001144154171
228979	0.0008806014178
228980	0.0006879524433
228981	0.000727980286
228982	0.001069151923
228983	0.001382602916
228984	0.0008746687724
228985	0.001117707252
228986	0.0007289305779
228987	0.0008826866541
228988	0.0006704524504
228989	0.0005130215612
228990	0.0005211353977
228991	0.0007140331185
228992	0.001465619217
228993	0.001249780189
228994	0.001004333749
228995	0.000732252133
228996	0.0003372407367
228997	0.0004249358052
228998	0.0009843687343
228999	0.0007237502061
229000	0.001385499877
229001	0.001097041572
229002	0.0003872281285
229003	0.000104382261
229004	0.0009059664129
229005	0.0009193089307
229006	0.001222861417
229007	0.0009468787339
229008	0.0007331045209
229009	0.0006015055253
229010	0.0008708197865
229011	0.0002587261042
229012	0.0008246040955
229013	0.0006965429558
229014	0.000740780509
229015	0.001091428874
229016	0.0007774132584
229017	0.0001653610092
229018	0.0009570300685
229019	0.001368356512
229020	0.001197969445
229021	0.0009443671482
229022	0.0006490917752
229023	0.0004417962925
229024	0.0002706771989
229025	0.0007951369506
229026	0.0009433125935
229027	0.001361753252
229028	0.0003068882464
229029	0.001128993364
229030	0.0005025352961
229031	0.0007334234783
229032	0.0009289041067
229033	0.00100852707
229034	0.0006183448618
229035	0.0007537021783
229036	0.0005348930967
229037	0.001176575537
229038	0.0007366388679
229039	0.0009964306924
229040	0.0003494189021
229041	0.001016950283
229042	0.0005612769722
229043	0.001158349663
229044	0.0009534737619
229045	0.0007771372055
229046	0.0009608256665
229047	0.0007906019273
229048	0.0003030469728
229049	0.001304934778
229050	0.0004117487635
229051	0.0007810743464
229052	0.0008008828319
229053	0.0003457882102
229054	0.0007297767405
229055	0.0009523842267
229056	0.0009435570632
229057	0.000831106303
229058	0.001183962719
229059	0.001098787718
229060	0.0008888105625
229061	0.0007073738159
229062	0.0006454298251
229063	0.0007501371251
229064	0.0008514030344
229065	0.0003821666777
229066	0.0003006699657
229067	0.0009922761724
229068	0.001106925685
229069	0.00105544159
229070	0.00112914984
229071	0.001106272753
229072	0.001057129683
229073	0.0007072066749
229074	0.0001895067114
229075	0.001113678721
229076	0.0005154327897
229077	0.0006691541642
229078	0.0007878882116
229079	0.001183412627
229080	0.0009125330875
229081	0.0009643107822
229082	0.0004306907224
229083	0.000956470515
229084	0.0007116914409
229085	0.0009134496778
229086	0.001259016148
229087	0.000703155644
229088	0.0008415200141
229089	0.001117484999
229090	0.0006163930448
229091	0.0003038248975
229092	0.0007712518792
229093	0.0009976623508
229094	0.000921833093
229095	0.001204205023
229096	0.001046356898
229097	0.0007963268665
229098	0.001053420952
229099	0.0008586579295
229100	0.0009306249419
229101	0.0004248545492
229102	0.001452101686
229103	0.0009945290303
229104	0.0007031166994
229105	0.001409446271
229106	0.0009058434502
229107	0.001005402387
229108	0.0008457686076
229109	0.0005530335061
229110	0.0005593690117
229111	0.0005731841756
229112	0.001088893427
229113	0.00110324227
229114	0.001036771541
229115	0.001145832361
229116	0.00100448886
229117	0.0009369089265
229118	0.001423104329
229119	0.0007282402943
229120	0.001471892054
229121	0.0007329825926
229122	0.0005627403813
229123	0.001044877144
229124	0.0009019844677
229125	0.0002954986414
229126	0.0005569421057
229127	0.0003896557218
229128	0.001463240971
229129	0.001169584648
229130	0.0006702919698
229131	0.0003869119485
229132	0.001169936712
229133	0.0001921524497
229134	0.00102164822
229135	0.001120707422
229136	0.0002215400132
229137	0.000267162315
229138	0.0004792503152
229139	0.0003487918209
229140	7.921327703e-05
229141	0.001201135614
229142	0.001319271904
229143	0.0007071829469
229144	0.0010106679
229145	0.0002960380832
229146	0.0008629816918
229147	0.000745170913
229148	0.0008612355473
229149	0.001330846761
229150	0.001018329682
229151	0.0002876413039
229152	0.001233351126
229153	0.0008353771755
229154	0.0007176685682
229155	0.0003565797493
229156	0.0008114235292
229157	0.0009232507422
229158	3.101259125e-05
229159	0.0005497077859
229160	0.001100297967
229161	0.0008101894111
229162	0.0007695084542
229163	0.0009814129185
229164	0.001037556058
229165	0.001078184631
229166	0.002059635967
229167	0.001245532589
229168	0.0003521549334
229169	0.0009844087786
229170	0.0008859641531
229171	0.00079635447
229172	0.0004799097364
229173	0.001397814356
229174	0.0001047587692
229175	0.0005327139228
229176	0.0007388389067
229177	0.0005173470956
229178	0.0008097584925
229179	0.0005711552945
229180	0.001071666061
229181	0.001031267158
229182	0.0002079097343
229183	0.0009561808866
229184	0.001063551941
229185	0.0005828559848
229186	0.001041653692
229187	0.0006289366047
229188	0.0007198649531
229189	0.0003993101556
229190	0.001732039081
229191	0.0007744462542
229192	0.0003368737994
229193	0.0003416332986
229194	0.001131898252
229195	0.0001336620106
229196	0.0007937112955
229197	0.0008158459323
229198	0.0009286802373
229199	0.000509299058
229200	0.001116561167
229201	0.0008840135156
229202	0.001141923778
229203	0.001209095827
229204	0.0007185890947
229205	0.0001963383015
229206	0.000987779698
229207	0.001322294771
229208	0.0004813981946
229209	0.001098793794
229210	0.0001527521007
229211	0.0005211277646
229212	0.0009566899272
229213	0.0009171531146
229214	0.001062623382
229215	0.0002419999593
229216	0.0004436524381
229217	0.001097818315
229218	0.0002729921802
229219	0.00137498484
229220	0.0004461976349
229221	0.001158089421
229222	0.0001478468936
229223	0.0005529328914
229224	0.001138159118
229225	0.001265183149
229226	0.00117938455
229227	0.001690913257
229228	0.0008017859695
229229	0.0006293050427
229230	0.001331954905
229231	0.0006680026
229232	0.0008478048689
229233	0.0008799132261
229234	0.0007476416413
229235	0.0008636062958
229236	0.0004902425926
229237	0.00116241959
229238	0.0002891163534
229239	0.0001794886786
229240	0.0008746618438
229241	0.0009286784973
229242	0.0009609356088
229243	0.0004173788939
229244	0.0006413126181
229245	0.00140051208
229246	0.0009862090053
229247	0.0009359761382
229248	0.000122570252
229249	0.0005713268261
229250	0.001006952753
229251	0.0009174109937
229252	0.0004829271342
229253	0.0006981268779
229254	0.0005509431651
229255	0.001253979527
229256	0.001085589601
229257	0.0009786753614
229258	0.001138433934
229259	0.001576475167
229260	0.0006412787857
229261	0.0009959700899
229262	0.0003088861683
229263	0.0009381119271
229264	0.0007112156541
229265	0.0006477820007
229266	0.0009805511223
229267	0.001191861817
229268	0.000318808963
229269	0.0009829305767
229270	0.0005266542214
229271	0.00118659799
229272	0.001092931652
229273	0.001423665841
229274	0.001092909723
229275	0.001028073436
229276	0.000874803382
229277	0.0007811353883
229278	0.0007767852583
229279	0.00162063656
229280	0.001079552444
229281	0.0005868886328
229282	0.001341008709
229283	0.0007010804781
229284	0.001021142631
229285	0.0011312978
229286	0.001229347374
229287	0.0004853654401
229288	0.0008295904073
229289	0.0006440142072
229290	0.0006842113956
229291	0.001627899871
229292	0.0006235694873
229293	0.0008111079298
229294	0.0007387222929
229295	0.001243340947
229296	0.0009050645141
229297	0.0008492305368
229298	0.001208532534
229299	0.0009973966074
229300	0.0004446489053
229301	0.0003033301034
229302	0.0009389426164
229303	0.0005935531399
229304	0.001142367209
229305	0.0004494714727
229306	0.0007546862715
229307	0.0006120681947
229308	0.001241232901
229309	0.0003936431966
229310	0.0008860834565
229311	0.0005282307889
229312	0.0005548858137
229313	0.0007528975459
229314	0.001046001729
229315	0.001209053214
229316	0.001229028903
229317	0.000840499148
229318	0.001187633176
229319	0.0008185936542
229320	0.0009809976848
229321	0.0007090231049
229322	0.0001735363841
229323	0.0006616781223
229324	0.0009922218917
229325	0.0008605961432
229326	0.001258513509
229327	0.0005236616481
229328	0.0008119235448
229329	0.0008368003884
229330	0.0004361454884
229331	0.0008754513864
229332	0.0004064996627
229333	0.0004360040292
229334	0.00060560048
229335	0.0005984525086
229336	0.0009925055205
229337	0.0009181267348
229338	0.0006082681917
229339	0.001367183778
229340	0.001147980322
229341	0.001099993142
229342	0.001624335149
229343	0.0006948089788
229344	0.0009244202771
229345	0.001164751076
229346	0.001015527842
229347	0.0007431615844
229348	0.0006811656203
229349	0.001290601635
229350	0.001112242418
229351	0.001305324811
229352	0.0008994223364
229353	0.0007703140261
229354	0.001148688966
229355	0.0005424568808
229356	0.000923761644
229357	0.0008113311285
229358	0.0007244980224
229359	0.0009322719869
229360	0.0008710155423
229361	0.0004831017729
229362	0.000798055697
229363	0.001011165351
229364	0.0008211012677
229365	0.001106312947
229366	0.0006238098747
229367	0.001052145408
229368	0.0002691392642
229369	0.0009361810369
229370	0.001104736762
229371	0.001152647398
229372	0.00124342422
229373	0.0007005448292
229374	0.001300333319
229375	0.001005565065
229376	0.0001207237801
229377	0.0006482872607
229378	0.001341977426
229379	0.001223487661
229380	0.0009275314745
229381	0.0001248805778
229382	0.0009128368313
229383	0.0007892116705
229384	0.0008039032422
229385	0.0006072519163
229386	0.001065840304
229387	0.0009991480032
229388	0.001104982267
229389	0.001065357234
229390	0.0008614215136
229391	0.0006564337787
229392	0.001279804921
229393	0.0009407117985
229394	0.0009430050195
229395	0.001021519428
229396	0.001322134511
229397	0.0003858097682
229398	0.0008693769492
229399	0.001158101135
229400	0.001084567801
229401	0.0007577537606
229402	0.0009731024763
229403	0.001087997138
229404	0.0008288644978
229405	0.001130063551
229406	0.0001579310108
229407	0.001287076978
229408	0.0009245361181
229409	0.001303829875
229410	0.0009983105082
229411	0.000154849958
229412	0.0008403887288
229413	0.0009551068957
229414	7.545931735e-05
229415	0.0009304871111
229416	0.001236314311
229417	0.0006551164245
229418	0.001298360598
229419	0.0007730929578
229420	0.0008407989056
229421	0.0008069975512
229422	0.0008037670646
229423	0.0009670855299
229424	0.000951069998
229425	0.0006993927524
229426	0.001059021097
229427	0.0006555680805
229428	0.0007264113627
229429	0.001251340105
229430	0.001368748042
229431	0.001442344315
229432	0.00103752028
229433	0.0007970242372
229434	0.001224001725
229435	0.0006604684237
229436	0.0007472972668
229437	0.001249366607
229438	0.0003610184416
229439	0.0009683705832
229440	0.001350922469
229441	0.001600613106
229442	0.0007408827318
229443	0.001002901761
229444	0.0008489966635
229445	0.000878259848
229446	0.000327924439
229447	0.0001937834091
229448	0.001127468945
229449	0.0007529760317
229450	0.000995422323
229451	0.0005312552255
229452	0.0006165643104
229453	0.001210553923
229454	0.0009752286596
229455	0.0007516160126
229456	0.0005705669645
229457	0.0009229148407
229458	0.0005774221277
229459	0.0008690631712
229460	0.001097185531
229461	0.001071973694
229462	0.0009546736671
229463	0.0006955764938
229464	0.0003163713528
229465	0.0004361015649
229466	0.001033706522
229467	0.0006446000052
229468	0.00112847585
229469	0.0005590401912
229470	0.0004858389724
229471	0.0009277408454
229472	0.0007234396934
229473	0.001340622028
229474	0.001435258673
229475	0.0007249802548
229476	0.000696034006
229477	0.001133340249
229478	0.00107670305
229479	0.0008624849213
229480	0.001041145479
229481	0.00137307963
229482	2.36868706e-05
229483	0.000978165472
229484	0.0007928452568
229485	0.001013766466
229486	0.000705659718
229487	0.001062933676
229488	0.0004616397567
229489	0.00071144693
229490	0.001012814939
229491	0.0006203784838
229492	0.0007947052651
229493	0.001908918999
229494	0.0009616881405
229495	0.0009613308448
229496	0.0008885752207
229497	0.0005425104404
229498	0.000769785913
229499	0.0007486253042
229500	0.0005691695281
229501	0.001411783349
229502	0.0009570122462
229503	0.0009227293683
229504	0.001256681469
229505	0.0003918200924
229506	0.0008360373592
229507	0.0006109653925
229508	0.0009577277664
229509	0.0004208704869
229510	0.000897718711
229511	0.001059420834
229512	0.001086963789
229513	0.001039525118
229514	0.0007301323156
229515	0.000584610014
229516	0.0009740732518
229517	0.001440455587
229518	0.0008474627213
229519	0.001423348131
229520	0.001007502533
229521	0.0006819368346
229522	0.0006017746777
229523	0.001005418859
229524	0.001024779146
229525	0.0008241754488
229526	0.0009026275283
229527	0.001216374185
229528	0.001224143444
229529	0.0008152620157
229530	0.001058681152
229531	0.0008223486309
229532	0.0008653518923
229533	0.001282481076
229534	0.001024539593
229535	0.001119424486
229536	0.001133251205
229537	0.0007734829897
229538	0.0007007157084
229539	0.001129111903
229540	0.00122364911
229541	0.0009158941553
229542	0.00040473338
229543	0.0004543532908
229544	0.0009508594618
229545	0.001410628824
229546	0.0006801505662
229547	0.001052501429
229548	0.0007982249036
229549	0.001001524067
229550	0.0004081635574
229551	0.0008835081526
229552	0.0006433941707
229553	0.0004078125458
229554	0.0008489191212
229555	0.001197928187
229556	0.0006378314655
229557	0.0007064697894
229558	0.0001830740469
229559	0.0005899556759
229560	0.0007923597942
229561	0.001005981133
229562	0.0007309123026
229563	0.001262169325
229564	0.0005596215553
229565	0.001341285524
229566	0.0006972291813
229567	0.0004919927434
229568	0.0007469934018
229569	0.0008566792374
229570	0.0009559818833
229571	0.0007408327659
229572	0.0006686558667
229573	0.001091994289
229574	0.0006087756506
229575	0.0007260548237
229576	0.0007048740891
229577	0.0004288489185
229578	0.000930351845
229579	0.001127448965
229580	0.0001456946886
229581	0.001243629248
229582	0.001105135612
229583	0.001220890251
229584	0.001586060673
229585	0.001022951822
229586	0.0008501601958
229587	0.0006447938816
229588	0.0004362598941
229589	0.0002776215459
229590	0.001190830226
229591	0.0005851578715
229592	0.0008752679132
229593	0.001325016452
229594	0.001391159744
229595	0.0003174666333
229596	0.0004321887011
229597	0.0006788869047
229598	0.0009068538587
229599	0.0009208705796
229600	0.001493026983
229601	0.000556788555
229602	0.0007370189533
229603	0.0006577882621
229604	0.001725840048
229605	0.001157290519
229606	0.001020169759
229607	1.340004346e-05
229608	0.0007543962881
229609	0.000929784001
229610	0.0009390864379
229611	0.000599575506
229612	0.001082704518
229613	0.0009856127727
229614	2.22805535e-05
229615	0.0007487879307
229616	0.0008891752574
229617	0.0007477077563
229618	0.001334493736
229619	0.0009857271793
229620	0.0008700933115
229621	0.0005594198861
229622	0.0007372853967
229623	0.000469811096
229624	0.0005962199523
229625	0.001109359306
229626	6.142684784e-05
229627	0.0009248350919
229628	0.001302929048
229629	0.0006871446382
229630	0.00102875468
229631	0.0004140442754
229632	0.0004746980137
229633	0.0007623436695
229634	0.0008144680832
229635	0.0008319934795
229636	0.0008748243074
229637	0.0008864581029
229638	0.0006717761479
229639	0.0008628905065
229640	0.0009476438258
229641	0.001334091747
229642	0.0009345162357
229643	0.0009633445507
229644	0.001296471281
229645	0.0009091667651
229646	0.0005832438443
229647	0.0008693413608
229648	0.001234784336
229649	0.0004886296689
229650	0.001035334556
229651	0.001351281577
229652	0.0009524463559
229653	0.0009890049921
229654	0.0009800334499
229655	0.001174124768
229656	0.001053998199
229657	0.001196959944
229658	0.000679509702
229659	0.001013882862
229660	0.0003412898776
229661	0.001165258725
229662	0.0008954185632
229663	0.00089150039
229664	0.001161565671
229665	0.0007433565066
229666	0.0001314545203
229667	0.001001270526
229668	0.00105009158
229669	0.0009525928367
229670	0.001061409024
229671	0.0008427211218
229672	0.00144518152
229673	0.0006381012303
229674	0.001444456007
229675	0.001200164984
229676	0.0005791849684
229677	0.0009775147605
229678	0.0001806771245
229679	0.0008865793095
229680	0.0009011665896
229681	0.0006907708523
229682	0.00121960226
229683	0.0007238217608
229684	0.001015709374
229685	0.0008782274507
229686	0.0004635812469
229687	0.0007652508953
229688	0.0005894036153
229689	0.000962267941
229690	0.0005598456817
229691	0.0009963185959
229692	0.0007600112957
229693	0.001227423935
229694	0.0003432298438
229695	0.0006805650554
229696	0.0007961785997
229697	0.001037757623
229698	0.0008759011369
229699	0.000973863579
229700	0.0006516933025
229701	0.001144686199
229702	0.000950277554
229703	0.001148609024
229704	0.000636744878
229705	0.0008246277427
229706	0.0008580131311
229707	0.0011176144
229708	0.0001930169864
229709	0.0007517215635
229710	0.0007443782109
229711	0.0005510955207
229712	0.001083141266
229713	0.0006270408604
229714	0.0008343928115
229715	0.00128490967
229716	0.001313742785
229717	0.0008145167496
229718	0.0005412261768
229719	0.0008702101587
229720	0.00126223956
229721	0.001286692116
229722	0.0003999011418
229723	0.001030998861
229724	0.001336030406
229725	0.0006243636339
229726	0.0007683337319
229727	0.0005658050444
229728	0.0007383792666
229729	0.001165038866
229730	0.001107942626
229731	0.001497536509
229732	0.0008691606842
229733	0.00107562462
229734	0.0004732135552
229735	0.0006528499516
229736	0.001524277334
229737	0.0008683445966
229738	0.0009510591384
229739	0.000946186011
229740	0.001100660153
229741	0.0006045983822
229742	0.0005855628407
229743	0.001151129268
229744	0.0009313058043
229745	0.0006013976891
229746	0.0006189277982
229747	0.001131739847
229748	0.0007623053632
229749	0.0008370970598
229750	0.0007665550312
229751	0.0005795477425
229752	0.0002363479008
229753	0.0007825915053
229754	0.0007345773308
229755	0.000815076769
229756	0.0009895929274
229757	0.0009444229899
229758	0.0006064390996
229759	0.001121561898
229760	0.0007479516433
229761	0.0005489445794
229762	0.0007262444492
229763	0.0009380810589
229764	6.702217836e-05
229765	0.001330887282
229766	0.001310531579
229767	0.001121995339
229768	0.001247226865
229769	0.001049042022
229770	0.001261815144
229771	0.001294011193
229772	0.0009200879297
229773	0.001057854479
229774	0.0002548972129
229775	0.00115537838
229776	0.0005499041563
229777	0.0004454876762
229778	0.0006623655927
229779	0.0002897845689
229780	0.0009590104993
229781	0.0008168369676
229782	0.0008825758704
229783	0.0003277985327
229784	0.001017054904
229785	0.001063389736
229786	0.001323808028
229787	0.001015401798
229788	0.0007221831299
229789	0.0007078193072
229790	0.0006783471399
229791	0.000960211528
229792	0.0003668406262
229793	0.0007051210916
229794	0.0006936233038
229795	0.0006241363223
229796	0.0008127800533
229797	0.000884025385
229798	0.0005521852931
229799	0.0004789957937
229800	0.0008422644407
229801	0.0009762871657
229802	0.001214321285
229803	0.0006719803751
229804	0.000805538351
229805	0.0008163221692
229806	0.001587552104
229807	0.0009791069611
229808	0.001651726554
229809	0.001098605535
229810	0.001279834307
229811	0.001251633394
229812	0.0009239581221
229813	0.0008851130227
229814	0.0006577263362
229815	0.001210156285
229816	0.0003091663008
229817	0.0008197837358
229818	0.0004727964664
229819	0.001196042831
229820	0.001309701783
229821	3.929523771e-05
229822	0.0009648815903
229823	0.0008522638416
229824	0.0006918169709
229825	0.00121043667
229826	0.001511703167
229827	0.0006637459092
229828	0.001109263156
229829	0.0007629866901
229830	0.0003108486864
229831	0.0006775532457
229832	6.187122881e-05
229833	0.0009426777609
229834	0.0004909775504
229835	0.001474364246
229836	0.0002574743013
229837	0.0002931418543
229838	0.0006103652687
229839	0.0009754588116
229840	0.0009578191534
229841	0.001142152235
229842	0.0006590146174
229843	0.0007003732456
229844	0.0007898368277
229845	0.0005403695017
229846	0.0008512654665
229847	8.618821492e-05
229848	0.0006331191902
229849	0.0007993480237
229850	0.0007143760453
229851	0.001358436115
229852	0.00113160275
229853	0.0001264088944
229854	0.000729654441
229855	0.0007161914146
229856	0.0004128038155
229857	0.0007279582746
229858	0.0009061370633
229859	0.0003614230066
229860	0.0005489095717
229861	0.001399599415
229862	0.000429531014
229863	0.0003417083175
229864	0.00084667234
229865	0.0007892026723
229866	0.0006346716942
229867	0.0003159578861
229868	0.001577775294
229869	0.001052227359
229870	0.00130208521
229871	0.0008063448046
229872	0.001549237102
229873	0.001064921743
229874	0.0009156581715
229875	0.0007954190627
229876	0.0008519647954
229877	0.001086155609
229878	0.001051539808
229879	0.001286118446
229880	0.0007555233962
229881	0.000883570148
229882	0.0004964270947
229883	0.001091296369
229884	0.0009921411501
229885	0.001427087193
229886	0.001343891224
229887	0.0007858011758
229888	0.0007249132442
229889	0.001093568728
229890	0.0006746972992
229891	0.0005968341407
229892	0.0005278030419
229893	0.0004314092265
229894	0.0008165609001
229895	0.001084909372
229896	0.000887587693
229897	0.001000100202
229898	0.0009690555732
229899	0.0004969333909
229900	0.00131738121
229901	0.0009240965797
229902	0.0004138205859
229903	0.001146112835
229904	0.0008409438913
229905	0.0006109302735
229906	0.001221703725
229907	0.001053655749
229908	0.001367320084
229909	0.0008223092531
229910	0.0008874754114
229911	0.0007846596625
229912	0.000917323368
229913	0.001396288008
229914	0.001029855091
229915	0.0006901087432
229916	0.000971233827
229917	0.0004129708124
229918	0.001527070465
229919	0.00159621865
229920	0.001042982266
229921	0.001837059163
229922	0.00120774663
229923	0.001102929943
229924	0.001361219412
229925	0.001054059566
229926	0.001458074642
229927	0.0009262986597
229928	0.001053537818
229929	0.00103901112
229930	0.001238366425
229931	0.001002747788
229932	0.0008601375893
229933	0.001186843114
229934	0.0009804702553
229935	0.0009944298118
229936	0.0006380843377
229937	0.0009079862415
229938	0.0009023060537
229939	0.0008263643494
229940	0.0007462814698
229941	0.0006378609745
229942	0.0009146969224
229943	0.000522322859
229944	0.0003836869512
229945	0.0007286820818
229946	0.0005144546914
229947	0.0007938815124
229948	0.0009612993681
229949	0.001017990061
229950	0.0009948837286
229951	0.0005839224921
229952	0.001132017568
229953	0.0007586218475
229954	0.001318841532
229955	0.0006431140234
229956	0.0007651334132
229957	0.0008735220862
229958	0.0008756539878
229959	0.001230139235
229960	0.001110148357
229961	0.001612064335
229962	0.001361726774
229963	0.0007122131849
229964	0.0004948371108
229965	0.00100828468
229966	0.001657184455
229967	0.001376440899
229968	0.0009590767813
229969	0.00138172216
229970	0.0009223701971
229971	0.0008787986532
229972	0.0004587839774
229973	0.0006343419456
229974	0.0003813575844
229975	0.0008826636011
229976	0.0007782732861
229977	0.0006833083209
229978	0.001457487211
229979	0.0003475193123
229980	0.0007706234807
229981	0.001553086028
229982	0.0006403618975
229983	0.001044558594
229984	0.0006993545855
229985	0.000841987523
229986	0.0004421953186
229987	0.000177735526
229988	0.0001705307568
229989	0.001024640563
229990	0.00128776106
229991	0.0009405155562
229992	0.0006201678331
229993	0.0007907778877
229994	0.0004241875974
229995	0.001052555473
229996	0.0002466374614
229997	0.001024893078
229998	0.001118172756
229999	0.0007833649342
230000	0.001180725445
230001	0.00105698151
230002	0.0008185688507
230003	0.0008907248785
230004	0.0006977275416
230005	0.0007868519061
230006	0.001338843516
230007	0.0006473977536
230008	8.822985007e-05
230009	0.001025088075
230010	0.0007632378561
230011	0.001014834896
230012	0.0007936736827
230013	0.001267612538
230014	0.0009288595299
230015	0.001171565535
230016	0.000541897853
230017	0.0003758755874
230018	0.0009282008694
230019	0.0008746939715
230020	0.0005403391922
230021	0.0006594316614
230022	0.0006491105513
230023	0.0008558353525
230024	0.0004546789019
230025	0.0001987842875
230026	0.0005252979551
230027	0.0009364616685
230028	0.0005975746989
230029	0.0007024916359
230030	0.001074274992
230031	0.0005638766678
230032	0.000244028557
230033	0.001191474504
230034	0.0001970403902
230035	0.0007406519084
230036	0.0006923625374
230037	0.0009953772511
230038	0.001327783979
230039	0.001398862184
230040	0.0004529411559
230041	0.0009253709767
230042	0.001088122531
230043	0.0001952227847
230044	0.0006249430803
230045	0.0007565157906
230046	0.0005418706541
230047	0.0007449532429
230048	0.0005411584284
230049	0.000549079524
230050	0.0009040660978
230051	0.000800325749
230052	0.0009305483925
230053	0.000839580736
230054	0.0009544805144
230055	0.0008613719269
230056	0.001902828896
230057	0.001628532331
230058	0.001002572901
230059	0.0008377368297
230060	0.0009320458129
230061	0.0008639226785
230062	0.0005190213707
230063	0.001036701054
230064	0.001307334954
230065	0.0005545968502
230066	0.001091722396
230067	0.001188394018
230068	0.0009207077958
230069	0.0006379374987
230070	0.0008318423494
230071	0.0005520888307
230072	0.0008201806149
230073	0.000915857418
230074	0.0009757493377
230075	0.0005774333536
230076	0.0008741633578
230077	0.0009456002703
230078	0.0007003906985
230079	0.0007851479418
230080	0.0009559198531
230081	0.0008448000824
230082	0.0007222794134
230083	0.001531549282
230084	0.001030765216
230085	0.0009298951437
230086	0.0008992640164
230087	0.0007237117467
230088	0.0002459812124
230089	0.0009927919457
230090	0.001038240869
230091	0.0004067721668
230092	0.0001693817489
230093	8.017040061e-05
230094	0.001553793463
230095	0.0006320314935
230096	0.0003958217672
230097	0.0009834532866
230098	0.0008056931884
230099	0.0009391850057
230100	0.0007126053118
230101	0.0008203633695
230102	0.0004561489276
230103	0.0003681384012
230104	0.0008987742617
230105	0.001229838099
230106	0.001413237703
230107	0.001300454833
230108	0.0006426418171
230109	0.001132074803
230110	0.0006309681182
230111	0.0008554981256
230112	0.001105854695
230113	0.0002280136727
230114	0.0008688642203
230115	0.0007839434209
230116	0.001849820186
230117	0.0009805490153
230118	0.0005600455492
230119	0.0006931982363
230120	0.0003141162791
230121	0.001018916373
230122	0.0008214624516
230123	0.0005869309028
230124	0.0008877006302
230125	0.0008530591613
230126	0.0007505043747
230127	0.0005658503525
230128	0.0007310266594
230129	0.000487681326
230130	0.000970431724
230131	0.0009660618389
230132	0.0008383198207
230133	0.00104321783
230134	0.0009203093263
230135	0.0007015400258
230136	0.0006901386661
230137	0.0005030224082
230138	0.001104278731
230139	0.001090621804
230140	0.0006235163696
230141	0.0006517174977
230142	0.0007240182424
230143	0.0005758958496
230144	0.0004940698348
230145	0.001119180473
230146	0.0008562465571
230147	0.001586709803
230148	0.001048996178
230149	0.0009353684811
230150	0.001512314692
230151	0.0009199313725
230152	0.000579096928
230153	0.001037872445
230154	0.001043458337
230155	0.0007287745042
230156	0.0006637696986
230157	0.001528623781
230158	0.001156155105
230159	0.001303046533
230160	0.001173628261
230161	0.0006361985606
230162	0.001136280837
230163	0.0006753144662
230164	0.0001536805064
230165	0.0008448564481
230166	0.0009365470095
230167	0.001019017505
230168	0.001134898164
230169	0.000851362217
230170	0.0007070566521
230171	0.0008936427938
230172	0.00065499621
230173	0.0007144676053
230174	0.001048125229
230175	0.000581115151
230176	0.000445462824
230177	0.001012122201
230178	0.0009849750901
230179	0.001056072843
230180	0.001027713618
230181	0.001355586232
230182	0.0005938709519
230183	0.0003422894246
230184	0.001070325957
230185	0.001128754792
230186	0.0002357506073
230187	0.0006876401199
230188	0.001323023073
230189	0.001459083169
230190	0.0006907949082
230191	0.001411286982
230192	0.00141333233
230193	0.0008036600158
230194	0.001094036321
230195	0.0005717027364
230196	0.0006597215554
230197	0.0008949926877
230198	0.001184731969
230199	0.0007843484146
230200	0.0005223732921
230201	0.000988930904
230202	0.000663334483
230203	0.0006005328103
230204	0.0009316595429
230205	0.000975058418
230206	0.001166411322
230207	0.0006756217649
230208	0.0006749352306
230209	0.001230068497
230210	0.0007482941729
230211	0.0007855056586
230212	0.0004357794362
230213	0.0009679439788
230214	0.001188131066
230215	0.0006071616904
230216	0.0008723910714
230217	0.0008241028139
230218	0.0008218341806
230219	0.0009468056048
230220	0.001077804203
230221	0.0008629731042
230222	0.00121315041
230223	0.0008206049884
230224	0.001008746527
230225	0.0008042282358
230226	0.001519375568
230227	0.0007992171822
230228	0.001155430994
230229	0.0009219988134
230230	0.0006737260923
230231	0.0005863232241
230232	0.001067356689
230233	0.0004354075452
230234	0.001030680416
230235	0.0007474989031
230236	0.0007013694059
230237	0.001018237746
230238	0.00100021003
230239	0.001012857974
230240	0.0007700670881
230241	0.0008829749537
230242	0.001033740772
230243	0.001137390197
230244	0.0007018617031
230245	0.0005304486983
230246	0.0006496020157
230247	0.0009864039811
230248	0.001280258461
230249	0.0009199346028
230250	0.0009088857999
230251	0.0007817430809
230252	0.0008413940612
230253	0.000751655496
230254	0.0008578126967
230255	0.0009349198291
230256	0.00112434825
230257	0.0008140942348
230258	0.0008612517018
230259	0.000660809079
230260	0.001124622237
230261	0.001246698682
230262	0.001344538978
230263	0.0008181496213
230264	0.0007671780944
230265	0.001059147809
230266	0.000925594758
230267	0.001013610357
230268	0.0008458333176
230269	0.001171579329
230270	0.0003996582995
230271	0.001277812163
230272	0.001044256036
230273	0.001006088653
230274	0.001221795608
230275	0.0008730145646
230276	0.0006922953518
230277	0.0008864228902
230278	0.0004138555358
230279	0.0009301067343
230280	0.0009777146401
230281	0.0006112989968
230282	0.0005577667288
230283	0.0006291440052
230284	0.0009052337341
230285	0.0004013309896
230286	0.0006420008932
230287	0.0008529341724
230288	0.0008340062304
230289	0.000287651068
230290	0.0006498517112
230291	0.001327201932
230292	0.0008668222887
230293	0.0009981921423
230294	0.0009929197501
230295	0.0008613359839
230296	0.0007743234764
230297	0.0009627937508
230298	0.0009592531101
230299	0.001486057402
230300	0.0008107702592
230301	0.0006243473493
230302	0.0008513772951
230303	0.001051490741
230304	0.0004507299442
230305	0.0004291869466
230306	0.000874547736
230307	0.0002343285197
230308	0.0004780599685
230309	0.0006052367891
230310	0.0006677235585
230311	0.0002442913908
230312	0.0005090487901
230313	0.0009208161504
230314	0.0004856091297
230315	0.0004984387552
230316	0.0009407295802
230317	0.000524265218
230318	0.000584519375
230319	0.00128375693
230320	0.001204146789
230321	0.0003520602005
230322	0.0006932899564
230323	0.001216097268
230324	0.0008019584591
230325	0.0007742863741
230326	0.001038681468
230327	0.001048318956
230328	0.001062654708
230329	0.0008651045803
230330	0.0007481852218
230331	0.0006348662477
230332	0.0005973749725
230333	0.000988815305
230334	0.001513393232
230335	0.0009589451029
230336	0.001005553228
230337	0.0007361370155
230338	0.0007510221393
230339	0.0002828872206
230340	0.0006756823414
230341	0.0009897344548
230342	0.001344955414
230343	0.000799855123
230344	0.001094899442
230345	0.001094885136
230346	0.0004602375844
230347	0.001047956579
230348	0.001029926407
230349	0.0012834386
230350	0.001181064732
230351	0.0008516923637
230352	0.001039788398
230353	0.001269103017
230354	0.0009615071005
230355	0.001183108029
230356	0.0007679625477
230357	0.0008815895776
230358	0.000531922297
230359	0.001243417166
230360	0.001707578908
230361	0.000974251559
230362	0.0006589968418
230363	0.001409589459
230364	0.001004707243
230365	0.00164183726
230366	0.001401809876
230367	0.0007803438344
230368	0.0003321867339
230369	0.0006446609078
230370	0.0004838459417
230371	0.0011677405
230372	0.0005826631478
230373	0.0005281789274
230374	0.001040993563
230375	0.0009780463026
230376	0.001265274018
230377	0.0008961869704
230378	0.001160572916
230379	0.00131221736
230380	0.0006803332003
230381	0.0007860151269
230382	0.0007621955858
230383	0.0006446668032
230384	0.0008706010934
230385	0.0009697076606
230386	0.001060758316
230387	0.001223983497
230388	0.0006478959326
230389	0.0005381576508
230390	0.0006939289162
230391	0.0009697585209
230392	0.001534199661
230393	0.0008929717179
230394	0.0005808369088
230395	0.0004957183971
230396	0.001303690273
230397	0.000490831835
230398	0.0005698642681
230399	0.0002129227821
230400	0.0009877532927
230401	0.001183925764
230402	0.000993317835
230403	0.0002911818307
230404	0.0009695121406
230405	0.001066472468
230406	0.0006047372879
230407	0.001144798693
230408	0.0009128658561
230409	0.0005603358986
230410	0.0007061526339
230411	0.0007964832615
230412	0.0007533211148
230413	0.001483773266
230414	0.0008223058285
230415	0.001101947317
230416	0.00101017616
230417	0.0001879216849
230418	0.001086269866
230419	0.001518165999
230420	0.001228672392
230421	0.0008856906525
230422	0.000856997034
230423	0.000724423766
230424	0.0006895203547
230425	0.0005225570548
230426	0.0006692045428
230427	0.0004801760158
230428	0.0006393008349
230429	0.0002574410987
230430	0.0006968283732
230431	0.0004685944471
230432	0.0001443281443
230433	0.0007234346904
230434	0.001269802303
230435	0.001699414236
230436	0.0009002942166
230437	0.0005937466971
230438	0.0004222070993
230439	0.001371638484
230440	5.827946303e-05
230441	0.0004857939622
230442	0.001171347916
230443	0.0002137895683
230444	0.001044586534
230445	0.0003836459144
230446	0.0004983158042
230447	0.001192660849
230448	0.0006455295574
230449	0.0002493701523
230450	0.0008296985286
230451	0.0003274375845
230452	8.867074143e-05
230453	0.001020136192
230454	0.0008514310412
230455	0.0007552551924
230456	0.0006755323377
230457	0.0005895982626
230458	0.000726674562
230459	0.0004505075288
230460	0.0006646365087
230461	0.0003451244602
230462	0.0003084129618
230463	0.001009965739
230464	0.0008718551946
230465	0.001068220085
230466	0.0007096753804
230467	0.001056284396
230468	0.0003249958983
230469	0.0005114902845
230470	0.001565922976
230471	0.0002280563628
230472	0.001068161411
230473	0.0007223403311
230474	0.0009736663642
230475	0.0008411878628
230476	0.0008200946864
230477	0.0004149876377
230478	0.00104537378
230479	0.001445268503
230480	0.0009742739369
230481	0.0007825776257
230482	0.0005631025779
230483	0.001118303121
230484	0.001416251492
230485	0.0007564321447
230486	0.0009066716694
230487	0.001325135559
230488	0.000375919075
230489	0.001013764148
230490	0.0007466105626
230491	0.001270857636
230492	0.0001857030544
230493	0.0002797673636
230494	0.0006170764017
230495	0.001208351008
230496	0.001143506602
230497	0.0008824003399
230498	0.0002387250011
230499	0.001224196939
230500	0.0006867239504
230501	0.0009074371736
230502	0.00134254249
230503	0.001189974251
230504	0.001292747678
230505	0.0004414240181
230506	0.0003314292366
230507	0.001495521
230508	0.0004347995132
230509	0.0008870427427
230510	0.0007835973378
230511	0.0006422015133
230512	0.0006084806418
230513	0.0008097264526
230514	0.001051715101
230515	0.0008022921665
230516	0.0008977484572
230517	0.0007035841219
230518	0.0003792696688
230519	0.0005649082739
230520	0.0005780109434
230521	0.001095130879
230522	0.0005696927918
230523	0.0008525563957
230524	0.0003458748617
230525	0.0006663972448
230526	0.001143592271
230527	0.0013451762
230528	0.0005297351143
230529	0.0004172770585
230530	6.434225797e-05
230531	0.0007404831628
230532	0.0007717464625
230533	0.001111683331
230534	0.0006830097877
230535	0.001195513539
230536	0.0008329254075
230537	0.0003658372089
230538	0.0005377403889
230539	0.0007116004104
230540	0.0008026977799
230541	0.0003574934453
230542	0.001142257882
230543	0.0006423733102
230544	0.001118693573
230545	0.001012483877
230546	0.0009063723865
230547	0.000127616769
230548	0.0004392149796
230549	0.001209546688
230550	0.0008979273495
230551	0.0004713768691
230552	0.0005429448686
230553	0.0009922770598
230554	0.0008698503763
230555	0.001048957956
230556	0.0008646071422
230557	0.0008536716553
230558	0.001133185172
230559	0.001345915208
230560	0.00126749039
230561	0.0008766170337
230562	0.001309327729
230563	0.0008369085949
230564	0.0001805396264
230565	0.000772736858
230566	0.001109865443
230567	0.0009200992372
230568	0.0008006819219
230569	0.001239026547
230570	0.000393316811
230571	0.0009467241066
230572	0.0007203919461
230573	0.00120119236
230574	0.0006266082107
230575	0.0004419273495
230576	0.001345331085
230577	0.0005509127771
230578	0.001305838158
230579	0.0007180357297
230580	0.000390004428
230581	0.001272199832
230582	0.0004299472542
230583	0.0006242417602
230584	0.0007717162888
230585	0.0009651113492
230586	0.0002153518742
230587	0.0008699302403
230588	0.000897470818
230589	0.0002926082675
230590	0.001198874682
230591	0.0001083766236
230592	0.0008285144132
230593	0.001832465695
230594	0.0009103720694
230595	0.000562657883
230596	0.0003469975052
230597	0.001086093756
230598	0.001072845183
230599	0.0005623202255
230600	0.001118818182
230601	0.0009247275149
230602	0.0004483772984
230603	0.0008157484425
230604	0.0009131556101
230605	0.0009069015722
230606	0.0005159936665
230607	0.0005875429231
230608	0.0004876918756
230609	0.0005668215503
230610	0.0009025622706
230611	0.001029518573
230612	0.0005470269341
230613	0.0002328912672
230614	0.0009158651024
230615	0.001076712388
230616	0.0007022117665
230617	0.0008371273125
230618	0.001054451145
230619	0.0009987153721
230620	0.0004293396938
230621	0.0009991438293
230622	1.509579592e-05
230623	0.0007600095383
230624	0.0004730599841
230625	0.0001306695851
230626	0.0009469494792
230627	0.001089877447
230628	0.0007473944202
230629	0.0009502637047
230630	0.001125206187
230631	0.0006307211689
230632	0.0007093800386
230633	0.0007831128026
230634	0.0008464439872
230635	0.0005240367793
230636	0.0005469519399
230637	0.001463876247
230638	0.0006273610266
230639	0.001010693143
230640	0.0005692396556
230641	0.0004477820823
230642	0.0007186516115
230643	0.001144365762
230644	0.0009742329066
230645	0.0007522141075
230646	0.0003352135085
230647	0.00133370661
230648	0.0006313185335
230649	0.0008672092201
230650	0.0006491746292
230651	0.0007436537341
230652	0.0008153345061
230653	0.0004865427428
230654	0.0009939591416
230655	0.0005383475602
230656	0.001124065279
230657	0.0006643779753
230658	0.001136261776
230659	0.001251877394
230660	7.375613906e-05
230661	0.001013932484
230662	0.0003547288937
230663	0.0007524726329
230664	0.0005797025233
230665	0.0009911395779
230666	0.001205829363
230667	0.000956460429
230668	0.0007977347347
230669	0.001574338869
230670	0.001033945801
230671	0.001145646758
230672	0.0003383799609
230673	0.0007716654375
230674	0.0006298149245
230675	0.0009773622984
230676	0.0009532502908
230677	0.0008973691945
230678	0.0008515978751
230679	0.001282948321
230680	0.0005828851212
230681	0.0006348354481
230682	0.00121856141
230683	0.0006052558605
230684	0.0006217980114
230685	0.001121671523
230686	0.001477826506
230687	0.0007178027302
230688	0.0006330721948
230689	0.0001941350152
230690	0.0008301697288
230691	0.001134892792
230692	0.001005047921
230693	0.001667020194
230694	0.001572343358
230695	0.0006534356777
230696	0.0009212130107
230697	0.001252425874
230698	0.0005238792629
230699	0.001549364273
230700	0.0009382392938
230701	0.001339038159
230702	0.0003711384617
230703	0.0009765295316
230704	0.001151564808
230705	0.0005411310382
230706	6.91123185e-05
230707	0.0008670474202
230708	0.0007562979398
230709	0.0002856174598
230710	0.001047067701
230711	0.0006526392236
230712	0.001179654928
230713	0.0007020810063
230714	0.001143233108
230715	0.00167445946
230716	0.001354679078
230717	0.0006265468552
230718	0.0007629612039
230719	0.0008419182228
230720	0.0007300088316
230721	0.0008784212274
230722	0.001204423259
230723	0.0007589880295
230724	0.0001074171822
230725	0.001014333275
230726	0.0005561697606
230727	0.001062760312
230728	0.001285968508
230729	0.0006334683489
230730	0.0008206053837
230731	0.0008328076859
230732	0.0006742917471
230733	0.0009757299065
230734	0.0008740078808
230735	0.0009187009818
230736	0.001196322635
230737	0.001035727186
230738	0.0008524401737
230739	0.0008811009561
230740	0.0006699979357
230741	0.0005747211352
230742	0.0005878986568
230743	0.0003103441383
230744	0.0006237687204
230745	0.0008285627261
230746	0.0004068386997
230747	0.0008876127428
230748	0.0008845703684
230749	0.0008351064061
230750	0.0009033932978
230751	0.0007639576679
230752	0.001392085738
230753	0.0007488372497
230754	0.0005688257994
230755	0.0005921907588
230756	0.001030916274
230757	0.000737291955
230758	0.0009844186333
230759	0.0006972908183
230760	0.000949262829
230761	0.0008820616723
230762	0.001206665361
230763	0.0006491277292
230764	0.0006610149013
230765	0.000415741237
230766	0.0007253357358
230767	0.0002571815967
230768	0.0009080826512
230769	0.0008604167138
230770	0.00161039381
230771	0.001010841969
230772	0.0006827468588
230773	0.000919000682
230774	0.001029580336
230775	0.000284975697
230776	0.001087553673
230777	0.0008468053317
230778	0.0008080313322
230779	0.0005599904543
230780	0.0006570081183
230781	0.001302160472
230782	0.000779824739
230783	0.001359160636
230784	0.0009173346608
230785	0.0008035556628
230786	0.0007476168321
230787	0.0007552575222
230788	0.0009546712677
230789	0.0006116949564
230790	0.0005791799276
230791	0.0002019008136
230792	0.0003345727562
230793	0.0005496112436
230794	0.00129632916
230795	0.0007899174081
230796	0.0007469743469
230797	0.001203190296
230798	0.0006091452584
230799	0.0004996836714
230800	0.0008816814052
230801	0.0009717539727
230802	0.0003727470975
230803	0.0008767604278
230804	0.0009105555647
230805	0.0006977596566
230806	0.0008878408464
230807	0.0009503593352
230808	0.0004014263743
230809	0.001349035895
230810	0.0004884802211
230811	0.001359732133
230812	0.00120013493
230813	0.0009636478603
230814	0.001026634678
230815	0.000665270327
230816	0.0008547630597
230817	0.001312900213
230818	0.001324178946
230819	0.0004453525624
230820	0.0009602013794
230821	0.001340348677
230822	0.00126889427
230823	0.00102416647
230824	0.0005855178042
230825	0.0003296971551
230826	0.0009954909454
230827	0.0007249990557
230828	0.0009382903952
230829	0.001046538363
230830	0.0008594700476
230831	0.0009259781832
230832	0.000708109084
230833	0.0008281328715
230834	0.001142743465
230835	0.0009660507954
230836	0.0005663858654
230837	0.0007404243728
230838	0.001729898333
230839	2.70655536e-05
230840	0.0009065613694
230841	7.743061788e-05
230842	0.0004918050148
230843	0.0005940160592
230844	0.0009983709184
230845	0.0001376400053
230846	0.0004122777425
230847	0.000842049501
230848	0.0007440006323
230849	0.0006087869017
230850	0.0003583834772
230851	0.0008046549465
230852	0.0007022481154
230853	0.0003544001708
230854	0.001315097728
230855	0.0006178348353
230856	0.001164636548
230857	0.0006417155449
230858	0.0006858833108
230859	0.001263414086
230860	0.001001961373
230861	0.001147512475
230862	0.00124497542
230863	0.0007600204163
230864	0.0008806128363
230865	0.001329594491
230866	0.001480058887
230867	0.0007580612263
230868	0.001143632742
230869	0.001458637767
230870	0.0005636883107
230871	0.0008866409587
230872	0.000894884635
230873	0.00117241425
230874	0.001053128391
230875	0.0001214175684
230876	0.0009376174261
230877	0.00111344098
230878	0.0006419305117
230879	0.0003691845377
230880	0.000621172316
230881	0.0007683630607
230882	0.0002989651966
230883	0.001021132404
230884	0.00106820707
230885	0.001145108506
230886	0.0008400643449
230887	0.001341846884
230888	0.0004613052719
230889	0.0009706084662
230890	0.0009561161521
230891	0.0002568599107
230892	0.0008939662035
230893	0.0006092424717
230894	0.0004903763815
230895	0.0004651019481
230896	0.0007631587838
230897	0.001179318752
230898	0.000718317024
230899	0.0005491013586
230900	0.0007359695787
230901	0.0006226296178
230902	0.0008154862538
230903	0.0005856798067
230904	0.0009344765482
230905	0.00098984936
230906	0.001318261917
230907	0.0002862244592
230908	0.0009454200313
230909	0.0009233210403
230910	0.0005896891421
230911	0.0005335586976
230912	0.001142779685
230913	0.0006636692048
230914	0.0009076398706
230915	0.001052434666
230916	0.0009251802613
230917	0.0005378296415
230918	0.0009804697062
230919	0.0006888733037
230920	0.001202183907
230921	0.0004787072448
230922	5.322798574e-05
230923	0.0004404045417
230924	0.001182229949
230925	0.001218134805
230926	0.001152866743
230927	0.001125918114
230928	0.000710945618
230929	0.001249835339
230930	0.001120627875
230931	0.0005391732347
230932	0.0004968450462
230933	0.0003758624522
230934	0.001245956839
230935	0.001058064305
230936	0.0004485200548
230937	0.0005164433928
230938	0.0008052157136
230939	0.0009074501072
230940	0.0009442745425
230941	0.001311911474
230942	0.0008022221351
230943	0.001531853742
230944	0.0004280720395
230945	0.0008762305939
230946	0.0008506628043
230947	0.001030669811
230948	0.0009014279238
230949	0.0003402702337
230950	0.0006171160256
230951	0.0009115439253
230952	0.0004210607442
230953	0.0008513989733
230954	0.0001670862514
230955	0.0003280015261
230956	0.000549161206
230957	0.0005760883202
230958	0.0005092913135
230959	0.001019328258
230960	0.0009061826674
230961	0.0004880702245
230962	0.001682585882
230963	0.001124554724
230964	0.0006473471855
230965	0.000723818404
230966	0.001378802063
230967	0.0009658092786
230968	0.0007922092953
230969	0.0007792609283
230970	0.0008384872892
230971	0.001065195516
230972	0.001043816133
230973	0.0006373357199
230974	0.001182877601
230975	0.001252892035
230976	0.001056275211
230977	0.0006030728369
230978	0.0004726890455
230979	0.0002668101406
230980	0.0009934904587
230981	0.0002478765833
230982	0.0008281305227
230983	0.001026569456
230984	3.745581849e-06
230985	0.0006479135541
230986	6.315460388e-05
230987	0.0006836599035
230988	0.001218072109
230989	0.0007518471984
230990	0.0003016516804
230991	0.0007322981476
230992	0.0006132230724
230993	0.0008326490012
230994	0.000685372001
230995	0.0008964849064
230996	3.223825984e-05
230997	0.0003612254118
230998	0.0004477812857
230999	0.0009361066681
231000	0.0009379653466
231001	0.001361522162
231002	0.0002690319338
231003	0.0004494689664
231004	0.0002582048786
231005	0.0004902022008
231006	0.0008402101902
231007	0.0005649228634
231008	0.0006484050724
231009	0.0006292668699
231010	0.0006948370904
231011	0.0003054773655
231012	0.0004990210129
231013	0.0009697176604
231014	0.001075722889
231015	0.0006622629973
231016	0.000298307266
231017	0.0006967453544
231018	0.0004321956169
231019	0.001023300224
231020	0.0009774195525
231021	0.001070239905
231022	0.0008144399276
231023	0.001114901771
231024	0.0003824287106
231025	0.0007423444355
231026	0.0007685111938
231027	0.0002975580096
231028	0.0004975297961
231029	0.000691273313
231030	0.0009290725682
231031	0.000745014164
231032	0.001113121615
231033	0.0007640842972
231034	0.001489570156
231035	0.000378088955
231036	0.0002941908126
231037	0.001392265293
231038	0.001288299906
231039	0.0005860941442
231040	0.0007750892264
231041	0.001420798161
231042	0.0009163700331
231043	0.0009387774954
231044	0.00064942586
231045	0.000951383144
231046	0.0006841207266
231047	0.000500891928
231048	0.0004212810117
231049	0.0003939661266
231050	0.0006381232624
231051	0.0005666502248
231052	0.001355296044
231053	0.0002513886854
231054	0.0003933108642
231055	4.847665192e-05
231056	0.001224504345
231057	0.0006640547147
231058	0.0008099042703
231059	0.001463684986
231060	0.0009594762185
231061	0.0005780247661
231062	6.259770649e-06
231063	0.0007993991318
231064	0.001265412661
231065	0.0004467363359
231066	0.001061003751
231067	0.00040658824
231068	0.0005411567523
231069	0.0006769922468
231070	0.0008949662566
231071	0.0007347712167
231072	0.0004634524326
231073	0.0002114470211
231074	0.0009634581311
231075	0.001050702427
231076	0.0003417052803
231077	0.0003977269686
231078	0.001158234568
231079	0.00112861469
231080	0.0004521213232
231081	0.0009842910431
231082	0.0005504916034
231083	3.665856852e-05
231084	0.0008752517718
231085	0.0008308282926
231086	0.0004580144373
231087	0.000501150281
231088	0.0004270076729
231089	0.0004453492559
231090	0.0009285078475
231091	0.0007742840526
231092	1.911627949e-05
231093	0.0007009789444
231094	0.0008462263973
231095	0.0008329383411
231096	0.0008302266164
231097	0.0009095331294
231098	0.001034892732
231099	0.0007269106463
231100	0.0005864263092
231101	0.0007502587245
231102	0.0009493991926
231103	0.0009115704524
231104	0.0001374408502
231105	0.001527002494
231106	0.0006866254266
231107	1.531008942e-05
231108	0.0005334654125
231109	0.0006343413992
231110	0.001055613848
231111	0.0008997633708
231112	0.0008506903508
231113	0.0006694772579
231114	0.001402823695
231115	0.001650991587
231116	0.0009487071394
231117	0.0007634018149
231118	0.0012719163
231119	0.000463956365
231120	0.0005876983278
231121	0.0008811412286
231122	0.0004425322424
231123	0.0007070763203
231124	0.001019539707
231125	0.0009510504923
231126	0.001060216909
231127	0.0008581918825
231128	0.0005430649031
231129	0.0005999910203
231130	0.0008420384967
231131	0.0003653481292
231132	0.001119169185
231133	0.0006168545279
231134	0.0006845452584
231135	0.0008774874149
231136	0.0006356542202
231137	0.001186770556
231138	0.0003163849596
231139	0.0003316252484
231140	0.001330792432
231141	0.0002311947783
231142	0.0001954794397
231143	0.0001864106451
231144	0.0006653676497
231145	9.816713267e-05
231146	0.001168759022
231147	0.0006900674733
231148	7.526116325e-05
231149	0.0002625780052
231150	0.0006504727739
231151	0.0009023161728
231152	0.0006328890106
231153	0.001060640432
231154	5.997683129e-06
231155	0.0005572894503
231156	0.000196088332
231157	0.001050895614
231158	0.0008385680272
231159	0.0004633906909
231160	0.0009181442227
231161	0.0007810936071
231162	0.0006422845493
231163	0.0003454305824
231164	0.0009559712782
231165	0.001152998209
231166	0.0003287896386
231167	0.0005754765482
231168	0.000844987376
231169	0.0006811366193
231170	0.0007952761757
231171	0.0005419156911
231172	0.0008114537293
231173	0.001400469
231174	0.0003197067219
231175	0.001127963019
231176	0.001037650888
231177	0.001208053257
231178	0.001140463193
231179	0.001073538396
231180	7.532971338e-05
231181	0.0002371664251
231182	0.0003155298002
231183	0.00102461056
231184	0.001394306938
231185	0.0008490135873
231186	0.0008787207016
231187	0.0007204758517
231188	0.000971484031
231189	0.0007302661165
231190	0.001200887661
231191	0.001036420345
231192	0.000737533715
231193	0.0006187715503
231194	0.001272984041
231195	0.0009830142878
231196	0.001310751934
231197	0.001880176682
231198	0.001049224779
231199	0.001055841326
231200	0.000277840596
231201	0.0009013868802
231202	0.0007893916664
231203	0.0008676657568
231204	0.001702644374
231205	0.0002209862038
231206	0.001202411538
231207	0.0009380898114
231208	0.0004752528217
231209	0.001377149494
231210	0.000570240092
231211	0.001054332767
231212	0.001477056821
231213	0.0001650873621
231214	0.0009282141236
231215	0.0006458245696
231216	0.0009183174156
231217	0.0003300355604
231218	0.0009144144605
231219	0.0002878012386
231220	0.0003833714993
231221	0.0001789781029
231222	0.0009651426938
231223	0.0002449848143
231224	0.0002100890255
231225	0.0008091972329
231226	0.001509572977
231227	0.00126219249
231228	0.0003159116321
231229	0.0008553661896
231230	0.0003015190868
231231	0.0007044497037
231232	0.000374555334
231233	0.001115395668
231234	0.0006379226969
231235	0.0006590290321
231236	0.001351525815
231237	0.0008268022498
231238	0.001253852024
231239	0.0008175751763
231240	0.0006255872694
231241	0.001009723124
231242	0.00141740628
231243	0.0005527595412
231244	0.001176104496
231245	0.0006388397475
231246	0.0005917042532
231247	0.0006204635587
231248	0.0007831267988
231249	0.0002451520784
231250	0.0008678794235
231251	0.0008066433384
231252	0.0006260324203
231253	0.0009028623002
231254	0.0008369113784
231255	0.0005057782266
231256	0.001124028159
231257	0.0005446309529
231258	0.0008229594715
231259	0.0001864179616
231260	0.001216174075
231261	0.001105506405
231262	0.0006105529228
231263	0.0005734463086
231264	0.0008632116082
231265	0.001346063561
231266	0.001001613259
231267	0.0006255633976
231268	0.001072142857
231269	0.001152810358
231270	0.0007142681641
231271	0.0006745362491
231272	0.0006252970665
231273	0.001076940113
231274	0.00114700015
231275	0.001432295961
231276	0.001083749301
231277	0.0004297182108
231278	0.0009338022045
231279	0.0006557075252
231280	0.0002709174641
231281	0.000995810611
231282	0.001158395033
231283	0.001379282628
231284	0.0005956521308
231285	0.0007313852865
231286	0.001042197313
231287	0.001162306175
231288	0.0006674047643
231289	0.0006006054732
231290	0.001171366142
231291	0.0009912280657
231292	0.0008185578445
231293	0.001234358881
231294	0.0008456163502
231295	0.0004568012013
231296	0.0006626034923
231297	0.0005675745723
231298	0.0009892682183
231299	0.001273332353
231300	0.0008996725638
231301	0.0006170009097
231302	0.0007291762215
231303	6.37174847e-05
231304	1.01199231e-05
231305	0.0008272660196
231306	0.0008545433092
231307	0.001028628725
231308	0.001038533024
231309	0.0002558123313
231310	0.0004079146002
231311	0.001005270801
231312	0.001305515421
231313	0.0004634348217
231314	0.0007343225146
231315	0.0003985365915
231316	0.0008933879826
231317	0.001266939943
231318	0.0008252411345
231319	0.001405950391
231320	0.001175984548
231321	0.0007503137257
231322	0.000991822545
231323	9.340324567e-05
231324	0.001485522589
231325	0.0002214564398
231326	0.0009984372508
231327	0.0007811971587
231328	0.0006944741475
231329	0.0008759959373
231330	0.0001593008658
231331	0.0005811879059
231332	0.001014373942
231333	0.001098336112
231334	0.0006994248204
231335	0.0008885617993
231336	0.0005014450214
231337	0.0006686352473
231338	9.753754927e-05
231339	0.0002960338271
231340	0.001079352069
231341	0.0006023835244
231342	0.001101435813
231343	0.000604170154
231344	0.0007768387769
231345	0.0005954825559
231346	0.001546134462
231347	0.001226976608
231348	0.0004101796302
231349	0.0004756665201
231350	0.0007582517352
231351	0.0002393799322
231352	0.001269872263
231353	0.0002956354144
231354	0.0007263154104
231355	0.0006417168587
231356	0.001294704416
231357	0.001003837796
231358	0.0009701650501
231359	0.0009142079324
231360	0.0008566457549
231361	0.0008469339569
231362	0.00077917266
231363	0.0009664306087
231364	0.0004131532002
231365	0.0006145352229
231366	0.0008295105483
231367	0.0007342363251
231368	0.001225459743
231369	0.0008071572484
231370	0.001099527806
231371	0.0004865049216
231372	0.000916703912
231373	0.0007948676291
231374	0.0002675839865
231375	0.0006738930857
231376	0.0005905903852
231377	0.0008826209313
231378	0.0005907319196
231379	0.001526380549
231380	0.0008113055087
231381	0.0007922420667
231382	0.0009072099251
231383	0.001221774847
231384	0.0003672705904
231385	0.0004267931788
231386	0.0003933816572
231387	0.0008236825376
231388	9.690399745e-05
231389	0.001228483662
231390	0.0009203692621
231391	0.001438008914
231392	0.0006714224085
231393	0.001348889168
231394	0.0009039270726
231395	0.001173705857
231396	5.056684106e-05
231397	0.0007666172695
231398	0.0005807726807
231399	0.0006267848795
231400	0.001280273298
231401	0.001048931083
231402	0.000956512579
231403	0.0004143608911
231404	0.0008749357691
231405	3.323613323e-05
231406	0.001164366549
231407	0.0005983504148
231408	0.0002532030831
231409	0.0004023414541
231410	0.0002653892836
231411	4.092564833e-05
231412	0.0006565787711
231413	0.001218232343
231414	0.0009977480836
231415	0.0005820180639
231416	0.0007484120153
231417	7.345466062e-05
231418	0.0006940301273
231419	0.0005053890954
231420	0.0008054926908
231421	0.00127573622
231422	0.0005295947426
231423	0.0009787245959
231424	0.0007216900241
231425	0.0009673654499
231426	0.001088830023
231427	0.0009849493888
231428	0.0002685306384
231429	7.328252446e-05
231430	0.0005871970857
231431	0.001402127647
231432	0.0006802674826
231433	0.0006733475599
231434	0.001093950908
231435	0.001122795704
231436	0.001162960872
231437	0.0009172925317
231438	0.0007356752086
231439	0.0009226844945
231440	0.00035522485
231441	0.0007951992921
231442	0.0003910094008
231443	0.0006597141008
231444	0.0008988822019
231445	0.001068996275
231446	0.0006590336293
231447	0.001154547958
231448	0.0002037942473
231449	0.001049421571
231450	0.001193485876
231451	0.0007296325565
231452	0.0003980535735
231453	0.0002493065705
231454	0.0002879939272
231455	0.0006522630566
231456	0.0006443528945
231457	0.0005043236746
231458	0.001518880005
231459	0.0005664230745
231460	0.0005558183348
231461	0.0003617608165
231462	0.001118469195
231463	0.00119567718
231464	0.0003851480845
231465	0.00110612004
231466	0.0007165232673
231467	0.000590124351
231468	0.001259527227
231469	0.0004277495096
231470	0.001003223975
231471	0.0005231207497
231472	0.000290964591
231473	0.000129376938
231474	3.030535062e-05
231475	0.0005487523722
231476	0.0007557862953
231477	0.0008357400474
231478	0.001173597671
231479	0.000878734659
231480	0.0009101710639
231481	0.001097419081
231482	0.0005137029597
231483	0.0007656786585
231484	0.001467634884
231485	0.0008687024777
231486	0.0007827888295
231487	0.0006304600253
231488	0.0007233376498
231489	0.001040176993
231490	0.0002976041466
231491	0.00127199732
231492	0.0003021780793
231493	2.973260669e-05
231494	0.0005606331462
231495	0.0004716279383
231496	0.001003999215
231497	0.0007535294023
231498	0.0006513153187
231499	0.0008784378956
231500	0.0007970257137
231501	0.0008885646079
231502	0.0001352012065
231503	0.0008239880769
231504	0.0009637773045
231505	0.0007214224363
231506	0.0003226326237
231507	0.001164095266
231508	0.001268620614
231509	0.001230961453
231510	0.0005529591966
231511	0.0003562475701
231512	0.0001167074645
231513	0.0008100878084
231514	0.00173854946
231515	0.004693635329
231516	0.002319736067
231517	0.0004635245038
231518	0.001338772671
231519	0.001320857918
231520	0.001816686773
231521	0.001740337814
231522	0.002024778357
231523	0.002690135279
231524	0.001305680596
231525	0.004275301854
231526	0.003394743224
231527	0.00224831579
231528	0.0006302149673
231529	0.007175976696
231530	0.0003433443553
231531	0.003618953779
231532	0.001986328715
231533	0.002281821737
231534	0.002997963998
231535	0.003327497397
231536	0.004908288413
231537	0.0005442128871
231538	0.001202561287
231539	0.003431006282
231540	0.0008305225267
231541	9.669989945e-05
231542	0.002757656946
231543	0.003928048891
231544	0.0009369407559
231545	0.001906657906
231546	0.0009854520803
231547	0.0008612326759
231548	6.928912258e-05
231549	0.002413947463
231550	0.001021081123
231551	0.00113245243
231552	0.0009988749546
231553	0.001944499887
231554	0.001756711893
231555	0.001019922774
231556	0.002582282109
231557	0.0003456699575
231558	0.0007640069171
231559	6.414113268e-05
231560	0.0005508123673
231561	0.00055300426
231562	0.003028651421
231563	0.001031687556
231564	0.002117161886
231565	0.001424899016
231566	0.004046487321
231567	0.0007466386936
231568	0.0008617079202
231569	0.0003492700021
231570	0.0004576883976
231571	0.003782454463
231572	0.0009288944567
231573	0.001989287167
231574	0.0004339985922
231575	0.0006841535962
231576	0.0002420981814
231577	0.001122369943
231578	0.001638935817
231579	0.000968667858
231580	0.0009431233981
231581	0.0004246997255
231582	0.003205397179
231583	0.0005933959032
231584	0.004218481904
231585	0.001425579273
231586	0.000465338957
231587	0.0007837943841
231588	0.000210934025
231589	0.002176368791
231590	0.002581510478
231591	0.0008062530836
231592	0.001388659991
231593	0.002147769474
231594	0.0003721958742
231595	0.001004481053
231596	0.0001360742512
231597	0.0007816573927
231598	0.0002348636455
231599	0.003437441489
231600	5.007400508e-07
231601	0.001417372642
231602	0.002202880125
231603	0.0002098128663
231604	0.0009529049664
231605	0.0001010616464
231606	0.001229030936
231607	0.0004207469903
231608	0.001554268067
231609	0.001826730875
231610	0.001705270332
231611	0.002267209508
231612	0.0008790177414
231613	0.0004228140973
231614	0.001223668076
231615	0.0002431867805
231616	0.001839872825
231617	0.001848597867
231618	0.0002266163691
231619	0.0004512323383
231620	0.0004590272975
231621	0.0006390318937
231622	0.001616538523
231623	0.0001243276408
231624	0.002057122969
231625	0.00200576258
231626	0.001730652888
231627	0.0001861579728
231628	0.001065130321
231629	2.113439101e-05
231630	0.0009792901005
231631	0.001053803159
231632	0.003225851538
231633	0.0001014827991
231634	0.001035160836
231635	0.0004540179854
231636	0.003164857237
231637	0.0003969638015
231638	0.0001473801248
231639	0.001822103053
231640	0.001539568138
231641	1.535023111e-08
231642	0.000775044763
231643	0.0001734574783
231644	0.003552024016
231645	0.001294223256
231646	0.0003764922948
231647	0.001112654542
231648	0.002902693816
231649	0.00673920047
231650	0.002853601587
231651	0.0001962920455
231652	0.002840280033
231653	0.004600006287
231654	0.000838107886
231655	2.383495612e-05
231656	0.0001317905785
231657	0.005585926377
231658	0.0003185983858
231659	0.002618034248
231660	0.0002516407897
231661	0.001201597044
231662	0.0005686281949
231663	0.002149913474
231664	0.0006586692876
231665	0.00273459274
231666	0.001180143222
231667	0.001060968653
231668	0.0005877573185
231669	0.00238876525
231670	0.0002821304199
231671	0.001646247522
231672	0.001238198518
231673	0.0008572212837
231674	0.001077709309
231675	0.001497042765
231676	0.001331608626
231677	0.0002232400906
231678	0.0004019803667
231679	0.001192172209
231680	0.001108299444
231681	0.0004643295742
231682	0.003516697437
231683	0.002686594104
231684	0.0002103938954
231685	0.0002577274578
231686	0.001566169623
231687	0.003155322071
231688	0.002396073282
231689	0.0006952240935
231690	7.068410251e-05
231691	0.003452546564
231692	0.0003402066904
231693	0.0002663158946
231694	0.001269071114
231695	0.001180620116
231696	0.0002342102059
231697	0.0003930165943
231698	0.0005100966883
231699	0.001705731223
231700	0.001050400234
231701	1.417538879e-07
231702	0.0004684927935
231703	0.0001043535697
231704	7.555063179e-05
231705	0.003512559191
231706	0.001318545138
231707	0.001019067224
231708	0.0005033939776
231709	0.001682610036
231710	0.001252381767
231711	0.0004683944243
231712	0.0008815465519
231713	0.0004581582182
231714	0.0001703795919
231715	0.0003312952518
231716	0.0006903336493
231717	0.0005836045634
231718	0.0002397353928
231719	0.0001042857542
231720	0.0006700674857
231721	3.744135914e-05
231722	0.0004687756507
231723	0.001030432088
231724	0.001355480449
231725	0.0001721340725
231726	0.0001327322701
231727	0.0004452067373
231728	0.000189315835
231729	0.0006462490304
231730	0.0003197062687
231731	0.0002348808359
231732	0.0009795715962
231733	0.0003888794979
231734	0.002208062832
231735	0.002068003689
231736	0.0005213853668
231737	0.00126643391
231738	0.001379774061
231739	0.0006953786509
231740	0.0004904429232
231741	0.0007274087654
231742	0.0005985663
231743	0.0003027326666
231744	4.150702427e-08
231745	0.0002008293368
231746	0.0004705177776
231747	1.107940998e-06
231748	0.001058966281
231749	0.001100430335
231750	0.0003727410816
231751	0.0003593917943
231752	0.001352730717
231753	0.001372089891
231754	0.0002921421642
231755	0.0008169706853
231756	0.001185127015
231757	0.002323615802
231758	0.000372605278
231759	1.212262324e-06
231760	0.001000566466
231761	0.001104232567
231762	0.0003684252329
231763	0.001234760141
231764	0.0001600277389
231765	0.0001186876926
231766	0.002421430332
231767	0.004266701946
231768	9.329461291e-05
231769	9.265661098e-05
231770	9.30430283e-05
231771	9.186497583e-05
231772	9.128518858e-05
231773	9.189655515e-05
231774	9.202665218e-05
231775	9.294793646e-05
231776	9.213997063e-05
231777	2.14567734e-07
231778	3.59820342e-07
231779	0.002090438056
231780	0.0009410228874
231781	0.0002749776876
231782	0.0003306553753
231783	7.940444212e-05
231784	0.001139124196
231785	0.001020594493
231786	0.001032250967
231787	0.001451663
231788	0.002056059409
231789	0.000766679567
231790	0.0001652550308
231791	0.001745887939
231792	0.0006005793813
231793	0.002613285678
231794	0.001325836252
231795	0.0007102999435
231796	0.002482648386
231797	0.000886183023
231798	0.0002418626827
231799	0.001719481059
231800	0.004832375045
231801	0.00187215879
231802	0.0006256198464
231803	0.00280604832
231804	0.0001752503719
231805	0.0005657454375
231806	0.002042476797
231807	0.001171880602
231808	0.0006126170608
231809	0.0003680866093
231810	0.004203468275
231811	0.002542140077
231812	0.0009959388659
231813	0.001409163366
231814	0.001421608366
231815	0.001203552599
231816	0.002521661575
231817	0.002286039137
231818	0.003416861872
231819	0.0004112486565
231820	0.002001636281
231821	0.003093388905
231822	0.006589347392
231823	0.005054169655
231824	0.0002301183977
231825	0.00137565905
231826	0.0011041772
231827	0.001335304644
231828	0.000110832934
231829	0.001254169771
231830	0.003241072807
231831	0.004192218823
231832	0.00315960239
231833	0.0001592907903
231834	0.002687323388
231835	0.002849864733
231836	0.002611159493
231837	0.001856219051
231838	0.0009882695432
231839	0.002764127852
231840	0.002503706896
231841	0.001713692022
231842	0.001046787155
231843	0.001979920848
231844	8.345256381e-05
231845	0.00386567545
231846	0.0007886779837
231847	0.0002414472798
231848	0.002142484172
231849	0.00411389104
231850	0.003247160445
231851	0.00156481433
231852	0.01061689526
231853	0.004229247059
231854	0.003561841964
231855	0.002953633533
231856	0.002471911297
231857	0.001452810163
231858	0.0009278094889
231859	0.0004182581515
231860	0.001803220379
231861	0.001646581406
231862	7.787311876e-05
231863	0.002161492399
231864	0.0004998857383
231865	0.005592693259
231866	0.001171232609
231867	0.0002793371834
231868	0.003658006114
231869	0.001890203505
231870	0.006046861926
231871	0.001363185416
231872	0.006078283529
231873	0.002334392805
231874	0.001946848067
231875	0.001021116823
231876	0.003576854064
231877	0.003769450419
231878	0.0008303976901
231879	0.002521364565
231880	0.00380920777
231881	0.004051051314
231882	0.004621298927
231883	0.002021524939
231884	0.0009613279339
231885	0.001773919634
231886	0.004421221409
231887	0.001752085505
231888	2.480122628e-06
231889	0.0007137631023
231890	0.003888488638
231891	0.003515640247
231892	0.004813034481
231893	0.0008822522787
231894	0.001305192736
231895	0.005937096805
231896	0.004009758687
231897	0.0007975120677
231898	0.004586387746
231899	0.0006682194711
231900	0.0005195481158
231901	0.002957440744
231902	0.00165179414
231903	0.001699782216
231904	3.41420047e-05
231905	0.001192886091
231906	0.0002839683436
231907	0.0004638776313
231908	0.001110320568
231909	0.007569932904
231910	0.0008659326696
231911	0.001829054946
231912	0.003200154852
231913	0.0003026056284
231914	0.0004596175841
231915	0.002053035395
231916	0.003891120132
231917	0.003958963494
231918	0.00453331404
231919	0.002921178839
231920	0.0004717547857
231921	0.003626515265
231922	0.0001900643939
231923	0.002758573334
231924	0.003265021442
231925	0.004035752034
231926	0.003562912585
231927	0.001803180581
231928	2.991553514e-05
231929	0.004813014945
231930	0.003038263126
231931	0.004332170055
231932	0.001184348801
231933	0.001863984974
231934	0.003559428818
231935	0.009719204326
231936	0.002969666641
231937	0.001139783953
231938	0.0009669852176
231939	0.0008862755467
231940	0.00293032421
231941	0.0008025363854
231942	2.072975842e-05
231943	0.001128281424
231944	0.001903374151
231945	0.0001208115668
231946	0.0004337134783
231947	0.0007128697376
231948	0.0007109605092
231949	0.001299328667
231950	1.597900234e-06
231951	0.0009167258376
231952	0.004070036722
231953	0.003235817792
231954	0.0005009283358
231955	0.0001880991827
231956	0.003061913376
231957	0.002871225293
231958	0.001308860802
231959	0.0007948343471
231960	0.001221439422
231961	0.001207316943
231962	0.0005035227172
231963	0.001340878175
231964	0.001585197469
231965	0.0008464335362
231966	0.001124079248
231967	0.001493482529
231968	0.001498648584
231969	0.0009464681286
231970	0.001462700316
231971	0.001078181443
231972	0.0009149193412
231973	0.0005551235344
231974	0.001140017485
231975	0.0006417791507
231976	0.0003286621311
231977	0.0008343492943
231978	0.0005002648803
231979	0.0008110966739
231980	0.0008516744345
231981	0.0008554054321
231982	0.001104607025
231983	0.0007933369445
231984	0.0009032917351
231985	0.0008158511704
231986	0.0007047294582
231987	0.001413960806
231988	0.0004496974127
231989	0.0008503623731
231990	0.001110581188
231991	0.0006057123825
231992	0.001004964209
231993	0.001113956969
231994	0.001012657521
231995	0.0006848470912
231996	0.001100565873
231997	0.0008245500541
231998	0.001402590094
231999	0.001180513134
232000	0.001297330908
232001	0.001164063798
232002	0.0001775766517
232003	0.0009252379121
232004	0.0006834291302
232005	0.0006785881636
232006	0.001130922636
232007	0.0005733182705
232008	0.0009841632762
232009	0.001805733625
232010	0.00105066059
232011	0.0008219411017
232012	0.00105079325
232013	0.000833833623
232014	0.0005064885018
232015	0.0006650239193
232016	0.001340734326
232017	0.0007171206831
232018	0.001483271768
232019	0.0009366271076
232020	0.00048288005
232021	0.0006566359296
232022	0.001889711956
232023	0.0003934531968
232024	0.001197475937
232025	0.0009274356905
232026	0.0009858001491
232027	0.0004629219824
232028	0.001549498183
232029	0.0005943788419
232030	0.0006914761735
232031	0.0007855957402
232032	0.00114074621
232033	0.0006983683836
232034	0.0001934369304
232035	0.00113937133
232036	0.00129681666
232037	0.00106303072
232038	0.0009587602705
232039	0.0009545276897
232040	0.0004068421929
232041	0.0002668142373
232042	0.001060170046
232043	0.0003921615035
232044	0.0006563101882
232045	0.0006068598439
232046	0.001079068373
232047	0.0008873916927
232048	0.0006389590755
232049	0.0009168884216
232050	0.0009288060625
232051	0.0009187958652
232052	0.0009874500877
232053	0.0007153649078
232054	0.0009644809567
232055	0.0006538711304
232056	0.001023283301
232057	0.001171158122
232058	0.001546332802
232059	0.001482343837
232060	0.001193332587
232061	0.0008421707654
232062	0.00105762479
232063	0.0008291344685
232064	0.001522455104
232065	0.0009061393776
232066	0.0002800184612
232067	0.0006598052303
232068	0.0008839156441
232069	0.0006485384769
232070	0.0007648007168
232071	0.0006651104339
232072	0.0009814088748
232073	0.0005032107428
232074	0.0008876245701
232075	0.001333460133
232076	0.0009890890638
232077	0.0007595340598
232078	0.001165257592
232079	0.001019954403
232080	0.001231925468
232081	0.0009573570227
232082	0.0009686224558
232083	0.0009078957972
232084	0.0006819044005
232085	0.0008369063025
232086	0.001079574523
232087	0.0006052626442
232088	0.001101001577
232089	0.000676614171
232090	0.001170230677
232091	0.000767039217
232092	0.0005051165367
232093	0.001335727703
232094	0.0007542380206
232095	0.001457315228
232096	0.0007472689202
232097	0.001589006713
232098	0.001281761942
232099	0.001246445255
232100	0.0017016784
232101	0.0009013785326
232102	0.001162988411
232103	0.001003872392
232104	0.0007982718654
232105	0.001231400988
232106	0.0009597144957
232107	0.001032915449
232108	0.001292471954
232109	0.000596119496
232110	0.0014214865
232111	0.001225913365
232112	0.0004526720565
232113	0.00126595866
232114	0.001184037376
232115	0.0007035988195
232116	0.000205355459
232117	0.0009316522081
232118	0.0008098268204
232119	0.0007748161282
232120	0.001089326665
232121	0.001030840986
232122	0.0006270888269
232123	0.0001439435485
232124	0.0007123299395
232125	0.0005857710151
232126	0.00100209483
232127	0.0005431042828
232128	0.0009838551392
232129	0.001411463817
232130	0.0005770319654
232131	0.0002635903041
232132	0.0006857209789
232133	0.0008920819054
232134	0.0006545998623
232135	0.0009577046405
232136	0.0007499513169
232137	0.0007933425075
232138	0.0003408137043
232139	0.001423404739
232140	0.001191507356
232141	0.001060010254
232142	0.000786582948
232143	0.001084957233
232144	0.001189691208
232145	0.0004383292248
232146	0.001262324698
232147	0.0008006406146
232148	0.0006863332414
232149	0.0006658994138
232150	0.0007434701635
232151	0.001338520263
232152	0.0008808322619
232153	0.0004844770687
232154	0.001181619963
232155	0.001241557658
232156	0.0005493268961
232157	0.001078913619
232158	1.603884989e-05
232159	0.0007723266755
232160	0.0004162574032
232161	0.0006118708792
232162	0.001591258331
232163	0.000851547956
232164	0.0008932625527
232165	0.0009181140072
232166	0.0009782636551
232167	0.0007785761662
232168	0.000472802371
232169	0.0009494130741
232170	0.0002759537652
232171	0.0008923620461
232172	0.001260321136
232173	0.001234300749
232174	0.0005586785032
232175	0.001024776178
232176	0.001268776229
232177	0.001122813013
232178	0.0009446806482
232179	0.0007535195703
232180	0.001241039594
232181	0.0009865831737
232182	0.0006719628109
232183	0.001349635646
232184	0.0008397879288
232185	0.001035866443
232186	0.001169645211
232187	0.0008972119444
232188	0.0007506161842
232189	0.000504962157
232190	0.0007301365184
232191	0.0008417245206
232192	0.000466269382
232193	0.001262921298
232194	0.0009423375833
232195	0.001290964083
232196	0.0009188410999
232197	0.0009149602301
232198	0.000850486788
232199	0.001664682682
232200	0.001162690895
232201	0.001231096195
232202	0.0002264662524
232203	0.001211971894
232204	0.0009646879886
232205	0.0001997971201
232206	0.0006797756272
232207	0.001342471652
232208	0.001131401153
232209	0.0007808530255
232210	0.0009091004395
232211	0.001395396789
232212	0.0007503805305
232213	0.0007278457344
232214	0.0009176525171
232215	0.001335647903
232216	0.001274558721
232217	0.000977364535
232218	0.0007937382959
232219	0.000710427987
232220	0.001001035038
232221	0.0009692771054
232222	0.001297778395
232223	0.0006599204969
232224	0.0009311723688
232225	0.001283799224
232226	0.0007586792813
232227	0.0008643973226
232228	0.000670648287
232229	0.001046030421
232230	0.0008766448878
232231	0.0007353596306
232232	0.001166834296
232233	0.0005498902115
232234	0.001273087426
232235	0.001296178307
232236	0.0005822942493
232237	0.00119980253
232238	0.00161724601
232239	0.0007685771008
232240	0.001048631653
232241	0.001266374498
232242	0.001346757916
232243	0.001015314111
232244	0.0005254924207
232245	0.0008886939461
232246	0.0005697629535
232247	0.0005532428783
232248	0.0005370316288
232249	0.0008455073828
232250	0.0008008550824
232251	0.0009921824071
232252	0.001250007187
232253	0.0009598119237
232254	0.001268527756
232255	0.001558212034
232256	5.113460437e-05
232257	0.0004868215057
232258	0.001320022771
232259	0.0008692080361
232260	0.001571262243
232261	0.0005617093829
232262	0.001132718846
232263	0.001161953522
232264	0.001002278844
232265	0.0007205672831
232266	0.0006385121829
232267	0.001018417499
232268	0.00149308925
232269	0.000866850059
232270	0.001015730409
232271	0.0009995701249
232272	0.0007608842832
232273	0.0007946319
232274	0.0002633253187
232275	0.00137575858
232276	0.0006151796518
232277	0.0005695102071
232278	0.0006601321684
232279	0.0003324227242
232280	0.0006739449858
232281	0.001181198382
232282	0.0008083845271
232283	0.000863796002
232284	0.0006221135446
232285	0.001098936163
232286	0.001040164494
232287	0.000862188376
232288	0.0009024717041
232289	0.001223516427
232290	0.0008399587163
232291	0.0009216671302
232292	0.0008237425249
232293	0.0008294422278
232294	0.001026921579
232295	0.0007657475284
232296	0.0008981255229
232297	0.0009436853459
232298	0.001261229755
232299	0.0007634271709
232300	0.001102641168
232301	0.0002534974794
232302	0.0005032401683
232303	0.0009473498934
232304	0.0006997437356
232305	0.0007740637225
232306	0.001099529162
232307	0.0005871237571
232308	0.001155943958
232309	0.001030532816
232310	0.001269896313
232311	0.001483812102
232312	0.001410465165
232313	0.0009183551512
232314	0.0007592381962
232315	0.001451537301
232316	0.001248560915
232317	0.000868984616
232318	0.0007970498488
232319	0.001131039326
232320	0.001028608633
232321	0.0006281645447
232322	0.0001724617859
232323	0.001008110187
232324	0.0006611580025
232325	0.0009689191079
232326	3.50572525e-05
232327	0.001475507114
232328	0.000888608793
232329	0.0006575583958
232330	0.0009209277828
232331	0.001132998432
232332	0.001070087467
232333	0.0008643722434
232334	0.001081022795
232335	0.0009378692665
232336	0.0005321830879
232337	0.001139242498
232338	0.0006650088979
232339	0.0006560802991
232340	0.0004332127624
232341	0.001424012457
232342	0.0007478188026
232343	0.000948047348
232344	3.526482789e-05
232345	0.0009187983514
232346	0.001183713554
232347	0.0009310789796
232348	0.0008443024133
232349	0.001227522741
232350	0.0009284938664
232351	0.0008266480778
232352	0.0002441019489
232353	0.0007095182091
232354	0.001200690278
232355	0.000996594443
232356	0.001216818812
232357	0.0008728916894
232358	0.0006078512419
232359	0.000925454715
232360	0.0001622929054
232361	0.001136057239
232362	0.001646315062
232363	0.001022552963
232364	3.76758109e-07
232365	0.0008624272718
232366	0.001357638837
232367	0.0008527929229
232368	0.001145537289
232369	0.0009471521916
232370	0.0004328052692
232371	0.0008724681717
232372	0.0009584360654
232373	0.0006660941517
232374	0.0008172270555
232375	0.000888416929
232376	0.0007323758316
232377	0.001034388861
232378	0.001224503822
232379	0.0003859431325
232380	7.89658227e-05
232381	0.0008398686425
232382	0.0008344672831
232383	0.0005925236617
232384	0.0007250648126
232385	0.0007309816884
232386	0.001656470814
232387	0.001230970279
232388	0.00143508255
232389	0.001099589017
232390	0.0009591295416
232391	0.0009546759035
232392	0.0009760815238
232393	0.0009740229649
232394	0.0007620754948
232395	0.001037056695
232396	0.001681151011
232397	0.001000166069
232398	0.001364774692
232399	0.0004767077027
232400	5.044055934e-05
232401	0.0004098116056
232402	0.0003756853894
232403	0.0005043338692
232404	0.001018610592
232405	0.0007247720196
232406	0.001332308932
232407	0.0009816583782
232408	0.0007189700261
232409	0.001569344123
232410	0.0008988040207
232411	0.0008931021342
232412	0.0009526241171
232413	0.001143865182
232414	0.0007937001342
232415	0.0007370411904
232416	0.00056143742
232417	0.0008385049077
232418	0.0007278747861
232419	0.0009705025851
232420	0.000973585703
232421	0.001335810903
232422	0.00115150333
232423	0.001441385982
232424	0.0009651705935
232425	0.001152613861
232426	0.001069451871
232427	0.0008733982945
232428	0.001336011878
232429	0.0003931734788
232430	0.000961763895
232431	0.0003903131925
232432	0.0006861921798
232433	0.001273160023
232434	0.001020243186
232435	0.000684190757
232436	0.001737919997
232437	0.0003671541125
232438	0.001026068257
232439	0.0007867212923
232440	0.0006784878942
232441	0.001780717834
232442	0.0008949526232
232443	0.001335932924
232444	0.001167528907
232445	0.0008651059922
232446	0.001454043655
232447	0.0009541509121
232448	0.0009208706233
232449	0.0001242849691
232450	0.0008644686833
232451	0.0009462743513
232452	0.0008964956961
232453	0.0005642528843
232454	0.001189481553
232455	0.0009641890326
232456	0.00142993899
232457	0.0007654442338
232458	0.0009243234996
232459	0.0007574124886
232460	0.001079538585
232461	0.0009884017212
232462	0.0005180939063
232463	0.0006764593751
232464	0.0009891175878
232465	0.001231675324
232466	0.0008169431812
232467	0.0007415786762
232468	0.0009140821303
232469	0.00154926515
232470	0.001099640694
232471	0.0006985820231
232472	0.0007707530009
232473	0.0007989105099
232474	0.0009949103357
232475	0.000669309924
232476	0.0004976746649
232477	0.001280861101
232478	0.001021796387
232479	0.001041497427
232480	0.0006725668856
232481	0.0009014851739
232482	0.0008166264402
232483	0.001652671247
232484	0.0008579899253
232485	0.001293487686
232486	0.001039071602
232487	0.0008295080071
232488	0.001313106474
232489	0.0006737516626
232490	0.0009154778974
232491	0.0003675899138
232492	0.001270518873
232493	0.001163283667
232494	0.0007242509224
232495	0.001436638431
232496	0.0009290377395
232497	0.001422370183
232498	0.0004676303006
232499	0.0008552837967
232500	0.001091742767
232501	0.0004762854316
232502	0.001205175751
232503	0.0008185160704
232504	0.0008592676433
232505	0.0009564226422
232506	0.0007801455606
232507	0.0004324085243
232508	0.000986588607
232509	0.0003507206027
232510	0.0007256450408
232511	0.0002165900625
232512	0.001613048296
232513	0.0007074568881
232514	0.0006574663921
232515	0.0004448728374
232516	0.001136241779
232517	0.0008337659622
232518	0.0005640446514
232519	0.0009491659861
232520	0.00165581576
232521	0.001211236814
232522	0.0008925836058
232523	0.0006899315134
232524	0.002471703973
232525	0.0008498035075
232526	0.0007366408149
232527	0.0007168123792
232528	0.0007020099036
232529	0.001234270548
232530	0.001177952984
232531	0.000743254225
232532	0.0001047417888
232533	0.0009901304705
232534	7.801263275e-05
232535	0.0008424991771
232536	0.001206529235
232537	0.0008901236745
232538	0.0005418753299
232539	0.0006358810942
232540	0.001122477115
232541	0.0007878026555
232542	0.001241150607
232543	0.0007604511897
232544	0.0008038192608
232545	0.0009341380889
232546	0.001187520008
232547	0.001422516478
232548	0.0001697818583
232549	0.0005449974148
232550	0.0005409543125
232551	0.0007077111394
232552	0.001167268085
232553	0.0004870495128
232554	0.0004357512611
232555	4.233693401e-06
232556	0.0006045022121
232557	0.0006067839789
232558	0.0009516198796
232559	0.00105673845
232560	0.0009863965976
232561	0.001133726006
232562	0.0006122172517
232563	0.001290658819
232564	0.001186177202
232565	0.001249950158
232566	0.0008453515609
232567	0.000782788592
232568	0.001065967136
232569	0.0004614142065
232570	0.0005099903248
232571	0.0009836940867
232572	0.000166072666
232573	0.001146325055
232574	0.0007535552149
232575	0.0001232321226
232576	0.0004292360245
232577	0.0008651627991
232578	0.001122793199
232579	0.001333233032
232580	0.001020624685
232581	0.0009693560615
232582	0.0003018751609
232583	0.001425157706
232584	0.0004706839614
232585	0.0007440820081
232586	0.0008338893476
232587	0.001017150014
232588	0.0009623923322
232589	0.0008241960102
232590	0.0007234000727
232591	0.0009616195271
232592	0.001535869412
232593	0.0009929196979
232594	0.0007507859554
232595	0.0003110539525
232596	0.001440826648
232597	0.0006965286711
232598	0.0008518790849
232599	0.001318568943
232600	0.00127877923
232601	0.001014597834
232602	0.0006066868973
232603	0.001381483333
232604	0.0008670139696
232605	0.0007963453339
232606	0.0005867268187
232607	0.0002843046338
232608	0.001066082766
232609	0.001012117513
232610	0.0006506943135
232611	0.001067127468
232612	0.001249408597
232613	0.001289453185
232614	0.0007416818786
232615	0.001033031129
232616	0.0008497195502
232617	0.001300012328
232618	0.0008149149908
232619	0.000684230119
232620	0.0008087843444
232621	0.0006793865987
232622	0.0008938163908
232623	0.001130763385
232624	0.0009015052225
232625	0.0008092259948
232626	0.001077400233
232627	0.0008235902458
232628	0.001024343798
232629	0.0003486076709
232630	0.001745175084
232631	0.0007546362866
232632	5.657657977e-05
232633	0.0008065752603
232634	0.001283402857
232635	0.0008908511171
232636	0.001647345133
232637	0.0008645032332
232638	0.0009988546287
232639	0.0003949841229
232640	0.0006823187711
232641	0.0008142501137
232642	0.0007697550149
232643	0.001254945621
232644	0.000612655695
232645	0.0006457572475
232646	0.0004286107598
232647	0.0009402742988
232648	0.0009779815445
232649	0.0003638238725
232650	0.0006823028385
232651	0.001121091165
232652	0.0007460877777
232653	0.0007448076541
232654	0.0006494445385
232655	0.001496518605
232656	0.001035020772
232657	0.001386613519
232658	0.000689893691
232659	0.0007422448932
232660	0.0003130034338
232661	0.001094517883
232662	0.0008249356874
232663	0.0001743135127
232664	0.001202424002
232665	0.0008644897754
232666	0.001657998453
232667	0.0007249733412
232668	0.0009320234987
232669	0.001051117859
232670	0.0009955748385
232671	0.000560832645
232672	0.0008312292447
232673	0.0005699552064
232674	0.0009425165352
232675	0.00151357387
232676	0.001152263398
232677	0.0007667934728
232678	0.0009003614802
232679	3.390608142e-06
232680	0.001531565558
232681	0.0008890337302
232682	0.001550224978
232683	0.0004789667068
232684	0.0002486700178
232685	0.0006109683368
232686	0.001222148221
232687	0.001106196594
232688	0.0009741818037
232689	0.001135333478
232690	0.000805394849
232691	0.001090846223
232692	0.0007668683745
232693	0.0008706388138
232694	0.0007606491992
232695	0.0006102987372
232696	0.0005763441902
232697	0.0004522937717
232698	0.000667307069
232699	0.001268455177
232700	0.001130648304
232701	0.0006519063866
232702	0.0007280319239
232703	0.001093596973
232704	0.00115863138
232705	0.0009398307104
232706	0.0005553511554
232707	0.001651908074
232708	0.0008776232886
232709	0.0007995681324
232710	0.0009569673666
232711	0.0005558212063
232712	0.001259829797
232713	0.0008367886332
232714	0.001102122791
232715	0.001011273294
232716	0.00103465288
232717	0.0008267491929
232718	0.001320766804
232719	0.0009664691716
232720	0.001446752746
232721	0.0008403715513
232722	0.0007575209675
232723	0.001065900474
232724	0.001092280182
232725	0.0006871659959
232726	0.0009822151702
232727	0.0007069765406
232728	0.0009356875251
232729	0.001285329467
232730	0.001023254729
232731	0.001569926193
232732	0.001086708789
232733	0.00047368819
232734	0.0007686632944
232735	0.001059493539
232736	0.0007300754422
232737	0.001072791176
232738	0.0009079433791
232739	0.001325861852
232740	0.0009048215519
232741	0.0004540638337
232742	0.0005124372241
232743	0.001005762364
232744	0.0009621655397
232745	0.0005315456071
232746	0.0004567831325
232747	0.00123615408
232748	0.001218265852
232749	0.0007034960825
232750	0.0008306564439
232751	0.0002476489916
232752	3.004692993e-05
232753	0.0006300932788
232754	0.0006232095742
232755	0.0007145462744
232756	0.0009313897228
232757	0.0008254186961
232758	0.0006025945251
232759	0.0004399400872
232760	0.0006460314299
232761	0.001028349962
232762	0.0006336520088
232763	0.0008743368386
232764	0.001199990272
232765	0.0009968133501
232766	0.00109944559
232767	0.0008006430455
232768	0.0009031510139
232769	0.0008742046145
232770	0.001079410639
232771	0.001284576177
232772	0.001266472161
232773	0.001095163483
232774	0.0007514662202
232775	0.0008897466236
232776	0.0003384716902
232777	0.0007100618423
232778	0.0007964865271
232779	0.001075645073
232780	0.000700387777
232781	0.0006073961805
232782	0.0004499887509
232783	0.0007257914757
232784	0.001091746803
232785	0.001018654192
232786	0.001507960855
232787	0.0009962408884
232788	0.0007061312213
232789	0.0007998431299
232790	0.001206572858
232791	0.001022848158
232792	0.0008722462244
232793	0.0004962853743
232794	0.001370863007
232795	0.0008053074846
232796	0.00106067949
232797	0.0002949213824
232798	0.0009487657196
232799	0.0001214503177
232800	0.0009325124774
232801	0.0006589147427
232802	0.001046087491
232803	0.001282977
232804	1.802132418e-05
232805	0.001180655039
232806	0.0005032286855
232807	0.0005376917422
232808	0.0007947296912
232809	0.001057827598
232810	0.0009586329387
232811	0.00104998902
232812	0.0011409132
232813	0.001162658609
232814	0.0008694011199
232815	0.000955091728
232816	0.001360245482
232817	0.0008339677105
232818	0.0008213928578
232819	0.0008840882747
232820	0.0007558566424
232821	0.001126901598
232822	0.001399722567
232823	0.0006916415865
232824	0.0004894465507
232825	0.002049697751
232826	0.0004773258134
232827	0.000977573866
232828	0.0007347972376
232829	0.001399216895
232830	0.00111178617
232831	0.0005191583443
232832	0.0007722379147
232833	0.001172422294
232834	0.0006714097767
232835	0.001299190831
232836	0.001407342432
232837	0.0005483968877
232838	0.000986064466
232839	0.0009817568718
232840	0.001723019643
232841	0.0007039285817
232842	0.0007389613925
232843	0.0006574802342
232844	0.0007791965772
232845	0.0008464304667
232846	0.001208090799
232847	0.0007785393289
232848	0.0004450502269
232849	0.001045978807
232850	0.0009260650865
232851	0.0006513159247
232852	0.000525914434
232853	0.001269812332
232854	0.001770936215
232855	0.0004480671122
232856	0.0006751671907
232857	0.0008944382803
232858	0.0008193370586
232859	0.0005945832351
232860	0.0007884749135
232861	0.0009871577332
232862	0.000741069206
232863	0.0009226368828
232864	0.0006755813077
232865	0.0005388984698
232866	0.000865443755
232867	0.001554166005
232868	0.0004558041334
232869	0.00075639687
232870	0.0004964807731
232871	0.001083710146
232872	0.0009003158075
232873	0.0008983127531
232874	0.001088230185
232875	0.0009860331251
232876	0.0008464223233
232877	0.001315951013
232878	0.0004621261169
232879	0.0007040306309
232880	0.0008151787409
232881	0.0006517966791
232882	0.0009447905935
232883	0.001219008782
232884	0.000959027078
232885	0.001385788954
232886	0.001353917198
232887	0.00127159978
232888	0.001030114975
232889	0.0008779650196
232890	0.001282395311
232891	0.00120251426
232892	0.0003413040374
232893	0.0006858856985
232894	0.0009979505941
232895	0.001077215212
232896	0.0009816544981
232897	0.001080834756
232898	0.000872174504
232899	0.001536506626
232900	0.0008307807713
232901	0.0004943794218
232902	0.001122821911
232903	0.001100405568
232904	0.000838685685
232905	0.001335081172
232906	0.001656443885
232907	0.0006308313117
232908	0.001362767784
232909	0.000811243241
232910	0.0009114088826
232911	0.0005771115555
232912	0.0004035051164
232913	0.0008660657516
232914	0.0004597548811
232915	0.001349236035
232916	0.0008895676166
232917	0.00101022571
232918	0.0006389059932
232919	0.0008176975958
232920	0.0007565492372
232921	0.001028708319
232922	0.0006238065957
232923	0.0008185438469
232924	0.0009868186656
232925	0.001080686701
232926	0.0006683272815
232927	0.0004574735834
232928	0.0009660838584
232929	0.001076218284
232930	0.0008993001073
232931	0.001116611077
232932	0.001244687091
232933	0.001352316251
232934	5.82836554e-05
232935	0.0006770058177
232936	0.0001124940438
232937	0.0007021732641
232938	0.0007147902279
232939	0.00045504629
232940	0.0005786175982
232941	0.0001994649805
232942	0.000627792068
232943	0.000893883626
232944	0.00113683071
232945	0.0009771357018
232946	0.00110625891
232947	0.0004698501991
232948	0.0005604121656
232949	0.001090364496
232950	0.001046928233
232951	0.0004065102891
232952	0.00142825854
232953	0.0008441667382
232954	0.0008637754463
232955	0.0009323071334
232956	0.0008169449299
232957	0.0009617355821
232958	0.0008493306783
232959	0.0007545039165
232960	0.001438100493
232961	0.001441827027
232962	0.001527497773
232963	0.00069451753
232964	0.000835829569
232965	0.0008387101604
232966	0.0005624803302
232967	0.001064153332
232968	0.0008517171015
232969	0.0009382270529
232970	0.001005493102
232971	0.0008662582908
232972	0.001133992706
232973	0.00104821547
232974	0.001358676108
232975	0.000846742818
232976	0.001063454644
232977	0.001174115209
232978	0.001100730126
232979	0.001063117352
232980	0.0008080909701
232981	0.001043356163
232982	0.001254897464
232983	0.0004847837773
232984	0.0008920373511
232985	0.001277407303
232986	0.0009765280327
232987	0.0007894040571
232988	0.0006702460868
232989	0.001027433076
232990	0.0008664661423
232991	0.0008705126813
232992	0.0008495858855
232993	0.001588039836
232994	0.0004045241248
232995	0.0008118287812
232996	0.0004010509059
232997	0.0005665430357
232998	0.001049352539
232999	0.001293443576
233000	0.0006765584065
233001	0.001344978022
233002	0.001643537854
233003	6.592813453e-05
233004	0.0007651358112
233005	0.001296799363
233006	0.001176661205
233007	0.0008295390123
233008	0.0006957447012
233009	0.0008920857828
233010	0.0009425641806
233011	0.0007131659274
233012	0.0006724738807
233013	0.000865514266
233014	0.001037027234
233015	0.001517720374
233016	0.0009272330831
233017	0.0007502991742
233018	0.0007803075797
233019	0.001206188234
233020	0.001193936174
233021	0.0008191481747
233022	0.001715263393
233023	0.001317831242
233024	0.001252141696
233025	0.00112798695
233026	0.0008345243185
233027	0.001075880295
233028	0.0009681982174
233029	0.0008172372635
233030	0.0004085243279
233031	0.0006233959582
233032	0.001220641472
233033	0.001379906995
233034	0.0006359344806
233035	0.0008917431754
233036	0.001059431573
233037	0.001245273096
233038	0.0008222575182
233039	0.0008585134755
233040	0.0007915603487
233041	0.000675159851
233042	0.001155851192
233043	0.0008734242586
233044	0.0004312013827
233045	0.001099726277
233046	0.001294701688
233047	0.001071712902
233048	0.0009907790961
233049	0.0009082395711
233050	0.0004473793334
233051	0.001458463133
233052	0.0009807650041
233053	0.00167979211
233054	0.001195031506
233055	0.0003513475061
233056	0.0009302936741
233057	0.001122228164
233058	0.0008053009398
233059	0.001831537514
233060	0.001104151474
233061	0.0005940963149
233062	0.000911120026
233063	0.001157323972
233064	0.0009389911104
233065	0.001378326308
233066	0.0006389676052
233067	0.001441207501
233068	0.0008539565421
233069	0.0003215512142
233070	0.0004761652996
233071	0.0005426012094
233072	0.001544682417
233073	0.0009616824643
233074	0.0006450683858
233075	0.000601512946
233076	0.001194973923
233077	0.00123683454
233078	0.0005529490254
233079	0.0005512131785
233080	0.001034585343
233081	0.001819220139
233082	0.0008384506257
233083	0.001010389537
233084	0.0002074522364
233085	0.001260186378
233086	0.0008950422661
233087	0.0009416941053
233088	0.001564029115
233089	0.001807966923
233090	0.000400582577
233091	0.00110668573
233092	0.000707332721
233093	0.001153320111
233094	0.001016602485
233095	0.0005873868562
233096	3.327027044e-05
233097	0.0007948524307
233098	0.001673896638
233099	0.001085476424
233100	0.0009081601244
233101	0.001256984736
233102	0.0008602838322
233103	0.001139048738
233104	0.001335221014
233105	0.0007505866292
233106	0.001148941388
233107	0.001449856716
233108	0.001262656928
233109	0.0007193252308
233110	0.0004523364463
233111	0.001362177761
233112	0.0011187767
233113	0.0009057165304
233114	0.0005169338285
233115	0.001123006442
233116	0.0005600330016
233117	0.001193219277
233118	0.0005607406747
233119	0.001203027248
233120	0.0006212396464
233121	0.001122438779
233122	0.0007365045354
233123	0.0008693354808
233124	0.0001026790337
233125	0.001031218331
233126	0.0006670116554
233127	0.0006063109104
233128	0.001004659344
233129	0.00146772559
233130	0.0007473633272
233131	0.0007164837889
233132	0.0008578652655
233133	0.0008666905366
233134	0.000795854355
233135	0.0005872067625
233136	0.0007799206052
233137	0.000997750451
233138	0.0009739063412
233139	0.001245319188
233140	0.001330980465
233141	0.0004806650749
233142	0.001378115364
233143	0.001063694034
233144	0.0009529949658
233145	0.001126599552
233146	0.001268319439
233147	0.001101273879
233148	0.001227004065
233149	0.0007843591398
233150	0.0006527410178
233151	0.001303703632
233152	0.0008687149634
233153	0.000544541024
233154	0.0008918188275
233155	0.001394386463
233156	0.0008928393288
233157	0.000698664412
233158	0.0007842072138
233159	0.0006258071517
233160	0.0008681284791
233161	0.001204022313
233162	0.0003822759701
233163	0.001256816343
233164	0.001574389177
233165	0.0007576114052
233166	0.0007894587447
233167	0.0007860849012
233168	0.0008907781123
233169	0.001004339685
233170	0.0008143774855
233171	0.001135341754
233172	0.001053411954
233173	0.0003127419637
233174	0.0008899480595
233175	0.0008187600568
233176	0.00135076409
233177	0.0007273867978
233178	0.001193738496
233179	0.0005319046597
233180	0.0008854398119
233181	0.0009470553826
233182	0.0007404305155
233183	0.0008110305758
233184	0.0009715190442
233185	0.000538272093
233186	0.00066918732
233187	0.001611408156
233188	0.001054316267
233189	0.0009121060753
233190	0.001215156809
233191	0.000454875784
233192	0.001076013371
233193	0.0008853904357
233194	0.001125940043
233195	0.0009381065353
233196	0.0007951894016
233197	0.0006610821448
233198	0.0007864853635
233199	0.001065718072
233200	0.0007408814687
233201	0.0007902386891
233202	0.0008721108889
233203	0.0005628711231
233204	0.0010566004
233205	0.0005422829043
233206	0.0004934857582
233207	0.001478226158
233208	0.001445323943
233209	0.0005350409654
233210	0.000912881969
233211	0.0008642494709
233212	0.001346815701
233213	0.00083281663
233214	0.0006831805692
233215	0.0007567468192
233216	0.0007501084026
233217	0.001029722714
233218	0.0004785682488
233219	0.0002461007101
233220	0.000452740987
233221	0.001463783791
233222	0.001477277891
233223	0.0008209899741
233224	0.0008118553112
233225	0.0006438185565
233226	0.0005992423635
233227	0.0004840584252
233228	0.001191172226
233229	0.001440227527
233230	0.001191332503
233231	0.00133003873
233232	0.0007733587348
233233	0.0009769405074
233234	0.0003678049015
233235	0.001166174593
233236	0.0009720846088
233237	0.0006599064395
233238	0.001047767263
233239	0.000205057867
233240	0.001237875735
233241	0.00134794087
233242	0.0007642892915
233243	0.0002859698444
233244	0.0006461268344
233245	0.0006221438278
233246	0.001125644875
233247	0.0003417696757
233248	0.001100678733
233249	0.0004089032991
233250	0.00110603595
233251	0.001177869829
233252	0.0004263943849
233253	0.0006511953376
233254	0.001021735871
233255	0.0004409143451
233256	0.0008108183399
233257	0.0009976877939
233258	0.0005695085128
233259	0.0008720498226
233260	0.0005804453637
233261	0.001226066231
233262	0.001480137529
233263	0.001341690447
233264	0.0005919629704
233265	0.0002784448988
233266	0.0004403945395
233267	0.0008979491834
233268	0.0008862927889
233269	0.0004232484217
233270	0.001161079591
233271	0.001135969312
233272	0.001013885787
233273	0.0008385560571
233274	0.000586046747
233275	0.001249180346
233276	0.0005733831161
233277	0.00116949481
233278	0.0006562837577
233279	0.0008546546246
233280	0.000946246254
233281	0.001217152322
233282	0.001051033232
233283	0.0008051146877
233284	0.0009442018885
233285	0.0008589275724
233286	0.001091684404
233287	0.0007262939599
233288	0.0005111022937
233289	0.001181419195
233290	0.001153580278
233291	0.0008670414196
233292	0.0009724120879
233293	0.001265421312
233294	0.001410399489
233295	0.001018649967
233296	0.001737901666
233297	0.001070817451
233298	0.0003886732252
233299	0.0008625666771
233300	0.0008078360444
233301	0.0006449572461
233302	0.0008339294144
233303	0.0015333633
233304	0.0007245477872
233305	0.000881804524
233306	0.00090725905
233307	0.0009533729584
233308	0.001184948159
233309	0.0009568354882
233310	0.0007993977188
233311	0.001045704685
233312	0.0009251197818
233313	0.0005954297303
233314	0.001132016157
233315	0.001067131446
233316	0.0006567343261
233317	0.0006878794251
233318	0.0007911180281
233319	0.0008298961476
233320	0.0008167590671
233321	0.0004569023381
233322	0.0006864088325
233323	0.0008587715153
233324	0.0008267596124
233325	0.0007851419857
233326	0.0007969978416
233327	0.0005042906471
233328	0.001058762414
233329	0.001092520031
233330	0.001372194817
233331	0.0004632564324
233332	0.000875338077
233333	0.001106128953
233334	0.001040376653
233335	0.001517104534
233336	0.001177308459
233337	0.001191158223
233338	0.0005016612962
233339	0.001156776731
233340	0.0006438214192
233341	0.0006898536686
233342	0.001747708934
233343	0.0007166031885
233344	0.0006505018808
233345	0.001314795539
233346	0.001225338829
233347	0.0007103601232
233348	0.001017034948
233349	0.0009026083312
233350	0.0006848350707
233351	0.0008884653296
233352	0.0006878053923
233353	0.0008385099488
233354	0.001132031629
233355	0.00064919538
233356	0.000777499152
233357	0.0009394136543
233358	0.0002586775053
233359	0.000726044752
233360	0.000610616987
233361	0.0008770648578
233362	0.0006705089848
233363	0.0007558250427
233364	0.0009327892362
233365	0.0006393295402
233366	0.001150267687
233367	0.001008456416
233368	0.001058023977
233369	0.001337962181
233370	0.0008176286888
233371	0.0008229279516
233372	0.0006198030538
233373	0.0003385991518
233374	0.001039205594
233375	0.0009349682012
233376	0.0004175181538
233377	0.000806338197
233378	0.000411160369
233379	0.0008235442576
233380	0.0006541087718
233381	0.0008020830449
233382	0.0006776305753
233383	0.001003860529
233384	0.001059069782
233385	0.0009542054312
233386	0.0004374727069
233387	0.0007801092146
233388	0.001202826503
233389	0.001022051753
233390	0.001066754202
233391	0.0006482221561
233392	0.001599862681
233393	0.0006272992795
233394	0.000237199038
233395	0.001096917335
233396	0.0008945048439
233397	0.0006070163159
233398	0.001034044842
233399	0.00122233153
233400	0.001086498049
233401	0.0005232420608
233402	0.00125027439
233403	0.0007046975395
233404	0.0008425399686
233405	0.001102903774
233406	0.001325784419
233407	0.000640131538
233408	0.0007718734553
233409	0.0008429239631
233410	0.0007156778782
233411	0.00143479241
233412	0.001557965707
233413	0.0008779782753
233414	0.0009036782706
233415	0.001005993704
233416	0.0009858105809
233417	0.0007966056063
233418	0.001014526253
233419	0.001329334896
233420	0.0008949176793
233421	0.0007408231986
233422	0.001064340461
233423	0.0009076260122
233424	0.001526678471
233425	0.001196452762
233426	0.0008341757374
233427	0.0006917227255
233428	0.0006285098979
233429	0.000870984417
233430	0.001242151127
233431	0.0006286254414
233432	0.0009060344843
233433	0.001051194092
233434	0.0007353212943
233435	0.0007339791577
233436	0.0007886391813
233437	0.0008488593634
233438	0.001275512039
233439	0.0003993976799
233440	0.0008806960129
233441	0.0005985135964
233442	0.001322698766
233443	0.001218280526
233444	0.0007822012816
233445	0.0008499927363
233446	0.0005098244944
233447	0.0005900913257
233448	0.0008825776663
233449	0.001267974865
233450	0.0009431770773
233451	0.001005017086
233452	0.0005894062349
233453	0.0006883553671
233454	0.0007630683113
233455	0.000588411518
233456	0.0009062562928
233457	0.0009497639774
233458	0.001685929366
233459	0.001078524179
233460	0.001037293655
233461	0.0008047967359
233462	0.001307840797
233463	0.0005510947386
233464	0.0006571450375
233465	0.000645607774
233466	0.001250344537
233467	0.001077542577
233468	0.001083470267
233469	0.0008587503465
233470	0.0008762138551
233471	0.0006279763178
233472	0.0007788190427
233473	0.0011769014
233474	0.001067749199
233475	0.0007713355274
233476	0.001897922065
233477	0.0004404544394
233478	0.0009666792424
233479	0.0006068050076
233480	0.000968164246
233481	0.0006717670934
233482	0.001024806787
233483	0.000730372683
233484	0.0008581860598
233485	0.0006110045377
233486	0.0002226755083
233487	0.001441824304
233488	0.0004692044833
233489	0.0009380358152
233490	0.0009266066609
233491	0.001024542515
233492	0.001009047951
233493	0.0005295797946
233494	0.001021487812
233495	0.0006942218766
233496	0.001202323638
233497	0.0008770087532
233498	0.0007245145418
233499	0.0002782440971
233500	0.0009134585906
233501	0.001228047635
233502	0.0009288591843
233503	0.001228897378
233504	0.0008342534846
233505	0.0005712837989
233506	0.0005805041339
233507	0.001414429663
233508	0.0009253281446
233509	0.0008027945004
233510	0.0007535601838
233511	0.001187933389
233512	0.0009408685032
233513	0.0003374856969
233514	0.000256761984
233515	0.0006236348137
233516	0.001058340375
233517	0.0003880832348
233518	0.0005619070382
233519	0.001534942207
233520	0.000441418264
233521	0.000702092631
233522	0.0006113477422
233523	0.001225796358
233524	0.000802156559
233525	0.00179250272
233526	0.001056594113
233527	0.0004308239211
233528	0.001151556664
233529	0.001403402532
233530	0.0009493405709
233531	0.00160149031
233532	0.001197890613
233533	0.0008418124141
233534	0.001334066012
233535	0.001115257474
233536	0.0009721307324
233537	0.0009150893198
233538	0.00126055315
233539	0.0003448534435
233540	0.001519325334
233541	0.001361664216
233542	0.0007615058367
233543	0.0008452016403
233544	0.001238346156
233545	0.001485402908
233546	0.001307264852
233547	0.001375189837
233548	0.0009592356116
233549	0.001067256831
233550	0.0005576215163
233551	0.001035863609
233552	0.0008996051659
233553	0.001096024076
233554	0.001883427343
233555	0.001217151828
233556	0.001027123636
233557	0.001130710267
233558	0.001023725448
233559	0.0009558944723
233560	0.0008147250686
233561	0.0008832872209
233562	0.0006944585468
233563	0.0009763144826
233564	0.001437452943
233565	0.001277362402
233566	0.001470559557
233567	0.0005243555943
233568	0.001209788786
233569	0.001728429247
233570	0.00104590693
233571	0.0009233231839
233572	0.0005903059582
233573	0.0009765108943
233574	0.0009215941592
233575	0.0009394709157
233576	0.001311110479
233577	0.0008068192857
233578	0.0009054993727
233579	0.001072876191
233580	0.0003577091995
233581	0.0008786634824
233582	0.0004783384912
233583	0.0007267294594
233584	0.0009626900397
233585	0.0009255974686
233586	0.0008871097227
233587	0.00122357588
233588	0.0007986547097
233589	0.0008217649422
233590	0.0009138211489
233591	0.0007793805394
233592	0.0006807746214
233593	0.0009490578853
233594	0.0008748901828
233595	0.0007265996783
233596	0.0004520478441
233597	0.001006416392
233598	0.0008486438613
233599	0.0009605107913
233600	0.0007535002504
233601	0.001274059493
233602	0.001286838438
233603	0.0003853303282
233604	0.001008351238
233605	0.000723742166
233606	0.001053054686
233607	0.001074707327
233608	0.0007334039959
233609	0.0009469958162
233610	0.0007018438043
233611	0.0008843637399
233612	0.001152999771
233613	0.0009920824991
233614	0.001541801808
233615	0.0009040110247
233616	0.001025033754
233617	0.0009904663912
233618	0.0005197873291
233619	0.0008192795568
233620	0.0008085577252
233621	0.0007431286361
233622	0.001028311629
233623	0.0008222649045
233624	0.0007437222042
233625	0.001893686721
233626	0.0008259459343
233627	0.001140861653
233628	0.0007886156673
233629	0.0009843922684
233630	0.000550498475
233631	0.001371669249
233632	0.001139954181
233633	0.001139410699
233634	0.001216223314
233635	0.0009598296438
233636	0.0007609176385
233637	0.0009321028273
233638	0.000810197804
233639	0.0006215542337
233640	0.0004125757246
233641	0.0007822424275
233642	0.0006204726307
233643	0.0007225204481
233644	0.0006345159437
233645	0.001071467944
233646	0.0007989577366
233647	0.001290654621
233648	0.00128932041
233649	0.0004490246804
233650	0.0005423264474
233651	0.001210889586
233652	0.0008765662851
233653	0.00123953215
233654	0.001191612524
233655	0.0007515121024
233656	0.0009768484588
233657	0.0005002792107
233658	0.0004166435777
233659	0.0009174932797
233660	0.0007726922278
233661	0.0007897236193
233662	0.0002440332762
233663	0.00115501815
233664	0.001451946925
233665	0.0005978738036
233666	0.0006937320865
233667	0.0007871280748
233668	0.0007606940887
233669	0.0007176186911
233670	0.001079522284
233671	0.0008228998428
233672	0.001065342487
233673	0.001212044081
233674	0.0009233486393
233675	0.00148487663
233676	0.00118186366
233677	0.001254592908
233678	0.0006295858973
233679	0.001078018185
233680	0.0002753458267
233681	0.0008046951851
233682	0.001565181358
233683	0.0008153219453
233684	0.0005464685646
233685	0.001448071306
233686	0.0009727003838
233687	0.0008154024936
233688	0.0009275880746
233689	0.0005546547288
233690	0.0008953909907
233691	0.001139668206
233692	0.001004764481
233693	0.0007511382348
233694	0.0009451306907
233695	0.001626152297
233696	0.0007105487694
233697	0.0009442655525
233698	0.0008962982191
233699	0.001130696428
233700	0.001627649983
233701	0.0005998021307
233702	0.0003059101792
233703	0.0008239696006
233704	0.001014764724
233705	0.0009119984981
233706	0.001022462154
233707	0.0001697537001
233708	0.000901442401
233709	0.0007245231348
233710	0.0006456735707
233711	0.001239749744
233712	0.001058352186
233713	0.0007799301066
233714	0.0008897408905
233715	0.0008032038939
233716	0.001167723221
233717	0.000474781067
233718	0.0006119409753
233719	0.000820573631
233720	0.0008751166538
233721	0.0006484388159
233722	0.0009030369743
233723	0.0002980924646
233724	0.0008157761682
233725	0.001266878581
233726	0.001294641341
233727	0.001770802106
233728	0.0005685182435
233729	0.001632101936
233730	0.0009585359893
233731	0.0009697943335
233732	0.0008184009191
233733	0.00104892401
233734	0.0005967149791
233735	0.0005091089798
233736	0.0009386156886
233737	0.0003765065325
233738	0.0007699818699
233739	0.001019030899
233740	0.0009486547131
233741	0.0008752815909
233742	0.0008209526897
233743	0.001330272751
233744	0.000247627546
233745	0.001483008079
233746	0.0006145979535
233747	0.0006930440554
233748	0.0008285837405
233749	0.0008553158816
233750	0.001064803526
233751	0.0008793430237
233752	0.0006531484623
233753	0.001107084478
233754	0.0006915161699
233755	0.0003382122176
233756	0.0008974462269
233757	0.0007965486375
233758	0.001240737265
233759	0.0006355829501
233760	0.0009242581095
233761	0.0005309417258
233762	0.0005841966544
233763	0.001204715976
233764	0.001525299163
233765	0.001027506401
233766	0.0005974089081
233767	0.0006266303473
233768	0.0003998088291
233769	0.0004263247613
233770	0.0005961376228
233771	0.00147774913
233772	0.001417062454
233773	0.001188346756
233774	0.0007485556332
233775	0.001378331883
233776	0.001440648134
233777	0.0008186465109
233778	0.001287176933
233779	0.00132918015
233780	0.0009422794711
233781	0.0006718155271
233782	0.0004555761125
233783	0.0009293041277
233784	0.001018268694
233785	0.0003218733793
233786	0.000952194327
233787	0.000768247468
233788	0.001475704592
233789	0.001032226357
233790	0.00108883246
233791	0.001042609822
233792	0.0009558716957
233793	0.0007605135829
233794	0.0007133911958
233795	0.001041914915
233796	0.0001862386396
233797	0.0008434869077
233798	0.0006300198505
233799	0.0006598810034
233800	0.0007898445083
233801	0.0007712967701
233802	0.0008079911247
233803	0.0007504353324
233804	0.0007976521126
233805	0.000739726718
233806	0.0007447668971
233807	0.0007814673398
233808	0.001150394799
233809	0.0008379443828
233810	0.001579216293
233811	0.0008122237628
233812	0.0009902496451
233813	0.0008134093958
233814	0.0009155407991
233815	0.00116996761
233816	0.0009825331392
233817	0.000905375703
233818	0.00107262898
233819	0.0009129792049
233820	0.0008565717816
233821	0.0005709826974
233822	0.0009415484194
233823	0.0002835860321
233824	0.0007168145368
233825	0.00116883072
233826	0.001096780227
233827	0.0007223437813
233828	0.001109529996
233829	0.001049705137
233830	0.001740039173
233831	0.0008918160278
233832	0.0007102577456
233833	0.0002367341246
233834	0.0007163243642
233835	0.002067222346
233836	0.0009283136546
233837	0.001324092597
233838	0.000883842624
233839	0.001034030264
233840	0.001099642692
233841	0.0008978400905
233842	0.0006398805445
233843	0.001777836271
233844	0.0005480938689
233845	0.001055019546
233846	0.0001414354299
233847	0.00182071397
233848	0.001065391996
233849	0.0008923070771
233850	0.0004062068752
233851	0.0009583475058
233852	0.0009467048611
233853	0.0006708472292
233854	0.0008710535689
233855	0.0009866139904
233856	0.000940669597
233857	0.0006466877932
233858	0.001481803127
233859	0.0009997049492
233860	0.000821785305
233861	0.0004218121497
233862	0.0009436291799
233863	0.001085034398
233864	0.0009300139694
233865	0.0009511549127
233866	0.0006534198086
233867	0.0008950606152
233868	0.0008256457835
233869	0.001282156275
233870	0.0009102684493
233871	0.001605365199
233872	0.001005298887
233873	0.0007415456935
233874	0.001045744826
233875	0.0007524923821
233876	0.001017220867
233877	0.0009330133431
233878	0.0009796238057
233879	0.0007054764601
233880	0.002056646107
233881	0.001240983323
233882	0.001225149819
233883	0.001195687804
233884	0.0005249707399
233885	0.0007507765058
233886	0.001309804625
233887	0.001069256431
233888	0.001107272578
233889	0.0005932222721
233890	0.001624587615
233891	0.0005197441249
233892	0.0008332385072
233893	1.397786669e-05
233894	0.001173678118
233895	0.0008478951252
233896	0.0006554472147
233897	0.001848342406
233898	0.000811874615
233899	0.0002962961989
233900	0.001164560667
233901	0.001051026561
233902	0.001399995641
233903	0.001184061882
233904	0.001454137891
233905	7.064639355e-05
233906	0.001046899584
233907	0.0007914782606
233908	0.001111392181
233909	0.001372455722
233910	0.001075451987
233911	0.0009173905339
233912	0.001068673055
233913	0.000721450495
233914	0.0002736653399
233915	0.0008993235577
233916	0.001433811843
233917	0.001218774296
233918	0.0008808381084
233919	0.001131403668
233920	0.0003103988592
233921	0.0009402107551
233922	0.001644599511
233923	0.0007942914491
233924	0.0008346776507
233925	0.001000684432
233926	0.0008850347229
233927	0.0007319501363
233928	0.0007353365784
233929	0.00137639761
233930	0.000818213354
233931	0.000896438264
233932	0.001096393461
233933	0.001355191862
233934	0.001263567839
233935	0.0008067047136
233936	0.001092616588
233937	0.0007069195902
233938	0.001096809384
233939	0.001028256871
233940	0.001107186081
233941	0.0007333480798
233942	0.0009531405814
233943	0.001060297611
233944	0.0003845946765
233945	0.0007340731801
233946	0.001250138763
233947	0.001020941305
233948	0.0006206811774
233949	0.0008918759692
233950	0.0008597582808
233951	0.001167844308
233952	0.0009883677881
233953	0.0007803984987
233954	0.0008166285187
233955	0.0009268182537
233956	0.0007924395634
233957	0.001041818193
233958	0.0008663594687
233959	0.001192529327
233960	0.001025861119
233961	0.0007770637871
233962	0.0005558691359
233963	0.000757016649
233964	0.001087942705
233965	0.001167731366
233966	0.0009769662606
233967	0.0006917148643
233968	0.001013176056
233969	0.0006633972948
233970	0.0008712097894
233971	0.001433926779
233972	0.001603576252
233973	0.000672162451
233974	0.001058547448
233975	0.0006209626769
233976	0.001161703337
233977	0.0006156259292
233978	0.0008945419377
233979	0.0006459790409
233980	0.0007007433952
233981	0.001341268955
233982	0.0004989627562
233983	0.0005679808166
233984	0.001014825501
233985	0.001159098392
233986	0.0007069136517
233987	0.001664035296
233988	0.001052009432
233989	0.0006854486083
233990	0.0006224661186
233991	0.0007051839871
233992	0.001074301645
233993	0.0009495452343
233994	0.0007598381722
233995	0.0008549939606
233996	0.000979274251
233997	0.0005992584441
233998	0.000485191215
233999	0.001389810429
234000	0.0007792027652
234001	0.001165504196
234002	0.001450108528
234003	0.0007617022754
234004	0.0007671142068
234005	0.0009530220145
234006	0.001002162272
234007	0.0004508968998
234008	0.0008174828001
234009	0.001270365463
234010	0.001023576848
234011	0.0008558617617
234012	0.000784750502
234013	0.000676485729
234014	0.0006940767985
234015	0.0005721867426
234016	0.0006737059627
234017	0.001180699679
234018	0.001251232761
234019	0.0008189075983
234020	0.001223486324
234021	0.0007851137975
234022	0.0004592274651
234023	0.0008158272865
234024	0.001395308718
234025	0.001472758262
234026	0.0006519822857
234027	0.000873486593
234028	0.00122218155
234029	0.001222081047
234030	0.001234859714
234031	0.001412851252
234032	0.0006691326982
234033	0.000937835133
234034	0.0004819059074
234035	0.0009301547265
234036	0.0008409313821
234037	0.0007833856402
234038	0.0004901646883
234039	0.0008360656695
234040	0.001432140812
234041	0.0006207759275
234042	0.0009822969041
234043	0.0005028251521
234044	0.001068134487
234045	0.0007108720635
234046	0.001137404808
234047	0.0006973545707
234048	0.0009100261308
234049	0.000891071365
234050	0.001250124991
234051	0.001207316961
234052	0.0008139775812
234053	0.0008558592674
234054	0.0009081266051
234055	0.001221055946
234056	0.0009722683499
234057	0.001141414441
234058	0.001166724938
234059	0.0009746788681
234060	0.0008638414778
234061	0.0003723424011
234062	0.001058661558
234063	0.0007397140147
234064	0.001219995924
234065	0.001391297661
234066	0.0008608569623
234067	0.001346158673
234068	0.001245821105
234069	0.001166146633
234070	0.0006061026771
234071	0.0007489185164
234072	0.000976364874
234073	0.001198786543
234074	0.0008830597261
234075	0.00111451985
234076	0.0002276006434
234077	0.0001426250094
234078	0.001274690786
234079	0.0009359610021
234080	0.0008740619497
234081	0.001266396445
234082	0.001034589535
234083	0.0009509304242
234084	0.001184725925
234085	0.000966017358
234086	0.000744949715
234087	0.001998018633
234088	0.001063382494
234089	0.0009394841202
234090	0.0004449144819
234091	0.0008063843852
234092	0.001215283133
234093	0.001071227152
234094	0.00098414644
234095	0.0009869017588
234096	0.001062103378
234097	0.00127852218
234098	0.001237863226
234099	0.0004952458461
234100	0.0007702084459
234101	0.0008412265861
234102	0.001248434648
234103	0.0007336760868
234104	0.0005856510195
234105	0.001364572254
234106	0.0008877484381
234107	0.0005464624573
234108	0.001043997196
234109	0.0007680879136
234110	0.0008421414011
234111	0.001573184708
234112	0.001126686406
234113	0.0006678864715
234114	0.0008537866489
234115	0.0005169683019
234116	0.0002059646388
234117	0.000477233302
234118	0.001112646299
234119	0.001044906341
234120	0.001103042636
234121	0.000780294937
234122	0.0007430712341
234123	0.0005635754642
234124	0.001066660626
234125	0.0006128548713
234126	0.001356934529
234127	0.001793919628
234128	0.00084238818
234129	0.0002335767378
234130	0.0007588074311
234131	0.0006981302091
234132	0.0006043915209
234133	0.0006954471168
234134	0.0006350043996
234135	0.0009131908522
234136	0.0003313578289
234137	0.001474188088
234138	0.0005725293344
234139	0.001001574524
234140	0.001052252348
234141	0.0009323747655
234142	0.001124976616
234143	0.001060869638
234144	0.001629464991
234145	0.0007332373189
234146	0.0006687389082
234147	0.001123372394
234148	0.00133740813
234149	0.0008460081413
234150	0.0007785672884
234151	0.001449390356
234152	0.0001758052355
234153	0.0009604330316
234154	0.001142925868
234155	0.0003381312033
234156	0.0008698420107
234157	0.0007304219227
234158	0.0009287552547
234159	0.0007177557644
234160	0.0007646636496
234161	0.001130695538
234162	0.0005310998614
234163	0.001151005652
234164	0.0005923264895
234165	0.0008251534064
234166	0.0007304635655
234167	0.0004347052788
234168	0.0005764537433
234169	0.000613672593
234170	0.0004209360307
234171	0.0008127442406
234172	0.0005747153216
234173	0.0005368270826
234174	0.001087857557
234175	0.001000072282
234176	0.001736307448
234177	0.0005960236956
234178	0.0004999013898
234179	0.0009256862398
234180	0.0004369399918
234181	0.0007058055565
234182	0.000333195622
234183	0.0009298148171
234184	0.0006738376402
234185	0.0004277709024
234186	0.0007253640839
234187	0.000898928556
234188	0.0006220613374
234189	0.0006452180039
234190	0.001139007998
234191	0.001208951227
234192	0.000995896911
234193	0.001681497528
234194	0.0005006638842
234195	0.001580995093
234196	0.0001383607816
234197	0.001204159483
234198	0.0008942165948
234199	0.0001177157605
234200	0.0009664979427
234201	0.0005745181134
234202	0.0008406973013
234203	0.0008639311113
234204	0.0007885550332
234205	0.001448722876
234206	0.0003852428931
234207	0.0008088342705
234208	0.001000561568
234209	0.0009571926465
234210	0.001748511188
234211	0.0008705348754
234212	0.001554494023
234213	0.0006229353034
234214	0.0006118072321
234215	0.0004800921207
234216	0.001023629344
234217	0.001020264067
234218	0.001065087907
234219	0.0006498809557
234220	0.0007899762735
234221	0.001065798947
234222	0.0008075689517
234223	0.001069284687
234224	0.000939854763
234225	0.0009532240421
234226	0.000653919761
234227	0.0006680675355
234228	0.0007755342796
234229	0.00122165355
234230	0.0008282047161
234231	0.0004608386399
234232	0.0007402845719
234233	0.001282150868
234234	0.0005998093158
234235	0.001918832159
234236	0.0009400314988
234237	0.0008844042145
234238	0.0007443595126
234239	0.0006475026133
234240	0.0002379130384
234241	0.00128007197
234242	0.000931244928
234243	0.00119340113
234244	0.001004903736
234245	0.0004535647344
234246	0.001039839902
234247	0.0008127910179
234248	0.0006221688686
234249	0.0008236392069
234250	0.000916239905
234251	0.001208270388
234252	0.0006900213563
234253	0.001004381364
234254	0.0001219438712
234255	0.001160987555
234256	0.001102213444
234257	0.001028936505
234258	0.0008175488106
234259	0.001761751919
234260	0.0007321697517
234261	0.000895944396
234262	0.0006261844583
234263	0.001205879297
234264	0.001031500695
234265	0.001192487548
234266	0.0005537618695
234267	0.0006928398754
234268	0.00138206192
234269	0.000209334987
234270	0.0006552192743
234271	0.0005628640126
234272	0.001090581836
234273	0.0008901161034
234274	0.0007189276616
234275	0.001385455996
234276	0.001085691646
234277	0.000836042357
234278	0.001671578494
234279	0.001146533801
234280	0.0007413991457
234281	0.001109922548
234282	0.001012395321
234283	0.0007958147726
234284	0.001482691153
234285	0.001103662669
234286	0.0005890495589
234287	0.0007634552232
234288	0.0009955209072
234289	0.0007892188409
234290	0.000647500616
234291	0.0006726381985
234292	0.000965118422
234293	0.0007078411754
234294	0.001214220181
234295	0.0009341851427
234296	0.0007615317222
234297	0.001157131642
234298	0.0008458485534
234299	0.0002665375064
234300	0.00124374208
234301	0.0003803323496
234302	0.0007091196871
234303	0.001226376337
234304	0.0003204831554
234305	0.0011470604
234306	0.001170719319
234307	0.001036540216
234308	0.0008896161151
234309	0.001097021981
234310	0.001280145975
234311	0.0008219831993
234312	0.0009155039661
234313	0.000822289889
234314	0.0003732644284
234315	0.000777752437
234316	0.0008812002507
234317	0.0002549749883
234318	0.0009286702147
234319	0.00120608809
234320	0.000952160355
234321	0.001750685394
234322	0.0008927291803
234323	0.0007760191018
234324	0.001086170955
234325	0.001207273452
234326	0.0006444414761
234327	0.0009995063722
234328	0.0008930063332
234329	0.001025989767
234330	0.0006512787391
234331	0.001074646819
234332	0.000261404631
234333	0.001289424789
234334	0.001075397568
234335	0.001015352427
234336	0.0004073291716
234337	0.0003396681557
234338	0.0009590219987
234339	0.0007774987496
234340	0.0003988141307
234341	0.000693773284
234342	0.0008836478613
234343	0.0008570905867
234344	0.000725611565
234345	0.001111546444
234346	0.0008830260682
234347	0.0004732957094
234348	0.0007693525918
234349	0.001054383216
234350	0.001286259065
234351	0.0006109734407
234352	0.001053335394
234353	0.001013054958
234354	0.0005170007884
234355	0.001242562956
234356	0.0002121844056
234357	0.0007786386234
234358	0.000962442306
234359	0.0007484094794
234360	0.0005042447499
234361	0.0005239469162
234362	0.001201471575
234363	0.001196149984
234364	0.0004826516869
234365	0.001470405229
234366	0.0006193125878
234367	0.001085549306
234368	0.001031434789
234369	0.001345754223
234370	0.001033801136
234371	0.0004065086925
234372	0.001248052974
234373	0.0009638688561
234374	0.0008845124326
234375	0.0007131925622
234376	0.000865024751
234377	0.0007935123418
234378	0.001291236595
234379	0.000711012807
234380	0.0007791196212
234381	0.0002628456626
234382	0.0009367433689
234383	0.0007196521881
234384	0.001250375082
234385	0.001010212752
234386	0.0009882693606
234387	0.001095998563
234388	0.000857134338
234389	0.0006151141352
234390	0.001619410381
234391	0.001259135741
234392	0.001152401926
234393	0.001365712769
234394	0.0009782460575
234395	0.0005153669917
234396	0.00109425109
234397	0.001105161259
234398	0.0009006176434
234399	0.0005511347295
234400	0.001470524525
234401	0.0008491881485
234402	0.000206112511
234403	0.0009605614626
234404	0.001038700627
234405	0.0006942342538
234406	0.0006223927006
234407	0.001094618121
234408	0.001344658181
234409	0.0008702773596
234410	0.0009185835001
234411	0.0007291767301
234412	0.0005633261309
234413	0.0008510080447
234414	0.0008236679192
234415	0.00118340676
234416	0.0007399446241
234417	0.001504922715
234418	0.0008354086456
234419	0.00149306658
234420	0.001132000245
234421	0.0009374884017
234422	0.0006318239229
234423	0.001781579914
234424	0.00134898185
234425	0.0008219038147
234426	0.0007750941545
234427	0.0009539205884
234428	0.000314316751
234429	0.001038044013
234430	0.0007959307217
234431	0.0007233399928
234432	0.001211976303
234433	0.0004824316174
234434	0.0008879576456
234435	0.0007990245705
234436	0.0008502917496
234437	0.0001788077118
234438	0.001326814315
234439	0.001068756813
234440	0.0005651636525
234441	0.001091994522
234442	0.001088163516
234443	0.0004862493229
234444	0.000758414043
234445	0.0006261761116
234446	0.001526404156
234447	0.0005392152785
234448	0.000921578211
234449	0.00150463172
234450	0.001493773077
234451	0.0005728658403
234452	0.0009514077546
234453	0.0008829062192
234454	0.001209749597
234455	0.001588256605
234456	0.001082101474
234457	0.000853324126
234458	0.001064983107
234459	0.0008766538431
234460	0.0005786766297
234461	0.0008711787156
234462	0.001497722084
234463	0.000726296424
234464	0.0008263796732
234465	0.0004633046249
234466	0.001131971627
234467	0.0007808767612
234468	0.0005070776431
234469	0.0005841661367
234470	7.155810192e-05
234471	0.0009453448669
234472	0.0006593886207
234473	0.0009005966208
234474	0.0009894700383
234475	8.042562165e-05
234476	0.000396317698
234477	0.001019430459
234478	0.0005825491284
234479	0.0006055723938
234480	0.001214925659
234481	0.001159985881
234482	0.000969357777
234483	0.001003674753
234484	0.0006297820988
234485	0.0009221561694
234486	0.00110296246
234487	0.001191327796
234488	0.001006938326
234489	0.0005892296274
234490	0.001313647601
234491	0.0009133956364
234492	0.001302279914
234493	0.0009732829285
234494	0.0007176951632
234495	0.001247036563
234496	0.0006817539953
234497	0.0008838687614
234498	0.0008287969343
234499	0.001477794274
234500	0.0004574209241
234501	0.001355522143
234502	0.0006919774849
234503	0.00075185684
234504	0.0007669038354
234505	0.0007666775046
234506	0.001142980115
234507	0.001179406383
234508	0.001203810819
234509	0.001455851196
234510	0.0008122964571
234511	0.0005381372444
234512	0.0007638348032
234513	0.001110744902
234514	0.000793374865
234515	0.0006159858287
234516	0.0008568850813
234517	0.001160670054
234518	0.000580297907
234519	0.0009924677159
234520	9.079654432e-05
234521	0.0008052099061
234522	0.0006414649986
234523	0.001096270863
234524	0.001186650606
234525	0.001158600378
234526	0.0007657196319
234527	0.0009548936985
234528	0.000822148192
234529	0.0008345360629
234530	0.001382002489
234531	0.0005194824525
234532	0.001239551008
234533	0.001042775435
234534	0.0008138972806
234535	0.001127737682
234536	0.0003923360045
234537	0.0008846574447
234538	0.0008223021482
234539	0.0006948322985
234540	0.0009234037374
234541	0.0008182715811
234542	0.001093132008
234543	0.0007534192513
234544	0.0007812931582
234545	0.0003621362032
234546	0.0007506896651
234547	0.001007354293
234548	0.001191617073
234549	0.001242930602
234550	0.0007777496486
234551	0.001137619354
234552	0.001807000698
234553	0.001325537891
234554	0.0005541497464
234555	0.001057351517
234556	0.0005041735883
234557	0.001407090254
234558	0.00029020441
234559	0.0002775643007
234560	0.0005876687014
234561	0.001424092608
234562	0.001484274515
234563	0.0004556786766
234564	0.00131963138
234565	0.00050025309
234566	0.001100200375
234567	0.001030085373
234568	0.0009461927761
234569	0.0003986113676
234570	0.001075304523
234571	0.0006163493152
234572	0.0005207965106
234573	0.0007389100826
234574	0.001066463563
234575	0.0008781430534
234576	0.001626872219
234577	0.001001573733
234578	0.001249052977
234579	0.0008003964031
234580	0.0005481929528
234581	0.0007374505508
234582	0.00103298137
234583	0.0009493835973
234584	0.0004038898268
234585	0.0007505463587
234586	0.001051981668
234587	0.0003999129656
234588	0.0008884766858
234589	0.0006185926793
234590	0.0006460463814
234591	0.000974247125
234592	0.00105700267
234593	0.0007127085049
234594	0.0009202836613
234595	0.0006465081175
234596	0.001041272176
234597	0.0007687502201
234598	0.001110661968
234599	0.0006624795373
234600	0.001034057689
234601	0.00106782156
234602	0.0005355556901
234603	0.0009974826436
234604	0.001055998404
234605	0.0006509506649
234606	0.0003946591969
234607	0.0007865746007
234608	0.0006193444495
234609	0.0003515410209
234610	0.0006795250219
234611	0.001904604477
234612	0.000836122793
234613	0.0008781915055
234614	0.0008332262505
234615	0.0009406170705
234616	0.0007827422441
234617	0.001063166524
234618	0.0009770662803
234619	0.0007443716033
234620	0.001385804484
234621	0.001320753096
234622	0.0009288424556
234623	0.001252578691
234624	0.0009046230737
234625	0.001081604811
234626	0.001051669575
234627	0.00110214629
234628	0.0004087981504
234629	0.001108726811
234630	0.001186043553
234631	0.0008440338639
234632	0.001006183627
234633	0.0009933842781
234634	0.001101187793
234635	0.001708712513
234636	0.0009264227125
234637	0.0007888472881
234638	0.000775584812
234639	0.0007905545489
234640	0.00072595954
234641	0.001119307876
234642	0.001052442185
234643	0.0005580802225
234644	0.0002771985288
234645	0.0007136901667
234646	0.001159115432
234647	0.0006354081513
234648	0.001307459747
234649	0.0004987850721
234650	0.001023917519
234651	0.0006846181493
234652	0.0008835206163
234653	0.00136897392
234654	0.0009819934142
234655	0.0007115054228
234656	0.0008316139991
234657	0.0001186371677
234658	0.001301132334
234659	0.0009026007765
234660	0.0009061104912
234661	0.001518246967
234662	0.0009040201873
234663	0.0004923083598
234664	0.001458957124
234665	0.001069976767
234666	0.001234553565
234667	0.001098745368
234668	0.001250239053
234669	0.001120553204
234670	0.0002841825346
234671	0.001223113797
234672	0.001273334173
234673	0.0007651465116
234674	0.001247668681
234675	0.001180295806
234676	0.0004218733031
234677	0.00230686059
234678	7.375097718e-05
234679	1.056802606e-05
234680	0.0009379720039
234681	0.001352708187
234682	0.0006513401465
234683	0.0006376713329
234684	8.352857803e-05
234685	0.00147805608
234686	0.001153544123
234687	0.000810774078
234688	0.0009985666937
234689	0.001173698014
234690	0.0008612861237
234691	0.0006344247099
234692	0.001425984722
234693	0.000986427417
234694	0.0002992755765
234695	0.001169808702
234696	0.0003084483102
234697	0.0008821440984
234698	0.0009645483102
234699	0.0007426133603
234700	0.0009303509107
234701	0.001222879997
234702	0.001193778075
234703	0.0009196240948
234704	0.001108176293
234705	0.0008341853824
234706	0.0005306802798
234707	0.0009126749872
234708	0.001054564773
234709	0.001533150033
234710	0.001305500112
234711	0.00109716517
234712	0.001022806754
234713	0.0002847004717
234714	0.001014728885
234715	0.001225208659
234716	0.00105608776
234717	0.001073461592
234718	0.0009027179473
234719	0.000424274343
234720	0.0008668177262
234721	0.000881381447
234722	0.001077246804
234723	0.000962831562
234724	0.000718875402
234725	0.0005997310984
234726	0.0006116311641
234727	0.0008556594236
234728	0.0002456040374
234729	0.0005132145632
234730	0.001167722469
234731	0.001113222337
234732	0.001013470489
234733	0.00113971965
234734	0.001044046271
234735	0.001722794629
234736	0.0006501574201
234737	0.001275647158
234738	0.000769804463
234739	0.001093937381
234740	0.0003572385735
234741	0.0008332388536
234742	0.0009559920749
234743	0.0008655175351
234744	0.0005503905758
234745	0.0007813885172
234746	0.0008289736661
234747	0.0008490237611
234748	0.001141992318
234749	0.0003765096922
234750	0.0009268493712
234751	0.001027349451
234752	0.001454817209
234753	0.0008336365991
234754	0.001064426409
234755	0.001192981567
234756	0.0006190005295
234757	0.001547147276
234758	0.0008624895996
234759	0.001044340079
234760	0.0009864076152
234761	0.001458707215
234762	0.0007819786111
234763	0.0001097527303
234764	0.0005075314954
234765	0.0006263744276
234766	0.0006137164244
234767	0.0008675285559
234768	0.0005413329989
234769	0.0006399532451
234770	0.0006050999934
234771	0.0004606579206
234772	0.0007932682707
234773	0.0005263334021
234774	0.0001993503306
234775	0.000618450501
234776	0.001287951441
234777	0.0009618427768
234778	0.001075531919
234779	0.001141381781
234780	0.001132943278
234781	0.0008409397979
234782	0.001149839117
234783	0.001440085403
234784	0.000491291637
234785	0.001092406997
234786	0.0007344740751
234787	0.0009344241108
234788	0.00077131789
234789	0.001090375574
234790	0.0006010379474
234791	0.0007950155073
234792	0.0005285116477
234793	0.0005512879751
234794	0.00116827047
234795	0.001402581367
234796	0.001079629988
234797	0.001280012757
234798	0.0007640286445
234799	0.00119163456
234800	0.0002930043377
234801	0.0008310864684
234802	0.0007229856502
234803	0.0006384973215
234804	0.0009111052737
234805	0.001094282803
234806	0.0009039079268
234807	0.0009833609382
234808	0.0003337251488
234809	0.0008472098285
234810	0.0007807074055
234811	0.0009247271143
234812	0.0009100446019
234813	0.0007638505029
234814	0.0009761319994
234815	0.0006451276645
234816	0.0009405457496
234817	0.0009139719141
234818	0.001139362846
234819	0.001381005069
234820	0.001055144044
234821	0.001477967173
234822	0.0004428093946
234823	0.0008069112668
234824	0.0007016349543
234825	0.00104792202
234826	0.0007669113693
234827	0.0007482060063
234828	0.001716310904
234829	0.001237902181
234830	0.0009890358281
234831	0.001061207774
234832	0.0004385636819
234833	0.000916216634
234834	0.0005279828608
234835	0.00107619191
234836	0.0009222970454
234837	0.0007584165324
234838	0.001022757933
234839	0.001304664513
234840	0.0003530641348
234841	0.001667464456
234842	0.0008922990735
234843	0.001716224031
234844	0.0007610388172
234845	0.0006222719076
234846	0.00118318998
234847	0.0006723346199
234848	0.0007600544745
234849	0.001195548643
234850	0.001120074327
234851	0.0008440249115
234852	0.0008035094731
234853	0.0009894185975
234854	0.001723828816
234855	0.0003956493593
234856	0.0004889731861
234857	0.0001219969548
234858	0.0006956280077
234859	0.0006721638974
234860	0.0008087231215
234861	0.0009926475852
234862	0.0009065737754
234863	0.001058220261
234864	0.001240057145
234865	0.0008639955463
234866	0.0006463367614
234867	0.001131618207
234868	0.0009464326908
234869	0.0008638002452
234870	0.0008053712624
234871	0.0008522559538
234872	0.0007219921985
234873	0.0005450646387
234874	0.0005542915369
234875	0.001330661748
234876	0.001244905517
234877	0.00100683603
234878	0.0008279605242
234879	0.0007724242081
234880	0.001581365727
234881	0.001286211494
234882	0.001147033411
234883	0.0007047278289
234884	0.0006034416686
234885	0.001209189395
234886	2.417951152e-06
234887	0.001014847878
234888	0.0008841238348
234889	0.0004172484615
234890	0.0001373966228
234891	0.001306935933
234892	0.0003973059859
234893	0.0008230362454
234894	0.001312966809
234895	0.001398136081
234896	0.000911492837
234897	0.0008112149462
234898	0.0008910343231
234899	0.001441611786
234900	0.001122964278
234901	0.0006205128971
234902	0.0004350108289
234903	0.001050847383
234904	0.0007132659888
234905	0.0011088089
234906	0.001375882515
234907	0.0007919311728
234908	0.0008606327427
234909	0.0004672993427
234910	0.001218040902
234911	0.001531670308
234912	0.0007552611925
234913	0.001111519459
234914	0.001066047676
234915	0.000522955278
234916	0.001045859019
234917	0.001464082921
234918	0.0006144365291
234919	0.0007810827296
234920	0.001037087963
234921	0.001088790246
234922	0.001170083551
234923	0.001002930565
234924	0.001433540424
234925	0.0005382273857
234926	0.001060062234
234927	0.0008661156435
234928	0.001747820433
234929	0.0007721505071
234930	0.0008085750254
234931	0.0006001672082
234932	0.0007680933032
234933	0.00139501786
234934	0.00128356533
234935	0.0007092333406
234936	0.0008472586235
234937	0.0006004026932
234938	0.0004948448824
234939	0.0009729173625
234940	0.0005734951601
234941	0.001272415787
234942	0.0007030426798
234943	0.001289675275
234944	0.0008454056192
234945	0.0009119789661
234946	0.001222227698
234947	0.0009705084941
234948	0.001069672892
234949	0.0007189531505
234950	0.0009290563348
234951	0.0015909169
234952	0.001052478001
234953	0.00093801832
234954	0.001187137846
234955	0.001319176422
234956	0.0008249630412
234957	0.0009334867885
234958	0.001088511685
234959	0.0008290352362
234960	0.0009622891303
234961	0.0009380132754
234962	0.000405477844
234963	0.0005521401827
234964	0.00080450328
234965	0.000776810008
234966	0.001041133969
234967	0.0002383861793
234968	0.0008052683457
234969	0.0009938966191
234970	0.0006420761834
234971	0.0002196851227
234972	0.0009230948648
234973	0.0008751039777
234974	0.001142455799
234975	0.0008116316952
234976	0.001072331558
234977	0.0007206382133
234978	0.001302879519
234979	0.001178644287
234980	0.0008493625713
234981	0.0009895181536
234982	0.0009387540192
234983	0.001187972533
234984	0.000887156793
234985	0.001249551188
234986	0.000452852393
234987	0.001097086703
234988	0.0009488231818
234989	0.001135077388
234990	0.001101195931
234991	0.0007518677313
234992	0.001066500496
234993	0.001307723408
234994	0.0006553392501
234995	0.001104931701
234996	0.000769865443
234997	0.0008387273111
234998	0.0007810030376
234999	0.0003482451962
235000	0.001098742121
235001	0.001609859705
235002	0.001420292213
235003	0.000368092455
235004	0.001478467068
235005	0.0009687569371
235006	0.0009857307763
235007	0.0008235475369
235008	0.0003872652566
235009	0.0007573364938
235010	0.000755400146
235011	0.0009113857326
235012	0.001084912564
235013	0.000494550978
235014	0.001168621968
235015	0.001197453446
235016	0.0009790550428
235017	0.0001825491967
235018	0.001129504902
235019	0.0008583466112
235020	0.001055572456
235021	0.001317666986
235022	0.0007389640252
235023	0.001072442349
235024	0.0009967930893
235025	0.001001862058
235026	0.0006689997577
235027	0.000359689546
235028	0.0002507441278
235029	0.001068375519
235030	0.0007155449004
235031	0.001154668318
235032	0.001098487872
235033	0.0004352591997
235034	0.001145925297
235035	0.0007984178373
235036	0.0002516281218
235037	0.0005362782321
235038	0.001348642617
235039	0.001261625493
235040	0.0007737407754
235041	0.001088265669
235042	0.001428182832
235043	0.001054052746
235044	0.0008481215182
235045	0.000782342038
235046	0.0005843576088
235047	0.001435848703
235048	0.001026300358
235049	0.0003880641597
235050	0.001190056747
235051	0.0008735007163
235052	0.0009933737095
235053	0.001130217435
235054	0.0007085292142
235055	0.0006711383941
235056	0.001092655364
235057	0.0002773560089
235058	0.0007095804724
235059	0.0007469219857
235060	0.001227960487
235061	0.001175695801
235062	0.000984756996
235063	0.0007301384042
235064	0.0007029066434
235065	0.0005582635683
235066	0.0008178269571
235067	0.0006978557429
235068	0.001008051075
235069	0.0002443437188
235070	0.001108628955
235071	0.001286443998
235072	0.001407414545
235073	0.0006073141487
235074	0.0008178701803
235075	0.0009526109847
235076	0.001422368207
235077	0.001078423328
235078	0.00134518158
235079	0.001051108618
235080	0.0008274687899
235081	0.0009571671835
235082	0.0007677889669
235083	0.0007666189485
235084	0.001353613273
235085	0.001331001002
235086	0.0009713559379
235087	0.0005627839746
235088	0.0004213059855
235089	0.0007168962665
235090	0.001055651328
235091	0.0004097510152
235092	0.0009280110757
235093	0.0009580827228
235094	0.0006259651617
235095	0.0006605654341
235096	0.0004473488975
235097	0.0009285473309
235098	0.0009244320238
235099	0.001156028
235100	0.001257399206
235101	0.0007090503816
235102	0.001170923948
235103	0.0007957767537
235104	0.0006588437552
235105	0.0007231062213
235106	0.0007094548833
235107	0.001304356658
235108	0.0008208257543
235109	0.0007373728185
235110	0.0009918070034
235111	0.001189374874
235112	0.0007454218374
235113	0.0008020324977
235114	0.001027279637
235115	0.001246637461
235116	0.001064208369
235117	0.001305379845
235118	0.001311639209
235119	0.0002033033541
235120	0.001022087674
235121	0.0003542854044
235122	0.0007071092137
235123	0.0008467925364
235124	0.00101925109
235125	0.001110107874
235126	0.001319506917
235127	0.001269250609
235128	0.001216192577
235129	0.0006961107542
235130	0.001137114742
235131	0.0008892144789
235132	0.000818352653
235133	0.001112218671
235134	0.0008081885691
235135	0.0005656615784
235136	6.140993676e-05
235137	0.001125284409
235138	0.0009612168134
235139	0.0008383148845
235140	0.0007705255771
235141	0.0005607740994
235142	0.0009014301332
235143	0.0006703392021
235144	0.001231683439
235145	0.0007276297519
235146	0.000571613599
235147	0.0006317610233
235148	0.00103242823
235149	0.0005981920983
235150	0.0004005611927
235151	0.0009812515101
235152	0.001056773191
235153	0.001178416994
235154	0.0006753357139
235155	0.0008602756007
235156	0.0007892512629
235157	0.0011016791
235158	0.001278643413
235159	0.0008174445495
235160	0.0007116542901
235161	0.0009376768344
235162	0.0007931176485
235163	0.0007436606796
235164	0.0009439442825
235165	0.0009036444576
235166	0.0009440370349
235167	0.001029561033
235168	0.0008850784377
235169	0.0009030050102
235170	0.0008372500067
235171	0.0003996545182
235172	0.001207388241
235173	0.0008802587946
235174	0.00113390392
235175	0.000942038175
235176	0.0007363866206
235177	0.0007859662982
235178	0.0008225815883
235179	0.0002865296695
235180	0.001096549148
235181	0.0009235846335
235182	0.0007522320377
235183	0.0007367374829
235184	0.0006442674876
235185	0.0009843081167
235186	0.0007912849285
235187	0.0009696061512
235188	0.0008969452099
235189	0.0003493819581
235190	0.001396696956
235191	0.001206786022
235192	0.0005940490021
235193	0.001009624665
235194	0.0007412391631
235195	0.00128322816
235196	0.001170913327
235197	0.0009403313082
235198	0.0007290588743
235199	0.001008139395
235200	0.001091527568
235201	0.0006993594587
235202	0.0008205544728
235203	0.001030182108
235204	0.0009489485689
235205	0.0008754034229
235206	0.0006625009933
235207	0.001235105887
235208	0.0007526345784
235209	0.0008787456238
235210	0.001425073631
235211	0.0006797240299
235212	0.0004133434419
235213	0.0006639466713
235214	0.0009552018156
235215	0.0009029077532
235216	0.0007419816985
235217	0.0008491542915
235218	0.001030949753
235219	0.0007916577716
235220	0.0007356329883
235221	0.000890633262
235222	0.001142812145
235223	0.001475148386
235224	0.001692206496
235225	0.0006498067815
235226	0.001275197094
235227	0.001313301579
235228	0.0007424102311
235229	0.001016561673
235230	0.001028194677
235231	0.0009903299566
235232	0.0003829619082
235233	0.001280722634
235234	0.0006504334026
235235	0.0009862011514
235236	0.0006180933616
235237	0.001202120778
235238	0.0002003566471
235239	0.0006087922833
235240	0.0005565518127
235241	0.0006808314778
235242	0.0005227752961
235243	0.000948001622
235244	0.0004915393683
235245	0.0004584923561
235246	0.000264436102
235247	0.001134078565
235248	0.0009897298558
235249	0.0008269801592
235250	0.0007875608215
235251	0.001717401154
235252	0.001188107575
235253	0.0008738476529
235254	0.001233383247
235255	0.001058575496
235256	0.001613723847
235257	0.001031034416
235258	0.0007466261805
235259	0.0006919280971
235260	0.0008868759524
235261	0.0007946736647
235262	0.00119831216
235263	0.001191437069
235264	0.0004552457143
235265	0.0009556477091
235266	0.001134976379
235267	0.0008703958222
235268	0.000930087689
235269	0.0007060382685
235270	0.0005891088745
235271	0.0005610999559
235272	0.0004092911184
235273	0.0007939707929
235274	0.001066408207
235275	0.0006260440343
235276	0.0009527735305
235277	0.001795705855
235278	0.0009392854024
235279	0.0004344735133
235280	0.0009081671929
235281	0.0009438702326
235282	0.0006078137149
235283	0.0006570938687
235284	0.001131440092
235285	0.0007182179385
235286	0.0008102093745
235287	0.000988177665
235288	0.0007444203707
235289	0.001248202161
235290	0.001286779528
235291	0.001026190822
235292	0.001080882767
235293	0.0002990322566
235294	0.001321699795
235295	0.001154216391
235296	0.0007481204672
235297	0.0008863173704
235298	0.0006929195266
235299	0.0002706304227
235300	0.0006992858158
235301	0.0007343536324
235302	0.0004143729615
235303	0.0006574270544
235304	0.0008205877187
235305	0.0008485222851
235306	0.0003591176809
235307	0.0006215639465
235308	0.0006869703453
235309	0.0007805771544
235310	0.001183448967
235311	0.0004712639494
235312	0.001386435815
235313	0.0008852247976
235314	0.001065755725
235315	0.001010048085
235316	0.0009626820899
235317	0.001090474465
235318	0.0008839878098
235319	0.001141598957
235320	0.0006202374674
235321	0.0009979403993
235322	0.000665598809
235323	0.0006333912697
235324	0.001188141312
235325	0.0009193273842
235326	0.0003538286625
235327	0.00156031866
235328	0.000123772117
235329	0.001425461373
235330	0.0002356908838
235331	0.0002901782502
235332	8.849873604e-05
235333	0.002634200296
235334	0.00062865571
235335	6.731279312e-05
235336	0.0006285271514
235337	0.004531090831
235338	0.0004814684827
235339	0.0005424071178
235340	0.004304650398
235341	0.002049505345
235342	0.003645837323
235343	4.400572998e-06
235344	0.001288520447
235345	0.003530129752
235346	0.002422835872
235347	0.003632433725
235348	0.0005663116894
235349	0.00534604278
235350	0.002540508331
235351	0.0001983759783
235352	0.0001653244733
235353	0.0001476394357
235354	0.0009886048642
235355	0.002451341975
235356	1.162342929e-05
235357	0.001215241085
235358	0.001699652555
235359	0.0007180241044
235360	0.0002308706491
235361	0.001548956811
235362	0.0003373108361
235363	6.855699407e-05
235364	0.001818123253
235365	0.0008677264685
235366	0.001198388297
235367	0.002111961386
235368	0.001790797692
235369	0.001585971199
235370	0.001062605922
235371	0.000652923979
235372	0.001765526167
235373	0.002187359221
235374	0.0001789033636
235375	0.0001008928515
235376	7.686667069e-05
235377	7.929296788e-05
235378	0.0003522841232
235379	0.0003534734039
235380	4.740015187e-05
235381	0.001496423696
235382	0.0003329680765
235383	0.0007043826657
235384	0.0002474612565
235385	0.0007059044859
235386	0.0005900844823
235387	0.0005560475312
235388	0.001652440282
235389	0.0003907725355
235390	0.0007523350835
235391	0.0001111118862
235392	0.0002570184757
235393	0.0002232897525
235394	0.0001422265299
235395	0.0001666111019
235396	0.0004589728693
235397	8.597733435e-05
235398	0.0002829763493
235399	0.0001869203849
235400	0.001552445478
235401	0.0004016669043
235402	0.0003305424014
235403	0.001954425012
235404	0.0003354875305
235405	6.101703412e-05
235406	0.001555354832
235407	0.002717512381
235408	9.861068343e-05
235409	1.940661703e-05
235410	0.0002650914945
235411	0.0001005462471
235412	0.0001431387606
235413	0.0003689474393
235414	9.821188636e-06
235415	0.0002431792546
235416	0.0004531607254
235417	0.0003083550306
235418	0.0005322938559
235419	3.267971113e-05
235420	0.0008679438896
235421	0.000157906867
235422	0.0001488393407
235423	0.0002550201658
235424	0.0001212901841
235425	0.0003085305671
235426	9.264737514e-05
235427	0.000604888604
235428	1.77009145e-05
235429	0.0003893670754
235430	0.0001466400898
235431	4.491042235e-05
235432	0.0006991156963
235433	0.000142031255
235434	2.656554876e-05
235435	8.499942518e-05
235436	0.000119089431
235437	0.0001097313444
235438	0.0002423257358
235439	0.0001389241533
235440	0.002648831601
235441	0.0002230540572
235442	0.0004141056883
235443	0.0002500289456
235444	0.000218261427
235445	0.0001548826046
235446	1.235976467e-05
235447	0.0002838090131
235448	0.0002402791022
235449	0.0005592863597
235450	0.0004308536575
235451	0.0003119645726
235452	0.0002183690795
235453	0.0002598484988
235454	0.0006686176091
235455	8.152616112e-05
235456	2.39574381e-06
235457	0.0002978920175
235458	0.0005331990721
235459	8.091858805e-05
235460	0.0004988088105
235461	0.0001893727374
235462	8.057105151e-05
235463	0.0001080669087
235464	0.0005065616192
235465	0.000605772146
235466	0.000291586995
235467	0.0003274087884
235468	0.0001969430798
235469	0.0004903201459
235470	3.483130303e-05
235471	0.00203387348
235472	0.0002410142598
235473	4.521937528e-05
235474	0.0002528631114
235475	0.0001566569486
235476	0.000169016528
235477	0.0001954268591
235478	0.0002123184649
235479	0.0001440754876
235480	0.0005217817243
235481	0.000431318225
235482	0.0001832952936
235483	0.0005412884904
235484	0.0007445975696
235485	0.0004306217337
235486	0.0001058515782
235487	0.000104900201
235488	0.0003594277852
235489	0.000425110563
235490	0.0008586564381
235491	6.386667189e-05
235492	0.0009136500781
235493	0.0001665431474
235494	0.0001180428181
235495	0.000162990661
235496	7.530645355e-05
235497	0.0004903544954
235498	3.776717672e-05
235499	9.461920423e-06
235500	0.0002832583737
235501	3.03591711e-05
235502	0.0002833469873
235503	0.0002500968133
235504	4.073355629e-05
235505	1.368677057e-05
235506	0.0002665561624
235507	4.864678948e-05
235508	0.000873240832
235509	0.0002400119906
235510	1.970133899e-05
235511	0.0001703485229
235512	1.805664368e-05
235513	0.0007737856852
235514	0.0003804432242
235515	0.000346938984
235516	0.0001872061408
235517	7.094112743e-05
235518	7.714704339e-05
235519	6.622016435e-05
235520	0.000103551532
235521	0.0001947580175
235522	0.0001604458044
235523	0.0003186575847
235524	0.0002585810311
235525	0.0002305819547
235526	4.203647601e-05
235527	0.0004313503651
235528	4.971038148e-05
235529	0.0004822214378
235530	5.637872046e-05
235531	0.0001907248051
235532	9.326433116e-05
235533	0.0001336373161
235534	0.0006885887961
235535	9.30313781e-05
235536	7.697873128e-05
235537	4.49795267e-05
235538	0.0001789888092
235539	0.0001105787233
235540	2.843396977e-05
235541	0.0002777513211
235542	0.0001051444451
235543	0.000202777779
235544	0.0001456473311
235545	0.0002159912148
235546	0.000178021582
235547	0.0002272000337
235548	2.719361115e-05
235549	3.845498242e-07
235550	0.0001092779266
235551	2.300607997e-05
235552	9.464952706e-05
235553	7.553952864e-05
235554	7.584558042e-05
235555	0.000329053263
235556	0.0005590641145
235557	0.0005406453199
235558	1.855395304e-05
235559	0.0003582507152
235560	9.342001074e-05
235561	0.00099963229
235562	0.0005454166156
235563	0.000323300267
235564	0.0001341585054
235565	0.0002186762477
235566	0.0007950581532
235567	9.448090618e-05
235568	0.0005343025229
235569	9.666489771e-05
235570	0.0003443966777
235571	0.0001722535496
235572	0.0004335451975
235573	0.001975217016
235574	0.0003182951897
235575	0.0001466154775
235576	8.191653958e-05
235577	0.0001249631582
235578	3.994267956e-05
235579	0.0009242021214
235580	3.018341732e-05
235581	0.0002233549026
235582	0.0001982453001
235583	0.0001573887756
235584	0.0005298187879
235585	6.028044862e-05
235586	6.436158768e-05
235587	3.745555863e-05
235588	0.0002575058006
235589	0.000538105393
235590	5.606007693e-05
235591	0.0008747607414
235592	0.0002389555655
235593	0.0001748749929
235594	2.927879239e-05
235595	0.000311952199
235596	5.243408202e-05
235597	0.0001414414585
235598	0.0004213690787
235599	0.0003519151216
235600	0.0005188930099
235601	0.0001669048455
235602	0.0004132737548
235603	0.003609964403
235604	1.797072442e-05
235605	0.0001361347259
235606	0.0003786800797
235607	0.0002309498865
235608	0.0001356131006
235609	0.0007497982942
235610	0.0001201875469
235611	5.644307135e-05
235612	6.741248298e-05
235613	0.0001841863222
235614	3.142693839e-05
235615	0.0001320991927
235616	0.0002855221582
235617	0.0001226080932
235618	6.363752283e-05
235619	0.0004675193552
235620	0.0002638027954
235621	0.0003598135213
235622	0.0003226750685
235623	0.0009105669466
235624	0.0002981161474
235625	0.0002271614702
235626	0.0001367343504
235627	0.0003807725063
235628	6.797255922e-05
235629	0.0006865265956
235630	0.0002924483123
235631	1.063396901e-06
235632	0.0001945576743
235633	7.604637453e-05
235634	0.0002087631491
235635	0.0002836027671
235636	0.0002662190297
235637	0.0002781913869
235638	0.000133586249
235639	0.0001500301098
235640	0.0001241769604
235641	0.0002342952472
235642	0.0001102579257
235643	3.094087921e-05
235644	0.0001345504026
235645	8.631305055e-05
235646	0.0002214841067
235647	0.0005006123439
235648	6.518651457e-05
235649	0.0001532671809
235650	0.0002469895342
235651	0.0006428793488
235652	0.0002063589828
235653	0.0001541647662
235654	0.0008669376568
235655	0.0004328545283
235656	0.0001128067534
235657	0.0004569658323
235658	3.122161039e-05
235659	0.0003693153596
235660	5.66398955e-05
235661	2.371333792e-05
235662	0.0002966690069
235663	8.046796801e-05
235664	0.000107485106
235665	0.0002329881727
235666	0.0005176011355
235667	0.0005048656263
235668	8.911083428e-05
235669	0.0001337678235
235670	0.0003412307724
235671	9.182614193e-05
235672	0.0001022222828
235673	0.0002978763088
235674	2.760513944e-05
235675	0.0001568211188
235676	0.0002032222396
235677	0.0003890072897
235678	9.277273473e-05
235679	2.822419369e-06
235680	0.0001499619251
235681	0.0002216137897
235682	0.0005490402666
235683	0.0005454591175
235684	0.0002730674007
235685	0.0001164255915
235686	0.0003915396041
235687	2.917897626e-05
235688	0.0002864827301
235689	0.0002200772667
235690	0.0004050640775
235691	0.0001254173903
235692	0.0007574300907
235693	0.0001413861885
235694	0.0007910447824
235695	0.0001293587533
235696	0.002201046094
235697	0.001050068787
235698	6.851367026e-05
235699	0.0003662669154
235700	7.25278613e-05
235701	0.0007477452929
235702	0.0003865792534
235703	0.0003258114551
235704	0.0004664465458
235705	1.951357444e-05
235706	0.0001624509219
235707	0.0003467126455
235708	3.547499774e-05
235709	0.0003082581842
235710	0.0009080911035
235711	0.0002537787428
235712	0.0005372920732
235713	5.350556795e-06
235714	0.0001097981698
235715	0.0003608230108
235716	0.0002957771613
235717	9.268505255e-06
235718	2.954797669e-05
235719	0.002710902963
235720	0.0001809937442
235721	0.0003976414385
235722	0.0001481141142
235723	8.406335371e-05
235724	0.0004438538976
235725	0.0007517575493
235726	0.0001797505201
235727	0.0002187084158
235728	0.000430401496
235729	5.688572629e-05
235730	0.00022556564
235731	0.0002482160262
235732	3.445668016e-05
235733	0.0004290464968
235734	0.0002539625277
235735	0.0001234498131
235736	0.0003326489798
235737	0.0003329433914
235738	0.0001211331842
235739	0.0002469397229
235740	3.416574452e-05
235741	2.795674073e-05
235742	5.389721827e-05
235743	0.0004466720665
235744	7.876833403e-05
235745	6.89425375e-05
235746	0.003979115872
235747	0.0002199142263
235748	0.0003817455783
235749	0.000259309601
235750	6.815348699e-05
235751	0.0005780203917
235752	0.000258497188
235753	0.0001024989791
235754	0.0003813341119
235755	2.487799028e-05
235756	0.0002805746191
235757	0.0002970133945
235758	0.000137974885
235759	0.0001140285211
235760	5.227280256e-05
235761	0.0006289955681
235762	0.0002262761329
235763	9.331166224e-05
235764	0.0001216120134
235765	0.000297887975
235766	0.0003430206005
235767	0.004101389737
235768	0.0004982090241
235769	0.0003265602108
235770	0.0002091552244
235771	0.000594804377
235772	0.0003808161719
235773	3.4645451e-05
235774	0.000153249374
235775	0.0002829951331
235776	0.0006201528858
235777	0.000484343436
235778	5.939599775e-05
235779	5.185638598e-05
235780	4.51793632e-05
235781	0.0002599074958
235782	0.0004217985072
235783	0.0001212886129
235784	0.001461491244
235785	4.933727975e-05
235786	2.861009921e-05
235787	0.000710578571
235788	7.168177161e-05
235789	0.0001608261307
235790	0.0002659172471
235791	0.0002648781225
235792	0.0005378413721
235793	0.0003491721229
235794	0.0005289796733
235795	0.0004917570191
235796	0.0002546247272
235797	0.0004009093031
235798	0.0002115245521
235799	0.0004057522034
235800	0.0006777509977
235801	0.0002682649904
235802	0.0001401228515
235803	0.000220837845
235804	0.0001596071737
235805	0.0002698804624
235806	7.515893713e-05
235807	0.0009098156785
235808	0.000123570408
235809	0.00218432175
235810	0.000121485955
235811	5.626118304e-05
235812	0.000148683544
235813	0.0003770548464
235814	0.001405270671
235815	0.001045534197
235816	0.002793442788
235817	0.001261057751
235818	0.001141081221
235819	0.002570385746
235820	0.003718213133
235821	0.005142998154
235822	0.0007340952255
235823	0.001495678233
235824	0.00226009568
235825	0.003341204322
235826	0.001369866063
235827	0.001620931761
235828	0.001330007331
235829	0.003000602661
235830	0.0003331687729
235831	0.002356824832
235832	0.0003330436117
235833	0.00326942574
235834	6.722031109e-05
235835	0.0007512711227
235836	0.001877917984
235837	0.001873166218
235838	0.003834603013
235839	0.0007006902555
235840	0.001890391355
235841	0.000871813893
235842	0.0009027834848
235843	0.002981724571
235844	1.85976192e-05
235845	0.002795076838
235846	0.004331035603
235847	0.001330822485
235848	0.0004109903141
235849	0.001444895635
235850	0.0006318352936
235851	0.003377713101
235852	0.002090700653
235853	0.001281980155
235854	0.001200805563
235855	0.0001196294763
235856	0.0009445057019
235857	0.003292870269
235858	0.0002613396553
235859	0.001876300828
235860	0.002355063241
235861	0.001696463025
235862	0.002402571822
235863	0.001756373909
235864	0.003364127948
235865	0.003166810943
235866	0.0003598921438
235867	0.0009544030928
235868	0.005069369335
235869	0.0004581917597
235870	0.004543532918
235871	0.004597662827
235872	0.00296652804
235873	0.0006076860167
235874	0.001010920991
235875	0.003274174101
235876	0.002914472737
235877	0.005956687612
235878	0.005040594858
235879	0.003226444517
235880	0.000769510183
235881	0.002563423493
235882	0.0003819844849
235883	0.0006211829402
235884	0.000542284751
235885	0.001285768265
235886	0.0004373180913
235887	0.0004829163368
235888	0.001196603697
235889	0.0005980729129
235890	6.698430826e-05
235891	0.001024544086
235892	0.0001009452479
235893	0.001588304108
235894	0.001704646314
235895	0.002104115471
235896	0.003299769796
235897	0.002452099487
235898	0.003053954297
235899	0.003892476354
235900	0.0005114923179
235901	1.906404479e-05
235902	0.001513767361
235903	0.0008478519479
235904	0.0009448112221
235905	0.001000755536
235906	0.0001205277051
235907	0.0005059227499
235908	0.0008089914607
235909	0.0009774722878
235910	0.0008682939001
235911	0.0005610497645
235912	0.001236239724
235913	0.0007546605941
235914	0.0008635448781
235915	0.002928862652
235916	0.0008125956287
235917	0.001140642685
235918	0.001356246129
235919	0.000747001817
235920	0.001023245719
235921	0.0002065343199
235922	0.001143530594
235923	0.001062513039
235924	0.0006140244814
235925	0.001397830343
235926	0.00151721609
235927	0.001035984979
235928	0.001615164641
235929	0.0008347746043
235930	0.0007023418291
235931	0.0005456608871
235932	0.001147321288
235933	0.001863978068
235934	0.001058126008
235935	0.00109175971
235936	0.001257596906
235937	0.0007437556405
235938	0.001260624406
235939	0.001177030619
235940	0.001545470098
235941	0.0005113359106
235942	0.0007366250448
235943	0.001235142086
235944	0.0007751057912
235945	0.0009697411823
235946	2.956727667e-05
235947	0.0008881119362
235948	0.0007410808392
235949	0.0006735570307
235950	0.0008558267417
235951	0.001023099719
235952	0.0008951747782
235953	0.0008420904137
235954	0.0004924648766
235955	0.0001113992886
235956	0.001344188518
235957	0.001153793271
235958	0.001066383785
235959	0.0005417859181
235960	0.001127063047
235961	0.001164403581
235962	0.0005247333456
235963	0.001192478176
235964	0.0006724593247
235965	0.0002660822015
235966	0.00108863977
235967	0.00118899921
235968	0.001331658138
235969	0.001453337182
235970	0.0001761498647
235971	0.0003381841243
235972	0.0005276660886
235973	9.286160158e-06
235974	0.000938512741
235975	0.0003458692418
235976	0.0007172495194
235977	0.0006583664555
235978	0.0008706026827
235979	0.0003685074487
235980	0.0009217761071
235981	5.8524493e-05
235982	0.000612125625
235983	0.0006727387714
235984	0.0009706695819
235985	0.001003221345
235986	0.0006618297542
235987	0.001068910997
235988	0.0004675268601
235989	0.000503108285
235990	0.001102393226
235991	0.0004320965043
235992	0.0007054733894
235993	0.0002229596354
235994	0.000892507623
235995	0.0007729566371
235996	0.0005772987622
235997	0.001070442628
235998	0.0006523665235
235999	0.001083982531
236000	0.0009109634347
236001	0.001242814705
236002	0.001085577999
236003	0.001047783286
236004	0.0005018809501
236005	0.000952048724
236006	0.0008919614771
236007	0.0007223380439
236008	0.001068485738
236009	0.001094663342
236010	4.462509482e-05
236011	0.0007371540019
236012	0.0002296126087
236013	0.0008757855353
236014	0.001006369704
236015	0.001095549207
236016	0.0007980129177
236017	0.0009282598154
236018	0.001282632085
236019	0.001191632818
236020	0.001174501143
236021	0.0006710914217
236022	0.002779453653
236023	0.001117757453
236024	0.001352874516
236025	0.0009653895999
236026	0.0007975488069
236027	0.0005982589597
236028	0.001168584755
236029	0.001064802197
236030	0.0008275013591
236031	0.0003418278186
236032	0.001339203693
236033	0.0007891379497
236034	0.00073254241
236035	0.000901937824
236036	0.0006328766169
236037	0.0005887509893
236038	0.001179502961
236039	0.001184264733
236040	0.0003978218534
236041	0.0004073940893
236042	0.001065704475
236043	0.001180709702
236044	0.001297938281
236045	0.0005549032408
236046	0.0004760458175
236047	0.001007188352
236048	0.0007927891189
236049	0.0002560892039
236050	0.0005391936138
236051	0.0006801938495
236052	0.0005352379917
236053	0.0002995727549
236054	0.0007088125912
236055	0.001078879285
236056	0.0003965520552
236057	0.0006272188611
236058	0.0009103681945
236059	0.0006931127084
236060	0.0006673725691
236061	0.001159341516
236062	0.0007715631459
236063	0.000990266074
236064	0.001434508504
236065	0.0005310685234
236066	0.0009407077985
236067	0.0005116579026
236068	0.0008264323094
236069	0.001115473229
236070	0.0009365605794
236071	0.001346458126
236072	0.0004475853929
236073	0.0009385743039
236074	0.001164932239
236075	0.0007050939099
236076	0.0007395846209
236077	0.001105169106
236078	0.0005648469647
236079	0.001363402899
236080	0.001114300914
236081	0.0004866354099
236082	0.0005573640888
236083	0.001246584573
236084	0.0004251323557
236085	0.001072906524
236086	0.0007800984602
236087	0.001362208523
236088	0.001106789694
236089	0.0006365309745
236090	0.0006129598963
236091	0.001800784732
236092	0.0007477373918
236093	6.277419781e-05
236094	0.0005535582925
236095	0.001308191976
236096	0.001059132306
236097	0.001020090148
236098	0.0007293607427
236099	0.001177677805
236100	0.001627393415
236101	0.0004920704297
236102	0.001169461423
236103	0.0006895132195
236104	0.000854778966
236105	0.0008824531578
236106	0.0008302149986
236107	0.001215951574
236108	1.364984973e-05
236109	0.0009681117241
236110	0.001697588825
236111	0.00120427907
236112	0.0006462437268
236113	0.0004617432663
236114	0.001552011344
236115	0.002088543453
236116	0.001778045687
236117	0.0004543208522
236118	0.002204060332
236119	0.0003797661702
236120	0.001267937343
236121	0.00414678559
236122	0.0008208183718
236123	0.0009200206747
236124	0.002969126391
236125	5.163271411e-07
236126	0.0001531404948
236127	0.0002641453538
236128	0.0001518056559
236129	0.00236184322
236130	0.0008429338744
236131	0.002153823582
236132	0.0007082395889
236133	0.001802998434
236134	0.004091085727
236135	0.001819128364
236136	0.0004121509039
236137	0.000503112959
236138	0.0005741246658
236139	0.0006325565498
236140	0.000602244045
236141	0.003346349989
236142	0.002575417473
236143	0.003057022447
236144	0.0009288985311
236145	0.001838001465
236146	0.002212312397
236147	0.001575698295
236148	0.000534949848
236149	0.0004388870358
236150	0.0006463072571
236151	0.004064896175
236152	0.004687369637
236153	0.0002697466522
236154	0.000165935111
236155	0.001715633857
236156	0.001535833807
236157	0.007115008409
236158	0.0016077336
236159	0.0009699450844
236160	0.002037403516
236161	0.003142446062
236162	0.001602393727
236163	0.001192732226
236164	0.002335989011
236165	0.0004637946304
236166	6.772789821e-05
236167	0.002459998191
236168	0.0004842395806
236169	0.002413452521
236170	0.002401042312
236171	0.0002046434791
236172	0.00294800485
236173	0.0007058390153
236174	0.0004800124901
236175	0.000543829015
236176	9.094471543e-05
236177	5.45818063e-05
236178	0.0001240426516
236179	5.451240336e-05
236180	6.141791679e-05
236181	0.0003932964152
236182	9.446158634e-05
236183	0.0005826765122
236184	0.0003501396149
236185	9.392343605e-05
236186	4.227040664e-06
236187	0.0001545538456
236188	0.0001208311511
236189	8.930433791e-05
236190	3.185261773e-05
236191	0.002470101054
236192	0.0002429408675
236193	0.0002118762302
236194	0.001375084303
236195	0.0002509839688
236196	7.543893491e-05
236197	7.985907584e-05
236198	0.004814187124
236199	0.0007130326087
236200	4.438988026e-05
236201	0.0009062379954
236202	0.000783743914
236203	9.754248559e-05
236204	0.0005791398662
236205	0.00211246765
236206	0.0003778770909
236207	0.001713056338
236208	0.0001558381406
236209	0.001910852847
236210	0.0008889888154
236211	0.007545650316
236212	0.002136793318
236213	0.0001835614735
236214	0.0004103428332
236215	0.0002092984611
236216	0.0006542866499
236217	6.03184409e-05
236218	0.0001395706289
236219	0.0003085642902
236220	2.364112135e-05
236221	0.000287050261
236222	9.043610653e-05
236223	6.193482367e-05
236224	0.0001463325616
236225	9.675897424e-05
236226	6.64265208e-05
236227	3.176319729e-05
236228	1.186251797e-05
236229	0.0001170022435
236230	0.0004499534511
236231	7.116371241e-05
236232	0.0004168554012
236233	7.678362107e-05
236234	6.310323577e-05
236235	0.0001587553175
236236	2.803762929e-05
236237	9.063316469e-05
236238	0.0004254294656
236239	0.0001657615451
236240	0.0002090879939
236241	0.001774412254
236242	0.0001375683961
236243	7.744834511e-05
236244	3.175227868e-05
236245	1.390478098e-05
236246	4.724112169e-05
236247	8.248950436e-05
236248	9.880758668e-05
236249	0.0003403115507
236250	0.0009917970054
236251	0.002555529996
236252	0.0002720808236
236253	0.0001346142005
236254	0.0001410804845
236255	0.0006171478479
236256	8.195428303e-05
236257	0.00074367877
236258	4.811041034e-05
236259	0.0002602285186
236260	0.0005125432503
236261	0.0003757668383
236262	8.620521877e-05
236263	7.470929553e-05
236264	0.0002019091117
236265	0.0003455230042
236266	4.605740182e-05
236267	0.001175429318
236268	0.0004169291891
236269	0.0002722861293
236270	6.66661988e-05
236271	0.0002508334305
236272	2.036407697e-05
236273	7.054479164e-05
236274	3.052345563e-05
236275	0.000124182382
236276	0.000102279217
236277	3.430816758e-05
236278	0.0002575381137
236279	0.0003982654627
236280	0.0001419865314
236281	0.0006015903918
236282	0.0003045287184
236283	3.275174439e-05
236284	0.0007454567875
236285	0.001048906945
236286	0.000129040389
236287	0.0004403845217
236288	0.001319751056
236289	0.0003446323659
236290	0.0001007770668
236291	0.0001046460058
236292	7.602992481e-05
236293	9.821583824e-05
236294	8.177483333e-05
236295	0.0001987732535
236296	0.0003100086626
236297	0.000295819499
236298	0.0007021996819
236299	0.0004906647742
236300	0.0001475725314
236301	0.001888982244
236302	4.045869025e-05
236303	6.057819115e-05
236304	0.000160313474
236305	0.0003641924633
236306	0.00130166287
236307	0.0007715063257
236308	0.0008746264474
236309	0.001270359979
236310	0.001165477397
236311	0.004085515539
236312	0.0008522882709
236313	0.0004931014994
236314	6.428612536e-05
236315	0.002287476408
236316	0.0005374801845
236317	0.0002000648178
236318	0.005611475309
236319	0.002002273318
236320	0.0002808369575
236321	0.0006670448162
236322	0.001124082304
236323	0.003014434727
236324	0.001403038599
236325	0.003313871421
236326	0.0005597929103
236327	0.004411703939
236328	0.001664433955
236329	0.001097412303
236330	0.0005348501055
236331	0.0004999967607
236332	0.0005828448029
236333	0.0007427507357
236334	0.00220102598
236335	0.002090111124
236336	0.001333366457
236337	0.002071806088
236338	0.005894355835
236339	0.00237971255
236340	6.4028081e-05
236341	0.001403266565
236342	0.0003151560265
236343	0.0002854438098
236344	0.001556777443
236345	0.001689358565
236346	0.00447341784
236347	0.002320122188
236348	0.001716274608
236349	0.0002837872443
236350	0.001758283474
236351	0.002881946051
236352	0.004721707707
236353	0.002613614603
236354	9.906570577e-05
236355	0.002633361416
236356	0.002186310198
236357	0.0001634108087
236358	8.960233613e-05
236359	0.001884768177
236360	0.0001524468588
236361	0.0008418043358
236362	0.0004322006559
236363	0.0004941920165
236364	0.001829469212
236365	0.002596395103
236366	0.0002857162944
236367	0.004636567833
236368	0.0007774154357
236369	0.001369221677
236370	0.00172898007
236371	0.0005464628639
236372	0.002593947853
236373	0.003544488431
236374	0.002557046957
236375	0.0008738647731
236376	0.001355850119
236377	0.002723916362
236378	0.001598468748
236379	0.002089413326
236380	0.000390307998
236381	0.00151106802
236382	0.003395227208
236383	0.002603306237
236384	0.005214066713
236385	0.007122975024
236386	0.0005541997292
236387	0.001143845641
236388	0.001778324351
236389	0.004074427608
236390	0.003814363908
236391	0.004773598848
236392	0.0003325383427
236393	0.0007088817984
236394	0.0003386860184
236395	0.001013490922
236396	0.0005511668259
236397	0.0005921759535
236398	0.000624006324
236399	0.0002398995214
236400	0.002890485824
236401	0.009226440497
236402	0.000362430474
236403	0.005030521734
236404	0.0001670563781
236405	0.00278387783
236406	0.0011528087
236407	0.0009250642589
236408	0.005204784597
236409	0.005433413717
236410	0.002982565899
236411	0.0004023498156
236412	0.004827387372
236413	0.004075632502
236414	0.002255920626
236415	0.002536177678
236416	0.0001650839781
236417	0.001053982412
236418	0.003827713661
236419	0.001632571241
236420	0.001273665983
236421	0.00284666346
236422	0.002008684232
236423	0.001103270962
236424	0.003747640907
236425	0.005914792646
236426	0.0001579511116
236427	0.0004854113384
236428	0.0008083478015
236429	0.0004742892583
236430	0.002933667051
236431	0.003375329351
236432	0.0006632318188
236433	0.002018971099
236434	0.003307486351
236435	0.002537840924
236436	0.000720843647
236437	0.0005094880832
236438	0.0005677489971
236439	0.0006921147923
236440	0.000828123899
236441	0.0008193899848
236442	0.0006521110803
236443	0.0005785073202
236444	0.0005878092079
236445	0.00065581831
236446	0.0005001969294
236447	0.0007805126358
236448	0.0008544150206
236449	0.0007001517315
236450	0.0005157034304
236451	0.002137859637
236452	0.001020605442
236453	0.003154345904
236454	0.002484258443
236455	0.0005705532398
236456	0.001186322259
236457	0.0009347838678
236458	0.006516353279
236459	0.0006843078781
236460	0.0008722603496
236461	7.03338977e-05
236462	0.001558728261
236463	0.0003322098378
236464	0.002655244094
236465	4.548397873e-05
236466	0.003501164977
236467	0.001671877404
236468	8.233349567e-05
236469	0.0001329863422
236470	0.0001851143291
236471	0.0002804802888
236472	0.001487407017
236473	0.001073336504
236474	0.001150443638
236475	0.000899260604
236476	0.0002128257944
236477	0.001249673663
236478	0.0008928921593
236479	0.0007923324267
236480	0.001115781096
236481	0.00101824739
236482	0.0009465118975
236483	0.0001624810237
236484	0.0007873992408
236485	0.0003989055313
236486	0.000744448338
236487	0.0002060926396
236488	0.005745166457
236489	0.00285370501
236490	0.003278577837
236491	0.0006102324611
236492	0.001966297522
236493	0.001767836716
236494	0.0008232440715
236495	0.0007093468631
236496	0.0007910102151
236497	0.0007037283691
236498	0.0007377688151
236499	0.0005583890496
236500	0.0008803449295
236501	0.000751761296
236502	0.0006780885277
236503	0.0007920969025
236504	0.0008062254505
236505	0.001494175138
236506	0.0003797044228
236507	0.001887369968
236508	0.0006566748479
236509	0.0007102320563
236510	0.000720996735
236511	0.0006978426972
236512	0.0007135376216
236513	0.0008277675686
236514	0.0006833566224
236515	0.0008140791774
236516	0.0004975199363
236517	2.027909133e-05
236518	0.001109511873
236519	0.003154885641
236520	0.001692775607
236521	0.0004824524337
236522	0.001582405508
236523	0.002693570364
236524	0.002627271987
236525	0.001657137226
236526	0.001614549096
236527	0.003807370226
236528	0.0002347514347
236529	0.008179131559
236530	0.0005923343379
236531	0.002025029584
236532	1.820220103e-05
236533	0.00014728895
236534	0.00357966235
236535	0.001140930337
236536	0.002010189028
236537	0.0001640054905
236538	0.000415760409
236539	0.0002802177249
236540	0.0005997860443
236541	2.380874354e-05
236542	0.000268659413
236543	0.0006424308644
236544	0.0001747758815
236545	0.0003223189117
236546	0.003228424398
236547	0.001838202211
236548	0.000981242654
236549	2.640647798e-05
236550	0.001357083971
236551	0.0004196058897
236552	0.005427486017
236553	0.0005536197476
236554	0.0007426861308
236555	0.0002286923976
236556	4.367962973e-05
236557	0.006387001107
236558	0.0009527580745
236559	0.008119442188
236560	0.004102760993
236561	0.003722630074
236562	0.004871766414
236563	0.002993583141
236564	0.003664783491
236565	0.0006279114201
236566	0.003347152456
236567	0.0006158266857
236568	0.0005332123487
236569	0.00461312784
236570	0.000510643989
236571	0.002730564036
236572	0.0007144168813
236573	0.0004844154548
236574	0.003507702511
236575	0.001489849008
236576	0.0002528848557
236577	0.001362308155
236578	6.102858807e-05
236579	0.0001311193351
236580	0.0007558889411
236581	0.0006885332263
236582	0.0001019961631
236583	0.003493102213
236584	0.001127690636
236585	0.0006585243504
236586	0.0003788651659
236587	0.0008407965068
236588	0.001226121475
236589	0.002022619758
236590	0.005518858181
236591	0.003380092463
236592	0.0006803032769
236593	9.363281561e-05
236594	0.004527971649
236595	0.00178697791
236596	0.00281237391
236597	0.001485108103
236598	0.002134973189
236599	0.0006291184094
236600	0.001374551988
236601	0.001560190855
236602	0.0004660651673
236603	0.0005144747012
236604	0.001862264219
236605	0.002834430726
236606	0.001370963807
236607	0.0001303899481
236608	0.002859690163
236609	0.0003859975944
236610	0.0001169927002
236611	0.0001946595356
236612	0.0005117293668
236613	0.0003095761637
236614	0.0003999122709
236615	0.0001873380267
236616	0.0003841921433
236617	0.0006057092582
236618	0.0007587026015
236619	0.0002593636255
236620	0.002370811378
236621	0.0011010876
236622	0.0005377495925
236623	0.004453843579
236624	0.002154043153
236625	0.001970544744
236626	0.004094481286
236627	0.003934396782
236628	0.000164512134
236629	0.003161525031
236630	0.005707954275
236631	0.002719436349
236632	0.005098878008
236633	0.002847273295
236634	0.001049139576
236635	0.003644946601
236636	0.001944334633
236637	0.005233882725
236638	0.0005544291058
236639	0.0002193167618
236640	0.005208042228
236641	0.001058122466
236642	0.004396734418
236643	0.0004329154827
236644	0.0007396286838
236645	0.002237539737
236646	0.002439466955
236647	0.0004752822413
236648	0.0001944207377
236649	0.004112459516
236650	0.001893121811
236651	0.001336788109
236652	0.00184516812
236653	0.0006927558843
236654	0.001839338194
236655	0.002262598896
236656	0.003780010193
236657	0.004870864617
236658	0.0008432069921
236659	0.000691921992
236660	0.00204777221
236661	0.003895467514
236662	0.001406214636
236663	0.0008791278226
236664	0.001593543051
236665	0.004407338537
236666	0.004841807773
236667	6.797697969e-05
236668	0.003138688099
236669	0.0003564832298
236670	0.001746312111
236671	0.001697823973
236672	0.001891279303
236673	0.003079035243
236674	0.005060178121
236675	0.002229346302
236676	0.003933250193
236677	0.0001474008104
236678	0.003285031639
236679	0.001567456623
236680	0.0009538985256
236681	0.0006545592652
236682	0.0003505636105
236683	0.000916849524
236684	0.0003720622592
236685	0.001456073688
236686	0.0003203995344
236687	0.00104623026
236688	0.0008840885064
236689	0.0005313157579
236690	0.00270402751
236691	0.001691318775
236692	0.0008890316328
236693	8.118175716e-05
236694	0.0003446639439
236695	0.00244059214
236696	3.441474602e-06
236697	0.001396458297
236698	0.002121230779
236699	0.003050564535
236700	0.0007853062837
236701	0.001033594101
236702	0.002680219228
236703	0.001656893164
236704	0.001365826224
236705	0.002174008502
236706	0.0009858436544
236707	0.0008998749646
236708	0.000413682868
236709	0.001131497474
236710	0.0002426472082
236711	0.001903646003
236712	0.003815533537
236713	0.001378969615
236714	0.001458539003
236715	0.001318839641
236716	0.006627890255
236717	0.00458836593
236718	0.002201221757
236719	0.001067917903
236720	0.0008544290585
236721	7.12470402e-05
236722	0.002130614378
236723	0.001565479578
236724	0.005385237901
236725	0.003247908752
236726	0.002023629584
236727	0.0003504846501
236728	0.002583995716
236729	0.002442851703
236730	0.001112323367
236731	0.001178063566
236732	0.001525277216
236733	0.002831983509
236734	0.00294965126
236735	0.00313204077
236736	0.004825139278
236737	0.002552565006
236738	0.0003177615098
236739	0.004986673011
236740	0.001377116204
236741	0.000650841722
236742	0.001211452817
236743	0.001800042635
236744	0.001036669111
236745	0.0008205949775
236746	0.004859015872
236747	0.000473466696
236748	0.0008102743507
236749	0.001163944871
236750	0.0003139791074
236751	0.005770984917
236752	7.287113837e-05
236753	0.004744621033
236754	0.0009571294329
236755	0.0009734589921
236756	0.005014604558
236757	0.0007515388397
236758	0.0006846518108
236759	0.0004457783599
236760	0.004043313424
236761	0.000918037787
236762	0.0008971538123
236763	0.001582656237
236764	0.003575483843
236765	0.003337316554
236766	0.001550575695
236767	0.0004294862379
236768	0.0001896461893
236769	0.004656109699
236770	0.001138085395
236771	0.0005291071626
236772	0.0007650271384
236773	0.0001566038463
236774	0.001307886159
236775	0.001210442002
236776	0.004306091094
236777	0.001627068664
236778	0.0009309871157
236779	0.001056436477
236780	0.002305154787
236781	0.001283748041
236782	0.0004789550922
236783	0.00285773825
236784	0.001264426475
236785	0.001122194478
236786	0.001025882438
236787	0.001794616346
236788	0.001935203306
236789	0.003133080772
236790	0.002172765194
236791	0.001796630556
236792	0.00137752287
236793	0.001698264383
236794	0
236795	0.002153913701
236796	5.816057534e-05
236797	0.0002532704166
236798	0.002019634467
236799	0.004491774354
236800	0.002699642232
236801	0.002852661226
236802	0.002342758356
236803	0.0009523274557
236804	0.004645301501
236805	4.141557452e-05
236806	0.00244057016
236807	0.001581900786
236808	0.001673778878
236809	0.0008825938447
236810	0.0007414956933
236811	0.002026594478
236812	2.7306581e-05
236813	0.0002757172517
236814	0.00253789236
236815	0.005369307784
236816	0.0003862395459
236817	0.002239649448
236818	0.001771874451
236819	0.002387242529
236820	0.0006911060579
236821	0.00183925491
236822	0.003277254093
236823	4.348852651e-05
236824	0.0006979640177
236825	0.004216766599
236826	0.002785691296
236827	0.001924194459
236828	0.002882478794
236829	0.001293858042
236830	0.00372077139
236831	0.002537252852
236832	0.0008375320396
236833	0.001210328055
236834	0.001011664353
236835	0.002558266248
236836	0.002977846534
236837	0.003497180346
236838	0.0002414928152
236839	0.0005875762972
236840	0.0002944964413
236841	0.0008672238792
236842	0.007925978095
236843	0.001596506144
236844	0.006580781781
236845	0.003245565364
236846	0.00152543373
236847	0.001189593456
236848	0.0008036421376
236849	0.00395179081
236850	0.004387180147
236851	0.00241255906
236852	0.001715339895
236853	0.0002371266177
236854	7.119880822e-05
236855	0.001745213455
236856	0.003295976727
236857	0.001166843408
236858	0.0004194884313
236859	0.001563135766
236860	9.769096663e-05
236861	0.003471818276
236862	0.005324848418
236863	0.001430560842
236864	0.003217266249
236865	0.001187917384
236866	0.001735058001
236867	0.0001241385116
236868	0.004360167915
236869	2.255041524e-05
236870	0.003400404844
236871	0.003163328214
236872	0.00262125896
236873	0.003227620909
236874	0.001780261149
236875	0.0002618314728
236876	0.0003643735184
236877	0.0005664082678
236878	0.001468746387
236879	0.001096944405
236880	0.004066760754
236881	0.0003977417778
236882	0.002446549059
236883	0.001774835015
236884	0.002287507239
236885	0.001525545121
236886	0.003521502623
236887	0.002282580463
236888	0.005388855274
236889	0.007241459481
236890	0.0002036616245
236891	0.007470513508
236892	0.0008736589871
236893	0.001121752197
236894	0.0003729761196
236895	0.0002029239842
236896	0.0001588781965
236897	0.0007862589775
236898	0.003759512737
236899	0.000382468677
236900	0.003227241909
236901	0.002479666414
236902	0.002028088055
236903	0.0003461850409
236904	0.0003008272474
236905	0.0001112455466
236906	0.0001008597069
236907	0.0004134915445
236908	0.003054549427
236909	0.001007101007
236910	0.000461275423
236911	0.0002191734707
236912	0.0001604752013
236913	0.0004286317039
236914	0.004913747741
236915	0.002966513002
236916	0.001904105474
236917	0.003389349284
236918	0.001613531894
236919	0.004273929123
236920	0.001630066105
236921	3.305428942e-06
236922	0.001017095943
236923	0.0008948989515
236924	0.004689572485
236925	0.002621710381
236926	0.0003790725653
236927	0.007781285493
236928	0.004229323698
236929	0.0001052802649
236930	0.002960869433
236931	0.004296941013
236932	0.001563541377
236933	0.002971681513
236934	0.001834469285
236935	0.001383224747
236936	0.001956122765
236937	0.000984495117
236938	0.001484512152
236939	0.001443079226
236940	0.0002040597375
236941	0.002347437977
236942	0.002239637738
236943	0.001462721182
236944	0.01080572557
236945	0.000466339801
236946	3.921470034e-05
236947	0.002547927411
236948	0.008017209875
236949	0.002993382795
236950	0.0001736111418
236951	0.0008842140843
236952	0.000555831707
236953	0.006555826574
236954	0.002694736112
236955	0.0001032577629
236956	0.003078727101
236957	0.0009361625327
236958	0.00734333544
236959	0.00451750843
236960	0.002216635392
236961	0.002809647056
236962	0.001970791576
236963	0.003071782329
236964	0.0008719139793
236965	0.001401247495
236966	0.002499479183
236967	0.002505534566
236968	0.0009965466408
236969	0.002422421033
236970	0.001199068114
236971	0.0008599677262
236972	0.003298166801
236973	0.001776312781
236974	0.002045841222
236975	0.0003078014822
236976	0.0007026567458
236977	0.001625392696
236978	0.000256251407
236979	0.00421370567
236980	0.003551903571
236981	0.005126293769
236982	0.0006348597073
236983	0.002926538697
236984	0.003977324671
236985	0.003302751963
236986	0.003894683636
236987	0.0007724167512
236988	0.002774819934
236989	0.0008125379407
236990	0.0005387105797
236991	0.004091331324
236992	0.0008205977948
236993	0.0007752799766
236994	0.0001968034354
236995	0.003527818827
236996	0.004588924213
236997	0.001488096827
236998	0.001689991719
236999	0.002682060555
237000	0.002228608932
237001	0.0008275407661
237002	0.006042128925
237003	0.0001265787919
237004	0.001768609016
237005	0.001532879067
237006	0.001414433504
237007	0.001195972303
237008	0.002387951346
237009	0.007172076733
237010	0.002942135994
237011	0.00410666916
237012	0.001265584513
237013	0.004533986742
237014	0.001505363897
237015	0.0001436453387
237016	0.008167960004
237017	0.003452031513
237018	0.001949558057
237019	0.001770699343
237020	0.0001084708146
237021	0.002622701288
237022	9.580466946e-05
237023	0.002645287209
237024	0.004040376775
237025	0.00724369938
237026	0.001718802795
237027	0.005385437208
237028	0.00101288949
237029	0.002187589344
237030	0.001094176213
237031	0.004245425035
237032	0.000196570981
237033	0.0001169589934
237034	0.0005689735316
237035	0.004568984997
237036	0.004294868775
237037	0.001016507356
237038	0.002485912701
237039	0.002807817877
237040	0.0008572807297
237041	0.001240358702
237042	0.000748258504
237043	0.001076807312
237044	0.0003017793876
237045	0.002322432248
237046	0.0007069574228
237047	0.0003647852379
237048	0.0008396164392
237049	0.001394533142
237050	0.0003051589096
237051	0.0003022874035
237052	0.001392490021
237053	0.0008804163273
237054	0.002211376977
237055	0.001683677157
237056	0.001490941263
237057	0.0007435029754
237058	0.0005520746959
237059	0.003401430656
237060	0.002241125285
237061	0.001853550648
237062	0.0002056521314
237063	0.0003760407426
237064	0.0006122547464
237065	0.001133450604
237066	0.00108211699
237067	0.001227181946
237068	0.0008271425748
237069	0.001055932376
237070	0.001128028924
237071	0.003558293905
237072	0.001822289286
237073	0.001447163622
237074	0.002182808032
237075	0.003347176051
237076	0.0001069553237
237077	0.0002269097849
237078	0.001529260522
237079	0.002522283252
237080	0.001990704374
237081	0.0006366315712
237082	0.00136370378
237083	0.0002463948145
237084	0.001346420118
237085	0.0004502220717
237086	0.0004122707515
237087	0.001474723727
237088	0.0003298444819
237089	0.0005762665487
237090	9.971574354e-05
237091	9.953710869e-05
237092	0.000284039289
237093	1.621731979e-05
237094	0.0005496653718
237095	0.0007597175541
237096	0.0004350816074
237097	9.982089729e-05
237098	0.000210773964
237099	9.067324398e-05
237100	0.002629875973
237101	0.003043814971
237102	0.003457589529
237103	0.0006876601205
237104	0.001688626025
237105	0.001108722139
237106	0.0002182977142
237107	0.0001141892056
237108	0.001152978784
237109	0.0001828599697
237110	0.00385910682
237111	0.002678923658
237112	0.002595345872
237113	0.002033612427
237114	0.004175137459
237115	0.0008229325652
237116	8.458642016e-05
237117	0.0002271044198
237118	0.001896682069
237119	0.0007766729797
237120	0.001161898539
237121	0.001992534627
237122	0.003796899888
237123	8.169369395e-05
237124	0.002314365754
237125	0.0003356508103
237126	0.0001865502527
237127	0.004694556248
237128	0.002680294221
237129	0.0001648786998
237130	3.585369284e-05
237131	0.0006349850691
237132	0.000206246184
237133	0.001489666257
237134	0.0007299609381
237135	0.0002965977526
237136	0.0002301811126
237137	0.0003875008874
237138	0.002118869974
237139	0.0001554751435
237140	0.004396330785
237141	0.0001888906721
237142	0.0009930837044
237143	0.000121295906
237144	0.0002762350349
237145	0.0004845812357
237146	0.0006922191732
237147	0.001109989988
237148	0.0002678818992
237149	0.000570965611
237150	0.003202819087
237151	0.001090175946
237152	0.005438828669
237153	0.0009273005794
237154	0.0003803009651
237155	0.0005669911446
237156	0.001110636756
237157	0.0005850816496
237158	0.000234864011
237159	0.001407499461
237160	0.001460293874
237161	0.000653469431
237162	0.0007399709434
237163	0.001952211824
237164	0.003313115653
237165	0.0007335792981
237166	0.004751463987
237167	0.003259750881
237168	0.00432912054
237169	0.0007252184223
237170	0.0009088549574
237171	0.003072405826
237172	0.0002521014083
237173	0.002956459444
237174	0.0001520114639
237175	0.00052131044
237176	0.004758180098
237177	0.000790821505
237178	0.002119804631
237179	0.000122337991
237180	0.003207892742
237181	0.00207398814
237182	0.0002827440922
237183	0.002196746485
237184	0.001729336389
237185	0.003395487561
237186	0.0010916819
237187	0.002874661707
237188	0.00251122635
237189	0.003288366897
237190	0.0003469748503
237191	0.007794678471
237192	0.003075254671
237193	0.004952672445
237194	0.002836459905
237195	0.0003278304733
237196	0.0003883023135
237197	0.0002875675077
237198	0.001342661275
237199	0.001095514455
237200	0.000284710628
237201	0.001218844404
237202	0.002862950617
237203	0.001469144537
237204	3.701785142e-05
237205	0.0008086152644
237206	0.001076412146
237207	0.001672816076
237208	0.0008820920005
237209	0.002193960743
237210	0.003595804406
237211	0.002801439037
237212	0.001508909549
237213	0.0002722608121
237214	0.0001256323161
237215	0.001492990734
237216	0.002138655082
237217	0.00223889322
237218	9.516137706e-05
237219	0.006079856708
237220	0.001420996107
237221	0.0009263410642
237222	0.0006734862288
237223	0.0007205052765
237224	0.001847351039
237225	1.286928551e-05
237226	0.0002385205913
237227	0.001941713654
237228	0.0005404367723
237229	0.00191744313
237230	0.002843591623
237231	0.0002779582522
237232	0.002707285341
237233	0.001608105879
237234	0.0007891400938
237235	0.001281231979
237236	0.002113115655
237237	0.003305606067
237238	0.002155575891
237239	0.003506733445
237240	0.003720822223
237241	1.724947937e-05
237242	0.002953893238
237243	0.00136972054
237244	0.003838802023
237245	0.001494370533
237246	0.0003583928972
237247	1.984308613e-05
237248	0.0009525367193
237249	0.0005368505567
237250	0.0007796849014
237251	0.0006829016659
237252	0.002186717548
237253	0.002244638085
237254	0.003201696032
237255	0.000651610761
237256	0.003703366658
237257	6.217215345e-05
237258	0.002817417803
237259	0.002451500904
237260	0.00225981501
237261	0.0003217342988
237262	0.001595838692
237263	0.001835774408
237264	0.002464046679
237265	0.003444470737
237266	0.001877505938
237267	0.001678132698
237268	0.002029345571
237269	0.001667137074
237270	0.003307200834
237271	4.187536661e-05
237272	0.001379583558
237273	0.001912346747
237274	0.002197748543
237275	0.002427261679
237276	0.001159791282
237277	0.0008036509267
237278	0.0001492571345
237279	0.001757269115
237280	0.0009879590378
237281	0.0003625697489
237282	0.001177330924
237283	0.0005269588171
237284	0.001464665103
237285	0.00130986054
237286	0.001073419009
237287	0.003076169516
237288	9.206144733e-05
237289	0.0001391488663
237290	0.001880028964
237291	0.003083644806
237292	0.004996858569
237293	0.002473066259
237294	0.001985169231
237295	0.002749402045
237296	0.0009962416141
237297	0.0005785006672
237298	0.001229053791
237299	0.0009158184745
237300	0.000496116377
237301	0.004996337931
237302	0.0005261776985
237303	0.001686546527
237304	0.002000371695
237305	0.00422502658
237306	0.002499439005
237307	0.004747614852
237308	0.002263302598
237309	0.002404874054
237310	0.001304044688
237311	0.002456494175
237312	0.001264069381
237313	0.001049448674
237314	0.002013737698
237315	0.002994387407
237316	0.0007205942687
237317	0.0001648356229
237318	0.002078396548
237319	0.003179076334
237320	0.001866782189
237321	0.0002137232449
237322	0.0009105751313
237323	0.0008110769441
237324	0.003219944584
237325	0.0006093595381
237326	0.001488734186
237327	0.0002481240859
237328	0.002914083208
237329	0.003252707563
237330	0.001520147031
237331	0.003660889592
237332	0.003447828896
237333	0.001278660736
237334	0.001881095057
237335	0.001428985663
237336	4.548050633e-05
237337	0.0002386412616
237338	0.0007418747134
237339	0.0009608848102
237340	0.001248645969
237341	0.003441631862
237342	0.00217057227
237343	0.002449262165
237344	0.002661774902
237345	0.0009264286404
237346	0.001327667488
237347	0.001365799352
237348	0.001161801068
237349	0.003423185261
237350	0.005206122775
237351	0.002206413844
237352	0.004134942092
237353	0.003067952435
237354	2.427115129e-05
237355	0.00376778398
237356	0.0003008539227
237357	0.001492849923
237358	0.004237437367
237359	0.004069883216
237360	0.0006832297507
237361	8.076885073e-05
237362	0.0005705900525
237363	0.002705434808
237364	0.00143543254
237365	0.0004012552537
237366	0.001639110218
237367	0.0009970745967
237368	0.002960121915
237369	0.004510977866
237370	0.001858600482
237371	0.0008733010096
237372	0.002089803483
237373	0.001754981658
237374	0.001805591049
237375	0.003888253808
237376	0.002228966012
237377	0.00105683864
237378	0.002030166573
237379	0.001954472416
237380	0.000281452807
237381	0.0004543945836
237382	0.0008599182393
237383	0.001185634477
237384	0.0009853609016
237385	0.001230609225
237386	0.0003717960431
237387	0.0002898445251
237388	0.0006553631085
237389	5.859990579e-05
237390	0.0001126536354
237391	0.0005618284726
237392	0.0001954580537
237393	0.0001686861917
237394	0.001290223285
237395	0.0005561280987
237396	0.0008407601387
237397	0.0002469941877
237398	0.002477985027
237399	0.002192006415
237400	6.320597709e-05
237401	0.00239055321
237402	0.004788254234
237403	0.0001152208962
237404	0.0003968482088
237405	0.002199025962
237406	0.0003208402347
237407	0.0020043265
237408	0.001509800094
237409	0.0006179188081
237410	0.002561439672
237411	0.0004818734819
237412	0.0003143199333
237413	0.001550789242
237414	0.006749709496
237415	0.000260584644
237416	0.0007181263394
237417	0.0001799710812
237418	0.0007594940397
237419	0.000917706094
237420	7.880778587e-05
237421	0.0004770183753
237422	0.0006166246078
237423	0.001063760459
237424	0.002148585558
237425	0.0008916194826
237426	0.000805079019
237427	0.0005939468959
237428	0.0004193542583
237429	0.001742809291
237430	0.003071840951
237431	0.001848598532
237432	6.079351138e-05
237433	0.004877027798
237434	0.002007057981
237435	0.003949202801
237436	0.00166267044
237437	0.001713149553
237438	0.001676055272
237439	0.001801384472
237440	0.001591797294
237441	0.002285911808
237442	0.001620940255
237443	0.0008630234295
237444	0.0002029585597
237445	0.002633722282
237446	3.680273182e-05
237447	0.004464310814
237448	0.001581836719
237449	0.001145384773
237450	0.005073048416
237451	0.00194218332
237452	0.004142297939
237453	0.0012979698
237454	0.0009456948463
237455	0.002628329029
237456	0.0002214056286
237457	0.001324501556
237458	0.0008591769549
237459	0.002787736382
237460	0.005577844604
237461	0.0007045366634
237462	0.0002748901327
237463	0.003368588296
237464	0.003662113795
237465	5.395388375e-05
237466	0.00407091659
237467	0.002011499575
237468	0.003774503625
237469	0.000453038507
237470	0.0005142387256
237471	0.006656477689
237472	0.002736586399
237473	0.002303824534
237474	0.00293502633
237475	0.0009339811446
237476	0.003293415031
237477	0.0003750603386
237478	0.002896320228
237479	0.0007308010486
237480	0.0006148432911
237481	0.002463622015
237482	0.002176835288
237483	0.002540664575
237484	0.004705921818
237485	0.002944581615
237486	0.00155632732
237487	0.0005066455845
237488	0.001290083487
237489	0.004108806442
237490	0.002239415339
237491	0.001735251139
237492	0.0009426400742
237493	0.001311956671
237494	0.001368163418
237495	0.0007646582939
237496	0.001594889581
237497	0.0004615550628
237498	0.0002409296093
237499	0.0004228281426
237500	0.0002236863445
237501	0.0001967437568
237502	0.0002873728138
237503	0.00012224308
237504	0.001062286157
237505	4.00989804e-05
237506	0.0004053325749
237507	0.0003294917046
237508	0.0001455066583
237509	0.00165655319
237510	0.0004960582662
237511	0.002562125772
237512	0.00553961254
237513	0.0006647034589
237514	0.004475218612
237515	0.001906437515
237516	8.292357972e-05
237517	0.0009319013884
237518	0.0005599439807
237519	0.001867052521
237520	0.001303079366
237521	0.001882372508
237522	0.001260798101
237523	0.001447947655
237524	0.001184657997
237525	0.00115263087
237526	0.0007545677145
237527	0.0008210588803
237528	0.0005977462225
237529	0.000482733536
237530	0.002394669819
237531	0.001763422645
237532	0.0002102083314
237533	0.0001898241082
237534	0
237535	0.002470544922
237536	0.00103355919
237537	0.000916203841
237538	0.0003571736635
237539	0.001178513285
237540	0.003596113559
237541	0.0008704123774
237542	0.0005992093375
237543	0.002079856712
237544	0.004469473437
237545	0.003114592779
237546	0.001323456313
237547	0.003686428388
237548	0.004839529507
237549	0.0005334196312
237550	0.0001389556051
237551	8.744904189e-05
237552	0.0003638485895
237553	0.0007306821988
237554	0.004789752312
237555	0.0003161764842
237556	0.0006918244117
237557	0.001885021919
237558	0.003424502814
237559	0.0006389065739
237560	0.006014013603
237561	0.001960400976
237562	0.003518027662
237563	0.003038822667
237564	0.001015947351
237565	0.0002309011206
237566	0.004785586026
237567	0.001787499915
237568	0.002628064136
237569	0.002317704906
237570	2.970431939e-05
237571	0.001337240821
237572	0.001576194554
237573	0.007573437095
237574	0.001199081291
237575	0.00221608785
237576	0.001562443244
237577	0.001133828227
237578	0.0009354431959
237579	0.0009310603441
237580	0.0005444189873
237581	0.001033515614
237582	0.0003243435904
237583	0.0003425812489
237584	0.003369512537
237585	0.002047733182
237586	0.0003559417989
237587	0.001189251444
237588	0.001957582995
237589	0.003018143031
237590	0.00448037378
237591	0.002100705323
237592	0.002671240639
237593	0.001627156583
237594	0.002409816772
237595	0.0002517269282
237596	0.005577129856
237597	0.001591996063
237598	0.002054075827
237599	0.002103569329
237600	0.003697358336
237601	0.000670812415
237602	0.0001402535405
237603	0.000709667652
237604	0.0002478846764
237605	0.000173625549
237606	0.0002661612467
237607	0.0001086959625
237608	0.001114483761
237609	0.0001555466663
237610	0.0005171197509
237611	0.001145004856
237612	0.000292503469
237613	0.0003925178055
237614	0.0005360461957
237615	9.513268551e-05
237616	0.001854754044
237617	0.0002291548904
237618	0.0003003080068
237619	0.0005354237328
237620	0.0001829551455
237621	0.0005568554093
237622	3.380973776e-05
237623	7.154538926e-05
237624	0.001244534335
237625	0.0007209054704
237626	0.00056435818
237627	0.000423244698
237628	0.0001120857895
237629	0.000241607385
237630	0.00123618553
237631	0.000306669284
237632	0.0009920607617
237633	0.0001647024051
237634	0.005008394801
237635	0.0003407941275
237636	0.002807208201
237637	0.004584203453
237638	0.001141113863
237639	0.002435306069
237640	0.002699667027
237641	0.003410501363
237642	0.002783169894
237643	0.002280197654
237644	0.002966869175
237645	0.00145133916
237646	0.0008079163427
237647	0.002623872744
237648	0.002510441546
237649	0.003037968573
237650	0.001581107133
237651	0.002457799261
237652	0.00342241091
237653	0.004295758476
237654	0.003623179373
237655	0.003397447405
237656	0.002740260004
237657	0.0007901540055
237658	0.00092008988
237659	0.002675362401
237660	0.00200875781
237661	0.0002384105101
237662	0.001782776126
237663	6.067745115e-05
237664	0.002273307364
237665	0.0002112579911
237666	0.003918475003
237667	0.0009768026374
237668	0.001095392601
237669	0.00385830634
237670	0.001545568251
237671	0.001689313075
237672	0.005332822492
237673	0.0002594816819
237674	0.0001834650363
237675	0.001615014765
237676	0.0009473503714
237677	0.003106654352
237678	0.001629385281
237679	0.00377284855
237680	0.001274709166
237681	0.001220601868
237682	0.001840913774
237683	0.0003404701523
237684	0.00395462367
237685	0.003173495536
237686	0.001079810374
237687	0.0006897440399
237688	0.0009547039732
237689	0.0002200015736
237690	0.0008659562912
237691	0.0002580848478
237692	0.004183907924
237693	0.002613720464
237694	0.0003505172653
237695	0.002306140173
237696	0.0008230156416
237697	0.0003051684708
237698	0.002994276307
237699	0.001856109884
237700	0.005086326405
237701	0.00499029921
237702	0.0004737316509
237703	0.004485474097
237704	0.0009982416406
237705	0.001402654945
237706	0.001062131737
237707	0.001333374247
237708	0.005865726465
237709	0.0003313858277
237710	0.0009831438957
237711	0.001401163016
237712	0.002350786838
237713	3.372347939e-05
237714	0.001292750108
237715	0.003419898948
237716	0.0002156396334
237717	0.001740148069
237718	0.0001277845146
237719	0.0005289995195
237720	0.0003869034981
237721	0.003655702878
237722	0.0008198557747
237723	0.0003611680416
237724	0.001758583046
237725	0.001099245673
237726	0.000582561511
237727	0.0006262335973
237728	0.004907575516
237729	0.00165207036
237730	0.001016902401
237731	0.0003461739322
237732	0.002305572235
237733	0.001564504734
237734	0.0006993108438
237735	0.0006359531043
237736	0.001444616048
237737	0.001474762223
237738	0.003316573562
237739	0.005749601886
237740	0.001909437842
237741	0.0003697227464
237742	0.0001174667427
237743	0.001339818743
237744	0.0005399701239
237745	0.002407486189
237746	0.000162105119
237747	0.0008627519973
237748	0.003156269016
237749	0.0001555234346
237750	0.003352653563
237751	7.324289768e-06
237752	0.000622295694
237753	0.002874813768
237754	2.96999329e-05
237755	0.000240086219
237756	7.892508497e-05
237757	0.000381323276
237758	9.016202041e-05
237759	0.0001992362677
237760	0.0006044323825
237761	0.0005768238551
237762	0.001538044853
237763	0.001499436553
237764	0.0006709300899
237765	0
237766	4.36175291e-06
237767	6.697378826e-08
237768	0.000478735876
237769	0.001302913952
237770	0.0002954338663
237771	7.020236197e-08
237772	0.0007426926959
237773	0.001654805923
237774	0.001271740009
237775	0.0008951760067
237776	0.0008950421123
237777	0.0006997219023
237778	0.0006956595446
237779	0.0002919336882
237780	0.001061252505
237781	0.001061176488
237782	0.0001030394547
237783	0.0002078696856
237784	0.0002307897172
237785	0.0002003332935
237786	0.0008862659791
237787	0.002169032227
237788	0.0009418834501
237789	0.001369830267
237790	0.0002205079824
237791	0.0009866822665
237792	0.001161437597
237793	0.001323138912
237794	0.00207761948
237795	2.578911608e-05
237796	0.0005327226237
237797	0.002752795581
237798	0.0001993270558
237799	0.001370676666
237800	0.002545040653
237801	0.0005940886669
237802	0.0012704366
237803	0.001189223067
237804	0.004061748779
237805	0.001464084718
237806	0.0004794632865
237807	0.0002579695755
237808	0.003031853517
237809	0.002302083645
237810	2.928286583e-05
237811	0.002171054957
237812	0.0002891651424
237813	0.00157424681
237814	0.003619034392
237815	0.0004043582685
237816	0.002538824409
237817	0.001484497116
237818	0.001225397479
237819	0.0001639576598
237820	0.002229937426
237821	0.002480519999
237822	0.0004946741258
237823	6.504394099e-05
237824	0.001193620384
237825	0.0005025162533
237826	0.001512017381
237827	0.002505171791
237828	0.0002141448602
237829	0.001192029417
237830	0.0002914840921
237831	0.0004590474535
237832	0.00187085849
237833	0.004283838041
237834	0.0001198568215
237835	0.005108603888
237836	0.0008379861229
237837	0.001129104509
237838	0.0007849168145
237839	0.00317014688
237840	0.0007854303513
237841	0.002396668435
237842	0.003138540022
237843	2.663300138e-05
237844	0.000270791327
237845	0.002736897639
237846	0.002490623654
237847	0.005807969957
237848	0.002409667816
237849	0.003230596556
237850	0.003734679157
237851	0.00292475654
237852	0.002077891545
237853	0.003221704507
237854	0.002008130355
237855	0.003555368814
237856	0.002252531307
237857	0.0009434609824
237858	0.001330942638
237859	0.0009692233561
237860	0.0004474765486
237861	0.00152892376
237862	0.0002595164246
237863	0.0008543124301
237864	0.00125741616
237865	0.001403831302
237866	0.000896721848
237867	0.001633980152
237868	0.0003644874231
237869	0.002159276625
237870	0.001988082461
237871	0.001278649056
237872	0.001290852056
237873	0.001860800933
237874	0.002241879293
237875	0.000165434867
237876	0.001422931009
237877	0.00134868431
237878	0.0007232348256
237879	0.0005869992974
237880	0.0009907831476
237881	0.0005810312259
237882	0.0006194605541
237883	0.0009156207791
237884	0.001217308724
237885	0.002303917628
237886	0.0005665723541
237887	0.0008330583656
237888	0.0007209459341
237889	0.0001464442048
237890	0.002969694213
237891	0.0004094070662
237892	0.002731397503
237893	0.003576946219
237894	0.003841959409
237895	0.0008558870597
237896	0.00062807056
237897	0.0007064445451
237898	0.0007398293203
237899	0.006311488044
237900	0.000313704635
237901	0.003445399861
237902	0.002909110036
237903	0.002968300031
237904	0.0002278835477
237905	0.0005700224029
237906	0.000422587471
237907	0.006014825292
237908	0.001658537651
237909	0.0005688716105
237910	0.00210501537
237911	0.01047185989
237912	0.002107188426
237913	0.0010623795
237914	0.001202828139
237915	0.0001913693355
237916	0.00012033261
237917	0.002580201012
237918	0.004271356789
237919	0.002197695439
237920	0.0004173930455
237921	0.0003960351526
237922	0.001458330466
237923	0.0009142017468
237924	0.003765500866
237925	0.003673186016
237926	0.001189114232
237927	0.000708042907
237928	0.003008261006
237929	0.002804354577
237930	0.0005568127145
237931	0.0007685724235
237932	0.001350810249
237933	0.002561347019
237934	0.002267195261
237935	0.002342553595
237936	0.003916531626
237937	0.005731325699
237938	0.001061569086
237939	0.001855731521
237940	0.004781415471
237941	0.004914231168
237942	0.002974076646
237943	0.000692353992
237944	0.001793512386
237945	0.002617606247
237946	0.001739836497
237947	0.002200739379
237948	0.002827583995
237949	0.003262261694
237950	0.0009392794017
237951	0.002710734923
237952	0.002610153644
237953	0.006927130405
237954	0.003041136597
237955	0.002573867993
237956	0.0009357705566
237957	0.0007943377863
237958	0.002195394772
237959	0.001581751586
237960	0.006204772889
237961	0.0001298443772
237962	0.002454221094
237963	0.0001658329889
237964	0.002603533197
237965	0.001142798563
237966	0.0008866037202
237967	0.002438170133
237968	0.0003122944319
237969	0.001573441597
237970	0.0001197655411
237971	5.795625933e-05
237972	0.0008182345758
237973	0.00194325487
237974	0.01017188692
237975	0.0005904493073
237976	0.001186636686
237977	0.003506347179
237978	0.0002228567135
237979	0.007108051735
237980	0.002053856798
237981	0.001340477942
237982	9.365516309e-05
237983	0.0007473500082
237984	0.004032702179
237985	0
237986	0.0009358503753
237987	0.0007914536487
237988	0.0007888394689
237989	0.001685146026
237990	0.002379420562
237991	2.690341915e-05
237992	0.0005610740208
237993	0.002468699792
237994	0.0006220773784
237995	0.006363379079
237996	0.003356923925
237997	0.002353738943
237998	0.001557348806
237999	0.002429320163
238000	0.00302769356
238001	0.001253747233
238002	0.009855596853
238003	0.006153830776
238004	0.001091610094
238005	0.0009179532868
238006	0.0008194987357
238007	0.005740506525
238008	0.001407578745
238009	0.0001464061733
238010	0.001207752304
238011	0.003357120413
238012	0.00399440958
238013	0.007571398017
238014	0.004280871162
238015	0.0003862086962
238016	0.0003678805912
238017	0.001896332843
238018	0.002023812205
238019	0.003258128175
238020	0.001107234396
238021	0.004679622957
238022	0.002642415688
238023	0.0007665834952
238024	0.002029545248
238025	0.001900457533
238026	0.002381666051
238027	0.001789704481
238028	0.003542798398
238029	0.003219595438
238030	0.004233271528
238031	0.002581064237
238032	0.001089649056
238033	0.0003350562791
238034	0.001278251452
238035	0.0002813351868
238036	0.0005782239239
238037	0.004210133326
238038	0.0004541389821
238039	0.002463538556
238040	0.0004649755665
238041	0.0003067193034
238042	0.0002094250445
238043	0.002662348177
238044	0.003951792681
238045	0.001094320092
238046	0.00261287925
238047	0.002333971905
238048	0.003504236477
238049	0.000521480999
238050	0.004696982577
238051	0.003512990654
238052	0.001134803546
238053	0.0003024321355
238054	0.00375057162
238055	0.001250332832
238056	0.0003527753601
238057	0.00341925434
238058	0.006106247396
238059	0.003709184022
238060	7.425345267e-05
238061	0.000274806658
238062	0.002146054854
238063	0.002344555637
238064	0.002574597852
238065	0.002373068029
238066	0.002025863627
238067	0.006238143746
238068	0.001284517622
238069	0.004566228609
238070	0.0006389919686
238071	0.003017153549
238072	0.0005611568646
238073	0.0003019183286
238074	0.001770566826
238075	0.0005285436965
238076	0.0007179502302
238077	0.0004191645777
238078	0.001661976544
238079	0.001119475286
238080	0.004908421165
238081	0.001014003186
238082	0.002614278742
238083	0.003548139667
238084	0.00590489591
238085	0.002117781398
238086	0.002914784436
238087	0.002000778618
238088	0.004188048123
238089	0.002422293248
238090	0.007702219513
238091	0.002088272009
238092	0.001611410189
238093	0.00557185059
238094	0.001334840795
238095	0.002614460313
238096	0.002647399531
238097	0.001802199064
238098	0.002878872263
238099	0.0008899181472
238100	0.001924927905
238101	0.001640374696
238102	0.000929291558
238103	0.002587269085
238104	0.00378243029
238105	0.0002365606527
238106	0.006439569179
238107	0.002442557829
238108	0.003742408402
238109	0.001230635457
238110	0.001133046986
238111	0.002275997522
238112	0.001244786379
238113	0.002506682094
238114	0.0004129158291
238115	0.004048264441
238116	0.0029098686
238117	0.00162288037
238118	0.00495658211
238119	0.002746339487
238120	0.002707653574
238121	0.002736817779
238122	0.001832044397
238123	0.0006575628205
238124	0.001181669912
238125	0.0003984932119
238126	0.002547170567
238127	0.0001280644309
238128	0.002067895995
238129	0.0008572450095
238130	0.0004265913683
238131	0.00300865115
238132	0.0006744909905
238133	0.002623514098
238134	0.002799932293
238135	0.0005579174508
238136	0.0003046312065
238137	0.002879560544
238138	0.000491993404
238139	0.001994424379
238140	4.532546621e-05
238141	0.004679914135
238142	0.000703218416
238143	0.0007126547161
238144	0.00789624981
238145	0.0009975290847
238146	0.002135285475
238147	0.002273476292
238148	0.001575736146
238149	0.0007860203725
238150	0.0009353364672
238151	0.0005507187762
238152	0.001601751887
238153	0.0003186288423
238154	2.28912178e-06
238155	0.0001552199776
238156	0.001526549637
238157	0.0006877803299
238158	0.001011253121
238159	0.001567191486
238160	0.001227337728
238161	0.001609462487
238162	0.0009138801032
238163	0.001972696807
238164	0.0002853837647
238165	0.002139681826
238166	0.0008910348667
238167	0.0004403799234
238168	0.0007354518399
238169	4.449706803e-05
238170	0.001164094631
238171	0.001996583262
238172	0.001400036707
238173	0.003779361612
238174	0.002712420505
238175	0.001360057494
238176	0.00245691574
238177	0.0005852569699
238178	0.001755947228
238179	0.0005817614604
238180	0.001334213173
238181	0.0004823594598
238182	0.003058099842
238183	0.0009419433052
238184	0.003858113641
238185	0.005426117064
238186	0.000472094258
238187	0.006182732185
238188	0.001244041946
238189	0.002505680239
238190	0.0006301215844
238191	0.001136912905
238192	0.0003823451834
238193	0.0002570277808
238194	0.0006389729668
238195	0.0002436398089
238196	0.00126843594
238197	0.0003804342758
238198	0.0003743451698
238199	0.0003715438464
238200	0.0005124608002
238201	7.101213068e-08
238202	0.006599673543
238203	1.689306738e-05
238204	0.002689802784
238205	0.0002809063836
238206	0.001343839153
238207	0.002918176998
238208	0.002105163971
238209	0.001396789987
238210	0.0005730847864
238211	0.0006209000542
238212	0.004388238278
238213	0.0008486586269
238214	0.0005648025424
238215	0.0006667119358
238216	0.002376877087
238217	0.002634529814
238218	0.001468623238
238219	0.001576585545
238220	5.477551105e-05
238221	0.001040351219
238222	1.842027704e-08
238223	0.0014630595
238224	0.001090262585
238225	0.0002998832027
238226	0.0009661526604
238227	0.001530506372
238228	0.003055196213
238229	0.0009659575515
238230	0.0007763101047
238231	0.003759020284
238232	0.001997424848
238233	0.0001528060275
238234	0.0006052478446
238235	0.002716098813
238236	0.004506052014
238237	0.003362504146
238238	2.054142722e-06
238239	0.0002759451501
238240	0.001610851587
238241	0.0006633783794
238242	0.0002571201014
238243	0.0002415348607
238244	0.002121451542
238245	0.0009650920344
238246	0.0002362618898
238247	0.0009297096282
238248	0.0005968603295
238249	0.001838259796
238250	0.001584753289
238251	0.00101067016
238252	0.0005008075513
238253	0.001258481315
238254	0.0003968345046
238255	0.001606724714
238256	0.0004326287136
238257	6.112071347e-05
238258	0.002669467905
238259	0.000326906324
238260	0.0002361108798
238261	0.002018464569
238262	0.003030834985
238263	0.0009165439584
238264	0.0003857655774
238265	0.00232608662
238266	0.001276067094
238267	0.0007306127755
238268	4.81415708e-05
238269	8.876099598e-05
238270	0.0003459246539
238271	4.565417843e-05
238272	0.0005434216625
238273	0.001067366481
238274	0.0002459357769
238275	4.744439564e-08
238276	0.0001182335033
238277	0.000235301018
238278	0.0003538144943
238279	2.304349044e-05
238280	0.0003113328356
238281	0.0003741403246
238282	0.0002818764523
238283	0.0002345142517
238284	0.0008439282499
238285	0.001847122141
238286	0.00136170697
238287	0.001830443689
238288	0.001631905126
238289	4.933237875e-08
238290	0.0001207884992
238291	0.002092373211
238292	0.002536737441
238293	0.000544552858
238294	1.755288899e-07
238295	0.002452959425
238296	0.001967803138
238297	0.002225026685
238298	0.0004109435771
238299	0.003128293845
238300	0.0004282548244
238301	0.001145095632
238302	0.0008915125996
238303	0.0008547701646
238304	0.001088375336
238305	0.001907588138
238306	7.404196954e-05
238307	0.000612411473
238308	0.001132768272
238309	0.002903656891
238310	0.0004973140144
238311	0.0004202751359
238312	0.000650763379
238313	0.004324890129
238314	0.002135405721
238315	1.756364274e-05
238316	0.002390095863
238317	0.004299433396
238318	0.001163196441
238319	0.0008738679836
238320	0.001340204712
238321	0.0005852531534
238322	4.314006156e-05
238323	0.002038375941
238324	0.0002733471667
238325	0.00222109228
238326	0.0006890022125
238327	0.0001946754163
238328	0.0006896302974
238329	0.0003764307581
238330	0.001537181332
238331	0.001430185793
238332	0.0001376829347
238333	0.001552747136
238334	0.0009187792198
238335	0.0005941579181
238336	0.0005105544354
238337	1.688766806e-05
238338	0.00104966443
238339	0.001359608041
238340	0.001100009013
238341	0.000622038729
238342	0.002011700666
238343	0.0007915441295
238344	0.0007387415092
238345	0.000371436028
238346	0.0006055135381
238347	0.0001516460672
238348	0.002318827763
238349	0.002149576918
238350	0.0006468153743
238351	0.002023233577
238352	0.001890620393
238353	0.0003329440707
238354	0.002882543356
238355	0.001301085724
238356	0.004287564779
238357	0.0002160475697
238358	0.0001137698778
238359	0.000114475744
238360	0.0002184168604
238361	0.000114738072
238362	0.002111921229
238363	0.00317505014
238364	0.0005927099351
238365	0.001253130608
238366	0.003359694809
238367	0.001700618362
238368	0.001373609982
238369	0.001010265795
238370	1.06121677e-07
238371	9.328372482e-05
238372	0.0006928286133
238373	0.0009093400775
238374	0.0004413951966
238375	0.0008254743914
238376	0.0002446201972
238377	0.0004903523804
238378	0.00101040875
238379	0.0006775778891
238380	0.000192310803
238381	0.0006675639594
238382	0.0009037091923
238383	0.0004021251821
238384	0.001365957103
238385	0.0002592985726
238386	0.002120193273
238387	0.0001800976806
238388	0.001461170236
238389	0.0008456793953
238390	0.0006331021501
238391	0.001348773253
238392	0.0001284411128
238393	0.002078951471
238394	0.0005404479909
238395	0.0005833792971
238396	0.001452110067
238397	0.001274732343
238398	0.0007886668014
238399	6.557478929e-05
238400	0.0003884129177
238401	0.002180384769
238402	0.0004109602448
238403	0.000706471936
238404	0.0002585990673
238405	0.001737266041
238406	0.0009705116219
238407	0.0001071205972
238408	0.0002498408287
238409	0.001941542603
238410	0.003029938265
238411	0.003347901488
238412	0.002405308726
238413	0.0002460531173
238414	0.001432688102
238415	0.001560699256
238416	0.0007953574401
238417	0.001388537816
238418	0.001474081383
238419	0.0002457621423
238420	0.0009113260424
238421	0.0003604814781
238422	0.001265943734
238423	0.0001087234527
238424	0.0006133961069
238425	0.00162372087
238426	0.002085747583
238427	0.0007769349317
238428	0.0001553532068
238429	0.0002312416808
238430	0.001133497671
238431	0.001472600321
238432	5.135452288e-05
238433	0.000115973457
238434	0.0002097781242
238435	0.00134857357
238436	0.0003915564762
238437	0.001516814261
238438	0.002399516404
238439	0.0006682431756
238440	0.0005161308066
238441	0.003140359765
238442	0.001688402803
238443	0.0006117335776
238444	0.002785146852
238445	0.001739996214
238446	0.0005606363513
238447	0.001986385933
238448	0.001070825105
238449	0.003008600707
238450	0.002787209022
238451	0.001553244687
238452	0.0007346762035
238453	0.002478100687
238454	0.003097260324
238455	0.0006176064505
238456	0.002673859172
238457	0.004832810511
238458	0.004972259798
238459	0.004659638282
238460	0.0002544925816
238461	0.000718068764
238462	0.001159004675
238463	0.0001500821963
238464	0.001462621787
238465	0.0005664051471
238466	0.0003927521459
238467	0.0009227302647
238468	0.0009645363312
238469	0.0009702997122
238470	0.001088778557
238471	0.0009464536251
238472	0.003549750341
238473	0.0007430138802
238474	0.006388069498
238475	0.001165589018
238476	0.001577313125
238477	0.006255970053
238478	0.005854708671
238479	0.004355034328
238480	0.004704166496
238481	0.006019661875
238482	0.001651040418
238483	0.002625086277
238484	0.001709023225
238485	0.0003583447216
238486	0.0004571622376
238487	0.0001733577247
238488	0.0001794916371
238489	0.002786665784
238490	0.001634426411
238491	0.0007230256807
238492	0.0001871194433
238493	0.003565229392
238494	0.000429259539
238495	0.002317792575
238496	0.0003990125756
238497	5.330990587e-05
238498	0.0007296940984
238499	0.002324901711
238500	0.0005180189615
238501	0.002703750105
238502	3.811202697e-05
238503	0.0002019480745
238504	0.001952272404
238505	0.0008962263322
238506	0.002266677466
238507	0.0007203282006
238508	0.0004089835017
238509	0.004015334005
238510	0.0008353908655
238511	0.001155648379
238512	0.0007051746281
238513	0.000628839502
238514	0.0003746433946
238515	0.001699787469
238516	0.000582832637
238517	0.0006208484208
238518	0.0006248247669
238519	0.005254635819
238520	0.001934379576
238521	0.001750630463
238522	0.002831013467
238523	0.001909092906
238524	0.002802465923
238525	4.603243428e-05
238526	0.005312447404
238527	0.002703837374
238528	0.00269941497
238529	0.0004327860616
238530	0.001771427237
238531	0.0009843441076
238532	3.031456217e-05
238533	0.0001319963135
238534	0.001421668207
238535	2.138001097e-07
238536	0.001405612875
238537	0.0007417589309
238538	0.0002283571556
238539	0.0009779092727
238540	0.0003352445733
238541	0.0005847795316
238542	0.0006820782165
238543	0.00033934754
238544	0.0003415687834
238545	0.0006718636679
238546	0.0001445894555
238547	0.0004009729422
238548	0.001217951248
238549	0.001005098767
238550	0.000980029931
238551	0.0004356327675
238552	0.000558974458
238553	0.0002044683239
238554	0.002099154993
238555	0.0005447491184
238556	0.0004382448638
238557	0.0003444800786
238558	0.0002195790046
238559	0.0007199615218
238560	0.001002618388
238561	0.0001957525482
238562	0.0002515275213
238563	0.0001189406602
238564	0.000695283649
238565	0.0009823684808
238566	0.0005400042683
238567	0.001288852814
238568	0.00022361426
238569	0.0008607950728
238570	0.0006759024162
238571	0.0001153922297
238572	0.001160179588
238573	0.002203024484
238574	0.00167108607
238575	0.001399971151
238576	0.001076585809
238577	0.001223160954
238578	0.0004403937962
238579	0.0002016498708
238580	0.000772792704
238581	0.0004409395347
238582	0.0002295798222
238583	0.0003414663331
238584	0.0001016129976
238585	0.0001036405882
238586	0.0001151992268
238587	0.0005566544779
238588	0.0001022107381
238589	0.0003299688709
238590	3.926483829e-07
238591	1.103634286e-06
238592	5.241159276e-08
238593	6.818674076e-07
238594	2.872425474e-07
238595	3.625997895e-07
238596	1.306541508e-06
238597	5.4800296e-08
238598	4.048462626e-07
238599	9.255589988e-07
238600	5.374973326e-08
238601	3.124535522e-07
238602	1.092486281e-07
238603	9.186140304e-08
238604	6.578258786e-07
238605	6.411013028e-09
238606	4.146216674e-07
238607	8.578336376e-07
238608	8.192494695e-07
238609	2.749536476e-07
238610	5.411762442e-08
238611	0.0002267540339
238612	0.0002159431136
238613	0.000674584251
238614	0.000116851471
238615	0.0004332510273
238616	0.0005307160968
238617	0.0003340484239
238618	9.771035645e-05
238619	0.0009894401943
238620	0.0004382781101
238621	0.001072521172
238622	9.994373824e-06
238623	0.0003314033326
238624	0.0001180503354
238625	0.0004126597892
238626	0.0003200579893
238627	0.000202115475
238628	0.0002098380882
238629	0.0001174833637
238630	0.0003103263804
238631	0.0003446235292
238632	0.0001378197799
238633	0.0003477303516
238634	0.0001141058428
238635	0.0001953584602
238636	0.0002265127562
238637	0.0005525270284
238638	0.0003906836139
238639	0.0002793479826
238640	0.0007378149804
238641	0.00106719029
238642	0.002077455518
238643	0.0002300904811
238644	0.0003483405947
238645	0.0004934992453
238646	0.0007047028342
238647	0.002491856013
238648	0.0004513597193
238649	0.0001768856885
238650	0.000686996386
238651	0.0002274467781
238652	0.0005886967039
238653	0.0001038995558
238654	0.0005547314691
238655	0.0006227967041
238656	0.0006827472905
238657	0.0006943701297
238658	0.0002525080975
238659	0.0007834388824
238660	0.000329510831
238661	0.000249174602
238662	0.0002669478543
238663	0.0002274217828
238664	3.476710617e-07
238665	0.0004529299743
238666	0.0002293909493
238667	0.000247928839
238668	0.0006622933018
238669	0.0005441173585
238670	0.0002097123511
238671	0.000316945254
238672	0.0001609600965
238673	0.0004958321689
238674	4.166726643e-05
238675	0.0001727516679
238676	7.321282732e-05
238677	0.0006525919488
238678	0.0004498352061
238679	0.0009265631839
238680	1.064282673e-08
238681	4.633329481e-07
238682	0.0007800076109
238683	0.001755110588
238684	0.002144169512
238685	0.001648580378
238686	0.0001694255717
238687	0.0001269405591
238688	0.006864946748
238689	0.003133920771
238690	0.0007671026107
238691	0.001605419219
238692	0.0005569759494
238693	4.243407738e-05
238694	0.0003840642559
238695	2.786452929e-05
238696	0.001635049113
238697	7.688878483e-05
238698	0.000321702844
238699	0.002869055188
238700	0.0005641067067
238701	0.002166858177
238702	0.003340482739
238703	0.003483055516
238704	0.005870682803
238705	0.0003765024836
238706	0.002409031491
238707	3.338261534e-05
238708	0.0004514721061
238709	0.001794374563
238710	0.004421173966
238711	0.001474147381
238712	0.0002298468496
238713	0.002951110002
238714	0.003724749657
238715	0.0008070013806
238716	0.002347136045
238717	0.0007434429192
238718	0.002169197899
238719	9.243365731e-05
238720	0.003063022194
238721	0.0008696966184
238722	0.003157864146
238723	0.003662439333
238724	0.001276315292
238725	0.001151981252
238726	0.0002486600729
238727	0.001281246881
238728	0.001445362168
238729	0.003114341632
238730	0.004336439817
238731	0.0006095270834
238732	0.0006935818536
238733	0.003564636721
238734	0.003619501982
238735	0.0001086237445
238736	0.0001264578708
238737	1.223888804e-07
238738	4.580380887e-08
238739	6.691074344e-08
238740	0.0001068865482
238741	0.0001046657605
238742	5.149598708e-07
238743	0.0009472327657
238744	0.001029719622
238745	0.0003199546131
238746	0.001390047421
238747	0.002874990992
238748	0.002053182964
238749	0.006285404162
238750	0.00454789152
238751	0.001680231316
238752	0.001464508767
238753	0.002375391538
238754	0.001046413832
238755	0.009570100142
238756	0.0004594002449
238757	0.001388394827
238758	0.002572343081
238759	0.006414085584
238760	0.0005489919184
238761	0.002816618578
238762	0.0005670243085
238763	0.0007342258308
238764	0.001086413926
238765	0.001029494198
238766	0.002367796061
238767	0.003016226839
238768	0.001226020878
238769	0.0007153131821
238770	0.0007178847591
238771	0.0001144139182
238772	0.002508185904
238773	0.003849863281
238774	0.002039898724
238775	0.001203850954
238776	0.002599206512
238777	0.002507308768
238778	0.004199032136
238779	2.046697449e-08
238780	0.001172473202
238781	0.0003400188071
238782	7.67647684e-05
238783	9.068741496e-05
238784	0.0006981408088
238785	0.001294380635
238786	0.0004336881107
238787	3.625726571e-05
238788	0.001773930655
238789	0.002525078666
238790	0.0003448982829
238791	0.0009838232426
238792	0.002166360865
238793	0.001069465211
238794	0.001485046997
238795	0.0001682743032
238796	0.000800023836
238797	0.0003716799712
238798	0.002204182467
238799	0.0007802167025
238800	0.0001075004822
238801	0.0006238437206
238802	0.001046423591
238803	0.0004846423688
238804	0.0007465217177
238805	1.534838424e-05
238806	0.0002998422184
238807	0.0006658715944
238808	0.003592172943
238809	0.0002060305752
238810	0.002219932596
238811	0.001720181435
238812	0.00203971426
238813	0.001699443682
238814	0.0001323335529
238815	0.002233648409
238816	0.0001578277528
238817	0.0006089397981
238818	0.001995758895
238819	0.00070323221
238820	0.001937387473
238821	0.002335780005
238822	0.0001041345101
238823	0.001030208008
238824	0.0009474903958
238825	0.0003318427112
238826	0.003292016447
238827	0.0002753073728
238828	5.79752855e-05
238829	0.001491415662
238830	0.001597597679
238831	0.0004279803989
238832	0.00249001684
238833	0.002392612903
238834	0.001435512809
238835	0.001309522473
238836	0.0003675767637
238837	0.002328677265
238838	0.002036463578
238839	0.0009622356806
238840	0.0001624405479
238841	0.001728913297
238842	0.001195953994
238843	0.002437392973
238844	0.0005659024158
238845	0
238846	0.0006530387532
238847	0.0004945638503
238848	0.0008153249565
238849	0.002223009687
238850	0.001258677449
238851	0.0002336818728
238852	0.0009216519888
238853	0.0008193055157
238854	0.003393851202
238855	0.001170481344
238856	0.001539545685
238857	0.001267856957
238858	0.0001789313895
238859	0.0004293885002
238860	0.0001500240562
238861	0.0006008886045
238862	0.001289505879
238863	0.000229600485
238864	0.0002898986744
238865	0.0003280120641
238866	0.0005354571114
238867	0.005903912778
238868	0.0006026558376
238869	0.0001862859861
238870	0.001437250364
238871	0.0004758614851
238872	0.001133527843
238873	0.0008729711619
238874	0.0007099425142
238875	0.001514258041
238876	0.0006280842272
238877	0.0006530812574
238878	0.0008308677747
238879	0.0003566782766
238880	0.0007346154519
238881	0.001116776799
238882	0.001619760052
238883	0.0006456046944
238884	0.002736116153
238885	0.0004625256583
238886	0.002906389236
238887	0.0002325974478
238888	0.0001056279894
238889	0.00020425857
238890	2.965277548e-05
238891	0.004578587844
238892	0.001403536403
238893	0.000162103875
238894	2.084298925e-05
238895	0.001395079784
238896	0.0008816490738
238897	0.0001090773979
238898	0.0005430382726
238899	9.229144443e-05
238900	9.47381359e-05
238901	0.0002467789455
238902	0.000924140543
238903	0.0007703146205
238904	0.0006842351757
238905	0.001998983198
238906	0.001349509138
238907	0.0004310555737
238908	0.001738231869
238909	0.002185671778
238910	0.0007811112947
238911	4.617850787e-05
238912	0.0002450053502
238913	0.0001606345158
238914	0.0008929513706
238915	0.0009197922547
238916	7.645001582e-05
238917	0.0002943603605
238918	0.001696334172
238919	3.170323252e-05
238920	0.00350968868
238921	0.0002733324802
238922	0.002597230578
238923	0.003711006182
238924	0.001110007656
238925	0.006960075413
238926	0.001242032908
238927	0.002476425256
238928	0.004276685962
238929	0.001107192873
238930	0.003078100324
238931	0.002696824047
238932	0.001490508475
238933	0.0007009343408
238934	0.003965716235
238935	0.0004360734995
238936	0.0004195917153
238937	0.0003949957675
238938	0.003386551478
238939	0.0005780072348
238940	0.0007369693736
238941	0.001601438209
238942	0.000598425698
238943	0.002096215115
238944	0.001720219373
238945	0.002846527761
238946	0.0004751041791
238947	0.003518605753
238948	0.002602591909
238949	0.0002493801152
238950	0.001605449583
238951	0.001568158816
238952	0.004223712745
238953	0.001479798736
238954	0.003439613719
238955	0.003574641947
238956	0.002861701521
238957	0.0006523582462
238958	0.003848688452
238959	0.003107952526
238960	0.00127199021
238961	0.002450007818
238962	0.0003504547201
238963	0.003263236626
238964	0.002351394572
238965	0.001581282686
238966	0.0009205395702
238967	0.002520291334
238968	0.0001440148679
238969	0.004456944465
238970	0.000135334508
238971	0.0001458837769
238972	0.0002970041167
238973	0.004514557879
238974	0.001828895128
238975	0.001142487494
238976	0.0009751491154
238977	0.002765051783
238978	0.005978337569
238979	2.517315238e-05
238980	0.003420733286
238981	0.0003489891487
238982	2.044609153e-05
238983	0.0005119639389
238984	0.005156200177
238985	0.00441409419
238986	0.002863899439
238987	0.001039170549
238988	0.003390375578
238989	0.001064491579
238990	0.005355365575
238991	0.0008307835977
238992	0.002202286871
238993	0.001241738534
238994	0.00520553811
238995	0.003069876805
238996	0.002468233429
238997	0.002446833897
238998	0.002511300593
238999	0.002665969099
239000	0.001382124277
239001	0.002437814553
239002	0.00747248833
239003	0.0003481928382
239004	0.002399572886
239005	0.001074556421
239006	0.0002086249452
239007	0.0005368797397
239008	0.001086037273
239009	0.0006097768793
239010	0.0009081419438
239011	0.003050587323
239012	0.003640733761
239013	0.0003683283125
239014	0.004096312542
239015	0.0008194402459
239016	0.001088757668
239017	0
239018	5.754823718e-05
239019	0.002802605687
239020	0.0002435742249
239021	0.001056366178
239022	0.0009992874885
239023	0.003902499409
239024	0.005790274302
239025	0.001567034631
239026	0.001663819042
239027	0.002428670785
239028	0.000627970743
239029	0.006065222497
239030	0.001670398216
239031	0.000591119507
239032	0.004686529481
239033	0.0004451174508
239034	0.002723991028
239035	0.001234236367
239036	0.0003753512773
239037	0.001937174689
239038	0.00240038908
239039	0.0005811093503
239040	0.0001961584388
239041	0.002315143933
239042	0.0006824679556
239043	0.0006931405694
239044	0.0005466613453
239045	0.001169971692
239046	0.001176799727
239047	0.003843987435
239048	0.004227175174
239049	0.0003344231326
239050	0.0005030218546
239051	0.0002351167419
239052	0.001685885549
239053	0.001752441393
239054	0.00170904731
239055	0.001187304142
239056	0.002414250103
239057	0.001488278586
239058	0.00166971851
239059	0.001274135268
239060	0.001034610823
239061	0.001828344216
239062	0.002227402741
239063	0.0007706551843
239064	0.006148900924
239065	0.00164209799
239066	0.004497973683
239067	0.001932365362
239068	0.0002352642895
239069	0.000643348572
239070	0.0006029886331
239071	0.004539425331
239072	0.003909536326
239073	0.000885431985
239074	0.0008761972765
239075	0.0004141115536
239076	0.00190555835
239077	0.0006915402711
239078	7.970900144e-05
239079	0.003870274298
239080	0.002675328568
239081	0.002384577783
239082	0.0008304344028
239083	0.001558929768
239084	0.00143850012
239085	0.0007578759684
239086	0.005046859479
239087	0.005533087009
239088	1.350820316e-08
239089	0.00143775429
239090	0.002363337686
239091	0.002533824178
239092	0.00158179269
239093	0.0003739181391
239094	0.000687210929
239095	0.003519261375
239096	0.002294118387
239097	6.924416092e-05
239098	0.001163036354
239099	0.001915392914
239100	0.0009770414787
239101	0.003125071477
239102	0.002389753307
239103	0.002159867609
239104	0.001058806352
239105	0.001172830697
239106	0.005950728116
239107	0.00379496726
239108	0.002282375949
239109	0.0002010422321
239110	0.0005610560464
239111	7.054029482e-05
239112	0.002984969123
239113	0.001198910775
239114	0.002644167263
239115	0.003429039176
239116	0.004421293124
239117	0.001652891459
239118	0.003301738446
239119	0.002449679779
239120	0.002205308846
239121	0.002786808021
239122	0.001226270608
239123	0.00223650946
239124	0.00226829817
239125	0.0007721447227
239126	0.0006936433621
239127	0.002605619598
239128	0.003572275977
239129	0.0004745158861
239130	0.002346388749
239131	0.002399337982
239132	0.0007811613787
239133	0.0002805778286
239134	0.002592244584
239135	0.001420046439
239136	0.0007250597672
239137	0.003096461836
239138	0.005568531417
239139	6.05041339e-05
239140	0.002651132753
239141	0.0001321561319
239142	0.0005324585943
239143	0.001527909536
239144	0.002976008846
239145	0.0006282989418
239146	0.000971810677
239147	8.729515016e-05
239148	0.0009780122126
239149	0.002366219184
239150	0.004652904289
239151	0.001755810953
239152	0.002063557703
239153	0.001096858644
239154	8.912444899e-05
239155	0.0002083540047
239156	0.001405693764
239157	0.0009608264862
239158	0.001877224873
239159	0.002059289066
239160	0.002028353454
239161	0.002528951437
239162	0.002893230848
239163	6.847133284e-08
239164	0.004047106862
239165	0.0001849378472
239166	0.0007917782407
239167	0.0005114293815
239168	0.001300638014
239169	0.003295383772
239170	0.000438150672
239171	0.001155201369
239172	0.001020284921
239173	0.0007875054467
239174	0.0009903423497
239175	0.0009205422439
239176	0.0001057694383
239177	0.0005590391944
239178	0.0007596256968
239179	8.809829822e-05
239180	0.0007446844044
239181	0.001584645015
239182	0.001184438238
239183	0.001163079869
239184	1.071383073e-05
239185	0.0009237504336
239186	0.002005842884
239187	0.0008641287322
239188	0.0009975171768
239189	0.001318632136
239190	0.0003781851207
239191	0.0005641339509
239192	0.001014371402
239193	0.001381031155
239194	0.000447614051
239195	0.002939290569
239196	0.004560699451
239197	0.0004833838824
239198	0.0009260668128
239199	0.00120793019
239200	0.0003561658445
239201	0.001410170571
239202	0.001172986683
239203	0.00106368383
239204	0.0009566550676
239205	0.0008637488308
239206	0.002722302622
239207	0.001806312976
239208	0.001070796669
239209	0.0003516837702
239210	0.0008467485993
239211	0.001438940973
239212	0.000402925568
239213	0.00118247627
239214	0.003841759413
239215	0.0005525002144
239216	0.0005842418825
239217	0.0006255272355
239218	0.001119768241
239219	0.0001325075355
239220	0.001218746075
239221	0.0006260520663
239222	0.001127784142
239223	0.002720777378
239224	0.0003049280767
239225	0.001232356599
239226	0.0004205296239
239227	0.0008779592877
239228	0.001188682458
239229	0.001111769011
239230	0.001123290124
239231	0.001286684414
239232	0.0001541546983
239233	0.0004487347234
239234	0.000710293668
239235	0.003002325695
239236	0.0009426599122
239237	0.001157460329
239238	0.0009832563239
239239	0.0004093791917
239240	0.0006590283484
239241	0.005822063759
239242	0.0004374290623
239243	0.001199535694
239244	0.0009249882065
239245	0.0002931984894
239246	0.0007734857548
239247	0.0004994129212
239248	0.001136378345
239249	0.00141211487
239250	0.00067787306
239251	9.013087648e-05
239252	0.0004875625934
239253	0.000979895959
239254	0.001128496623
239255	0.0007963681916
239256	0.0003787340723
239257	0.001032793168
239258	0.001144899437
239259	0.0006233176797
239260	0.0006972853007
239261	0.0006957204486
239262	1.964032394e-05
239263	0.0009832494411
239264	0.0001219737094
239265	0.001161716466
239266	0.000287157904
239267	0.001141032117
239268	0.0002301147708
239269	0.0006711469997
239270	0.0009197274306
239271	0.0007138617787
239272	0.001329666049
239273	0.0008488288254
239274	0.0005337576921
239275	0.001574578911
239276	0.0008182763637
239277	0.0001071679738
239278	0.0008560750307
239279	0.001126029978
239280	0.0008509310628
239281	0.0007035038538
239282	0.0005979590069
239283	0.0008313690222
239284	0.000120116646
239285	0.001142852153
239286	0.001049845891
239287	0.0003757196069
239288	0.0004339356173
239289	0.001173982814
239290	0.0004494988922
239291	0.0001435024982
239292	0.001459811682
239293	0.001235612215
239294	0.0002492756025
239295	0.001180178906
239296	0.0007442130914
239297	0.0003159957497
239298	0.00116471212
239299	0.0008888303921
239300	0.003419188218
239301	0.00137271197
239302	0.0001359668002
239303	0.001267663312
239304	0.001149983541
239305	0.0006071491142
239306	0.0008297483769
239307	0.0009452200481
239308	0.0008966436968
239309	0.0006181972496
239310	0.0002072588002
239311	0.0002928331017
239312	0.0001347302051
239313	0.0006342348114
239314	0.0009073570931
239315	0.0009664188378
239316	0.001158956315
239317	0.001012265545
239318	0.0006155345435
239319	0.0003489589782
239320	3.126885792e-06
239321	0.001018565464
239322	0.0003105538098
239323	0.0007799587994
239324	0.0006302951589
239325	4.554141952e-05
239326	0.001104618556
239327	0.000854205646
239328	0.0009978839902
239329	0.00072868613
239330	0.001191541441
239331	0.0004584033618
239332	0.0009487220572
239333	0.0002420635781
239334	0.001172971615
239335	0.0005914453207
239336	0.0004962320669
239337	0.0009908457681
239338	0.001424282588
239339	0.0001409776431
239340	0.001122738768
239341	0.001039896088
239342	0.001286123273
239343	0.001431316177
239344	0.0008756823474
239345	0.001208679474
239346	0.0001862328862
239347	0.001019046615
239348	0.0009342751782
239349	0.0007955134172
239350	0.001242276471
239351	0.001336659141
239352	0.001066864401
239353	0.00067737466
239354	0.0008136453094
239355	0.0008681335622
239356	0.002024957876
239357	0.0007465401885
239358	0.0007042611682
239359	0.001050294239
239360	0.0004098386251
239361	0.0006502044987
239362	0.0006904184507
239363	0.001858768843
239364	0.0012427103
239365	0.001206464218
239366	0.001041708201
239367	0.0007350716352
239368	0.0009011566956
239369	0.00127837511
239370	0.0002956667831
239371	0.0003639469846
239372	0.0007666847138
239373	0.0003516539334
239374	0.00123790671
239375	0.0007453889008
239376	0.001485340242
239377	0.001086781741
239378	0.0001130765126
239379	0.0003105031717
239380	0.0008167359359
239381	0.0002185051527
239382	0.00059731714
239383	0.0001343505412
239384	0.0007131401346
239385	0.0005928076359
239386	0.001014502102
239387	0.0004329765262
239388	0.0003829505039
239389	0.0005415644554
239390	0.0009871585108
239391	0.0005935220517
239392	0.0009050444462
239393	0.0003698231242
239394	0.0008814459022
239395	0.000643032397
239396	0.000423511189
239397	0.001109039126
239398	0.0008842419684
239399	0.0004385132836
239400	0.0003349414788
239401	0.001675681097
239402	0.001575026073
239403	0.001142384773
239404	0.0004652386188
239405	0.0001343866664
239406	0.0003044267297
239407	0.0008111968139
239408	0.001653625809
239409	0.000251097821
239410	0.0008760922593
239411	0.001040700615
239412	0.00160199354
239413	0.004529686892
239414	0.0001094063537
239415	0.0009047377332
239416	0.001798313556
239417	0.0009339066484
239418	0.001253927734
239419	0.0002485863007
239420	0.0002811714872
239421	0.0008346465334
239422	0.0004661171303
239423	0.002186995909
239424	0.000461686651
239425	0.001094990982
239426	0.0008161143474
239427	0.0006028420103
239428	0.0009946508007
239429	0.0001433999627
239430	0.001232986356
239431	0.0005932075398
239432	0.002769643463
239433	0.00295977768
239434	0.0004809588984
239435	0.0008931075292
239436	0.000907987927
239437	0.0009543870951
239438	0.0004510529846
239439	0.0009409365079
239440	0.0008845964751
239441	0.0009291705255
239442	0.0001562994368
239443	0.0003257409696
239444	0.0006573635453
239445	0.0008209585431
239446	0.0004360890533
239447	0.0009260696101
239448	0.0007612070828
239449	0.001484825665
239450	0.0003128152185
239451	0.001295436946
239452	0.0003747476552
239453	0.002889701066
239454	0.004527014222
239455	0.00231501496
239456	0.001826701839
239457	0.0002735309069
239458	0.0001149473137
239459	0.001120871537
239460	7.479217225e-08
239461	0.001469801582
239462	0.0004379077276
239463	0.00389154066
239464	0.001750187008
239465	0.0004976267638
239466	0.002142819593
239467	3.931803115e-06
239468	3.720490841e-07
239469	0.0006088678718
239470	0.0003903891932
239471	0.0002571458123
239472	0.0005848698452
239473	0.0002891551685
239474	0.0008825538086
239475	0.001834931743
239476	0.0001611209949
239477	0.0007512810541
239478	0.0007766853235
239479	0.00239479597
239480	0.002250446941
239481	3.261451431e-05
239482	0.0001232075412
239483	0.0006450418711
239484	5.135800162e-05
239485	0.0007160029857
239486	0.0002233164575
239487	2.540235643e-05
239488	0.0001425245941
239489	0.001284298395
239490	0.002996267898
239491	0.002051782357
239492	2.406971595e-05
239493	0.001337406906
239494	0.001108035333
239495	0.0004238813198
239496	0.002199045974
239497	0.0002041772653
239498	0.0004856380779
239499	0.0003871710141
239500	0.0003212104222
239501	0.0003495093038
239502	8.511871871e-06
239503	0.0002859008425
239504	0.0001447577076
239505	0.0004583872332
239506	0.0002867047462
239507	0.0004621899823
239508	0.0002848672094
239509	0.0009440542258
239510	0.0001563032947
239511	0.0004295857406
239512	5.216441365e-05
239513	5.56563528e-05
239514	0.000124938918
239515	4.041371803e-05
239516	0.0004045281411
239517	0.0008521918473
239518	6.420381469e-05
239519	0.0007937960538
239520	0.000501102322
239521	0.0009143957856
239522	0.0009521135338
239523	0.0009143737018
239524	0.0002805187993
239525	0.0003482278965
239526	0.0002916450281
239527	0.001007161944
239528	0.0001262038668
239529	0.0002248251461
239530	0.0005588154006
239531	0.000402998672
239532	0.0002792766026
239533	0.0004925347716
239534	0.0004553369729
239535	0.0006711398943
239536	2.567662488e-05
239537	0.0005153306941
239538	0.0003183148517
239539	0.0003971810082
239540	2.637465696e-06
239541	2.589685026e-05
239542	9.100673839e-07
239543	0.0003387609917
239544	3.986975573e-07
239545	0.0009190801136
239546	0.0001750282568
239547	0.0009590887046
239548	6.99956394e-05
239549	0.0003278838485
239550	0.0009833219137
239551	0.0007368596598
239552	0.0001696321736
239553	0.0002315530531
239554	0.0007506260233
239555	0.0009808388146
239556	0.0009605430753
239557	8.761298182e-05
239558	0.003413529229
239559	0.0003285033004
239560	0.000621208155
239561	0.0007647047329
239562	5.445526351e-05
239563	0.002217112258
239564	0.001754071022
239565	0.0003388078381
239566	0.002469295515
239567	0.001191524332
239568	0.001818802642
239569	0.001550224763
239570	0.003550347569
239571	0.0009408846293
239572	0.003551672817
239573	0.001471650239
239574	0.002579527391
239575	0.003914252906
239576	0.001685042872
239577	0.003502852751
239578	0.0006547142757
239579	0.002072769283
239580	0.002148394514
239581	6.834020026e-05
239582	0.0009201239299
239583	0.001294691968
239584	0.0004111858893
239585	0.004606029953
239586	0.001295023619
239587	0.001598140801
239588	0.001018699659
239589	0.0002848384402
239590	0.004531962046
239591	0.001716127253
239592	0.001887891793
239593	0.001745090849
239594	0.002107337571
239595	0.001359552828
239596	0.003595880615
239597	0.0001039306446
239598	0.001663982221
239599	3.776154263e-05
239600	0.0009890896874
239601	0.0002167542255
239602	0.00154768818
239603	0.002002934221
239604	0.003831661013
239605	0.001987743355
239606	0.001302477572
239607	0.001006867237
239608	0.002242838741
239609	0.00261339853
239610	8.272590537e-05
239611	0.0003196777121
239612	0.002354183865
239613	0.0007826042648
239614	0.0002170507795
239615	0.0003618730294
239616	7.050313181e-05
239617	0.0002910648853
239618	3.069235419e-05
239619	0.0009706530976
239620	0.00455420917
239621	0.0006164538358
239622	0.001706193977
239623	0.002390289607
239624	0.0007998423405
239625	0.0008214431053
239626	0.00394091408
239627	0.003263213578
239628	0.0005897443482
239629	0.001162344176
239630	0.00414529317
239631	0.0003273216325
239632	0.001625040488
239633	0.0002143223202
239634	0.003126909921
239635	0.00486553948
239636	0.0039764526
239637	0.0004615036074
239638	0.001251844885
239639	0.0004635504594
239640	0.0004948051138
239641	0.001710636146
239642	0.001446622972
239643	0.0003337837136
239644	0.0005322494938
239645	0.0004186043526
239646	0.001474960231
239647	0.001294345167
239648	8.22214388e-06
239649	0.001193684758
239650	0.001408213316
239651	0.001393066911
239652	0.001273437588
239653	0.0001119893319
239654	0.0009496016748
239655	0.002810704247
239656	0.000359727663
239657	0.0004787174026
239658	0.0006552840335
239659	0.004367065035
239660	0.002593425839
239661	0.001622266623
239662	3.386096604e-05
239663	0.0004251502286
239664	0.003682666116
239665	0.001174291809
239666	0.001615877016
239667	0.002696444041
239668	0.002890911398
239669	0.001121946563
239670	0.004884742499
239671	0.002402018112
239672	0.0004263400561
239673	0.003172987368
239674	0.001974634286
239675	0.00395129907
239676	0.00730540325
239677	0.003958650696
239678	0.004506529789
239679	0.006008852139
239680	0.003096230003
239681	0.003388888831
239682	0.002650963014
239683	0.003204028272
239684	0.001587360272
239685	0.002831285373
239686	0.001906012406
239687	8.681471704e-05
239688	0.001226556631
239689	0.0005203103701
239690	0.001220730057
239691	0.0003234882805
239692	0.0002660663213
239693	0.0009844762722
239694	6.501458049e-05
239695	0.0003616460758
239696	0.005052709653
239697	0.001997639693
239698	0.007383844445
239699	0.003586845821
239700	0.0007682236656
239701	5.685049738e-05
239702	0.0004497854903
239703	0.001827616841
239704	0.000300814808
239705	0.001668891944
239706	0.002874864608
239707	6.769570357e-05
239708	0.0001893759224
239709	0.001067775889
239710	0.0005318150456
239711	0.001959550619
239712	0.0008663516236
239713	0.001606555718
239714	0.0003044170288
239715	0.001148058371
239716	0.001169338747
239717	0.005482658054
239718	0.001864262418
239719	0.0003304729402
239720	0.0003398561895
239721	0.004365326142
239722	0.000893081361
239723	0.003847079489
239724	0.001189015572
239725	0.001500328465
239726	0.0009584567582
239727	3.297065279e-05
239728	7.934263686e-05
239729	0.0004712256395
239730	0.001358711744
239731	0.002477965714
239732	0.004116029215
239733	0.004739832697
239734	0.0004417659156
239735	0.0003130799533
239736	5.234297044e-05
239737	0.0006751264204
239738	0.0002388121805
239739	0.0006789028678
239740	0.00185084183
239741	0.0002091250688
239742	0.0001561037716
239743	0.003693332394
239744	0.002216561656
239745	0.002186878259
239746	0.007152839718
239747	0.001776483797
239748	0.002120330073
239749	0.0003361681874
239750	0.006299267452
239751	0.0009332207671
239752	0.000920236406
239753	0.001303477444
239754	0.001810417958
239755	0.0004268091329
239756	0.003374570353
239757	0.002443717646
239758	0.002674430926
239759	0.001681878538
239760	0.003185862311
239761	0.004442889631
239762	0.001263291879
239763	0.006568766304
239764	0.002075522348
239765	7.095929339e-05
239766	0.003171766908
239767	0.001512412465
239768	0.000958194139
239769	0.00152966944
239770	0.0005014456397
239771	0.003869656051
239772	0.001744763077
239773	0.0001242503126
239774	0.005043756342
239775	0.006370831303
239776	0.004435627429
239777	0.0007552478657
239778	0.004456624663
239779	0.0007063345781
239780	0.001442129185
239781	0.004888071653
239782	0.0003368304177
239783	8.026164342e-05
239784	0.002341939256
239785	0.001548884657
239786	0.001294037087
239787	0.0001197416698
239788	0.002839775777
239789	0.001160846682
239790	0.001148692925
239791	0.002666740568
239792	0.001218235217
239793	0.004590825436
239794	0.00328291811
239795	0.008054887137
239796	0.002840343371
239797	0.004703946391
239798	0.002162492106
239799	0.01031935732
239800	0.0001685951026
239801	0.002100626663
239802	0.001414668526
239803	0.0044830167
239804	0.001617611096
239805	0.002673220259
239806	0.0008679235977
239807	0.002349727975
239808	0.001531961795
239809	0.00344357223
239810	0.002039130742
239811	0.001542093881
239812	0.003409210118
239813	0.001113251784
239814	0.00487370552
239815	0.00108968134
239816	0.006540873913
239817	0.0002319175824
239818	0.001226340263
239819	0.0009956465608
239820	0.0003582354123
239821	0.0002572414517
239822	0.0006898749636
239823	0.000668633755
239824	0.0004638702375
239825	0.003751438605
239826	0.002368173611
239827	0.001247750863
239828	0.001395869912
239829	8.5942589e-05
239830	4.976180231e-05
239831	0.0001196744861
239832	0.0006575534397
239833	0.0002809153288
239834	0.0002037308742
239835	0.0002593981705
239836	0.0003507668763
239837	8.560349524e-05
239838	0.001681062453
239839	0.001818304645
239840	0.0002097864711
239841	0.004403536847
239842	2.238195078e-05
239843	0.0001640068639
239844	0.00115755582
239845	0.0005069891532
239846	0.002687005423
239847	0.0008052509892
239848	0.0002308057246
239849	0.0005176196674
239850	0.005141174097
239851	0.0008519040899
239852	0.003412373845
239853	5.620497767e-05
239854	0.003831181468
239855	0.0005541327429
239856	0.0003798088352
239857	0.0003744512513
239858	0.001251626195
239859	0.0008271657158
239860	0.0002437034877
239861	7.573941364e-05
239862	0.0009841985437
239863	0.00222068362
239864	0.002003201389
239865	8.364523513e-05
239866	0.002373903848
239867	0.003678328476
239868	0.001304027617
239869	0.001839708354
239870	0.0006177072709
239871	0.0003491108658
239872	0.003422326589
239873	0.003211617733
239874	0.001140398594
239875	0.000388791641
239876	0.001152971873
239877	0.0001694999144
239878	0.002289612728
239879	0.00377845055
239880	0.0005275168429
239881	0.0002649133869
239882	0.000318722618
239883	0.001975009566
239884	0.001206695247
239885	0.001371943607
239886	6.128425915e-05
239887	0.001887943309
239888	0.001773185228
239889	1.368634528e-05
239890	0.001485246037
239891	0.0003277477315
239892	0.001122669292
239893	0.0002076726404
239894	0.003129023941
239895	0.0008581532805
239896	0.0007366994234
239897	0.0007199007123
239898	0.001095981578
239899	0.0003867499865
239900	0.0002662135134
239901	0.002891882014
239902	0.001103695666
239903	0.0007663745558
239904	0.0005932958463
239905	0.002673090173
239906	0.0003699581857
239907	0.0003835966708
239908	0.0009609415175
239909	5.384191235e-05
239910	0.0001455903641
239911	0.000106790204
239912	0.0002170061635
239913	0.001511425203
239914	0.003456538682
239915	0.001658184631
239916	0.002018904181
239917	0.0003494602489
239918	0.006076662244
239919	0.005674590597
239920	0.001066805547
239921	0.005555812342
239922	0.001248599465
239923	0.001216925304
239924	0.0004985786843
239925	0.001093293297
239926	0.006198896962
239927	0.002179960581
239928	0.004457235137
239929	0.002694405321
239930	0.00362291873
239931	0.0003750499471
239932	0.006996440179
239933	0.003167128544
239934	0.00153048073
239935	0.0003352578251
239936	0.002369283542
239937	0.0002850452401
239938	0.001246199658
239939	0.002504124252
239940	0.001520343415
239941	0.001185260069
239942	0.0004481285233
239943	0.001697232066
239944	0.0006767843936
239945	0.003825319547
239946	0.001413689848
239947	0.003500022908
239948	0.0008123499659
239949	0.004219976532
239950	0.0004378533731
239951	0.001708135337
239952	0.002822721651
239953	0.0009514813709
239954	0.0002067866717
239955	0.002363345079
239956	0.000621133877
239957	5.434516667e-05
239958	0.0004351078425
239959	0.006267601209
239960	0.002880382188
239961	0.0003980458397
239962	0.000208547078
239963	0.001173513843
239964	0.002117805374
239965	0.003267306901
239966	0.001204954849
239967	0.0009454671829
239968	0.001763605947
239969	0.005124919227
239970	0.0009896412577
239971	0.0003061528658
239972	0.003082757977
239973	0.0006459076479
239974	0.001380831284
239975	0.001113335766
239976	0.004378875334
239977	0.003196056076
239978	0.001944760242
239979	0.002176286254
239980	0.003401228829
239981	0.0006523851356
239982	0.0007425588427
239983	0.002083894075
239984	0.000517668596
239985	0.00166968808
239986	0.004027582183
239987	0.001038702882
239988	0.0005629101829
239989	0.002554750908
239990	0.004302314794
239991	0.0004499037766
239992	0.0003904640253
239993	0.002088099653
239994	0.002774944344
239995	0.002708773204
239996	0.001065716195
239997	0.00179429472
239998	3.294366602e-05
239999	0.0004794903311
240000	0.0001769103343
240001	0.0001619116964
240002	0.0003382996537
240003	2.829463162e-05
240004	0.001170985412
240005	0.001018923215
240006	7.406031718e-05
240007	0.0005091093529
240008	0.0003664307835
240009	0.0006911414931
240010	0.001923050597
240011	0.0007634426509
240012	0.0004593964055
240013	7.040893122e-05
240014	0.0001567193001
240015	0.000269794653
240016	0.0002827230324
240017	0.0001638498939
240018	0.0005942683282
240019	0.002308831618
240020	0.0003458577987
240021	0.0006164902654
240022	0.0001568788926
240023	0.0004119030464
240024	0.001837294745
240025	0.001231732367
240026	0.003777534844
240027	0.0008743851493
240028	0.004908441986
240029	0.003259293833
240030	0.0007822290909
240031	0.0002330244438
240032	0.002648981248
240033	0.00134553908
240034	0.001417875184
240035	0.0004957045533
240036	0.001275405866
240037	0.0001079404696
240038	0.0008394493056
240039	0.001221376275
240040	6.188645802e-05
240041	0.001212577139
240042	0.000752611541
240043	0.001989573438
240044	0.0004044044163
240045	4.488482511e-08
240046	0.0005506233984
240047	0.0003789479967
240048	0.0001971264174
240049	0.001023485563
240050	0.0003650515611
240051	0.0002915328998
240052	0.0003788337825
240053	0.0002798821055
240054	0.0001441899351
240055	0.0008879866946
240056	7.458096562e-05
240057	0.002394118127
240058	0.0009762987981
240059	0.000623016398
240060	0.0005169319857
240061	0.0002849223263
240062	0.0002436988004
240063	4.329079368e-05
240064	0.001588324562
240065	0.00197219872
240066	0.007474117402
240067	0.004614135142
240068	0.003659827898
240069	0.004411059995
240070	0.003898128556
240071	0.002081298106
240072	8.923783787e-05
240073	0.002370452935
240074	0.002709756312
240075	0.002192610191
240076	0.001475814419
240077	0.001400206173
240078	0.000303551266
240079	2.668757208e-05
240080	0.0008253276103
240081	0.001722462658
240082	0.0001034087567
240083	0.004290652433
240084	0.00481114217
240085	0.004215958225
240086	0.003614893624
240087	0.004247847707
240088	0.003806500384
240089	0.003868742653
240090	0.003943993043
240091	0.004063058099
240092	0.004012854872
240093	0.004217643871
240094	0.004302548882
240095	0.004585337219
240096	0.002473060933
240097	0.003886076589
240098	0.004374500988
240099	0.004153629477
240100	0.004407584608
240101	0.004185868295
240102	0.004152456832
240103	0.002752189303
240104	0.003837993197
240105	0.003932223142
240106	0.003976786163
240107	0.003888368912
240108	0.004184579435
240109	0.004231857068
240110	0.003977889482
240111	0.003260251267
240112	0.003957050278
240113	0.002818471718
240114	0.004187206587
240115	0.004218253099
240116	0.004619490558
240117	0.004309370306
240118	0.004154257473
240119	0.004184453976
240120	0.004049378171
240121	0.004408906839
240122	0.004577432801
240123	0.004007807718
240124	0.003998943166
240125	0.003915277074
240126	0.003338999251
240127	0.003068760278
240128	0.0004824497172
240129	0.0002987369352
240130	0.0004501768876
240131	0.0006951448827
240132	0.0005253906677
240133	0.0004305001531
240134	0.0001437526925
240135	4.614998039e-05
240136	0.0005706881669
240137	0.0005453380138
240138	0.0005776910502
240139	0.0004453424561
240140	0.0002210115743
240141	0.003003773806
240142	0.0003163798647
240143	0.0001944664314
240144	0.0001205396322
240145	0.0008141748375
240146	0.0009499053213
240147	0.0005020327938
240148	0.0005155831334
240149	0.0003675529687
240150	0.0006079567636
240151	0.001011450796
240152	0.0002252195686
240153	0.0004446760575
240154	0.0003294499329
240155	8.737427479e-06
240156	0.0006640220158
240157	5.293202115e-05
240158	0.0006992612344
240159	0.0007048682375
240160	0.0006027599265
240161	0.0005054506074
240162	0.001011506606
240163	0.0007653234159
240164	6.733473604e-07
240165	0.002893023117
240166	0.004028983413
240167	0.002576077296
240168	0.003173080014
240169	0.001603658481
240170	0.002015681247
240171	0.00284012689
240172	0.002992608206
240173	0.00291775411
240174	0.001695835704
240175	0.002002923213
240176	0.002341063404
240177	0.00294756129
240178	0.005203867677
240179	0.00284322952
240180	0.003246449109
240181	0.002517092927
240182	0.002408965425
240183	0.00217271451
240184	0.002394588872
240185	0.002492935561
240186	0.002767067555
240187	0.002746336434
240188	0.0007438790502
240189	0.002189790867
240190	0.002287473547
240191	0.001915958812
240192	0.003449596729
240193	0.006773120452
240194	0.004651538298
240195	0.003778002326
240196	0.003071680182
240197	0.0009774561609
240198	0.002532204891
240199	0.003267039184
240200	0.003324386466
240201	0.003319204136
240202	0.005401152319
240203	0.002271714314
240204	0.002313161828
240205	0.002132528797
240206	0.002348791288
240207	0.00176466092
240208	0.006417008051
240209	0.002155989214
240210	0.002345379978
240211	0.002656287126
240212	0.001423483242
240213	0.002568328688
240214	0.0004889126808
240215	0.001081780333
240216	0.00030095625
240217	0.0002742271647
240218	0.0004279828303
240219	0.0003261619638
240220	0.000543656247
240221	0.0003166626272
240222	0.000780773021
240223	0.0009731292468
240224	0.0006183357397
240225	0.0006745074912
240226	8.104394842e-05
240227	0.001042662201
240228	0.0007101606054
240229	0.0017493555
240230	0.001775054751
240231	0.001037676764
240232	0.0006257816657
240233	0.0007714631894
240234	0.0008656981415
240235	0.0006024457627
240236	0.0005342290686
240237	0.001999335952
240238	0.001766630949
240239	0.001710622796
240240	0.001836897845
240241	0.001367520513
240242	0.001731659814
240243	0.002038480804
240244	0.001477391623
240245	0.001311716238
240246	0.001294591388
240247	0.002567316413
240248	0.002205035056
240249	0.001652616107
240250	0.001567239397
240251	0.002546822241
240252	0.0009634968441
240253	0.001237213588
240254	0.001734399452
240255	0.001957584313
240256	0.001854156838
240257	0.002158319749
240258	0.0005831089983
240259	0.002035975264
240260	0.001869678999
240261	0.001327061834
240262	0.0004496483689
240263	0.0009305735788
240264	0.0007072184274
240265	0.0001803612577
240266	0.0004432091757
240267	0.0004289114915
240268	6.671731018e-05
240269	0.0004802978698
240270	0.0005770598648
240271	0.0005207573274
240272	0.0001660349733
240273	0.0001787740145
240274	0.00297558043
240275	0.001832464809
240276	0.0002336886144
240277	0.0001129160399
240278	0.001116218593
240279	0.002955220864
240280	0.002790607614
240281	0.002938881821
240282	0.003003201609
240283	0.002239273336
240284	0.003535434953
240285	0.004235454979
240286	0.003153222776
240287	0.0008640845259
240288	0.0006148690279
240289	0.002468051787
240290	0.003103391181
240291	0.001359206453
240292	0.001527056704
240293	0.0007725339772
240294	0.0008857563856
240295	0.0002580481144
240296	0.0009753918207
240297	0.001734905559
240298	0.001791207418
240299	0.001163686895
240300	0.0009428076017
240301	0.0007116646971
240302	0.001684893376
240303	0.000470162282
240304	4.848182613e-05
240305	0.000130560963
240306	0.0001438210426
240307	0.0002052579593
240308	0.0007161108465
240309	0.0003399271649
240310	0.0002639187154
240311	0.001254715254
240312	0.0001758877185
240313	0.0001664349895
240314	0.003267236321
240315	0.0006377182782
240316	1.679741067e-06
240317	0.0001857818562
240318	0.0001103774235
240319	0.0004168018997
240320	0.001258486129
240321	9.76749941e-05
240322	2.238680222e-05
240323	0.0006906868381
240324	0.0001732811181
240325	0.0007208930867
240326	0.0001886650742
240327	0.0001859329735
240328	0.001790303961
240329	0.0004571338891
240330	0.001051298039
240331	0.001679486076
240332	0.001397273742
240333	0.001000427031
240334	0.0001972058216
240335	0.001174445985
240336	0.0002362154878
240337	0.0004821222851
240338	0.0002059973046
240339	0.000247139389
240340	0.0004493384934
240341	0.0009455275249
240342	0.0009575464657
240343	0.001040367752
240344	1.922048228e-07
240345	9.141797394e-05
240346	0.0001758804238
240347	0.0006973413677
240348	0.000679220654
240349	0.002424467959
240350	0.0001228645732
240351	0.0003738174259
240352	0.001141902928
240353	0.00140621714
240354	0.0008313782515
240355	0.0007333761998
240356	0.0004282608616
240357	0.001227047129
240358	0.002113887729
240359	0.002176071647
240360	0.00200079319
240361	0.001949185407
240362	0.001032304144
240363	0.004134719466
240364	0.001343158269
240365	0.00109122528
240366	0.0004894972666
240367	0.0003945768028
240368	0.0005216624415
240369	0.0001554762475
240370	0.0004796925963
240371	0.0004381425624
240372	0.0005090364758
240373	0.0002949287281
240374	0.0003513791197
240375	0.00039363126
240376	0.001212755189
240377	0.0003737268925
240378	0.0004541772835
240379	0.0006237835659
240380	0.0007301531473
240381	0.0002503292678
240382	0.0005346688706
240383	0.0004785917578
240384	0.0005503959101
240385	0.001787439386
240386	0.0005175586427
240387	0.001924409673
240388	0.003835437467
240389	0.002396138763
240390	0.001922950754
240391	0.001963794676
240392	0.0004481716993
240393	0.0005877166727
240394	0.002685243322
240395	0.002659727525
240396	0.001277368466
240397	0.002397384432
240398	0.001851672669
240399	0.0007088070488
240400	0.001608288995
240401	0.0002139710687
240402	0.0005162143211
240403	0.001658526993
240404	0.0008413835993
240405	0.001665334596
240406	0.001420298127
240407	0.001994728163
240408	0.0002034352433
240409	0.0007644150611
240410	0.001579852708
240411	0.0007946397173
240412	0.001663526082
240413	0.001803714607
240414	0.002128219024
240415	0.00235862777
240416	0.001291634432
240417	0.001659379337
240418	0.00114018501
240419	0.0007317349171
240420	0.002164789104
240421	0.0003718611881
240422	0.001452236493
240423	0.001245187286
240424	0.0009142288934
240425	0.001522697519
240426	0.001281010338
240427	0.002314504731
240428	0.003038333428
240429	0.001494821373
240430	0.001502844485
240431	0.0004681207001
240432	0.001036602969
240433	0.0001682395417
240434	0.0009009990293
240435	0.001775157105
240436	0.001204879079
240437	0.0009404280642
240438	0.001115014421
240439	0.001192630513
240440	0.001229452034
240441	0.00113774693
240442	0.0008881628394
240443	0.0007192486963
240444	0.0003907704107
240445	0.001189771523
240446	0.00103040779
240447	0.001211877692
240448	0.001363997672
240449	0.00135803662
240450	0.001099030037
240451	0.001059623819
240452	0.001262305441
240453	0.001106601278
240454	0.00111853927
240455	0.001318643874
240456	0.0004575030339
240457	0.000991754853
240458	0.001112908447
240459	0.001181060731
240460	0.0008543756777
240461	0.001161384609
240462	0.001174058326
240463	0.0008656640291
240464	0.0007859021055
240465	0.001274153226
240466	0.0009298439471
240467	0.0009759984229
240468	0.0008243490429
240469	0.001027375175
240470	0.001222409048
240471	0.001118379646
240472	0.0009937407255
240473	0.0009857095572
240474	0.0009960889137
240475	0.001258896022
240476	0.001981228213
240477	0.004623432151
240478	0.003147451141
240479	0.004139636396
240480	0.003365081823
240481	0.002244851213
240482	0.002097322567
240483	0.001441930756
240484	0.002948267387
240485	0.001044374114
240486	0.001788565391
240487	0.001833741502
240488	0.001854121402
240489	0.001811918308
240490	0.002108403247
240491	0.0009235233435
240492	0.001365501582
240493	0.001293466593
240494	0.001884692059
240495	0.002658302287
240496	0.0005941735337
240497	0.001519244723
240498	0.001979634469
240499	0.002153244175
240500	0.0002767741373
240501	0.001299941303
240502	0.001681267339
240503	0.001958339509
240504	0.001694764409
240505	0.001371990033
240506	0.0009809308821
240507	0.001367280573
240508	0.0008811421897
240509	0.002060838393
240510	0.001256958804
240511	0.0005793191394
240512	0.001224814335
240513	0.000591215194
240514	0.0005608078024
240515	0.0002365435628
240516	0.0003726509338
240517	0.0003170822775
240518	0.0007911405489
240519	0.001162619689
240520	0.001051518899
240521	0.0004158107998
240522	0.0009714383771
240523	0.0006667545272
240524	0.001944988739
240525	0.0007857763654
240526	0.002724798179
240527	0.001380220825
240528	0.0005866607583
240529	0.001865168281
240530	0.001816967623
240531	0.001109116686
240532	0.0007138866864
240533	0.001481176855
240534	0.001397486238
240535	0.001683472085
240536	0.001432121314
240537	0.001946882962
240538	0.001665877892
240539	0.001873520373
240540	0.0003618807796
240541	0.0008528236611
240542	0.002796350633
240543	0.001955495002
240544	0.001203196031
240545	0.002193072199
240546	0.0005176183537
240547	0.0007249178071
240548	0.001587418428
240549	0.002217655556
240550	0.001308695737
240551	0.002177885217
240552	0.004070551931
240553	0.004736140221
240554	0.004244868835
240555	0.004396633084
240556	0.004400427278
240557	0.004606264442
240558	0.00434242574
240559	0.001732261289
240560	0.001627129833
240561	0.001736909273
240562	0.004660865623
240563	0.004101055458
240564	0.003836921057
240565	0.003932938976
240566	0.003475324717
240567	0.003553019582
240568	0.00370736431
240569	0.004234410648
240570	0.002272509886
240571	0.003624792884
240572	0.003496571327
240573	0.004343383675
240574	0.004308652492
240575	0.004388723069
240576	0.002322364761
240577	0.004497479057
240578	0.004154273559
240579	0.003626896133
240580	0.003391303577
240581	0.004160452234
240582	0.002881136924
240583	0.001925862692
240584	0.004733015955
240585	0.003077885474
240586	0.004295837963
240587	0.003842839411
240588	0.003558235913
240589	0.004015548574
240590	0.003958009352
240591	0.004035074826
240592	0.003996838074
240593	0.004047880277
240594	0.004182174538
240595	0.002813232928
240596	0.003235219337
240597	0.003394262042
240598	0.003391011005
240599	0.002424404047
240600	0.002876916335
240601	0.003139665483
240602	0.003386451467
240603	7.758596322e-05
240604	0.00185711733
240605	0.002278356563
240606	0.002552977244
240607	0.002446059069
240608	0.002794291063
240609	0.002693705844
240610	0.002759834398
240611	0.001953839531
240612	0.002322532505
240613	0.002948270974
240614	0.002917545003
240615	0.002114049026
240616	0.001176945402
240617	0.002881315954
240618	0.002841386878
240619	0.001046492374
240620	0.001609056497
240621	0.002346875597
240622	0.002709997888
240623	0.003264690737
240624	0.002392634317
240625	0.002257924761
240626	0.001630783537
240627	0.000788958635
240628	0.002078202843
240629	0.001701283905
240630	0.0007621759834
240631	0.001265896553
240632	0.002127350197
240633	0.0004745137877
240634	0.002261265773
240635	9.490807558e-05
240636	0.00174608013
240637	0.001901465126
240638	0.0002496568784
240639	0.0007729468462
240640	0.002974436848
240641	0.003111874187
240642	0.002707321034
240643	0.002368237588
240644	0.002071106456
240645	0.00195748515
240646	0.0003118169814
240647	0.003518479218
240648	0.001503673982
240649	0.001212245441
240650	0.0009803609627
240651	0.001253471218
240652	0.0006334381104
240653	0.001692527764
240654	0.0008480067798
240655	0.001177721373
240656	0.0005692321229
240657	0.0001414201534
240658	0.0009758488779
240659	0.0009362719023
240660	0.00130534199
240661	0.002422250478
240662	0.002355152831
240663	0.002174308859
240664	0.002262400688
240665	0.001659451156
240666	0.00211671903
240667	0.00231451411
240668	0.001354466524
240669	0.001909747484
240670	0.001038327455
240671	0.001048057828
240672	0.0009877834235
240673	0.003553533426
240674	0.001537050638
240675	0.002401916032
240676	0.002043806458
240677	0.0004566155429
240678	0.001986854652
240679	0.001345128136
240680	0.0003146140211
240681	0.001137017521
240682	0.0007534110827
240683	0.002197386983
240684	0.002225977127
240685	0.00186002932
240686	0.003185984654
240687	0.001589605475
240688	0.004080055297
240689	0.002324065863
240690	0.0001700317303
240691	0.002679260246
240692	0.0004676714024
240693	0.002538476177
240694	0.001195180921
240695	0.0005174066927
240696	0.001587161052
240697	0.002186852466
240698	0.001742277719
240699	0.002502588183
240700	0.002282027125
240701	0.002723345332
240702	0.002287502389
240703	0.001948899694
240704	0.001758139938
240705	0.0003797058309
240706	0.001396483636
240707	0.001958265391
240708	0.001902857254
240709	0.001578234225
240710	0.003492761532
240711	0.002170270223
240712	0.001079863941
240713	0.001374112565
240714	0.003868817935
240715	0.002055457055
240716	0.003348185659
240717	0.002052380931
240718	0.001999174849
240719	0.002052315873
240720	0.003554365644
240721	0.00146983941
240722	0.002545831208
240723	0.002585519082
240724	0.002080359216
240725	0.002302585764
240726	0.001727541714
240727	0.002517521117
240728	0.002007311238
240729	0.002140142976
240730	0.001435623012
240731	0.001844805266
240732	0.002166849399
240733	0.002374644832
240734	0.001974658122
240735	0.002464082078
240736	0.002813680061
240737	0.001755692212
240738	0.001646548803
240739	0.002008014682
240740	0.002198348697
240741	0.002748185295
240742	0.002761616387
240743	0.002079564433
240744	0.00216651697
240745	0.001924174466
240746	0.002953969178
240747	0.002611871595
240748	0.002507983607
240749	0.002868687493
240750	0.001333417122
240751	0.001730026211
240752	0.002264458084
240753	0.001923481739
240754	0.001458478975
240755	0.001850604866
240756	0.002561456056
240757	0.002188751354
240758	0.001268640754
240759	0.002410643772
240760	0.002125267684
240761	0.0001131385882
240762	0.0007181293398
240763	0.001806961444
240764	0.002320099939
240765	0.00161925622
240766	0.002038600164
240767	9.274148577e-05
240768	0.0001753268029
240769	0.002010896506
240770	0.0002953738635
240771	0.001239847037
240772	0.001334646994
240773	0.002309511181
240774	8.113853539e-05
240775	0.0006426023532
240776	0.0003011469863
240777	0.001967515335
240778	0.0006241502724
240779	0.0003643702304
240780	0.0004036780459
240781	0.0009235485446
240782	0.00109730614
240783	0.0002046297174
240784	0.0001582546453
240785	0.0008540700917
240786	0.001144137166
240787	0.0004461409981
240788	0.001459649396
240789	0.0004745001928
240790	0.0002844679674
240791	9.524723159e-05
240792	0.002207981254
240793	0.0005834490532
240794	0.0003469608082
240795	0.0009336646946
240796	0.0001635306524
240797	0.0003410257592
240798	0.0002818680863
240799	0.0005458851108
240800	0.0009206942383
240801	0.00106539748
240802	0.0003390255748
240803	0.002156929729
240804	0.001889247994
240805	0.001565750933
240806	0.001253323884
240807	0.002159336621
240808	0.001930185497
240809	0.002167962205
240810	0.002405816765
240811	0.002005794225
240812	0.001061050439
240813	0.002507031632
240814	0.002083993632
240815	0.001404946586
240816	0.00192471977
240817	0.001868207618
240818	0.002239005765
240819	0.002365198647
240820	0.002085917515
240821	0.001734718954
240822	0.002487087159
240823	0.002097700876
240824	0.002347294975
240825	0.002098444654
240826	0.001982350973
240827	0.002091251846
240828	0.002394917896
240829	0.00263718557
240830	0.001375987007
240831	0.00155656111
240832	0.002498080429
240833	0.001756135597
240834	0.001422527999
240835	0.002037118757
240836	0.001510040444
240837	0.002281171149
240838	0.002209873349
240839	0.002157945911
240840	0.002105829283
240841	0.0006962890047
240842	0.001253609307
240843	0.0001735162389
240844	0.001052375779
240845	0.0008007791867
240846	0.0008890408878
240847	0.0009191722657
240848	0.001398080013
240849	0.001237295792
240850	0.0008984582949
240851	0.0006426876515
240852	0.001456855303
240853	0.00108994568
240854	0.001026393533
240855	0.0008011443458
240856	0.001172857604
240857	0.0003579953454
240858	4.460560211e-05
240859	0.001677220659
240860	0.0007609976764
240861	0.001006708944
240862	0.000811488636
240863	7.559969696e-06
240864	0.00143266863
240865	0.001376737262
240866	0.001579078961
240867	0.001534105554
240868	0.001008576278
240869	0.001220735132
240870	0.001129571203
240871	0.0004925983253
240872	0.0009746812034
240873	0.0005535426497
240874	0.0007084575329
240875	0.001267887
240876	0.001503809512
240877	1.762702817e-05
240878	0.001399978453
240879	0.002009043932
240880	0.00175485404
240881	0.001182930373
240882	0.002314112019
240883	0.002443239255
240884	0.002131875555
240885	0.00181820402
240886	0.0006286495573
240887	0.001323582254
240888	0.002328631049
240889	0.001750151856
240890	0.00208034137
240891	0.001687805482
240892	0.001626169114
240893	0.001288458636
240894	6.723409268e-06
240895	0.00166514217
240896	6.303269952e-05
240897	0.000691728394
240898	0.001494976844
240899	0.002870212159
240900	0.001120007897
240901	0.001293276897
240902	0.0006812471588
240903	0.001226824424
240904	0.003586749213
240905	0.0009863620844
240906	0.00137320961
240907	0.0004115091323
240908	0.001765651137
240909	0.001616917912
240910	0.0009501555551
240911	0.0003618040889
240912	0.002853603293
240913	0.0005545923769
240914	0.0001799435943
240915	0.0008969255035
240916	0.002121247514
240917	0.001084431506
240918	5.927102701e-05
240919	0.0007510949349
240920	0.0006089216846
240921	0.0002795648067
240922	0.0009183666766
240923	0.0003918203224
240924	0.00204960464
240925	0.001134484752
240926	0.00129348316
240927	0.0006101728086
240928	0.000969028521
240929	0.0007903039267
240930	0.0021554768
240931	0.0001774953248
240932	0.0006276758444
240933	0.0007415833945
240934	0.0006808204464
240935	0.0009141237187
240936	0.0008437291953
240937	0.0007099111467
240938	0.0006560266572
240939	0.0006369926277
240940	0.00118388173
240941	0.001312349257
240942	0.001113425334
240943	0.001306319374
240944	0.001392245262
240945	0.0007696969787
240946	0.0004980546575
240947	0.0002447288492
240948	0.000857376752
240949	0.0009234769093
240950	0.0008807433154
240951	0.000634903104
240952	0.00149400344
240953	0.001055851466
240954	0.0009728756885
240955	0.0007039415416
240956	0.001330292067
240957	6.25798217e-05
240958	0.0004556587511
240959	0.001400616719
240960	0.00144315703
240961	0.0009091264359
240962	0.000288258964
240963	0.0004154419424
240964	0.001051557124
240965	0.0008710781997
240966	1.962007502e-05
240967	0.0009695854918
240968	0.001663407512
240969	0.0005716166234
240970	0.0009128060108
240971	0.001658308318
240972	0.001475645084
240973	0.001639665245
240974	0.0009707753874
240975	0.001179348009
240976	5.870116419e-05
240977	0.001400405223
240978	0.001518192969
240979	0.0007978636527
240980	0.00115460792
240981	0.000202361248
240982	0.000691178428
240983	0.001352132605
240984	0.00127748947
240985	0.001299738949
240986	0.001208133014
240987	0.001228283592
240988	0.001119372258
240989	0.001156556142
240990	0.001684892458
240991	0.001640947353
240992	0.000403950719
240993	0.001486429399
240994	0.001033172011
240995	0.001465768075
240996	0.002023612399
240997	0.001289509327
240998	0.001368526855
240999	0.00146500926
241000	0.001896748765
241001	0.0002578113547
241002	0.002135379299
241003	0.0007506824636
241004	0.001088183377
241005	0.00115559151
241006	0.0003582725073
241007	0.001617764178
241008	0.001325140541
241009	0.002347456584
241010	0.0003770784545
241011	0.0003770956529
241012	0.0007256171009
241013	0.0007028665551
241014	0.0006636643299
241015	0.0006195684954
241016	6.574922333e-05
241017	0.0002454470463
241018	1.059850951e-05
241019	0.0004132354853
241020	0.0002418185629
241021	0.0003115950961
241022	0.0002996219911
241023	0.0006120302255
241024	0.000484061293
241025	0.0004176579126
241026	0.0001550255442
241027	0.0001105366783
241028	0.0004195217825
241029	0.0004197530794
241030	0.0004154462122
241031	2.221453877e-05
241032	0.0003668572889
241033	1.096861338e-05
241034	0.0007209128446
241035	0.0008213195089
241036	0.001783578369
241037	0.0009346248475
241038	0.001665667943
241039	0.001688836236
241040	0.001232539747
241041	0.001647801559
241042	0.001903802519
241043	0.000411928485
241044	0.001635615881
241045	0.001733610205
241046	0.001555475019
241047	0.001699966546
241048	0.001088762777
241049	0.0009518237205
241050	0.001213609669
241051	0.001250746599
241052	0.00260663234
241053	0.001778476438
241054	0.001435932865
241055	0.001784276489
241056	0.002362481945
241057	0.001957958269
241058	0.001543110351
241059	0.001679385102
241060	0.001620817256
241061	0.001250591725
241062	0.001596698082
241063	0.001686900928
241064	0.001765851739
241065	0.0004763371426
241066	0.0002022715704
241067	0.0006287246611
241068	0.00102826147
241069	0.0008934901493
241070	0.001491827835
241071	0.00119558723
241072	0.001437469179
241073	0.00162012995
241074	0.001712067691
241075	0.0005313652601
241076	0.001329401061
241077	0.001074211007
241078	0.0004554247262
241079	0.0005330664768
241080	0.001200872807
241081	0.0016420526
241082	0.001617769728
241083	0.001554060656
241084	0.001114981288
241085	0.001436870425
241086	0.001363370965
241087	0.001428491881
241088	0.001360588418
241089	0.002034949033
241090	0.001652528784
241091	0.001615240237
241092	0.001368296192
241093	0.002089210524
241094	0.001463395825
241095	0.001436837832
241096	0.001610676493
241097	0.001579097461
241098	0.001658157565
241099	0.001508092531
241100	0.00125120942
241101	0.0009366449383
241102	0.001655317148
241103	0.001940259519
241104	0.001766969821
241105	0.001637301295
241106	0.002004070775
241107	0.001997631618
241108	0.002392985359
241109	0.002121705108
241110	0.001391369468
241111	0.001262020291
241112	0.001668171954
241113	0.001888590211
241114	0.001382473498
241115	0.001591826754
241116	0.001535261333
241117	0.001282525046
241118	0.001119369784
241119	0.001609988707
241120	0.001414370038
241121	0.001492043232
241122	0.001321919989
241123	0.001845972881
241124	0.001267659661
241125	0.0008814684075
241126	0.001694248372
241127	0.001338442414
241128	0.00140440628
241129	0.001435197077
241130	0.002522521407
241131	0.001824965821
241132	0.001600308246
241133	0.001505312375
241134	0.0008638087778
241135	0.001767103067
241136	0.00153314303
241137	0.001552157305
241138	0.001554654357
241139	0.001365471738
241140	0.00163561486
241141	0.001610816583
241142	0.001114001732
241143	0.0008074517069
241144	0.0007641355283
241145	0.001549185603
241146	0.001395369499
241147	0.001486598832
241148	0.001600657771
241149	0.001671477336
241150	0.0007269624173
241151	0.002060087355
241152	0.002404714582
241153	0.002172674399
241154	0.001955042096
241155	0.002171906074
241156	0.002418519168
241157	0.002147239609
241158	0.002267964097
241159	0.00253547647
241160	0.001645344768
241161	0.001924305589
241162	0.001623532588
241163	0.001877578158
241164	0.00205294279
241165	0.00284804219
241166	0.001393916775
241167	0.001995672442
241168	0.001645522455
241169	0.002548468558
241170	0.002431594482
241171	0.002431052493
241172	0.002216257351
241173	0.0003510333814
241174	0.002028355482
241175	0.00218007299
241176	0.002328379878
241177	0.002747364813
241178	0.001763725353
241179	0.001171948946
241180	0.001116578775
241181	0.001918568873
241182	0.001506760967
241183	0.001759852967
241184	0.002759458249
241185	0.002291160471
241186	0.0009300664487
241187	0.00291939102
241188	0.002872965229
241189	0.00328849448
241190	0.00155664231
241191	0.002273214164
241192	0.002249766303
241193	0.001872684874
241194	0.001242878898
241195	0.0009204994255
241196	0.001242880224
241197	0.001326203739
241198	0.001199748006
241199	0.001120858431
241200	0.001293889721
241201	0.001112049979
241202	0.001109481217
241203	0.0006998548808
241204	0.0008040313832
241205	0.0009032867306
241206	0.0004624140371
241207	0.0006135977704
241208	0.001176032427
241209	0.001128024008
241210	0.001078567544
241211	0.001062285849
241212	0.001272168491
241213	0.0009721470999
241214	0.001046613314
241215	0.001049548062
241216	0.00125536256
241217	0.001283386098
241218	0.001065878114
241219	0.0001470338174
241220	0.0002896152245
241221	0.001073434269
241222	0.0005870993745
241223	0.0002962827283
241224	0.0004251824603
241225	0.0002866117195
241226	0.001024686914
241227	0.0007791217486
241228	0.0001069633813
241229	0.0001457424957
241230	0.001350980161
241231	0.003416911989
241232	0.0006008132759
241233	2.674051717e-05
241234	0.001063466027
241235	0.001237821657
241236	0.0003162987522
241237	0.0002805806352
241238	0.0005231717342
241239	0.0001272820618
241240	0.0005900888316
241241	0.001043533353
241242	0.0002727480711
241243	0.0003534649406
241244	0.0009259041112
241245	0.001017230183
241246	0.002343486166
241247	0.001320594478
241248	0.0001119865995
241249	0.0004513072791
241250	0.0002072813846
241251	0.0002462830748
241252	0.002569588014
241253	0.000607304518
241254	0.001343744541
241255	0.0003948775484
241256	0.0006762887301
241257	0.0004766388364
241258	0.0002727487801
241259	0.0004294989486
241260	0.0004080272113
241261	0.0004830588732
241262	0.001096358187
241263	0.0003692731095
241264	1.154894819e-05
241265	0.0005013628055
241266	0.0004558371247
241267	0.0005170733601
241268	0.000686874622
241269	0.001100799779
241270	0.0001779226488
241271	7.702811477e-05
241272	0.0004642638484
241273	0.0009023457328
241274	0.0003142088666
241275	0.002673141736
241276	0.0006492800154
241277	0.000316329497
241278	0.0003987033671
241279	0.0007203847188
241280	0.0004925899403
241281	0.0008458423867
241282	0.0001546870704
241283	0.002560632653
241284	0.001977235455
241285	0.002538922914
241286	0.00210129613
241287	0.001040341719
241288	0.002382910075
241289	0.002343477452
241290	0.00217392219
241291	0.001677345659
241292	0.002336498022
241293	0.0009959648552
241294	0.0008748094519
241295	0.0006120325409
241296	0.0007289115784
241297	0.0007271855773
241298	0.0003418644398
241299	0.0003643361484
241300	0.0006512074335
241301	0.000391189392
241302	9.174046694e-05
241303	0.0002094912806
241304	0.0003403015177
241305	0.0005709878987
241306	0.000227707829
241307	0.0006527033276
241308	0.0006813279511
241309	0.0006255652736
241310	0.0006171084202
241311	0.0006400964477
241312	0.0002375189492
241313	0.000304012313
241314	0.0006841645105
241315	0.0005732768907
241316	0.0006112615819
241317	0.0006639574076
241318	0.0004352150154
241319	0.00114301626
241320	8.709419874e-05
241321	0.0003006867949
241322	0.0009031178785
241323	0.003357225048
241324	0.003562881615
241325	0.001918827878
241326	0.002848312666
241327	0.004350418835
241328	0.003777721074
241329	0.003552946345
241330	0.003242696845
241331	0.003113068597
241332	0.003434283771
241333	0.00301666639
241334	0.003021343342
241335	0.0008715060492
241336	0.003395990706
241337	0.003326024376
241338	0.002978842307
241339	0.003204678044
241340	0.001321906435
241341	0.001643029285
241342	0.00184394791
241343	0.002363174951
241344	0.001695467261
241345	0.001394985326
241346	0.004926212148
241347	0.002246227914
241348	0.0009714654539
241349	0.003232584515
241350	0.0007410224734
241351	0.001124502924
241352	0.0009450215223
241353	0.0004323652075
241354	0.0006049282134
241355	0.0002225331717
241356	0.0008822792416
241357	0.0004226355446
241358	0.002384029213
241359	0.001729023994
241360	0.001611731209
241361	0.0008447788832
241362	0.001007878627
241363	0.0007210569749
241364	0.0004368353961
241365	0.001760114806
241366	0.002334810645
241367	0.001207181698
241368	0.0002967266063
241369	0.0009949172667
241370	0.001233269037
241371	0.001147569048
241372	0.003993154297
241373	0.003854830928
241374	0.002223944865
241375	0.001693447514
241376	0.001443980581
241377	0.00112224023
241378	0.002034254372
241379	0.0007500309992
241380	6.293884277e-05
241381	0.0007260374064
241382	0.001067752471
241383	0.001408897644
241384	0.0003120817766
241385	0.0007847260128
241386	0.0007813834619
241387	0.0004532916538
241388	0.0008359441323
241389	0.00262757925
241390	0.004418755275
241391	0.00264585605
241392	0.00269848241
241393	0.003582335886
241394	0.003423239747
241395	0.004330321921
241396	0.001458712419
241397	0.0006976690826
241398	0.001678991344
241399	0.0006177431176
241400	0.0005184068377
241401	0.001602161238
241402	0.0008590528303
241403	0.0007289893405
241404	0.001076135095
241405	0.001430898005
241406	0.0001699673771
241407	0.001512717313
241408	0.001428981306
241409	0.001085090812
241410	0.0008703649504
241411	0.0004816886329
241412	0.0009519420631
241413	0.0003690423537
241414	0.0005748785398
241415	0.0008722810615
241416	0.0008915100513
241417	0.0003262208695
241418	0.00058082854
241419	0.0008163995686
241420	0.0006626792978
241421	0.0006776638321
241422	0.0009517983842
241423	0.0006197617429
241424	0.0008645060528
241425	0.0009749850632
241426	0.0008764070823
241427	0.001225265895
241428	0.0006422819741
241429	0.000653616693
241430	0.0005069240594
241431	0.0007052802993
241432	0.001123428434
241433	0.0009142778098
241434	0.0006708387473
241435	0.0004868060663
241436	0.000488702695
241437	0.0001771306305
241438	0.0002249432692
241439	0.0009697647633
241440	0.001591682515
241441	0.0003152702417
241442	0.002145850627
241443	0.002694176562
241444	0.002756722835
241445	0.002344384403
241446	0.001079377325
241447	0.0001744062772
241448	0.0004497544722
241449	0.0005072322607
241450	0.0005771153398
241451	0.0004863961115
241452	0.0001346698988
241453	0.0002953942683
241454	0.0008302887334
241455	0.0005234142389
241456	0.001085067414
241457	0.002009048735
241458	0.0006750684408
241459	0.0002835877066
241460	0.0002054558803
241461	0.0001001562681
241462	0.0009602713365
241463	0.00105143989
241464	0.001139383241
241465	0.0001784212795
241466	0.0006320940356
241467	0.0008198384188
241468	0.0009322126645
241469	0.001903712014
241470	0.0003529140109
241471	0.0004949584842
241472	0.000795731897
241473	0.0005499215826
241474	0.001749382512
241475	0.0007447358175
241476	0.000498570598
241477	0.0006572492012
241478	0.0002510265547
241479	0.0006400259797
241480	0.0009567897171
241481	0.001420219818
241482	0.0005051705451
241483	0.001476514698
241484	9.236081154e-05
241485	0.0004683433068
241486	0.0003788815473
241487	0.0001952645922
241488	0.001559755986
241489	0.0006707281077
241490	0.0007628805889
241491	0.0006449365757
241492	0.0007483782332
241493	0.00308915557
241494	0.0009456108825
241495	0.001869364061
241496	0.0009703809629
241497	0.000139936544
241498	0.0003786589189
241499	0.00163515681
241500	0.002986610532
241501	0.001643406472
241502	0.0007352832731
241503	0.0005544700589
241504	0.0006010186957
241505	0.0006437803296
241506	5.156830254e-05
241507	0.002354786835
241508	2.498201759e-05
241509	0.0003546655818
241510	0.001071573608
241511	0.0002996447235
241512	0.001938895492
241513	0.0006438655455
241514	0.0003508660186
241515	0.002743253642
241516	0.0008940901644
241517	0.0002248807207
241518	0.0004925472263
241519	0.0005075724761
241520	0.0004479836794
241521	0.001223839254
241522	0.0005704837407
241523	0.0002373703832
241524	0.00224747784
241525	0.0008086314105
241526	0.001105723476
241527	0.00101035965
241528	0.0007259421702
241529	0.0006193912641
241530	0.001802946169
241531	0.0009408279206
241532	0.0004482329564
241533	0.0004395583649
241534	0.0006981301966
241535	0.000325113823
241536	0.001367267645
241537	0.0002005810186
241538	0.0006369864935
241539	0.0002539956176
241540	0.0004955587359
241541	0.00194819414
241542	0.001387189843
241543	0.0002540464061
241544	1.925294436e-05
241545	0.0005935497448
241546	0.0002937616463
241547	0.0004542808875
241548	0.0007978208964
241549	0.001124368328
241550	0.001468061559
241551	0.00111908849
241552	4.466282421e-05
241553	0.001319877841
241554	0.001329160547
241555	0.0009890782187
241556	0.0009879435813
241557	0.0005295903856
241558	0.001891762209
241559	0.0006242999903
241560	0.0009325113825
241561	0.002181246429
241562	0.0009202124771
241563	0.0006712825289
241564	0.0009289382662
241565	0.0004649221459
241566	0.000100731471
241567	0.000890684235
241568	0.0001953376973
241569	0.0003320431233
241570	0.001369534949
241571	0.0007342121039
241572	0.001567236755
241573	0.0001155210437
241574	0.0003411591863
241575	0.0008247627248
241576	0.0002133601496
241577	0.0002198968268
241578	0.0003027128874
241579	0.0004245782097
241580	0.001872838777
241581	0.001018370273
241582	0.0008992643323
241583	0.0001339117299
241584	0.0004225119293
241585	0.0009043796185
241586	0.0001537618539
241587	0.0002084292376
241588	0.002476397444
241589	0.000472234562
241590	0.001216617802
241591	0.0004142161441
241592	3.973693131e-05
241593	0.0002879832562
241594	0.0006474946082
241595	0.001722466378
241596	0.0007123227876
241597	0.003026565225
241598	0.0009680890251
241599	0.002455828578
241600	0.001330301274
241601	0.0002560053819
241602	2.829869195e-05
241603	0.001088876672
241604	0.000167516297
241605	0.0001927913617
241606	0.0004990243073
241607	0.0003464776929
241608	7.181090869e-05
241609	0.0007262770166
241610	0.000288873268
241611	0.0002355321456
241612	0.000169504277
241613	3.808829168e-06
241614	0.0004504769055
241615	0.00103531984
241616	0.0006740955029
241617	0.0002457529698
241618	0.0001373618027
241619	0.0008516552341
241620	0.001780405463
241621	0.001635355095
241622	0.0009065082684
241623	0.001438285388
241624	0.0004174437568
241625	0.0005378288623
241626	0.0007289801147
241627	0.0007388635133
241628	0.0002698827418
241629	0.0009014755823
241630	0.001007066859
241631	0.0004491418348
241632	0.0001190118115
241633	0.0009488425851
241634	0.0006071718278
241635	0.0006138877037
241636	0.000568512211
241637	0.0006346353711
241638	0.0001170237316
241639	0.001349433817
241640	0.001009963881
241641	0.000298743392
241642	0.001073802393
241643	0.0002259883606
241644	0.0006844120667
241645	0.0004872159985
241646	0.0004836961321
241647	0.0004481165207
241648	0.0007597444734
241649	0.0009085936313
241650	0.0006309021657
241651	0.001496314855
241652	0.002088118957
241653	0.0007430142713
241654	0.0001102914433
241655	0.0005876933632
241656	0.001097498424
241657	8.431401618e-06
241658	0.001772462808
241659	0.00100231274
241660	0.001024882778
241661	0.001141295568
241662	0.0009775579706
241663	0.001678583425
241664	0.001499075788
241665	0.0004805949111
241666	0.0009274762708
241667	0.00101193992
241668	0.001424048185
241669	0.001828164993
241670	0.0003747359925
241671	0.0001142834461
241672	0.001151088091
241673	0.001308385051
241674	0.001229457464
241675	0.000368806657
241676	0.0001218198983
241677	0.001779633658
241678	0.0003681408678
241679	0.0009704474535
241680	0.0008500183094
241681	0.001422029806
241682	0.002616435194
241683	0.001711004209
241684	0.001454490769
241685	0.0009697396023
241686	0.0006535683523
241687	0.001225675014
241688	0.001934780612
241689	0.00121131938
241690	0.0013363992
241691	0.0007729538315
241692	0.001200492221
241693	0.001083546648
241694	0.0009961656743
241695	7.179800676e-05
241696	0.0009497316344
241697	0.0009872035113
241698	0.0007910240687
241699	0.001301952057
241700	0.00088787062
241701	0.001331263208
241702	0.0002164739284
241703	0.001132063581
241704	0.001219933869
241705	0.001086290001
241706	0.00010423987
241707	0.001008956056
241708	0.0001196728283
241709	0.0001473553096
241710	0.00114189629
241711	0.0007021280918
241712	0.0004523323309
241713	1.734064974e-05
241714	0.000641666848
241715	0.001473204292
241716	0.002937192224
241717	0.001258791351
241718	0.001468579562
241719	0.00144568058
241720	0.0004832801719
241721	0.000440806978
241722	0.0006276006643
241723	0.000291459995
241724	0.0005028182419
241725	0.0009813104172
241726	5.721523132e-05
241727	3.028208243e-05
241728	0.000428095077
241729	0.0005027575434
241730	0.0005235558916
241731	8.074752899e-05
241732	0.001824768009
241733	0.001577574781
241734	0.001803189421
241735	0.001764986736
241736	0.001803433462
241737	0.001987062707
241738	0.002177646395
241739	0.001999275003
241740	0.001872567497
241741	0.001794917801
241742	0.001920905801
241743	0.001475040516
241744	0.001780431142
241745	0.001540487849
241746	0.001861703405
241747	0.002041172994
241748	0.002154711674
241749	0.001996647963
241750	0.001946860399
241751	0.001392876529
241752	0.001808647649
241753	0.0003735362951
241754	0.0004717758231
241755	0.0007639107975
241756	0.001241036035
241757	0.0009776354997
241758	0.001819859405
241759	0.001663900273
241760	0.001704530728
241761	0.0008318334247
241762	0.0005991241197
241763	0.0007552379324
241764	0.001690284506
241765	0.001195488532
241766	0.001251708365
241767	0.0006136370507
241768	0.000141989111
241769	0.001770790738
241770	0.002166398045
241771	7.89290071e-05
241772	0.00020850263
241773	6.108459519e-05
241774	0.0002869469984
241775	0.00063432973
241776	0.001891278769
241777	0.0004130601507
241778	4.61841672e-05
241779	0.000576992073
241780	0.0004521741528
241781	0.0003069210622
241782	0.0005438614558
241783	0.0005016055998
241784	0.004316792776
241785	0.0007192032478
241786	0.0002589966728
241787	0.000285927643
241788	8.838020462e-05
241789	8.879042575e-05
241790	0.0002603225709
241791	0.0002302368414
241792	0.0008113705784
241793	0.0005804962649
241794	0.0003106148888
241795	5.583317181e-05
241796	0.0001279896483
241797	0.0005972796741
241798	0.0003121085234
241799	0.0001450700187
241800	0.0003098756778
241801	3.280977235e-05
241802	0.001933911972
241803	0.0004460643809
241804	0.0002882039078
241805	0.003194290662
241806	0.002053198049
241807	0.002683209145
241808	0.00268660569
241809	0.002724512413
241810	0.002627084133
241811	0.001833993479
241812	0.003248721778
241813	0.002461764827
241814	0.001528727706
241815	1.07482352e-05
241816	0.00152363204
241817	0.002747765025
241818	0.003230845898
241819	0.002988326495
241820	0.002988492139
241821	0.003058483778
241822	0.003519172623
241823	0.002532744185
241824	0.003159630956
241825	0.002996347669
241826	0.003179855406
241827	0.002954575032
241828	0.002292295034
241829	0.002805051418
241830	0.002814527513
241831	0.00259666382
241832	0.004091703261
241833	0.004055214997
241834	0.003509415422
241835	0.003176299526
241836	0.005204671637
241837	0.003017491966
241838	0.002520148033
241839	0.003104238017
241840	0.004376042718
241841	0.003594377783
241842	0.002406522828
241843	0.001367024457
241844	0.001508970358
241845	0.002369434693
241846	0.001540391145
241847	0.001100266788
241848	0.002640547852
241849	0.00239932475
241850	0.003181331352
241851	0.003213501836
241852	0.001260211251
241853	0.002366353231
241854	0.001819439118
241855	0.001121313357
241856	0.0001310372927
241857	0.002608329489
241858	0.000319490142
241859	0.002683928462
241860	0.002587533751
241861	0.0007903346524
241862	0.001525210903
241863	0.0006457355917
241864	0.0005797691483
241865	0.00104045057
241866	0.001587450314
241867	0.001463829948
241868	0.003598922553
241869	0.0007582059761
241870	0.001337382802
241871	0.001008408678
241872	0.001860182114
241873	0.002257226997
241874	0.001364668837
241875	0.001929847688
241876	0.001038689788
241877	0.001983461028
241878	0.002236438261
241879	0.0003540374266
241880	0.00259758873
241881	0.001664128325
241882	0.0001403816792
241883	0.0007210209231
241884	0.001937519584
241885	4.480794733e-05
241886	0.0006744264818
241887	0.0007998160631
241888	0.001274190818
241889	0.0006759989996
241890	0.0003582330989
241891	0.0006377967401
241892	0.003982562776
241893	0.0008886151089
241894	0.0007963516015
241895	3.718193594e-05
241896	0.0001062269508
241897	0.0001037222632
241898	0.001359125717
241899	0.002462212103
241900	7.731423629e-05
241901	0.0004890003695
241902	0.0004638947806
241903	0.0014227262
241904	0.0002138665713
241905	0.0004790748602
241906	0.0001146493537
241907	0.0003691980229
241908	0.002044448187
241909	0.0006621545579
241910	0.000381463419
241911	0.0001303180935
241912	0.0008562168619
241913	0.0001488302089
241914	2.953688658e-05
241915	0.000173107323
241916	0.0008519706118
241917	0.0001874393791
241918	0.0004322813599
241919	0.0006918376185
241920	0.0005189053888
241921	0.0003251601088
241922	0.0007558723285
241923	0.000304581084
241924	0.0004462383919
241925	0.0006218530388
241926	0.0005453496275
241927	0.0002154105588
241928	0.0005145140373
241929	0.0006652944421
241930	0.0006320785857
241931	0.0001190001144
241932	0.0002762471019
241933	0.0008913841867
241934	0.0004767766808
241935	0.0001587775486
241936	0.0003282063492
241937	0.001009507258
241938	0.0001025365977
241939	0.0001744867233
241940	0.0003131644184
241941	0.000248416578
241942	0.0007850769527
241943	0.001617691917
241944	0.00062209693
241945	0.0004990161606
241946	0.001031831178
241947	0.0002212529449
241948	8.493498558e-05
241949	0.0001536649743
241950	0.0004221455144
241951	0.0005658769458
241952	0.000350922415
241953	9.187509881e-05
241954	0.0001159099146
241955	0.0006054231279
241956	0.0009092352902
241957	0.002759591706
241958	5.761335034e-05
241959	0.0002562969624
241960	0.000582954924
241961	0.0007667949289
241962	0.0005597521329
241963	0.0007627219413
241964	0.0001833165676
241965	0.0003339246323
241966	0.0002853437079
241967	9.338673603e-06
241968	5.405856744e-05
241969	0.0001739989395
241970	0.001303251523
241971	0.0004009983245
241972	0.001722225658
241973	0.0005085309208
241974	0.0008794462444
241975	8.705266042e-05
241976	0.0007918439918
241977	0.001475622945
241978	0.001457078103
241979	0.001602787626
241980	0.001401987566
241981	0.0005168150349
241982	0.0008440272209
241983	0.001419463814
241984	0.001641905701
241985	0.0009580498001
241986	0.001138882971
241987	0.0008739546383
241988	0.0008271802135
241989	0.001430492994
241990	0.002817151473
241991	0.0002788681445
241992	0.0004983259352
241993	0.0007655844151
241994	0.001561564885
241995	0.001497901238
241996	0.0003426822012
241997	0.001414381701
241998	0.001937727918
241999	0.001038848967
242000	0.0008215039753
242001	0.0005681722668
242002	0.001262757512
242003	0.001449073709
242004	0.001609768613
242005	0.0009653541184
242006	0.0007411565607
242007	0.0008691544036
242008	0.0009281880733
242009	3.146320476e-06
242010	0.001114962899
242011	0.001574729484
242012	0.001009775849
242013	0.0008329107146
242014	0.001519206222
242015	0.0008545864874
242016	0.001068014521
242017	0.0008477509241
242018	0.001271650082
242019	0.001260484442
242020	0.0009625085174
242021	0.0001824976559
242022	0.002859987923
242023	0.0008614929049
242024	0.0008338471551
242025	0.002098780104
242026	0.003413314347
242027	0.002997714249
242028	0.004711038427
242029	0.003347599115
242030	0.004478888281
242031	0.003748962325
242032	0.004402110444
242033	0.00464381242
242034	0.003627316917
242035	0.0007790491631
242036	0.0005861228008
242037	0.001788450483
242038	0.002084804841
242039	0.001098221458
242040	0.0004202281336
242041	0.0003641361022
242042	0.0005729823684
242043	0.0002473040667
242044	4.74340966e-07
242045	0.0001778605166
242046	0.0007000343392
242047	0.001460592
242048	7.41722349e-05
242049	8.504116476e-05
242050	0.003377054471
242051	0.000649778256
242052	0.00279138764
242053	0.0008372984621
242054	0.001841266616
242055	0.001777777163
242056	0.001254493211
242057	0.0002782430437
242058	0.001697273211
242059	0.001387540041
242060	0.001059336625
242061	0.00191944387
242062	0.001350922454
242063	0.002851285472
242064	0.002303726673
242065	0.0007256943073
242066	0.001627472417
242067	0.00172193005
242068	0.001014441344
242069	0.004670141563
242070	0.0003606330332
242071	0.001079455351
242072	0.002413840743
242073	0.002599482936
242074	0.0009085260187
242075	0.001503378934
242076	0.0009094795427
242077	0.000839323821
242078	0.001046164789
242079	0.0003256563486
242080	0.001029940205
242081	0.001084701222
242082	0.0006537069653
242083	0.002394420518
242084	0.001082038406
242085	0.0005148019365
242086	0.001369525513
242087	0.00222502671
242088	0.002588658424
242089	0.0005646888299
242090	0.004364014371
242091	0.00504775309
242092	0.0004168995
242093	0.0003800984719
242094	0.0005390437678
242095	0.002494600447
242096	0.002923604886
242097	0.0003001499206
242098	0.001769449289
242099	0.003894612418
242100	0.002354775453
242101	0.001655884901
242102	0.001178513006
242103	0.0002507731694
242104	0.0001995645649
242105	0.0004690266049
242106	0.001545961542
242107	0.0007137157455
242108	0.00201153872
242109	6.625475069e-05
242110	0.005042966152
242111	0.002263160712
242112	0.000427857247
242113	0.0001602178564
242114	0.0004228675958
242115	0.0005092235541
242116	0.003256063696
242117	0.00127569167
242118	0.003862423373
242119	0.001484559152
242120	0.0003499147476
242121	0.002859609166
242122	0.002985437348
242123	0.00349448001
242124	0.002209969338
242125	0.004123900148
242126	0.0001257789689
242127	0.004190624459
242128	0.001112289627
242129	0.002057172508
242130	0.00467655634
242131	0.002206270561
242132	0.0007297783743
242133	0.002840418813
242134	0.0009218321703
242135	0.001371433667
242136	7.981747062e-05
242137	0.005487000515
242138	0.0004152108091
242139	0.003432169207
242140	0.004042860153
242141	0.001798855024
242142	8.773360959e-05
242143	0.002997511032
242144	0.002957928048
242145	0.0001346548606
242146	0.004569867987
242147	0.0002840774905
242148	0.0005858214916
242149	0.003185440404
242150	0.002420274168
242151	0.003343778576
242152	0.005121955228
242153	0.001023683372
242154	0.003323448508
242155	0.0009187384939
242156	0.0004911676246
242157	0.0007813168806
242158	0.003749201824
242159	0.0006597813579
242160	0.001516426005
242161	0.0003529459013
242162	0.006019723623
242163	0.001369714638
242164	0.0008436576928
242165	0.002507724808
242166	0.0007756599995
242167	0.002046510807
242168	0.003607721782
242169	0.004355080516
242170	0.0024059703
242171	0.0001483065974
242172	0.003754178072
242173	0.0004313099768
242174	3.656036685e-05
242175	0.0001141754117
242176	0.0006772961477
242177	5.754470271e-05
242178	0.002674581984
242179	0.002277667464
242180	0.001757094864
242181	0.001237996781
242182	0.0006834251935
242183	0.0004819596048
242184	0.004544329126
242185	0.003343695704
242186	0.00115231131
242187	0.0009651710218
242188	0.00204295305
242189	0.004244949706
242190	0.001584809185
242191	0.00139180704
242192	0.0003369447497
242193	0.000361501941
242194	0.0006106804201
242195	0.001006961547
242196	0.0004607074546
242197	0.002861205888
242198	0.003697453921
242199	0.0005111701075
242200	0.002082704015
242201	0.004359689304
242202	0.002620818714
242203	0.0003027524401
242204	0.003951038649
242205	0.001065301631
242206	0.0008695865078
242207	0.002049304138
242208	0.004942558327
242209	0.001927461721
242210	0.0007508634535
242211	0.005878916631
242212	0.001813101412
242213	0.001420698216
242214	0.002812336065
242215	0.000229914981
242216	0.004093921468
242217	0.000869217626
242218	0.006309795067
242219	0.004818172291
242220	0.002944332447
242221	0.0007443818679
242222	0.0005919084582
242223	0.00188636284
242224	0.002052478903
242225	0.001840467689
242226	0.000252539202
242227	0.00316473861
242228	0.003057637369
242229	0.0009634008792
242230	0.001161857529
242231	0.0001534135308
242232	0.006386512497
242233	0.001743982548
242234	0.00104193296
242235	0.0003663583976
242236	0.001629606759
242237	0.001138785873
242238	0.005153444523
242239	0.0004114205875
242240	0.0004593702708
242241	0.00194231995
242242	0.00175760292
242243	0.006588494
242244	0.002382070205
242245	0.002053983081
242246	0.00544270352
242247	0.003816605052
242248	0.004229176212
242249	0.0007825252606
242250	0.005312752183
242251	0.001492789336
242252	0.001275223342
242253	1.938051272e-05
242254	0.004088905885
242255	0.005268744438
242256	0.002810755678
242257	0.003294376531
242258	3.117734738e-05
242259	0.002731118738
242260	0.004930763644
242261	0.0002542087857
242262	0.001252118696
242263	0.002052767469
242264	0.00272448838
242265	0.001972451747
242266	0.0007677832299
242267	0.007361932401
242268	0.005708541695
242269	4.799296594e-05
242270	0.00354072347
242271	0.0002976555251
242272	0.008046197974
242273	0.00124497508
242274	0.001259499604
242275	0.0004825854196
242276	0.004598617701
242277	0.004262639852
242278	0.002158514726
242279	0.00149834418
242280	0.001693348759
242281	0.0007828016394
242282	0.006043456775
242283	0.0005817207852
242284	0.005011479784
242285	0.000102258479
242286	5.476091462e-05
242287	0.0005736591226
242288	2.540346447e-06
242289	0.0008938302436
242290	0.001536069399
242291	0.0002212439154
242292	0.001444769553
242293	0.001033622965
242294	6.440944344e-06
242295	0.001126369053
242296	0.001459264432
242297	0.003300977358
242298	0.001408797348
242299	0.001224779882
242300	0.0009813769221
242301	0.000655469117
242302	0.008641298218
242303	0.0009024991022
242304	0.0002864669864
242305	0.002555051639
242306	0.005527731339
242307	0.003171145819
242308	0.0008401621783
242309	0.0003112070802
242310	0.0002987266238
242311	0.003296129841
242312	0.002984677946
242313	0.001178676836
242314	0.001972729876
242315	0.0003656127451
242316	0.002542397251
242317	0.008297114265
242318	0.0007647414132
242319	9.873980467e-05
242320	0.002385342166
242321	0.0008484460558
242322	0.0004562360047
242323	0.004712190366
242324	0.004702157381
242325	0.0003830084218
242326	0.007684628576
242327	0.001368998709
242328	0.001710396318
242329	0.006543577595
242330	0.002166140458
242331	0.002886064599
242332	0.0009922518157
242333	0.003370533703
242334	0.0009027479332
242335	0.003674084334
242336	0.0002682142374
242337	0.002797773184
242338	0.002992952155
242339	0.0003708227166
242340	0.003595332515
242341	0.001900812238
242342	0.0001340340586
242343	0.000299646972
242344	0.008009530834
242345	0.0008499020837
242346	0.003404336006
242347	0.001505474527
242348	0.002082600765
242349	0.003321819952
242350	0.001877677987
242351	0.004315015092
242352	0.001702298438
242353	0.001364800213
242354	0.001309421143
242355	0.001965240744
242356	0.0043788046
242357	0.0001665173892
242358	0.003177326528
242359	0.003472179048
242360	0.0003027037043
242361	0.007060324978
242362	0.004241727253
242363	0.002296368786
242364	0.00158608027
242365	0.003834823321
242366	0.003094175886
242367	8.457599873e-05
242368	0.0008342496245
242369	0.003815560948
242370	0.005081650101
242371	0.001835430161
242372	0.002457055828
242373	0.002089647623
242374	0.005667811667
242375	0.001179829773
242376	0.0004928064055
242377	0.0008418752091
242378	0.001221228376
242379	0.00764434891
242380	0.004038618674
242381	0.002468057223
242382	0.0004978091232
242383	0.0003058645183
242384	0.003750655236
242385	0.001298468519
242386	0.00174388124
242387	0.0003473371444
242388	0.004490323526
242389	0.009832862706
242390	0.002308584631
242391	0.001214479933
242392	0.0004453812979
242393	0.00262448156
242394	0.001235035826
242395	0.001979084615
242396	0.0007762279899
242397	0.002042828884
242398	9.143019394e-05
242399	0.001681651337
242400	0.0008602496107
242401	0.001837784072
242402	0.002098749293
242403	0.005339579283
242404	0.004268672903
242405	0.001580208705
242406	0.00285837171
242407	0.0008363197347
242408	9.498362405e-05
242409	0.0004458918375
242410	0.0004642228751
242411	0.004886686439
242412	0.002509452183
242413	0.002275936074
242414	0.000142786171
242415	0.001109200971
242416	0.00341005407
242417	0.0002641998666
242418	0.0002049485159
242419	0.004698627822
242420	0.0005607993274
242421	0.005282978834
242422	0.001439982677
242423	0.001950453925
242424	0.001941637528
242425	0.0008415452884
242426	0.001262960096
242427	0.0007678063158
242428	0.0002655006582
242429	7.14320664e-05
242430	0.003999981465
242431	0.0004007712786
242432	0.003727671703
242433	0.0003031398943
242434	0.0002220387595
242435	0.0001457781426
242436	0.007447884907
242437	0.001900946913
242438	0.0005817272472
242439	0.002358737715
242440	0.0007684570018
242441	0.002001512304
242442	0.0004057397566
242443	0.0004296870633
242444	0.0008441553006
242445	0.0002603157402
242446	0.004362061599
242447	0.001432806534
242448	0.0002782161014
242449	0.00582578824
242450	0.0008237797951
242451	0.002967216
242452	0.00337010622
242453	0.001724628198
242454	0.001248207766
242455	0.0007370175289
242456	0.0004930215292
242457	0.001405534269
242458	0.005038818247
242459	0.0001448532963
242460	0.002763858226
242461	0.000400915611
242462	0.002853938208
242463	0.001882141902
242464	0.0005838814724
242465	0.005528983777
242466	0.0009858400343
242467	0.001173288773
242468	0.003552777983
242469	0.001221201874
242470	0.002916179908
242471	0.0004923524227
242472	0.0008115603941
242473	0.00384658256
242474	0.004072026878
242475	0.004112481152
242476	0.008731308466
242477	0.001687940179
242478	0.0005057739208
242479	0.001786373939
242480	0.0002952711743
242481	0.002125257933
242482	0.001028399341
242483	0.001062847565
242484	0.001248078132
242485	0.001850730533
242486	0.0006189754352
242487	0.00516588225
242488	0.0008959191515
242489	0.0002293594154
242490	0.001948115642
242491	0.004489189829
242492	0.0008044043936
242493	0.002489850821
242494	0.004959253691
242495	0.001930124809
242496	7.126668439e-05
242497	0.005456433286
242498	0.0006716502903
242499	0.009518864869
242500	0.0007487102465
242501	0.002228282743
242502	0.002720770685
242503	0.001179661652
242504	0.002847639206
242505	0.001625294617
242506	0.004331852823
242507	0.001019251902
242508	0.003598299876
242509	0.002236873222
242510	0.0008497896385
242511	0.001116139465
242512	0.002506915674
242513	0.001213017345
242514	0.002627047821
242515	0.001344938857
242516	0.002186004157
242517	0.00217232653
242518	0.0005619522553
242519	0.001286346137
242520	0.004864040744
242521	0.005495807722
242522	0.0001301977571
242523	0.002492079294
242524	0.001504213385
242525	0.008742994695
242526	0.003930028717
242527	0.0001646444486
242528	5.664826132e-07
242529	0.000150554816
242530	0.005263379649
242531	0.0005132042052
242532	0.0010417561
242533	0.0001951361447
242534	9.119677003e-05
242535	0.0009603614677
242536	4.481233056e-05
242537	8.766540039e-05
242538	0.0005985149411
242539	0.0001261567268
242540	0.0004780842469
242541	0.0001004188071
242542	7.796758249e-05
242543	4.299993734e-06
242544	0.0001041245778
242545	0.0003958613732
242546	0.0003161171681
242547	0.0001867135296
242548	0.0001097013873
242549	0.0001079741088
242550	0.0002284776686
242551	0.0001141143547
242552	2.942387604e-05
242553	0.0003287819616
242554	0.0005177924416
242555	0.0007252937256
242556	0.0001149202152
242557	2.933136141e-05
242558	0.0001578194731
242559	8.981818773e-05
242560	0.0001847422529
242561	6.936056308e-05
242562	0.001076397493
242563	0.0002198393923
242564	0.00047528178
242565	6.518789269e-05
242566	0.0005513983044
242567	8.360207187e-05
242568	0.0002701939648
242569	0.000511938802
242570	0.001713406292
242571	0.000559985294
242572	9.297479373e-05
242573	0.0002956368468
242574	0.0003155893768
242575	0.0004582508192
242576	0.0001195023632
242577	0.0005523537526
242578	0.0008355785823
242579	0.0002100544118
242580	1.174301528e-05
242581	0.0001516371114
242582	0.0004540071345
242583	0.0005532252898
242584	0.0001352177197
242585	7.310131705e-05
242586	0.000229819261
242587	0.0008993366975
242588	1.95884029e-05
242589	5.327110777e-05
242590	0.002111123713
242591	0.001010223396
242592	0.0003405712066
242593	0.000171552239
242594	9.027463671e-05
242595	0.0004486977335
242596	0.0003344828871
242597	0.0002798067788
242598	0.001343343505
242599	9.15219381e-05
242600	2.639621484e-05
242601	0.0001287841842
242602	0.0003782002827
242603	0.0001835339345
242604	0.000130528163
242605	2.755480014e-05
242606	0.0003749488343
242607	0.0002043079407
242608	8.614972768e-05
242609	9.510554385e-05
242610	0.0002875546639
242611	0.002114644453
242612	5.615108375e-05
242613	8.039472017e-05
242614	0.0001186284977
242615	9.115130124e-05
242616	0.0008510970754
242617	0.0004070699206
242618	9.666853219e-05
242619	1.288859099e-05
242620	4.572427907e-05
242621	0.0003734583317
242622	0.0004454520613
242623	0.0003016290417
242624	0.0001204598726
242625	0.0003200770672
242626	0.0004830349984
242627	0.0002213145419
242628	7.71406746e-05
242629	0.0004848481564
242630	0.0004339439443
242631	0.0001900468561
242632	0.000155366975
242633	0.0003253014307
242634	0.0001354787421
242635	0.0002796995124
242636	0.0007987607159
242637	0.0006474562479
242638	0.0003667488408
242639	0.0001735100608
242640	9.820193466e-05
242641	0.0002231510372
242642	3.600464412e-05
242643	0.0003047276293
242644	6.061321299e-05
242645	1.326085017e-05
242646	2.004993987e-05
242647	2.268710403e-05
242648	0.0003690746304
242649	0.0003233145068
242650	1.917727016e-05
242651	0.0003273605512
242652	0.0003317287463
242653	0.0001043030769
242654	0.0001602167363
242655	0.000505181912
242656	0.0001840521572
242657	6.931112155e-05
242658	0.0002680239381
242659	0.000475411811
242660	3.77991848e-05
242661	7.777377641e-05
242662	5.127280772e-05
242663	0.0002740167933
242664	4.69163384e-05
242665	4.356024452e-05
242666	0.001369460094
242667	0.0001766005611
242668	9.442930663e-05
242669	0.0006477358345
242670	0.000401465185
242671	4.900906075e-05
242672	2.303354156e-06
242673	2.280068841e-05
242674	0.000107306611
242675	4.073737339e-05
242676	0.000511490009
242677	4.210859068e-06
242678	0.0002250115801
242679	8.024618406e-05
242680	0.0001536114457
242681	0.000123027933
242682	0.0005315242392
242683	0.0003556397404
242684	0.0003593622938
242685	6.423581686e-05
242686	0.0007944589958
242687	0.0001594204075
242688	0.0001038759067
242689	5.356739517e-05
242690	0.0001153021441
242691	0.001482126555
242692	0.0003621860738
242693	0.0003936795299
242694	0.0005915669151
242695	0.001092705833
242696	0.0003805634773
242697	0.0005214516647
242698	0.0005206916597
242699	0.0001698333951
242700	0.000129807602
242701	0.0003849928925
242702	0.001040921653
242703	6.447096964e-08
242704	0.0006255882825
242705	0.003290801856
242706	0.002632912803
242707	0.0001652213776
242708	0.0009109600684
242709	0.0006776950692
242710	0.0001222521171
242711	0.001286633973
242712	0.0007909233882
242713	0.0005827553995
242714	0.0006716764787
242715	0.0004446411072
242716	0.000345868663
242717	2.002553563e-08
242718	0.0004701555727
242719	0.0001208074048
242720	0.0001264780839
242721	0.0002285535298
242722	0.0008077738173
242723	0.0004432796286
242724	0.0003434385547
242725	0.0002600543314
242726	0.001033117793
242727	0.0005589031107
242728	0.0006080492699
242729	7.004909658e-07
242730	0.0004436828219
242731	0
242732	0.0009038244888
242733	0.0003114602962
242734	0.0006809700844
242735	0.0001065422888
242736	0.0007898679637
242737	0.0004464798064
242738	0.0005708623629
242739	0.0001080816121
242740	0.0004597209252
242741	0.0001893636077
242742	3.017414204e-05
242743	0.0004904823181
242744	0.0008105508183
242745	0.0006931857198
242746	0.0008235901709
242747	0.0007907498056
242748	0.0001067721136
242749	0.0008025923128
242750	0.001056719299
242751	1.681588809e-05
242752	0.000120526184
242753	0.0007606781071
242754	0.0005876762109
242755	0.002602014277
242756	5.957290722e-05
242757	0.0001379441481
242758	0.002708285774
242759	0.002351570831
242760	0.00177332435
242761	0.003081706725
242762	0.001279409129
242763	0.0002918459142
242764	0.000139069111
242765	8.751172272e-06
242766	0.0007834459926
242767	0
242768	0.001330445939
242769	0.0009305809036
242770	0.002232596219
242771	0.001283171619
242772	0.001763132421
242773	0.001792160028
242774	0.0006180575204
242775	0.001470194984
242776	0.001981571272
242777	0.0009028403672
242778	0.001142273106
242779	0.002049333641
242780	0.0004560701583
242781	0.0001615373905
242782	0.001080853454
242783	0.0003640014381
242784	7.246371702e-05
242785	0.0006603054587
242786	0.0005165412813
242787	0.001044583256
242788	0.00120644788
242789	0.00252444604
242790	0.001506297457
242791	0.002119818241
242792	0.003017808994
242793	0.004242538744
242794	0.001434281925
242795	0.002294575459
242796	0.001389798613
242797	0.0002699881153
242798	0.002804446988
242799	0.003477352032
242800	0
242801	1.476657445e-05
242802	0.0007339239834
242803	0.003871624765
242804	0.0001878297594
242805	0.0001269974638
242806	0.001137336562
242807	0.006662578222
242808	0.002546882361
242809	0.002179416369
242810	0.001557395691
242811	0.003742895613
242812	0.003615126987
242813	0.005234386029
242814	0.002224067193
242815	0.001902065015
242816	0.002268828184
242817	0.0007631156007
242818	0.003073724637
242819	0.001079039494
242820	0.001746183946
242821	0.002226826951
242822	0.000747433688
242823	0.0003426746292
242824	0.0009537095899
242825	0.001562673268
242826	0.0006165713182
242827	0.0007237579118
242828	0.003927123218
242829	0.0003446868472
242830	0.002181428731
242831	0.0006483926945
242832	0.00202776255
242833	0.003077980205
242834	0.004534141892
242835	0.003312745132
242836	0.000172824796
242837	0.0009080071327
242838	0.000214137353
242839	0.002199341411
242840	2.61247791e-05
242841	0.0002560422709
242842	0.0006078754776
242843	0.001340307975
242844	0.00260838027
242845	0.0006122164786
242846	0.002092762841
242847	0.0009169480011
242848	0.00141320018
242849	0.001796239982
242850	0.001090385136
242851	6.386553201e-05
242852	0.001618818217
242853	0.0002928215613
242854	0.0006031400852
242855	0.0009105165721
242856	0.001204070546
242857	0.0006139420991
242858	0.001864836206
242859	0.002414300433
242860	0.001982506636
242861	0.002097184637
242862	0.002443694675
242863	0.002364173912
242864	0.0007335230607
242865	0.002316443318
242866	0.001793738784
242867	0.002057643443
242868	0.000353968094
242869	0.001015749449
242870	0.001887987279
242871	0.002218408073
242872	0.001900624604
242873	0.001213088385
242874	0.001336634434
242875	0.0001954919015
242876	0.002408119453
242877	0.002999801889
242878	0.0007140275373
242879	0.002364782807
242880	0.002515529079
242881	0.002162651131
242882	0.001758586278
242883	0.002177763654
242884	0.0008438111886
242885	0.002054513206
242886	0.002224522727
242887	0.006103129075
242888	0.003518071182
242889	0.00198107926
242890	0.003735518381
242891	0.004203332659
242892	0.001450853698
242893	0.003602297508
242894	0.001379159206
242895	0.002434857642
242896	0.0004875752588
242897	0.003204665185
242898	0.0004321118864
242899	0.0004492993444
242900	0.004943770358
242901	5.619306691e-05
242902	0.002836372512
242903	0.00221925265
242904	0.0006760518365
242905	0.00112758069
242906	0.002559840285
242907	7.768945868e-05
242908	0.002541373993
242909	9.829331704e-05
242910	0.004655103044
242911	0.002726732488
242912	0.002145431681
242913	0.00420609875
242914	0.003396588592
242915	0.0009343022134
242916	0.001767113683
242917	0.001931154652
242918	0.007950545914
242919	0.0007101312216
242920	3.694297676e-05
242921	0.003178554897
242922	0.003401568815
242923	0.003548070357
242924	0.00306766463
242925	0.0002974712071
242926	0.003345784756
242927	0.0005193665141
242928	0.0008126715326
242929	0.0003974441057
242930	0.003666413485
242931	0.006535403565
242932	0.0004030996263
242933	0.002804105064
242934	0.0001367405794
242935	0.003539452027
242936	0.004572201042
242937	0.0007508022819
242938	0.006518896746
242939	0.0003918714577
242940	0.003592093565
242941	0.002559036023
242942	0.0009789032226
242943	0.000919721179
242944	0.00178515541
242945	0.005716316175
242946	0.003151249455
242947	0.0009496639355
242948	0.0004074184621
242949	0.003836952583
242950	0.0006755845904
242951	0.0005060917534
242952	0.0006016043754
242953	7.694416501e-09
242954	0.004419083351
242955	0.0005679691398
242956	0.002573649375
242957	0.0006670370771
242958	0.0004505838411
242959	0.001713994428
242960	0.001939649353
242961	0.0009741932419
242962	0.001517326949
242963	0.0005066322463
242964	0.0008497458024
242965	0.0001047666313
242966	0.0003772248994
242967	0.0009887407896
242968	0.004998753536
242969	0.003553964377
242970	0.001120575797
242971	0.0002305628704
242972	0.002760506975
242973	0.002205865441
242974	3.051810732e-05
242975	0.000398470569
242976	0.00185649272
242977	0.0001979303026
242978	0.001759080341
242979	0.00633070588
242980	0.001164410903
242981	0.003526093202
242982	0.002360005467
242983	0.0001598016746
242984	0.001721075166
242985	0.00059329593
242986	0.0008946136124
242987	0.002171116741
242988	0.0001763553409
242989	0.002042720988
242990	0.004634443155
242991	0.0009491351502
242992	0.004500576588
242993	0.002146824
242994	0.0008720904575
242995	0.002871664812
242996	0.0002255312285
242997	0.00486986192
242998	0.00179561741
242999	0.002596536432
243000	0.001773043398
243001	0.003880608456
243002	0.00287789629
243003	0.002077440192
243004	0.001113526321
243005	0.0003016254388
243006	0.005467285455
243007	0.005185478142
243008	0.001783565423
243009	0.0003771493182
243010	0.0008415774153
243011	0.0009235144453
243012	0.001564700389
243013	0.0008894234675
243014	0.005504529601
243015	0.005577607283
243016	0.002465848407
243017	0.001460700415
243018	0.0005265802855
243019	0.003025730819
243020	0.001706899245
243021	0.003406492524
243022	0.002850130846
243023	0.0008999847502
243024	0.0003875457643
243025	0.00123048527
243026	0.003187220035
243027	0.0007239748916
243028	0.0004219414335
243029	0.005229933842
243030	0.0004362293666
243031	0.00175390605
243032	0.0009333589445
243033	0.0004517202316
243034	0.000600612585
243035	0.0004342362079
243036	4.797008344e-05
243037	5.525649262e-05
243038	0.0002323714178
243039	0.009944861663
243040	0.0003037554627
243041	0.0003007281669
243042	0.001660401283
243043	0.0002191080031
243044	0.0003021193919
243045	0.0006962033745
243046	0.003041864826
243047	0.0006595742367
243048	0.002720922532
243049	0.003587525415
243050	0.005171831045
243051	0.004234443684
243052	0.003680331936
243053	0.00297081533
243054	0.003599347543
243055	0.001585088447
243056	0.001023887092
243057	0.002157682844
243058	0.001260340424
243059	0.007082202728
243060	0.0007154486861
243061	0.002052426896
243062	0.001970765736
243063	0.002191766104
243064	0.006830493891
243065	0.000681545469
243066	0.001047852279
243067	0.002613391719
243068	0.00212326906
243069	1.250899676e-05
243070	0.0006177514019
243071	0.002765385547
243072	0.002945717373
243073	0.003198154227
243074	0.000107148651
243075	0.005201810088
243076	0.003779031351
243077	0.0001572696686
243078	0.0004082326419
243079	0.0007804135102
243080	0.00237509045
243081	0.002793110014
243082	0.000176038687
243083	0.003679249605
243084	0.0005757875566
243085	0.00242390387
243086	0.0015612368
243087	0.000654142004
243088	0.0004573503597
243089	0.005791666416
243090	0.00116802653
243091	0.001203643016
243092	0.0006274054954
243093	0.003564356729
243094	0.001872078515
243095	0.006331147735
243096	0.002975366499
243097	0.001302503614
243098	0.001190298911
243099	0.0009853637641
243100	0.004279763631
243101	0.003381402934
243102	0.0006018293506
243103	0.0006168937035
243104	0.000856221637
243105	0.000778760112
243106	0.005502010314
243107	0.002203064178
243108	0.002740627619
243109	0.001978298369
243110	0.005024804851
243111	0.006071489107
243112	6.324135242e-05
243113	0.002094386021
243114	0.000801815169
243115	0.001462532468
243116	0.005520527843
243117	0.000140438792
243118	0.0003172857579
243119	0.002465839744
243120	0.0006643916068
243121	0.0004489367394
243122	0.0007597378705
243123	0.003658106023
243124	0.0005194086918
243125	0.000101937901
243126	0.004838112618
243127	0.001867001237
243128	0.003813755236
243129	0.0005932561024
243130	0.002754733414
243131	0.005429980211
243132	0.0001183177095
243133	0.003766797987
243134	0.001486401798
243135	0.004127750716
243136	0.0004164829467
243137	0.0001636447441
243138	0.003398311355
243139	0.0005645006811
243140	0.0004188762681
243141	0.001742950665
243142	0.0008955545438
243143	0.00190563307
243144	0.0003005508714
243145	0.0002195512392
243146	0.0009696637598
243147	0.002288546574
243148	0.002701754118
243149	0.001747478635
243150	0.0006724913158
243151	0.001874858079
243152	0.002415505052
243153	0.001240236575
243154	0.002358720714
243155	0.0003331183892
243156	0.004687186175
243157	0.002415514515
243158	0.001622966854
243159	0.0006169846486
243160	0.0008030198101
243161	0.0003704842925
243162	0.001739795424
243163	0.001454142916
243164	0.002628721639
243165	0.004058084928
243166	0.001014378902
243167	0.001147823134
243168	0.001156050165
243169	0.001754534066
243170	0.001021282614
243171	0.004003776788
243172	0.001996711346
243173	0.0008112187039
243174	0.000742926192
243175	0.0001922519721
243176	2.931991498e-05
243177	0.002429933706
243178	0.001627648231
243179	0.0007302736229
243180	4.038050457e-05
243181	0.0005314924981
243182	0.0008576663641
243183	5.646098594e-05
243184	0.002286300283
243185	0.00236971618
243186	0.001898083079
243187	0.003539894392
243188	0.004439135776
243189	0.004612515444
243190	0.002957532059
243191	0.001137448926
243192	0.0005882920529
243193	0.000993593907
243194	8.517808158e-05
243195	0.001621405218
243196	0.001607814217
243197	0.0002232930594
243198	0.003466605498
243199	0.0001222562753
243200	0.0009661589847
243201	8.810978794e-05
243202	0.002603782748
243203	0.001202968923
243204	0.002339569246
243205	0.002685005129
243206	0.003214972319
243207	0.003050076981
243208	0.0004119833108
243209	0.004649775315
243210	0.0007075728635
243211	0.001369428385
243212	0.003041252512
243213	0.002763689909
243214	0.002476026456
243215	0.001288548882
243216	0.004448617387
243217	0.000969822134
243218	0.003406347607
243219	0.002486534014
243220	0.002421239779
243221	0.001100979208
243222	0.0005626926071
243223	0.0005298444665
243224	0.001954472869
243225	0.004585195473
243226	0.001220526538
243227	0.0003404371994
243228	0.004052145098
243229	0.001390169112
243230	0.004092570065
243231	0.003244836605
243232	0.003886688562
243233	0.0004487395752
243234	0.004437258191
243235	0.001046473598
243236	0.0007353097462
243237	0.002179242683
243238	0.002880904155
243239	0.002877570496
243240	0.002345443004
243241	0.001289177177
243242	0.000581691442
243243	0.002373157146
243244	0.001880724459
243245	0.003750996859
243246	0.0007410252999
243247	0.0003966471394
243248	0.002471163308
243249	0.002410010461
243250	0.001995002483
243251	0.001125461961
243252	0.001469753921
243253	0.002584468802
243254	0.002451226199
243255	0.002243996235
243256	0.001385286754
243257	0.002537351859
243258	0.002808915983
243259	0.001073970841
243260	0.001670608231
243261	0.002852933076
243262	0.001403153966
243263	0.0001124909921
243264	0.003959482653
243265	0.003984690988
243266	0.001138080547
243267	0.00323306242
243268	0.000853071398
243269	0.001157125869
243270	0.002165055814
243271	0.004610039076
243272	0.002190688232
243273	0.0009763485142
243274	1.091448147e-05
243275	0.001678488215
243276	0.002738138409
243277	0.004372576184
243278	0.0005136130108
243279	0.0001895351798
243280	0.003270600149
243281	0.0002292602227
243282	0.004855219275
243283	0.004421473022
243284	0.0002988747855
243285	0.003160277051
243286	0.001722897018
243287	0.002439346558
243288	4.668445383e-05
243289	0.0004149356066
243290	0.00163441566
243291	0.000503742023
243292	0.0008135252009
243293	0.001733135289
243294	0.001245249172
243295	0.0001121218632
243296	0.0004403411717
243297	5.133481525e-05
243298	0.0009631254077
243299	0.001706500674
243300	0.00168518
243301	0
243302	0.0005727457515
243303	0.002334813837
243304	0.0003387062186
243305	0.000707286391
243306	0.0009115391673
243307	0.001098137167
243308	0.008869701983
243309	0.003134972905
243310	0.0001946343158
243311	0.002028142813
243312	0.0009049029321
243313	0.0007073865574
243314	0.002040766384
243315	2.066018373e-05
243316	0.000108484061
243317	0.001727831977
243318	0.0005696409746
243319	0.0006668347109
243320	0.0002920049345
243321	0.0006258544846
243322	0.002193280955
243323	0.007933562535
243324	0.00553414202
243325	0.001460328298
243326	0.0008419051183
243327	0.0006365072026
243328	0.004357017821
243329	0.0007580340571
243330	0.002944657481
243331	0.003244235836
243332	4.07045624e-05
243333	0.005623351942
243334	0.004733055943
243335	0.0006989703644
243336	0.003732134394
243337	0.002106134599
243338	0.0002853973091
243339	0.001676342067
243340	0.002756021623
243341	0.002620392617
243342	0.001487978356
243343	0.002613213018
243344	0.001879965177
243345	0.0002026371174
243346	5.493940061e-05
243347	0.001705019672
243348	0.0002712309827
243349	0.002675202638
243350	0.000519931486
243351	0.0009727226865
243352	0.0007869116314
243353	0.003262265447
243354	0.002114952933
243355	0.000278222924
243356	0.006868922757
243357	0.0024366229
243358	0.00262880666
243359	0.0002185376992
243360	0.003346703023
243361	0.001544435723
243362	0.002073498673
243363	0.0004318389561
243364	0.003542670305
243365	9.479210704e-05
243366	0.0005398034244
243367	0.001467862561
243368	0.00134635927
243369	0.001291284997
243370	0.000173938531
243371	0.001188184817
243372	0.003139672292
243373	0.001846770993
243374	0.001928147891
243375	0.0001745617986
243376	0.004001350206
243377	0.00115361937
243378	0.0005110703777
243379	0.002360967124
243380	0.0004387505915
243381	0.000661463337
243382	0.0006625155579
243383	0.00284866227
243384	0.001620262255
243385	0.0009521606241
243386	0.0006344380701
243387	0.002400866212
243388	0.001268780549
243389	0.001043955245
243390	0.004295958535
243391	0.0008509800805
243392	0.0002070267793
243393	0.003052768063
243394	0.0006256603846
243395	1.235326602e-06
243396	0.000787127527
243397	0.005079588237
243398	0.000550320891
243399	0.001672664287
243400	0.004574791937
243401	0.001143398905
243402	0.002787308276
243403	0.0004113971957
243404	0.003183805307
243405	0.001567738322
243406	0.005748515936
243407	0.002467091466
243408	0.0002062688755
243409	0.002036491536
243410	7.154481375e-05
243411	0.003211751577
243412	0.0004659090172
243413	0.001824628239
243414	0.00355954275
243415	0.001581732554
243416	0.002695592527
243417	0.006440624633
243418	0.003908000231
243419	0.002407897904
243420	0.001966579492
243421	0.0006727873631
243422	0.0006660490888
243423	0.002504516341
243424	0.0001553967556
243425	0.0001803527329
243426	0.0008440130939
243427	0.003813354324
243428	0.003698231432
243429	0.0002291063508
243430	0.003854377272
243431	0.002497723396
243432	0.002772337607
243433	0.001613860514
243434	0.001420855906
243435	0.001444926812
243436	0.0005468571111
243437	0.000344488059
243438	0.002064854353
243439	0.006323803695
243440	0.008127125525
243441	0.001947394372
243442	0.0009138622977
243443	0.005298772251
243444	0.00097951212
243445	0.0002016637427
243446	0.006499355596
243447	0.000360586493
243448	0.000953567109
243449	0.003364607005
243450	0.002443428765
243451	0.0008612742941
243452	0.001665490529
243453	0.0009132232806
243454	0.001067766355
243455	0.004379448884
243456	0.002165017625
243457	0.003521037956
243458	0.0003132948598
243459	0.0009821374413
243460	0.001118335479
243461	0.0006716651181
243462	0.005340406225
243463	0.001878974539
243464	0.001563118786
243465	0.0008085903361
243466	0.0004198131856
243467	0.004618061896
243468	0.0009040043978
243469	0.0003258313456
243470	0.003683554028
243471	0.0002957320125
243472	0.003284112077
243473	0.0006033324994
243474	0.002684889187
243475	0.0009564008954
243476	0.004706668142
243477	0.0005576564719
243478	0.003689997951
243479	0.004655937556
243480	0.001178359319
243481	0.002165589802
243482	0.001015281239
243483	0.0008094209615
243484	0.003677830549
243485	3.283796096e-05
243486	0.0004891896912
243487	0.00281079648
243488	8.400268709e-05
243489	0.0009450996464
243490	0.0002548996984
243491	0.0005650328421
243492	0.003781995599
243493	0.006545969213
243494	0.003407781391
243495	0.0001887533392
243496	0.0005130658533
243497	5.211498321e-06
243498	0.0004469545708
243499	0.0005091885218
243500	2.312153299e-05
243501	0.00164508893
243502	0.0006329834125
243503	0.001497235128
243504	0.005075009852
243505	0.002312177756
243506	0.003139016519
243507	0.0001013280587
243508	0.0002469886163
243509	0.00162655461
243510	0.000411077716
243511	0.003456130799
243512	0.001096139024
243513	0.00141936807
243514	0.001141302514
243515	0.0008584067527
243516	0.002759272841
243517	0.001436298654
243518	0.002408516366
243519	0.003289143087
243520	0.0007481536472
243521	0.002202931141
243522	0.003141414302
243523	0.002065990432
243524	0.001290135817
243525	0.001479110511
243526	0.0003332080564
243527	0.0001187213258
243528	0.005010444925
243529	0.0001493792557
243530	0.004367290908
243531	0.002844409047
243532	0.0004619167606
243533	0.001733987326
243534	0.0005766169862
243535	0.005181035704
243536	0.0005708550626
243537	0.0005227134474
243538	0.001418131409
243539	0.0006283909946
243540	0.002301353179
243541	0.005461729323
243542	0.0008716182735
243543	0.0007507915401
243544	0.002169807821
243545	0.001133605743
243546	0.001302897679
243547	0.001986904275
243548	0.001504290607
243549	0.002114243378
243550	0.0008005966128
243551	0.001296122898
243552	0.001657112693
243553	0.002090394834
243554	0.001818980179
243555	0.001608417912
243556	0.001583780426
243557	0.00156292515
243558	0.0009096002247
243559	0.001707912222
243560	0.001661122097
243561	0.001294823517
243562	0.001110801673
243563	0.001478399519
243564	0.001176069128
243565	0.00265929876
243566	0.001806774269
243567	0.0008072934449
243568	0.003193925482
243569	0.002524909828
243570	0.0008145214878
243571	0.000376154132
243572	0.004403114421
243573	0.004271737548
243574	0.0002946651643
243575	0.001611713435
243576	6.54066617e-05
243577	0.0005387939499
243578	0.0006423684268
243579	0.001674005748
243580	0.003496218892
243581	0.00335546485
243582	0.003525168228
243583	0.00109018597
243584	0.003190890412
243585	0.0005012281132
243586	0.001922528297
243587	0.002547515793
243588	0.0009260338079
243589	0.005895916708
243590	6.389168642e-05
243591	0.0007027887198
243592	0.003619861937
243593	0.001376873324
243594	0.0001031042715
243595	0.005751230074
243596	0.003551853016
243597	4.447994434e-05
243598	0.0001173595399
243599	0.007499530641
243600	0.0002959437191
243601	0.0003532278935
243602	0.002035048088
243603	0.002196694949
243604	0.0007055919197
243605	0.0005022577496
243606	0.005204154243
243607	0.003207157743
243608	4.575302928e-05
243609	0.0008669157867
243610	0.002019710147
243611	0.001773972064
243612	0.000567753878
243613	0.003881968127
243614	0.0003762704581
243615	0.004573385881
243616	0.00287312147
243617	0.001568873328
243618	0.001192392947
243619	0.002574317612
243620	0.001604592653
243621	0.002152731029
243622	0.0009609649253
243623	0.00245731667
243624	0.001882536329
243625	0.001529185575
243626	0.001903852402
243627	0.0007915040649
243628	0.001380285408
243629	0.0002907090484
243630	0.0005493993685
243631	0.0007957618508
243632	0.0007296648815
243633	0.002287036557
243634	0.0002328645572
243635	0.0006286186663
243636	0.000267033821
243637	0.000721606947
243638	0.003672533028
243639	0.00264303095
243640	0.002229749873
243641	0.0003940873573
243642	0.000548866208
243643	0.00233292368
243644	0.0009634437415
243645	0.00129882676
243646	0.002498613214
243647	0.002333605779
243648	0.001059556577
243649	0.0001079942992
243650	0.0006204429619
243651	0.0003925307906
243652	0.001053170353
243653	0.002900097167
243654	9.348407874e-05
243655	0.00128872421
243656	0.004840445234
243657	0.0005662421117
243658	0.0007797576215
243659	0.001052700947
243660	0.004413006115
243661	0.001860062217
243662	0.001933060498
243663	0.001030351059
243664	0.0001536291917
243665	0.0003759261002
243666	0.001692743991
243667	0.00200726773
243668	0.002293199293
243669	0.004965157178
243670	0.004593048907
243671	0.003505540824
243672	0.001925872535
243673	0.0003502967674
243674	0.001693904571
243675	0.002856930077
243676	0.001195767744
243677	0.005084159084
243678	0.0005013336522
243679	0.001790299506
243680	0.001247181039
243681	0.001165327187
243682	0.000204607599
243683	0.001309020894
243684	0.001183950495
243685	0.0009421436037
243686	0.002350140199
243687	0.001528351236
243688	0.004362519544
243689	0.001982630862
243690	0.0002570849884
243691	0.0006423187081
243692	0.003019025073
243693	0.001551716653
243694	0.0009188400686
243695	0.001449915255
243696	0.003486526021
243697	0.0001713789679
243698	0.004106395032
243699	0.0009247784303
243700	0.001029274958
243701	0.006390375719
243702	0.001030362218
243703	0.00186559031
243704	0.0008676023386
243705	0.002091353604
243706	0.0003243152522
243707	0.000811625537
243708	0.002750387282
243709	0.005695247007
243710	0.0002671280888
243711	0.0009823815479
243712	0.001888001469
243713	0.001662532144
243714	0.002083923901
243715	0.005458776203
243716	8.883384767e-05
243717	0.0003929288764
243718	0.0006123117594
243719	0.0008082584039
243720	0.0002761196034
243721	6.176932269e-05
243722	0.0001452059211
243723	7.878036855e-05
243724	1.987658875e-05
243725	0.0001571875293
243726	0.0002201599133
243727	4.371363856e-05
243728	0.001770372601
243729	0.0001508334508
243730	0.0003487638634
243731	0.0001802070769
243732	6.850196158e-05
243733	0.0003186179508
243734	0.0006639405847
243735	0.0003533445612
243736	0.0002595598481
243737	0.0007290253616
243738	0.0002067121657
243739	9.903285578e-05
243740	0.0003902118806
243741	0.0003909930488
243742	0.000351511844
243743	9.164834128e-05
243744	0.0001161835104
243745	0.001109056541
243746	0.001082623909
243747	0.0001081652103
243748	0.002983537337
243749	0.00121497344
243750	0.001583056205
243751	0.0009188454751
243752	0.0001000706535
243753	0.0002069895721
243754	0.006280491563
243755	0.001151149303
243756	0.001610560721
243757	0.003852668562
243758	0.0014421883
243759	0.001322553384
243760	0.001414986777
243761	0.001606714701
243762	0.001665783383
243763	0.001224106651
243764	0.004043030835
243765	0.001787652886
243766	0.002163179357
243767	0.001516965318
243768	0.001749069164
243769	0.002326401999
243770	0.0002355601231
243771	0.001077282362
243772	0.0004593440104
243773	0.002294947503
243774	0.001573993034
243775	0.00200292175
243776	0.002053242647
243777	0.00168341234
243778	0.001746063963
243779	0.001775337772
243780	0.001398484494
243781	0.001719925594
243782	0.0009843238275
243783	0.001186152342
243784	0.001167220281
243785	0.001643713477
243786	0.001667182043
243787	0.00185676608
243788	0.001328826617
243789	0.001385805804
243790	0.001597694929
243791	0.002311711455
243792	0.001470197947
243793	0.001095144072
243794	0.001337369596
243795	0.001936959281
243796	0.001586402913
243797	0.00157942898
243798	0.00175509589
243799	0.002267379783
243800	0.00217637137
243801	0.000357965719
243802	0.001493689841
243803	0.001390018976
243804	0.00117225923
243805	0.001084880982
243806	0.001030320755
243807	0.001804796446
243808	0.001173617948
243809	0.001471992106
243810	0.001057934852
243811	0.001399773305
243812	0.001863401906
243813	0.001468566831
243814	0.001927226245
243815	0.0009538583939
243816	0.001238794742
243817	0.001085023254
243818	0.001551183091
243819	0.001623025335
243820	0.001886749013
243821	0.001407079347
243822	0.001398392105
243823	0.001581199573
243824	0.001857841705
243825	0.00147377828
243826	0.001084520364
243827	0.00164395346
243828	0.001186040707
243829	0.00123010599
243830	0.0003049900341
243831	0.001181006583
243832	0.001914750479
243833	0.001538070057
243834	0.001513884093
243835	0.001387021184
243836	0.0021892554
243837	0.002273549329
243838	0.001272906336
243839	0.001862692769
243840	0.001419923749
243841	0.002108628786
243842	0.001835047383
243843	0.001658237145
243844	0.001926730212
243845	0.001154881935
243846	0.001554387317
243847	0.00110057124
243848	0.002208563202
243849	0.0006125028811
243850	0.0004799545053
243851	0.002618219379
243852	0.001452291236
243853	0.001812626803
243854	0.00128035687
243855	0.001536742013
243856	0.002047453006
243857	0.001669212853
243858	0.001592710268
243859	0.001677381567
243860	0.001535654744
243861	0.001950492855
243862	0.001706103446
243863	0.001571148416
243864	0.001798004756
243865	0.001824492257
243866	0.00165295688
243867	0.0009464457189
243868	0.001531234349
243869	0.001285941481
243870	0.002275098512
243871	0.002056658194
243872	0.001476129942
243873	0.0007850164415
243874	0.001422175124
243875	0.001600122923
243876	0.00190473997
243877	0.001731397378
243878	0.001735053068
243879	0.001590694165
243880	0.001449982829
243881	0.001382587508
243882	0.001596661325
243883	0.001753567954
243884	0.001746723694
243885	0.0007760620189
243886	0.0009848582624
243887	0.001495299167
243888	0.0008136800258
243889	0.001187061622
243890	0.001075242272
243891	0.001487733435
243892	0.001301489714
243893	0.003140740711
243894	0.0003626946507
243895	0.001732021696
243896	0.0003937627445
243897	0.001974194345
243898	0.006371115075
243899	0.001665080905
243900	0.001409088198
243901	0.001770886713
243902	0.001272839863
243903	0.001369676051
243904	0.001590763357
243905	0.001664521305
243906	0.001710672788
243907	0.002118109874
243908	0.001520414871
243909	0.001433433357
243910	0.001978703704
243911	0.001697429607
243912	0.002402900208
243913	0.001216188329
243914	0.001148214522
243915	0.001439533071
243916	0.00282831656
243917	0.0009378873604
243918	0.001691422538
243919	0.001481452889
243920	0.001794710816
243921	0.001263815579
243922	0.001526275729
243923	0.001202837615
243924	0.00157250117
243925	0.001055811092
243926	0.001647403506
243927	0.001904626767
243928	0.0009535859283
243929	0.001778357552
243930	0.001434223731
243931	0.00171782395
243932	0.001308234081
243933	0.002191399643
243934	0.0011778347
243935	0.001623076878
243936	0.001556933809
243937	0.00200419665
243938	0.001376092638
243939	0.001578123039
243940	0.001714974745
243941	0.001609174412
243942	0.0007675553953
243943	0.00138695583
243944	0.002748895356
243945	0.001032915991
243946	0.001766444826
243947	0.001693973373
243948	0.001283042768
243949	0.001788679102
243950	0.001485482655
243951	0.001701219672
243952	0.001467365944
243953	0.001404932655
243954	0.001794662233
243955	0.0015258947
243956	0.001053076806
243957	0.0016922812
243958	0.002143829013
243959	0.001486900869
243960	0.001773796043
243961	0.001400602489
243962	0.001697633095
243963	0.002846192742
243964	0.001295851341
243965	0.002681806309
243966	0.001471897771
243967	0.001594982416
243968	0.001556939127
243969	0.0008949784308
243970	0.00128775962
243971	0.001343024099
243972	0.0009985990295
243973	0.001079736054
243974	0.001695790113
243975	0.001580779532
243976	0.0005085353407
243977	0.001734368599
243978	0.001338419798
243979	0.001594789964
243980	0.001715814481
243981	0.001744924155
243982	0.00114667629
243983	0.001157751079
243984	0.001475187722
243985	0.001962429104
243986	0.0006131986616
243987	0.001006754503
243988	0.00132622219
243989	0.0009848220704
243990	0.001098216478
243991	0.001356684159
243992	0.002460405268
243993	0.0002923124506
243994	0.001195031693
243995	0.0009382265221
243996	0.00164373208
243997	0.001800724333
243998	0.001407592453
243999	0.001321285822
244000	0.001169964832
244001	0.0003451559093
244002	0.001327722687
244003	0.001807554847
244004	0.001473952206
244005	0.00111539201
244006	0.001291008562
244007	0.001273651349
244008	0.001389587994
244009	0.0003674025003
244010	0.001096566909
244011	0.001653064393
244012	0.001485951887
244013	0.001145603501
244014	0.002144172681
244015	0.001989513048
244016	0.001728938197
244017	0.001611443297
244018	0.0009557380677
244019	0.001079604436
244020	0.002390029814
244021	0.002387997259
244022	0.00183934435
244023	0.001455422225
244024	0.001514489206
244025	0.0009666760933
244026	0.0008642432535
244027	0.001748851421
244028	0.001586621259
244029	0.001656412189
244030	0.001231213892
244031	0.00239343797
244032	0.0017004496
244033	0.001305153603
244034	0.001388570764
244035	0.002365472958
244036	0.001626550996
244037	0.001235885296
244038	0.001141501846
244039	0.001872247332
244040	0.001506785211
244041	0.001491092093
244042	0.001149592002
244043	0.001161189239
244044	0.002336401796
244045	0.001222162407
244046	0.001388253244
244047	0.00217266128
244048	0.001981256122
244049	5.507062186e-05
244050	0.001396149754
244051	0.002094046154
244052	0.001957690062
244053	0.001289124773
244054	0.002428563187
244055	0.001236631754
244056	0.001847155398
244057	0.001766974163
244058	0.001523492537
244059	0.001630815312
244060	0.00193220054
244061	0.001217115478
244062	0.001746809304
244063	0.001730641454
244064	0.002018674571
244065	0.00238830326
244066	0.001877357321
244067	0.002089293237
244068	0.001147830631
244069	0.001985431814
244070	0.002421544142
244071	0.001295946699
244072	0.001528773972
244073	0.001832498288
244074	0.001757817819
244075	0.001725537323
244076	0.001354694432
244077	0.002327370714
244078	0.003711374964
244079	0.002020740615
244080	0.001563987198
244081	0.001911818128
244082	0.001923680138
244083	0.00188590572
244084	0.00145703229
244085	0.001243060626
244086	0.0005895616408
244087	0.001445783675
244088	0.002141340005
244089	0.0006636203256
244090	0.003529808226
244091	0.0002312640039
244092	0.001991333582
244093	0.001551295155
244094	0.0006484320812
244095	0.003254401877
244096	0.002460815261
244097	0.0009626257462
244098	0.0003784746962
244099	0.0005545203535
244100	0.001390625595
244101	0.001944334696
244102	0.0005202257744
244103	0.002220856019
244104	0.002525274079
244105	0.0004346899568
244106	0.001307865068
244107	0.001161787246
244108	0.002461628817
244109	0.003248305056
244110	0.001494302931
244111	0.001723795983
244112	0.001441098359
244113	0.003933827349
244114	0.00275169399
244115	0.001815642012
244116	0.0009526052358
244117	0.001393703073
244118	0.001395542164
244119	0.005042624079
244120	0.001945018528
244121	0.004168820715
244122	0.001887231356
244123	0.004658037942
244124	0.002266171504
244125	0.001625584468
244126	0.00102209525
244127	0.001571840868
244128	0.001651721055
244129	0.001902308852
244130	0.001341520006
244131	0.001742378521
244132	0.001729504899
244133	0.001611581643
244134	0.001202359792
244135	0.00238196025
244136	0.0008416152938
244137	0.001514721381
244138	0.001704186117
244139	0.001629975889
244140	0.001840106264
244141	0.001482735342
244142	0.001654075473
244143	0.000994513167
244144	0.001199728371
244145	0.001667806739
244146	0.001059169823
244147	0.001085891789
244148	0.001520143387
244149	0.001077076164
244150	0.001773934574
244151	0.001684252584
244152	0.001481390868
244153	0.00121249282
244154	0.001666476818
244155	0.00229410792
244156	0.001732216448
244157	0.001626880971
244158	0.001742029046
244159	0.002281182576
244160	0.002230418772
244161	0.001856378161
244162	0.001332176289
244163	0.0009796216227
244164	0.001566033661
244165	0.001073938961
244166	0.001787608836
244167	0.001978028181
244168	0.001028377673
244169	0.002079664032
244170	0.002299917289
244171	0.005689804163
244172	0.001541243171
244173	0.001443797548
244174	0.002138188226
244175	0.001167500036
244176	0.0001125338551
244177	0.002680594788
244178	0.003007847362
244179	0.001518820592
244180	0.001559190285
244181	0.002635199806
244182	0.0006515889142
244183	0.001251903805
244184	0.0008524069561
244185	0.005845401604
244186	0.0004391636113
244187	0.00286945146
244188	0.00272636789
244189	0.002453911257
244190	0.002076972211
244191	0.001100492218
244192	0.002013042055
244193	0.002111843517
244194	0.004736382079
244195	0.002305976444
244196	0.001361467466
244197	8.991130218e-06
244198	0.004937977713
244199	0.0002179525655
244200	0.001471021544
244201	0.001139735505
244202	0.002773261438
244203	0.001679315318
244204	0.003693342815
244205	0.001952700832
244206	0.002481361358
244207	0.0008247159207
244208	0.001652704664
244209	0.001265697861
244210	0.001134641189
244211	0.003399774122
244212	0.002174019993
244213	0.005455981372
244214	0.001497554091
244215	0.001657686441
244216	0.0007933305805
244217	0.0008552070005
244218	0.004521733664
244219	0.0004816140821
244220	0.0002671042871
244221	0.0001757252543
244222	0.002007762049
244223	0.004439800393
244224	0.002734112412
244225	0.001108538845
244226	0.004345116791
244227	0.0006950782138
244228	0.001567669721
244229	0.001836928753
244230	0.001858540245
244231	0.0006509429938
244232	0.001345534054
244233	0.001476817474
244234	0.0017558121
244235	0.001267733943
244236	0.001133937699
244237	0.0005636788187
244238	0.002094914331
244239	0.001169698055
244240	0.0005524058491
244241	0.001568970693
244242	0.002569080173
244243	0.001284935493
244244	0.001371116002
244245	0.004525072098
244246	0.001276959597
244247	0.003659089614
244248	0.00167350451
244249	0.0003531937823
244250	0.003031978631
244251	0.001374707896
244252	0.0009754305062
244253	0.001548108149
244254	0.003747808228
244255	0.001305064265
244256	0.002787005367
244257	0.003102818479
244258	0.001333096866
244259	0.002296621903
244260	0.001616201152
244261	0.003614186009
244262	0.0008581511359
244263	0.00192335567
244264	0.001686395222
244265	0.006117423533
244266	0.0008304464388
244267	0.0005200196078
244268	0.001220699918
244269	0.001847741923
244270	0.003645711371
244271	0.001469292212
244272	0.003183160653
244273	0.0001780135552
244274	0.0006100214546
244275	0.001752391819
244276	0.0006024125315
244277	0.001059755479
244278	0.002133227758
244279	0.000672370372
244280	0.003447757391
244281	0.001327165201
244282	0.00348248817
244283	0.007240356364
244284	0.0002978666964
244285	0.004965152449
244286	0.002899752492
244287	0.004449904118
244288	0.00109601527
244289	0.001393946441
244290	0.003592276024
244291	0.002503085831
244292	0.002490705719
244293	0.0004663470278
244294	0.001037545473
244295	0.002018168134
244296	0.000575162364
244297	0.001202667336
244298	0.002180737387
244299	0.001728422859
244300	0.001829341434
244301	0.002632641165
244302	0.0007457137369
244303	0.001233891693
244304	0.000156127726
244305	0.002027962143
244306	0.005220728496
244307	0.001933380723
244308	0.004076978509
244309	0.001434285443
244310	0.001103198332
244311	0.001379019601
244312	0.003200355802
244313	0.001238320602
244314	0.0007844082216
244315	0.003290333981
244316	0.001985047454
244317	0.003883841461
244318	0.003383948547
244319	0.0009827886837
244320	0.000369691649
244321	0.002083476831
244322	0.0009267527136
244323	0.001954052951
244324	0.001256549341
244325	0.0005668670097
244326	0.002533109508
244327	0.0002307506848
244328	0.001736539702
244329	0.001981988495
244330	0.001405031659
244331	0.002316178112
244332	0.001052940799
244333	0.0061649044
244334	0.001272868297
244335	0.001981969678
244336	0.005546982312
244337	0.0001421454463
244338	0.0009120004857
244339	0.001226712355
244340	0.002486161699
244341	0.002196146728
244342	0.001391260013
244343	0.001203271507
244344	0.001898437535
244345	0.003319133512
244346	0.0001061438772
244347	0.001901330044
244348	0.001726432891
244349	0.0008806836577
244350	0.001626354721
244351	0.001392178121
244352	0.001828091737
244353	0.001516641592
244354	0.001517680822
244355	0.001089405273
244356	0.001073815078
244357	0.001815931237
244358	0.001262375183
244359	0.001420228676
244360	0.001943458504
244361	0.0009580208702
244362	0.001569739304
244363	0.001958823142
244364	0.001090112362
244365	0.001392425699
244366	0.001318000733
244367	0.0007659790277
244368	0.001609648787
244369	0.001243091151
244370	0.001829564674
244371	0.001342534031
244372	0.001781562949
244373	0.001505161133
244374	0.001279793184
244375	0.001655903601
244376	0.002489476225
244377	0.001726643965
244378	0.00189739896
244379	0.001935179015
244380	0.001651446182
244381	0.001796437489
244382	0.001495550721
244383	0.001375331166
244384	0.001139202199
244385	0.002065213914
244386	0.001728621515
244387	0.001657712657
244388	0.001670071306
244389	0.001826572064
244390	0.001461491336
244391	0.001373470514
244392	0.002801272177
244393	0.001561378132
244394	0.001332545564
244395	0.001483312331
244396	0.001477787168
244397	0.001640224915
244398	0.001211807205
244399	0.0016441066
244400	0.0022767029
244401	0.001088950716
244402	0.001566003962
244403	0.001894852004
244404	0.001168553462
244405	0.001741064395
244406	0.001939461876
244407	0.0006752196401
244408	0.001713520069
244409	0.001609664299
244410	0.0007363858846
244411	0.001339828386
244412	0.006544586598
244413	0.00147365858
244414	0.001036573389
244415	0.00157628254
244416	0.0009661657246
244417	0.001572940793
244418	0.002966905136
244419	0.001524938762
244420	0.001300141125
244421	0.001096236148
244422	0.000946819499
244423	0.00132575607
244424	0.001197508503
244425	0.001179958724
244426	0.001889913975
244427	0.001571100771
244428	0.002751339422
244429	0.0008952077421
244430	0.001401553647
244431	0.001060353553
244432	0.0009325882393
244433	0.001527312098
244434	0.001436517356
244435	0.001627078608
244436	0.0008943341036
244437	0.00242235014
244438	0.001683917414
244439	0.001204475639
244440	0.001265237614
244441	0.002192790119
244442	0.0008227774626
244443	0.0013464351
244444	0.00190545953
244445	0.001508661746
244446	0.001855666119
244447	0.001587698197
244448	0.00136797356
244449	0.001205072314
244450	0.001660433277
244451	0.0007286913953
244452	0.001568557578
244453	0.004393382975
244454	0.0007380667635
244455	0.002279692646
244456	0.001302297985
244457	0.001645253862
244458	0.0002746275883
244459	0.001832534421
244460	0.001456907659
244461	0.002500805076
244462	0.001390427151
244463	0.0007542339494
244464	3.507231984e-05
244465	0.001903856353
244466	0.004940372152
244467	0.001699373089
244468	0.001533066941
244469	0.001788318664
244470	0.001323214865
244471	0.005383334712
244472	0.000928012042
244473	0.0008756647552
244474	0.0006609807043
244475	0.001363828276
244476	0.0003904577864
244477	0.002641923658
244478	0.001199204662
244479	0.002620608694
244480	0.004113510812
244481	0.001545108857
244482	0.003703318356
244483	0.002541680499
244484	0.0005803546794
244485	0.002510433643
244486	0.003758438308
244487	0.001872319522
244488	0.001925887388
244489	0.0001753728597
244490	0.00175300335
244491	0.001723358075
244492	0.002575395748
244493	0.0001880557472
244494	0.001761035438
244495	0.001800945316
244496	0.001402909093
244497	0.0006191666478
244498	0.001251041286
244499	0.001365827159
244500	0.001469050731
244501	0.001339169201
244502	0.001615135629
244503	0.001446316591
244504	0.002550531741
244505	0.001721413225
244506	0.00143537561
244507	0.0009602843976
244508	0.0005843235066
244509	0.001248018855
244510	0.001399051583
244511	0.002329433403
244512	0.001561443214
244513	0.0003928095809
244514	0.001469047975
244515	0.001652940131
244516	0.0008775049439
244517	0.001289847835
244518	0.001346300577
244519	0.001551665229
244520	0.001168330854
244521	0.0014486313
244522	0.001274153857
244523	0.002430580654
244524	0.001094571336
244525	0.001358280265
244526	0.001590072379
244527	0.00184517354
244528	0.001513813817
244529	0.0009576877107
244530	0.002375716684
244531	0.001707453113
244532	0.001908564899
244533	0.001570768565
244534	0.001198905347
244535	0.001108152801
244536	0.00206907673
244537	0.001682331547
244538	0.001843019193
244539	0.001413064167
244540	0.0009505282005
244541	0.001532678661
244542	0.002000827323
244543	0
244544	0.001969446446
244545	0.000758565997
244546	0.0002752773433
244547	0.0005481104989
244548	0.001405904411
244549	0.001236567524
244550	0.0001914572367
244551	0.004024126049
244552	0.001175353269
244553	0.005271767285
244554	5.101550742e-05
244555	0.002287675088
244556	0.001351865554
244557	0.001582119716
244558	0.003480682448
244559	0.0008192901309
244560	0.001940404833
244561	0.001916369416
244562	0.0001236455273
244563	0.0004384885867
244564	0.0006791863077
244565	0.00324784592
244566	0.004791064431
244567	0.003775481772
244568	0.00207274159
244569	0.001964699283
244570	0.002081006861
244571	0.0002141415584
244572	0.0009886019706
244573	0.001047016341
244574	0.005670883168
244575	0.004015571518
244576	0.001741900156
244577	0.0006214992085
244578	0.003933734938
244579	0.001159965628
244580	0.002070934756
244581	0.001413160316
244582	0.002019764326
244583	0.003928384226
244584	0.001518868599
244585	0.0003567361062
244586	0.001932238306
244587	0.001991907416
244588	0.003404398736
244589	0.0007916525166
244590	0.001869838527
244591	0.006842630154
244592	0.001200555034
244593	0.001523163458
244594	0.0001229437626
244595	0.006139394998
244596	0.0005145082002
244597	0.002276214949
244598	0.001551777936
244599	0.001194602828
244600	6.292256337e-05
244601	0.0009882395192
244602	0.002493276979
244603	0.0003653186199
244604	0.0006877504084
244605	0.0006299511578
244606	0.002806508123
244607	0.003615176634
244608	0.0002684449812
244609	0.001980062721
244610	0.004106165409
244611	0.00401656917
244612	0.0004768635468
244613	0.003231725908
244614	5.092940738e-05
244615	0.001387785002
244616	0.002565527153
244617	0.00228819618
244618	0.0006853453506
244619	0.002102115778
244620	0.000842616029
244621	0.001709982829
244622	0.0004329255034
244623	0.001556527166
244624	0.0005576225306
244625	0.0003949920442
244626	0.0007039627344
244627	0.002528593712
244628	0.004172849009
244629	0.002851777368
244630	0.001736851934
244631	0.0002990068303
244632	0.006172683174
244633	0.001317471138
244634	0.000451184319
244635	0.005489846817
244636	0.0004648910645
244637	0.0008289996418
244638	0.0009890998549
244639	0.0006421408652
244640	0.003918880706
244641	0.005505622803
244642	0.006493419002
244643	0.004764708153
244644	0.007638765009
244645	0.0009640910847
244646	0.0001424129558
244647	0.003414782467
244648	0.001667479489
244649	0.0003200212951
244650	0.002643617409
244651	0.00420811892
244652	0.0003240787218
244653	7.320625949e-05
244654	0.001361227606
244655	5.135450924e-05
244656	0.002234721122
244657	0.0004527493289
244658	0.001649810037
244659	0.002022786317
244660	0.001307659016
244661	2.526741389e-05
244662	0.003067717989
244663	0.002085591741
244664	0.001067040419
244665	0.002525169206
244666	0.00488702051
244667	0.00173959895
244668	0.0007039162741
244669	0.0009140683272
244670	0.004772985762
244671	0.0002894377049
244672	9.23347426e-05
244673	0.001791267808
244674	0.0004610080742
244675	0.0009240026469
244676	0.001509077871
244677	0.003357981197
244678	0.003624458834
244679	0.001983788636
244680	0.0001043486289
244681	0.004016303034
244682	0.003371445598
244683	0.00291256541
244684	0.006290245972
244685	0.002670693519
244686	0.001579372689
244687	0.005298657206
244688	0.002225867731
244689	0.00463823438
244690	0.0006446905891
244691	0.002827819756
244692	0.001934832222
244693	0.0004684075018
244694	0.0001540576824
244695	0.0005505473586
244696	9.577463904e-05
244697	0.002324607624
244698	0.0008766867136
244699	0.001048225678
244700	0.00234634652
244701	0.001355810717
244702	0.002019031306
244703	0.00134090747
244704	0.0002510842411
244705	0
244706	0.001336425908
244707	0.0007988150443
244708	0.001881742815
244709	0.003036637544
244710	0.000725950604
244711	0.001623056364
244712	0.001064530703
244713	0.001568470331
244714	0.004648104501
244715	0.0007711297836
244716	0.002215763304
244717	0.001234486037
244718	0.0005104076788
244719	0.001564489251
244720	0.00111472507
244721	0.001210314903
244722	0.001924761292
244723	0.0003424397412
244724	0.001223760381
244725	0.002396743149
244726	7.408783902e-05
244727	0.001173460551
244728	0.0004534943955
244729	0.001614417158
244730	0.001786790052
244731	9.740044029e-05
244732	0.0009445338576
244733	0.004423072383
244734	7.100938706e-05
244735	0.00152763987
244736	0.001929451812
244737	0.001195045325
244738	0.00103890601
244739	0.0001339424008
244740	0.0004508632545
244741	0.001297308612
244742	0.0004108970562
244743	0.0002314879066
244744	0.002539360592
244745	0.003453297703
244746	0.0009885782665
244747	0.0001393294643
244748	0.00198766982
244749	0.001389435282
244750	0.002099342412
244751	0.0007358800514
244752	0.0009513134125
244753	0.002792318795
244754	0.003486586279
244755	0.002299042716
244756	0.001473265017
244757	0.002579595365
244758	5.025237036e-05
244759	0.002450866984
244760	0.001332143208
244761	7.848426886e-05
244762	0.0009264415362
244763	0.003593076328
244764	0.0003500908036
244765	0.0001566743248
244766	0.001254841557
244767	0.003073745579
244768	0.002011569456
244769	0.001644106303
244770	0.001494697792
244771	0.001145119645
244772	0.002136101445
244773	0.0004463048285
244774	0.00254631489
244775	0.002147172477
244776	0.005255857881
244777	0.001828288549
244778	0.001404338015
244779	0.002774962613
244780	0.004200271749
244781	0.005607373799
244782	0.003853290372
244783	0.005289142809
244784	0.005083395706
244785	0.003245030418
244786	0.001653200099
244787	0.001642798109
244788	0.002528019105
244789	0.000296183124
244790	0.00152202419
244791	0.0008188472361
244792	0.0002500475927
244793	0.004906559767
244794	0.0007358361216
244795	0.0002453512156
244796	0.0008568737201
244797	0.0007239831064
244798	0.0003104024841
244799	0.0007292832329
244800	0.001955982125
244801	0.001374597692
244802	0.003405591542
244803	0.001895864302
244804	0.001578662099
244805	0.001165899149
244806	0.0003842403554
244807	0.002224050444
244808	0.0004103335333
244809	0.002861855495
244810	0.001604199282
244811	0.001251492596
244812	0.002932451374
244813	0.001318545192
244814	0.002486863878
244815	0.0009183393091
244816	0.003366978082
244817	0.0001787895351
244818	0.001964323153
244819	0.002099976357
244820	0.001571283223
244821	0.0005306632436
244822	0.004170694931
244823	0.001276313312
244824	0.004128981531
244825	0.002475241022
244826	0.002169202455
244827	5.99803502e-05
244828	0.002894630259
244829	0.002070102889
244830	0.002659488807
244831	0.001110912372
244832	0.0002194250872
244833	0.003472743679
244834	2.023805658e-05
244835	0.0002729788289
244836	0.0006559006665
244837	1.645838655e-05
244838	0.0004650136012
244839	0.0005112456981
244840	0.0001157336389
244841	0.0005979034776
244842	0.005060010225
244843	0.0007274669724
244844	0.004056472861
244845	0.00272013455
244846	0.0005177261861
244847	0.000354390254
244848	0.0006864859244
244849	0.000255188714
244850	0.003793775862
244851	0.001859796642
244852	0.0008658465504
244853	0.00343185078
244854	0.00246364321
244855	0.004229453637
244856	0.004559136751
244857	0.003624179016
244858	0.004327061669
244859	0.003048165459
244860	0.001011933572
244861	0.0006740444993
244862	0.004555637164
244863	3.549159515e-05
244864	0.0003092391281
244865	0.000460806998
244866	0.0008323847365
244867	0.0001927768277
244868	0.0006684817601
244869	0.0002535317653
244870	0.0002187836319
244871	0.0002846976271
244872	0.0002530963862
244873	0.0001994448999
244874	0.0002406541309
244875	0.0004477647488
244876	0.0004662168186
244877	0.0006339501866
244878	0.0002058657225
244879	0.0007058204623
244880	0.0001338352851
244881	0.0003937878863
244882	6.313976469e-05
244883	0.0001596572612
244884	1.222781518e-05
244885	0.0003650849263
244886	5.961797463e-05
244887	0.000133635509
244888	0.0003962945591
244889	0.0005150610857
244890	0.0004086454417
244891	0.0004115766989
244892	0.0002482755305
244893	0.0006132496862
244894	2.784667798e-05
244895	0.0009020989395
244896	0.0002641387523
244897	0.0002441185993
244898	0.0001174124806
244899	0.0003851295573
244900	0.0003690887227
244901	0.0002905885606
244902	6.507732681e-05
244903	0.0001998145958
244904	0.0002927912134
244905	0.0006644890006
244906	0.0001130169677
244907	0.0002303349792
244908	0.0001627908649
244909	0.0004117618048
244910	0.0001368040542
244911	0.0004328726026
244912	5.481287121e-05
244913	0.0002379819428
244914	0.0003471240548
244915	0.0003630681876
244916	0.0001534540557
244917	0.000270305659
244918	0.0001707427611
244919	0.0004187732367
244920	0.0004980072
244921	0.0002191538137
244922	5.545922137e-05
244923	0.0002706627422
244924	0.0004461668046
244925	0.0001587007581
244926	0.004075443498
244927	9.556436615e-05
244928	0.0004689761085
244929	0.0001229727741
244930	0.0002236007203
244931	0.0001536217436
244932	0.0005353050717
244933	0.0002931139945
244934	0.0001397690033
244935	0.0004562048425
244936	0.0003733991293
244937	0.0003958783048
244938	0.004577558662
244939	0.0003876089907
244940	0.0004555953069
244941	0.0001318346006
244942	0.0004216184428
244943	0.0001183650644
244944	0.0005352968464
244945	5.048185385e-05
244946	2.35021881e-05
244947	0.0002169370521
244948	2.524686579e-05
244949	9.478588908e-05
244950	0.000394777382
244951	0.0004611868518
244952	3.110503613e-05
244953	6.343757371e-05
244954	0.0002087306244
244955	0.0003216441809
244956	0.0002089390246
244957	0.0001036568331
244958	0.0003121332125
244959	0.0001811320585
244960	0.0004267173684
244961	0.0007334669544
244962	0.000221098899
244963	0.0005465349293
244964	6.269848318e-05
244965	1.262675017e-05
244966	1.173845283e-05
244967	2.251035046e-05
244968	0.0003725740495
244969	0.0001761014898
244970	0.0002055390178
244971	0.0002710794796
244972	0.0001447733751
244973	0.0001783534201
244974	0.0002422340244
244975	0.000511902629
244976	0.0003010810099
244977	0.0003694558561
244978	0.000144403498
244979	0.0003293877362
244980	0.0004580092289
244981	1.587782383e-05
244982	0.000111251067
244983	0.0003463685173
244984	4.0244317e-05
244985	0.0004244175333
244986	0.000224220316
244987	0.000367216546
244988	0.0004464691734
244989	0.0003553145879
244990	0.0008473936229
244991	0.0002415420192
244992	0.00104829464
244993	0.0007273517999
244994	0.0003599256729
244995	3.206115774e-05
244996	0.003138694317
244997	5.504078336e-05
244998	9.837377076e-05
244999	0.0004098279997
245000	0.0004675037271
245001	0.0007029335135
245002	7.577972793e-05
245003	0.000325027395
245004	0.0001190721356
245005	0.0005430062501
245006	0.001015729724
245007	0.0005085664047
245008	0.000279166763
245009	0.0001905495896
245010	0.0002073289126
245011	0.0005067723038
245012	0.0001070544379
245013	0.0001884614366
245014	0.0002735912591
245015	0.0003441950072
245016	0.0002000846783
245017	0.0009569036767
245018	5.479470542e-05
245019	0.0002462456628
245020	0.0001199511558
245021	0.0002563854739
245022	2.353785303e-05
245023	0.0004382669323
245024	0.0002436101923
245025	0.0002488635974
245026	0.0001119062288
245027	0.005516732076
245028	0.005664168577
245029	0.001262229212
245030	0.004887260348
245031	0.002030811055
245032	0.0005324974714
245033	0.002677928939
245034	0.003260725257
245035	0.001208603059
245036	0.0007508553696
245037	0.001415309037
245038	0.003177829411
245039	0.000908536711
245040	0.004172243802
245041	0.0003711338659
245042	0.0007506996291
245043	0.0003672491788
245044	0.0004428550811
245045	0.0003975440193
245046	0.004869111179
245047	0.006572244247
245048	0.0035671053
245049	0.0007662590503
245050	0.001761306377
245051	0.002303060675
245052	0.001815325898
245053	0.0003545797072
245054	0.003333571109
245055	0.003485730373
245056	0.0001493821033
245057	0.0005988012257
245058	0.000433034987
245059	0.001470701711
245060	0.0003646881043
245061	0.004038420167
245062	0.00163884997
245063	0.005333551604
245064	0.005614086592
245065	0.00158858948
245066	0.000357904431
245067	0.004339147313
245068	0.003883811229
245069	0.001184390762
245070	0.004668024126
245071	0.001857547068
245072	0.001702305722
245073	0.00100269377
245074	0.001824917669
245075	0.001907983443
245076	0.003627290247
245077	0.003398189669
245078	0.002521484712
245079	0.004092765589
245080	0.0004028931568
245081	0.002161099333
245082	0.001839872212
245083	0.0009313472317
245084	0.003251510653
245085	0.003491335513
245086	0.0007550427421
245087	0.002239699251
245088	0.002477107838
245089	0.001451493693
245090	0.001780333001
245091	0.0025990183
245092	0.004702283511
245093	0.004168042453
245094	0.002038928461
245095	0.0005458140305
245096	0.007180619195
245097	0.003019547837
245098	0.003708029853
245099	0.001250804579
245100	0.0006856288638
245101	0.0001407350689
245102	0.0001605879954
245103	0.002557886089
245104	0.00484351723
245105	0.000617269812
245106	0.0009571713372
245107	0.002129487102
245108	0.001592933067
245109	0.0008509970037
245110	0.001207130232
245111	0.0007687214165
245112	0.002275383607
245113	7.294523619e-05
245114	0.004446398168
245115	0.001402657395
245116	0.001007006444
245117	0.00135442091
245118	0.001347610279
245119	0.0005224379772
245120	0.003263490355
245121	0.00417589064
245122	0.002074511672
245123	0.0004944165235
245124	0.001650524899
245125	0.00232751039
245126	0.0004322574196
245127	0.002080754921
245128	0.003060222862
245129	0.003800379429
245130	0.00271090034
245131	0.000630029577
245132	0.006834673034
245133	0.000930737208
245134	0.0007770144533
245135	0.0009827651419
245136	0.001912184611
245137	0.002351530597
245138	0.0004395819792
245139	0.001428760682
245140	0.0004359110215
245141	0.000317948742
245142	7.755100762e-06
245143	0.0001427185497
245144	0.0004256279791
245145	0.000143827604
245146	0.0002618237402
245147	0.000289289964
245148	0.001717697136
245149	0.0001355975105
245150	0.000253893042
245151	0.0004726114708
245152	0.0008237269942
245153	0.0005608456607
245154	0.0001767951499
245155	0.0007652045181
245156	0.0008398586618
245157	0.0005062299336
245158	8.909350269e-05
245159	0.0002193932259
245160	0.0001265428696
245161	0.0003678854351
245162	7.770764701e-05
245163	5.059042417e-05
245164	7.337141737e-05
245165	4.907473129e-06
245166	0.0004807163573
245167	0.00198895658
245168	0.0006482165781
245169	0.002154709556
245170	0.00138989053
245171	0.0004660281467
245172	8.298215071e-05
245173	3.326898763e-05
245174	0.0002309287334
245175	0.0001087939062
245176	0.0002706510113
245177	0.0007203880005
245178	0.0004534096754
245179	0.001076496302
245180	0.0007402202291
245181	0.0001687832943
245182	0.0001309665399
245183	0.0002601819548
245184	0.0001182479465
245185	0.0002172922743
245186	1.888754888e-05
245187	0.0001007016646
245188	0.000202753262
245189	0.0005956917629
245190	0.0001361029153
245191	0.0006594891252
245192	0.0004577183064
245193	0.0001376307202
245194	0.0004711251239
245195	0.001061416362
245196	0.002096649498
245197	0.0003321703687
245198	0.0007066088205
245199	0.0005330247119
245200	3.912918312e-05
245201	0.0006130849706
245202	3.869005248e-05
245203	0.0002619037725
245204	0.0007975604705
245205	0.0003441183828
245206	0.000301398173
245207	9.180001568e-05
245208	0.0009457641996
245209	0.00150833617
245210	0.001561743395
245211	0.001343511593
245212	0.0002880027709
245213	5.634638923e-05
245214	0.0012173727
245215	0.0001127425938
245216	8.03211108e-05
245217	0.0005626999212
245218	0.0005970967178
245219	0.0004676036528
245220	3.501633017e-05
245221	0.000371666725
245222	8.244394403e-05
245223	0.0008289820144
245224	0.0003791783645
245225	3.465220726e-05
245226	0.0002545962003
245227	0.001605588292
245228	0.00043284433
245229	0.0004470055295
245230	0.0006226950304
245231	0.0019396893
245232	0.0005697535887
245233	0.000114518452
245234	0.0009429559713
245235	0.0003750846738
245236	0.000233977292
245237	0.0001335551124
245238	1.603317421e-05
245239	0.000474785381
245240	0.0001070088664
245241	0.0005592762603
245242	0.0001979096038
245243	0.0003435060576
245244	0.0004043412523
245245	0.0002755265392
245246	0.00032986633
245247	0.0003261565066
245248	0.0001980368608
245249	0.0003186024652
245250	0.0005399073493
245251	0.0002471755076
245252	0.0002140519492
245253	0.0001402572782
245254	0.0008077583677
245255	0.0003970640106
245256	0.002567494931
245257	0.000519697027
245258	0.0004178989735
245259	3.696311554e-05
245260	0.0005745723974
245261	0.0002284098281
245262	0.0001897265459
245263	0.0001391598755
245264	0.001924618138
245265	4.984175333e-05
245266	0.0008349399539
245267	0.0004818311576
245268	0.0009060751847
245269	0.0006215581038
245270	0.00355324867
245271	0.0001026073113
245272	0.0002688235859
245273	0.0002762193782
245274	8.45563939e-06
245275	0.0006443485806
245276	0.0001485775205
245277	0.0005784892954
245278	0.0002152430034
245279	0.0004654559401
245280	0.0005322753085
245281	0.0002768641351
245282	0.001120086153
245283	0.002155695955
245284	4.651925215e-05
245285	0.0003156144446
245286	0.0002053123575
245287	0.001241627792
245288	0.0003513645338
245289	0.0005485889296
245290	0.0002399110305
245291	4.215896964e-05
245292	0.0002225808723
245293	0.0002329040566
245294	0.000751636995
245295	0.0003530628588
245296	0.0001252389344
245297	0.0009095905649
245298	0.0007253549773
245299	0.0004693693264
245300	0.002795249645
245301	0.0004712799628
245302	0.002015296426
245303	3.975272989e-05
245304	8.599341623e-05
245305	0.000480491684
245306	0.0002039428502
245307	0.000603148479
245308	7.82660732e-05
245309	0.001733530761
245310	0.0006269123945
245311	0.0004897722903
245312	9.532833696e-05
245313	0.0008696485005
245314	0.0006345956117
245315	1.450450955e-05
245316	0.0001785943566
245317	8.294120033e-06
245318	0.0002783724898
245319	0.0006707588467
245320	0.0002547431526
245321	0.0005582932517
245322	0.0002721581046
245323	0.00187521502
245324	0.0006897779716
245325	0.0009928937842
245326	0.0003637937742
245327	0.000140974234
245328	0.000161559947
245329	4.846688516e-05
245330	0.0001134152357
245331	0.0003580853643
245332	0.0001684739254
245333	0.0007076573416
245334	9.846155325e-05
245335	0.000421961513
245336	0.00330858632
245337	0.0003725346207
245338	6.012358676e-05
245339	0.0003651307667
245340	0.0001393504485
245341	0.0001469750211
245342	0.0006640321948
245343	0.0006178398019
245344	0.0002105464101
245345	0.0008698695197
245346	0.0009416823301
245347	0.0004553972728
245348	0.0003878800743
245349	0.0003782674097
245350	0.0002189229358
245351	0.0005032941328
245352	7.953346405e-05
245353	0.0002825145199
245354	4.515729661e-05
245355	0.0002595148156
245356	0.000426808563
245357	3.255425112e-05
245358	0.002887441338
245359	0.0009636293921
245360	0.0001903117117
245361	0.000450412301
245362	7.189867046e-05
245363	0.000547719717
245364	2.883792937e-05
245365	0.0008601667608
245366	0.0001943890149
245367	0.001004434706
245368	2.174414572e-05
245369	0.0008101806866
245370	0.0003642302174
245371	0.000530533808
245372	0.0007392367149
245373	0.0006739688195
245374	0.0005614239316
245375	0.0002483529669
245376	0.0001862488411
245377	0.0005773488231
245378	0.0002311565487
245379	0.0001989836459
245380	0.0006196359995
245381	0.001063172127
245382	2.213089893e-05
245383	0.0006813226938
245384	0.0003453191068
245385	0.0002945167084
245386	7.926156658e-05
245387	0.0004108615232
245388	0.0004606453895
245389	0.0001045611286
245390	0.0005092856605
245391	0.0004930442622
245392	3.102014961e-05
245393	4.411802114e-05
245394	0.0002893412736
245395	0.0004413377051
245396	0.0002234788008
245397	0.0001572789771
245398	0.0001960267072
245399	9.231908741e-05
245400	2.191689931e-05
245401	0.0002937990271
245402	0.0005121572062
245403	0.0004778748378
245404	0.0002108398629
245405	0.0005855309262
245406	0.0002950886177
245407	0.0002400131392
245408	3.321485135e-05
245409	0.0001591458338
245410	0.0002293066852
245411	2.750034533e-05
245412	0.0001483414891
245413	0.0009596470839
245414	0.0006125650519
245415	0.0004110043588
245416	0.0003203732672
245417	0.0005587066328
245418	0.0005315555653
245419	0.0001272797514
245420	0.0001319780038
245421	0.0001771924094
245422	0.0007756785287
245423	8.602152125e-05
245424	0.0002476771639
245425	9.053483968e-05
245426	0.0006603458276
245427	0.00310617305
245428	0.002608145131
245429	7.280538211e-07
245430	0.0007110304177
245431	9.276084006e-05
245432	5.069464688e-06
245433	0.000482249313
245434	0.0001988350323
245435	0.0005445925851
245436	0.0006402253446
245437	0.0008109511476
245438	0.000553056862
245439	0.0001524016994
245440	0.0001377924917
245441	0.0004783128136
245442	0.0001912766957
245443	0.0002434866636
245444	7.06495331e-05
245445	0.0001293939017
245446	0.0003119497949
245447	0.0003520529744
245448	5.07505069e-06
245449	5.399015857e-05
245450	1.737565297e-05
245451	0.001668302596
245452	0.001024328713
245453	0.001797123584
245454	6.917384127e-05
245455	0.0003180155074
245456	0.0004355712462
245457	0.0002795369968
245458	0.0003001254925
245459	0.0005856889772
245460	0.0004165080834
245461	0.0005864143607
245462	0.0002313631244
245463	0.0008044353112
245464	3.058280069e-05
245465	0.0001267821054
245466	2.558793652e-05
245467	0.0008610747065
245468	0.001103363287
245469	0.0004178062698
245470	8.328160544e-05
245471	0.0004737676177
245472	1.202670166e-05
245473	0.0006221587267
245474	0.0004353481675
245475	0.0004614512626
245476	7.896241436e-05
245477	6.373642846e-05
245478	0.0001454140752
245479	0.0004879094667
245480	0.0005035074197
245481	0.0004780261834
245482	0.0008604781847
245483	0.0005536754914
245484	0.00015985247
245485	1.462303217e-06
245486	0.0004744717488
245487	9.441660178e-05
245488	0.0003093981016
245489	0.0004704989326
245490	0.003215246247
245491	8.051606042e-05
245492	0.0002089799919
245493	0.001078310839
245494	0.0004294985762
245495	0.0001095157789
245496	0.0003813612212
245497	0.001100858081
245498	0.000393837045
245499	0.0006448556176
245500	9.290395757e-05
245501	0.0003680941137
245502	1.895112763e-05
245503	0.0001346629387
245504	0.0008758281327
245505	0.0001484345142
245506	0.0003517602518
245507	0.0008040409125
245508	0.0006277591026
245509	0.0002505582462
245510	0.0008271031249
245511	0.0001960577608
245512	0.0001455386332
245513	0.0001571735021
245514	9.166401819e-05
245515	0.0003462557802
245516	0.0003264140133
245517	0.0004912415126
245518	0.0001012166124
245519	0.0003440242027
245520	0.0002721102878
245521	0.001392718487
245522	0.0003788557717
245523	0.0005118302953
245524	0.002968620328
245525	0.001111336316
245526	0.0009798317408
245527	0.0002819201708
245528	0.0001964861912
245529	0.0004436110953
245530	4.506867798e-05
245531	0.0006870229672
245532	0.0008832343519
245533	3.532625198e-05
245534	0.000425059722
245535	0.0003898340973
245536	0.0004897797199
245537	0.0002120158651
245538	0.0001155779129
245539	0.0007728867677
245540	2.92967236e-05
245541	0.001104519586
245542	0.0001109337092
245543	0.0004179926052
245544	0.00116552949
245545	0.002322571731
245546	0.001097265399
245547	0.0008153472259
245548	8.162038064e-05
245549	0.0003118819911
245550	0.0006722084567
245551	0.0002254225392
245552	0.0001116713148
245553	0.001522447837
245554	0.0002252407847
245555	0.002038497684
245556	0.000172136606
245557	0.001498305448
245558	0.0001651702204
245559	0.0006559097411
245560	6.531014607e-05
245561	0.0001281023267
245562	0.0001598332061
245563	0.0002430932563
245564	0.000625547579
245565	0.0004774603034
245566	0.000340110849
245567	0.0002810443126
245568	0.001889214922
245569	0.0005140172548
245570	0.0005972152637
245571	0.0001127393607
245572	0.002270456931
245573	0.0001286030458
245574	0.001523715243
245575	7.688688865e-05
245576	7.227220349e-05
245577	6.183903258e-05
245578	9.367417604e-05
245579	0.0009113702555
245580	0.0001090407774
245581	0.001058490363
245582	0.002788135982
245583	0.0009704024759
245584	0.0005662431683
245585	3.665399789e-05
245586	7.633470614e-05
245587	0.000213091873
245588	0.0001495197936
245589	0.000200534436
245590	0.001431643642
245591	0.0004717008571
245592	0.0001762153354
245593	0.000130186306
245594	0.0001291849233
245595	0.0003251866201
245596	0.0005673854851
245597	0.0007374429318
245598	0.0004423184556
245599	0.0004965230681
245600	0.0002343590508
245601	0.001101594862
245602	0.0006033214058
245603	0.0004922303866
245604	0.0007828810052
245605	0.0005071937379
245606	8.473979121e-05
245607	0.0001815238315
245608	0.0006614183196
245609	0.0002906667611
245610	8.456138907e-05
245611	0.0002602568274
245612	0.0004166201873
245613	0.0002043207706
245614	0.0001497679447
245615	0.0007179136132
245616	7.238768716e-05
245617	0.0003740923946
245618	0.0002351878423
245619	0.002716957888
245620	0.0002562938773
245621	3.504072884e-05
245622	0.0002371969954
245623	0.002904590459
245624	0.0002781570209
245625	7.040161933e-06
245626	0.0006187664843
245627	0.0001330301725
245628	8.1346667e-05
245629	0.000199704791
245630	0.0003646745769
245631	0.0002863658049
245632	0.001864705963
245633	0.001025169884
245634	0.0009252487611
245635	0.0004211705913
245636	0.0001251750602
245637	0.0005232235233
245638	0.0003059752001
245639	0.0002462625634
245640	0.0001142230697
245641	0.001357102192
245642	0.0005481047827
245643	0.0004220286096
245644	4.635106128e-05
245645	0.0001176055446
245646	0.0006483693647
245647	0.0003010981861
245648	0.0003241542531
245649	0.0008560301084
245650	0.0006596836119
245651	0.0001957509327
245652	0.0004917283094
245653	0.0002327223522
245654	0.001486471401
245655	4.273563802e-05
245656	0.001263966446
245657	1.616701749e-05
245658	0.0004439534274
245659	0.0001366610256
245660	0.0008167115823
245661	0.0009658705247
245662	1.527754081e-05
245663	0.000472841443
245664	0.0001781698682
245665	0.0002098323108
245666	0.0001546944102
245667	7.231440018e-05
245668	0.000336757108
245669	0.0001816081479
245670	0.0004396651272
245671	0.0004034205331
245672	0.0007321227618
245673	6.306785944e-05
245674	0.0003589602272
245675	1.38416774e-06
245676	0.0001592277961
245677	0.0004531125956
245678	6.39781778e-05
245679	0.000233769684
245680	0.0005640649832
245681	0.0003799322293
245682	0.001600507116
245683	0.0001697173621
245684	0.00225810598
245685	0.00216126763
245686	0.0001758626903
245687	1.174119805e-05
245688	0.0006329441852
245689	0.0009256828137
245690	0.0001944813774
245691	0.0007752842813
245692	0.0002859880014
245693	0.0002667136904
245694	0.001179022415
245695	0.0005480790559
245696	0.0007573748456
245697	0.0001011852261
245698	0.0001954830199
245699	7.894640643e-05
245700	0.0003451064973
245701	0.0006505782432
245702	0.0004535348078
245703	0.001326218251
245704	0.001533812853
245705	0.0004360310141
245706	0.000303484303
245707	0.001188838101
245708	0.001065804443
245709	0.0006208929736
245710	0.001315140726
245711	0.0007822005756
245712	0.0001222374855
245713	0.0002452626513
245714	0.00308534638
245715	5.388878558e-05
245716	0.0005200219593
245717	0.000176636118
245718	0.0001261370632
245719	0.001181828545
245720	0.000104553897
245721	0.0003335000677
245722	0.0005395454567
245723	0.000291427623
245724	0.0005655627147
245725	0.0002787039304
245726	0.0001487826
245727	0.0006915395219
245728	0.0004030672536
245729	0.0006477720951
245730	0.003323603639
245731	0.000108990989
245732	0.001049867711
245733	0.0005392863704
245734	0.0009338566601
245735	0.001200424555
245736	0.0003964873113
245737	0.001926788613
245738	0.00020165518
245739	0.001589268569
245740	0.0001136777516
245741	0.0005224202252
245742	6.43115519e-05
245743	6.367329339e-05
245744	0.0002712710967
245745	0.0003251216422
245746	0.001516556449
245747	0.0002453266602
245748	0.0009495906445
245749	0.0003223907562
245750	0.0005742300688
245751	0.0003981863365
245752	0.0003442887852
245753	0.0004085657894
245754	0.0003936521824
245755	0.0008487865438
245756	0.0006181698733
245757	0.0001681568547
245758	0.00211052283
245759	0.00112682842
245760	0.0003189607055
245761	0.0009977955417
245762	0.0003730130134
245763	0.000129713098
245764	0.0004898900869
245765	0.0007651854306
245766	0.0004450209838
245767	5.152248756e-05
245768	0.0002804559636
245769	0.002581073493
245770	0.0005821767953
245771	0.0003779558657
245772	0.0002531669845
245773	7.767774819e-05
245774	0.0003222540184
245775	0.000326949908
245776	0.0001132413129
245777	1.768224491e-05
245778	0.0002160863432
245779	0.0001066746266
245780	2.312970678e-05
245781	0.0002624920191
245782	0.0007496819026
245783	0.0002005724127
245784	7.297353828e-05
245785	0.0003233730704
245786	0.0002254016185
245787	0.0006078014964
245788	0.0005276125912
245789	0.0004566586226
245790	0.0003589705467
245791	0.0002559489448
245792	8.023890891e-05
245793	0.0008023054066
245794	0.0005579045618
245795	0.0001920939653
245796	0.0003431568229
245797	0.0002775491809
245798	0.00191833918
245799	0.001135807949
245800	0.0002678056053
245801	0.0005462026497
245802	0.0004802740885
245803	0.0002005377511
245804	1.798760785e-05
245805	0.0001422169106
245806	0.0002066919607
245807	0.0008909769443
245808	0.001165980958
245809	0.0004316647538
245810	0.0006878281789
245811	0.0009775603186
245812	0.0004259464604
245813	0.0007330540576
245814	0.000379070776
245815	0.0003894634708
245816	0.003139957872
245817	0.000689220091
245818	0.0006515384243
245819	0.0001215902693
245820	0.0001209140311
245821	8.99372686e-05
245822	0.002097836876
245823	0.0001101888791
245824	0.001096989434
245825	0.0004625219007
245826	2.959600214e-05
245827	0.0002760208294
245828	0.001691581532
245829	0.002804643169
245830	0.005510633865
245831	0.001711286191
245832	0.00181658218
245833	0.0002536808995
245834	0.001647262048
245835	0.0002485685771
245836	0.003748703652
245837	0.00136501368
245838	0.0003627390823
245839	0.0007290632867
245840	0.002415602812
245841	0.0008470094863
245842	0.005017020424
245843	0.002172608531
245844	0.0003582565108
245845	0.003334024609
245846	0.005916482363
245847	4.560636931e-05
245848	0.003543764376
245849	0.006477089639
245850	0.0001977079689
245851	0.003415874434
245852	0.0002922230061
245853	0.005376168696
245854	0.0009631908875
245855	0.006318400362
245856	0.001833380254
245857	0.0006934134732
245858	0.008253903891
245859	0.0005416629738
245860	0.004044724878
245861	0.003702078686
245862	0.0006449856396
245863	0.003985304968
245864	0.001266504632
245865	0.002178232283
245866	0.002613561799
245867	0.002671344284
245868	0.005650110335
245869	0.0008270444433
245870	0.002164504845
245871	0.001165021615
245872	0.002080042255
245873	0.00209221881
245874	0.001267264071
245875	0.0007924624226
245876	0.002531705017
245877	0.001901891769
245878	0.0004117464877
245879	0.00198889844
245880	0.001483559954
245881	0.002474042461
245882	0.003392155231
245883	0.003553556122
245884	0.0001568305641
245885	0.002812755188
245886	0.0003497511675
245887	0.003333326398
245888	0.00122303401
245889	5.193084031e-05
245890	0.001246143651
245891	0.007433410423
245892	0.002496602652
245893	0.0005544957511
245894	0.006812319036
245895	0.00451935471
245896	0.0005906053651
245897	0.003776030941
245898	0.004064233201
245899	0.001340554877
245900	0.002574934413
245901	8.622611259e-05
245902	0.0008756591694
245903	0.003501178929
245904	0.002774694787
245905	0.005516310801
245906	0.0007630026031
245907	0.002160941686
245908	0.0004261617957
245909	0.0003783679077
245910	0.001874762936
245911	0.005043718106
245912	0.001632427284
245913	0.0001060076313
245914	0.002236764418
245915	0.001492867071
245916	0.002448938039
245917	0.00108798577
245918	0.002875267898
245919	0.003430500462
245920	7.964682645e-05
245921	9.76326208e-05
245922	0.001966331322
245923	0.004925300847
245924	0.0002124769384
245925	0.003059931283
245926	0.0006043498342
245927	0.002847641813
245928	0.0001538210605
245929	0.002741201517
245930	0.0002775693583
245931	0.007373143958
245932	0.002278250229
245933	0.002035406216
245934	0.001763198408
245935	0.00392257659
245936	0.002269576462
245937	0.003541537502
245938	9.661273411e-05
245939	0.0007003453028
245940	0.002686205995
245941	0.002507305688
245942	4.639912026e-05
245943	0.000731647417
245944	0.0004479139508
245945	0.002415373982
245946	0.000597143347
245947	0.00250839201
245948	0.002504793053
245949	0.004277730188
245950	0.0006718971763
245951	0.001102437111
245952	0.0003373149043
245953	0.001456009399
245954	0.0002462684658
245955	0.0001259819705
245956	0.00652387029
245957	0.004898428584
245958	0.001865272713
245959	0.003337199106
245960	0.005127059127
245961	0.001303143814
245962	0.004163842003
245963	0.001673005991
245964	0.002708414548
245965	0.0004206052587
245966	0.0003552257067
245967	0.0008618019086
245968	0.000113542605
245969	0.001083620006
245970	0.000150962262
245971	0.001098202894
245972	0.001527258457
245973	0.002334634489
245974	0.0002434716571
245975	0.004032454152
245976	0.001125490564
245977	0.00304406857
245978	0.001195976949
245979	0.0009366313224
245980	0.002952506799
245981	0.003258507954
245982	0.00127139682
245983	0.005795338418
245984	0.004237848578
245985	0.003120162208
245986	0.002741172961
245987	0.002448473506
245988	0.003681464094
245989	0.003563640133
245990	0.0002875776274
245991	0.0005651900327
245992	0.00334168216
245993	0.001940310451
245994	0.0003796139063
245995	0.0006894779405
245996	0.004674512164
245997	0.001630449641
245998	0.003001497163
245999	0.0006057386388
246000	0.001031961731
246001	0.001272668063
246002	0.0008218704943
246003	0.001236639842
246004	0.0008479472953
246005	0.001179634783
246006	0.001029824719
246007	0.000608368834
246008	0.0004518075973
246009	0.001033573884
246010	0.00125196397
246011	0.0008573674391
246012	0.0008143229582
246013	0.001025954621
246014	0.0007405611256
246015	0.001323215095
246016	0.001349360988
246017	0.001043237938
246018	0.0008827835858
246019	0.0007567798073
246020	0.002604536147
246021	0.002600538544
246022	0.0006922317726
246023	0.0003619948516
246024	0.002027773439
246025	0.00113815624
246026	0.001453050833
246027	0.0002884234232
246028	0.003286973502
246029	0.0004746085671
246030	0.00366968193
246031	0.0004620410758
246032	0.004390860001
246033	0.004086183557
246034	0.001630622814
246035	0.003301418638
246036	0.003141049218
246037	0.00207005672
246038	0.0006223855699
246039	0.002375589607
246040	0.0002697009224
246041	0.003279129649
246042	9.261846633e-05
246043	0.001444504107
246044	0.004256470643
246045	0.001209047928
246046	0.0004374890763
246047	0.005484853107
246048	0.00173530903
246049	0.001530639012
246050	0.001295332831
246051	0.003436211954
246052	0.005707591235
246053	0.002249060318
246054	0.001419073585
246055	0.002937004192
246056	0.001791671659
246057	0.0005607931178
246058	0.003584421746
246059	0.00131638575
246060	0.006028589803
246061	0.0005132502562
246062	0.002103574928
246063	0.0005084251261
246064	0.001755912885
246065	0.0004098514636
246066	0.001566911405
246067	0.004731640506
246068	0.0003928906421
246069	0.003397167311
246070	0.002545002851
246071	0.006592584281
246072	0.003262166649
246073	0.002422096736
246074	0.0003902327794
246075	0.003452998639
246076	0.004002915015
246077	0.003005274785
246078	0.005162182403
246079	0.005625384536
246080	0.003679410755
246081	0.0003196855542
246082	0.002400028477
246083	0.006096857751
246084	0.001838264581
246085	0.004536710278
246086	0.001600544666
246087	0.00118141146
246088	0.001366945326
246089	0.002233138961
246090	0.0005642531049
246091	4.025724472e-05
246092	0.002158038662
246093	0.001766854578
246094	0.002479892135
246095	0.002397077454
246096	0.001939432281
246097	0.0003539465625
246098	0.002535144185
246099	0.0007521744658
246100	0.0001854581341
246101	0.002041596021
246102	0.001305301745
246103	0.003632403511
246104	0.002297489196
246105	0.0004070359687
246106	0.006715277462
246107	0.005567110827
246108	0.002897821904
246109	0.003017844358
246110	0.001056430915
246111	0.003746076583
246112	0.001543299942
246113	0.002191995083
246114	0.0003986184469
246115	0.001957566694
246116	0.0031523318
246117	0.002394509211
246118	0.003390120303
246119	0.0001669382281
246120	0.001302957389
246121	0.0002972628291
246122	0.006860787646
246123	0.008235757537
246124	0.006434862352
246125	0.00260340512
246126	2.824636766e-06
246127	0.003335439901
246128	0.001280054458
246129	0.00232653817
246130	0.0007846676768
246131	0.001233571848
246132	0.0005863742796
246133	0.002798516929
246134	0.0006320464395
246135	0.004210774098
246136	0.003782637247
246137	0.003284058767
246138	0.001645810601
246139	0.0008443831375
246140	0.002899605434
246141	0.002003418749
246142	0.004753385947
246143	0.0003914006587
246144	0.0005131818897
246145	0.002444647341
246146	0.002718634366
246147	0.001275680712
246148	0.0008974334959
246149	0.006952829085
246150	0.001104303728
246151	0.001487636321
246152	3.657099884e-05
246153	0.0002807795314
246154	0.006052437806
246155	0.0008193795646
246156	0.0007505084557
246157	0.0002895501255
246158	0.003074553335
246159	0.001219154256
246160	0.000868453914
246161	0.002079019526
246162	0.003012332236
246163	0.0002662951515
246164	0.004649643206
246165	0.003530624614
246166	0.0006389247001
246167	0.002895215028
246168	0.0006490721131
246169	0.001200734313
246170	0.0006827107661
246171	0.0008567657431
246172	0.002507348904
246173	0.002514916691
246174	0.0007735771241
246175	0.0001525524891
246176	0.003439272489
246177	0.001739239328
246178	0.0001239417392
246179	0.0003557459209
246180	1.668131352e-05
246181	0.0006139716321
246182	0.0002167976454
246183	0.0004819832514
246184	0.0004363118671
246185	0.0003864808547
246186	0.0003030501411
246187	0.0004931937935
246188	0.0001678168812
246189	0.0007134377891
246190	0.002331882361
246191	0.0005865221951
246192	0.0003734030583
246193	1.956221033e-05
246194	0.0002289228524
246195	0.0001308015481
246196	0.000320689822
246197	2.923840959e-05
246198	7.159803951e-05
246199	0.0002697379097
246200	0.0003018989606
246201	0.0005484803836
246202	0.0001509252614
246203	0.0001133681964
246204	8.703565868e-05
246205	0.0003710630373
246206	0.0002186053708
246207	0.0006072611488
246208	0.0002197471825
246209	0.002351455493
246210	0.001628432633
246211	0.001035095706
246212	0.001236322859
246213	0.0006848748375
246214	0.0003722072298
246215	0.003394841577
246216	0.001096584476
246217	0.0008271961223
246218	0.0005504788346
246219	0.0009259818087
246220	0.0008447124642
246221	0.0008443778959
246222	0.0009451485616
246223	0.001178477182
246224	0.001527499706
246225	0.00179446809
246226	0.0007696882599
246227	0.001010625699
246228	0.0006473641537
246229	0.0009265128969
246230	9.229522194e-05
246231	0.001200220521
246232	0.0008783519389
246233	0.0006467791283
246234	0.001170088996
246235	0.0005389357678
246236	0.0019680338
246237	0.001226796907
246238	0.0005516523754
246239	0.00057933011
246240	0.001078955048
246241	0.000681018072
246242	0.001149001934
246243	0.0008753029765
246244	0.0006930865167
246245	0.0008251474934
246246	0.0008539394875
246247	0.00108619425
246248	0.001127719942
246249	0.0006652034219
246250	0.0007518916197
246251	0.00137204061
246252	0.0008640801649
246253	0.0008395230928
246254	0.001231940411
246255	0.0004663288063
246256	0.001349119394
246257	0.0009931727666
246258	0.0006527578924
246259	0.001133418116
246260	0.001156246937
246261	0.0009817979139
246262	0.0008324240635
246263	0.0008017907141
246264	0.001342839526
246265	0.0008503747318
246266	0.0007572736712
246267	0.0003111350876
246268	0.0008454248269
246269	0.001260191567
246270	0.001794425103
246271	0.0009251121992
246272	0.001095882394
246273	0.0005352794203
246274	0.00101641849
246275	0.001533598944
246276	0.001184708975
246277	0.0009874273003
246278	0.0005915145893
246279	0.001314615922
246280	0.001114531904
246281	0.0001430047748
246282	0.0004790082307
246283	0.001058508059
246284	0.000795668175
246285	0.001308119875
246286	0.001516791772
246287	0.0009911476424
246288	0.001489675805
246289	0.001230972098
246290	0.001075755853
246291	0.001076708463
246292	0.0008033176349
246293	0.001092253024
246294	0.0007853754446
246295	0.0008793984016
246296	0.0009459393199
246297	0.0006791356923
246298	0.001198575993
246299	0.0008615656674
246300	0.0008006495802
246301	0.001067953209
246302	0.0008711782586
246303	0.00105556954
246304	0.0008368822012
246305	0.000596928745
246306	0.001356977877
246307	0.0008168890185
246308	0.0002945527092
246309	0.0005544121972
246310	0.001377793676
246311	0.001464856834
246312	0.0006121580589
246313	0.0011230188
246314	0.0008534912567
246315	0.001080663479
246316	0.001026384442
246317	0.0008620297011
246318	0.001074536978
246319	0.0009880666706
246320	0.0009120452345
246321	0.0009968264115
246322	0.001507310822
246323	0.001092160975
246324	0.001361430742
246325	0.001766161173
246326	0.0008972290262
246327	0.001121411738
246328	0.001082165197
246329	0.001058686226
246330	0.001507806168
246331	0.000983749203
246332	0.001329282085
246333	0.0008556441543
246334	0.001235822921
246335	0.001019376835
246336	0.0009938955462
246337	0.0009508510605
246338	0.001127218781
246339	0.001037288552
246340	0.001305290635
246341	0.001098667751
246342	0.001143699936
246343	0.001184071366
246344	0.001141969052
246345	0.0007243109463
246346	0.001404418277
246347	0.0002634819673
246348	0.0005515264636
246349	0.001069157509
246350	0.001481186148
246351	0.001298619766
246352	0.001164176148
246353	0.001037925887
246354	0.001821211611
246355	0.0005099640924
246356	0.002452716969
246357	0.0007656310511
246358	0.0008315479119
246359	0.001012642909
246360	0.001146093233
246361	0.0008639172799
246362	4.801665248e-05
246363	0.000336709171
246364	0.002328960059
246365	0.0007019701075
246366	0.0008701718399
246367	0.0006218878207
246368	0.0002545282659
246369	0.0007398017149
246370	0.0009991558641
246371	0.001003509855
246372	0.001084375618
246373	0.001098074877
246374	0.0007860398684
246375	0.00105308146
246376	0.001212148321
246377	0.001281377785
246378	0.001621601282
246379	0.001093579877
246380	0.001138277332
246381	0.0009862311874
246382	0.001142439551
246383	0.001035412452
246384	0.001025675087
246385	0.0008875413828
246386	0.001463750167
246387	0.0006865094596
246388	0.001043204585
246389	0.0003374189086
246390	0.00109362444
246391	0.0009924745314
246392	0.0009276017562
246393	0.0005177297867
246394	0.000415596328
246395	0.0006647712769
246396	0.000673701822
246397	0.0007589400707
246398	0.001398966523
246399	0.0009328065562
246400	0.0009659712823
246401	0.000778743583
246402	0.0009090858152
246403	0.00109102771
246404	0.0009489844856
246405	0.0001724400507
246406	0.001114664964
246407	0.001447586238
246408	0.001162929858
246409	0.001020213255
246410	0.001010883432
246411	0.001162179919
246412	0.001267631324
246413	0.001077585764
246414	0.0008759246372
246415	0.001045935423
246416	0.001194862394
246417	0.001009393394
246418	0.001188249729
246419	8.719297902e-05
246420	0.001250077625
246421	0.001087214188
246422	0.0008808821989
246423	0.0006501629363
246424	6.690489193e-05
246425	0.001150673787
246426	0.001026072609
246427	0.0008999775138
246428	0.001831713276
246429	0.001151931054
246430	0.001673898019
246431	0.001077293743
246432	0.001467582362
246433	0.001762369196
246434	0.0007003417501
246435	0.0009267928142
246436	0.0008452884612
246437	0.001093769899
246438	0.001391433452
246439	0.0005563018676
246440	0.0008689438013
246441	0.0005263922091
246442	0.001237475842
246443	0.0009464189123
246444	0.001076654311
246445	0.000915818474
246446	0.0008499657696
246447	0.001144350739
246448	0.001228110823
246449	0.0009864210878
246450	0.001303763314
246451	0.001191843502
246452	0.00111779383
246453	0.001258471146
246454	0.002039708378
246455	0.0008420937943
246456	0.001023685796
246457	0.001118567161
246458	0.0008808862992
246459	0.001135098095
246460	0.001354983667
246461	0.00108442188
246462	0.0007936207873
246463	0.0007188765363
246464	0.0008476117459
246465	0.0009723601516
246466	0.0009662774635
246467	0.001006209897
246468	0.001094387321
246469	0.001212069594
246470	0.001363522623
246471	0.001046009562
246472	0.001524941409
246473	0.001452933321
246474	0.0002485860428
246475	0.001061883949
246476	0.0008874088245
246477	0.001185731375
246478	0.0008077983712
246479	0.001343102617
246480	0.001238313323
246481	0.001204504858
246482	0.001330107434
246483	0.001107184419
246484	0.001116925716
246485	0.001305581889
246486	0.0007186992259
246487	0.0009398149784
246488	0.0009234534881
246489	0.0001270500881
246490	0.0009710144903
246491	0.001126698292
246492	0.0001460885911
246493	0.0008285855238
246494	0.001004167633
246495	0.002603346648
246496	0.0009830365486
246497	0.0007654424375
246498	0.00076565692
246499	0.001265734327
246500	0.001356744143
246501	0.001201540695
246502	0.001112401584
246503	0.0007045746278
246504	0.0008564476219
246505	0.000683344011
246506	0.001092883868
246507	0.001057914746
246508	0.0008309044719
246509	0.001724583791
246510	0.0006007736495
246511	0.001044867616
246512	0.001115723004
246513	0.0006324112791
246514	0.0009008350013
246515	0.00243056426
246516	0.0007631637291
246517	0.001851954962
246518	0.0009124812845
246519	0.0002081231926
246520	0.001207082931
246521	0.0005476317917
246522	0.001252373059
246523	0.0009747841915
246524	0.0012974301
246525	0.001294593714
246526	0.001239967714
246527	0.001320473158
246528	0.001143582209
246529	0.001218107235
246530	0.0009101515702
246531	0.0009088396661
246532	0.001196644485
246533	0.0002253832988
246534	0.0008713399108
246535	0.001492571705
246536	0.001106898959
246537	0.001110636202
246538	0.0008104017543
246539	0.002638191777
246540	0.001171168168
246541	0.0009409377839
246542	0.001144877502
246543	0.0009300012445
246544	0.0009651589053
246545	0.0002994342085
246546	0.001192592961
246547	0.0009804784925
246548	0.001164729605
246549	0.001406761413
246550	0.0016236559
246551	0.0008046307716
246552	0.001420691659
246553	0.001706280326
246554	0.001181761965
246555	0.001351651378
246556	0.001113926547
246557	0.00102755201
246558	0.0003625741486
246559	0.001625990976
246560	0.000636688543
246561	0.001014053605
246562	0.001308097423
246563	0.002422071582
246564	0.001520913392
246565	0.001346555797
246566	0.0003469052103
246567	0.001131609494
246568	0.001347974247
246569	0.001845666295
246570	0.001049466254
246571	0.0005520679769
246572	0.0005779740942
246573	0.000863250489
246574	2.20813085e-05
246575	0.002681504316
246576	0.001449158954
246577	0.0008176882102
246578	0.001015967275
246579	0.00363182609
246580	0.001306379848
246581	0.000200999821
246582	0.0009462903034
246583	0.00116878783
246584	0.001378125207
246585	0.0004650115096
246586	0.001013496382
246587	0.001866568388
246588	0.001296064423
246589	0.0006752651629
246590	0.0007905096429
246591	0.001074295872
246592	0.001671470266
246593	0.001185096589
246594	0.001207705367
246595	0.001412589461
246596	0.000866886988
246597	0.00147910773
246598	0.001503215637
246599	0.001003307107
246600	0.001779850692
246601	0.0009768177734
246602	0.0009222719483
246603	0.0008023523392
246604	0.0012076936
246605	0.001105461859
246606	0.0006528447336
246607	0.0008530046575
246608	0.001482587034
246609	0.0007855834511
246610	0.0008346732679
246611	0.001030845719
246612	0.000770403758
246613	0.0008766039857
246614	0.001288935299
246615	0.0008303862822
246616	0.0007412029102
246617	0.001547184787
246618	0.001375720815
246619	0.001304251656
246620	0.0009264165436
246621	0.0009817525919
246622	0.001133206222
246623	0.001090726733
246624	0.001482377025
246625	0.00075456475
246626	0.001062076901
246627	0.0004964982565
246628	0.001135756719
246629	0.000971983989
246630	0.001163577625
246631	0.0005903395536
246632	0.004114887612
246633	0.0007176568211
246634	0.0007919974185
246635	0.0004089843532
246636	0.00131062093
246637	0.002431500733
246638	0.0009748753054
246639	0.0005064587316
246640	0.0007555668039
246641	0.003140823952
246642	0.002383268133
246643	0.001659577052
246644	0.004251505123
246645	0.003946963568
246646	0.0005117046658
246647	0.0001124557069
246648	0.001255248213
246649	0.001636547817
246650	0.001650821962
246651	0.001213936794
246652	0.001553806455
246653	0.003170745975
246654	0.002181136454
246655	0.0003860476833
246656	0.0007839993822
246657	0.001196899539
246658	0.001648693297
246659	0.001507268781
246660	0.0002259233084
246661	0.002506012137
246662	0.0008860410079
246663	0.001672102719
246664	0.0008690231802
246665	0.002825287569
246666	0.002690494285
246667	0.0009409561774
246668	0.004705016225
246669	0.0001454734803
246670	0.0003614716756
246671	0.002335801754
246672	0.00268772676
246673	0.0009264607502
246674	0.0007229595898
246675	0.001318625558
246676	0.0006400285342
246677	0.003984078074
246678	0.001015727867
246679	0.002120858401
246680	0.001568676376
246681	6.003162148e-06
246682	0.001164672328
246683	0.0005495602585
246684	0.002302266282
246685	0.002312628549
246686	0.001010987379
246687	0.001174006647
246688	0.001676778232
246689	0.001784969456
246690	0.001438413138
246691	0.001189225173
246692	0.001396981081
246693	0.003027788022
246694	0.001792023839
246695	0.002656145839
246696	0.002462411692
246697	0.001093347025
246698	0.007677992179
246699	0.001380460248
246700	0.002818075738
246701	0.001466694619
246702	0.001875969875
246703	0.004175410105
246704	0.0006625547048
246705	0.001455825884
246706	0.003265159673
246707	0.0009193059084
246708	0.002278047714
246709	0.001837970311
246710	0.002854521719
246711	0.0002108412403
246712	0.002607723296
246713	0.0007813983912
246714	0.00191916738
246715	0.007819978816
246716	0.001241232255
246717	0.003596266562
246718	0.0002072731484
246719	0.0006188030873
246720	0.001361966306
246721	0.001006704123
246722	0.0007033405343
246723	0.00125195146
246724	0.0007617310281
246725	0.001294990957
246726	0.002173832215
246727	0.0002157036519
246728	0.0009218841586
246729	0.001470968797
246730	0.0005087592909
246731	0.0008952323635
246732	0.0007873401175
246733	0.002993099107
246734	0.001561029239
246735	0.002874745345
246736	0.001192802165
246737	0.0002398567145
246738	0.0001743889494
246739	0.002792598778
246740	0.001780467647
246741	0.0007078229157
246742	0.001461715895
246743	0.001156811477
246744	0.002181782004
246745	0.002302235627
246746	0.002438157593
246747	0.001447350418
246748	0.0005103358429
246749	0.002157599777
246750	0.001785745533
246751	0.003176487351
246752	0.0008459773578
246753	0.0006319620893
246754	0.0008768772731
246755	0.001713337605
246756	0.001270694862
246757	0.0005913120221
246758	0.0005727036882
246759	0.002946212995
246760	0.003510300337
246761	0.0002912723177
246762	0.002355666156
246763	0.003321640172
246764	0.003028977567
246765	0.001085657181
246766	0.00119292682
246767	0.004108669186
246768	0.0003012311381
246769	0.0006719041114
246770	0.0001244334896
246771	0.001049548213
246772	0.001220080976
246773	0.003883504026
246774	0.002000334207
246775	0.001557107638
246776	0.001079097895
246777	0.00107092307
246778	0.005338687948
246779	0.001494982457
246780	0.004459616131
246781	0.0003074208905
246782	0.0009951994938
246783	0.001260326691
246784	0.0005005065459
246785	5.301657664e-05
246786	4.024010409e-05
246787	0.002533830249
246788	0.001504543958
246789	0.0004391183996
246790	0.0003354906923
246791	0.003055528125
246792	0.001840323027
246793	0.003717107933
246794	0.0007841873656
246795	9.257765405e-06
246796	0.001375369394
246797	0.0003072359774
246798	0.001727260826
246799	0.001805611164
246800	0.001722406694
246801	0.001248754525
246802	0.0009523273164
246803	0.001425598094
246804	0.001723349782
246805	0.001196778198
246806	0.003699822219
246807	0.002211220934
246808	0.0006532812185
246809	0.001218569829
246810	0.001425108439
246811	0.00118694015
246812	0.001069031633
246813	0.001432615793
246814	0.0007374955035
246815	0.0008700286769
246816	0.001168412623
246817	0.0007079674206
246818	0.001569694333
246819	0.001421891557
246820	0.001099443495
246821	0.0008165669249
246822	0.0009242441758
246823	0.0007226907017
246824	0.001218427875
246825	0.0006882542705
246826	0.00130500392
246827	0.001114101027
246828	0.0008443014812
246829	0.0007781515177
246830	0.0007306820979
246831	0.0009866391883
246832	0.001176376213
246833	0.001289237112
246834	0.001359910472
246835	0.0009935534881
246836	0.001019928374
246837	0.001225369939
246838	0.001309430416
246839	0.001380470935
246840	0.0009044180036
246841	0.001093867599
246842	0.001462150026
246843	0.0009153580213
246844	0.000898864643
246845	0.0008872981787
246846	0.001211761861
246847	0.0008851412862
246848	0.00149002417
246849	0.0007999937263
246850	0.001120809122
246851	0.001121011524
246852	0.000640717991
246853	0.001124955455
246854	0.001422183552
246855	0.001149726625
246856	0.001573574988
246857	0.001057864275
246858	0.0007385693399
246859	0.001128692992
246860	0.0006808321268
246861	0.001141865487
246862	0.0008980021508
246863	0.0007925704895
246864	0.001116948184
246865	0.001373961561
246866	0.0009728874375
246867	0.001225190725
246868	0.001165481525
246869	0.001448285297
246870	0.001516894572
246871	0.005711078286
246872	0.001310161401
246873	0.001325476308
246874	0.001041056135
246875	0.0008950922382
246876	0.001047876973
246877	0.001444390205
246878	0.0009201171717
246879	0.0006177021253
246880	0.0011844059
246881	0.001166047893
246882	0.001317466816
246883	0.0007078881781
246884	0.001196993578
246885	0.001507332755
246886	0.0006211514699
246887	0.0005360273754
246888	0.0007241052898
246889	0.00114093577
246890	0.0008024986451
246891	0.0008736046124
246892	0.0007814953324
246893	0.001083363472
246894	0.0001589397087
246895	0.002142019891
246896	0.0009317968475
246897	0.001254325495
246898	0.001101957153
246899	0.0002160337542
246900	0.0008693742329
246901	0.001217822493
246902	0.001191972708
246903	0.001313525467
246904	0.001359268736
246905	0.001438629532
246906	0.001178575937
246907	0.0009734074202
246908	0.0009768682175
246909	0.0007116798827
246910	0.0006310841262
246911	0.0008852240243
246912	0.0003795456679
246913	0.0001091851309
246914	0.002181516929
246915	0.004641504763
246916	0.0006818450035
246917	0.0003724509206
246918	0.0006829854543
246919	0.0009241693214
246920	0.0008114333227
246921	0.0001421485172
246922	0.0008783538216
246923	0.0005867012395
246924	0.0003420868116
246925	0.0007093013139
246926	0.0001710659998
246927	0.00553959023
246928	0.0006346924749
246929	0.004252449361
246930	0.001655194552
246931	0.0009911024291
246932	0.0009044845545
246933	0.001025302963
246934	0.001743593605
246935	0.001891173506
246936	0.0007039619942
246937	0.002389978334
246938	0.00218353357
246939	0.002357393643
246940	0.001221187927
246941	0.0001106897161
246942	0.0007628021669
246943	0.00217620063
246944	0.001624210817
246945	0.001182954784
246946	0.001214987105
246947	8.834350821e-05
246948	0.00195845345
246949	0.001095189514
246950	0.001605397927
246951	0.001478462746
246952	0.001074346632
246953	0.001438304392
246954	0.001135375312
246955	0.0002317212251
246956	0.000723751776
246957	0.0006273360218
246958	0.0009802318182
246959	0.001001311803
246960	0.001263253046
246961	0.0008257483778
246962	0.0008931422905
246963	0.001156027469
246964	0.001512101891
246965	0.001175133114
246966	0.0009621550568
246967	0.0008168280313
246968	0.0007442882199
246969	0.001086401307
246970	0.001047524129
246971	0.001181297208
246972	0.0006367645947
246973	0.001482467688
246974	0.001347676074
246975	0.001197592023
246976	9.943820695e-05
246977	0.000797282641
246978	0.001185063552
246979	0.001188604097
246980	0.0008192099748
246981	0.001121161419
246982	0.001078992801
246983	0.0001527492348
246984	0.001211686438
246985	0.001386103852
246986	0.001046841178
246987	0.001124049953
246988	0.0007992532387
246989	0.001518078031
246990	0.0007676361972
246991	0.0009004056374
246992	0.001054162502
246993	0.0004052958381
246994	0.001289702019
246995	0.001273662045
246996	0.0002024413326
246997	0.0009636268228
246998	0.001051575836
246999	0.001325639576
247000	0.000584208013
247001	0.001178230936
247002	0.001617329313
247003	0
247004	0.0005247412954
247005	0.0006354925039
247006	0.0003006465753
247007	0.002343015301
247008	0.001353835394
247009	0.00113845203
247010	0.002261706456
247011	0.001000155552
247012	0.0006560486803
247013	0.001787649724
247014	0.002020508148
247015	0.004316110969
247016	0.0008812784554
247017	0.0007084727863
247018	0.002015580856
247019	0.001242027562
247020	0.0004363206868
247021	0.005519668344
247022	0.0006995878195
247023	8.998642692e-05
247024	0.002138523247
247025	0.0005769044407
247026	0.0007545917024
247027	0.0004432898152
247028	0.000101348967
247029	0.0003293132681
247030	0.0006824767467
247031	0.0004101671474
247032	0.0005157589863
247033	0.005761634802
247034	0.0005923859973
247035	0.001548419789
247036	0.002783433305
247037	0.001258770845
247038	0.0007098571503
247039	0.0008145479952
247040	0.001908202142
247041	0.0001808201628
247042	0.0003163132278
247043	0.003998571734
247044	0.001229912601
247045	0.002457106877
247046	0.0007721440658
247047	0.003656260729
247048	0.001782485277
247049	7.404568488e-05
247050	0.001854836617
247051	0.001521493173
247052	0.002400924172
247053	0.004733391505
247054	0.001103024673
247055	0.004301548637
247056	0.003261446433
247057	0.004550911543
247058	0.0004430821016
247059	0.004204467297
247060	0.000149857973
247061	0.0006936272149
247062	0.0002770136158
247063	0.0008348460533
247064	0.0007596522301
247065	0.001319054342
247066	0.001983272181
247067	0.0023116715
247068	0.0003214952953
247069	0.0007116920156
247070	0.0009153478109
247071	0.0002186220941
247072	0.0003869855784
247073	0.002032953622
247074	0.000834496177
247075	0.0007553391862
247076	0.001015386321
247077	0.001037765634
247078	0.001714589766
247079	0.00409115869
247080	0.000150601599
247081	0.002357185735
247082	0.002302484618
247083	0.0006848554732
247084	0.000980476765
247085	0.001746788659
247086	0.001724571697
247087	0.004174088641
247088	0.003530791277
247089	0.000416537263
247090	0.004072910921
247091	0.005316123543
247092	0.0004041524488
247093	0.001719229653
247094	0.001953485642
247095	0.002842031499
247096	0.0006656548275
247097	0.005266690726
247098	0.00381481725
247099	0.001450936767
247100	0.002562715393
247101	0.002842963957
247102	0.0004662406553
247103	0.0003285024544
247104	0.0005892255274
247105	0.0001097106708
247106	0.001294505615
247107	0.002834278539
247108	0.002324331879
247109	0.0006369330736
247110	0.001175819801
247111	2.616803232e-05
247112	0.002647830624
247113	7.499384583e-05
247114	0.001760992669
247115	0.001258210264
247116	0.003268396304
247117	0.001017466866
247118	0.001783823108
247119	0.003120817903
247120	0.002073098306
247121	0.002838402744
247122	0.0009568179896
247123	0.0001206200506
247124	0.003550103978
247125	0.006719260041
247126	0.0003614475933
247127	0.0001122770023
247128	0.004353147831
247129	0.001489424756
247130	0.001284200807
247131	0.002398395162
247132	0.002187576588
247133	0.0002906434253
247134	0.002088926777
247135	5.39789454e-05
247136	0.003725163309
247137	0.0007559762574
247138	0.001428821308
247139	0.002352405002
247140	0.0004721190383
247141	0.001478595572
247142	0.00079336789
247143	0.002541472203
247144	0.00472014176
247145	0.001845582078
247146	0.002087944553
247147	0.000101215895
247148	0.0004681659636
247149	0.001361678252
247150	0.00125822028
247151	0.004241907153
247152	0.001039741223
247153	0.00159016552
247154	0.001081215906
247155	0.002040211343
247156	0.0001671350915
247157	0.002624872072
247158	0.002386251696
247159	0.001448555132
247160	0.003093622028
247161	0.001033701782
247162	0.0003253197817
247163	0.001557818595
247164	0.0005008098753
247165	0.003066768468
247166	0.00105448294
247167	0.001357956437
247168	0.0008156079524
247169	0.00135684264
247170	0.003143832641
247171	0.003617547445
247172	0.003124105325
247173	0.005153551933
247174	0.0001408509072
247175	0.00166515532
247176	0.004818193481
247177	0.0006936614524
247178	0.003457229475
247179	0.002840795713
247180	0.005143098264
247181	0.001677676442
247182	0.001430386725
247183	0.002839346606
247184	0.001799016402
247185	0.002798391178
247186	0.001217614711
247187	0.0002303562617
247188	0.003568462187
247189	0.003649616593
247190	0.001596649158
247191	0.001212382874
247192	0.0001648711209
247193	0.0007152675641
247194	0.003250370931
247195	0.004071484926
247196	0.0008622847304
247197	0.004785656377
247198	0.001122717361
247199	0.0008961502441
247200	0.000312128901
247201	0.00160926925
247202	5.548930635e-05
247203	0.0008327366063
247204	0.001280808369
247205	0.001764514768
247206	9.474308585e-05
247207	0.001648017685
247208	0.002262443083
247209	0.002573255847
247210	0.002777372259
247211	0.001533229827
247212	0.00112754463
247213	0.001410013613
247214	0.0002060111802
247215	0.002026247764
247216	0.001073207948
247217	0.004204345954
247218	0.005294953257
247219	0.0009943080616
247220	0.002630083784
247221	0.005205236801
247222	0.002596313653
247223	0.001661949757
247224	0.0017565774
247225	0.004803978451
247226	0.004384011584
247227	8.21483838e-05
247228	0.004911357876
247229	0.001244520279
247230	0.001510355789
247231	0.001218999477
247232	0.0009205301709
247233	0.002537438457
247234	8.159562539e-05
247235	0.003544632829
247236	0.00182350314
247237	2.678607963e-05
247238	0.001187321812
247239	0.0004166319014
247240	0.001532160582
247241	0.000113381668
247242	0.0005909551158
247243	0.001191092581
247244	0.0003938132986
247245	0.0001939935696
247246	0.00214398726
247247	0.0003531861149
247248	0.003497092805
247249	0.0007976171183
247250	0.001640592944
247251	0.0008975114212
247252	0.00155197222
247253	0.002122969652
247254	0.0004362631379
247255	0.003593483096
247256	0.003636571765
247257	0.003451699545
247258	0.0008289197218
247259	0.005847651483
247260	0.0008583191023
247261	0.001503143079
247262	0.001612875056
247263	0.002001038738
247264	0.003686706064
247265	0.0009371714678
247266	0.003417675284
247267	0.0005897632854
247268	0.004866202603
247269	0.0004030517366
247270	0.002864688315
247271	0.002500263695
247272	0.0003716947584
247273	0.001694392893
247274	0.002241982477
247275	2.475473573e-05
247276	0.002119057173
247277	0.001819459787
247278	0.001943470328
247279	0.0003777088381
247280	0.0005984007781
247281	0.0005554769179
247282	0.001776112353
247283	0.003823030483
247284	0.003327326417
247285	0.0001773986565
247286	0.002030005086
247287	0.0001682082071
247288	0.00126310917
247289	0.001726223561
247290	0.000485262112
247291	0.0004069425577
247292	0.001932929572
247293	0.003630629615
247294	0.0008311027484
247295	0.002050744153
247296	0.002402416809
247297	0.001479434675
247298	0.0002158381997
247299	0.0009751538875
247300	0.003310913317
247301	0.001838996939
247302	0.00461420122
247303	0.000448460552
247304	0.002259735664
247305	0.002489892054
247306	0.0005087228739
247307	0.003185336695
247308	0.001001064471
247309	0.0006584625854
247310	0.0004774649991
247311	0.001385615267
247312	0.0003734728372
247313	0.00119016158
247314	0.0008180784995
247315	0.002487709157
247316	0.0009408096544
247317	4.296834057e-05
247318	0.001000355026
247319	0.0006388403168
247320	0.001143740205
247321	0.001741784366
247322	0.000749490162
247323	0.003484299304
247324	0.001019947336
247325	0.004067992832
247326	0.0008892067671
247327	0.005081404724
247328	0.003059864275
247329	0.008945124825
247330	0.003829177177
247331	0.002118787565
247332	0.0007222888556
247333	0.003603059019
247334	0.0004935723869
247335	0.002013541437
247336	0.005010261721
247337	0.002318261476
247338	0.002673207381
247339	0.0009364671464
247340	0.002188216978
247341	0.0007599692013
247342	0.000802883302
247343	0.0005141907729
247344	0.005883943356
247345	1.035869605e-07
247346	0.0008076767583
247347	0.0005307149814
247348	0.004632075017
247349	0.0008504798198
247350	0.0004371007225
247351	0.01213277024
247352	0.000559512502
247353	0.002504478223
247354	0.001455113576
247355	0.0008853792167
247356	0.003726439506
247357	0.001531946293
247358	0.003187110832
247359	0.004955235562
247360	0.008025745191
247361	0.0003587857214
247362	0.00291124463
247363	0.002849076117
247364	0.001890339159
247365	0.003983349253
247366	0.0005763293542
247367	0.0006724588126
247368	0.001095797446
247369	0.0006967141064
247370	0.001212698735
247371	0.002377777275
247372	0.00064415345
247373	0.0004704755375
247374	0.006193253463
247375	0.0004657533738
247376	0.001695813285
247377	0.001955048117
247378	0.001793469484
247379	0.00114753954
247380	0.00387362306
247381	0.003773814746
247382	0.0007683961743
247383	0.0007096123474
247384	0.002323508422
247385	0.002899420382
247386	0.0005710204844
247387	0.0003755910292
247388	0.001121902585
247389	0.003768940911
247390	0.004515775233
247391	0.001256453287
247392	0.0004724918796
247393	7.844707534e-05
247394	0.0007777595722
247395	0.003279274872
247396	0.003780862769
247397	0.0004946229759
247398	0.001671499527
247399	0.00093351788
247400	9.667080841e-05
247401	0.001333496597
247402	0.000735229958
247403	0.00156424328
247404	0.003327897765
247405	0.001364044001
247406	0.002426188058
247407	0.001080528817
247408	0.001082520089
247409	0.0002619885327
247410	0.001460634532
247411	0.0007643669109
247412	0.00204266027
247413	0.004473471136
247414	0.0009799373336
247415	0.0008908973305
247416	0.001619736074
247417	0.0005141252777
247418	0.0003013641974
247419	0.0006219660914
247420	0.0005012248174
247421	0.002274115686
247422	0.002990820693
247423	0.0007432545805
247424	0.003201604781
247425	0.004167258587
247426	0.0001919257554
247427	0.001895679784
247428	0.002317398146
247429	0.00314237213
247430	5.996389815e-05
247431	0.001149616394
247432	0.006724265926
247433	0.002263238571
247434	0.0002381525889
247435	0.001487174559
247436	0.0003593226878
247437	0.0001520701837
247438	0.0001423534125
247439	0.0008162281229
247440	0.0001318533665
247441	0.002275037969
247442	0.0003279119966
247443	4.310392875e-05
247444	0.001947838606
247445	0.002816064042
247446	0.003601199589
247447	2.147666402e-05
247448	0.002298896658
247449	0.003304899811
247450	0.01022392396
247451	0.002043987422
247452	0.000755818094
247453	0.004520349093
247454	0.002925751044
247455	0.004032333739
247456	0.002470238544
247457	0.001551354019
247458	0.002029677077
247459	0.00222022885
247460	0.001041099644
247461	0.001527362125
247462	0.0002199034151
247463	0.0008487933462
247464	0.002281105236
247465	0.001059564734
247466	0.005551266612
247467	0.002100719852
247468	0.0006692427868
247469	0.001931475351
247470	0.0005612243777
247471	0.001531186216
247472	0.001425277741
247473	0.0009616927044
247474	0.006294838602
247475	0.002207383446
247476	0.002078213831
247477	0.0008910000864
247478	0
247479	0.001010143734
247480	0.004872021615
247481	0.0001829874134
247482	0.003885811309
247483	0.003656144592
247484	0.001036486597
247485	0.001603359789
247486	0.001425631036
247487	0.0001557608881
247488	0.00454764297
247489	0.003334156462
247490	0.009633902823
247491	0.0001705996986
247492	0.001919024236
247493	0.001746295502
247494	0.0004933823601
247495	0.00621100751
247496	0.002383744296
247497	0.006236101155
247498	0.0004420882002
247499	0.00389614254
247500	0.006616092547
247501	0.002470814526
247502	0.000217092194
247503	0.001179934385
247504	0.003114628778
247505	0.001587170711
247506	0.003004522492
247507	0.003193223148
247508	0.009563639648
247509	0.004069223633
247510	0.004065874513
247511	0.0004191057613
247512	0.002773295461
247513	0.001054117768
247514	0.0008836775412
247515	0.001085947331
247516	0.006392955145
247517	0.00349277993
247518	0.006770024581
247519	2.682490045e-05
247520	0.0009279876341
247521	0.002609082304
247522	0.0002958799855
247523	0.0001820959325
247524	0.00258474252
247525	0.002170763419
247526	0.003598033707
247527	0.009150498455
247528	0.002731230077
247529	0.002821226421
247530	0.0004045485839
247531	0.003558680452
247532	0.0009004572673
247533	0.001577918554
247534	0.0009523574087
247535	0.001430470864
247536	0.0001722459095
247537	0.003351986157
247538	0.0004055544118
247539	0.0002056532041
247540	0.0001063355025
247541	0.0002761611035
247542	4.535779007e-05
247543	0.001394754171
247544	0.0001592501963
247545	0.0003072011718
247546	2.536094993e-05
247547	0.0004767159389
247548	0.0006506481257
247549	0.0005467013555
247550	0.0003036924525
247551	0.000202887856
247552	6.257345272e-05
247553	0.0007374569013
247554	0.0004502478878
247555	0.0003411567887
247556	0.0005018448745
247557	0.0005732547468
247558	0.001030330694
247559	0.002661214309
247560	0.0004015606617
247561	0.0007323869133
247562	0.0002429585774
247563	0.0003278359594
247564	0.000294054988
247565	0.0002929298839
247566	0.0006870016476
247567	0.0001739365435
247568	0.0001846272478
247569	0.0001720527896
247570	0.0001843231386
247571	0.0005759039068
247572	0.0003058653207
247573	0.0001356762714
247574	0.0003032316703
247575	0.0003015938752
247576	0.0007773364023
247577	0.0004138302275
247578	0.0001241034237
247579	0.001027007892
247580	0.000442027374
247581	9.788830899e-05
247582	0.0002824255105
247583	0.000405219222
247584	0.0001854404816
247585	0.0003801339021
247586	5.528822263e-05
247587	0.0001576014763
247588	0.0002629755801
247589	0.0006982953046
247590	0.000353606677
247591	0.0001810810412
247592	1.219367354e-05
247593	0.001066066799
247594	0.0002743749563
247595	0.0001337892449
247596	0.0005134261009
247597	3.172161393e-05
247598	0.0002864503569
247599	8.990669514e-05
247600	1.7395051e-05
247601	0.0007575449304
247602	0.0004400855682
247603	0.001316185881
247604	0.0001346629212
247605	0.0007885059894
247606	0.001554661174
247607	0.0002015952264
247608	0.0008433589806
247609	0.001614973592
247610	0.000221938165
247611	0.002768129526
247612	0.0003206830224
247613	0.0002683624609
247614	0.0001446313013
247615	0.0005356804222
247616	0.0001149728251
247617	7.304111032e-05
247618	0.0002125147895
247619	0.0003521398438
247620	0.0002202666588
247621	0.0001526236419
247622	0.00037476198
247623	0.0002506653915
247624	0.002124972694
247625	0.0006747323871
247626	0.001482798906
247627	0.0001429354639
247628	0.0001054723966
247629	0.0001619273254
247630	5.624436496e-05
247631	0.002376312008
247632	0.001654189817
247633	0.0001859145292
247634	0.001021252414
247635	0.002831611753
247636	0.0001956007028
247637	0.0007483520224
247638	0.0002038791889
247639	1.561348135e-05
247640	0.0001776480731
247641	0.000242624257
247642	2.974297338e-05
247643	0.0001126385201
247644	3.164752823e-05
247645	0.0003429074484
247646	0.0002648818968
247647	0.000229641275
247648	0.0007289431001
247649	0.001096852615
247650	0.0004806568921
247651	5.749337485e-05
247652	0.0001835740803
247653	4.423196024e-05
247654	7.419095231e-05
247655	0.002842824378
247656	0.0001005085335
247657	0.0002682663621
247658	0.0003110842324
247659	0.0002208808929
247660	0.0006270784829
247661	0.0003312743915
247662	0.0009059007586
247663	0.001038278936
247664	0.0001109357425
247665	0.0003350979293
247666	0.0002536043391
247667	0.0007781575902
247668	0.0002692878443
247669	0.0007613736094
247670	0.0001739420223
247671	0.0002524927411
247672	0.0006170117573
247673	0.0002116835713
247674	0.0006733561067
247675	7.657048522e-05
247676	3.330260668e-05
247677	0.0003497202099
247678	0.0002989272757
247679	0.0001086929678
247680	0.0002771091923
247681	0.0001347026261
247682	0.0002623863864
247683	0.000565003568
247684	0.0001027936975
247685	0.0003385660105
247686	0.0001112379998
247687	3.73072122e-05
247688	7.645354735e-05
247689	0.00027592341
247690	0.0002265075674
247691	0.0004748349849
247692	0.0005120844984
247693	3.191741233e-05
247694	0.0003267639659
247695	7.550327922e-05
247696	0.0001900777064
247697	0.0006338062601
247698	0.0003085606358
247699	0.0003736110402
247700	0.0005493931091
247701	0.0003115626528
247702	0.0008743419006
247703	0.0001547232924
247704	0.0003167555602
247705	0.000311818428
247706	0.0001349273756
247707	0.0002975200484
247708	0.0003232997258
247709	0.0002464796375
247710	0.003661970549
247711	0.0004079852657
247712	0.001501737513
247713	3.036502481e-05
247714	7.102801577e-05
247715	8.175441922e-05
247716	0.0003236214554
247717	7.902022668e-05
247718	0.0001943011263
247719	0.0003980051118
247720	4.928341615e-05
247721	5.738881664e-05
247722	5.106388365e-06
247723	0.001499194821
247724	6.88752731e-05
247725	0.0002432236359
247726	0.0007437930659
247727	0.0002188756824
247728	0.0001890576066
247729	0.001435974594
247730	0.0006537924771
247731	0.0005742357241
247732	0.0002965963952
247733	0.00103340816
247734	0.0001723960888
247735	0.000593748831
247736	0.001243347178
247737	0.002803701284
247738	0.0002049598913
247739	0.0001768466858
247740	0.000635997773
247741	0.0007635400919
247742	0.0001967882793
247743	0.0003858826926
247744	4.939910619e-05
247745	0.003885123497
247746	0.0002270175969
247747	4.703032289e-05
247748	0.0001099290889
247749	0.001243506046
247750	0.0006886516014
247751	0.0002504609596
247752	0.0007222155505
247753	0.0004592656264
247754	0.0004737598466
247755	0.0002424952129
247756	0.0001006232205
247757	0.0003092721972
247758	0.000397377127
247759	6.110185951e-06
247760	0.000138931653
247761	0.0002924455982
247762	0.000334261012
247763	4.921880604e-05
247764	0.0001388975765
247765	0.0008302839928
247766	0.0002736744779
247767	0.0001383868932
247768	5.591573445e-05
247769	0.00112187566
247770	0.001351498153
247771	0.0005554559175
247772	0.0004634571864
247773	0.0001752932913
247774	5.243574779e-05
247775	0.0001100968181
247776	0.0004695355651
247777	0.0002360829059
247778	8.968762955e-06
247779	0.0004828433916
247780	0.0001452570163
247781	0.00165227205
247782	0.0001227341821
247783	0.0001667961947
247784	0.0003596956497
247785	0.0005555815467
247786	0.0001297253237
247787	9.339327912e-05
247788	0.0001368684149
247789	0.0003120023674
247790	5.436235649e-05
247791	0.0001682310993
247792	0.0001126797408
247793	0.0004958344228
247794	3.10761357e-05
247795	0.0003509991487
247796	0.0006272045342
247797	6.301044989e-05
247798	0.0002536091767
247799	1.66796013e-05
247800	0.0005376540285
247801	4.502265102e-05
247802	0.0001115412904
247803	0.0004918712333
247804	0.0002280860911
247805	0.0003323476401
247806	0.0001071937017
247807	0.0004982962566
247808	5.739875442e-05
247809	0.0006307780664
247810	0.0001593531281
247811	0.0001343845023
247812	0.0004636537432
247813	0.0001188917566
247814	0.000341808519
247815	0.00054779772
247816	0.0007314484324
247817	0.0005218614388
247818	0.0001194567962
247819	0.0005934853669
247820	0.0004358623444
247821	0.000530846416
247822	5.112071936e-05
247823	0.0008378755674
247824	2.469794079e-06
247825	0.001121495073
247826	0.0002223564895
247827	0.0001726154926
247828	8.46198564e-05
247829	2.189168495e-05
247830	0.0004407678759
247831	9.847112592e-05
247832	0.0005279853187
247833	0.0008118740053
247834	0.0007360135239
247835	1.619417883e-05
247836	0.0003863051029
247837	3.423461786e-05
247838	0.0001325086357
247839	0.0001303540754
247840	0.0004219805868
247841	0.0001054430964
247842	0.0002069359761
247843	0.0004224796748
247844	0.0002204338615
247845	4.513286781e-06
247846	0.0001482712961
247847	0.0008432228644
247848	6.316683888e-05
247849	0.0003658564687
247850	0.0001579229615
247851	0.0007766079408
247852	0.0004398993171
247853	0.0007576072795
247854	9.964410948e-05
247855	3.939654332e-05
247856	0.000859023022
247857	0.0002461034255
247858	8.287689125e-05
247859	0.0006011039038
247860	0.0001903051498
247861	0.0001020227411
247862	1.495747431e-05
247863	0.0003092042818
247864	0.0005745093342
247865	9.078725559e-05
247866	0.0004070280201
247867	8.921909887e-05
247868	6.442569555e-05
247869	4.247109929e-05
247870	6.363712645e-05
247871	0.0003567545772
247872	0.0001350402487
247873	0.0005389080761
247874	0.000338114465
247875	0.0002135689197
247876	9.681337629e-05
247877	0.0003475444427
247878	0.0001378999428
247879	0.0001980928139
247880	0.0001108395797
247881	0.0001825659789
247882	0.0002098832364
247883	9.38121891e-05
247884	8.880962982e-05
247885	0.0003911089241
247886	0.0002930581762
247887	0.0004510645468
247888	0.0003359399607
247889	0.0004983665076
247890	0.0006250607426
247891	2.017712726e-05
247892	0.0001626780306
247893	0.0004049446443
247894	0.000568578654
247895	7.461483324e-05
247896	6.487397347e-05
247897	0.0001044498568
247898	0.001111123295
247899	0.0001338557576
247900	0.0002099420209
247901	0.0007512106216
247902	1.124328831e-05
247903	0.0004309660389
247904	0.0001805669277
247905	0.0002366421994
247906	0.001291687247
247907	0.0009354528802
247908	0.0002457490086
247909	0.0002684065917
247910	9.533306862e-05
247911	0.0004361551598
247912	1.539683558e-05
247913	0.00339424304
247914	6.722149041e-05
247915	0.0002729013944
247916	0.0002389239064
247917	0.0003820205477
247918	0.0002617085639
247919	0.000126620334
247920	0.0001748695901
247921	0.001245451463
247922	6.057448709e-05
247923	0.000379696482
247924	0.0002576196114
247925	1.531619973e-05
247926	0.000147450091
247927	9.544924804e-06
247928	8.609395579e-07
247929	0.0005145057776
247930	0.0005642736883
247931	0.0006004807331
247932	8.819401801e-05
247933	0.0002296103557
247934	0.000104626179
247935	0.0003278381349
247936	3.041129259e-05
247937	0.0003712344664
247938	6.693907627e-05
247939	3.054457423e-05
247940	0.0002789559093
247941	0.000104526032
247942	0.0001047592179
247943	0.0005616185184
247944	5.106995453e-05
247945	0.0001842118132
247946	0.001618405758
247947	0.0001782907316
247948	1.063227085e-05
247949	0.0001449874876
247950	0.001711029836
247951	0.0001112140539
247952	0.00150506111
247953	0.0003585621699
247954	0.0001727532916
247955	4.330131835e-05
247956	0.001632037574
247957	0.000701894218
247958	0.0001539049688
247959	4.456749622e-05
247960	0.0001549960901
247961	0.0002183207601
247962	0.0003585298094
247963	0.0003563536329
247964	6.616778045e-05
247965	6.288706044e-05
247966	1.036715576e-05
247967	0.0002653876447
247968	0.000183779132
247969	0.0009104172949
247970	0.0002556419887
247971	0.0003608385516
247972	0.000319471256
247973	0.000364476581
247974	0.0009464388306
247975	0.0001148671027
247976	0.001077077264
247977	0.0002110835153
247978	4.104920092e-06
247979	0.0004312079727
247980	0.001547009413
247981	0.003584676411
247982	3.418012246e-05
247983	0.0001577355292
247984	0.0001406390707
247985	0.0003207930395
247986	0.000319882941
247987	0.001428085299
247988	0.0005581780438
247989	0.0004574068969
247990	0.0002655818474
247991	2.230670222e-05
247992	0.0004632318848
247993	0.0001570063969
247994	2.89500466e-05
247995	0.0008710430587
247996	0.0003057787594
247997	8.992512814e-05
247998	0.0005969718975
247999	5.859965548e-05
248000	0.0009433809301
248001	0.000275495004
248002	3.928056784e-05
248003	0.001080188983
248004	0.001050347978
248005	0.003289649942
248006	0.0004873176095
248007	0.0002769975287
248008	0.0002791316206
248009	0.0002061131158
248010	9.557308803e-05
248011	0.001341278668
248012	0.0001092310175
248013	0.0002290992988
248014	7.588888194e-06
248015	4.676787665e-05
248016	0.0002741190776
248017	0.0005607400728
248018	0.0002599976779
248019	0.001811949734
248020	0.0001413750127
248021	0.0001210647059
248022	0.0005682572752
248023	7.797649652e-05
248024	0.000511720465
248025	0.000198780967
248026	3.791789882e-05
248027	0.0001043646858
248028	0.001612807019
248029	0.0005221998539
248030	0.000241778517
248031	0.0003102471505
248032	0.0002146241054
248033	0.0007501730184
248034	8.959994457e-05
248035	0.0009504565815
248036	0.000320147982
248037	0.002318621658
248038	7.165759846e-05
248039	0.0005051148207
248040	3.184501094e-05
248041	0.000169164145
248042	0.0004152796876
248043	4.927638386e-05
248044	7.74199315e-06
248045	0.0002981897569
248046	0.0008003353094
248047	6.011957407e-06
248048	7.830779957e-05
248049	0.0004653877718
248050	0.0001634029595
248051	0.001350713422
248052	0.0006296430019
248053	0.000717119644
248054	0.0002724722872
248055	0.001809194657
248056	4.19014377e-05
248057	0.0001812653628
248058	0.0001196416714
248059	0.001070177393
248060	0.0006362616075
248061	0.000150742458
248062	0.0002652633083
248063	0.0002253318904
248064	0.0004370952092
248065	0.0004601696141
248066	0.0004691289664
248067	0.0001772369666
248068	0.0001324009961
248069	0.0002473275754
248070	0.0004196234726
248071	0.0001685451872
248072	0.0001201732566
248073	0.0001264237079
248074	5.805660293e-06
248075	0.0004865230908
248076	0.0004321913875
248077	0.0003447054743
248078	0.0005207098404
248079	0.0008846905625
248080	5.525280656e-05
248081	0.0004512396152
248082	0.0004180776618
248083	0.00152753066
248084	0.000531747116
248085	0.0003130422078
248086	0.005209267919
248087	0.0007766678039
248088	0.001293026192
248089	0.0004628913613
248090	0.001150089466
248091	0.0006537382089
248092	0.00019558982
248093	0.0003149105507
248094	6.839212924e-05
248095	0.0001081518572
248096	0.0001015931474
248097	0.0001642130622
248098	0.0004199488149
248099	1.773982323e-05
248100	0.001423858181
248101	0.0001509516879
248102	0.0001397092833
248103	0.0001747868825
248104	0.0004498397584
248105	0.002522808733
248106	0.0001907700731
248107	4.994071043e-05
248108	0.0004326684482
248109	0.001564112823
248110	0.0006298505162
248111	0.0003305166028
248112	4.037809559e-05
248113	0.000214895853
248114	0.0002589325096
248115	0.0005587894559
248116	0.0002659414891
248117	0.0005772125134
248118	0.0004454387694
248119	0.001096395309
248120	0.0001230144935
248121	0.0004028829185
248122	0.0006417470504
248123	0.0005793802224
248124	2.728730974e-05
248125	2.897795353e-05
248126	0.0007573919279
248127	0.0004697296456
248128	0.0001396708836
248129	0.001227966983
248130	0.0003545261074
248131	0.0003783986832
248132	0.0004955921558
248133	0.0001826525345
248134	0.001197292244
248135	9.130412423e-05
248136	0.0003387342978
248137	0.0003033780676
248138	0.0008008537678
248139	0.0002305139449
248140	0.0001246599565
248141	0.0003110114029
248142	0.0001563694907
248143	5.141422232e-05
248144	9.669601477e-05
248145	9.999828991e-05
248146	0.000101561876
248147	7.213808662e-05
248148	4.944199996e-05
248149	0.0001590648475
248150	0.002403435786
248151	3.939805394e-07
248152	0.003460984207
248153	0.001325620502
248154	1.933646455e-06
248155	0.0002607357039
248156	0.001631811464
248157	0.0005965765359
248158	0.0001405827073
248159	0.000544220754
248160	0.0002592694106
248161	0.0004137988621
248162	9.606175143e-05
248163	7.506203674e-05
248164	0.0002260615597
248165	0.0006544521265
248166	0.0001830628458
248167	6.758571326e-05
248168	4.263141006e-05
248169	8.463790372e-05
248170	0.0004006878
248171	5.274908009e-05
248172	0.0001212934679
248173	0.0002116781335
248174	0.0005665276498
248175	0.0008001296428
248176	0.0001654435943
248177	0.000484916946
248178	0.0002279394758
248179	0.000263552264
248180	0.001370077379
248181	0.0006642531016
248182	6.569768441e-05
248183	5.370075472e-05
248184	0.0006555441671
248185	0.0001091602957
248186	0.0001840941249
248187	0.0002477989877
248188	0.0001173889741
248189	0.0001079051783
248190	5.15975143e-05
248191	4.82739704e-05
248192	0.0009726198552
248193	0.0006746743944
248194	0.0001565463351
248195	0.0001618723913
248196	4.615382847e-05
248197	0.0009859173083
248198	5.373010928e-05
248199	0.001333601605
248200	0.0001548431507
248201	0.0002943433813
248202	0.000332369747
248203	0.000213732899
248204	9.197683967e-06
248205	0.0001846800054
248206	0.0003083339529
248207	0.0002842106087
248208	0.0004104451574
248209	0.000742599757
248210	0.000812413744
248211	0.0001290267094
248212	0.00019105166
248213	0.0007787891131
248214	2.447971846e-05
248215	0.0003571018222
248216	0.0003259189886
248217	0.0002258685977
248218	2.166251987e-05
248219	0.0008650412126
248220	0.0007369383358
248221	0.0003861678986
248222	0.00368166734
248223	0.001014119464
248224	0.003997430994
248225	0.001477307645
248226	7.508524826e-05
248227	0.0007093830248
248228	0.001372935768
248229	0.00101425106
248230	0.0002481688593
248231	0.0008806809449
248232	0.000451037221
248233	0.001761815393
248234	4.797205502e-05
248235	0.0003511768648
248236	0.00099515034
248237	0.0006874759236
248238	0.0004774096551
248239	0.0004034940213
248240	0.000516277693
248241	4.950615921e-05
248242	9.436344358e-05
248243	4.227772765e-05
248244	0.003135072509
248245	3.243770557e-05
248246	0.0005515252666
248247	0.0008957526369
248248	0.001654987509
248249	0.0003440455654
248250	0.0008029865596
248251	0.001237054636
248252	0.0002877302695
248253	0.001417000769
248254	0.0001597743482
248255	0.0007178699011
248256	0.0007673567729
248257	0.0003183802089
248258	0.001007920661
248259	0.0001246386526
248260	0.0005010151056
248261	0.000994435628
248262	0.001187899291
248263	0.0003457767491
248264	0.0002585341894
248265	0.0001576036369
248266	0.001469831764
248267	0.0006921392241
248268	0.003375581901
248269	0.0004968723655
248270	0.001218775534
248271	0.001026298997
248272	2.809779032e-05
248273	0.0002279852323
248274	0.0002525509121
248275	0.0006248401224
248276	0.0008729045492
248277	0.0008400818569
248278	0.001365489345
248279	0.0001124646889
248280	0.0008733202547
248281	0.0002326819448
248282	0.0006405405215
248283	0.0009715299821
248284	0.0009494166583
248285	0.0001515612514
248286	0.0007663992784
248287	0.0002075914683
248288	0.001291889898
248289	0.0007828065043
248290	0.0001721656229
248291	0.00103534701
248292	0.0007739713359
248293	0.0001830706816
248294	0.001298477757
248295	0.001169155595
248296	0.001799000736
248297	0.0003917859482
248298	0.001230477576
248299	0.001155243606
248300	0.0009816645858
248301	0.001690964524
248302	0.003254182514
248303	0.0003353277481
248304	1.125687822e-05
248305	0.0008343675934
248306	2.404451003e-05
248307	0.0006357610735
248308	0.003323873412
248309	0.0003875826675
248310	1.406975974e-05
248311	0.001244229832
248312	0.0007053987389
248313	0.001088280909
248314	0.001858482975
248315	0.0001044952428
248316	0.003227542033
248317	0.00061019561
248318	0.003573666393
248319	0.002245712576
248320	0.002451898669
248321	0.003506675346
248322	0.0004934590195
248323	0.001898375581
248324	0.003341860228
248325	0.0002654967274
248326	0.003759268198
248327	0.001993310021
248328	0.00119159278
248329	0.003384766351
248330	0.001802887121
248331	0.0009967187627
248332	0.002400452914
248333	0.003528238963
248334	4.13445858e-05
248335	1.999263265e-05
248336	0.002144796925
248337	0.0009354045588
248338	0.001913138986
248339	0.003451418406
248340	0.00411816312
248341	0.0001644649603
248342	0.001048607385
248343	0.004835752481
248344	0.001306209942
248345	0.0003461114169
248346	0.0006603492012
248347	0.002799311904
248348	0.004215448051
248349	0.0002564185914
248350	0.0005759072705
248351	0.003967709301
248352	0.002824939238
248353	0.00383311277
248354	0.000614468888
248355	0.001780995304
248356	0.004529071022
248357	0.001860362681
248358	0.001378382404
248359	0.0008138670518
248360	0.003499124103
248361	0.00285334651
248362	0.001509877821
248363	0.004316712726
248364	0.0008874650111
248365	0.005251839375
248366	0.003929906642
248367	0.0002686952459
248368	0.00260296336
248369	0.001846886913
248370	0.003477434972
248371	0.001177907003
248372	3.175786762e-05
248373	0.004577386731
248374	0.003158576277
248375	0.0006894233702
248376	0.002732916938
248377	0.002405570357
248378	0.00246149455
248379	0.003050965722
248380	0.002824019213
248381	0.003434308524
248382	9.028465867e-05
248383	0.0008389732181
248384	0.003840951278
248385	0.000222240117
248386	0.001378223701
248387	0.002637741328
248388	0.0004458056324
248389	0.002066189776
248390	0.001417692769
248391	0.0007066996951
248392	7.577536276e-05
248393	0.004148940257
248394	0.0008812225177
248395	0.00335905832
248396	0.0003324813863
248397	0.002087322109
248398	0.0002073544192
248399	0.001586758956
248400	0.001266899065
248401	0.002361699531
248402	0.001287558289
248403	7.041148545e-05
248404	0.00230552621
248405	0.0002420304272
248406	0.003133033008
248407	0.004527647969
248408	0.001662180928
248409	0.0012948966
248410	0.0006841638622
248411	0.00128801759
248412	0.0001263873662
248413	0.001259414727
248414	0.003929925252
248415	0.004257689966
248416	0.001450357273
248417	0.0004855450059
248418	0.001404958775
248419	0.001662689182
248420	0.001778798333
248421	0.003816135383
248422	0.0007515209358
248423	0.003728438646
248424	0.005178528539
248425	0.001455279913
248426	0.0005228222783
248427	0.004334405391
248428	0.003261457795
248429	0.001527800781
248430	0.005071761252
248431	0.002464341606
248432	0.001042678347
248433	0.0001052669327
248434	0.0008901391318
248435	0.002936999733
248436	0.003188281795
248437	0.001873095919
248438	0.0008078038407
248439	0.0003899985964
248440	0.0003963050841
248441	0.002737066328
248442	0.0007203778957
248443	0.00394510759
248444	0.00204301348
248445	0.003513101238
248446	0.001181903694
248447	0.000370194528
248448	0.004566340246
248449	0.003042778692
248450	0.002270134847
248451	0.001346895335
248452	0.003687204438
248453	0.0002192703776
248454	0.001071870874
248455	0.001767661389
248456	0.003606905276
248457	0.0007961429086
248458	0.001540970046
248459	0.0004709923521
248460	0.0007319221575
248461	0.0002563872159
248462	0.003898108415
248463	0.004480342901
248464	0.0004763652561
248465	8.580466068e-05
248466	0.000174714972
248467	0.003972735881
248468	0.000323583387
248469	0.004361506178
248470	0.002213367302
248471	0.001817328495
248472	0.004047032978
248473	0.003479952884
248474	0.003953209009
248475	0.0004867592438
248476	0.002945732878
248477	0.003820053595
248478	0.004078749423
248479	0.000113992517
248480	0.0002407891167
248481	0.001603894908
248482	0.0007012203896
248483	0.002749931222
248484	0.002487292061
248485	0.003930249992
248486	0.0008517435902
248487	0.001476538443
248488	0.002999250839
248489	0.002408953776
248490	0.0002978998689
248491	0.000114964351
248492	0.002445355847
248493	0.0007997458336
248494	0.002528289393
248495	0.003813463313
248496	0.001099532346
248497	0.00230244116
248498	0.004299627292
248499	0.0005280816835
248500	0.00119109993
248501	0.0003954979178
248502	0.001908712579
248503	0.00249042678
248504	0.002435242175
248505	2.977141107e-05
248506	0.0003587093737
248507	0.0002042260603
248508	0.002939957295
248509	0.003077547863
248510	0.002501471309
248511	0.000927230577
248512	0.004012510196
248513	0.0005971817178
248514	0.0001172102748
248515	0.0003680832256
248516	0.0004866678926
248517	0.0002318584824
248518	0.0001247878829
248519	0.0002413911818
248520	9.465277389e-05
248521	0.0001219365191
248522	0.0004273864388
248523	0.0009707778059
248524	0.004407747267
248525	0.001518034537
248526	0.0005163875506
248527	1.363165454e-05
248528	0.002065736302
248529	0.001364117605
248530	0.001015740931
248531	0.001147923625
248532	0.001063380968
248533	0.001074283509
248534	0.001207024503
248535	0.0003354638662
248536	0.0004434785601
248537	0.0007043753644
248538	0.0008777002475
248539	0.001017494578
248540	0.001559671412
248541	0.0007000635496
248542	0.001247825655
248543	0.001058299624
248544	0.0005613161914
248545	0.00096568466
248546	0.001596566276
248547	0.001002671849
248548	0.0009487178887
248549	0.001483847005
248550	0.0006629878937
248551	0.005457875547
248552	0.0003215327203
248553	0.004251595591
248554	0.00202460256
248555	0.0002433278135
248556	0.00240273719
248557	0.004574265777
248558	0.0001042225703
248559	0.0007251801795
248560	0.001409817511
248561	0.002456697795
248562	8.953796165e-05
248563	0.002049880824
248564	0.000756409013
248565	0.001321031094
248566	0.002460588362
248567	0.0005796238612
248568	0.001819849038
248569	0.0002206024132
248570	0.0002083397826
248571	0.0001083180388
248572	0.001067058803
248573	0.002695363038
248574	0.0007447514904
248575	0.001272511421
248576	0.001716561902
248577	0.001444764807
248578	0.001873692565
248579	0.002259028922
248580	0.002937397247
248581	0.002846621661
248582	6.073151998e-06
248583	0.002939144126
248584	0.004855450581
248585	0.002130446581
248586	0.000590529576
248587	0.0006521273709
248588	0.0006540262121
248589	0.00168804254
248590	0.001993115729
248591	0.005250511182
248592	0.0005319293588
248593	0.001763342106
248594	0.0001107030147
248595	0.003818125802
248596	0.001478107222
248597	0.001872315229
248598	0.0002904291651
248599	0.0006792332669
248600	0.002119298428
248601	0.00089307927
248602	0.003769586724
248603	0.00183092201
248604	6.972911784e-07
248605	0.001018650435
248606	0.002422683339
248607	0.00181109943
248608	0.0009503947057
248609	0.001431887748
248610	0.001003666648
248611	0.003268527973
248612	0.001417832346
248613	0.000958207235
248614	0.0003485051661
248615	0.0008017921502
248616	6.037587967e-05
248617	0.0001182694273
248618	0.001894371099
248619	0.0009601078478
248620	0.001001624323
248621	0.001638620468
248622	0.002557168671
248623	0.0009500890285
248624	0.004396278787
248625	0.0001991433374
248626	0.0002705444602
248627	0.002508242424
248628	0.001915691859
248629	0.0006342086517
248630	0.001669975524
248631	0.0008481018657
248632	0.001217230288
248633	0.002050109567
248634	0.004271094858
248635	0.001077220113
248636	0.0005403168998
248637	0.001877901258
248638	0.000482652274
248639	0.001399064312
248640	0.001454903463
248641	0.00554245252
248642	0.004016439277
248643	0.001150393988
248644	0.001991803758
248645	0.0003866585145
248646	0.001706596857
248647	0.001688306357
248648	0.001388866808
248649	0.00474897334
248650	0.002389646684
248651	0.001324178822
248652	0.004652542353
248653	0.002934532097
248654	0.0003032744931
248655	0.0003734163507
248656	0.0004481967264
248657	0.003638637275
248658	0.0007504891759
248659	0.001721053379
248660	2.401410408e-05
248661	0.001281133428
248662	0.002645272207
248663	0.001917428647
248664	0.001942064594
248665	0.0002408274732
248666	0.001386350164
248667	0.0002882186963
248668	0.002774925716
248669	0.00465072885
248670	0.001566951023
248671	0.000167021856
248672	0.0003837173087
248673	0.001649882073
248674	6.971680684e-05
248675	0.0003022284994
248676	0.0007319526799
248677	0.001607427446
248678	0.00286740651
248679	0.003404763247
248680	0.001078788638
248681	0.001556620052
248682	0.004185397447
248683	0.0001337875213
248684	0.005945857497
248685	0.0003516623875
248686	0.0005176618969
248687	0.001609968276
248688	0.0006465885781
248689	0.0004819345936
248690	6.413027911e-05
248691	0.0002752585374
248692	0.0003280298515
248693	0.0004052627987
248694	0.0003346189125
248695	0.0005966325377
248696	0.0001155320795
248697	0.0003545497306
248698	4.369627546e-05
248699	0.0002926031741
248700	7.280443646e-05
248701	7.567218566e-05
248702	0.000320431304
248703	0.0001800214926
248704	3.473566453e-05
248705	0.0005836886861
248706	8.39188592e-05
248707	0.0005146424193
248708	0.0003444999254
248709	9.340763602e-05
248710	2.716309442e-05
248711	0.0003656117081
248712	9.13203932e-05
248713	0.0002826438444
248714	8.467593425e-05
248715	0.0002113705462
248716	0.000186512272
248717	0.0002373950234
248718	3.315751382e-05
248719	0.0001610442562
248720	0.00065172504
248721	0.0001251016962
248722	0.0003345318482
248723	0.0001606168491
248724	2.118061491e-06
248725	0.0004205944244
248726	0.000361199028
248727	7.351681371e-06
248728	7.263111325e-05
248729	0.0001331664563
248730	3.784332149e-05
248731	7.293340881e-05
248732	0.0003307800332
248733	3.591310722e-05
248734	0.0002300105856
248735	0.0003075605503
248736	6.439784093e-05
248737	0.0002109765713
248738	0.0001596141546
248739	0.0005904278905
248740	5.171194725e-06
248741	0.0002104171142
248742	9.32749841e-05
248743	0.0001510691401
248744	0.0003407622536
248745	3.37358633e-05
248746	0.0004027524267
248747	0.0006868908947
248748	0.0002756072788
248749	0.0004529060228
248750	0.000161328738
248751	8.831348223e-05
248752	7.288715969e-05
248753	0.0003092512946
248754	0.0004712002022
248755	0.0003217281428
248756	7.087911481e-05
248757	0.0006230291521
248758	0.0001772732119
248759	0.0003920469724
248760	0.0001513058833
248761	0.0003100630687
248762	7.02328282e-05
248763	0.0001591224846
248764	8.54173008e-05
248765	0.0002422370966
248766	0.0001444959622
248767	0.0001524096642
248768	0.0001060507755
248769	0.0003231323587
248770	0.0002744741989
248771	0.0004809360339
248772	0.000191856512
248773	0.0003668320672
248774	1.183412604e-05
248775	0.0005627470261
248776	3.21639735e-06
248777	0.0002218441773
248778	0.0004332936821
248779	2.938659537e-06
248780	4.502125614e-05
248781	9.980461025e-05
248782	0.0001508704805
248783	0.0003081072394
248784	0.0001571038345
248785	2.244361885e-05
248786	8.512923856e-05
248787	0.0002475913243
248788	0.0003558756725
248789	0.000306643358
248790	0.0003882906911
248791	1.882147546e-05
248792	0.00010503775
248793	0.0001098487499
248794	6.807695928e-05
248795	1.611911533e-05
248796	0.0001331345345
248797	0.0003147468482
248798	0.000788241427
248799	4.344397834e-05
248800	0.0004415155378
248801	0.000428358629
248802	0.0001334811632
248803	0.0002440976191
248804	0.0001776479599
248805	0.0002535640041
248806	9.615249967e-05
248807	0.0003062598851
248808	0.0002803877733
248809	4.506561661e-05
248810	0.000107207778
248811	0.0002140021209
248812	0.0005522351767
248813	8.349418416e-05
248814	0.0001653216458
248815	0.000290865852
248816	0.0004614562901
248817	6.461683308e-05
248818	0.0006584690516
248819	0.0008202512965
248820	0.0002973146628
248821	0.0001323883528
248822	0.0003153885184
248823	0.001230024331
248824	2.875062065e-05
248825	2.064647101e-05
248826	0.0001500491525
248827	2.980104237e-07
248828	7.272416126e-05
248829	0.0001679090062
248830	0.0005897428511
248831	0.0001412356954
248832	0.0001375979489
248833	8.231946991e-05
248834	0.0004149255117
248835	0.0004789186235
248836	1.203510114e-05
248837	0.0007046222722
248838	0.000474186628
248839	0.0001787151328
248840	0.002579131712
248841	0.002007779724
248842	0.0002157476055
248843	0.0004968270852
248844	0.0001654918165
248845	0.0001139079111
248846	0.0004401877917
248847	0.0001792926135
248848	5.279317852e-05
248849	0.0002055287353
248850	8.822566311e-05
248851	0.0001519524778
248852	0.0004668681223
248853	0.0001875710118
248854	0.005065188829
248855	0.004993994986
248856	0.002669591959
248857	0.00519291468
248858	0.0003489469402
248859	0.001607699004
248860	5.983282009e-05
248861	0.0001617470737
248862	0.0004870371378
248863	0.001921991171
248864	0.001365161698
248865	0.0002123576987
248866	0.0048948959
248867	6.23083627e-05
248868	0.0007623741079
248869	0.002526941206
248870	0.0003395021352
248871	0.00186307681
248872	0.002722424159
248873	0.001011758118
248874	0.0008097234171
248875	0.0002811729321
248876	0.002383859816
248877	0.0005197719407
248878	0.0006506728667
248879	0.001393270983
248880	0.001166135369
248881	0.003305007233
248882	0.001021857145
248883	0.007481034587
248884	0.001026464471
248885	0.0002929460217
248886	0.002551685925
248887	0.003336441715
248888	0.001299362561
248889	0.001008831915
248890	0.0008034010633
248891	0.001856592398
248892	0.002564487057
248893	0.006221712767
248894	0.000375347373
248895	0.0006598432501
248896	0.00327722943
248897	0.001572043098
248898	0.006147379163
248899	0.0006582512502
248900	0.0009105133738
248901	0.004009840769
248902	0.003034699703
248903	0.001646163232
248904	0.000219902694
248905	0.002168409517
248906	0.001441298436
248907	0.00227699245
248908	2.732336568e-05
248909	0.0002383016449
248910	0.001503806693
248911	0.003784724917
248912	0.002334903959
248913	0.001627721093
248914	0.003989232827
248915	0.003061002582
248916	0.001098155974
248917	0.00419733992
248918	0.001889868536
248919	0.002569308878
248920	0.002770705549
248921	0.0007432924589
248922	0.002430904812
248923	0.004809226934
248924	0.003773312405
248925	0.002897620501
248926	0.002732691629
248927	0.00171400027
248928	0.003562812722
248929	0.001479038615
248930	0.001438778921
248931	0
248932	0.001279396586
248933	0.005071110954
248934	0.0003145565387
248935	0.0009079164357
248936	0.0006647459248
248937	0.002561893773
248938	0.0009503595931
248939	0.003528374024
248940	0.001994390541
248941	0.005755591167
248942	0.001826788165
248943	0.001996479746
248944	0.0004636062559
248945	0.0001757189483
248946	0.002327679688
248947	0.0006658969966
248948	0.0008417138245
248949	0.001432303886
248950	0.004484542818
248951	0.004346686781
248952	0.001526944335
248953	0.0007435086042
248954	0.0006959527077
248955	0.003353502409
248956	0.002919193964
248957	0.001598429562
248958	6.562587279e-05
248959	0.001488035322
248960	0.002992647014
248961	0.008190029708
248962	0.002231544389
248963	0.0005700288975
248964	0.0008465172752
248965	0.001188411122
248966	0.001263014801
248967	0.00506861837
248968	0.001686050203
248969	0.00471437685
248970	0.0008916356649
248971	0.002472335099
248972	0.0001528852207
248973	0.002701273439
248974	0.004656326814
248975	0.004726254841
248976	0.00106765055
248977	0.001130284115
248978	0.008493516303
248979	0.001384183554
248980	0.001850315126
248981	0.003922862535
248982	0.005630940779
248983	0.001424601346
248984	0.003155868941
248985	0.001751355747
248986	0.0003480943577
248987	0.0003403794705
248988	0.002476226146
248989	0.00793554979
248990	0.003323955432
248991	0.001411322986
248992	0.002862961758
248993	0.003016481019
248994	0.002759011228
248995	0.001907644792
248996	0.004517519052
248997	0.0007879843603
248998	0.003112645477
248999	0.002146993777
249000	0.001728944897
249001	0.00135512346
249002	0.002368372839
249003	0.002960677919
249004	0.003126251995
249005	0.004290169106
249006	0.00832696485
249007	0.001683518075
249008	0.0001853337633
249009	0.001891289519
249010	0.0002299490804
249011	0.002873469204
249012	0.00456089313
249013	3.499347834e-05
249014	0.001571069089
249015	0.0008139915816
249016	0.0004428117813
249017	0.0007245465792
249018	0.002702786699
249019	0.00118760546
249020	0.0004492629529
249021	0.001090184233
249022	0.003209941675
249023	0.0004484232624
249024	0.006388121087
249025	0.001136185615
249026	0.0006324264546
249027	0.0004127886567
249028	0.004095209215
249029	0.0003648440692
249030	0.002781463049
249031	0.001533144056
249032	0.002893896576
249033	0.001630985238
249034	0.0002458118045
249035	0.0002434683438
249036	0.001755171832
249037	0.0002178960679
249038	0.002906804411
249039	0.001333116438
249040	0.0002333329633
249041	0.0005209636979
249042	0.00745160461
249043	0.005866475427
249044	0.003621518044
249045	0.001851596975
249046	0.002708980469
249047	0.002523232904
249048	0.001351219188
249049	0.0008212201664
249050	0.001833947435
249051	0.002117236229
249052	0.002846864288
249053	0.0006217302926
249054	0.001294622764
249055	0.003201766356
249056	0.0004736001492
249057	0.005097823316
249058	0.0006755919252
249059	0.004174129813
249060	0.0001645564738
249061	0.0003672802037
249062	0.0004563025845
249063	0.0002910273196
249064	0.0002224250389
249065	3.262444187e-05
249066	0.0002913537429
249067	0.0004459425408
249068	0.002683157992
249069	0.0008341747782
249070	0.00140534781
249071	5.778847829e-05
249072	0.0004708361866
249073	0.0003862158741
249074	0.0005794785104
249075	0.0004484327144
249076	0.0001145807271
249077	6.948001908e-05
249078	0.001857173977
249079	0.0002565532241
249080	0.001281954524
249081	0.001806984995
249082	0.007544842355
249083	0.003708709879
249084	0.0005512073372
249085	0.002811840267
249086	0.0004188164022
249087	0.0004585697753
249088	0.0001126847107
249089	4.60540589e-08
249090	0.0001545162945
249091	0.0001917422561
249092	0.0002964397944
249093	0.0003454061737
249094	0.0004211229829
249095	0.0007839916387
249096	0.0005151110641
249097	0.0002349014071
249098	0.0008201265828
249099	0.0001198165293
249100	0.001047888579
249101	0.001609498277
249102	0.00136394154
249103	0.0007974521206
249104	0.002097854373
249105	0.0007008878628
249106	0.002097670268
249107	0.0005922281818
249108	0.001037478607
249109	0.0003627055962
249110	8.003404917e-05
249111	0.000603058082
249112	1.103978773e-08
249113	0.0006940520806
249114	0.0003836153647
249115	0.0004831881242
249116	0.002858646457
249117	0.0003863113941
249118	0.00150812039
249119	0.0006687516312
249120	0.0003536159245
249121	0.008019606551
249122	0.0009473565636
249123	0.0009960386682
249124	3.311348422e-06
249125	0.001845471026
249126	0.0003969650953
249127	0.002558259533
249128	0.002501503622
249129	0.0003534824126
249130	0.003025142141
249131	0.0002025532863
249132	0.001059673835
249133	0.003233014527
249134	0.001688934453
249135	0.0008023826425
249136	0.004062921217
249137	0.0003909029612
249138	0.000688983246
249139	0.0006655919725
249140	0.001159305984
249141	0.0001168133314
249142	0.001329373333
249143	0.002171240657
249144	0.003232918467
249145	0.001822495024
249146	0.002835439936
249147	0.00260495731
249148	5.694494666e-07
249149	0.00117236152
249150	0.001861357691
249151	0.001709395397
249152	0.004851636291
249153	0.001227669187
249154	0.0001758216102
249155	0.00111192912
249156	0.002046581951
249157	0.001817977654
249158	0.0004120645088
249159	0.002348025822
249160	0.002490586831
249161	0.0005209957523
249162	0.0005584764778
249163	0.0004495751977
249164	0.0005620660241
249165	0.0008188170564
249166	0.0003190451939
249167	0.003464251419
249168	0.0005889685203
249169	0.0007965569663
249170	0.0007583732755
249171	0.000766373098
249172	0.001945265032
249173	0.001404569437
249174	0.001155322575
249175	0.002100279361
249176	0.001836685276
249177	0.0002290038106
249178	0.0006440428798
249179	0.001618113449
249180	0.0006010683237
249181	0.0004801313785
249182	0.001975726173
249183	9.522658643e-05
249184	0.0002585175542
249185	0.002787029308
249186	0.002111956323
249187	0.001223239245
249188	0.002281485645
249189	0.001172013973
249190	0.002339388834
249191	0.001080012994
249192	0.000823885532
249193	0.004866575125
249194	0.0008294784422
249195	0.0001403417313
249196	0.002070696753
249197	0.0004184452369
249198	0.001713383861
249199	0.002114070771
249200	0.0004290108101
249201	0.0002457158989
249202	6.989465299e-05
249203	0.001208197146
249204	0.0005744724855
249205	0.001146714166
249206	0.001729451933
249207	0.0005290345878
249208	0.000487843665
249209	0.0003661789567
249210	0.002023802797
249211	9.809327094e-06
249212	0.001097138588
249213	0.002761708635
249214	0.0001246688303
249215	0.004279651336
249216	0.0002428040108
249217	0.0006570881269
249218	0.0009710078948
249219	0.0008651006492
249220	0.001459998417
249221	0.0004256387874
249222	0.0001088588199
249223	0.0005256356217
249224	0.0002144216697
249225	0.00111521158
249226	0.003081764975
249227	0.0006930574148
249228	0.001517673913
249229	0.001031905442
249230	0.005472348359
249231	0.0002579422815
249232	0.0006165757359
249233	0.002128110295
249234	0.0005058761554
249235	0.001569630245
249236	0.002756974269
249237	0.001202359688
249238	0.001177313209
249239	0.001793160545
249240	0.0004555034794
249241	0.000592463777
249242	0.001251478725
249243	0.002433470039
249244	0.001580589374
249245	0.002360244398
249246	0.001391814733
249247	0.0005639469125
249248	0.0009142816717
249249	0.003215612227
249250	0.001534791457
249251	0.0006216746853
249252	1.372158582e-05
249253	0.001962816111
249254	6.250312957e-06
249255	0.002133799664
249256	0.0008767767
249257	0.0002966992169
249258	9.221766757e-05
249259	0.001151072774
249260	0.001807849436
249261	7.99426358e-05
249262	0.0003093864579
249263	0.002546335804
249264	7.902719456e-05
249265	0.0008047332628
249266	0.0009063236117
249267	0.0006408100797
249268	0.0003700879522
249269	0.000697674582
249270	0.001771262499
249271	0.0007966983653
249272	0.0007624127106
249273	0.00478114601
249274	0.002496836618
249275	0.0007417014598
249276	7.657145562e-05
249277	0.001862517433
249278	0.0008046615026
249279	0.001281439733
249280	5.417479151e-05
249281	0.00100675308
249282	0.0005562887504
249283	0.0007381477536
249284	0.003729102071
249285	0.0004721240734
249286	0.001965418788
249287	0.0003218209395
249288	0.0003079591913
249289	0.0007728031729
249290	0.001848846937
249291	0.001077695241
249292	0.004550968278
249293	0.001584235521
249294	0.001208018833
249295	0.001798796083
249296	0.002760957999
249297	0.0007229194288
249298	0.001490851924
249299	0.0002057535503
249300	0.0004386749146
249301	0.002645607784
249302	0.0002778370903
249303	0.002407148475
249304	0.0002332422098
249305	4.958273352e-05
249306	0.001602291956
249307	0.0008486307532
249308	0.001420541544
249309	0.003229967619
249310	0.001727625201
249311	0.002951043622
249312	0.001020501557
249313	0.002935254501
249314	0.001274840118
249315	0.001089650059
249316	0.0007989527278
249317	0.0002836284448
249318	0.0008041961819
249319	0.004422228981
249320	0.002396261255
249321	0.0001127401936
249322	0.0009311197597
249323	0.0003506999562
249324	0.0009619847907
249325	0.001314768368
249326	0.0006167693122
249327	0.0009209468095
249328	0.002680767416
249329	0.001211714304
249330	0.0001062462351
249331	0.004171346326
249332	0.001705379707
249333	0.001289939112
249334	0.0008459582071
249335	0.001036459392
249336	0.003487550967
249337	0.001780317599
249338	0.003836944131
249339	0.002348471815
249340	0.001114592887
249341	0.002802891457
249342	0.002820019131
249343	0.002957110146
249344	0.002095359022
249345	0.0003451605322
249346	0.001757544521
249347	0.00105641332
249348	0.0007419741415
249349	0.002298139824
249350	0.002861640197
249351	0.006301088324
249352	0.002096149394
249353	0.003747807074
249354	0.003059034094
249355	0.000391282446
249356	2.018319268e-05
249357	0.007692201142
249358	0.0004243391311
249359	0.000634962054
249360	0.001874846395
249361	0.008271778301
249362	0.0005244072498
249363	0.0001526911789
249364	0.002772028763
249365	0.0001745613764
249366	0.001803805122
249367	0.005698914232
249368	0.005249418099
249369	0.001735575624
249370	0.0007722409783
249371	0.001314868684
249372	0.002359264384
249373	0.002235125067
249374	0.002546976786
249375	0.0004837780429
249376	0.001336298921
249377	0.003429222233
249378	0.008269205922
249379	0.005969808756
249380	0.001132033544
249381	0.001162120278
249382	0.002186123953
249383	0.001647380221
249384	0.00367725422
249385	0.0001298811089
249386	0.004556571968
249387	0.001244158453
249388	0.0008488139213
249389	0.001811316345
249390	0.0007765685016
249391	7.313914399e-05
249392	0.0005955170064
249393	0.001136436714
249394	0.001569575514
249395	0.0001335170812
249396	0.001610689419
249397	0.001150159982
249398	0.001030126494
249399	0.001748372601
249400	0.001940830343
249401	0.003092338755
249402	0.001461949978
249403	0.003001792002
249404	5.003396345e-05
249405	0.001704848353
249406	0.002465270251
249407	0.003336306981
249408	0.001577065824
249409	0.000854473694
249410	0.001500388828
249411	0.000567519317
249412	0.001932802733
249413	0.001077970903
249414	0.0007194110519
249415	0.0001466582079
249416	0.003099741575
249417	0.004404686363
249418	0.0007947950909
249419	0.002235968686
249420	0.00199050237
249421	0.001174904497
249422	0.0007148784802
249423	0.001135772122
249424	0.002893365599
249425	0.001418553844
249426	0.002004544815
249427	0.004419816721
249428	0.000382973582
249429	0.00112364066
249430	0.0009075283677
249431	0.001519044476
249432	0.002066344001
249433	0.003116782913
249434	0.0009423470553
249435	0.001393023993
249436	0.002813395209
249437	0.003253232095
249438	0.001269193522
249439	0.001020205751
249440	0.0006076054472
249441	0.002626990993
249442	0.0008438479265
249443	0.0002517972111
249444	0.003308507481
249445	0.0005497236601
249446	0.0004016218121
249447	0.001898860309
249448	0.002489266157
249449	0.00197370123
249450	0.000795199955
249451	0.001659308
249452	0.002716123724
249453	0.003138166418
249454	0.001795540033
249455	0.005063557353
249456	0.002087697201
249457	0.0004269434449
249458	0.00125785797
249459	0.002924276884
249460	0.002432198586
249461	0.003495414036
249462	7.513193027e-05
249463	1.43303386e-06
249464	0.0001465453929
249465	0.001808384993
249466	0.0006999439072
249467	0.001225535617
249468	0.0001322211037
249469	0.00176899403
249470	0.0002993395528
249471	0.00162619413
249472	0.002681577895
249473	0.0001178536489
249474	0.003431676538
249475	0.002887029056
249476	0.001897998837
249477	0.002791019209
249478	0.001726846271
249479	0.0001429314935
249480	6.472715455e-06
249481	0.00051741512
249482	0.001091001359
249483	0.0004362097153
249484	0.003794145773
249485	0.001128218967
249486	0.002300749112
249487	0.0005853178914
249488	0.002507327454
249489	0.0007499003544
249490	0.002732911432
249491	0.002118500604
249492	0.003141176052
249493	0.0001376427266
249494	0.0007834860746
249495	0.002341174497
249496	0.001653968738
249497	0.00207199101
249498	0.0001219749464
249499	0.0004253726814
249500	0.001906347098
249501	0.0007508040982
249502	0.003244289826
249503	0.0001215978451
249504	0.0009736002321
249505	0.0004620325511
249506	0.0005866155017
249507	0.0003577912682
249508	0.001192092632
249509	0.0001240035231
249510	0.002330200448
249511	0.00132547
249512	0.003226923381
249513	0.002967169353
249514	0.003834136962
249515	0.002367526599
249516	0.003215257567
249517	0.002349677472
249518	0.002145356904
249519	0.0050872907
249520	0.001628077018
249521	0.0002646690222
249522	0.00128615613
249523	0.0005547693872
249524	0.00483249886
249525	0.0004337215466
249526	0.006339585483
249527	0.001500094554
249528	0.001383282643
249529	0.0003401449191
249530	0.0007468444231
249531	0.001291825877
249532	0.00113433502
249533	0.004066837988
249534	4.204078178e-05
249535	0.00162411893
249536	0.005076181704
249537	0.0001482008635
249538	0.003978584555
249539	0.002542143111
249540	0.001743377334
249541	0.009148788611
249542	0.0004297765518
249543	0.004303873765
249544	0.006043486356
249545	0.0005960943167
249546	0.006272252555
249547	0.008489183194
249548	0.002480656245
249549	0.0001299214825
249550	0.0004605084327
249551	0.001040863908
249552	0.001533815165
249553	0.0009891917727
249554	0.003279278321
249555	0.000297137842
249556	0.005744775538
249557	0.0003741333328
249558	0.0003440511147
249559	0.0002941926969
249560	0.0002038300464
249561	2.67822915e-06
249562	0.0002782230701
249563	0.001333165045
249564	0.0008540512612
249565	0.001071127191
249566	0.0003989356812
249567	0.0002896931662
249568	0.0007269035844
249569	0.001233209491
249570	0.000471325442
249571	0.0008033161791
249572	0.003150522725
249573	0.002882533377
249574	0.0001934947041
249575	0.001071074745
249576	0.002776584693
249577	0.0002663647523
249578	0.001244068282
249579	0.0004395814818
249580	0.0005157054796
249581	0.001647149237
249582	0.0002317295013
249583	7.716237954e-05
249584	0.0006390565554
249585	0.001345399443
249586	1.438466768e-05
249587	0.0001182449508
249588	3.726757065e-05
249589	0.0003622008451
249590	0.0002343472852
249591	0.0001159763367
249592	0.0009301341426
249593	0.002103432534
249594	0.006914895823
249595	0.00230235491
249596	0.000952334795
249597	0.002935309071
249598	0.00243788814
249599	0.002622312272
249600	0.0002448171314
249601	0.00162676685
249602	0.001905763725
249603	0.001644631285
249604	0.0003340859615
249605	0.0009832248095
249606	0.001828311919
249607	0.0002622389465
249608	0.001356291054
249609	0.0009668307181
249610	0.0002388141496
249611	0.0003128897012
249612	0.0005222849273
249613	0.0004329944314
249614	0.0004426691655
249615	0.0004168527679
249616	0.0009684516748
249617	0.0003229619693
249618	0.0002060876508
249619	0.001500844269
249620	9.9361014e-08
249621	0.0006684301347
249622	0.001891867955
249623	0.00125964606
249624	6.713059152e-05
249625	0.0008449472545
249626	0.0002748279281
249627	0.000325646251
249628	0.002218489271
249629	0.0009932899955
249630	0.001468419378
249631	0.001678377118
249632	0.0001733965566
249633	0.0005013049736
249634	0.0006627317798
249635	0.0006935983088
249636	0.0009609260302
249637	0.0009425712097
249638	3.799235937e-05
249639	0.002629963873
249640	0.0003907212842
249641	0.0001199202659
249642	0.0002647932851
249643	0.00102668746
249644	0.00275623286
249645	0.0004983471548
249646	0.0009130771759
249647	1.401214197e-05
249648	0.002003524736
249649	0.002514627739
249650	0.0005964406964
249651	0.0002073273801
249652	0.0001006808382
249653	0.002942580928
249654	1.178212262e-05
249655	0.0004439992606
249656	0.0001317323329
249657	0.006475193293
249658	0.002068230723
249659	0.001093497494
249660	0.003312932378
249661	0.001298165519
249662	0.007283906686
249663	0.0008839299041
249664	0.0005186671207
249665	0.003097331521
249666	0.0007228785355
249667	8.863788493e-05
249668	0.001260155983
249669	0.003566134385
249670	0.001256237706
249671	0.001894987438
249672	0.003444327452
249673	0.00040863475
249674	0.001870788717
249675	0.002151705675
249676	2.210433245e-08
249677	0.0001061808023
249678	0.0002297653384
249679	0.0003817802801
249680	4.445730746e-05
249681	0.0003912122314
249682	0.000129087767
249683	0.002791478073
249684	0.002882931038
249685	0.0002932275643
249686	0.0006515084193
249687	0.002666367314
249688	0.0002301237024
249689	0.002140720508
249690	0.006393770321
249691	0.001916231884
249692	0.001111491127
249693	0.002297812558
249694	0.0008829432691
249695	0.004005818311
249696	0.002677401994
249697	1.57059498e-07
249698	0.0009514461601
249699	0.001182346051
249700	0.0006150106304
249701	0.002139134216
249702	0.0004288733851
249703	0.002819489859
249704	0.002119550783
249705	3.80195338e-05
249706	0.001472839197
249707	0.0009820607375
249708	0.001022030366
249709	0.003245368329
249710	0.002919705522
249711	0.001842821505
249712	0.0004640773313
249713	0.004767687458
249714	0.0009119726749
249715	0.0008744905395
249716	0.002148965012
249717	0.00159280282
249718	0.0001400194014
249719	0.002076494514
249720	0.001066154896
249721	0.003741186295
249722	0.003217203081
249723	0.0005841946977
249724	0.002814494043
249725	0.0009285101416
249726	0.001591247444
249727	0.0003375711306
249728	0.0018433919
249729	0.00172583663
249730	0.002523753844
249731	0.0007808317596
249732	0.003714183722
249733	0.0001559786453
249734	0.003073153606
249735	0.001796139935
249736	0.001390562289
249737	0.0007883043197
249738	0.0006617189105
249739	0.001892946439
249740	0.003492773516
249741	0.001143023187
249742	0.001123022473
249743	0.002490327285
249744	0.0002288150576
249745	0.0009451516489
249746	0.00130833252
249747	0.001353861566
249748	0.0005662908847
249749	0.001220586738
249750	0.002914527564
249751	0.002099402658
249752	0.0004682656685
249753	0.0007962955625
249754	0.004526217846
249755	0.003458504482
249756	0.003555867048
249757	0.003050581557
249758	0.00194843037
249759	0.001474785098
249760	0.005373919205
249761	0.001869461505
249762	0.0009156713643
249763	0.0002055178262
249764	0.0003595324459
249765	0.000575713747
249766	0.001710664476
249767	0.003976773082
249768	0.001892779722
249769	0.0008468954348
249770	0.001310224251
249771	0.001119470065
249772	0.001001213958
249773	0.005199903721
249774	0.002289086434
249775	0.002517005024
249776	5.261280303e-05
249777	5.582881924e-05
249778	0.0006167228585
249779	0.001435566212
249780	0.003310501648
249781	0.003673192659
249782	0.0002996560433
249783	0.002774349008
249784	0.002600071314
249785	0.004055630498
249786	0.001844239219
249787	0.0009026717813
249788	0.0009546122331
249789	0.0003527596443
249790	0.002760119401
249791	0.002677496558
249792	0.004334519085
249793	0.003958495778
249794	0.0008793586586
249795	0.0004564481774
249796	0.001230010068
249797	0.002785976599
249798	0.0007619346882
249799	1.568975957e-05
249800	0.004446059002
249801	0.00279191102
249802	0.002243004252
249803	0.002728225211
249804	0.0003640318939
249805	0.002165023977
249806	0.001600041948
249807	0.0004873755388
249808	0.002767738359
249809	0.0003475013464
249810	0.002441455159
249811	0.0006639340689
249812	0.00069828358
249813	0.003729840263
249814	0.003276777994
249815	0.006088270108
249816	0.001515683324
249817	0.003373907464
249818	0.0001987615922
249819	0.0001683719402
249820	0.001477496483
249821	0.0003766698958
249822	0.000838232502
249823	0.0006078678804
249824	0.002861458755
249825	0.003120725598
249826	0.001501128791
249827	0.0001733850332
249828	0.0007574409547
249829	0.0001720269847
249830	0.0002143367082
249831	0.0008367271417
249832	0.00186835802
249833	0.0004507008541
249834	0.005283435554
249835	0.0006288131327
249836	0.001842626736
249837	0.0001766634761
249838	0.0007440632566
249839	0.0009006526349
249840	0.002001356752
249841	0.001174766971
249842	0.001256713806
249843	6.998202828e-06
249844	0.001351130446
249845	0.0003900946473
249846	0.0002270501884
249847	0.0003124987003
249848	0.000529352079
249849	0.001766901012
249850	0.0003852082973
249851	0.001590813244
249852	0.0001772615003
249853	0.003456125381
249854	0.0008730003225
249855	0.00410423096
249856	0.005668990605
249857	0.002740288832
249858	0.0005105747918
249859	0.0003963057466
249860	0.002486644254
249861	0.000827302623
249862	0.001233855087
249863	0.0006845796337
249864	0.004372855014
249865	0.001684222957
249866	0.001271973875
249867	0.002973092268
249868	0.001829435395
249869	0.0007860361883
249870	0.002033108646
249871	0.001576738046
249872	0.0001349035867
249873	0.0004322970612
249874	0.001147194726
249875	0.0001622339918
249876	0.001588092453
249877	0.002041942767
249878	0.0006974315728
249879	0.004986349647
249880	0.001212533114
249881	0.004479560953
249882	0.001991248107
249883	0.005226107668
249884	0.0007554916979
249885	0.002928148099
249886	0.002142073381
249887	0.001343747755
249888	0.002462004072
249889	0.001692256234
249890	0.002345591498
249891	0.001462808583
249892	1.858379101e-05
249893	0.003913046336
249894	0.001438196355
249895	3.835091783e-05
249896	0.0001829619241
249897	0.003965357391
249898	0.002402051002
249899	0.003264981824
249900	0.0004048251608
249901	0.0003216274866
249902	0.003558132621
249903	0.002089333722
249904	0.0002524208072
249905	0.004345033122
249906	0.0002252031974
249907	0.003278104748
249908	0.000985836585
249909	0.0003940242858
249910	0.002297538458
249911	0.003955692355
249912	0.0025206903
249913	0.0004797108068
249914	0.002825951039
249915	0.0008555529897
249916	0.0006021138276
249917	0.00280186405
249918	0.004353458101
249919	0.0005096476814
249920	0.0003807724754
249921	0.003113653249
249922	0.0008521000773
249923	0.004933274942
249924	0.0006088573019
249925	3.889829644e-05
249926	0.0004017384528
249927	0.0001901292363
249928	0.0002210263287
249929	0.0003408576245
249930	1.220673841e-05
249931	8.710945652e-06
249932	0.0002809798481
249933	0.0005932941054
249934	0.0002561708213
249935	0.0001262048527
249936	0.0002319835817
249937	0.0005003418367
249938	0.001214546442
249939	0.004918566302
249940	0.001711389879
249941	0.00059663091
249942	0.002059276026
249943	0.005011039857
249944	0.001710949239
249945	0.003961831529
249946	0.006356132831
249947	0.002069977873
249948	0.001297488808
249949	0.0001506884449
249950	0.003909872336
249951	0.0004915138437
249952	0.0006613002127
249953	0.004417692079
249954	0.002274394095
249955	0.0003306495588
249956	0.00180224128
249957	0.001775614233
249958	0.0003672081404
249959	0.00109596377
249960	0.004157318688
249961	0.004380813105
249962	0.004029151191
249963	1.224497626e-05
249964	0.003693636917
249965	0.003590601036
249966	0.004633140058
249967	0.002745110504
249968	0.005162393362
249969	0.0001589913347
249970	1.178187639e-05
249971	0.0007635822967
249972	0.002288791853
249973	0.002734341561
249974	0.001236506488
249975	0.0009530192635
249976	0.0007082308152
249977	0.001110789268
249978	0.001206546479
249979	0.0005543362637
249980	0.0004609385186
249981	0.001752495012
249982	0.0008002186139
249983	0.002709537156
249984	0.001062351231
249985	0.002252405176
249986	0.003063815831
249987	0.0002585822091
249988	0.0009581665115
249989	0.0004410730914
249990	0.0001685428915
249991	0.001853237473
249992	0.004108283273
249993	0.003581074672
249994	0.002437295739
249995	0.004541344596
249996	0.003548945383
249997	0.001257299378
249998	0.001606877193
249999	0.002545101889
250000	0.001447246237
250001	0.00227902051
250002	0.001036331758
250003	0.0009954871956
250004	0.004718754228
250005	0.002222111911
250006	0.00377100783
250007	0.0009345318724
250008	0.002336130037
250009	0.0003894380791
250010	0.001962571654
250011	0.002899075777
250012	0.004715915001
250013	0.0006793218336
250014	0.003251587194
250015	0.0003229863677
250016	0.003732431264
250017	0.0008163348743
250018	0.002315195796
250019	0.001993501651
250020	0.001367062921
250021	0.004808364721
250022	0.0005731176977
250023	0.0009344940554
250024	0.001699357875
250025	0.002643065224
250026	0.00114051459
250027	0.001213599632
250028	0.0004289305382
250029	0.002017053176
250030	0.001788973149
250031	0.001387048306
250032	0.001888118835
250033	0.003832276316
250034	0.0004465718084
250035	0.001608627021
250036	0.000148422724
250037	0.004207828482
250038	0.002325722448
250039	0.0003457635654
250040	0.006560845153
250041	0.002888362638
250042	0.002650588693
250043	0.004187783426
250044	0.006187661529
250045	0.001447089278
250046	0.0003988302426
250047	0.001999943356
250048	0.002029097738
250049	0.0002897614331
250050	0.0007230880621
250051	0.001813434719
250052	0.002416424194
250053	0.002689481385
250054	0.002299056198
250055	0.0001595133274
250056	0.007643130604
250057	0.0001530977837
250058	0.003039669516
250059	0.0005239007717
250060	0.0008030992239
250061	0.001030670877
250062	0.0002820160514
250063	0.003287217125
250064	0.0009649092689
250065	0.0006760305687
250066	8.500572959e-05
250067	0.001869060773
250068	0.002018629611
250069	0.000712117056
250070	0.001652580614
250071	0.002848488877
250072	0.003060646245
250073	0.00335309218
250074	0.002241123447
250075	0.005256506948
250076	0.000307634158
250077	0.004136377901
250078	0.00233153422
250079	0.0006784867197
250080	0.001596452695
250081	0.0008415504067
250082	0.0005246777156
250083	0.0006132540887
250084	0.006643030574
250085	0.001652197581
250086	0.002237392204
250087	0.00270748583
250088	0.001609526694
250089	0.0001778583623
250090	0.002655366152
250091	0.008287188263
250092	0.00125103921
250093	0.004267241032
250094	0.002015183071
250095	0.0004216755612
250096	0.0007893511956
250097	0.0002744485258
250098	0.001972026574
250099	0.006103123428
250100	0.007054179282
250101	0.001644041995
250102	0.006520797279
250103	0.003379936696
250104	0.001517676649
250105	9.691195639e-06
250106	0.003554042081
250107	0.005833898305
250108	0.0002356556459
250109	0.0005523840982
250110	0.001206077809
250111	0.002182258648
250112	0.001970575127
250113	0.000817273075
250114	0.001582221082
250115	0.0009344067435
250116	0.002121997525
250117	0.000936932512
250118	0.003359199448
250119	0.002800192646
250120	0.001960672
250121	0.0003207901023
250122	0.0009862543593
250123	0.0004634934656
250124	0.001495179468
250125	0.0004359799579
250126	0.0009045477603
250127	0.002524110886
250128	0.001866581796
250129	0.004396754529
250130	0.001279141073
250131	0.0003971326235
250132	0.0005133814953
250133	0.0007013877354
250134	0.001022965468
250135	0.0008805550324
250136	0.0002094029375
250137	0.001087526687
250138	0.000561100742
250139	0.001622955679
250140	4.069314246e-05
250141	0.0005283330773
250142	0.0005399164064
250143	0.005204477477
250144	0.0006054656662
250145	0.0009083991926
250146	7.091633287e-05
250147	0.0001815211694
250148	0.002098195315
250149	0.0005494310411
250150	0.002903131324
250151	0.0002495231408
250152	0.000775072233
250153	0.001382032073
250154	0.001468939237
250155	0.002610246927
250156	0.00424990388
250157	0.0004223215133
250158	0.0004908486515
250159	0.001879588467
250160	0.002210647104
250161	0.004285899907
250162	0.002920663319
250163	0.0009710802703
250164	0.0009936892051
250165	0.0008930592567
250166	0.000164973954
250167	0.0004656879558
250168	0.001952057254
250169	0.006744944769
250170	0.0006877162139
250171	0.001867445895
250172	0.0008581999828
250173	0.002715749032
250174	0.003774447316
250175	0.004032788634
250176	0.001554450804
250177	0.002360466476
250178	0.0006381614655
250179	0.001474086574
250180	0.0009798684919
250181	0.001234013704
250182	0.0006012234899
250183	0.0003100392759
250184	0.01233530135
250185	0.0004334137493
250186	0.0008891342278
250187	0.00308059975
250188	0.002553643405
250189	0.002323485707
250190	0.002485224994
250191	0.0005982735121
250192	0.0003691800373
250193	0.000410019508
250194	0.0001357952839
250195	0.003322394224
250196	0.001107013107
250197	0.002077831531
250198	0.0002439518557
250199	0.0001914049501
250200	0.002123679861
250201	0.0007487288358
250202	0.003577033222
250203	0.0006899035075
250204	0.00119415331
250205	0.002342732803
250206	0.001995390359
250207	0.001843700616
250208	0.0008371687835
250209	0.003804073581
250210	0.002315879918
250211	0.005936242586
250212	0.0008782385168
250213	3.287534073e-05
250214	0.004482748217
250215	0.001279333997
250216	0.003373010936
250217	0.001803113716
250218	0.00106780956
250219	0.001564197302
250220	0.0003049781547
250221	0.0105341574
250222	0.0005097714149
250223	0.0001363376915
250224	0.001043574152
250225	0.0002965229942
250226	0.0003105095555
250227	0.00025772913
250228	0.001761366057
250229	0.001128446546
250230	0.0001912033162
250231	4.7438936e-06
250232	0.001359363207
250233	0.0008508270837
250234	0.001201513076
250235	0.0003374694483
250236	0.0005092541979
250237	0.001498402965
250238	0.0005095942949
250239	0.001237223967
250240	1.743339959e-05
250241	0.0006078054384
250242	0.000489953849
250243	0.0001093291001
250244	0.0014149268
250245	0.0001417009223
250246	0.001607527046
250247	0.001389859769
250248	0.003415000679
250249	0.0005784689907
250250	0.005415850204
250251	0.0005169006607
250252	0.0002684245646
250253	0.0003734157775
250254	0.0003837793975
250255	0.0003976469715
250256	9.623735838e-05
250257	0.0001235700818
250258	2.168022998e-05
250259	0.0002410027488
250260	0.0004060159895
250261	6.0551819e-05
250262	0.0002538495092
250263	8.329749462e-05
250264	0.001934686685
250265	7.715009465e-06
250266	0.0006729426024
250267	0.003884095907
250268	0.001629539616
250269	0.002559359615
250270	0.002958330256
250271	4.584390209e-05
250272	0.001295786513
250273	0.002125505298
250274	0.001629719353
250275	0.002654331211
250276	0.005359119526
250277	0.00106014715
250278	0.002094743797
250279	0.001749945251
250280	0.001228310118
250281	0.0002406057716
250282	0.000278890609
250283	9.71592502e-05
250284	0.002012386185
250285	0.0004554495936
250286	0.0002133336191
250287	0.0002577559152
250288	0.002346406335
250289	0.002722069301
250290	0.00183463529
250291	0.003448919189
250292	0.002264114652
250293	0.001631642662
250294	0.008619640459
250295	0.005145142054
250296	9.198402831e-06
250297	0.001461507103
250298	0.006465056904
250299	0.001209816754
250300	2.712103869e-05
250301	0.002990005333
250302	0.004017910937
250303	0.001237523926
250304	0.005966715619
250305	0.001490304336
250306	0.001717190601
250307	0.001533496679
250308	0.00557671281
250309	0.00245445697
250310	0.001205576184
250311	0.0004323325867
250312	0.002530042354
250313	0.005280036305
250314	0.0005000089338
250315	0.002823724401
250316	0.0004954997843
250317	0.001706330786
250318	0.0001494375423
250319	0.005493827099
250320	0.003783069866
250321	0.0003780781924
250322	0.001884419562
250323	0.002370297097
250324	0.0003337592756
250325	0.0003235316491
250326	0.002082660157
250327	0.001766395627
250328	0.003099480087
250329	0.004525699135
250330	0
250331	0.007334813397
250332	0.002378509832
250333	0.001433985204
250334	0.003969952902
250335	0.003379874783
250336	0.0005633173453
250337	0.001980097623
250338	0.001904169138
250339	0.0007689385958
250340	0.001472028866
250341	0.001213150044
250342	0.004247397878
250343	0.001239000321
250344	0.0002833037411
250345	0.0007883269945
250346	0.002076866075
250347	0.001184642764
250348	0.0005782547303
250349	0.0004267832035
250350	0.0009754857555
250351	0.004235701291
250352	0.001151459022
250353	0.005128966488
250354	6.739455058e-05
250355	0.003298426691
250356	0.0001774180185
250357	0.0001813986092
250358	0.000233406035
250359	0.001380437226
250360	0.0007832807329
250361	0.0003021803801
250362	0.001563698983
250363	0.002881488871
250364	0.0001260423419
250365	0.003113391673
250366	0.002770116187
250367	0.0008129032574
250368	0.0005750817474
250369	0.001019118099
250370	0.002154588867
250371	0.0003166351626
250372	0.003639844419
250373	0.001166612902
250374	0.002122952039
250375	0.00388795951
250376	0.0007718509323
250377	0.001664017517
250378	0.003110921981
250379	0.004195768394
250380	0.0003659815917
250381	0.001687280936
250382	0.001166400295
250383	0.002575668198
250384	0.00466866884
250385	0.007089948489
250386	0.001607553001
250387	0.001897419502
250388	0.001994633296
250389	0.0007450336967
250390	0.00395227771
250391	0.001471357536
250392	5.190542108e-05
250393	0.001039275505
250394	0.0021089949
250395	0.003627862256
250396	0.001359597427
250397	0.001061125779
250398	0.003550721549
250399	0.002645263699
250400	0.002082469543
250401	0.003431673995
250402	0.002716968742
250403	0.002855283338
250404	0.002788209334
250405	0.003150730019
250406	0.00175285154
250407	0.002804987746
250408	0.002889311556
250409	0.003025351128
250410	0.002714905866
250411	0.002372689732
250412	0.002503396421
250413	0.002081327503
250414	0.002465143661
250415	0.002262049642
250416	0.0002015596231
250417	7.028542473e-08
250418	0.0001010774808
250419	0.0003123864868
250420	0.0004277354869
250421	0.0005031430828
250422	0.0006936354765
250423	5.740465882e-05
250424	0.0001115003369
250425	0.0005856037201
250426	1.490159232e-07
250427	0.0003712738763
250428	0.000104854403
250429	0.000587121966
250430	0.001012084872
250431	0.0005869169403
250432	0.0006908268603
250433	0.00038902728
250434	0.0004437228449
250435	0.004715058106
250436	0.0009454458429
250437	0.002441134263
250438	0.0004461305437
250439	0.0006556254007
250440	0.001098029607
250441	0.0006402650308
250442	0.0002880303065
250443	0.0007797457458
250444	0.001847569383
250445	0.001342675326
250446	0.0006065291296
250447	0.0002042118401
250448	0.00108371627
250449	0.0004448892568
250450	0.001604795791
250451	0.0009902191499
250452	0.0009055181904
250453	4.532094182e-05
250454	0.0009862919848
250455	0.0002324042838
250456	0.0003234707432
250457	0.0003830623074
250458	0.001313755553
250459	0.001272678424
250460	0.0009959185268
250461	0.001287441976
250462	0.0009126665537
250463	2.76587964e-05
250464	0.001177260264
250465	0.001347881943
250466	0.0004818271405
250467	0.0009843188201
250468	0.000990420128
250469	0.0002499234564
250470	0.002129019459
250471	0.00096155692
250472	0.001057148011
250473	0.0002214528319
250474	0.0001953029895
250475	0.0001254534715
250476	0.0006760566624
250477	0.0009097229814
250478	0.001124387307
250479	0.001923912853
250480	0.0006815632167
250481	0.0004116111019
250482	0.0002232626225
250483	0.001615632393
250484	0.0009952620559
250485	0.00205051021
250486	0.000429379133
250487	0.0002263571006
250488	0.0002118221524
250489	0.0007124510422
250490	4.944220793e-05
250491	0.0003979316578
250492	0.0008703034185
250493	0.0006761937004
250494	0.0004619695781
250495	0.000163914151
250496	0.0007006396742
250497	0.001253505972
250498	0.0001972145284
250499	9.872090938e-06
250500	0.001401080494
250501	0.001170434066
250502	0.001286342917
250503	1.855719841e-05
250504	0.002058563487
250505	0.0003192052272
250506	0.0003025672552
250507	0.00107923234
250508	0.001439088926
250509	0.0009379670029
250510	0.001199760183
250511	0.005067398133
250512	0.0008495751663
250513	0.002407530772
250514	0.004425542279
250515	0.0002517724673
250516	0.001219619935
250517	0.0009292966937
250518	0.0001760623479
250519	0.001348645562
250520	0.0004279065052
250521	7.407968325e-05
250522	0.001698130014
250523	0.0009153648279
250524	0.0005906912706
250525	0.002256788583
250526	1.022653522e-05
250527	0.0008364502345
250528	0.0004620866027
250529	0.003330095493
250530	0.0009957758115
250531	0.0007295725413
250532	0.0006341862174
250533	0.0008594396299
250534	0.0002400158618
250535	0.0009352479987
250536	0.003942952326
250537	0.001973339624
250538	0.0005242389914
250539	0.0003284437269
250540	0.0006399884976
250541	0.0002966808187
250542	0.0007391124243
250543	0.001012669726
250544	0.0004964497273
250545	6.833867347e-05
250546	0.001323651833
250547	0.001226107818
250548	0.00102786182
250549	0.001945017771
250550	0.0009903358786
250551	0.001127076776
250552	0.0006226819412
250553	0.0001291934966
250554	0.00221399008
250555	0.0002236897814
250556	0.0006503255135
250557	0.002264357621
250558	0.0006566466062
250559	0.001186959988
250560	0.0004039653818
250561	0.001631920914
250562	0.001353802435
250563	0.003498437731
250564	0.0003439605827
250565	0.0004814172759
250566	0.001823714743
250567	0.00112932205
250568	0.003244804655
250569	0.002802377142
250570	0.00202450566
250571	0.002239686865
250572	0.003661159347
250573	0.0009349757825
250574	0.0007432774844
250575	0.001038078098
250576	0.001962664399
250577	0.000724794514
250578	0.0002341120033
250579	7.346605048e-05
250580	0.0007634488302
250581	0.001318464323
250582	0.002718234596
250583	0.001040161007
250584	0.0001789979445
250585	0.0006139895949
250586	0.004924513414
250587	0.001453918044
250588	0.001998276773
250589	6.823454811e-05
250590	0.0008069182582
250591	0.001282202538
250592	0.001315485067
250593	0.001432963236
250594	0.003045013949
250595	0.003208838257
250596	0.001770754137
250597	0.0002557614339
250598	0.0002658665077
250599	0.002289749367
250600	0.000229581409
250601	0.001557256626
250602	0.0001033093601
250603	0.0002441999329
250604	0.001629284992
250605	0.0001619718857
250606	0.001005070115
250607	0.000310989215
250608	0.004611441333
250609	0.002539460048
250610	0.001239491876
250611	0.002223147253
250612	0.002328225047
250613	0.0008026789379
250614	0.003221746626
250615	0.001559966971
250616	0.0002401435095
250617	0.001122924456
250618	0.0002679787536
250619	0.0003998389934
250620	0.0007147682658
250621	0.0004370676288
250622	0.0004055778711
250623	0.0004543901551
250624	0.0003471878384
250625	0.000407126167
250626	0.0006139940918
250627	0.0002622491475
250628	0.0008749767339
250629	0.0002877827728
250630	0.0009993909963
250631	7.937150853e-05
250632	0.001446500576
250633	0.002247120093
250634	0.0002154279433
250635	0.001837335866
250636	0.001341322958
250637	4.184811631e-05
250638	6.19449609e-06
250639	0.0002283712532
250640	0.003996465337
250641	0.004721502147
250642	0.002078464526
250643	0.00227411672
250644	0.001303970755
250645	0.002593226579
250646	6.674263386e-05
250647	0.0004159924952
250648	0.0005055488659
250649	0.001160674406
250650	0.0007322481195
250651	7.337783601e-05
250652	0.0001374064044
250653	0.0004892965631
250654	0.001739264222
250655	0.00269468093
250656	0.0007175430775
250657	0.001677930468
250658	0.0008066926081
250659	0.0003078382093
250660	0.00223124063
250661	0.001138217118
250662	0.00116127281
250663	0.001224670165
250664	0.001269566001
250665	0.0004450767735
250666	0.0006152933828
250667	0.005535693703
250668	0.001757224794
250669	0.002029917403
250670	0.0002075939483
250671	3.379772233e-05
250672	0.0003490867677
250673	0.0009935468299
250674	0.0004890000473
250675	0.001670923688
250676	0.0007192389994
250677	0.001621034299
250678	0.001927074411
250679	0.001222532172
250680	0.0006970638274
250681	0.000904346102
250682	0.0002653712471
250683	0.002857224283
250684	0.00140825135
250685	0.0008360929056
250686	0.002392732758
250687	0.00131920059
250688	0.002560923783
250689	0.001359008505
250690	0.004287373346
250691	0.0009518491169
250692	0.005389697947
250693	0.003451856613
250694	0.002234096158
250695	0.001912849014
250696	0.003159352095
250697	0.000615573112
250698	0.005259787698
250699	0.003493501542
250700	0.001035933658
250701	0.001799043105
250702	0.002987164463
250703	0.002644611468
250704	0.002701359026
250705	0.0022389668
250706	0.0007834365583
250707	0.002817957134
250708	0.003307555856
250709	0.00219243718
250710	0.0003516183676
250711	0.003172253062
250712	0.001022720828
250713	0.003383356026
250714	0.004942876185
250715	0.002991160584
250716	0.0005487038293
250717	0.0006331484405
250718	0.001643042183
250719	9.805901045e-05
250720	0.003545662098
250721	0.0007277349267
250722	0.0002585791022
250723	0.0009944599778
250724	0.0006612468936
250725	8.02065861e-05
250726	0.0004824940006
250727	0.002798026604
250728	0.003733975453
250729	0.0007203549774
250730	0.003334328799
250731	0.0002916209833
250732	0.0003691408876
250733	0.0007875827224
250734	0.002213470617
250735	0.004817916796
250736	0.001253723415
250737	0.0003133679312
250738	0.0009135890794
250739	0.003303176207
250740	0.002835411869
250741	0.0004249725211
250742	0.002808622683
250743	0.002796141036
250744	0.00101051291
250745	0.000337302801
250746	0.0003463893577
250747	0.002464711743
250748	0.001308885621
250749	0.003848758882
250750	0.00143380919
250751	1.373334655e-05
250752	0.00511218996
250753	0.003600773169
250754	0.003394860226
250755	2.132002696e-05
250756	0.0001671286323
250757	0.003609782127
250758	0.002629087977
250759	0.0009245154148
250760	0.0030092097
250761	0.002663549632
250762	0.005198957128
250763	0.0001074691664
250764	0.0001125529906
250765	0.005035562937
250766	0.002227765831
250767	0.004252591812
250768	0.0003896311577
250769	0.002761970513
250770	0.000292637185
250771	0.001636510583
250772	0.000619900488
250773	0.00201052199
250774	0.004919639768
250775	0.004417650065
250776	0.0007508056316
250777	0.003122735041
250778	0.0003071336358
250779	2.873560634e-05
250780	1.645667404e-06
250781	0.002114061375
250782	0.0002438419932
250783	0.001496368061
250784	0.004107852883
250785	6.312796535e-05
250786	0.001085914227
250787	0.004975788509
250788	0.0008485822467
250789	0.0002246521907
250790	0.001139697685
250791	0.001433551434
250792	0.0009229135341
250793	0.0024353448
250794	0.002591791178
250795	0.002040675283
250796	0.0001818716596
250797	0.00489044616
250798	0.002847790199
250799	0.002930234838
250800	0.003297607497
250801	0.001556838109
250802	0.0007474949597
250803	0.000224915099
250804	0.001926426208
250805	0.002679537502
250806	0.0013308772
250807	0.001025205957
250808	0.0001598446292
250809	0.000362031933
250810	0.002587858727
250811	0.0002721936011
250812	0.0005461481603
250813	0.003673275049
250814	0.0002682113885
250815	1.066494852e-05
250816	4.900827975e-05
250817	9.329334252e-05
250818	3.149300539e-05
250819	0.0006113219984
250820	2.003945534e-05
250821	0.001659498236
250822	0.001834400652
250823	0.00105571318
250824	0.0001745457639
250825	2.186188625e-05
250826	0.001086795973
250827	0.0003640927308
250828	0.004964873042
250829	0.0003813870694
250830	0.00213214664
250831	0.0002519160457
250832	0.0001876418918
250833	0.001896990595
250834	0.0005693859132
250835	0.0007586294056
250836	2.55829784e-06
250837	0.001836980304
250838	0.0001030556003
250839	0.0002837071988
250840	0.001372587523
250841	0.0004359640042
250842	0.001977380172
250843	0.0005967345415
250844	5.966417908e-06
250845	0.00341357834
250846	0.000207063771
250847	0.0003137210583
250848	0.001209725237
250849	0.001333010629
250850	0.002512064123
250851	0.0002320308247
250852	0.001714703021
250853	0.0009230405358
250854	0.000149415302
250855	0.002893071141
250856	0.0003837491872
250857	0.001607550482
250858	0.001853092701
250859	0.0006389753707
250860	0.0001179672344
250861	0.001504298474
250862	0.0007318988432
250863	0.002080775007
250864	0.0006514193953
250865	0.002215292298
250866	0.0007538755708
250867	0.0001529156924
250868	0.001375518239
250869	0.001233461937
250870	0.001477664581
250871	0.00142462395
250872	0.0002081524013
250873	0.001964292547
250874	0.002317997758
250875	0.0004983019246
250876	0.001595441686
250877	0.001409857744
250878	0.0006911685942
250879	0.001022412177
250880	0.0005897181684
250881	0.0003430526997
250882	0.001107839997
250883	0.0001149646333
250884	0.0004695292939
250885	0.001375692134
250886	0.0001411896324
250887	0.0009161860564
250888	0.0003930783979
250889	0.0002973577933
250890	0.001109146098
250891	0.001024333184
250892	0.0002123104253
250893	0.0004826649263
250894	0.0002596632109
250895	0.0004162971592
250896	0.001298931623
250897	0.0005942289058
250898	0.001134989402
250899	0.002081151438
250900	0.0008421153684
250901	0.001653254961
250902	0.001731057177
250903	0.001189476341
250904	0.001281567323
250905	0.003332088929
250906	3.587011076e-05
250907	0.000696689113
250908	0.001737209267
250909	0.002245306185
250910	0.0001128676631
250911	0.0001937239137
250912	0.0009399934676
250913	0.0006418485628
250914	0.003423411761
250915	0.003196793759
250916	0.004392639295
250917	2.417334956e-05
250918	0.0003836950647
250919	0.0001354647779
250920	0.005358587051
250921	0.001357391827
250922	0.0003942537366
250923	0.004217085071
250924	4.261076846e-05
250925	0.0004385401293
250926	2.022670208e-05
250927	0.002706078524
250928	0.0006311209674
250929	0.0009837659525
250930	0.0004244997314
250931	6.634777648e-05
250932	0.0005655838934
250933	0.0004754855892
250934	9.660654925e-05
250935	0.001658470412
250936	0.001158043978
250937	0.004217579902
250938	0.002702888574
250939	0.0003073591281
250940	0.001310120705
250941	0.002641861093
250942	0.0001135184514
250943	0.0004619201283
250944	0.0009953849265
250945	0.0006738102432
250946	0.002964241725
250947	0.00165901583
250948	0.001075218781
250949	0.002777970164
250950	0.0001700337458
250951	0.001737833227
250952	0.000570299871
250953	0.002370482974
250954	0.0005107450439
250955	0.0004296636076
250956	0.0008848677408
250957	0.0008441071361
250958	0.0002790734129
250959	0.002500823411
250960	0.0001804542242
250961	0.002358010182
250962	0.001001682299
250963	0.001325991778
250964	0.002710225865
250965	0.0004051620221
250966	0.001618081128
250967	0.0001013004071
250968	0.004482495664
250969	0.003435347342
250970	0.001666306385
250971	0.0006093779752
250972	0.0002466773777
250973	0.0007058362591
250974	0.004058519848
250975	0.0007445696637
250976	0.0005119611498
250977	0.00156651042
250978	0.00150899841
250979	0.003533809022
250980	0.000761148022
250981	0.0002747550128
250982	0.0005330378122
250983	0.0008199297815
250984	0.001144228688
250985	0.0006315261803
250986	0.00117384867
250987	0.002579969002
250988	0.0008036078936
250989	0.0009570749448
250990	0.001842404433
250991	0.0009731960725
250992	0.002087535797
250993	0.001043803513
250994	0.0008527647187
250995	0.001155131592
250996	0.003062954776
250997	0.001147594829
250998	0.001287795849
250999	7.853916237e-05
251000	0.002285583448
251001	8.901285902e-05
251002	0.00255330498
251003	1.906198441e-05
251004	0.0006788814189
251005	0.001476613662
251006	0.0005514384436
251007	3.643121459e-08
251008	0.000821659257
251009	0.000302783897
251010	0.0008389851542
251011	0.00305975401
251012	0.002237269809
251013	0.000551132902
251014	0.0008146137534
251015	0.0007595748337
251016	0.0008529415258
251017	0.000578752928
251018	0.000150408013
251019	0.0001116946665
251020	0.001195829034
251021	0.001424701466
251022	0.0004448545539
251023	0.0003071633724
251024	0.001462730425
251025	0.003613256888
251026	0.00325692549
251027	0.002722767177
251028	0.00116835451
251029	0.001881324208
251030	0.0009728984294
251031	0.001329986867
251032	0.0007420020127
251033	0.0009226732899
251034	0.0003100722724
251035	0.001393613234
251036	0.001659818254
251037	0.0008886473074
251038	0.0008109435494
251039	0.0007678757897
251040	0.002356226804
251041	0.000939334891
251042	5.090450053e-05
251043	0.001076969213
251044	4.157990818e-05
251045	0.003125761133
251046	0.0007659595273
251047	0.001241443503
251048	0.0002277239742
251049	0.001762302525
251050	0.0008386501248
251051	0.0002744841283
251052	0.002538563136
251053	0.0008266321766
251054	0.001250567036
251055	0.001057523698
251056	0.001263488166
251057	0.0003574066145
251058	0.0009443195125
251059	0.0003338457869
251060	0.001026057646
251061	0.0005474105063
251062	0.001121800183
251063	0.00138961419
251064	0.0002857855995
251065	0.00186612901
251066	0.002907971014
251067	0.002693523732
251068	0.002401748379
251069	0.004470659656
251070	0.002069292019
251071	0.001585072077
251072	0.001046920297
251073	0.000134242538
251074	0.0006950330305
251075	0.0007538901819
251076	0.0001664276061
251077	5.312254556e-05
251078	0.003270481789
251079	0.0008841499795
251080	0.0008034350373
251081	0.0007976336672
251082	0.002791651746
251083	0.0005783244469
251084	0.0009545848126
251085	2.544407451e-05
251086	0.001417919062
251087	0.0008636457266
251088	0.002202160958
251089	0.000368747669
251090	0.0001086675735
251091	0.002545389724
251092	0.001157747969
251093	0.0008659005983
251094	0.0009250464387
251095	0.001507117712
251096	0.001774723246
251097	0.002666888975
251098	0.001156164354
251099	0.001573729632
251100	0.003008659185
251101	0.001672526717
251102	2.730906505e-05
251103	0.00247313955
251104	0.0007038125328
251105	0.0009849050484
251106	0.001041706657
251107	0.001356587003
251108	0.002346502102
251109	0.00167784224
251110	0.0005661823347
251111	0.0004294553172
251112	0.001638773715
251113	0.002692508232
251114	0.00397799611
251115	0.000991130795
251116	0.0008590492048
251117	0.001150060959
251118	0.0009876103289
251119	0.00654099243
251120	0.0001350107659
251121	0.001349744626
251122	0.002575048688
251123	0.001872104069
251124	0.001708547495
251125	0.000123883193
251126	0.0003831403174
251127	0.000582968879
251128	0.0001712765497
251129	0.003133948228
251130	0.001270353493
251131	0.001266661054
251132	0.0009988624204
251133	0.001548616687
251134	0.0002761455881
251135	0.001318863774
251136	0.000549796909
251137	0.001006199427
251138	0.001357792044
251139	0.001291955248
251140	0.0002704172986
251141	0.0002051624133
251142	0.00258547885
251143	0.0004507874109
251144	0.00240488277
251145	0.0003082010729
251146	0.001978005895
251147	0.0002445501375
251148	5.691046669e-05
251149	0.001585538918
251150	0.004237384211
251151	0.002203516918
251152	0.000822006915
251153	0.001980465691
251154	0.000497025864
251155	0.0001169435358
251156	0.002093944645
251157	0.003345246276
251158	0.000984276424
251159	0.003323503626
251160	0.0001097363227
251161	0
251162	0.001050294071
251163	0.002718180217
251164	0.0007735479943
251165	0.0001856260005
251166	1.643109167e-05
251167	0.002354710093
251168	0.001436343969
251169	0.0004829795574
251170	0.002450318794
251171	0.0006848803497
251172	0.00166455637
251173	0.000766820828
251174	0.00375443869
251175	0.0004888309513
251176	7.042134107e-05
251177	0.001683858272
251178	0.0005911877252
251179	0.0007151018672
251180	0.001642253999
251181	0.002495798698
251182	0.001341173595
251183	0.001101450995
251184	0.001312327041
251185	0.0004274571697
251186	0.0006340555059
251187	0.0009277111133
251188	0.0007263485868
251189	0.00434087689
251190	0.001147459765
251191	0.0002456669601
251192	0.00205169543
251193	0.000687498118
251194	0.001677511862
251195	0.003906169941
251196	0.003108906822
251197	0.0001842704948
251198	0.0001558321885
251199	0.001668950767
251200	0.0005459732415
251201	0.0008784233844
251202	0.001003313448
251203	0.002903409449
251204	0.001280365877
251205	0.003139288097
251206	0.000615673482
251207	0.001270165053
251208	0.00405050566
251209	0.0004839585787
251210	0.000504133569
251211	0.001272262263
251212	0.0007041204081
251213	0.001980844125
251214	0.0008350229509
251215	0.0004373258003
251216	1.503963286e-05
251217	0.001531281289
251218	0.0002452453691
251219	0.001899789077
251220	0.0002743054059
251221	0.00152691306
251222	0.0009321089619
251223	0.001706367042
251224	0.000462331646
251225	0.001177306184
251226	0.0004503589994
251227	0.001897160908
251228	0.0014885336
251229	0.0002495371504
251230	0.001836561508
251231	0.004331173761
251232	0.0004100316482
251233	0.0009243921487
251234	0.00437032264
251235	0.001279943739
251236	0.0009118001987
251237	0.0001418469457
251238	0.0004751453797
251239	0.0007427768558
251240	0.0004378135733
251241	0.00155558082
251242	0.001924981563
251243	0.002612226633
251244	0.001587857571
251245	0.0004099850782
251246	0.0001323838292
251247	0.001483780874
251248	0.000916054192
251249	0.004797112075
251250	0.002704794438
251251	0.001131029049
251252	0.0004122852575
251253	0.0009397705384
251254	0.001376751159
251255	0.001061925065
251256	0.0009519135583
251257	0.002750225345
251258	0.0006953658592
251259	0.0001741693726
251260	0.0004516022641
251261	0.002064727006
251262	0.0005535996411
251263	0.0008418810117
251264	6.931206529e-06
251265	0.001303443731
251266	0.000381342549
251267	0.001335301277
251268	0.0006219306832
251269	0.001853207833
251270	0.001334107984
251271	0.002100024446
251272	0.0001424142719
251273	0.001855135328
251274	0.001106097137
251275	0.000101566254
251276	0.001862856637
251277	0.002396611331
251278	0.000405688224
251279	8.412313502e-05
251280	0.004097675206
251281	0.001189174654
251282	0.003067634522
251283	0.001727087897
251284	0.002047718678
251285	0.0001839337347
251286	1.994081295e-05
251287	0.002841792489
251288	0.002708334939
251289	0.001301911046
251290	0.001039209398
251291	0.000408563697
251292	5.735419766e-05
251293	0.0002077288919
251294	0.002737773891
251295	0.0001489473309
251296	0.002556286831
251297	0.00129920058
251298	0.002011151847
251299	0.0008143139224
251300	0.001711068926
251301	0.001249963567
251302	0.001558258209
251303	0.001969841557
251304	0.0008573347625
251305	0.00264243704
251306	0.000906153476
251307	0.001765512703
251308	0.0007438500675
251309	0.0003900889924
251310	0.001279624798
251311	0.001349746607
251312	0.000308305335
251313	0.003679856832
251314	0.0003134849009
251315	0.004821886265
251316	9.789793784e-05
251317	0.00192665186
251318	0.00187843184
251319	0.001204212608
251320	0.002246488901
251321	0.001454140166
251322	0.0005862821984
251323	0.0009305149876
251324	0.001262455999
251325	0.0004085091251
251326	0.0009664625531
251327	0.0003241683825
251328	0.001134332239
251329	0.00284946065
251330	0.001727761084
251331	0.002614241965
251332	0.0005710088191
251333	0.0007036211374
251334	0.00143086535
251335	0.001755134837
251336	0.0008301388506
251337	0.001742902498
251338	0.0001423343791
251339	0.00134829681
251340	0.001297439069
251341	0.002390238146
251342	0.0003099565708
251343	0.001328996369
251344	0.001055196213
251345	0.0006124156309
251346	0.002504125152
251347	0.004025113269
251348	0.0006524100818
251349	0.001066071331
251350	0.0003226618078
251351	0.002118116869
251352	0.00193423038
251353	0.0003810425346
251354	0.0008031873723
251355	0.001389296324
251356	0.002131588733
251357	0.001878290461
251358	0.001743525281
251359	0.0003430304762
251360	0.0007003520571
251361	0.0009446479291
251362	0.001480665343
251363	0.001960627348
251364	0.001784819832
251365	0.004326033701
251366	0.0002501561701
251367	0.001359189314
251368	0.000486817656
251369	0.003292020864
251370	0.000224246174
251371	0.0003638863474
251372	0.003605933459
251373	0.002662569218
251374	0.001318852119
251375	0.003390714447
251376	0.000506348941
251377	0.001502917361
251378	0.0006365324233
251379	0.0003897674966
251380	0.001701751092
251381	0.001963979788
251382	0.0008126736276
251383	1.870192954e-05
251384	0.001350186297
251385	0.001007305407
251386	0.0007521404836
251387	0.001344263102
251388	1.809443405e-06
251389	0.002404693334
251390	0.0001461969601
251391	0.0004067245519
251392	0.0019447633
251393	0.002551600134
251394	0.0007522245671
251395	0.0006664574975
251396	0.001262138853
251397	0.002680597021
251398	0.000915318519
251399	0.0004050389979
251400	0.0006904874085
251401	0.0006221416041
251402	0.002437311992
251403	0.0009518800751
251404	0.001274233253
251405	0.001370954373
251406	0.001897577805
251407	0.00193005752
251408	0.0009464116737
251409	8.027513683e-05
251410	0.001379478698
251411	0.0006877460909
251412	0.0006597147389
251413	0.0004693745908
251414	0.001112818854
251415	0.002148977392
251416	0.0003658143254
251417	0.0006428090127
251418	0.0005918219612
251419	0.001377852654
251420	0.001029903478
251421	0.0006162401018
251422	0.001118644955
251423	0.003688747298
251424	0.002076769437
251425	0.001102896988
251426	0.0002982505821
251427	4.247859875e-05
251428	0.001688559691
251429	0.000284455196
251430	0.005049552744
251431	0.0002094770747
251432	0.0007970789353
251433	0.001844319712
251434	0.004191149389
251435	0.001499477668
251436	0.001953060922
251437	0.002056992304
251438	0.002470004508
251439	0.002443836962
251440	0.0005485326956
251441	0.001042962378
251442	0.0001319449638
251443	0.002748225804
251444	0.0008752969235
251445	1.726807878e-05
251446	0.001536643442
251447	0.00181778424
251448	0.001273433202
251449	0.0004005579785
251450	0.003781629476
251451	0.001179749959
251452	0.001261307855
251453	0.0004631159662
251454	0.001446326488
251455	0.001085469617
251456	0.003425935837
251457	0.002654706006
251458	0.0001532812274
251459	0.0002120157707
251460	0.003089584067
251461	0.00149343485
251462	0.001405297051
251463	0.001946219275
251464	0.001570594986
251465	0.003841427258
251466	0.001608010917
251467	0.002124973508
251468	0.0004561287477
251469	0.0006975356182
251470	0.0003205024758
251471	0.0003351881502
251472	0.001112511079
251473	0.0001227746296
251474	0.002595880505
251475	0.0007416157603
251476	0.001436828287
251477	6.627341756e-05
251478	0.001098217178
251479	0.002797517631
251480	0.002243997357
251481	0.003321815381
251482	0.00405736525
251483	0.004115938769
251484	0.0008814706323
251485	0.001546393868
251486	0.001492290432
251487	0.0005574840304
251488	6.127823874e-05
251489	0.001001342656
251490	0.000649509861
251491	0.0003286540907
251492	0.0003978756181
251493	0.003620147968
251494	0.001141047731
251495	0.002723277398
251496	0.0009174414545
251497	0.002085692136
251498	0.0007074847517
251499	0.000413654618
251500	0.0008790003721
251501	0.0002426429422
251502	0.00114191364
251503	0.001151745173
251504	0.00160965646
251505	0.00218685207
251506	0.0008804354329
251507	0.0007462733526
251508	0.00125624005
251509	0.0009443715573
251510	0.0009096299983
251511	0.001482808994
251512	0.001646823389
251513	0.0002806840802
251514	0.001882710765
251515	0.003118053683
251516	0.00403855848
251517	0.001690685853
251518	0.001719102356
251519	0.002438743748
251520	0.001285819381
251521	0.001596399988
251522	0.001933629791
251523	0.0001164400772
251524	0.001275507752
251525	0.002422017277
251526	0.001215252923
251527	0.00232008961
251528	0.001012729221
251529	0.001387509911
251530	0.001578026827
251531	0.002211341984
251532	0.002239459258
251533	0.003503410014
251534	0.0001263670457
251535	0.001583838854
251536	0.001880687461
251537	0.00104071949
251538	0.00194661843
251539	0.002614037849
251540	0.002416010715
251541	0.0007098177039
251542	0.001939898497
251543	0.0009102200801
251544	0.0004982524986
251545	0.0006930719249
251546	0.0001342129217
251547	0.002003644317
251548	0.001326002642
251549	0.0001448013789
251550	0.0005962095944
251551	0.002217947389
251552	0.00268011076
251553	0.0002212393927
251554	0.0006528329505
251555	0.0006041732855
251556	0.0008295781433
251557	0.002222904025
251558	0.001522604337
251559	0.0001635435498
251560	0.000273617951
251561	0.001109756674
251562	0.0006107339871
251563	0.001800725597
251564	0.0006955075071
251565	0.001925827736
251566	0.002265472741
251567	0.001771132067
251568	0.002737256424
251569	0.002818998907
251570	0.002221262228
251571	0.0001271049742
251572	0.0005920134292
251573	0.0002410760035
251574	0.000687626074
251575	0.0006604281925
251576	0.0004601849031
251577	0.001128078262
251578	0.001476967353
251579	0.0003692742716
251580	0.0001461795562
251581	0.0004768752848
251582	0.001566378304
251583	0.002357445152
251584	0.0002581585567
251585	0.0008945016018
251586	6.300974869e-05
251587	0.00207476687
251588	0.002829048176
251589	0.0006508484233
251590	5.1363424e-06
251591	2.496034075e-05
251592	0.002427892947
251593	0.001798120111
251594	0.0008257235559
251595	0.002220890189
251596	0.003266636273
251597	0.003582974352
251598	0.0007353681989
251599	0.001450968424
251600	0.006281829918
251601	0.002264048911
251602	0.0008928249342
251603	0.001094898568
251604	0.003893112089
251605	0.001285173875
251606	0.0005259266161
251607	0.0002686742394
251608	0.000766640085
251609	0.003279399464
251610	0.001579075344
251611	0.0008109882654
251612	0.002705686395
251613	0.0003167497624
251614	0.0001404539597
251615	0.0003737384649
251616	0.001753573968
251617	0.0009995415747
251618	0.002247066035
251619	0.001176582953
251620	0.001264324075
251621	0.0005032155797
251622	0.001935718938
251623	0.004981868497
251624	0.002024374854
251625	0.0007609775865
251626	0.001550434709
251627	0.002457825229
251628	0.001155906822
251629	0.001447634379
251630	0.001258805573
251631	0.002018025639
251632	0.0009218889692
251633	0.0007311513746
251634	0.0005470367076
251635	2.713310401e-05
251636	0.007208596603
251637	0.003122793331
251638	0.003715540598
251639	0.002306638516
251640	0.00137890915
251641	0.0001179964089
251642	2.333743015e-05
251643	0.0002973044665
251644	0.0009440958019
251645	0.002716023021
251646	0.000932758288
251647	0.002855677474
251648	1.784622617e-05
251649	0.002024700498
251650	0.000754532536
251651	0.0004765680771
251652	0.001884725886
251653	0.005695071533
251654	0.0002046674304
251655	0.0004917354763
251656	0.00186750751
251657	0.000804929242
251658	0.0004138088669
251659	0.003647576537
251660	0.00137864784
251661	0.0007048957271
251662	8.840877348e-05
251663	0.0005297877851
251664	0.002812561787
251665	0.001087090585
251666	0.0009763227297
251667	0.001337977072
251668	0.0004215745049
251669	0.000351741301
251670	8.765193309e-05
251671	0.0002782835144
251672	0.0009647663378
251673	0.0006758492646
251674	0.0001820833971
251675	0.0006574949309
251676	0.0004478117218
251677	0.0005643558402
251678	0.0001082379517
251679	0.003475802857
251680	4.8019078e-05
251681	0.0002087091834
251682	0.00261712775
251683	0.002642475709
251684	0.001622898645
251685	0.00374813664
251686	0.0006094540406
251687	0.0001851247012
251688	0.0002767863046
251689	0.003413964467
251690	0.0005077195768
251691	0.0001049250971
251692	0.002717314205
251693	0.0005734301174
251694	0.002547614341
251695	0.000716089846
251696	0.0004994144413
251697	0.0004406398452
251698	0.0004452204701
251699	0.0003684043646
251700	0.0007962518428
251701	0.001682337729
251702	0.001461223367
251703	0.0004280330606
251704	0.004239364413
251705	0.0003404351732
251706	0.003151993382
251707	0.0001911302188
251708	0.0007069371344
251709	0.002722038581
251710	0.0002592631059
251711	0.002464912538
251712	0.0007873320446
251713	0.004517238411
251714	2.080078009e-05
251715	0.002071090803
251716	0.001014697937
251717	0.0009416582441
251718	0.002819001311
251719	0.0007440923954
251720	0.002034539136
251721	0.001883341705
251722	0.003779058121
251723	0.001506484949
251724	0.002168119105
251725	0.001350667092
251726	0.0001420516542
251727	0.004103477399
251728	0.0008066944735
251729	0.0001569497314
251730	0.0006104408933
251731	0.00471640347
251732	0.0009794552914
251733	0.003893099635
251734	0.001984115846
251735	0.0004424538236
251736	0.001073307871
251737	0.0009430565901
251738	0.0008272945547
251739	0.001333239129
251740	9.695453519e-05
251741	0.0006668325299
251742	0.0006529639259
251743	0.003957531832
251744	0.002317374541
251745	0.0021373389
251746	0.004249742174
251747	0.003125028566
251748	0.001187253147
251749	0.0007825423019
251750	0.0009592067555
251751	0.0002018391884
251752	0.0005204772502
251753	0.0004912010977
251754	0.003177215221
251755	0.0003614955569
251756	0.001106865253
251757	0.002822061186
251758	0.000465469468
251759	8.382365494e-05
251760	0.005996340148
251761	0.0007013253298
251762	0.0009514186174
251763	0.0003420032027
251764	0.0001840700587
251765	0.002227228143
251766	0.0007342632371
251767	0.0001004622611
251768	0.002869522279
251769	0.000746687903
251770	0.009745987287
251771	2.278629282e-05
251772	0.003389880709
251773	0.0005836786273
251774	0.001568586297
251775	0.001525407442
251776	0.001657940136
251777	0.0009175328367
251778	0.002008822346
251779	0.003665179743
251780	0.0008557572852
251781	0.003658238552
251782	0.000407454224
251783	0.0006949973178
251784	1.232394805e-05
251785	0.0003094583228
251786	0.0004124616689
251787	0.0004834888082
251788	0.001063442758
251789	0.002047219411
251790	0.0001543007115
251791	0.0006811649863
251792	0.0002375886277
251793	8.04182577e-05
251794	0.005197042412
251795	0.001470553457
251796	0.0006065662006
251797	0.001105279032
251798	0.0002344704454
251799	0.001123891516
251800	0.002028180386
251801	0.0014546379
251802	0.002164422719
251803	0.001531471065
251804	0.00510881091
251805	0.0004739852383
251806	9.829555192e-05
251807	0.0001456847195
251808	0.002323953485
251809	0.003203595551
251810	0.0001717162862
251811	0.0003641321803
251812	0.0001927967159
251813	0.0005922352461
251814	6.076516839e-05
251815	0.003506194991
251816	0.001025207534
251817	0.0006139824978
251818	0.0008707739382
251819	0.0004898311639
251820	9.999353192e-05
251821	0.0009730781901
251822	0.0002503285333
251823	0.001601226645
251824	0.002786047356
251825	0.003861101173
251826	0.0001543377234
251827	0.0002336397436
251828	0.00101088273
251829	4.818766094e-05
251830	0.001501702423
251831	0.000928687712
251832	0.0003256955767
251833	0.001473309193
251834	0.002289007074
251835	0.001185734955
251836	0.0002628962766
251837	0.0004546923932
251838	0.001184701259
251839	0.0002217663206
251840	0.000197824699
251841	0.003169469001
251842	0.003134264256
251843	0.0005562743669
251844	0.000817933401
251845	0.0006636694999
251846	0.001051066828
251847	0.005691334921
251848	0.0002759809402
251849	0.000295006749
251850	0.001242965975
251851	0.0002375335164
251852	0.0001695642954
251853	0.003307062653
251854	0.000992001669
251855	0.001379691897
251856	0.001006357829
251857	0.003646165891
251858	0.001685894757
251859	0.001226519542
251860	0.0007473634633
251861	0.002870969706
251862	0.0008163434948
251863	0.0007921864542
251864	0.001700652699
251865	0.00161168479
251866	2.080925737e-05
251867	0.002150284246
251868	0.0009902576698
251869	0.001933503255
251870	0.001901101838
251871	0.001146904124
251872	0.0006223471188
251873	0.0004432626594
251874	0.0003378198767
251875	0.001202125423
251876	0.0002530715597
251877	0.002242837212
251878	0.0007373511579
251879	0.001992634926
251880	0.0004220831636
251881	0.002394440734
251882	0.000648848436
251883	0.0002840523876
251884	0.0002870041772
251885	0.000613429134
251886	0.0005444222291
251887	0.0007515469992
251888	0.0002734203964
251889	0.0001500749359
251890	0.00152974344
251891	0.0009159909165
251892	0.00121191077
251893	0.0002415876396
251894	0.0006330383582
251895	0.001823021633
251896	0.0002420763486
251897	0.0001966950415
251898	0.002120724775
251899	0.002439473375
251900	0.001406148342
251901	0.00254872102
251902	0.002768521923
251903	0.002376053606
251904	2.011971397e-05
251905	7.35758748e-05
251906	6.643456492e-05
251907	0.003597521928
251908	0.001887634209
251909	0.005444455724
251910	0.0007616995557
251911	0.001007360543
251912	0.002997534434
251913	0.0003883026813
251914	0.002622051502
251915	0.0002039386897
251916	0.002444656953
251917	0.001269367692
251918	0.004626856014
251919	0.001234828763
251920	0.0004816216521
251921	0.0009344739216
251922	0.0001023652707
251923	0.0009883059437
251924	0.001647669719
251925	0.002738761892
251926	0.003043875393
251927	0.0006828202145
251928	0.001732450951
251929	0.002460315065
251930	0.001315171463
251931	0.001289113523
251932	0.0001901066571
251933	0.00097404921
251934	0.00163083128
251935	0.001325250994
251936	0.0002607435077
251937	0.0007151422346
251938	0.0001432072238
251939	0.004420059211
251940	0.00190297268
251941	0.002022390652
251942	0.0007964982826
251943	0.003491241119
251944	0.002329753144
251945	0.0004907390357
251946	1.567337626e-05
251947	0.001299402135
251948	0.003806141154
251949	0.002680906153
251950	0.0006583106721
251951	0.002102057508
251952	0.0007506345173
251953	0.0003718681353
251954	0.001202506373
251955	0.001000450207
251956	0.001944600471
251957	0.0002379943302
251958	0.003491494282
251959	0.0008930965342
251960	0.0004968798986
251961	0.002484920876
251962	0.001419405723
251963	0.003606579717
251964	8.095402991e-05
251965	0.0003024686916
251966	0.0004929760461
251967	0.001249720005
251968	0.003122865879
251969	0.001163841461
251970	0.003409844122
251971	0.0033982292
251972	0.0005896940147
251973	0.001011171917
251974	0.0001504155567
251975	0.000300519397
251976	0.001005054386
251977	0.001071387528
251978	0.002537885473
251979	0.001004346146
251980	0.002512838558
251981	0.0009317645173
251982	0.002978376186
251983	0.002625755556
251984	0.0007475824797
251985	0.000566624778
251986	0.0004848090094
251987	0.0006632391043
251988	0.0007664018049
251989	0.0008726292243
251990	0.002362435928
251991	0.0007280681768
251992	0.0007511430826
251993	0.002209187777
251994	0.0007087875817
251995	0.00120555527
251996	0.001608390144
251997	0.0003351750229
251998	0.002544414622
251999	0.003879535738
252000	1.639999483e-05
252001	0.003664818042
252002	0.0002496409601
252003	0.001704918644
252004	0.0005098735342
252005	0.00351452539
252006	0.001551286007
252007	0.002398537613
252008	0.0007275692486
252009	0.0007269254674
252010	0.0008862241051
252011	0.0004856351275
252012	0.002836794441
252013	0.0009333971094
252014	0.001395131554
252015	0.0009039337948
252016	0.0002045822399
252017	0.000413855233
252018	0.0002082640372
252019	0.0005807451666
252020	0.00179593745
252021	0.00026501583
252022	0.004265038286
252023	0.0006352532052
252024	0.0007758576822
252025	0.001575925152
252026	0.001564550263
252027	0.0002369726651
252028	0.000733859204
252029	0.0001164326526
252030	0.001527235367
252031	0.001321666465
252032	0.0002769092416
252033	0.0001914607404
252034	0.001191752643
252035	0.0003547817521
252036	6.989973245e-05
252037	0.0009185593142
252038	0.002457341339
252039	0.003317878296
252040	0.0003558865253
252041	0.002392648594
252042	0.0005170410796
252043	0.0005367204712
252044	0.002892902671
252045	0.0002835879557
252046	0.001418952636
252047	0.0003571666998
252048	0.0003115245398
252049	0.002505278977
252050	0.002061176097
252051	0.0004127776401
252052	3.815336624e-06
252053	0.001242897775
252054	0.0004732502599
252055	0.001290471416
252056	0.0003323936901
252057	0.0003998136167
252058	0.0003355668988
252059	0.0007116887051
252060	0.004379259559
252061	0.002450320586
252062	0.001515351034
252063	0.0003615121979
252064	2.110321736e-05
252065	0.0007976292614
252066	0.0004700665328
252067	0.001706083426
252068	0.0004787457355
252069	0.001819110766
252070	0.0008843035523
252071	0.0002242519817
252072	0.001712213058
252073	0.002514547615
252074	0.0004338971087
252075	0.0008605091641
252076	0.001650001872
252077	0.003285106168
252078	0.0001530113158
252079	0.0007503285097
252080	8.062037149e-05
252081	0.0005480588078
252082	0.005976590388
252083	0.0002528493347
252084	0.0008442251884
252085	0.0007397418654
252086	0.0003737962795
252087	0.0004198726171
252088	0.00103284175
252089	0.0004687339901
252090	0.001821104083
252091	0.001043733286
252092	0.001613867342
252093	0.002337069997
252094	0.0002085477863
252095	0.001725560141
252096	0.003293441734
252097	0.0008284336669
252098	2.971177617e-05
252099	0.00125047525
252100	0.0003040732139
252101	0.0006313760076
252102	0.0009808317369
252103	0.0005599484447
252104	8.304426603e-05
252105	0.0009567215386
252106	0.001543720867
252107	0.0005720846797
252108	0.001653087171
252109	7.540183485e-05
252110	0.00222513681
252111	0.002734229189
252112	0.001142479732
252113	0.002418981637
252114	0.001778449978
252115	0.0005927842968
252116	0.004676256122
252117	0.002420379092
252118	0.001669817454
252119	0.0008173670992
252120	0.0003225242087
252121	5.847908641e-05
252122	0.002012137152
252123	0.0008251187135
252124	1.803723402e-05
252125	0.0008501934285
252126	0.002926665315
252127	0.0009371592138
252128	0.0001766910177
252129	0.003445964094
252130	0.0001802780027
252131	0.0002799153215
252132	0.00202286043
252133	0.0005124668497
252134	0.0007456034259
252135	0.00229818424
252136	0.002047982534
252137	0.0008639266199
252138	6.612499288e-05
252139	0.001072875421
252140	0.001898726778
252141	0.002877514447
252142	0.00230919821
252143	0.001012432349
252144	0.001625849146
252145	7.416007479e-05
252146	0.005450276023
252147	0.002814815508
252148	0.001784652519
252149	5.355829973e-05
252150	0.001130568312
252151	0.001113432127
252152	0.001058308458
252153	0.001421811107
252154	0.0003700348712
252155	0.0006897459344
252156	0.0005415531158
252157	0.0006287191859
252158	0.001351822092
252159	0.0007002606006
252160	0.0008963810605
252161	0.005380350125
252162	0.001208085785
252163	0.0008078570184
252164	0.002744604628
252165	0.002949460772
252166	0.003369509594
252167	0.0007302965241
252168	0.001033596461
252169	0.0005986287924
252170	0.0005532978261
252171	0.003368003907
252172	0.00260178902
252173	0.0009204025325
252174	0.004810426634
252175	6.650819992e-05
252176	0.0003980438243
252177	0.003460584535
252178	0.002250130734
252179	0.000906641134
252180	0.002539775931
252181	0.001741856609
252182	0.00352806333
252183	0.0009857612002
252184	0.004009086474
252185	0.003273425486
252186	0.0007908257663
252187	0.001338720944
252188	0.004168947102
252189	0.001792837955
252190	5.32798076e-05
252191	0.0009316564389
252192	0.002222242628
252193	0.001040455226
252194	0.00242764822
252195	0.0006931447947
252196	0.00544232283
252197	0.001391259204
252198	0.001294799098
252199	0.001853734336
252200	0.0006971534567
252201	0.0004888337437
252202	0.001431843721
252203	0.001803143868
252204	0.001226841729
252205	8.438787891e-05
252206	0.000830008038
252207	0.0009630215973
252208	0.0003679574734
252209	0.0001411059344
252210	0.0007532662684
252211	2.838302438e-05
252212	0.001075175192
252213	0.0006550820292
252214	0.0009707042637
252215	0.001385247944
252216	0.0009858099164
252217	0.002826521679
252218	0.0005446538376
252219	0.003606651392
252220	0.001565580691
252221	0.0006513024596
252222	0.0005013292716
252223	0.0005095649658
252224	0.0002093115245
252225	0.00233003981
252226	0.0001615725022
252227	0.0005446868946
252228	0.002520907827
252229	0.003339955695
252230	0.002462794508
252231	0.002747141863
252232	0.003674306679
252233	0.0001020611824
252234	0.0009877840577
252235	0.001511859357
252236	0.003210088718
252237	0.002223656211
252238	0.001644091069
252239	0.002309688145
252240	0.0002657786568
252241	0.0008642544624
252242	0.0002534231624
252243	0.0002499612675
252244	0.0001717874561
252245	5.762403617e-06
252246	0.0007472487057
252247	0.0005840803421
252248	0.001291125339
252249	0.001051557919
252250	0.001646031091
252251	0.0006477755354
252252	0.00423926607
252253	0.003476435781
252254	0.0006988844627
252255	0.001167864343
252256	0.000393976
252257	0.001594618377
252258	0.002589061239
252259	0.001056264828
252260	4.57639526e-05
252261	0.002941477314
252262	0.000756432767
252263	0.0002824260041
252264	0.001374463906
252265	0.0004431935671
252266	0.002420707603
252267	0.0007024741618
252268	0.001412892011
252269	0.001375376888
252270	0.002229636086
252271	0.0009471844044
252272	0.0002354254289
252273	0.0003364244775
252274	0.002353283798
252275	0.002738572355
252276	0.0004142131172
252277	0.0007594143175
252278	0.004091764132
252279	0.0003145336851
252280	0.004931105311
252281	0.001535183979
252282	0.0002542282673
252283	0.001902748007
252284	0.000782745334
252285	0.000176448755
252286	0.001411514596
252287	0.00178534613
252288	0.0008208389079
252289	0.003379749987
252290	0.0006900083267
252291	0.0019943801
252292	0.0001798008304
252293	0.003365237166
252294	0.001050413056
252295	0.001622647785
252296	0.004110808645
252297	0.0008607998886
252298	4.299207191e-05
252299	0.004849708721
252300	0.0001697135392
252301	7.279267405e-05
252302	0.0002355884499
252303	0.0003393461727
252304	0.001771581208
252305	0.0008690868866
252306	9.891795037e-05
252307	0.002987759824
252308	3.429833245e-06
252309	0.001293018117
252310	0.001829149814
252311	0.002897763524
252312	0.001217482181
252313	0.00379005064
252314	0.001533316825
252315	0.002799826809
252316	0.001044239419
252317	0.003289882262
252318	0.0006585273305
252319	0.002636007203
252320	0.003038187724
252321	0.0005392030364
252322	0.0005429357243
252323	0.0008268804513
252324	0.002204825426
252325	0.0003709058862
252326	0.0003987522212
252327	0.002957097726
252328	0.002752662386
252329	0.004754659503
252330	0.001273644776
252331	0.0001531470936
252332	0.001626747249
252333	0.002259813833
252334	0.00124205298
252335	0.0003412353183
252336	1.205914047e-05
252337	0.00207143446
252338	0.001263122042
252339	0.001291643381
252340	0.0003682019245
252341	0.001060433512
252342	0.001561083685
252343	0.002222389225
252344	0.001224064318
252345	0.002417931007
252346	4.136541495e-05
252347	0.0006070275909
252348	0.000344560517
252349	0.003992466537
252350	0.002383849891
252351	0.001300204196
252352	0.001605115321
252353	0.001910583549
252354	0.0005367616545
252355	0.003221208895
252356	0.001196468083
252357	0.0002438834841
252358	0.00475653985
252359	0.0006392704505
252360	0.003591191967
252361	0.0001200394934
252362	0.001306440957
252363	0.0007586210601
252364	0.001358141456
252365	0.001284752612
252366	0.001466717271
252367	0.0001501597224
252368	0.0008755971858
252369	0.001270632362
252370	0.00026130593
252371	0.0009054047897
252372	0.001876711727
252373	6.382558319e-05
252374	0.001030443763
252375	0.0002237736137
252376	0.0004310234158
252377	0.000114938214
252378	0.0002926353793
252379	0.003419314079
252380	0.002070023663
252381	0.001065383687
252382	0.001820018771
252383	0.003838069136
252384	0.0001146940709
252385	0.001605632341
252386	0.0002633090355
252387	0.0007842057243
252388	0.001932204414
252389	0.002548238028
252390	0.004028490958
252391	0.003484103671
252392	0.001989215948
252393	0.0004292676999
252394	0.0005996155014
252395	0.0002631567309
252396	0.001392503787
252397	0.001299870586
252398	0.0007206955622
252399	0.000201427725
252400	0.0008702735561
252401	0.000562724456
252402	0.0001538559879
252403	0.001574919606
252404	0.001496328883
252405	0.0005424521074
252406	0.001831264646
252407	0.0008258541348
252408	0.001590185194
252409	0.0005358619405
252410	0.002494185384
252411	0.00295961001
252412	0.002449657842
252413	0.001208011794
252414	0.001719677607
252415	0.001118792532
252416	0.0001280623999
252417	0.002299067938
252418	0.0009162932261
252419	0.0005045851581
252420	0.004212830485
252421	0.0002847112109
252422	0.001036500359
252423	0.00270783237
252424	0.00056917279
252425	0.002951115509
252426	0.004103610302
252427	0.003895935224
252428	0.0002532434307
252429	0.001025350508
252430	0.001984931649
252431	0.002064268898
252432	4.369905971e-05
252433	0.003056376962
252434	0.001473211067
252435	0.0003326076876
252436	0.0008377357271
252437	0.001690598373
252438	0.001254527426
252439	0.00157360476
252440	0.0003522524216
252441	0.0005032133078
252442	9.904616203e-06
252443	0.002394740934
252444	0.0006853657745
252445	0.001565655661
252446	0.002044675949
252447	0.003552497907
252448	0.001357278914
252449	0.003997707614
252450	0
252451	0.002269573823
252452	0.002384529706
252453	0.0006762507201
252454	0.003508507781
252455	0.001400189782
252456	0.00267392792
252457	0.002406016785
252458	0.0004639740555
252459	0.0005310322615
252460	0.0004238127104
252461	0.0001604260416
252462	0.003088893906
252463	0.001308259247
252464	4.158265782e-05
252465	0.0002966247749
252466	0.005867925877
252467	0.002796346045
252468	0.004228001971
252469	0.003266454329
252470	0.002043394837
252471	0.003836919971
252472	0.001286444121
252473	0.002144429069
252474	0.001300032303
252475	0.002636775822
252476	0.002941560153
252477	0.002709014784
252478	0.0002448551825
252479	0.001078642547
252480	0.0006200995407
252481	0.001322577628
252482	0.001839221579
252483	0.001138676485
252484	0.001686144477
252485	0.0003153641783
252486	0.0001837228814
252487	0.002125115811
252488	0.002701113677
252489	0.00170958269
252490	0.0005370608628
252491	0.003047944764
252492	0.0003982603316
252493	0.0009008031502
252494	0.001955818046
252495	0.0008637508198
252496	0.0004358138125
252497	0.005232414009
252498	0.00124209275
252499	0.001990705718
252500	0.001092637279
252501	0.001917679418
252502	0.001090589304
252503	0.001791921762
252504	0.0006515283629
252505	0.0003909683897
252506	0.002632116379
252507	0.0006275090713
252508	0.0009055394465
252509	0.000807903809
252510	0.001675313745
252511	0.001999529401
252512	0.0005982605063
252513	0.001829898588
252514	0.0001416317327
252515	9.290467623e-05
252516	0.007145796119
252517	0.0001761707789
252518	0.001636769648
252519	0.0004241238268
252520	0.0003810388295
252521	0.003153884032
252522	0.00150163469
252523	8.239238071e-05
252524	0.00143405105
252525	0.002253065497
252526	0.001991515581
252527	0.0002264644417
252528	0.001592865495
252529	0.001168712647
252530	7.815746136e-05
252531	0.001857398063
252532	0.0001759684173
252533	0.0009288287461
252534	0.0005140101371
252535	0.0008767668737
252536	0.003231870526
252537	0.0003622723585
252538	0.0001520046422
252539	0.002398410173
252540	0.001991082917
252541	9.385128488e-05
252542	0.003670437962
252543	0.001326224657
252544	0.001717663044
252545	0.0005541312426
252546	0.0004860294378
252547	0.001409049103
252548	0.002936954431
252549	0.00126762642
252550	0.002721464769
252551	0.002898511925
252552	0.0002913817807
252553	0.002282416948
252554	0.001178086539
252555	0.0003213166585
252556	0.001744048896
252557	0.0008882221393
252558	0.003259353895
252559	0.003828028067
252560	0.002189081513
252561	0.0007642175961
252562	0.0002406710006
252563	0.0001223845743
252564	0.002378371379
252565	0.003335889796
252566	0.001262814912
252567	0.0005636153809
252568	0.003286090217
252569	0.00243795986
252570	0.0003986908742
252571	0.0009770152344
252572	0.0003415619797
252573	0.004020496923
252574	0.001613925785
252575	0.0002437132574
252576	0.002485249261
252577	0.00175956777
252578	0.0001763882372
252579	0.0033607374
252580	0.00022150163
252581	0.00165815542
252582	4.3006271e-05
252583	0.001156443098
252584	0.001202348337
252585	0.0005492933482
252586	0.004590417468
252587	0.0002018815208
252588	0.002361379186
252589	0.0003228137741
252590	0.001831593343
252591	0.002222869245
252592	0.002182144857
252593	0.001470093505
252594	0.004284449692
252595	0.00236441354
252596	0.003438448754
252597	0.0006156343278
252598	0.0001334921135
252599	0.001565910347
252600	0.004653341109
252601	0.007048735267
252602	0.001326050676
252603	0.003161316519
252604	0.001427358145
252605	0.003191691313
252606	0.002047685904
252607	0.001612691758
252608	0.0009652014344
252609	0.005374466876
252610	0.001899849988
252611	0.004235847918
252612	0.0002922843445
252613	0.000251109449
252614	0.003453879712
252615	0.003824376014
252616	0.003697117011
252617	0.001010751754
252618	0.0008970204109
252619	0.001958524996
252620	0.001118942143
252621	0.001148399192
252622	0.0006996527105
252623	0.003499236283
252624	0.001924412013
252625	0.0051460327
252626	0.001033302122
252627	0.001021060931
252628	0.0004907968196
252629	0.00334068131
252630	0.003894054845
252631	0.002871171457
252632	0.001590619617
252633	0.003322518392
252634	0.004799464089
252635	0.002619409903
252636	0.001890216901
252637	0.0003375634825
252638	0.0002974318598
252639	0.0005155445469
252640	0.001095673075
252641	0.001918802324
252642	0.000479648833
252643	0.001279694798
252644	0.004916600168
252645	0.0005290221223
252646	0.0001660106666
252647	0.001013107473
252648	0.001368113014
252649	0.002588260526
252650	0.0003704854966
252651	0.001357505704
252652	0.0002761189165
252653	0.0002297657265
252654	0.00201191025
252655	0.0001262943012
252656	0.002048575531
252657	0.0002330168493
252658	0.00215002934
252659	0.001622097889
252660	0.0004268374394
252661	0.001715646965
252662	0.003200010467
252663	0.0001003233121
252664	0.0002135397971
252665	0.004517347554
252666	0.0001086653706
252667	0.001112714586
252668	0.0004239510092
252669	0.0001051338589
252670	0.0004343399518
252671	0.0003762586611
252672	0.002131984587
252673	0.0002851466075
252674	0.0001246190064
252675	0.001729347849
252676	0.0009528335461
252677	0.001319621658
252678	0.00030060096
252679	0.0001348959298
252680	2.488988683e-05
252681	0.002948040298
252682	0.001421053639
252683	0.0007311663821
252684	0.002104593883
252685	0.004319356265
252686	0.0005269007024
252687	0.001557557838
252688	0.0003670683522
252689	0.0048495349
252690	0.001137920617
252691	0.0006734573136
252692	0.00196848973
252693	0.0002703638713
252694	4.902326723e-05
252695	0.004710135601
252696	0.0006287783584
252697	0.001396690883
252698	0.0002817232333
252699	0.002415638239
252700	0.001794346759
252701	0.0005476094446
252702	0.0001411380305
252703	0.001551862139
252704	0.002857703275
252705	0.0002128142541
252706	0.000320155553
252707	0.001518775764
252708	0.0005312499643
252709	0.001081900112
252710	9.18209356e-05
252711	0.0002691739094
252712	0.0002482988965
252713	0.0001677957181
252714	0.0006949946889
252715	0.001242043703
252716	7.399274069e-05
252717	0.0005412466219
252718	0.0006843079456
252719	0.001845921494
252720	0.0004003675963
252721	9.413774746e-05
252722	0.0004135818621
252723	0.0006376520181
252724	7.75545271e-05
252725	0.0004947721175
252726	0.0003906103753
252727	0.002246932115
252728	0.0001605005044
252729	0.0004418267067
252730	0.000216770583
252731	0.0008560180286
252732	0.0003900911245
252733	0.0004481682076
252734	0.0002620618827
252735	1.601056324e-05
252736	0.0006903559016
252737	0.0005717820142
252738	0.002930652936
252739	0.0015874237
252740	0.003510262484
252741	5.591999613e-05
252742	8.274679e-06
252743	0.001625709577
252744	0.004004902036
252745	0.0004719100456
252746	0.0003671654547
252747	0.0002501228303
252748	0.0003383833396
252749	0.000495839501
252750	0.0001244101445
252751	0.0005621456862
252752	0.0001926096752
252753	0.0002132102292
252754	2.069065167e-05
252755	0.0005211345594
252756	0.0004846237056
252757	9.510458235e-05
252758	0.000527721529
252759	0.0004019636981
252760	0.002851103032
252761	0.001206537593
252762	0.001149234825
252763	0.0007921798212
252764	0.00041295749
252765	0.003236753913
252766	0.001657762587
252767	0.0001907341641
252768	8.196277418e-05
252769	7.994598783e-05
252770	0.0002133989929
252771	4.342933377e-05
252772	4.047186277e-05
252773	9.249784291e-07
252774	3.965584633e-05
252775	0.000377064696
252776	2.663962197e-05
252777	0.0001974525633
252778	0.0001562306327
252779	2.926306607e-05
252780	0.0002012088044
252781	0.00059775461
252782	0.0001202072543
252783	9.369833671e-05
252784	8.130831825e-05
252785	6.344571618e-05
252786	6.023042936e-05
252787	7.93848599e-05
252788	0.0001453998739
252789	0.0001419931327
252790	6.376424414e-05
252791	0.0002033860679
252792	9.50467016e-05
252793	0.0004233253787
252794	0.0001056117354
252795	3.39734715e-05
252796	0.0003009414771
252797	8.421533469e-05
252798	1.584872737e-05
252799	2.366107199e-05
252800	0.000370709567
252801	0.0005583885744
252802	3.998269637e-05
252803	2.72123692e-05
252804	0.0008399949232
252805	3.563214891e-06
252806	0.0002117111053
252807	9.052444822e-05
252808	0.0001241865689
252809	0.0001951035886
252810	0.0001759267846
252811	7.667907283e-05
252812	8.672294198e-05
252813	0.0001387937973
252814	0.0001168664734
252815	0.0005721513614
252816	7.991342297e-05
252817	3.776708046e-05
252818	9.932205494e-05
252819	0.000173310976
252820	0.0002679264596
252821	9.301449565e-05
252822	0.0003121861186
252823	0.0001871581169
252824	0.0002879090505
252825	0.0002063956365
252826	0.0001637515657
252827	3.791246476e-05
252828	0.0004404376006
252829	0.0002586567768
252830	5.068928723e-05
252831	0.0001948869174
252832	4.423717621e-05
252833	0.0003672432167
252834	7.207301844e-05
252835	0.0001843836099
252836	0.00032917834
252837	0.0003410678198
252838	8.752506812e-06
252839	8.164741923e-05
252840	0.0001200169314
252841	0.0001751509111
252842	0.0003398141644
252843	9.872231931e-05
252844	0.0003046686818
252845	0.0001700857781
252846	0.0002150262145
252847	9.095240459e-06
252848	0.0002858259896
252849	0.0002191908049
252850	0.0001638777683
252851	9.459391058e-05
252852	1.08830009e-05
252853	2.638766468e-06
252854	0.0001037891618
252855	6.695184392e-05
252856	0.0001405156881
252857	0.0004664132907
252858	0.0004993722092
252859	7.841653487e-05
252860	0.0002914319203
252861	0.0001518665801
252862	0.0002254384223
252863	0.0001873111318
252864	0.0002589528136
252865	0.0005946569566
252866	0.0002268056978
252867	0.0001700872876
252868	0.0003798424535
252869	9.014658131e-05
252870	0.0003126067597
252871	0.0001325075128
252872	0.0003198069078
252873	0.0002398519216
252874	1.700839587e-05
252875	0.0001369971605
252876	0.0003562673522
252877	0.0001549958465
252878	0.0001725365461
252879	0.0001815017943
252880	0.0001917948564
252881	0.0001362985804
252882	0.0005327023522
252883	0.0003594092236
252884	0.0001437282184
252885	0.001038479879
252886	0.0005361984222
252887	0.0003956641013
252888	0.0001828465263
252889	0.0006504300916
252890	0.0002042156445
252891	0.000581219416
252892	0.0007480704134
252893	0.0003126935737
252894	2.78529804e-05
252895	2.677837845e-05
252896	0.000403691807
252897	6.314961372e-05
252898	1.719642349e-06
252899	0.0001948065897
252900	0.0001944847748
252901	0.0002347658866
252902	0.000409582369
252903	0.001369158635
252904	0.0004095015749
252905	0.0002429888946
252906	0.001138911053
252907	0.0002146694631
252908	0.0005320943304
252909	0.0004850759381
252910	0.0008175396814
252911	0.0004449711226
252912	0.0005683872997
252913	0.0005030839881
252914	0.001062671028
252915	0.004476657883
252916	0.0003911122708
252917	0.00159332272
252918	8.354466799e-05
252919	0.001575986114
252920	0.0002700036389
252921	0.002701084203
252922	1.905845034e-05
252923	0.001387680077
252924	6.195475924e-05
252925	0.003747625901
252926	0.0004865122592
252927	0.001675190309
252928	0.0003665492302
252929	0.002073448037
252930	0.002713852745
252931	0.0004135177889
252932	0.001382109507
252933	0.001620165716
252934	0.0007493693523
252935	0.002252386861
252936	3.38998016e-05
252937	0.001873703588
252938	0.0008602589584
252939	0.002036804198
252940	0.0009576131993
252941	0.0006607356338
252942	0.0009690684984
252943	0.001595535513
252944	0.002657526157
252945	0.0008503688994
252946	0.003065807287
252947	0.001328849405
252948	0.0009685713416
252949	0.00157943823
252950	0.001390416035
252951	0.002462252289
252952	0.0002064531348
252953	0.001306174411
252954	0.005891179051
252955	0.002723171308
252956	0.001285625893
252957	0.00300546101
252958	0.0006471137695
252959	0.0006183038939
252960	0.001591294309
252961	0.0009140993557
252962	0.001750919104
252963	0.001460642414
252964	0.0008830195232
252965	0.0006299501527
252966	0.0005552468811
252967	0.0003841622379
252968	0.002502991629
252969	0.000573260348
252970	0.0001888778531
252971	0.000914823534
252972	0.000305909469
252973	0.0002900903198
252974	0.002213756299
252975	0.000644377056
252976	0.0007165448552
252977	0.0006923586324
252978	0.003452870446
252979	0.0004882475813
252980	0.001772157138
252981	0.001147635251
252982	3.069494864e-05
252983	0.0007614848138
252984	0.0004808677975
252985	0.004386795302
252986	0.0005350556315
252987	0.001611851578
252988	0.001988257361
252989	0.0004028673484
252990	0.003166634188
252991	0.001651437573
252992	0.001940612229
252993	0.002477477757
252994	0.0006281094569
252995	0.003670627232
252996	0.005598285676
252997	0.001698889329
252998	0.001638733788
252999	0.001923273938
253000	0.001117704532
253001	0.0004237062005
253002	0.003335498605
253003	0.0007307269021
253004	0.002176419319
253005	0.002154247793
253006	0.001101380533
253007	0.004411997322
253008	0.001592471231
253009	0.0004393396873
253010	0.003628741727
253011	0.001079890446
253012	0.0003019547386
253013	0.001918270733
253014	0.001086757642
253015	0.004965924747
253016	0.002206682284
253017	0.002276684017
253018	0.001122984198
253019	0.003339749779
253020	7.773953401e-05
253021	0.0004291412781
253022	0.0002911119031
253023	0.002427928178
253024	0.003139559747
253025	0.000250458872
253026	0.003082774712
253027	0.001025693316
253028	0.002247215938
253029	0.001287836918
253030	0.001279010565
253031	0.0001128310669
253032	0.0002013204203
253033	0.0002528785086
253034	4.30716865e-05
253035	0.0002277602883
253036	0.002512490804
253037	0.0002992934079
253038	0.001422294545
253039	0.0012649161
253040	0.001746812285
253041	0.00356103625
253042	0.001265864271
253043	0.002209643403
253044	0.0005745860917
253045	1.555535456e-05
253046	0.0006709025942
253047	0.0003170967864
253048	0.0003732586067
253049	0.0005461780549
253050	0.001817739653
253051	0.002472817331
253052	0.0003593132476
253053	0.0004716276507
253054	0.004446126928
253055	0.0002565323532
253056	0.001253589146
253057	0.001920235843
253058	0.001323207694
253059	0.005667444916
253060	0.001025954157
253061	0.002591467284
253062	0.0004124578641
253063	0.001071944543
253064	0.0009337047445
253065	0.001613717275
253066	0.003079228612
253067	0.0004663059474
253068	0.0006375422255
253069	0.002881467646
253070	0.0006524908876
253071	0.001022942293
253072	0.002865749183
253073	0.005029787099
253074	1.47894085e-05
253075	0.0003288450741
253076	0.0004536907666
253077	0.0004746069418
253078	3.289575527e-05
253079	0.0001977983527
253080	0.0009861531532
253081	0.0004986691866
253082	0.000280307538
253083	0.002037112475
253084	0.0006122594735
253085	0.0007441880323
253086	0.0004853128804
253087	0.0005932076265
253088	8.342599264e-05
253089	0.0002884272955
253090	0.0001733376026
253091	0.0007464876854
253092	0.0005004110141
253093	0.0003123464651
253094	0.000571729449
253095	3.069447269e-05
253096	0.000570509253
253097	0.003421720894
253098	0.0002117084487
253099	3.555791192e-05
253100	0.0005592606285
253101	0.0002346373574
253102	0.0003468150368
253103	0.002948714999
253104	3.705262723e-05
253105	0.00678088186
253106	0.0006547874671
253107	0.001108521365
253108	0.004969761011
253109	5.110180923e-05
253110	0.004075266822
253111	8.052297181e-05
253112	0.0003656049638
253113	0.001286907558
253114	0.001182889266
253115	0.002841929704
253116	0.001475622916
253117	0.001867057746
253118	0.004173270118
253119	0.001254175689
253120	0.001275633325
253121	0.0005096800382
253122	0.001834115096
253123	0.0008226420166
253124	0.0001380809637
253125	0.0005574579892
253126	0.0002891640657
253127	0.002365147407
253128	0.004098656387
253129	0.003761512661
253130	0.0003193138228
253131	0.0005411318668
253132	0.006492197388
253133	0.0001464008772
253134	0.0002645502561
253135	0.004299621874
253136	0.001487688237
253137	0.001650357962
253138	0.004469691
253139	0.003344078334
253140	7.8014444e-05
253141	0.001538269604
253142	3.65135039e-06
253143	0.0006077388276
253144	0.0012457863
253145	0.002426629729
253146	0.0005370886974
253147	0.004703932447
253148	0.0009109583649
253149	0.003468360413
253150	0.0001148690794
253151	0.004407015554
253152	0.0005969642493
253153	0.004803915792
253154	0.005638814911
253155	0.002654695193
253156	0.001982873421
253157	0.0004420201261
253158	0.0006177060798
253159	0.002608459267
253160	0.000874754313
253161	0.002845447202
253162	0.0002077432602
253163	0.0004279367828
253164	0.0008260741279
253165	0.001188052328
253166	0.002779525445
253167	0.00376350614
253168	0.003703118593
253169	0.005800511576
253170	0.001448200425
253171	0.000572770123
253172	0.001149462174
253173	0.0001959666514
253174	0.001874276838
253175	0.0005224868696
253176	0.001082726392
253177	0.006045242918
253178	0.0002962778114
253179	0.002511884283
253180	0.001146560167
253181	0.001404339871
253182	0.002184990445
253183	0.001247492888
253184	0.002483351301
253185	0.003622092738
253186	0.001343358973
253187	0.0007020933813
253188	0.002895334879
253189	0.0004037958542
253190	0.001014561587
253191	0.001686805681
253192	0.0007563809658
253193	0.001057392011
253194	0.00521020289
253195	0.001415558641
253196	0.0002105115273
253197	0.000897620435
253198	0.003687959694
253199	0.001732732885
253200	0.0005127506796
253201	0.001993773404
253202	0.0002966259129
253203	0.0001330960131
253204	0.003477160921
253205	0.002339397569
253206	0.0006141305275
253207	0.0005067022076
253208	0.0006037514282
253209	0.001298214239
253210	0.001375123513
253211	0.006596338949
253212	0.004700671037
253213	0.001861124025
253214	0.003785512239
253215	0.001822224987
253216	0.0006131218027
253217	0.001790030339
253218	0.002161169488
253219	0.0009772714606
253220	0.005975185916
253221	0.00166658259
253222	0.002831634077
253223	0.0003903566034
253224	0.0005848982529
253225	0.001838025897
253226	0.002353128354
253227	0.001204127803
253228	0.0009639062056
253229	0.004852359727
253230	0.001963816845
253231	0.00222269025
253232	0.00220882949
253233	0.00200616682
253234	3.221571691e-05
253235	0.001815091591
253236	0.0007697953159
253237	0.00107681422
253238	0.001207601236
253239	0.0007331271703
253240	0.0002958850534
253241	0.0004865103269
253242	0.0005188592553
253243	8.121971266e-05
253244	0.0002451743228
253245	0.003875544643
253246	0.000465327673
253247	0.001545872879
253248	0.002099062453
253249	0.002336781864
253250	0.0006409216805
253251	0.0009212279621
253252	0.004118483598
253253	0.0006492231403
253254	0.003465934914
253255	0.005982610304
253256	7.355659265e-05
253257	0.001419835584
253258	0.001189208826
253259	0.001317696719
253260	0.002993840225
253261	0.001973609249
253262	0
253263	0.0006594696436
253264	0.0007915873454
253265	0.005055907348
253266	0.004159542858
253267	0.005450626285
253268	0.0007741895403
253269	0.000911335149
253270	0.001198850149
253271	0.004415779758
253272	0.001679384917
253273	0.0008591924836
253274	0.00248369632
253275	0.0002223728303
253276	0.003768629229
253277	0.006033712875
253278	0.0003007103135
253279	0.003328304996
253280	0.0004967411198
253281	0.0002230086626
253282	0.001367082105
253283	0.0008508868824
253284	0.001684450335
253285	0.004479923088
253286	0.003636947173
253287	0.0008164052413
253288	0.002407145483
253289	9.323534716e-05
253290	0.001631741532
253291	0.003646026211
253292	0.001248833375
253293	0.000755337307
253294	0.0005955267983
253295	0.001632660681
253296	0.006505846693
253297	0.006195876588
253298	0.002508552918
253299	0.004409313169
253300	0.003219195096
253301	0.001572984475
253302	0.001538358394
253303	0.002494274779
253304	0.002779511164
253305	0.0008751668906
253306	0.001688302999
253307	0.001405408165
253308	0.001710676073
253309	0.003398887316
253310	0.001069280252
253311	0.0001941177864
253312	0.004695839972
253313	0.00176977915
253314	0.001775388329
253315	0.001517600778
253316	0.001466147547
253317	0.0002756194997
253318	0.002825401087
253319	0.001323244158
253320	0.0006539189992
253321	0.0002992726964
253322	1.777270875e-05
253323	0.001259053387
253324	0.002712996476
253325	0.001083102523
253326	0.001855103186
253327	9.368929232e-06
253328	0.003439408503
253329	0.003061719008
253330	0.005189210822
253331	0.0008263004413
253332	0.0001552428354
253333	0.002339708492
253334	0.002576390149
253335	0.002447850583
253336	0.005045383814
253337	0.0007988075349
253338	0.002210099795
253339	0.0002598780132
253340	0.0002548748723
253341	0.004150732374
253342	0.003173315192
253343	0.00238935988
253344	9.36367933e-05
253345	0.003074456796
253346	0.0004138834225
253347	0.0003993498576
253348	0.002810073776
253349	0.001886266376
253350	0.0001226938185
253351	0.0001892302718
253352	0.001352185976
253353	0.003635485247
253354	0.001114145484
253355	0.002278308696
253356	0.0008340521243
253357	0.001091199007
253358	0.001292756634
253359	0.0004165638205
253360	0.0007202132034
253361	6.831533035e-05
253362	0.003028630275
253363	0.001755828573
253364	0.00171656035
253365	0.004676300706
253366	0.002363581504
253367	0.003239896498
253368	0.006650623829
253369	0.0006129547344
253370	0.002287568538
253371	0.005365647736
253372	0.002017866556
253373	0.003179466789
253374	0.001753796896
253375	0.003093739287
253376	0.004670694111
253377	0.00696792233
253378	1.761532438e-05
253379	0.000982406331
253380	0.00203939141
253381	0.004586093788
253382	0.002507413269
253383	0.001285265402
253384	0.002329987507
253385	0.0004247016121
253386	0.002493194141
253387	0.0008121558319
253388	0.0001282318039
253389	0.002181056276
253390	0.0003774974832
253391	0.00035526445
253392	0.0001090983967
253393	0.001400658905
253394	0.001247557511
253395	0.001355065047
253396	0.003427440289
253397	0.000267942562
253398	0.001338577116
253399	0.0001127295547
253400	0.0009801106512
253401	0.001741777631
253402	0.000887529188
253403	0.00226041797
253404	0.001153367546
253405	0.0006078257839
253406	0.001695261293
253407	0.002566240161
253408	0.0007439863807
253409	0.001661278433
253410	0.001055166782
253411	0.001008059911
253412	0.0001610711357
253413	0.0009693778654
253414	0.0009959771496
253415	0.002799586179
253416	0.001792373074
253417	0.003415105889
253418	0.00357463663
253419	1.625816617e-05
253420	0.0003886576011
253421	0.002339228058
253422	0.0006637601708
253423	0.0003676979006
253424	0.002273638631
253425	0.005298314599
253426	0.0009027755929
253427	0.004121315468
253428	0.005116537539
253429	0.0003046587267
253430	0.0004521520499
253431	0.0008817534027
253432	0.001909875693
253433	0.00405515211
253434	0.005167593668
253435	0.002185332072
253436	0.0001320767359
253437	0.001078755861
253438	0.0003752170107
253439	0.002426061957
253440	0.001741327211
253441	0.001569705074
253442	0.002139847955
253443	0.001120003563
253444	0.0006458938038
253445	0.0005893184138
253446	0.001065418886
253447	0.00285140133
253448	0.00178985399
253449	0.0001910000412
253450	0.0003866770488
253451	0.0001852256087
253452	0.0003541578448
253453	0.001688656103
253454	0.002735383518
253455	0.007437620977
253456	0.0009994301938
253457	0.0005343429784
253458	0.002369003219
253459	0.001411549177
253460	0.0002360432763
253461	0.002685325349
253462	0.001535017183
253463	0.0004381996524
253464	0.003904762876
253465	0.00298134057
253466	0.001832616242
253467	0.003426109121
253468	2.297116831e-05
253469	0.0004745133216
253470	8.621650481e-05
253471	0.001326342025
253472	0.003474899617
253473	0.001350597833
253474	0.0001610793483
253475	0.001614556936
253476	0.0005810559498
253477	0.002748364258
253478	7.246950834e-05
253479	0.0001140787587
253480	0.001744639855
253481	0.001149443291
253482	0.0005872746122
253483	0.0008052092147
253484	0.004003187922
253485	6.739002887e-05
253486	0.0004386565358
253487	0.002155628536
253488	0.0007507285878
253489	0.002776370998
253490	0.003130983158
253491	0.005794709619
253492	0.0008060907757
253493	0.0005360467599
253494	0.006066668312
253495	0.001695504367
253496	0.002167423162
253497	0.003156311673
253498	0.000129342976
253499	0.005820018384
253500	0.001067301879
253501	0.0002458224501
253502	0.0009647863647
253503	0.0008542437571
253504	0.002797629158
253505	0.005647094098
253506	0.003226029906
253507	0.00121779225
253508	0.002072987548
253509	0.004098047411
253510	0.001513077562
253511	0.002364328025
253512	2.694059414e-05
253513	0.0009642108115
253514	7.416670158e-05
253515	0.000207013156
253516	0.001936861336
253517	0.001115963127
253518	0.0006967099157
253519	0.0002434759525
253520	0.003535004362
253521	0.001387839118
253522	0.001250992482
253523	0.001751625493
253524	0.001918030148
253525	0.002184493768
253526	0.000408794395
253527	0.005930349835
253528	0.0002416771704
253529	0.0008850735924
253530	0.0001080900984
253531	0.0002978660889
253532	0.001480380283
253533	0.0008964059773
253534	0.001509252337
253535	0.001061244451
253536	0.00145108344
253537	0.005839231038
253538	0.002902540211
253539	0.001390369387
253540	0.0005259981217
253541	0.0003729530142
253542	0.003321627542
253543	0.001261693939
253544	0.0005804087217
253545	0.002233984229
253546	0.001273402059
253547	0.003841100328
253548	0.002928962191
253549	0.0001830408087
253550	0.0009136059149
253551	0.001471025934
253552	0.0005421387514
253553	6.940994755e-05
253554	0.004274863222
253555	0.003013304413
253556	0.002391286235
253557	0.0008340289557
253558	0.0001343628263
253559	0.0003726697328
253560	0.0002229117826
253561	0.0003372962518
253562	0.0006778409971
253563	0.002336351862
253564	0.001311213553
253565	0.0007374509359
253566	0.005082374951
253567	0.001841512525
253568	0.002865191199
253569	0.003250164729
253570	0.0007731031648
253571	0.003394290972
253572	0.0003414542717
253573	0.006439287995
253574	0.001201604406
253575	0.0001232395305
253576	0.005669096838
253577	0.0001500764231
253578	0.001497460799
253579	0.002463011318
253580	0.0005677936037
253581	0.001761600775
253582	0.002607375013
253583	0.0009055761472
253584	0.0008725564532
253585	0.00289553116
253586	0.001613891935
253587	0.0002604058029
253588	0.005010781769
253589	0.000654999323
253590	0.002617724744
253591	0.001563282382
253592	0.0001682626306
253593	0.0002496255164
253594	0.001469660543
253595	0.00259737659
253596	0.0007910626507
253597	0.00172298065
253598	0.002449581278
253599	0.002568369029
253600	0.0004029408354
253601	0.00564794031
253602	0.000389960322
253603	0.002220309215
253604	0.001091430734
253605	0.0004523272864
253606	0.0008459088194
253607	0.001265465696
253608	0.00139970265
253609	0.003504841763
253610	0.001546851821
253611	0.004240546195
253612	0.00173292052
253613	0.001409796202
253614	0.0003402025085
253615	0.00154506471
253616	0.002313363576
253617	0.0002090758339
253618	0.0004739007054
253619	0.001422137529
253620	0.002385273901
253621	0.000634304453
253622	0.001345682092
253623	0.000121177357
253624	0.00114811307
253625	0.001339100743
253626	0.0009244160114
253627	0.00189103435
253628	0.0002822671664
253629	0.00183619392
253630	0.0009851685531
253631	0.000253807653
253632	0.0005307640326
253633	0.0002629628463
253634	0.0005004141102
253635	4.170225779e-05
253636	0.000538027734
253637	0.0004746882345
253638	0.0003324985944
253639	8.943351668e-05
253640	0.0007468204192
253641	0.0008357341436
253642	0.0004938016411
253643	0.001786139822
253644	0.001019626976
253645	0.0002364573568
253646	0.001111293041
253647	0.0008313062015
253648	0.001150547545
253649	0.003062199731
253650	0.001051732366
253651	0.001169542893
253652	0.0004859692607
253653	0.001329319169
253654	0.002142605365
253655	2.858492933e-05
253656	0.0003002717731
253657	0.0007522659626
253658	0.0005343568527
253659	0.0003966855649
253660	0.0008928259814
253661	0.0009656607259
253662	0.0008132564013
253663	0.0007320977202
253664	0.0002552118761
253665	0.0008927911777
253666	0.0009302405475
253667	0.001103526555
253668	0.0005536667251
253669	0.0001639240084
253670	0.0003575613094
253671	0.001492780073
253672	0.0001749009513
253673	0.0002493210584
253674	0.004740851833
253675	0.001173471625
253676	0.0007983684029
253677	0.003662935764
253678	0.0004891208914
253679	0.003156396525
253680	0.004182747265
253681	7.982120076e-08
253682	0.005878729883
253683	9.675089822e-06
253684	0.002495239396
253685	0.002191571551
253686	0.001488340442
253687	0.001138030355
253688	4.472910502e-07
253689	0.0002043203792
253690	0.002789087603
253691	1.298442398e-07
253692	0.006787582599
253693	0.0003165497709
253694	0.001791782956
253695	7.936677985e-05
253696	0.002365714978
253697	0.004199652671
253698	0.001503037716
253699	0.008272541869
253700	0.0006023085904
253701	0.0002409542638
253702	0.001267984355
253703	0.0002084092528
253704	0.0004145421798
253705	0.0006541606893
253706	0.0008810290856
253707	0.0008500556918
253708	0.000750627042
253709	4.987697825e-05
253710	0.002802145361
253711	0.0001318057414
253712	0.001784422292
253713	0.0004291756381
253714	3.620498491e-05
253715	0.0002407871098
253716	0.0001105095444
253717	0.0001573727516
253718	0.0002606972852
253719	0.0007694390213
253720	0.0002784454194
253721	0.004225340452
253722	0.0003223811116
253723	0.0009540552919
253724	5.922282189e-05
253725	0.0004845281566
253726	5.992191921e-05
253727	0.001036853655
253728	2.889625671e-05
253729	2.745826922e-05
253730	0.000496669942
253731	0.0004953453571
253732	0.0002779751445
253733	0.0005686716191
253734	0.0004419846549
253735	0.0003315934395
253736	0.0001505421547
253737	0.0005660593832
253738	0.0002865915636
253739	0.0005727839872
253740	0.0002608837876
253741	0.0003216077718
253742	0.001111417289
253743	0.0006309895958
253744	0.0008052651903
253745	0.0006436445895
253746	2.84061377e-05
253747	0.0003321499041
253748	0.0001582832547
253749	0.0008694020951
253750	0.001050946339
253751	0.0007862826563
253752	7.866771881e-05
253753	0.0009097673629
253754	0.001953803148
253755	0.0007619000075
253756	5.175515739e-05
253757	0.0009474500405
253758	5.410500364e-05
253759	0.00039009674
253760	0.002455952301
253761	0.0003140259875
253762	0.0005086496159
253763	2.533875067e-05
253764	0.000161375472
253765	0.0004342497038
253766	0.0006493679003
253767	6.26916744e-05
253768	0.0003095279371
253769	0.000668408256
253770	0.00327200517
253771	0.0003800743507
253772	4.452959862e-06
253773	0.0003827193391
253774	0.0006168159179
253775	2.683897225e-06
253776	0.0001545584531
253777	0.0004762313304
253778	0.001302594227
253779	0.0003448307773
253780	0.001884257874
253781	0.0004903841746
253782	0.0003732422402
253783	0.0007542696559
253784	0.0001706919897
253785	1.119322006e-05
253786	0.003029113597
253787	0.0003097426855
253788	0.0002026551973
253789	0.0009633058932
253790	0.0007389064486
253791	0.001363546814
253792	0.0002807896008
253793	0.000209621349
253794	0.000658073097
253795	0.001085334882
253796	0.007397458738
253797	0.0001499938896
253798	0.0001412882946
253799	0.002581127021
253800	0.0009224263112
253801	0.001169676147
253802	0.0006290158878
253803	0.0005717642502
253804	0.0006879651588
253805	0.0001683363244
253806	0.0004864445811
253807	0.001751756018
253808	0.0009349640211
253809	0.0007439053703
253810	0.0005964666901
253811	0.0006213099678
253812	0.000782611931
253813	0.001436920956
253814	0.0003188354885
253815	0.001171621639
253816	0.0004737779302
253817	0.006884179123
253818	0.0006428219522
253819	0.002719339696
253820	0.001093491431
253821	0.003143289903
253822	0.0006360495636
253823	0.0002460835145
253824	0.0001544707911
253825	0.000426024034
253826	0.001875352797
253827	0.0001125726971
253828	8.631988859e-05
253829	0.0001455795692
253830	4.788492791e-05
253831	0.0006524063362
253832	0.0006263412852
253833	0.0001050205824
253834	0.0003831913171
253835	0.0007140334448
253836	0.0004230389006
253837	0.0002645889328
253838	0.000682866484
253839	0.0004038929739
253840	0.0007726040218
253841	0.001984331968
253842	0.0004907019311
253843	0.0001661111501
253844	0.0002254262546
253845	0.0001179042599
253846	0.0005356296548
253847	0.000969720116
253848	0.0007174761301
253849	0.0008675685515
253850	0.0002583844149
253851	0.000335678997
253852	0.0005022000981
253853	0.0005866928259
253854	0.0006275091224
253855	0.0004051140332
253856	0.0002970625074
253857	0.0004245495702
253858	9.57832205e-07
253859	0.0006938653742
253860	0.0004580976151
253861	0.0007028122283
253862	0.0005457214111
253863	6.728330689e-05
253864	0.001050672077
253865	0.0001087408653
253866	0.0005172933025
253867	0.0003096753492
253868	0.000745124117
253869	0.0001895955677
253870	0.0002677163447
253871	0.0005644632038
253872	1.13267897e-05
253873	1.741740388e-05
253874	0.0004849234182
253875	0.0007688356769
253876	0.0007267556922
253877	0.000552009778
253878	0.0007748395256
253879	0.0003478065786
253880	0.0007038831758
253881	0.0001959330827
253882	0.0005589749676
253883	0.001294548516
253884	0.0002664319211
253885	0.0003083108201
253886	0.0008753314767
253887	0.0006002984987
253888	0.001029378422
253889	0.0001201542782
253890	0.0008841663008
253891	0.0007442015694
253892	0.0005120374453
253893	0.0001664852859
253894	0.0005983581603
253895	0.000727956999
253896	0.0007871290463
253897	0.0005846647545
253898	0.001424416345
253899	0.0003211222543
253900	0.0004741774646
253901	0.0002449463702
253902	0.0006404110885
253903	0.0004780677934
253904	0.0004618356576
253905	0.0003163547974
253906	0.0002187402662
253907	2.563594334e-05
253908	0.0004004639112
253909	0.0004466795287
253910	0.0002032441302
253911	0.003139963102
253912	0.0001152408531
253913	0.000250638847
253914	0.0003789174916
253915	6.20688007e-05
253916	0.0004140094061
253917	0.0004783097008
253918	0.0002566258176
253919	8.142565639e-05
253920	0.0006717598773
253921	0.0005358400374
253922	0.0003472855591
253923	3.395560755e-05
253924	0.001085106059
253925	0.0006055269593
253926	0.0006180584865
253927	0.0002199073252
253928	0.0004528651419
253929	0.00056541784
253930	7.286952254e-05
253931	7.720594019e-06
253932	0.0005643208588
253933	0.0007985484654
253934	0.0008869713885
253935	0.001523219886
253936	0.0005137548201
253937	0.001180759955
253938	0.0002935566757
253939	0.0001720643531
253940	0.0001432457858
253941	5.300779495e-05
253942	0.0005396470273
253943	0.0001671293856
253944	0.0005057862493
253945	0.0005808000945
253946	0.000592360247
253947	0.00106869231
253948	1.939374928e-05
253949	0.001152328117
253950	0.0003182098835
253951	0.0002847108303
253952	0.0006830449458
253953	0.0001437656008
253954	0.0004727453342
253955	2.003731131e-05
253956	0.0001872395083
253957	8.322229221e-05
253958	0.0002017750646
253959	0.0004812480352
253960	0.0005892197509
253961	0.0005045766239
253962	0.000261661373
253963	0.0009035302872
253964	0.0001873127083
253965	0.0001583209871
253966	0.000544926257
253967	0.0005121471941
253968	0.0004450625889
253969	0.0001730791364
253970	0.0002343052269
253971	0.0002990871732
253972	0.0008479811767
253973	0.001232513103
253974	5.992192153e-07
253975	0.0003216547359
253976	1.308614428e-05
253977	0.0004590196603
253978	0.002831488474
253979	0.0004545178051
253980	9.421051208e-05
253981	0.0001564102962
253982	0.001156971495
253983	0.0005422841075
253984	0.0006448777451
253985	0.0005276055655
253986	0.000292018527
253987	0.0002288992469
253988	0.000180004883
253989	2.137207129e-05
253990	0.0006763645929
253991	0.0006788669729
253992	4.632935505e-06
253993	4.000866229e-05
253994	0.0003790774377
253995	0.0004479676346
253996	0.001279471321
253997	0.001195107364
253998	0.0007186679994
253999	0.0003609425026
254000	9.367100517e-05
254001	0.000193878075
254002	5.080575487e-05
254003	0.0001505794529
254004	0.0007564353502
254005	3.889401915e-05
254006	0.0003466678637
254007	0.0001864928933
254008	7.843768922e-05
254009	0.0002821120043
254010	0.0002439324882
254011	0.0004528980578
254012	0.0008370358556
254013	0.0003038637209
254014	0.0006190192812
254015	0.001405307748
254016	0.001369107214
254017	0.001951487957
254018	0.0002206723596
254019	0.0003278316146
254020	0.0008829056649
254021	0.0003503117927
254022	0.0006204459778
254023	0.0001324002096
254024	0.0003076832116
254025	0.001149224602
254026	0.001473234157
254027	0.00147779439
254028	0.0008793814203
254029	0.0004704304683
254030	0.0001702727803
254031	0.0003519827611
254032	0.0005378404706
254033	0.0001156300688
254034	0.001150434386
254035	0.0002465886926
254036	0.0001867011913
254037	0.000307686534
254038	0.0004832736997
254039	0.0007504400757
254040	0.0002274087294
254041	0.0001837855964
254042	0.0006524575623
254043	0.0001764727872
254044	0.001083080856
254045	0.0006193766531
254046	4.665546315e-05
254047	1.356479903e-05
254048	0.0005854986229
254049	0.001025647494
254050	0.0006758630553
254051	0.0003668340668
254052	0.0008232043049
254053	0.0001221528238
254054	0.0005706531279
254055	0.0003619155164
254056	0.001228601837
254057	0.0003691016471
254058	0.0007842444
254059	0.0008312189457
254060	0.0004083704587
254061	0.0001900567103
254062	2.373695802e-05
254063	0.0001912845893
254064	0.0005012429788
254065	0.0005223411208
254066	0.0009299293438
254067	0.001070357347
254068	0.001433288473
254069	0.0003008412137
254070	0.0007691505279
254071	0.0001016718779
254072	0.0006306486727
254073	0.0007352242953
254074	0.001004408731
254075	0.002216003131
254076	0.00139283647
254077	6.603582473e-05
254078	5.246160704e-05
254079	0.0004169159676
254080	0.0003415645196
254081	0.000134631165
254082	0.0004168770615
254083	0.000128192379
254084	0.000472444721
254085	0.0006627865572
254086	0.0002797983438
254087	8.807984803e-06
254088	9.172367251e-05
254089	0.0008550232123
254090	0.0001054070669
254091	0.0004091888466
254092	0.0003374698235
254093	7.380289457e-05
254094	3.457928794e-05
254095	0.0007760324179
254096	0.0001480946002
254097	0.0007076809423
254098	1.273275619e-05
254099	0.002356667931
254100	0.0005651955641
254101	0.00117018093
254102	0.0006701926415
254103	1.980160775e-07
254104	0.0006749763164
254105	0.0008742496175
254106	0.0002130876546
254107	0.0001634085619
254108	0.0005628017788
254109	0.000705201311
254110	0.0004020895741
254111	0.0007548202166
254112	0.0006703932458
254113	0.0006970276542
254114	0.0001392299809
254115	0.00013889826
254116	0.001003468663
254117	0.00178820531
254118	0.0003842576384
254119	0.0001074765188
254120	0.0002233187689
254121	5.921169158e-05
254122	0.0008132452179
254123	0.0002006729753
254124	0.0003168936454
254125	0.0006483571435
254126	0.0006626428146
254127	0.000190943144
254128	0.001504869271
254129	0.001285711219
254130	0.0011717522
254131	0.0001086778861
254132	0.0001322566836
254133	0.0001784405406
254134	0.0002347622084
254135	0.0002129330688
254136	0.0006511164428
254137	0.001041636682
254138	0.0001997837719
254139	0.0002474608937
254140	0.0003332804764
254141	0.0003929642489
254142	0.001379850012
254143	0.001393173859
254144	0.0004936237608
254145	0.0003487488737
254146	7.553750587e-06
254147	0.0003376840766
254148	0.0004711115081
254149	0.00107072086
254150	0.0003447931953
254151	0.0004779282491
254152	0.000223692259
254153	0.0005528780257
254154	0.0002148531014
254155	0.0006281493905
254156	0.0005642179498
254157	0.002200465117
254158	0.0001785428246
254159	0.0002656465748
254160	0.0007346343535
254161	0.001142488872
254162	0.003144607787
254163	0.0009036179505
254164	0.0003667689936
254165	0.0008564941887
254166	0.0002507258138
254167	0.0002425294983
254168	0.001137750718
254169	0.0006629155827
254170	0.000737451487
254171	0.0003213694226
254172	0.0001560204438
254173	0.00183697541
254174	0.0004924506649
254175	0.000561624709
254176	0.001352582177
254177	0.0001495353265
254178	0.0001224580289
254179	0.002368354186
254180	0.0007005535256
254181	0.0002530232932
254182	0.0008929144178
254183	0.0005134574562
254184	9.886624645e-05
254185	7.627514885e-05
254186	0.001578440377
254187	0.00147310331
254188	0.0009073356996
254189	0.001132695517
254190	0.0004788422509
254191	0.0004626321408
254192	0.0009435103334
254193	0.001663741846
254194	0.0007343462132
254195	0.0004803081523
254196	0.000257355225
254197	0.0006325014446
254198	0.0002003053482
254199	0.0005332516218
254200	0.0002634464006
254201	0.0001634264097
254202	0.002143015015
254203	0.0007743128859
254204	6.053182735e-05
254205	0.001684494944
254206	0.001324851026
254207	0.0003757711689
254208	0.0004623705498
254209	0.001051826219
254210	0.001379196374
254211	0.001643484477
254212	0.001737547769
254213	0.001109226405
254214	0.001739064629
254215	6.806586595e-05
254216	0.001119593432
254217	0.003283773041
254218	0.002803423773
254219	0.0007646955166
254220	0.0002664336137
254221	0.001025994548
254222	0.0006182532026
254223	0.0001421455487
254224	0.0002156292906
254225	0.001175958338
254226	4.805682938e-05
254227	1.472047589e-05
254228	0.0002392981509
254229	0.0001917008154
254230	0.0004684331713
254231	0.0008314395176
254232	0.0006601231116
254233	0.0003678761344
254234	0.0001508732822
254235	0.0001403124555
254236	0.001774717387
254237	0.0009696604976
254238	0.000802148985
254239	0.001157220013
254240	0.001595771565
254241	0.0002566719305
254242	0.0001478061529
254243	0.001222208084
254244	0.0009592348298
254245	0.003174661565
254246	9.813641473e-06
254247	0.001106236331
254248	0.001186272053
254249	0.0006963900397
254250	0.0004892012887
254251	0.000535166375
254252	0.0004922265029
254253	0.0002946215541
254254	0.0005055613373
254255	0.0006176993597
254256	0.0006250505374
254257	8.305330448e-05
254258	0.0001394689285
254259	0.0007361158841
254260	0.00189213109
254261	0.001456125548
254262	0.001538041992
254263	0.0002336556417
254264	0.0002854336158
254265	0.002438839813
254266	0.0005954246579
254267	0.004243457417
254268	0.0005994874122
254269	0.0006252778418
254270	0.0001097813532
254271	0.001248048639
254272	0.0001377222492
254273	0.0004708877148
254274	0.0005601754598
254275	0.0004200305581
254276	0.001078920119
254277	0.001612865091
254278	0.002612611969
254279	0.0004546280333
254280	0.0008267137127
254281	0.0004270664169
254282	7.804469174e-05
254283	0.0001234890957
254284	0.002163793309
254285	0.000246974035
254286	0.001044537725
254287	0.0001267672271
254288	0.003039686715
254289	0.0003212643624
254290	0.002189148145
254291	0.0005804965339
254292	0.001529520306
254293	0.0009221751236
254294	0.0009792342942
254295	0.0004053122677
254296	0.002392381288
254297	0.0002006343033
254298	0.0004892219524
254299	0.0001749300396
254300	0.000449867098
254301	0.0004786954038
254302	0.000826744315
254303	0.0004550859358
254304	0.001140940008
254305	0.000918971789
254306	0.002156472897
254307	0.004577843777
254308	0.0003765824908
254309	0.0008079614177
254310	5.950514751e-05
254311	0.002848117843
254312	0.00153563962
254313	0.004440404892
254314	0.001890533976
254315	0.0005912919938
254316	0.0002777676985
254317	0.0002780318124
254318	1.448284391e-05
254319	0.0002781319982
254320	0.0002248957786
254321	0.002261577141
254322	0.0002779099725
254323	0.0002504403115
254324	0.001082568562
254325	0.0002782945552
254326	0.0008675515882
254327	0.0001700742691
254328	0.0002785083606
254329	0.000409927117
254330	0.0001736662881
254331	0.0002946644729
254332	0.0001415222386
254333	0.0001726652598
254334	0.0005833522876
254335	0.0003507102586
254336	7.527474948e-05
254337	0.0006749960465
254338	0.0003145443561
254339	0.002595313928
254340	0.001244689004
254341	0.002273381276
254342	0.002009943143
254343	0.002581470169
254344	0.0001002737891
254345	0.0001722656611
254346	0.002522894004
254347	0.004092675139
254348	0.005677019787
254349	0.001050352156
254350	0.000857909843
254351	0.0008096648463
254352	0.000818069774
254353	0.002680851351
254354	0.0002852293839
254355	0.000262946068
254356	0.001331682961
254357	0.002942567029
254358	0.0003199149094
254359	0.0004122000386
254360	0.004340478276
254361	0.0008873481521
254362	0.0003081955846
254363	0.002338246007
254364	0.002276809282
254365	0.007265945331
254366	0.0004955083848
254367	0.0006991680777
254368	0.0001508456193
254369	0.0003211051654
254370	0.0002779548748
254371	0.0002783871823
254372	0.0002885735484
254373	0.003035569433
254374	0.000276681399
254375	0.007050407314
254376	0.001165352483
254377	0.003341590839
254378	0.000558511052
254379	0.0005995498151
254380	0.002094772267
254381	0.0005219788157
254382	0.002348163749
254383	0.0009300662777
254384	0.009471246415
254385	0.004526183135
254386	0.004259734897
254387	0.001878385968
254388	0.001523074349
254389	0.000423268404
254390	0.002107125588
254391	0.007537744759
254392	0.0009219244999
254393	0.001625419295
254394	0.005000185507
254395	0.0006330307045
254396	0.0009447818748
254397	0.004326385601
254398	0.0007268796724
254399	0.0001262489322
254400	0.001910992335
254401	0.0002412158706
254402	0.002467119187
254403	0.0007395126623
254404	0.001359859531
254405	0.001301822373
254406	0.001229274249
254407	0.004604365282
254408	0.0052037224
254409	0.001100711113
254410	0.0009716211006
254411	0.003135158312
254412	0.001263812356
254413	0.000975798568
254414	0.002513984563
254415	0.0001492232071
254416	0.0001331734363
254417	0.00115329649
254418	0.006592393259
254419	0.0001678608741
254420	0.003889282761
254421	0.001414317583
254422	0.001590382955
254423	0.0002414845472
254424	0.001868679595
254425	0.001215514006
254426	0.0006075160797
254427	0.001190518497
254428	0.001732555846
254429	0.002527635876
254430	0.0003249976358
254431	0.005296273135
254432	0.0004009025432
254433	0.0003191494983
254434	0.0007834318724
254435	0.0004872421494
254436	0.0006571539995
254437	0.0005534184598
254438	0.0007114196613
254439	0.0003894974973
254440	0.0004410080714
254441	0.0001874684723
254442	0.0008416872318
254443	0.00377255673
254444	0.003108669708
254445	0.002155799188
254446	0.0001712946458
254447	0.005147115091
254448	0.001652879459
254449	0.001511461321
254450	0.002570618316
254451	0.002419765662
254452	0.003178641325
254453	0.001462587739
254454	0.001161730385
254455	0.001319612617
254456	0.004048557316
254457	0.0003766998757
254458	0.001220496087
254459	0.002499877145
254460	0.003094534436
254461	0.002208634627
254462	0.00618784222
254463	0.0005434396507
254464	7.412423983e-05
254465	0.001004107968
254466	0.001636795373
254467	0.001909709756
254468	0.0004146589128
254469	0.001180106426
254470	0.0009877214535
254471	0.000736217144
254472	0.001013489152
254473	0.004147899459
254474	0.0001580760116
254475	0.0009283819494
254476	0.002360318257
254477	0.001197955226
254478	0.001400107107
254479	0.001662174812
254480	0.001900880822
254481	0.002044076156
254482	0.003234355254
254483	0.00172284039
254484	0.001697665873
254485	0.0005216475558
254486	0.006220944485
254487	6.001742099e-05
254488	0.002679110681
254489	0.0008746526823
254490	0.00479374002
254491	0.001234764248
254492	0.002732124808
254493	0.003066718704
254494	0.001052439867
254495	0.0009514093048
254496	0.0008246159943
254497	0.0008290619172
254498	0.001654265064
254499	0.0001237566593
254500	0.0004589281647
254501	0.001724437142
254502	0.0007475574726
254503	0.002626842326
254504	0.0002635866523
254505	0.002184983939
254506	0.0006885160894
254507	0.0009042874608
254508	0.0004590470889
254509	0.002820307931
254510	0.002133395205
254511	0.002640878295
254512	0.0001618105034
254513	0.0001165771414
254514	0.0004473782395
254515	0.0006589053494
254516	2.652951805e-05
254517	0.005765087629
254518	0.00136833478
254519	0.001756571977
254520	0.0009893842072
254521	0.001431590859
254522	0.001494145489
254523	0.006182240982
254524	0.0005284028453
254525	0.001985288321
254526	0.001027244541
254527	0.0003170203919
254528	0.001362964152
254529	0.003381533226
254530	0.0009078012765
254531	0.0001572077727
254532	0.0002402188156
254533	0.0003638440003
254534	0.001459966105
254535	0.001710784981
254536	0.0002528762647
254537	0.0003448252994
254538	0.0005774458449
254539	0.0006344819061
254540	0.0003962393753
254541	0.0001393521642
254542	0.0009137842927
254543	0.0004583940561
254544	0.0004368409764
254545	0.002475106707
254546	0.0001275618595
254547	0.000353924525
254548	0.005025215386
254549	0.0005829083336
254550	0.0001561337856
254551	0.002552184176
254552	0.002127577773
254553	0.0002059508701
254554	0.0006737108817
254555	0.0004175081186
254556	0.002246277964
254557	0.0004651396622
254558	0.000833134751
254559	0.0001713834978
254560	0.000404768745
254561	0.0005430407362
254562	0.0006676589755
254563	0.003977703471
254564	0.002987021533
254565	9.898143656e-05
254566	0.0004363471281
254567	0.0007734723573
254568	0.0007558451622
254569	0.0003327614835
254570	0.0002784611618
254571	0.0002078866646
254572	0.001002506217
254573	0.0002384958379
254574	0.0003732953912
254575	8.70318031e-05
254576	0.0001047606557
254577	0.0006586637353
254578	7.500727048e-05
254579	0.0003438662793
254580	4.121779209e-05
254581	0.0006907814962
254582	7.407484949e-05
254583	0.0002147162428
254584	0.0005114456494
254585	1.961582551e-05
254586	0.0002916044855
254587	0.0003684632947
254588	0.0005260120287
254589	0.000938777833
254590	0.0003562174505
254591	9.843675186e-05
254592	0.0003216399929
254593	2.468430332e-06
254594	0.0003847846066
254595	0.0003450283187
254596	0.0001879662067
254597	0.0003362953599
254598	0.0002083724714
254599	0.0005419013055
254600	6.273099049e-05
254601	0.0002883507392
254602	0.000308871015
254603	0.0007015233239
254604	0.0006332136122
254605	0.0004670593483
254606	0.0005647625145
254607	0.0003062787059
254608	9.404696039e-06
254609	0.0007998537458
254610	9.797881595e-05
254611	0.0003511786099
254612	0.0005156609666
254613	0.0002330834178
254614	0.0002865999993
254615	7.397101475e-05
254616	0.000339851911
254617	0.0006552349242
254618	0.0001062638078
254619	3.770992544e-05
254620	0.0003467263516
254621	0.0004574511951
254622	0.0001868586195
254623	0.0004328125749
254624	0.000581006938
254625	0.0006207132951
254626	0.0004759980921
254627	0.0003970913599
254628	0.001447806863
254629	0.0003444004987
254630	0.0002896799612
254631	0.0001821412869
254632	0.004749888379
254633	0.0005699444313
254634	0.0004543558266
254635	0.000992314384
254636	0.0001996084956
254637	4.840012042e-05
254638	0.0001599595871
254639	0.0006040529921
254640	0.000717640423
254641	0.0009026604022
254642	0.0007909903086
254643	0.0002608484918
254644	0.0005111641872
254645	0.0003909172641
254646	0.0006048532018
254647	0.0002196628641
254648	0.001218190444
254649	0.0008655225256
254650	0.000788180469
254651	0.0001926621833
254652	0.0004236567325
254653	0.00043314694
254654	0.0003719110648
254655	7.494646231e-05
254656	8.111790495e-05
254657	7.230655962e-05
254658	0.0004613325613
254659	1.565710588e-05
254660	0.0009359444418
254661	0.000214301068
254662	0.0004108956216
254663	0.000367539371
254664	2.996245796e-05
254665	0.0003624834906
254666	0.0002556465094
254667	5.009481139e-05
254668	0.0005312264801
254669	0.0001661589024
254670	9.910598802e-05
254671	0.0005056659316
254672	0.0007580212732
254673	0.0005315327859
254674	0.0007733094348
254675	0.0002120172693
254676	0.0008890402166
254677	0.0004750865557
254678	0.0004643772196
254679	0.0003836571966
254680	0.0002061958485
254681	0.001453050361
254682	0.00070629447
254683	0.0006483080709
254684	0.0002558120578
254685	0.0009612640475
254686	0.0001328390452
254687	0.000496236984
254688	0.0002358917737
254689	0.0006261756526
254690	0.0008202716023
254691	0.0001330055523
254692	0.0002110075503
254693	3.695742026e-05
254694	0.0002509586659
254695	0.0001351738843
254696	0.0008632540324
254697	0.000842506282
254698	1.621234888e-05
254699	4.964502995e-05
254700	0.0005022516299
254701	0.000827464694
254702	0.0007535336623
254703	0.0004596648837
254704	0.0002541091172
254705	0.0007431522468
254706	8.646463375e-05
254707	0.0002018461105
254708	0.0002292939028
254709	0.0002324001416
254710	0.0002392911409
254711	0.000415458199
254712	0.0001189036692
254713	0.001040670201
254714	0.0008462572468
254715	0.0001160501065
254716	0.0005361751642
254717	4.961885574e-05
254718	5.638526943e-05
254719	0.0005985666627
254720	0.0004721280004
254721	0.0001586097148
254722	2.875536399e-05
254723	0.000610827395
254724	0.0009575456963
254725	5.903759223e-05
254726	0.0003513124242
254727	0.001453951264
254728	0.0002953663171
254729	0.0004470445689
254730	0.00086459944
254731	0.0007341163059
254732	0.0005979771134
254733	0.0002118933481
254734	0.0001631358657
254735	0.0009667276569
254736	0.0006659066998
254737	0.0007308832297
254738	0.0003835054265
254739	0.0003696172809
254740	0.0005175721469
254741	0.0003877801537
254742	0.000218862392
254743	0.0001850192205
254744	0.000521963213
254745	0.0002270664691
254746	0.0009481603616
254747	0.001220139317
254748	0.0009430426643
254749	0.0003075688256
254750	0.0003999651156
254751	0.0002051296417
254752	0.0001028978912
254753	0.0002579690331
254754	0.0001470443535
254755	0.0003550633071
254756	0.0003978611075
254757	0.0001492111444
254758	0.0003164600937
254759	0.0006114589588
254760	0.0004709792336
254761	0.001126329871
254762	0.0002321021125
254763	0.0009258408854
254764	0.001223195543
254765	0.0003218219092
254766	0.0004780343003
254767	0.0006256133171
254768	0.0001340163642
254769	0.0004243618411
254770	2.088405999e-05
254771	0.0004610581373
254772	0.0002933591106
254773	0.0005780130021
254774	0.0003415728272
254775	0.0005666313806
254776	0.0008295357526
254777	0.0006661975091
254778	0.001334423916
254779	0.0001528828172
254780	0.001076871932
254781	0.0005788735146
254782	0.0009128885732
254783	0.0002430606629
254784	0.0001591703751
254785	0.001263684098
254786	0.0004595210071
254787	0.0002841692766
254788	0.0003243717458
254789	2.524263739e-05
254790	0.0009526460789
254791	2.968118109e-05
254792	0.0004341996992
254793	0.000485953728
254794	0.0004480588902
254795	0.0002940864392
254796	2.531956337e-05
254797	0.0003194400842
254798	0.0001506331154
254799	0.0002930018787
254800	0.002116198988
254801	0.002693196191
254802	0.001060270085
254803	0.0008572259364
254804	0.0002009097756
254805	0.0001816625948
254806	0.0005932749875
254807	0.0001696721922
254808	0.0003435157357
254809	0.0006527187712
254810	0.000706179467
254811	0.00214070832
254812	1.475692779e-05
254813	0.0002512895186
254814	0.0002395502531
254815	0.0006378422517
254816	0.0008526440762
254817	0.0006652496447
254818	0.0007355631117
254819	0.0006053074465
254820	0.0004259026389
254821	0.003142290027
254822	0.0005724657149
254823	0.0003867303742
254824	0.0004781495785
254825	3.672543087e-05
254826	0.0005058993376
254827	0.0002880897852
254828	0.0003585369066
254829	0.0003646311795
254830	0.001546385009
254831	0.0002184231626
254832	0.0004314766624
254833	0.0007099489765
254834	0.0007001533783
254835	8.350679605e-06
254836	0.0004877068714
254837	0.0002257639498
254838	0.0003932146119
254839	0.000782440194
254840	3.172684186e-05
254841	7.358204619e-05
254842	0.000812453772
254843	0.0002037150998
254844	0.0007514021341
254845	0.0007893989184
254846	0.0001556117777
254847	0.0008755565762
254848	0.0002007753526
254849	0.0001803213825
254850	0.0001913354408
254851	0.0002799998478
254852	0.0003935630793
254853	1.634506695e-05
254854	0.0002960627574
254855	0.0003089271381
254856	0.0001539142781
254857	0.0005740757156
254858	3.58851995e-05
254859	0.001010361938
254860	0.0003906193657
254861	0.0004124041336
254862	0.0002370539663
254863	0.0005695777421
254864	0.0006116284073
254865	0.001594903885
254866	0.0007122327684
254867	0.0003704171505
254868	0.0006689002925
254869	0.0005817727669
254870	0.0001496532245
254871	0.0001729357624
254872	0.001598598574
254873	0.0002953815046
254874	0.001036260259
254875	0.0006034386912
254876	0.0002437654907
254877	0.0007694252427
254878	0.001029396183
254879	0.002787442227
254880	0.0001374776395
254881	0.001371898525
254882	0.002920078162
254883	0.0001469138987
254884	0.000405189781
254885	0.001350875724
254886	0.0002042963757
254887	0.0001280770419
254888	8.74769829e-05
254889	4.459685987e-05
254890	0.0005169147539
254891	1.728477609e-05
254892	0.0003369232209
254893	0.0003066963594
254894	0.0005201319676
254895	0.0001982647178
254896	0.0004443026222
254897	0.0004426187225
254898	0.0003073287247
254899	0.0001827568839
254900	0.0002103812487
254901	8.658476531e-05
254902	0.0001871604561
254903	0.0002746308993
254904	9.607190107e-05
254905	0.0007284714024
254906	0.0005888168041
254907	0.001226676162
254908	1.587355426e-05
254909	0.0006032126274
254910	0.0003675521438
254911	0.0009371370783
254912	0.0002329548014
254913	0.0001983979724
254914	0.0008904878126
254915	0.0001921526813
254916	0.0008148077317
254917	0.0005537094763
254918	0.0002117102066
254919	0.0003219044026
254920	9.9104505e-05
254921	0.00155455081
254922	0.0005223852098
254923	0.0004304343123
254924	0.0003580819154
254925	0.0004288146905
254926	0.0006705799243
254927	0.0007253726794
254928	3.902585759e-05
254929	0.000216172949
254930	0.001215146533
254931	0.0004481323049
254932	0.001290050494
254933	4.282253474e-05
254934	0.002240205262
254935	0.001509893425
254936	0.0002753820208
254937	0.0003481243214
254938	0.0005850986641
254939	0.0002466382144
254940	0.0005991737098
254941	0.0009295570932
254942	0.0002519838987
254943	0.001035076706
254944	0.0005252959858
254945	0.0003296167125
254946	0.0002103737819
254947	0.00130413465
254948	0.0005458265787
254949	0.0003581580324
254950	0.0008879791646
254951	0.001005055424
254952	0.0004250668488
254953	0.0003936606938
254954	0.00119911833
254955	0.001514642368
254956	0.0003662008172
254957	0.001257518829
254958	0.0002766177565
254959	0.00100505874
254960	0.0004001816522
254961	0.0002699876087
254962	0.0002973980552
254963	0.0007155645022
254964	0.001137182653
254965	0.0005649359153
254966	0.0002618945458
254967	0.0001797341241
254968	0.0003016764875
254969	0.001021116204
254970	0.001017843302
254971	0.0004633710982
254972	0.001371053267
254973	0.004480518244
254974	0.001473247381
254975	0.0005535980092
254976	0.0001456513033
254977	0.000167669332
254978	0.0008476511334
254979	0.0002889918592
254980	0.0005782711478
254981	0.0003519936914
254982	0.0002298649137
254983	0.0003979584868
254984	0.0004110057147
254985	0.0002409145622
254986	0.0005412363777
254987	5.786717905e-05
254988	0.0001867890296
254989	9.626751619e-05
254990	0.000967935286
254991	0.0007872589236
254992	0.0007959449465
254993	0.0005762720662
254994	0.0004389328758
254995	0.0002490390368
254996	0.0005988894003
254997	0.001083312771
254998	0.00010738532
254999	0.0008336687276
255000	0.0009386813178
255001	0.001122395758
255002	0.0009729650165
255003	0.0006396275227
255004	9.178329143e-05
255005	0.0002479384233
255006	0.000863051936
255007	0.0008513424629
255008	1.960268362e-05
255009	0.0001849209019
255010	0.0001288336198
255011	0.0005070576434
255012	0.000427750322
255013	0.001634199331
255014	0.000911852772
255015	0.0002035405722
255016	0.001311472076
255017	2.593158123e-05
255018	0.0002505175412
255019	0.0006046347338
255020	0.0006392069744
255021	0.001326343655
255022	0.0006755962818
255023	0.0001474180705
255024	0.00011078408
255025	0.002597604733
255026	0.0009385912425
255027	0.0002164221984
255028	0.0007138917536
255029	0.002692758712
255030	0.0002344312121
255031	0.0009772943525
255032	6.771180746e-05
255033	0.0003732498366
255034	6.215530273e-05
255035	0.001037575149
255036	0.001377170757
255037	0.0005267287739
255038	0.0001837465941
255039	0.001676824182
255040	0.0001762692533
255041	0.0003991149334
255042	0.0009814358666
255043	0.0005381986316
255044	0.0002838671875
255045	0.0001328515458
255046	3.514513186e-05
255047	0.0004457929831
255048	0.0002833638201
255049	0.001290483364
255050	0.0006730715608
255051	0.0006525336962
255052	0.0005609320033
255053	0.000537640048
255054	7.934680126e-05
255055	0.0013007518
255056	0.002325838042
255057	0.002686072688
255058	0.0007774331201
255059	0.0001217161511
255060	0.0007730043845
255061	0.0004776924443
255062	0.0004083894333
255063	0.0009423257606
255064	0.0008965217861
255065	0.0004670822118
255066	0.001673634734
255067	0.004417403099
255068	0.0005236317778
255069	0.001114690792
255070	0.0005090657312
255071	0.0001594207648
255072	0.0002617044089
255073	0.0002255127609
255074	0.0006696676712
255075	0.000153485145
255076	1.418155113e-05
255077	2.442045787e-05
255078	0.0003250707778
255079	0.0007908013193
255080	0.0005699614568
255081	0.001080681236
255082	4.447666282e-05
255083	0.0007717988613
255084	0.0003389280261
255085	0.0004006525163
255086	0.00142914157
255087	0.001502679712
255088	0.000780473943
255089	0.0005391197302
255090	0.001184516741
255091	0.0005113514998
255092	0.0006000054273
255093	0.0002780808626
255094	0.0003625646306
255095	0.0003288268336
255096	0.000499056355
255097	0.0005174855423
255098	0.0009768462381
255099	6.344790416e-05
255100	0.001120851382
255101	0.0008824346563
255102	0.0007505241381
255103	0.0005364911496
255104	0.0005344251419
255105	4.251680042e-05
255106	0.0001894309022
255107	7.92224357e-05
255108	0.0002624143769
255109	0.0003332782204
255110	0.0002876141352
255111	7.645188864e-05
255112	0.0003702422191
255113	0.0009091235372
255114	0.0003580519213
255115	0.001442193876
255116	0.0002513798313
255117	0.0003337974775
255118	0.0002421484146
255119	1.54995726e-06
255120	0.0005516092035
255121	0.0003048510825
255122	0.0007428710576
255123	0.0001358665641
255124	0.0003623209517
255125	5.469111748e-05
255126	0.0002043203129
255127	0.0004041190703
255128	6.795248053e-05
255129	0.0004398118481
255130	0.0002814349398
255131	0.0002975029213
255132	0.001450680219
255133	0.0005887983289
255134	1.650074412e-05
255135	0.0007732668861
255136	0.0004643373406
255137	0.0004897651989
255138	0.000884503069
255139	0.000495694141
255140	0.0009049619658
255141	0.0007908983748
255142	0.001050750935
255143	0.0004163057757
255144	0.0007541669669
255145	0.0006236284406
255146	0.0003598607798
255147	9.327912903e-05
255148	0.000835777386
255149	0.0008757010618
255150	0.00111682474
255151	0.0009501021915
255152	0.0003821109343
255153	0.0005894509214
255154	0.0004755635246
255155	0.0005722251074
255156	0.0002679199327
255157	0.000191435913
255158	0.0002327901429
255159	0.0005636478884
255160	0.0004979255102
255161	0.0003829775214
255162	0.0004587745931
255163	0.0004100914156
255164	0.0004641065989
255165	0.0008744511235
255166	0.0004868836788
255167	0.0002141824048
255168	0.0003152358255
255169	0.001462711194
255170	0.0002723190866
255171	0.0004553502883
255172	0.0002349574987
255173	0.002358116865
255174	0.0003065984896
255175	0.0002330131384
255176	0.0007206568175
255177	0.001087280092
255178	0.0008978366737
255179	0.0003059692986
255180	0.000332684215
255181	0.0003149508496
255182	0.001037458581
255183	0.0002907358441
255184	0.002378276668
255185	0.0003682097599
255186	1.327535542e-05
255187	0.000137656519
255188	0.0004844754801
255189	0.0004631326107
255190	0.000650323833
255191	0.0006306665444
255192	3.940569084e-05
255193	0.0004751330622
255194	8.126041816e-05
255195	0.0005998343573
255196	0.001326814832
255197	0.002172602768
255198	0.0003559496974
255199	0.0007667563852
255200	0.0003651075462
255201	0.001137834729
255202	0.0004290759476
255203	0.0006757470616
255204	0.0004356737495
255205	0.0004880505898
255206	0.0004034395955
255207	0.0003681459412
255208	9.449147747e-05
255209	2.655857694e-05
255210	0.0003951873848
255211	0.0004842754008
255212	0.0002695098894
255213	0.0001865581243
255214	0.0001732033487
255215	0.0003938584651
255216	0.001275245057
255217	0.0006640179677
255218	0.002231128223
255219	0.002146389472
255220	4.202727488e-05
255221	0.00114275759
255222	0.00162963083
255223	0.0009485863825
255224	0.000721319711
255225	0.0002513190775
255226	0.0009011794508
255227	0.0007212420384
255228	8.276299434e-05
255229	0.000471267393
255230	0.0006184309575
255231	0.000263407676
255232	0.0005576425978
255233	0.0009555230209
255234	0.0009514640282
255235	0.0005144074638
255236	0.0007385845719
255237	0.0001363177462
255238	0.0003752432009
255239	0.0007270373085
255240	0.00051487757
255241	0.0006329355425
255242	0.001177477923
255243	1.831013835e-05
255244	0.0007337063043
255245	0.0004850393089
255246	0.0007124135183
255247	0.0016701631
255248	0.001739850511
255249	0.0004186095329
255250	0.0008515356581
255251	0.001871983458
255252	0.002115654326
255253	0.001024130706
255254	6.100580189e-05
255255	0.0007460858007
255256	0.001196585462
255257	6.213350833e-05
255258	0.000466894966
255259	0.0007071069035
255260	0.0005508714029
255261	5.965726468e-05
255262	0.0008267988482
255263	0.001598680569
255264	0.0006498453269
255265	0.0006814254535
255266	0.0004458951816
255267	0.0006825003509
255268	0.003140885431
255269	0.000430426559
255270	5.840757206e-05
255271	0.0006627573501
255272	0.002641877755
255273	0.0002132564954
255274	7.704273687e-06
255275	0.000636068734
255276	0.001446742741
255277	0.0006258005481
255278	0.0005108495639
255279	7.955522121e-06
255280	0.0005970912058
255281	0.0001227475954
255282	0.0005787593212
255283	0.001491725078
255284	0.000360241633
255285	0.000123695472
255286	0.0003336723869
255287	0.0003028809836
255288	0.0002730513662
255289	0.0007131704837
255290	0.001521135758
255291	0.0006709088333
255292	0.0002057151237
255293	0.0002883535189
255294	0.0002275297367
255295	8.852697808e-05
255296	0.0002439354611
255297	0.0003617377164
255298	0.002288868891
255299	0.0009058384808
255300	0.0003766586191
255301	0.001027051327
255302	0.001010223482
255303	0.001738164814
255304	0.0004235872489
255305	0.0005276050504
255306	0.0005373691246
255307	0.0005261990452
255308	0.0001184643699
255309	7.435838961e-05
255310	0.00017547824
255311	0.0001731620108
255312	0.0006573465214
255313	0.0006722481493
255314	0.0002547192056
255315	0.0002959404747
255316	0.0006988773315
255317	0.0007675120108
255318	0.0007618803654
255319	0.0005063367587
255320	0.0001469348215
255321	0.002664144742
255322	0.0009921364469
255323	0.0008423318095
255324	0.0005689288426
255325	0.0009745938576
255326	0.0001792665347
255327	7.206805298e-05
255328	0.0003626653553
255329	0.00026974243
255330	0.0008994732872
255331	0.0004939073392
255332	0.0001108796209
255333	0.0006845771237
255334	0.0005198606091
255335	1.633804075e-05
255336	0.0003319118977
255337	0.0002823124819
255338	0.001380933801
255339	0.001834915462
255340	0.0002547164643
255341	0.0005173248436
255342	0.0003728736703
255343	0.001179622132
255344	0.000356894224
255345	0.0009230650922
255346	0.0003482344922
255347	0.0006404088868
255348	3.506043949e-05
255349	0.0003086583145
255350	0.0001178980374
255351	0.00156527156
255352	7.767081699e-05
255353	8.622413806e-05
255354	0.00168756956
255355	0.000699398285
255356	0.0004947966987
255357	5.869949941e-05
255358	0.0003402970752
255359	0.000252231614
255360	0.0009580553144
255361	0.0005671767688
255362	0.0004535755611
255363	0.000250290807
255364	0.0008174815122
255365	0.001327339085
255366	0.0007113979304
255367	0.0009873121045
255368	0.002490648738
255369	0.0004001936963
255370	5.546207062e-05
255371	8.284708427e-05
255372	0.0001618127539
255373	0.0003658342946
255374	0.0001911112932
255375	0.0004262905714
255376	0.0001052463607
255377	0.0004409897491
255378	0.0006407455777
255379	0.0003346111218
255380	0.0004965224054
255381	0.000809153982
255382	0.001308169695
255383	0.000264051163
255384	0.0002181138607
255385	0.0001390412837
255386	0.0005283977485
255387	0.0008751320863
255388	6.320722008e-05
255389	0.0006283214109
255390	0.0003192085793
255391	0.0001374475187
255392	0.0004815714116
255393	0.0003379967462
255394	0.0008821303122
255395	0.0003037442487
255396	0.001559042123
255397	0.001519429599
255398	0.001031045089
255399	0.0001207324335
255400	3.34033198e-05
255401	0.0002656577936
255402	0.001868971188
255403	0.0005731785849
255404	0.0002905299576
255405	0.0003311698404
255406	0.0001774088727
255407	0.0002933729752
255408	9.376650393e-05
255409	0.0004378992751
255410	0.001152308108
255411	0.0008006296898
255412	0.0006041952561
255413	0.0003789015399
255414	0.000572020826
255415	0.0003071860215
255416	0.001003519038
255417	0.0001501529709
255418	0.00113417718
255419	0.0001418728624
255420	0.0005593704262
255421	0.001087309675
255422	0.001069881761
255423	0.0003171395224
255424	0.0004130099203
255425	0.0006802575599
255426	0.0006883252842
255427	0.0005737608479
255428	0.0004942181498
255429	0.00037939945
255430	0.001016466235
255431	8.698851765e-05
255432	0.0005511482916
255433	0.0007346354372
255434	0.0004957746137
255435	5.204452716e-09
255436	0.0002855167659
255437	0.0006469956657
255438	0.0002735162953
255439	0.002434776647
255440	0.0001132314996
255441	0.0008091452742
255442	0.001620465885
255443	0.001235173005
255444	0.0009219269141
255445	0.0004256208114
255446	0.0003307698009
255447	0.0004168165896
255448	0.0005412534453
255449	0.0007395831092
255450	0.0003709846118
255451	0.003016741789
255452	0.0002678061969
255453	0.0006702578171
255454	0.000732578573
255455	0.0003619814628
255456	0.000169001898
255457	0.0009399412886
255458	0.0007843811992
255459	0.0006804683975
255460	0.0005124825675
255461	0.0002799123616
255462	9.031943131e-05
255463	7.839988732e-05
255464	0.0003981501561
255465	0.0002774323721
255466	0.0001487426127
255467	0.001230947205
255468	0.0005059375684
255469	0.0002180582906
255470	0.0002563915293
255471	0.000794213422
255472	0.001821591331
255473	0.000937363436
255474	0.0002630687037
255475	0.0005599012337
255476	0.000335179185
255477	0.0003154373801
255478	9.922902221e-05
255479	0.0001344306755
255480	0.0004955708993
255481	0.0001249202686
255482	0.0001880914291
255483	0.0003182285521
255484	0.001892359191
255485	0.0004822398068
255486	0.0003975553859
255487	0.0005045185996
255488	0.0004220985401
255489	0.000335980897
255490	0.0003486917474
255491	0.0008000295042
255492	0.0005430570854
255493	0.000429281528
255494	0.0006089327892
255495	0.000785678004
255496	0.001240007389
255497	0.0006737330384
255498	0.001626807353
255499	0.0003294740995
255500	0.0007985774887
255501	0.0005905641515
255502	0.0007425932759
255503	0.0001453537197
255504	0.0006187775741
255505	0.0005474896818
255506	0.0004823483186
255507	0.0003799496491
255508	0.001736725329
255509	0.0006051737834
255510	0.005379375739
255511	0.0005649316636
255512	0.0003258933659
255513	0.0005625505135
255514	0.0003461598649
255515	0.00135359936
255516	0.0002607828958
255517	3.809112986e-06
255518	0.0002596132562
255519	0.0003661538323
255520	0.0004330999944
255521	0.0002650342857
255522	6.171821281e-05
255523	0.000401192432
255524	0.000586580001
255525	0.0005481429532
255526	0.001153953881
255527	0.0003694587751
255528	7.971119737e-06
255529	0.00126755231
255530	0.0006882083348
255531	0.0002876635942
255532	0.0002011576674
255533	0.000630148953
255534	0.0003409151077
255535	0.001006637547
255536	0.000382057183
255537	0.0003760902991
255538	0.0005436768297
255539	0.0003179936359
255540	0.0005002431412
255541	0.001266675593
255542	0.0004752799878
255543	0.001100694911
255544	0.0009614672768
255545	6.802474948e-05
255546	0.0001169282714
255547	0.0005822725445
255548	0.0003648865426
255549	0.0004117273429
255550	0.0008505641545
255551	0.0009937090864
255552	0.0001664395893
255553	0.0001929341456
255554	0.0006574695144
255555	3.678898151e-06
255556	0.000353132512
255557	0.0007575895548
255558	0.000103727069
255559	0.0001841473596
255560	0.0007885672257
255561	0.0001446453482
255562	0.0005901537443
255563	3.767506644e-05
255564	0.002123179941
255565	0.0001515769662
255566	0.0008802519711
255567	0.0003168957208
255568	0.0002113339647
255569	0.0005127607442
255570	0.0003598319957
255571	0.004162783686
255572	0.0009953050901
255573	0.00092318988
255574	0.001023463662
255575	0.001030716644
255576	0.0006057189583
255577	0.0003398950345
255578	0.0008362279999
255579	0.0004451098006
255580	0.0002306004259
255581	2.550043883e-05
255582	0.0002074607466
255583	0.0009735644744
255584	0.0004804680358
255585	0.0006250480681
255586	0.000787844057
255587	6.175187627e-05
255588	0.00199453106
255589	0.0006066570204
255590	0.0003345966019
255591	0.0005512546033
255592	0.0005773718728
255593	0.0009024372335
255594	0.000406253642
255595	0.0002516703589
255596	0.0001303695936
255597	0.0006100373252
255598	0.0003272471294
255599	9.567768425e-05
255600	0.0006676421501
255601	0.0004775208236
255602	0.0006749640505
255603	0.001313742326
255604	0.001225593068
255605	0.0006564050374
255606	0.0005844160068
255607	0.001025183182
255608	1.125846193e-05
255609	0.0005350088138
255610	0.0006463824526
255611	0.0001139237945
255612	0.002275051403
255613	0.0002843302739
255614	0.0003639738483
255615	0.0009002772846
255616	0.001021054448
255617	0.0009758886058
255618	0.0008908998366
255619	0.0004851422956
255620	0.001104864268
255621	0.002240281114
255622	0.0003312014118
255623	0.0002829482652
255624	0.000972759734
255625	0.0005394796719
255626	8.093279889e-05
255627	0.0004427289634
255628	0.0009089500162
255629	0.0008240187508
255630	0.001117359302
255631	0.001142983687
255632	0.0008338364586
255633	0.0005250880435
255634	0.000356128459
255635	0.0009888117812
255636	0.0004418429069
255637	0.0002450381728
255638	0.0003930455286
255639	0.0002166912808
255640	3.192741125e-05
255641	9.288250992e-05
255642	0.001425656943
255643	0.0003074441474
255644	0.0007465485456
255645	0.0007879285438
255646	0.0007782411838
255647	0.0005105652912
255648	0.0003666754629
255649	0.0003218158795
255650	0.00049477768
255651	0.000431554827
255652	9.439254826e-05
255653	0.001150765613
255654	2.484842599e-05
255655	0.000157533072
255656	0.0004701777794
255657	0.000619492863
255658	0.0004783151085
255659	0.0008793167033
255660	0.001982222516
255661	0.0006232642423
255662	0.0005471438491
255663	0.000839469591
255664	6.2025609e-05
255665	0.0004566234482
255666	0.0002408484557
255667	0.0002557099284
255668	0.0004700037474
255669	0.002359936707
255670	0.000489211566
255671	5.715125674e-05
255672	0.0008028336286
255673	0.001176945123
255674	0.0006011684072
255675	0.003831560369
255676	0.001127770003
255677	0.0004668400241
255678	9.237026954e-05
255679	0.0003672448437
255680	0.0002224095135
255681	8.968008962e-05
255682	0.0004656357376
255683	0.001262072854
255684	0.0004717331804
255685	0.0008703734114
255686	0.000127786049
255687	4.174212327e-05
255688	0.0001995469862
255689	0.0002383352001
255690	0.0006090669565
255691	0.0001931729767
255692	0.0005995719023
255693	0.0003319906635
255694	0.0002418830155
255695	0.0007338453408
255696	0.0006572604442
255697	0.000766262776
255698	0.0002054358424
255699	0.0006416765414
255700	0.0002187802243
255701	0.0005732480576
255702	0.000959741842
255703	0.001440529023
255704	0.001861496945
255705	0.000710760132
255706	0.000364820397
255707	0.001096239215
255708	0.0006814702
255709	0.0009305264803
255710	3.637220045e-05
255711	0.0003088812143
255712	0.0001593826993
255713	0.0002781629127
255714	0.0003318027634
255715	0.0004636784429
255716	0.001706224646
255717	0.0002518438187
255718	0.001222957113
255719	0.001071697579
255720	2.841896154e-05
255721	0.000849230567
255722	0.0001008578762
255723	0.0001537851561
255724	0.0006383975341
255725	6.715559254e-05
255726	0.001128491378
255727	0.0006212535647
255728	0.002003260412
255729	0.0005035484354
255730	0.000110938253
255731	1.019855414e-05
255732	0.0003046982445
255733	4.122063296e-05
255734	0.0003272623203
255735	0.000762807189
255736	0.0006810029722
255737	0.0004261333902
255738	0.0001042328193
255739	0.001057441951
255740	0.0002954744047
255741	0.0009759734566
255742	0.001344739888
255743	0.0004676754824
255744	0.000453959091
255745	0.001343495905
255746	0.0003528095989
255747	0.0005984514663
255748	0.0007577232032
255749	0.0008750948394
255750	0.0001746641589
255751	0.0008835591959
255752	0.00148640423
255753	0.0006169642648
255754	0.0001377996455
255755	0.0004142090489
255756	0.0006728378433
255757	0.0001868661627
255758	0.0003929558175
255759	0.0002397859876
255760	0.0002142647337
255761	0.0008827751681
255762	0.0002410397717
255763	0.003257217741
255764	0.0003541800837
255765	0.0001526555105
255766	0.0006107159543
255767	0.0007233019861
255768	0.0002853109013
255769	0.001528114546
255770	0.0009364193509
255771	0.0001028547534
255772	0.0004409526575
255773	0.002160279157
255774	0.0009651448928
255775	0.0006809430868
255776	0.0007055948675
255777	0.000152686893
255778	0.0006137497616
255779	1.215311195e-06
255780	4.679925343e-05
255781	0.0004936284452
255782	0.0001855429148
255783	7.453965159e-05
255784	0.000284838023
255785	0.0005109974644
255786	0.001076296005
255787	0.000132991507
255788	2.047960656e-06
255789	0.0009788285793
255790	0.0002614176564
255791	0.0003141545694
255792	6.291039613e-05
255793	0.0008310222086
255794	3.497057317e-05
255795	0.0003122281619
255796	0.0002396884394
255797	0.0004848936131
255798	0.0001168069188
255799	6.704631969e-05
255800	0.0009133472433
255801	0.0009549768306
255802	0.0001515391595
255803	0.0005331075107
255804	0.001013109711
255805	0.0003956076337
255806	0.0004120499006
255807	0.0003936909057
255808	1.309307845e-06
255809	0.0006133554139
255810	0.000765191762
255811	0.0003903102763
255812	0.00030937317
255813	0.0004868454708
255814	0.000204618145
255815	0.000354546916
255816	0.0006809239947
255817	0.0003456048897
255818	0.0006872438757
255819	0.000910623365
255820	0.0005283606708
255821	0.0002877244201
255822	0.0004928162433
255823	5.421151988e-05
255824	0.0005541758517
255825	0.0001415706191
255826	0.0004578222445
255827	1.065671766e-05
255828	0.0003298528599
255829	0.0007748714368
255830	0.0009697993082
255831	0.002205434729
255832	0.0003752627935
255833	0.0004422614738
255834	0.0001572821359
255835	0.001009025356
255836	0.001208585343
255837	0.001985651498
255838	0.0005274435637
255839	0.0001717561726
255840	0.0004515582461
255841	0.0001531798814
255842	0.000850961116
255843	0.0006502028675
255844	0.0004107358613
255845	0.001576917355
255846	0.0002746557737
255847	0.0006344977794
255848	0.00119278275
255849	0.001486415044
255850	0.0001376865135
255851	0.0002348058039
255852	0.0004137166825
255853	0.0004359276343
255854	0.0004646253013
255855	0.0004279167163
255856	8.261104517e-05
255857	0.0002547358469
255858	0.001904710217
255859	0.0006984366793
255860	0.0003198260231
255861	0.0001806496024
255862	0.002429088489
255863	4.79064169e-05
255864	0.0001655031018
255865	0.000871601434
255866	0.0007840091483
255867	0.0002322403201
255868	0.0004356157741
255869	0.0004194855673
255870	0.001221412569
255871	0.0002578704281
255872	0.003318313549
255873	0.000478566048
255874	0.001659549346
255875	5.369656321e-06
255876	0.0002661227688
255877	0.0006121340756
255878	7.784966772e-05
255879	0.0009148593005
255880	8.848779897e-05
255881	0.0002094645563
255882	0.0004919215887
255883	0.001021191673
255884	0.0006188011222
255885	0.0005380668
255886	0.0008728952686
255887	0.0008737486824
255888	0.0004452890265
255889	0.0001966145581
255890	0.001169886618
255891	0.0004628300877
255892	0.000252989479
255893	0.0006923239312
255894	0.0003748623861
255895	0.001288030878
255896	0.000253855768
255897	0.0001161835065
255898	0.000418126649
255899	0.0004725300568
255900	0.0003015356496
255901	4.775489679e-06
255902	0.0008695589047
255903	0.0003181931709
255904	0.0003633265682
255905	0.0003207140176
255906	0.0002666695822
255907	0.001363205737
255908	0.0005666016339
255909	0.0008122443659
255910	0.0003264301969
255911	0.0002074727557
255912	0.0006195205204
255913	0.0008782859546
255914	0.0003619456766
255915	0.001308232125
255916	4.862128268e-05
255917	0.0007594162453
255918	7.516801328e-06
255919	0.004493664528
255920	0.000375291764
255921	6.267666785e-05
255922	0.0006316393643
255923	0.001147244885
255924	0.0002768480974
255925	0.000797816789
255926	0.0001062899502
255927	5.888471008e-05
255928	0.0003621798496
255929	0.0003636787182
255930	5.447766529e-05
255931	0.0002744509237
255932	9.50622712e-07
255933	0.000620500898
255934	0.0008515668646
255935	0.0009182912437
255936	3.651501845e-05
255937	0.0001085888285
255938	0.0008353076833
255939	0.0001389121411
255940	0.0003031965454
255941	0.000418613841
255942	0.0008146859502
255943	0.000430753188
255944	0.0009376597435
255945	9.915239347e-05
255946	0.0002841072408
255947	1.327266461e-07
255948	0.0003314871759
255949	0.0007118151912
255950	0.0006587120193
255951	0.000552387958
255952	0.0003010754278
255953	0.0007057623191
255954	0.0007337518847
255955	0.0006261468611
255956	0.0004575516203
255957	0.0001285729
255958	0.0006166310202
255959	0.0004841167408
255960	0.0003100818959
255961	0.0004808287698
255962	4.539114895e-05
255963	2.926221569e-05
255964	0.0005723118029
255965	0.0001905084187
255966	0.0003185838313
255967	0.0003525739004
255968	0.002378489363
255969	0.0002809004652
255970	0.0006958848084
255971	0.0001219829885
255972	0.0005774705086
255973	0.001288740216
255974	0.001048078769
255975	0.0002850595045
255976	0.0004209012574
255977	0.000399538337
255978	0.0006370803363
255979	0.0002610128206
255980	0.0004042145537
255981	0.0002089695726
255982	0.001129923777
255983	0.001015384976
255984	0.001118374796
255985	0.0009266875458
255986	0.000272310506
255987	0.0004644821342
255988	0.0005043956052
255989	0.002165010445
255990	0.001656574385
255991	0.0005619327041
255992	2.644055026e-06
255993	0.0002848138764
255994	0.00106661785
255995	0.0001419658437
255996	0.0002399613879
255997	0.000266729677
255998	7.270455375e-05
255999	0.0008663586544
256000	0.0005934748707
256001	0.0007022479455
256002	0.0002599695992
256003	0.0005461255086
256004	0.0006050527161
256005	0.001831213813
256006	0.0007940796188
256007	0.001193973505
256008	0.000377777357
256009	9.878243907e-05
256010	0.000556451939
256011	0.00102508451
256012	0.0002698118911
256013	0.001061381573
256014	0.0006412725871
256015	0.0004748750583
256016	0.0004474752426
256017	0.0008192649714
256018	0.0004624648058
256019	0.0001301582005
256020	0.0006184714351
256021	0.0001330580959
256022	0.0002504323884
256023	0.0005176456366
256024	8.953026579e-05
256025	0.0002506493939
256026	0.0002393199136
256027	0.0003261051257
256028	0.0001182565508
256029	0.0009578113342
256030	0.0006348951605
256031	0.0009939556281
256032	0.0006559459523
256033	0.0001106032265
256034	1.371225356e-05
256035	2.555668128e-05
256036	0.0003596307133
256037	0.0008487050376
256038	0.0002178787098
256039	0.0006629629141
256040	0.0005450086437
256041	0.000470748066
256042	0.0006420083303
256043	0.0008522144918
256044	6.099386386e-05
256045	9.470895933e-05
256046	0.0008266813749
256047	0.0003231412202
256048	0.0008888104541
256049	5.940747101e-05
256050	0.0007660965794
256051	0.0003219649915
256052	0.0004376599732
256053	0.0003780902767
256054	0.000265798675
256055	0.0002748026648
256056	0.0006485670381
256057	0.0001464274513
256058	0.0004701373728
256059	0.001375451874
256060	0.0009297384573
256061	0.0007082456811
256062	0.0008940872268
256063	0.0002060100902
256064	0.0006844115996
256065	1.806817099e-05
256066	0.0007195906112
256067	0.0003395720942
256068	0.0001550750281
256069	0.001020638995
256070	3.316508222e-06
256071	0.0007192391007
256072	0.0001589851957
256073	7.34731125e-05
256074	0.001952942141
256075	0.0005472857375
256076	0.0006928845061
256077	0.001403132967
256078	0.000270356338
256079	0.000658680795
256080	0.001103801219
256081	0.0003838576026
256082	0.0004284488107
256083	0.0007589529048
256084	6.933824651e-05
256085	0.0005292176395
256086	0.0007334114866
256087	0.000574858365
256088	0.000843706786
256089	0.001413597953
256090	0.0007745006436
256091	0.0004297861162
256092	0.0005652041598
256093	0.001126673573
256094	0.0008346592341
256095	0.0005045125851
256096	0.0005990229818
256097	0.0006593977985
256098	0.0004224466748
256099	0.000123097772
256100	0.0008305139167
256101	0.0005064280878
256102	0.0003443014539
256103	0.001391978953
256104	0.0001801894603
256105	0.0008200716029
256106	0.0002360494663
256107	0.000415175665
256108	0.002299149369
256109	0.0006829631828
256110	0.0003439171852
256111	1.381818797e-05
256112	0.0001629815781
256113	0.0007772498131
256114	0.0001975217525
256115	0.0004067811737
256116	0.0002120699208
256117	0.0004101438174
256118	0.001474861595
256119	0.0008502120328
256120	5.987349212e-05
256121	7.703643899e-05
256122	0.0007101926645
256123	9.378575615e-05
256124	0.0004719398959
256125	0.0002397994595
256126	0.001010739453
256127	0.0005925848843
256128	0.0009180215159
256129	0.0001477521484
256130	0.001024837584
256131	0.0001077490277
256132	0.001059627791
256133	0.000504055066
256134	0.0002573448071
256135	4.284358915e-05
256136	0.0008777215879
256137	0.000344026004
256138	0.0004204462977
256139	0.0002181751555
256140	0.0007183291636
256141	0.0003591458854
256142	1.098115061e-06
256143	0.001439916764
256144	0.001757640674
256145	0.0002143496323
256146	4.519909659e-05
256147	0.002116766705
256148	0.001100233453
256149	0.0001458235002
256150	0.002394321786
256151	0.003161696244
256152	0.0008498064143
256153	0.001530687721
256154	0.002019497149
256155	0.0002656819929
256156	0.0003191550544
256157	0.001648440241
256158	0.0005838873614
256159	0.001938028533
256160	9.981731939e-05
256161	2.639286231e-05
256162	0.002248687723
256163	0.001471229377
256164	0.0003343918641
256165	0.001489927649
256166	0.0005864584085
256167	0.0007195573159
256168	0.001731758161
256169	0.001573267085
256170	3.585353545e-05
256171	0.0001059533718
256172	0.001250356125
256173	0.002190965897
256174	0.0006336025918
256175	0.0003265209385
256176	0.000205853213
256177	0.001202367616
256178	0.0004085811049
256179	0.0004198788723
256180	0.0001959848277
256181	0.0005228803629
256182	0.001100016966
256183	0.000826743438
256184	0.0001866637495
256185	0.0002242260903
256186	0.0004153700594
256187	4.395099994e-06
256188	0.0003058694345
256189	0.0001052806923
256190	0.0001022630421
256191	0.0001088877879
256192	0.0001075827426
256193	0.0004088786279
256194	0.0004109113947
256195	5.51229681e-06
256196	0.0003078624133
256197	2.774649029e-06
256198	1.225681952e-06
256199	1.171220285e-06
256200	0.0003040677518
256201	8.359490266e-07
256202	0.0004165068706
256203	0.0003052384984
256204	1.679566396e-07
256205	0.0003122127942
256206	9.975661971e-05
256207	1.292633136e-06
256208	0.0003085245602
256209	1.354727469e-06
256210	0.0001115433845
256211	0.0003116628036
256212	0.0001149014711
256213	3.0434782e-07
256214	0.0003062784605
256215	0.0003039497019
256216	0.0003056876916
256217	0.0003052451222
256218	8.047194931e-07
256219	7.928268929e-06
256220	0.0003025698683
256221	0.0001025747394
256222	3.002174464e-06
256223	0.0003055764319
256224	3.495107271e-06
256225	2.646516602e-06
256226	0.000305840677
256227	0.0002992365976
256228	0.0003057990799
256229	7.136770168e-06
256230	0.0004103615204
256231	1.76549008e-06
256232	2.331741514e-06
256233	3.895415432e-07
256234	9.733855475e-05
256235	8.94561388e-07
256236	0.0003143118936
256237	0.0003024790953
256238	3.182382425e-07
256239	0.00030511781
256240	0.0002987343805
256241	0.0001117767287
256242	0.0004203717195
256243	0.0003018018712
256244	0.0003029064922
256245	9.273214472e-07
256246	0.000302745662
256247	1.21819279e-06
256248	6.604899826e-06
256249	0.0001085355966
256250	0.0004096394272
256251	0.0001095305479
256252	1.575592692e-06
256253	0.0003048270784
256254	0.000304962219
256255	0.0004092290117
256256	0.0003013168802
256257	0.0003001224665
256258	1.837938061e-06
256259	4.318823464e-06
256260	0.0003050777081
256261	0.0004132286345
256262	0.0003037057782
256263	0.0004184036754
256264	0.0004109883543
256265	0.0003085065778
256266	0.0003022758629
256267	0.000305611511
256268	0.0001123818928
256269	0.0001119214006
256270	0.0003034106209
256271	7.38448226e-06
256272	0.001165215092
256273	0.0007033675155
256274	0.00172991346
256275	0.0008488930573
256276	0.003395658789
256277	0.004382572122
256278	0.001111574122
256279	0.00110271933
256280	0.002190224505
256281	0.001988789599
256282	0.00182981149
256283	0.002165282893
256284	0.002473715117
256285	0.0002202575957
256286	0.001701000906
256287	0.00109406631
256288	0.00204058176
256289	0.002246066095
256290	0.003173410162
256291	0.000642870372
256292	0.003149630111
256293	0.0009435776917
256294	0.0005306315313
256295	0.00070724633
256296	0.000696490695
256297	0.00157987254
256298	0.003126191826
256299	0.004762771221
256300	0.002517072838
256301	0.001627216511
256302	0.0001358711801
256303	0.0008472430747
256304	0.001860300139
256305	0.00227138515
256306	0.000803738157
256307	0.000427563003
256308	0.0005603526617
256309	0.0006707069415
256310	0.0006310381662
256311	0.004983567864
256312	0.000404494097
256313	0.002024737361
256314	0.0003373807654
256315	0.0008381491655
256316	0.0002786777685
256317	0.0003391565389
256318	0.0005851345855
256319	0.001632119394
256320	7.151626066e-05
256321	0.006565741541
256322	0.001226038015
256323	0.0001304939628
256324	0.0005065396438
256325	0.0005137185471
256326	0.0007661178001
256327	0.001250812767
256328	0.00217602246
256329	0.002999271325
256330	0.001346720476
256331	0.0005183951862
256332	0.001231953694
256333	0.003728426831
256334	0.004029732699
256335	0.002886564991
256336	0.009031154409
256337	0.004795609307
256338	0.003234615211
256339	0.005775076509
256340	0.0004877284029
256341	0.0008067990935
256342	0.0004809738119
256343	0.0005817904631
256344	0.0002902854737
256345	0.0005316599909
256346	0.0001364554985
256347	0.001177226445
256348	0.0006254710568
256349	0.000622275282
256350	0.00321050362
256351	0.00396910708
256352	0.001200844057
256353	0.000834490201
256354	0.0001770839978
256355	0.002441248758
256356	0.005335563449
256357	0.002324931624
256358	0.003442331038
256359	2.026230475e-07
256360	0.003659409401
256361	0.001185987612
256362	0.003847411146
256363	0.001074253538
256364	0.0008344516027
256365	8.31880007e-08
256366	0.0001370109384
256367	6.13506001e-07
256368	0.0001433307683
256369	0.0004784151102
256370	0.001117716827
256371	4.873643427e-05
256372	3.376629775e-08
256373	0.0004546429383
256374	0.0001685867291
256375	7.462426184e-05
256376	0.0006049064221
256377	0.0006917193203
256378	0.0001123528951
256379	0.0006932630352
256380	0.0005118526866
256381	0.000748998291
256382	0.0008480061316
256383	0.001496198727
256384	0.000453440004
256385	0.000564603647
256386	1.146681367e-06
256387	0.000192765177
256388	0.0008181594859
256389	0.0006019356992
256390	0.0002927325747
256391	0.0002996780397
256392	0.0004448985872
256393	0.0006937801835
256394	0.0004750334255
256395	0.0006878892193
256396	0.0005629955111
256397	0.000565061578
256398	0.000313417911
256399	0.0007093048269
256400	0.0004679114461
256401	0.0004553274862
256402	0.002197592888
256403	0.001278575188
256404	0.006222235687
256405	0.001209587274
256406	0.003654053878
256407	0.0004398977086
256408	0.001544504147
256409	0.006434323956
256410	0.00104728002
256411	0.002055371079
256412	0.0004209883719
256413	0.0006087515311
256414	0.0002479617283
256415	0.0004927347616
256416	0.001377745318
256417	0.004018860959
256418	0.004667266516
256419	0.0003398173678
256420	0.001256836983
256421	0.0003554618918
256422	0.003432231275
256423	0.00448303793
256424	0.0004045018678
256425	0.001075852812
256426	0.00231694247
256427	0.0001131303216
256428	0.0001205688286
256429	0.0004352707111
256430	0.001361665575
256431	0.001346448149
256432	0.0004573720439
256433	0.002466546912
256434	0.002020005837
256435	0.003693566053
256436	0.002947441696
256437	0.000573134284
256438	0.003376860111
256439	0.00557526482
256440	0.001186390396
256441	0.002617471373
256442	0.001880240231
256443	0.000214467985
256444	0.001902198238
256445	0.002997038995
256446	0.004505019323
256447	0.0003564618306
256448	0.005061819699
256449	0.00264521418
256450	0.002979849959
256451	0.00103323929
256452	0.001373920369
256453	0.001304189826
256454	0.002812886969
256455	0.002152605075
256456	0.001578342631
256457	0.003179961238
256458	0.002576445334
256459	0.0002735506799
256460	0.00352568827
256461	0.00251161718
256462	0.002258433979
256463	0.0003225761128
256464	0.002408219054
256465	0.0004229305614
256466	0.002113374393
256467	0.0009020268968
256468	0.002830410535
256469	0.002051039251
256470	0.006432822725
256471	0.004092887633
256472	0.003738190407
256473	0.001139587552
256474	0.001538127939
256475	0.002756315623
256476	0.004135931054
256477	0.002068892481
256478	0.002076208275
256479	0.00114227649
256480	0.002224586663
256481	0.002306396188
256482	0.002029724618
256483	0.002902180976
256484	0.00346665925
256485	0.001564293787
256486	0.0001143195629
256487	0.0001553202382
256488	0.0004287900471
256489	0.0002517853285
256490	0.004111310499
256491	0.002829531152
256492	0.001471685219
256493	0.002976496369
256494	0.00241337859
256495	0.003585098147
256496	0.001102254778
256497	0.003939275519
256498	0.002799415095
256499	0.004534432052
256500	0.003430022641
256501	0.00213994853
256502	0.0001598765599
256503	0.0004603654477
256504	8.512482261e-05
256505	0.001648947733
256506	0.0007670795948
256507	0.0008749757666
256508	5.419783533e-05
256509	0.000736839988
256510	0.0007715845284
256511	0.000124523436
256512	0.001327682939
256513	0.003611334766
256514	0.001799694109
256515	0.003055599374
256516	0.00164258432
256517	0.0030337855
256518	8.037719327e-05
256519	0.002132015126
256520	0.0005529838691
256521	0.001145927847
256522	0.0009449716985
256523	4.510559356e-05
256524	0.0002846073745
256525	0.004936978191
256526	0.0003198812907
256527	0.0002982301982
256528	0.0005074757851
256529	0.003662580836
256530	0.0007457780894
256531	0.0008195956003
256532	6.549160596e-05
256533	0.000617567137
256534	0.0002228887371
256535	0.00157822004
256536	0.0005616283586
256537	0.0001213708874
256538	0.003052641869
256539	0.003745933345
256540	0.00163384908
256541	0.0003288009258
256542	0.000150917694
256543	0.001424677764
256544	0.0002151612613
256545	0.002595898284
256546	0.00322425089
256547	0.001879453773
256548	0.00153291011
256549	0.0001175211978
256550	9.463674727e-05
256551	0.0008567625783
256552	0.001520311337
256553	0.0005635349097
256554	0.002813849345
256555	0.0006443624533
256556	0.0001568124976
256557	0.000211009792
256558	6.211801331e-05
256559	0.001148170007
256560	0.001502909421
256561	0.0001704182462
256562	0.0006142562208
256563	0.00120596891
256564	0.002553437474
256565	0.001469645868
256566	0.00356012359
256567	0.0005593012932
256568	0.001636977525
256569	0.001022558258
256570	0.003622589881
256571	0.001148873524
256572	0.002123210224
256573	0.000927539208
256574	0.002416632173
256575	0.001315674326
256576	0.002147303718
256577	0.0002369773421
256578	0.001630397734
256579	0.0002158494934
256580	0.001220447492
256581	0.0005347587963
256582	0.001262651342
256583	0.0006253701713
256584	0.001012168989
256585	0.001014031053
256586	0.0003641194123
256587	0.004982149995
256588	0.001399244475
256589	0.002664102988
256590	0.003703218993
256591	0.002562904798
256592	0.0004249684609
256593	0.002605638171
256594	0.003367959494
256595	0.005322792782
256596	0.003927043385
256597	0.007196560154
256598	0.002703139976
256599	0.007768160387
256600	0.0009250548362
256601	0.0007297767025
256602	0.00755497965
256603	0.0007335700349
256604	0.003855523963
256605	0.005870523559
256606	0.000982081226
256607	0.0003341758866
256608	0.0006000793997
256609	0.0003387053458
256610	0.0007242018396
256611	0.0004248862572
256612	0.0002809043328
256613	0.0002782125933
256614	0.00414067622
256615	0.0006713860424
256616	0.0006492310594
256617	0.001063977355
256618	0.0005015095573
256619	0.0002312316754
256620	0.00146533302
256621	0.0009103010231
256622	1.516550212e-05
256623	0.0001738374692
256624	0.0009166520942
256625	0.0006136202504
256626	0.0008128192309
256627	8.670534766e-05
256628	0.002026063596
256629	5.903764798e-05
256630	0.001203851842
256631	7.335845506e-05
256632	4.905382825e-05
256633	0.0006560280655
256634	0.0004081614579
256635	0.001215823311
256636	0.0009382451923
256637	0.0004206134709
256638	0.001302230105
256639	0.0002859419232
256640	0.0006138487881
256641	0.0008382008304
256642	0.0004951284119
256643	0.0004181906223
256644	0.0007268958248
256645	0.001294260363
256646	0.000159635586
256647	0.00343262442
256648	0.0007420248848
256649	0.0009709665243
256650	0.001869728777
256651	0.0002876795481
256652	0.001455628452
256653	0.0006784964728
256654	0.0001500387054
256655	0.001590169699
256656	0.000124620605
256657	2.162041085e-05
256658	0.0004254657894
256659	0.002001460774
256660	0.0007222045337
256661	2.324374585e-05
256662	0.001174356313
256663	0.001355057013
256664	0.000633363574
256665	0.0002089284208
256666	0.001213163568
256667	0.002602327814
256668	0.000298759663
256669	0.002121443709
256670	0.0003453640075
256671	9.976000253e-08
256672	3.513999697e-06
256673	0.002320542067
256674	0.00105535454
256675	9.78867324e-05
256676	0.002367089307
256677	0.001550818864
256678	0.001545236112
256679	0.0003612910598
256680	0.001605418194
256681	0.00347661632
256682	0.003795188898
256683	0.006183604008
256684	0.001233443426
256685	0.001921754938
256686	0.001277131853
256687	0.00111735306
256688	3.736150194e-05
256689	0.002964269234
256690	0.0001835862383
256691	0.0005132817322
256692	0.001204269188
256693	7.475615801e-06
256694	0.0005315810798
256695	0.002106501367
256696	0.002177216891
256697	0.003003946125
256698	0.005115228259
256699	0.005133608614
256700	0.002142202814
256701	0.007038448821
256702	0.0008450795372
256703	0.0003028084122
256704	0.0003369058137
256705	0.001824062762
256706	0.002547396247
256707	0.001084326251
256708	0.001546964146
256709	0.002817402372
256710	0.003053531611
256711	0.0008204570521
256712	0.0003345528279
256713	0.0007571091698
256714	0.004628834532
256715	0.003284994273
256716	0.001373927068
256717	0.003552907798
256718	0.001436905149
256719	0.000243550679
256720	0.00038606349
256721	0.003121337539
256722	0.00101005233
256723	0.0004412606907
256724	0.002904208402
256725	0.003790104759
256726	0.0001027361593
256727	0.001147052594
256728	0.0005282966406
256729	0.0006266866352
256730	0.0003480187985
256731	0.0002398312889
256732	0.0001248964254
256733	0.003261015146
256734	0.0001425275009
256735	0.001146786836
256736	0.0001348002996
256737	0.0003329937941
256738	0.0005494693752
256739	0.001170887606
256740	0.001866744064
256741	0.005208112933
256742	0.001086652206
256743	0.0008185997934
256744	0.001108082286
256745	0.002278012642
256746	0.0006884046756
256747	0.0001066637542
256748	0.0002552644835
256749	0.002053752405
256750	0.0001460536931
256751	0.005602133319
256752	0.001381157829
256753	3.991737458e-05
256754	0.0001209562694
256755	0.0003511201336
256756	0.001204350694
256757	0.0004821754805
256758	6.572158006e-05
256759	0.000210566555
256760	0.0005047357919
256761	0.0008179169883
256762	0.0001167539286
256763	4.993048764e-05
256764	0.0006810052589
256765	0.0007065858253
256766	0.0004436707577
256767	0.0006215119023
256768	0.0001257302428
256769	5.827108477e-05
256770	0.0004388116613
256771	5.020691263e-05
256772	3.514958253e-05
256773	0.0001115084865
256774	3.023362793e-05
256775	0.0003648501782
256776	0.0005026248552
256777	0.004710111608
256778	0.001160624406
256779	0.0001524836604
256780	0.001675035606
256781	0.007189550535
256782	0.005967121997
256783	0.0009105671553
256784	0.002942704041
256785	0.001367786242
256786	0.002688504503
256787	0.002044576745
256788	0.0005243264735
256789	0.001788452361
256790	0.0003303697966
256791	7.019273225e-06
256792	0.0001158531975
256793	0.001919294839
256794	0.0001410438926
256795	0.001441648936
256796	0.002312794889
256797	0.001751276714
256798	0.0004521582544
256799	0.001716142605
256800	0.001461427297
256801	0.001742815264
256802	0.001137629159
256803	0.0005797646344
256804	0.003481061916
256805	0.0004575119701
256806	0.005036030801
256807	0.00271004959
256808	0.0008142640085
256809	0.004259623598
256810	0.001945699537
256811	0.005364847575
256812	0.001406444351
256813	2.195301955e-06
256814	0.0007109819493
256815	0.0009799931652
256816	0.0001575571939
256817	0.001660543837
256818	0.003038375735
256819	0.003086435833
256820	0.0002461763257
256821	0.0006114129103
256822	0.0004449100196
256823	0.001908193257
256824	0.001784258996
256825	0.001260294198
256826	0.001880853045
256827	0.002605896064
256828	0.0004243273455
256829	0.0009839328638
256830	0.00306765351
256831	0.00299170624
256832	0.0009687661413
256833	0.002355706021
256834	0.003852754113
256835	0.001387807259
256836	0.002302516352
256837	0.002894407489
256838	0.001659626989
256839	0.001067957604
256840	0.000694576016
256841	0.001322170029
256842	0
256843	0.001844280649
256844	0.001012874401
256845	0.001367857961
256846	0.001124128532
256847	0.001960485714
256848	0.00104260957
256849	0.002050333112
256850	0.00124741074
256851	6.304968706e-05
256852	7.22686441e-05
256853	0.0001062798115
256854	0.0002425102632
256855	0.0004405336802
256856	0.0002827375199
256857	0.000289758142
256858	0.0002481858808
256859	0.0001701126337
256860	0.0001675630786
256861	0.001272008766
256862	0.0003658586997
256863	0.0003892854235
256864	0.0002765484404
256865	0.001090069274
256866	0.0001070441669
256867	2.80689934e-09
256868	2.679126965e-07
256869	2.966541764e-07
256870	1.077537471e-07
256871	4.832837452e-07
256872	6.182975529e-08
256873	1.851773887e-08
256874	1.234015915e-05
256875	0.006573779044
256876	0.001366343051
256877	0.002415343533
256878	0.001432340898
256879	0.002209660671
256880	0.001700066377
256881	0.002125163933
256882	0.001987216985
256883	0.001466573426
256884	0.001870362234
256885	0.001404339747
256886	0.001641950132
256887	0.000392979871
256888	0.002091059193
256889	0.002083274324
256890	0.001424069348
256891	0.001229257298
256892	0.002195820207
256893	0.002962889273
256894	5.750951248e-06
256895	0.001790985263
256896	0.002064115559
256897	0.001343587976
256898	0.002143492814
256899	0.002008263238
256900	0.001417986511
256901	0.00194915942
256902	0.001811017585
256903	0.001748933222
256904	0.001648978459
256905	0.001326548141
256906	0.001547328404
256907	0.00123452835
256908	0.001312451183
256909	0.0004081077302
256910	0.001054110557
256911	0.001376490099
256912	0.0002154380758
256913	0.001259745991
256914	0.001308839307
256915	0.0004290405713
256916	0.003011344489
256917	0.00168869622
256918	0.001600873377
256919	0.0009361158925
256920	0.001813303527
256921	0.0006096336142
256922	0.002172418081
256923	0.001449493303
256924	0.002109813826
256925	0.001544342728
256926	0.0008105909178
256927	0.0002039684566
256928	0.0008565080318
256929	0.0009336425915
256930	0.001639934996
256931	0.0008327029722
256932	0.00107317037
256933	0.001927504591
256934	0.001835593872
256935	0.004160655459
256936	0.001189220543
256937	0.003076787461
256938	0.0006355133042
256939	0.002763231955
256940	0.002453655769
256941	0.0002530772964
256942	0.00077858426
256943	0.00199552813
256944	0.00170729568
256945	0.002586133051
256946	0.001950300553
256947	0.0006442959061
256948	0.001919252734
256949	0.001901380453
256950	0.001724176471
256951	0.001043820244
256952	0.001825020656
256953	0.001620210211
256954	7.565630556e-05
256955	0.001573416063
256956	0.001826131548
256957	0.001560008389
256958	0.001925676812
256959	0.001529746644
256960	0.001101492888
256961	0.002278776145
256962	0.002919623518
256963	0.002049470989
256964	0.001269017685
256965	0.002324743005
256966	0.002197026968
256967	0.001837094799
256968	0.001855868803
256969	0.001633705555
256970	0.002810224641
256971	0.001569478759
256972	0.001536925255
256973	0.001541255048
256974	0.00147426601
256975	0.002309711476
256976	0.002050866469
256977	0.001621272973
256978	0.00165383508
256979	0.001832552496
256980	0.001654152932
256981	0.001694250311
256982	0.001526727432
256983	0.001422666937
256984	0.002088952721
256985	0.00168570942
256986	0.0002493304044
256987	0.001811983243
256988	0.001453255789
256989	0.001897222199
256990	0.002242488664
256991	0.002001924179
256992	0.002035852762
256993	0.001361980161
256994	0.001854876524
256995	0.00193268792
256996	0.001330569448
256997	0.002139044024
256998	0.0001949686431
256999	0.001861625033
257000	0.001374249685
257001	0.001669604485
257002	0.001940488665
257003	0.001236996524
257004	0.000788151388
257005	0.003512838385
257006	0.001033906297
257007	0.003412350072
257008	0.001757432431
257009	0.0006368400941
257010	0.001248690714
257011	0.001861745284
257012	0.001646646101
257013	0.002447515625
257014	0.00142600306
257015	0.001835280173
257016	0.001729551306
257017	0.002573233446
257018	0.001782169818
257019	0.002153789216
257020	0.002116578442
257021	0.002110442129
257022	0.001481049644
257023	0.002099533285
257024	0.001286174562
257025	0.001533597705
257026	0.001575956037
257027	0.001627315361
257028	0.002028173981
257029	0.001601679863
257030	0.000897306394
257031	0.001079650698
257032	0.0009071787452
257033	0.000979832175
257034	0.002335968875
257035	0.002468699217
257036	0.00206092403
257037	0.001639287518
257038	0.002056779627
257039	0.002560214689
257040	0.001836771274
257041	0.001694787752
257042	0.002290989838
257043	0.002308990276
257044	0.001910456589
257045	0.001637882833
257046	0.0007758507896
257047	0.001173090863
257048	0.001696318547
257049	0.0008833183614
257050	0.001802047439
257051	0.001507237782
257052	9.532189144e-05
257053	0.001430715121
257054	0.001442917462
257055	0.0009656503665
257056	0.0002960127527
257057	0.001395937904
257058	0.00101809828
257059	0.001169084741
257060	0.0008283746015
257061	0.001515447198
257062	0.001300699889
257063	0.0006001795851
257064	0.001342044287
257065	0.002431936176
257066	0.001745510975
257067	0.001180351352
257068	0.00178638447
257069	0.003723075689
257070	0.001923766214
257071	0.0013402143
257072	0.0004586160773
257073	0.0006402847066
257074	0.001829280145
257075	0.001379233518
257076	0.001829366197
257077	0.0007315217321
257078	0.002275504139
257079	0.00289490482
257080	0.001958148468
257081	0.002630300893
257082	0.002293418718
257083	0.002598226979
257084	0.003209629558
257085	0.002672432057
257086	0.00209835136
257087	0.002105186373
257088	0.002305912394
257089	0.002495642281
257090	0.002688678561
257091	0.002657193253
257092	0.002523669494
257093	0.002779514423
257094	0.002008259074
257095	0.002503328449
257096	0.002720789418
257097	0.00294845396
257098	0.002296099569
257099	0.002456550105
257100	0.002654553137
257101	0.0033514826
257102	0.002236715764
257103	0.002359331631
257104	0.002098616877
257105	0.002777936308
257106	0.002558987544
257107	0.002293681051
257108	0.003014999287
257109	0.003002155021
257110	0.002534279084
257111	0.002742953209
257112	0.002798098323
257113	0.001771188651
257114	0.002911972761
257115	0.002826480982
257116	0.003119917559
257117	0.002765750426
257118	0.002815303128
257119	0.002184780514
257120	0.003335173128
257121	0.002397375844
257122	0.00223020594
257123	0.002489069777
257124	0.002298195355
257125	0.002402819978
257126	0.001631695434
257127	0.002613527788
257128	0.002544876815
257129	0.00244661663
257130	0.00266035991
257131	0.002607363709
257132	0.002215767877
257133	0.001823061518
257134	0.002368915742
257135	0.002540063238
257136	0.002654338832
257137	0.002123390597
257138	0.001765333147
257139	0.001934273157
257140	0.003119499841
257141	0.002301016664
257142	0.002651396416
257143	0.00206697238
257144	0.003023021178
257145	0.002908676559
257146	0.002467886296
257147	0.0001666991996
257148	0.0003163877889
257149	0.000273991452
257150	0.0002507709865
257151	0.0002767552791
257152	0.0002417587491
257153	0.0003001919584
257154	0.0004513074766
257155	0.0002991592998
257156	0.0002667641534
257157	0.000236317498
257158	0.000476366859
257159	0.0002751129697
257160	0.0002998206201
257161	0.000215098703
257162	0.0002754554057
257163	0.0002998999838
257164	0.0002990315616
257165	0.0003035402503
257166	0.0002395344382
257167	0.0002398134473
257168	0.0003986903004
257169	0.0004061818752
257170	0.0003483662508
257171	0.0001970717939
257172	0.0002998473783
257173	0.0002667739921
257174	0.0003106184251
257175	0.0001136772075
257176	0.0002574223459
257177	0.0007171960625
257178	0.0004140297463
257179	0.0003294644037
257180	0.0003718218932
257181	0.0003111909682
257182	0.00059890643
257183	0.0003597243275
257184	0.0003429392395
257185	0.000301610201
257186	0.0002579419028
257187	0.0002331856967
257188	0.0002265280268
257189	0.0002499545452
257190	0.0002297059147
257191	0.0002343473142
257192	0.0002238835267
257193	0.0003201127192
257194	0.0003569241108
257195	0.0003354005758
257196	0.0003681484556
257197	0.0001894547218
257198	0.0003186979452
257199	0.0003189866455
257200	0.0003341953194
257201	0.0001948073144
257202	0.000315797995
257203	0.0002528357598
257204	0.0001985938886
257205	0.0002210385084
257206	0.0002024320431
257207	0.0002032648276
257208	0.0002941375108
257209	0.0002777580868
257210	0.002819528542
257211	0.00184476903
257212	0.001571544109
257213	0.001747767672
257214	0.001730521988
257215	0.001735992816
257216	0.001385868205
257217	0.00163374261
257218	0.001556106278
257219	0.001916873499
257220	0.001401244337
257221	0.00188114686
257222	0.00192281509
257223	0.001989473591
257224	0.001883205561
257225	0.002003534471
257226	0.001604554853
257227	0.001814661163
257228	0.00131534942
257229	0.002311592222
257230	0.001301492279
257231	0.001510825445
257232	0.001948552289
257233	0.001890046292
257234	0.002058669036
257235	0.001851239651
257236	0.002205033964
257237	0.002000208596
257238	0.001019621543
257239	0.002098586183
257240	0.0006662259429
257241	0.002073030588
257242	0.002613439917
257243	0.001688299184
257244	0.002324190515
257245	0.001449849378
257246	0.002075187213
257247	0.001822657345
257248	0.002171792584
257249	0.001815460632
257250	0.002104056345
257251	0.001352463196
257252	0.001278717474
257253	0.001766692151
257254	0.001961238842
257255	0.001605756542
257256	0.002608680585
257257	0.001836734237
257258	0.001648255448
257259	0.002495851252
257260	0.001523928011
257261	0.0008958171454
257262	0.001324594024
257263	0.001674636183
257264	0.002004126047
257265	0.001351425426
257266	0.001883215511
257267	0.001616106186
257268	0.001253024118
257269	0.0009776458023
257270	0.0005805897557
257271	0.001306060225
257272	0.004796433768
257273	3.98765723e-05
257274	0.000274153644
257275	0.002585165904
257276	0.0005256371659
257277	0.002038396929
257278	0.0004200242851
257279	0.0001299948573
257280	0.0005547650135
257281	0.003212347091
257282	3.209546044e-05
257283	0.0008754606982
257284	0.001863435337
257285	0.0002768683178
257286	0.001291614213
257287	0.003307294833
257288	0.0003741836345
257289	0.0003973693225
257290	0.000355429378
257291	0.000691093092
257292	0.003933118162
257293	0.0007737735046
257294	0.003703999788
257295	0.0001030767988
257296	0.002203596089
257297	0.0003096158485
257298	0.004710614226
257299	0.006106509521
257300	0.00125609362
257301	0.002831923168
257302	0.001903069049
257303	0.004022417699
257304	0.001123869129
257305	0.003423731829
257306	0.001074274416
257307	1.27840711e-05
257308	0.001863436201
257309	0.001029619563
257310	0.000267067409
257311	0.0004893645237
257312	3.813053854e-06
257313	0.0001563512269
257314	0.002721432
257315	0.001406647267
257316	1.035456916e-07
257317	1.845316347e-07
257318	3.838799666e-07
257319	4.843607718e-07
257320	8.725996671e-05
257321	4.912073878e-08
257322	9.020919797e-05
257323	0.000109184598
257324	0.00352613234
257325	0.000370213261
257326	0.0001512564217
257327	0.00126409907
257328	0.001181063419
257329	1.893195176e-08
257330	0.001472226968
257331	0.0006476718036
257332	0.00127314726
257333	0.0006673021556
257334	0.002156369053
257335	0.001791544512
257336	0.0003300349266
257337	0.002397337037
257338	3.903550216e-05
257339	0.001551475498
257340	0.001359424678
257341	0.0001216992709
257342	0.002147629215
257343	0.0004242404075
257344	0.001203249842
257345	0.004502908394
257346	0.0006425272866
257347	0.001421864482
257348	0.002557971348
257349	0.0005960332167
257350	0.0007563483159
257351	0.0005423137341
257352	0.004284544253
257353	0.0007953272844
257354	0.001817155305
257355	0.001715065941
257356	0.002746356645
257357	0.005695194677
257358	0.0003095163095
257359	0.0006404866622
257360	0.000433729846
257361	0.003919457125
257362	0.0001046232895
257363	0.001291074487
257364	0.001239822485
257365	0.0009454210494
257366	0.0003219313334
257367	0.001490842981
257368	0.0003466563261
257369	5.334183583e-07
257370	3.965069755e-07
257371	1.640387954e-07
257372	1.604000173e-07
257373	4.551177138e-08
257374	6.812843597e-07
257375	6.970113243e-08
257376	2.52266901e-07
257377	1.121479021e-06
257378	3.5251558e-07
257379	4.577669769e-05
257380	0.002195546012
257381	0.0009402080338
257382	0.0001174544396
257383	0.0002958449226
257384	0.0008227446806
257385	8.524498274e-05
257386	0.0003953571421
257387	0.001060637864
257388	0.000789928088
257389	0.0003441315185
257390	0.001044514179
257391	0.0003021950601
257392	0.0004587809472
257393	0.0004684917236
257394	0.0001770249392
257395	0.0001595090922
257396	0.003070266348
257397	0.002381878458
257398	8.894058827e-05
257399	0.004081590563
257400	0.001499038031
257401	0.002210123917
257402	0.004135526239
257403	0.0006950806778
257404	0.000988428842
257405	0.00314386927
257406	0.001131850178
257407	0.0009464386008
257408	0.001962523779
257409	3.750200864e-05
257410	0.0002715110774
257411	0.001368427674
257412	0.000866386325
257413	0.0001776204708
257414	0.0015155355
257415	0.001264086205
257416	0.001129142307
257417	0.0003412216283
257418	0.0001414485847
257419	0.0007714947825
257420	0.001215349267
257421	0.001096925357
257422	0.001072968851
257423	0.0004236806144
257424	0.001067576341
257425	0.001181223331
257426	0.0003038495731
257427	0.0007236916327
257428	0.001069038638
257429	0.0009068752325
257430	0.0009943463394
257431	0.001076323308
257432	0.0007933207837
257433	0.0007904876978
257434	0.0003242952679
257435	0.001008028437
257436	0.0007157575244
257437	0.0009237380459
257438	0.000718361769
257439	0.001082179907
257440	0.001191842244
257441	0.000628528889
257442	0.001557265627
257443	0.0003709919431
257444	0.0007228358616
257445	0.0005589623309
257446	0.001073449559
257447	0.0006911373918
257448	0.0009746022189
257449	8.130398483e-05
257450	0.0009545276663
257451	0.000723758918
257452	0.0004926047584
257453	0.001368438019
257454	0.0008166961289
257455	0.001192686597
257456	0.000235850268
257457	0.0008284883758
257458	0.0005895691465
257459	0.001459608765
257460	0.0007937685649
257461	0.0005214777765
257462	0.001188418929
257463	0.001324736952
257464	0.0002695368363
257465	0.001713143376
257466	0.0009646366739
257467	0.0009632587716
257468	0.0009595163502
257469	0.0008303360502
257470	0.0004979346467
257471	0.0007010817065
257472	0.0005853311085
257473	0.001217671053
257474	0.00101805945
257475	0.0006444161282
257476	0.00115885543
257477	0.0007349454848
257478	0.000455173588
257479	0.001063422286
257480	0.0005462798738
257481	0.000800760268
257482	0.001017903331
257483	0.001004058019
257484	0.0006318096479
257485	0.0003898209298
257486	0.000860353608
257487	0.001964499792
257488	0.001288421694
257489	0.001044238449
257490	0.001474126352
257491	0.0006932833502
257492	0.001106463805
257493	0.0008589913092
257494	0.001085899777
257495	0.001135845035
257496	0.0008192228338
257497	0.001173992699
257498	0.001114623491
257499	0.001031517886
257500	0.001155709017
257501	0.001559005766
257502	0.0005220458014
257503	0.001499233188
257504	0.0005418847242
257505	0.001143068105
257506	0.001088080271
257507	0.001119983355
257508	0.0004374161535
257509	0.0005605773697
257510	0.0005820227772
257511	0.00139573795
257512	0.0009278984222
257513	0.001140697104
257514	0.000941435361
257515	0.0004215590352
257516	0.001034202842
257517	0.0008081501962
257518	0.001053391365
257519	0.0007571670651
257520	0.0007900272094
257521	0.001172086215
257522	0.001010130369
257523	0.0009104974324
257524	0.001254328163
257525	0.0008458816595
257526	0.001070276917
257527	0.0002733402229
257528	0.001167028563
257529	0.0006907526614
257530	0.001331653493
257531	0.001218958705
257532	0.0008615142828
257533	0.0007597051683
257534	0.000995195855
257535	0.0002386940738
257536	0.00165923656
257537	0.0009689236226
257538	0.001178129631
257539	0.0004295763356
257540	0.0007869611874
257541	0.0009314364809
257542	0.000512744563
257543	0.001263638436
257544	0.0004828530616
257545	0.0004028875941
257546	0.0009244291476
257547	0.0008416890903
257548	0.001313425871
257549	0.001946697487
257550	0.001065943736
257551	0.001013051167
257552	0.0005742940218
257553	0.001026360414
257554	0.001756810325
257555	0.001172092496
257556	0.001441272592
257557	0.001592013862
257558	0.001004903396
257559	0.001269301361
257560	0.0009751342311
257561	0.0004466186409
257562	0.0008524635528
257563	0.001033121684
257564	0.001252316873
257565	0.0008739922682
257566	0.001017099633
257567	0.001206061838
257568	0.001137627205
257569	0.0007938018068
257570	0.0009215359622
257571	0.001206681668
257572	0.0009438539392
257573	0.000809461472
257574	0.00126691037
257575	0.001173662734
257576	0.0008223436985
257577	0.0001484129641
257578	0.0006928335429
257579	0.0008650814817
257580	0.001168320957
257581	0.0009035101478
257582	0.000963721174
257583	0.001279818157
257584	0.0006392523499
257585	0.0008277774445
257586	0.001091125032
257587	0.001073828724
257588	0.0002974755313
257589	0.0006699896974
257590	0.001605591929
257591	0.0007722292877
257592	0.0009084696804
257593	6.597934292e-05
257594	0.0007506441041
257595	0.001041077996
257596	0.001058491287
257597	0.0002120314968
257598	0.0003569352804
257599	0.0007973869628
257600	0.0007762042833
257601	0.0008293303663
257602	0.001264447623
257603	0.0008584231867
257604	0.0007926181688
257605	0.000924140351
257606	0.0006296084038
257607	0.0005557765949
257608	0.001321517427
257609	0.00081717148
257610	0.0007709818998
257611	0.0007588336828
257612	0.001246126868
257613	0.001076405207
257614	0.0007544643988
257615	0.0001951613443
257616	0.0005041979517
257617	0.0007205047679
257618	0.001191622274
257619	0.002103737406
257620	0.001579109194
257621	0.001095088974
257622	0.001340017059
257623	0.000438027104
257624	0.001185156376
257625	0.0005585994091
257626	0.0008939673992
257627	0.000660109922
257628	0.0009839252157
257629	0.0007572270209
257630	0.001503887096
257631	0.0009765890669
257632	0.0009876690726
257633	0.0005096891068
257634	0.001023009075
257635	0.001259223862
257636	0.0007610615577
257637	0.0004451790583
257638	0.0008667362428
257639	0.0009155264887
257640	0.0007885769971
257641	0.0007355077996
257642	0.0009928972537
257643	0.0009950282482
257644	0.0006085480535
257645	0.0004439319991
257646	0.000684260179
257647	0.0004024948534
257648	0.0005543633888
257649	0.0003173580258
257650	0.000928429323
257651	0.0009053254909
257652	0.001207806741
257653	0.0004936721805
257654	0.0007131456693
257655	0.001128608811
257656	0.0007530411211
257657	0.001038751914
257658	0.000941018733
257659	0.0009348065133
257660	0.001253916631
257661	8.012589832e-05
257662	0.0005873296439
257663	0.000939205055
257664	0.0001664052648
257665	0.0007502675939
257666	0.001596387
257667	0.001227610029
257668	0.000993226564
257669	0.0002598420444
257670	0.001027833245
257671	0.000944484856
257672	0.0008617163395
257673	0.00174921428
257674	0.001149622964
257675	0.0007818409695
257676	0.0009385878615
257677	0.0007291976795
257678	0.0009596660853
257679	0.0007481879412
257680	0.001047482102
257681	0.001291210193
257682	0.0004485700159
257683	0.0007877107725
257684	0.0005315708284
257685	0.001031911206
257686	0.001158236894
257687	0.0004789821692
257688	0.001036074032
257689	0.000704042334
257690	0.0008395600067
257691	0.0008371052974
257692	0.0009804869016
257693	0.0005417525332
257694	0.0007052649855
257695	0.001153176828
257696	0.001055103428
257697	0.0005070269571
257698	0.001375184966
257699	0.0006503595064
257700	0.00024948029
257701	0.0008784962397
257702	0.0002613899137
257703	0.001037842924
257704	0.001187205988
257705	0.0002798766989
257706	0.0006766462673
257707	0.001449383732
257708	0.001308011348
257709	0.0008455955974
257710	0.000730771983
257711	9.427762841e-05
257712	0.001065209709
257713	0.0007591660225
257714	0.001003799464
257715	0.0007182100382
257716	0.001038107787
257717	0.0008793845681
257718	0.000781440037
257719	0.0006281783188
257720	0.001048673804
257721	0.0006305195877
257722	0.000811385917
257723	0.0002600731541
257724	0.0002921898781
257725	0.0009257482482
257726	0.0008827144657
257727	0.0006829294111
257728	0.0007140173313
257729	0.0006889103041
257730	0.001179296467
257731	0.001218385889
257732	0.0009468077763
257733	0.0007488745047
257734	0.001316881549
257735	0.000991723429
257736	0.0007864555929
257737	0.0005294583346
257738	0.0007087131835
257739	0.0004357736492
257740	0.0009549729671
257741	0.0005751666005
257742	0.0009047598203
257743	0.001041778434
257744	0.0007719069189
257745	0.00116156783
257746	0.001043256141
257747	0.0004340491742
257748	0.0006186845725
257749	0.0009702825098
257750	0.001506675431
257751	0.001120152948
257752	0.0008314011182
257753	0.0006184939153
257754	0.0008783364769
257755	0.001126884121
257756	0.0006094348546
257757	0.001149816987
257758	0.0009015282654
257759	0.0007054859976
257760	0.0008356539329
257761	0.0006208383502
257762	0.0008811228257
257763	0.0006334785866
257764	0.0006426009001
257765	0.0004881807788
257766	0.0009514400975
257767	0.0008597744911
257768	0.0008579231909
257769	0.0006101094867
257770	0.0004158110299
257771	0.0007250772116
257772	0.0007919402144
257773	0.0004244344701
257774	0.0009124964654
257775	0.001104079017
257776	0.0009741367075
257777	0.0006462728845
257778	0.0009729769491
257779	0.001391856582
257780	0.0009323398427
257781	0.001408171973
257782	0.0008331858703
257783	0.0003261707893
257784	0.001119813647
257785	0.001097788446
257786	0.001092446498
257787	0.0004237926122
257788	0.0005941277114
257789	0.001199728958
257790	0.0005176414783
257791	0.000887032292
257792	0.001274922385
257793	0.0009116195081
257794	0.0001475112537
257795	0.0006754477085
257796	0.001041513018
257797	0.001076088414
257798	0.000626011612
257799	0.0008714394447
257800	0.0009241511172
257801	5.795592335e-05
257802	0.0001506769078
257803	0.001513360823
257804	0.0008464269546
257805	0.0006055169984
257806	0.000496786732
257807	0.0009170484569
257808	0.0007905456654
257809	0.0007217199676
257810	0.001066638502
257811	0.001196785529
257812	0.0006182861703
257813	0.001037884982
257814	0.001606793015
257815	0.001344793123
257816	0.0009603510921
257817	0.0007505957068
257818	0.0004822157338
257819	0.0006990247935
257820	0.0003890574601
257821	0.00081536434
257822	0.001001435127
257823	0.001121312717
257824	0.001388640285
257825	0.0005183713137
257826	0.000847681972
257827	0.001123381615
257828	0.0009187180132
257829	0.001190972346
257830	0.0008255752732
257831	0.0008828181067
257832	0.00050141843
257833	0.0005107728141
257834	0.0006469220409
257835	0.0005207488353
257836	0.0009496785828
257837	0.0003613290299
257838	0.001278329887
257839	0.001191114896
257840	0.0009437315584
257841	0.001019424777
257842	0.0007672032768
257843	0.00103471758
257844	0.0007189770914
257845	0.0009939592879
257846	0.0009320402742
257847	0.0004570781134
257848	0.001127595782
257849	0.001484906449
257850	0.0005169124663
257851	0.0006485538567
257852	0.0008263595182
257853	0.001189811122
257854	0.0007625632527
257855	0.0009897831144
257856	0.0005995281813
257857	0.0003830239675
257858	0.0002875347272
257859	0.0007652330881
257860	0.0009813432696
257861	0.000858917511
257862	0.0008813405762
257863	0.0006848270142
257864	0.0005641937484
257865	0.0009641755548
257866	0.0007026420371
257867	0.001161976749
257868	0.0008591698694
257869	0.001067003426
257870	0.001463464604
257871	0.0008011806827
257872	0.001282823275
257873	0.0001525933023
257874	0.00145210236
257875	0.0008645261186
257876	0.0003432306161
257877	0.001066958671
257878	0.0004264065256
257879	0.001160640684
257880	0.001022685026
257881	0.0005153113945
257882	0.001034425346
257883	0.001424151104
257884	0.001266523021
257885	0.0008887692223
257886	0.001314161369
257887	0.002248650878
257888	1.2552975e-05
257889	0.0004911627112
257890	0.0006719504842
257891	0.001459017916
257892	0.0005783014521
257893	0.0006432587344
257894	0.0007836114075
257895	0.0006914744032
257896	0.001147297395
257897	0.001655973897
257898	0.0005703911451
257899	0.0007206699661
257900	0.0009046621488
257901	0.0005265819276
257902	0.0007378126455
257903	0.0006155751522
257904	0.0008767000417
257905	0.0007949718299
257906	0.00126112122
257907	0.0006598134287
257908	0.001297378853
257909	0.001344256235
257910	0.0007632814946
257911	0.0006512997384
257912	0.0009687421768
257913	0.0006685149869
257914	0.0007398982975
257915	0.0003861800091
257916	0.001273117354
257917	0.0006767311855
257918	0.0009083468252
257919	7.243335119e-06
257920	0.001433829768
257921	0.001021772221
257922	0.001349287763
257923	0.0009036791791
257924	0.0007139688389
257925	0.0005658596619
257926	0.0005938386915
257927	0.0008209109238
257928	0.0006588881429
257929	0.0008589695028
257930	0.001196131728
257931	0.001251330744
257932	0.0006966438818
257933	0.0007634254805
257934	0.001524854868
257935	0.001150378281
257936	0.0006382737716
257937	0.0008499504001
257938	0.0007713080729
257939	0.00078123953
257940	0.0008792695242
257941	0.0009772265489
257942	0.001075875133
257943	0.0006700432986
257944	0.001266129011
257945	0.001121055644
257946	0.0009728043658
257947	0.001148510272
257948	0.001410051402
257949	0.00121898461
257950	0.001338842025
257951	0.001047896282
257952	0.001070507956
257953	0.0004204774529
257954	0.0007604795848
257955	0.001387489215
257956	0.0008581527231
257957	0.0009595852622
257958	0.0004864178928
257959	0.0006146933806
257960	0.001013138011
257961	0.0007131191045
257962	0.0008629163171
257963	0.001084315032
257964	0.0006983821215
257965	0.0005299286201
257966	0.0006763686584
257967	0.001866674768
257968	0.001231141907
257969	0.0001448377953
257970	0.001182727043
257971	0.001043741992
257972	0.000585259504
257973	0.0007006547935
257974	0.0009272817705
257975	0.0009014858532
257976	0.0007353230445
257977	0.001513930737
257978	0.001046050068
257979	0.0008972590281
257980	0.001069495189
257981	0.001113800093
257982	0.001482755009
257983	0.0007930861711
257984	0.001161054687
257985	0.0002732036589
257986	0.001181343181
257987	0.000640854396
257988	0.001054996459
257989	0.0007904265757
257990	0.000609564627
257991	0.0003877795187
257992	0.0006301246168
257993	0.001499409848
257994	0.00103603308
257995	0.001073681707
257996	0.0008102408663
257997	0.0001266791217
257998	0.0003792039979
257999	0.000682804115
258000	0.0001275183464
258001	0.0008798642458
258002	0.0009796733993
258003	0.0001385065703
258004	0.000622130531
258005	0.0007201818762
258006	0.0007935455835
258007	0.0007404460751
258008	0.001295145613
258009	0.001082187946
258010	0.000780342739
258011	0.0009039779691
258012	0.0009069937656
258013	0.0002758376911
258014	0.000486863293
258015	0.001092119368
258016	0.000384355949
258017	0.0006584297839
258018	0.0008692438543
258019	0.001373046662
258020	0.0006866622851
258021	0.001283164615
258022	0.001038521508
258023	0.0007857484062
258024	0.00107564014
258025	0.0006770496075
258026	0.0008524091607
258027	0.000884270592
258028	0.0008803068206
258029	0.001138455749
258030	0.0008405757087
258031	0.0003084986779
258032	0.0007562040857
258033	0.0008819890632
258034	0.0009883783939
258035	0.001034932591
258036	0.0009589642346
258037	0.0006256581938
258038	0.001161411065
258039	0.0003835544285
258040	0.001111666703
258041	0.001047911009
258042	0.00132252445
258043	0.001261076033
258044	0.000981803201
258045	0.0005364733555
258046	0.001076828985
258047	0.001132025448
258048	0.0003479198493
258049	0.001004018729
258050	0.001017418805
258051	0.001211253185
258052	0.0008410988977
258053	0.001055767512
258054	0.0008402472269
258055	0.0003555226981
258056	0.0009304277025
258057	0.001227902201
258058	0.0009701643401
258059	0.001404940138
258060	0.001189804025
258061	0.001013225169
258062	0.0009345276027
258063	0.0009526217052
258064	0.000833040093
258065	0.0009346999827
258066	0.000709253048
258067	0.001114657505
258068	0.001482416817
258069	0.0004930498459
258070	0.0007582277574
258071	0.0007715280432
258072	0.001438647662
258073	0.0009524745198
258074	0.001489225595
258075	0.0007700261748
258076	0.001268663221
258077	0.0007280905599
258078	0.0006385048391
258079	0.0006150461686
258080	0.001401363817
258081	0.001427770678
258082	0.001273998089
258083	0.00137648705
258084	0.0004966571799
258085	0.0006650540744
258086	0.001412781287
258087	0.0006721609325
258088	0.000768815727
258089	0.001246252336
258090	0.0008711058948
258091	0.001015909344
258092	0.001198276331
258093	0.0008116004183
258094	0.0005255667906
258095	0.0005002703897
258096	0.0005069105095
258097	0.0005548482845
258098	0.0003899783213
258099	0.001663002525
258100	0.0009288529032
258101	0.0003992229808
258102	0.0004131160458
258103	0.001537814317
258104	0.0008290993929
258105	0.001363381564
258106	0.001107036549
258107	0.00100926179
258108	0.0007917505348
258109	0.001073897042
258110	0.001039996716
258111	0.0003436234581
258112	0.00101283077
258113	0.001133725686
258114	0.001377842589
258115	0.001318350582
258116	0.0006096704796
258117	0.00116468565
258118	0.001237829237
258119	0.0009814976194
258120	0.001658920141
258121	0.001157608102
258122	0.0009793086253
258123	0.001013209278
258124	0.001043015834
258125	0.001023968508
258126	0.001392103766
258127	0.00103677624
258128	0.001121155289
258129	0.0013684393
258130	0.00134705383
258131	0.001530742163
258132	0.0006637629142
258133	0.0009719364627
258134	0.000464853854
258135	0.0003235350931
258136	0.0006491004102
258137	0.0005027602038
258138	0.001156097076
258139	0.0006179323378
258140	8.357602902e-05
258141	0.001282556603
258142	0.0008068431479
258143	0.001324911112
258144	0.0007819793104
258145	0.0005191199191
258146	0.001957758079
258147	0.000640934086
258148	0.001660764882
258149	0.0009752151259
258150	0.000586948745
258151	0.0008433579941
258152	0.000716962913
258153	0.0008346707468
258154	0.0007964262831
258155	0.000872159198
258156	0.001052151284
258157	0.0008564886208
258158	0.001027340204
258159	0.0008889273397
258160	0.0009100700129
258161	0.0009271725034
258162	4.528991033e-05
258163	0.0009430386471
258164	0.000949119679
258165	0.0007747073741
258166	0.0004821422369
258167	0.001004921468
258168	0.0009504165714
258169	0.000941656096
258170	0.0008490695257
258171	0.0008311320177
258172	0.00141051438
258173	0.0007524004114
258174	0.001549039036
258175	0.001033153161
258176	0.0007347024159
258177	0.0008078941518
258178	0.0005469152613
258179	0.0007427760996
258180	0.0003833914444
258181	0.0007347455502
258182	0.001087992873
258183	0.0006499216622
258184	0.001612524249
258185	0.001242435272
258186	0.0006793293432
258187	0.001118494136
258188	0.001334230313
258189	0.001129395584
258190	0.0009331836428
258191	0.001344718982
258192	0.001430781428
258193	0.001030857999
258194	0.0002025202366
258195	0.001079050796
258196	0.0007961996623
258197	0.001114535885
258198	0.0007957172253
258199	0.0007300877636
258200	0.0008666653018
258201	0.0005776669905
258202	0.001097580601
258203	0.0007284005076
258204	0.000650937367
258205	0.001169900525
258206	0.0009043847396
258207	0.001029326985
258208	0.001079964193
258209	0.0005266370174
258210	0.0008476236449
258211	0.001397622696
258212	0.0008079565939
258213	0.000822037966
258214	0.0004339622027
258215	0.00106148027
258216	0.001273838335
258217	0.000866311064
258218	0.001197826956
258219	0.0006618436467
258220	0.0005080185454
258221	0.0007946029278
258222	0.0004235296794
258223	0.000318628721
258224	0.0007545538406
258225	0.001146058713
258226	0.0003721739757
258227	0.0009035086852
258228	0.001135693699
258229	0.0009915620607
258230	0.001305138305
258231	0.001048496759
258232	0.0008562293361
258233	0.001008690133
258234	0.0005753090678
258235	0.001172109323
258236	0.0008832778213
258237	0.001653790402
258238	0.0007197893028
258239	0.0009439814551
258240	0.0007151093327
258241	0.0007921870351
258242	0.0007522126185
258243	0.00124812052
258244	0.0006251907372
258245	0.0006209294235
258246	0.001497060494
258247	0.001032149417
258248	0.0006200280924
258249	0.000439879489
258250	0.000273529143
258251	0.00200716352
258252	0.0009892457283
258253	0.0009061600424
258254	0.001021338848
258255	0.00096535477
258256	0.001260692815
258257	0.0007365812805
258258	0.0008735423691
258259	0.0006231624633
258260	0.0007934152429
258261	0.0007238782787
258262	0.0008995136696
258263	0.001105178535
258264	0.001883158459
258265	0.001051557663
258266	0.00101553859
258267	0.001046366068
258268	0.00105059865
258269	0.001333589938
258270	0.00138295425
258271	0.0009189158432
258272	0.0009581806137
258273	0.001442500351
258274	0.0006392784549
258275	0.0006114934977
258276	0.001243505085
258277	0.001114739637
258278	0.001040958186
258279	0.0007545984934
258280	0.000847656849
258281	0.001424079597
258282	0.001551023124
258283	0.00102472186
258284	0.001594181124
258285	0.0005522635616
258286	0.000885238043
258287	0.000421765012
258288	0.0008748470878
258289	0.00143719011
258290	0.0007592119239
258291	0.001102784928
258292	0.001190692309
258293	0.0006213184871
258294	0.0008496485912
258295	0.00134168908
258296	0.0006817012463
258297	0.001753631641
258298	0.0008928891373
258299	0.0007676712243
258300	0.0005031245124
258301	0.000955128522
258302	0.001253171469
258303	0.0006957162611
258304	0.0003901340226
258305	0.001240052791
258306	0.0006663178872
258307	0.0007295993103
258308	0.0008501255035
258309	0.0003341389755
258310	0.0008442044155
258311	0.0008791492649
258312	0.000933176668
258313	0.001764474403
258314	0.0007923755236
258315	0.001048452653
258316	0.001328146243
258317	0.001224294987
258318	0.001098630681
258319	0.001351014092
258320	0.000886794646
258321	0.001330250302
258322	0.0006140941423
258323	0.0006450922331
258324	0.001081528139
258325	0.001125373371
258326	0.000937242053
258327	0.0003915036887
258328	0.001265799437
258329	0.001266733072
258330	0.0009256484833
258331	0.0009756307103
258332	0.001745281103
258333	0.0002797721961
258334	0.0007873351752
258335	0.0006232598393
258336	0.001216247289
258337	0.001441290381
258338	0.0009935329568
258339	0.001408787038
258340	0.00148121236
258341	0.001029426267
258342	0.001179457122
258343	0.00113563638
258344	0.0007844544884
258345	0.0007986953017
258346	0.0003446449315
258347	0.001405900585
258348	0.000600519335
258349	0.0007128267434
258350	0.001184637629
258351	0.001304425114
258352	0.0002943604899
258353	0.001215464643
258354	0.0005966569155
258355	0.001064487739
258356	0.001290382165
258357	0.0009622461446
258358	0.00046360127
258359	0.0005194783474
258360	0.0008007886362
258361	0.0006773469652
258362	0.000833846294
258363	0.001394714737
258364	0.001150837877
258365	0.001208158971
258366	0.001404488653
258367	0.0009528236607
258368	0.001216872569
258369	0.001089039079
258370	0.0009437791447
258371	0.0007091901062
258372	0.001215147847
258373	0.0007987343384
258374	0.0008784240219
258375	0.001036668596
258376	0.0004845899402
258377	0.0009970017675
258378	0.001012429976
258379	0.0004896903208
258380	0.00116322875
258381	0.0007424409523
258382	0.0004997957048
258383	0.0002314876875
258384	0.0008765172538
258385	0.001051405135
258386	0.001077292326
258387	0.0006120347172
258388	0.000899206055
258389	0.001268286597
258390	0.0003203767878
258391	0.0006160070335
258392	0.0005816064365
258393	0.00177002962
258394	0.0009445856206
258395	0.000637072548
258396	0.001072302392
258397	0.0007803098361
258398	0.001040128217
258399	0.0009239267521
258400	0.0006872080352
258401	0.001024621857
258402	0.0009038003667
258403	0.0008875859838
258404	0.001146892719
258405	0.001827289707
258406	0.001063228793
258407	0.0008522279673
258408	0.001735377487
258409	0.0005148964214
258410	0.0008381302353
258411	0.001569347891
258412	0.000738232233
258413	0.001216333514
258414	0.001443976577
258415	0.001140168071
258416	0.0004048639151
258417	0.0006210482877
258418	0.001155059872
258419	0.0005141650833
258420	0.001530185225
258421	0.0008135349974
258422	0.0009628419468
258423	0.0009739473174
258424	0.0007278069775
258425	0.001213587451
258426	0.001287845505
258427	0.0002246757161
258428	0.001284721037
258429	0.0009729709457
258430	0.0008920713145
258431	0.001519180344
258432	0.0005122768328
258433	0.000987815577
258434	0.0007161830057
258435	0.0009831716256
258436	0.0007667194886
258437	0.001654528184
258438	0.001396122359
258439	0.0005197294437
258440	0.0003177474563
258441	0.0008959664495
258442	0.0009128645367
258443	0.001350026592
258444	0.000629779102
258445	0.0007510903236
258446	0.001026250212
258447	0.001111751114
258448	0.001250702295
258449	0.0007978580095
258450	0.001255900914
258451	0.0008612817899
258452	0.001038187849
258453	0.001248536019
258454	0.001038717688
258455	0.0006126664038
258456	0.0009598048291
258457	0.0007980670875
258458	0.0005436542639
258459	0.0008096611458
258460	0.001228743867
258461	0.001499629617
258462	0.0008562183695
258463	0.0006961017576
258464	0.0007663772861
258465	0.0007458697963
258466	0.0007787143153
258467	0.0008513844544
258468	0.000877218163
258469	0.0006555354414
258470	0.0004911914748
258471	0.0009814825353
258472	0.0007403614049
258473	0.0008161284812
258474	0.0001303800547
258475	0.0005452425204
258476	0.001142471429
258477	0.000454481009
258478	0.001294973922
258479	0.0004966419353
258480	0.0006892609347
258481	0.0009139386838
258482	0.000763094896
258483	0.0005871441129
258484	0.0009642912807
258485	0.0006912314571
258486	2.531912156e-05
258487	0.001126193765
258488	0.0006194796003
258489	0.001078122839
258490	0.001202587819
258491	0.00105180353
258492	0.0005439494491
258493	0.0006712310903
258494	0.0009316292177
258495	0.0008724183356
258496	0.001200870423
258497	0.000615752982
258498	0.001057665961
258499	0.0008140610514
258500	0.0009824930858
258501	0.001723315747
258502	0.001335096224
258503	0.0007716285389
258504	0.001650815841
258505	0.0001253235469
258506	0.0001630930288
258507	0.0008282932196
258508	0.001490281694
258509	0.001131271942
258510	0.0006181865395
258511	0.001348516714
258512	0.001178289228
258513	0.0006938940241
258514	0.0008246114344
258515	0.0005335416361
258516	0.0007283830361
258517	0.0008911848321
258518	0.001171304528
258519	0.0006329316065
258520	0.0006455316098
258521	0.0007834568382
258522	0.0004899958474
258523	0.0008849119797
258524	0.001171155573
258525	0.0007453624149
258526	0.001156585433
258527	0.0005890263624
258528	0.0002588155219
258529	0.0009928395602
258530	0.001231005838
258531	0.0007206215306
258532	0.001033754644
258533	0.0008568592152
258534	0.001084118065
258535	0.001236037062
258536	0.001475070813
258537	0.001534482608
258538	0.0005838805113
258539	0.000425688832
258540	0.001400253661
258541	0.0009178284752
258542	0.0008326806009
258543	0.001579125556
258544	0.001014754563
258545	0.0005051785384
258546	0.0008078348431
258547	0.0009070642768
258548	0.0003823157322
258549	0.001017101031
258550	0.0003520537523
258551	0.001013040343
258552	0.001129033796
258553	0.001134684391
258554	0.0001191018431
258555	0.0009531321059
258556	0.001265326766
258557	0.0003481258524
258558	0.001082464421
258559	0.001135568364
258560	0.0005549152877
258561	0.0006702280961
258562	0.001097881702
258563	0.001087877197
258564	0.0009958432958
258565	0.001122397197
258566	0.0006276918534
258567	0.0008784627028
258568	0.000428049642
258569	0.0005291840552
258570	0.0005444728389
258571	0.001692197075
258572	0.0009759304672
258573	0.000819211576
258574	0.0001960406258
258575	0.0009863274467
258576	0.0001712109522
258577	0.0003714401323
258578	0.001222540728
258579	0.0009328948376
258580	0.0005009006837
258581	0.0006766397674
258582	0.000702818292
258583	0.000956444098
258584	0.001127561387
258585	0.001119902413
258586	0.0008013070141
258587	0.0009218440996
258588	0.0003748895414
258589	0.0002852070914
258590	0.0009588323376
258591	0.0004074018885
258592	0.0009339008359
258593	0.0005627703498
258594	0.0007657021478
258595	0.0007887422283
258596	0.0004726645031
258597	0.0007003369859
258598	0.0006877961419
258599	2.822997031e-05
258600	0.0009645637059
258601	0.001111915166
258602	0.001445981937
258603	0.001022698715
258604	0.0007063219593
258605	0.0001235667007
258606	0.0003753808808
258607	0.0009915566524
258608	0.001429068541
258609	0.0006204630577
258610	0.001205648606
258611	0.0003266289705
258612	0.001101954855
258613	0.000853057906
258614	1.087974462e-05
258615	0.001223094208
258616	0.0008842440694
258617	0.0003913723486
258618	0.001174167419
258619	0.0006185162978
258620	0.0006851199389
258621	0.0005758722896
258622	0.0005697182487
258623	0.001992561631
258624	0.001023465715
258625	0.001175472761
258626	0.001051976515
258627	0.000495649662
258628	0.001193897713
258629	0.0002541564041
258630	0.0009756553871
258631	0.0009086134451
258632	0.0003631597716
258633	0.001761303964
258634	0.001227868379
258635	0.0006285217764
258636	0.0003808948898
258637	0.0009013677333
258638	0.0006965260839
258639	0.001107670302
258640	0.0005188367036
258641	0.0008399562038
258642	0.0004125582266
258643	0.0004009370778
258644	0.001265056766
258645	7.311448938e-05
258646	0.001067491836
258647	0.0002450333352
258648	0.0003800100324
258649	0.0009507336511
258650	0.0002337505569
258651	0.001057305303
258652	0.000934706686
258653	0.0004695878601
258654	0.001084567304
258655	0.0006309438369
258656	0.0008760407667
258657	0.000128158362
258658	0.0006359575765
258659	0.0009356271465
258660	0.0006082136293
258661	0.001542675384
258662	0.0008272975645
258663	0.0007294311647
258664	0.0008417162407
258665	0.0008145508931
258666	0.001103045479
258667	0.0006884893867
258668	0.0008958450649
258669	0.0009377083246
258670	0.0003194985373
258671	0.0004153126174
258672	0.000889611345
258673	0.000552103038
258674	0.0007525017546
258675	0.0005933251259
258676	0.0009506777118
258677	0.001039012314
258678	0.000769143195
258679	0.001013164073
258680	0.0008139600138
258681	0.0007655933311
258682	0.001083391386
258683	0.001039371713
258684	0.0009816671188
258685	0.0008879689117
258686	0.0008268355482
258687	0.001184536593
258688	0.001754834927
258689	0.0008985925893
258690	0.001006500436
258691	0.001002932635
258692	0.0004413967898
258693	1.101219337e-05
258694	0.0009883934054
258695	0.0004668260542
258696	0.001465447425
258697	0.0005238200462
258698	0.000637601201
258699	0.0007836638218
258700	0.00100279334
258701	0.0006717215229
258702	0.0006958039696
258703	0.000820129317
258704	0.0007605101632
258705	1.8555387e-05
258706	0.0005539210023
258707	0.001064919139
258708	0.0007028705391
258709	0.001269304913
258710	0.001098246574
258711	0.0007848898319
258712	0.0006107858492
258713	0.0007883910952
258714	0.0005539644558
258715	0.0004637172433
258716	0.0007368054842
258717	0.0007014040995
258718	0.001023050915
258719	0.001280971973
258720	0.0007463072807
258721	0.000362953817
258722	0.0006316539903
258723	0.0008212070582
258724	0.0005073889841
258725	0.0004975248797
258726	0.001027275563
258727	0.001007009459
258728	0.0008662208199
258729	0.0008028057976
258730	0.0009183695777
258731	0.001139333524
258732	0.0005717001125
258733	0.001091404502
258734	0.0008955855829
258735	0.0003923054528
258736	0.0002419430407
258737	0.001026130668
258738	0.001112632457
258739	0.0003538921814
258740	0.000697485239
258741	0.001055301161
258742	0.000856082561
258743	0.0006837958615
258744	0.0006761890241
258745	0.0006600998637
258746	0.0008475751006
258747	0.0009853078645
258748	0.0007638931776
258749	0.000822278285
258750	0.0007239426943
258751	0.0005205177279
258752	0.0005433000463
258753	0.001604298797
258754	0.0003585387779
258755	0.001562557587
258756	0.001502649426
258757	0.0007311938063
258758	0.001059978256
258759	0.0007139008265
258760	0.001061546668
258761	0.001248762313
258762	0.0002673306022
258763	0.0003175499922
258764	0.0009190923681
258765	0.0009948838657
258766	0.001137256059
258767	0.001195487287
258768	0.0005996408689
258769	0.0004411678223
258770	0.001019069151
258771	0.001143738346
258772	0.000667630972
258773	0.0004591190222
258774	0.0005930784538
258775	0.0007629304259
258776	0.0006933140074
258777	0.0006947250227
258778	0.0008356967658
258779	0.0008708868986
258780	0.001009653171
258781	0.001272206676
258782	0.0008652419671
258783	0.0006761285198
258784	0.0005386146966
258785	0.0002003102309
258786	0.0006404084879
258787	0.001158598183
258788	0.001445218625
258789	0.0013127078
258790	0.0007536259044
258791	0.0004759040852
258792	1.023424827e-05
258793	0.0004553863158
258794	0.0009532853362
258795	0.001166714166
258796	0.0006402539666
258797	0.0006913315677
258798	0.00113078404
258799	0.0007529805443
258800	0.0005832476976
258801	0.0008565195851
258802	0.00053876377
258803	0.001009320038
258804	0.0007294321555
258805	1.848145594e-05
258806	0.0008772048109
258807	0.0007688587226
258808	0.0006954436409
258809	0.0007675111038
258810	0.000602291294
258811	0.0008503520355
258812	0.001147494674
258813	0.000956513472
258814	0.0006785923693
258815	0.0005659116415
258816	0.0009022596197
258817	0.0003682174687
258818	0.0007392881689
258819	0.0008571058326
258820	0.0006637441367
258821	0.0004231895403
258822	0.0003295958263
258823	0.0003236562175
258824	0.0005025720046
258825	0.0007501783987
258826	0.0007574121948
258827	0.0001490429863
258828	0.0002935478884
258829	0.000901483828
258830	0.0009710004067
258831	0.000908158932
258832	0.0006167198252
258833	0.0006117944518
258834	0.0008942251741
258835	0.0008791826943
258836	0.0002801473066
258837	0.0005055797033
258838	0.0006514203004
258839	0.0002636786093
258840	0.0004671013926
258841	0.001133427169
258842	0.001180869294
258843	0.0005846259906
258844	0.0008779805581
258845	0.0006915164957
258846	0.0004791263393
258847	0.001276239771
258848	0.0008691834225
258849	0.0001798193102
258850	0.0008369516378
258851	0.0006178528793
258852	0.0005225010454
258853	0.001221282695
258854	0.0004254303294
258855	0.001101356958
258856	0.00054676226
258857	0.0004912055049
258858	4.512183328e-05
258859	0.000419020355
258860	0.0009461960965
258861	0.0005030198716
258862	0.000659270775
258863	0.0008925007124
258864	0.0004728906877
258865	0.0005916815268
258866	0.0002947415673
258867	0.0005532012887
258868	0.0007269841273
258869	0.000337243882
258870	0.001178530224
258871	0.001186052181
258872	0.000288982821
258873	0.0006160644001
258874	0.001004201917
258875	0.0006268673526
258876	0.001037115865
258877	0.001050536734
258878	0.00102013266
258879	0.001030262067
258880	0.0001154865155
258881	0.0006109155059
258882	0.0006307248611
258883	0.0009591183805
258884	0.001066764709
258885	0.001042378156
258886	0.0003584586662
258887	0.0003717302019
258888	0.000344746517
258889	0.000985141801
258890	0.0009797948081
258891	0.0009969286193
258892	0.001109356419
258893	0.000796087794
258894	0.0004593609723
258895	0.000828289684
258896	0.0006980563435
258897	0.001001917452
258898	0.0008464117845
258899	0.001087994223
258900	0.0007572591688
258901	0.0004928373523
258902	0.0009849136725
258903	0.0006837659601
258904	0.000965563515
258905	0.001084423958
258906	0.0004875980581
258907	0.0004737791586
258908	0.0008911160423
258909	0.0008001513061
258910	0.0005475719287
258911	9.822754908e-05
258912	0.0007740411461
258913	0.0006611499905
258914	0.0007979556703
258915	0.0009628574963
258916	0.0004872612386
258917	0.0009289915031
258918	0.000794499927
258919	0.0008619496563
258920	0.0007983524345
258921	0.0002687294287
258922	0.00124226669
258923	0.0005222722133
258924	0.0007077804472
258925	0.0002793538525
258926	0.00143304319
258927	0.0008043828104
258928	0.001184060538
258929	0.0005723681908
258930	0.0008900265096
258931	0.001056684531
258932	0.001366966826
258933	0.001090850795
258934	0.0003303480113
258935	0.0004195708261
258936	0.0009577297005
258937	0.0007067225469
258938	0.001257123213
258939	0.0006095037656
258940	0.000644806725
258941	0.0001658882112
258942	0.001175480423
258943	0.0005484368096
258944	0.001225264099
258945	0.0008345456688
258946	0.001050717181
258947	0.0007650445455
258948	0.00115941926
258949	0.0006160130478
258950	0.0006716961096
258951	0.001054982908
258952	0.001069764632
258953	0.0009254699949
258954	0.0005394010551
258955	0.0009902561213
258956	0.0009961636626
258957	0.0006555612855
258958	0.0005806476248
258959	0.0003737765066
258960	6.183111989e-05
258961	0.0007885427748
258962	0.0006050041385
258963	0.0006355795745
258964	0.0009783072722
258965	0.0009308169309
258966	0.0008003597323
258967	0.0005123704327
258968	0.0008775349225
258969	0.0001374445672
258970	0.0009663264116
258971	0.0007437462947
258972	0.0004696175253
258973	0.0005712635671
258974	0.0006033230016
258975	0.0006919735168
258976	0.0005807411303
258977	0.0009704943718
258978	0.0005634344496
258979	0.0004254237368
258980	0.00120669651
258981	0.000373001227
258982	0.0005511747626
258983	0.0004633263046
258984	0.0004901509243
258985	0.000790437159
258986	0.001069096307
258987	0.0007771028274
258988	0.0007012830868
258989	0.001224114206
258990	0.0004216569806
258991	0.0007779849698
258992	0.0009854122146
258993	0.001297108102
258994	0.001086228589
258995	0.0002756032368
258996	0.000505490536
258997	0.0008194466902
258998	0.0008052329192
258999	0.001362250868
259000	0.0005586553839
259001	0.0002466838714
259002	0.0005137540819
259003	0.0009687384018
259004	0.0009756009806
259005	0.0003299077122
259006	0.0007861332541
259007	0.0007495071842
259008	4.81702053e-05
259009	0.001272686427
259010	0.0004663138101
259011	0.0005155065543
259012	0.0004207610261
259013	1.238329731e-05
259014	0.0009676089549
259015	0.0003872627285
259016	0.0009985796372
259017	0.000587323608
259018	0.001164168452
259019	0.0007240223281
259020	0.0008632116248
259021	0.0003909880859
259022	0.0004945492211
259023	0.0003047950744
259024	0.0005006866573
259025	0.0002972387136
259026	0.0008982251535
259027	0.001421952481
259028	0.0008730318659
259029	0.001743214712
259030	0.0007308903115
259031	0.0008263725578
259032	0.0002347118924
259033	0.0005182521542
259034	0.0004582106719
259035	0.000911964476
259036	0.0009955178907
259037	0.001226564803
259038	0.0001518707896
259039	0.000329017038
259040	0.0005903236029
259041	0.001073100415
259042	0.001075631501
259043	1.892880705e-05
259044	0.0005565833343
259045	0.0005418808069
259046	0.0007419993465
259047	0.0006060342379
259048	0.0007073290589
259049	0.0005978396404
259050	0.0004397668432
259051	0.0006605435763
259052	0.0004764018044
259053	0.0008010149822
259054	0.0009846533621
259055	0.0001365511094
259056	0.001146193906
259057	0.0008292866689
259058	0.001245119243
259059	0.0006328242051
259060	0.0005888457446
259061	0.0005878624966
259062	0.0006310216489
259063	0.0001555559108
259064	0.0006889269983
259065	0.0005934817224
259066	0.0004618068174
259067	0.001305813064
259068	0.0003387483359
259069	0.0008475211148
259070	0.000727121418
259071	0.0009196954038
259072	0.0008048399868
259073	0.0005955252521
259074	0.0006604562034
259075	0.0007984978063
259076	0.0006671260579
259077	0.0003233520707
259078	0.0008411105483
259079	0.0007752242099
259080	0.0008421196801
259081	0.001022602488
259082	0.0007054440953
259083	0.0009877006823
259084	0.0009060550187
259085	0.001017394797
259086	0.001347443111
259087	0.001155253995
259088	0.0009934412862
259089	0.00109256818
259090	0.0008036913382
259091	0.0006031459724
259092	0.0004666149863
259093	0.00115316138
259094	0.0003075896834
259095	9.377069823e-05
259096	0.0008612977392
259097	0.00106158071
259098	0.0008610486408
259099	0.000857325042
259100	0.0005356403398
259101	0.000359553744
259102	0.0006654289687
259103	0.0009769346435
259104	0.0009728937822
259105	0.0005030979814
259106	0.0005535953422
259107	0.0006042367174
259108	0.0004273564146
259109	0.000789768231
259110	0.001013340371
259111	0.0008724448022
259112	0.0006492370848
259113	0.0008368397265
259114	0.0009618722459
259115	0.0005058096591
259116	0.0009518144118
259117	0.0007127285443
259118	0.00113849131
259119	0.0008712834465
259120	0.0006654671474
259121	0.0004568791737
259122	0.0008065996808
259123	9.025961469e-05
259124	0.0002006165432
259125	0.0007157813735
259126	0.0007865615869
259127	0.001108550736
259128	0.001397631716
259129	0.0005763490363
259130	0.0009034154807
259131	0.0009196371079
259132	9.760945272e-05
259133	0.0009848277365
259134	0.0002014551627
259135	0.001155519956
259136	0.000948596944
259137	0.001232804595
259138	0.0008155065307
259139	0.0002942748777
259140	0.0005344043696
259141	0.0004220273688
259142	0.0004913136215
259143	0.0007566375597
259144	0.0002755455797
259145	0.001210926298
259146	0.001198161778
259147	0.0008340037648
259148	0.0008794949315
259149	0.0006698312437
259150	0.0006207227301
259151	0.0007978296203
259152	0.001232486704
259153	0.0011027134
259154	0.0003382293293
259155	0.0008153400818
259156	0.001018206214
259157	0.001474845662
259158	0.0006612741168
259159	0.000236079075
259160	0.001047735961
259161	0.0006741334903
259162	0.001002426016
259163	0.0008994504071
259164	0.0009203814578
259165	0.000849909279
259166	0.0005883830717
259167	0.001245458851
259168	0.0006898759494
259169	0.0005056477322
259170	0.0004531346926
259171	0.001140607533
259172	0.001524703066
259173	0.000939398396
259174	0.0008095072159
259175	0.0005042734749
259176	0.0001011854743
259177	0.0007197438041
259178	0.0007577016425
259179	4.942786007e-05
259180	0.0006842421624
259181	0.0009544328183
259182	0.0008160613238
259183	0.0008867034201
259184	0.0008682020795
259185	0.0009715955429
259186	0.0006397630946
259187	0.001132541736
259188	0.0009190649551
259189	0.001366405654
259190	6.436994678e-05
259191	0.001126643965
259192	0.001035977702
259193	0.0003910775425
259194	0.001316222928
259195	0.00158023591
259196	0.0009591025985
259197	0.001166202016
259198	0.0007299487462
259199	0.001379262275
259200	0.0001789408251
259201	0.001142974287
259202	0.0007520299017
259203	0.0003210817021
259204	0.0006102601996
259205	0.0008780384544
259206	0.0008683386796
259207	0.0006363740442
259208	0.0008183114244
259209	0.0001730949077
259210	0.0001918321875
259211	0.0005320033286
259212	0.001327386506
259213	0.0005157179446
259214	0.0008441243796
259215	0.001196285191
259216	0.0003198362531
259217	0.0007694629999
259218	0.0009187021465
259219	0.0007378661294
259220	0.0002820988854
259221	0.001060821818
259222	0.001132032754
259223	0.0001401869311
259224	4.276709046e-05
259225	0.001059315229
259226	0.0009663327818
259227	0.001473821263
259228	0.001114195217
259229	0.0006186976643
259230	0.0008066573124
259231	0.0006082692935
259232	0.001068133345
259233	0.001238258
259234	0.0008971097886
259235	0.0005526130594
259236	0.00138334461
259237	0.001170431582
259238	0.0007232506626
259239	0.0006941433561
259240	0.0005405310899
259241	0.0006701025234
259242	0.0006805471205
259243	0.00113946395
259244	0.0007376020634
259245	0.0009242790735
259246	0.00140972913
259247	0.001163681991
259248	0.0008024702903
259249	0.0009621573852
259250	0.0001613151281
259251	0.0007592599483
259252	0.001181092288
259253	0.001205824199
259254	0.0007742656807
259255	0.0009529312248
259256	0.00099350862
259257	0.0008077591812
259258	0.0003859145977
259259	0.001185706429
259260	0.001179768677
259261	0.0007288309522
259262	0.0009022211264
259263	0.001182227027
259264	0.0001821562944
259265	0.0008115901663
259266	0.0002426308073
259267	0.0008100478099
259268	0.0003669664319
259269	0.001003149797
259270	0.001192905784
259271	0.0007959766107
259272	0.0009016655221
259273	0.001390454621
259274	0.001154142325
259275	0.000542147165
259276	0.000432576709
259277	0.000440732787
259278	0.001026148129
259279	0.0003933143585
259280	0.0009811487989
259281	0.001401542972
259282	0.001071799041
259283	0.0004335407651
259284	0.0006680178637
259285	0.001434512846
259286	0.0008816538104
259287	0.0005710514763
259288	0.0001229983335
259289	0.0007752754279
259290	0.0008330660421
259291	0.0002515433399
259292	0.00125826113
259293	0.001136042981
259294	0.0004346814469
259295	0.0009162307339
259296	0.001074323734
259297	0.0005493732586
259298	0.0005492105718
259299	0.0008159816396
259300	0.0005999704561
259301	0.0002725511536
259302	0.001074947744
259303	0.001240077465
259304	0.0009617325316
259305	0.0007502570031
259306	0.0006850024152
259307	0.0004749224508
259308	0.0007829040668
259309	0.0008449615352
259310	0.0009071270137
259311	0.0008644389324
259312	0.001186986726
259313	0.001082264832
259314	0.0008245421006
259315	0.0007413498694
259316	0.0009277042528
259317	0.0008963540321
259318	0.001202433461
259319	0.0005245836277
259320	0.001568877672
259321	0.001316260837
259322	0.0009447924519
259323	0.0006799227016
259324	0.0008391716204
259325	0.0006783183001
259326	0.001178463225
259327	0.000426357024
259328	0.001206699976
259329	0.0009769485399
259330	0.0001355316866
259331	0.0003584549404
259332	0.0004277209666
259333	0.000412819311
259334	0.0004551803443
259335	0.0002762414239
259336	0.001095380692
259337	0.0005517559042
259338	0.0005576537234
259339	0.0002762044709
259340	0.0004099567034
259341	0.0003284635198
259342	0.0007647773861
259343	0.0007244963799
259344	0.00153375723
259345	0.0007168314373
259346	0.0003343254186
259347	0.0001101851923
259348	0.0006050036496
259349	0.001369452992
259350	0.001112302732
259351	0.0006021158885
259352	0.0003946016983
259353	0.00133435059
259354	0.0008326722443
259355	0.0009558362258
259356	0.001807665388
259357	0.0007285659003
259358	0.0005616026501
259359	0.001497095087
259360	0.001243510085
259361	0.0009282781058
259362	0.0005747848089
259363	0.000232856869
259364	0.0009987302546
259365	0.0006455530951
259366	0.001083224652
259367	0.0008338847538
259368	0.0007932939842
259369	0.000857642136
259370	0.001106855322
259371	0.0004420339314
259372	0.001214658749
259373	0.0009195785862
259374	0.0009829554148
259375	0.0004335008178
259376	0.0008789696511
259377	2.003054067e-05
259378	0.0005074543009
259379	0.001011706893
259380	0.0004360090952
259381	0.0004790252587
259382	0.0004023397889
259383	0.000948625891
259384	0.0006091205576
259385	0.000169012953
259386	0.0009494870477
259387	0.001046370269
259388	0.001323017497
259389	0.0008148506212
259390	0.000846415113
259391	0.00141654353
259392	0.0006999147271
259393	0.001039081886
259394	0.0008182812919
259395	0.0008040777382
259396	0.001276558299
259397	0.0007624250368
259398	0.001461224067
259399	0.001114864549
259400	0.0005683177029
259401	0.0003407325753
259402	0.001199583743
259403	0.0003138056174
259404	0.0005472401833
259405	0.0007967972157
259406	0.001417190753
259407	0.0005728913634
259408	0.0007494228183
259409	0.001229211006
259410	0.0004297437581
259411	0.0007601903408
259412	0.001176173764
259413	0.001290625361
259414	0.0007846806602
259415	0.0005684464992
259416	0.0002503597186
259417	0.001029147097
259418	0.000772463456
259419	0.0003860633873
259420	0.0005791532248
259421	0.0005260461149
259422	0.001077430573
259423	0.000912452477
259424	0.0008822158287
259425	0.000762708999
259426	0.001111779466
259427	0.001155243716
259428	0.0007018861761
259429	0.001264124575
259430	0.001399687951
259431	0.0008226137048
259432	0.0007755974118
259433	0.0008539163227
259434	0.001420485021
259435	0.001705715433
259436	0.0007319209926
259437	0.001256783624
259438	0.001000707783
259439	0.00071116033
259440	0.0004705651468
259441	0.000912158267
259442	0.0006532200979
259443	0.001153935524
259444	0.0002234357406
259445	0.0001704585162
259446	0.0007873486303
259447	0.001215640286
259448	0.0008793686192
259449	0.0002187794147
259450	0.001264578989
259451	0.001158089199
259452	0.0003288905654
259453	0.001512666259
259454	0.000261272874
259455	0.0005112227578
259456	0.0006110240658
259457	0.001184461182
259458	0.0003145446627
259459	0.0005456379608
259460	0.0009912527172
259461	0.0005645490111
259462	0.001143491535
259463	0.0004949786277
259464	0.0005093845266
259465	0.0006321524221
259466	0.0008136513881
259467	0.0007719251522
259468	0.0001767149373
259469	0.0006402233178
259470	0.0008319220862
259471	0.0008255498034
259472	0.001156372109
259473	0.001062243407
259474	0.0003964828734
259475	0.0008480050176
259476	0.001083457436
259477	0.001036616121
259478	0.0006449545776
259479	0.0008315494817
259480	0.0008619887418
259481	0.001461333588
259482	0.0007867334653
259483	0.0003428244008
259484	0.000942977048
259485	0.0006758673873
259486	0.00119396303
259487	0.0008845867114
259488	0.0008337539437
259489	0.0007478756212
259490	0.0006322054501
259491	0.0009508912494
259492	0.0006038813496
259493	0.0005518230262
259494	0.00112036492
259495	0.001053007334
259496	0.0004261474313
259497	0.0004345788181
259498	0.0005102703859
259499	0.0009110400866
259500	0.0009432769403
259501	0.0008570024765
259502	0.0008893063866
259503	0.0005882832745
259504	0.001027649283
259505	0.0008799054829
259506	0.001139550793
259507	0.0009159275813
259508	0.0007963978438
259509	0.001197681405
259510	0.0003766685373
259511	0.0005655070396
259512	0.001165070114
259513	0.0003278997005
259514	0.00148097447
259515	0.0002845907164
259516	0.0009855781721
259517	0.0008913366893
259518	0.0003845963098
259519	0.001398211908
259520	0.0005091346258
259521	0.001107168173
259522	0.0009647633936
259523	0.0006998471296
259524	0.0002857878401
259525	0.0009505221926
259526	0.001304497365
259527	0.0008818353435
259528	0.0007982131367
259529	0.000660555847
259530	0.001063906173
259531	0.0008915789747
259532	0.001313117375
259533	0.001063279934
259534	0.0005336368316
259535	0.001021475947
259536	0.0009244538886
259537	4.111642068e-05
259538	0.0008550139424
259539	0.0005082277206
259540	0.0004145077379
259541	0.0002777479955
259542	0.0008166506703
259543	0.0002498317446
259544	0.0006314586272
259545	0.0008024458627
259546	0.0003139194072
259547	0.0003809111055
259548	0.0001047409926
259549	0.0004564644182
259550	0.0006593317346
259551	0.001088265043
259552	0.0004253943971
259553	0.0003307218874
259554	0.0007989043755
259555	0.0005425879359
259556	0.0008137695526
259557	0.0009535804152
259558	0.0008046352752
259559	0.0009235138418
259560	0.001027578446
259561	0.0001311536455
259562	0.0008947170348
259563	0.001165668963
259564	0.0003701999573
259565	0.0006320663426
259566	0.0001214658448
259567	0.0008673856802
259568	0.0005400871382
259569	0.0004703525812
259570	0.00106689954
259571	0.001239293915
259572	0.0009363399226
259573	0.0001458024052
259574	0.0009671370176
259575	0.0009663861962
259576	0.001298913404
259577	0.0004370607749
259578	0.0009333459753
259579	0.001156130096
259580	0.0006794558244
259581	0.0007326956214
259582	0.0008444296245
259583	0.0009979849921
259584	0.000563263316
259585	0.0002732050482
259586	0.0003669425788
259587	0.0002806957529
259588	0.001083949238
259589	0.0005059599937
259590	0.001653654717
259591	0.0008293104143
259592	0.001070882222
259593	0.001307146888
259594	0.0009751149769
259595	0.0006507602199
259596	0.001814711445
259597	0.0008405157878
259598	0.0006639901333
259599	0.0008262712035
259600	3.678753605e-05
259601	0.00135473529
259602	0.0007524759616
259603	0.0003394491568
259604	0.0004148404407
259605	0.0006547537807
259606	0.0005321940058
259607	0.001074586061
259608	0.001030087925
259609	0.0008102169405
259610	2.262629859e-05
259611	0.0008949161631
259612	0.001016117908
259613	0.0006825880066
259614	0.0006677608065
259615	0.0008585133607
259616	0.001638589459
259617	0.0007408829838
259618	0.0009792888773
259619	0.0004357661637
259620	0.0006744908286
259621	0.000680286194
259622	0.001076389729
259623	0.0006341789258
259624	0.0007312432953
259625	0.0002581195227
259626	0.0008015952325
259627	0.0005073566527
259628	0.0007937065499
259629	0.0008838825692
259630	0.001279745588
259631	0.0009520127031
259632	0.001251775263
259633	0.0008774419551
259634	0.0006441294136
259635	0.0005148981556
259636	0.0007794489745
259637	0.001163699358
259638	0.001360413281
259639	0.0008645058406
259640	1.54250196e-06
259641	0.0003729462972
259642	0.001069860832
259643	0.001086962621
259644	0.001083533994
259645	0.001043025263
259646	0.0008656990432
259647	0.000793967282
259648	0.001030654978
259649	0.0003302519124
259650	0.001090364418
259651	0.001083913961
259652	0.000735199036
259653	0.001222387865
259654	0.0004969966045
259655	0.0007142295528
259656	0.0007003453344
259657	0.001056360407
259658	0.0006966673176
259659	0.0008039878876
259660	0.001288717822
259661	0.0006778115901
259662	0.0007831916926
259663	0.0002595654426
259664	0.0003423738311
259665	0.0008926621708
259666	0.001137465869
259667	0.001479725394
259668	0.001370908949
259669	0.0007026383962
259670	0.0008500528913
259671	0.0009303447811
259672	0.001461580493
259673	0.001372004182
259674	0.0005238466236
259675	0.001330803743
259676	0.0008297396822
259677	0.000876131025
259678	0.001043486908
259679	0.0009543037543
259680	0.00120423398
259681	0.0009141247416
259682	0.001201114175
259683	0.0007849775577
259684	0.0009178609096
259685	0.001394558267
259686	0.0007385868886
259687	0.0006255369936
259688	0.0007658480516
259689	0.0005288385031
259690	0.0008651337195
259691	0.001052239063
259692	0.0005394379689
259693	0.0006343287845
259694	0.0009173794895
259695	0.001148206924
259696	0.0009730248123
259697	0.0006757181079
259698	0.000650208149
259699	0.0005247402013
259700	0.0003352398197
259701	0.0007384607805
259702	0.001254425572
259703	0.0008721029128
259704	0.001051003546
259705	0.001552837274
259706	0.0009840157551
259707	0.001091193835
259708	0.000937011498
259709	0.001531670776
259710	0.001091544179
259711	0.001611372482
259712	0.0002587394996
259713	0.0006644815086
259714	0.0009692681879
259715	0.0007890594878
259716	0.0008543408364
259717	0.001173200507
259718	0.001124780232
259719	0.000756861477
259720	0.0007786056903
259721	0.001063766361
259722	0.000694191327
259723	0.001134480787
259724	0.001082288037
259725	0.0005772941363
259726	0.0006006250982
259727	0.001197350701
259728	0.000781967119
259729	0.001323038802
259730	0.0007837685386
259731	0.001581855632
259732	0.001129908742
259733	0.00111486429
259734	0.0007580648526
259735	0.0005804010626
259736	0.000976889729
259737	0.001136776706
259738	0.001238857266
259739	0.0009058542763
259740	0.0006283877899
259741	0.001111591462
259742	0.001337361318
259743	0.001186976259
259744	0.0009801734134
259745	0.0008382254024
259746	0.0005372357034
259747	0.0007924504561
259748	0.00107065106
259749	0.0007565105801
259750	0.000699915039
259751	0.0008182863288
259752	0.00026293034
259753	0.001198347987
259754	0.0003491114728
259755	0.0007146591428
259756	0.0006510131207
259757	0.0006537227756
259758	0.0007156047422
259759	0.0005491702002
259760	0.0007527553631
259761	0.000714442425
259762	0.0007766612476
259763	0.001395261244
259764	0.001180690816
259765	0.001472093886
259766	0.001026298744
259767	0.001331680249
259768	0.0006661142265
259769	0.0002640423281
259770	4.876368957e-05
259771	0.0006779131738
259772	0.0004390910463
259773	0.0006668009039
259774	0.0009142542101
259775	0.0009303407316
259776	0.0009678447088
259777	0.001402358358
259778	0.0003731713012
259779	0.0007261073304
259780	0.000960536747
259781	0.0008321651239
259782	0.001040130077
259783	0.0009580004121
259784	0.001313107764
259785	0.00110798336
259786	0.0005410355435
259787	0.0009927381977
259788	0.001331586223
259789	0.0009582813408
259790	0.001002239157
259791	0.0008367114978
259792	0.001105061812
259793	0.001250619598
259794	0.001122275516
259795	0.00119796898
259796	0.0008352361934
259797	0.001493878192
259798	0.0009917001252
259799	0.0009173673213
259800	0.0007003100369
259801	0.001115509036
259802	0.0005910408231
259803	0.001020826394
259804	0.0007043583671
259805	0.0003811762271
259806	0.001005454793
259807	0.000442048979
259808	0.001354770626
259809	0.001407226933
259810	0.0007874685673
259811	5.072878866e-05
259812	0.001394525796
259813	0.0009345810252
259814	0.0004747951737
259815	0.0001890835937
259816	0.001129065685
259817	0.0008502108911
259818	0.001044897623
259819	0.0007278831231
259820	0.0007432172447
259821	0.001022463837
259822	0.0009495241226
259823	0.001325118728
259824	0.001206997782
259825	0.001047729706
259826	0.001256647259
259827	0.0002845214718
259828	0.001344475337
259829	0.001094288515
259830	0.0004544524432
259831	0.0006799055683
259832	0.001030056685
259833	0.0003757761203
259834	0.00125234195
259835	0.0007939665656
259836	0.001310335627
259837	0.0006470808173
259838	0.00066863825
259839	0.001187004794
259840	0.0007764176644
259841	0.0005674331589
259842	0.0008166793186
259843	0.00193410051
259844	0.0005240478572
259845	0.0006349717738
259846	0.0005573562787
259847	0.001263987413
259848	0.001001715237
259849	0.0007089240913
259850	0.0003336036796
259851	0.001274210553
259852	0.0004490656967
259853	0.001070358818
259854	0.0007687795618
259855	0.0009147518587
259856	0.0006058096247
259857	0.001239742569
259858	0.0008457018212
259859	0.001177880112
259860	0.001229651886
259861	0.001199068041
259862	0.0009620949911
259863	0.001060422991
259864	0.0006162155081
259865	0.0003677980788
259866	0.001014024256
259867	0.0008154218402
259868	0.0003032921806
259869	0.0003554638358
259870	0.0009343750936
259871	0.0006326929414
259872	0.0006893299056
259873	0.0009544414723
259874	0.0008575458811
259875	0.0002076035731
259876	0.0007376636419
259877	0.0009029143346
259878	0.0006188135656
259879	0.000810427198
259880	0.0009486454448
259881	0.0005483503136
259882	0.0004368414787
259883	0.001072653757
259884	0.001212537033
259885	0.0005603921146
259886	0.001055515459
259887	0.0009880707873
259888	0.001145281317
259889	0.0005029832391
259890	0.0004425410343
259891	0.0008350816282
259892	0.0008881948182
259893	0.001410692756
259894	0.001084976469
259895	0.0008850343834
259896	0.001549759744
259897	0.001396224415
259898	0.0006970393121
259899	0.0002572825783
259900	0.0009144408562
259901	0.000968318737
259902	0.000814703523
259903	0.0008083203544
259904	0.000720597582
259905	0.0007008367461
259906	0.0004309864614
259907	0.00134341909
259908	0.00109197005
259909	0.001298371116
259910	0.0009690110304
259911	0.001045468714
259912	0.0007985407794
259913	0.0007276774286
259914	0.0009674719923
259915	0.0008685049233
259916	0.000760466547
259917	0.001127867645
259918	0.001093455775
259919	0.0008988014151
259920	0.0001652144572
259921	0.0004694883187
259922	0.0005589424847
259923	0.0007332523686
259924	0.0009097067031
259925	0.001122930567
259926	0.0009021309551
259927	0.000787224899
259928	0.00133007807
259929	0.0007591387658
259930	0.0008032215286
259931	0.0008962595233
259932	0.0006689030919
259933	0.0009578465963
259934	0.0006457055944
259935	0.001573091186
259936	0.000924460543
259937	0.0009945849314
259938	0.001235973216
259939	0.0003750650845
259940	0.0007317285802
259941	0.0009579931579
259942	0.00056639185
259943	0.0009347398047
259944	0.001282934832
259945	0.001630846662
259946	0.001194862723
259947	0.00129922358
259948	0.0003054220394
259949	0.0005550414678
259950	0.0008648286149
259951	0.0007584329391
259952	0.0004683678205
259953	0.001318343723
259954	0.001313432936
259955	0.001802441042
259956	0.001213997894
259957	0.00141254119
259958	0.001027112808
259959	0.001432157128
259960	0.001045811632
259961	0.001201066952
259962	0.0008135287591
259963	0.001123934354
259964	0.0004399606251
259965	0.001292132499
259966	0.000926760775
259967	0.001290664415
259968	0.0006469474366
259969	0.0009551301647
259970	0.0006933289339
259971	0.00090920275
259972	0.000692064514
259973	0.002055760131
259974	0.001137917587
259975	0.0009527493501
259976	0.0008222356295
259977	0.0007329105054
259978	0.001319608917
259979	0.001444204349
259980	0.0006820980733
259981	0.001221383841
259982	0.0005906266906
259983	0.001112610706
259984	0.001093599191
259985	0.0006357304772
259986	0.0002662741405
259987	0.0005408469103
259988	0.0007698418497
259989	0.001311476143
259990	0.0008884586833
259991	0.00110639036
259992	0.00115916968
259993	0.0007616239347
259994	0.001250316672
259995	0.0003527770595
259996	0.000636760597
259997	0.001362557658
259998	0.001131253117
259999	0.0006888044105
260000	0.0004507239536
260001	0.0003946662916
260002	0.0008691543947
260003	0.001439264792
260004	0.0006814865456
260005	0.000913166286
260006	0.0005356707856
260007	0.0009212081777
260008	0.0007532039408
260009	0.0009760264182
260010	0.0006756971646
260011	0.001173547564
260012	0.000945760714
260013	0.001014525464
260014	0.00094225542
260015	0.0003692859562
260016	0.0003195365765
260017	0.00101006975
260018	0.0002366096129
260019	0.0002162654265
260020	0.001057686985
260021	0.00111586712
260022	0.001089517877
260023	0.0008682842798
260024	0.0004561437759
260025	0.0009164445621
260026	0.0006257205872
260027	0.00146175329
260028	0.001200695867
260029	0.0007621252673
260030	0.001019315378
260031	0.001348919083
260032	0.001264221639
260033	0.0008908968901
260034	0.0001842054508
260035	0.001159796012
260036	0.0005803736238
260037	0.0007181417848
260038	0.00126204852
260039	0.001128867384
260040	0.001369939113
260041	0.001704329201
260042	0.0012005357
260043	0.0009914015566
260044	0.0004566555005
260045	0.001023121006
260046	0.001015916111
260047	0.0005648101861
260048	0.0007006231006
260049	0.0003949093845
260050	0.0006211707791
260051	0.0008634950932
260052	0.000861708028
260053	0.0009642838079
260054	0.0008513468243
260055	0.0009150349235
260056	0.001235509977
260057	0.001001279741
260058	0.001475830308
260059	0.0004794609565
260060	0.0008418646293
260061	0.0009045596098
260062	0.001382617733
260063	0.001046004895
260064	0.0004376036511
260065	0.0006992026338
260066	0.0009657253054
260067	0.0009179025698
260068	0.001701092831
260069	0.000557580997
260070	0.0009861447046
260071	0.00106319328
260072	7.069563574e-05
260073	0.0008593579925
260074	0.000852479905
260075	0.001061397289
260076	0.00122667835
260077	0.0005204964148
260078	0.0008945061006
260079	0.0004994380429
260080	0.0009025751257
260081	0.0004913874456
260082	0.0005861231361
260083	0.0002993231334
260084	0.0008223784756
260085	0.001391030305
260086	0.0006949138841
260087	0.001361704794
260088	0.001570473957
260089	0.0005972136396
260090	0.0009497449339
260091	0.0007463106098
260092	0.0003950484995
260093	0.0007978152491
260094	0.001027011953
260095	0.0005152234195
260096	0.0008767043636
260097	0.001183416676
260098	0.0009471551246
260099	0.0006741986947
260100	0.001215736552
260101	0.001096363544
260102	0.001179527557
260103	0.0005393820503
260104	0.000959815996
260105	0.0005683341435
260106	0.0008303713143
260107	0.0007476183334
260108	0.0008175705856
260109	0.001228265592
260110	0.0004876838725
260111	0.001121802103
260112	0.0009887888348
260113	0.001406623302
260114	0.0003611149851
260115	0.0009546752445
260116	0.001068501546
260117	0.0009486434821
260118	0.000949361817
260119	0.001184235902
260120	0.0009404646624
260121	0.0009758294138
260122	0.00117703992
260123	0.000568834971
260124	0.0005826525096
260125	0.001613182377
260126	0.0006924769579
260127	0.001584902644
260128	0.001412992822
260129	0.0005285848429
260130	0.0007269414389
260131	0.0006827183661
260132	0.00140148282
260133	0.0008119120098
260134	0.0008504330647
260135	0.0005398080656
260136	0.0005477499807
260137	0.0003594357528
260138	0.0008489777989
260139	0.001135322124
260140	0.0003824557886
260141	0.0009012751592
260142	0.00142431085
260143	0.000569205788
260144	0.0008285372326
260145	0.0009641059414
260146	0.0009951819623
260147	0.0009866876344
260148	0.001074370459
260149	0.001135896868
260150	0.001064189208
260151	0.000680297315
260152	0.001527516324
260153	0.0001383805417
260154	0.0009463972401
260155	0.001003536214
260156	0.0005309421082
260157	0.0007790934716
260158	0.0009836956463
260159	0.0005030899829
260160	0.0004370054591
260161	0.0003780713404
260162	0.0007042021918
260163	0.0004759587438
260164	0.001131319612
260165	0.001100899625
260166	0.001236531065
260167	0.001054480002
260168	0.001172837255
260169	0.001104515177
260170	0.00106760106
260171	0.001010030719
260172	0.001275604789
260173	0.000815800763
260174	0.0002451016195
260175	0.0005511606015
260176	0.0006824408307
260177	0.0006002621998
260178	0.0008243157058
260179	0.0009752034901
260180	0.0006622139092
260181	0.0008697475877
260182	0.001190654632
260183	0.0010815493
260184	0.0003026604533
260185	0.001154384559
260186	0.0002799604681
260187	0.0006710217995
260188	0.001278118592
260189	0.001461831224
260190	0.000889126989
260191	0.0005419521664
260192	2.785728424e-05
260193	0.001574614377
260194	0.001083176134
260195	0.0005621063587
260196	0.001378419908
260197	0.001136134583
260198	0.0006492260225
260199	0.001166792589
260200	0.0007416662128
260201	0.00104674784
260202	0.0003141524592
260203	0.0006481591405
260204	0.0009348784998
260205	0.001485548061
260206	0.001045338055
260207	0.0005078881348
260208	0.0008292875541
260209	0.0008986167025
260210	0.0005880418143
260211	0.0004718560508
260212	0.0003427253448
260213	0.001038413323
260214	0.001599674928
260215	0.00116699011
260216	0.001158584877
260217	0.0008174134467
260218	0.001158560718
260219	0.0009704872699
260220	0.0006073533965
260221	0.0005719190731
260222	0.0004952629053
260223	0.001086221012
260224	0.001063654356
260225	0.001170465485
260226	0.0010117565
260227	0.001169191985
260228	0.0007067890397
260229	0.0008245180543
260230	0.001066507797
260231	0.0009838724526
260232	0.001193406197
260233	0.000908334517
260234	0.001131369934
260235	0.0007889500074
260236	0.0003119223197
260237	0.001086561539
260238	0.0006975809215
260239	0.000884901854
260240	0.000586728339
260241	0.0003587633116
260242	0.001458623927
260243	0.0003025885251
260244	0.00120185198
260245	0.001069914588
260246	0.001011078241
260247	0.0003357576409
260248	0.0008910024075
260249	0.0003982662954
260250	0.001213599356
260251	0.0005041494388
260252	0.0008141918016
260253	0.0005264187516
260254	0.0007309664924
260255	0.0005544505694
260256	0.000808022222
260257	0.0006214029958
260258	0.001338917126
260259	0.0009935007589
260260	0.0008996779617
260261	5.058956355e-05
260262	0.0005688604686
260263	0.0007828232399
260264	0.0007035024909
260265	0.001200691153
260266	0.001058450021
260267	0.0007540632272
260268	0.0008325957037
260269	0.000383409401
260270	0.0009314560681
260271	0.001050642403
260272	0.0008271710431
260273	0.001243564557
260274	0.001087161393
260275	0.00124242384
260276	0.001053215478
260277	0.001291260961
260278	0.0009801331544
260279	0.000772826946
260280	0.001301120714
260281	0.000917679756
260282	0.001100645569
260283	0.0009846561922
260284	0.0008454190689
260285	0.001091498202
260286	0.0006618427931
260287	0.0008729251317
260288	0.0009337239418
260289	0.0008480529691
260290	0.0002021358907
260291	0.0008942013356
260292	0.0006235162292
260293	0.001172158952
260294	0.0007779067597
260295	0.000487168539
260296	0.0008866859543
260297	0.000887191732
260298	0.0003008230112
260299	0.000545410145
260300	0.0005216606606
260301	0.001448601558
260302	0.0006835728367
260303	0.0009884088617
260304	0.0007547982724
260305	0.00148468332
260306	0.0009858994757
260307	0.0008362321768
260308	0.001047367509
260309	0.0003930778442
260310	0.001143511877
260311	0.0004046957398
260312	0.0007266155503
260313	0.0005698118321
260314	0.001232659659
260315	0.0009269413047
260316	0.0008305177446
260317	0.00111687307
260318	0.0007236150228
260319	0.0009710523195
260320	0.0005066256425
260321	0.001088744729
260322	0.0007046637603
260323	0.0008188879388
260324	0.0008926107105
260325	0.001234748142
260326	0.001524687525
260327	0.0001775752198
260328	0.001161733231
260329	0.0005452685451
260330	0.0007742583459
260331	0.0008097723765
260332	0.001051901737
260333	0.0008181496163
260334	0.0005492831295
260335	0.001078442634
260336	0.0009325254564
260337	0.0004054052877
260338	0.0006043285411
260339	0.0007405667928
260340	0.0003551903579
260341	0.0008262851726
260342	0.00134042215
260343	0.001468513558
260344	0.0006937571896
260345	0.000427852
260346	0.001238595688
260347	0.0002826324009
260348	0.001662035518
260349	0.001320347415
260350	0.0005931598262
260351	0.001034395351
260352	0.0006829499403
260353	0.001212874243
260354	0.0003879327937
260355	0.00109264265
260356	0.0007923277011
260357	0.0009969717623
260358	0.0008501968706
260359	0.0004711872132
260360	0.0007173712453
260361	0.001361025522
260362	0.001244606137
260363	0.0009775305407
260364	0.0008825218408
260365	0.0007783274796
260366	0.0007860887413
260367	0.00119173424
260368	0.0004669878441
260369	0.0009619492182
260370	0.001012388087
260371	0.000693606754
260372	0.000976184856
260373	0.00136090446
260374	0.001640126956
260375	0.0009162383388
260376	0.0007462785728
260377	0.001404673698
260378	0.001355152139
260379	0.0005563526315
260380	0.001497983395
260381	0.001063058498
260382	0.0005717189501
260383	0.001260683576
260384	0.001145785467
260385	0.0009062357935
260386	0.0009419420344
260387	0.0003359686274
260388	0.00105050565
260389	0.001225239928
260390	0.000868459863
260391	0.001345496604
260392	0.001318210813
260393	0.0008889673683
260394	0.001094242879
260395	0.001095121116
260396	0.0006876606857
260397	0.0002118539716
260398	0.0007835149758
260399	0.001368119183
260400	0.0007620377572
260401	0.0006259257833
260402	0.0004611757347
260403	0.0007396960315
260404	0.001938313348
260405	0.0004290911128
260406	0.0009028523981
260407	0.001158539971
260408	0.001035380503
260409	0.000531845102
260410	0.0008848432303
260411	0.00102244932
260412	0.0009472787771
260413	0.0004903021436
260414	0.0001326914043
260415	0.0007731217152
260416	0.001137900246
260417	0.00110926562
260418	0.001130031856
260419	0.0006943160745
260420	0.0009032153712
260421	0.0003974309215
260422	0.0005721927026
260423	0.0008786733585
260424	0.001079332191
260425	0.0008188987987
260426	0.0008865788163
260427	0.0006867578078
260428	0.0008647138934
260429	0.0009021852674
260430	0.0002802724671
260431	0.00118952169
260432	0.0008974051803
260433	0.0002008948856
260434	0.0006347806805
260435	0.0009344725139
260436	0.0007242247172
260437	0.0005860511146
260438	0.001832008427
260439	0.0008549390699
260440	0.001521645851
260441	0.001246331524
260442	0.0005593236139
260443	0.0007242035725
260444	0.001270586061
260445	0.001580450873
260446	0.001393057994
260447	0.0005925820488
260448	0.001031847179
260449	0.0005997936122
260450	0.0009068088384
260451	0.001084537285
260452	0.0009670714146
260453	0.001457588908
260454	0.0005228557467
260455	0.001168896933
260456	0.0007823322623
260457	0.001008903065
260458	0.000907949185
260459	0.001025022495
260460	0.0007395228591
260461	0.0008029927247
260462	0.0002873913145
260463	0.001968928373
260464	0.001209935267
260465	0.001201607121
260466	0.0009664079275
260467	0.0004969250624
260468	0.00113793325
260469	0.0004515361705
260470	0.00108804184
260471	0.0007526172324
260472	0.0007233133356
260473	0.001584801854
260474	0.0008722055423
260475	0.0007627917109
260476	0.0008648888954
260477	0.001122813225
260478	0.0008691422707
260479	0.0007921814754
260480	0.0004430209768
260481	0.001022662623
260482	0.0009613810327
260483	0.0005820306937
260484	0.001161282262
260485	0.0008328280129
260486	0.0005960385887
260487	0.00104945156
260488	0.0009594431401
260489	0.0008856685769
260490	0.00127735439
260491	0.0002604830512
260492	0.001071498486
260493	0.001143361403
260494	0.001472354892
260495	0.0008875709141
260496	0.001113504896
260497	0.0003398399466
260498	0.001204086029
260499	0.0004376920239
260500	0.0002786483904
260501	0.001032179403
260502	0.0006277483907
260503	0.001242314869
260504	0.001047799721
260505	0.0007015494794
260506	0.0009970743588
260507	0.0008179804212
260508	0.001021526207
260509	0.001235350178
260510	0.001315223647
260511	0.0001779035994
260512	0.0005980325066
260513	0.001797015715
260514	0.0004974228161
260515	0.0006843096363
260516	0.00082603671
260517	0.00107995986
260518	0.0007613216289
260519	0.0006840456939
260520	0.0008811429418
260521	0.000758674064
260522	0.001497978468
260523	0.0006878295727
260524	0.001004931835
260525	0.0005258092835
260526	0.0008746130864
260527	0.0008592777327
260528	0.0004225259729
260529	0.0002620560917
260530	0.0009527355282
260531	0.001462596862
260532	0.0004918419131
260533	0.001159169323
260534	0.0009122494145
260535	0.0006673199217
260536	0.001385377516
260537	0.001364678136
260538	0.001282249074
260539	0.001234302551
260540	0.0006587279348
260541	0.0009409466858
260542	0.001051121857
260543	0.0005740484457
260544	0.0007141664116
260545	0.0009614743149
260546	0.001153931038
260547	0.001024519557
260548	0.001081617446
260549	0.0007881810709
260550	0.0005994998979
260551	0.0007180505408
260552	0.0001009733809
260553	0.001251596965
260554	0.0005332331789
260555	0.0008259434157
260556	0.001221645351
260557	0.001315188086
260558	0.0009073654816
260559	0.001052422926
260560	0.0008636031103
260561	0.0008841933488
260562	0.0006661589008
260563	0.001063186786
260564	0.0009531746918
260565	0.001266014954
260566	0.000867422194
260567	0.001240042036
260568	0.001271723221
260569	0.0007461463382
260570	0.000815425486
260571	0.001035837096
260572	0.00123761244
260573	0.001012157525
260574	0.001559946527
260575	0.0008180734318
260576	0.0006145544245
260577	0.000592502299
260578	0.0006528088959
260579	0.000884875075
260580	0.001023877121
260581	0.0005411384608
260582	0.001028841364
260583	0.0007051691091
260584	0.0006008495107
260585	0.0008786064218
260586	0.00098244766
260587	0.0003169483975
260588	0.0006146948551
260589	0.001542602083
260590	0.0008795200214
260591	0.0007135496692
260592	0.001518381181
260593	0.0004460675286
260594	0.001115315632
260595	0.00101733966
260596	0.0008755151228
260597	0.001411965468
260598	0.001202584726
260599	0.00127641263
260600	0.0009840333035
260601	0.001262378772
260602	0.0009041095108
260603	0.000775072592
260604	0.0005964383097
260605	7.175147273e-05
260606	0.0002765454581
260607	0.0009351870425
260608	0.0008531029881
260609	0.0004102657978
260610	0.0007805614404
260611	0.001087540117
260612	0.001192422913
260613	0.0001141381926
260614	0.0007039405411
260615	0.001061389307
260616	0.000998909318
260617	0.001719968303
260618	0.0008133917844
260619	0.000710628995
260620	0.0007573285648
260621	0.001145952215
260622	0.0008695995474
260623	0.001116555588
260624	0.001199903538
260625	0.0005781869521
260626	0.0008051523147
260627	0.0008669905787
260628	0.0009975473214
260629	0.000650005853
260630	0.0009944876804
260631	0.0007466708104
260632	0.0002730607831
260633	0.0003471325939
260634	0.0009958678445
260635	0.0009177952594
260636	0.001811958054
260637	0.001146251019
260638	0.0002221109179
260639	0.001185984808
260640	0.0005000271945
260641	0.00128051749
260642	0.001288825301
260643	0.001402124993
260644	0.0005458205778
260645	0.0006553099223
260646	0.0008990163778
260647	0.0008944981911
260648	0.0009497208229
260649	0.0006594791429
260650	0.0006925374741
260651	0.0007475863647
260652	0.0006490572805
260653	0.0009699209399
260654	0.000109222479
260655	0.000552622786
260656	0.001276702823
260657	0.0006700793945
260658	0.0005844380133
260659	0.001015231215
260660	0.0004997662624
260661	0.0007645952953
260662	0.001111011045
260663	0.0005396761579
260664	0.0007840271097
260665	0.0008194079574
260666	0.0007117095734
260667	0.0003117833298
260668	0.0002993455252
260669	0.000900334628
260670	0.0009449769611
260671	0.001113900639
260672	0.0007595177583
260673	0.002093694421
260674	0.000948765245
260675	0.000262924179
260676	0.001033098948
260677	0.001044499007
260678	0.0006863546745
260679	0.0006271587086
260680	0.001015882399
260681	0.001036910491
260682	0.0006449742937
260683	0.0003356054076
260684	0.001314485075
260685	0.00100222911
260686	0.0009402503361
260687	0.0009390418067
260688	0.0007567802607
260689	0.001103705371
260690	0.001196308229
260691	0.001016599898
260692	0.001149928096
260693	0.0008942732781
260694	0.0007961182378
260695	0.0004048825168
260696	0.001273648789
260697	0.0004063187022
260698	0.0009267341727
260699	0.0008724713671
260700	0.0008604979914
260701	0.001576041076
260702	0.001090914456
260703	0.0006747802135
260704	0.0009627209839
260705	0.0009041281954
260706	0.001295719448
260707	0.001183531003
260708	0.000134807795
260709	0.00124354084
260710	0.001103642518
260711	0.001283914019
260712	0.0009883751794
260713	0.001326548891
260714	0.0006552836902
260715	0.001262405268
260716	0.0009292701458
260717	0.0009242765768
260718	0.0002309146051
260719	0.0009286779216
260720	0.001066230896
260721	0.0004153171497
260722	0.0008968313631
260723	0.00125516099
260724	0.001028683121
260725	0.0008726403703
260726	0.0002412491351
260727	0.0006786145554
260728	0.001014567101
260729	0.00111706835
260730	0.0002470391054
260731	0.0002993628512
260732	0.001196660256
260733	0.001235494769
260734	0.0007216909364
260735	0.0003353510262
260736	0.0007557067032
260737	0.00127588802
260738	0.0009446061621
260739	0.0005261651285
260740	0.0002667725048
260741	0.0003885365019
260742	0.00109756089
260743	0.001095977127
260744	0.0006258692362
260745	0.001622721152
260746	0.001078120687
260747	0.001061734875
260748	0.001139319885
260749	8.062697512e-05
260750	0.0008556129781
260751	0.0008349037124
260752	0.0009874684191
260753	0.001106267065
260754	0.0006800026571
260755	0.001098766395
260756	0.001418296254
260757	0.00131845539
260758	0.001238269873
260759	0.0008868786722
260760	0.001117775148
260761	0.0008718699225
260762	0.00139169043
260763	0.0007707419249
260764	0.0007480162771
260765	0.000279274461
260766	0.001104038913
260767	0.001467181742
260768	0.0007353641382
260769	0.0007774739992
260770	0.0009027180783
260771	0.0001020701083
260772	0.0002685527183
260773	0.000607381691
260774	0.000912731257
260775	0.001034384638
260776	0.000712199633
260777	0.001458417479
260778	0.0008921502846
260779	0.00101297896
260780	0.001471432432
260781	0.001141842148
260782	0.001749147833
260783	0.0001821248299
260784	2.322213613e-05
260785	0.000608492164
260786	0.001396123145
260787	0.0009424555742
260788	0.0009871412591
260789	0.001220697698
260790	0.000459539191
260791	0.001211460777
260792	0.001173668596
260793	0.0008834756324
260794	0.001021435721
260795	0.003019701718
260796	0.0003193408492
260797	0.001413930866
260798	0.001152517253
260799	0.0002052447995
260800	0.00034148854
260801	0.0001903853116
260802	1.8578834e-05
260803	0.0004442824472
260804	0.0005434376805
260805	0.0005938093515
260806	0.001715397174
260807	0.0004709553774
260808	1.784620577e-05
260809	0.0003132200212
260810	2.647488626e-06
260811	0.0002257427532
260812	0.0001323672512
260813	0.0001737780083
260814	0.0002112419585
260815	1.353158902e-06
260816	0.0008107178615
260817	0.001391798576
260818	0.0004811811344
260819	0.001400801582
260820	0.002759903719
260821	0.0003619333396
260822	0.0006767565652
260823	0.002362026691
260824	0.0009756860765
260825	0.003306356128
260826	0.0006483749886
260827	0.0003675752501
260828	0.0005826232521
260829	0.002521390463
260830	0.003851214551
260831	0.000878711223
260832	0.003825611007
260833	2.834583308e-05
260834	0.0002917846906
260835	0.0008784223957
260836	0.0001930031368
260837	0.0003114922562
260838	0.0001507287563
260839	0.0001876173189
260840	0.0002120920546
260841	0.0001669387171
260842	7.522836617e-05
260843	0.0003508320069
260844	1.336194382e-06
260845	0.0001702033989
260846	0.0001000644707
260847	0.0001153144165
260848	1.078932258e-05
260849	7.238586533e-05
260850	0.0001217590361
260851	3.154479204e-05
260852	0.0006069536578
260853	7.814898891e-05
260854	0.0007460605494
260855	8.739766422e-05
260856	0.000218509552
260857	0.0006622698784
260858	1.66010105e-05
260859	0.0006644144124
260860	9.99685963e-05
260861	3.129993882e-05
260862	0.000284614991
260863	0.0001368070212
260864	0.0003252012778
260865	0.0001205961966
260866	0.0001367549494
260867	0.0007226685936
260868	0.0002694940124
260869	8.850246761e-05
260870	2.856768738e-05
260871	6.092932512e-06
260872	0.0001570509163
260873	2.81192574e-05
260874	0.0005787384668
260875	0.0005997874997
260876	0.0006760830882
260877	9.907369927e-05
260878	0.0001724904046
260879	0.0001087903041
260880	0.000862005592
260881	0.0001054994696
260882	0.000191427139
260883	0.0001849249338
260884	0.0001050715843
260885	0.0002863779767
260886	0.0002429033824
260887	3.626188419e-05
260888	0.001033549672
260889	0.0004994735971
260890	1.142488953e-05
260891	0.0002248192951
260892	0.001123011995
260893	0.0001106864471
260894	0.0001277348157
260895	0.0005644107541
260896	9.880834099e-05
260897	4.53676773e-05
260898	5.881809739e-05
260899	0.0007414443658
260900	0.0007449621535
260901	2.461269531e-05
260902	0.0003350304719
260903	1.782180779e-05
260904	0.0001145601519
260905	0.0005417726709
260906	0.001342930848
260907	0.0002107583729
260908	8.663792004e-05
260909	0.0002230654141
260910	9.560243438e-05
260911	0.0002657715504
260912	0.001164637015
260913	0.0003339060793
260914	0.000114706322
260915	0.0001149788388
260916	0.001696590364
260917	0.0006061612646
260918	0.0001244225781
260919	0.0003537217902
260920	0.001398213396
260921	0.0007238406256
260922	0.001080857121
260923	0.002348174767
260924	0.0003920680862
260925	0.0002129923817
260926	0.0002740312519
260927	9.612220351e-05
260928	0.0009009823041
260929	0.003340864527
260930	0.001376318855
260931	0.002498618529
260932	7.744998965e-05
260933	0.002681652848
260934	0.001867237341
260935	0.00131728927
260936	0.0005687730699
260937	0.0009201471567
260938	1.152034341e-05
260939	0.003917305405
260940	0.0007515737209
260941	0.0001613644445
260942	0.001217771904
260943	0.001745111892
260944	0.0004718350614
260945	0.0006007125763
260946	0.0001921665176
260947	0.001923565036
260948	0.000793981386
260949	0.0001216048178
260950	0.001019414387
260951	0.003185941316
260952	0.0006905502919
260953	0.000897185974
260954	0.002390732396
260955	0.003197719916
260956	0.007850949816
260957	0.0009851971289
260958	0.002158726727
260959	0.001256735162
260960	0.001475669398
260961	0.0005434563642
260962	0.0004259100591
260963	0.006161272929
260964	0.0007962605653
260965	0.008996419082
260966	0.00479125832
260967	0.001274373767
260968	0.001092957889
260969	0.001975375319
260970	0.002921296571
260971	0.004875869251
260972	0.0005928811369
260973	0.001575512705
260974	0.003266890147
260975	7.69163404e-05
260976	0.0006689264763
260977	0.0009191857182
260978	0.0007160657675
260979	0.001039377973
260980	0.001101825666
260981	0.0007883435439
260982	0.0008163087426
260983	0.0002456001858
260984	0.0009921358446
260985	0.0005992310915
260986	0.001461633018
260987	0.0005280017747
260988	0.0003520738295
260989	0.000331596906
260990	0.00120767805
260991	0.0001688427845
260992	0.003564302906
260993	0.0005446719961
260994	0.000711069617
260995	0.0016659944
260996	0.001238945541
260997	0.001964382101
260998	0.0006423318051
260999	0.001688134874
261000	0.0003323755151
261001	0.0003872838609
261002	0.000593175324
261003	0.003471379522
261004	0.001640009004
261005	0.0007668801187
261006	0.0004760751858
261007	0.004269733043
261008	0.001220919564
261009	0.00273548436
261010	0.001504770952
261011	0.0006264337446
261012	0.0009602089429
261013	0.003830243721
261014	0.0002855516018
261015	0.001507864311
261016	0.001977412504
261017	0.001576272818
261018	0.003460267205
261019	0.00126961386
261020	0.0003230255953
261021	0.00341398639
261022	0.001296114254
261023	0.0002703285328
261024	0.001793862377
261025	0.001654735351
261026	0.0007971406015
261027	0.002282997743
261028	0.0001867236723
261029	0.002564302157
261030	0.004356316205
261031	0.001354011394
261032	0.002592997519
261033	0.002475029044
261034	0.0006225249713
261035	0.0004297081385
261036	0.001862741092
261037	0.001641891129
261038	0.0009105800383
261039	0.003089860712
261040	0.003052911699
261041	0.001671935191
261042	0.001064858948
261043	0.003374281529
261044	0.0007838635157
261045	0.002707950687
261046	0.002053415523
261047	0.001998516851
261048	8.586307763e-05
261049	0.0001193374816
261050	0.005025201898
261051	0.002039013007
261052	0.003274677248
261053	0.002170862061
261054	0.001918071611
261055	0.002555236666
261056	0.001331356433
261057	0.0005930024605
261058	0.004086587593
261059	0.002426684056
261060	0.001018209211
261061	0.0009344550801
261062	0.004015636151
261063	0.003700242023
261064	0.001364174377
261065	0.003015468466
261066	0.0004638782613
261067	0.0002899419829
261068	0.002499765125
261069	0.002542583321
261070	9.080232421e-05
261071	0.0003499017418
261072	0.004629881645
261073	0.002709418454
261074	0.001271312876
261075	0.001880045322
261076	0.0001108739001
261077	0.003466950892
261078	0.001049943154
261079	0.0006360084958
261080	0.0002499286126
261081	0.002403665929
261082	0.0009883974533
261083	0.0009137721501
261084	0.001217256006
261085	0.00256816854
261086	0.001138714327
261087	0.0008630097144
261088	0.0001096246785
261089	0.001198592991
261090	8.410260158e-06
261091	0.005403205705
261092	0.0002066994881
261093	0.002128282543
261094	0.0006106319192
261095	0.001452667399
261096	0.001381370058
261097	0.0008341967474
261098	0.0006941385939
261099	0.0001724643391
261100	0.0004782729998
261101	0.00064387876
261102	0.0004968715906
261103	0.0008527819142
261104	0.001099869642
261105	0.001277507898
261106	0.0005648178197
261107	0.0001280671844
261108	0.000868956152
261109	0.0005966233703
261110	0.0001163748805
261111	0.0001794484475
261112	0.000507474274
261113	0.0003553910309
261114	0.0005725293674
261115	0.001469592812
261116	0.0004164716455
261117	0.0009563961365
261118	0.001442171908
261119	0.001233617955
261120	0.001926939747
261121	0.0009464205192
261122	1.027587953e-06
261123	0.001265076992
261124	0.0003282110282
261125	0.0002451303827
261126	0.001878120321
261127	0.0006995053179
261128	0.0003203661815
261129	0.0003728017587
261130	0.0008545698574
261131	0.002438109217
261132	0.0002580810229
261133	0.0003936653703
261134	0.0006311736039
261135	0.0006235769774
261136	0.000693531977
261137	0.0005339505369
261138	0.0003650483401
261139	0.0001522175393
261140	0.0001179974969
261141	0.0002712430096
261142	0.0006993823617
261143	0.0002389785263
261144	0.0009682225529
261145	0.0007375385391
261146	0.0002367689577
261147	8.598990129e-05
261148	0.0006315002205
261149	6.510510754e-07
261150	0.0007665463225
261151	0.0002251388375
261152	0.001525960143
261153	0.0001702275223
261154	0.001282114604
261155	0.0004400684993
261156	0.0005875050495
261157	0.0001148136504
261158	0.0004234393907
261159	0.00173549498
261160	9.338168143e-05
261161	0.002246219815
261162	0.0005554857359
261163	0.001673626432
261164	0.001042974235
261165	0.0001348242549
261166	0.0004221251417
261167	0.0009704022981
261168	0.001510570148
261169	0.001735980094
261170	0.000114958562
261171	0.0006566815637
261172	0.0001190795285
261173	0.0008875961148
261174	0.0002009004037
261175	0.001312949583
261176	4.027960917e-05
261177	0.0004034814163
261178	0.001942418353
261179	0.0001298784991
261180	0.0001360384954
261181	0.001666403541
261182	0.0006383800762
261183	1.432688214e-08
261184	0.001045974708
261185	0.002435603632
261186	0.0003588618303
261187	0.002814457655
261188	0.0004802859921
261189	0.000961373882
261190	0.0007972240683
261191	0.001204416981
261192	0.0002148570426
261193	0.001563470342
261194	0.001286943617
261195	0.0006977341299
261196	0.001331194512
261197	0.001194802781
261198	0.0005244205809
261199	0.0009665992736
261200	0.00130751411
261201	0.0003761626176
261202	0.001097845727
261203	0.001091672689
261204	0.0008068786768
261205	0.0007041063177
261206	0.0001200205839
261207	0.0003531124999
261208	0.0004784795971
261209	0.0003742384395
261210	0.0001208013826
261211	0.001298534818
261212	0.0004800748372
261213	0.0009206785817
261214	0.0006657396486
261215	0.001330045518
261216	0
261217	0.0006730196502
261218	0.0009593402553
261219	0.00107768078
261220	0.001538493034
261221	0.001490587118
261222	1.123851191e-05
261223	0.000668893778
261224	0.0009840117031
261225	0.0002301373211
261226	0.003948244027
261227	0.0004960463662
261228	0.002009066321
261229	0.0006889080927
261230	0.00324882899
261231	0.0007508458645
261232	5.177781853e-06
261233	0.001101496639
261234	0.00160967659
261235	0.001333667967
261236	0.0007075786382
261237	0.00213474524
261238	0.0002887456142
261239	0.004291139824
261240	7.46158117e-05
261241	0.0003551868785
261242	0.0009564226989
261243	2.901459467e-05
261244	0.001650143578
261245	0.002043504996
261246	0.0001207327579
261247	9.999109822e-05
261248	0.001050101158
261249	0.00155039132
261250	0.0004842845888
261251	0.001106021599
261252	0.001817649681
261253	0.001501715538
261254	0.0005290447448
261255	0.001193386139
261256	0.0002627488093
261257	0.0006681306334
261258	0.0008186058346
261259	0.0003372809469
261260	0.0001337959637
261261	0.001357602638
261262	0.001891799805
261263	0.0005222047325
261264	0.000636647709
261265	0.002619386236
261266	0.00120251246
261267	0.0002900085831
261268	0.0003715716756
261269	0.0002802645543
261270	0.0004996666034
261271	0.002218821496
261272	0.0009130632811
261273	0.0006385550888
261274	0.00229693684
261275	0.0007698868964
261276	0.0002795997826
261277	0.001775267218
261278	0.000143435816
261279	0.0001426024778
261280	0.001243972262
261281	0.0007964163323
261282	2.624048598e-05
261283	0.002040401217
261284	0.0002318705845
261285	0.0001915373581
261286	0.0002277259417
261287	0.001166278073
261288	0.0008291241227
261289	0.0007122676678
261290	0.0008131711907
261291	0.001560118049
261292	0.00100726674
261293	0.001536364832
261294	0.001434339219
261295	0.001343559007
261296	0.0006392711471
261297	0.0007049130438
261298	0.0005500396039
261299	0.0002343388795
261300	0.001670715517
261301	0.001087023185
261302	0.0008771821775
261303	0.0002363869748
261304	0.0007114546543
261305	0.000470989634
261306	0.002093280651
261307	0.0003619033023
261308	0.003174427762
261309	0.002922947674
261310	0.0008811738618
261311	2.689986023e-05
261312	0.0009217079637
261313	0.000622899992
261314	0.0001373060897
261315	0.00146467379
261316	0.0007009952146
261317	0.001014553804
261318	0.0001645303307
261319	0.001920181911
261320	0.004520149876
261321	0.0002902973148
261322	0.0001829821885
261323	0.002212809895
261324	0.0008968209336
261325	0.003057614986
261326	0.005574017689
261327	0.004091813166
261328	0.00144679926
261329	0.003248011746
261330	0.002767770733
261331	0.000116569629
261332	0.002502077782
261333	0.003772300859
261334	0.002801933635
261335	0.005870789061
261336	0.001750687811
261337	0.0006701296033
261338	0.002144665021
261339	0.00152869797
261340	0.001653700268
261341	0.0005613975235
261342	0.000438147615
261343	0.0008270862066
261344	0.0004286574136
261345	0.0003085168863
261346	0.001302020924
261347	0.000350214921
261348	0.0007781187387
261349	0.001045877026
261350	0.0005462685329
261351	0.0001177061192
261352	0.0008746454309
261353	0.001709596117
261354	0.0005555009981
261355	0.0001739431695
261356	7.554317255e-05
261357	3.542064819e-06
261358	0.0006177893794
261359	8.368887441e-05
261360	5.467475517e-05
261361	0.0008117146746
261362	0.0009227757395
261363	0.000176098511
261364	0.0006009829604
261365	3.109030887e-08
261366	0.001374111391
261367	0.0004348381277
261368	0.0002929903219
261369	0.001085038863
261370	0.000529258963
261371	0.001082940997
261372	0.0001279778028
261373	0.002333025467
261374	0.001184041153
261375	0.0001441991516
261376	0.0007126133504
261377	0.001383500375
261378	0.0005378754038
261379	0.001143114626
261380	0
261381	0.0003745691585
261382	0.0008200501149
261383	0.0003526773078
261384	0.001025899989
261385	0.0006926870491
261386	0.0006000477026
261387	0.00143970329
261388	6.258946269e-05
261389	0.0007348481632
261390	0.002975749338
261391	0.0006151783316
261392	0.001493805196
261393	7.982120052e-08
261394	4.520132075e-06
261395	0.0002566003217
261396	0.002531583395
261397	0.004142107866
261398	0.0009223114015
261399	0.0002377931039
261400	0.00372882366
261401	0.0003015761329
261402	0.006128826188
261403	0.0019921252
261404	0.0005461131072
261405	0.0011322535
261406	0.0002019766692
261407	0.004091964719
261408	0.003582054993
261409	0.002598071853
261410	0.0003473231813
261411	8.442500629e-05
261412	0.0008831732775
261413	0.0002129926881
261414	0.0002853318439
261415	0.004794219008
261416	0.0001256298938
261417	0.0003491920645
261418	0.0002164076768
261419	0.0005338675997
261420	0.0001500170715
261421	0.001097685907
261422	0.0006284232715
261423	0.001763683768
261424	0.003827088565
261425	0.004160480108
261426	0.0005207341803
261427	0.0006964694857
261428	0.002174841609
261429	0.002694208346
261430	0.002080638886
261431	0.0004908962604
261432	0.0004137445499
261433	0.0001613895903
261434	0.0003828028073
261435	0.000408641899
261436	0.0009488505052
261437	0.000583348801
261438	0.001531068424
261439	0.001842253563
261440	0.004451546474
261441	0.000926461198
261442	0.0006121082513
261443	0.000585923065
261444	0.0001486506356
261445	0.001792316555
261446	0.0006931331753
261447	0.00123479289
261448	0.002363069075
261449	0.00140615971
261450	0.001674672625
261451	0.0008623035076
261452	0.0001982209354
261453	0.0005766242714
261454	0.0006885654948
261455	0.001482871489
261456	0.002342969954
261457	0.001567077062
261458	0.001440554364
261459	0.0006837929853
261460	0.001904418814
261461	0.0009551517401
261462	0.0006455364837
261463	0.003169405809
261464	0.001578276718
261465	0.0002354009118
261466	0.0006219060886
261467	0.001194010792
261468	0.001517515293
261469	0.002174642688
261470	0.002049474256
261471	0.002079767305
261472	0.0007125395986
261473	0.001522131856
261474	0.003585918497
261475	0.00123411783
261476	0.002030858707
261477	0.002693453868
261478	0.0004328685701
261479	0.002479785205
261480	0.002021789322
261481	0.002165612645
261482	4.5799989e-05
261483	0.002897909292
261484	0.0002111330807
261485	0.0001919807442
261486	0.001940896992
261487	0.0005117709233
261488	0.002810181042
261489	0.0001838032194
261490	0.0001058000073
261491	0.001779832765
261492	0.001407827571
261493	0.000485158475
261494	0.0006396325753
261495	0.002302587346
261496	0.002108931291
261497	0.002005401209
261498	8.775089142e-05
261499	0.0008152466134
261500	0.0004543181064
261501	0.001112672158
261502	0.0002410549143
261503	0.0005251083021
261504	0.000604613296
261505	0.0002749262827
261506	0.0005767662259
261507	0.00151075566
261508	0.0005139234501
261509	0.0003495882479
261510	0.0005943472155
261511	0.001567057349
261512	0.001668537534
261513	0.0006136974371
261514	1.232065237e-05
261515	0.0005249169247
261516	0.001172683559
261517	0.000933937637
261518	0.001100323022
261519	0.0002610740983
261520	0.0007261191392
261521	0.0001120696957
261522	9.189252282e-05
261523	0.0002091653706
261524	0.0004911202139
261525	0.002209037125
261526	8.456883147e-06
261527	0.0003635490532
261528	1.632119051e-05
261529	0.0001283187085
261530	0.000805919511
261531	0.001918696012
261532	0.003342924499
261533	5.737899372e-05
261534	0.001070372745
261535	0.0005496739274
261536	0.001574118599
261537	0.0006192979238
261538	0.0007224871333
261539	0.0002467576613
261540	0.002493437824
261541	0.005220640009
261542	0.001109530844
261543	0.005394912994
261544	0.002017389023
261545	0.003553044338
261546	0.0008733469766
261547	0.003550555097
261548	0.004083421338
261549	0.001747534275
261550	0.002298552008
261551	0.001301570169
261552	0.002660311991
261553	0.004885718823
261554	0.00074113966
261555	0.0005613814029
261556	0.001386503866
261557	0.006576960363
261558	0.0008252722992
261559	0.001375728589
261560	0.00332927751
261561	0.001043953181
261562	0.002799199636
261563	0.0001562984041
261564	0.002540189949
261565	0.002821689583
261566	0.002150922149
261567	0.003842114816
261568	0.0006739825469
261569	0.001166650196
261570	0.0007510031918
261571	0.002809426408
261572	0.001317092898
261573	0.001313360928
261574	0.0011143146
261575	0.006141718273
261576	0.0003697239404
261577	1.352303156e-05
261578	0.0003304367164
261579	0.002044615332
261580	0.003393489386
261581	0.001214848316
261582	0.001005233045
261583	0.0001753118332
261584	0.002125299035
261585	0.001907619022
261586	0.0009839202943
261587	0.0002353967045
261588	0.0003666966593
261589	0.00413922513
261590	0.0002532957497
261591	0.000417879815
261592	0.002406584571
261593	0.0009642433564
261594	0.001161695653
261595	0.001411728466
261596	0.0009344190044
261597	0.0006676575339
261598	0.002025541799
261599	0.002903321942
261600	0.003433251919
261601	0.002849335666
261602	0.001370872724
261603	0.002519462534
261604	0.003118220877
261605	0.003287187508
261606	0.002950431591
261607	0.00265186951
261608	0.002930942637
261609	0.002962823366
261610	0.003371846301
261611	0.001007195501
261612	0.0006933343762
261613	0.001864098707
261614	0.0009171941097
261615	0.001266536312
261616	9.100906334e-05
261617	0.0005783743231
261618	0.0002134581288
261619	7.504205723e-05
261620	0.00120023451
261621	0.001901950006
261622	0.0005522389908
261623	0.0003898418784
261624	0.000183939346
261625	3.928845222e-05
261626	4.714345487e-05
261627	0.0005053785258
261628	0.0004827378923
261629	0.0001220698104
261630	2.807904629e-05
261631	0.0004390267775
261632	0.0003117979174
261633	0.0006832017899
261634	0.0005781857101
261635	0.0004748285125
261636	6.814555873e-05
261637	1.155797172e-05
261638	0.0005243976786
261639	0.0003238241966
261640	0.0006997944553
261641	0.0003442697548
261642	0.000553749721
261643	0.0006023372831
261644	0.0004441278082
261645	0.0001255328511
261646	3.300975681e-05
261647	0.0002103400348
261648	0.000808737763
261649	0.0002578884125
261650	0.0001026180076
261651	0.0001971713771
261652	0.0003653830878
261653	0.000804443213
261654	2.70589026e-05
261655	0.0005926768885
261656	0.0003681728589
261657	2.625391826e-07
261658	1.038491473e-06
261659	0.0001380010058
261660	1.471955418e-06
261661	3.628798759e-07
261662	8.583320591e-08
261663	0.0001379074157
261664	3.287827964e-07
261665	2.620016336e-07
261666	4.493942602e-09
261667	5.898893697e-07
261668	0.0001375031546
261669	0.0001372335159
261670	0.0001381257742
261671	0.0001365995882
261672	0.0001367161502
261673	3.049679913e-06
261674	7.905120321e-07
261675	0.0001369290593
261676	2.002540628e-08
261677	0.0001361564222
261678	0.0001356910803
261679	1.657975749e-07
261680	0.0001378686674
261681	4.100957176e-07
261682	1.570174097e-06
261683	7.785238747e-07
261684	0.0001372691711
261685	0.0001365593354
261686	1.540345639e-07
261687	6.441003209e-08
261688	0.0001377658746
261689	7.273126989e-07
261690	8.618454344e-07
261691	0.000137790522
261692	3.308974738e-07
261693	0.001946518062
261694	0.00115692847
261695	0.0001756162325
261696	0.002345675564
261697	0.001082673477
261698	0.002159862792
261699	4.292016584e-05
261700	0.004208086734
261701	0.000507492358
261702	0.001709666872
261703	0.001412910613
261704	0.003117080492
261705	0.0006588506133
261706	0.003222212375
261707	0.002267449669
261708	2.419773399e-05
261709	0.009609307264
261710	0.003805865186
261711	7.5594621e-05
261712	0.00403710828
261713	0.0008222966819
261714	0.004115059311
261715	0.001055610009
261716	0.0009031882904
261717	0.0009831784237
261718	0.0006120612811
261719	0.001966703808
261720	0.002319616315
261721	0.0001308538525
261722	0.0002346341901
261723	0.0002279795712
261724	0.001026838848
261725	0.0005066619309
261726	0.0003511386562
261727	0.002908191598
261728	0.002099798093
261729	0.002139642361
261730	0.001546198479
261731	0.0002319734064
261732	0.0004938141438
261733	3.037990106e-07
261734	0.0003346649009
261735	0.0003401442363
261736	0.001023339376
261737	0.0005704104725
261738	0.0001151922814
261739	0.0001177682416
261740	0.0004581257821
261741	0.0004290064856
261742	5.170503016e-07
261743	0.0009367815266
261744	1.228018467e-08
261745	8.125338049e-08
261746	0.0002474870346
261747	0.0008391182351
261748	0.001967784919
261749	0.0005835290713
261750	0.0009463969203
261751	0.0007601526328
261752	0.001327474085
261753	0.001167749963
261754	8.487284183e-07
261755	1.381857165e-07
261756	0.0008948034114
261757	0.0001456006116
261758	0.0008507639909
261759	0.0009404954582
261760	2.003815164e-08
261761	0.0001911200991
261762	0.0002774184736
261763	0.0004207527297
261764	0.0001422376671
261765	0.0003597932749
261766	0.001360805797
261767	0.0002226325605
261768	0.000162612778
261769	0.0004090093027
261770	0.0006154576739
261771	0.0007410462334
261772	0.0009020274313
261773	2.988591021e-05
261774	0.000254785781
261775	0.0001869610133
261776	0.0005202578054
261777	0
261778	0.0001421442836
261779	0.0006575773914
261780	0.0002182721674
261781	0.00195149232
261782	0.001787293989
261783	0.00401940419
261784	0.0002706641489
261785	0.003418388003
261786	0.0009091848661
261787	0.0001528614166
261788	0.003039028833
261789	0.00154131353
261790	0.001267297145
261791	0.0006337692969
261792	0.0009740032672
261793	0.0007114219281
261794	9.892096814e-05
261795	6.340269723e-05
261796	0.0007614467598
261797	0.0007394192606
261798	0.003348391945
261799	0.0005510211119
261800	0.0008426164952
261801	0.002732495199
261802	0.00252069834
261803	0.001888689946
261804	0.0004772629836
261805	0.001510316213
261806	0.0002231588282
261807	0.0002542717894
261808	0.0008981075741
261809	0.001520586052
261810	0.0002132697582
261811	0.0003570663523
261812	0.0004496908294
261813	0.001171077078
261814	0.001000755781
261815	0.001499871704
261816	0.0002864373404
261817	0.002834940494
261818	0.001103668068
261819	0.0003630873727
261820	0.007515624522
261821	0.004406086316
261822	0.0009572512393
261823	0.0005957015832
261824	0.001083530668
261825	0.0003857435393
261826	0.000198851838
261827	0.0004265729587
261828	0.006152504697
261829	0.001461477627
261830	0.001523889302
261831	0.002678334473
261832	0.001503797885
261833	0.0002559598922
261834	0.005238685926
261835	5.062154517e-05
261836	0.002328903637
261837	7.153132363e-05
261838	0.0001318641239
261839	1.824043167e-05
261840	0.0003309129896
261841	0.000534464018
261842	0.0008318124947
261843	0.004506669738
261844	0.000849348534
261845	0.004921372873
261846	0.001942944574
261847	0.003912729523
261848	0.005354655409
261849	0.002767555046
261850	0.0005329312709
261851	0.004410075158
261852	0.001747721682
261853	0.001674957021
261854	0.002382596436
261855	0.000494919881
261856	0.001473491203
261857	0.0001466721112
261858	0.0001066511789
261859	0.0003240848563
261860	0.001655431643
261861	0.002275054681
261862	0.0001309594598
261863	0.003738734539
261864	0.002469725641
261865	0.000647991009
261866	0.0027001906
261867	0.0009510712245
261868	0.001291145537
261869	0.003381274954
261870	0.0009526169871
261871	0.001119392784
261872	0.001573587347
261873	8.181353167e-05
261874	9.027295897e-05
261875	0.001249080605
261876	0.0009042339635
261877	0.005227536465
261878	0.003934765483
261879	0.004717228203
261880	0.002604300343
261881	0.0005111014108
261882	0.00145152592
261883	0.003085208871
261884	0.00702898446
261885	0.004602345585
261886	0.0002747135952
261887	0.000391591492
261888	0.0003524079515
261889	0.0006261183419
261890	0.001638991204
261891	0.000274141201
261892	0.0005022607253
261893	0.001363717139
261894	0.0004757306441
261895	0.001744221932
261896	0.001489274705
261897	0.0008238695712
261898	0.003875437487
261899	0.00325349152
261900	0.0002539515009
261901	0.002095344337
261902	0.001330378593
261903	0.0008829274279
261904	0.0007570975304
261905	0.001348636757
261906	0.002830625917
261907	0.001257483013
261908	0.002461120002
261909	0.00223633585
261910	0.001527496174
261911	0.00243056188
261912	0.001095833623
261913	0.0008470240208
261914	0.002760307219
261915	0.001329411087
261916	0.001084068486
261917	0.0001448070505
261918	0.003538165036
261919	0.001885431542
261920	0.0001237288701
261921	0.003954120566
261922	0.0008831191744
261923	0.003316676044
261924	0.0009568455317
261925	0.003063319167
261926	0.001427404701
261927	0.00279405581
261928	0.001454149433
261929	0.001093638103
261930	2.835053994e-05
261931	0.00066661556
261932	0.0002350799697
261933	0.0004260261198
261934	0.0002598623446
261935	0.0006778446153
261936	0.002964261266
261937	0.002070891323
261938	0.0002017864825
261939	0.001741807076
261940	0.0007891432813
261941	0.0001268225033
261942	0.001736865153
261943	0.004685806354
261944	0.00113277073
261945	0.0008992722939
261946	0.001644224629
261947	0.001855035629
261948	0.002673587507
261949	0.002332493261
261950	0.001960099613
261951	0.001577792588
261952	0.0001987684869
261953	0.0001451611254
261954	0.002419689042
261955	0.0005469010553
261956	0.004664721573
261957	0.001951245957
261958	0.003168534475
261959	0.0001246644484
261960	0.0003412790604
261961	0.004043102552
261962	0.004632464952
261963	0.001253686485
261964	0.008251894581
261965	0.001376887089
261966	0.0008284525706
261967	0.0009055534252
261968	0.003213735908
261969	0.000612937656
261970	0.00212328812
261971	0.0008927215412
261972	0.003051412142
261973	0.001110477255
261974	0.004582290201
261975	0.002596589137
261976	0.002458229455
261977	0.003801201991
261978	0.0001943968788
261979	0.0004838227695
261980	0.002790288354
261981	0.00236478365
261982	0.0006308184579
261983	0.001032127179
261984	0.00233684737
261985	0.0003174423493
261986	0.006245177272
261987	0.00192187482
261988	0.004284618209
261989	0.001383689067
261990	0.002176724849
261991	0.002911751249
261992	0.001193492925
261993	0.003134976469
261994	0.0002688053826
261995	0.002471587321
261996	0.004420910338
261997	0.001389343584
261998	0.0007637567602
261999	0.003040077558
262000	0.003748982701
262001	0.005081940649
262002	0.0008570566365
262003	0.001343927904
262004	0.002695924471
262005	0.002909868723
262006	0.0008424159367
262007	0.002263728347
262008	0.001715595421
262009	0.001847704812
262010	0.00122417947
262011	0.001101322568
262012	0.001305962729
262013	0.002948970677
262014	0.0001573288186
262015	0.001160746243
262016	0.0009073041332
262017	0.002726864737
262018	0.000121690735
262019	0.0003108453283
262020	0.0001503071079
262021	0.0005528094683
262022	0.0003520810554
262023	0.003656262946
262024	0.0001734395893
262025	0.001505540772
262026	0.000225826773
262027	0.0003806209335
262028	0.0001334882185
262029	8.43656534e-06
262030	1.38625603e-05
262031	0.001020115963
262032	0.0004709272292
262033	0.0005925114084
262034	3.925108335e-05
262035	0.0001589171437
262036	0.0002583582292
262037	0.002446971388
262038	2.469863528e-05
262039	0.0007017174265
262040	2.357823874e-05
262041	0.002343587349
262042	0.0003684432027
262043	0.0004435411838
262044	0.002432470849
262045	0.009445674662
262046	0.0005482404723
262047	0.0002247063832
262048	0.0007368433601
262049	0.001904682133
262050	0.000529379185
262051	3.7883981e-05
262052	7.800617052e-05
262053	0.001083977463
262054	0.0002708247588
262055	0.001578398939
262056	0.0008101651514
262057	0.0008680370472
262058	0.0005619558216
262059	0.0006684018293
262060	0.0002385621505
262061	0.0007801093232
262062	0.0004472377114
262063	0.0003636555605
262064	0.0009067905466
262065	0.0005124942038
262066	0.0007349662314
262067	0.0006886122255
262068	4.305248858e-05
262069	4.40002318e-05
262070	0.0007996786297
262071	0.001133582766
262072	0.000447480188
262073	0.002301655983
262074	0.0003158555729
262075	0.001282924521
262076	0.0003790561253
262077	0.0006527811577
262078	0.00134543943
262079	0.0004532226758
262080	0.0002591555096
262081	0.0007956605736
262082	0.001656093444
262083	0.000521078791
262084	0.0004053827362
262085	8.124167112e-05
262086	0.001054004835
262087	0.0002710065212
262088	0.0001065168208
262089	0.0007484002068
262090	0.0002124635027
262091	9.204128051e-05
262092	0.001448080773
262093	0.001241095834
262094	0.0005784974054
262095	4.050337126e-05
262096	0.001683532673
262097	0.004345465637
262098	0.0007170054385
262099	0.002093872919
262100	0.002685609415
262101	0.002465883346
262102	0.0008979116886
262103	0.002464627405
262104	0.0007499275161
262105	5.844805862e-05
262106	0.0001408287127
262107	8.672802927e-05
262108	0.00219354736
262109	0.0006328787209
262110	0.0004543020241
262111	0.00123554518
262112	0.0001397864981
262113	0.0005172830011
262114	0.001922370073
262115	0.0008210220182
262116	0.001407226704
262117	0.0003440462738
262118	5.243095656e-05
262119	0.0003126779147
262120	0.001133455921
262121	0.0007394546641
262122	0.001394992215
262123	0.003298457942
262124	0.0001346179808
262125	0.001033399609
262126	0.0009084987391
262127	0.001305323024
262128	4.968076397e-05
262129	0.001377834234
262130	0.0008463313676
262131	0.001610630469
262132	0.0006281933968
262133	0.001335727913
262134	0.001980873324
262135	0.0003461388206
262136	0.001047596258
262137	0.0007303686548
262138	0.0008664945312
262139	0.0001411356258
262140	0.0007769571334
262141	0.0006046786808
262142	0.0004865130562
262143	0.0003143312213
262144	0.00201694603
262145	0.0002274178861
262146	0.0008437596109
262147	0.001714394547
262148	0.006909186341
262149	0.0009714292971
262150	0.0005820123041
262151	0.001324497286
262152	0.0002977721989
262153	0.0008798731373
262154	0.0006453078957
262155	0.0008114220349
262156	0.001002022063
262157	0.00173737788
262158	0.005716869075
262159	0.00101549432
262160	0.001021790212
262161	0.002146148991
262162	0.0007623113653
262163	0.0009557548653
262164	0.0009461570852
262165	0.00130015226
262166	0.0007346380046
262167	0.0006181904657
262168	0.001774029358
262169	0.000267919763
262170	0.00124720911
262171	0.0003441415314
262172	3.437325691e-05
262173	0.002047258004
262174	0.001076282716
262175	0.0009350945247
262176	8.722133368e-05
262177	0.001049544736
262178	0.001221156929
262179	0.001207881831
262180	0.0003381242531
262181	0.0005286200482
262182	0.001047517986
262183	0.002961358392
262184	0.00399951493
262185	0.0008625998538
262186	0.0009767951076
262187	0.001311177529
262188	0.001002647767
262189	0.0008290827997
262190	2.85958264e-05
262191	0.003109444421
262192	0.001043244744
262193	0.002310204751
262194	0.001302040717
262195	0.0004130029712
262196	0.0001861297309
262197	0.0008867033599
262198	0.000464057428
262199	0.0006982537074
262200	0.001310144951
262201	0.001110890857
262202	0.001076213647
262203	0.000993609563
262204	0.000210696176
262205	0.0007485535502
262206	0.0001174298265
262207	0.004487453576
262208	0.001053679794
262209	0.0001813377067
262210	0.0008778690404
262211	0.002839411822
262212	0.00102080317
262213	0.001007212753
262214	0.001035932025
262215	0.000921018455
262216	0.0009401740537
262217	0.0007281360621
262218	0.001181017117
262219	0.0001780424772
262220	0.0006009831051
262221	0.001531211712
262222	0.0007743200599
262223	0.001559474434
262224	0.0009980282131
262225	0.0006937607113
262226	0.001487131215
262227	0.0006761815217
262228	0.0001289689056
262229	0.0008109009867
262230	0.001883275343
262231	0.0006206231639
262232	0.002254497021
262233	0.0009515062584
262234	0.0001868388811
262235	0.001551755736
262236	0.0001657259418
262237	0.0001635554549
262238	0.000674632719
262239	0.002098435107
262240	0.002149680419
262241	0.001101245815
262242	0.0001403199243
262243	0.0007865409704
262244	0.000911393907
262245	0.0009298257203
262246	0.0003621620363
262247	0.001182903664
262248	0.001045518352
262249	0.0006748999559
262250	0.001790386395
262251	0.0008674281352
262252	0.0009888262028
262253	0.0004740952044
262254	0.001382611415
262255	0.001187188309
262256	0.0006936402865
262257	0.0002346651186
262258	0.0006082432474
262259	0.001921425826
262260	0.00101180836
262261	0.00123287756
262262	0.001012298086
262263	0.001373674003
262264	0.0008562468613
262265	0.0001402324442
262266	0.0009128195556
262267	0.0001008266529
262268	0.0008989899607
262269	0.0002224236349
262270	0.0005921216298
262271	0.002443285124
262272	0.0006183714013
262273	0.001436811191
262274	0.001300389891
262275	0.0005478029213
262276	0.001197289486
262277	0.0002564759078
262278	0.001080198601
262279	0.001130562867
262280	0.001325679303
262281	0.001186823083
262282	7.657419966e-06
262283	0.0003800748431
262284	0.0008349775982
262285	0.0003852694868
262286	0.0009926999698
262287	0.001117424483
262288	0.001876703325
262289	0.001944863436
262290	0.001764736446
262291	0.001322914336
262292	0.00120635187
262293	0.002093148066
262294	0.002379455916
262295	0.003499781701
262296	0.001172148928
262297	0.001399784587
262298	0.000725989266
262299	0.0002884329212
262300	0.0009931731923
262301	0.003486283333
262302	0.0003186308129
262303	0.0009808529873
262304	0.0004712685224
262305	0.00195894739
262306	0.002915329304
262307	0.000300409852
262308	0.0005411328934
262309	0.0003271151263
262310	0.001233993108
262311	0.0001681677783
262312	0.001297399091
262313	0.004183886669
262314	0.003275098805
262315	0.002305525426
262316	0.0003309390043
262317	0.001040797787
262318	0.001339294871
262319	0.0006746379171
262320	0.0005521916666
262321	0.002474629005
262322	0.0004151242769
262323	0.0008721195836
262324	0.0004880608103
262325	0.003756980756
262326	0.0001394471734
262327	0.001311449363
262328	0.0005437887403
262329	0.001181870642
262330	0.001232176605
262331	0.0008070170989
262332	0.0009926056776
262333	0.0006131622897
262334	0.0007729663746
262335	0.0008464908489
262336	0.0008816136664
262337	0.002988065116
262338	0.0004161236657
262339	0.0008919055036
262340	0.0005533839477
262341	0.005456962276
262342	0.0008285496792
262343	0.0001372457523
262344	0.00101905319
262345	0.0001582000215
262346	0.0009905079424
262347	0.0007473005355
262348	0.0009157494262
262349	0.001053064216
262350	0.0003291626437
262351	0.001129167189
262352	0.002097988577
262353	0.001761497053
262354	0.0003672140081
262355	0.00111482101
262356	0.00059672086
262357	0.001130262537
262358	0.0005369985105
262359	0.0008193355859
262360	0.0005325627535
262361	0.000492516098
262362	0.001132843521
262363	0.0006688272891
262364	0.001825367324
262365	0.0009534675271
262366	0.0001283753972
262367	0.0004113772755
262368	0.001123635976
262369	0.001211163882
262370	0.002544222724
262371	0.00122942261
262372	0.002719175236
262373	0.000941977378
262374	0.001329344623
262375	0.0007885292272
262376	0.002955544695
262377	0.0001718022597
262378	0.0005383619639
262379	0.001594620068
262380	0.001513525969
262381	0.001088944792
262382	0.001154340924
262383	0.001047449919
262384	0.0003238635124
262385	0.0005954693013
262386	0.0003660828936
262387	0.002667727511
262388	0.001563730791
262389	0.002891047677
262390	0.0001873774947
262391	0.005626780767
262392	0.001715273249
262393	0.001191306187
262394	0.002084421141
262395	0.0002310343438
262396	0.0004835097257
262397	0.0003719924075
262398	0.001216873556
262399	3.409812344e-05
262400	0.003928216907
262401	8.176556305e-08
262402	6.104704491e-08
262403	0.0001951846005
262404	0.0007548251472
262405	0.0007383399752
262406	0.0002348155817
262407	0.0001266682294
262408	0.001309216865
262409	0.001753467512
262410	0.0008494236637
262411	5.435528052e-06
262412	0.0008689053959
262413	0.002237443441
262414	0.0001451961449
262415	0.000244337502
262416	0.0003300103828
262417	0.0005424899644
262418	0.00174941785
262419	0.006084834384
262420	0.002021345288
262421	0.0003157652972
262422	0.001021912463
262423	9.92964183e-05
262424	0.002007180767
262425	0.0008843351925
262426	0.000555260504
262427	0.004235690425
262428	0.000839157598
262429	0.003672880583
262430	0.002325055166
262431	0.00162939908
262432	0.001714618742
262433	1.554734879e-05
262434	0.0002510163687
262435	0.001396970682
262436	0.002133195787
262437	0.0001952728101
262438	0.006677572486
262439	0.002461762572
262440	0.0003564452803
262441	0.003084717601
262442	0.0009195711687
262443	0.001014941745
262444	0.0008927894175
262445	0.001529963971
262446	0.0003801513101
262447	0.0003278584152
262448	0.001737077776
262449	0.0002345990353
262450	0.004301250784
262451	0.002581547196
262452	0.001206056475
262453	0.00500124533
262454	0.00305819016
262455	0.000144297214
262456	1.463749813e-06
262457	0.001746561825
262458	0.00181909447
262459	0.001561862607
262460	0.0006061437341
262461	0.0001424958025
262462	0.0001179284352
262463	0.0005760522829
262464	0.0007986705706
262465	4.239000727e-05
262466	0.0007846139366
262467	0.0002235224815
262468	0.00203528343
262469	8.498806827e-05
262470	0.005668127959
262471	0.001375220535
262472	0.0007092224463
262473	3.058595203e-05
262474	0.002419622773
262475	0.002054852768
262476	0.00131196292
262477	0.0001382681466
262478	0.001124077497
262479	6.660966394e-05
262480	0.000804054298
262481	0.0009638045706
262482	0.002624133284
262483	0.001210474699
262484	0.0004222384764
262485	0.003361129096
262486	0.002377652665
262487	0.003334038828
262488	0.002368844923
262489	8.787612439e-05
262490	0.002242353775
262491	0.00780094932
262492	0.001086424335
262493	0.001753905713
262494	0.001109068493
262495	0.002465903366
262496	0.0005823411695
262497	0.0001892252609
262498	0.0007913973949
262499	0.0004225849973
262500	0.0008554663458
262501	0.002224525442
262502	0.002182772904
262503	0.002770695431
262504	0.0002813541329
262505	0.007938987588
262506	0.002394136394
262507	0.0001795798267
262508	0.003624997981
262509	0.0007540862319
262510	0.002805008503
262511	0.002008717351
262512	0.00408772094
262513	0.001492856935
262514	0.002543207519
262515	0.001683552948
262516	0.003713739322
262517	0.001414806352
262518	0.000479808987
262519	0.003320377429
262520	0.00107091104
262521	0.00207528084
262522	0.002405245728
262523	0.001904636484
262524	0.001788765692
262525	0.0003084329843
262526	0.001783236237
262527	0.004719537631
262528	0.002024722574
262529	0.0003993335357
262530	0.0008614781515
262531	0.004087485894
262532	0.0007678640072
262533	0.001046621203
262534	0.00109528094
262535	0.001675876359
262536	0.001488458968
262537	0.0002608612514
262538	0.00195391698
262539	0.0004922019934
262540	0.003978178268
262541	0.005289641748
262542	0.002307070953
262543	0.003640412928
262544	0.00476258274
262545	0.003109013691
262546	0.001698031662
262547	0.003865498287
262548	0.001964478983
262549	0.0003264362867
262550	0.0008916378159
262551	0.0009195146686
262552	0.001262916859
262553	0.001523522218
262554	0.003275816804
262555	0.001940899164
262556	0.00315279679
262557	0.002627542985
262558	0.001034185145
262559	0.0005640059876
262560	0.002996917176
262561	0.0002346102166
262562	0.001163255031
262563	0.0004710821382
262564	0.002043450804
262565	0.002869818047
262566	0.0005608582561
262567	0.0008532853772
262568	0.003188043417
262569	0.0005541142116
262570	0.003458429955
262571	0.001501910169
262572	0.001729074363
262573	0.002301348477
262574	5.949281703e-05
262575	0.0006266109272
262576	0.0002320591549
262577	0.002420301971
262578	1.481353108e-05
262579	0.001447721413
262580	0.0005735420675
262581	0.001438785854
262582	0.001322930697
262583	0.001082351179
262584	0.0008557192429
262585	0.0007284974304
262586	0.0002364970288
262587	0.001817454215
262588	0.001363299377
262589	0.001343448131
262590	0.004447802288
262591	0.0007154647113
262592	0.0007605224231
262593	0.001538565063
262594	0.00119300265
262595	0.001745577403
262596	0.0001482153041
262597	0.00125070778
262598	0.00172971753
262599	0.002239998082
262600	0.002345173887
262601	0.004050313183
262602	0.002867005767
262603	0.001982238891
262604	0.0009394241024
262605	0.00311731963
262606	0.001215561412
262607	0.002630131602
262608	0.004528579173
262609	0.001403740589
262610	0.001897726281
262611	0.0005316197902
262612	0.0006608922848
262613	0.004181325417
262614	0.003567135817
262615	0.004732107537
262616	0.004254198436
262617	0.004439765706
262618	0.001156371702
262619	0.0010239008
262620	0.001484767783
262621	0.004262055071
262622	0.004212736345
262623	0.0005306468171
262624	0.002046450961
262625	0.002622105803
262626	0.002253333567
262627	0.004256135155
262628	0.002161077644
262629	0.0004751272839
262630	0.00346000563
262631	0.0005537857528
262632	0.004540903046
262633	1.054666598e-05
262634	0.005641324213
262635	0.002363267311
262636	0.00220172775
262637	0.002289282009
262638	0.0004660127712
262639	0.001015436899
262640	0.001344525867
262641	0.002245031327
262642	0.0001128261225
262643	0.001572006173
262644	0.001655907503
262645	0.00130014335
262646	0.001512915421
262647	0.0005351944257
262648	0.004563541743
262649	0.0008626748538
262650	0.002520632505
262651	0.001344603065
262652	0.003021971002
262653	0.0003616065704
262654	0.001141321899
262655	0.001246420159
262656	0.0004148054065
262657	0.00144566886
262658	0.00129385437
262659	0.003978230794
262660	0.000740386292
262661	4.158291699e-05
262662	0.002620348712
262663	0.002481395118
262664	0.0056656263
262665	0.000733780085
262666	0.002025720005
262667	0.0002983014352
262668	0.001251950394
262669	0.0004921957862
262670	0.0002504261583
262671	0.002185436451
262672	0.001543655511
262673	0.0008633555487
262674	0.003316158392
262675	0.001767200889
262676	0.003217510067
262677	0.003408556281
262678	0.0009846283281
262679	0.003448134678
262680	0.001629959681
262681	0.003994729699
262682	0.00265735558
262683	0.000144732452
262684	0.000225946908
262685	0.003296322458
262686	0.0005369288056
262687	0.004725009405
262688	0.001670228442
262689	0.00213844444
262690	0.0009857912774
262691	0.001214767882
262692	0.0005199486881
262693	0.003939073095
262694	0.002141418815
262695	0.000416718471
262696	0.000299821765
262697	0.0004169220157
262698	0.0003716706223
262699	0.0002759403698
262700	0.001811087285
262701	0.0001479891566
262702	0.003116216789
262703	0.001485508033
262704	0.002922455184
262705	0.0007762840955
262706	0.002266789094
262707	0.0004081093675
262708	0.001502784837
262709	0.004167621194
262710	0.0003142879645
262711	0.00302101269
262712	0.002102535216
262713	0.000758096252
262714	0.001048666469
262715	0.001725635364
262716	0.0009340070045
262717	0.0006271231392
262718	0.002032443731
262719	0.002140517831
262720	0.005735431083
262721	0.003882185054
262722	0.001524977269
262723	0.0007317550992
262724	0.001293201998
262725	0.0007659097902
262726	9.057505268e-05
262727	2.720055806e-05
262728	8.083735941e-05
262729	5.050675406e-05
262730	0.0009121738112
262731	9.34261737e-05
262732	0.001297770016
262733	0.000141328107
262734	0.0003965646705
262735	0.0002275294377
262736	0.0001168426535
262737	2.080928733e-05
262738	0.0001206605284
262739	0.003624115599
262740	0.002715706031
262741	0.002399797239
262742	2.764823601e-05
262743	0.003473478351
262744	0.002150193245
262745	0.000843318561
262746	0.0001038409469
262747	0.005218985683
262748	0.002090890255
262749	0.001349686333
262750	0.002644823764
262751	0.0005200380528
262752	0.00327786941
262753	0.0001774108203
262754	0.002305774871
262755	0.002333735171
262756	0.004791987164
262757	0.0005985308715
262758	0.003087327102
262759	0.003374123757
262760	0.002878584745
262761	0.0008826922809
262762	0.00128557137
262763	0.001735133221
262764	0.001123493702
262765	0.0004329475571
262766	0.003845137978
262767	0.002005502529
262768	0.001510810775
262769	0.001366039103
262770	0.0006575729238
262771	0.0003470224628
262772	5.901403797e-05
262773	0.001183743445
262774	0.001935391513
262775	0.0008817364272
262776	0.002692360573
262777	0.001249799381
262778	0.00139536028
262779	0.0005962772018
262780	0.001456448203
262781	0.0004631549617
262782	0.0006421239768
262783	0.0002987913832
262784	0.0006792142176
262785	0.001183912874
262786	0.0001658773518
262787	0.0003509784752
262788	0.0001859119114
262789	0.001856699125
262790	0.0004483558768
262791	0.0001553078398
262792	0.0004096984984
262793	8.783075883e-05
262794	0.0008805544074
262795	0.003129042769
262796	0.0003968956703
262797	0.0004619820403
262798	0.0004518301688
262799	0.0009425742855
262800	0.005028024756
262801	0.003753887293
262802	0.0009932477166
262803	0.000731644445
262804	0.003013612796
262805	0.000201764094
262806	0.001714294432
262807	0.002114925629
262808	0.003592223985
262809	0.002216722934
262810	0.001165159026
262811	0.0002602006541
262812	0.00194986219
262813	0.0002368402215
262814	0.001453891076
262815	9.777424496e-05
262816	0.00328024738
262817	0.001998735297
262818	0.001271628684
262819	0.003120068511
262820	0.0004473236794
262821	0.00272931714
262822	0.000879353123
262823	0.0001680471108
262824	9.702118537e-05
262825	0.0004043411087
262826	0.0008207326615
262827	0.0008418106849
262828	0.00179763257
262829	0.002050305871
262830	7.615750851e-05
262831	0.00379106475
262832	0.0001718198347
262833	0.003280936287
262834	0.0005406260857
262835	0.002148717963
262836	0.0004012296419
262837	0.002307163095
262838	0.001483190442
262839	0.002974825975
262840	0.003540436961
262841	0.0008320019673
262842	0.000527766575
262843	0.000387830305
262844	0.0002640580558
262845	0.000731113545
262846	0.0004354351722
262847	0.0004758681741
262848	0.0004052577537
262849	0.0003875962767
262850	0.0009873900987
262851	0.0009138735886
262852	0.0005440567384
262853	0.0006778460701
262854	0.0006383823333
262855	0.0006025675773
262856	0.0002306884147
262857	0.0009179811192
262858	0.004744739847
262859	0.000701948394
262860	9.577677227e-05
262861	0.001094464745
262862	0.0001312965657
262863	0.002646657251
262864	0.002760144336
262865	0.001042202656
262866	0.006107036818
262867	0.0001116186774
262868	0.0005642862407
262869	7.719608193e-05
262870	0.0003949170309
262871	0.0003207667636
262872	0.0002451947289
262873	0.0003387055136
262874	0.0006938214189
262875	0.0002514331521
262876	0.0001025235271
262877	0.0004301350481
262878	0.0001732849931
262879	0.000173316391
262880	0.0004812069887
262881	0.0006828790343
262882	0.00422331343
262883	0.006859124117
262884	0.0001444886241
262885	0.002508252846
262886	0.003124050479
262887	0.002521698282
262888	0.00121002589
262889	0.001746274261
262890	0.0004929367392
262891	0.0001602149986
262892	0.002910465264
262893	0.004356986317
262894	0.00613688743
262895	0.001687080351
262896	0.00107931461
262897	0.001135462683
262898	0.005581464551
262899	0.002908519443
262900	0.003338550283
262901	0.001774510069
262902	0.001869560926
262903	0.002421804112
262904	0.0009596754651
262905	0.001863435502
262906	0.008313007431
262907	0.004054860073
262908	0.0006139358142
262909	0.0007924837663
262910	0.000752899452
262911	0.0001361452326
262912	0.0009469219308
262913	0.001069143166
262914	0.0002100438263
262915	1.15470458e-05
262916	0.001139842916
262917	0.001027287143
262918	0.0007454142227
262919	0.002938786009
262920	0.00115985866
262921	0.003987607214
262922	0.0008309956893
262923	0.0003476525859
262924	0.0009983922781
262925	0.008353289624
262926	0.0007749239486
262927	0.0007574058649
262928	0.001882177006
262929	0.002315591531
262930	0.005730283843
262931	0.0002994924851
262932	0.002105483987
262933	0.001202110715
262934	0.0003610349545
262935	0.001375283213
262936	1.175334751e-05
262937	0.003720363499
262938	0.004185522207
262939	0.002067495449
262940	0.0003731900275
262941	0.0005113116745
262942	0.002553269374
262943	0.001330696809
262944	0.0009191359953
262945	0.002384481189
262946	0.001473348669
262947	0.0006259935388
262948	0.003939362213
262949	0.001334488132
262950	0.0005624014258
262951	0.001529908252
262952	0.00346585937
262953	0.0002784507965
262954	0.0006517509623
262955	9.465642729e-05
262956	0.0001927162524
262957	0.0009402646544
262958	0.004292530752
262959	0.001402915154
262960	0.004317474461
262961	0.001923360288
262962	0.002506720572
262963	0.001434144633
262964	0.00240289475
262965	0.003148236396
262966	0.00111940439
262967	0.001189517222
262968	0.0001260879914
262969	0.001291132543
262970	0.00183004731
262971	0.004892058525
262972	6.359183743e-05
262973	0.00269634512
262974	0.003500579233
262975	9.459022258e-05
262976	0.001273205703
262977	0.0028214554
262978	0.0006546332119
262979	0.001450440475
262980	0.0002027185678
262981	0.003026985628
262982	0.001888574029
262983	0.002187828619
262984	0.003832566021
262985	0.0009625476886
262986	0.001174940744
262987	0.003289585957
262988	0.001292579671
262989	0.003005394571
262990	0.003813029089
262991	0.00014486323
262992	4.244326732e-05
262993	0.002415256462
262994	0.0005269744244
262995	0.001431230672
262996	0.0001379993348
262997	0.002800116159
262998	0.002832442902
262999	0.002165247141
263000	0.003541628552
263001	0.002177362088
263002	0.00235476287
263003	0.0009877731914
263004	0.0006827134782
263005	0.00306914885
263006	0.0006401200896
263007	0.002733117667
263008	0.0006180025844
263009	0.001160004612
263010	0.002056877447
263011	0.0009869321795
263012	0.002914030135
263013	0.001695274554
263014	0.0009281398177
263015	0.002159937255
263016	0.002422795068
263017	0.000962039543
263018	0.0008995913321
263019	0.0009248588859
263020	0.0001768472001
263021	0.005037285959
263022	0.0008748523911
263023	0.002376765143
263024	0.003812486342
263025	0.002114361911
263026	0.0005631956997
263027	0.002290638877
263028	0.002134913782
263029	0.0007290195014
263030	0.00182882247
263031	0.0005998447494
263032	0.0001430909158
263033	0.002478335149
263034	0.001716740359
263035	0.0003730339308
263036	0.001071771963
263037	0.0008594048883
263038	0.0007468706123
263039	0.0008512734904
263040	0.001237365208
263041	0.002757582639
263042	0.001561643399
263043	0.0005685767416
263044	0.0004790532429
263045	0.001160114604
263046	0.000190081089
263047	0.002074628657
263048	5.498982394e-05
263049	0.005238390779
263050	0.001355642226
263051	0.001217410562
263052	0.0002730370032
263053	0.0007995958998
263054	0.002723965047
263055	0.001100131141
263056	0.0005390172122
263057	0.002458253112
263058	0.005584217284
263059	0.002866774223
263060	0.0004230762616
263061	0.00138267345
263062	0.0008813477519
263063	0.0002998890583
263064	0.0005854065583
263065	0.001972996014
263066	0.001874300819
263067	0.001790131095
263068	0.002114885128
263069	0.002560575828
263070	0.0002907904684
263071	0.0009826510859
263072	0.001824592117
263073	0.0005663156574
263074	0.0008203407228
263075	0.001896847519
263076	0.001305511173
263077	0.001422194554
263078	0.001923863719
263079	0.001041732071
263080	0.0004608232026
263081	0.0004868519952
263082	0.001379190333
263083	0.001062427019
263084	2.928358592e-07
263085	0.0007594995247
263086	0.001587929053
263087	0.002184146813
263088	0.00112603517
263089	0.000562973783
263090	0.001459035386
263091	0.001618005225
263092	0.0003309773201
263093	0.003290183713
263094	0.001455704208
263095	0.002152424259
263096	0.001497560229
263097	0.001014666769
263098	0.004267251579
263099	0.0003460050301
263100	0.0007503868357
263101	0.003643689843
263102	0.001628318349
263103	0.004221017776
263104	0.001431860532
263105	0.0005939435141
263106	0.002477643755
263107	0.005065438848
263108	0.001006285466
263109	9.051264832e-05
263110	0.001122642628
263111	0.003733280456
263112	0.0002562909223
263113	0.0007225603102
263114	9.481415601e-05
263115	0.0003784956112
263116	0.001536692106
263117	0.002592657816
263118	0.0004869355839
263119	0.0006341603383
263120	0.002367203285
263121	0.001033165124
263122	0.001494521957
263123	0.003277480965
263124	0.0008184193624
263125	0.002490950122
263126	0.002670704775
263127	0.0009008311018
263128	0.002604764925
263129	0.001920196055
263130	6.861647721e-05
263131	0.0007873731495
263132	0.003412702038
263133	0.002327493162
263134	0.0003393165944
263135	0.002223534277
263136	0.003255036492
263137	0.00156431832
263138	0.0008657023487
263139	0.002326376187
263140	0.001165100634
263141	0.0002569573798
263142	0.004682607359
263143	0.001306230122
263144	5.162557283e-05
263145	0.0005405221268
263146	0.0006295479049
263147	0.001777792804
263148	0.004431981971
263149	0.00269383556
263150	0.0006930304263
263151	0.0002823439994
263152	0.0007731805778
263153	0.0006390267316
263154	6.372584486e-05
263155	0.000173959722
263156	2.871426419e-05
263157	0.004252274866
263158	0.004024183541
263159	0.0003566732827
263160	0.0006762819784
263161	0.001141186678
263162	0.0006960877501
263163	0.0001817392207
263164	0.001239435944
263165	0.002846633322
263166	0.0003730559919
263167	0.0002024263648
263168	0.0002834258848
263169	0.001755231184
263170	0.001261646081
263171	0.002474725044
263172	3.85010447e-05
263173	0.001890268742
263174	0.0002993091476
263175	0.002037186132
263176	0.003385162571
263177	0.001231720508
263178	0.0009645233099
263179	0.004278733521
263180	0.0006868146814
263181	0.001872766939
263182	0.001168479224
263183	0.0001740513387
263184	5.021826691e-05
263185	0.00256653798
263186	0.005874719002
263187	0.002455769868
263188	0.004155626491
263189	0.0006782358907
263190	0.001294439832
263191	0.002852002577
263192	0.001341715678
263193	0.001037054842
263194	0.002681238256
263195	0.001179818361
263196	0.0002899973961
263197	0.002215122985
263198	0.001436737727
263199	0.001462504892
263200	0.0003077373076
263201	0.003824982816
263202	0.001535688649
263203	0.001445542729
263204	0.003293035587
263205	0.001086925091
263206	0.0045026323
263207	0.002324840734
263208	0.0004290647323
263209	0.001477943174
263210	8.127425275e-05
263211	0.003825484706
263212	0.001381554599
263213	0.00111336036
263214	0.001811616935
263215	0.002570988973
263216	0.004605557836
263217	0.002303041001
263218	0.001849691658
263219	0.001631877609
263220	0.003047419358
263221	0.0007526523565
263222	0.002782847828
263223	0.006164109841
263224	0.00237927806
263225	0.003626189865
263226	0.004500647113
263227	0.0005133567446
263228	0.002550548558
263229	0.0005677695265
263230	0.0005525034171
263231	0.0001397966671
263232	0.0004407554012
263233	0.00123945856
263234	0.001441938778
263235	0.002306517295
263236	0.003829716465
263237	0.001027826178
263238	0.001724489473
263239	0.001031662208
263240	0.006406028363
263241	0.0005359221944
263242	4.702820071e-05
263243	0.002192410072
263244	0.0005968259737
263245	0.003510620763
263246	0.001424654631
263247	0.001042675587
263248	0.0001202900183
263249	0.00067498428
263250	0.001119824493
263251	0.0004014161658
263252	5.955531067e-05
263253	0.000294246633
263254	0.0001892190761
263255	0.002009067516
263256	0.0002807072332
263257	9.151907217e-05
263258	0.003325130047
263259	0.001578677508
263260	0.0008684190455
263261	0.002559953529
263262	0.002718479278
263263	0.0001863774462
263264	0.0002853449195
263265	0.002457449618
263266	2.898403393e-05
263267	0.001864415662
263268	0.001470397674
263269	0.002248105423
263270	0.002619861582
263271	0.0002572076319
263272	0.002096656603
263273	0.001530314613
263274	0.0007995886601
263275	0.001497637325
263276	0.0005809072335
263277	0.00087684831
263278	0.0002363916895
263279	0.002041284805
263280	0.0025234554
263281	0.0009236930362
263282	0.0002647312674
263283	0.001588710841
263284	0.001209461148
263285	0.002865314325
263286	0.001655110325
263287	0.003953027094
263288	0.003734362555
263289	0.004609701466
263290	0.0001454427559
263291	0.005197295939
263292	0.004395248831
263293	0.000636201016
263294	0.002219105986
263295	0.0004151299085
263296	0.0006305868098
263297	0.001040063129
263298	0.002081563559
263299	0.002030519992
263300	0.002024805337
263301	0.0001182986184
263302	0.006798343804
263303	0.002471994048
263304	0.0006713178956
263305	0.00057497219
263306	0.001275580606
263307	0.001475325281
263308	0.001058915356
263309	0.003627674114
263310	0.00196459257
263311	0.001345731608
263312	0.001120097516
263313	0.0005262484142
263314	0.002398231345
263315	0.001289893073
263316	0.0008420082291
263317	0.0008651539616
263318	0.004365327566
263319	0.001615973428
263320	0.0002424174457
263321	0.0002283336418
263322	0.002777000831
263323	0.0002709197022
263324	0.0008355094237
263325	0.002787731954
263326	0.003420451089
263327	0.001641367454
263328	0.003060823898
263329	0.001002263384
263330	0.00299602661
263331	8.536778799e-05
263332	0.0009628034316
263333	0.0006359936234
263334	0.001642386754
263335	0.0002145280783
263336	0.002906187655
263337	0.0002835743713
263338	0.0006801899197
263339	0.002327366449
263340	0.002714040048
263341	0.0006929215248
263342	0.002153810521
263343	0.0009592560542
263344	0.0002708044472
263345	0.004593914605
263346	0.002580411978
263347	0.0002491417793
263348	0.001651304564
263349	0.001792263463
263350	0.0002565052965
263351	0.00148286344
263352	0.0004683545211
263353	0.001949398501
263354	0.003043059976
263355	0.002472447146
263356	0.0006620522676
263357	0.002061401572
263358	0.0008966834818
263359	0.002131565454
263360	0.003848694947
263361	0.002374476585
263362	5.191084091e-05
263363	0.002633505152
263364	0.002497974581
263365	0.002346390519
263366	0.000344251029
263367	0.0003445697976
263368	0.0006723394305
263369	0.001993107354
263370	0.0009784483393
263371	0.001476706533
263372	0.0004721251893
263373	0.00150149005
263374	0.002716319926
263375	0.003565805377
263376	0.004553299212
263377	0.0009429652292
263378	0.004485642517
263379	0.0008138988535
263380	0.001376744708
263381	0.0008969737316
263382	0.001175073787
263383	0.002374675681
263384	0.0008651039689
263385	0.001535333135
263386	0.0002054363032
263387	0.00326445658
263388	0.0004179839419
263389	0.00137292521
263390	0.001370874643
263391	9.177694087e-05
263392	0.0007594763464
263393	0.001241502619
263394	0.001168015588
263395	0.001740958702
263396	6.025014669e-07
263397	0.001059672413
263398	0.0004133855533
263399	0.0005483561146
263400	0.001367727496
263401	0.0009912357661
263402	0.001343284299
263403	0.0003728092598
263404	1.240637422e-06
263405	0.0003646851437
263406	0.0002117245103
263407	0.0008028421103
263408	0.001496762718
263409	0.001751023607
263410	0.001090832233
263411	0.0008877342738
263412	0.0003514370304
263413	0.001391097639
263414	0.0004976946243
263415	0.0001193370899
263416	4.828298423e-05
263417	0.0002660290957
263418	0.001356587702
263419	5.969359522e-05
263420	0.001834169116
263421	0.0009832659099
263422	0.00219537435
263423	0.0005785064829
263424	0.0003496088205
263425	0.000734867984
263426	0.002140531607
263427	0.0009618775885
263428	4.676907204e-06
263429	0.0007102898495
263430	0.001761404367
263431	0.001617322147
263432	0.0005747725903
263433	4.719909822e-05
263434	0.00019465261
263435	0.0003042931368
263436	0.00187194268
263437	0.0003095402735
263438	0.0004535424245
263439	0.0004950803353
263440	0.0007706256829
263441	0.001293824882
263442	0.0002030882615
263443	0.001038890997
263444	2.697996908e-05
263445	0.001639168256
263446	0.0007682555663
263447	0.0002440273842
263448	0.0004036343534
263449	0.0004832370743
263450	0.0002541993233
263451	5.074379244e-05
263452	0.001375145293
263453	0.0007084626638
263454	3.600805922e-05
263455	0.0006125158766
263456	0.0007647005675
263457	0.001018501542
263458	0.0004945630719
263459	0.0002435294706
263460	9.114795263e-05
263461	0.001245211064
263462	0.001375247322
263463	0.001151449424
263464	0.001825953675
263465	0.001229268157
263466	0.0005855775406
263467	0.000536949535
263468	0.0003861094855
263469	0.00136291023
263470	0.0005765775949
263471	0.0007905731007
263472	0.00150986421
263473	0.00137184838
263474	0.001242547781
263475	0.0005163365621
263476	0.0005944881208
263477	0.0004031362244
263478	0.0005186832624
263479	0.0003665956699
263480	0.00017670928
263481	0.001530597808
263482	3.715010245e-07
263483	0.001771685091
263484	2.431455241e-05
263485	0.0008349179395
263486	0.000120339169
263487	0.0007063920039
263488	0.0005527835215
263489	6.865371129e-05
263490	0.001092157571
263491	0.0004938642932
263492	0.00136976402
263493	0.001052274749
263494	0.001619679332
263495	0.001051314929
263496	0.001068577516
263497	0.0008870319121
263498	0.0004711884893
263499	0.001508093442
263500	0.0001960022346
263501	0.003087359139
263502	0.0002695978483
263503	0.0002572196896
263504	0.001507150095
263505	0.0003759776435
263506	0.000105315003
263507	0.001722185531
263508	0.0008278202695
263509	0.0009092912127
263510	0.0003542584493
263511	0.0003409377533
263512	7.528558147e-05
263513	0.0002980007112
263514	0.001656923864
263515	0.00161905128
263516	0.002078482815
263517	0.001510574892
263518	0.0008600929449
263519	0.0001334245029
263520	0.0004557210385
263521	0.0009335739586
263522	0.0007475866918
263523	0.0006275874171
263524	0.001363664995
263525	0.0003804472004
263526	0.0002114026153
263527	0.0009324297574
263528	0.0001919152214
263529	0.0003991326508
263530	0.001236920543
263531	0.0002790517295
263532	0.001122956554
263533	0.0002249837604
263534	0.0007010085579
263535	0.001384065763
263536	0.00116077166
263537	0.0002965178884
263538	0.0002201257731
263539	0.0007431460112
263540	0.0002557905695
263541	0.0001318748436
263542	0.0002552875511
263543	0.0004241094255
263544	0.0007987484409
263545	0.001384721371
263546	9.081964061e-05
263547	0.001232721834
263548	0.00022625691
263549	0.0004202473927
263550	0.0002067683176
263551	0.001541165414
263552	0.001883460294
263553	0.0009919040118
263554	0.0001394726599
263555	0.000256766201
263556	0.000357029394
263557	0.0003502568595
263558	0.0001221692716
263559	0.000343007042
263560	0.001268402313
263561	0.0009765862126
263562	5.220298173e-05
263563	0.001259301446
263564	0.001052223971
263565	0.0007188450452
263566	0.001047782984
263567	0.0003817432264
263568	0.0002420302557
263569	0.0001714126601
263570	3.963250852e-05
263571	0.0009693780682
263572	6.670009621e-07
263573	0.0002784115701
263574	5.258763838e-05
263575	0.0002513102695
263576	0.0003742914363
263577	0.0003785256379
263578	0.0007471803428
263579	0.0002089696123
263580	0.0002771072671
263581	0.0003748841543
263582	0.0008697812023
263583	0.0005650816898
263584	0.0006147673313
263585	0.0007962928422
263586	0.0007376883328
263587	0.0009764141399
263588	0.0002307382853
263589	0.0008047409773
263590	0.0004959827604
263591	0.0001605822685
263592	0.0001713105228
263593	0.0005816747401
263594	0.0001170082009
263595	0.0003419934425
263596	0.0003511835121
263597	0.0006126033143
263598	0.0002833232573
263599	0.001358124785
263600	0.001322422647
263601	0.000522063164
263602	0.0009650682252
263603	0.0008716784749
263604	4.779069262e-05
263605	0.0005436732106
263606	0.0003575115439
263607	0.0006261256375
263608	0.001266338444
263609	0.0003141292931
263610	0.000739692778
263611	0.0005120921012
263612	0.0003883155951
263613	0.0001045794158
263614	0.001677976104
263615	0.0005170082204
263616	0.0004626396652
263617	0.0002270843081
263618	0.0002706359481
263619	0.0002219252867
263620	0.0001670559688
263621	0.0004701377214
263622	0.0008902230805
263623	3.235886907e-06
263624	0.001175246255
263625	6.221455232e-05
263626	0.0002481449376
263627	0.0008203686389
263628	0.001597453863
263629	0.0004730987128
263630	0.0004969359468
263631	0.0007092625392
263632	0.0006389365645
263633	0.0008725885457
263634	0.001066958014
263635	7.018473328e-05
263636	0.0004536813665
263637	0.0006687695604
263638	0.0006891410052
263639	0.0002406355827
263640	0.0007307109576
263641	0.0009625154448
263642	0.0003039817299
263643	7.743563535e-05
263644	0.001064419885
263645	0.0008560797428
263646	0.0007240977007
263647	0.0005122247023
263648	0.0006312499269
263649	0.0009396303582
263650	0.0008346112695
263651	0.0001730485484
263652	0.0002286060451
263653	0.00135780504
263654	0.0006744641979
263655	0.0006176498262
263656	0.0003899031199
263657	6.764567683e-05
263658	0.0002082993169
263659	0.0004437405929
263660	0.0008657551266
263661	0.0004212215352
263662	0.0003233674364
263663	0.0004708475942
263664	0.001129784605
263665	0.0001690367148
263666	0.0002762324667
263667	0.0002734136208
263668	0.0004991676651
263669	0.001008724276
263670	0.0002382597344
263671	0.0003858194061
263672	0.0001566280933
263673	9.664787608e-05
263674	0.0006963891372
263675	2.549030154e-05
263676	0.0006029313809
263677	0.001040848568
263678	0.0002395619952
263679	0.0003132707079
263680	1.307111707e-06
263681	0.0002009740898
263682	6.514489516e-05
263683	0.0001067329837
263684	6.749731038e-05
263685	0.0007192743434
263686	0.0001396126989
263687	0.0007996746936
263688	1.011487481e-05
263689	8.913005183e-05
263690	0.0002633758214
263691	0.000399931769
263692	0.0001674685141
263693	0.0002550472465
263694	0.0007066425243
263695	0.0006156065285
263696	0.0002162492751
263697	0.0008288748108
263698	3.623401509e-05
263699	0.001237659606
263700	0.0004908847275
263701	0.001565326202
263702	0.0006712827105
263703	0.0003399497607
263704	7.020471944e-05
263705	0.001656949986
263706	0.0005958232101
263707	0.0005991555755
263708	0.001007254184
263709	0.0001367065708
263710	0.001169691383
263711	0.0004844133915
263712	0.0005103672424
263713	0.0004729513271
263714	0.0002759366494
263715	0.001063283132
263716	0.00153678514
263717	0.0002427751589
263718	0.0003756721144
263719	0.00065482228
263720	0.0007428306258
263721	0.0002711354926
263722	0.0003784602029
263723	0.0007660303455
263724	0.0002424874948
263725	0.0004392488449
263726	0.0004802254906
263727	0.002177139878
263728	5.7833521e-06
263729	0.0004795525351
263730	0.004992435576
263731	0.002405981587
263732	0.0005644892124
263733	0.001141908308
263734	0.000989575906
263735	0.001147399415
263736	0.006273613213
263737	0.003381974462
263738	6.438195401e-05
263739	0.001983819537
263740	0.004151188435
263741	0.002353992048
263742	0.001312581655
263743	0.003058649144
263744	0.001596516711
263745	0.002911514057
263746	0.0003869937067
263747	0.0007946199833
263748	0.005114146032
263749	0.00239616237
263750	0.0006747243151
263751	0.004054810863
263752	0.0005473803525
263753	0.0004316535991
263754	9.265445408e-05
263755	0.0002775182029
263756	3.84907245e-05
263757	0.0004029110012
263758	2.27182388e-05
263759	0.001028027203
263760	0.00488996886
263761	0.003361887314
263762	0.00232441097
263763	0.000985175683
263764	0.0002611608714
263765	0.003641075162
263766	0.003553028684
263767	0.001008274425
263768	0.001234636506
263769	0.001564869727
263770	0.0004698936938
263771	0.001851731353
263772	0.0001590724037
263773	0.00319294806
263774	0.002792560492
263775	0.002774523261
263776	0.000104098516
263777	0.0003239660037
263778	3.199784582e-05
263779	0.0001195105929
263780	7.93908123e-08
263781	0.0002580577669
263782	0.0005717378988
263783	0.0005013855695
263784	0.0004582869285
263785	0.0001156764816
263786	0.0002296179884
263787	0.0001132950961
263788	0.0002275428573
263789	0.0005888274544
263790	0.0003466341388
263791	0.00033320109
263792	0.0004599404138
263793	0.0004197872096
263794	0.0004704493677
263795	0.0003514403662
263796	0.001932334573
263797	6.140092345e-09
263798	0.001040101408
263799	0.0005851923663
263800	0.001401327511
263801	0.006600137988
263802	0.0006433857773
263803	0.005244700853
263804	0.004910198846
263805	0.002306796391
263806	0.001448141495
263807	0.001588347713
263808	0.001136834755
263809	0.0009519477196
263810	0.000662546866
263811	0.0002753469518
263812	0.001667580569
263813	0.0001161482151
263814	0.001220231018
263815	0.0005303601067
263816	0.0009903478078
263817	0.0005633410115
263818	0.002631683684
263819	0.003588597207
263820	0.004077160719
263821	0.002582928823
263822	0.001882925722
263823	0.003121420088
263824	0.003076369156
263825	0.002290798268
263826	0.002906799506
263827	0.001908003983
263828	0.001222933786
263829	0.001439103819
263830	0.001422417167
263831	0.001224080168
263832	0.0007454671953
263833	0.0004590551184
263834	0.0005421705848
263835	0.0008928767062
263836	0.0006892124834
263837	0.001921062097
263838	0.002963493533
263839	0.001299237183
263840	0.001154595303
263841	0.001710798348
263842	0.0004515151693
263843	1.001579133e-05
263844	0.001985190186
263845	0.003178973646
263846	0.001613457996
263847	0.002089001862
263848	0.002714958132
263849	0.0007480111578
263850	0.004678319934
263851	0.0008234516024
263852	0.001248446242
263853	0.003814446315
263854	0.003323911786
263855	0.002236779904
263856	0.002937385465
263857	1.183613752e-05
263858	0.002016474569
263859	0.001778075429
263860	0.001487170871
263861	0.0005907728183
263862	0.0004633726631
263863	0.0006142096039
263864	0.0005407007093
263865	1.031503682e-07
263866	0.0004334926995
263867	0.0001168221497
263868	0.0004430778488
263869	0.0005787653256
263870	0.001899201825
263871	0.00247276183
263872	0.002201673121
263873	0.0001366318646
263874	0.0001625976753
263875	0.003021534613
263876	0.0005935443831
263877	0.001784224154
263878	0.0005535851321
263879	0.00452558021
263880	0.001901511257
263881	0.0001793891137
263882	0.001625825943
263883	0.002672359104
263884	0.003164976623
263885	0.001385122338
263886	0.005318707858
263887	0.002627079777
263888	0.003707533007
263889	0.003045340894
263890	0.001569322692
263891	0.001923180389
263892	0.0005719331511
263893	0.00410593439
263894	0.004908923755
263895	0.0001551293851
263896	0.004322253602
263897	0.001303519337
263898	0.0004099964904
263899	0.005037245785
263900	0.00248692825
263901	0.001033275349
263902	0.001908755914
263903	0.003411692535
263904	0.0008987940597
263905	0.003038414365
263906	0.0004530036068
263907	0.003819852338
263908	0.00330140472
263909	0.00134549739
263910	0.001366818116
263911	0.003817558434
263912	0.002843490172
263913	0.001439591443
263914	0.005256283463
263915	0.0004316091158
263916	0.002509342114
263917	0.0005329732457
263918	0.0005834692157
263919	0.0004554031734
263920	0.0007995572795
263921	0.0008678769038
263922	0.0023757095
263923	0.0008599728084
263924	0.0003646082537
263925	0.001420424777
263926	0.002741843786
263927	0.001716985751
263928	0.001497852342
263929	0.002006181159
263930	0.001592939289
263931	0.002500854384
263932	0.0001483798874
263933	0.001167519947
263934	0.0003553765514
263935	0.0004450649095
263936	0.001444295672
263937	0.003805948227
263938	0.001711622528
263939	0.003561475329
263940	0.003908565987
263941	0.00655437787
263942	0.001711115373
263943	0.001633428733
263944	0.004214013609
263945	0.0001764718386
263946	0.00186556638
263947	0.001463406853
263948	0.0006834416785
263949	0.0005947486654
263950	0.002775833521
263951	0.001884922323
263952	0.0009902913706
263953	0.0006242452959
263954	0.001432387304
263955	0.00478027427
263956	0.002798311766
263957	0.001674784051
263958	0.0008976458767
263959	0.00525054418
263960	0.000538268739
263961	0.0002832388404
263962	0.004070955598
263963	0.0001550571477
263964	0.001119901374
263965	0.002610627299
263966	0.006225406773
263967	0.001297062964
263968	0.001363041399
263969	0.001610254667
263970	0.005151811803
263971	0.001157280915
263972	0.001729085747
263973	0.003209168565
263974	0.002626996477
263975	0.0006612201652
263976	0.002784082295
263977	0.002037165098
263978	0.0007080876248
263979	0.00245908932
263980	0.00362762869
263981	0.002476497887
263982	0.002465366862
263983	0.0007362414353
263984	0.001061793144
263985	0.002928926691
263986	0.0024847211
263987	0.0008796280187
263988	0.00464089493
263989	0.001029397462
263990	0.0006970900562
263991	0.0005901545629
263992	0.001737199796
263993	0.0001855613291
263994	0.002011138691
263995	0.002626704856
263996	0.001027303046
263997	0.0005937803091
263998	0.000766974174
263999	0.001791671748
264000	0.0004344615245
264001	0.001622752635
264002	0.0007642517925
264003	0.007027643306
264004	0.003294967821
264005	0.001326770985
264006	0.002313948273
264007	0.0008660825174
264008	0.001293424001
264009	0.00195303089
264010	0.003068346867
264011	0.001470929399
264012	0.0004351365672
264013	0.000289952031
264014	0.0001250852315
264015	0.003472496392
264016	0.005071459523
264017	0.0009336267119
264018	0.0003142005666
264019	0.004697179234
264020	0.001647661983
264021	0.002889490837
264022	0.001443759399
264023	0.00144621197
264024	0.003904556551
264025	0.003041155534
264026	0.001162469293
264027	0.0002956361314
264028	0.004467311825
264029	0.0007175295535
264030	0.001135825286
264031	0.002539875437
264032	0.0002879608579
264033	0.0004284202558
264034	0.0001049338374
264035	0.0007626427179
264036	0.003823722365
264037	0.001588652433
264038	0.001909036391
264039	0.001007163491
264040	0.00307728272
264041	0.001302314243
264042	0.001550708673
264043	0.001678254153
264044	0.0007311666436
264045	0.0001137581512
264046	0.001032764913
264047	0.001958150642
264048	0.002498777407
264049	0.001579435314
264050	0.001706371136
264051	0.0009006819199
264052	0.001769846567
264053	0.0007666529188
264054	0.0007496762673
264055	0.001028405506
264056	0.002946197229
264057	0.002671133629
264058	0.00203529218
264059	0.0005816939633
264060	0.001907302372
264061	0.001972186963
264062	0.002031513001
264063	0.003187039513
264064	0.001118813571
264065	0.004248189965
264066	0.002032490881
264067	0.001615125215
264068	0.001406074147
264069	0.002201827403
264070	0.001591524434
264071	0.00276470955
264072	0.001530830443
264073	0.001160055233
264074	0.002513846741
264075	0.0009949681161
264076	0.00438294631
264077	0.001495126014
264078	0.0009594406839
264079	0.0004348645655
264080	0.004360637119
264081	0.003445821822
264082	0.002203159409
264083	0.001613122521
264084	0.00255456322
264085	0.00217173086
264086	0.001453647799
264087	0.001283488181
264088	0.000712491211
264089	2.725925328e-05
264090	0.002222777602
264091	0.002911949554
264092	0.003181005762
264093	0.00259793714
264094	0.002061907575
264095	0.003364005275
264096	0.003807963877
264097	0.003862865361
264098	0.0007065594511
264099	0.001935607925
264100	0.001891951051
264101	0.0002835528217
264102	0.003200827286
264103	0.003781935319
264104	6.83187631e-05
264105	0.002665485197
264106	0.003809287135
264107	0.00114281358
264108	0.001847117312
264109	0.001600825629
264110	0.002206179569
264111	0.00106631652
264112	0.001012439197
264113	0.002165003402
264114	0.003719578978
264115	0.001866274139
264116	0.003377676835
264117	0.0007428168868
264118	0.0007645891023
264119	0.002667123462
264120	0.001708041912
264121	0.0005978174742
264122	0.0007112293537
264123	0.002915285277
264124	0.0009730114414
264125	0.004543900462
264126	0.00390776128
264127	0.0004892078323
264128	0.0001208575197
264129	0.004028729109
264130	0.004666836801
264131	0.0008881907375
264132	0.000333113124
264133	0.0004474246714
264134	0.0008733430287
264135	0.002751675723
264136	0.00291676189
264137	0.002017597117
264138	0.000253582313
264139	0.001037774455
264140	0.001557489515
264141	0.001431729893
264142	0.002634681876
264143	0.001912816914
264144	0.002761198883
264145	0.003536351263
264146	0.001061159652
264147	0.001487810694
264148	0.00468288196
264149	0.002531761227
264150	0.004603500092
264151	0.002343766931
264152	0.001904644908
264153	0.004325441667
264154	0.001168225903
264155	0.004174023535
264156	0.001387846521
264157	0.003660870712
264158	0.001474074832
264159	0.0005779475575
264160	0.003088596401
264161	0.003813146056
264162	0.003099908347
264163	0.003832111974
264164	0.003494261217
264165	0.0008289213566
264166	0.002597795898
264167	0.0003115210877
264168	0.0008098859978
264169	0.001574844166
264170	0.00265984535
264171	0.0004877028074
264172	0.0009774616554
264173	0.0002057336352
264174	0.001453681129
264175	0.0009826893536
264176	0.002908707992
264177	0.0036383335
264178	0.00295680361
264179	0.00148535203
264180	0.0008345909177
264181	0.0009148977153
264182	0.0006149097672
264183	0.0004290760653
264184	0.0001215288754
264185	0.0004331866115
264186	0.002096648584
264187	0.0004429603836
264188	0.005144075462
264189	0.003083088989
264190	0.002765610691
264191	0.0009667188609
264192	0.0001591530597
264193	0.0002691757312
264194	0.0004082604113
264195	0.001871584205
264196	0.001260055415
264197	0.003844561811
264198	0.0001118118298
264199	0.0001589493731
264200	0.002685862983
264201	0.001435289053
264202	0.002231327412
264203	3.868871053e-06
264204	0.003688556089
264205	0.003260799631
264206	0.002924524707
264207	0.001139297209
264208	0.002014455671
264209	0.001239070731
264210	0.004257256254
264211	0.001803668125
264212	0.000868597082
264213	0.007673797733
264214	0.0002634895945
264215	0.002620088939
264216	0.001143941969
264217	0.001692933425
264218	0.001713208502
264219	1.887704995e-05
264220	0.004972610017
264221	0.003937627358
264222	0.0004225277311
264223	0.001062971757
264224	0.001114468156
264225	0.001513780857
264226	0.0007090973019
264227	0.000175266944
264228	0.005558532189
264229	0.00512983726
264230	0.001484822282
264231	0.0004330608378
264232	0.0003446912286
264233	0.002077976924
264234	0.0004285298054
264235	0.00046293018
264236	0.003208292917
264237	0.0002965972566
264238	0.001025591868
264239	0.003632020554
264240	0.000616008416
264241	0.0009230920015
264242	0.001748383531
264243	0.003259041348
264244	0.001061439044
264245	0.0002836019868
264246	0.005501969661
264247	0.0002607596074
264248	0.001597389547
264249	0.001528442226
264250	0.001462400745
264251	0.001019131961
264252	0.0007532378621
264253	0.001603372714
264254	0.00421031399
264255	0.0002881610017
264256	0.001869302215
264257	0.00477044246
264258	0.001819877794
264259	0.0001210543598
264260	0.003472245232
264261	0.0007043724766
264262	0.003616316596
264263	0.0008685309814
264264	0.001035999391
264265	0.004539117796
264266	0.0008631506577
264267	0.0001332213994
264268	0.001685776638
264269	0.0003836944421
264270	0.001156738243
264271	0.001126553127
264272	0.002550881884
264273	0.001281521564
264274	0.001584524663
264275	0.001783281008
264276	6.985604408e-05
264277	0.0009572939388
264278	7.056664883e-05
264279	6.981720283e-05
264280	0.0001057700998
264281	0.0002791109558
264282	0.0004386996837
264283	0.0005375758001
264284	0.0004046395474
264285	0.0004881077121
264286	0.0002719893043
264287	0.0002271229993
264288	0.000114918329
264289	0.0002393824669
264290	0.0002540340368
264291	4.371812115e-06
264292	0.002961054928
264293	0.0001483348749
264294	0.001028776044
264295	0.0002496945314
264296	1.981702824e-06
264297	5.751162484e-05
264298	0.0002356926082
264299	0.0004354466736
264300	7.002780003e-05
264301	0.0008348760193
264302	0.0003858083987
264303	0.0006977197818
264304	3.802212787e-05
264305	0.0001331742321
264306	0.002561047449
264307	0.002686584177
264308	0.000554638298
264309	0.001600540378
264310	0.00421497723
264311	0.002957027141
264312	0.004842885101
264313	0.002296634829
264314	0.002777908075
264315	0.0008035196467
264316	0.0002910194267
264317	0.002603332708
264318	0.001385051349
264319	0.00181478836
264320	0.001978714843
264321	0.00208476699
264322	0.0008277405728
264323	0.0005827356533
264324	0.0002018916435
264325	0.000596859249
264326	0.00120618805
264327	3.537978175e-05
264328	0.001379395277
264329	0.003469564058
264330	0.002075330811
264331	0.0001271056557
264332	7.372594372e-05
264333	0.0002172899186
264334	0.0001095012223
264335	0.001117645875
264336	6.863544943e-05
264337	0.0002301467207
264338	0.0008597030713
264339	0.0001161823775
264340	7.178536325e-05
264341	3.512663615e-05
264342	0.0003922362773
264343	0.0004042348246
264344	3.712905275e-05
264345	3.901511886e-05
264346	2.718470054e-05
264347	2.957003163e-05
264348	0.0002087724181
264349	4.197688098e-05
264350	0.0003025304219
264351	0.0002708341827
264352	0.0004581310593
264353	0.0002614757749
264354	0.0001608728337
264355	0.0002003108236
264356	0.0001932890161
264357	0.0001332149184
264358	3.610949109e-05
264359	0.000591424002
264360	0.0002710619334
264361	0.000420551543
264362	0.0005476767568
264363	0.001381993583
264364	0.0001427423859
264365	0.0004534353624
264366	0.0009459698117
264367	0.0001793762814
264368	0.0002708758766
264369	0.000143421997
264370	0.0001443590712
264371	3.918977004e-05
264372	0.0001697484778
264373	0.0001182098562
264374	0.001589356413
264375	0.0002926979043
264376	0.000171138162
264377	6.26677069e-05
264378	0.001182323356
264379	0.0001485639883
264380	0.0002010840255
264381	0.0002766583621
264382	0.0006702077761
264383	0.0004654864584
264384	0.0002900637914
264385	7.339710924e-05
264386	0.0002459314995
264387	6.239467317e-06
264388	0.0001665635466
264389	0.000438047546
264390	0.0001268718064
264391	2.345837971e-07
264392	0.0001122749061
264393	0.0001610101066
264394	0.0002397728308
264395	0.0005225220984
264396	8.852600688e-05
264397	0.000154978333
264398	4.597804381e-05
264399	0.0003701015529
264400	0.0006313413109
264401	0.0001264798917
264402	0.00257865183
264403	0.000361067114
264404	0.004307324889
264405	0.0001170256772
264406	5.142281174e-05
264407	0.0001408653686
264408	0.0002114278332
264409	3.657255433e-05
264410	0.0004606074827
264411	0.0004752938243
264412	0.0004055106912
264413	3.579375808e-05
264414	0.0006315589745
264415	0.0002301164106
264416	0.0003587424801
264417	0.0007440438126
264418	0.0005347159588
264419	1.734432077e-05
264420	7.209266915e-05
264421	0.0005463349551
264422	0.001633962592
264423	0.0008037435787
264424	0.0004701991487
264425	0.0009597822173
264426	0.0002672237076
264427	0.001093949835
264428	0.0001014104064
264429	0.0006132920795
264430	0.0004131238468
264431	0.0001006153996
264432	0.0001572349969
264433	9.227068724e-05
264434	0.004605322656
264435	0.0003959276352
264436	3.627415735e-05
264437	9.53509054e-05
264438	0.0001281413122
264439	0.0001302561518
264440	0.0001265039852
264441	0.0007359799711
264442	8.802143711e-05
264443	6.829371038e-05
264444	8.575852163e-06
264445	2.713679439e-05
264446	0.0006235970952
264447	0.0001541064072
264448	0.0003084434625
264449	0.0002177974607
264450	0.0002809447781
264451	3.824202619e-05
264452	1.086496903e-05
264453	7.431526033e-05
264454	0.0003772945356
264455	0.0002608363115
264456	9.741448335e-05
264457	0.0002419934894
264458	0.0002450990307
264459	0.0003432202074
264460	0.0001408765268
264461	7.468683247e-05
264462	5.156226614e-05
264463	0.0001949756321
264464	0.0002106886579
264465	0.000432597294
264466	0.0003849049453
264467	0.0001130373153
264468	0.0001245557895
264469	0.0002351759936
264470	0.001327379257
264471	0.0001273375562
264472	0.0002161764753
264473	7.07627949e-05
264474	0.0007681927403
264475	0.0001456071313
264476	0.0001277172004
264477	0.0002103074681
264478	0.0005744436894
264479	4.615384854e-05
264480	2.176482761e-05
264481	8.754503204e-05
264482	0.002255916223
264483	7.238863872e-05
264484	0.0007191688554
264485	0.0002033306738
264486	0.001024308096
264487	0.0003278747785
264488	0.0002593484045
264489	0.0001938113937
264490	0.001045158078
264491	0.002572225703
264492	0.0004270087488
264493	0.000250021485
264494	0.000433053104
264495	0.0002759659407
264496	5.451033075e-06
264497	2.848508109e-05
264498	0.0004507926964
264499	0.0005170445164
264500	5.595198594e-05
264501	9.826119904e-05
264502	0.0001235472809
264503	0.0002518951435
264504	6.950610724e-05
264505	0.0001042579212
264506	0.0005458653291
264507	0.0004381268451
264508	0.0003139314629
264509	0.0004516742556
264510	0.0006063703753
264511	0.0003615476888
264512	9.975013989e-05
264513	0.0003021127733
264514	0.0005670617568
264515	0.0004190539925
264516	3.988737692e-05
264517	0.0001113094441
264518	0.0005078937679
264519	0.0001005272255
264520	8.580900799e-05
264521	0.0003443728394
264522	0.0001125865931
264523	0.0003015990639
264524	0.0002689279264
264525	3.875346804e-05
264526	2.880487061e-06
264527	0.0003823106414
264528	0.0002091716389
264529	0.0001860457062
264530	9.489258013e-06
264531	0.0001016287318
264532	0.0006398645138
264533	0.0001551107854
264534	7.971348322e-05
264535	0.0002730949127
264536	3.614524451e-05
264537	0.0001374012058
264538	0.0001839253129
264539	0.0001766640358
264540	0.0007496830774
264541	0.0002326347116
264542	1.380072617e-05
264543	0.0003493166246
264544	8.827705154e-06
264545	0.0001956984698
264546	6.549485269e-06
264547	8.455995521e-05
264548	7.080419905e-05
264549	0.000389148457
264550	0.0007288626208
264551	0.000303574309
264552	0.0002568250077
264553	0.0002651058353
264554	0.0003161756743
264555	0.0001002463398
264556	7.330963969e-05
264557	4.853868276e-05
264558	0.0002274441161
264559	0.0002557412725
264560	0.0001344028335
264561	0.0004549936857
264562	0.0009947710903
264563	0.0001119015931
264564	0.001121531491
264565	0.0003230800828
264566	3.031859432e-05
264567	6.451393392e-05
264568	0.00031235368
264569	0.0001524725965
264570	0.0002073482993
264571	0.0004472108894
264572	3.164874772e-05
264573	0.0001389833804
264574	0.0003224596572
264575	0.0004521616219
264576	0.0002991708929
264577	0.0003594078537
264578	0.0001129728828
264579	0.0002274216605
264580	0.0009971766941
264581	8.842873496e-05
264582	0.0003728349297
264583	0.0001357987836
264584	0.0002851981606
264585	2.551067346e-05
264586	0.0002736111278
264587	0.0003103091302
264588	0.0006276842187
264589	0.001359738644
264590	3.239183324e-05
264591	0.0001231452881
264592	2.854971931e-05
264593	0.0001619761814
264594	0.0002131071318
264595	5.56701426e-05
264596	0.000193328202
264597	0.0003998747447
264598	4.389817096e-05
264599	8.631951599e-06
264600	3.113436101e-05
264601	0.0001544535046
264602	0.0001970397538
264603	0.0004357847225
264604	0.0001408059393
264605	0.0007998307259
264606	9.450940193e-05
264607	7.987835616e-06
264608	0.000332957575
264609	0.0007083264462
264610	0.0002743908196
264611	0.0003867058916
264612	1.119475517e-06
264613	0.0002664435677
264614	0.0001222731971
264615	0.0004295636408
264616	0.0002380800375
264617	0.0005471816558
264618	0.0003953468178
264619	0.00018176544
264620	0.0002645168695
264621	0.0004098387082
264622	2.700394495e-06
264623	9.790392651e-05
264624	0.0001952877068
264625	0.0003854547606
264626	0.0003587161311
264627	0.0004368678514
264628	0.002420657915
264629	6.373607063e-05
264630	0.0002520799209
264631	0.0001570425777
264632	6.093278659e-05
264633	0.001459429686
264634	1.695557446e-05
264635	0.0001776214678
264636	0.0003945418889
264637	0.0003037756317
264638	1.112277959e-06
264639	0.0001961296649
264640	7.539807714e-05
264641	0.0001412765207
264642	0.0001748295715
264643	0.0003875539748
264644	0.000620904225
264645	6.813623669e-05
264646	0.0002593444729
264647	0.0002011344662
264648	0.001436296979
264649	0.0002280101431
264650	0.0006046991029
264651	0.0002002275621
264652	5.542587842e-05
264653	9.273002096e-05
264654	7.108180313e-05
264655	0.0002769283027
264656	0.000462194385
264657	0.0003414664786
264658	0.0001740325421
264659	0.0001455474099
264660	6.20035502e-05
264661	0.0003270587164
264662	0.0001729162844
264663	0.0001033119331
264664	0.0002697894863
264665	0.0001032456072
264666	0.000299742908
264667	9.604596373e-05
264668	0.0001127141955
264669	0.0002442551504
264670	0.0002913444319
264671	0.00028076624
264672	2.38418551e-05
264673	3.381097173e-05
264674	0.0001185486178
264675	0.000308040856
264676	0.001085535575
264677	0.0002230710298
264678	4.250930769e-05
264679	0.0004984984939
264680	2.547752585e-05
264681	0.0001564632344
264682	1.705220095e-05
264683	0.0001115841099
264684	7.878090595e-05
264685	0.000782313257
264686	0.0001171816386
264687	0.001923836523
264688	0.0004266794157
264689	0.001985750188
264690	0.0006446466999
264691	0.002951181035
264692	0.0002910111442
264693	0.00054793098
264694	0.002953533943
264695	0.0007260224078
264696	0.00242481017
264697	0.0004988940344
264698	0.002697545283
264699	0.00102092797
264700	0.005844855929
264701	0.001656805915
264702	0.006913568687
264703	0.00260126624
264704	0.004537219319
264705	0.003991722275
264706	0.0002607710169
264707	0.0001139315717
264708	0.002509890733
264709	0.001233523382
264710	0.002798556896
264711	0.002428460574
264712	0.002401129789
264713	0.002356833768
264714	0.002441452088
264715	0.0002370107756
264716	0.002666273412
264717	0.003417211365
264718	0.003284747669
264719	0.002863308368
264720	0.00256957539
264721	0.0005257795097
264722	0.001900801387
264723	0.0001302517914
264724	0.00343935729
264725	0.0022292029
264726	0.0007104885897
264727	0.0002251714627
264728	0.0006626592331
264729	0.001565738783
264730	0.0006872460373
264731	0.001100899051
264732	0.001527668314
264733	0.0009302221424
264734	0.0002994283219
264735	0.002580086582
264736	0.001299490483
264737	0.002430403974
264738	0.00462509733
264739	0.005086352775
264740	0.0006510740663
264741	0.0002318133679
264742	0.0007880222664
264743	0.002082115413
264744	0.003673799358
264745	0.0004713517248
264746	0.002612018693
264747	0.0005883964351
264748	0.0009499597703
264749	0.001083106375
264750	0.003405715867
264751	0.0003228403292
264752	0.006322843813
264753	0.001073505324
264754	0.0004084890486
264755	0.001122487454
264756	1.004510309e-05
264757	0.00193163058
264758	0.0008891763256
264759	0.001005683883
264760	6.867405304e-05
264761	0.0004137129659
264762	0.0008478595229
264763	0.00159018881
264764	0.0007735701506
264765	0.001063617591
264766	0.0004893586611
264767	0.0008906136691
264768	0.000113980994
264769	5.813625171e-05
264770	0.00118946052
264771	0.0001145058135
264772	0.0008969830909
264773	0.0004161126211
264774	0.0009685609267
264775	0.00105716912
264776	0.001055540281
264777	0.0001062652414
264778	0.002944634836
264779	8.190961407e-06
264780	0.0005261978167
264781	0.0004888866557
264782	0.0005046375057
264783	0.008346856507
264784	0.008132829977
264785	0.003715680281
264786	0.003256636736
264787	0.0002577383921
264788	0.0006167886418
264789	0.00113924079
264790	0.001654911877
264791	0.002991175393
264792	0.001858779298
264793	0.0002646479411
264794	0.0002637195861
264795	0.001395885509
264796	0.004452919056
264797	0.005377351042
264798	0.003508402758
264799	0.001655871186
264800	0.001123891797
264801	0.002182398661
264802	0.001644824128
264803	1.796945195e-06
264804	0.001898513999
264805	0.002722708973
264806	0.0003543103124
264807	0.002436933945
264808	0.000533081394
264809	0.0008266047151
264810	0.001961622119
264811	0.00014651219
264812	0.0001715822971
264813	3.098280262e-05
264814	0.0019377794
264815	0.001408688072
264816	0.001457224076
264817	0.0008208174137
264818	0.002778697204
264819	0.002224721977
264820	0.0005354801641
264821	0.00228230802
264822	0.002242141303
264823	0.0002638989466
264824	0.003962458973
264825	0.0008268941527
264826	0.0006142230143
264827	0.001082247275
264828	0.001736099323
264829	2.795040974e-05
264830	0.0001476312377
264831	0.0002074140398
264832	0.002048365197
264833	0.0004423131718
264834	0.0005485097828
264835	0.0006819265094
264836	0.001972780123
264837	0.0006515953009
264838	0.001144919729
264839	0.003579835434
264840	0.003505923528
264841	0.003786112831
264842	0.002317578029
264843	0.004714276055
264844	0.003501180643
264845	0.00254907216
264846	0.003291129881
264847	0.002911486782
264848	0.003354147689
264849	0.003324647534
264850	0.003565958388
264851	0.003499282873
264852	0.00337318152
264853	0.002929583977
264854	0.003247740915
264855	0.003099304078
264856	0.003534798292
264857	0.003245901165
264858	0.003430973828
264859	0.00353882901
264860	0.00320475405
264861	0.003156271347
264862	0.003271393972
264863	0.003177509974
264864	0.003228311576
264865	0.003653420907
264866	0.003905035404
264867	0.004899177414
264868	0.0029304391
264869	0.00343873433
264870	0.001387746107
264871	0.0008632374764
264872	0.008115067604
264873	0.003035923394
264874	0.0008965370213
264875	0.0014087176
264876	2.214133995e-05
264877	0.001239552337
264878	0.001143273684
264879	0.003424662292
264880	0.001247491338
264881	0.001781886308
264882	0.0007716230614
264883	0.002475746716
264884	0.003730364571
264885	0.001526132515
264886	0.001550953585
264887	0.0001880874076
264888	0.002940119766
264889	0.001682931152
264890	0.001328559563
264891	0.004748392958
264892	0.004285513963
264893	0.002876752071
264894	0.002088736246
264895	0.001727991576
264896	0.001176493522
264897	0.0005507031539
264898	0.002845832726
264899	0.001653763692
264900	0.006060031447
264901	0.001632042878
264902	0.0009560579149
264903	0.0008692019536
264904	0.00101185205
264905	0.000434124369
264906	0.004101374258
264907	0.004801345931
264908	0.004398988622
264909	0.001402263524
264910	0.001573924963
264911	0.001030021584
264912	0.004715997799
264913	0.001523847339
264914	0.002102850093
264915	0.003502314086
264916	0.0006312142874
264917	0.001083836859
264918	0.0004133957858
264919	0.001845353668
264920	0.00128821568
264921	0.0002521082547
264922	0.00290987575
264923	0.001470213269
264924	0.00063205871
264925	0.002021087669
264926	0.003740847247
264927	0.002424339239
264928	0.0020256779
264929	0.00101062201
264930	0.003775269367
264931	0.0001940449065
264932	0.002498056439
264933	0.001367160352
264934	0.0009050748846
264935	0.0003034306313
264936	0.00432221329
264937	0.003210001487
264938	0.00314719704
264939	0.003198585087
264940	0.00267671533
264941	0.001571464613
264942	8.948904591e-05
264943	0.002148530554
264944	0.0001267429329
264945	0.0007755969495
264946	0.0003455538419
264947	0.0003790417994
264948	0.001168756763
264949	0.001352319694
264950	0.0001473595908
264951	0.001941420843
264952	0.0004206736008
264953	0.002808480895
264954	0.001141141099
264955	0.003973711911
264956	0.002525850428
264957	0.001374216502
264958	0.003429277901
264959	0.001535915836
264960	0.002576439679
264961	0.001255186622
264962	0.001378427286
264963	0.0006625782993
264964	0.0005582979837
264965	0.003175160012
264966	0.003632970152
264967	0.003469310875
264968	0.006961999475
264969	0.004407267802
264970	0.0004700071524
264971	0.002487824707
264972	0.001041690544
264973	0.001716274948
264974	0.002371718869
264975	0.003559904674
264976	0.001237069786
264977	0.002192794287
264978	0.001347707066
264979	0.002877611343
264980	0.003908288264
264981	0.001981049505
264982	0.005552702726
264983	0.0003628907891
264984	0.00458562912
264985	0.002003296507
264986	0.001566561139
264987	0.004418850544
264988	0.0007988551885
264989	0.00328129418
264990	0.0008562090801
264991	0.0004965931097
264992	0.0007950251713
264993	0.001053574489
264994	0.00117796216
264995	0.002364356425
264996	0.003378598771
264997	0.0002485140751
264998	0.0004673826932
264999	0.001385231163
265000	0.003355410602
265001	0.001693510935
265002	0.002566721948
265003	0.003097573845
265004	0.001044248241
265005	0.005284108728
265006	0.006238446527
265007	0.001242010953
265008	0.002944553773
265009	0.003135530018
265010	0.002249733076
265011	8.015637903e-05
265012	0.002624748874
265013	0.001647547439
265014	0.003019954859
265015	0.003137019261
265016	0.001116180843
265017	0.003287682912
265018	0.003101728496
265019	0.003194359041
265020	0.003065919481
265021	0.00304332039
265022	0.00279757878
265023	0.003149230317
265024	0.002263945281
265025	0.002969920922
265026	0.003447425604
265027	0.002998720685
265028	0.003755738176
265029	0.003494908646
265030	0.002740745088
265031	0.003319253867
265032	0.003057248166
265033	0.003199803495
265034	0.002888532523
265035	0.003205646088
265036	0.002888661672
265037	0.002820911183
265038	0.002989119447
265039	0.003385264196
265040	0.003281641337
265041	0.00332198884
265042	0.003469660116
265043	0.003048534506
265044	0.003458398541
265045	0.003225952732
265046	0.003260331704
265047	0.003399890601
265048	0.003496968762
265049	0.00276391994
265050	0.003504537696
265051	0.003261769994
265052	0.003175000129
265053	0.003281773929
265054	0.003401803261
265055	0.003654635801
265056	0.002863954671
265057	0.003097247217
265058	0.002851822269
265059	0.003306160436
265060	0.003217639004
265061	0.003336268503
265062	0.003221327116
265063	0.002995089775
265064	0.003163538037
265065	0.00309101976
265066	0.00367657925
265067	0.003538989376
265068	0.002885908876
265069	0.002963186191
265070	0.003114948404
265071	0.003222290978
265072	0.003644314383
265073	0.002974057073
265074	0.003043403619
265075	0.002741172504
265076	0.002620875727
265077	0.002566387093
265078	0.003339055509
265079	0.002764128897
265080	0.002610669479
265081	0.003156563247
265082	0.003350891286
265083	0.00331321551
265084	0.0030850818
265085	0.003368298107
265086	0.003136769493
265087	0.003201926491
265088	0.00343755847
265089	0.003065642488
265090	0.00388233909
265091	0.003772188487
265092	0.00362787785
265093	0.002997670883
265094	0.003156141076
265095	0.00350785159
265096	0.002528245465
265097	0.003251792866
265098	0.00333108984
265099	0.00332239591
265100	0.003036422616
265101	0.003289687816
265102	0.003284823909
265103	0.003040071319
265104	0.003063605969
265105	0.003504582456
265106	0.003229017837
265107	0.003489735017
265108	0.003032360978
265109	0.002246749495
265110	0.003276431364
265111	0.002578938369
265112	0.003292330283
265113	0.003348982872
265114	0.003273459429
265115	0.003225406944
265116	0.003141561657
265117	0.002864433831
265118	0.002962349997
265119	0.002683067577
265120	0.003048681333
265121	0.003114298556
265122	0.003718292389
265123	0.00354510514
265124	0.003049493072
265125	0.003533959481
265126	0.003499997418
265127	0.003188803982
265128	0.0032958901
265129	0.00374337562
265130	0.0033892184
265131	0.003106769894
265132	0.002585968708
265133	0.003234893317
265134	0.003381141827
265135	0.003041650784
265136	0.003293721466
265137	0.00296641364
265138	0.003341839643
265139	0.002698408848
265140	0.003305808578
265141	0.00322362866
265142	0.003539641394
265143	0.00322879015
265144	0.002418573981
265145	0.003485578182
265146	0.002809263739
265147	0.002852804425
265148	0.003001273448
265149	0.002859686034
265150	0.003659735371
265151	0.002928151529
265152	0.002654945578
265153	0.003193124425
265154	0.001274166228
265155	0.004887640677
265156	0.006955408667
265157	0.003428413641
265158	0.0032629212
265159	0.002987300047
265160	0.003296256743
265161	0.002979209213
265162	0.003602755268
265163	0.002991396273
265164	0.002664571706
265165	0.003108892691
265166	0.002590170414
265167	0.00366811568
265168	0.003334611341
265169	0.002411571956
265170	0.003452259897
265171	0.0038030547
265172	0.002861717948
265173	0.003057021778
265174	0.003530336221
265175	0.003651772921
265176	0.003360721355
265177	0.003049903802
265178	0.002976110647
265179	0.00279788032
265180	0.003397089719
265181	0.002925631843
265182	0.003467904855
265183	0.003258827267
265184	0.002867222362
265185	0.002790181447
265186	0.003018358012
265187	0.002419222132
265188	0.003950187912
265189	0.003103145205
265190	0.003112375074
265191	0.003297304502
265192	0.003361090408
265193	0.003089048878
265194	0.002736182228
265195	0.003027497905
265196	0.003049386664
265197	0.003191543977
265198	0.003380693036
265199	0.003179071938
265200	0.003273250482
265201	0.002329102561
265202	0.003411186092
265203	0.002669903161
265204	0.003120676551
265205	0.003000398581
265206	0.003376755504
265207	0.004072891097
265208	0.003163056243
265209	0.003066274195
265210	0.0033261648
265211	0.003219979127
265212	0.00319738482
265213	0.003291992776
265214	0.003276828817
265215	0.00358012933
265216	0.002289185368
265217	0.002942675311
265218	0.003177050535
265219	0.003181934291
265220	0.003202393277
265221	0.003823515744
265222	0.003011716168
265223	0.00307018553
265224	0.002758028249
265225	0.003317152375
265226	0.00347264589
265227	0.003449182479
265228	0.004400709982
265229	0.003064737315
265230	0.003066447605
265231	0.003173794952
265232	0.003334133957
265233	0.003093945669
265234	0.003714165216
265235	0.002902408886
265236	0.003183916794
265237	0.003320827043
265238	0.002698595532
265239	0.002636409761
265240	0.004148004885
265241	0.003151690953
265242	0.003535295405
265243	0.003500882418
265244	0.003138078511
265245	0.003350663782
265246	0.003189219332
265247	0.002677248638
265248	0.0004878106562
265249	0.003215124411
265250	0.002967090944
265251	0.003424248068
265252	0.003949131328
265253	0.002706368004
265254	0.003417050104
265255	0.003298464275
265256	0.003756559427
265257	0.003807255362
265258	0.002600419601
265259	0.003207929571
265260	0.002772045237
265261	0.003633463407
265262	0.004340427527
265263	0.003122638425
265264	0.003189503243
265265	0.003748278574
265266	0.003629134718
265267	0.002846783249
265268	0.002735848445
265269	0.003059207804
265270	0.002708876512
265271	0.003050628188
265272	0.003257044194
265273	0.003003080729
265274	0.003126621972
265275	0.003032868606
265276	0.003390676061
265277	0.003538560504
265278	0.003079814084
265279	0.003518742372
265280	0.003309621515
265281	0.003180824196
265282	0.003144205392
265283	0.003214089241
265284	0.002799799604
265285	0.004545035771
265286	0.003125291517
265287	0.002973162174
265288	0.003575245469
265289	0.003376151097
265290	0.003254854887
265291	0.00311402262
265292	0.003529930046
265293	0.003043609059
265294	0.002733358582
265295	0.003310345593
265296	0.002113209688
265297	0.003207124551
265298	0.002888553733
265299	0.002675011337
265300	0.003322464782
265301	0.003123447243
265302	0.002231697195
265303	0.002834030129
265304	0.002901243102
265305	0.003394431107
265306	0.00311190889
265307	0.00295511281
265308	0.00373400352
265309	0.002612476801
265310	0.002872152621
265311	0.003068463608
265312	0.001960097912
265313	0.002167367563
265314	0.002323160777
265315	0.004002340287
265316	0.002827887613
265317	0.003521252622
265318	0.003510657485
265319	0.003590004382
265320	0.003324838315
265321	0.003365643188
265322	0.003561424908
265323	0.002987924516
265324	0.002811367835
265325	0.003002056554
265326	0.002767483456
265327	0.003140762293
265328	0.003531400235
265329	0.003176999934
265330	0.003982385782
265331	0.00363602435
265332	0.003727865424
265333	0.003498996268
265334	0.003282163158
265335	0.003278024744
265336	0.003444414655
265337	0.003450605924
265338	0.003023356769
265339	0.003000997796
265340	0.002885984451
265341	0.00340383292
265342	0.00331866896
265343	0.002658816765
265344	0.00351022315
265345	0.003117922273
265346	0.003394874611
265347	0.003260438711
265348	0.00416335708
265349	0.003236384377
265350	0.002516467298
265351	0.001108262783
265352	0.00313691158
265353	0.00231020871
265354	0.003098899126
265355	0.004035589363
265356	0.0008861260348
265357	0.002895570458
265358	0.003597455428
265359	0.002677186653
265360	0.002497651821
265361	0.002401064384
265362	0.003417036791
265363	0.003232710062
265364	0.003319658314
265365	0.00218832904
265366	0.003365238922
265367	0.003158897794
265368	0.002750453926
265369	0.004132825706
265370	0.003084264112
265371	0.002852192602
265372	0.001588483165
265373	0.001697335647
265374	0.003519511924
265375	0.004070850398
265376	0.003483940138
265377	0.004703281663
265378	0.002988106934
265379	0.003245408121
265380	0.003083357277
265381	0.001790253169
265382	0.00197914971
265383	0.0008562146134
265384	0.004027342518
265385	0.003481340253
265386	0.002994644873
265387	0.002010767134
265388	0.003355315262
265389	0.0027555895
265390	0.002954270551
265391	0.003209955691
265392	0.003492728406
265393	0.003942585726
265394	0.003363539612
265395	0.003199242464
265396	0.003202033881
265397	0.002972008812
265398	0.002957845211
265399	0.002497080944
265400	0.003028488087
265401	0.003497652016
265402	0.003238364166
265403	0.003012386747
265404	0.003541165027
265405	0.003857530346
265406	0.003351090063
265407	0.003217848999
265408	0.002648804447
265409	0.003128249095
265410	0.003327435831
265411	0.003432613297
265412	0.003808713314
265413	0.00312132861
265414	0.002728952586
265415	0.002844830511
265416	0.003048091379
265417	0.003001970309
265418	0.003202033654
265419	0.003099942604
265420	0.002757342368
265421	0.003004611786
265422	0.003237401739
265423	0.00273406953
265424	0.003048670888
265425	0.003162744464
265426	0.003361437915
265427	0.003053296987
265428	0.00190515147
265429	0.001546986573
265430	0.002986951844
265431	0.00187872266
265432	0.004343672077
265433	0.002974438577
265434	0.001594297772
265435	0.005749564295
265436	0.003437400708
265437	0.003042108276
265438	0.003879033433
265439	0.002421236971
265440	0.002243967863
265441	0.002915131946
265442	0.003424573156
265443	0.001358148349
265444	0.003361302672
265445	0.0007658483688
265446	0.002453498894
265447	0.008266213407
265448	0.0008195795146
265449	0.004607945691
265450	0.0004624281031
265451	0.003410062661
265452	0.004168595581
265453	0.003961198842
265454	0.003752962016
265455	0.001877263265
265456	0.00387794244
265457	0.00126034463
265458	0.003358156237
265459	0.001695972588
265460	0.001594429109
265461	0.001092556618
265462	0.0001290634887
265463	0.004853525385
265464	0.001151471352
265465	0.00290429623
265466	0.00254929567
265467	0.002338501509
265468	0.001372119166
265469	0.003425793685
265470	0.002153501666
265471	0.001074204739
265472	0.0025817935
265473	0.00117803729
265474	0.0006429907887
265475	0.00255994607
265476	0.0003668860115
265477	0.003366418227
265478	0.002201511583
265479	0.001554459213
265480	0.002416683778
265481	0.004891174835
265482	0.004714946505
265483	0.003064822603
265484	0.003015082071
265485	0.003012019454
265486	0.001470486242
265487	0.002354310504
265488	0.003228749351
265489	0.00233153335
265490	0.00121204817
265491	0.001524632488
265492	0.003455064665
265493	0.002281088473
265494	0.0007978339525
265495	0.002152214843
265496	0.00338052786
265497	0.004381318221
265498	0.003153187587
265499	0.002415455531
265500	0.002012702357
265501	0.0005662107962
265502	0.002474974251
265503	0.00246651539
265504	0.001293314688
265505	0.0006059645563
265506	0.003793771014
265507	0.00274574135
265508	0.002119783959
265509	0.0006332686802
265510	0.002254111712
265511	0.004210568919
265512	0.0008308091769
265513	0.002308583155
265514	0.002792012487
265515	0.001972998719
265516	0.00341790418
265517	0.002846365197
265518	0.003197063982
265519	0.001195142658
265520	0.001155140519
265521	0.0005621651374
265522	0.002261515816
265523	0.001105400596
265524	0.003527839717
265525	0.00334170316
265526	0.0002306352257
265527	0.002700507449
265528	0.001365231713
265529	0.003658359148
265530	0.0008408354287
265531	0.004002536462
265532	0.002625343788
265533	0.002895366884
265534	0.004965625595
265535	0.003890804179
265536	0.003555241002
265537	3.927247137e-05
265538	0.001952260259
265539	0.004154441793
265540	0.006195607533
265541	0.002513614111
265542	0.002021955377
265543	0.002844127224
265544	0.002738511784
265545	0.005712014378
265546	0.001652631393
265547	0.001453696507
265548	0.002405218353
265549	0.0003238323106
265550	0.003649151812
265551	0.003715697461
265552	0.002824293333
265553	0.001457689766
265554	0.003883233216
265555	0.0004144331105
265556	0.003837730727
265557	0.004236902874
265558	0.003878189956
265559	0.00582397337
265560	0.004497122413
265561	0.003009935467
265562	0.002965765035
265563	0.002206111068
265564	0.001281173219
265565	0.0008242966219
265566	0.00131182163
265567	0.002426841486
265568	0.0008987781831
265569	0.005261674811
265570	0.002826950847
265571	0.005218006455
265572	0.004779468751
265573	0.003289716649
265574	0.002649006976
265575	0.001922669372
265576	0.0005582533095
265577	0.00511756346
265578	0.004048308374
265579	0.002734619416
265580	0.001444249034
265581	0.003788707771
265582	0.003057624122
265583	0.002354655823
265584	0.005111944228
265585	0.002307358218
265586	4.946421412e-05
265587	0.003300160105
265588	0.001997686131
265589	0.001630903757
265590	0.001077765905
265591	7.263852753e-05
265592	0.0007116278674
265593	0.003233363935
265594	0.004171430975
265595	0.001305662493
265596	0.003129525759
265597	0.002458977394
265598	0.004460379995
265599	0.002865913126
265600	0.002178084069
265601	0.006006416267
265602	0.001406130951
265603	0.005184672987
265604	0.002616082315
265605	0.004307937391
265606	0.002345857485
265607	0.003471414886
265608	0.00323401596
265609	0.001702005497
265610	0.003117159564
265611	0.003338508633
265612	0.003571582954
265613	0.003294344764
265614	0.003332422806
265615	0.002788163898
265616	0.002711277912
265617	0.003224537506
265618	0.00316071121
265619	0.00289468329
265620	0.004018953551
265621	0.002847202147
265622	0.003504484418
265623	0.003059687873
265624	0.003371492183
265625	0.003193495513
265626	0.003131528768
265627	0.002979826036
265628	0.003144292534
265629	0.003108406952
265630	0.003239351354
265631	0.002761804347
265632	0.00297917222
265633	0.003871083308
265634	0.003153527271
265635	0.00301436192
265636	0.003258169094
265637	0.002982302316
265638	0.001179936359
265639	0.003463308576
265640	0.003667755492
265641	0.003330126308
265642	0.003131919036
265643	0.003342905871
265644	0.002893707375
265645	0.003787314084
265646	0.003831952942
265647	0.00332933649
265648	0.002986020709
265649	0.003490667561
265650	0.003008318009
265651	0.003301459503
265652	0.003478723046
265653	0.003214862726
265654	0.003198487443
265655	0.003515186432
265656	0.002610585753
265657	0.002983655553
265658	0.00329160576
265659	0.002922165427
265660	0.003197831884
265661	0.003210277995
265662	0.00351401187
265663	0.003722702841
265664	0.003212264435
265665	0.00206544322
265666	0.003355620247
265667	0.002691800936
265668	0.002762657656
265669	0.001886507018
265670	0.003240878199
265671	0.002116358113
265672	0.003276665647
265673	0.003536871846
265674	0.002218077529
265675	0.003013974978
265676	0.003594736132
265677	0.00336072366
265678	0.003219658288
265679	0.002979474404
265680	0.003355995896
265681	0.003046675445
265682	0.002876665637
265683	0.00325105526
265684	0.002837972472
265685	0.003659782281
265686	0.004003186971
265687	0.003492230408
265688	0.004125589818
265689	0.003524367912
265690	0.00311842907
265691	0.003132892615
265692	0.00283087951
265693	0.003803619086
265694	0.003874179532
265695	0.002533262275
265696	0.003233477677
265697	0.002943637668
265698	0.003049227249
265699	0.003204894798
265700	0.003057797436
265701	0.002518687086
265702	0.002717569314
265703	0.003029954399
265704	0.003114645486
265705	0.003374558361
265706	0.003238460184
265707	0.003188530131
265708	0.002803302918
265709	0.002240079301
265710	0.005564730863
265711	0.003597324578
265712	0.00256696568
265713	0.0009487714278
265714	0.0009600072762
265715	0.0005396425947
265716	0.002795604202
265717	0.001521676936
265718	0.003781931664
265719	0.004270857258
265720	0.0002252059009
265721	0.003284144622
265722	0.002043226321
265723	0.0003838407813
265724	0.001702999337
265725	0.00385386621
265726	0.003674543152
265727	0.002990206932
265728	0.002443245787
265729	0.00211700079
265730	0.00236523712
265731	0.001678225584
265732	0.001868068077
265733	0.002313062995
265734	0.00255607781
265735	0.003766751991
265736	0.002568285296
265737	0.000168615278
265738	0.0013648056
265739	0.003876745577
265740	0.003171854254
265741	0.0004942878301
265742	0.002825570191
265743	0.005271677517
265744	0.001530427597
265745	0.003372757231
265746	0.003098707713
265747	0.004445303429
265748	0.0001401435861
265749	0.004907815285
265750	0.002907541071
265751	0.002138108757
265752	0.004175338954
265753	0.001990728412
265754	0.004252180059
265755	0.003872000952
265756	0.003428443674
265757	0.003172137634
265758	0.003165127462
265759	0.002720708211
265760	0.003151455406
265761	0.003447635075
265762	0.004829398406
265763	0.003211855887
265764	0.00372828059
265765	0.001646848567
265766	0.002987518252
265767	0.003370841907
265768	0.003819561108
265769	0.003616415978
265770	0.003700449004
265771	0.003033435252
265772	0.003015210293
265773	0.003099351562
265774	0.004064269363
265775	0.003463176084
265776	0.002459916099
265777	0.003265386541
265778	0.003150000408
265779	0.002790670575
265780	0.003002549051
265781	0.003336671205
265782	0.00307786422
265783	0.002403537855
265784	0.00337437396
265785	0.003776283803
265786	0.002890491106
265787	0.003353419177
265788	0.00322345563
265789	0.002522445431
265790	0.003498656733
265791	0.003230343467
265792	0.003278337704
265793	0.002186429504
265794	0.003693881836
265795	0.003128919827
265796	0.00376388548
265797	0.003288893101
265798	0.003239209913
265799	0.003296921004
265800	0.003048794012
265801	0.001412642136
265802	0.0009010765972
265803	0.001206169216
265804	0.001297150289
265805	0.0005329437594
265806	0.002061375527
265807	0.002287864554
265808	0.0001927629598
265809	0.0006353182356
265810	0.000494349166
265811	0.002771706115
265812	0.003952371145
265813	0.0002916010021
265814	0.001371042757
265815	0.001669990771
265816	0.002673044812
265817	0.005324606665
265818	0.005243306406
265819	0.0008120958809
265820	0.001211179119
265821	0.0007215536966
265822	0.00312359307
265823	0.0005544609011
265824	0.001335195412
265825	0.004747915962
265826	0.001715708553
265827	0.005844772659
265828	0.001997834037
265829	0.0007331947908
265830	0.00104063504
265831	0.002045710114
265832	0.0002666110335
265833	0.00185982809
265834	0.0005852126231
265835	0.002131935389
265836	0.0001606188199
265837	0.002893919974
265838	0.00675558203
265839	0.0005043515309
265840	0.001882351383
265841	0.001483037777
265842	0.001573308981
265843	0.0004146179333
265844	0.001695693372
265845	2.610397281e-06
265846	0.0005964625415
265847	7.008561456e-05
265848	4.082643566e-06
265849	0.0002956471869
265850	0.002751555525
265851	0.001643028715
265852	0.00259313724
265853	0.0004151120841
265854	0.001232326648
265855	0.002519138355
265856	0.0001554742852
265857	0.00343658772
265858	0.001308682623
265859	0.001653341189
265860	0.003922572182
265861	0.0004770395305
265862	0.0005713832479
265863	0.001370801583
265864	0.001566007844
265865	0.002710465523
265866	0.001156794103
265867	0.00137768962
265868	0.001703957031
265869	0.000198320227
265870	0.003009531607
265871	0.0001554742852
265872	0.000685773872
265873	0.0001703191778
265874	0.0006026665632
265875	0.0006309031905
265876	0.0002143014156
265877	0.003952367065
265878	0.003620422746
265879	0.0006502410771
265880	0.0001066015546
265881	3.75738605e-05
265882	0.0009248196068
265883	0.001968823014
265884	0.001663950761
265885	0.002521294879
265886	0.002393909077
265887	0.0009319932265
265888	0.00174048542
265889	0.0008093586298
265890	0.0002396048105
265891	0.002858163171
265892	0.0001931699427
265893	0.002512318249
265894	0.002572166116
265895	0.0005421265915
265896	0.002172476381
265897	0.000253039543
265898	0.003689104587
265899	0.002196022386
265900	0.0004233316045
265901	0.000970397656
265902	0.002581059651
265903	0.0006206828696
265904	0.002208562172
265905	0.001367065992
265906	0.001636652167
265907	0.001608160934
265908	0.001329554934
265909	0.0007349805324
265910	0.0003802028061
265911	0.0008380880472
265912	0.0007028581233
265913	0.001840156566
265914	0.003118861991
265915	0.001826272261
265916	0.0008448400161
265917	0.001094164101
265918	0.0004541972151
265919	9.718535578e-05
265920	0.005010103681
265921	0.0006990827711
265922	0.0008844009681
265923	0.003954360198
265924	0.003165393526
265925	0.001006857855
265926	0.0004350964358
265927	0.0006136794209
265928	0.0005373870148
265929	0.003877367449
265930	0.003863969735
265931	0.003518982584
265932	0.0008743816643
265933	0.000401893182
265934	0.001125377362
265935	0.000912623791
265936	0.001444015981
265937	0.0003427498719
265938	0.0001333503047
265939	0.001813823874
265940	0.005731118947
265941	0.001329662023
265942	0.00260473693
265943	0.0007252320604
265944	0.0002562376599
265945	0.0006379260678
265946	0.0009548466142
265947	0.0008544327382
265948	0.003499722007
265949	0.00196809347
265950	0.001109765634
265951	0.001251977569
265952	0.003411720122
265953	0.001940703206
265954	0.0009648197739
265955	0.001034970953
265956	0.002333028219
265957	0.0015478399
265958	0.004784520732
265959	0.001701773739
265960	0.0006470682099
265961	0.0003060434768
265962	0.0003252540813
265963	0.000336801732
265964	0.002546853638
265965	0.001415922604
265966	9.749378793e-05
265967	0.0009089659668
265968	0.0006428972764
265969	0.003075556771
265970	0.0004959795075
265971	0
265972	0.00285976372
265973	0.000376660419
265974	1.488324595e-05
265975	0.002597336989
265976	0.001932288088
265977	0.0006460622843
265978	0.0006949504837
265979	0.002707400991
265980	0.002155281086
265981	0.00145639676
265982	0.002648979038
265983	0.00201656554
265984	0.0003710966096
265985	0.0007068484333
265986	0.0003088039737
265987	3.752765521e-05
265988	0.002982061586
265989	0.0007148319501
265990	0.002239109903
265991	0.003629179033
265992	0.000851139735
265993	0.001776328944
265994	0.001914827017
265995	0.004215183089
265996	0.00311516289
265997	0.002647746789
265998	0.0007388935341
265999	0.0007892827251
266000	0.002830145397
266001	0.002386262362
266002	0.0005826226191
266003	0.0008787456464
266004	0.0009158022527
266005	0.001750345449
266006	0.0005713990092
266007	0.002481809789
266008	0.001305773956
266009	0.002242504
266010	0.000191515727
266011	0.001341749742
266012	0.006085300915
266013	0.001321777029
266014	0.001728839404
266015	0.0002934723821
266016	0.002819578294
266017	0.00141915796
266018	0.00467754733
266019	0.003715491059
266020	0.001344791127
266021	0.003119712579
266022	0.002742230095
266023	9.289737375e-05
266024	0.002369945163
266025	0.0003933451811
266026	0.001284273903
266027	0.001167848835
266028	0.001111918515
266029	0.004335000906
266030	0.000448988684
266031	0.0008893745035
266032	0.0009108099076
266033	0.0005189413795
266034	0.0008729169844
266035	0.0009082621013
266036	0.001388053078
266037	0.001672947835
266038	0.002624317818
266039	0.0005447729072
266040	0.0006169576656
266041	0.0009809052912
266042	0.001491990631
266043	0.001466309967
266044	6.497450228e-05
266045	0.0001441126504
266046	0.002239888536
266047	0.001175573212
266048	0.003356433972
266049	0.001188009821
266050	0.0002104696635
266051	0.002762792836
266052	0.001818953555
266053	0.0006227922227
266054	0.0003827528965
266055	0.001595833543
266056	4.720472603e-05
266057	0.002510810526
266058	0.001665255028
266059	0.003621689492
266060	0.001327730585
266061	0.002024754332
266062	0.000624318299
266063	0.00350476607
266064	0.002396270229
266065	0.003238868891
266066	0.001746499558
266067	0.001656556135
266068	0.002005743258
266069	0.003707368414
266070	0.00346413784
266071	0.00158584325
266072	0.0003145090596
266073	0.0003468951036
266074	0.000288642119
266075	0.002038138871
266076	3.826979915e-05
266077	0.002377477369
266078	2.493874107e-05
266079	0.0004472134489
266080	0.0005953900291
266081	0.003419706376
266082	0.0006526607199
266083	0.003243070686
266084	0.002010598587
266085	0.001095778372
266086	0.001475968481
266087	0.002022307327
266088	0.003971141488
266089	0.0002168455385
266090	7.614198442e-05
266091	0.004569650557
266092	0.008043805318
266093	0.002324797093
266094	0.0004469612531
266095	0.001394061329
266096	0.002584610336
266097	0.00308762753
266098	0.001940957314
266099	0.002135271921
266100	0.001352738878
266101	0.002478976374
266102	0.003933967893
266103	0.0001702666317
266104	0.002434223863
266105	0.000364651289
266106	0.0002823399771
266107	0.002406188538
266108	0.00229716019
266109	0.002622232275
266110	0.001078968391
266111	0.006041644872
266112	0.005403164156
266113	0.0002165193049
266114	0.006705867918
266115	0.003698890262
266116	0.001622449362
266117	0.0007397082035
266118	0.0003592819311
266119	0.002001622254
266120	0.0003183811828
266121	2.055393407e-05
266122	0.0001885481117
266123	0.001318656757
266124	0.001006192646
266125	0.002026931232
266126	0.0007168477906
266127	0.0009184598847
266128	0.003560039431
266129	0.004254904178
266130	0.001662757448
266131	0.002403813534
266132	7.592520165e-05
266133	0.002350146647
266134	0.001524380797
266135	0.002681256019
266136	0.0005978493052
266137	0.0009182853378
266138	0.003748226225
266139	0.001949466913
266140	0.001482340214
266141	0.001198922382
266142	0.0008066931232
266143	0.002224354621
266144	0.0003849361787
266145	0.001152655559
266146	0.001276462379
266147	0.004514841857
266148	0.000862169886
266149	0.0007518360882
266150	0.0009595667037
266151	0.000665241845
266152	0.001212345374
266153	0.003394503953
266154	0.006810463036
266155	0.002992225305
266156	0.001185173043
266157	0.001518128229
266158	0.0003649428559
266159	0.001194828692
266160	0.001725821029
266161	0.001690096907
266162	0.0002544926306
266163	0.001269837455
266164	0.004790415952
266165	0.003712344755
266166	0.001405953998
266167	0.002588451708
266168	0.001955466269
266169	0.0001084367784
266170	0.0002603257735
266171	0.0001995805833
266172	0.001621912918
266173	0.0003848837038
266174	0.0001941229833
266175	6.968932442e-06
266176	0.0002348402028
266177	7.848523451e-05
266178	0.0001297102266
266179	2.631227788e-06
266180	8.065624058e-05
266181	9.830007679e-05
266182	0.0002825117368
266183	0.0002770988437
266184	5.032913282e-05
266185	0.000306046595
266186	0.0001899708726
266187	0.0001446323145
266188	0.0004106845497
266189	0.0002053796719
266190	7.500814171e-05
266191	2.267637224e-05
266192	0.0003927603368
266193	0.0001043880586
266194	0.0003557041234
266195	0.0002761665477
266196	0.0003403531359
266197	1.945316525e-05
266198	0.000105253748
266199	0.0001178934375
266200	7.760943561e-05
266201	0.0002246618819
266202	0.0001061476102
266203	6.584565926e-05
266204	0.0005049438209
266205	0.0002162601259
266206	5.024673589e-06
266207	9.531685197e-05
266208	0.000132645432
266209	3.328535259e-05
266210	4.745237229e-05
266211	5.804392457e-05
266212	0.0001688063525
266213	0.000262153269
266214	0.0003218535008
266215	0.0001794284078
266216	0.0005643892925
266217	0.0003661210201
266218	4.195384713e-05
266219	3.193858987e-05
266220	0.0004068686517
266221	6.90321804e-05
266222	3.272224417e-05
266223	0.0001104648867
266224	0.0004061750573
266225	7.66247873e-05
266226	0.0003304374765
266227	0.000557714876
266228	0.0003259716326
266229	0.0002245985496
266230	5.402666192e-05
266231	2.450988147e-05
266232	0.0002073912126
266233	0.0002918516918
266234	0.0001196323113
266235	0.0004743216327
266236	0.0001518931214
266237	0.0002629020069
266238	3.63914063e-05
266239	1.170937504e-05
266240	0.0003292556031
266241	0.0001348285435
266242	0.0002915439516
266243	0.0001457073119
266244	0.0001082544417
266245	0.0001372135155
266246	0.0002180579444
266247	0.0003236081577
266248	0.001642483333
266249	0.0001467550295
266250	9.651342018e-05
266251	0.0001621702981
266252	9.037893144e-05
266253	0.0008271477529
266254	0.001407465261
266255	6.971263448e-05
266256	6.013646495e-06
266257	0.0004898493941
266258	0.000476736903
266259	0.0006502837006
266260	0.0002003054524
266261	4.460510475e-05
266262	0.0001403770118
266263	8.852285675e-05
266264	0.0003531823544
266265	0.0002623627308
266266	0.000959454668
266267	4.222020065e-05
266268	0.0003474190677
266269	0.0005722496835
266270	9.419094853e-05
266271	0.0002235765023
266272	8.595506059e-05
266273	0.0002442674823
266274	0.0002623319928
266275	0.0001644890329
266276	0.0001552458396
266277	5.644448574e-05
266278	9.459348332e-05
266279	1.919688935e-05
266280	0.0004270879565
266281	0.000233639824
266282	0.0003150918001
266283	0.0002368614644
266284	0.000306017956
266285	0.0001187818058
266286	0.0001298954084
266287	0.0002464646986
266288	0.0001641565111
266289	0.000132954633
266290	0.0003775314477
266291	2.580152232e-05
266292	0.000280236338
266293	9.976186226e-05
266294	0.0003905838175
266295	9.730038273e-05
266296	0.0004033560331
266297	0.0001123932475
266298	0.0005305756582
266299	9.024179182e-05
266300	0.0004380312315
266301	0.0001196347833
266302	3.16340724e-05
266303	0.001529580966
266304	9.314435193e-05
266305	0.001170417244
266306	5.491800718e-05
266307	4.891448627e-05
266308	0.0002459590723
266309	7.631483663e-05
266310	1.93356368e-05
266311	0.0001220690676
266312	0.0001033554134
266313	6.548472594e-05
266314	0.000502941946
266315	6.650927223e-05
266316	8.925429379e-06
266317	0.000155630168
266318	1.7668587e-05
266319	0.0002883608353
266320	2.873213883e-05
266321	0.0003819629373
266322	0.0002843067832
266323	0.0005573354617
266324	2.505333399e-05
266325	2.509129673e-05
266326	0.0002472545243
266327	0.0001094270913
266328	1.812698078e-05
266329	0.0004442920718
266330	0.0002798736201
266331	1.34279746e-05
266332	0.0002530868862
266333	2.585609099e-05
266334	5.914451623e-05
266335	0.0001290684934
266336	2.405394469e-05
266337	0.0005734271548
266338	0.003537553276
266339	0.004591076078
266340	0.0009037684574
266341	0.0001445459503
266342	0.0003907833047
266343	0.005019231454
266344	0.003795771664
266345	0.001999196902
266346	0.005935509987
266347	0.003890444124
266348	0.0002855888784
266349	0.0005687564433
266350	0.002051127627
266351	0.001944471655
266352	0.001039890903
266353	0.0014904935
266354	0.0005870274548
266355	0.00109648293
266356	0.008965597186
266357	0.003124912278
266358	0.001892753933
266359	0.003677325534
266360	0.002126558964
266361	0.003770745429
266362	0.002906136342
266363	0.006749712542
266364	0.002694043404
266365	0.001981881898
266366	0.001199468736
266367	0.001652155171
266368	0.007894591916
266369	0.0007792347787
266370	0.001491722789
266371	0.01153813731
266372	0.008881299584
266373	0.005815020809
266374	0.003581026254
266375	0.005640085934
266376	0.005906981375
266377	0.005071621429
266378	0.003980992484
266379	0.002603482522
266380	0.002016677681
266381	0.0006133348363
266382	0.00453029802
266383	0.0006859090314
266384	0.002975415906
266385	0.0001084388131
266386	0.00153044821
266387	0.00257001101
266388	0.0006310715919
266389	0.0004400187797
266390	0.0006427104057
266391	0.002984153232
266392	0.0009163551026
266393	0.002000737886
266394	0.001634927603
266395	0.002468126269
266396	0.00134131953
266397	0.002795068383
266398	0.001986357843
266399	0.002422543846
266400	0.0006375931648
266401	0.004064748104
266402	0.002771716215
266403	0.002589430531
266404	0.004321487281
266405	0.0004060259605
266406	0.000346023784
266407	0.001821076769
266408	0.003081923303
266409	0.0005227594941
266410	0.0001233497053
266411	0.003689898936
266412	0.006529201227
266413	5.367494578e-05
266414	0.0003242198761
266415	0.0006805363918
266416	0.001635557676
266417	0.0007106189485
266418	0.001075013856
266419	0.000123870619
266420	0.003773498877
266421	0.004289963755
266422	0.004431927104
266423	0.001670943028
266424	0.001837710715
266425	0.003172583569
266426	0.005234349097
266427	0.004699260216
266428	0.001125526543
266429	0.001344968736
266430	0.006079712976
266431	0.001017286597
266432	0.003908718793
266433	0.0006304967407
266434	0.002165645462
266435	0.0002129862134
266436	0.0005184487482
266437	0.00159265708
266438	0.0005988710482
266439	0.002149991375
266440	0.002058765768
266441	0.002022635582
266442	0.004917405796
266443	0.002591805029
266444	0.001034078353
266445	0.0002835740761
266446	0.0009658653163
266447	0.008456374996
266448	0.007990429512
266449	0.0007345375102
266450	0.0007122884418
266451	0.0004878738238
266452	0.004656398829
266453	0.003473155322
266454	0.005543073602
266455	0.001468778273
266456	0.001426175942
266457	0.0005684938989
266458	0.002171926528
266459	0.003131155605
266460	0.0002373750971
266461	0.001387751374
266462	0.001579266805
266463	0.006984869779
266464	0.002109399669
266465	0.001965699874
266466	0.001187112694
266467	4.804203087e-05
266468	0.00298874558
266469	0.003620962069
266470	0.0002085239122
266471	3.135221161e-05
266472	0.001580555327
266473	0.000401789824
266474	0.002500299577
266475	0.0006139182309
266476	5.768640662e-05
266477	0.001770911543
266478	0.002303419821
266479	0.003142372667
266480	0.0001232128127
266481	0.0001733781678
266482	0.0003532207267
266483	0.004651768156
266484	0.0003392730222
266485	0.005852650056
266486	0.003202238693
266487	0.0009161582185
266488	6.811278108e-05
266489	0.004023901116
266490	0.004718286531
266491	0.003803847895
266492	0.003430135995
266493	0.0004254840985
266494	0.00228335526
266495	0.003096454301
266496	0.003699766943
266497	0.000392916877
266498	0.0007941252292
266499	0.0004916798161
266500	0.0005196985662
266501	0.001554617471
266502	0.001709884448
266503	0.001914015903
266504	0.0003814464414
266505	0.0004103228149
266506	5.684280949e-05
266507	0.0003964066541
266508	0.001139753395
266509	0.0001769440844
266510	0.0002342867832
266511	0.001038197761
266512	0.0002179362398
266513	0.0007564980163
266514	0.0002748128197
266515	0.0004850341186
266516	0.0002029598728
266517	0.002336232698
266518	0.0001468763061
266519	0.0004649655684
266520	0.0002609409909
266521	2.534087307e-05
266522	0.0001530077924
266523	0.0001371429303
266524	0.0002616271126
266525	0.0002085339399
266526	1.566891478e-05
266527	0.0001362397491
266528	0.0002769549337
266529	0.0004509298059
266530	0.000690637724
266531	7.977502966e-05
266532	0.0001826406591
266533	0.000295903823
266534	6.020053364e-06
266535	0.000110327854
266536	0.0001806495057
266537	0.0002063326753
266538	0.0004101190361
266539	5.616716166e-05
266540	0.0006301565852
266541	0.000227672366
266542	0.0001482282941
266543	0.0008139191715
266544	6.423608852e-05
266545	0.0001362292518
266546	3.126331232e-05
266547	1.550798675e-05
266548	1.414516582e-05
266549	0.0002767838718
266550	0.0001441207772
266551	0.0006253890331
266552	0.0002455876799
266553	6.204157092e-05
266554	1.260884362e-05
266555	7.835698343e-05
266556	0.0003164570999
266557	0.003606112276
266558	0.0003846166052
266559	0.000234535073
266560	0.0002238529608
266561	0.0004569739379
266562	0.0002356545003
266563	8.190816453e-06
266564	4.175359425e-05
266565	0.0001565801272
266566	9.797434533e-05
266567	6.284865918e-05
266568	0.0001998435212
266569	7.413290807e-05
266570	0.0006880238124
266571	0.0008823697003
266572	0.0009666027673
266573	0.0003210678086
266574	0.0004588316611
266575	0.001138653831
266576	0.0005324857425
266577	0.0001242665674
266578	0.0001222423336
266579	0.0002498415729
266580	0.0003951440063
266581	0.0005614846757
266582	1.607398462e-05
266583	0.0001075259959
266584	0.0002085568031
266585	0.0004009850692
266586	9.130970547e-05
266587	0.0006279465829
266588	0.0003181970739
266589	0.0002820607659
266590	0.0005781364903
266591	4.300031947e-05
266592	0.000175174613
266593	0.000248635231
266594	0.0003171308252
266595	7.463260447e-05
266596	0.003380874783
266597	0.000900424871
266598	0.0001363144695
266599	0.0006835514986
266600	0.001848632028
266601	0.0004409999882
266602	0.0004911862993
266603	0.0004705071068
266604	0.001354470297
266605	0.0001323100024
266606	0.0001215356941
266607	0.00032060846
266608	0.0006316260364
266609	0.0003316930104
266610	0.001424913127
266611	0.0001375260675
266612	0.0009862081602
266613	3.584126607e-06
266614	9.02930927e-05
266615	0.000875146864
266616	0.000695745185
266617	0.001100358137
266618	0.00166518382
266619	0.000310574267
266620	0.001774275567
266621	3.249911019e-05
266622	0.0005744761379
266623	1.708840344e-05
266624	0.0003442810761
266625	0.0002663184
266626	0.00126760581
266627	0.0003026476664
266628	0.002048168745
266629	0.0001219484224
266630	4.231302776e-05
266631	0.002435542709
266632	0.0002719018036
266633	4.585572211e-05
266634	0.001072038242
266635	0.0004096876983
266636	0.0002040015849
266637	0.001663214144
266638	0.0002374383535
266639	0.0004828650655
266640	0.0005984959541
266641	0.0008048331456
266642	0.0001829995123
266643	0.0001272647669
266644	0.001886226332
266645	0.0007107343785
266646	0.0002383072741
266647	0.0002809284908
266648	0.000570909928
266649	0.0006865469049
266650	0.0003727321166
266651	0.001986670847
266652	0.0001362769442
266653	0.0002377927811
266654	0.001930152385
266655	0.0004521481985
266656	0.0002241147604
266657	3.943981478e-06
266658	0.0003175102754
266659	3.821166506e-05
266660	0.0001463256565
266661	6.214372227e-05
266662	0.001327007142
266663	0.0005817362655
266664	0.001570546363
266665	5.101108853e-06
266666	0.0004063513242
266667	0.0005215643916
266668	0.0001974372872
266669	0.0004483520159
266670	0.0001054954126
266671	6.936048321e-05
266672	0.002742192411
266673	0.0001119293051
266674	0.0006020517153
266675	0.0001379833869
266676	0.002150320964
266677	0.001226187962
266678	0.0002229257708
266679	8.246895902e-05
266680	0.001212265976
266681	0.0002258520003
266682	0.0002359973898
266683	3.248390607e-05
266684	0.0001637277326
266685	4.22553973e-05
266686	3.053981136e-06
266687	5.080019172e-05
266688	0.0004433835443
266689	0.0002196722538
266690	0.0006292955179
266691	0.001786735628
266692	0.0001243227347
266693	0.0002204065924
266694	0.0006330592774
266695	0.000384240846
266696	0.0001575807992
266697	1.245916791e-05
266698	8.611244556e-05
266699	0.0002104681598
266700	0.0001308817377
266701	0.001381143488
266702	0.0005797722013
266703	0.0001200573593
266704	0.000142956203
266705	2.481514283e-05
266706	0.0003520499397
266707	0.001318860985
266708	0.002735509302
266709	0.0004436672109
266710	0.0002126096731
266711	0.0002111445049
266712	0.0001747368966
266713	0.0005455709105
266714	0.0005123102852
266715	0.001997228138
266716	0.003274292199
266717	0.0012907917
266718	0.0004506427553
266719	0.0006657027143
266720	0.001233724442
266721	0.002033238686
266722	0.000451055409
266723	8.939701875e-06
266724	5.871782557e-05
266725	9.810401268e-05
266726	9.156930205e-06
266727	0.0001854121288
266728	0.0001000313506
266729	0.0006440203526
266730	0.0003792430021
266731	0.00028674418
266732	0.0002229344716
266733	0.0002731332894
266734	0.0003700558368
266735	0.0001046440805
266736	1.199696513e-05
266737	0.0002342661395
266738	0.0001767921147
266739	0.001047309543
266740	0.0005421710647
266741	0.0002479757694
266742	0.0005377494386
266743	0.0002975287161
266744	0.0001162403263
266745	0.0003600367647
266746	0.0005089239427
266747	0.0001490891944
266748	9.380013844e-05
266749	0.0007005545136
266750	0.0001212920868
266751	0.0003523275836
266752	0.000496746748
266753	0.0002567321516
266754	0.0003212136747
266755	0.0003389819365
266756	0.0009664864915
266757	5.547752488e-05
266758	0.0001456089844
266759	6.713092896e-05
266760	0.001571182498
266761	0.0007177281582
266762	3.317347554e-05
266763	5.321886314e-05
266764	0.0003557162776
266765	7.017450105e-05
266766	0.0002868938782
266767	5.186042367e-05
266768	5.797739139e-05
266769	0.0004597404891
266770	0.0004001415806
266771	0.0001223756437
266772	0.0003328570341
266773	2.027314003e-05
266774	0.0009038673589
266775	9.333492463e-05
266776	0.0001552965613
266777	0.0001764248654
266778	0.0003195526331
266779	0.0004778236998
266780	0.0004396100778
266781	0.0003240356041
266782	1.226363141e-05
266783	5.381814058e-05
266784	0.0002561824614
266785	7.911329828e-05
266786	3.064499666e-05
266787	7.059277047e-06
266788	0.0004277674736
266789	0.0002497394465
266790	0.0002264093498
266791	0.0002998918602
266792	0.0001735027124
266793	7.843442233e-05
266794	1.475071854e-05
266795	7.554829035e-05
266796	1.503350348e-05
266797	0.001351300253
266798	0.0001683162873
266799	1.730239427e-05
266800	0.0004251920621
266801	0.0003290277955
266802	0.0002653024408
266803	0.0002203223906
266804	0.0002458218707
266805	0.000160248943
266806	0.0009644262985
266807	0.0001344609157
266808	0.0001182468691
266809	0.0001816461554
266810	0.0003220105757
266811	5.590313956e-06
266812	5.729198297e-06
266813	0.0001274542111
266814	9.076317364e-05
266815	4.042854118e-05
266816	0.00242242003
266817	0.0007398439286
266818	0.0008659347556
266819	0.0002261335276
266820	5.75026862e-05
266821	0.001204043609
266822	0.000123056232
266823	0.0005571843661
266824	0.0001440405164
266825	0.0001067972375
266826	0.0002240660701
266827	0.0001373211313
266828	0.0003814594736
266829	7.651666961e-05
266830	1.026059697e-05
266831	0.0001701224929
266832	0.0002579432352
266833	5.776071472e-06
266834	0.0001117090446
266835	0.0003123671789
266836	0.0003143369587
266837	1.019081097e-05
266838	0.0001503993735
266839	0.0008616096593
266840	0.0006091256079
266841	2.6857472e-06
266842	7.511516358e-05
266843	9.786937352e-05
266844	9.948141949e-05
266845	0.0002226114693
266846	0.0001393630276
266847	2.761367766e-05
266848	0.0008637781124
266849	0.0006277494683
266850	7.547420322e-05
266851	0.0006863202719
266852	0.000338521174
266853	0.0002104677941
266854	0.0002508156369
266855	9.093642039e-05
266856	0.0002990928547
266857	0.0002984834247
266858	0.002100631658
266859	0.0006707294211
266860	0.001489632246
266861	6.826001832e-05
266862	0.000149565181
266863	0.0002604837276
266864	0.002056413118
266865	8.41463566e-05
266866	0.0004385257853
266867	9.086807234e-05
266868	0.0005080294911
266869	0.0002167420835
266870	0.000318864858
266871	0.0008402261039
266872	0.0005927065842
266873	0.0001139150959
266874	0.001087211482
266875	7.527084003e-05
266876	0.0001803709494
266877	0.0002298651005
266878	0.0001119559541
266879	0.0005069083127
266880	0.0003714659421
266881	0.0001335360367
266882	0.0005764748036
266883	3.523248431e-05
266884	8.410550652e-05
266885	0.0007952431653
266886	0.002728407348
266887	0.001077524303
266888	0.0004360221553
266889	0.002482720565
266890	0.0003076578369
266891	0.0007558218227
266892	5.18235772e-05
266893	0.0002375002046
266894	0.0006800287648
266895	3.727307026e-05
266896	0.0003794759136
266897	0.000108971961
266898	0.0001000875597
266899	5.671579266e-05
266900	0.0001387209233
266901	1.403398168e-05
266902	7.678727235e-05
266903	0.0003463084351
266904	0.0001371714558
266905	0.0003865426002
266906	0.000102382851
266907	0.0009307292764
266908	6.050072577e-05
266909	5.975017014e-05
266910	0.0003333158255
266911	0.0005434915364
266912	6.089792278e-05
266913	0.002836164566
266914	0.0007823824806
266915	0.000507445737
266916	0.001332647464
266917	0.0004368268733
266918	3.43518604e-06
266919	0.0003947092911
266920	0.0008238880126
266921	0.0002431644701
266922	0.0002376941908
266923	0.0004759174407
266924	0.0002994540862
266925	0.0009476650995
266926	3.385476466e-06
266927	0.0001979934836
266928	0.0002215730162
266929	0.0001724059417
266930	0.0004823746706
266931	0.0002038535372
266932	0.0003190094088
266933	0.0006999944944
266934	8.141071664e-05
266935	0.0001076880201
266936	0.0001512075768
266937	0.0003128631012
266938	4.309036068e-05
266939	8.731749145e-05
266940	0.0007793003402
266941	8.852796234e-05
266942	0.0006740753378
266943	0.000313433377
266944	0.0001968741217
266945	1.374108271e-06
266946	0.0003358760851
266947	0.0005032151808
266948	0.0006740338371
266949	0.001926691598
266950	0.0001822970248
266951	0.0004318616186
266952	5.302202979e-05
266953	0.0003132389921
266954	7.280031817e-05
266955	6.853073336e-05
266956	0.0002955279824
266957	0.000181257044
266958	0.000488568393
266959	0.0002660293764
266960	0.0002215333757
266961	0.0008703953837
266962	0.0003484529791
266963	0.000150034152
266964	0.001545098078
266965	0.0001856864716
266966	0.0002748123346
266967	0.001089137148
266968	0.0001150335016
266969	6.449254035e-05
266970	0.0004169674124
266971	0.0004388349925
266972	0.000228563726
266973	0.0001001595054
266974	3.365435099e-05
266975	0.001052343628
266976	0.0002694173192
266977	0.0004568902665
266978	0.0002047925196
266979	7.559083946e-05
266980	0.0007231662598
266981	0.0007232649055
266982	5.147818583e-05
266983	0.0006215460125
266984	0.0004956668982
266985	1.852054364e-05
266986	7.652714473e-05
266987	0.0003995692333
266988	0.0002306860911
266989	3.266838317e-05
266990	0.001406274888
266991	0.000281451483
266992	0.0003681739168
266993	0.0001627363831
266994	0.000259534375
266995	0.0005892112714
266996	0.001086640743
266997	0.0001257601503
266998	1.02735142e-05
266999	0.002394862904
267000	0.001328697476
267001	0.0003200492603
267002	5.175253617e-05
267003	0.001697696781
267004	0.000691316209
267005	0.0003377852793
267006	7.384495423e-05
267007	1.274367619e-05
267008	0.000109645954
267009	0.0001592490785
267010	0.0005538844105
267011	0.0009917561852
267012	0.0003184222252
267013	0.0001800440501
267014	0.0002357506559
267015	2.737389936e-05
267016	3.668492353e-05
267017	0.0001654947163
267018	0.003937007708
267019	0.0001044771874
267020	0.0007006441193
267021	1.153527036e-05
267022	9.727804957e-05
267023	0.002534470691
267024	1.477692002e-05
267025	0.0003028220157
267026	0.0002307965107
267027	0.0002631573382
267028	0.0003092709919
267029	0.0004462493171
267030	0.0004662033788
267031	8.877148673e-05
267032	0.0002535250521
267033	0.000155174194
267034	0.0001796312137
267035	0.0002090291869
267036	0.0002183928493
267037	0.0004170464213
267038	0.0001961806458
267039	0.0009267676189
267040	0.0006254802943
267041	0.0003586380874
267042	0.0002556311702
267043	7.346661029e-05
267044	2.901237403e-05
267045	0.0001768929358
267046	0.0009014449416
267047	0.0003934580891
267048	0.000505172878
267049	0.000498502631
267050	0.0001490607128
267051	0.0008974375384
267052	0.0001972271677
267053	0.0003898404983
267054	6.771387173e-05
267055	0.0005983794014
267056	0.0006650370046
267057	0.0004452997789
267058	0.0003938825297
267059	0.001617501799
267060	0.0002397933331
267061	3.0409873e-05
267062	5.669979612e-05
267063	0.0002817962582
267064	0.0008982926574
267065	0.001082428977
267066	0.001067595227
267067	3.615515567e-05
267068	5.975965623e-05
267069	0.0008873080609
267070	0.0004387718799
267071	0.0001256527638
267072	0.0001499681392
267073	0.0002003755305
267074	0.0001554705309
267075	0.0001872238482
267076	0.001840461676
267077	0.0006744855439
267078	0.001135857425
267079	0.0006337651057
267080	8.299709581e-05
267081	9.884901678e-05
267082	0.0002532744447
267083	0.001402708229
267084	0.004270802153
267085	0.0007202470104
267086	0.0008348882295
267087	0.0009217321239
267088	0.0005497674999
267089	1.791623615e-05
267090	7.448986469e-05
267091	5.322491141e-05
267092	3.052339109e-05
267093	0.0001768702637
267094	0.0002090602347
267095	0.0005325619588
267096	0.002198989486
267097	0.0002857190124
267098	0.0006431260368
267099	2.573640725e-05
267100	0.0005744559098
267101	0.0004681473742
267102	0.0004315732695
267103	0.0003363308167
267104	0.0001828249797
267105	0.0006115735981
267106	1.176192752e-05
267107	0.0001244189854
267108	0.000270456793
267109	0.001052891238
267110	0.0001744516734
267111	0.0007352344241
267112	0.0001196603621
267113	0.0007565900019
267114	0.001151349572
267115	8.984129663e-05
267116	0.0007594703732
267117	0.002179589072
267118	0.001399420432
267119	0.0002457494091
267120	0.000879072857
267121	0.00113304083
267122	0.0004350601986
267123	0.002507321864
267124	0.0002519984661
267125	8.881924009e-05
267126	0.001367189851
267127	7.532624999e-05
267128	0.0003751817775
267129	0.0003965534417
267130	0.001966077073
267131	0.001944002097
267132	0.0002797966609
267133	0.0001240068347
267134	0.0004508060793
267135	0.000537397683
267136	0.0001230246038
267137	0.000107847681
267138	9.872944209e-05
267139	3.855982921e-05
267140	0.0004037351185
267141	0.0001497755867
267142	0.0006969915715
267143	0.0003171788812
267144	6.707668966e-06
267145	0.0002753441493
267146	4.085063667e-05
267147	1.820049947e-05
267148	0.0004001955415
267149	0.001225195928
267150	3.93398764e-05
267151	0.0003152396596
267152	0.0002642076653
267153	9.999384767e-06
267154	8.503872102e-05
267155	1.386138205e-05
267156	1.549833892e-05
267157	0.0002641196673
267158	0.0006977674306
267159	1.806716388e-05
267160	0.0004841021511
267161	0.0002634735232
267162	0.00285376167
267163	0.0002409664098
267164	0.001061690008
267165	0.0001331804897
267166	0.0001289041817
267167	0.0008738980121
267168	0.0004476890101
267169	0.0002944259546
267170	2.723387789e-05
267171	8.49245973e-05
267172	0.0001985344463
267173	6.959450896e-06
267174	1.898228994e-05
267175	0.0002994762403
267176	6.139546286e-05
267177	0.0006402744883
267178	5.01810758e-05
267179	0.000303719333
267180	0.0005284026676
267181	0.0001357196786
267182	0.0004604501887
267183	0.001638992873
267184	0.000422887158
267185	0.0005929739806
267186	4.802964301e-05
267187	0.0008582657545
267188	0.004524295033
267189	0.0004103242915
267190	0.000992904824
267191	0.001845339627
267192	0.0004627211909
267193	0.000832204929
267194	0.000337085239
267195	0.0008055785698
267196	0.000234600579
267197	0.0006971581454
267198	0.001493862029
267199	0.000893931822
267200	0.0008140108385
267201	0.0002294981138
267202	0.001718841683
267203	0.001134972585
267204	0.0007265607299
267205	0.001036548407
267206	0.001499450651
267207	0.0004422067182
267208	0.0001109542774
267209	0.001498494733
267210	0.0007980387197
267211	0.001944985359
267212	0.001495865231
267213	0.000672301115
267214	0.0002193481953
267215	0.001269377032
267216	0.0003397816862
267217	0.0004718537933
267218	0.0005960364849
267219	0.0009474985571
267220	0.001492409554
267221	0.0006921650325
267222	0.001490669861
267223	9.92372765e-05
267224	1.013342216e-06
267225	0.001496108241
267226	0.001810159474
267227	0.0001257822603
267228	0.001726145993
267229	0.001042668287
267230	0.0005869632938
267231	0.0007924280502
267232	0.000383538161
267233	0.000688682656
267234	0.0004861018139
267235	0.000674104648
267236	0.0007034939259
267237	0.0002220086908
267238	0.001280718943
267239	0.0009255896707
267240	0.0006842349055
267241	0.0009008521667
267242	0.001118870112
267243	0.0009173481612
267244	0.001264125519
267245	0.0005731085027
267246	0.0002279986527
267247	1.386494754e-05
267248	0.001829490891
267249	0.001493995379
267250	0.001829071089
267251	0.0001075710703
267252	0.001728057384
267253	0.0001273651637
267254	0.0002198779047
267255	0.001512449577
267256	0.0006694401291
267257	0.0006834502827
267258	0.0004648832757
267259	0.0001517271975
267260	0.001726909056
267261	0.001406011229
267262	0.001358719627
267263	0.001044515245
267264	7.645545418e-07
267265	0.0002352341006
267266	0.0008307993417
267267	0.001612648107
267268	0.0003197631709
267269	0.001625224456
267270	0.000115852458
267271	0.0009182045158
267272	0.0007972032455
267273	0.0008097322365
267274	0.0006981118119
267275	0.00070013795
267276	0.0007278139241
267277	0.0005827536193
267278	1.470790403e-06
267279	0.0008160978357
267280	0.002139273174
267281	0.0001437663323
267282	0.001760955014
267283	0.001042791293
267284	0.00160502397
267285	0.0006950865113
267286	0.001192428681
267287	0.0002569447183
267288	0.001612897753
267289	0.001176442097
267290	0.002078780512
267291	0.002082131244
267292	0.0004794291898
267293	0.0004944357406
267294	0.000819640334
267295	0.001289427363
267296	0.001171194906
267297	0.0009613297381
267298	0.001170373002
267299	0.0003695055767
267300	0.0001228548177
267301	0.0009221690648
267302	0.0002450179445
267303	0.000374826785
267304	0.0005936887082
267305	0.0005746163779
267306	0.0003487420333
267307	0.0002787696725
267308	0.001124555057
267309	7.812161559e-06
267310	0.001158382356
267311	0.001731802819
267312	0.0008078782938
267313	2.095362547e-06
267314	0.0004701135333
267315	0.0001166239968
267316	0.001160446268
267317	0.0006742810779
267318	0.0008277092276
267319	0.001051255478
267320	0.0005795260846
267321	0.001122317081
267322	0.001156906633
267323	0.0008198324366
267324	2.539150194e-06
267325	0.0002222190717
267326	0.0001128287775
267327	0.0005010189906
267328	0.0007979539771
267329	0.0009459751267
267330	0.0004264255053
267331	0.0002187388834
267332	0.0002336888549
267333	0.001287829094
267334	1.38768862e-06
267335	0.0003454779523
267336	0.001067528217
267337	0.001285424694
267338	0.001166702437
267339	0.0002468114405
267340	0.001172506655
267341	0.001039281566
267342	0.001203813644
267343	0.0001333581515
267344	0.0005580248032
267345	4.063022263e-06
267346	0.001040045794
267347	0.000339318203
267348	0.001286323
267349	0.0006756317635
267350	0.0002408010406
267351	0.0008070464056
267352	0.0009199116149
267353	0.001055781128
267354	0.0003898656792
267355	0.0001809313786
267356	0.0006115019382
267357	0.0007406874335
267358	0.0003636802083
267359	0.0001221948164
267360	0.0004796162736
267361	0.001069781255
267362	0.001166727007
267363	0.001970405769
267364	0.0006849279112
267365	0.0007103733312
267366	2.902736788e-05
267367	0.001052461778
267368	0.001054897033
267369	0.0003266247374
267370	0.0005861344676
267371	0.0005791253594
267372	0.001244175496
267373	0.001097936699
267374	0.0005539180235
267375	0.0006023926859
267376	0.0005952467685
267377	0.0005925546769
267378	0.001623619996
267379	1.400213805e-06
267380	0.0001359653945
267381	0.001172544372
267382	0.001289725626
267383	0.00114537275
267384	0.0008318233635
267385	0.0001175622874
267386	1.198907644e-06
267387	0.0008426998768
267388	0.0007102246958
267389	0.0004924577479
267390	0.0008227201709
267391	0.00139787063
267392	3.67461931e-05
267393	0.002121648563
267394	0.001104538128
267395	0.0003531543444
267396	0.0001275895014
267397	0.0003880569369
267398	0.0007927046456
267399	0.0006848953856
267400	0.000120498861
267401	0.0006890259178
267402	0.0005910509581
267403	0.001185030494
267404	0.0002626249882
267405	0.0004476317805
267406	1.970876316e-05
267407	0.001288562768
267408	0.001148852921
267409	0.0009439373283
267410	0.00106334121
267411	0.0005930991887
267412	3.520694081e-05
267413	0.001143839548
267414	0.00048395424
267415	0.0004727290105
267416	0.001176772599
267417	0.0003483658289
267418	0.0009732852454
267419	0.000363734009
267420	0.0008214416492
267421	0.001057563418
267422	0.001332293594
267423	0.0006827263136
267424	0.0005871893963
267425	0.0007005969299
267426	0.0007125722242
267427	0.001287873532
267428	0.00128863317
267429	0.0002711404126
267430	0.0003835332528
267431	0.001030330323
267432	0.001499964944
267433	0.000705172966
267434	0.0003409520434
267435	0.0005745369087
267436	0.0003323945719
267437	0.0008228290716
267438	0.0001341989797
267439	8.449479833e-05
267440	0.0005913677384
267441	0.0008998662234
267442	0.0002363081752
267443	0.001190243217
267444	0.0007391407589
267445	0.001168814327
267446	0.0001180447018
267447	0.0004834198799
267448	0.0004399485455
267449	0.0001009019981
267450	3.515270491e-07
267451	0.0004806994863
267452	7.751563509e-05
267453	1.14987171e-06
267454	0.0005465268243
267455	0.0001169025302
267456	0.0003948529355
267457	0.001438340763
267458	0.0007413631766
267459	0.001063115066
267460	0.0004992101515
267461	0.00133091777
267462	0.0002040957257
267463	0.001408996978
267464	0.000826710352
267465	0.0005063550104
267466	0.0004356973956
267467	0.0004911176048
267468	0.0007876502808
267469	0.0004144876843
267470	0.00176569921
267471	0.0005724092177
267472	0.00195357457
267473	2.962413762e-06
267474	0.0009590188266
267475	0.00125791564
267476	7.915522735e-06
267477	0.000236723844
267478	0.0002437428348
267479	0.0005136305557
267480	0.0006440561524
267481	0.0009423493296
267482	0.002494375478
267483	0.001637544698
267484	0.00382881929
267485	0.0001523327291
267486	0.0008533459274
267487	0.00375010642
267488	0.0008228555852
267489	0.00198271658
267490	0.006843400233
267491	0.0002751335107
267492	0.0006096680611
267493	0.0002664090602
267494	0.002767758018
267495	0.001308945248
267496	0.00212801084
267497	0.004956261255
267498	0.002039048012
267499	0.002282406192
267500	0.0005265830252
267501	0.002768828369
267502	0.0009293205819
267503	0.002313523389
267504	0.002049457604
267505	0.001405057723
267506	0.002485134302
267507	0.002296482678
267508	0.0005607455768
267509	0.001776006092
267510	0.002544387013
267511	0.00248352335
267512	0.006139914559
267513	0.004461778631
267514	0.004928694419
267515	0.0002448297721
267516	0.003363279251
267517	0.00572904688
267518	0.01004672159
267519	0.0001633719725
267520	0.00682789546
267521	0.008995645784
267522	0.001825909175
267523	0.0004122646771
267524	0.001087160531
267525	0.001868962126
267526	0.004581935355
267527	0.00168324235
267528	0.002214122741
267529	0.0002017764531
267530	0.0006289155352
267531	0.001124422614
267532	0.004416081322
267533	0.002308997268
267534	0.004122256236
267535	0.001676457267
267536	0.007347106199
267537	0.0007772525845
267538	0.000292791662
267539	0.0006670935263
267540	0.001342474196
267541	0.0005446887051
267542	0.0003193351861
267543	0.004407146659
267544	0.0004440226198
267545	0.003107053773
267546	0.0008788760341
267547	0.0008987973593
267548	8.109949335e-05
267549	0.002423303229
267550	0.000119495363
267551	0.001470115753
267552	0.00335016307
267553	0.0004673968737
267554	0.00249253562
267555	0.003064039107
267556	0.0005025689039
267557	0.001908775833
267558	0.001301689373
267559	7.398324979e-05
267560	0.0001886583253
267561	0.001556545214
267562	0.001955351971
267563	0.0008315710423
267564	0.001211756302
267565	0.0005152062943
267566	0.0007118797671
267567	0.002679824648
267568	0.0007243793831
267569	0.0009625061007
267570	0.000562318537
267571	0.004685966217
267572	0.000535669248
267573	0.001851176523
267574	1.603762628e-05
267575	0.001418062773
267576	0.0008033629245
267577	0.0004816349137
267578	0.003486706539
267579	0.001330890701
267580	0.001420179922
267581	0.001696177344
267582	0.0002863650043
267583	2.23327242e-05
267584	0.001874791822
267585	0.002321947021
267586	1.578093047e-05
267587	0.00155757599
267588	0.004870762279
267589	0.001253120676
267590	0.0009688560411
267591	0.003001947409
267592	0.001006496391
267593	0.00377771777
267594	0.0004557494819
267595	0.0004332507828
267596	0.001557470536
267597	0.002788592392
267598	0.001101062857
267599	0.002320181412
267600	0.001271829028
267601	0.0007263775924
267602	0.0005266904714
267603	0.001972035617
267604	0.001806286745
267605	0.001202929715
267606	0.00314274485
267607	0.001493960535
267608	0.0006858605864
267609	0.001231761941
267610	0.0005847193028
267611	0.00134644994
267612	0.002366244455
267613	0.0008597067984
267614	0.002636813695
267615	0.000721840849
267616	0.00119014165
267617	0.006094546112
267618	7.118834848e-05
267619	0.0002754304285
267620	0.002090131776
267621	0.001982132784
267622	0.0002625193419
267623	0.001072592849
267624	0.001658366074
267625	0.001558692803
267626	0.000893901719
267627	0.002931904302
267628	0.001780624874
267629	0.0006509294764
267630	0.001733277253
267631	5.025585668e-05
267632	0.002592013475
267633	0.0003230816022
267634	0.0001643887971
267635	0.0002803333019
267636	0.0004682395095
267637	0.0006700080929
267638	5.5982792e-05
267639	2.754658035e-05
267640	0.000238710274
267641	6.480238496e-06
267642	0.0001455088125
267643	0.0002143959706
267644	0.0001337776846
267645	0.0001156900739
267646	0.0001351868245
267647	0.0002095514972
267648	0.0002051796558
267649	9.488635448e-05
267650	0.0007313891724
267651	0.0003843644818
267652	0.0004287738811
267653	0.004158210514
267654	0.004241222697
267655	0.0009054853779
267656	0.001374914458
267657	0.001692098723
267658	0.008390108511
267659	0.00409720589
267660	0.002423632796
267661	0.003539167291
267662	0.001685102284
267663	0.001333275111
267664	0.001595673865
267665	0.004016132932
267666	0.003173943277
267667	0.004254058898
267668	0.000131105502
267669	0.004962164013
267670	0.002260688055
267671	0.001234579455
267672	0.002203591253
267673	0.0003360454132
267674	0.006015365582
267675	0.0008664523842
267676	0.001705032783
267677	0.001088150681
267678	0.009383425233
267679	0.00386380056
267680	0.002411918724
267681	0.006347847585
267682	0.0009035965869
267683	0.0003720775169
267684	0.0003567269816
267685	0.002735348137
267686	0.003133038378
267687	0.001399844044
267688	0.00177360363
267689	0.003416581535
267690	0.011055417
267691	0.0006864053186
267692	0.002455169951
267693	0.006269813407
267694	0.002018082515
267695	0.006816233225
267696	0.008249815234
267697	0.005063239004
267698	0.0107341015
267699	0.006683376096
267700	0.003350365023
267701	0.0002402267546
267702	0.0002781672256
267703	0.0008088224172
267704	0.003910908578
267705	0.001406368465
267706	0.004691030762
267707	0.001488531737
267708	0.000115357691
267709	0.001031408369
267710	0.001498686585
267711	0.003344665189
267712	0.001988845133
267713	0.00240693031
267714	0.0002341053702
267715	0.001534998691
267716	0.0006903115267
267717	0.0007058393785
267718	0.0008545647357
267719	0.002353918006
267720	0.002133683599
267721	0.001047780194
267722	0.002750722186
267723	0.001502069104
267724	0.002177098899
267725	0.00054714234
267726	0.0008452143639
267727	0.006655394472
267728	0.001787677006
267729	0.001335574461
267730	8.944926866e-05
267731	0.0004562556249
267732	0.001210698522
267733	0.001907423972
267734	0.001780597102
267735	0.003554532633
267736	0.0006098595711
267737	0.001805252278
267738	0.001294126811
267739	0.002937772686
267740	0.0003974299127
267741	0.00452773513
267742	0.001806510184
267743	0.003947097307
267744	0.001683397685
267745	0.003313270355
267746	0.0002590034692
267747	0.00231751924
267748	0.001528292309
267749	0.001089147226
267750	0.001052180689
267751	0.003574647612
267752	0.003370101235
267753	0.0008889271344
267754	0.001673953012
267755	0.00239383699
267756	0.0004188558933
267757	0.0008560565072
267758	0.002356952128
267759	0.002202435732
267760	0.002663595906
267761	0.007075916418
267762	0.003457103531
267763	0.003042074683
267764	0.00204370777
267765	0.002269954039
267766	0.0005271461179
267767	0.002543145718
267768	0.001627398255
267769	0.004443806537
267770	0.001490892888
267771	0.00163339329
267772	0.0007297138704
267773	0.00159301492
267774	0.004194674438
267775	0.001124694988
267776	0.0003941672565
267777	0.0003386956206
267778	4.521015069e-05
267779	0.001278424268
267780	0.001115857834
267781	0.001399465676
267782	0.003226544795
267783	0.001003968917
267784	0.003539149815
267785	0.002710078316
267786	0.0009308985804
267787	0.001916028456
267788	0.002918158859
267789	0.004706754538
267790	0.001205737542
267791	0.00502141972
267792	0.002702637675
267793	0.00132647637
267794	0.002237322201
267795	0.002200177344
267796	0.00256283087
267797	0.003004253813
267798	0.00372128193
267799	0.0004626701849
267800	0.001566622818
267801	0.0002051327503
267802	0.003058778036
267803	0.0006978719093
267804	0.0001656149542
267805	5.329840431e-05
267806	2.380895981e-05
267807	0.000589934451
267808	0.0003628686235
267809	0.0003991808279
267810	0.0001837254933
267811	1.874498396e-05
267812	0.0003737917139
267813	0.0004683747787
267814	0.0002511575447
267815	0.0005632147026
267816	0.0002794508624
267817	0.0003870196466
267818	0.0003694158073
267819	0.0008838372795
267820	0.0004680213716
267821	5.379834767e-05
267822	9.585679814e-05
267823	7.438045728e-05
267824	3.277125929e-05
267825	0.0002354425507
267826	0.0001221719924
267827	0.0001366825738
267828	1.816595259e-05
267829	0.0002102490379
267830	4.291364919e-05
267831	0.0001296205631
267832	0.0003604350873
267833	0.001014346397
267834	0.0003614805089
267835	0.0005274055935
267836	0.0003596246936
267837	0.0001383000669
267838	1.735412378e-05
267839	0.001416415421
267840	0.0008143293465
267841	1.867947607e-06
267842	0.0006464689883
267843	0.0002197281228
267844	0.001999564766
267845	0.0002609079243
267846	0.0001326727263
267847	9.076478329e-05
267848	9.922908905e-05
267849	0.0005496167782
267850	0.001389499554
267851	0.003458047478
267852	0.002357903952
267853	4.553623192e-05
267854	0.0003462165363
267855	0.0001088492647
267856	0.0001111441831
267857	0.0003564720412
267858	0.001333295149
267859	0.0003680285107
267860	9.959273609e-05
267861	0.0005095596827
267862	0.0009337121044
267863	0.0004633949394
267864	0.0004450963208
267865	8.332151268e-05
267866	0.0006151598809
267867	8.059288263e-06
267868	0.0002658899263
267869	0.0003501841225
267870	0.0001515077026
267871	0.0001254505681
267872	0.0001396070592
267873	0.0004044593463
267874	0.0001044880446
267875	0.0004313482128
267876	0.0005101590051
267877	0.0008595326931
267878	3.443182705e-05
267879	0.0005990380551
267880	0.0006616334001
267881	0.0001472576458
267882	0.0008781672902
267883	0.0004623279622
267884	0.0007906364938
267885	0.0002641106549
267886	0.0004445640489
267887	2.822835508e-05
267888	0.0001294480357
267889	0.0001295345668
267890	0.0001547638734
267891	3.494665601e-05
267892	0.002185387221
267893	0.0001804216829
267894	0.0003371601275
267895	0.0004190361379
267896	0.0001480209828
267897	0.0003598324261
267898	0.0002921265805
267899	0.0001329951489
267900	0.0003447117203
267901	0.000384151258
267902	0.000102266272
267903	0.0002312412546
267904	0.0002241951421
267905	1.709478227e-05
267906	0.0002014558056
267907	0.0003272131046
267908	0.0003372846102
267909	0.00176958933
267910	0.0008752419209
267911	0.001055531376
267912	0.0001358914363
267913	0.0002419921841
267914	0.0007249150916
267915	0.0003336515206
267916	0.0001501978746
267917	0.0004374558685
267918	8.259498949e-05
267919	0.0001396064256
267920	0.0008776826598
267921	0.000299460177
267922	0.0005384587
267923	4.611457465e-06
267924	0.0003938230667
267925	0.0001512870853
267926	0.0005072693256
267927	0.0004872189018
267928	0.00026360224
267929	0.002294472357
267930	0.0001814057938
267931	2.50239825e-05
267932	0.0002732027635
267933	0.0004888173618
267934	0.0006789524637
267935	1.348999328e-05
267936	0.0006230436035
267937	0.0001482125686
267938	0.0002866181418
267939	0.0004012293237
267940	0.0003826984748
267941	0.0002511237272
267942	0.0005145632747
267943	0.0003879842813
267944	0.0008136433121
267945	0.0005103313734
267946	0.0003028497835
267947	0.0001229863394
267948	0.0008478135173
267949	0.0002826743283
267950	0.0009573432781
267951	0.0005212356453
267952	0.0003639934667
267953	0.0003651375361
267954	7.679912528e-06
267955	0.0004816000466
267956	0.0002137357371
267957	0.0004669233891
267958	0.0001734270513
267959	0.0003478385574
267960	0.0003159843486
267961	4.979454185e-05
267962	3.700025236e-05
267963	0.0003304798633
267964	0.00010589745
267965	0.0007997813671
267966	6.690048889e-05
267967	0.0001203004796
267968	0.0003059242941
267969	0.0006891414832
267970	0.0001282155503
267971	0.0004806320601
267972	0.0004548073654
267973	0.002391430913
267974	0.000663694461
267975	0.0001007706483
267976	0.0002468920784
267977	0.0007283666091
267978	0.0002432728103
267979	0.0001068880655
267980	0.001446018264
267981	0.001960901953
267982	0.001137685197
267983	0.0004776744959
267984	0.0006786176354
267985	0.001496610726
267986	0.0004500363823
267987	0.0008921605641
267988	0.0003386106554
267989	0.001375538091
267990	0.002971244444
267991	0.0002517960286
267992	2.025254231e-05
267993	0.0003774122735
267994	0.0004895958261
267995	4.658994341e-05
267996	0.0001730531945
267997	0.0002296076391
267998	0.0004410873958
267999	2.088424581e-05
268000	0.0007138363918
268001	0.000359241608
268002	0.0001027111721
268003	0.0005800118476
268004	0.0007089471628
268005	0.0002009812905
268006	0.0001814017699
268007	0.0001554611268
268008	0.0005682200038
268009	0.003693782114
268010	0.0001378966196
268011	0.0009377586209
268012	0.0004052550817
268013	0.0001684711073
268014	0.0004022671321
268015	0.001121268284
268016	0.0013837934
268017	0.0002318744124
268018	0.0004449867363
268019	0.0005293097247
268020	0.0005026547935
268021	9.151631787e-06
268022	0.000474364253
268023	5.923966876e-07
268024	0.001051656238
268025	0.0009261871821
268026	0.0001805775718
268027	0.0005095644063
268028	0.0003491671242
268029	0.0001854509894
268030	0.0004425814918
268031	2.486329023e-05
268032	0.0001595761925
268033	0.001069243527
268034	0.0006243444877
268035	0.0001570533266
268036	3.90989531e-05
268037	0.0004419698269
268038	0.0002571859459
268039	0.0003654240672
268040	0.0004168715745
268041	0.0005117032256
268042	0.0005130530645
268043	8.295340532e-05
268044	5.286295868e-05
268045	0.0008644926496
268046	0.0002541208025
268047	0.0003627183478
268048	2.506894575e-07
268049	5.179453268e-05
268050	0.0006313277665
268051	0.0006024641552
268052	0.0004707917152
268053	0.0004411218063
268054	0.0001859779608
268055	0.0001055869013
268056	0.0004442161112
268057	1.691487563e-05
268058	0.0003930676637
268059	9.21325552e-05
268060	0.0002820478624
268061	6.593197183e-05
268062	0.0003846458154
268063	0.0004215744967
268064	0.0001082066353
268065	0.0007427522247
268066	0.0003272619045
268067	0.0005287805694
268068	0.0002972597336
268069	0.001257879814
268070	0.001097718697
268071	0.0003808492929
268072	0.0002067065371
268073	0.0004538196531
268074	0.0002806266161
268075	0.0009752012717
268076	0.0003983101235
268077	0.0001099295055
268078	0.0001711924241
268079	5.0056906e-06
268080	0.0005862338927
268081	0.0005798933979
268082	4.095225381e-05
268083	0.0001738509372
268084	0.0003426725541
268085	5.998838705e-05
268086	0.0002911935457
268087	0.0002629555026
268088	0.0005798078724
268089	0.0004276284215
268090	0.0001414600063
268091	9.595232667e-06
268092	3.281638153e-05
268093	5.645331505e-05
268094	0.0005516269949
268095	0.0007934054456
268096	0.0003688777396
268097	0.0004866810515
268098	0.0002910915404
268099	0.000121243937
268100	4.359044229e-05
268101	0.0002878387726
268102	9.179789108e-05
268103	0.0002562937896
268104	3.168804313e-05
268105	0.0002440170378
268106	0.001418806581
268107	8.411148601e-05
268108	0.000522187703
268109	0.0003937345199
268110	0.0002063648687
268111	0.0003824440926
268112	0.0004652077503
268113	0.000315661262
268114	0.0001276543512
268115	0.0001376999315
268116	0.0005838064103
268117	9.285580646e-05
268118	0.0007175937019
268119	0.000415025822
268120	0.0002644352745
268121	0.0006364421474
268122	5.602894082e-05
268123	0.0008816675498
268124	1.043331363e-05
268125	0.0005870265981
268126	7.557209576e-05
268127	0.000325248711
268128	2.738116319e-05
268129	0.0004015758626
268130	1.693010816e-05
268131	0.00169819114
268132	0.0002415761315
268133	9.05836144e-06
268134	0.0006047413858
268135	0.000633632583
268136	0.0004843717191
268137	0.0001992935007
268138	0.0007085239685
268139	0.0004195785901
268140	9.872302201e-05
268141	0.0008156109589
268142	0.0007254587305
268143	2.710448379e-05
268144	0.0002555652031
268145	4.676094249e-05
268146	0.001001956198
268147	0.0006220136717
268148	0.000329307023
268149	0.0003186180416
268150	0.0003293448028
268151	7.873419438e-05
268152	0.0002219720549
268153	0.0001191738019
268154	0.0002215027976
268155	0.0003787465224
268156	6.972014099e-05
268157	0.0001520528714
268158	0.000208798711
268159	0.0002103895939
268160	0.0008576677769
268161	8.776880268e-05
268162	0.0003490582361
268163	0.0006200774634
268164	0.001200727912
268165	0.0004395074863
268166	2.706633748e-05
268167	9.513790686e-05
268168	2.164662309e-05
268169	0.0006266627021
268170	6.122834766e-05
268171	0.001112182094
268172	0.0006911882532
268173	7.927851671e-05
268174	0.0005807644392
268175	0.0006509702661
268176	9.504119404e-07
268177	0.0002974303228
268178	0.00121806742
268179	0.001433516974
268180	9.731073236e-05
268181	0.0006473087225
268182	0.000348402436
268183	0.000350601119
268184	0.002516219393
268185	0.001155664108
268186	0.0008573462219
268187	0.000363507884
268188	0.0001902067326
268189	0.0002565542387
268190	0.001175682497
268191	0.001444761454
268192	0.001129742452
268193	0.002042033451
268194	0.0007342654324
268195	0.0002600129499
268196	0.001022205926
268197	0.0006371805383
268198	0.0003156834686
268199	3.179649819e-05
268200	0.0008133920836
268201	0.0008487785852
268202	0.0006371096087
268203	0.0001216085757
268204	8.90280433e-05
268205	0.001476735757
268206	0.001393956066
268207	0.0003206121105
268208	0.0007749495957
268209	5.755489831e-05
268210	0.0009062702424
268211	0.002214535612
268212	0.00222172598
268213	0.0005202967414
268214	0.0009567128148
268215	0.0003995088258
268216	0.0003456121359
268217	7.720999498e-05
268218	5.929901791e-05
268219	0.0001988822432
268220	0.0002331333548
268221	0.0001767473569
268222	6.216791809e-05
268223	0.0001600078593
268224	1.000986607e-05
268225	0.0003500979964
268226	0.0001498454483
268227	0.0001406501497
268228	0.0009081753505
268229	3.136394838e-05
268230	6.649079746e-05
268231	0.0002230325054
268232	0.0001350648631
268233	0.000294671877
268234	0.0003473830549
268235	0.0001623224439
268236	0.000106350859
268237	8.264051886e-05
268238	0.0008891991007
268239	0.0004731241171
268240	0.0003021295774
268241	0.000601262401
268242	0.000308093586
268243	2.876834304e-05
268244	1.321686355e-06
268245	7.543537181e-05
268246	0.000602186527
268247	0.0002167089449
268248	0.0002172443685
268249	0.0003340096836
268250	0.0001130433914
268251	5.354731228e-05
268252	0.0003273680183
268253	0.0004220264886
268254	8.11997222e-05
268255	0.001516100828
268256	0.001709566445
268257	0.003484836389
268258	0.0009285614676
268259	0.0002754186237
268260	0.001376138608
268261	0.0006931586564
268262	0.0008370856123
268263	0.004282227116
268264	0.001342696609
268265	0.0003293769019
268266	0.002703183064
268267	0.002159095822
268268	0.000360567422
268269	0.0005654460145
268270	0.001171392171
268271	0.001218405005
268272	0.001781509675
268273	0.002843331652
268274	0.002570568051
268275	0.00294530833
268276	0.0001715327895
268277	0.003080833773
268278	0.002853430455
268279	0.001577085187
268280	0.002137482544
268281	0.001192331074
268282	0.001621232057
268283	0.0003376848613
268284	0.006925618943
268285	0.002217761058
268286	0.002545401164
268287	0.004264416334
268288	0.000568701402
268289	0.0007346939782
268290	0.001706190733
268291	0.0006323370579
268292	0.001757028064
268293	0.00573446386
268294	0.002021811678
268295	0.0002154985763
268296	0.001145962361
268297	0.000320759465
268298	0.004628078644
268299	0.0002565565511
268300	0.003159974937
268301	0.002821967335
268302	0.0002025854799
268303	0.003173594817
268304	0.00573821833
268305	0.003531338311
268306	0.0003756837622
268307	0.002511207855
268308	0.003301268065
268309	0.001337315686
268310	0.002362412435
268311	0.001381027543
268312	0.001811994075
268313	0.002657381674
268314	0.001626852803
268315	0.004253234226
268316	0.0006735549311
268317	2.137035887e-05
268318	0.003283059411
268319	0.002498231976
268320	0.0003640656922
268321	0.002758064732
268322	0.0005915049816
268323	1.984417216e-05
268324	0.001728775185
268325	0.003138808009
268326	0.001225657701
268327	0.000201038149
268328	0.004017971369
268329	0.0006412014246
268330	0.001576880969
268331	0.001252907966
268332	0.0001744638408
268333	0.003743083608
268334	0.0002796390179
268335	0.0009847910359
268336	3.227391125e-05
268337	0.002451593831
268338	0.0006196272629
268339	0.001671086486
268340	0.003097088223
268341	0.0009276011123
268342	0.0007066923177
268343	0.002050452001
268344	0.001008138476
268345	0.0006369900732
268346	0.0004687384812
268347	0.0009053890493
268348	0.002140790608
268349	0.002609181973
268350	0.001499711704
268351	0.002439003851
268352	0.0008314282164
268353	0.0005583726606
268354	0.0007337562664
268355	0.001270358157
268356	0.002642489034
268357	0.0002167261341
268358	0.0009703174105
268359	9.078812187e-05
268360	0.0003638463695
268361	0.0002122243213
268362	0.001505779615
268363	0.0007454818245
268364	0.0002217009314
268365	0.001076764977
268366	0.001151032496
268367	0.0005140822957
268368	3.968315633e-05
268369	0.001191400727
268370	0.000585842977
268371	0.0003334582357
268372	0.001960065019
268373	0.0003211870699
268374	0.001445241312
268375	0.001067367845
268376	0.002072468944
268377	0.001005494218
268378	5.788223891e-05
268379	0.0007210167382
268380	0.001305935829
268381	0.002172603798
268382	0.001020675867
268383	0.005260345947
268384	0.002772968278
268385	0.0009911483235
268386	0.0006250913311
268387	0.0008799979315
268388	0.006674501641
268389	0.0004273437151
268390	0.001997777914
268391	0.0001561694518
268392	0.0006973502037
268393	0.001952940869
268394	0.0007788538201
268395	0.002104492692
268396	0.00223920427
268397	0.0001192698231
268398	0.0008769434967
268399	0.0008912326916
268400	8.865471582e-05
268401	0.0009138536883
268402	0.000750609964
268403	0.002399231588
268404	0.004383436934
268405	0.001098437843
268406	0.001090754222
268407	0.004103081733
268408	0.001559063532
268409	0.001797067773
268410	4.657146402e-05
268411	0.000546595892
268412	0.0018368606
268413	0.001476040532
268414	0.003158336667
268415	0.003146716282
268416	0.0008488847836
268417	0.002323135168
268418	0.002537818958
268419	0.001163866829
268420	0.0002206593028
268421	0.001452978502
268422	0.002333870701
268423	0.001409902069
268424	0.0001962096825
268425	0.0007198057764
268426	0.001055265649
268427	0.001150161453
268428	0.0006294088327
268429	0.0004976094277
268430	0.001515869402
268431	0.002176715366
268432	0.00430256392
268433	0.003825618802
268434	0.003648419815
268435	0.0008242545543
268436	6.017504965e-05
268437	0.0001429570569
268438	0.0002510891631
268439	0.0004361210701
268440	0.00075687676
268441	0.0003578641554
268442	0.0006932439196
268443	0.0002987967204
268444	0.0008750928477
268445	0.0002415876456
268446	1.671489111e-05
268447	0.0005064690565
268448	0.0005453894642
268449	0.0001154319419
268450	0.0002144948164
268451	0.0001771600962
268452	0.0002876081454
268453	0.0002795493428
268454	0.0001351981514
268455	5.331214493e-05
268456	0.0005584659625
268457	3.747171509e-05
268458	0.0004582278402
268459	0.0002218808848
268460	0.0001867464474
268461	0.0002051078236
268462	0.00011872686
268463	0.0006540393167
268464	0.000308496975
268465	0.0005333404096
268466	3.623512502e-05
268467	4.274483283e-05
268468	0.0002866082167
268469	0.0005928959367
268470	0.0007422564889
268471	0.000643020551
268472	0.0002033679072
268473	0.0004721776237
268474	0.0001339646567
268475	9.073194415e-05
268476	0.0005031547021
268477	0.001084872693
268478	0.0003775387556
268479	0.0001634147293
268480	0.0002893497031
268481	0.0004222845107
268482	2.295895116e-07
268483	0.0004282407611
268484	0.0002783459254
268485	0.0005420383935
268486	3.121516437e-05
268487	0.0007028828711
268488	0.0001839792535
268489	0.000290247751
268490	0.000831514047
268491	0.0003868758158
268492	0.0004763452157
268493	7.38542712e-05
268494	0.0003770456498
268495	7.445989331e-05
268496	0.0007578768803
268497	0.001954493586
268498	0.0005009834865
268499	6.337519128e-05
268500	0.0007355695059
268501	0.00221623358
268502	0.000537236994
268503	0.0004084078841
268504	0.000573647682
268505	0.001097829319
268506	0.0005192351129
268507	0.0001248436959
268508	0.0001959931346
268509	0.0004918356732
268510	0.000220430685
268511	0.0002706951694
268512	0.0003256599905
268513	0.0006223624606
268514	0.0003298845848
268515	0.0001560943174
268516	0.001713013074
268517	0.0001184586037
268518	0.0005271660526
268519	7.103629018e-05
268520	0.0001289649704
268521	0.0004049621318
268522	0.000714312757
268523	0.0004004223739
268524	0.0004223710209
268525	0.0004724849309
268526	0.0003299371619
268527	0.0002882261096
268528	0.0003298728329
268529	0.0002585468997
268530	0.0002307342592
268531	0.0003728974627
268532	0.0001214110307
268533	1.176167192e-05
268534	0.000136595043
268535	0.0004433088673
268536	0.0007474924794
268537	0.002579281943
268538	0.002385270615
268539	9.812832502e-05
268540	0.0009279685031
268541	0.0001915445065
268542	0.002931913198
268543	0.001927429118
268544	0.000284583618
268545	6.371783399e-05
268546	0.001250394946
268547	0.0003457195743
268548	0.0004791854729
268549	0.004477911242
268550	0.001303478816
268551	0.001241586599
268552	0.0002690485534
268553	6.157126484e-07
268554	0.007242967934
268555	0.003071570018
268556	0.002798758464
268557	0.000946664067
268558	0.0009663750385
268559	0.001498634565
268560	0.0005634020796
268561	0.0005153614234
268562	0.0003846270731
268563	0.0005508130178
268564	0.002812334303
268565	0.00169730762
268566	0.0001547636206
268567	0.0005674125305
268568	0.0003571173843
268569	0.002383256408
268570	0.002127522952
268571	3.338332443e-05
268572	0.001634342033
268573	0.002502950792
268574	0.004769593979
268575	3.840634397e-05
268576	0.003121501378
268577	7.507240306e-05
268578	0.0006132565904
268579	0.0007361105293
268580	0.0002181553204
268581	0.00128159743
268582	0.0002708485385
268583	0.001554056844
268584	0.0004793980882
268585	3.050161404e-05
268586	0.0003418165626
268587	0.0004497005193
268588	2.497292096e-05
268589	0.0002921722765
268590	0.0001603056993
268591	0.0002060103989
268592	1.685717382e-05
268593	0.0005544171652
268594	0.0001681182815
268595	6.447068708e-05
268596	0.001883119453
268597	6.150800695e-06
268598	0.000492073789
268599	0.0003331832427
268600	0.0005438128535
268601	0.0005289410495
268602	0.0004188138544
268603	9.151312139e-05
268604	6.369323194e-05
268605	0.0001958922871
268606	0.0001975690238
268607	0.0001951569036
268608	0.0002727642364
268609	0.0005306104368
268610	0.0009913903487
268611	0.0003489014846
268612	0.0001577408059
268613	0.000352460915
268614	0.000124503578
268615	6.227499519e-05
268616	0.0002545834796
268617	0.0002377075066
268618	0.0009962896064
268619	0.0001588577739
268620	0.0001819074395
268621	0.0002421210942
268622	0.0006644065477
268623	0.0001931540291
268624	0.00056620617
268625	0.0002404618885
268626	2.250942657e-05
268627	0.0002904799623
268628	0.0002765378912
268629	0.001646660937
268630	0.00127558351
268631	0.001708305444
268632	4.491862117e-05
268633	0.002685362348
268634	0.0002491174475
268635	0.002784156694
268636	0.001548540541
268637	0.001545345539
268638	0.001809154084
268639	0.0008492171999
268640	7.919579439e-05
268641	0.0001138893489
268642	0.004415765356
268643	0.0006579103532
268644	0.001311055773
268645	0.002335261133
268646	0.001428437627
268647	0.0002905995551
268648	0.0004529616951
268649	0.001037432819
268650	0.003744931832
268651	0.00432959882
268652	6.665356616e-05
268653	0.0008103929444
268654	0.0005651568183
268655	0.001152194596
268656	0.001044335745
268657	0.0007104790651
268658	0.0004051166224
268659	0.001028708028
268660	0.003020456717
268661	0.001926587734
268662	0.004772660773
268663	5.11370679e-05
268664	0.002372678336
268665	0.0009659764827
268666	0.0006264170079
268667	0.002008511115
268668	0.001068378019
268669	0.002321125503
268670	0.0007901311907
268671	0.002472137516
268672	0.001485906464
268673	0.002209015675
268674	0.001587007385
268675	0.001087399113
268676	0.001713028603
268677	0.001244149911
268678	0.004883985121
268679	0.005667889018
268680	0.002060237016
268681	0.005206019867
268682	0.001370362178
268683	0.001427688907
268684	0.003993670908
268685	8.023054e-08
268686	0.003977718125
268687	0.003093304212
268688	0.0001184754911
268689	0.001695696074
268690	0.00163530425
268691	0.00162236999
268692	0.002662605403
268693	0.0003077276636
268694	0.0005201648591
268695	0.0002375269861
268696	0.0008413448319
268697	0.001180088161
268698	0.001641812243
268699	0.0007998943531
268700	0.0002031664085
268701	1.288711424e-05
268702	0.002059698365
268703	0.001989817313
268704	0.003478263992
268705	0.001035314538
268706	0.0005456701266
268707	0.001291575195
268708	0.005553509425
268709	0.005175787354
268710	0.006474398042
268711	0.004738452737
268712	0.003974872685
268713	3.290046046e-05
268714	0.001603071613
268715	0.0004409981901
268716	0.0004760703476
268717	0.004165962459
268718	7.638333015e-05
268719	0.00369616043
268720	0.0001345643061
268721	1.208604211e-05
268722	0.001032159384
268723	0.004551115863
268724	0.006441270043
268725	0.005175639393
268726	0.001694643007
268727	0.003248413702
268728	0.001665774492
268729	0.004219631088
268730	0.001255051266
268731	0.0001766726278
268732	0.006512718074
268733	0.00318196249
268734	0.003277199784
268735	0.001629907456
268736	0.00114918499
268737	0.0004641982698
268738	0.001278824231
268739	0.001066751884
268740	0.0006145419134
268741	1.877650738e-05
268742	1.225570358e-05
268743	0.002642010078
268744	0.002316539001
268745	0.003120005399
268746	0.0007223287108
268747	0.001579137034
268748	0.00171380858
268749	0.0007269675837
268750	0.0008053763304
268751	0.002278122061
268752	0.002800676293
268753	5.235208036e-05
268754	0.0003571930349
268755	0.0009330241789
268756	0.0009419732162
268757	0.001511585863
268758	0.00151291502
268759	0.001085974231
268760	0.005407409233
268761	0.0008628172775
268762	0.0001440161388
268763	0.0009222659824
268764	5.358421811e-05
268765	0.001161168925
268766	0.0002368785135
268767	0.001711703095
268768	0.002005424648
268769	0.0031873058
268770	0.002338500003
268771	6.958293789e-05
268772	0.0003267094592
268773	0.0002159113019
268774	0.0004350759963
268775	0.0001234005058
268776	0.0002492628401
268777	0.004767515311
268778	0.003219229822
268779	0.004535565937
268780	0.004259942839
268781	0.004063022131
268782	0.003063634237
268783	7.2818081e-05
268784	0.000396161143
268785	0.001731260937
268786	0.002087930441
268787	0.0009409311704
268788	0.0008071410204
268789	0.002785611295
268790	0.001456966166
268791	0.0009309650189
268792	0.001935845911
268793	0.001318287688
268794	0.001127993811
268795	0.002237583347
268796	0.001529145419
268797	0.0002632553013
268798	0.002853477801
268799	0.0004741639608
268800	0.003808752843
268801	0.001942348298
268802	0.0007132930317
268803	0.0006799779339
268804	0.001474135176
268805	0.0002684681496
268806	0.00156782586
268807	0.003129761628
268808	0.002235897211
268809	0.0007843300182
268810	0.004361605718
268811	0.0006335942586
268812	0.002880386395
268813	0.002882036195
268814	0.001569661641
268815	0.004193364812
268816	0.005654242965
268817	0.0001106657595
268818	9.129573876e-05
268819	0.0004278768041
268820	0.001278958468
268821	0.0006487681643
268822	0.002179741088
268823	0.0008690956471
268824	0.00386353688
268825	0.002397090986
268826	0.001432262277
268827	3.94474282e-05
268828	0.001490028437
268829	0.00111285677
268830	0.00212566467
268831	0.0004019074707
268832	0.001018923875
268833	0.001863485994
268834	0.0006682734097
268835	1.608670443e-05
268836	0.0003722361714
268837	0.001274158551
268838	0.0006271197287
268839	8.149939045e-05
268840	0.002136368948
268841	6.061510888e-05
268842	0.003311534649
268843	0.002424228273
268844	0.002549289424
268845	0.002783689173
268846	3.23001683e-05
268847	0.001131636964
268848	0
268849	0.0002057146415
268850	0.0009974211254
268851	0.0001413342439
268852	0.00248791526
268853	0.003538777433
268854	0.004236514612
268855	0.0009218010099
268856	0.00139723974
268857	0.00330313346
268858	0.002312835939
268859	0.00128282785
268860	0.002453903944
268861	0.001202025682
268862	0.0002118737826
268863	6.666943595e-05
268864	7.760851425e-05
268865	0.002104071599
268866	0.0006313894369
268867	0.00187949426
268868	0.005745889077
268869	0.00516517726
268870	0.003556776968
268871	0.005439815593
268872	0.003687403765
268873	0.0009956296905
268874	0.005928253813
268875	0.003465212772
268876	0.004038668162
268877	0.004051568843
268878	0.002695910684
268879	0.0004609457099
268880	0.003055949003
268881	0.003492313473
268882	0.0002466855601
268883	0.002425519643
268884	0.002728927831
268885	0.001891398167
268886	0.002448225358
268887	0.0004589779806
268888	0.003612542896
268889	0.004180872884
268890	0.002486874309
268891	0.002447371166
268892	0.002776931725
268893	0.0008451674078
268894	0.002681873468
268895	0.004301006824
268896	0.001018184463
268897	0.002465477965
268898	0.00396284426
268899	0.003152323107
268900	0.003209396585
268901	0.00241649582
268902	0.00362607846
268903	0.002270236457
268904	0.0003147733038
268905	0.00231546214
268906	0.0004786421314
268907	0.002282171288
268908	0.001962883578
268909	0.001365757165
268910	0.001719869861
268911	0.0006642846573
268912	0.003775076957
268913	0.002317863992
268914	0.002487186521
268915	0.001877465607
268916	0.0003022653757
268917	0.001281989893
268918	0.0002633164461
268919	0.001577688343
268920	0.0003633309242
268921	0.001290881096
268922	0.0002698980996
268923	0.000815043454
268924	0.0001504580095
268925	0.00130858076
268926	0.0003355753575
268927	0.0001244407654
268928	4.626831057e-05
268929	0.002602938874
268930	0.002966162224
268931	0.0009863878656
268932	0.0003751672607
268933	0.003382047786
268934	0.002397266808
268935	0.002553202493
268936	0.0002396319555
268937	0.002462542052
268938	0.00139930188
268939	0.0004826745233
268940	3.614094344e-05
268941	0.001225275909
268942	0.001482307886
268943	0.000907506515
268944	0.001336819469
268945	8.015968492e-05
268946	0.002449584193
268947	0.002300817776
268948	0.001839755945
268949	0.0008297354158
268950	0.000340473969
268951	0.0009419589687
268952	0.0001464198607
268953	0.0005197565821
268954	0.0004101468055
268955	0.0002814211639
268956	5.319754715e-05
268957	0.0002223031792
268958	0.0007761977912
268959	0.0003012415623
268960	0.0004100354359
268961	0.0004559888302
268962	7.427838811e-05
268963	0.0001409257684
268964	0.000125141719
268965	0.001067357561
268966	0.0003403149181
268967	0.0008784005957
268968	1.045433067e-05
268969	0.0001256427177
268970	7.955048485e-05
268971	0.0001837052816
268972	0.0006512093561
268973	7.236085458e-05
268974	0.0006201422831
268975	0.0006713440138
268976	6.510788697e-06
268977	0.0001965442994
268978	0.0001104154438
268979	0.0002723395182
268980	0.0002165378652
268981	0.0001901707286
268982	4.247237371e-06
268983	0.0006684807061
268984	0.0002873612367
268985	5.566054645e-05
268986	0.0003254481288
268987	0.0003289041433
268988	0.0008651083565
268989	0.0004719257658
268990	5.737823276e-05
268991	2.368806422e-05
268992	9.359765764e-05
268993	0.0005363163354
268994	0.0002775008298
268995	0.000495972145
268996	0.0002507116382
268997	0.0004017159387
268998	0.0003211761637
268999	0.0001872629799
269000	0.0002538332123
269001	0.0002657419221
269002	0.000222893475
269003	0.0001232232004
269004	0.0004746158229
269005	7.071350703e-06
269006	0.0001509545898
269007	0.0001260584867
269008	0.0005792292202
269009	0.0001811872801
269010	0.000130196491
269011	0.0004529989232
269012	0.0002155932507
269013	0.001076151364
269014	0.0001904955746
269015	0.0001338329147
269016	0.0001066057294
269017	0.0001695109526
269018	0.000498236883
269019	0.0001125755255
269020	0.0002705671203
269021	0.0005773581903
269022	0.003810890789
269023	0.0003052794257
269024	0.0004820772074
269025	0.002559684386
269026	0.0003535475816
269027	0.0001719596249
269028	3.871993529e-05
269029	0.0005895027305
269030	0.0004260354923
269031	0.0004950794207
269032	0.0008781236252
269033	0.0004468620711
269034	0.0006562021745
269035	0.00038983148
269036	0.000679993712
269037	0.0001875645892
269038	0.0001671682117
269039	0.000200953745
269040	0.0003796713921
269041	7.550403359e-05
269042	0.000322983668
269043	0.0003637207288
269044	0.0006485030233
269045	0.0001048975926
269046	0.0002164257484
269047	7.630504406e-05
269048	1.565475879e-05
269049	0.000205411138
269050	0.0003891502843
269051	0.0001700726054
269052	6.9960751e-05
269053	0.0004646749511
269054	0.0001971964598
269055	8.345898754e-06
269056	0.000175253982
269057	1.374990373e-05
269058	0.0004666751376
269059	4.461714669e-05
269060	0.0005663584962
269061	0.0001767409569
269062	0.0001329642198
269063	4.388411918e-05
269064	0.0001985141614
269065	0.0001197990169
269066	0.0001986053565
269067	0.0002063210906
269068	5.039241349e-05
269069	9.760351817e-06
269070	0.0001792608957
269071	5.229547206e-05
269072	0.0002087089998
269073	0.0002127328973
269074	0.0004375729293
269075	0.0001414486987
269076	0.0007284053447
269077	0.0002482468776
269078	0.0003153644288
269079	0.0006415046641
269080	0.0001433315691
269081	0.0005068481984
269082	1.629776967e-05
269083	0.0001044468468
269084	0.0003952688091
269085	5.934627035e-05
269086	0.0004006905763
269087	2.502063548e-05
269088	0.0003987763001
269089	0.0003235827948
269090	9.763744019e-05
269091	0.0001227986719
269092	0.0002897016999
269093	0.002009723684
269094	0.0005067546722
269095	0.0004785644456
269096	0.0006520227471
269097	0.0001566452846
269098	0.0002920181129
269099	4.654695988e-05
269100	0.0004186708469
269101	0.0002709114925
269102	4.171728271e-05
269103	0.0001528625104
269104	0.0001263646999
269105	0.0001577681422
269106	5.054588151e-05
269107	0.0002671744141
269108	6.95701576e-05
269109	0.0004044860857
269110	0.0001190755095
269111	0.0002039519956
269112	0.0004242452881
269113	0.000563568746
269114	0.0005028254473
269115	0.001590985923
269116	0.001052191337
269117	0.001357426407
269118	0.0009309255881
269119	0.002131021549
269120	0.0002313862979
269121	0.0002632661428
269122	0.0008503043125
269123	0.0006973836575
269124	0.00203451367
269125	0.002086246061
269126	0.0009316915718
269127	0.001194756501
269128	0.001120525604
269129	0.001495877694
269130	0.002035662474
269131	0.001542788477
269132	0.004761866039
269133	0.003564629062
269134	0.0006075209518
269135	0.003724430665
269136	0.0006451230965
269137	0.008855195551
269138	0.0001606605778
269139	0.0003172203032
269140	0.0006308672861
269141	0.003984015186
269142	0.004776998562
269143	0.003750630439
269144	0.0009062832502
269145	0.004393090586
269146	0.003096253798
269147	0.004864906271
269148	0.00218517184
269149	0.003663962733
269150	0.001748203895
269151	0.00125457857
269152	0.0009141640508
269153	0.0002232539464
269154	0.004363931393
269155	0.003604222894
269156	0.0004606116831
269157	0.001337955073
269158	0.0003355063801
269159	0.001227825024
269160	0.0004928704734
269161	0.001465112881
269162	7.622075854e-06
269163	0.004761575644
269164	0.001373956708
269165	0.001231952607
269166	0.0004407974429
269167	0.003389256
269168	0.004262667052
269169	0.001131657214
269170	0.0008754191481
269171	0.0008524643506
269172	0.005794886882
269173	0.001240680985
269174	0.001576865705
269175	0.001491235265
269176	0.001271722291
269177	0.002124916307
269178	0.001432161573
269179	0.001815051349
269180	0.0003471790685
269181	0.0009268746541
269182	0.0001855721425
269183	0.0007874302185
269184	0.0035436452
269185	0.0005171123669
269186	0.002167892029
269187	0.0003086608147
269188	0.003032270454
269189	0.001292602135
269190	0.006524033702
269191	1.430370017e-05
269192	0.002721436197
269193	0.0007701674019
269194	0.003275271551
269195	6.862234694e-05
269196	0.003527606782
269197	0.0007820676176
269198	0.001852539234
269199	0.0006273506225
269200	0.0002045883737
269201	0.0005398358344
269202	0.002598065554
269203	0.0006457973145
269204	0.002917526499
269205	0.002311763515
269206	0.002087939335
269207	0.002941003252
269208	0.0008872783914
269209	0.004806767501
269210	0.001401050452
269211	0.004863241372
269212	0.0006035794379
269213	0.007966723895
269214	0.00219504402
269215	0.01000467756
269216	0.0008101564019
269217	0.002342817059
269218	0.001221966441
269219	0.005420197969
269220	0.003536807971
269221	0.001219402932
269222	0.00572089715
269223	0.003013498209
269224	0.001503028815
269225	0.001192539926
269226	0.001141578602
269227	0.002286875177
269228	4.535963693e-06
269229	7.893145723e-05
269230	0.0002947822051
269231	0.001010470803
269232	0.0008390020155
269233	0.0001992924287
269234	0.0002719547991
269235	0.0003454370562
269236	0.0003838244737
269237	0.0006401851831
269238	0.0009132269071
269239	0.000337529013
269240	0.0004878046903
269241	0.0005485880796
269242	0.000524108629
269243	0.0002976590594
269244	0.0006329408125
269245	0.0002924529674
269246	0.00031957863
269247	0.0007592342051
269248	0.0002405660974
269249	0.001191692787
269250	0.0004457661963
269251	0.001222074532
269252	0.0002532323209
269253	0.0007825871614
269254	0.001225573768
269255	0.0002348801527
269256	0.0001895784646
269257	0.0002203305842
269258	0.0003704796366
269259	0.0005309556777
269260	0.0004349920052
269261	5.769342731e-05
269262	0.0003219199816
269263	0.0002116749471
269264	0.0006332284297
269265	0.001500644184
269266	0.0001710249618
269267	0.0005934673739
269268	0.0002254437028
269269	8.629442868e-05
269270	0.0004967350178
269271	0.0004974142096
269272	0.0003007627303
269273	0.0003977700811
269274	8.241579693e-05
269275	0.001055377665
269276	0.0005927935201
269277	0.0004558082352
269278	3.369734801e-06
269279	0.0002034192888
269280	0.0001013243785
269281	0.0007086825724
269282	0.0003599024475
269283	0.0007782941189
269284	0.0003386686001
269285	0.0002135367844
269286	6.36457128e-06
269287	8.810236514e-05
269288	5.244337445e-05
269289	3.10194849e-06
269290	0.0002790089829
269291	0.0005660320655
269292	0.0006101600029
269293	7.550521772e-05
269294	0.0005372857215
269295	0.0002320158544
269296	0.0002190699682
269297	0.001301027908
269298	0.001710694815
269299	0.0006003746079
269300	0.0003738837103
269301	3.346885414e-05
269302	0.0005221564255
269303	2.705215518e-06
269304	0.0007005651467
269305	2.231590658e-06
269306	0.000118451109
269307	0.0001288184233
269308	0.0005991405003
269309	0.000325909803
269310	3.630202927e-05
269311	0.0001669573882
269312	0.001322888683
269313	8.37650358e-05
269314	0.0008320635489
269315	0.0002911559363
269316	0.0002100872819
269317	0.0001433290482
269318	0.0001792342916
269319	0.0004046535281
269320	0.000553067649
269321	0.0006149406258
269322	0.0004494485256
269323	9.221915832e-06
269324	0.0001769082122
269325	0.001115653993
269326	3.764526339e-06
269327	0.0002653137917
269328	0.0007588258797
269329	0.0005676819996
269330	0.000100858665
269331	0.0004206499537
269332	0.0008742730208
269333	0.0008085802933
269334	0.000598639473
269335	0.0002725543968
269336	0.0007214678926
269337	0.00773444463
269338	0.0007232272589
269339	0.0007932496842
269340	0.0002837238916
269341	0.001297541951
269342	4.449114355e-05
269343	0.0007950799114
269344	0.0003276694548
269345	0.003089419165
269346	0.001123420697
269347	0.0009832947752
269348	0.00012301848
269349	0.0004110042409
269350	0.0002176037828
269351	0.0009927920427
269352	0.0002648836735
269353	0.0009297661172
269354	0.0008783343538
269355	0.0007141797292
269356	0.001102882857
269357	0.001151451239
269358	0.0003946216698
269359	0.0001298691906
269360	0.0002359446805
269361	0.0001116564893
269362	0.000119802955
269363	0.00028706832
269364	0.0004166892991
269365	8.244369841e-05
269366	0.0003949177866
269367	0.0001984259673
269368	0.0005809289308
269369	0.0004745330385
269370	0.0001852925152
269371	0.0002345027123
269372	0.0003952115874
269373	0.0001840049246
269374	0.0003163885242
269375	0.0003274531775
269376	0.0003519628031
269377	0.0005469772507
269378	0.0008140066797
269379	0.0008924507184
269380	0.002216735325
269381	0.0001229294048
269382	5.89771304e-05
269383	0.0002409916649
269384	0.0005588249553
269385	3.827856966e-05
269386	0.0003137012035
269387	0.001030686779
269388	0.0007200410608
269389	0.0003606403238
269390	8.437026482e-05
269391	6.644256148e-05
269392	0.000167393047
269393	0.0006129116365
269394	0.0003693924896
269395	2.969137679e-05
269396	7.618816523e-05
269397	0.0008873908027
269398	0.0007477203766
269399	0.0004908982367
269400	0.0018113743
269401	0.0001107672551
269402	0.0004575671902
269403	0.0005657420036
269404	0.0008432293015
269405	0.001296207585
269406	0.0004532011704
269407	0.0007553288212
269408	0.0002403198149
269409	0.0001109242727
269410	0.0003759574852
269411	0.0005998966896
269412	0.0001296818651
269413	4.859572584e-05
269414	0.0003597143201
269415	0.0004703281697
269416	0.0004862084472
269417	0.001610975366
269418	1.018205108e-05
269419	0.002739493444
269420	0.002690022786
269421	5.516217642e-05
269422	0.0005898346594
269423	0.001570756602
269424	0.0004651230288
269425	0.002183642437
269426	7.87709737e-05
269427	0.001120651007
269428	3.739081e-05
269429	0.0002672476168
269430	2.832252967e-05
269431	0.0003669685238
269432	0.002236501488
269433	0.003310641838
269434	0.001696907077
269435	0.0007688187274
269436	0.0002536564685
269437	0.0005962566152
269438	0.0006308823956
269439	0.001951628081
269440	0.0002010482294
269441	4.799952834e-05
269442	6.709901985e-05
269443	0.0007355419011
269444	0.0007723256592
269445	0.0009127509924
269446	0.0003238549057
269447	0.0007336620493
269448	0.0004017779857
269449	0.0004057763875
269450	0.0004472504804
269451	0.0006234453516
269452	0.001700246671
269453	0.0001904212024
269454	4.309844774e-05
269455	2.477697354e-05
269456	0.0005962514199
269457	0.0002176023527
269458	0.0003282798708
269459	4.293238249e-06
269460	0.0002260459156
269461	0.0005281342664
269462	0.0001820370925
269463	0.0001782555191
269464	0.0002731088781
269465	0.0001096538388
269466	0.000234191576
269467	0.0009601904215
269468	1.561524395e-05
269469	9.990029693e-05
269470	0.0004650234674
269471	0.0003588540821
269472	0.0004239407218
269473	0.00177134413
269474	0.00042908001
269475	0.0004421399935
269476	0.0002023624706
269477	0.0002355646301
269478	0.0001166006665
269479	0.0004887421527
269480	0.0006184560967
269481	0.0005632025909
269482	0.0003678248295
269483	0.0007113196901
269484	0.0001905388446
269485	0.0001696845892
269486	0.0006029849863
269487	0.0007642261176
269488	0.001751282622
269489	0.0002786691723
269490	1.771050355e-05
269491	0.00108547549
269492	0.0003713370143
269493	0.000989823458
269494	0.001296059961
269495	0.0001052649642
269496	0.0004337566833
269497	0.0009360600544
269498	0.00271353686
269499	0.003292622099
269500	0.0005863952751
269501	0.0001634562173
269502	0.0004775681557
269503	3.132800458e-05
269504	0.0003017284925
269505	0.000343823422
269506	0.0003989804692
269507	0.0004796278721
269508	0.000191544422
269509	3.596688838e-05
269510	0.0006625842546
269511	0.0002578447153
269512	0.0003934505458
269513	0.0005176837778
269514	0.0001771581066
269515	0.0006403076137
269516	0.0007722944051
269517	0.0001401811884
269518	0.0001826797342
269519	0.0009084460889
269520	0.0002618966153
269521	0.0005099905468
269522	0.0007731171768
269523	0.0002198834344
269524	0.0005988892706
269525	0.0002098096817
269526	0.0003171075193
269527	0.0005479914441
269528	0.0003744249309
269529	0.0005364617672
269530	0.0003837313634
269531	0.0002266713809
269532	0.0008986072047
269533	0.001284904166
269534	0.0005508923312
269535	0.0007603105363
269536	0.0002327916953
269537	0.0002503259074
269538	0.001407932137
269539	0.0006186151308
269540	6.307036713e-05
269541	0.0003765808113
269542	0.0005366795713
269543	0.0001981155186
269544	0.0006725837349
269545	0.0003442910595
269546	0.0003680126307
269547	0.0001623740142
269548	3.793203564e-05
269549	0.001375781449
269550	7.80098182e-05
269551	0.0005322490478
269552	0.0005602991277
269553	0.0003452536907
269554	0.003763425249
269555	0.0002884236013
269556	0.0001696986719
269557	0.0005005512319
269558	0.0001798371474
269559	0.0005009718091
269560	0.0005152663183
269561	0.0001918772417
269562	8.517623061e-05
269563	0.001968841207
269564	0.0006428871087
269565	0.000651580005
269566	0.0004798454549
269567	0.0004873820209
269568	6.284137055e-05
269569	0.0005753710342
269570	0.0003130994195
269571	0.000211796547
269572	0.0009563027064
269573	5.708000322e-05
269574	0.0001052912805
269575	7.700570728e-05
269576	0.0001090788442
269577	0.0002464192872
269578	0.001858877521
269579	0.0001305306292
269580	0.0004203182388
269581	0.0003407628119
269582	4.689254063e-06
269583	0.0006309470607
269584	0.0004730214769
269585	0.001073179708
269586	4.342788732e-05
269587	0.0001461625703
269588	0.0003317592496
269589	0.0001815264569
269590	0.0002853758745
269591	0.0007227128318
269592	9.300570355e-05
269593	0.0002105308032
269594	0.000260742177
269595	0.000310724625
269596	0.0001631616546
269597	0.0006649391478
269598	0.0002388098718
269599	0.0008605845426
269600	0.0005771751273
269601	0.0003223813172
269602	0.000359424626
269603	0.0004483022721
269604	0.0003563889513
269605	0.0001301265871
269606	0.0004918368621
269607	0.0005365533432
269608	0.0005543035122
269609	0.0006050608978
269610	0.0002469231982
269611	0.001516843643
269612	0.0002351151105
269613	0.0001374825134
269614	0.0005063701352
269615	0.0008530889481
269616	0.0003432530236
269617	0.0005685616531
269618	0.0003627253252
269619	0.000255913499
269620	0.0002654042098
269621	0.0004721904285
269622	0.0001416542532
269623	0.0001319171462
269624	0.0002140812086
269625	0.0002577140684
269626	6.986816264e-05
269627	2.619980411e-05
269628	0.001901637412
269629	0.0004961519526
269630	0.0006334730817
269631	0.0005978418729
269632	0.0003456482433
269633	0.0006438572124
269634	0.0003599581399
269635	0.0003663608379
269636	0.0004335031913
269637	0.0003689277222
269638	0.000852288307
269639	0.0001156142753
269640	0.0004859260764
269641	0.001260461042
269642	0.000831764725
269643	0.0006355037662
269644	0.0001626197223
269645	5.551430907e-05
269646	0.0002660367618
269647	0.0001086721157
269648	0.0007150473435
269649	3.644752237e-05
269650	0.0009369371491
269651	0.0001051531187
269652	0.00166240419
269653	0.0003492416381
269654	0.0004365888097
269655	0.002167381044
269656	0.0004823532117
269657	0.002477030852
269658	0.0001628949636
269659	0.0001402567033
269660	0.0001544996183
269661	0.0001090041205
269662	0.0001211435794
269663	0.001327931446
269664	6.47405208e-05
269665	0.0002915328221
269666	0.001677019759
269667	0.0001001490859
269668	0.0002976791625
269669	0.003217879713
269670	0.000524250137
269671	0.001678950337
269672	0.0002159038086
269673	0.001088470796
269674	0.0001088500563
269675	0.0007358126336
269676	0.0001988712439
269677	0.000333500619
269678	0.000980171446
269679	0.0004175590718
269680	0.000590553175
269681	9.685760545e-05
269682	0.000541881549
269683	0.0005998812065
269684	7.554459286e-06
269685	0.0004142226191
269686	0.0006027257937
269687	0.0004586915271
269688	0.0002596039934
269689	0.0004150621909
269690	0.000158766248
269691	7.182396486e-05
269692	0.0009120023417
269693	2.974572488e-05
269694	0.0008841805942
269695	0.0003918594847
269696	8.915569735e-08
269697	0.0009292113372
269698	7.008766035e-05
269699	0.002003965181
269700	4.839697693e-05
269701	0.002302252436
269702	0.0004994267769
269703	0.0003398522323
269704	0.0009954952654
269705	0.0001708500306
269706	0.0001305218933
269707	0.0001167200091
269708	8.735734937e-05
269709	0.0006140262536
269710	0.0003493437258
269711	0.0003558419582
269712	2.219602046e-05
269713	0.001800371772
269714	0.0001665882205
269715	0.0003835535966
269716	5.304906386e-05
269717	0.0003370214769
269718	0.0003933487673
269719	0.0002064887992
269720	0.001146594418
269721	0.0003472576162
269722	0.001397136063
269723	0.000907420939
269724	0.001263782023
269725	0.0004026282163
269726	7.260456326e-06
269727	0.000627596853
269728	7.508188207e-05
269729	8.081192877e-05
269730	0.0002050384419
269731	0.0003561490463
269732	0.0009981017823
269733	0.0006435615642
269734	0.0007396541197
269735	0.002347175326
269736	0.0001716590457
269737	0.00119820973
269738	0.000391210236
269739	0.0006136212656
269740	0.001097350822
269741	8.472470463e-05
269742	0.0004094505797
269743	0.0004724528868
269744	0.0003229958887
269745	0.001597742213
269746	0.0005198706918
269747	0.0005212081216
269748	0.0004587075147
269749	0.0003578545265
269750	0.0006633124505
269751	0.0006792972276
269752	0.001565801818
269753	0.000403241694
269754	0.0001301570955
269755	0.0002673387319
269756	3.67466583e-05
269757	0.0005158862642
269758	0.0004222262656
269759	0.0001129036047
269760	0.0010371269
269761	0.0005544251186
269762	0.0004414817089
269763	0.0002589402471
269764	0.0006906180448
269765	0.0003695059034
269766	0.0005203767147
269767	0.0001078765848
269768	0.0002343154206
269769	7.717650219e-06
269770	0.0001014972632
269771	3.464649691e-05
269772	0.001376225582
269773	0.0004082398594
269774	0.001551826362
269775	0.001646846926
269776	0.0008943964997
269777	0.0004499727345
269778	8.391788142e-05
269779	0.0006640306272
269780	0.0004403989823
269781	0.001332161393
269782	0.0004960589423
269783	0.0001738359179
269784	0.0001180323416
269785	1.748674505e-06
269786	0.0004456362903
269787	0.001643253252
269788	0.001225101809
269789	0.0003459275477
269790	0.001141426381
269791	0.0005162142713
269792	2.214933451e-05
269793	1.17276502e-05
269794	0.0003635096396
269795	9.868852403e-05
269796	0.0004825821886
269797	0.001709967743
269798	4.454623073e-05
269799	0.000317674009
269800	0.001893437402
269801	0.0006047728325
269802	0.001271201017
269803	0.0004283658287
269804	0.0003741382549
269805	0.0002016552368
269806	0.0001736117631
269807	0.0001449189158
269808	0.0004668377669
269809	0.0004559958424
269810	0.0003161164295
269811	0.0003758590723
269812	0.001079294029
269813	0.0002508880837
269814	1.734260517e-05
269815	8.064283403e-05
269816	0.0003026011207
269817	0.0008719023318
269818	9.31273363e-05
269819	0.0003232068536
269820	0.0005511161435
269821	0.0005143405455
269822	0.0001518673121
269823	0.0003087340962
269824	0.0002995767921
269825	0.0003813280912
269826	0.000443453619
269827	3.49765923e-05
269828	0.0002849786546
269829	2.152072405e-05
269830	0.000435819998
269831	0.0003448531142
269832	0.000372726326
269833	0.0002966523943
269834	0.0009663602722
269835	0.0002256273353
269836	0.0001016318659
269837	1.322795611e-05
269838	1.159598265e-05
269839	0.0005387721886
269840	0.003301931533
269841	0.001691540343
269842	0.0004544248772
269843	6.175761245e-05
269844	0.0007217435098
269845	7.200861678e-05
269846	0.0001566166974
269847	0.0003189665729
269848	7.698462376e-05
269849	0.0009013802564
269850	0.0001431099004
269851	0.001187933281
269852	0.0005802039774
269853	0.0001404031626
269854	0.0006071124019
269855	2.992764038e-05
269856	0.0002262879201
269857	1.291449845e-05
269858	2.807034663e-06
269859	0.000149529979
269860	8.934433417e-05
269861	0.0001806308238
269862	0.0002096250869
269863	3.777796569e-05
269864	2.329553468e-05
269865	0.002965753555
269866	5.549671162e-05
269867	0.002153055443
269868	0.001304970589
269869	0.0001706907207
269870	2.549493366e-05
269871	0.00020157727
269872	0.0004613178368
269873	0.0002440022989
269874	0.0001778268271
269875	0.0001060365991
269876	0.000410158412
269877	0.0006246850093
269878	0.0001042200353
269879	0.0002348955097
269880	0.0002203167663
269881	0.001910848904
269882	0.0003977734343
269883	0.0002837027952
269884	0.0006896883327
269885	0.001031705043
269886	0.0004476192253
269887	0.0005821710487
269888	0.0005657249942
269889	0.0006616023342
269890	0.0002197101564
269891	0.0006305684315
269892	0.0002563715766
269893	0.000403380094
269894	0.000109318077
269895	0.0005145752057
269896	8.600503264e-05
269897	8.873089652e-05
269898	0.0003522859602
269899	0.001330462546
269900	0.0002371292921
269901	0.0003016181122
269902	0.0002260831706
269903	0.0004232341056
269904	0.000607413098
269905	0.001179092988
269906	0.0005315532962
269907	5.944054268e-05
269908	0.0001008621291
269909	0.0007302412033
269910	8.820141235e-05
269911	0.000345708449
269912	0.003257662103
269913	0.001488447422
269914	0.00182698837
269915	0.001323846796
269916	0.001161120627
269917	0.001087326075
269918	0.00415173185
269919	0.002741166456
269920	0.0008527801273
269921	0.0007289932716
269922	0.001253268048
269923	0.00145883743
269924	0.00117622161
269925	0.00104929124
269926	0.001069625612
269927	0.0007162538478
269928	0.001022856819
269929	0.002437505013
269930	0.0003044111515
269931	0.001593780908
269932	0.0009647742188
269933	0.000972209747
269934	0.001552680294
269935	0.001482427375
269936	0.001926167554
269937	0.001023360307
269938	0.00108083719
269939	0.001277528412
269940	0.001766388309
269941	0.0001639164781
269942	0.001005588385
269943	0.001383036309
269944	0.001279768606
269945	0.0008424405696
269946	0.001191809864
269947	0.0008892826835
269948	0.001172223736
269949	0.0009371795466
269950	0.001091176132
269951	0.0003086851475
269952	0.0013596471
269953	0.0009906866974
269954	0.001782463808
269955	0.0009281131212
269956	0.00142547441
269957	0.0009744069376
269958	0.0006495007669
269959	0.0009726222534
269960	0.0009959632551
269961	0.001224981277
269962	0.001422007269
269963	0.001236852251
269964	0.001325051357
269965	0.000662053346
269966	0.001462680288
269967	0.0006240323273
269968	0.001804434555
269969	0.001683004185
269970	0.0007395230027
269971	0.001109859035
269972	0.000510075984
269973	0.0007841640076
269974	0.0005709000924
269975	0.0009892510382
269976	0.001948650455
269977	0.001404331321
269978	0.0006280610109
269979	0.0009131276966
269980	0.0008981987675
269981	0.001490549185
269982	0.001862742436
269983	0.00117351079
269984	0.001725119638
269985	0.001351763582
269986	0.0006339526391
269987	0.001392600556
269988	0.0007131471052
269989	0.001214208159
269990	0.0007326502203
269991	0.00144728588
269992	0.001172360194
269993	0.0007349380058
269994	0.0008095960179
269995	0.001208092688
269996	0.001250675122
269997	0.0003821926071
269998	0.0004232241102
269999	0.001542942052
270000	0.0009740716912
270001	0.0007375741823
270002	0.001170504931
270003	0.0009793846634
270004	0.001478120507
270005	0.001477014139
270006	0.0006365276757
270007	0.001511564465
270008	0.00131772866
270009	0.0005808062327
270010	0.001522376749
270011	0.001454780372
270012	0.001184701188
270013	0.0007653356768
270014	0.001554164777
270015	0.0003320999273
270016	0.001032260271
270017	0.001981581258
270018	0.0001685223419
270019	0.0009930461999
270020	0.001466943907
270021	0.001066502507
270022	0.001070598485
270023	0.001145743082
270024	0.001348420967
270025	0.001132217843
270026	0.001473828705
270027	0.001179459746
270028	0.001197157062
270029	0.001149795678
270030	0.001116600358
270031	0.001356606852
270032	0.001215882415
270033	0.001518062772
270034	0.001155794684
270035	0.001327038866
270036	0.001268056436
270037	0.001096844683
270038	0.0008446588235
270039	0.001375359922
270040	0.001158665856
270041	0.0005149526076
270042	0.0004482735178
270043	0.001097378384
270044	0.0006768145355
270045	0.001194943208
270046	0.0003251287198
270047	0.0009493918154
270048	0.00110423381
270049	0.001322502703
270050	0.0005560289559
270051	0.001760338028
270052	0.00135396569
270053	0.000674230105
270054	0.000652812958
270055	0.0008018533261
270056	0.000870374106
270057	0.0009580067196
270058	0.0006902135382
270059	0.002208124436
270060	0.002888948395
270061	0.002587442085
270062	0.0009190705236
270063	0.002344364794
270064	0.002299880483
270065	0.001992261905
270066	0.0006685558272
270067	0.00177081929
270068	2.04033222e-05
270069	0.0009614369149
270070	0.001710102988
270071	0.001275162902
270072	0.001206280716
270073	0.0002746840049
270074	0.001393464637
270075	0.00117678964
270076	0.0003742392164
270077	0.001387706022
270078	0.001147201653
270079	0.0009839224639
270080	0.0009263457065
270081	0.001127535336
270082	0.00103114466
270083	0.001264989806
270084	0.001953791219
270085	0.001566628419
270086	0.001059580944
270087	0.002262692844
270088	0.001022765905
270089	0.0008044669778
270090	0.0004257301224
270091	0.0006970651243
270092	0.0007775132606
270093	0.0009951466402
270094	0.001378903496
270095	0.001243666557
270096	0.001191286075
270097	0.0005923838638
270098	0.001266789778
270099	0.001246116499
270100	0.001149582924
270101	0.001286400407
270102	0.0008409277054
270103	0.002076924702
270104	0.0002669801122
270105	0.001281208922
270106	0.001224852526
270107	0.00129688243
270108	0.0008185577575
270109	6.2437293e-05
270110	0.001339298336
270111	0.001008981549
270112	0.001179979388
270113	0.001259786303
270114	0.001076346776
270115	0.001162053947
270116	0.0008415359769
270117	0.001058474894
270118	0.0003099552351
270119	0.0008806097799
270120	0.0009562363741
270121	0.001344328945
270122	0.001003569459
270123	0.001193938141
270124	3.412816817e-05
270125	0.001003060849
270126	0.001011090609
270127	0.0009102669098
270128	0.0008905544242
270129	0.001641192734
270130	0.0002702699403
270131	0.001096425536
270132	0.0008529066981
270133	0.0005419805274
270134	0.001226862042
270135	0.001053546604
270136	0.0007353348031
270137	0.002562415791
270138	0.0008980496487
270139	0.0006997512514
270140	0.001704015229
270141	0.001084841767
270142	0.001502301426
270143	0.0007377803663
270144	8.174813156e-05
270145	0.001227018599
270146	0.002029989181
270147	0.0007416310315
270148	0.001111070103
270149	0.001310849283
270150	0.0006121850475
270151	0.001003986634
270152	0.0007179737839
270153	0.001030408597
270154	0.0009078388918
270155	0.0009511267004
270156	0.0007258426474
270157	0.0005447311388
270158	0.002986391998
270159	0.002117260735
270160	0.0009602106156
270161	0.001253310779
270162	0.0009913101967
270163	0.001246540436
270164	0.001001963942
270165	0.0008794837889
270166	0.001069754975
270167	0.0004726862938
270168	0.001318189323
270169	0.001292321624
270170	0.0005511641598
270171	0.001313645109
270172	0.001164736829
270173	0.001427515102
270174	0.001010612549
270175	0.001109830223
270176	0.001320050944
270177	0.001284621962
270178	0.001774657343
270179	0.0007600087038
270180	0.001202438524
270181	0.002179992572
270182	0.000207722071
270183	0.0008937011344
270184	0.00110846712
270185	0.001483507292
270186	0.001031368199
270187	0.001599865898
270188	0.001155107617
270189	0.0009674136491
270190	0.0002365540746
270191	0.001087147181
270192	0.001007184977
270193	0.0004012728045
270194	0.001777189323
270195	0.001595120199
270196	0.000214966815
270197	0.0004800351452
270198	0.0006481625
270199	0.0009998998714
270200	0.0007614053518
270201	0.0006175705639
270202	0.0008260208423
270203	0.001634176054
270204	0.0007267336684
270205	0.001403728073
270206	0.001099213058
270207	0.0006201932532
270208	0.0005404286107
270209	0.0004079582447
270210	0.001032162171
270211	0.002520246683
270212	0.000526740359
270213	0.0008313267598
270214	0.0001902629801
270215	0.0002685697292
270216	0.00303437882
270217	0.001988420335
270218	0.002330873775
270219	0.001275869309
270220	0.002580977822
270221	0.0006710550328
270222	0.001873912166
270223	0.001481874592
270224	0.001411917666
270225	0.001666224363
270226	0.0003447399878
270227	0.001368907778
270228	0.001350853906
270229	0.001074588085
270230	0.000512318712
270231	0.001322008161
270232	0.0009956704179
270233	0.001012696629
270234	0.001030918749
270235	0.001253891829
270236	0.0001960331237
270237	0.001006111744
270238	0.002032247884
270239	0.00226487391
270240	0.001928637715
270241	0.001283671626
270242	0.001017241556
270243	0.0006172852537
270244	6.75958989e-05
270245	0.0006750335692
270246	0.001328354689
270247	0.001142588583
270248	0.0007545748495
270249	0.0009543942241
270250	0.001018913733
270251	0.00140026416
270252	0.0005017875525
270253	0.0004543282201
270254	0.001324631845
270255	0.0006504800672
270256	0.001165162106
270257	0.001242445508
270258	0.0006011539131
270259	0.0007062546171
270260	0.002154085341
270261	0.003360899309
270262	0.004509864617
270263	4.193803761e-05
270264	0.002163337036
270265	0.001329611367
270266	0.001072977495
270267	0.001004591328
270268	0.005081811279
270269	0.001951248609
270270	0.0007129667587
270271	0.002490220476
270272	0.0007604312786
270273	0.0002976125384
270274	9.052449502e-05
270275	0.0001617046766
270276	0.001417553939
270277	0.002184239391
270278	0.0008191299426
270279	0.002003022378
270280	0.001321020816
270281	0.000291878268
270282	0.001443436596
270283	0.0006060705208
270284	0.002672662874
270285	0.002663949784
270286	0.003368270431
270287	0.001315087787
270288	0.00103853362
270289	0.003782386662
270290	0.001832039124
270291	0.002481969162
270292	0.00213014335
270293	0.0009081654783
270294	0.001040428282
270295	0.001062129427
270296	0.0005830579757
270297	0.001068816336
270298	0.001140452317
270299	0.00119246468
270300	0.0007302705288
270301	0.0008197310693
270302	0.001051671592
270303	0.001030865145
270304	0.001083449299
270305	0.0007127647986
270306	0.001090752048
270307	0.0006453765192
270308	0.0009965949308
270309	0.001303303221
270310	0.000827111653
270311	0.0009905047606
270312	0.0005889584397
270313	0.001256472699
270314	0.0007864985944
270315	0.001302284118
270316	0.00119061058
270317	0.001066820077
270318	0.0005380558309
270319	0.0007451251851
270320	0.001040406352
270321	0.0001978744329
270322	0.0009781579504
270323	0.001347920542
270324	0.001353124288
270325	0.001469510452
270326	0.001223799589
270327	0.001207002415
270328	0.001158642311
270329	0.001439426124
270330	0.001000903756
270331	0.001174434955
270332	0.0005671396482
270333	0.001235101987
270334	0.001171292047
270335	0.0001643484664
270336	0.001736723512
270337	0.0004249787554
270338	0.0006448311592
270339	0.001253817294
270340	0.001406599304
270341	0.0001742719383
270342	0.0008729349036
270343	0.0006821608146
270344	0.0001430051031
270345	0.001170457584
270346	0.002333004844
270347	0.004153362691
270348	0.000727615023
270349	0.0001174099514
270350	0.0002649010444
270351	0.001037991301
270352	0.0001122262311
270353	0.0006680053746
270354	0.001650702319
270355	0.001455903911
270356	0.0009719391196
270357	0.001020682936
270358	0.003222308659
270359	0.0008926578809
270360	0.00231983231
270361	0.0038608628
270362	0.0005732217967
270363	0.0007416367908
270364	9.824511711e-05
270365	0.0003321397164
270366	0.004868328263
270367	0.001871528806
270368	0.002030497667
270369	0.0004847125405
270370	0.0002441254973
270371	0.005070565152
270372	0.00430366035
270373	0.00144498089
270374	0.0006724716018
270375	6.638324825e-05
270376	0.0009786276073
270377	0.002132988924
270378	0.002329903404
270379	0.000804069982
270380	0.0002096521059
270381	0.001579236953
270382	0.001207234478
270383	0.0003495026531
270384	0.004805495408
270385	0.001735657827
270386	0.0002872096979
270387	0.0004419202464
270388	0.0002668826458
270389	0.0004270995656
270390	0.001592468516
270391	0.00149672202
270392	0.002563662383
270393	0.0006282078544
270394	0.001226510759
270395	0.0007567315083
270396	0.0005721841752
270397	0.0005481870551
270398	0.001832138098
270399	0.002598102898
270400	0.000508799504
270401	0.0002947132581
270402	0.001209617078
270403	0.0008064474485
270404	0.002697053148
270405	0.002266104621
270406	0.0008127122146
270407	0.0006597988835
270408	0.000846840459
270409	0.0005078142706
270410	0.00346279602
270411	0.005123490686
270412	2.694057628e-05
270413	0.0006270117323
270414	0.001947639478
270415	0.001301449267
270416	0.00210320204
270417	0.0003994579953
270418	0.001057216838
270419	0.0005339447473
270420	0.003108711922
270421	0.003547204538
270422	0.0004277977613
270423	0.00275543088
270424	0.001119181771
270425	0.0008362006387
270426	0.0002247368853
270427	0.001284387736
270428	0.0004568773121
270429	0.0004660751744
270430	0.002411577908
270431	0.000591975079
270432	0.003558463589
270433	0.001163875817
270434	0.0007004525338
270435	0.001879310993
270436	0.001745893781
270437	0.0005772108386
270438	0.001914991662
270439	0.002206891393
270440	0.001835702197
270441	0.002223759804
270442	0.001658361198
270443	0.0008036742452
270444	0.00193985428
270445	0.0003500232188
270446	0.001482175533
270447	0.0007425367034
270448	0.0003017493199
270449	0.001847510318
270450	0.0007141290801
270451	0.004715178148
270452	0.003392646192
270453	0.001074002078
270454	0.0006641043975
270455	0.00503727628
270456	0.0006746552375
270457	0.0004394593155
270458	0.0008370513532
270459	0.002894155926
270460	0.0001191056011
270461	0.003570123832
270462	0.0002274659575
270463	0.0003138143735
270464	0.002039672969
270465	0.001016297598
270466	0.0003835932938
270467	0.0008513044318
270468	0.001887904013
270469	0.00153949939
270470	0.0007426356921
270471	0.002470045271
270472	0.0007720434652
270473	0.002958495424
270474	0.00157011407
270475	0.001365149665
270476	0.0007812328471
270477	0.001107433785
270478	0.004404562174
270479	0.000250693396
270480	0.00180644641
270481	0.001406198021
270482	0.003729019593
270483	0.003118569715
270484	0.003001493127
270485	0.00015380805
270486	0.001087847324
270487	0.0006425677027
270488	0.0001511769133
270489	0.00104187121
270490	0.001172520017
270491	0.001584365926
270492	0.002068514393
270493	0.001510356228
270494	0.001568393377
270495	0.0005681388678
270496	0.0005352022615
270497	0.002252416088
270498	0.0001943593547
270499	0.001063801198
270500	0.0001794755711
270501	0.0008617000552
270502	0.001851161427
270503	0.003238434764
270504	0.003632620201
270505	0.001443880547
270506	0.0004460167003
270507	0.00325609354
270508	0.00155634783
270509	0.004257307879
270510	0.001224970618
270511	0.0008134270698
270512	0.001947918003
270513	0.001062463077
270514	0.001107567372
270515	0.0007179957502
270516	0.001028364571
270517	0.001141868729
270518	0.0009987884898
270519	0.0009421760798
270520	0.0009079829968
270521	0.001175577013
270522	0.001009654584
270523	0.0006999424212
270524	0.00101485268
270525	0.001240364216
270526	0.0009738707417
270527	0.0001870429766
270528	0.001048309629
270529	0.001466699927
270530	0.001074657218
270531	0.0007460064734
270532	0.001367387641
270533	0.00106342882
270534	0.0009866726162
270535	0.0015334209
270536	0.0006404458831
270537	0.000768007611
270538	0.001033062269
270539	0.001038658753
270540	0.0008549552646
270541	0.001453454259
270542	0.00117145178
270543	0.001113686399
270544	0.001139192462
270545	0.0009905104135
270546	0.0006784252212
270547	0.001044882973
270548	0.001100756507
270549	0.0006610372764
270550	0.0007859076012
270551	0.0002222995873
270552	0.001508166148
270553	0.001273121882
270554	0.001122956216
270555	0.001164095448
270556	0.0006360379437
270557	0.004046299614
270558	0.001421547096
270559	0.0009437372197
270560	0.001342780588
270561	0.001104026327
270562	0.0003717074521
270563	0.001003523658
270564	0.0007729194131
270565	0.001702230962
270566	0.002266204024
270567	0.001619749537
270568	0.001405081906
270569	0.0006970225088
270570	0.001017142041
270571	0.001727779345
270572	0.0001715462524
270573	0.0009215686301
270574	0.0009171862925
270575	0.0008400607224
270576	0.000792041614
270577	0.0002156838319
270578	0.002607124833
270579	0.0007601804097
270580	0.000723679088
270581	0.0006104596119
270582	0.0005411455295
270583	0.001920027984
270584	0.002278317427
270585	0.001477005572
270586	0.0009317220497
270587	0.001029222584
270588	0.0005961584819
270589	0.0007963565361
270590	0.001665767091
270591	0.001012398737
270592	0.001219689451
270593	0.00120390255
270594	0.001091403897
270595	0.000552428058
270596	0.001352344036
270597	0.000707904159
270598	0.001118095265
270599	0.001013351824
270600	0.001722133044
270601	0.0008541254225
270602	0.0005468586476
270603	0.001126116173
270604	0.0008100174486
270605	0.001064495426
270606	0.0004251410742
270607	0.001220476881
270608	0.001089499119
270609	0.0008345965808
270610	0.001625788789
270611	0.0009652987785
270612	0.000685569163
270613	0.0009737471026
270614	0.001329997017
270615	0.001386731551
270616	0.001970691453
270617	0.006504916037
270618	0.0002025983882
270619	0.0003519012383
270620	0.0004396938372
270621	0.001166126415
270622	0.0008780570219
270623	0.002384830297
270624	0.002130899842
270625	0.003171603575
270626	0.002277984224
270627	0.000230737622
270628	0.0009290751987
270629	0.002717239876
270630	0.003284169561
270631	0.002398236551
270632	0.0006208198715
270633	0.001341235448
270634	0.0004353481871
270635	0.001071738608
270636	0.001215270706
270637	0.0009557324401
270638	0.001822002375
270639	0.003993817257
270640	0.0003275918256
270641	0.0003068822632
270642	0.00569367663
270643	0.001659969242
270644	0.001233642184
270645	0.002705534961
270646	0.001185133559
270647	0.0005962713601
270648	0.000685262585
270649	0.0001447974522
270650	0.003676278306
270651	0.001538995676
270652	0.0002207199317
270653	0.0007856268562
270654	0.0008930994844
270655	0.0008410787303
270656	0.0009459341564
270657	0.003132867158
270658	7.11992832e-05
270659	0.002113769716
270660	0.0009804156784
270661	0.00120948001
270662	0.001309917892
270663	0.0006343589286
270664	0.001299835867
270665	0.001317033349
270666	0.0008713882474
270667	0.001026870603
270668	0.0005430775023
270669	0.001626720193
270670	0.001653447637
270671	0.0008374551245
270672	0.001093923063
270673	0.001482866897
270674	0.001056462648
270675	0.00088009298
270676	0.001605447202
270677	0.0002663133724
270678	0.0009520242614
270679	0.000868808029
270680	0.001427798628
270681	0.00100558785
270682	0.00146627238
270683	0.000292510432
270684	0.001288397324
270685	0.0009767395663
270686	0.0007525914832
270687	0.0002228378282
270688	0.0008723510141
270689	0.001016347488
270690	0.0004178521554
270691	0.001490255625
270692	0.0001510114727
270693	0.00138555548
270694	0.0009554787907
270695	0.00150678583
270696	0.001375927552
270697	0.0004121585816
270698	0.001170157221
270699	0.001205531871
270700	0.001161832682
270701	8.854783762e-05
270702	0.0005078053149
270703	0.00139696923
270704	0.001063732491
270705	0.001299350767
270706	0.001111046408
270707	0.001199987097
270708	0.0005403001693
270709	0.001117627372
270710	0.002976297865
270711	0.002987968563
270712	0.001886147027
270713	0.006874281419
270714	0.000947653188
270715	0.0008274656182
270716	0.00108419436
270717	0.001867980775
270718	0.001031930681
270719	7.387554614e-05
270720	0.001878756338
270721	0.001282469965
270722	0.0001770244214
270723	0.00136486536
270724	0.002947298899
270725	0.001907793855
270726	0.004431858607
270727	0.003847262644
270728	0.001102369548
270729	0.003066975723
270730	0.002964550172
270731	0.001543127635
270732	2.442469959e-05
270733	0.001238584171
270734	0.003657209126
270735	0.002384071265
270736	0.001976175177
270737	0.0005503046486
270738	0.001913618209
270739	0.003824273204
270740	0.001297991003
270741	0.001004528599
270742	2.253916067e-05
270743	0.004005640547
270744	0.002033552581
270745	0.000430433974
270746	0.002645297907
270747	0.004278534362
270748	0.0007789387997
270749	0.001648653203
270750	2.928548126e-05
270751	0.003432118414
270752	9.02444354e-05
270753	0.000522519987
270754	3.484180524e-05
270755	0.0005990508247
270756	0.001441196481
270757	0.002304503569
270758	0.001531873318
270759	0.0001800542616
270760	0.001107810838
270761	0.001367433371
270762	0.0003555228701
270763	0.0005228048146
270764	0.001380921605
270765	0.001724024259
270766	0.0008672461926
270767	0.002059619656
270768	0.0005329970975
270769	0.0006293155035
270770	0.001024290316
270771	0.003592924267
270772	0.0007514274511
270773	0.003452203852
270774	0.0004803437173
270775	0.0007567979035
270776	0.001659124748
270777	0.001870241956
270778	0.001779993824
270779	0.0001986044021
270780	0.002269857573
270781	0.005807997021
270782	0.0006874503298
270783	0.002221969195
270784	0.000831900362
270785	0.0004767386775
270786	0.0009676204009
270787	0.0004053410781
270788	0.0003926595543
270789	0.001340289304
270790	0.005650784758
270791	0.0005627895395
270792	0.003481452079
270793	0.0004060387593
270794	0.003754607565
270795	0.006814931076
270796	0.001173713451
270797	0.002228886905
270798	0.001929885945
270799	0.001012537966
270800	0.001705721805
270801	0.0007720947456
270802	0.001144334005
270803	0.002539164573
270804	8.942284432e-05
270805	0.001907401386
270806	0.003800158316
270807	0.0005544392129
270808	0.001809463084
270809	0.003918015723
270810	0.000766251866
270811	6.040351371e-05
270812	0.0002517260755
270813	0.001114075821
270814	0.0002672500826
270815	0.001135669941
270816	8.611531992e-05
270817	0.002043611925
270818	0.0006983193676
270819	5.792714282e-05
270820	0.0003637801181
270821	0.0006258618027
270822	0.001112758467
270823	0.0009987509892
270824	0.0006900970325
270825	0.006055346826
270826	0.001940580007
270827	4.916863648e-05
270828	0.001256949113
270829	0.003092125027
270830	0.006430036911
270831	0.002287860488
270832	0.0006443020972
270833	0.001786980284
270834	0.0004810467463
270835	0.0049310043
270836	0.003433571994
270837	0.0008198775866
270838	0.002539475904
270839	0.001850972636
270840	0.002147163621
270841	0.0004125662784
270842	0.001176658516
270843	0.001270861372
270844	0.001397919044
270845	0.004875850484
270846	0.002582039794
270847	0.001160990629
270848	0.002243207685
270849	0.001323759548
270850	0.0004563215411
270851	0.002414828937
270852	0.001029776666
270853	0.0001574567513
270854	0.0006504405425
270855	0.0007921347881
270856	0.001162993862
270857	0.001095101641
270858	0.0001827135252
270859	0.002206377661
270860	0.002007385992
270861	0.0007023746853
270862	0.0007475285701
270863	0.002021181775
270864	0.0008094635706
270865	1.165327405e-07
270866	0.0009922877137
270867	0.0006427304553
270868	0.0004961440238
270869	0.0006463977408
270870	0.001865585238
270871	0.003343255565
270872	0.001182883577
270873	1.74816831e-05
270874	0.0005491201571
270875	0.002103563499
270876	0.004277431815
270877	0.001825015856
270878	0.003288414251
270879	0.0001467031606
270880	0.0002557751216
270881	0.0009406556891
270882	0.0001065798027
270883	0.001182301943
270884	0.0001285731672
270885	0.0006285546179
270886	0.002537728317
270887	0.001950616508
270888	0.001457281734
270889	0.003804182066
270890	0.003040032653
270891	0.0003951693398
270892	0.001218388695
270893	0.0002017575739
270894	0.001595497987
270895	0.0009780061411
270896	0.002107616107
270897	0.0005679850676
270898	0.0005804130322
270899	0.003799500882
270900	0.002712974908
270901	0.002023217473
270902	0.004915299573
270903	0.002170363953
270904	0.001369194874
270905	0.001743037404
270906	3.622535239e-05
270907	0.002285703047
270908	0.0007506734172
270909	0.0007625194469
270910	0.0008662080104
270911	0.0009974889815
270912	0.001270273457
270913	0.0002211483049
270914	0.0009297529646
270915	0.002042584311
270916	0.002099779924
270917	0.0004357125567
270918	0.00283672036
270919	0.001703767547
270920	0.003581776323
270921	0.002773998304
270922	0.003191790481
270923	0.001952260835
270924	0.003369499293
270925	0.0005499958294
270926	0.003487820902
270927	0.002524361603
270928	0.004342222593
270929	0.0002244818791
270930	0.001192288279
270931	0.0007762372479
270932	0.0008231752152
270933	0.0002313999333
270934	0.003204034762
270935	0.000167467944
270936	0.001594067569
270937	0.0001146537082
270938	0.002632177169
270939	0.005758098828
270940	5.574655144e-05
270941	0.001630045138
270942	0.001541708625
270943	0.001105578354
270944	0.0002299925122
270945	0.002345955022
270946	0.002743192306
270947	0.002430406716
270948	0.002534846585
270949	0.001039179385
270950	0.0004977475403
270951	0.0005486513686
270952	7.997179878e-05
270953	0.001233241077
270954	0.0004186875969
270955	0.002065600092
270956	0.0009216030887
270957	0.001303940605
270958	0.0002352134873
270959	0.0001579691727
270960	0.0008029581126
270961	0.001530778093
270962	0.001403553502
270963	0.002320666439
270964	0.0006880426717
270965	0.001250420414
270966	0.001430981308
270967	0.001147893928
270968	0.0011550172
270969	0.00110140794
270970	0.001864564816
270971	4.116349222e-06
270972	0.002818337656
270973	0.003267318009
270974	0.0002034990967
270975	0.001221302914
270976	0.0001680387094
270977	0.0009068716273
270978	0.001231503471
270979	6.673153241e-05
270980	0.001309089774
270981	0.001725591742
270982	0.002665812626
270983	0.0005300675055
270984	0.002424409262
270985	0.0009519201732
270986	0.002290867344
270987	0.001217504893
270988	0.001123874451
270989	0.00114333457
270990	0.002284113359
270991	0.00368946358
270992	0.00214422058
270993	0.0006520495021
270994	0.0009863268461
270995	0.001510773384
270996	0.003160886229
270997	0.001753689972
270998	0.0003204122683
270999	0.0003380970274
271000	0.003599370295
271001	0.002653442689
271002	0.0005494084812
271003	0.004371972977
271004	0.001006463562
271005	0.0002178810714
271006	0.0006905063859
271007	0.001638234506
271008	0.0008534394505
271009	0.0009206240313
271010	0.002310995482
271011	0.001260309163
271012	0.0005864216386
271013	0.001728857075
271014	0.0007284067795
271015	0.0002821217709
271016	0.0007543828286
271017	0.0005162548238
271018	0.00156523006
271019	0.002575890711
271020	0.002933748418
271021	0.0006232520315
271022	4.862154911e-05
271023	0.001230863831
271024	0.0001045251059
271025	0.0002733424724
271026	9.355920051e-05
271027	0.0005265382539
271028	0.0007197592956
271029	0.0007254875512
271030	0.0005286829213
271031	0.001263828318
271032	0.001223214068
271033	0.0006817361037
271034	0.001501805334
271035	0.001453228335
271036	0.0007098638092
271037	0.0006164755485
271038	0.002864439551
271039	0.002175931948
271040	0.001122616732
271041	0.004802428512
271042	0.005128318383
271043	0.005230472215
271044	0.001038725559
271045	0.004866349602
271046	0.0006859921904
271047	0.001202432011
271048	0.0002242556545
271049	0.003898759575
271050	0.003946366832
271051	0.002837342485
271052	0.0005838730986
271053	0.002167578627
271054	0.0004283055002
271055	0.002432848406
271056	0.001725715205
271057	0.0006725434742
271058	0.002147503138
271059	0.0006230319551
271060	0.0004562309961
271061	0.0007192162352
271062	0.002383495509
271063	0.0003928394436
271064	3.944795588e-05
271065	0.0008465160986
271066	3.962242106e-06
271067	0.0003359190353
271068	0.0008871239796
271069	0.0002335124775
271070	0.005224831577
271071	1.005363012e-05
271072	0.0002308679199
271073	2.447395366e-05
271074	0.0004384097174
271075	0.0003460360084
271076	0.0001200672419
271077	0.0002935507063
271078	0.0002463688292
271079	1.986210138e-05
271080	0.0008471315124
271081	0.0004683759829
271082	0.0002174367978
271083	0.0007387533718
271084	0.0001724690007
271085	0.000104322021
271086	0.001298148414
271087	0.0009008609994
271088	0.0001222808497
271089	0.0002474164336
271090	0.0001345183927
271091	0.0005972066734
271092	0.000674090422
271093	0.0008159484136
271094	0.0008509242558
271095	0.001047486778
271096	5.855518309e-05
271097	5.054561451e-05
271098	0.0009125334692
271099	0.0001106781337
271100	0.0002410637275
271101	5.566446775e-05
271102	6.340203249e-05
271103	0.0002291073356
271104	0.001007066071
271105	0.0001164072267
271106	0.0003225873796
271107	0.0001122361084
271108	8.831483334e-06
271109	0.0009466023082
271110	0.001987518289
271111	0.0003443811741
271112	7.465563555e-05
271113	0.000667864094
271114	8.289601503e-05
271115	0.0001339682064
271116	0.0003634492449
271117	2.396289322e-06
271118	0.0001723518773
271119	0.0007278757754
271120	0.001116802157
271121	7.014514723e-05
271122	0.0007040945497
271123	0.0002593372148
271124	0.0003163604625
271125	0.0008054653111
271126	0.000258774286
271127	0.0002381859204
271128	3.396957999e-05
271129	0.002037499062
271130	0.00175810273
271131	0.001257330043
271132	1.07161621e-06
271133	0.00013588898
271134	0.0003472774245
271135	3.214799008e-05
271136	0.0006867194658
271137	0.0001526665749
271138	0.000203258652
271139	9.785253212e-05
271140	0.0002857600135
271141	0.0008493223565
271142	0.0001357610319
271143	8.745437109e-05
271144	0.0004680528039
271145	0.0002716487325
271146	0.0001600917358
271147	9.204585876e-05
271148	0.0002611240518
271149	0.0002473003787
271150	0.0001733611816
271151	0.0002500960244
271152	0.0003079672647
271153	1.25343801e-05
271154	0.003887916839
271155	0.0002584949228
271156	0.0004578890583
271157	0.0006745549669
271158	0.001149125289
271159	0.001139159163
271160	0.0001005082255
271161	0.000419541111
271162	0.0009844257802
271163	0.0007925581741
271164	0.001612403938
271165	0.0004657934431
271166	0.0003011962911
271167	0.0001605407675
271168	0.0001169724857
271169	0.0004343361679
271170	0.0003692887122
271171	0.0001812442396
271172	0.0001547288684
271173	0.0002012960772
271174	4.277166333e-05
271175	0.0005321638134
271176	4.124393141e-06
271177	0.0001294403919
271178	8.054425273e-05
271179	0.0009897737072
271180	0.003025847573
271181	0.0007266817287
271182	0.0002379862535
271183	0.0009800564468
271184	0.0002788810508
271185	0.0002529240223
271186	0.0002099958117
271187	0.001032917704
271188	0.0001978879849
271189	0.001040802437
271190	0.0008113195489
271191	0.0005935029829
271192	0.0005610101773
271193	0.0001482018022
271194	0.0005271951516
271195	0.0001077437958
271196	0.0006266946349
271197	0.0008168304371
271198	0.0009038821146
271199	0.0006457302319
271200	0.0004217443393
271201	0.0007037950106
271202	0.0002271605974
271203	0.0003479585653
271204	0.0001861984467
271205	0.0007135682041
271206	0.0003803115078
271207	0.0004449533082
271208	0.0006011497875
271209	0.0003268322958
271210	0.0002065104124
271211	1.424272416e-05
271212	0.0002218489875
271213	0.0001632172242
271214	0.0006111724593
271215	0.0005630516913
271216	0.0002609092097
271217	0.001487319746
271218	0.0006878178759
271219	2.311009609e-06
271220	4.410180881e-05
271221	0.0004276615749
271222	0.0003914176678
271223	0.0003502748554
271224	0.0001115218529
271225	0.000159191601
271226	0.0005813521644
271227	6.617865304e-05
271228	0.0002418014655
271229	0.001587287804
271230	0.000151071888
271231	0.0002905333311
271232	0.000110214534
271233	0.0006367025947
271234	5.725519462e-05
271235	0.001442577412
271236	0.0004690443762
271237	8.397656586e-05
271238	0.0002656209946
271239	6.113063902e-05
271240	0.001359842879
271241	0.000624720618
271242	0.0005431618175
271243	0.0004575513634
271244	7.541571882e-05
271245	0.0001493352293
271246	5.671593762e-06
271247	0.0005823543946
271248	3.123768583e-05
271249	0.0002387984866
271250	0.0003950113753
271251	0.0002024310607
271252	1.203007088e-05
271253	0.0002017847266
271254	2.733944247e-05
271255	0.002534717858
271256	5.419229199e-05
271257	0.0001375318664
271258	0.000237867264
271259	0.001379945418
271260	0.0002808378907
271261	0.0004785330613
271262	0.0001925401007
271263	0.0008483360698
271264	0.000831791795
271265	0.0002370435339
271266	1.01622057e-05
271267	0.0003513636968
271268	0.0001700269187
271269	0.0002737901008
271270	0.0002760990381
271271	0.0003592029806
271272	3.025714993e-05
271273	7.943018875e-05
271274	0.0003313585179
271275	0.0004420187688
271276	0.0003241762865
271277	0.0007546727006
271278	1.486985145e-05
271279	0.0008831781447
271280	7.23270784e-05
271281	5.372290983e-05
271282	7.323278441e-05
271283	0.001046984886
271284	0.0003762285059
271285	0.0001988090363
271286	7.144499033e-05
271287	0.003499739654
271288	0.0002979134994
271289	0.0001841509491
271290	7.6816844e-05
271291	0.0002802355559
271292	0.0001517549886
271293	5.17838253e-05
271294	0.000171058815
271295	0.0005195297832
271296	0.0001579611761
271297	1.336906145e-05
271298	0.0004789596613
271299	2.892717655e-05
271300	0.0001379150665
271301	8.253569368e-05
271302	1.950616141e-05
271303	0.001656367437
271304	0.0002745197087
271305	8.502663771e-05
271306	6.887005138e-05
271307	2.558950866e-05
271308	0.002290311214
271309	4.591455114e-05
271310	0.0002507575578
271311	0.000472532892
271312	0.001094084804
271313	7.974749274e-05
271314	0.0003040058533
271315	6.216847998e-05
271316	0.0003980226217
271317	0.0005444942632
271318	0.0002043559537
271319	0.0003260899573
271320	0.0007947172359
271321	9.657700268e-05
271322	1.254703597e-05
271323	0.000374943297
271324	0.0004861979187
271325	0.0003052953557
271326	0.0001071453048
271327	4.195428235e-05
271328	0.0005992585512
271329	0.000751942773
271330	6.943923629e-05
271331	0.0004166553963
271332	0.0002752666284
271333	0.0001859750148
271334	0.000662546025
271335	0.0003226411347
271336	0.0009407160716
271337	0.0003762402417
271338	0.0005662809463
271339	1.273209485e-05
271340	0.0004545091637
271341	0.000222096732
271342	0.0007302822205
271343	0.00242378672
271344	0.000177034553
271345	0.0006975823004
271346	0.0003316954632
271347	8.046287199e-06
271348	0.0005902407744
271349	0.0001554495441
271350	0.0003266701388
271351	0.0004304450245
271352	9.911546381e-05
271353	0.0005229522268
271354	5.619305547e-05
271355	0.0004160030007
271356	0.0004859327263
271357	0.0005330343786
271358	0.001032693122
271359	0.0006338412578
271360	0.0001394752595
271361	0.00075626081
271362	0.001796624344
271363	0.0002877397767
271364	0.0002944409964
271365	0.0007756094696
271366	0.0008772615714
271367	0.0001108253933
271368	0.0005824981617
271369	9.811849173e-05
271370	0.0007757270504
271371	0.000123532572
271372	0.0001626193074
271373	0.000185293317
271374	0.002505828968
271375	0.000525126877
271376	0.0001166518934
271377	0.0009380954209
271378	2.780739078e-05
271379	0.001343522116
271380	0.0002353701754
271381	0.0004029149168
271382	2.474666703e-05
271383	0.0002168882809
271384	0.0003895818213
271385	0.001353177556
271386	0.0001957954049
271387	0.0002833852709
271388	0.0009125919344
271389	0.000480610998
271390	0.0003754909219
271391	2.534708082e-05
271392	7.43924775e-05
271393	9.658175019e-05
271394	0.0001546988156
271395	0.0003872341292
271396	0.0003413680819
271397	0.0006240899549
271398	0.0004832653854
271399	0.000597376001
271400	0.0002444125844
271401	0.000236735718
271402	0.0001059948332
271403	2.142016533e-05
271404	3.743991325e-05
271405	0.0004651951106
271406	0.0004010572649
271407	0.0007188010822
271408	0.0002899075652
271409	8.767419576e-05
271410	0.004485997656
271411	0.0002517220075
271412	0.0007674452131
271413	0.0001714511391
271414	0.0003806730015
271415	0.0003672662002
271416	0.0002114062901
271417	0.000991865835
271418	8.738396388e-05
271419	8.742279346e-05
271420	0.0001368274221
271421	0.0001882688504
271422	1.913896131e-05
271423	0.001750585816
271424	0.0001523445208
271425	0.0001153987325
271426	0.0001385234304
271427	5.013439937e-06
271428	0.0003325931748
271429	0.0001362746509
271430	0.0005681172383
271431	0.0007382802588
271432	0.001973165766
271433	0.0002649763162
271434	0.0004999671285
271435	0.001000938808
271436	5.183648357e-05
271437	0.000325723361
271438	0.0003668063896
271439	7.703406403e-05
271440	0.0001076146886
271441	7.722209662e-05
271442	2.421095667e-05
271443	0.0003624190481
271444	0.000109517328
271445	0.0001912646869
271446	0.0006380587023
271447	0.0001388855416
271448	0.000224220822
271449	0.00285359762
271450	2.263765041e-05
271451	0.0001009873885
271452	0.0006691533927
271453	0.0002578683338
271454	0.0002579901755
271455	0.0002461966132
271456	0.0004755072105
271457	0.0003585150832
271458	4.067557373e-05
271459	0.0006199963204
271460	0.0002673453223
271461	5.032473294e-05
271462	0.0002454488337
271463	0.0002940079297
271464	0.001216935802
271465	1.28553049e-06
271466	8.509795419e-06
271467	0.0002286887018
271468	4.438641163e-05
271469	0.001611546812
271470	0.0009020167901
271471	8.441400059e-05
271472	0.000515353123
271473	0.0005864498998
271474	0.0005058272027
271475	0.0006084348176
271476	0.0007223947489
271477	0.0004468988874
271478	7.169026178e-05
271479	0.0004210138004
271480	0.0001393166862
271481	0.001898181919
271482	0.0002313348875
271483	0.0005897322085
271484	0.0005388985012
271485	0.0001925061141
271486	0.0002335918136
271487	0.0001672987176
271488	0.0004038207434
271489	0.0005675196212
271490	0.0003930145759
271491	0.0003075606298
271492	2.552813942e-07
271493	0.003493017264
271494	0.001198811875
271495	0.0001137431271
271496	0.0001135385519
271497	0.0009105754194
271498	2.757853607e-05
271499	0.0002543655309
271500	0.0003048370272
271501	0.0001669689215
271502	0.0006442650246
271503	0.000401537202
271504	0.000487216553
271505	3.081125398e-05
271506	8.438428998e-05
271507	0.0003334665972
271508	5.288512806e-05
271509	0.0007784988047
271510	0.0003133160119
271511	2.023207294e-05
271512	0.001310291036
271513	0.0006686397845
271514	0.001100140101
271515	0.000377140137
271516	0.001210621854
271517	0.0006798092623
271518	0.0009157333621
271519	0.0002451285309
271520	0.0006202778097
271521	0.0003436510441
271522	0.0009663633415
271523	0.0006281594224
271524	7.27304493e-05
271525	0.0002817321218
271526	0.001580061186
271527	0.0002186294034
271528	3.763259797e-05
271529	7.130442304e-05
271530	0.0002436536151
271531	0.000224720946
271532	3.999480608e-06
271533	0.0001836789467
271534	0.0003406940048
271535	0.0004205584572
271536	0.0004341205625
271537	0.0008559901349
271538	0.0002230919442
271539	0.0001242506915
271540	0.0003243094959
271541	0.0005157983162
271542	0.0002304227088
271543	0.0003336141636
271544	0.0007300011832
271545	5.724923193e-05
271546	0.000127743962
271547	0.0002357065709
271548	0.000200512242
271549	0.0007608387764
271550	7.546602851e-05
271551	0.0002399684085
271552	0.0006475245354
271553	6.021656235e-05
271554	0.0002703674537
271555	0.0002451982054
271556	0.003393750488
271557	0.0002910674477
271558	0.0005832014811
271559	0.0001326020325
271560	0.0001081201108
271561	0.0003027290094
271562	0.0005388324003
271563	0.0001475411251
271564	0.0002702899956
271565	5.993619715e-05
271566	0.0004022213774
271567	0.000383151447
271568	0.00029680129
271569	0.0004638660443
271570	0.0004998845002
271571	0.0005110573021
271572	0.0003586943602
271573	7.718763411e-05
271574	4.776816384e-05
271575	7.65017399e-05
271576	8.035046194e-05
271577	0.0001930158148
271578	0.002123575725
271579	0.0006102683593
271580	1.556504921e-05
271581	0.000119811789
271582	0.0001759039183
271583	0.0001069427454
271584	0.002446573063
271585	0.0002474105678
271586	5.853462471e-05
271587	4.716219329e-05
271588	0.001018381536
271589	0.0002288491367
271590	0.0002485610396
271591	5.308000208e-05
271592	0.0001222040169
271593	0.000483083624
271594	0.0008095174103
271595	0.0002549361543
271596	0.0001295896301
271597	0.0001074267493
271598	0.0001945656834
271599	0.0002769242076
271600	0.000412566002
271601	0.0003085330505
271602	0.0003462228496
271603	0.001986073884
271604	0.0002836280538
271605	0.0006575848589
271606	0.0004842413779
271607	0.001255664095
271608	0.0001480903222
271609	0.001825542436
271610	0.0002305039686
271611	0.0003032694503
271612	0.0002057331441
271613	0.0001491264587
271614	5.711791198e-05
271615	4.351625464e-05
271616	0.0003701282325
271617	0.0002423841724
271618	0.0005566811486
271619	0.001276576314
271620	0.001216148085
271621	8.658637401e-05
271622	0.0001994653282
271623	0.0001757325864
271624	0.002971764789
271625	0.0001309559156
271626	0.0001449205925
271627	0.000251395506
271628	0.0001782479925
271629	0.0006349929329
271630	0.00132896095
271631	0.000229678455
271632	0.004601140674
271633	0.0008782543192
271634	0.002790406367
271635	9.036627086e-05
271636	0.0001003299612
271637	0.0002454535244
271638	0.0004617122524
271639	0.0002067050415
271640	0.001409237502
271641	4.664105198e-05
271642	0.0003004491959
271643	0.0001884584199
271644	0.0003441200694
271645	0.0001946040836
271646	0.0001946331936
271647	0.0003350040878
271648	0.0002758515109
271649	0.0001015874759
271650	0.0001163504233
271651	0.0001693157885
271652	0.0005394940836
271653	0.0001453373858
271654	2.339869971e-05
271655	0.0001204849042
271656	0.0008417034572
271657	9.744102551e-05
271658	0.0001889108303
271659	0.0001176914392
271660	0.001622319196
271661	0.0005094713592
271662	0.001339836597
271663	0.0003893280917
271664	0.0009802618675
271665	0.0005522334278
271666	0.001018665393
271667	0.0009110422875
271668	0.0003043314963
271669	0.0002558492361
271670	0.0006200308554
271671	0.0009361377869
271672	0.0005561203053
271673	0.0008606070368
271674	2.614853962e-05
271675	0.0002977154433
271676	0.0005208842479
271677	0.0004218489361
271678	0.00017121071
271679	0.0001148192609
271680	0.0005098859952
271681	0.0006479988187
271682	0.001513602679
271683	0.000166962717
271684	0.0002377616166
271685	0.0001702273695
271686	0.0004538514564
271687	0.0001180439269
271688	0.0002986115454
271689	0.001652245384
271690	2.819839869e-05
271691	0.001691821898
271692	0.0003497828531
271693	0.0009498523272
271694	0.00047839023
271695	5.624204679e-05
271696	0.0002456727281
271697	0.0002658734173
271698	0.0001199544433
271699	0.0003829170765
271700	0.0001045914874
271701	1.329947841e-05
271702	5.348807187e-05
271703	0.0001547933164
271704	0.0001922661149
271705	8.704860714e-05
271706	0.0001312238606
271707	0.0002387882067
271708	5.531710238e-05
271709	0.0001173132848
271710	0.0004530910214
271711	0.0001200003835
271712	0.001005254611
271713	8.217857724e-05
271714	0.0001203468771
271715	7.757376146e-05
271716	6.415791529e-05
271717	2.871462639e-06
271718	9.029408533e-05
271719	0.0001022593823
271720	0.0001965593727
271721	0.0002340209669
271722	0.0003435706007
271723	0.0003958091451
271724	1.610035093e-05
271725	8.413369033e-05
271726	0.0003724236828
271727	3.982011638e-05
271728	9.084871445e-05
271729	0.0003340114413
271730	0.000414417748
271731	0.0003311197861
271732	0.0003616739421
271733	0.001742180899
271734	0.0001827474413
271735	3.591177687e-05
271736	0.0006469085648
271737	0.0002862317082
271738	0.0001228198414
271739	0.0001324795808
271740	4.814527671e-05
271741	0.0002220629523
271742	0.0003280351267
271743	0.0001679089789
271744	0.0004439981244
271745	0.0002933668976
271746	0.0002778548548
271747	0.0002275633296
271748	0.0002776489329
271749	0.003526587666
271750	0.0001373877996
271751	0.0006082291793
271752	0.0001999273776
271753	0.0008819674266
271754	0.001847008423
271755	0.0006880776002
271756	0.0002864973389
271757	0.0002054401334
271758	0.0001927470716
271759	3.710495119e-05
271760	0.0004098281281
271761	4.001510993e-05
271762	0.0009469634647
271763	5.537777435e-05
271764	0.0003577648503
271765	0.0004671482309
271766	0.0001434531465
271767	0.0007904579106
271768	0.00016980903
271769	0.00157451269
271770	0.0004673887716
271771	0.0004228251908
271772	0.0007200253497
271773	0.0004639986066
271774	0.0009844974832
271775	0.001154162438
271776	0.0009329677336
271777	0.0008884502032
271778	0.0001591359105
271779	0.0003603718111
271780	4.206278951e-05
271781	0.00349305728
271782	0.0005567187857
271783	0.001226689489
271784	0.0007025264652
271785	0.001321125817
271786	0.00196300703
271787	5.759862341e-05
271788	0.001291258779
271789	0.0005475306419
271790	0.001763161491
271791	0.0002183760115
271792	0.001324051014
271793	1.512940298e-07
271794	0.0007824606464
271795	0.0003723340723
271796	0.001000713024
271797	0.0004628656771
271798	0.001466692399
271799	0.001191200089
271800	1.193700127e-05
271801	0.0004274986855
271802	0.0002272062718
271803	0.0005915620948
271804	0.0008491282798
271805	0.002555879991
271806	0.0007283418075
271807	0.0001708856416
271808	0.002329819531
271809	0.001572000589
271810	0.0006633280663
271811	0.001079239795
271812	1.709388983e-06
271813	0.0001320343451
271814	0.0008488918458
271815	0.002086181702
271816	0.0007152344812
271817	0.0007253529811
271818	0.001307210506
271819	0.001589314674
271820	0.000953242992
271821	0.001187821787
271822	0.0003842689528
271823	0.0005515412497
271824	0.001726897228
271825	0.001573809247
271826	0.0007675271502
271827	0.00236248915
271828	0.001254100566
271829	0.0007052528424
271830	0.0005554021367
271831	0.002082230206
271832	0.001074816633
271833	0.002217366144
271834	0.0001245176288
271835	0.0006848641376
271836	0.0003754042047
271837	0.00158089569
271838	0.0009055859549
271839	0.00253390864
271840	0.001401995558
271841	0.0005531224944
271842	0.002816425422
271843	0.0004013059423
271844	0.0001479287018
271845	9.55642173e-05
271846	0.001182909194
271847	0.0005380516031
271848	0.001151841462
271849	0.001209941788
271850	0.0006864703417
271851	0.0006880999513
271852	0.0003651265088
271853	0.0009423620171
271854	0.0004552848024
271855	0.0001074841706
271856	0.0006888037616
271857	0.0005231875576
271858	0.0001959760013
271859	0.0005262178539
271860	0.0001211543066
271861	0.00135300985
271862	0.0003530338097
271863	0.0004474062238
271864	0.0001123471889
271865	3.378143297e-05
271866	0.0007277045404
271867	0.0007078419137
271868	0.0006671493982
271869	0.001029016119
271870	0.001419090649
271871	0.0002429835516
271872	0.0004105901195
271873	0.001122941863
271874	8.532961897e-05
271875	0.0009133740386
271876	0.001298422641
271877	0.000322630665
271878	0.001611451231
271879	0.0006474718559
271880	0.0008724517392
271881	0.0001655600691
271882	3.614683411e-06
271883	1.244252727e-05
271884	0.0004346115971
271885	0.000626037861
271886	0.0003495044387
271887	0.000857839738
271888	0.0006828710566
271889	0.0005597063467
271890	0.0002089217486
271891	0.00110987708
271892	4.073841759e-05
271893	0.0004064362163
271894	9.625204906e-05
271895	8.500280155e-05
271896	0.0006944276362
271897	0.0001929583456
271898	0.0006997214915
271899	0.0004184709697
271900	0.001054449937
271901	0.0003594085803
271902	0.0001817744489
271903	0.0001148453959
271904	0.0001549445602
271905	4.514239116e-05
271906	0.0009318088187
271907	0.0004573021459
271908	0.001236214149
271909	5.208771754e-05
271910	4.224579997e-05
271911	0.000303546588
271912	0.001591384136
271913	0.001397697584
271914	0.001874079288
271915	0.001048408919
271916	0.0007099941547
271917	0.0002277973671
271918	0.002303132106
271919	3.145052589e-06
271920	0.0008752876091
271921	0.0009985132728
271922	0.0009272423398
271923	0.0001512100176
271924	1.129740991e-06
271925	0.0001159742845
271926	6.962968151e-05
271927	0.0002909213646
271928	0.0001109460522
271929	0.0002292795267
271930	0.0005399044443
271931	0.0002563457966
271932	0.0001368859487
271933	6.16287186e-05
271934	0.0008351550818
271935	0.0007394324545
271936	0.0002169292989
271937	0.0007168824876
271938	0.001632029658
271939	0.0001568374756
271940	7.661953221e-05
271941	0.0004195105983
271942	0.0001277478687
271943	7.378546845e-05
271944	0.0007139518664
271945	0.001019646955
271946	0.002062780958
271947	0.0003707017801
271948	0.0004878416169
271949	0.0004554962846
271950	1.267865379e-05
271951	0.0009793191763
271952	0.00018760991
271953	0.0001538588533
271954	0.0001180599219
271955	0.0006012716485
271956	0.0001758213784
271957	8.001125905e-05
271958	0.0001865402538
271959	0.00138909485
271960	0.0006551088567
271961	0.000314413278
271962	0.001179231063
271963	0.0004601315567
271964	0.0003476074933
271965	0.0004074552764
271966	0.0009577648627
271967	0.0003077621382
271968	0.001093090487
271969	0.0001282331063
271970	0.0003100908027
271971	0.0008897164673
271972	0.0002650907361
271973	0.0003058980991
271974	0.0006200220795
271975	0.0002277499854
271976	4.533828526e-05
271977	0.001258378868
271978	0.000536711213
271979	0.0003079015958
271980	0.0001552016983
271981	0.0001245979106
271982	0.000479861098
271983	0.0004304485623
271984	0.000161117579
271985	0.000253176864
271986	0.001256842056
271987	0.000575323111
271988	0.0006295496924
271989	0.0002960381048
271990	0.0009677543503
271991	0.0005698114474
271992	0.001034989533
271993	0.0005884658287
271994	0.0009080356926
271995	0.0001510504388
271996	1.820876427e-05
271997	0.001002376082
271998	0.0007650208137
271999	0.0003471955547
272000	0.0003954907162
272001	0.0001481396396
272002	0.0002258067483
272003	8.510585108e-05
272004	0.0001227154798
272005	0.0002003774965
272006	0.0004006065024
272007	0.0005392677381
272008	0.0007373692922
272009	0.0004649013496
272010	0.0005001955804
272011	0.000205351689
272012	0.000516744454
272013	0.0001627148686
272014	0.0006224753605
272015	0.0004146766081
272016	0.000126090816
272017	0.0003312659779
272018	0.0006073173748
272019	0.0001116666237
272020	0.0008483115883
272021	0.0005880875706
272022	0.001435296615
272023	0.0005472757448
272024	0.0001940536643
272025	0.0005772170809
272026	0.0005530044211
272027	0.0004179812791
272028	0.000370242538
272029	7.693311799e-05
272030	0.0002271505652
272031	0.0003891741281
272032	0.0003271092939
272033	0.0002880311582
272034	0.0001611560055
272035	0.0005102264362
272036	0.0002098251492
272037	0.0007016240527
272038	9.177478949e-07
272039	6.811790603e-05
272040	0.0001716484912
272041	0.0001546911489
272042	0.001046016353
272043	0.0005980317717
272044	0.0006183261162
272045	0.0001168630084
272046	0.0007634902409
272047	0.001488882792
272048	0.0009830489903
272049	0.002650172066
272050	0.00269020373
272051	0.001703877679
272052	0.001801635325
272053	0.0004399234472
272054	0.001882832076
272055	0.00491000208
272056	0.00131483
272057	0.0002659569912
272058	0.00535896909
272059	0.001168479556
272060	0.0008392296405
272061	0.004089600674
272062	0.0007302602963
272063	0.001949509791
272064	0.0003351389219
272065	1.864217928e-05
272066	0.001178203622
272067	0.00158994337
272068	0.001422793188
272069	0.001722498947
272070	0.0004130384747
272071	0.0005464804645
272072	0.0002815451689
272073	0.002241692769
272074	0.0004719475064
272075	0.0001614244231
272076	0.0004029846244
272077	0.0009284053528
272078	0.001657302668
272079	7.266097138e-09
272080	0.003614851067
272081	0.002874756782
272082	0.001240259932
272083	0.001638530736
272084	0.002680759809
272085	0.0002318527104
272086	0.003117623724
272087	0.003484639047
272088	0.002105087438
272089	0.003440033481
272090	0.002065855913
272091	0.0004076623971
272092	0.0007652565199
272093	0.0004131445857
272094	0.001498120252
272095	0.0001481433015
272096	0.0004722885358
272097	0.0001183307729
272098	0.0001921850269
272099	3.765089056e-05
272100	7.318030069e-07
272101	8.209495466e-07
272102	1.331030299e-06
272103	4.98738338e-07
272104	5.456727768e-07
272105	1.70430091e-07
272106	9.602141531e-07
272107	5.393166965e-07
272108	1.488838785e-06
272109	8.056298905e-07
272110	8.110034542e-07
272111	7.943465678e-07
272112	1.959464812e-06
272113	1.575835538e-06
272114	8.449229018e-07
272115	1.26121608e-06
272116	9.739702787e-07
272117	2.142993035e-08
272118	3.140409893e-08
272119	5.915100748e-07
272120	8.353806811e-07
272121	4.904105502e-07
272122	0.0006926124819
272123	1.222758085e-05
272124	0.000205633066
272125	0.003300258899
272126	0.0003756319121
272127	0.000405868107
272128	0.0007337045748
272129	0.001092709782
272130	0.0003036483033
272131	0.0002542631004
272132	0.0002814602191
272133	0.0004564102658
272134	0.0002097941328
272135	0.0009616943371
272136	0.001749206719
272137	0.001873584194
272138	0.00578965343
272139	0.001604831462
272140	0.001346567223
272141	0.000978935546
272142	0.0007339183043
272143	0.0007987288104
272144	0.001061038689
272145	0.00224686823
272146	2.168797569e-05
272147	6.766529681e-05
272148	1.381695718e-05
272149	0.001578925876
272150	0.001083642136
272151	0.0001953018743
272152	0.003945578198
272153	0.001308235662
272154	0.003169099237
272155	0.001219434817
272156	0.001241304299
272157	0.005248512076
272158	0.004038234569
272159	0.0008208857266
272160	0.001567961432
272161	0.0006386121955
272162	0.002652389678
272163	0.004709531804
272164	0.0008252960822
272165	0.0004457602122
272166	0.003110977845
272167	0.001619887359
272168	0.001514078258
272169	0.002486821691
272170	0.0001743861003
272171	0.0001773892689
272172	0.005294254122
272173	0.002100977489
272174	0.002956462352
272175	0.001370210568
272176	0.002444963998
272177	0.003182657434
272178	0.0009359975712
272179	0.000498998024
272180	0.0004278408159
272181	0.0007368103354
272182	0.0006713204577
272183	0.004089603409
272184	0.005471202838
272185	0.0008436794604
272186	0.0001692400096
272187	0.001339606688
272188	0.001112736258
272189	0.0001995458516
272190	0.0005389850567
272191	0.003426458296
272192	0.001506487231
272193	0.001513997071
272194	0.0008844860816
272195	0.0003163237883
272196	2.399666069e-07
272197	0.0001075894375
272198	1.71546137e-07
272199	0.0004236296294
272200	0.0003220437198
272201	0.0009876952471
272202	0.0002963442966
272203	0.001611264068
272204	0.002678992317
272205	0.0005735151446
272206	8.153963542e-05
272207	0.001425358938
272208	0.001089377509
272209	0.001247298558
272210	0.0004487644103
272211	0.0006910889244
272212	0.003151486863
272213	0.0007283154667
272214	0.0007865354961
272215	0.0015632586
272216	0.0002875007914
272217	0.0006694787397
272218	0.001433611683
272219	0.001762335441
272220	0.001151658829
272221	0.002422342435
272222	0.0006458498396
272223	0.0006817510875
272224	2.455134602e-05
272225	0.001871625005
272226	0.002525468321
272227	0.004110184664
272228	0.002559766141
272229	0.002916498096
272230	0.001114002396
272231	0.002403449033
272232	0.001800724136
272233	0.00163486287
272234	0.001259341422
272235	0.002356570972
272236	0.002362970335
272237	0.0005103152223
272238	0.0001608293582
272239	0.0002573751441
272240	0.002941046026
272241	0.003188888534
272242	0.006992630829
272243	0.006213026894
272244	0.005590634201
272245	0.002322211351
272246	0.0002930544713
272247	0.002512814294
272248	0.00406916572
272249	0.000890528876
272250	0.002970713589
272251	0.001655084545
272252	0.0001523589514
272253	0.0003130416468
272254	0.0006212544956
272255	1.137740847e-05
272256	0.001696253621
272257	0.0001986521461
272258	0.003844545782
272259	0.001831923808
272260	0.01070567702
272261	0.005092062336
272262	0.0063224953
272263	0.001583206132
272264	9.957987254e-05
272265	0.002050358348
272266	0.003379685715
272267	0.00591189428
272268	0.003267592606
272269	0.003328063932
272270	0.0006537108859
272271	0.004438725079
272272	0.0001992180069
272273	0.000533252826
272274	0.001025313467
272275	0.0002808749066
272276	0.0004164491409
272277	0.003675602417
272278	0.001974747074
272279	0.0006845575689
272280	0.002683023422
272281	0.0003657763085
272282	0.001193437577
272283	0.0006855776188
272284	0.00100930644
272285	0.000884447293
272286	0.0004461934984
272287	0.0002566555469
272288	0.0003409065527
272289	0.002881228948
272290	0.002132297899
272291	0.0002860556285
272292	0.0003500669224
272293	0.0001424358295
272294	0.001253350122
272295	0.001334576487
272296	0.0006292040291
272297	0.003060439054
272298	0.002368273939
272299	0.002151350469
272300	0.005144704942
272301	0.001794193424
272302	0.00192692873
272303	0.006699332681
272304	0.004323470723
272305	0.004175051593
272306	0.0001625182159
272307	0.0003773822642
272308	0.000138529549
272309	0.0001677078892
272310	0.0003145479947
272311	0.000137821159
272312	0.001692783801
272313	0.003992923155
272314	0.001895016602
272315	0.003228897486
272316	0.001250785421
272317	0.0004051094715
272318	0.005189896625
272319	0.003166329283
272320	0.001331058
272321	0.002409674626
272322	0.002992358976
272323	0.002919865303
272324	0.0004177787059
272325	0.0001886220831
272326	0.0005550680919
272327	3.447273334e-05
272328	4.559646365e-05
272329	0.0004029550032
272330	0.0005481078282
272331	0.0003456173349
272332	0.0002130354283
272333	0.000219477403
272334	0.0002337825205
272335	9.097102991e-05
272336	0.0005857762111
272337	0.002522351576
272338	0.0008263102436
272339	5.548006592e-05
272340	0.0001361970686
272341	0.002742471812
272342	0.003660989287
272343	0.004556091127
272344	0.005262513921
272345	0.001333607088
272346	0.0007627691405
272347	0.0003889271573
272348	0.0007355088361
272349	0.0006974149102
272350	0.001566245099
272351	0.00302411804
272352	0.002122408885
272353	0.001568037587
272354	0.002824450557
272355	0.0005854805677
272356	0.005963983822
272357	0.00250444686
272358	0.0004891826101
272359	0.004111670137
272360	0.003898712836
272361	0.001654491357
272362	0.002391753995
272363	0.0007639008591
272364	0.0004188164673
272365	5.680970189e-05
272366	0.0003108343188
272367	0.006105853957
272368	0.001533289187
272369	0.002223010248
272370	0.003548629866
272371	0.002207042107
272372	0.001193949624
272373	0.001072465385
272374	0.002113110825
272375	0.00280862546
272376	0.00180789112
272377	0.0002367449579
272378	0.0003003257174
272379	0.001120805974
272380	0.0024310323
272381	0.002690289042
272382	0.0006933768993
272383	9.629681068e-05
272384	0.0004395068052
272385	0.001537963141
272386	0.00621270786
272387	0.0001746223248
272388	0.0003665262183
272389	0.0002564113443
272390	0.0005265802278
272391	0.0001206644726
272392	0.0001087487845
272393	0.00121038456
272394	0.004871838893
272395	0.0007200422814
272396	0.0002044137917
272397	0.0002972249401
272398	0.0003294675452
272399	0.0002087790035
272400	0.003734882353
272401	0.001138909941
272402	0.002959545712
272403	0.004908023071
272404	0.001207566425
272405	0.0006891252008
272406	0.001186208598
272407	0.006994770751
272408	0.002623235425
272409	0.001814056292
272410	0.003763615019
272411	0.0003261973555
272412	0.0001579016412
272413	0.001072344613
272414	0.001403210275
272415	0.000331127367
272416	0.001003865046
272417	0.00075034151
272418	1.27902437e-05
272419	0.001723376454
272420	0.001965222828
272421	0.0002455963978
272422	0.0007915642715
272423	0.002813619246
272424	0.00254545061
272425	0.001051721358
272426	0.002213870631
272427	0.0007985653262
272428	0.0005766270401
272429	0.007107862616
272430	0.001443685781
272431	0.0002051770022
272432	0.005181396142
272433	0.001858046978
272434	0.0004458192965
272435	0.001721560418
272436	0.0003190619243
272437	0.0002291994253
272438	0.0002347281526
272439	0.00149082668
272440	0.001267199623
272441	0.001252613531
272442	0.000113341523
272443	0.0006461897966
272444	0.0005806639339
272445	0.0007369032399
272446	5.229579983e-05
272447	0.002652239673
272448	0.002750821229
272449	0.002388590851
272450	0.0003032630341
272451	0.001151475288
272452	0.002204236093
272453	0.001840740463
272454	0.0006152695334
272455	0.002902291051
272456	0.002780186656
272457	0.006514801484
272458	0.003072177598
272459	0.004617922294
272460	0.001395395651
272461	0.0006889024446
272462	0.003250348942
272463	0.0004884545987
272464	0.001445906776
272465	0.001289154491
272466	0.003623398834
272467	0.0005834578975
272468	0.001122350145
272469	0.003683382305
272470	0.00551472702
272471	0.005555899967
272472	0.003578009043
272473	0.003947189566
272474	0.0007015877571
272475	0.001702743682
272476	0.003505299803
272477	0.002902951963
272478	0.0004633160231
272479	0.00217770567
272480	0.0004431879315
272481	0.003018691513
272482	0.0007209922772
272483	0.009326279035
272484	0.0005437147865
272485	0.002591923633
272486	0.003410078237
272487	0.002187638427
272488	7.195356717e-05
272489	0.004680465203
272490	0.001735570572
272491	0.0007054495804
272492	0.002564815491
272493	0.004540776675
272494	0.005878238707
272495	0.0009660961565
272496	0.0003160379924
272497	0.002366208091
272498	0.002788357298
272499	0.005515986423
272500	0.007158923817
272501	0.00291014755
272502	0.00297441116
272503	0.0008337998903
272504	0.002439246969
272505	0.0001952817655
272506	0.004247204917
272507	0.0009291852035
272508	0.002312469689
272509	0.003983213424
272510	0.0004416641701
272511	0.0005672411211
272512	0.007064600045
272513	0.0004909772744
272514	0.0005336099079
272515	0.0009846988962
272516	0.005252752254
272517	0.0008845219473
272518	0.002321353222
272519	0.001698479161
272520	0.0007935226513
272521	0.001316175604
272522	0.0004770305004
272523	0.002626833615
272524	0.0009656902672
272525	0.002157024412
272526	0.002979517428
272527	0.003339470714
272528	0.001227873863
272529	0.0007034281236
272530	0.001435860313
272531	0.001203153321
272532	0.002269416114
272533	0.002052993774
272534	0.002895768664
272535	0.002164417613
272536	0.0002429010808
272537	0.0001097943709
272538	0.005921137891
272539	0.0003293443014
272540	0.003556213227
272541	0.0009871935969
272542	0.0003461062505
272543	0.00048639375
272544	0.0002494338663
272545	0.003224193031
272546	0.004670052287
272547	0.001790380626
272548	0.001305992526
272549	0.001952116052
272550	0.00490135658
272551	0.001667878965
272552	0.0004250414923
272553	0.0007888357468
272554	0.003255278978
272555	0.0003726340902
272556	0.003940751846
272557	0.0001095710339
272558	0.00173157182
272559	0.0009832839787
272560	0.000337162059
272561	0.000498931401
272562	0.001382537668
272563	0.0003184926049
272564	0.0003837456106
272565	0.0004030330169
272566	0.0004274878743
272567	0.002024346708
272568	0.0004418613413
272569	0.0004244354622
272570	0.001055409568
272571	0.0001619998879
272572	0.0003793669224
272573	0.000343323693
272574	0.001662674091
272575	0.000395692512
272576	0.0004321370239
272577	0.0004667015006
272578	0.0001686436468
272579	0.00217442326
272580	0.002455565817
272581	0.003433781079
272582	0.005002800026
272583	0.0002616920967
272584	0.002000705178
272585	0.0005369270005
272586	0.005567956134
272587	0.0002863049313
272588	0.0002003356316
272589	0.0006380459867
272590	0.001298061493
272591	0.0007290372572
272592	0.003999396194
272593	9.575150882e-05
272594	0.0005793890848
272595	4.650637599e-05
272596	0.001374718848
272597	0.001707592159
272598	0.0001125465604
272599	0.0001428605185
272600	0.0008824374228
272601	0.0007672411124
272602	0.001886883887
272603	0.003293321094
272604	0.0003257578133
272605	0.0008227335755
272606	0.0005587769526
272607	0.002084070194
272608	0.003880382663
272609	0.005577536041
272610	0.0030432475
272611	0.0007357192407
272612	0.001057827854
272613	0.001592117272
272614	0.00119469312
272615	0.001701261635
272616	0.001133833084
272617	0.001019877689
272618	0.000917401834
272619	0.002218810637
272620	0.002601331096
272621	0.0010837561
272622	0.0001164251814
272623	0.001105193148
272624	0.002000556777
272625	0.002599275763
272626	0.002829972771
272627	0.002294652188
272628	0.002032140935
272629	0.002294125264
272630	0.002129066256
272631	0.002144284644
272632	0.002302308773
272633	0.002327131749
272634	0.001593582798
272635	0.0001846538183
272636	3.876716106e-05
272637	0.001842157045
272638	4.515520031e-05
272639	7.385584842e-05
272640	0.0002421040778
272641	0.000363963883
272642	8.842796203e-08
272643	0.0005619267288
272644	0.0001867723734
272645	0.0001968923677
272646	0.0005881049564
272647	0.0005989340138
272648	0.0008027379167
272649	9.041086326e-05
272650	0.000280206722
272651	2.212645901e-10
272652	0.0006243073682
272653	0.0006720294698
272654	0.0003750594031
272655	0.0006617447594
272656	8.542436708e-08
272657	0.000189644763
272658	0.0001874977598
272659	0.0004346362331
272660	0.000133083506
272661	0.0001465520783
272662	0.001228923654
272663	0.0007412131886
272664	0.0002974864943
272665	0.0002519773757
272666	0.00236441351
272667	2.179340145e-05
272668	0.0005061093104
272669	0.0002612652329
272670	0.002688573639
272671	0.0009881673253
272672	0.003261632018
272673	0.001561958832
272674	0.00234712311
272675	0.000501330632
272676	0.003669844408
272677	0.0009885251766
272678	0.00217735508
272679	0.000453534095
272680	0.0003820296515
272681	0.0002324827101
272682	0.001388524839
272683	0.001002703834
272684	0.002113635982
272685	7.573944331e-05
272686	0.001022902516
272687	0.0003953789378
272688	0.000115920525
272689	0.0003820155743
272690	0.0007845371942
272691	0.0002809081519
272692	0.00111682887
272693	0.002469659412
272694	0.00118389936
272695	0.0001562258435
272696	0.0003712437777
272697	0.001292406872
272698	0.0005686244969
272699	0.001534711602
272700	0.0001557547779
272701	0.002528680855
272702	6.437359493e-05
272703	9.723884153e-05
272704	0.0001769523555
272705	0.001072367044
272706	0.002405680765
272707	0.0004152120161
272708	0.0009543449787
272709	0.001560078262
272710	0.002005190062
272711	0.0003661876964
272712	0.001384388831
272713	0.003339768168
272714	0.001479884732
272715	0.0004943589986
272716	0.0002781744639
272717	0.002757436653
272718	0.001787441158
272719	0.0001701543989
272720	0.0005059011223
272721	0.0002861006626
272722	0.0009533879283
272723	0.0005093051029
272724	0.001320193184
272725	0.0003546156052
272726	0.0004590703686
272727	0.0001129297651
272728	0.0002726292727
272729	0.001792164958
272730	0.001082146232
272731	0.001052097751
272732	0.0005971384347
272733	0.0004978727708
272734	0.0004738861333
272735	0.0007384126792
272736	0.0003853630337
272737	0.0005604312452
272738	0.0005438960688
272739	6.348333096e-05
272740	0.0002719925452
272741	0.0001732980919
272742	0.0001807965971
272743	0.0002755404646
272744	0.0003688355184
272745	6.260534214e-06
272746	1.471904034e-06
272747	0.0002881017601
272748	0.000448369184
272749	0.0004453183233
272750	0.0005676970376
272751	0.000192426385
272752	0.0002144112841
272753	0.0001038704381
272754	8.425775645e-05
272755	0.0001898043303
272756	0.0002088438669
272757	0.0003622708017
272758	0.0001713833172
272759	0.0005511826712
272760	0.0001740903611
272761	0.0001919655255
272762	0.0003680015837
272763	9.410882067e-05
272764	0.0001736207329
272765	0.0001975260994
272766	0.0002724935453
272767	0.0001751961923
272768	9.630406824e-05
272769	0.0002928298087
272770	1.560981637e-05
272771	0.0002647876443
272772	0.001020945589
272773	0.0002720188381
272774	0.0001142257273
272775	0.0002826024907
272776	0.000361252725
272777	7.46662293e-05
272778	0.0009186214145
272779	0.0001796744331
272780	4.416173292e-06
272781	0.000175096881
272782	7.060486155e-05
272783	6.599629239e-07
272784	0.0001679492858
272785	1.077887261e-05
272786	0.0002660596927
272787	0.0004530561008
272788	8.914181429e-05
272789	0.000266617625
272790	0.0004590297724
272791	0.0002645326137
272792	0.0002885180519
272793	4.96778537e-07
272794	0.0007240627616
272795	3.362399492e-07
272796	3.466201181e-06
272797	0.0001904829434
272798	0.0002875951506
272799	0.0004488772836
272800	0.0001220630247
272801	0.0001515507428
272802	0.0006508292541
272803	0.0002239821857
272804	0.000198076498
272805	1.090812299e-06
272806	0.0003004623738
272807	8.758886888e-05
272808	0.0002659718937
272809	0.00280523774
272810	0.001556413267
272811	0.002045150042
272812	0.001963930588
272813	0.001180771683
272814	0.0007394679988
272815	0.001493713195
272816	0.001950348111
272817	0.0004238247609
272818	0.00232177512
272819	0.002015158061
272820	0.0016215984
272821	0.0001021754938
272822	0.00090474216
272823	0.002339754998
272824	0.0004202960881
272825	0.002433130934
272826	0.0004392723203
272827	0.002065266952
272828	0.001219067412
272829	0.00124327309
272830	0.00160513751
272831	0.000822240302
272832	0.0008109938069
272833	0.00131377679
272834	7.8278161e-05
272835	6.101100156e-05
272836	0.001185743901
272837	0.0006034112512
272838	0.0008525056119
272839	2.88099111e-05
272840	0.001966160691
272841	0.003481179773
272842	0.001225047932
272843	0.0002856737706
272844	0.0009932887756
272845	0.0001172422343
272846	0.003788369605
272847	0.001182163316
272848	0.00240362022
272849	0.001432954507
272850	0.002244743498
272851	0.001403902358
272852	0.000446334025
272853	0.001579783772
272854	0.0004076424772
272855	0.001354335452
272856	0.001780848784
272857	0.0004256177686
272858	0.0005701425064
272859	0.001832047318
272860	0.001375001503
272861	0.001963555199
272862	0.0006040576537
272863	0.002047671713
272864	0.0001514843586
272865	0.0003634249367
272866	0.001919495347
272867	0.0003192502273
272868	0.0001677109423
272869	0.0004441225065
272870	0.001746180439
272871	4.004284104e-06
272872	0.00116854861
272873	0.0003240303169
272874	0.003858551757
272875	0.001096537776
272876	0.0008029846864
272877	0.0006650952748
272878	0.002686915746
272879	0.0005800986537
272880	0.0001013905128
272881	0.001843471335
272882	0.001005262846
272883	0.000282209467
272884	0.0008643563131
272885	0.0006820938681
272886	0.0006806999877
272887	0.001012545624
272888	0.0004108822235
272889	0.0007972392397
272890	0.0002627091243
272891	0.0003411451198
272892	0.0005347663239
272893	2.563240365e-05
272894	0.0002198528182
272895	0.0004371481933
272896	0.0005547937898
272897	0.0005000443488
272898	0.0003496128361
272899	0.001334988143
272900	1.686056741e-05
272901	9.71522441e-05
272902	0.0001893422241
272903	0.0008198051408
272904	0.0008875570147
272905	1.904602087e-05
272906	0.0007529694468
272907	0.001522889211
272908	2.711989832e-05
272909	0.0006777729973
272910	0.0004312045528
272911	0.000110847694
272912	0.0009767358206
272913	0.0004572466237
272914	0.0001835331046
272915	0.000917788168
272916	0.0002398534398
272917	0.0001456517459
272918	0.0005071730703
272919	0.001328892649
272920	8.470705267e-05
272921	0.0009990017616
272922	0.0009125891378
272923	0.0002952302278
272924	0.0002773825794
272925	0.0001943992372
272926	9.136779697e-05
272927	0.0001868376193
272928	0.0006214168019
272929	0.0001647645518
272930	0.0005205030448
272931	0.0004873370757
272932	0.0001399081463
272933	0.0001663035804
272934	0.0006758597046
272935	0.0003609201335
272936	0.000523447469
272937	0.0002171576981
272938	0.0001411630616
272939	0.0003112366858
272940	8.406689194e-05
272941	0.0005599513677
272942	0.0006649393612
272943	0.001025213421
272944	0.0003183185888
272945	0.000436500881
272946	8.348485288e-05
272947	0.0002797223742
272948	0.0005191547102
272949	0.0008937997185
272950	0.001683509346
272951	7.059776469e-08
272952	9.034747045e-05
272953	0.0005783940509
272954	0.0002750881018
272955	0.0007971247913
272956	0.00115380248
272957	0.00151260783
272958	0.002697507158
272959	5.510932691e-05
272960	0.000364324053
272961	0.0007031567969
272962	0.000960871091
272963	0.000870164563
272964	0.0005731077779
272965	0.0003998823058
272966	0.0001183003159
272967	0.0009831176741
272968	0.0009851567766
272969	0.0009659462727
272970	0.0004740016009
272971	0.0003209929778
272972	0.0004796657766
272973	0.001441247459
272974	0.0006530856838
272975	0.0004299095696
272976	0.00558590878
272977	0.002133751297
272978	0.0003988102511
272979	0.0002644907612
272980	0.001581986367
272981	0.0002018162613
272982	0.00107624989
272983	0.0007321284253
272984	0.0001751286891
272985	0.0003045335072
272986	0.003560496813
272987	0.001668476799
272988	0.0002576212365
272989	0.000403390115
272990	0.001739337619
272991	0.005528697682
272992	3.653069552e-05
272993	0.001856599855
272994	0.0002867488589
272995	0.001007279675
272996	0.0005393527259
272997	0.00024125957
272998	0.001434055286
272999	0.0004667075838
273000	0.001759393213
273001	0.00177855496
273002	0.00123063558
273003	0.0009073696326
273004	0.001823590591
273005	0.0008271406578
273006	0.00144993796
273007	0.0002905933965
273008	0.001549589529
273009	0.0009012978937
273010	0.0009493777489
273011	0.0009940516225
273012	0.000561232883
273013	0.0007938101663
273014	0.00148844099
273015	0.000774210388
273016	0.0002161067116
273017	0.0005637709627
273018	0.0002217476983
273019	0.0001528809927
273020	5.893053737e-05
273021	5.422006792e-06
273022	0.000112088079
273023	0.00186391333
273024	0.002041577662
273025	0.001368235324
273026	0.001268153731
273027	0.0003455764703
273028	0.0001965762939
273029	0.0006502076736
273030	0.001013206244
273031	0.002201278937
273032	0.0006719543023
273033	0.0006533364911
273034	0.0004696828728
273035	0.002382030509
273036	0.002248894735
273037	0.001602159658
273038	0.001174013804
273039	0.00120175498
273040	0.0007747911007
273041	0.0005881499437
273042	0.0005184157717
273043	0.001212762943
273044	6.011955307e-05
273045	0.002627388666
273046	0.001497138074
273047	0.0002547595837
273048	0.0001903266188
273049	0.0004794336464
273050	0.0009258132024
273051	0.001662916536
273052	9.268160108e-05
273053	6.794926486e-05
273054	0.0002302535173
273055	0.0008961115131
273056	0.0009505202255
273057	0.001598236775
273058	0.0002328080775
273059	0.0004919254913
273060	0.0002588299198
273061	0.003675910569
273062	0.005603055386
273063	0.002468217136
273064	0.00183055807
273065	0.0004130060078
273066	0.00073839305
273067	0.0008850475777
273068	0.001249719905
273069	1.364497297e-05
273070	0.004250728626
273071	0.002972705395
273072	0.0008063432963
273073	0.002090911351
273074	0.0008105809429
273075	0.002005951272
273076	0.0001235002604
273077	0.001320401636
273078	0.0002030085951
273079	0.0002666377876
273080	0.001041063983
273081	0.0002591351688
273082	0.001444087464
273083	0.002494600408
273084	0.0008960973637
273085	0.0005865009817
273086	0.0005874279572
273087	0.0001786019193
273088	0.001708143387
273089	0.0002028157031
273090	0.0006937513055
273091	0.0006301218142
273092	0.0008919714357
273093	0.001132745393
273094	0.001085216794
273095	0.00210787267
273096	0.001329931097
273097	0.002375743158
273098	0.0004598302899
273099	0.0004609030229
273100	0.0009445385488
273101	0.0007043053675
273102	0.0009260653551
273103	0.0006224167049
273104	0.0004389609513
273105	0.001226771253
273106	0.002008397263
273107	0.001084178576
273108	0.001987880676
273109	0.0007672982924
273110	3.495152003e-05
273111	0.001945727157
273112	0.002620891282
273113	0.0006066550634
273114	0.002896041279
273115	0.00272800217
273116	1.50842098e-05
273117	0.0005382888879
273118	0.002408751246
273119	0.0009444961218
273120	0.001906204018
273121	0.0008096362238
273122	0.002976490126
273123	0.001914007638
273124	0.001699600345
273125	0.003112519791
273126	0.003477962545
273127	0.0005457497817
273128	0.001329080801
273129	7.900136782e-05
273130	0.001419014807
273131	0.0003834522567
273132	0.0007292190292
273133	9.240203533e-05
273134	0.0003884628008
273135	8.416489252e-05
273136	0.0009285559206
273137	0.0009334153894
273138	0.0001712829243
273139	0.004371165232
273140	0.0004240763759
273141	0.003606381352
273142	0.001768776173
273143	0.0004790911077
273144	0.001533704746
273145	0.001113297792
273146	0.005893749598
273147	0.004024442474
273148	0.0009429570549
273149	2.02113308e-05
273150	0.0001087915214
273151	0.0004320160215
273152	0.0003532154205
273153	0.0005946025641
273154	0.0006866835001
273155	0.0005945362113
273156	0.0005422057705
273157	0.001074549306
273158	3.231627551e-08
273159	0.001287385159
273160	0.000997214043
273161	0.0009570616919
273162	0.0005795734842
273163	0.0008350344982
273164	0.0006490705918
273165	0.0004066515475
273166	0.001467139112
273167	0.001119687637
273168	0.00297293389
273169	0.001058298347
273170	0.0006800087534
273171	0.0009761280787
273172	0.001783064227
273173	0.00256206953
273174	0.0003441242759
273175	0.0007380296775
273176	0.000794441119
273177	0.0004713527364
273178	2.978941003e-05
273179	0.002521656097
273180	0.001689466688
273181	0.000632107327
273182	0.0008554017817
273183	0.002415996928
273184	0.000452809904
273185	0.0006906071543
273186	0.0005088643479
273187	0.003164648772
273188	0.001694821403
273189	5.179967859e-05
273190	0.0007490039334
273191	2.013049135e-05
273192	0.001529985229
273193	0.00140398523
273194	6.870025311e-05
273195	0.002391222873
273196	0
273197	0.0006410131246
273198	0.0002202501184
273199	0.0007593918317
273200	0.002522340924
273201	0.0005830739493
273202	0.0006603273554
273203	0.001680646718
273204	0.002366570725
273205	0.001057092316
273206	0.001046665841
273207	4.456714924e-05
273208	0.001051118212
273209	0.0004939136058
273210	0.0003036661792
273211	0.0003703023447
273212	0.00148097996
273213	0.002624973916
273214	0.002658924821
273215	0.0003539258745
273216	0.001251720463
273217	6.363478105e-05
273218	0.001557172938
273219	0.0001744219135
273220	0.002597356049
273221	0.0001072039076
273222	0.001310884848
273223	0.001734163324
273224	0.0002797671626
273225	0.002896667217
273226	0.004085800766
273227	0.003018762426
273228	0.003953973937
273229	0.002654274446
273230	0.0005905725798
273231	0.002070987805
273232	1.597562663e-05
273233	0.004058610651
273234	8.884057523e-05
273235	0.0009272798981
273236	0.001016699746
273237	0.001477921444
273238	0.002745080876
273239	0.00032386933
273240	0.0005585352621
273241	0.0001798247219
273242	0.001244897327
273243	0.002434257205
273244	0.002283014367
273245	0.0003724008368
273246	0.0004007409747
273247	0.001076945892
273248	1.503545409e-05
273249	0.0006889870974
273250	0.001964336866
273251	8.463205915e-05
273252	0.002109343952
273253	0.0007734137503
273254	0.0001474482024
273255	0.0007229872475
273256	0.002107200902
273257	0.0005980051649
273258	0.003226045303
273259	0.0005698287214
273260	0.0005106741308
273261	0.0001806895451
273262	0.0008018506452
273263	0.0001296519733
273264	0.001708135463
273265	0.002034151085
273266	0.0007037048394
273267	0.000264897755
273268	0.000257680436
273269	0.0008751228466
273270	0.001664844046
273271	0.002127321334
273272	0.001577546733
273273	0.002894944348
273274	0.0002023877939
273275	0.001098622231
273276	0.0008826987444
273277	0.004067311333
273278	0.0001070317403
273279	0.001050787179
273280	0.002025807601
273281	0.0002241691505
273282	0.002423345532
273283	0.0008211309095
273284	0.00086995374
273285	0.002892258526
273286	0.001284732638
273287	0.0002011514233
273288	0.002292867707
273289	0.001190394596
273290	0
273291	3.303223541e-05
273292	3.848242721e-05
273293	0.001006571856
273294	0.0002965696959
273295	0.00224429499
273296	0.001241906976
273297	0.002971136868
273298	0.00149794904
273299	0.002750967464
273300	0.002498046261
273301	0.0001804702906
273302	0.001021501293
273303	3.150100833e-05
273304	0.002536068837
273305	0.002106523818
273306	3.716733364e-05
273307	0.0003315304281
273308	0.0001083367867
273309	0.0019222281
273310	0.0002127222024
273311	0.0004035188513
273312	2.971565294e-05
273313	0.001120053504
273314	0.0002487563095
273315	0.002762650626
273316	0.001215195321
273317	0.0002562948373
273318	0.0001472922402
273319	0.002925195347
273320	0.0002161693068
273321	0.0002280019445
273322	0.001495534986
273323	0.003117222235
273324	0.003716888218
273325	0.001331151593
273326	0.001073517434
273327	0.006827510261
273328	0.002432908588
273329	0.002351886325
273330	0.002001258544
273331	0.002273209269
273332	0.001112020699
273333	0.0008953842709
273334	0.0009588340057
273335	0.001546684964
273336	0.003871779548
273337	0.0008665765967
273338	0.001269567275
273339	0.0001610335579
273340	0.0001749229871
273341	0.001988162868
273342	0.002005681619
273343	0.001372889248
273344	0.0001137465684
273345	0.00149671217
273346	0.00460217512
273347	0.002426899749
273348	0.001592020766
273349	0.0006355566251
273350	0.0001330406568
273351	0.001322012412
273352	0.0002826719871
273353	5.637295672e-05
273354	0.002436480149
273355	0.001320765599
273356	0.001331199254
273357	0.001638225907
273358	4.788637699e-05
273359	0.0001758811258
273360	0.001334617377
273361	0.00178545704
273362	0.0002052581913
273363	0.0008762270986
273364	0.001689157148
273365	0.0006591507673
273366	6.666321923e-05
273367	0.0003129766986
273368	0.001021082914
273369	0.004312298432
273370	0.002215626149
273371	0.001821790266
273372	0.003179302912
273373	0.002247787306
273374	0.000513354509
273375	0.0007660739848
273376	0.001438031394
273377	0.000193284777
273378	0.0008634182651
273379	0.001260725543
273380	0.0001062940927
273381	0.0004934997568
273382	0.002484548141
273383	0.00133143269
273384	0.000397593902
273385	0.000789072041
273386	0.001103417346
273387	0.0003640199153
273388	0.0005411167099
273389	0.001018639648
273390	0.001547815161
273391	0.00128655068
273392	2.153837362e-05
273393	0.0007896424495
273394	0.003279765597
273395	0.002775271185
273396	0.0004979487758
273397	0.002689515339
273398	0.0001443165774
273399	0.0007738084078
273400	0.002017292998
273401	0.002373128148
273402	0.0006940041873
273403	0.0009468839751
273404	0.001201090993
273405	0.003137772167
273406	0.0004542776696
273407	6.746180175e-05
273408	0.002929646807
273409	0.005494897161
273410	0.004095931736
273411	0.001976786895
273412	0.002780065113
273413	0.0007998485007
273414	0.001079490182
273415	0.0008089097102
273416	0.0006808994235
273417	0.001340162538
273418	0.001120098327
273419	0.001221665076
273420	0.001405927229
273421	0.0002839345047
273422	0.00307814342
273423	0.0003571877648
273424	0.0009156864434
273425	0.001034699758
273426	0.003987175362
273427	0.00161129236
273428	0.0003120197783
273429	0.001537972455
273430	0.0008890986776
273431	0.000700462281
273432	0.001376777309
273433	0.001119417182
273434	0.001527591448
273435	0.002329942358
273436	9.221294062e-05
273437	0.000446892598
273438	0.002337228956
273439	0.001182587021
273440	0.001170411125
273441	0.004906277794
273442	0.0007640834523
273443	0.003795157065
273444	0.001200390073
273445	0.002799650395
273446	0.005731797368
273447	0.000933894197
273448	0.001869700332
273449	0.0013790229
273450	0.001323562981
273451	0.001757017255
273452	0.0005601035171
273453	0.0005967152675
273454	8.42867086e-05
273455	0.002239202174
273456	0.0006020103235
273457	0.001632618011
273458	0.0003010067339
273459	0.0003046252428
273460	0.001876895984
273461	0.0009671445811
273462	0.0009527792178
273463	0.002363968415
273464	0.0004363684498
273465	0.001650059769
273466	0.0005757097384
273467	0.002896324599
273468	0.001535233275
273469	0.001959626266
273470	0.001478098331
273471	0.005566577939
273472	0.001180026054
273473	0.0002949601984
273474	0.001939235357
273475	0.0001575850885
273476	0.001223289239
273477	0.0001043751014
273478	0.002797221367
273479	0.001001456394
273480	0.002374792137
273481	0.0018623447
273482	0.0001830270447
273483	0.0004872200182
273484	0.0003274716646
273485	0.001213821471
273486	0.002023057693
273487	0.002776214489
273488	0.001766909425
273489	0.0001803146656
273490	0.0007380682697
273491	0.0001288045603
273492	0.001635489033
273493	0.001511655325
273494	0.0005017272054
273495	0.002787474307
273496	0.001689750536
273497	0.000776984877
273498	0.0005980228837
273499	0.00199874553
273500	0.001020010165
273501	0.001162682615
273502	0.004504875565
273503	5.037178015e-05
273504	0.0008974617901
273505	0.001273227318
273506	0.004442119631
273507	0.000606101879
273508	0.0007523760751
273509	0.0007905450456
273510	0.001090235079
273511	0.0007179000244
273512	0.003430732144
273513	0.001173674526
273514	0.0007912722208
273515	0.0001127724461
273516	0.001252411793
273517	0.0009370361657
273518	0.001256449245
273519	0.0002268573519
273520	0.0006605112658
273521	0.002892120973
273522	0.0003688932635
273523	0.0009920507836
273524	0.0007631447691
273525	0.001628482282
273526	0.001542062141
273527	0.003422043937
273528	0.003638772898
273529	0.0003577203748
273530	0.0005438288341
273531	0.001868604541
273532	0.0008360222019
273533	0.0009592036578
273534	0.002144891078
273535	0.0006311336289
273536	0.002759215729
273537	0.002087432811
273538	0.001015133792
273539	0.002888217743
273540	0.0004325854395
273541	0.002577869131
273542	0.0007789290076
273543	0.0006263157278
273544	9.98187446e-05
273545	0.003237799683
273546	0.0005745136577
273547	0.003863785002
273548	0.001704196853
273549	0.001628329236
273550	0.001721793636
273551	0.00383228458
273552	0.002006084095
273553	0.001758794934
273554	0.002549662478
273555	0.0008876705647
273556	0.0009621852236
273557	0.0001436953857
273558	0.001140574147
273559	0.001125330367
273560	0.001243781384
273561	0.0006472161302
273562	0.001612525395
273563	0.003683524123
273564	9.762986821e-05
273565	0.003010989779
273566	0.007048836753
273567	0.001812342766
273568	0.003652467829
273569	0.004819692503
273570	0.0003347952137
273571	0.003526309525
273572	0.003014341013
273573	0.001058151798
273574	0.005526611023
273575	0.00019512856
273576	0.005207436164
273577	0.006486649408
273578	0.0003269080345
273579	0.002013210551
273580	0.0007726426524
273581	0.0005812880311
273582	0.0003778944238
273583	0.000986441619
273584	0.001685697161
273585	0.00319137616
273586	0.0005689478666
273587	0.0003411283976
273588	0.0003879465194
273589	0.001556993295
273590	0.002209480894
273591	0.0008796256303
273592	0.003802455647
273593	0.005420372868
273594	0.002817478851
273595	0.001631047181
273596	0.0004751073812
273597	0.0012589968
273598	0.001050932341
273599	0.0008393745094
273600	0.001056072556
273601	0.001210635366
273602	0.002281992688
273603	0.002684163911
273604	0.0008466810627
273605	0.002123974961
273606	0.0009555082744
273607	0.001819012797
273608	0.001334790107
273609	8.921799242e-05
273610	0.001151684081
273611	0.002357339908
273612	0.0005645051657
273613	0.0009548998997
273614	0.000714337097
273615	0.001078230457
273616	0.0001357248618
273617	0.002009410652
273618	0.0002315884448
273619	0.0003917375788
273620	0.001389737823
273621	0.0009609912697
273622	0.0005628209099
273623	0.0005685670984
273624	0.0005215961919
273625	0.0033138081
273626	0.001641379035
273627	0.000356211945
273628	0.0002178223469
273629	0.0002772517709
273630	4.870033113e-05
273631	0.003042502162
273632	0.000290929342
273633	0.001896435408
273634	0.0006099536218
273635	0.00134187439
273636	0.0002721335133
273637	0.0002428343255
273638	0.001882919378
273639	0.002908820921
273640	0.002650429674
273641	0.0002328536725
273642	0.004089899876
273643	0.0008297669667
273644	0.001761302552
273645	0.0001876186433
273646	0.002899824722
273647	0.0009684024493
273648	0.001536240018
273649	0.001107940855
273650	0.0002686508595
273651	0.0006085655362
273652	3.904223845e-05
273653	0.00039458822
273654	0.0004606955625
273655	0.001149973312
273656	0.0005351807967
273657	0.004091676602
273658	0.0001946884278
273659	0.0004118446562
273660	0.0011113874
273661	0.001090919708
273662	0.0005311686237
273663	0.001135190975
273664	0.002097910927
273665	0.0004373339611
273666	0.002057933809
273667	0.001054137594
273668	0.00250008996
273669	0.002597902328
273670	0.001296788462
273671	0.001033476046
273672	5.933945152e-05
273673	0.0002273813445
273674	0.002287527301
273675	0.0006496581378
273676	0.0008831447922
273677	0.001706539381
273678	0.0002417792739
273679	0.001436018115
273680	0.00039981136
273681	0.00281066894
273682	0.002070810205
273683	9.848770841e-05
273684	0.000850538909
273685	0.002342483641
273686	0.002559730107
273687	0.002614863793
273688	0.001657025696
273689	0.002019294502
273690	0.0001659879758
273691	0.004325600267
273692	0.002070136457
273693	0.002148050062
273694	0.000528015401
273695	0.001252843226
273696	0.004794025532
273697	0.003967232215
273698	0.002348911451
273699	0.003474594037
273700	0.005279842374
273701	0.0004188376174
273702	0.002573224513
273703	0.0009659969731
273704	0.0002108987887
273705	0.002529346636
273706	0.002237656181
273707	0.000477354473
273708	0.001208041207
273709	0.001384549374
273710	0.001733429109
273711	0.0037677219
273712	0.001882920077
273713	0.0001821489348
273714	0.002476439008
273715	0.0007103655717
273716	0.002908441033
273717	0.001783372901
273718	0.001300841204
273719	0.0006003547293
273720	1.985765918e-05
273721	0.0005597409528
273722	0.0005055948527
273723	0.001102320556
273724	0.002401611554
273725	0.00147914203
273726	0.002460748231
273727	0.0002122097848
273728	0.001307577395
273729	0.0005115366202
273730	0.001712691918
273731	0.001600226116
273732	0.0001020754592
273733	0.004309957346
273734	0.0002058632039
273735	0.0006955846579
273736	0.002442259829
273737	6.786582881e-05
273738	0.001167025773
273739	0.0003249053585
273740	0.001675941506
273741	0.005251369842
273742	0.001726225157
273743	0.000658600295
273744	0.0004948840701
273745	0.003546404475
273746	0.002098630516
273747	0.001224648838
273748	0.001232744679
273749	0.002055833542
273750	0.001828247747
273751	0.0005034410238
273752	0.001251088744
273753	0.002083249634
273754	0.005399029201
273755	0.0001890693812
273756	0.003201412243
273757	0.0002843092839
273758	0.001032210832
273759	0.0001058078573
273760	0.002204284534
273761	0.0004908491848
273762	0.001397781104
273763	0.002068018914
273764	8.439175949e-05
273765	0.005526030749
273766	0.0007186425824
273767	0.00327770864
273768	0.001298208279
273769	0.0001360691679
273770	0.0007698794746
273771	0.001222296653
273772	0.0006364915092
273773	0.0007331609401
273774	0.0002421732965
273775	0.00129079221
273776	0.0001812984173
273777	0.001497992801
273778	0.0009448595728
273779	0.000340811691
273780	0.001142076215
273781	1.988243032e-05
273782	0.0007751479634
273783	0.0035038024
273784	1.113907985e-05
273785	0.003916216895
273786	0.001134251165
273787	0.001351502075
273788	0.000127782119
273789	0.001020894964
273790	0.0005487425926
273791	0.001422116935
273792	0.0002750903289
273793	0.002449164856
273794	0.0003018657708
273795	0.001078123315
273796	0.001808664377
273797	0.001457477505
273798	0.0002736982137
273799	0.00107837767
273800	0.001455315242
273801	0.001574729242
273802	0.0009475535122
273803	0.001317678659
273804	0.0009911313559
273805	0.0006787483629
273806	0.00089694437
273807	0.00209924495
273808	0.001795942083
273809	0.0009742358749
273810	0.0008743003038
273811	0.001685510616
273812	0.001760268495
273813	0.001801837371
273814	0.0002208037879
273815	0.0005148842589
273816	0.0001488695797
273817	0.0004296255202
273818	0.001307108193
273819	0.001211539804
273820	0.001682695589
273821	0.002170914155
273822	0.002066893486
273823	7.956132095e-05
273824	0.001359967631
273825	0.001768181605
273826	2.350065402e-05
273827	0.0008903357524
273828	0.001534441637
273829	0.0002364975248
273830	8.497769746e-06
273831	0.002442399599
273832	0.0005273336523
273833	0.0007978890696
273834	0.001085232528
273835	0.0006669385144
273836	0.0008481350951
273837	0.002556858758
273838	0.0009909734608
273839	0.0003016524285
273840	0.0004767849308
273841	0.0003880733417
273842	0.001242687144
273843	0.001103423334
273844	0.003069051986
273845	0.0001906328127
273846	0.003134338093
273847	0.001109206135
273848	0.002614317523
273849	0.00076312153
273850	0.000461086502
273851	0.001133302358
273852	0.002842301808
273853	0.0007666535173
273854	0.0001596416661
273855	0.0001737768649
273856	0.002849954407
273857	0.0008912537792
273858	0.0007919943869
273859	0.00019600049
273860	0.001282085663
273861	0.001927421131
273862	0.0007966998628
273863	0.001737657163
273864	0.0002635052637
273865	0
273866	0.0007044975356
273867	0.0001689949008
273868	0.0005713363546
273869	0.001574058962
273870	0.00214384452
273871	0.0002446428022
273872	0.001602959076
273873	0.0008368091093
273874	0.0005294384088
273875	0.0003298919603
273876	0.0002725411654
273877	0.0002944825798
273878	0.001747353967
273879	0.0005407473349
273880	0.0007116933363
273881	0.0007896265192
273882	0.0005234904965
273883	0.000958341299
273884	0.001659361988
273885	0.001292067165
273886	0.001063859356
273887	0.002058909478
273888	0.003587666391
273889	0
273890	0.0002113558782
273891	0.0008372595125
273892	0.001939462427
273893	0.002719525052
273894	3.459893923e-05
273895	0.001811273357
273896	0.001121293009
273897	0.001980661885
273898	0.0007098460971
273899	0.0005402668299
273900	4.079800974e-05
273901	0.000468897578
273902	0.0001566688728
273903	8.570060667e-05
273904	0.002381119404
273905	0.0008434247634
273906	0.000898053087
273907	0.001219499841
273908	0.001049601507
273909	0.00363221267
273910	0.004074381298
273911	0.0001897278191
273912	0.003491893682
273913	0.002079378876
273914	0.0006381314258
273915	0.0006814964596
273916	0.001829020351
273917	0.001458852199
273918	0.001950964379
273919	0.0006757057189
273920	0.003157660251
273921	0.001162501747
273922	0.002086787409
273923	0.0009978103057
273924	0.001275352894
273925	0.0006887004395
273926	0.002422196452
273927	0.00359160769
273928	0.0005299637393
273929	0.0003179311459
273930	0.001776579787
273931	0.007209315084
273932	0.0008077200899
273933	0.002533227799
273934	0.002324266958
273935	0.0009868661853
273936	0.001840598626
273937	0.001366070999
273938	0.002653488492
273939	0.002056552172
273940	0.001375535737
273941	0.004419406159
273942	0.000403022932
273943	0.0007173939561
273944	0.0003462300374
273945	0.001308076931
273946	0.004425457137
273947	0.006135265856
273948	0.001965660625
273949	0.00301195101
273950	0.001009438845
273951	0.0001914689052
273952	0.0005461346848
273953	0.002020413173
273954	0.001472575347
273955	0.001034524105
273956	0.001696084302
273957	0.001185414287
273958	0.000809275263
273959	0.002579336897
273960	0.001372519778
273961	0.0001246828304
273962	0.002269955183
273963	0.002131773547
273964	0.0008826799925
273965	0.001374512052
273966	0.001471895887
273967	0.001086106764
273968	0.0001591064734
273969	0.0004361678216
273970	0.001518822199
273971	0.0001880971859
273972	0.0004749932553
273973	0.0001783955496
273974	0.001178699392
273975	0.002471131831
273976	0.002352252398
273977	0.0003500682823
273978	0.001275850968
273979	0.001496169284
273980	0.0007010125737
273981	0.0003106945293
273982	0.0005140708366
273983	7.892440193e-05
273984	0.0007278971489
273985	0.0006619125805
273986	0.000364242029
273987	0.004169655708
273988	2.187346247e-05
273989	0.003809332944
273990	0.0002582376773
273991	7.768861148e-05
273992	0.0005991842074
273993	0.001651275452
273994	0.001386946081
273995	0.001187199278
273996	0.002730513872
273997	0.001840405869
273998	0.0005246549423
273999	0.0005233287259
274000	0.0006366157136
274001	2.404271364e-05
274002	0.00269040305
274003	0.001877274637
274004	2.743488178e-05
274005	0.001817588614
274006	0.001488055343
274007	0.003067371615
274008	0.0005212856285
274009	0.001545334989
274010	0.001904005582
274011	0.0005442429604
274012	0.002197590018
274013	0.001060026776
274014	0.002138328794
274015	0.001248131958
274016	0.0005218486479
274017	0.002531104656
274018	0.0003410900561
274019	2.86323527e-05
274020	0.001997668092
274021	0.00417011775
274022	0.003740525298
274023	0.00150456757
274024	0.002097923573
274025	0.0006795128544
274026	0.001084805903
274027	0.001522640596
274028	0.002259620471
274029	0.0008882753814
274030	0.0008023139699
274031	0.0004730476154
274032	0.00319322634
274033	0.0007184544584
274034	0.0002462560694
274035	0.002219704229
274036	0.0009769337325
274037	0.001848875748
274038	0.001266811964
274039	0.0009877782847
274040	0.002125068561
274041	0.001001871698
274042	0.002576359868
274043	0.00313925837
274044	0.00178150542
274045	0.0005256003541
274046	0.001017852193
274047	0.002410143236
274048	0.0003593793979
274049	0.001132430857
274050	0.002290733144
274051	0.001266361448
274052	0.00378207102
274053	0.0008187062957
274054	0.001012783197
274055	0.0002486612879
274056	0.00130978925
274057	0.001341095244
274058	0.002057035312
274059	0.002873228085
274060	0.001576792866
274061	0.002701371728
274062	0.001376207957
274063	5.228487902e-06
274064	0.0006209776111
274065	0.0005772470265
274066	0.001795676333
274067	0.003290783205
274068	0.0005520295626
274069	0.003233286985
274070	0.0005632577413
274071	0.0003307918531
274072	0.004320349953
274073	0.002989151051
274074	0.003414785078
274075	0.002030766359
274076	0.001170588681
274077	0.0028789037
274078	0.001227116852
274079	0.002210576323
274080	0.0005036389293
274081	0.0002376707181
274082	0.0004620830326
274083	0.003461072116
274084	0.0006131122784
274085	0.0004433832302
274086	0.0002653977559
274087	0.0005750230673
274088	0.0003690640049
274089	0.00419294952
274090	0.001213225711
274091	0.001556034758
274092	0.004132406818
274093	7.3319855e-05
274094	0.0004671086483
274095	0.001671669902
274096	0.001358902873
274097	0.001493414021
274098	0.001392522177
274099	0.0002293497682
274100	0.001262768901
274101	0.003520549568
274102	0.0002794640263
274103	0.002357117328
274104	0.002161268521
274105	0.00185357215
274106	0.0006612425062
274107	0.001423931037
274108	0.003385535436
274109	0.001038727897
274110	1.255687829e-05
274111	0.0007728865033
274112	0.0009147856129
274113	0.002239957237
274114	0.00230820097
274115	0.0005613736593
274116	0.0003252966021
274117	0.001079236957
274118	0.006420031001
274119	0.001287173866
274120	0.001267201583
274121	0.0007665887184
274122	0.003884049349
274123	0.004201844654
274124	0.005507511885
274125	0.003076421497
274126	0.001407397792
274127	0.000396077487
274128	0.0009437292508
274129	0.001709213024
274130	0.001602742555
274131	0.000479579068
274132	0.0003831793968
274133	0.0008012317718
274134	0.00399737383
274135	0.002178393265
274136	0.001771544074
274137	0.0002079266122
274138	0.0008396301746
274139	0.000618727133
274140	0.002430827494
274141	0.001004664557
274142	0.002310936018
274143	0.000703946929
274144	0.002458715367
274145	0.0007349332351
274146	0.002045494347
274147	0.0001494766987
274148	0.0009839197186
274149	0.0006517738354
274150	0.002007551708
274151	0.0008673830149
274152	0.001216392957
274153	0.0002030699585
274154	0.0005152589647
274155	0.001152862523
274156	0.003352925973
274157	0.0007993875966
274158	0.002117517055
274159	0.00197615598
274160	7.855451681e-05
274161	0.001197024988
274162	0.001352925453
274163	0.002509315078
274164	0.0009372678841
274165	0.003682989598
274166	0.0008357900746
274167	0.001280425148
274168	0.001692643323
274169	0.002933442179
274170	0.003984589374
274171	0.0001265598535
274172	0.0006727179009
274173	0.0002081959709
274174	0.002297406268
274175	0
274176	0.0008829462765
274177	0.003710196087
274178	0.001506832092
274179	0.001318991392
274180	0.001420049575
274181	0.0001818727645
274182	0.0005180610787
274183	0.002507900384
274184	0.000221606695
274185	0.003556228899
274186	0.001134278559
274187	0.000394110375
274188	0.003681810076
274189	0.002237869751
274190	0.000223130952
274191	0.001161316076
274192	0.0006872584012
274193	0.003402470374
274194	0.000459845902
274195	0.0004351146942
274196	0.0001042875976
274197	0.0003293261447
274198	0.0004401204525
274199	0.001747606646
274200	0.00152188494
274201	0.0005058642019
274202	0.0004092941607
274203	0.003431536584
274204	0.00354619806
274205	0.0006332266799
274206	0.002203225835
274207	0.0008009919638
274208	0.001863039362
274209	0.001549714724
274210	0.003366783127
274211	0.001436897928
274212	0.003257740443
274213	0.002704477963
274214	0.0008901851908
274215	0.001865516517
274216	0.00260560772
274217	0.001664763575
274218	0.001414168819
274219	0.0005781795724
274220	0.0002788006248
274221	0.0001958345376
274222	0.003039708901
274223	0.002281127658
274224	0.0008687080772
274225	8.740192275e-05
274226	0.0003940881948
274227	0.0009647202562
274228	0.001543245558
274229	0.001593820522
274230	0.0009468323777
274231	0.0005080962169
274232	0.001466283932
274233	0.002080909204
274234	0.0004989571095
274235	0.0004530650464
274236	0.0003319455977
274237	0.001228233345
274238	0.001674473251
274239	0.0001922844454
274240	0.002871647221
274241	0.001292745509
274242	0.00111349606
274243	6.878447921e-05
274244	0.001020451629
274245	0.0007069595693
274246	0.003198913089
274247	0.0006782586353
274248	0.0001607957685
274249	0.0003389859701
274250	0.002295413545
274251	0.004602937935
274252	0.0003811080919
274253	0.001573935697
274254	0.001161296793
274255	0.001672892488
274256	0.0003902147314
274257	0.0008835045943
274258	0.0001160498746
274259	0.00159905362
274260	0.001235291964
274261	0.001554542283
274262	0.001872323208
274263	0.0007491634673
274264	0.0001147270808
274265	0.004675384525
274266	0.00476321771
274267	7.542921333e-05
274268	0.00180342976
274269	8.867712221e-05
274270	0.0008454766
274271	0.0008449734317
274272	0.002362962896
274273	0.00195885181
274274	0.000337238466
274275	0.001324033726
274276	0.003861331471
274277	0.0002192352495
274278	0.000779990985
274279	2.16071528e-05
274280	0.001107849811
274281	0.002439945901
274282	0.0002613192806
274283	0.003199877183
274284	0.0002398506068
274285	0.002155712719
274286	0.002703883633
274287	0.0009450039884
274288	0.003634204064
274289	0.001094211984
274290	0.00124950685
274291	0.001309168089
274292	0.0006655190902
274293	0.0007416384474
274294	0.002246680127
274295	0.001852144627
274296	0.0008768632273
274297	0.0004558500452
274298	0.002659924826
274299	0.001903158905
274300	0.00126722005
274301	0.001556181776
274302	0.003140289491
274303	0.001207093457
274304	0.00173621572
274305	0.001077326283
274306	0.0006426061669
274307	0.001055214262
274308	0.005789697585
274309	0.0001721898038
274310	0.002804735596
274311	0.002455770274
274312	0.004248175358
274313	0.001262729713
274314	0.0007646424147
274315	0.0005133911503
274316	0.003056390444
274317	0.001715632344
274318	0.001094962198
274319	0.0009078490436
274320	0.001707040077
274321	0.001975197884
274322	0.001213445253
274323	0.00341962976
274324	0.004524479425
274325	0.0004835000812
274326	0.004405874304
274327	0.001798732463
274328	0.001984752744
274329	3.302850441e-05
274330	0.003086489056
274331	0.001024882634
274332	0.0009762154482
274333	9.25737e-08
274334	0.0001263202945
274335	0.002314071258
274336	0.002490105364
274337	0.002600775388
274338	0.001569266842
274339	0.000519504441
274340	0.002551189828
274341	0.0005670177009
274342	0.0003837204756
274343	0.002501899673
274344	0.0006211686787
274345	0.0006351513462
274346	0.0006826183385
274347	0.001225728459
274348	0.003059144386
274349	0.0001109149874
274350	0.00204692206
274351	0.0007630349474
274352	8.628967692e-05
274353	0.001631802973
274354	0.0004897653244
274355	2.719532751e-05
274356	0.003500410796
274357	0.002255109628
274358	0.0009639482232
274359	0.002343471536
274360	0.002000468437
274361	0.003366974485
274362	0.002961214036
274363	0.002526890164
274364	0.003140237569
274365	0.004264348016
274366	0.0004941547025
274367	0.003662851119
274368	0.0003426514906
274369	0.0006948802358
274370	0.0005911583531
274371	0.001037344041
274372	0.001200348922
274373	0.0003079751831
274374	0.0006838241657
274375	0.0001367655236
274376	0.001484412665
274377	0.001863246205
274378	0.0005883663567
274379	0.002990149479
274380	0.002011743076
274381	0.0005055368576
274382	0.001589270211
274383	0.003323362717
274384	0.0009675276081
274385	0.002822996841
274386	0.002193485309
274387	0.002717537522
274388	0.003477652388
274389	0.001181258607
274390	0.0030883207
274391	0.0009008138634
274392	0.003154252967
274393	0.0002340282605
274394	0.001606907303
274395	0.001851888685
274396	0.002175170509
274397	0.0009658584544
274398	0.0006668542554
274399	0.0003806372053
274400	0.0003979200888
274401	0.0003498815413
274402	1.592479565e-05
274403	0.0003229094702
274404	0.0005224421273
274405	0.0009752232997
274406	0.0003180966618
274407	8.120399608e-05
274408	0.0001262192561
274409	2.958117267e-05
274410	0.0003188928646
274411	0.001182710642
274412	4.839150314e-05
274413	0.0005950279732
274414	0.0005346558854
274415	0.0003100184147
274416	0.0002767303663
274417	0.0007905427518
274418	0.002303390746
274419	0.0003584697168
274420	0.0003479306999
274421	0.001502282004
274422	0.002099667335
274423	0.004124036369
274424	0.0008501529029
274425	0.001288390298
274426	3.015248292e-06
274427	0.0008038860788
274428	0.0009302189568
274429	0.0002316015255
274430	0.001102429574
274431	0.001188307387
274432	0.0003046780143
274433	0.0003439817932
274434	0.0009486227044
274435	0.0001590204281
274436	0.0006215679551
274437	0.002891653105
274438	0.001196442542
274439	0.0006403765933
274440	0.0001383942042
274441	0.0002565017474
274442	0.000311720275
274443	0.0002978583815
274444	0.0003125611695
274445	0.0001816440094
274446	0.003318780691
274447	0.00136720673
274448	0.0009926313904
274449	0.001940522014
274450	0.0005806327462
274451	0.0007710764761
274452	0.001352969637
274453	0.001554767482
274454	0.0009565299094
274455	0.001749436069
274456	0.001543183644
274457	0.002548046114
274458	9.342294878e-05
274459	0.0004804441499
274460	0.0004965261542
274461	0.0005101512535
274462	0.001489308728
274463	0.002648353147
274464	0.0001544936146
274465	0.002397080346
274466	0.00238122094
274467	0.00417317442
274468	0.002966120012
274469	0.0004853005565
274470	0.0002243256208
274471	0.0002237498619
274472	0.003871376233
274473	0.002181094589
274474	2.342117049e-05
274475	0.001290326809
274476	0.001857382995
274477	0.0007445915859
274478	0.002216763449
274479	0.004726039912
274480	0.003156678506
274481	0.002328876014
274482	0.001309622781
274483	3.611045194e-05
274484	0.0006389745896
274485	0.00223187119
274486	0.001093791481
274487	0.002454668005
274488	0.0007370447788
274489	0.001487222234
274490	0.002131065554
274491	0.001006887833
274492	0.005191377715
274493	0.004616928342
274494	0.0003694312838
274495	0.004342964799
274496	0.003471244687
274497	0.002784557467
274498	0.003851270513
274499	0.00113781046
274500	0.004781658236
274501	0.000466610471
274502	0.001270043626
274503	0.00169283974
274504	0.0007901695639
274505	0.004049676256
274506	0.001216137876
274507	0.004038468265
274508	0.001987679287
274509	0.00115972109
274510	0.004306057009
274511	0.000454635694
274512	8.154571358e-05
274513	0.0007305290522
274514	0.0009345304563
274515	0.0001314958389
274516	0.001277384177
274517	0.0007139590154
274518	0.001314697724
274519	0.001370871177
274520	0.001522626769
274521	0.001396129939
274522	1.397193276e-05
274523	0.0003225275431
274524	0.0006211208523
274525	0.0005155814101
274526	0.0002810515468
274527	0.0004323980362
274528	0.002183719854
274529	0.001024374649
274530	0.001829778354
274531	0.001695264763
274532	0.0003430633413
274533	0.0008073355307
274534	0.002738113193
274535	0.004216175541
274536	0.000323728313
274537	0.0005204656341
274538	0.0007510801324
274539	0.004771833694
274540	0.002107057433
274541	0.002253963935
274542	0.0006939589368
274543	0.001185482943
274544	0.003014438798
274545	0.0001112864732
274546	0.004632201777
274547	0.001169616665
274548	0.000205196311
274549	0.003250899971
274550	0.0005617457281
274551	0.001360380951
274552	0.0006665319822
274553	0.001021978079
274554	0.001843956533
274555	0.0002747081535
274556	0.001455796074
274557	0.0009078947454
274558	0.0009759090507
274559	0.0002588846166
274560	0.0005263094521
274561	0.0005021890959
274562	0.002006813711
274563	0.0005652353489
274564	0.0003497099785
274565	0.002947422753
274566	0.001281116864
274567	0.00128513257
274568	0.0003037944852
274569	0.0003275959065
274570	0.003324922892
274571	0.0005980330875
274572	0.004472956887
274573	0.004370117016
274574	0.002997849578
274575	0.001510941613
274576	3.672751094e-05
274577	6.775439085e-05
274578	0.0004086930016
274579	5.010983561e-05
274580	0.00146035177
274581	0.000476505739
274582	0.00174827543
274583	0.000609704013
274584	0.0001861157735
274585	0.002571665099
274586	4.384713976e-05
274587	0.001462955825
274588	0.000978248076
274589	0.001801532455
274590	0.003095441239
274591	0.002207462204
274592	0.0005326362195
274593	0.001844078731
274594	0.001646423607
274595	0.002932707522
274596	0.000878472891
274597	0.001356044996
274598	0.0001280370042
274599	0.0007587943206
274600	0.0009094730464
274601	0.00350904213
274602	2.195418556e-05
274603	0.001751443454
274604	0.0004898707469
274605	0.001403840385
274606	0.001449343271
274607	0.00173253156
274608	0.0004095933108
274609	0.000166013906
274610	0.002250821039
274611	0.0009258589276
274612	0.0005942474264
274613	0.0001975639853
274614	0.001837560466
274615	0.0006288848353
274616	0.002323770284
274617	0.0007743570018
274618	0.001178328099
274619	0.00478954317
274620	0.003898893604
274621	0.002885326255
274622	0.0001369449795
274623	0.0009066364138
274624	0.006444156177
274625	0.0005439562433
274626	0.001017030281
274627	0.001411841259
274628	0.002685840254
274629	0.002422680623
274630	0.0002669585776
274631	0.003518567595
274632	0.001454687471
274633	0.0002147116337
274634	0.0008549217497
274635	0.002761865445
274636	0.001727818694
274637	0.0009444453485
274638	0.0024672757
274639	0.001014722024
274640	0.002869593092
274641	0.0007986350874
274642	0.004129175005
274643	0.0006215830167
274644	0.00075470525
274645	0.0006710354841
274646	0.00155303548
274647	0.003172650119
274648	0.005252414652
274649	0.003152647226
274650	0.001720503369
274651	3.872630997e-05
274652	0.0004526938924
274653	0.00293480469
274654	0.002307052728
274655	0.004360377737
274656	0.0001724722927
274657	0.002130347139
274658	0.002468985632
274659	8.341079402e-05
274660	0.0008018297613
274661	0.001508383754
274662	0.002160481633
274663	0.001169349542
274664	0.0009030094158
274665	0.0002901727026
274666	0.0009203364483
274667	0.000993554762
274668	0.001135270503
274669	0.002374249957
274670	0.00195699604
274671	0.001057298086
274672	0.001243291149
274673	0.00126985602
274674	0.000149169857
274675	0.0001285633718
274676	0.00215308435
274677	0.002452751321
274678	0.002257310802
274679	0.001196921809
274680	0.002263426066
274681	0.001630029121
274682	0.001544482007
274683	0.0002715082561
274684	0.0007233270153
274685	3.604563286e-05
274686	0.003554763466
274687	0.003886239728
274688	0.0009502661798
274689	0.001458781365
274690	0.001547490871
274691	0.002372417283
274692	1.526391867e-05
274693	0.001673205796
274694	0.001690594329
274695	0.001688583487
274696	0.0009554748681
274697	0.002722445218
274698	6.688084298e-05
274699	0.001815972302
274700	0.001091247093
274701	0.0001915171327
274702	0.0001450272477
274703	0.0005077039026
274704	0.001207967799
274705	0.001783006184
274706	0.0001878497662
274707	0.001839223305
274708	0.001309305073
274709	0.0009855578088
274710	0.001336001503
274711	0.0002143586131
274712	0.001182338014
274713	5.684381751e-05
274714	0.002719019679
274715	0.0002566026915
274716	0.0003330770888
274717	0.00267510615
274718	0.002948836426
274719	0.001254195076
274720	0.001012515435
274721	0.001540837973
274722	0.003209889647
274723	6.533289788e-05
274724	0.001647870764
274725	0.0002081986001
274726	0.0005546359065
274727	0.0007064812149
274728	0.001124762869
274729	0.001419156548
274730	0.001229966152
274731	2.112058999e-05
274732	0.001416997883
274733	0.001150371078
274734	0.002835026354
274735	0.0001788141062
274736	0.002417516754
274737	0.0004287011705
274738	0.002298474591
274739	0.002957369546
274740	0.001038275669
274741	0.003997315096
274742	0.00117924828
274743	0.0007197795225
274744	0.0006687954154
274745	0.001254466071
274746	0.002624130091
274747	0.001558637097
274748	0.0005300102573
274749	0.0009887743895
274750	0.001147670833
274751	0.0005547456931
274752	0.0004958346867
274753	0.0001959196391
274754	0.0002052245842
274755	0.0002217254266
274756	0.002806564681
274757	0.003882826408
274758	0.002237898488
274759	0.005325089531
274760	0.0006576585545
274761	0.00102174548
274762	0.0007178286438
274763	8.833296019e-05
274764	0.0007512365634
274765	0.0008240410134
274766	0.002296299051
274767	0.0007996489668
274768	0.003974277968
274769	0.000736771761
274770	0.0003501893943
274771	0.0004516245716
274772	0.001482622195
274773	0.000715806457
274774	0.000559309177
274775	0.001737249107
274776	0.001668421119
274777	0.00308966761
274778	0.001459181466
274779	0.001272843271
274780	0.001383578398
274781	0.0009241667102
274782	0.0007908702768
274783	0.0001332991448
274784	0.0006385648394
274785	0.00289800039
274786	1.36976661e-05
274787	2.490841313e-05
274788	1.753517724e-05
274789	0.003213081652
274790	0.0008043561385
274791	0.000384910491
274792	0.0002630356129
274793	0.004214608824
274794	0.003526534293
274795	0.000257343195
274796	0.0002772112231
274797	0.001240042005
274798	0.00123319367
274799	0.00103600576
274800	0.002228148498
274801	0.001643111765
274802	0.002655847816
274803	0.001610722044
274804	0.001139138111
274805	0.004172893714
274806	0.00103756369
274807	0.0004795048797
274808	0.0001719675471
274809	0.0001801300992
274810	0.001489893169
274811	0.0008794944413
274812	0.001706581463
274813	0.0009834579323
274814	0.0006654199962
274815	0.0002014554703
274816	2.854444105e-05
274817	0.0008256060828
274818	0.001513159413
274819	0.0005147880895
274820	0.0008859519614
274821	0.001644610132
274822	0.0016030138
274823	0.0009254690298
274824	0.003106857818
274825	0.001746330051
274826	6.665014907e-05
274827	0.0007612208511
274828	0.0003426088219
274829	0.0007543519358
274830	0.0005144626188
274831	0.0006016493682
274832	0.0001684127927
274833	0.0002594554833
274834	0.0005755926279
274835	0.003193724849
274836	0.004227929247
274837	0.001805713556
274838	0.001506969635
274839	0.0008196260261
274840	0.001901561809
274841	0
274842	0.0002975005967
274843	0.003349228876
274844	0.000686756186
274845	0.004220945101
274846	0.002273482353
274847	0.002696001832
274848	0.004747012386
274849	0.0004211410893
274850	0.001547419828
274851	0.0003124594084
274852	0.002345470217
274853	0.002837360729
274854	0.002816439244
274855	0.0001833214596
274856	0.0005743985806
274857	0.0009139953781
274858	0.001041923941
274859	0.003821025425
274860	0.0007083034363
274861	0.0005976659183
274862	0.0004328072096
274863	0.001404782563
274864	0.002800417067
274865	0.0008148593168
274866	0.00024893404
274867	0.001483862773
274868	0.0002845966545
274869	7.9338433e-05
274870	0.002711772766
274871	0.001283848059
274872	0.0005900305721
274873	0.001191173522
274874	0.001095629478
274875	0.001162901762
274876	0.002556536481
274877	0.0005018254317
274878	0.001920895828
274879	0.0005358504026
274880	0.0002741420755
274881	0.0002895824821
274882	3.210602986e-05
274883	0.0002275406923
274884	0.0001916723393
274885	1.707392748e-05
274886	0.002282591818
274887	0.001218468158
274888	0.001623627289
274889	7.801575014e-05
274890	0.002333118389
274891	0.00171915394
274892	0.0009734300418
274893	0.0001230756123
274894	0.002392214741
274895	0.0009421154865
274896	0.001229691209
274897	0.002270598463
274898	0.0003077388047
274899	0.002024792088
274900	0.001464427268
274901	0.0006942043916
274902	0.004605770826
274903	0.001881920454
274904	0.004180435891
274905	0.001823381072
274906	0.0005594046819
274907	0.0004593283657
274908	0.0008132760735
274909	0.0006159669809
274910	0.003886116
274911	0.001485909775
274912	0.00160911164
274913	0.00288971939
274914	0.0001485531167
274915	0.002199035406
274916	0.002250255649
274917	0.0001580163672
274918	0.001703155044
274919	0.00179882252
274920	0.001292733226
274921	0.003073099857
274922	0.001577482642
274923	0.001612425998
274924	0.0009228882859
274925	0.0008216212864
274926	0.001701988585
274927	0.001491774159
274928	0.000758736913
274929	0.001656576228
274930	0.001114594789
274931	0.00118439956
274932	0.002940684959
274933	0.002556264286
274934	0.001219994566
274935	0.001055535127
274936	0.0005697580249
274937	0.002518217763
274938	0.0006145978889
274939	0.0003903634488
274940	0.0009645928312
274941	0.00212153916
274942	0.003290899973
274943	0.002164498024
274944	0.002079968489
274945	0.001769093916
274946	0.001646029709
274947	0.0003895978121
274948	0.0001686000371
274949	0.002285673673
274950	0.001420141092
274951	0.000487038832
274952	0.001702097942
274953	0.002925766209
274954	0.001582474152
274955	0.002912180337
274956	0.0001030469978
274957	0.0003482403454
274958	0.001617710583
274959	0.0004169305973
274960	0.0002942060857
274961	0.0002708108149
274962	0.0007850557458
274963	0.0002997070854
274964	0.0002574798574
274965	8.984009135e-05
274966	2.940125424e-06
274967	0.000170999448
274968	0.004042406742
274969	0.0002194982423
274970	0.002353172367
274971	0.00402588154
274972	0.0004419917177
274973	0.001465413124
274974	0.003409772369
274975	0.0006711281725
274976	0.0006038111847
274977	0.001047978895
274978	0.002769884609
274979	0.0004017776739
274980	0.0007404815987
274981	0.001361390846
274982	0.001737160656
274983	0.002407330214
274984	0.0006890093807
274985	0.001567123758
274986	0.003369419162
274987	0.001878931532
274988	0.0008983268127
274989	0.0002073660361
274990	0.0009037290562
274991	0.003491319151
274992	0.000477141085
274993	0.003282432221
274994	0.0001023209586
274995	0.0002348625565
274996	0.0008010315841
274997	3.017002219e-05
274998	0.001007094573
274999	0.001171234106
275000	0.0001404572579
275001	0.004025882081
275002	0.0004720783468
275003	0.002174069943
275004	0.000715888146
275005	0.0003727408566
275006	0.000483316836
275007	0.0003854459892
275008	0.0002147352084
275009	0.003592865682
275010	0.002224273617
275011	0.002922105175
275012	0.003368237428
275013	0.0007212349087
275014	0.0001945555213
275015	0.002934364907
275016	0.002841506066
275017	0.00232262199
275018	0.001649836158
275019	0.001051223369
275020	0.0006186817523
275021	0.000683870596
275022	0.001000396312
275023	0.002733740128
275024	0.0001488573823
275025	0.0001701645596
275026	0.002306538427
275027	0.001858647458
275028	0.002196804742
275029	0.000350027968
275030	0.0006873386866
275031	0.002156590374
275032	0.002050216297
275033	0.0004637816107
275034	4.710578483e-06
275035	0.001031577308
275036	0.0006071933614
275037	0.001103929267
275038	0.001567184606
275039	0.002618533612
275040	0.0008125866798
275041	0.0003227673256
275042	0.0005751814404
275043	0.000217343695
275044	0.001601511781
275045	0.0004294947498
275046	0.0008481856555
275047	0.0009645882877
275048	0.001704990871
275049	0.0008129311879
275050	0.002190821089
275051	0.002607586521
275052	0.001019998415
275053	0.0007578290561
275054	0.002462270485
275055	0.000502209458
275056	0.0001092400084
275057	0.001232654113
275058	0.001594257756
275059	0.003529158285
275060	0.0009397618261
275061	2.652025013e-05
275062	0.001419598515
275063	0.0003776378922
275064	0.0005213624152
275065	0.0002099049815
275066	7.532761403e-05
275067	0.0002610846407
275068	0.001054802058
275069	0.0006577111442
275070	0.000369561381
275071	0.0008894616407
275072	0.000818328875
275073	0.0001109815796
275074	0.0001894970695
275075	7.647957813e-05
275076	0.0002359378024
275077	0.0007864732751
275078	0.0005076817083
275079	0.003939634324
275080	0.0008143847701
275081	0.00261444806
275082	0.0006973379949
275083	0.001192974391
275084	0.003161433527
275085	0.004049984928
275086	2.017189982e-07
275087	0.003608993176
275088	0.004137912956
275089	0.003600193201
275090	0.001486083436
275091	0.003525603599
275092	0.003039170641
275093	0.00268278016
275094	0.004947460323
275095	0.002591016596
275096	0.002802064975
275097	0.001070873669
275098	0.00104109447
275099	0.000140905515
275100	0.00146166806
275101	0.0006510545675
275102	0.001869969476
275103	0.0006302098761
275104	0.0019985162
275105	0.0007022787486
275106	0.0006093128301
275107	0.002176644059
275108	0.0002175948825
275109	0.001210830401
275110	0.0006086301682
275111	0.002716668324
275112	0.0007443093967
275113	0.0001677145599
275114	0.0001943119935
275115	0.0003429815772
275116	0.001108390817
275117	0.000862940918
275118	0.0007399754609
275119	0.002592808329
275120	0.001889940176
275121	0.0009126700465
275122	0.001617081641
275123	0.0009182781844
275124	2.311319209e-05
275125	0.0009511834958
275126	0.001469670106
275127	0.001350674504
275128	0.0006220938419
275129	0.0001113373471
275130	0.001218528563
275131	0.001231460246
275132	0.000599721749
275133	0.001128681994
275134	0.0003562748422
275135	0.0005453710165
275136	0.001781197536
275137	0.001537377302
275138	0.000845216813
275139	0.001473122118
275140	0.0006370911607
275141	8.761571247e-05
275142	0.0008289601253
275143	0.001501289567
275144	0.0001814793698
275145	0.0004183791375
275146	0.0005769837637
275147	0.001571084583
275148	0.001054892314
275149	0.0003954531395
275150	0.002506686926
275151	0.0008170496974
275152	0.0001590929312
275153	0.001267754298
275154	0.0007455357585
275155	0.0005158224516
275156	0.001205185534
275157	0.0001758990907
275158	0.00130389759
275159	0.001785013124
275160	0.003691390169
275161	0.002210688305
275162	0.000276501145
275163	0.002340011852
275164	0.0001950246956
275165	0.0009820208797
275166	2.742888034e-05
275167	0.001558317719
275168	0.0002674078934
275169	7.983036357e-05
275170	0.0005982466217
275171	0.0007710544487
275172	0.0002427838072
275173	0.0006251408247
275174	0.0007182493927
275175	0.0002464226308
275176	0.002288333634
275177	0.0003031582455
275178	0.000918546941
275179	0.002887594509
275180	0.001176693142
275181	0.0003656871231
275182	0.0005144139843
275183	0.002871797906
275184	0.003597950555
275185	0.0006663697944
275186	0.001210291365
275187	0.003607534514
275188	0.002409384158
275189	0.001310826801
275190	0.0005624580284
275191	0.003561120858
275192	0.001277581832
275193	0.0004111138812
275194	0.002501933031
275195	0.0004145741555
275196	0.00083463257
275197	0.001582288584
275198	0.0002169650042
275199	0.001479104602
275200	0.0004782637698
275201	0.0007207120912
275202	0.0008398392082
275203	0.001663575873
275204	0.0004664717142
275205	0.0006644651622
275206	0.002460902854
275207	0.001673569595
275208	8.977199256e-05
275209	0.0006381930093
275210	6.082457387e-05
275211	0.0009016241309
275212	0.0004278832851
275213	0.003143054296
275214	0.002705723464
275215	3.588971288e-05
275216	0.001665172294
275217	0.001511144282
275218	0.0006160026553
275219	0.001239082206
275220	0.0009596398737
275221	0.001825502322
275222	0.001380069096
275223	0.0008712942137
275224	0.0001109762644
275225	0.0009930961132
275226	0.001794918117
275227	0.0006925783209
275228	0.0002289539426
275229	0.0002692228723
275230	0.001328356208
275231	0.001941876521
275232	0.0005800134594
275233	0.001363870986
275234	0.001080804573
275235	0.0001060382368
275236	0.002569219973
275237	0.003135984816
275238	0.001239508272
275239	0.0003864385008
275240	0.000534833118
275241	0.001270632913
275242	0.0007167226365
275243	0.001933186221
275244	0.000668984156
275245	0.0002996551574
275246	0.000884655348
275247	0.0002441748031
275248	0.001159243682
275249	0.0001909192399
275250	0.0003736865177
275251	0.002580708272
275252	0.002020757088
275253	0.0006255522746
275254	0.001388870462
275255	0.0007328017133
275256	0.002393201719
275257	0.003518318081
275258	0.00141118748
275259	0.003371623187
275260	0.004176845523
275261	0.001111413379
275262	0.0004952554972
275263	0.0005794007255
275264	0.002018026272
275265	0.002785048336
275266	0.002907251931
275267	0.002849836757
275268	0.00092963764
275269	6.490553582e-05
275270	0.00185513867
275271	0.002952879839
275272	0.002161079331
275273	0.002875288315
275274	0.002097279176
275275	0.001390527032
275276	0.002500335782
275277	0.001317954358
275278	0.001438042259
275279	0.0007687169171
275280	0.002178973069
275281	0.0009795194875
275282	0.0008311198631
275283	0.0007681937741
275284	7.156532463e-05
275285	0.00188830939
275286	0.002688280222
275287	0.001106840605
275288	0.001856430524
275289	0.0001337326045
275290	0.0003122777988
275291	0.004352695017
275292	0.003721058527
275293	0.001857514631
275294	0.002444154788
275295	4.699546152e-05
275296	0.0006852172352
275297	0.0005771462463
275298	0.002150147359
275299	0.001959679096
275300	0.001230914328
275301	0.002176680854
275302	0.002327770055
275303	0.001141935253
275304	0.001784754171
275305	0.001490683237
275306	5.254550622e-05
275307	0.003271764182
275308	0.002372138121
275309	0.001453245718
275310	0.001235605147
275311	0.0009275006889
275312	0.001694410229
275313	0.002517276495
275314	0.001923902875
275315	0.003247908333
275316	0.0008734981797
275317	0.002062282323
275318	6.612124737e-05
275319	0.001510284719
275320	0.001262642975
275321	0.0006483553364
275322	0.0003855651141
275323	0.001315920938
275324	0.001225207824
275325	0.001022813699
275326	0.00148006007
275327	4.384158308e-05
275328	0.001627173233
275329	0.001235428626
275330	0.001166669173
275331	0.0004989573599
275332	0.005291975677
275333	0.005030308045
275334	0.002108618102
275335	0.0009605014336
275336	0.001281169117
275337	0.001297263503
275338	0.0002690181225
275339	0.001138578303
275340	0.0009932529152
275341	0.003199149579
275342	0.0003709236121
275343	0.001633899225
275344	0.0006762965148
275345	0.0004802058912
275346	0.00487198716
275347	0.002424443986
275348	0.0003211723646
275349	0.002751180491
275350	0.001797489869
275351	0.001948726488
275352	0.001627759976
275353	0.0008048753556
275354	0.0005378623612
275355	0.001216798
275356	0.00169550266
275357	0.004095375581
275358	0.0009545408593
275359	0.0009655507215
275360	0.0004637357787
275361	0.001026295605
275362	0.0005673485468
275363	0.002781931747
275364	0.001745094255
275365	0.00150284752
275366	0.002798927607
275367	0.001415736639
275368	0.0003472352668
275369	0.0006351929986
275370	0.0008870740184
275371	0.002153662698
275372	5.201982591e-05
275373	0.00168955291
275374	0.00133379633
275375	0.00354515888
275376	0.0009102166779
275377	0.0009709735438
275378	3.939075134e-05
275379	0.0003581106083
275380	0.001619215185
275381	0.0006357732945
275382	0.004162238847
275383	0.002264035876
275384	0.00156365359
275385	0.002330962229
275386	0.001080781906
275387	0.001022887371
275388	0.001066302874
275389	0.0009309700212
275390	0.001173620969
275391	0.001592146718
275392	0.00103564155
275393	0.002157376902
275394	0.0005364081937
275395	0.0009110706766
275396	0.002882315565
275397	0.0007967527493
275398	0.0008079280763
275399	0.0001096670151
275400	0.001042661
275401	0.0007220470572
275402	0.0009586033152
275403	0.001611349182
275404	0.0006381851612
275405	0.002387835932
275406	0.001335434545
275407	0.001971051597
275408	8.81182774e-05
275409	0.0007693508552
275410	0.002670110549
275411	0.000681803987
275412	0.001412673736
275413	0.000131304787
275414	0.0008594154439
275415	0.001883746411
275416	0.002076102866
275417	0.000175548427
275418	0.003535332754
275419	0.0004813815995
275420	0.001042823178
275421	0.0002453300493
275422	0.001484816662
275423	0.0008329510298
275424	0.001703068471
275425	0.0004636964301
275426	0.0007067715366
275427	0.0004457384954
275428	0.0008630738469
275429	0.0009292988028
275430	0.002656889931
275431	0.001861320512
275432	0.002541272428
275433	0.003106709815
275434	0.001693856219
275435	0.001873316826
275436	0.001260470559
275437	2.099342945e-05
275438	8.631442759e-05
275439	0.002110904617
275440	0.0009117455745
275441	0.001538606017
275442	0.0004042525037
275443	0.0001847203917
275444	0.001603276716
275445	0.0005370189919
275446	0.002040581852
275447	0.001702609983
275448	0.0005288399174
275449	0.001689869815
275450	0.001005921228
275451	0.0003825769082
275452	0.0008834879211
275453	0.001262896493
275454	4.115128139e-05
275455	0.0003621632932
275456	0.0002336473108
275457	0.0004516149609
275458	0.002527261045
275459	0.0004888010705
275460	0.0004739440527
275461	0.001744551432
275462	0.0007725868577
275463	0.0006361567429
275464	0.001000264875
275465	0.00151143184
275466	0.0001881448746
275467	0.000531727745
275468	0.004152803143
275469	0.003226773435
275470	1.153378381e-05
275471	0.0005902440783
275472	0.002543029418
275473	0.0006667996743
275474	0.000417340696
275475	3.318177571e-05
275476	0.0005829957833
275477	0.0001021249562
275478	0.001378201747
275479	0.0003069927057
275480	5.054401888e-05
275481	0.001196094359
275482	0.0008893866355
275483	0.000278720153
275484	6.554483314e-06
275485	0.00171820683
275486	0.0005096999806
275487	0.0008869646566
275488	0.001181525276
275489	0.001360975872
275490	0
275491	0.001977780443
275492	0.0002508335856
275493	0.0005862058588
275494	0.0009014958907
275495	0.001433436213
275496	0.001183259055
275497	0.004949383569
275498	0.0006902159894
275499	0.00126577786
275500	0.001298438493
275501	0.005783979716
275502	0.0008054659799
275503	0.001204471268
275504	0.00354371188
275505	5.367629135e-05
275506	0.000125837839
275507	0.001804476407
275508	0.001071697262
275509	0.0007435003624
275510	0.0008162637891
275511	0.002131968215
275512	0.003020057047
275513	0.001207141436
275514	0.001368434576
275515	0.0001797643868
275516	0.00234643389
275517	0.0002243184012
275518	0.00131958104
275519	0.0004520419491
275520	0.0003813469507
275521	0.001124434437
275522	0.0012528094
275523	0.003793027489
275524	0.0003066203226
275525	0.002686448144
275526	0.002554156223
275527	0.0005691562928
275528	0.001644488014
275529	0.001613550368
275530	0.001095206444
275531	0.0003794424636
275532	0.0004328833484
275533	0.001873056287
275534	0.002774462215
275535	0.002584801164
275536	0.0002578483279
275537	0.001229969416
275538	0.0006162851314
275539	0.002357512469
275540	0.001422677311
275541	0.001558963702
275542	0.0007145902979
275543	0.002566509674
275544	0.001582048013
275545	0.000466543981
275546	0.0006809861595
275547	0.001349328359
275548	0.001064544472
275549	0.001241757368
275550	0.002827959716
275551	0.001633616577
275552	0.0001689133391
275553	0.0001747198153
275554	0.00156404222
275555	0.0007108470821
275556	0.0001543054384
275557	0.001206299336
275558	0.002381572814
275559	0.0005722397568
275560	0.002465709216
275561	0.00237884136
275562	0.002006084217
275563	0.002226207929
275564	0.00127452126
275565	0.002161681787
275566	0.0002295432284
275567	0.002009471436
275568	0.001995405286
275569	0.0001470866063
275570	0.001106129075
275571	1.471900704e-05
275572	0.002054946175
275573	0.0005623704746
275574	0.00159679475
275575	0.0005532057999
275576	0.0002811387355
275577	0.003110766691
275578	0.0003274572438
275579	0.004081804173
275580	0.0008467825534
275581	0.003181944089
275582	0.0007524009033
275583	0.001112740806
275584	0.0002680940343
275585	0.001212768172
275586	0.0001818192525
275587	0.001455798506
275588	0.0007107105781
275589	0.002068878799
275590	0.001411920213
275591	2.454717848e-05
275592	0.004330469433
275593	0.0005596092189
275594	0.001768795034
275595	5.082197481e-05
275596	5.587744974e-05
275597	0.0007625391094
275598	0.002084964583
275599	0.0008455670479
275600	0.0004040771351
275601	0.001453024096
275602	0.002014936513
275603	0.003160543549
275604	8.787812616e-05
275605	0.002864622517
275606	0.0009717092007
275607	0.001161486893
275608	0.0006551110365
275609	0.002548377669
275610	0.003140491725
275611	0.0001374305611
275612	0.002302651358
275613	0.00177068343
275614	0.00139770441
275615	0.001628065036
275616	0.0003778621593
275617	0.00173447373
275618	0.000989195087
275619	0.0004386611999
275620	0.0003955251043
275621	0.001880622598
275622	0.0005721300565
275623	0.00108277105
275624	0.00173955506
275625	0.001794391204
275626	0.001799726798
275627	0.001632880686
275628	0.0009916568933
275629	0.001728534121
275630	0.001146132952
275631	0.001038092074
275632	0.000835065968
275633	0.0007445171902
275634	0.001372249727
275635	0.001634899484
275636	0.001815916777
275637	0.00141155042
275638	0.001805353937
275639	0.0001110217548
275640	0.00210618277
275641	0.002556682106
275642	0.002990803396
275643	0.001417111303
275644	0.002389027143
275645	0.001285117825
275646	0.000712919918
275647	0.001731592136
275648	0.003014059181
275649	0.001444621657
275650	0.001448416478
275651	0.0002402262223
275652	0.001543306746
275653	0.0004326646742
275654	0.001251189981
275655	0.002373308416
275656	0.0005333166064
275657	0.0009225429697
275658	0.001804928937
275659	0.0007860402762
275660	0.0003652657403
275661	0.001973290987
275662	0.002005710371
275663	0.001928043653
275664	0.0008559137321
275665	0.001233902546
275666	0.002173807068
275667	0.003298674967
275668	0.001590425349
275669	0.001625319057
275670	0.002319818028
275671	0.0007266307504
275672	0.001049925935
275673	0.002632837401
275674	0.001201122435
275675	0.0002727754584
275676	0.0007778275691
275677	0.0002714852196
275678	0.002400085539
275679	0.001091485281
275680	0.00301219858
275681	8.082333155e-05
275682	0.0002694484552
275683	0.0002138588531
275684	0.003455055858
275685	0.001970362717
275686	0.0003819696559
275687	0.0004269792952
275688	0.002393174681
275689	0.0009716520779
275690	0.0007526466231
275691	0.002340962149
275692	0.0001908943154
275693	0.0008717108811
275694	0.0006191096499
275695	0.0009156665669
275696	0.000738984883
275697	0.001837150253
275698	0.00246822719
275699	0.002444644992
275700	0.001484951667
275701	0.0003647888683
275702	0.0008855811907
275703	0.004092488076
275704	0.001010699053
275705	0.00173889405
275706	0.0005020856694
275707	1.334688571e-05
275708	0.001722275168
275709	0.000664827429
275710	0.0009530812021
275711	0.0002570297317
275712	0.001602028513
275713	0.00114724125
275714	0.0001590974938
275715	0.0006795131511
275716	0.0002475815575
275717	0.001805435569
275718	0.0006002822502
275719	0.000289546743
275720	0.001450746394
275721	0.0003858695681
275722	0.002046618192
275723	0.002546265791
275724	0.001773743953
275725	7.956830048e-05
275726	0.002550657343
275727	0.0004343903675
275728	0.0002964320575
275729	0.0007251626356
275730	0.000383684025
275731	0.001101479891
275732	0.001129600093
275733	0.001412652952
275734	0.001171638999
275735	4.289312259e-05
275736	0.000541543707
275737	0.000587365898
275738	0.001817330234
275739	0.002795128258
275740	0.002141132213
275741	0.0007026118319
275742	0.001978377371
275743	0.0006155330104
275744	0.003275286553
275745	0.002171395284
275746	0.001740613332
275747	0.001364311032
275748	0.003189388567
275749	0.0009067254971
275750	0.002167714579
275751	0.003336217942
275752	9.160778402e-06
275753	0.001766385959
275754	0.003341666796
275755	0.0005368815476
275756	0.0006087569694
275757	6.333462881e-05
275758	0.0006032858169
275759	0.001567856118
275760	1.328993523e-05
275761	0.0009797686641
275762	0.00230501903
275763	0.0003360129468
275764	0.0006646584631
275765	0.001120176424
275766	0.001579255691
275767	0.000687824757
275768	0.000222988735
275769	0.0001587875578
275770	0.001005344699
275771	0.00139093768
275772	0.0006329840779
275773	0.001414328063
275774	5.665792319e-05
275775	0.003248203192
275776	0.002067708267
275777	0.0009529958795
275778	0.0005227764375
275779	0.002219893328
275780	0.0006862486151
275781	0.0007500250297
275782	0.002627214429
275783	0.001368998797
275784	0.000643858088
275785	0.0001614557029
275786	0.0001807871734
275787	0.003045684204
275788	0.0003037705575
275789	0.004581710845
275790	0.002319279959
275791	0.0005987981135
275792	0.001811772649
275793	0.001235397248
275794	0.0008524976306
275795	0.002416989676
275796	0.0006439017059
275797	9.519669455e-05
275798	0.001396898591
275799	0.001471502606
275800	0.0001670392614
275801	0.00114700185
275802	0.0001872980009
275803	0.001706436593
275804	0.001273376289
275805	0.0004545729417
275806	0.001347587212
275807	0.00280170825
275808	0.001731509291
275809	0.003381049863
275810	0.003009735527
275811	0.001530303311
275812	0.00300188402
275813	0.002120968914
275814	0.000201635864
275815	0.0008464780983
275816	0.001386818363
275817	4.447587921e-05
275818	0.000335493607
275819	0.00116571682
275820	0.0004308468174
275821	0.0006346264219
275822	0.002418923304
275823	0.002643915542
275824	0.003397720338
275825	0.002404986267
275826	6.159382838e-05
275827	0.001168161491
275828	0.0001656759795
275829	0.000342157817
275830	0.0008115820166
275831	0.000515651003
275832	0.0003467769592
275833	0.0019168186
275834	0.0007281321149
275835	0.001603261168
275836	0.0006976097989
275837	0.0003537415218
275838	0.001313725608
275839	0.001146947819
275840	0.001873361013
275841	0.001004699672
275842	0.0005176180248
275843	0.00257937109
275844	0.001436235064
275845	0.0006991099489
275846	0.001263768848
275847	0.001119602126
275848	0.001904318514
275849	4.022938703e-05
275850	0.0005389688153
275851	0.0001766409254
275852	0.001750079537
275853	0.001080055775
275854	0.0001429156509
275855	0.0008442841734
275856	0.0004571838658
275857	0.00500612284
275858	0.001997400403
275859	0.00020022933
275860	0.0008876015361
275861	0.002250342432
275862	0.004581174009
275863	0.002754186421
275864	0.003276669062
275865	0.002332716393
275866	0.000191950326
275867	0.002114063974
275868	0.004928254001
275869	0.0004985735883
275870	0.001354715247
275871	0.0008158442381
275872	0.001185160031
275873	0.0009257136438
275874	0
275875	0.001083273843
275876	0.001371808414
275877	0.001702256583
275878	0.0009156911144
275879	0.002199706055
275880	8.402410824e-05
275881	0.001589070378
275882	0.001116124925
275883	0.002075550808
275884	0.002182284859
275885	0.0005612442758
275886	0.0004784915715
275887	0.0007417257133
275888	0.003409067408
275889	0.002441748211
275890	0.00130785546
275891	0.001275527809
275892	0.0002590912506
275893	0.0008451073344
275894	0.0007859608038
275895	0.0002138492024
275896	0.0007065505803
275897	0.0008185599912
275898	0.0008508808209
275899	0.001344501695
275900	0.002986933689
275901	0.001447685098
275902	0.001175951798
275903	0.004596527916
275904	0.0005767376396
275905	0.001269806334
275906	0.0006546973657
275907	0.0001575823158
275908	0.001992589017
275909	8.642742376e-05
275910	0.001592059389
275911	0.00109949822
275912	0.001317778158
275913	0.002478092227
275914	0.001979687094
275915	0.001246433391
275916	0.0004039608475
275917	0.001682955549
275918	0.001837242745
275919	0.0008011930516
275920	0.0008611859236
275921	0.002326076294
275922	0.001325781191
275923	0.001446464803
275924	0.00214565281
275925	0.0008348960609
275926	0.001071230553
275927	0.0006135498991
275928	0.001750912089
275929	0.0005428771449
275930	2.37437286e-05
275931	0.002170439538
275932	0.001733015318
275933	0.0003509136262
275934	0.001839720983
275935	0.0008816155368
275936	0.0007474793356
275937	0.0004215626497
275938	0.00021129887
275939	0.001100184321
275940	0.0006513722341
275941	0.0006361288219
275942	0.002601070097
275943	0.0001243639656
275944	0.0005623969129
275945	0.002839193741
275946	0.001138793039
275947	0.0007383227415
275948	0.00369366226
275949	0.001187930171
275950	0.0007272322689
275951	0.003643215968
275952	0.0005300775098
275953	0.002307966164
275954	0.003173065553
275955	0.001748428492
275956	0.00192591621
275957	0.0001222032142
275958	2.377710797e-05
275959	0.002241152937
275960	0.0007769655865
275961	7.932959673e-05
275962	0.003793216698
275963	0.0001832463872
275964	0.004431365329
275965	0.0005266870524
275966	0.00201200934
275967	0.001277559463
275968	0.001349058689
275969	0.001364274815
275970	0.002733277202
275971	0.001706235679
275972	0.002460063404
275973	0.0001985050786
275974	0.0009919319744
275975	0.001808029806
275976	0.002351785677
275977	0.0008647906685
275978	0.001461488584
275979	0.0006981863818
275980	0.001632891123
275981	0.0009445261872
275982	0.000716394676
275983	0.001246092904
275984	0.001458598393
275985	0.0008956403278
275986	0.0017675259
275987	0.001013659046
275988	0.0004371543375
275989	0.003716477868
275990	0.003461995793
275991	0.001346472841
275992	0.001497728686
275993	0.002096645708
275994	0.00100348147
275995	0.0006589763586
275996	0.002468895283
275997	0.0008655132924
275998	1.195584328e-05
275999	0.0003947242333
276000	0.0001114054708
276001	0.0007191153919
276002	0.0008474967143
276003	0.000766656649
276004	0.007948121768
276005	0.001887192384
276006	0.0009424483619
276007	4.572601704e-05
276008	0.002164297606
276009	0.002405392199
276010	0.001968276499
276011	0.001158774344
276012	0.0008446335055
276013	0.00252096014
276014	0.001051329726
276015	0.001954833274
276016	0.003365510539
276017	0.001041441581
276018	0.001159026384
276019	0.002874665793
276020	0.00134095302
276021	0.001766980745
276022	0.00244279569
276023	0.001559308427
276024	0.001489831965
276025	0.00346680054
276026	0.001706877938
276027	0.0008310684639
276028	0.003461913818
276029	0.001617508914
276030	0.002124276474
276031	0.002864079558
276032	0.000874581083
276033	0.001403148611
276034	0.0003996314675
276035	0.0005330078573
276036	0.001342576591
276037	0.002657192874
276038	0.002527597679
276039	0.0003837405119
276040	0.001377041562
276041	0.0007068009411
276042	0.001575862747
276043	0.00054284497
276044	0.000924840221
276045	0.00108851979
276046	0.0008785254719
276047	0.001658220895
276048	0.0008987419085
276049	0.0005219113111
276050	0.0002552101731
276051	0.0001606535788
276052	0.0003784820414
276053	0.0005327903451
276054	0.0009318308528
276055	0.00144920027
276056	0.001063195501
276057	3.581726472e-05
276058	8.773058503e-05
276059	0.0002259539738
276060	0.0004421238523
276061	0.00106953884
276062	0.00120848167
276063	0.001071799272
276064	3.715882195e-05
276065	0.001910303418
276066	0.001172694494
276067	0.003341790673
276068	0.002185541216
276069	0.0002259848814
276070	0.00224335468
276071	0.003402104972
276072	0.00530809888
276073	0.001661552827
276074	0.002470520384
276075	0.0006052240087
276076	0.001158321817
276077	0.000491943939
276078	0.001307369458
276079	0.001998916114
276080	5.248647431e-05
276081	0.00170994318
276082	0.00105148816
276083	0.001711074534
276084	0.0002230178125
276085	0.001755718271
276086	0.001467724842
276087	0.0002311034215
276088	0.003995623843
276089	0.002034673984
276090	0.001327996955
276091	0.001720860255
276092	0.0006735862756
276093	0.0005929127011
276094	0.00029616269
276095	0.0001369220651
276096	0.001336105123
276097	0.0003434028668
276098	0.001411009863
276099	0.0004826426058
276100	0.001431739608
276101	0.001072060385
276102	0.003071255903
276103	0.000553227201
276104	0.001643797902
276105	0.0005208034206
276106	0.002424571353
276107	0.001089555756
276108	0.00100856106
276109	0.001229056347
276110	0.0002186275052
276111	0.002596246603
276112	0.00457932575
276113	0.002161481263
276114	0.001332718802
276115	0.003642792698
276116	0.003171377837
276117	8.552601118e-05
276118	0.005159496565
276119	0.004214937565
276120	0.00378208705
276121	0.001447683291
276122	0.0006359041566
276123	0.001358000379
276124	0.0008324442187
276125	0.0008433228183
276126	0.003064055892
276127	0.001769022586
276128	0.000160957263
276129	0.0002395811882
276130	0.00148283589
276131	0.001291184546
276132	0.001091223384
276133	0.0004582337875
276134	5.446722967e-05
276135	0.0001415995647
276136	0.002674408803
276137	0.0002621191797
276138	0.000447955321
276139	0.001254097817
276140	8.430432824e-05
276141	0.000331537784
276142	0.002928900799
276143	0.001070948675
276144	0.0008122778431
276145	0.004101063387
276146	0.0001309616759
276147	0.0008014340003
276148	0.0005494662744
276149	0.002640041096
276150	0.000225514852
276151	0.002203947957
276152	0.0002518501658
276153	0.0004687538047
276154	0.0004005395087
276155	0.001704369128
276156	0.002817187467
276157	0.001258755589
276158	0.0007548315586
276159	0.001985737033
276160	0.001545654963
276161	0.007831962409
276162	0.004010404775
276163	0.0006471347342
276164	0.0011996589
276165	0.002295152313
276166	0.003791597508
276167	0.001575740396
276168	0.002493136486
276169	0.001298083864
276170	0.001578186881
276171	0.001194650325
276172	0.001270033195
276173	0.001634769967
276174	0.003150578902
276175	0.0008010600122
276176	0.002533918215
276177	2.337743246e-05
276178	0.001932710798
276179	0.0003606059502
276180	0.001347272498
276181	0.0003978640257
276182	0.0003090699898
276183	0.001621954358
276184	0.002067610371
276185	0.0006874925333
276186	0.0008473012173
276187	0.0003327275238
276188	0.001334419255
276189	0.002536303676
276190	0.001660241409
276191	0.0003981960692
276192	0.0009089334726
276193	0.0008790941015
276194	0.0001126131417
276195	0.002051708242
276196	0.0006300779556
276197	0.001085735248
276198	0.0006127770442
276199	0.002349491989
276200	0.0004473839707
276201	0.001366367588
276202	0.001669648426
276203	0.002273806316
276204	0.0003923567036
276205	0.0006878514138
276206	0.00144228984
276207	0.0008317735209
276208	0.003254463766
276209	0.0008842806387
276210	0.001195405053
276211	4.835981552e-06
276212	0.001922785968
276213	0.001717133013
276214	0.003215967141
276215	0.002526752776
276216	0.002183010228
276217	0.0008925430302
276218	0.0004366488194
276219	0.001399302723
276220	0.002356574887
276221	0.000525147191
276222	0.0004371003533
276223	0.0001288912325
276224	0.0002573821843
276225	0.002426412916
276226	0.0001440492583
276227	0.0006417316573
276228	0.0004625549033
276229	0.0006223695739
276230	0.0004814609531
276231	0.0007717786019
276232	0.001267848398
276233	4.507982329e-08
276234	0.002324931288
276235	0.001399165341
276236	0.003063190807
276237	0.0019013972
276238	0.0009246169049
276239	0.001876601842
276240	0.0001200568794
276241	0.002102687275
276242	0
276243	0.001597412343
276244	0.003457812969
276245	0.001420769548
276246	0.001062734289
276247	0.0005256111021
276248	0.001849343479
276249	0.0004674835577
276250	0.0001674481372
276251	0.002390017419
276252	0.002225022316
276253	0.0007661867847
276254	0.0004055291169
276255	0.001019424981
276256	9.123940465e-05
276257	0.000966547402
276258	0.001623540701
276259	0.0008014456557
276260	0.0007231328962
276261	0.000201606277
276262	0.001953180478
276263	0.00116931132
276264	0.00065116619
276265	0.0004615004524
276266	0.0002983575269
276267	0.001063120464
276268	0.0004228517092
276269	0.0009424371911
276270	0.001945547031
276271	1.808458989e-05
276272	0.0009315001761
276273	0.0007828025081
276274	0.0007163640853
276275	0.0008879120881
276276	0.001782124948
276277	0.001960984247
276278	0.0005730119851
276279	0.000460644979
276280	0.002046406541
276281	0.003375069379
276282	0.004558676795
276283	0.003625695386
276284	0.0007553713665
276285	0.0003144353582
276286	0.003472600232
276287	0.001080235858
276288	0.002986549679
276289	0.001580137838
276290	0.004210928631
276291	0.001923692404
276292	0.001680382096
276293	0.001734042476
276294	0.0008447825828
276295	0.0007894020222
276296	0.0001975335868
276297	0.0008814554046
276298	0.0005730303245
276299	1.105216622e-08
276300	0.001051800842
276301	0.004910252619
276302	0.001436436748
276303	0.001515860581
276304	0.000291819529
276305	0.00216204223
276306	0.001400825349
276307	0.000268233258
276308	0.0007354584623
276309	0.001343507793
276310	0.0006007525588
276311	4.611508636e-05
276312	0.004147500705
276313	0.0006233430191
276314	0.0005638312306
276315	0.001520703283
276316	0.0003021125095
276317	0.004104666865
276318	0.0004947190717
276319	0.004725593719
276320	0.002941681183
276321	0.0006195131849
276322	0.002150763639
276323	0.0006090115317
276324	0.0003487948026
276325	0.000248024874
276326	0.002567550723
276327	0.003978164484
276328	0.004521513226
276329	0.002226317714
276330	0.00127945775
276331	0.0005091219108
276332	0.003229176485
276333	0.0009955806948
276334	0.002021714992
276335	0.0008001330546
276336	0.00233764141
276337	0
276338	0.0009060983863
276339	0.0004850139322
276340	0.002595470332
276341	4.51467862e-06
276342	0.0007030013836
276343	0.003988868841
276344	0.000342347277
276345	0.000133456139
276346	0.001724536184
276347	7.462423981e-05
276348	0.001280410917
276349	0.002015431292
276350	0.002178683237
276351	0.001778328635
276352	0.004310431182
276353	0.0007964962741
276354	0.001287183391
276355	0.002104498753
276356	0.000904918409
276357	0.002604792716
276358	0.001645493428
276359	0.001773277407
276360	0.002734838799
276361	0.0009169901077
276362	0.0008477851345
276363	0.003055476798
276364	0.002117478122
276365	0.001434000799
276366	0.001278139195
276367	0.0003656301685
276368	0.001634049253
276369	0.0003183587613
276370	0.002831399165
276371	0.003207210737
276372	0.003886791159
276373	0.00532339401
276374	0.001576451666
276375	0.001759003727
276376	0.003373504772
276377	0.003058452311
276378	0.001106736942
276379	0.000937096429
276380	0.0004490341358
276381	0.0008934712744
276382	0.0003361314221
276383	0.0002972197902
276384	0.001104697566
276385	0.0004676094896
276386	0.0003615351044
276387	0.001138984279
276388	0.001444509511
276389	0.001136398185
276390	0.00154697872
276391	0.001108775246
276392	0.001409869186
276393	0.004798373213
276394	0.002584157445
276395	0.0002616076318
276396	0.001891327193
276397	0.001588255533
276398	1.224904964e-05
276399	0.002166623124
276400	0.00184796087
276401	6.941260228e-05
276402	0.0002031111271
276403	0.0004932474241
276404	0.00311118197
276405	0.001903006323
276406	0.002747504721
276407	0.001348734602
276408	0.001576275631
276409	0.001369389528
276410	0.001244160404
276411	0.0004181836868
276412	0.0002525557655
276413	0.0007898511444
276414	8.477657045e-05
276415	0.001549426921
276416	0.002765618567
276417	0.001818133849
276418	0.002517736156
276419	0.002513423924
276420	0.002431908842
276421	0.0008779484051
276422	0.002703945297
276423	0.003047003687
276424	0.0003891471325
276425	0.0006650581116
276426	0.002491402863
276427	0.001761257349
276428	0.0005295301969
276429	0.001079834767
276430	0.001079789647
276431	0.00234496908
276432	0.0003803774777
276433	0.002613444318
276434	0.003853783726
276435	0.003027244256
276436	0.002327227668
276437	0.002466936697
276438	0.001315243784
276439	0.003239126415
276440	0.0007611141263
276441	0.002796641678
276442	0.002710937796
276443	0.0001516100381
276444	0.001242352341
276445	0.0004574369792
276446	0.003134106745
276447	0.001052265494
276448	0.0009392300804
276449	0.0001657979138
276450	0.003633459779
276451	0.0003436752316
276452	0.0004440342218
276453	0.001124039876
276454	0.0009202528182
276455	0.0008522747874
276456	0.002193520906
276457	0.0010650822
276458	0.001092083895
276459	0.000546361296
276460	0.0004525144622
276461	0.003569973204
276462	0.003535477871
276463	0.0002231400782
276464	0.001072048967
276465	0.001198815819
276466	0.000194942239
276467	0.0002830162102
276468	0.002417388018
276469	0.0005663609436
276470	0.0008770206469
276471	0.00157099379
276472	0.001738242216
276473	0.0008207678897
276474	0.002844009675
276475	0.0003612564668
276476	0.0007114759297
276477	0.0009272310705
276478	0.0001905989965
276479	0.0004305426032
276480	0.001694028673
276481	0.001438257968
276482	0.0005323588857
276483	0.001506662925
276484	0.0008256732927
276485	0.0005074179914
276486	0.0004071027589
276487	0.001331889539
276488	0.001784557663
276489	0.0002600551972
276490	0.0009117539727
276491	0.001029475878
276492	0.00133117663
276493	0.000167501712
276494	0.001929661119
276495	0.0006056017118
276496	0.0003056770833
276497	0.0007895668042
276498	3.442716163e-05
276499	0.00105310749
276500	0.001582365137
276501	0.002068407914
276502	0.0005121839116
276503	0.0003868183675
276504	0.007606438111
276505	0.003042622836
276506	0.001482516431
276507	0.00129977429
276508	6.831547122e-05
276509	0.0003749801257
276510	0.002374027221
276511	0.003001906809
276512	0.0008236073491
276513	0.0003569357169
276514	0.00062964369
276515	0.002742741844
276516	0.001359068929
276517	0.0007987958286
276518	0.001508950776
276519	0.000358816106
276520	0.001504531657
276521	0.001808403683
276522	0.002144204781
276523	0.0002531063848
276524	0.001209744211
276525	0.001454049505
276526	0.0004694796733
276527	0.001527972503
276528	0.001774776483
276529	0.001702740538
276530	0.00230812279
276531	0.0009442316624
276532	0.001588029494
276533	0.001874135285
276534	0.001109231862
276535	0.0005245948275
276536	0.001109901679
276537	0.0002526292115
276538	0.002228287841
276539	0.0002019204981
276540	0.001343188888
276541	0.0007446703957
276542	0.002347745801
276543	2.525496815e-05
276544	0.0001637112159
276545	0.002630809142
276546	0.003904671712
276547	0.001926538214
276548	0.001578821056
276549	0.0006215621954
276550	0.001550332652
276551	0.0007351598082
276552	0.00280697966
276553	0.0001497452827
276554	0.00254808042
276555	0.002093718657
276556	0.0028964671
276557	8.716649865e-05
276558	0.002175456266
276559	5.692572536e-06
276560	0.000321174752
276561	0.0005031280478
276562	0.0006858230724
276563	0.00262209521
276564	0.002486024998
276565	0.000450334429
276566	0.001356101311
276567	0.0001659770126
276568	0.005337341945
276569	0.002783045385
276570	0.00109776594
276571	0.0001513263734
276572	0.0005784521688
276573	0.001595667147
276574	0.0006286542456
276575	0.001336056701
276576	0.0003663407325
276577	0.0009135515742
276578	0.002208241398
276579	0.001808372725
276580	0.0005016519704
276581	0.001067000484
276582	0.002284684448
276583	0.0009626940411
276584	0.0004088127164
276585	0.002611991635
276586	0.0001361576339
276587	0.003526881073
276588	0.0006927966743
276589	0.000230931665
276590	0.001495135521
276591	0.0006148666191
276592	4.201933303e-06
276593	0.002556592943
276594	0.002955358363
276595	0.0004659414989
276596	0.0004791396375
276597	0.002472827454
276598	0.0009799273072
276599	0.001626260297
276600	0.000130817036
276601	0.0006795553229
276602	0.0003264623493
276603	1.99568964e-05
276604	0.0004284335169
276605	0.002318552737
276606	0.000474831434
276607	0.001079750412
276608	0.001068894739
276609	0.001660333857
276610	0.0009590203045
276611	0.0016406264
276612	0.001481198208
276613	0.0003411167022
276614	0.0003028777026
276615	0.0002670150916
276616	0.0008515067724
276617	0.0007580934336
276618	0.0006282651507
276619	0.0005725348554
276620	0.0009326399473
276621	0.0006746408166
276622	0.0009613109168
276623	0.0009078510019
276624	0.0001070370368
276625	0.004764452894
276626	0.001331709701
276627	0.000483796011
276628	0.001236361958
276629	0.001276323342
276630	0.0001022706833
276631	0.0002647722717
276632	0.0004926016757
276633	0.002255361953
276634	0.000642059257
276635	0.001942765009
276636	0.0001422830908
276637	0.0002783798867
276638	0.0005684286301
276639	0.0003965319828
276640	0.001921391769
276641	8.862261551e-05
276642	0.0007650471624
276643	0.0002936413387
276644	0.0006717740692
276645	0.001277622706
276646	0.001227901655
276647	0.0003893035025
276648	0.001164862904
276649	0.0007798568866
276650	0.003333128483
276651	0.002574841452
276652	0.0037387406
276653	0.0008433091061
276654	0.000651430502
276655	0.001029801533
276656	0.00100893147
276657	0.0003627818228
276658	0.000486549512
276659	0.00022031798
276660	0.003941360888
276661	0.001234066555
276662	0.000260110638
276663	0.001949015891
276664	0.0006594777553
276665	0.001039214494
276666	0.001009281025
276667	0.001334595907
276668	0.0003404190382
276669	0.0007488679848
276670	0.0007117074423
276671	0.000651070969
276672	0.0008564136336
276673	0.0004500428787
276674	0.002140250652
276675	0.001771506579
276676	7.729474821e-06
276677	0.001885019858
276678	0.001577712954
276679	0.002474903079
276680	0.001094096894
276681	0.002837082035
276682	0.0006391359859
276683	0.0005490520254
276684	0.001285065018
276685	8.710083599e-05
276686	0.0006394416005
276687	0.001029830235
276688	0.002154577167
276689	0.001076687361
276690	0.00112755288
276691	0.001918700286
276692	0.0002340385319
276693	0.0002167075377
276694	0.000940056325
276695	0.0004962964239
276696	0.0005371257057
276697	4.278627448e-05
276698	0.0008078523462
276699	0.0001957413527
276700	0.0001909586719
276701	0.0005449136046
276702	0.002621550208
276703	0.001794976219
276704	0.0004361050644
276705	0.00266841475
276706	0.0002778342888
276707	0.0009960636875
276708	0.0002482546829
276709	0.004112111058
276710	0.0006232657463
276711	0.002244927389
276712	0.002935943036
276713	0.001517852946
276714	0.0009151476457
276715	0.002131505062
276716	0.001503508278
276717	0.0001819865824
276718	0.0001405586112
276719	0.0003515649913
276720	0.0009140358126
276721	0.0004232317136
276722	0.00199817232
276723	0.001246689687
276724	0.001155318015
276725	0.0001696619607
276726	0.0009413631354
276727	0.00120088971
276728	0.0003077573734
276729	0.0002939429592
276730	0.004085995575
276731	0.003521859418
276732	0.0008730218429
276733	0.000995555842
276734	0.0002782211594
276735	0.001455647897
276736	0.002122636446
276737	0.0006622476751
276738	0.002579349086
276739	0.001215903874
276740	0.001287919556
276741	0.0007168312702
276742	0.0005270859824
276743	0.0008150985114
276744	0.001837202783
276745	0.001487744324
276746	0.0005356956588
276747	0.001097032464
276748	0.00181987517
276749	0.00037861362
276750	0.002793699945
276751	0.0008795301015
276752	0.0009221960764
276753	0
276754	0.001592241325
276755	0.002962883713
276756	0.001511660184
276757	0.001710640233
276758	0.0003235614236
276759	0.002416306773
276760	0.000447091906
276761	0.0009633642493
276762	0.001867285379
276763	0.0001624747466
276764	0.0004590411448
276765	2.923014021e-05
276766	0.003931418469
276767	0.001806082172
276768	0.0009898294862
276769	0.001078051435
276770	0.0009104419497
276771	0.000562640471
276772	0.003797434184
276773	0.002104127144
276774	0.0003394300781
276775	0.004247138615
276776	0.00106751812
276777	0.004091378761
276778	0.003278781839
276779	0.001039951779
276780	0.002255108015
276781	0.0016169582
276782	0.002547198473
276783	0.0001119078452
276784	0.001427308603
276785	0.003018059593
276786	0.000382604602
276787	0.002857575262
276788	9.370722323e-05
276789	0.002649451347
276790	0.000581135821
276791	0.00382430353
276792	0.0008987604705
276793	0.0001725963508
276794	0.0005287374575
276795	0.0004379230711
276796	0.001149778442
276797	0.002022013627
276798	0.0001981480211
276799	0.00105630199
276800	0.0005545173148
276801	0.002379689258
276802	0.0007486506844
276803	0.0002314268724
276804	0.001816204159
276805	0.0007001863047
276806	0.001490187924
276807	0.002264240202
276808	0.0009147638264
276809	0.00114362494
276810	0.0003039935421
276811	0.000669876748
276812	0.0005119187735
276813	4.178909459e-05
276814	0.0003884564261
276815	8.785938369e-05
276816	0.0003898179811
276817	0.0009137517017
276818	0.0006399626186
276819	0.0004486182586
276820	0.0002179852725
276821	5.008367076e-05
276822	0.001052061368
276823	0.002076323826
276824	0.0002702757275
276825	0.002385685187
276826	0.0005172216414
276827	0.003338034234
276828	0.002314139452
276829	0.00167377206
276830	0.0009209081478
276831	0.002192423678
276832	9.436335293e-05
276833	9.607629522e-05
276834	0.004425385804
276835	0.003655528661
276836	0.0007342589861
276837	0.0007281031696
276838	0.003553980321
276839	0.002852357803
276840	0.0002634921753
276841	0.0004252153752
276842	0.0006134255686
276843	0.0002797352597
276844	0.002166774079
276845	0.0005863644458
276846	0.000919639611
276847	0.00117776022
276848	0.002016483545
276849	0.0008370052121
276850	0.001950876614
276851	0.002049552134
276852	0.001215288935
276853	0.0050186362
276854	0.0004285311396
276855	0.002514264979
276856	0.002494864388
276857	0.0007757178118
276858	0.002378997315
276859	0.0006654500732
276860	0.002353667677
276861	0.0001352839052
276862	0.0002279057502
276863	0.001125144323
276864	0.0004002643981
276865	0.0003877704072
276866	0.004937051259
276867	0.0004267728795
276868	0.001628047739
276869	0.000354775893
276870	0.002546345058
276871	0.0003194233526
276872	0.0006427111505
276873	0.001209634755
276874	0.002326192481
276875	0.0008374616046
276876	0.001230166898
276877	0.001150313394
276878	0.000527570151
276879	0.0002493302502
276880	0.001716842269
276881	0.0007969546467
276882	0.005915472038
276883	0.004552340842
276884	0.001826688317
276885	0.001358935965
276886	0.001779786364
276887	1.686068507e-05
276888	0.003249367662
276889	0.0008359556522
276890	0.0002420093417
276891	0.0007334573589
276892	0.001999352595
276893	0.002866611861
276894	6.5656711e-05
276895	0.0008545850224
276896	0.0001723253792
276897	0.0002138726245
276898	0.004174753724
276899	0.0002456720426
276900	0.001656313632
276901	0.001056392505
276902	0.001479237929
276903	0.0001219529296
276904	0.002586284962
276905	0.0005304785048
276906	0.001828615083
276907	0.002164581249
276908	0.0009446655963
276909	0.003699020167
276910	2.122188085e-05
276911	0.0009616906677
276912	0.002445513979
276913	0.00147807033
276914	0.003983817213
276915	0.003284882704
276916	0.002194581003
276917	4.577794357e-05
276918	0.004388213812
276919	0.001466551006
276920	0.002143155175
276921	0.001108083593
276922	0.0005861816798
276923	0.001990029028
276924	0.0008657762511
276925	0.00073340615
276926	0.002150083163
276927	0.0004503218397
276928	0.001416988249
276929	7.869021914e-05
276930	0.0006486280299
276931	0.0004683252065
276932	0.000656445079
276933	0.002010222622
276934	0.000318168821
276935	0.0003591585916
276936	0.0008493925844
276937	5.925002622e-05
276938	0.00116096149
276939	0.0009143863908
276940	6.531324988e-05
276941	0.001242024427
276942	0.000275986807
276943	0.0002286334438
276944	0.0006401587342
276945	0.0009018196652
276946	0.002254670463
276947	0.000257825328
276948	0.001250805013
276949	0.004258714647
276950	0.0001914744067
276951	0.002453221973
276952	0.001573148776
276953	0.001395053409
276954	0.001296605483
276955	0.001075369592
276956	0.001454300965
276957	0.0002213426618
276958	0.001962354129
276959	0.002157009688
276960	0.002621252454
276961	0.001897485943
276962	0.0003573689636
276963	0.0002371739623
276964	0.0003662477077
276965	0.001959985
276966	1.699778376e-05
276967	4.702618648e-05
276968	0.002293469678
276969	9.179448034e-05
276970	0.003094943752
276971	0.001046624255
276972	0.000872112634
276973	0.0007551645059
276974	0.001635445536
276975	0.0004202229795
276976	0.0005783364668
276977	0.00159788507
276978	0.0002805734669
276979	0.0007578297479
276980	0.0004476706384
276981	0.0005839562507
276982	0.0007022673825
276983	0.0007176102993
276984	0.001985970363
276985	0.002277772029
276986	0.002026925418
276987	0.001780344085
276988	0.001859898284
276989	0.0006030725992
276990	0.001096661567
276991	0.001431582862
276992	0.0001580519977
276993	5.408393405e-05
276994	0.0003136594732
276995	0.001424200151
276996	0.0001969066799
276997	0.0004433275264
276998	0.002574944718
276999	0.0006527043033
277000	0.0005248709989
277001	0.000522521608
277002	0.001758748326
277003	0.000183887565
277004	0.002281480191
277005	6.774355639e-05
277006	0.0004361238278
277007	0.0001585504422
277008	0.0004610743873
277009	0.0008287482921
277010	0.000747900923
277011	0.0002454547882
277012	0.001634669764
277013	0.0005026914809
277014	0.0002392945206
277015	0.003432262004
277016	0.0005684059463
277017	0.001522360684
277018	0.003152493526
277019	0.0005569303712
277020	0.0004740106767
277021	0.0005863295421
277022	0.001362828639
277023	0.0001634086616
277024	0.001431951899
277025	0.001105242857
277026	0.0005294172335
277027	0.0002889419985
277028	0.0001150570028
277029	0.002545412479
277030	0.003356830381
277031	0.001676252468
277032	0.0002495985793
277033	0.0002357506423
277034	0.0004126657613
277035	0.001150884054
277036	9.336206818e-05
277037	0.002267850742
277038	0.001857896798
277039	0.001286366386
277040	0.001226518895
277041	0.0009249034609
277042	2.960054552e-05
277043	0.001687397484
277044	0.0002566520366
277045	8.33634575e-05
277046	0.004679654914
277047	0.002463118496
277048	0.002112195356
277049	0.002581007224
277050	5.137832681e-05
277051	0.002114442155
277052	0.001212666983
277053	5.272435988e-05
277054	0.001618238595
277055	0.002209546301
277056	0.002454926892
277057	0.0006843633721
277058	0.00266727629
277059	0.002182575929
277060	0.0006752810144
277061	0.002904854123
277062	0.001189710628
277063	0.001781200993
277064	0.001299920574
277065	0.001021632352
277066	0.001649272412
277067	0.0007653985248
277068	0.001558243038
277069	0.001267415577
277070	0.003951609727
277071	0.001388327416
277072	0.002738641821
277073	0.000383306839
277074	0.000736445941
277075	0.001250145898
277076	0.003120241865
277077	0.001323578929
277078	0.002995639598
277079	0.0004824107181
277080	0.001665354056
277081	0.0008681582043
277082	0.00302151369
277083	0.005123385073
277084	0.001083878698
277085	0.003334340038
277086	0.001552732688
277087	0.001747216996
277088	0.0004584962988
277089	0.001184080503
277090	0.00155126712
277091	0.0008262011877
277092	0.0001517104099
277093	0.003366747174
277094	0.001106997369
277095	0.00162192124
277096	0.0005245608243
277097	0.0006901101246
277098	0.0003913953107
277099	0.001046607701
277100	0.001057999714
277101	0.001359225383
277102	8.675360156e-05
277103	0.001220125975
277104	0.001549623958
277105	0.001123731925
277106	0.00136196248
277107	0.000661742247
277108	0.001019769537
277109	0.001064797011
277110	0.0006418142073
277111	0.0002955965903
277112	0.001849467098
277113	0.0007009082847
277114	0.0008348499033
277115	0.002094932117
277116	0.001211130046
277117	0.000563627072
277118	0.0006530836537
277119	0.0006843286297
277120	0.0007487838439
277121	0.001475745385
277122	0.003031913293
277123	0.001189442285
277124	1.924536313e-05
277125	0.002597751155
277126	0.0004039280674
277127	0.0008254921007
277128	0.003630861361
277129	0.001901587683
277130	0.001579917298
277131	0.002919666079
277132	0.00290614279
277133	0.0005880930113
277134	0.000914221962
277135	0.004325057057
277136	0.0003723331763
277137	0.0006603236529
277138	0.001015792389
277139	0.0004184711611
277140	0.0001060118849
277141	0.002797264455
277142	0.0003722979106
277143	0.00108043964
277144	0.0009608230388
277145	0.002865358498
277146	0.0006973619368
277147	0.0001573470782
277148	0.001964713559
277149	0.0009430379343
277150	0.0006986449408
277151	0.001133160797
277152	0.0001216892438
277153	0.001357150159
277154	0.0005916605156
277155	0.0006070864164
277156	0.0001346980753
277157	0.0009357249652
277158	0.0002590570644
277159	0.0001908348109
277160	0.001261916019
277161	0.002264654347
277162	0.001478280819
277163	0.0009445515082
277164	0.002287127964
277165	0.0005759193223
277166	0.0006981568099
277167	0.002028151986
277168	0.001053530007
277169	0.001212299011
277170	0.0003471984062
277171	0.002331415379
277172	0.0004875189352
277173	0.000420251608
277174	0.0005114454633
277175	0.001082446958
277176	0.0006257340025
277177	0.001603371731
277178	0.0005727005613
277179	0.0004351525254
277180	0.002551335235
277181	0.002227946558
277182	0.001404690463
277183	0.001340721625
277184	0.002202822903
277185	0.002717225306
277186	0.002410215825
277187	0.002477731707
277188	0.0009274544829
277189	0.00217019697
277190	0.001152968333
277191	0.0002306916987
277192	0.003341907676
277193	0.001022286832
277194	0.001391346008
277195	0.0008098248489
277196	0.00147248423
277197	0.0008650187471
277198	0.0001103583506
277199	0.001933709877
277200	0.0006292427116
277201	0.001139110773
277202	0.001295667819
277203	0.0004971755991
277204	0.002610531811
277205	0.0001950472745
277206	0.0002771356228
277207	0.0004392161008
277208	0.0001690680406
277209	0.0002416863109
277210	0.002588338064
277211	0.0003567330561
277212	0.001175562795
277213	0.001835526216
277214	0.00103586549
277215	0.003852388754
277216	0.001657389701
277217	0.0002145727265
277218	0.004337907307
277219	0.005767302646
277220	0.001146167041
277221	0.0001559962597
277222	0.001465098184
277223	0.0002720870564
277224	0.0008851643973
277225	0.000274343119
277226	0.0004149887341
277227	0.004195940253
277228	0.001421985671
277229	0.0006275004351
277230	0.002407808264
277231	0.000647696223
277232	0.0009704842059
277233	0.001535074419
277234	0.001996732339
277235	0.000458368799
277236	0.0003755833692
277237	0.003339125004
277238	6.500279176e-05
277239	0.003647235572
277240	0.002438015777
277241	0.004540821977
277242	0.00294309712
277243	0.000518579332
277244	0.003059193606
277245	0.0007775610021
277246	0.002499724853
277247	0.003528218501
277248	0.001769927499
277249	0.001131210177
277250	0.003575181403
277251	0.003004457521
277252	0.00112273097
277253	0.002268512808
277254	0.003038947605
277255	0.001993912227
277256	0.0005730447019
277257	0.002187065957
277258	0.0001699793718
277259	0.001025028889
277260	0.0006723401636
277261	0.00154014159
277262	3.977819275e-05
277263	0.001172264432
277264	0.0001871773948
277265	0.002701277811
277266	0.0004060759685
277267	0.00559842021
277268	0.000321053311
277269	0.0008481081084
277270	0.0005897906762
277271	4.822312137e-05
277272	0.001869076313
277273	0.002435311249
277274	0.001213901591
277275	0.001421759316
277276	0.001612191101
277277	0.001070663354
277278	0.002269311548
277279	0.0002671312244
277280	0.001682396122
277281	0.0009770448486
277282	0.0006834918226
277283	0.001553180183
277284	0.002669832693
277285	0.00144262132
277286	0.0008870949154
277287	0.0002790490322
277288	0.0001370733651
277289	0.004985188739
277290	0.0003965839949
277291	0.001050062133
277292	0.001237764032
277293	0.0008162478966
277294	9.328990147e-05
277295	0.0008644766301
277296	0.001290655963
277297	1.527462604e-05
277298	0.000655751553
277299	0.0002099001645
277300	0.001512897035
277301	0.0008705051349
277302	0.002048262875
277303	5.57635084e-05
277304	0.002997716912
277305	0.002296960835
277306	0.0001997541086
277307	0.00146555421
277308	0.000917228509
277309	0.002989179707
277310	0.000956395879
277311	0.000395512931
277312	0.002883434354
277313	0.0001299832088
277314	0.00060495755
277315	0.0009102740971
277316	0.001420347988
277317	0.0008230265108
277318	0.0008329919045
277319	0.001946073046
277320	0.002237621582
277321	0.000202517001
277322	0.0003105651451
277323	0.001176940287
277324	0.0003548231071
277325	0.001298181038
277326	0.002640383114
277327	0.0004861985284
277328	0.001048013355
277329	0.001124081194
277330	0.002039597017
277331	0.001871638127
277332	0.001375029499
277333	0.0008798008332
277334	0.00253297882
277335	0.0003531727152
277336	0.001445419742
277337	0.001146970991
277338	0.00177581742
277339	0.003093976197
277340	0.000347703726
277341	0.001459903503
277342	0.0004301382956
277343	0.0009232460475
277344	0.002393764173
277345	0.001548870198
277346	0.003243815991
277347	0.00224844512
277348	0.0007395196395
277349	9.751451507e-05
277350	0.002569887169
277351	0.0007385054813
277352	0.004000325967
277353	0.002349664907
277354	0.001170453774
277355	0.0005557438527
277356	0
277357	0.0007262947288
277358	0.001266109248
277359	0.0001191987354
277360	0.0003655631308
277361	0.002982619645
277362	0.001467072006
277363	0.002726603089
277364	0.002037342142
277365	0.001964681783
277366	0.0007797621529
277367	0.001264266927
277368	0.0008099921639
277369	0.00028966076
277370	0.001665219421
277371	0.0007806558758
277372	0.001838924236
277373	0.001939952535
277374	0.0004548115848
277375	0.00256527982
277376	4.910785679e-05
277377	0.0001477599474
277378	0.0003988354551
277379	0.003799672882
277380	0.001593991292
277381	0.0005375247241
277382	0.0003213236145
277383	0.0003272917017
277384	0.0009936288338
277385	0.000133737693
277386	0.0007842311045
277387	0.0006157046574
277388	0.0002674294222
277389	0.0006872990422
277390	0.0001001961026
277391	0.0003754339646
277392	0.001220212866
277393	0.000242207628
277394	0.002072003858
277395	0.00109183918
277396	0.003019268343
277397	0.0006005374817
277398	0.001619211118
277399	0.0007433007835
277400	0.0003927196252
277401	0.0001168995136
277402	5.21778265e-06
277403	0.0005031983722
277404	0.002328168983
277405	0.00115917704
277406	0.002377431191
277407	0.00158846231
277408	0.001133496786
277409	0.0002796554114
277410	0.0007207271474
277411	0.0009499850095
277412	0.0007692377974
277413	0.0008744150908
277414	0.001565238959
277415	0.0006629557505
277416	0.001095240529
277417	0.002225088437
277418	3.234917893e-05
277419	0.003474886085
277420	0.001463932393
277421	0.00313929466
277422	0.000502931708
277423	0.001833602983
277424	0.0008931577487
277425	0.0008990449996
277426	0.002046099348
277427	0.0002794671176
277428	0.003895467727
277429	0.0004142142079
277430	0.002625837092
277431	0.001336551171
277432	0.000615389138
277433	0.0008360507396
277434	0.0003225563083
277435	0.0001929769346
277436	0.0009946551578
277437	0.001818721664
277438	0.001556667766
277439	0.001536010893
277440	0.004468161308
277441	0.0005664757962
277442	0.0009681182466
277443	0.002728794945
277444	0.0007333103245
277445	0.000877569013
277446	0.001787395754
277447	0.0008751406431
277448	0.001674441166
277449	0.0004494566199
277450	0.0007926600817
277451	0.001052410148
277452	0.00314150107
277453	0.001738707603
277454	9.833160405e-05
277455	0.0009541757958
277456	0.001606695291
277457	2.674812959e-05
277458	0.0002380458707
277459	0.001085292052
277460	0.001303314429
277461	0.001494113247
277462	0.002452968823
277463	0.0006422945369
277464	0.001252090639
277465	0.001641526245
277466	0.0004806025416
277467	1.468377126e-06
277468	0.001683010766
277469	0.0009263949376
277470	1.233618906e-05
277471	0.003183558974
277472	6.94218499e-05
277473	0.001867534907
277474	0.0007370615907
277475	0.001241843806
277476	0.0006767892541
277477	0.0004305137983
277478	0.001662360144
277479	0.0005252954673
277480	0.002998812502
277481	0.0002737331776
277482	0.001514987679
277483	0.00223906926
277484	0.001752320612
277485	0.002478372573
277486	0.001007914959
277487	0.001583447856
277488	0.0003898328579
277489	0.002167931671
277490	0.0002241742466
277491	0.0006593300496
277492	0.002801293209
277493	0.00333606634
277494	0.0006166214659
277495	0.001315465109
277496	0.002603701862
277497	0.0005273816241
277498	0.003569556866
277499	0.002153307089
277500	0.001109479554
277501	0.001416881741
277502	0.0007175265147
277503	0.0004811095918
277504	0.001856244603
277505	0.0001207093853
277506	0.002098622107
277507	0.0004321717679
277508	0.005015816915
277509	0.002099096171
277510	0.0003731664695
277511	0.00134883963
277512	0.0008816093137
277513	0.002225180029
277514	0.001204603379
277515	0.002136028487
277516	0.002028443974
277517	0.003215755078
277518	0.002048669242
277519	0.0009876746676
277520	0.001718620442
277521	0.0008530595773
277522	1.530340808e-06
277523	7.545530167e-05
277524	0.003660509307
277525	0.0009813661718
277526	0.0006508606212
277527	0.0009128698735
277528	0.001149401699
277529	0.001003597086
277530	0.002195262732
277531	0.00279560935
277532	0.003205712143
277533	0.0008513924248
277534	0.002399916471
277535	8.06418097e-05
277536	1.374317479e-05
277537	0.0001203208586
277538	0.0004509910384
277539	0.002027805603
277540	0.0009359137369
277541	0.002033204255
277542	0.001380597925
277543	0.0005137951566
277544	0.0009889655561
277545	0.0004708143374
277546	0.000382750104
277547	0.002135075066
277548	0.002155125155
277549	0.0003363432518
277550	0.001263233301
277551	0.0020976398
277552	0.0007560349393
277553	0.003132234399
277554	0.002817707681
277555	0.0005864575716
277556	0.0003336971684
277557	0.0001836205601
277558	0.0004128528276
277559	0.0003663024734
277560	0.002520938676
277561	0.0003070826515
277562	0.000510675703
277563	0.0002195578609
277564	0.0007923741858
277565	0.0008512732479
277566	0.0003200244437
277567	0.002197070958
277568	0.0009503143134
277569	0.0001504151426
277570	0.002412902936
277571	1.025912517e-05
277572	0.001061953866
277573	0.0001343936601
277574	0.0001467784924
277575	0.0006349454241
277576	0.0003672925472
277577	0.0001357010593
277578	0.002285548763
277579	0.0006630993352
277580	0.001671573739
277581	0.0006320928321
277582	0.001132970497
277583	0.0004557909767
277584	0.003270320882
277585	0.001047202825
277586	0.0006761319263
277587	0.001449181839
277588	0.0005014692417
277589	0.0001655088669
277590	0.0003905399175
277591	0.001001910444
277592	0.001810061621
277593	0.0006312053157
277594	0.0004490615547
277595	0.001192847849
277596	0.0001869894206
277597	0.004511860296
277598	0.0005052027562
277599	0.005630152233
277600	0.004357222271
277601	0.002369444782
277602	0.001895515736
277603	8.251417071e-05
277604	0.003230404634
277605	0.0005141018205
277606	0.0005507413364
277607	0.001111527092
277608	0.001711780125
277609	6.928779721e-05
277610	0.0001751221924
277611	0.0006208319853
277612	0.001432394627
277613	0.0004521525878
277614	0.003956751566
277615	0.002534180999
277616	0.00106151297
277617	0.002168354526
277618	4.506342356e-05
277619	0.0006281602982
277620	0.0005350592532
277621	0.0007292154154
277622	0.003009451813
277623	0.002013042445
277624	0.001620156985
277625	0.0008312046269
277626	0.001162626567
277627	0.0001319686038
277628	0.002670214182
277629	0.0002138082289
277630	0.0009148286691
277631	1.745342829e-05
277632	0.001506541783
277633	0.0006644059407
277634	0.002669187935
277635	0.0006998429529
277636	0.000316515753
277637	0.0003435058759
277638	0.0008343451324
277639	0.001145420739
277640	0.0001265774499
277641	0.001281500918
277642	0.001611914677
277643	0.004381982138
277644	0.003831190968
277645	0.0001174652782
277646	0.00227312105
277647	0.001706868477
277648	0.0005327638282
277649	0.0002951356579
277650	0.002599858262
277651	0.001196749163
277652	0.0002645344277
277653	0.001489203974
277654	0.001349773235
277655	0.001364331089
277656	0.001097086579
277657	0.0001773922606
277658	0.0002546585682
277659	0.000389883899
277660	0.0003748961104
277661	0.001866029083
277662	0.0004206473326
277663	0.0006301772506
277664	0.0006461103809
277665	0.002168438083
277666	0.0003810565218
277667	0.001710074383
277668	0.001177660706
277669	0.004548377781
277670	0.0007477393019
277671	0.002203905933
277672	0.001655658123
277673	0.001274262059
277674	0.000116271753
277675	0.003371421939
277676	0.0001443621262
277677	0.0001703530913
277678	0.0003546784523
277679	0.0006771171413
277680	0.0004709268785
277681	0.001720957203
277682	0.000680631064
277683	0.0006495845478
277684	0.001278858621
277685	0.0005842493605
277686	0.001647504453
277687	0.0008398269528
277688	0.003811986425
277689	0.0001334094458
277690	0.002190415622
277691	0.001075054692
277692	0.0004769213804
277693	0.002371410621
277694	0.0006388561672
277695	0.001019126551
277696	0.001432553627
277697	0.00189403161
277698	0.00187697825
277699	0.0005709506495
277700	7.53902228e-05
277701	0.001967287291
277702	0.002027607052
277703	0.001175133504
277704	0.0009416840027
277705	0.001357917973
277706	0.001687633794
277707	0.0009664307011
277708	0.002221589785
277709	0.001234984888
277710	0.0010786859
277711	0.003114917924
277712	0.002630335012
277713	0.0009349483975
277714	0.003927901558
277715	0.003069350223
277716	2.677844276e-05
277717	0.00186400335
277718	0.0004276658789
277719	0.001162189903
277720	6.906194043e-05
277721	0.003846018227
277722	0.004130102326
277723	0.002107828267
277724	0.0001226336994
277725	0.001515123378
277726	0.003355124655
277727	0.002590141065
277728	0.001073377756
277729	0.001145004455
277730	4.3374935e-05
277731	0.001430185166
277732	0.00013459596
277733	0.001908056583
277734	0.001495523121
277735	0.002611577507
277736	0.0001305985145
277737	0.001034858339
277738	0.001484940394
277739	0.0004785796543
277740	0.0005115698995
277741	0.00104791074
277742	0.001011721944
277743	0.0008136733642
277744	0.001035234339
277745	0.0001497713237
277746	0.0002762841205
277747	0.0005315915335
277748	0.0002483023924
277749	0.000455418853
277750	0.00206285138
277751	0.001068223073
277752	0.002129087489
277753	0.001092659827
277754	0.0005619061099
277755	0.0005222596898
277756	0.0003599875521
277757	0.001003615949
277758	0.00129838165
277759	0.00128520588
277760	0.001402095481
277761	0.002261698863
277762	0.0002155008904
277763	0.0007448063256
277764	0.00311857662
277765	0.001473704426
277766	0.0007920176953
277767	0.001027880148
277768	0.002270865836
277769	0.001363034384
277770	0.001385428217
277771	0.0007329981206
277772	0.001690772251
277773	0.0005681027595
277774	0.001583893474
277775	0.0004488211934
277776	2.880677919e-05
277777	0.001132237114
277778	0.001122264409
277779	0.0004886616932
277780	0.001058745633
277781	0.0002756410737
277782	0.001256794824
277783	0.0006085020678
277784	0.00244696193
277785	0.001418870508
277786	0.001365357043
277787	0.001236980323
277788	0.002271681918
277789	0.002220953797
277790	0.00126347956
277791	0.003006159737
277792	3.829198969e-05
277793	0.001739505061
277794	0.00125217136
277795	0.001114131588
277796	0.001674200801
277797	0.003094422038
277798	0.001508718903
277799	0.003145439174
277800	0.001119453624
277801	0.000579349818
277802	0.003727496572
277803	0.001053379681
277804	0.001559916228
277805	9.478524198e-05
277806	0.001176807342
277807	0.0001120634383
277808	0.0004883094704
277809	0.0001056915698
277810	0.002768941472
277811	0.0009195944468
277812	0.0009951159308
277813	0.002275746155
277814	1.792250999e-05
277815	7.528725208e-05
277816	0.003113708992
277817	0.00113468758
277818	0.002199528043
277819	0.001034917479
277820	0.0004070161144
277821	0.001785568478
277822	0.001408627969
277823	0.002488745506
277824	0.004880973185
277825	0.001158250549
277826	0.0004710973943
277827	0.000617340267
277828	0.003108798493
277829	0.001327386902
277830	7.604966813e-05
277831	2.024992805e-05
277832	0.003556897589
277833	0.001462327256
277834	0.002087557828
277835	0.0002687380643
277836	0.004491456159
277837	0.001124530792
277838	0.0003099955537
277839	0.00182874744
277840	8.528818298e-05
277841	0.0003975390656
277842	0.0007773043512
277843	0.001292405377
277844	0.0004086440003
277845	0.000327453753
277846	0.002542015745
277847	0.001846198776
277848	0.004111897772
277849	0.0006819269123
277850	0.003200540085
277851	0.002709796262
277852	0.0001968330739
277853	0.0004280794449
277854	0.003529329667
277855	0.00282917948
277856	0.0005393079066
277857	0.001310695387
277858	0.0005972210002
277859	0.001740529111
277860	0.0004414374179
277861	0.0006221191139
277862	0.0005173467149
277863	0.0004567482831
277864	0.0001014958365
277865	0.0001265222879
277866	0.001095250582
277867	0.0002352651742
277868	0.001721839763
277869	0.002366077866
277870	0.0009165212401
277871	0.004008804806
277872	0.002516370787
277873	0.00205672082
277874	0.002424734402
277875	0.002060146402
277876	0.001562943789
277877	0.001836416254
277878	0.003039192167
277879	0.001481287697
277880	0.0008975827198
277881	0.001114080114
277882	0.0004075334576
277883	0.001020053556
277884	0.0003939218643
277885	0.001122877928
277886	0.001780063429
277887	0.0008325916379
277888	0.002605700859
277889	0.002160987528
277890	0.002877000246
277891	0.003031079675
277892	0.001669425482
277893	0.002372268831
277894	0.001751411706
277895	0.0002820346767
277896	0.0003770878837
277897	0.0002705815521
277898	0.0005997635088
277899	5.043726925e-05
277900	0.00245021697
277901	0.0001830864087
277902	0.003043545167
277903	0.001107918091
277904	0.002098025822
277905	0.002901792798
277906	0.00132533179
277907	0.001460860504
277908	0.001298563536
277909	0.0007220707235
277910	0.002224814217
277911	0.0002703066276
277912	0.001224325191
277913	0.0009692806763
277914	0.001677362085
277915	0.0005761141568
277916	0.0009967648136
277917	0.0003102668066
277918	0.001217223148
277919	0.001013464265
277920	0.002026297987
277921	0.00333128745
277922	0.001072665262
277923	0.005166841909
277924	0.0003085655945
277925	0.00249462101
277926	0.003325453035
277927	0.002493152269
277928	0.001789153991
277929	0.000335855859
277930	3.264053121e-05
277931	0.001869760668
277932	0.001657196889
277933	0.001630308934
277934	0.001317995466
277935	0.002296842135
277936	0.0008091130842
277937	0.002635525558
277938	0.002743441836
277939	0.001477306626
277940	0.001346963114
277941	0.0007642625366
277942	0.0007107818331
277943	0.003798931054
277944	0.0001769946212
277945	0.0006459733415
277946	0.0004633239006
277947	0.0009518742558
277948	0.0009556130648
277949	0.001249517299
277950	0.001431890822
277951	0.002161305389
277952	0.0005539815762
277953	0.0001840874927
277954	0.003287949553
277955	0.0007523871991
277956	0.0008594748221
277957	0.001880224489
277958	0.002004151894
277959	0.0006067860662
277960	0.001282818928
277961	0.0008635624324
277962	0.0002063910899
277963	0.00132573484
277964	0.001267992474
277965	9.358315029e-05
277966	0.0008750551862
277967	0.0002944894356
277968	0.0005828623599
277969	0.0002190876017
277970	0.002514974973
277971	0.0019148521
277972	0.006294327425
277973	0
277974	0.0004765323385
277975	0.0006618676549
277976	0.0006977026914
277977	0.001970581105
277978	0.003473542955
277979	0.001261386056
277980	0.003186609259
277981	0.001246558753
277982	0.001276349239
277983	0.001339763233
277984	0.001017591746
277985	0.001054981331
277986	0.001026549315
277987	0.001863339587
277988	0.002752291504
277989	0.0002676263665
277990	0.001112734379
277991	0.00403924646
277992	0.0008440583015
277993	0.001792747687
277994	0.0001562160704
277995	0.0009702702612
277996	4.069733876e-06
277997	0.001515766487
277998	0.0004337514263
277999	0.001572669639
278000	0.003380632499
278001	0.003816827845
278002	0.001858729011
278003	0.0007528758195
278004	0.0009721003135
278005	0.000807746384
278006	0.0003368459071
278007	0.003615750087
278008	0.001243900592
278009	0.0006372486353
278010	0.001410779187
278011	8.310669625e-05
278012	0.0006610189025
278013	0.003311335745
278014	0.001501980477
278015	0.001110915381
278016	0.0001204832246
278017	0.0002798660359
278018	0.0007988909086
278019	0.001017086543
278020	0.0003944954954
278021	0.0002576774531
278022	0.001495977869
278023	0.001228005014
278024	5.483281587e-05
278025	0.0004827476384
278026	0.0002664642305
278027	0.0004251601618
278028	0.00181069601
278029	0.0008330217259
278030	0.0006066456615
278031	0.002032296854
278032	0.002555575577
278033	0.0003012494595
278034	0.00186201953
278035	0.0006226764503
278036	0.002124276161
278037	0.000985569864
278038	0.00265001661
278039	0.0008484877217
278040	0.0007363586398
278041	0.0003396055864
278042	0.0006962653338
278043	0.001582873115
278044	0.0003175255249
278045	0.001870738999
278046	0.0008281181019
278047	0.0004529789531
278048	0.001125155604
278049	0.0003965915706
278050	7.334076627e-05
278051	0.001467266888
278052	0.0001563890053
278053	0.001016095002
278054	0.001898090652
278055	0.001648664556
278056	0.001586429701
278057	0.001139765532
278058	0.0008229723307
278059	0.001231371885
278060	0.0009601427606
278061	0.001200459151
278062	5.021280439e-05
278063	0.0007666179295
278064	0.0002364031554
278065	0.0003089673058
278066	0.0018466383
278067	0.0004781649831
278068	0.0005220398582
278069	0.001195793337
278070	0.003161606144
278071	0.001177780131
278072	0.0009736010286
278073	0.003065641696
278074	0.001764964515
278075	0.001702834924
278076	0.0007151796863
278077	0.0007376878333
278078	0.001257888979
278079	0.001551508259
278080	0.0006346364271
278081	0.003790320417
278082	0.0008267341249
278083	0.001041716837
278084	0.001743914453
278085	0.002002670849
278086	0.0004927566864
278087	0.002981602221
278088	0.0003402823711
278089	0.002538772028
278090	0.004082452256
278091	0.0009632424175
278092	0.001735264623
278093	0.0007953396321
278094	0.001872187135
278095	0.001376240598
278096	0.003212048322
278097	0.001252978912
278098	0.001096429731
278099	0.001138376423
278100	6.026549849e-05
278101	0.0008763786584
278102	0.001920856133
278103	0.0009401732523
278104	0.003827210476
278105	0.001817068337
278106	0.0003073619676
278107	0.002070145182
278108	0.002579438258
278109	0.000217321211
278110	0.001545901952
278111	0.001467101693
278112	0.001194692323
278113	0.0003633043772
278114	0.0007711129299
278115	0.0008530325373
278116	0.001227936702
278117	0.002114679186
278118	0.0006261383465
278119	0.000405475085
278120	0.0009798937097
278121	0.0009029865757
278122	0.0005309404388
278123	0.0005657512506
278124	4.066533039e-05
278125	0.0004134878406
278126	0.003669314205
278127	0.0001968603923
278128	3.845383309e-05
278129	0.0008409331489
278130	0.002445157408
278131	0.002874088601
278132	0.0004504307096
278133	0.001503521237
278134	0.0001520089264
278135	0.0001783580664
278136	0.002281534486
278137	7.265251935e-05
278138	0.0009446774989
278139	0.002544215512
278140	0.001312356614
278141	9.777252306e-05
278142	0.001774175232
278143	0.0007687359004
278144	0.002156619742
278145	0.0002652377222
278146	0.001149726177
278147	0.0001835496752
278148	6.506215272e-05
278149	0.003977307446
278150	0.003536721386
278151	0.000556551873
278152	0.001827347077
278153	0.0004439649504
278154	0.001212489572
278155	0.00246317286
278156	0.003614220081
278157	1.47126381e-05
278158	0.00078499108
278159	0.0009290803008
278160	0.002072363637
278161	0.001990036733
278162	0.00232686021
278163	4.13299983e-05
278164	0.002753856292
278165	0.00044872692
278166	8.627077259e-05
278167	0.003008950329
278168	0.001223195654
278169	0.0009964922417
278170	0.0004138385815
278171	0.0009960440038
278172	0.001140707796
278173	0.0002242332096
278174	0.0009845549635
278175	0.0006995209736
278176	0.00161642103
278177	0.0006975846901
278178	0.0007882617729
278179	0.002504965452
278180	6.036056373e-05
278181	0.001060492069
278182	0.002015378165
278183	0.000703872467
278184	0.0004739310751
278185	2.214222098e-05
278186	0.002466456046
278187	0.001386683401
278188	0.0003476811706
278189	0.001736990595
278190	0.000814961787
278191	9.509736422e-05
278192	0.001583889948
278193	0.0009765495991
278194	0.001479668747
278195	0.001013495078
278196	0.002596224981
278197	0.001248049794
278198	0.001315975812
278199	0.0001096379818
278200	0.0003665052987
278201	0.0004311687317
278202	0.0008532589345
278203	0.001652927823
278204	0.001815212497
278205	0.001514712523
278206	0.0007854981019
278207	0.0005578516364
278208	0.002774826738
278209	0.00226111149
278210	0.002052210932
278211	0.00328977721
278212	0.0005555583224
278213	0.00300597766
278214	0.002051824093
278215	0.001005489844
278216	0.003148535736
278217	0.003113595735
278218	0.002078235825
278219	0.0007272711729
278220	0.002919714633
278221	0.001268483866
278222	0.001689727388
278223	0.001738509765
278224	0.001184710228
278225	0.0007405516645
278226	0.0007538403605
278227	0.0001812758424
278228	7.31641852e-05
278229	0.001514130011
278230	0.0008978276302
278231	0.0008494427844
278232	0.0003004078419
278233	0.001688943871
278234	0.001096725528
278235	0.0004441405309
278236	0.005115830753
278237	0.001289197587
278238	0.0008006948597
278239	0.001134735803
278240	0.0002504835777
278241	0.005279167563
278242	9.10147912e-05
278243	0.004405856933
278244	0.002303917229
278245	0.002695271205
278246	0.003802697319
278247	0.001564560988
278248	0.002602523532
278249	5.347451159e-05
278250	0.0002913851581
278251	0.003215777985
278252	0.001246719947
278253	0.002507639223
278254	0.001363311428
278255	0.002871986912
278256	0.0009683690934
278257	0.002004780541
278258	0.001006060764
278259	0.003171226159
278260	0.001852679286
278261	0.0004578632045
278262	0.00150155644
278263	0.001054838899
278264	0.0005103855044
278265	0.001734218533
278266	0.0008203071088
278267	0.0002199510381
278268	0.001909532557
278269	0.0002445050383
278270	1.597190782e-05
278271	0.002013243247
278272	0.0007185600181
278273	0.002740529329
278274	0.001410374977
278275	5.952250317e-05
278276	0.001136141517
278277	0.001291734482
278278	0.002002372581
278279	5.499059831e-05
278280	0.0004764583821
278281	0.001443377169
278282	0.0003868993303
278283	0.001718059638
278284	0.0001307168937
278285	0.0002841549958
278286	0.001985688352
278287	0.0005250390317
278288	0.0007922568134
278289	0.002390114118
278290	0.0003642276175
278291	0.001308668419
278292	1.841634329e-05
278293	0.003093178358
278294	0.0003133331905
278295	0.001595390906
278296	0.001744771263
278297	0.001185391842
278298	0.001434712927
278299	0.002888081254
278300	0.001238614805
278301	0.003414518088
278302	0.002889830803
278303	0.001762558393
278304	0.001585065681
278305	0.003412692906
278306	0.000108441571
278307	0.0005669838747
278308	0.0002295265935
278309	0.001361234359
278310	0.001385213426
278311	0.001330408715
278312	0.001215601831
278313	0.001187574267
278314	0.002823540748
278315	0.00092805073
278316	0.001366364489
278317	0.0009654328311
278318	0.00128144564
278319	0.0004079455238
278320	0.0008502437198
278321	0.0001358409033
278322	0.001714932629
278323	8.140765516e-06
278324	0.002046358175
278325	0.00238336281
278326	0.000915501717
278327	0.0008291830231
278328	0.00244590336
278329	0.004107435965
278330	0.0007294383163
278331	0.0001027419817
278332	0.0003636304643
278333	0.0008184677525
278334	0.0003178235111
278335	0.0008984259416
278336	0.001099865365
278337	0.003019274121
278338	0.002522019445
278339	0.001343437505
278340	0.004181560277
278341	0.0004778186877
278342	0.002529407057
278343	0.000816567545
278344	0.002545437783
278345	0.0005315617936
278346	0.0008832290767
278347	0.0007417503478
278348	0.000399116185
278349	0.0007362566824
278350	0.000280832505
278351	0.0006872812474
278352	0.0002666368836
278353	0.0008206749986
278354	0.0004741964167
278355	0.0007155865677
278356	0.0004317642384
278357	0.0007194232357
278358	0.001084153149
278359	6.841989839e-05
278360	0.001976085253
278361	0.001549647445
278362	0.0005232513577
278363	0.000737376943
278364	0.002560745051
278365	0.0004394565003
278366	0.0006971710749
278367	0.0007442012893
278368	0.0009709873182
278369	0.0001854833799
278370	0.001656409938
278371	0.0005261013237
278372	0.0009933980532
278373	8.038333188e-05
278374	0.001196339359
278375	0.0002816661834
278376	0.0008852627665
278377	0.0002669979155
278378	0.0002482713313
278379	8.47152813e-05
278380	0.001043717786
278381	0.0008452286357
278382	0.0002688184308
278383	3.853346645e-06
278384	0.000584843342
278385	0.0006397855109
278386	0.00084253872
278387	0.0008540849204
278388	0.001155258747
278389	0.0001769210877
278390	0.0001015741511
278391	0.000468154935
278392	4.986463396e-05
278393	0.0005825271624
278394	0.0004411303536
278395	0.0001853516759
278396	0.0007914687305
278397	0.0005574885013
278398	0.0002054206904
278399	0.0001005703896
278400	0.0004325679165
278401	0.0002553476135
278402	0.0005834975674
278403	0.0002442175234
278404	0.003488697136
278405	0.0003904990891
278406	0.002776640932
278407	0.002039913372
278408	0.0005170799356
278409	0.002549349694
278410	0.004574060535
278411	0.002924103024
278412	0.004522680619
278413	0.005222638921
278414	0.0001004937569
278415	0.0004049971665
278416	0.00297843977
278417	0.0001787772822
278418	0.00122614159
278419	0.0004799554631
278420	0.0009399800237
278421	0.001109671238
278422	0.001444448935
278423	3.891268928e-05
278424	0.00173844153
278425	7.002056216e-05
278426	0.0001825495962
278427	0.00133632372
278428	0.0005785504126
278429	0.002756500327
278430	0.000150271376
278431	0.001438084914
278432	0.0007774124355
278433	0.0006428862282
278434	0.000731590511
278435	0.0001518911556
278436	0.001736009596
278437	0.0001012040395
278438	0.001274925217
278439	0.001161036344
278440	0.000383523179
278441	0.003180949734
278442	0.0005616241861
278443	0.0008209379869
278444	0.0009142023769
278445	0.001651432667
278446	0.003880479323
278447	0.0003036950027
278448	0.001924664165
278449	0.002580977939
278450	0.001332346576
278451	4.156960464e-06
278452	0.0003471635558
278453	0.0007979157374
278454	0.00205883287
278455	0.0004499868854
278456	0.002417907941
278457	7.574113196e-06
278458	0.001723103394
278459	0.001865425758
278460	0.0004973716709
278461	0.0006153917522
278462	0.001223296648
278463	0.001867138432
278464	0.000351098194
278465	0.0002189353215
278466	0.0009842813678
278467	0.001737637363
278468	0.000678411431
278469	0.001317412041
278470	0.001134744816
278471	0.0001156002476
278472	0.0003521272745
278473	0.0001653363279
278474	0.003680606297
278475	5.176365057e-05
278476	0.002788245913
278477	0.002752060716
278478	0.0007454421695
278479	0.0029724699
278480	0.001172299485
278481	0.001646712248
278482	0.001697020381
278483	0.0005441920916
278484	0.004971272056
278485	0.001113891845
278486	0.0007266656455
278487	0.003168452944
278488	0.002039911078
278489	0.0002042587334
278490	0.003525049968
278491	0.003246549398
278492	1.834205074e-06
278493	0.00113799742
278494	0.001546084491
278495	0.0005771739594
278496	0.002481648661
278497	0.0006839955769
278498	0.001943630453
278499	0.003078057178
278500	0.0002857955708
278501	0.002279391835
278502	0.0004396872759
278503	0.0001800138358
278504	0.003815553961
278505	0.003385525429
278506	0.0004444068061
278507	0.000713180342
278508	0.00373874093
278509	0.001885096708
278510	0.004573599282
278511	0.003703179182
278512	0.0003923545914
278513	0.001807194516
278514	0.0002545862586
278515	0.001185465445
278516	0.001372834711
278517	0.0007546113461
278518	9.00393656e-05
278519	0.0005325669693
278520	0.00154430775
278521	0.00154103093
278522	0.0009803556899
278523	4.601035019e-05
278524	0.0005269950657
278525	0.000255917288
278526	0.001113892843
278527	2.721606305e-05
278528	0.001363873351
278529	0.0002286700171
278530	0.0007231793742
278531	0.00144376308
278532	1.664346459e-05
278533	5.328901466e-05
278534	0.003328684395
278535	0.000331794289
278536	0.0001662288112
278537	0.002743160195
278538	0.002711771932
278539	0.002436588433
278540	0.001400267935
278541	0.001601400722
278542	3.243804868e-05
278543	0.002864008431
278544	0.0006008385176
278545	0.003612548229
278546	0.002529041808
278547	3.163591389e-05
278548	0.001635189569
278549	0.0002860977991
278550	0.0005921847574
278551	0.002236637114
278552	0.0007741397431
278553	0.0002973874736
278554	0.001330459907
278555	0.0003772074361
278556	0.001150374274
278557	0.002687458963
278558	0.001885316
278559	9.859516625e-05
278560	0.001935654757
278561	0.00465770987
278562	0.001250939658
278563	0.001269271014
278564	0.00416166925
278565	0.002699332457
278566	0.000683341505
278567	0.00282469709
278568	0.002610770098
278569	0.001733283502
278570	0.0005490468886
278571	0.0008276767652
278572	0.004370210827
278573	0.001532780212
278574	0.0006112281007
278575	0.001094430442
278576	0.003580542216
278577	0.001377256384
278578	0.0002337545371
278579	0.002036962029
278580	0.001705091384
278581	0.0003534405665
278582	0.001194416829
278583	0.0006653922411
278584	0.0009440203726
278585	0.0009637051972
278586	0.002538891791
278587	0.001663815145
278588	8.568823969e-05
278589	0.0001707621871
278590	0.001753056
278591	0.003063006211
278592	0.002962318872
278593	0.003792557232
278594	0.001234764622
278595	0.001944409542
278596	0.0028018284
278597	0.004362889604
278598	0.001772981965
278599	0.0001699456124
278600	0.0008905448505
278601	0.0003654737227
278602	0.0005097757449
278603	8.841406138e-05
278604	0.0007102971768
278605	0.002832718422
278606	0.001717199048
278607	0.00383914141
278608	0.002132362617
278609	0.0002675952225
278610	0.001177851349
278611	0.002548049525
278612	0.004550265094
278613	0.00368202652
278614	0.002271792416
278615	0.00202898831
278616	0.001261711867
278617	0.001877603296
278618	0.0008287173878
278619	0.001445885809
278620	0.001627873254
278621	0.001219020673
278622	0.003067407903
278623	0.001856747914
278624	0.001939873414
278625	0.002029287804
278626	0.001392826186
278627	0.000766566947
278628	0.0008944993503
278629	0.0003024408572
278630	0.0006580058052
278631	0.0005111756804
278632	0.0004893037895
278633	0.001330279114
278634	0.0006913284208
278635	0.002609640282
278636	0.001199653603
278637	0.001125127847
278638	0.0009462365343
278639	0.001468065723
278640	0.002169523629
278641	0.003128999181
278642	0.00323492462
278643	0.001555915112
278644	0.002807538015
278645	0.0001472302587
278646	0.0003391922907
278647	0.0009832255802
278648	8.707265109e-05
278649	0.001512224852
278650	5.635750707e-05
278651	0.0003155017719
278652	0.0005145029346
278653	0.0003045294402
278654	0.001180997551
278655	0.0008806845245
278656	0.0002566265287
278657	0.0001160458781
278658	0.000102887894
278659	0.0009779225814
278660	0.002704173352
278661	0.001356271725
278662	0.002348299084
278663	0.001182854797
278664	0.001590180217
278665	0.001691088362
278666	0.001427943252
278667	0.001762659684
278668	0.002239797801
278669	0.0009077575484
278670	0.003151943872
278671	0.001029237355
278672	0.0008475715886
278673	0.0002166090315
278674	0.002617731526
278675	0.000882654153
278676	0.001259904798
278677	0.002648553566
278678	0.001673446273
278679	0.001740189839
278680	0.0006134697991
278681	0.001596802669
278682	0.0009349904042
278683	0.0007697258465
278684	0.0006411637198
278685	0.00565490214
278686	0.000181586343
278687	7.04787257e-05
278688	0.0006691879551
278689	0.0002415144966
278690	0.0009498081852
278691	0.001601440772
278692	0.001195734576
278693	0.003033525775
278694	0.002225885554
278695	0.0009866900645
278696	0.0005489510298
278697	0.001901340765
278698	0.000579195036
278699	0.001932718466
278700	0.0005188636841
278701	0.002026542518
278702	0.0003746158766
278703	0.000181444227
278704	0.000747703585
278705	0.0008858425061
278706	0.001983722382
278707	3.026655601e-06
278708	0.000141160198
278709	0.002552278395
278710	0.0009390203916
278711	0.001420924809
278712	0.00256218168
278713	0.005914328845
278714	0.002890218019
278715	0.003444844651
278716	0.002685448601
278717	0.004580116782
278718	0.001405291698
278719	0.001976162886
278720	0.001703283206
278721	0.001171305253
278722	5.94739271e-05
278723	0.0007304877684
278724	0.001139094412
278725	0.0006936065929
278726	0.0006957950501
278727	0.0009907024744
278728	3.862101427e-05
278729	0.002346808868
278730	0.002521597604
278731	0.001598992291
278732	0.001966511947
278733	0.000893974464
278734	0.003011970352
278735	0.001094833781
278736	0.002116022336
278737	0.0009116103439
278738	0.0006018041626
278739	0.0001341875707
278740	2.786713353e-05
278741	0.007098388341
278742	0.001920615822
278743	0.001023985895
278744	0.003435625798
278745	0.003250303556
278746	0.002012881286
278747	0.0007903060633
278748	0.001833742371
278749	0.003975915113
278750	0.0009713965936
278751	0.0001525293992
278752	0.003556034987
278753	0.002108142633
278754	3.6802784e-05
278755	0.0007375895389
278756	0.001535636698
278757	6.73481211e-05
278758	0.001779274503
278759	0.0003374021699
278760	0.00119395955
278761	0.0006738589634
278762	0.0008651485947
278763	0.0002835265787
278764	0.00239148382
278765	0.001320125128
278766	0.0003443260773
278767	0.001352252495
278768	0.002720993579
278769	0.001902292023
278770	0.001826721466
278771	0.0005509729609
278772	0.0002234791308
278773	0.0003737590122
278774	0.0006284861903
278775	0.0004513224484
278776	0.001840964533
278777	3.157936763e-05
278778	0.0006685224266
278779	0.003113848527
278780	0.0054574863
278781	0.0004355984846
278782	0.002045196501
278783	0.001945906246
278784	0.0002813460373
278785	0.0004251417115
278786	0.002625090013
278787	0.00081429266
278788	0.00318651682
278789	0.0004402212019
278790	0.001410818575
278791	0.002985359759
278792	0.001459055857
278793	0.001114252815
278794	0.001080855971
278795	0.000753983263
278796	0.001051701081
278797	0.0007938997154
278798	4.214660205e-05
278799	0.003284941262
278800	0.0005663594255
278801	0.0007672227306
278802	0.0007803996271
278803	0.0007622218899
278804	0.002186348822
278805	0.001703463493
278806	0.002297236858
278807	0.0002496124259
278808	0.001075916972
278809	0.002014249575
278810	0.001122627165
278811	6.751050845e-05
278812	0.0007425576811
278813	0.001236494078
278814	0.002587078418
278815	0.000235558581
278816	0.001198821749
278817	0.001935956285
278818	0.0005822310432
278819	0.001460973388
278820	0.001396923304
278821	0.0003374569499
278822	0.002230361134
278823	0.001546851385
278824	0.003658498828
278825	0.001784901432
278826	0.0008164279288
278827	0.00089934374
278828	0.005672600822
278829	0.003419010886
278830	0.003250795957
278831	0.001846478979
278832	0.0003993809598
278833	0.001138623141
278834	0.001554104814
278835	0.003352970779
278836	0.001053422183
278837	0.0002336573166
278838	0.001190212091
278839	0.002783096708
278840	0.0001275990252
278841	0.0002281745242
278842	0.0010437123
278843	0.003115032594
278844	0.001238569445
278845	0.0001317030377
278846	0.001529087309
278847	0.0004930727044
278848	0.002492928397
278849	0.0008461973849
278850	0.001275924345
278851	0.0003410313778
278852	0.001023116317
278853	0.003433655056
278854	0.001864682463
278855	0.0004643843901
278856	0.001203040812
278857	0.002754827188
278858	0.0006272038081
278859	0.002204525408
278860	0.001626114627
278861	0.004866280668
278862	0.002287908675
278863	0.0006661992629
278864	0.001453055506
278865	0.002825760509
278866	0.00080966077
278867	0.0006075532336
278868	0.0003119774727
278869	0.002975551851
278870	0.0004032495268
278871	0.000684216385
278872	0.004546713768
278873	0.0002670487647
278874	0.002115974156
278875	0.001019899392
278876	0.0009597463452
278877	0.0006848135235
278878	0.00125851259
278879	0.0006952698674
278880	0.0005853849366
278881	0.001568094905
278882	0.001039603115
278883	0.0001270275162
278884	0.001381838491
278885	0.0006830995082
278886	0.0009771262032
278887	0.0004256658209
278888	0.0003261696132
278889	0.0001921374709
278890	0.003935741461
278891	0.0008998275944
278892	0.001013455615
278893	0.001423413786
278894	0.001052038558
278895	0.0006728993863
278896	0.003170440967
278897	0.003020395213
278898	0.002529895921
278899	0.001309889103
278900	0.0001280141536
278901	0.0007392786445
278902	0.003256680126
278903	0.001854717384
278904	0.001407971346
278905	0.0009139081941
278906	0.00134788999
278907	0.002607084297
278908	0.0008289716379
278909	0.001656924828
278910	0.0009892454631
278911	4.647419753e-05
278912	0.001509196102
278913	0.0001983768449
278914	0.001454594125
278915	0.003958802791
278916	0.0006377895051
278917	0.0006276463613
278918	0.001010698286
278919	0.002917274748
278920	0.001105135598
278921	0.0008102127723
278922	0.000355729435
278923	0.0003590943197
278924	0.002790341501
278925	0.004379835122
278926	0.00159389486
278927	0.001557671623
278928	0.0002724545833
278929	0.00142521922
278930	0.0006775602603
278931	0.002925744917
278932	0.001848240749
278933	0.001576992394
278934	0.0006374892366
278935	5.804368091e-06
278936	0.0008473879383
278937	0.0003919835813
278938	0.002293881143
278939	9.643672704e-05
278940	0.0005574889654
278941	0.0005745432629
278942	0.00089336733
278943	0.000151116535
278944	0.0002748535915
278945	0.0008258310651
278946	0.00350333423
278947	0.00109726253
278948	0.004777816058
278949	0.0002256480163
278950	0.003542343964
278951	0.002999044875
278952	0.002339414927
278953	0.001193861252
278954	0.002452471753
278955	0.003693280364
278956	0.002290436885
278957	0.0001437288798
278958	0.002106103129
278959	0.001365600943
278960	0.0001903008415
278961	0.002870400592
278962	0.001044883557
278963	0.002203629506
278964	0.00186401055
278965	0.001834282456
278966	0.001249834321
278967	0.0001075582498
278968	0.002187900497
278969	0.001376455773
278970	0.003005707299
278971	0.0003379468185
278972	0.001237599058
278973	0.0006284897354
278974	0.0004030308385
278975	0.0009186614641
278976	0.001599531994
278977	0.001177359038
278978	0.001820108652
278979	0.0003865988639
278980	0.003342356763
278981	0.001010629885
278982	5.983253973e-05
278983	0.001446620764
278984	0.004002037745
278985	0.0006545578208
278986	0.002194194169
278987	0.001212998026
278988	0.002074347019
278989	0.0003221674597
278990	1.004229879e-05
278991	0.001210661694
278992	0.001521525618
278993	0.003340188832
278994	0.000704427928
278995	0.0005610236044
278996	0.0002881227228
278997	0.003265379728
278998	0.002534764973
278999	0.001213232627
279000	0.001514891394
279001	0.002042188487
279002	0.001155615452
279003	0.002443854946
279004	0.001045151259
279005	0.001090027185
279006	0.001872011209
279007	0.0009160767917
279008	0.0004828551656
279009	0.0004347769282
279010	0.0001070485107
279011	0.0007446145308
279012	0.003736956228
279013	0.004608974708
279014	0.0001927354943
279015	0.002034017318
279016	0.00199651894
279017	0.0004400910371
279018	0.001248046708
279019	0.004099040016
279020	0.000618363947
279021	0.001372822342
279022	0.0023464104
279023	0.001840579288
279024	0.0006742477311
279025	0.0009687701506
279026	8.385126089e-05
279027	0.001729584748
279028	0.003611541883
279029	0.00246076368
279030	0.0002586154945
279031	0.001566775189
279032	0.0008422651539
279033	0.0001423242864
279034	9.168762243e-05
279035	0.0005349837035
279036	0.001738192426
279037	0.0004683584608
279038	0.0001959064202
279039	0.001403072741
279040	0.002466472324
279041	0.0008928656833
279042	0.0009473634378
279043	0.000211075094
279044	0.001155453145
279045	0.0006106590037
279046	0.0007155956753
279047	0.001931524013
279048	0.001203417853
279049	0.003528953959
279050	0.0003703005228
279051	0.001994256539
279052	0.0007020552582
279053	0.0002667036402
279054	0.004443681054
279055	0.0004153318131
279056	0.001123413832
279057	0.0009316054552
279058	0.002425529957
279059	0.0007206001303
279060	0.001014610513
279061	0.002259874975
279062	0.0005457341026
279063	0.0006794907937
279064	0.001934964081
279065	0.002496661826
279066	0.00125626596
279067	0.001140694161
279068	0.0006599638162
279069	0.002309349605
279070	0.002073581856
279071	0.0003915475497
279072	0.001299244715
279073	0.0002011632995
279074	0.004839070104
279075	0.002162298412
279076	0.005159899697
279077	0.004687365889
279078	0.000880469106
279079	0.006263509702
279080	0.0009842592776
279081	0.0005134574618
279082	0.001406698292
279083	0.001553976431
279084	0.001818435118
279085	0.0004845063198
279086	0.003038089136
279087	0.0008293338923
279088	1.828457161e-05
279089	0.001865661993
279090	0.000828114393
279091	0.002818302643
279092	0.001111221574
279093	0.002873770329
279094	0.0008567941396
279095	0.002408372876
279096	0.0008095227668
279097	0.002496249288
279098	0.000608761238
279099	0.001359416236
279100	7.906131456e-05
279101	0.003595837959
279102	0.003081873846
279103	0.0005229671777
279104	0.002598348474
279105	9.644393039e-05
279106	2.702927325e-05
279107	0.001022782043
279108	0.000785327234
279109	0.002420693623
279110	0.001041508947
279111	0.001012018768
279112	0.002698593441
279113	0.002468689568
279114	0.006549013956
279115	0.0008515260647
279116	0.002146294514
279117	0.001459849463
279118	0.001336512328
279119	0.002106931206
279120	0.002835915007
279121	0.001446008348
279122	0.002293530588
279123	0.0002724405753
279124	0.002119149669
279125	0.00156273599
279126	0.001144736954
279127	0.0003118461872
279128	0.0004477607968
279129	0.0006493781247
279130	0.001166548717
279131	0.0007399377727
279132	0.002467613092
279133	0.0001351544584
279134	0.001620648523
279135	0.0003870176989
279136	0.0004724091141
279137	0.001955213821
279138	0.002086163675
279139	0.001113697744
279140	0.002127211827
279141	0.001685980212
279142	0.001227526121
279143	0.00215662623
279144	0.002157421885
279145	0.0009169601782
279146	0.000153944053
279147	0.0005934309542
279148	3.53294766e-05
279149	0.0002715372106
279150	0.0001243080657
279151	0.002169701628
279152	0.0007928522886
279153	0.001290200939
279154	0.001476776278
279155	0.0008237400786
279156	0.0005831004179
279157	0.0005508882951
279158	0.0002235781279
279159	0.0006218620579
279160	0.001634657381
279161	0.002701329986
279162	0.0008642720278
279163	0.001658423377
279164	9.738416389e-06
279165	0.002854760592
279166	0.001158445659
279167	0.000750547321
279168	0.001423216188
279169	0.00326086858
279170	0.0002731532461
279171	0.002161136343
279172	0.001586051948
279173	0.000728848146
279174	0.001130445289
279175	0.0004691234673
279176	0.0006701010365
279177	0.001680883208
279178	0.002464581383
279179	0.001498741876
279180	0.000834448232
279181	0.0009084438147
279182	0.0007277099389
279183	0.001168096358
279184	0.001697007937
279185	0.001228899615
279186	0.0007174811289
279187	0.001023294111
279188	0.0008606192253
279189	0.0001580160817
279190	0.0006049336481
279191	1.431677795e-05
279192	0.002856939738
279193	4.672905639e-05
279194	0.00122241251
279195	0.0009097198222
279196	0.006487455133
279197	0.001624415059
279198	0.0009139984222
279199	0.002070245021
279200	3.14928612e-05
279201	0.001128125976
279202	0.000859309272
279203	0.002047052082
279204	0.001059293594
279205	0.001768174397
279206	0.001068803287
279207	0.0003216363303
279208	0.001607224048
279209	0.001733567457
279210	0.000630283623
279211	0.0006089247535
279212	0.001295162212
279213	0.001432317779
279214	0.002093226845
279215	0.0007281679511
279216	0.0002526507622
279217	0.0001986546421
279218	0.001629097237
279219	0.002886253116
279220	0.001057114969
279221	0.001335432792
279222	0.0004209624587
279223	0.002293531499
279224	0.001685854827
279225	0.002657137581
279226	0.001290992062
279227	0.001571852732
279228	0.0002521255419
279229	0.0002603486473
279230	0.0004986567802
279231	0.0008672615926
279232	0.0001043501603
279233	0.0007651272584
279234	0.0001115728821
279235	0.0004080114096
279236	8.876426808e-05
279237	0.0001609661799
279238	0.0004992561802
279239	0.0001875807841
279240	0.0001041684351
279241	0.0002549192519
279242	0.001339029321
279243	0.003021132519
279244	0.0001159119987
279245	0.0003447535981
279246	0.0007125864324
279247	0.001498205838
279248	0.0006646713785
279249	0.001913062469
279250	0.0003318626746
279251	0.0002248651635
279252	4.18349725e-05
279253	0.0005695764975
279254	0.0004141500059
279255	0.0003162960953
279256	0.0007055488213
279257	0.001401663197
279258	9.729979043e-05
279259	0.000520363126
279260	2.387898316e-05
279261	0.0008594843159
279262	6.407596256e-05
279263	0.001388301426
279264	0.000226662657
279265	0.0005291229173
279266	0.000475168956
279267	0.00146862808
279268	0.001345377798
279269	0.003456430538
279270	0.002764310336
279271	0.0001058141001
279272	0.00439031154
279273	0.002296804487
279274	0.005863714338
279275	0.0004591488685
279276	0.0006895307972
279277	0.005314116331
279278	0.004614560369
279279	0.008607310935
279280	0.005679302222
279281	0.004786638506
279282	0.0003691487164
279283	0.000660456351
279284	0.002565836676
279285	0.0005836728289
279286	0.002321555388
279287	0.003259767205
279288	0.001013013562
279289	0.001561699032
279290	0.00264789575
279291	0.001337491819
279292	0.001325529949
279293	0.0002634994512
279294	0.00206686411
279295	0.0001660595737
279296	0.001576862027
279297	0.002032305453
279298	0.001301439576
279299	0.001355732648
279300	0.0004267047774
279301	0.001414833852
279302	0.004835067188
279303	0.0004806810435
279304	0.001628351085
279305	0.0008757773964
279306	0.001156716072
279307	0.003635411485
279308	0.0001303408858
279309	0.001565465448
279310	0.003038520322
279311	0.003520745795
279312	0.002670329674
279313	0.00470207728
279314	0.001455278748
279315	0.0023966073
279316	0.0001555067199
279317	0.003143606563
279318	0.003962372803
279319	0.001543231871
279320	0.002749724488
279321	0.0004591691967
279322	0.0003844439371
279323	0.002345626782
279324	0.00112168111
279325	7.466497378e-05
279326	0.006041587088
279327	0.001089586432
279328	0.003018084465
279329	0.002697748701
279330	0.002017553651
279331	0.000278707458
279332	0.001958646237
279333	0.0007629411194
279334	0.003532531838
279335	0.00191996286
279336	0.00473812142
279337	5.063228295e-05
279338	0.0009104432042
279339	0.001036799013
279340	0.001388735395
279341	0.002731346137
279342	0.0004349101357
279343	0.0009643954964
279344	0.002232034229
279345	0.00259999405
279346	0.0004440523138
279347	0.000371890524
279348	0.002287945064
279349	0.001235500447
279350	0.003474540646
279351	0.0001037479964
279352	0.003507262809
279353	9.926296456e-05
279354	0.0003783319673
279355	0.00161309901
279356	0.002600756581
279357	0.002870607197
279358	0.001977437685
279359	0.001380955047
279360	0.002310890374
279361	0.003939354418
279362	0.000287292207
279363	0.0003657531517
279364	0.0004042830376
279365	0.001346152402
279366	0.0007695616478
279367	0.000882980385
279368	0.002918032898
279369	0.002621860466
279370	0.002379559809
279371	0.002738304388
279372	0.000199106073
279373	0.0006704557041
279374	0.0006957805442
279375	0.0001738023616
279376	0.0008541402319
279377	0.0007154671843
279378	6.665878636e-05
279379	0.0005803516172
279380	0.0006739295414
279381	0.0008287017588
279382	0.001792088804
279383	0.0003644630324
279384	0.00192323378
279385	0.001085198887
279386	0.001479914798
279387	0.002927968158
279388	0.001791244221
279389	0.002766273354
279390	0.000219686841
279391	0.001724316559
279392	0.002522004264
279393	9.61537244e-05
279394	0.000582827412
279395	1.14661039e-05
279396	0.001554349306
279397	0.0007534654898
279398	0.000974826627
279399	0.001942589536
279400	0.002017836408
279401	0.0006653734692
279402	0.003021078254
279403	0.002268066865
279404	0.002377047968
279405	0.001921385318
279406	0.005502227207
279407	0.001029988463
279408	0.001535193417
279409	0.003624749915
279410	0.0030841966
279411	0.004434400731
279412	0.001646268555
279413	0.002453491565
279414	0.0008080464064
279415	0.0007061442839
279416	0.0003080300809
279417	0.001439047212
279418	0.003630278399
279419	0.002340078438
279420	0.0009798769674
279421	0.001856453815
279422	0.0005944752449
279423	0.004131291922
279424	0.001835546942
279425	0.001611697358
279426	0.0005836875626
279427	9.280880346e-05
279428	0.003104704267
279429	0.0004701911619
279430	0.002728207749
279431	0.002063226883
279432	0.0007157767561
279433	0.001482889263
279434	0.0003788960206
279435	0.004273576738
279436	0.001666097145
279437	0.0004787815855
279438	0.0002517966706
279439	0.004658038721
279440	0.0004978886137
279441	0.0004177043666
279442	4.855770662e-05
279443	0.0005467692073
279444	0.00792529428
279445	0.006509007607
279446	0.001407520287
279447	0.0003843751343
279448	0.0002449170193
279449	0.0006504784809
279450	0.0009981639082
279451	0.001918819736
279452	0.0004389784157
279453	0.002525268479
279454	0.001191514589
279455	0.0007157241096
279456	0.002774833864
279457	0.007490000562
279458	0.002038731006
279459	0.002616644141
279460	0.0009999524463
279461	0.006078888953
279462	0.001548195554
279463	0.0003978682021
279464	0.005712867654
279465	0.001707442038
279466	0.001548035205
279467	0.0003703847607
279468	0.0006530655401
279469	0.00218631084
279470	0.0002056294899
279471	0.003379309943
279472	0.003354207882
279473	0.0007742710359
279474	0.0002654873341
279475	0.00176493334
279476	0.00143918164
279477	0.0007910439921
279478	0.003048224347
279479	0.002643287315
279480	0.001585010569
279481	0.001498919369
279482	0.004672708905
279483	0.0009434102168
279484	0.001925029886
279485	0.001230905533
279486	0.004919142479
279487	0.001097621671
279488	0.003949692775
279489	0.002341699949
279490	0.0003545568016
279491	0.0004326867092
279492	0.001832712627
279493	0.000786117309
279494	0.0006596287012
279495	0.0007720652719
279496	0.001035571526
279497	0.001002086097
279498	0.0002094090916
279499	0.001037707455
279500	0.003014564207
279501	0.001532834253
279502	0.001278558687
279503	0.0004205955328
279504	0.0003663808312
279505	0.0005109267677
279506	0.003110408126
279507	0.00116874451
279508	0.001209070856
279509	0.0008293735332
279510	0.0006835858659
279511	0.001824577458
279512	0.0006538279884
279513	0.0004520318513
279514	0.00193298794
279515	0.001448707926
279516	0.001084724747
279517	0.002780928005
279518	0.001940300788
279519	0.001783732462
279520	0.0013837566
279521	0.001239428643
279522	0.00149637077
279523	0.00202691082
279524	0.002019513196
279525	0.0005046505712
279526	0.001563980001
279527	0.0006149838918
279528	0.001371267875
279529	0.001524518741
279530	0.002905245113
279531	0.0002048751576
279532	0.00108723618
279533	0.0002209076258
279534	0.001880757023
279535	0.002575306155
279536	0.001245262341
279537	0.001386223583
279538	0.0005661102184
279539	0.0006384782514
279540	0.001719042778
279541	0.0001327728372
279542	0.0005078296161
279543	0.0002332299279
279544	0.002058389761
279545	0.001395798089
279546	0.001651039926
279547	0.00169214383
279548	0.0004035062667
279549	0.0005136126219
279550	0.0006010273475
279551	1.929927796e-05
279552	0.001172954623
279553	0.0006896069597
279554	0.001142882681
279555	1.87514363e-05
279556	0.00145994772
279557	0.0003777110639
279558	0.001727742555
279559	0.0008839624735
279560	0.0005936784046
279561	0.0009825614064
279562	0.004543773126
279563	0.0007414111925
279564	0.002134285511
279565	0.002878846925
279566	0.0001246700795
279567	0.0006031307213
279568	0.001864883299
279569	0.000996352656
279570	0.0007208685736
279571	0.0008472772877
279572	0.0006267640019
279573	0.003495736863
279574	0.003244336354
279575	0.0004193018454
279576	0.002344801204
279577	0.002640838533
279578	0.001092106966
279579	0.003249476824
279580	0.001014132935
279581	0.001643246133
279582	0.001902667368
279583	0.0007196434426
279584	0.0005304787555
279585	0.0009268708164
279586	0.0005198141427
279587	0.000107631978
279588	0.0008920110405
279589	0.001927268033
279590	0.001110119121
279591	0.003197166702
279592	0.0001006911887
279593	0.0005055865287
279594	0.002663065671
279595	0.0003654071558
279596	0.003708263313
279597	0.001759432567
279598	0.002728692642
279599	0.001862949762
279600	0.001526272384
279601	0.002017515913
279602	0.001040302009
279603	0.000585128445
279604	0.002040734331
279605	0.001021102363
279606	0.0001547023213
279607	0.00100071812
279608	0.0001740844733
279609	0.0005467930227
279610	0.002310319044
279611	0.0006001286905
279612	0.0008020356757
279613	0.001972841478
279614	0.003626952907
279615	0.003248747921
279616	9.786525084e-05
279617	0.003276262829
279618	0.0008253344268
279619	0.0007670105404
279620	0.004952446775
279621	0.005646325198
279622	0.001438266865
279623	0.003143303817
279624	0.0008793582611
279625	0.00133744123
279626	0.002711767417
279627	0.00121978576
279628	0.002750525409
279629	0.0003438446188
279630	0.00252165378
279631	0.0002000490963
279632	0.002632058543
279633	0.002126915488
279634	0.0007454221625
279635	0.003770626919
279636	0.005349479676
279637	0.002664310868
279638	0.000236618694
279639	0.001862272125
279640	0.003178049924
279641	0.004491266625
279642	0.00445886404
279643	0.005737494613
279644	0.006715028666
279645	8.545815195e-05
279646	0.0008000964983
279647	3.763107664e-05
279648	0.003466953019
279649	0.0004462740685
279650	0.002776754459
279651	0.003557387599
279652	0.001380403282
279653	0.0058747251
279654	0.002109941
279655	0.00406093507
279656	0.003531180115
279657	0.0006296353098
279658	0.004673874314
279659	0.001540221705
279660	0.000433205882
279661	0.0001546573482
279662	0.0002976013855
279663	0.0004095918588
279664	0.0003652843522
279665	0.0007026020625
279666	8.663719239e-06
279667	0.001071021014
279668	0.0006978597279
279669	0.001146054182
279670	0.003155980821
279671	0.000126057542
279672	0.003235866649
279673	0.0002371928076
279674	0.0002162186614
279675	0.0003647103293
279676	6.116007875e-06
279677	0.0008558795568
279678	0.0008779112202
279679	0.00500072748
279680	0.0008057081414
279681	0.001897433311
279682	0.00114634951
279683	0.0007328536136
279684	0.0001048622891
279685	0.001415254801
279686	0.002809917864
279687	0.003020293189
279688	0.002300742022
279689	0.0007581499856
279690	0.00033918021
279691	0.0007853060397
279692	0.004901442655
279693	0.00178488432
279694	0.001960119451
279695	6.728472931e-05
279696	0.001286427497
279697	0.000307401465
279698	0.0007144090058
279699	0.003572881522
279700	0.003610421719
279701	0.001282463979
279702	0.001725108781
279703	0.001332909691
279704	0.004087982621
279705	0.00305260704
279706	0.0009131266267
279707	0.0007568352607
279708	0.001972698448
279709	0.001445616979
279710	0.002956424489
279711	0.00211494675
279712	0.001884811762
279713	0.003240944361
279714	0.001331027209
279715	0.005841690375
279716	0.004790442067
279717	0.0006798414414
279718	0.000129546302
279719	0.002926539779
279720	0.001352200378
279721	0.001184797732
279722	0.002419202101
279723	0.004415104291
279724	0.0008837117538
279725	0.0002088080361
279726	0.0004075866066
279727	0.002265919905
279728	0.002511460978
279729	0.00244833147
279730	0.001562196834
279731	0.002874810397
279732	0.0001388761449
279733	0.006125691058
279734	0.0008867471349
279735	0.003987712993
279736	0.004396817268
279737	0.0001134600397
279738	0.001243571683
279739	0.001962179996
279740	0.001596036525
279741	0.002284397978
279742	0.00190160422
279743	0.003520493993
279744	0.001654502724
279745	0.001144194591
279746	0.00138467658
279747	0.002482211916
279748	2.955728745e-05
279749	0.001692439871
279750	0.004346579774
279751	0.002308907814
279752	9.430228054e-06
279753	0.000868283626
279754	0.002853126425
279755	1.933690456e-05
279756	0.002574161822
279757	0.0006992643805
279758	0.001571500232
279759	0.006580994583
279760	0.002125058417
279761	0.001047841512
279762	0.00613393243
279763	0.0005815148833
279764	0.002434338305
279765	0.0002323264474
279766	0.002645173222
279767	0.003615606975
279768	0.0001839296982
279769	0.003452524105
279770	0.0008853815346
279771	0.001722881781
279772	0.001277253097
279773	0.003524970522
279774	0.003359001296
279775	0.001208941821
279776	0.0005780061694
279777	0.001583635147
279778	0.001205126731
279779	0.0007302775028
279780	6.822405143e-05
279781	0.0002045225842
279782	0.003117989146
279783	0.001750275569
279784	0.0008642501761
279785	0.001343168614
279786	0.001182626997
279787	0.00140595618
279788	0.002323186233
279789	0.0006853625341
279790	1.835864629e-05
279791	0.0003431878444
279792	0.00422180027
279793	0.001127675701
279794	0.001924901347
279795	0.001803572716
279796	0.007755544198
279797	0.001961754369
279798	0.002779435746
279799	0.00308450448
279800	0.001631364977
279801	0.003358463262
279802	0.002377066561
279803	0.003187117757
279804	0.001899838263
279805	0.002713762763
279806	0.002446762898
279807	0.002142577875
279808	0.003355938827
279809	0.001667493123
279810	0.00458457114
279811	0.0001945774162
279812	0.005058842333
279813	0.001159814298
279814	0.00201628447
279815	0.005567234373
279816	0.006528109298
279817	0.001132929226
279818	0.002437666405
279819	0.004774030086
279820	0.0006072321817
279821	0.0006764124334
279822	3.510769616e-05
279823	0.004983522396
279824	0.0006539056448
279825	0.003897821717
279826	0.002167507513
279827	0.002078609883
279828	0.000795185041
279829	0.0009038700824
279830	0.00514339647
279831	0.0009991914998
279832	0.003471450296
279833	0.004252148003
279834	0.001070459232
279835	0.0003243105007
279836	0.002166425184
279837	0.004509593552
279838	0.005837990689
279839	0.001366791126
279840	0.0001390515743
279841	0.000490284433
279842	0.0004163704536
279843	0.003331029714
279844	0.0003003303199
279845	0.0005728960136
279846	0.0004571340659
279847	0.00126814125
279848	0.005211237372
279849	0.00216069127
279850	0.000140191585
279851	0.0008862469582
279852	0.0001473218115
279853	0.0009968991123
279854	0.002700557387
279855	0.001256811673
279856	0.003500595183
279857	0.002562439746
279858	0.0001838885183
279859	0.001911711744
279860	0.004171262549
279861	0.0001524860534
279862	0.0001206460668
279863	0.0007270459761
279864	4.82629108e-05
279865	0.0005667787609
279866	0.003307705223
279867	0.001280937704
279868	0.00081875802
279869	0.004437845763
279870	0.001123736672
279871	0.0004295347701
279872	0.002825498036
279873	0.001964178472
279874	0.0007128599196
279875	0.001258110397
279876	0.002725809808
279877	0.00119292659
279878	5.792029031e-05
279879	0.004233802426
279880	0.001074369611
279881	0.0003203850124
279882	7.904226245e-06
279883	0.0007969804336
279884	0.002799345006
279885	0.004895374986
279886	0.002974609205
279887	0.001194794703
279888	0.002959354906
279889	0.000504435317
279890	0.0007556621773
279891	0.002188358295
279892	0.006125976513
279893	0.001765021037
279894	0.0004253151591
279895	0.004247160553
279896	0.0007457151349
279897	0.000850977977
279898	0.0009734891518
279899	0.005976261203
279900	0.003249832981
279901	0.0001935204623
279902	0.003871702041
279903	0.0001735383209
279904	4.033724411e-05
279905	0.00218224953
279906	0.002864159852
279907	0.001283852224
279908	0.002812353181
279909	0.001834885749
279910	0.001079018609
279911	0.003449482868
279912	0.001338285239
279913	0.002184768557
279914	0.001649424935
279915	0.0001399208445
279916	0.002954561211
279917	0.00343289479
279918	0.0006749271038
279919	0.0004197644453
279920	0.0001073119831
279921	0.0009079100716
279922	0.0007732976572
279923	0.001803084982
279924	0.001141058542
279925	0.0003223521025
279926	0.001534075822
279927	0.001809556418
279928	0.001918681007
279929	0.00411414815
279930	0.004729896097
279931	0.001276398206
279932	0.0005034923546
279933	0.0004109567057
279934	0.001201096197
279935	0.0001491874382
279936	0.001982975439
279937	0.0005560051248
279938	0.003477062805
279939	0.0007184649698
279940	0.001122115992
279941	0.006243063119
279942	0.006224461371
279943	7.782766419e-08
279944	0.008356943682
279945	6.627217813e-05
279946	0.005703356968
279947	0.004896385327
279948	0.003545787961
279949	0.001269257323
279950	6.493181759e-08
279951	0.000347877507
279952	0.005631151106
279953	0.007245045089
279954	0.004111735564
279955	0.004851131217
279956	0.0009673732763
279957	0.00124770888
279958	0.0006843477912
279959	0.001757708966
279960	0.001566956783
279961	0.001025513999
279962	0.0002779360871
279963	0.0002956515133
279964	0.002371133181
279965	0.001481426171
279966	0.001793943428
279967	0.002468562277
279968	0.002308961985
279969	0.00179120943
279970	0.0009267148541
279971	0.003932827398
279972	0.002786560402
279973	0.0007481671122
279974	0.002563571121
279975	0.002287727457
279976	0.0003952871335
279977	0.000280556402
279978	0.001302642596
279979	0.002004827941
279980	0.002342516364
279981	0.0002967543696
279982	0.006241805321
279983	0.009043963306
279984	0.0005314215156
279985	0.00236073293
279986	0.000678837562
279987	0.0002379865736
279988	0.0004392361732
279989	0.001971332581
279990	9.637015268e-05
279991	6.485923312e-05
279992	8.487291846e-05
279993	6.76713284e-05
279994	0.001537002206
279995	0.002887560515
279996	0.001240001283
279997	1.881990533e-05
279998	0.0004877344201
279999	0.001305566969
280000	0.001373577725
280001	0.005021438181
280002	0.001573603589
280003	0.0007225041883
280004	0.0008032282332
280005	0.00353248901
280006	0.00371071225
280007	0.00245002456
280008	0.003587326381
280009	0.004984541994
280010	0.002045178103
280011	0.0008290053601
280012	0.0005403493753
280013	0.0005115241646
280014	0.003758439397
280015	0.001143446467
280016	0.003817630421
280017	0.002206641227
280018	0.0002829885689
280019	0.0005421850049
280020	0.0006789565145
280021	0.001719123108
280022	0.001015504677
280023	0.0005965986564
280024	0.00156761275
280025	0.0001443370441
280026	0.00171689021
280027	0.001161298578
280028	0.000170824297
280029	0.0003188379165
280030	0.004644209375
280031	0.00178308148
280032	0.0003722931891
280033	0.0009207462641
280034	0.004585067897
280035	0.002183942619
280036	0.0008773879026
280037	0.0004952466797
280038	0.004056672949
280039	0.001825850196
280040	0.001033370955
280041	0.003996721496
280042	0.005845321413
280043	0.000292325112
280044	0.0007717951579
280045	0.003424430102
280046	0.003463040492
280047	0.001098087752
280048	0.003863794146
280049	0.001465084323
280050	0.005012827849
280051	0.001718223337
280052	0.0001132499064
280053	0.001448899778
280054	0.004253627834
280055	0.002895959951
280056	0.001599198017
280057	0.003030336753
280058	0.00278809396
280059	0.002185592532
280060	0.0001022590339
280061	0.0006526168289
280062	0.003413940687
280063	0.001142891507
280064	0.001951582865
280065	0.001440427617
280066	0.002041889108
280067	0.002815646323
280068	0.0006235170092
280069	0.002423652349
280070	0.001818485016
280071	0.0007770585042
280072	0.00130252487
280073	0.0009912298814
280074	0.005347152262
280075	1.497245793e-05
280076	0.004538628419
280077	0.0001992571704
280078	0.001774746384
280079	0.00358921659
280080	0.002801302277
280081	0.0005893404401
280082	0.0002599563414
280083	0.002589729354
280084	0.00251448399
280085	0.001886798913
280086	0.003772785444
280087	0.004769513688
280088	0.001027755547
280089	0.0001431720051
280090	0.004630796232
280091	0.004512520032
280092	0.003247122408
280093	0.0005237389299
280094	0.003714868112
280095	0.00659055533
280096	0.005192994967
280097	0.006332489447
280098	0.003179075769
280099	0.0004795679557
280100	0.0003842036093
280101	0.003595958435
280102	0.004709453747
280103	0.001317223448
280104	0.002856057868
280105	0.0008440464815
280106	0.002210688697
280107	0.004727693072
280108	0.0007825870858
280109	0.001556993131
280110	0.0002238727401
280111	0.001896255374
280112	0.003900790568
280113	0.0006566548635
280114	0.003705576604
280115	0.003322387005
280116	0.0003370271596
280117	0.0004781943273
280118	0.0005968493888
280119	0.0007388632332
280120	0.0004656392254
280121	0.004454390742
280122	0.004547148863
280123	0.001320071248
280124	0.0007245785846
280125	0.002519253496
280126	0.002467995471
280127	0.003418394185
280128	1.747216041e-05
280129	7.660602159e-05
280130	0.001013493521
280131	0.003796637603
280132	0.0006406328091
280133	0.002806987711
280134	0.0001163577639
280135	0.0002535736236
280136	0.003456036407
280137	0.00232935031
280138	0.0001921968574
280139	0.003822502979
280140	0.0001345642829
280141	0.003165917261
280142	0.001609522907
280143	0.0007594213111
280144	0.0005087141178
280145	0.0001639053527
280146	1.557240558e-05
280147	0.0004990229794
280148	0.0008515226889
280149	0.002661970472
280150	0.002838519652
280151	0.002621651453
280152	0.001389615203
280153	0.001248120842
280154	0.0009742387281
280155	0.008204298832
280156	0.00170676735
280157	0.001343742648
280158	0.002403305882
280159	0.00231317759
280160	0.001155588123
280161	0.001748314862
280162	0.000251272279
280163	0.001546285304
280164	0.003418115635
280165	0.002610132663
280166	0.00104338658
280167	0.0003133655603
280168	0.001432364955
280169	0.0007481746802
280170	0.002258071322
280171	0.001477599598
280172	0.0008339259115
280173	0.001580501419
280174	0.0009994674389
280175	0.003148971389
280176	0.001343209966
280177	0.00228096692
280178	0.00136529717
280179	0.0008849515696
280180	0.001551861729
280181	0.0002084283697
280182	0.001389318936
280183	0.001672694229
280184	0.003553639979
280185	0.0018654427
280186	0.001599805828
280187	0.001130599961
280188	4.074715373e-06
280189	3.973049524e-06
280190	0.003346470918
280191	0.003323958529
280192	0.003058531188
280193	0.0002732079759
280194	0.00161692306
280195	0.001206574817
280196	6.843118864e-05
280197	0.003329797106
280198	0.00191993572
280199	0.003137581989
280200	0.002713339672
280201	0.003286651502
280202	0.002214806251
280203	0.001830951687
280204	0.002528575684
280205	0.0006088763075
280206	0.0003694183648
280207	0.001208751083
280208	5.352763027e-06
280209	0.001415503806
280210	0.0009833314337
280211	0.003458948565
280212	0.002155370076
280213	0.001616627674
280214	0.0008794960449
280215	0.0008496993103
280216	0.003173882791
280217	0.0004350871413
280218	0.001533392848
280219	0.0003632096569
280220	0.001318384399
280221	0.003176449948
280222	0.001351455416
280223	0.005078780105
280224	0.002841889926
280225	0.0006202385343
280226	0.0001762049848
280227	8.764840123e-05
280228	0.003468792376
280229	0.007897793993
280230	0.002358650336
280231	0.001363738187
280232	0.001930595482
280233	0.003473373591
280234	0.001966232125
280235	0.004815482572
280236	0.004466771884
280237	0.00471705887
280238	0.002297649662
280239	0.003025128964
280240	0.0003991889735
280241	0.002777125897
280242	0.002501243986
280243	0.003795430477
280244	0.002876058474
280245	0.001540857484
280246	0.0008649274243
280247	0.0002533882242
280248	0.0006909267127
280249	0.001367634808
280250	0.001502502183
280251	0.00235279438
280252	0.0001884455681
280253	0.001965923721
280254	0.002812193409
280255	0.003786171167
280256	0.002433701856
280257	0.001929822392
280258	0.000185201375
280259	0.0004046917925
280260	0.0001605360871
280261	0.001531035027
280262	2.169421235e-05
280263	0.0007133987102
280264	0.003123303107
280265	0.0004951120723
280266	0.001353625909
280267	0.001007189583
280268	6.189759607e-05
280269	0.0005825863695
280270	0.002335112371
280271	0.001561556774
280272	0.0007738571489
280273	0.003287974895
280274	0.0006951504589
280275	0.001463922569
280276	0.001373712203
280277	0.0002499623444
280278	0.00455296404
280279	0.001404520298
280280	0.0009056045065
280281	0.001284653559
280282	0.0007785920263
280283	0.0005412654155
280284	0.002061992361
280285	0.002411726625
280286	0.0008054376611
280287	0.0008956309392
280288	0.001276613218
280289	0.003569054338
280290	0.003119191374
280291	0.0002984803391
280292	0.0003703896906
280293	0.0007690891831
280294	0.005028058583
280295	0.000954668432
280296	0.0004457374236
280297	0.003010049576
280298	0.002705576261
280299	0.00241360476
280300	0.001456175016
280301	0.0009068709172
280302	0.00166027099
280303	0.0006316796094
280304	0.003419287593
280305	0.002575314189
280306	0.003020880854
280307	0.001578370523
280308	0.000377617071
280309	0.002744691826
280310	0.002620858847
280311	0.002932452104
280312	0.001642718642
280313	0.001152449822
280314	0.002237838449
280315	0.001068863269
280316	0.0006668591975
280317	0.002299073207
280318	0.0004635059862
280319	0.002236340641
280320	0.002378211713
280321	0.00131562683
280322	0.001313699686
280323	0.0007836301936
280324	0.0004628549432
280325	0.001402697918
280326	0.003578605213
280327	0.002043851905
280328	0.00366231852
280329	0.002090063071
280330	0.002443294314
280331	0.001780442539
280332	3.603535059e-05
280333	0.002173619649
280334	0.0009612421391
280335	0.0008443573223
280336	0.0005241403776
280337	0.003194673724
280338	0.0007202640577
280339	0.001451131852
280340	0.0002881913927
280341	0.0002080367359
280342	0.00205984153
280343	0.002218062805
280344	0.005948768128
280345	4.756911602e-05
280346	0.002131072121
280347	0.0003876669407
280348	0.002226940893
280349	0.002490238141
280350	0.001079909973
280351	0.001941428304
280352	0.003599321625
280353	0.001031368375
280354	0.0005102844316
280355	0.006932334056
280356	0.0005788564693
280357	0.001937816611
280358	0.00330988066
280359	0.0004433650991
280360	0.0005249841053
280361	0.005177734134
280362	0.000205752374
280363	0.001132367099
280364	0.002055168556
280365	0.0001205629121
280366	0.00326983976
280367	0.003678422415
280368	0.003555868065
280369	0.0008355093759
280370	0.000709290468
280371	0.002695760129
280372	0.0008203844779
280373	0.003646799629
280374	0.004695957834
280375	0.001701484426
280376	0.0006450482085
280377	0.004635001954
280378	0.002631228921
280379	5.224826694e-05
280380	0.0007404049126
280381	0.0004611113939
280382	0.0002461268237
280383	0.004621719978
280384	3.918310678e-05
280385	0.0001393308113
280386	0.003303587353
280387	0.001521266437
280388	0.001379643399
280389	9.776364319e-06
280390	0.0007251749904
280391	0.0004504302309
280392	0.006137507709
280393	0.0007438126621
280394	0.0009871991369
280395	0.0005991858288
280396	0.008558524299
280397	0.003794471461
280398	0.001565888874
280399	0.002309389568
280400	0.002669280795
280401	0.001677923493
280402	0.001657941405
280403	0.001224530983
280404	0.001152104346
280405	0.00437049775
280406	1.000164315e-05
280407	0.004926754238
280408	0.001693189771
280409	0.001234872039
280410	0.003344931357
280411	0.0003844679942
280412	0.005449017213
280413	0.001820574004
280414	0.003022764454
280415	0.0005224853787
280416	0.0001934592646
280417	0.002839385191
280418	0.00310173715
280419	0.003119879092
280420	0.0004189803094
280421	0.002392110172
280422	0.0005941178903
280423	0.0040843855
280424	0.0034706688
280425	0.004147613608
280426	0.00317208487
280427	0.005047010684
280428	0.0004520446863
280429	0.0006443602838
280430	0.002900909441
280431	0.00147632011
280432	0.001324518901
280433	0.000169062749
280434	0.0005596122879
280435	0.002430011561
280436	0.001774462785
280437	0.003283430671
280438	0.000125070027
280439	0.0017524735
280440	0.001899800907
280441	0.000650078481
280442	0.001426895718
280443	0.001065439089
280444	0.002131594854
280445	0.001376151078
280446	0.004695080265
280447	0.002879849728
280448	0.001809040455
280449	8.176733962e-05
280450	0.001474168533
280451	0.003127780515
280452	0.0009857451306
280453	0.0007684881734
280454	0.001553583287
280455	0.000652378652
280456	0.0005058887988
280457	0.004025804026
280458	0.004752169358
280459	0.003939206381
280460	0.002044627505
280461	0.002912933572
280462	0.00224214142
280463	0.0007074215603
280464	7.012580686e-05
280465	8.798163084e-05
280466	0.003025739415
280467	0.002653163422
280468	0.007296662609
280469	0.003766502072
280470	0.004893883274
280471	0.001008935493
280472	0.000352133307
280473	0.0007503156881
280474	0.0008659858012
280475	0.001395424139
280476	0.0006727760035
280477	0.0005331534109
280478	0.0046746204
280479	0.0008344395319
280480	0.004830351004
280481	0.00175806624
280482	0.0009045431629
280483	0.0005825510356
280484	2.962245659e-05
280485	0.003975117708
280486	0.001371254635
280487	0.001649651144
280488	0.002880634386
280489	0.002140764737
280490	0.0008378309988
280491	0.001186429738
280492	0.003512108795
280493	0.002619042443
280494	0.0001345227768
280495	0.0009605082802
280496	0.001838945981
280497	0.003500703216
280498	0.0003100662031
280499	0.002071578341
280500	0.003906130316
280501	0.00177705627
280502	0.001353918547
280503	0.004176233478
280504	0.0008812667701
280505	0.001793773256
280506	0.001294952176
280507	0.0008068134937
280508	0.001132864664
280509	0.00334126828
280510	0.001466809786
280511	0.0004389775877
280512	0.004264442478
280513	0.002763999114
280514	0.002912029996
280515	0.002812474278
280516	0.004412680738
280517	0.001660204564
280518	0.004069481012
280519	0.004662611271
280520	0.003567751331
280521	0.0007890358256
280522	0.002691739342
280523	0.0008340321778
280524	2.168658981e-05
280525	0.0002730811533
280526	0.000425859712
280527	0.0004668569767
280528	0.0007138675029
280529	0.0005929314027
280530	0.0004242210596
280531	0.001054346306
280532	0.0008028849651
280533	0.000141239556
280534	0.001295516416
280535	0.0005533053709
280536	0.0006651270483
280537	0.001455450207
280538	0.0004172337698
280539	0.004674432245
280540	0.0004196305
280541	0.001053673494
280542	0.001121033638
280543	0.0007057873504
280544	0.0002907294257
280545	0.001811345736
280546	0.0009531485936
280547	0.000204791134
280548	0.0005833177118
280549	0.001007837602
280550	0.0002523144077
280551	0.001152269881
280552	0.0004563369899
280553	0.000450445411
280554	0.0001694451502
280555	0.0001980712504
280556	0.0009322351163
280557	0.0004990558164
280558	0.0002968605479
280559	0.0002801610073
280560	0.0001359373077
280561	0.001060019351
280562	0.001508758646
280563	0.0003095961346
280564	5.205526263e-05
280565	0.0001412187712
280566	0.0001314683431
280567	0.0008562029989
280568	0.0005960821561
280569	0.0002561189405
280570	0.0004266294853
280571	6.890855764e-06
280572	0.0002910870847
280573	7.455449341e-05
280574	0.000104915077
280575	0.0001085713955
280576	0.0001066775565
280577	0.0004233517879
280578	0.0008820370234
280579	0.0009076585622
280580	0.0002545588653
280581	0.0005672113296
280582	0.0002180966439
280583	0.0002872532737
280584	0.0008439668284
280585	9.523405083e-05
280586	0.0002611578177
280587	0.0005151407751
280588	0.0002139481327
280589	0.0004211449536
280590	0.0003227542459
280591	0.0004300386346
280592	0.001241209641
280593	0.0002246110085
280594	0.001173981015
280595	0.0005622778488
280596	0.0008421550983
280597	0.0002826027463
280598	0.0004945412187
280599	0.0006823459479
280600	0.0002578028054
280601	0.0001424657416
280602	0.0001259553805
280603	0.0009252271203
280604	0.0002181968637
280605	0.0004749745971
280606	0.000255838241
280607	0.0001466265635
280608	0.0001082943244
280609	8.05917147e-06
280610	0.0003943139106
280611	2.122852895e-05
280612	0.0008066302615
280613	0.0001375899625
280614	0.0009342305205
280615	0.0004544038341
280616	0.0005960581972
280617	0.000850180362
280618	0.001193950623
280619	0.001683477203
280620	0.0004936921867
280621	0.0003047665058
280622	0.002190961312
280623	0.0003343719297
280624	0.0006230635979
280625	0.0004732284771
280626	0.0003547476361
280627	0.0005030667041
280628	0.001198207209
280629	0.0003828735707
280630	0.0007193880451
280631	0.001734227246
280632	0.0005632979378
280633	0.001604472461
280634	0.0003606147107
280635	0.001533111961
280636	0.0002037156416
280637	0.0004689291572
280638	0.0005744134524
280639	0.0004663619983
280640	9.021223538e-05
280641	0.000774335752
280642	0.00137440195
280643	0.0003171896869
280644	0.0008658360771
280645	0.0005456623107
280646	0.0007775917421
280647	0.0003536506441
280648	0.0003406679114
280649	0.000396763408
280650	0.0003661840054
280651	0.0003363221147
280652	0.0001995251204
280653	0.001981163691
280654	0.0003407362996
280655	0.001066314917
280656	4.674761891e-05
280657	0.001133958022
280658	0.0007203231163
280659	0.0007842271151
280660	5.733352833e-05
280661	0.0005254941105
280662	0.0005566777529
280663	0.0003705951449
280664	0.00037782018
280665	0.0002198202066
280666	0.0008561135707
280667	0.0005611385058
280668	0.0001252326742
280669	1.015586008e-05
280670	0.0009377743175
280671	0.000444345749
280672	0.0003914393431
280673	0.0009041625226
280674	0.0003383784739
280675	0.001709412172
280676	0.0002868806096
280677	0.0006652497103
280678	0.001257281303
280679	0.0003658305504
280680	0.0005715811474
280681	0.0006878903636
280682	0.000392294695
280683	0.0006429969484
280684	0.0007092227969
280685	0.001819853845
280686	0.0002879910737
280687	0.0004007240106
280688	0.0007231075973
280689	0.0003601021415
280690	0.0002043473066
280691	0.0005620269369
280692	0.0003589210063
280693	0.0004155261277
280694	0.0006148894005
280695	0.000539863646
280696	0.0002810310428
280697	0.00020824618
280698	0.0005638932903
280699	0.0003988986757
280700	0.0001859808278
280701	2.747921043e-05
280702	0.0006457782344
280703	0.0009108994719
280704	3.75568607e-05
280705	0.0006747453651
280706	0.000682476126
280707	0.001172022778
280708	0.0005005097076
280709	0.0004760315361
280710	0.0004084549766
280711	0.001611800746
280712	0.000314073777
280713	0.000190159591
280714	0.0005343515201
280715	0.0004418347138
280716	0.0002634162635
280717	0.0008107961517
280718	0.000207177524
280719	0.0008134995102
280720	0.0001589633016
280721	0.0004781078517
280722	0.0006959071852
280723	0.0004684724161
280724	0.000294718224
280725	0.0005435060188
280726	0.0004479015326
280727	0.0002398723439
280728	0.001325929304
280729	0.0001377250206
280730	0.0007838727621
280731	4.417447469e-05
280732	0.0008001480371
280733	0.0002271691183
280734	0.0004312487752
280735	0.0003185278189
280736	0.000698788229
280737	0.0001827439844
280738	0.0007761466112
280739	4.926366275e-05
280740	9.00313412e-05
280741	0.0003702857523
280742	0.0009201278804
280743	0.0003037574034
280744	0.0002468481432
280745	0.0007104088114
280746	0.0005253826194
280747	0.000791656915
280748	0.000547173683
280749	0.0001062963474
280750	5.130514993e-05
280751	9.265301976e-06
280752	0.0003163862642
280753	0.0004153002544
280754	0.0001545951119
280755	5.45874049e-05
280756	0.0006328338023
280757	0.0001986384839
280758	0.0002052042849
280759	0.0001843841953
280760	0.001063891999
280761	0.0003229207567
280762	0.0009714162839
280763	0.0003668327535
280764	0.001071961269
280765	0.0002377893483
280766	0.0006093992012
280767	0.0004471924205
280768	0.0002535277717
280769	4.363521669e-05
280770	0.000153924303
280771	5.790539779e-05
280772	0.0004028936143
280773	0.0002184443928
280774	0.0006143561636
280775	0.0001502055807
280776	0.0003832431985
280777	0.0004496296959
280778	0.0001617104691
280779	0.0003340648911
280780	0.0002774775676
280781	0.0004163649072
280782	0.0002238087434
280783	0.0001762671577
280784	0.00133445923
280785	0.0002545795352
280786	0.0004793692956
280787	0.0003276239486
280788	0.0004093044183
280789	0.000217636166
280790	0.0001731683839
280791	0.0008548044562
280792	0.0002842862648
280793	1.304232829e-05
280794	0.0007149237865
280795	0.0004162528731
280796	0.0002223380757
280797	0.0009290420304
280798	0.000408351597
280799	0.0004032548651
280800	0.00106845578
280801	0.0006364919216
280802	9.410176329e-05
280803	0.000667322895
280804	0.001004673885
280805	7.706213661e-05
280806	0.0008702553196
280807	0.0001217864851
280808	0.0004019677012
280809	0.0002487364668
280810	0.0001261415852
280811	6.299845178e-05
280812	0.0004245338635
280813	0.0002333734072
280814	0.0003030953087
280815	0.0002132869588
280816	0.0006190805251
280817	8.033465612e-05
280818	0.0009042039826
280819	0.0005368332297
280820	0.001288603904
280821	0.000330101228
280822	0.0008485282888
280823	0.0001670389549
280824	0.0002572639168
280825	0.0009167951344
280826	0.0004823895477
280827	0.0008590822154
280828	0.0003357522247
280829	0.0004427475945
280830	0.0008942123249
280831	0.0001713829372
280832	0.001300677682
280833	0.0004263503188
280834	0.001387749656
280835	8.177937086e-05
280836	0.0007292793495
280837	0.0002887014302
280838	0.000532566054
280839	0.001008698738
280840	0.0005212323869
280841	0.0003342143
280842	0.0008773073321
280843	8.245718858e-05
280844	8.020402363e-05
280845	0.0008009284053
280846	0.0003984317161
280847	0.0005717320711
280848	4.588861348e-06
280849	0.0003823309767
280850	0.0003915689329
280851	0.0005172180197
280852	0.0004394764896
280853	0.0009867510791
280854	0.0009443464829
280855	0.0003348832821
280856	0.0005117025544
280857	0.0001649275886
280858	0.003243364422
280859	0.0002903457789
280860	0.0008532667735
280861	0.0002779566567
280862	0.001001189777
280863	0.0004952222836
280864	0.0002055113708
280865	0.000126899268
280866	0.0004957397483
280867	0.001114497407
280868	0.0003352244008
280869	0.0004524118866
280870	8.711407461e-05
280871	0.003224690804
280872	0.0001661714019
280873	0.0001078099808
280874	0.000853269352
280875	0.0001278209499
280876	0.0006212138719
280877	0.0008505546526
280878	0.0005454536169
280879	0.0003146319964
280880	8.14785988e-05
280881	0.0006172532643
280882	0.0006014649594
280883	0.003667369055
280884	0.00265277569
280885	0.00291047448
280886	0.002601385797
280887	0.0009581385942
280888	0.001111518163
280889	0.002218934982
280890	0.002819402897
280891	0.0006768996796
280892	0.003634183929
280893	0.001455278929
280894	0.001430754415
280895	0.003971353558
280896	0.005456807754
280897	0.0001505725919
280898	0.0002945628073
280899	0.001285312005
280900	0.0006505733098
280901	0.0009542349803
280902	0.001995041972
280903	0.005436603882
280904	0.0003891609347
280905	0.004573057152
280906	4.883415146e-05
280907	0.0002973787055
280908	0.004041374855
280909	0.0001323506977
280910	0.002058379148
280911	0.001318743004
280912	0.0032410036
280913	0.0008467035467
280914	0.001342683703
280915	0.002127336703
280916	0.0006560464079
280917	0.0004320785637
280918	0.0005806269143
280919	0.004896684412
280920	0.003375982672
280921	0.001698727132
280922	0.001436134827
280923	0.0001401008058
280924	0.0005756806561
280925	0.001784745979
280926	0.0006078692959
280927	0.001845147247
280928	0.003223134085
280929	0.0009660919154
280930	0.002469394557
280931	0.002298348442
280932	0.002620281067
280933	0.003373979627
280934	8.6346153e-05
280935	0.001764689946
280936	0.000505001734
280937	3.213416397e-05
280938	0.003186380978
280939	0.002535109799
280940	0.002857764167
280941	0.001220025075
280942	0.004452522673
280943	0.0006848159021
280944	0.005197640187
280945	0.0005933093705
280946	0.001020490667
280947	0.0003849503186
280948	0.004972954511
280949	0.0008792066748
280950	0.001828949679
280951	0.004088161219
280952	0.001814656023
280953	0.0002031647686
280954	0.0009997999342
280955	0.001720550135
280956	0.004267601956
280957	0.002889903322
280958	0.0002097352595
280959	0.001432179808
280960	0.001475700541
280961	0.0003050949277
280962	0.002377496272
280963	0.002180695511
280964	0.005528078122
280965	9.126786339e-05
280966	0.0003644958757
280967	0.001855899014
280968	0.001886445629
280969	0.0004321367735
280970	0.0002458496424
280971	0.0001121771179
280972	0.0006319853421
280973	0.003301050656
280974	0.0009955846929
280975	0.001052111015
280976	0.001864839735
280977	0.002789215031
280978	0.00188168617
280979	0.003416043744
280980	0.002250647994
280981	8.436091065e-05
280982	0.003077129071
280983	0.002067270842
280984	0.0004128309378
280985	0.004515845455
280986	0.002870592899
280987	0.003774633953
280988	0.0005426829524
280989	0.00139231355
280990	0.003751952748
280991	0.002430351655
280992	0.002726667797
280993	7.124290524e-05
280994	0.001147819548
280995	0.003691970192
280996	0.0005085468842
280997	0.001144097179
280998	0.002902540658
280999	0.003562255102
281000	0.002260146995
281001	2.793833358e-05
281002	0.003186628957
281003	0.001032908108
281004	0.0001928161938
281005	0.0029856019
281006	0.001722019117
281007	0.0002111872679
281008	0.0009752498094
281009	0.003746634364
281010	0.008185281259
281011	0.0002159199976
281012	0.0003408850451
281013	0.003497647614
281014	0.001793327181
281015	0.002756301797
281016	0.0004676437653
281017	0.003531895308
281018	0.003356765634
281019	3.553119148e-05
281020	0.001022730745
281021	0.004573491833
281022	0.001805898227
281023	0.0005314228516
281024	0.007447841049
281025	0.001067516771
281026	0.003071821115
281027	0.001382362201
281028	0.0009480788546
281029	0.002316338434
281030	0.0001015005918
281031	0.0010306048
281032	0.003438073101
281033	0.0004742179206
281034	0.003795390329
281035	0.0008426612629
281036	0.0009421688322
281037	0.001521952581
281038	0.0006779694103
281039	0.003485546192
281040	0.001631952631
281041	0.000824408604
281042	0.000343981707
281043	0.0004121916862
281044	0.001364657264
281045	0.0007915475546
281046	0.000396267293
281047	0.0003231957268
281048	0.0009477378095
281049	0.0001812695762
281050	0.0003483056486
281051	0.0004015641562
281052	0.001000388818
281053	0.001992346819
281054	0.002476295407
281055	0.0004169667515
281056	0.0004289457496
281057	3.586570149e-05
281058	0.000303614252
281059	0.001780923077
281060	0.0002023919484
281061	0.0001966467293
281062	9.319964537e-05
281063	0.001331288505
281064	0.0002840648113
281065	0.0002092326388
281066	0.001913968927
281067	0.001285808502
281068	0.0009942336093
281069	0.0001669166723
281070	0.0009407384936
281071	0.0001183621612
281072	0.0008514847981
281073	0.003081852219
281074	0.000821544904
281075	0.00213464486
281076	0.000554311023
281077	0.0002453142707
281078	0.0005396442783
281079	0.0002597275794
281080	0.001024950508
281081	0.0002996185802
281082	0.0001065236183
281083	0.001021785704
281084	0.0001249066069
281085	0.0004014378683
281086	0.000465241909
281087	0.0009943695483
281088	0.005639159765
281089	0.0004266334919
281090	0.0006816480609
281091	0.0004829953957
281092	0.0007830641821
281093	0.0004281431832
281094	0.00170772331
281095	0.002085731046
281096	0.00027205548
281097	0.0007113527216
281098	0.002075963671
281099	0.0001322601279
281100	0.0003222742512
281101	0.0006714392929
281102	0.0005510216747
281103	0.0002530037717
281104	0.0009200620751
281105	0.0003890261086
281106	0.0002275007691
281107	0.00136949155
281108	0.0002174561741
281109	0.001064007862
281110	0.0006070346145
281111	0.0005080158204
281112	0.002133936886
281113	6.9200841e-05
281114	0.0008305988061
281115	0.0006194641832
281116	0.0005675213145
281117	7.519984922e-05
281118	0.0002643243487
281119	0.000316131901
281120	0.001209468306
281121	0.0002834356358
281122	0.00068566834
281123	0.001609264514
281124	0.001624444712
281125	0.0003085513228
281126	0.0009887318875
281127	0.001534805826
281128	0.0005616886429
281129	0.001559501441
281130	0.002657317428
281131	0.0007849779131
281132	0.002330722554
281133	0.001619079672
281134	0.002032050541
281135	0.003839408453
281136	0.0007703053239
281137	0.001093850528
281138	0.001357906547
281139	0.0009487815517
281140	0.0001805349686
281141	3.587159291e-05
281142	0.0001176251653
281143	0.0003525132135
281144	0.0005895978903
281145	8.340714659e-05
281146	0.001128528327
281147	0.0008315042169
281148	0.002019114405
281149	0.001138794607
281150	0.002301032406
281151	0.001283045693
281152	8.212360538e-05
281153	0.0006012713837
281154	0.005335831976
281155	0.001622968981
281156	0.001435306544
281157	0.001379163721
281158	0.0008202049442
281159	0.0006615927953
281160	0.0009769914377
281161	4.400808702e-05
281162	0.00111569164
281163	0.0002107680149
281164	0.0004921569687
281165	0.0001214465647
281166	4.995971651e-05
281167	0.0002684213044
281168	0.002230683615
281169	5.625672236e-05
281170	0.0004159910681
281171	0.0002791811439
281172	0.0005133828496
281173	0.000974309532
281174	0.0008520039622
281175	0.0004820691465
281176	0.0007309958868
281177	0.0002960353029
281178	0.0002605398675
281179	0.0003974149811
281180	0.0004559057203
281181	0.0005502499263
281182	0.0008065240801
281183	0.0006267434554
281184	0.0006467070251
281185	0.000302498062
281186	0.0001039432613
281187	0.001002241388
281188	0.00121659887
281189	0.0003216463708
281190	7.704226464e-06
281191	0.0001821981527
281192	0.0008518577398
281193	0.0004994541795
281194	0.0001744689374
281195	0.0005182730555
281196	0.0002507286116
281197	0.0007346628336
281198	5.704000061e-05
281199	0.001638615923
281200	0.001229959557
281201	0.001593212113
281202	0.0003701828187
281203	0.0009107449324
281204	0.0005622633139
281205	0.0006470106351
281206	0.004535329477
281207	0.003333118413
281208	0.001470377765
281209	0.002164377459
281210	0.0002225456147
281211	0.001478613798
281212	0.00047356804
281213	0.005411319643
281214	0.00134240457
281215	0.000101420442
281216	0.003515786223
281217	0.005173924118
281218	0.002252647963
281219	0.00062649998
281220	0.0002291441915
281221	0.001480178012
281222	0.002859924839
281223	0.001498568009
281224	0.001748348026
281225	0.001479822409
281226	0.002851475624
281227	0.001309072402
281228	0.0002941242668
281229	0.003779962106
281230	0.004378237947
281231	0.0007049421361
281232	0.003986980432
281233	0.0004824445893
281234	7.509237978e-05
281235	0.003117881367
281236	2.313812096e-05
281237	0.000546855005
281238	0.002519777758
281239	0.0004767274745
281240	0.00343623914
281241	0.0001805191117
281242	0.0008521083979
281243	0.004332828232
281244	0.001002090355
281245	0.00155827318
281246	0.003110866548
281247	0.0001754286215
281248	0.002266825726
281249	0.0001304504051
281250	0.002290162761
281251	0.004087259306
281252	0.001727282845
281253	0.00163627745
281254	0.0001820796303
281255	0.0001114539453
281256	0.00230298874
281257	0.0007350280222
281258	0.0001361206257
281259	0.0003287222435
281260	0.001585703602
281261	0.004471711888
281262	0.00412963695
281263	0.001187992981
281264	0.0004701443779
281265	0.003648530859
281266	0.0007362778035
281267	0.0004376778029
281268	0.0005991251069
281269	0.00198150571
281270	0.0006906788452
281271	0.0004282045984
281272	2.428236162e-06
281273	1.70968761e-06
281274	5.424539764e-07
281275	2.638743041e-06
281276	9.834203512e-07
281277	2.437648507e-06
281278	2.97109682e-06
281279	2.02121272e-07
281280	7.503251764e-06
281281	2.725246796e-06
281282	5.976485289e-06
281283	6.042966021e-06
281284	1.308423186e-06
281285	2.721518767e-06
281286	3.257863617e-07
281287	4.066803172e-06
281288	1.264463944e-07
281289	1.559483929e-06
281290	1.204723923e-05
281291	2.069206074e-06
281292	9.520450672e-07
281293	4.215715787e-06
281294	6.445595793e-06
281295	1.606357078e-06
281296	1.108004926e-06
281297	0.001517876169
281298	0.00428776704
281299	0.002214049628
281300	0.0008654677692
281301	0.002303023977
281302	0.002279345956
281303	0.001342139238
281304	0.0008532389613
281305	0.0004631062305
281306	0.003921520805
281307	0.0006176218029
281308	0.001900470862
281309	0.000347879999
281310	0.005652083048
281311	0.005559603353
281312	0.001019114976
281313	0.004569988422
281314	0.004144303236
281315	0.001720707557
281316	0.003332536244
281317	0.000499805091
281318	0.0004632840031
281319	0.002242224218
281320	0.001388890054
281321	0.002080174212
281322	0.001967887243
281323	0.002359546793
281324	0.003487972921
281325	0.002692020966
281326	0.001127643968
281327	0.000990256524
281328	0.001635281427
281329	0.00055678587
281330	0.004409601697
281331	0.003033551125
281332	0.0008164356285
281333	0.004187943705
281334	0.003071481604
281335	0.001313811548
281336	0.00207472942
281337	0.0002764949165
281338	2.181056783e-05
281339	0.001393466401
281340	0.0007017261267
281341	0.001000282776
281342	0.001467723574
281343	0.001135630653
281344	0.003164487838
281345	0.002778387251
281346	0.0001081773299
281347	0.001973570391
281348	0.0004111334731
281349	0.0004196278464
281350	0.0006721019688
281351	0.0001443280853
281352	0.0002019445438
281353	0.001913445471
281354	0.005763435359
281355	0.002724620856
281356	0.001537911122
281357	0.001500455242
281358	0.002734226165
281359	0.001573019829
281360	0.001420852563
281361	0.004740206389
281362	8.890035117e-06
281363	0.001671934572
281364	0.0001296034994
281365	0.003332545689
281366	0.0005726909456
281367	0.003801084828
281368	0.002577656666
281369	0.001085345552
281370	0.0004779261302
281371	0.0004521246243
281372	0.002596230806
281373	0.003798213542
281374	0.001210099909
281375	0.001900206038
281376	0.002894788219
281377	0.001138577384
281378	0.001216918719
281379	0.0004088171678
281380	0.001981266346
281381	0.005779612731
281382	0.001466622745
281383	0.0003780140135
281384	0.0009536915569
281385	0.002150691375
281386	0.001924723505
281387	0.0007621812131
281388	0.001962017475
281389	0.0009232928692
281390	0.001980540405
281391	0.0004589691398
281392	0.005364008755
281393	0.0001204673927
281394	0.0001335476319
281395	0.000220853089
281396	5.160127299e-05
281397	9.169917569e-05
281398	0.0003715057069
281399	0.001265257461
281400	0.0007861203565
281401	0.0004658350065
281402	0.006648813976
281403	0.00082897043
281404	0.004124454348
281405	0.002380873543
281406	0.004140776516
281407	0.002455762025
281408	0.0009615686785
281409	0.0008008667722
281410	0.003008708524
281411	0.00285813938
281412	0.007112640908
281413	0.004731121656
281414	0.002469190242
281415	0.0005322643472
281416	0.006103632417
281417	0.003268987254
281418	0.00931361293
281419	0.002088123343
281420	0.001203724489
281421	0.004728969566
281422	0.005028206796
281423	0.003286342368
281424	0.00219389314
281425	0.00304424961
281426	0.003996713467
281427	0.00448110658
281428	0.003950526575
281429	0.004690140694
281430	0.002295463191
281431	0.003282009763
281432	0.0009846044601
281433	0.001035827906
281434	0.002635193249
281435	0.002606343449
281436	0.001898460121
281437	0.005150959852
281438	0.004783465447
281439	0.001654720464
281440	0.004914599464
281441	0.000444628186
281442	0.001064100771
281443	0.001744273797
281444	0.003774829708
281445	0.0001488435866
281446	0.003605561209
281447	0.003889201864
281448	0.001309878363
281449	0.0002861221032
281450	0.007433929313
281451	0.0005175632818
281452	0.001962149116
281453	0.003928628006
281454	0.002891274576
281455	0.0001545788899
281456	0.006831032108
281457	0.00602626318
281458	0.0008296530819
281459	0.000753633053
281460	0.001701943677
281461	0.006680962367
281462	0.000930821565
281463	0.0001117808073
281464	0.001691531537
281465	0.003098599475
281466	0.00534605863
281467	0.002465058722
281468	0.002132441566
281469	0.002437503769
281470	0.0001618862845
281471	0.003522873974
281472	0.002046000446
281473	0.0003266495555
281474	0.002613323857
281475	0.002317588111
281476	0.001239821432
281477	0.002704829946
281478	0.0005378844206
281479	0.003799227418
281480	0.008996419504
281481	0.003130324348
281482	0.006694337746
281483	0.0005274073605
281484	0.00570747181
281485	0.005109615025
281486	0.001161514367
281487	0.003042825433
281488	0.001720246049
281489	0.001127895632
281490	0.009222217364
281491	0.0001737627982
281492	0.002103276798
281493	0.001117070965
281494	0.002424324899
281495	0.001110112447
281496	0.003490805866
281497	0.004872436207
281498	0.00207495309
281499	0.003306402505
281500	0.0004129877756
281501	0.0006967771921
281502	0.001907256448
281503	0.008063056036
281504	0.003297137546
281505	0.0008163967936
281506	0.0009838795638
281507	0.002931362426
281508	0.0008718686697
281509	0.0005859267937
281510	0.001764614792
281511	0.0002807362954
281512	0.0001161014061
281513	0.0008091328283
281514	0.0008544205562
281515	0.0004059005428
281516	0.0008797810347
281517	0.0001793459221
281518	0.001364780792
281519	0.0005805488358
281520	0.002179189866
281521	0.002469091741
281522	0.003287911476
281523	5.318150814e-05
281524	0.0009704705008
281525	0.002783525564
281526	0.004850018389
281527	0.000228525377
281528	0.0008213620336
281529	0.0003458573505
281530	0.0005692222537
281531	0.001260732093
281532	0.003687252048
281533	0.008005474216
281534	0.0003557687158
281535	0.0002504829347
281536	0.002152457363
281537	0.0002732338627
281538	0.001502448161
281539	0.0007573512727
281540	0.0004138678424
281541	0.001781915641
281542	0.001041127854
281543	0.005470222088
281544	0.002120822736
281545	0.002925347036
281546	0.002843898023
281547	0.004644022924
281548	0.001956596177
281549	0.004997509161
281550	0.0009383260493
281551	0.002456501804
281552	0.002242945257
281553	0.001446968754
281554	0.001027421584
281555	0.001337084724
281556	0.001517188212
281557	0.0007390466332
281558	0.003267211849
281559	0.0005237019593
281560	0.00334328756
281561	0.007687018254
281562	0.002121981149
281563	0.00136875058
281564	0.001397263059
281565	0.0030327597
281566	0.0001514797293
281567	0.0004172177608
281568	0.002924355635
281569	0.001479013279
281570	0.0003596098739
281571	0.0003334766061
281572	0.004506226764
281573	0.002058520416
281574	0.004806069501
281575	0.002809900802
281576	0.004316206255
281577	0.002561703363
281578	0.0007982771084
281579	0.0003590662254
281580	0.000822843554
281581	0.001267390183
281582	0.0006459714703
281583	0.002496388835
281584	0.0005138834254
281585	0.002144476144
281586	0.002131498733
281587	0.002727915514
281588	0.0003828995389
281589	0.0001644660078
281590	0.000358771166
281591	0.002366915433
281592	0.001650319342
281593	4.489928961e-05
281594	0.002206031337
281595	0.0005062596235
281596	0.001283912552
281597	0.003062886979
281598	0.00121831158
281599	0.001216325465
281600	0.002577279737
281601	0.001435771919
281602	0.0009337016727
281603	0.001299378848
281604	0.0004266259994
281605	0.002816909871
281606	0.004178325388
281607	0.0009169357335
281608	0.003667047967
281609	0.001574972766
281610	0.004769378502
281611	0.002559302361
281612	0.001858621642
281613	0.005446868802
281614	0.0009756699076
281615	0.001380252081
281616	0.0003618542737
281617	0.002264548491
281618	0.001721955374
281619	0.003196171081
281620	0.0002919579125
281621	0.001000243411
281622	0.002623101549
281623	0.0008640463728
281624	0.002292424756
281625	0.0007521865354
281626	0.003268323956
281627	0.000875400767
281628	0.002454933912
281629	0.00115081963
281630	0.001126040381
281631	0.00433612239
281632	0.002703190272
281633	0.001863898756
281634	0.0003816751749
281635	0.0006770968363
281636	0.001503944385
281637	0.006752855937
281638	0.0003709296099
281639	0.00461033922
281640	0.0007093269443
281641	0.0001946998543
281642	0.0004064983185
281643	0.001910543577
281644	0.003605275924
281645	0.005543718484
281646	0.001226251724
281647	0.001688871675
281648	0.0006563791224
281649	0.002170715402
281650	0.0008510389932
281651	0.0007091628264
281652	0.000836374249
281653	0.003437605439
281654	0.001326689004
281655	0.0001968551204
281656	0.000200547884
281657	0.0004023264494
281658	0.000858726362
281659	0.00340443169
281660	0.001337265466
281661	0.001005221824
281662	0.002748774888
281663	0.001606632241
281664	0.001418481339
281665	0.002429704004
281666	0.001573162454
281667	0.001315480163
281668	0.0001514252119
281669	0.0001334341612
281670	0.0001514096407
281671	0.0002491591865
281672	0.003122350208
281673	0.0004428201612
281674	0.0002100227896
281675	0.0004864377298
281676	5.603617741e-06
281677	0.0006756621413
281678	0.0005812956987
281679	0.0004423190167
281680	7.37826563e-07
281681	0.0004512410749
281682	0.0001359196729
281683	0.0005476357438
281684	0.0003789113208
281685	0.0004288032075
281686	0.000331274293
281687	0.00044291726
281688	0.0004448037465
281689	1.572073664e-06
281690	0.0002268104802
281691	1.497114868e-07
281692	9.814554243e-08
281693	6.255683919e-07
281694	4.326723575e-07
281695	3.796242208e-07
281696	6.814282559e-09
281697	4.214228481e-07
281698	6.600270715e-07
281699	0.0001243777449
281700	2.134722655e-07
281701	7.914680659e-07
281702	0.0001236602566
281703	2.890548524e-07
281704	3.639522798e-07
281705	1.495600684e-06
281706	1.250216677e-06
281707	4.711432111e-07
281708	1.088786686e-06
281709	2.123447408e-06
281710	9.195892367e-07
281711	0.0001226259095
281712	0.0001236121718
281713	0.0001233069436
281714	0.0001232597931
281715	1.333807286e-06
281716	1.767802715e-06
281717	3.60714393e-07
281718	6.962482728e-07
281719	0.0001240302582
281720	9.575224337e-07
281721	0.0001218935807
281722	0.0001209646981
281723	0.0001230371593
281724	0.0001221337918
281725	0.0001223098123
281726	0.000122796332
281727	0.0001259839064
281728	0.0001236788928
281729	3.747863299e-07
281730	0.0001217478495
281731	0.0001235628549
281732	0.0001235647436
281733	7.719646724e-08
281734	1.095028255e-06
281735	9.322161696e-07
281736	6.65841213e-07
281737	1.076752696e-06
281738	1.822460961e-07
281739	6.779024252e-07
281740	4.957779489e-07
281741	4.241229984e-07
281742	7.768766018e-08
281743	2.766147322e-07
281744	7.264971304e-07
281745	7.377267823e-08
281746	9.102300374e-07
281747	7.156297558e-07
281748	1.453735164e-07
281749	7.240852295e-07
281750	6.717101729e-07
281751	3.116323992e-07
281752	5.540159472e-07
281753	1.345721731e-06
281754	0.002367199884
281755	0.0007396853117
281756	0.001497192282
281757	0.001335457777
281758	0.002316079527
281759	0.002525245711
281760	0.0002883939249
281761	0.0007537324121
281762	0.0003801177714
281763	0.0009304488942
281764	0.0007670693191
281765	0.0007729323566
281766	0.0007409169378
281767	0.0008818522519
281768	0.0009023123818
281769	0.0009892456856
281770	0.0005291908953
281771	0.0004971500468
281772	0.0004239962014
281773	0.0008506850387
281774	0.0008797782327
281775	0.000948252009
281776	0.0008474340456
281777	0.0008866154925
281778	0.0004733986212
281779	0.001088770281
281780	0.0009176588619
281781	0.0008056671983
281782	0.0008466537671
281783	0.0006530941173
281784	0.0007758243692
281785	0.0008049764918
281786	0.0007268924073
281787	0.0008846215369
281788	0.0008497402254
281789	0.0008199468187
281790	0.001454984995
281791	0.002697364791
281792	3.153194822e-05
281793	8.102534759e-05
281794	0.0006376740855
281795	0.0001497507113
281796	0.0006969969154
281797	0.000739534512
281798	0.004119798141
281799	0.0009353357923
281800	0.001419979803
281801	0.003989861557
281802	0.002416790664
281803	0.00307078907
281804	0.0004047422186
281805	2.72091824e-08
281806	6.539549629e-05
281807	0.001073601127
281808	0.0006443812266
281809	3.880670092e-05
281810	0.0004008018623
281811	0.001252973011
281812	0.0001422009623
281813	6.625414371e-07
281814	0.001564911439
281815	0.0005397931953
281816	0.000932307061
281817	0.002051983812
281818	0.004783186426
281819	6.465292842e-05
281820	9.390224839e-05
281821	0.0002049904418
281822	0.003033710906
281823	0.001241420381
281824	0.001767346457
281825	0.0002431300495
281826	0.0009492837923
281827	9.450726072e-05
281828	0.001297975194
281829	0.0002087261123
281830	0.000235346624
281831	0.000421718913
281832	0.001050215129
281833	0.0004133484956
281834	0.000697776266
281835	1.7769862e-05
281836	7.054711707e-05
281837	0.001580394335
281838	0.0002925717349
281839	0.0006249583397
281840	5.019578812e-05
281841	0.0003689645934
281842	0.0003197834852
281843	0.000341298488
281844	0.000958782783
281845	0.0002097819989
281846	0.001603065437
281847	0.0003410251156
281848	0.0006839499075
281849	0.0002024353958
281850	0.001637728592
281851	0.0008579699438
281852	0.001198568324
281853	0.0003279061979
281854	0.0002033737326
281855	0.00298710601
281856	0.001340743427
281857	0.002102279175
281858	0.0001084833071
281859	0.001728868696
281860	0.001222992847
281861	7.490338683e-05
281862	0.0003706514438
281863	0.00100515783
281864	0.0004762493596
281865	0.0002445863068
281866	0.0001830011162
281867	9.479241333e-05
281868	0.001538412696
281869	0.0002440157721
281870	0.001313141464
281871	0.002049603249
281872	4.367584982e-05
281873	0.0006673994435
281874	0.0004167170822
281875	0.0003653320996
281876	0.0005673079973
281877	0.002045910033
281878	0.000555445007
281879	0.000194014099
281880	0.0007746588896
281881	0.002308876871
281882	0.005627166044
281883	0.002642887539
281884	0.000362147525
281885	0.003061583312
281886	0.00372657999
281887	0.001496391487
281888	0.001611256036
281889	0.001332750124
281890	0.001492819087
281891	0.001275112701
281892	0.006328334374
281893	0.0001228720759
281894	0.0007024978056
281895	0.003239998039
281896	0.002226029413
281897	0.006044791405
281898	0.0002568034922
281899	0.0006815022374
281900	0.0006265407394
281901	0.001376822091
281902	0.001226357894
281903	0.000287149478
281904	0.0009797400603
281905	0.0008945670792
281906	0.0006352536377
281907	3.877355509e-05
281908	0.0006042318972
281909	0.0004961490174
281910	0.0009141549889
281911	0.0001124103664
281912	0.0002179722091
281913	0.0004423934677
281914	0.007343493927
281915	0.006588564685
281916	0.001304251515
281917	0.0008177571562
281918	0.005337528129
281919	0.0002399940661
281920	0.0004591812396
281921	0.0004279568086
281922	0.0001891342032
281923	0.0002107486153
281924	0.004595199504
281925	0.0002054097601
281926	0.0002492169036
281927	0.001038858052
281928	0.001654004873
281929	0.004509852064
281930	5.560875428e-05
281931	0.000191070509
281932	2.215527536e-05
281933	6.342732451e-05
281934	0.0003713677761
281935	0.0001264220975
281936	0.000937087306
281937	3.183482709e-05
281938	0.0006273565018
281939	0.0004973314272
281940	0.00078272643
281941	0.002035286426
281942	0.0006481303441
281943	0.0007186842253
281944	0.0003017880603
281945	0.0002750501563
281946	0.0002728326735
281947	0.0004914092643
281948	0.0003935099752
281949	0.0002940750115
281950	1.694363177e-05
281951	0.0001069486518
281952	3.194039066e-05
281953	4.377529749e-05
281954	0.00140545976
281955	0.0007218783181
281956	0.0002525210468
281957	0.0009745099272
281958	0.000131323465
281959	0.001338547091
281960	0.0004312361187
281961	0.0009444085447
281962	0.0002904388371
281963	0.0007581098536
281964	0.0006794610327
281965	0.001105615647
281966	0.0007467907358
281967	0.001587397504
281968	0.0002344567861
281969	0.002055944415
281970	0.00180361384
281971	0.0001600804026
281972	2.515868719e-05
281973	0.00127444833
281974	0.0001836543
281975	0.0002701455776
281976	1.421277507e-05
281977	0.0006078336294
281978	0.0008415942062
281979	0.000193113452
281980	0.0001102892596
281981	0.0005875267037
281982	0.0002727785429
281983	0.0004298879071
281984	0.001170514004
281985	0.001215059722
281986	0.004055054877
281987	0.0006812276539
281988	0.0004680887385
281989	0.000742960876
281990	0.001763968997
281991	0.0005393763262
281992	9.892257367e-05
281993	0.007720459579
281994	0.001567198122
281995	0.001083780331
281996	0.0001507435166
281997	9.022131562e-05
281998	0.000259515461
281999	0.0002677136933
282000	0.002724596415
282001	0.0002075109421
282002	0.0004227012685
282003	0.0008308093018
282004	0.0002629778732
282005	0.002211326161
282006	0.0003287249845
282007	0.000673953785
282008	0.0003622038025
282009	0.0005533693795
282010	0.0006076482417
282011	0.0003872072304
282012	1.515956218e-05
282013	0.004180213113
282014	0.0001405462429
282015	0.004593886338
282016	0.0003692343764
282017	0.0055679825
282018	0.0003528686141
282019	0.007512895315
282020	0.0002133750192
282021	0.0002276945543
282022	0.0001092865007
282023	0.0002430819198
282024	0.0005503842187
282025	6.564961436e-05
282026	0.0002075800058
282027	0.0002599711191
282028	0.0003256821536
282029	0.001022821926
282030	0.0006706349987
282031	0.0006658012276
282032	0.005624515724
282033	0.0005937239319
282034	0.0003473240326
282035	0.001111665212
282036	2.345173233e-05
282037	0.000550977276
282038	0.0001028703934
282039	0.0006691337178
282040	0.000147579338
282041	0.0003054876377
282042	0.0006013923808
282043	0.0001180853912
282044	0.0001300718136
282045	0.004803478262
282046	0.0003730033641
282047	0.0003347885355
282048	0.0001366594113
282049	5.337459995e-05
282050	0.0001835498679
282051	0.000323593394
282052	0.000279616386
282053	0.0008075336597
282054	0.0001945747125
282055	0.001884629701
282056	0.0008700331574
282057	0.002625036533
282058	0.0006608966668
282059	0.0002678812738
282060	0.003397640164
282061	0.003467434269
282062	0.003987452079
282063	0.002549864325
282064	0.003502624153
282065	0.0008366015293
282066	0.0001701255727
282067	0.0007798532452
282068	0.0004841979436
282069	0.0009828643725
282070	0.0005981953745
282071	4.403680184e-05
282072	0.0002273570343
282073	0.001100233577
282074	0.0003551598722
282075	0.002710361472
282076	6.160556441e-05
282077	0.001892675052
282078	0.001412257453
282079	0.00110140293
282080	0.001852657767
282081	0.0003993047918
282082	5.888967104e-06
282083	0.0002464495967
282084	0.0001269554126
282085	6.616379585e-05
282086	0.001973551374
282087	6.733959922e-05
282088	0.001111203023
282089	0.0002992771113
282090	0.0008070519246
282091	7.319675633e-05
282092	0.00094957561
282093	4.584583549e-06
282094	0.001343324906
282095	8.050882846e-05
282096	0.0001195196255
282097	0.0002799522978
282098	0.0001548069005
282099	0.0001967513949
282100	0.001833395957
282101	0.002065767794
282102	2.786016942e-05
282103	0.0001838002978
282104	0.0001472482028
282105	0.001473067354
282106	0.0002538768324
282107	0.002331006099
282108	9.414488722e-05
282109	0.001126199961
282110	5.439159683e-06
282111	0.0005837312139
282112	0.0001249321592
282113	0.000994269723
282114	0.0002020349982
282115	3.582100807e-05
282116	0.000568551721
282117	0.0003713621005
282118	0.0001223691061
282119	0.0005714340026
282120	0.0001159530043
282121	0.0007152158974
282122	0.0001897249462
282123	0.0002459464965
282124	0.0006910528724
282125	0.0003109108126
282126	0.0002607120534
282127	0.005127591614
282128	0.0001138516095
282129	0.0009434188462
282130	0.0001036086164
282131	0.0001992192131
282132	0.002418446447
282133	0.0001736050026
282134	4.18817107e-05
282135	0.0003884731603
282136	0.00265087068
282137	0.001617297646
282138	0.0004962098616
282139	0.0003016083055
282140	0.001919470733
282141	9.870632339e-05
282142	0.0005399660435
282143	0.0004901496078
282144	0.0008433936918
282145	0.000866381854
282146	0.0002520107454
282147	0.0001429146076
282148	0.000277076945
282149	0.000384821612
282150	0.001509658375
282151	0.001115844507
282152	0.0004291813069
282153	0.0001629882627
282154	6.845661263e-05
282155	0.00064131169
282156	0.001009501972
282157	0.003561482384
282158	0.0001711367279
282159	0.0002500849895
282160	0.0004267946254
282161	0.0002522748231
282162	0.001295238542
282163	0.001473564113
282164	0.0005352681046
282165	0.0004692889494
282166	0.002800228936
282167	0.001050375337
282168	0.001459811405
282169	0.0004767863376
282170	0.001692427143
282171	0.003290624143
282172	0.005046853968
282173	0.001613085973
282174	0.0004121024725
282175	0.0008878514596
282176	0.0009015268912
282177	0.002659457701
282178	0.00270659231
282179	0.001835925544
282180	0.0002346483927
282181	0.001029019271
282182	0.0007412128799
282183	0.002500234483
282184	0.001104127962
282185	0.001177328757
282186	0.0002606288317
282187	0.002153947508
282188	0.002495715426
282189	0.001338297067
282190	0.001154792029
282191	0.001156275768
282192	0.001630446169
282193	0.002581786261
282194	0.0007235034041
282195	0.0006135964416
282196	0.0007704305178
282197	0.001886835531
282198	0.0005469782425
282199	0.0008480863909
282200	0.00215579842
282201	0.001999896483
282202	0.000376561774
282203	0.003606073087
282204	0.004842533619
282205	0.0007304244601
282206	1.478207363e-05
282207	0.0006663515817
282208	0.001277351626
282209	0.000717079333
282210	0.001268536378
282211	0.002691735691
282212	8.440802777e-05
282213	1.354025095e-05
282214	0.001427102338
282215	0.001567821339
282216	0.001687334252
282217	0.001614849066
282218	0.003770476704
282219	0.0009712798831
282220	0.001208668975
282221	0.0007120014321
282222	0.0009080038041
282223	0.001707883978
282224	0.002281990373
282225	0.001605731767
282226	0.001010502383
282227	0.001178744461
282228	0.001694103492
282229	0.0009053628496
282230	0.001333068857
282231	0.001917774646
282232	0.0002208651282
282233	0.0001516503501
282234	0.00192209374
282235	0.002801498486
282236	0.002041864125
282237	0.003899169892
282238	0.0006533620912
282239	0.0013227868
282240	0.00142602559
282241	0.002179445984
282242	0.003945402024
282243	0.003164075191
282244	0.001720030274
282245	0.001318236539
282246	0.001106880441
282247	0.001213472765
282248	0.001733722451
282249	0.00274961744
282250	0.001458833951
282251	0.0003120398267
282252	0.0007266201806
282253	0.001408619154
282254	0.002268244621
282255	0.001455290983
282256	0.001669059998
282257	0.0005946544772
282258	0.00231899886
282259	0.0008208486874
282260	0.001726239817
282261	0.001616561092
282262	0.005053790494
282263	0.002547890131
282264	0.0009991644235
282265	0.0006745094691
282266	0.001349051797
282267	0.001227430608
282268	0.001910946564
282269	0.001414606018
282270	0.0016641613
282271	0.001567827304
282272	0.001386629181
282273	0.001169168804
282274	0.002597176352
282275	0.001779007677
282276	0.003635143693
282277	0.003703906363
282278	0.001999451177
282279	0.001157504154
282280	0.0003839417234
282281	0.000893581562
282282	8.896511207e-05
282283	0.001288666755
282284	0.003641355417
282285	0.001734002075
282286	0.001246683846
282287	0.001025013507
282288	0.0002818469607
282289	0.00170700359
282290	0.003425210318
282291	0.003902139391
282292	0.002252230865
282293	0.001048412121
282294	0.002387350533
282295	0.002348361919
282296	5.27297229e-05
282297	0.001110657648
282298	0.000115441414
282299	0.0006851043505
282300	0.0004434597775
282301	0.0001550721063
282302	0.002319052235
282303	0.0009522175988
282304	0.0001581079509
282305	0.000553002628
282306	0.006010328271
282307	0.001833939814
282308	0.003739770437
282309	0.002527716728
282310	0.002641213429
282311	0.002850909621
282312	0.003577900907
282313	0.001993119626
282314	0.0001935110727
282315	0.000149513224
282316	0.002541922034
282317	0.002985732594
282318	0.001536276975
282319	0.001774156888
282320	0.001849873412
282321	0.000771031174
282322	0.002059186549
282323	0.0002365354545
282324	2.318059474e-05
282325	0.001368431013
282326	0.005024309653
282327	0.001973058361
282328	0.001160140555
282329	0.0006883531607
282330	0.00168210994
282331	0.0014073052
282332	0.001185159965
282333	0.000728314446
282334	0.001319825109
282335	0.001397221097
282336	0.004074016257
282337	0.001479953934
282338	0.0008855914965
282339	0.001042724165
282340	0.001445798899
282341	0.0003975910879
282342	0.0008036798264
282343	0.001950495076
282344	0.001556483515
282345	0.001130934048
282346	0.001838741058
282347	0.002772814468
282348	0.001151223681
282349	0.00282971272
282350	0.001014614458
282351	0.0006772202068
282352	0.0003270105146
282353	0.001528727959
282354	0.006193897982
282355	0.001179394456
282356	0.0003362853154
282357	9.499606462e-05
282358	0.0009158058088
282359	0.0005778876441
282360	0.0003190364233
282361	0.0009069118443
282362	0.000678632639
282363	0.0007863201117
282364	0.003882931645
282365	0.00284597258
282366	0.002180498216
282367	0.001809404293
282368	0.0002405833714
282369	0.004832246657
282370	0.002459417325
282371	0.001067133446
282372	0.002728244739
282373	0.001098251278
282374	0.002788817359
282375	0.001280246662
282376	0.0003098903633
282377	0.002087117558
282378	0.0006598331905
282379	0.001568208526
282380	0.00172351762
282381	0.00135065487
282382	0.002883077247
282383	0.002611303485
282384	0.001974255251
282385	0.002187674683
282386	0.002025560949
282387	0.002109731364
282388	0.0002968610626
282389	0.002168770191
282390	0.001810932942
282391	0.001063747141
282392	0.001097329102
282393	0.001637841477
282394	0.002632132443
282395	0.001361567872
282396	0.001233987503
282397	0.002506922192
282398	0.002190005247
282399	0.002202820087
282400	0.001989558086
282401	0.001860040239
282402	0.001757025026
282403	0.001908356562
282404	0.001139406986
282405	0.0006992474745
282406	0.0007972502544
282407	0.001337692103
282408	0.001254408286
282409	0.002819246155
282410	0.002790578397
282411	0.002855088957
282412	0.001904721901
282413	0.002452715112
282414	0.0002881563637
282415	0.002248049895
282416	0.0005912593167
282417	0.00181800593
282418	0.001075736752
282419	0.001134718513
282420	0.002198976395
282421	0.002043889706
282422	0.001747122979
282423	0.002268790072
282424	0.001764202021
282425	0.001342428254
282426	0.0018379441
282427	0.001802814541
282428	0.001666340039
282429	0.001571149699
282430	0.0009847614437
282431	0.002196086749
282432	0.001985450703
282433	0.001847050102
282434	0.00209919628
282435	0.001360987657
282436	0.001399651917
282437	0.001133483789
282438	0.00165081852
282439	0.001743460322
282440	0.002114309983
282441	0.001851036231
282442	0.00200789541
282443	0.002181886946
282444	0.001357023914
282445	0.001653799632
282446	0.0002804558037
282447	0.0003840755594
282448	0.0002320536988
282449	0.0003629278655
282450	0.0002389052032
282451	0.0004233043063
282452	0.0002689154616
282453	0.0002405826657
282454	0.000237182163
282455	0.0003341588163
282456	0.0003784661586
282457	0.0002577421246
282458	0.000196129409
282459	5.42220763e-05
282460	0.0003913469543
282461	0.0003268377415
282462	0.0001769630605
282463	0.0002749992723
282464	0.0002511364913
282465	0.0003434901626
282466	0.0002010947625
282467	1.834381047e-05
282468	0.0003488574723
282469	0.0005897810173
282470	0.0003696930308
282471	0.0002445317261
282472	0.0002228838246
282473	0.0001848329065
282474	0.0003476110532
282475	0.0003891232789
282476	0.0004351436743
282477	0.0003362302181
282478	0.0003562239341
282479	0.0002878241186
282480	0.000347354888
282481	0.0005451703192
282482	0.0001674700413
282483	0.0002753922567
282484	0.0002618741937
282485	0.0003113826561
282486	0.0003342854162
282487	0.0003068009897
282488	0.0002779946066
282489	0.0002310103361
282490	0.0002152157158
282491	0.0002835321979
282492	0.0002945454114
282493	0.0003124740264
282494	0.0003430873143
282495	0.0001408552584
282496	0.0002953592093
282497	0.0002835210034
282498	0.0002808719815
282499	0.0003302982757
282500	0.000215497723
282501	0.0001973090204
282502	0.0001863204357
282503	0.0001920992834
282504	0.0001203356597
282505	0.0004571463942
282506	0.000191536297
282507	0.00176574729
282508	0.002281258022
282509	0.0008769945499
282510	0.001190233119
282511	0.002058731588
282512	0.001708990231
282513	0.00154444418
282514	0.001688348547
282515	0.00176884938
282516	0.002851091371
282517	0.000843344998
282518	0.001086090659
282519	0.0007660657475
282520	0.001422949221
282521	0.0008845352082
282522	0.001154771303
282523	0.002223156217
282524	0.0009968289867
282525	0.000342992024
282526	0.0009980451606
282527	3.312288235e-05
282528	0.001218662626
282529	0.001041897479
282530	0.002333765623
282531	0.003967418906
282532	0.004216109934
282533	0.001455967941
282534	0.00248892895
282535	0.001422044232
282536	0.00229292316
282537	0.00226492726
282538	0.001980193388
282539	0.00289047838
282540	0.001827894952
282541	0.001704231559
282542	0.001422631245
282543	0.001731634224
282544	0.001699073647
282545	0.001465757484
282546	0.001424804008
282547	0.0003738277405
282548	0.001666363502
282549	0.0009557024192
282550	0.001786997773
282551	0.0002421264837
282552	0.0009180026039
282553	0.001637106179
282554	0.001883429501
282555	0.002977201593
282556	0.001717936766
282557	0.001330879482
282558	0.0008828430075
282559	0.001513159991
282560	0.001235100671
282561	0.002121336715
282562	0.003139105703
282563	0.002776591981
282564	0.00151810392
282565	0.001152521505
282566	0.0001068603693
282567	0.001820064572
282568	0.004404388568
282569	0.0001946884479
282570	0.00110222167
282571	0.0008188072885
282572	0.0002503406547
282573	0.005045769886
282574	0.003177949506
282575	0.003388521051
282576	0.002806334343
282577	0.0006447096643
282578	0.001082896103
282579	0.0006089255838
282580	0.001443203011
282581	0.0004671033964
282582	0.0002332127472
282583	0.0005153842666
282584	0.0001071321142
282585	0.0001222820122
282586	0.00180786082
282587	5.935422599e-08
282588	0.0004776874802
282589	1.059165932e-07
282590	0.003269373738
282591	0.006372789871
282592	0.0001462909175
282593	0.0001180133958
282594	0.00178426243
282595	0.001704941344
282596	6.2001791e-05
282597	0.0003423950548
282598	0.002706608227
282599	0.003541979493
282600	0.0004031809087
282601	0.0006553938697
282602	0.0002161375868
282603	0.0007781679524
282604	0.0007063951796
282605	0.0006576807788
282606	0.0004517923491
282607	0.0001808144259
282608	0.0001621580199
282609	0.0002560926816
282610	0.0006217868398
282611	0.0003377213125
282612	8.660148283e-05
282613	0.0009822723508
282614	0.0007241255187
282615	0.001160050729
282616	0.0006151410709
282617	0.0009819557609
282618	1.032782245e-07
282619	0.0005463136012
282620	0.0007965834197
282621	0.00107328469
282622	0.0002757567533
282623	0.0002702298713
282624	0.0008907320556
282625	0.0001755797835
282626	1.74081554e-07
282627	0.0006171405593
282628	0.0003653220793
282629	0.000615124133
282630	0.001073542531
282631	0.000278241959
282632	9.820079596e-07
282633	0.001391680925
282634	0.002357286213
282635	0.002444148331
282636	0.0001011145983
282637	0.0007953133817
282638	0.0002557101891
282639	0.001081738668
282640	0.0006608460774
282641	0.001292008457
282642	1.204822565e-07
282643	0.0005870541293
282644	7.06766848e-05
282645	0.001316548178
282646	0.001256727354
282647	0.0008581909072
282648	0.001388875765
282649	0.000114678608
282650	0.0001223262938
282651	5.531223093e-05
282652	0.0003757469018
282653	5.037412918e-05
282654	0.0003979415593
282655	0.000231855695
282656	0.000164290069
282657	0.0001717905518
282658	0.0001476963183
282659	0.0001444259588
282660	0.0008347892034
282661	0.0004071151345
282662	3.403519996e-05
282663	5.967199837e-05
282664	0.0002398169029
282665	3.016952895e-05
282666	5.881047752e-05
282667	4.521253245e-05
282668	0.0001149589017
282669	0.000249567734
282670	2.036583393e-05
282671	0.0002761162472
282672	1.661021497e-06
282673	8.440852545e-05
282674	9.20838983e-06
282675	0.00067427305
282676	0.0001467113786
282677	7.357264993e-05
282678	0.0003411559316
282679	0.0001080253397
282680	0.0003887644267
282681	0.0001009294706
282682	0.0007014047271
282683	7.791087166e-05
282684	0.0001420035247
282685	0.0006471753753
282686	0.0002585076501
282687	0.0002444781193
282688	7.729376944e-05
282689	4.812142317e-05
282690	0.0001022412554
282691	1.515332875e-05
282692	0.0004159630515
282693	0.0001205830803
282694	3.009550613e-05
282695	0.0001960767754
282696	8.572962876e-05
282697	0.0006345232478
282698	4.227137079e-05
282699	0.0006796526735
282700	0.0002205999681
282701	0.0004648846854
282702	0.0002067445005
282703	7.888938191e-05
282704	0.0002633554064
282705	0.0005100148816
282706	0.0003780280328
282707	0.0007323587802
282708	0.0003899161212
282709	0.0002263973356
282710	5.798125577e-05
282711	7.062491368e-08
282712	0.0002542297804
282713	2.5640721e-06
282714	0.0001600289821
282715	0.0004064886676
282716	0.0003116585192
282717	0.0001505197861
282718	2.051899632e-06
282719	3.588957973e-05
282720	9.055547917e-05
282721	0.0006080548202
282722	0.0001643399696
282723	0.0001623648525
282724	0.004296991662
282725	0.0008141503112
282726	0.000134046975
282727	0.0007257268926
282728	0.0003467199047
282729	0.0001249075149
282730	0.000224451197
282731	0.0006418412016
282732	0.0008924947962
282733	0.0001505740715
282734	0.0004547429924
282735	0.0001119136531
282736	8.672278815e-05
282737	6.931411472e-06
282738	0.000990743418
282739	0.0001305123638
282740	5.651517181e-05
282741	0.00104925027
282742	0.0003109579943
282743	0.0004626182959
282744	0.0002164208567
282745	8.344616408e-05
282746	5.716087338e-05
282747	0.0001900459041
282748	0.0001711738147
282749	0.0007457809896
282750	0.000152467396
282751	0.0002257840025
282752	0.0003003932878
282753	9.925779838e-05
282754	5.715890236e-05
282755	0.0001969387321
282756	0.0001506405726
282757	0.0003586102406
282758	4.114746648e-05
282759	3.42796123e-05
282760	9.076677505e-05
282761	2.406587e-05
282762	0.0005063004225
282763	2.779758219e-05
282764	4.317762055e-05
282765	1.671530582e-05
282766	0.0003491342308
282767	6.576895523e-05
282768	1.347835359e-05
282769	7.218945231e-05
282770	0.002163236714
282771	0.0001596222756
282772	0.0001343435585
282773	0.000205925473
282774	0.0003379523152
282775	0.000517603188
282776	0.002654473813
282777	0.002353486616
282778	0.0002630636374
282779	0.0001208500092
282780	0.0001163811235
282781	4.140411692e-05
282782	5.08728448e-05
282783	0.0001230034608
282784	0.0003611632693
282785	0.000366952602
282786	1.177935787e-05
282787	0.0004049001495
282788	0.0006596795083
282789	0.0002009548327
282790	2.33932631e-05
282791	7.56350063e-05
282792	0.0002980453197
282793	0.0002022248126
282794	0.0001714220322
282795	2.501826256e-06
282796	0.0002286387418
282797	3.882105192e-05
282798	0.0003434638722
282799	0.0001455797867
282800	0.0008869426141
282801	0.0003994529505
282802	0.0005537731355
282803	9.317903606e-05
282804	4.317242432e-05
282805	4.295161804e-05
282806	5.428669674e-05
282807	0.0001722226086
282808	0.000100536554
282809	6.916983786e-05
282810	0.0002379578389
282811	0.000657128583
282812	7.874085618e-05
282813	0.000156783331
282814	0.0001774616054
282815	4.13623521e-05
282816	0.0002476276902
282817	0.0001927093008
282818	7.980835012e-05
282819	0.0006694778969
282820	3.766382974e-05
282821	1.290817681e-05
282822	3.674750155e-05
282823	0.0004874374392
282824	0.000180925541
282825	8.894988009e-05
282826	7.82192284e-05
282827	0.0004070204114
282828	5.052477473e-05
282829	0.0001379230283
282830	0.0007623998864
282831	0.0001118862049
282832	0.0004310963138
282833	0.0003235633057
282834	0.0001299550102
282835	0.001383412246
282836	7.128161255e-05
282837	7.230772153e-05
282838	7.037728448e-05
282839	5.568808362e-05
282840	0.0001075000953
282841	1.712026181e-05
282842	0.0001690873385
282843	1.54906607e-05
282844	0.0001144980598
282845	0.000113056757
282846	0.0002386268931
282847	0.0004975599613
282848	0.001018300177
282849	0.0003050266222
282850	0.0001238753728
282851	0.0001144175703
282852	3.249222089e-05
282853	0.001628927301
282854	8.519227298e-07
282855	4.658979924e-05
282856	0.0001047163414
282857	0.0001722592461
282858	2.305730833e-06
282859	0.0002723657396
282860	0.0006284364247
282861	2.897257942e-05
282862	0.0005175864656
282863	0.001041003158
282864	0.0001223789343
282865	0.001580001999
282866	0.0007447517007
282867	0.001239568779
282868	0.0004879953479
282869	0.000223859659
282870	0.0001702690488
282871	0.005352252544
282872	0.002041326371
282873	7.978267528e-05
282874	0.0006476752651
282875	0.002653169669
282876	0.001208645199
282877	0.001691189876
282878	0.003060550589
282879	0.001879975146
282880	0.0002172289218
282881	0.001332108936
282882	0.0006193963935
282883	0.0005428534296
282884	9.952862499e-05
282885	0.002404784247
282886	0.001312372455
282887	7.406395004e-05
282888	0.005794039725
282889	0.0003734474194
282890	0.0005925474284
282891	0.00184335822
282892	0.00107020692
282893	0.0007975702292
282894	0.001137008841
282895	0.0003572591654
282896	0.001099127684
282897	0.0002528115154
282898	0.0005633028834
282899	0.001019414046
282900	0.002943035217
282901	0.001201444571
282902	0.001721600213
282903	0.001304174096
282904	0.005197800581
282905	0.002051760145
282906	0.001296069234
282907	0.002362144929
282908	0.003120035036
282909	0.001612797225
282910	0.001016828576
282911	0.00384054652
282912	0.001280841203
282913	5.406298716e-05
282914	0.007213444807
282915	0.0004989911483
282916	3.54391573e-05
282917	0.005436036931
282918	0.0006909992891
282919	0.001905976501
282920	0.003733175533
282921	0.001409219621
282922	0.001145261641
282923	0.001028900065
282924	0.0007853208873
282925	9.127686505e-05
282926	0.001006132801
282927	0.00217804643
282928	0.0003274144568
282929	0.003038705817
282930	0.002653077684
282931	0.0001062474813
282932	0.001897218515
282933	0.0011992166
282934	0.0001509563619
282935	0.0009454956316
282936	0.002449178304
282937	0.005910192982
282938	0.001731951512
282939	0.003584689154
282940	0.005520054932
282941	0.001764823284
282942	0.001178059276
282943	7.992455848e-05
282944	0.005579745516
282945	0.001059406389
282946	4.376994973e-05
282947	0.001182414274
282948	0.001806709545
282949	0.0009600718897
282950	0.003252422096
282951	0.0005547324461
282952	0.0006582955804
282953	0.00040497552
282954	0.00159767267
282955	0.002762296276
282956	0.003531048402
282957	2.356599191e-05
282958	0.003666136527
282959	0.0009387456791
282960	0.002197728009
282961	0.0004324504856
282962	0.001540222884
282963	0.001892833332
282964	0.0009506162371
282965	0.001664799154
282966	0.002722828865
282967	0.002587291172
282968	0.0005641803902
282969	0.001242699892
282970	0.001062504257
282971	0.001512261715
282972	0.0009242707355
282973	0.002456078994
282974	0.0003808470547
282975	0.0003669932013
282976	0.001131610357
282977	0.005149990207
282978	0.0007352669185
282979	0.00174639099
282980	0.00119907967
282981	0.0001039119342
282982	0.001751513977
282983	0.0004140193639
282984	8.783996485e-05
282985	0.002891335685
282986	0.001040791719
282987	0.0006248568869
282988	0.0006837184521
282989	0.0002306637489
282990	0.0004101419042
282991	0.003076334552
282992	0.0004650145396
282993	0.002620668655
282994	0.0003378274211
282995	0.0005233060595
282996	0.0004884875766
282997	0.001026546588
282998	0.00115278601
282999	0.0009682265
283000	0.002175760486
283001	0.0005510230833
283002	0.001384386078
283003	0.0006167242082
283004	0.0004385572612
283005	0.0002585781687
283006	0.0005045153893
283007	5.412771615e-05
283008	0.00581014617
283009	0.0002477245193
283010	0.0004063420006
283011	0.0005055950194
283012	0.0001407958832
283013	0.0005764431468
283014	0.0007001528036
283015	5.940539194e-05
283016	0.002224306387
283017	0.00480136581
283018	0.003505559801
283019	0.0006621466647
283020	0.0001042415481
283021	0.001505547949
283022	0.001749652972
283023	0.0004102655913
283024	0.0004099802165
283025	0.001503866953
283026	0.004090554038
283027	0.0004797563388
283028	0.002036387428
283029	0.001762977786
283030	5.973107588e-05
283031	0.001313859054
283032	0.001040202001
283033	0.0006895033035
283034	0.0009912727402
283035	0.0005137111913
283036	0.002129292396
283037	0.002295064417
283038	0.0005476993551
283039	0.0004274286587
283040	0.0003330691049
283041	0.0004529066935
283042	0.0004190680133
283043	0.003901428819
283044	0.0004809562708
283045	2.38933889e-05
283046	0.0006133391205
283047	0.0008687225821
283048	0.0006562758639
283049	0.0004554871623
283050	0.0003820399215
283051	0.002163880204
283052	2.977326691e-05
283053	0.0008187621506
283054	0.001639534616
283055	0.0008641477399
283056	2.651238172e-05
283057	0.0002074959611
283058	0
283059	0.001165357747
283060	0.002649757828
283061	1.054510029e-05
283062	0.0005010692964
283063	0.0008212776656
283064	0.001630173956
283065	0.002391075071
283066	0.003507476158
283067	0.0004265557724
283068	0.003869985272
283069	0.002519396056
283070	0.002240459771
283071	0.0007689393267
283072	0.001933607217
283073	0.0004301161876
283074	0.002298485552
283075	0.0007901771013
283076	0.0006333938177
283077	0.001117081329
283078	0.003347642003
283079	0.0002223198988
283080	0.001146936829
283081	0.00136712199
283082	0.001502597564
283083	0.001032984588
283084	0.002464335081
283085	0.001740958605
283086	0.0007811937103
283087	0.004622422788
283088	0.0006820122786
283089	0.0004780125961
283090	4.11358853e-05
283091	0.0001886701938
283092	0.0006221949678
283093	0.001040328651
283094	0.00119219208
283095	0.003026407601
283096	0.0001195703651
283097	0.001803396411
283098	0.001850463748
283099	0.002215215122
283100	0.000200072556
283101	0.0002435257123
283102	0.001207767379
283103	0.004750112652
283104	0.001827327519
283105	0.0001399008539
283106	0.002142851258
283107	0.0009472065524
283108	0.0007682009984
283109	0.001128192484
283110	0.002369140842
283111	0.00066345295
283112	0.002536532148
283113	0.004723224123
283114	4.023798894e-05
283115	0.001713465342
283116	0.0001792613171
283117	0.0005698256035
283118	0.000245291044
283119	0.0006528676782
283120	0.003374614102
283121	0.001511546603
283122	0.0008153658758
283123	0.002700510618
283124	0.003084216208
283125	0.0001762130474
283126	0.002162330248
283127	0.002715245815
283128	5.686171787e-05
283129	0.0005861862085
283130	6.538353962e-05
283131	0.0006066240971
283132	0.0009983932779
283133	0.00485636202
283134	0.0005120047957
283135	0.0005482625366
283136	0.001613372623
283137	0.001769864343
283138	0.003216120614
283139	0.0007148121393
283140	0.0003223760057
283141	0.001234793886
283142	0.0003081713408
283143	0.001665439362
283144	0.0009518992397
283145	0.001853677067
283146	0.0005624726778
283147	0.001148432157
283148	0.002047460638
283149	0.0006536316666
283150	1.480805606e-05
283151	0.001450631112
283152	0.001525530932
283153	0.000178785493
283154	0.00144102177
283155	0.0007834666048
283156	0.0009798689571
283157	0.002606690973
283158	0.000809890811
283159	0.001927199583
283160	0.002767460771
283161	0.0005455217036
283162	0.002194319196
283163	0.0007809176802
283164	0.001545471636
283165	0.004383856027
283166	0.001391353098
283167	1.754565287e-06
283168	0.0036101073
283169	0.002304562813
283170	0.001226265821
283171	0.0007680202753
283172	0.001093746144
283173	0.0006631661918
283174	0.0008665435891
283175	0.001657263028
283176	0.001776211016
283177	0.0007437653511
283178	7.911982377e-05
283179	0.002278575177
283180	0.001253463597
283181	0.002102016452
283182	0.002268213541
283183	0.001920483688
283184	0.001603781249
283185	0.0006717141688
283186	0.000280750796
283187	0.003288278871
283188	0.0004965384494
283189	0.003029609624
283190	0.003511121007
283191	0.002584502384
283192	0.0003255123196
283193	0.002807035844
283194	0.002436173036
283195	0.001501915151
283196	0.001890286766
283197	0.00251919165
283198	0.0001222133874
283199	0.0007842305271
283200	0.001139480558
283201	0.002196477621
283202	0.00126969
283203	0.0007053188598
283204	0.004212488826
283205	0.002259726474
283206	0.0006523288685
283207	0.001343331063
283208	0.001650992003
283209	0.002005531
283210	0.0008330243603
283211	0.001397566924
283212	0.0002669115115
283213	0.0002914453977
283214	0.0002454829682
283215	0.001502814222
283216	0.0001282909358
283217	0.0006041454227
283218	0.001410622943
283219	0.002890911365
283220	0.0008693001696
283221	0.0013283404
283222	0.002619537248
283223	0.001607940415
283224	0.002499672965
283225	0.001292139632
283226	0.00105207686
283227	0.002680475513
283228	0.001200257584
283229	0.002044616475
283230	0.002269755731
283231	0.000672043538
283232	0.002333318919
283233	0.002641844442
283234	0.001311747904
283235	0.0001500222983
283236	0.001652804118
283237	0.00263549876
283238	0.0005544156413
283239	0.001362556632
283240	0.0004659957015
283241	0.000103052213
283242	0.000833420169
283243	0.0004280758991
283244	0.003234720365
283245	0.001627297763
283246	0.0005378901732
283247	0.0003553178684
283248	0.001346273493
283249	0.001530789222
283250	0.003019963778
283251	0.0002160070869
283252	0.0001112636824
283253	0.0002327372339
283254	0.002269358957
283255	0.0009353832396
283256	0.001284128016
283257	0.0008270094356
283258	0.002321472307
283259	0.00300055216
283260	0.001211075688
283261	0.0001098148182
283262	0.00113466624
283263	0.001535942402
283264	0.000727033999
283265	0.001463267626
283266	0.001127457223
283267	0.000985092866
283268	0.0006934448391
283269	0.002145845717
283270	0.001188443746
283271	0.003073903907
283272	0.0001490666016
283273	0.002158000691
283274	0.001530106312
283275	0.001273777953
283276	0.001095095667
283277	0.0005370181113
283278	0.0005290472702
283279	0.0004676693796
283280	0.00137415214
283281	0.003433188415
283282	0.002001417057
283283	0.0007464560834
283284	0.001466805104
283285	0.0005769588133
283286	0.003037533327
283287	0.0002526670709
283288	0.001546934611
283289	0.001313201206
283290	0.0005988137073
283291	0.002020803909
283292	0.002658718712
283293	0.001262010361
283294	0.000266332138
283295	0.001358688682
283296	0.002367071121
283297	0.0005023554918
283298	0.0002621694121
283299	0.002404165862
283300	0.0004888503012
283301	0.001789986082
283302	0.0002158760557
283303	0.001893419757
283304	0.0004284504748
283305	0.000658421873
283306	0.000696512119
283307	0.0003996185013
283308	0.000662281437
283309	0.001647556051
283310	0.00131398991
283311	0.001425900542
283312	0.0005657244861
283313	0.000668553885
283314	0.0006376081314
283315	0.002387920882
283316	0.000239286252
283317	0.00166339077
283318	0.002718670894
283319	0.002342907219
283320	0.0002738409318
283321	0.002195543561
283322	0.0009141478193
283323	0.000138217914
283324	0.001523425837
283325	0.0004638363123
283326	0.002394017175
283327	0.001376158348
283328	0.0005136104207
283329	0.002344313644
283330	0.001927724227
283331	0.003502372051
283332	0.002008152503
283333	0.001668599928
283334	0.0005624217951
283335	7.471170146e-05
283336	0.002905815316
283337	0.002437644179
283338	0.0009980180238
283339	0.002148350373
283340	0.00237294276
283341	0.0008390132459
283342	0.003200742869
283343	0.002024290307
283344	0.001555896026
283345	0.0007724674867
283346	0.001667717914
283347	0.0001818070788
283348	0.002050923046
283349	0.0005673923817
283350	0.0006548683783
283351	0.0002155127363
283352	0.001937757688
283353	0.002109739891
283354	0.0006719423445
283355	0.002073896889
283356	0.0002178713513
283357	0.008539255526
283358	0.004003287754
283359	0.005490904366
283360	0.002396958884
283361	0.002826592555
283362	0.000522622333
283363	0.0007195731251
283364	0.0003514144676
283365	0.0004541883588
283366	0.002651751188
283367	0.003223452561
283368	0.001613874765
283369	0.00158320976
283370	0.004208000036
283371	0.0023553531
283372	0.002474187978
283373	0.0008418791192
283374	0.001515448534
283375	0.001658934393
283376	0.001988800001
283377	0.001153446741
283378	0.0009639212861
283379	0.005669441077
283380	0.004853792249
283381	0.003436298081
283382	0.004828428127
283383	0.002508128331
283384	0.005975162728
283385	0.0002427691656
283386	0.001234906669
283387	0.001082042312
283388	0.001878337575
283389	0.00456953593
283390	0.001608501798
283391	0.002743875498
283392	0.002538229066
283393	0.001281364053
283394	0.0006692593384
283395	0.005515362641
283396	0.004947542766
283397	0.0003200454326
283398	0.0005778818096
283399	0.0006532529245
283400	3.779828816e-05
283401	0.0007504752259
283402	0.0001917352642
283403	0.0001703075811
283404	0.0005290208204
283405	0.001444903565
283406	0.0008818988707
283407	0.0006478620735
283408	0.001233740048
283409	8.535807421e-05
283410	9.264956357e-05
283411	8.789718902e-07
283412	0.0003483349435
283413	0.001031284355
283414	0.0006561978115
283415	0.0001358743953
283416	0.000132753393
283417	0.0007293039734
283418	0.0008579945511
283419	0.0009044449374
283420	0.0001335504807
283421	0.0002106936972
283422	0.0003714032705
283423	0.001276560328
283424	0.001137929042
283425	0.000205073915
283426	0.001671483118
283427	0.0005545309638
283428	8.087268107e-05
283429	0.000650366567
283430	0.0004560880522
283431	2.212610922e-05
283432	0.001460708987
283433	6.627284776e-05
283434	0.0005375934273
283435	0.0006044391632
283436	0.0001518293561
283437	0.000211625812
283438	0.0006153665438
283439	0.0002001849401
283440	0.0001486942992
283441	0.0008337567658
283442	0.0001423672605
283443	0.00038900407
283444	8.876063101e-05
283445	0.0001968051253
283446	0.001129756571
283447	0.0008653349369
283448	0.0001124266263
283449	0.0006882104797
283450	0.0001650222728
283451	0.0004068440577
283452	0.0004726870019
283453	0.0006718912281
283454	9.599461953e-05
283455	0.0002648191929
283456	0.0004119930165
283457	0.0007646316238
283458	0.0002899475863
283459	0.0001182459357
283460	0.0002989548339
283461	0.0002300751702
283462	0.0004517934586
283463	9.860864254e-05
283464	0.0006641271672
283465	0.0007256894136
283466	0.0001100559694
283467	0.0007172733533
283468	0.0001858674095
283469	0.001177620041
283470	0.0009118218077
283471	0.001551793403
283472	0.0001505509237
283473	0.001042072059
283474	0.002700719759
283475	0.001741897637
283476	0.0009329869454
283477	0.0001452711705
283478	0.0005168065322
283479	0.002833778328
283480	0.0008959806487
283481	0.0009701680855
283482	0.0009683476159
283483	0.0009093146055
283484	0.002687054225
283485	0.001129237479
283486	0.001637182405
283487	0.001468775248
283488	0.0002154289329
283489	0.0009058487882
283490	0.001705590272
283491	0.001219771265
283492	0.0002121202366
283493	0.0005269333413
283494	0.001383329006
283495	0.0001863360081
283496	0.0003115469609
283497	0.0007010762634
283498	0.0005377721348
283499	0.002117924232
283500	0.003934925916
283501	0.000456613969
283502	0.002631831343
283503	0.000393508963
283504	5.322508509e-05
283505	0.0003427528963
283506	6.897402508e-05
283507	0.0001780947906
283508	0.004039569906
283509	0.001236951035
283510	0.002345274609
283511	0.0003731316468
283512	0.001047953013
283513	0.0009742301876
283514	0.002555556625
283515	0.002751090575
283516	0.005200010316
283517	0.001946258094
283518	0.0003937743903
283519	0.001028798837
283520	0.0003964595446
283521	0.001000295356
283522	0.0003987003815
283523	0.001361921025
283524	8.807548492e-06
283525	0.002872591878
283526	0.0001498023229
283527	0.001427665451
283528	0.0006137804928
283529	8.750427465e-06
283530	0.0007418359414
283531	0.001305568157
283532	0.001006698127
283533	0.0004666239798
283534	0.0006992944611
283535	0.0002626614055
283536	0.0002030228814
283537	0.0003476928904
283538	0.002832661005
283539	0.0001560034027
283540	0.003133336771
283541	0.0007917317374
283542	0.0004087037791
283543	0.001559493461
283544	7.169755736e-05
283545	0.001241532863
283546	0.001564656398
283547	0.001503488828
283548	0.001997877925
283549	0.0001531455615
283550	0.0004985566016
283551	0.002254078482
283552	0.004694947377
283553	0.002087672922
283554	0.000153849136
283555	0.00140442451
283556	0.001136868488
283557	0.0007338221996
283558	0.0005545741394
283559	0.002308553134
283560	8.981612052e-05
283561	0.001733972405
283562	0.001807092094
283563	0.001213968145
283564	0.002251548158
283565	0.001549791768
283566	0.004822909788
283567	0.0009361936501
283568	0.0003286904588
283569	0.0003020319815
283570	0.002168006563
283571	0.0003304455537
283572	0.001072625803
283573	1.883974991e-05
283574	0.0005438839951
283575	0.0008566284833
283576	0.0001588354073
283577	0.001965819784
283578	0.001994601123
283579	0.001451267843
283580	0.001941141595
283581	0.0006382002926
283582	0.002371561279
283583	0.003259066251
283584	0.002204158973
283585	0.0007580168676
283586	0.0001628320647
283587	0.0003436307391
283588	0.00172195698
283589	0.001268526204
283590	0.0009467230672
283591	2.546105949e-05
283592	0.001263744143
283593	0.0004546796522
283594	0.001064755177
283595	0.0006418599785
283596	0.001133803658
283597	0.0007498703022
283598	0.0007016452126
283599	0.001266297594
283600	4.102348317e-05
283601	0.0007132220118
283602	0.0001418698641
283603	0.001468513163
283604	0.001235219176
283605	6.523816319e-05
283606	0.0002683457365
283607	0.000227470456
283608	0.0004717321193
283609	0.0009602464082
283610	0.001465162166
283611	0.001519567961
283612	0.0008486181946
283613	0.001712350697
283614	3.953140693e-05
283615	0.0005274995119
283616	0.0003884735647
283617	0.0008171751852
283618	8.716834968e-05
283619	0.001135825406
283620	0.0005307371835
283621	0.0001558408446
283622	0.0007467457935
283623	0.0003116270124
283624	9.797104915e-05
283625	9.816180134e-05
283626	9.776114235e-05
283627	2.496970842e-08
283628	0.0004941136624
283629	0.000224199442
283630	0.002249043508
283631	0.0003551134954
283632	8.08376577e-05
283633	0.001536780397
283634	0.0007921986127
283635	0.0001348129862
283636	7.780445405e-05
283637	0.0008188114302
283638	0.0006145228766
283639	0.0006755949828
283640	0.001251678723
283641	0.001997572657
283642	0.001848107688
283643	0.001439693657
283644	0.001589872917
283645	7.200967988e-05
283646	0.0003801835152
283647	5.123057904e-05
283648	0.000218512881
283649	0.0001097971091
283650	0.0004885744711
283651	0.0001616295422
283652	0.00130545771
283653	0.003202262707
283654	0.0002206978267
283655	0.0004214373842
283656	0.000218024053
283657	0.0001649482401
283658	0.0003687723975
283659	0.001851562677
283660	0.0006617725849
283661	0.0009606950619
283662	0.00299309134
283663	0.001169119871
283664	0.001761168982
283665	0.001597088235
283666	0.0001036581037
283667	0.0004113492667
283668	0.0002123197461
283669	0.0007360714278
283670	0.001531605635
283671	0.001080065566
283672	0.0002099630049
283673	0.0007578147611
283674	1.676117141e-07
283675	0.0005894009582
283676	0.000849927093
283677	0.0008875126251
283678	0.001340658097
283679	0.0006687747342
283680	0.000125847456
283681	0.001067825416
283682	0.002536111272
283683	0.0001051485519
283684	0.001043705613
283685	0.002115084963
283686	0.0006303161538
283687	0.001559426097
283688	0.0007593092665
283689	2.78350853e-08
283690	0.001011555797
283691	0.001233084395
283692	0.001435890152
283693	0.0005388190272
283694	2.649479456e-05
283695	5.441087162e-05
283696	0.003407347003
283697	0.001714594614
283698	0.000143716322
283699	0.0002607338215
283700	0.004838160904
283701	0.0009680841092
283702	0.001708774705
283703	0.001189892034
283704	0.0009862847988
283705	0.001908351183
283706	8.578753184e-05
283707	2.271216789e-05
283708	0.0004413236634
283709	0.0001023387965
283710	0.0006403937644
283711	0.0003255419622
283712	0.001949243574
283713	0.001203361652
283714	0.001546856703
283715	4.712695957e-05
283716	0.001570483484
283717	0.0005021800997
283718	0.0003442343026
283719	0.0001030480156
283720	0.0001137556686
283721	0.002809807714
283722	0.002476764044
283723	0.00201201398
283724	0.0007118801607
283725	0.002802914252
283726	0.001882134865
283727	0.004846451401
283728	0.0008602108133
283729	0.0009107742455
283730	0.003582016934
283731	0.0009656410502
283732	0.001817516757
283733	0.001415608278
283734	0.00593013934
283735	0.0002191148837
283736	0.0005809465096
283737	0.001015728505
283738	0.0001431185386
283739	0.0008556553447
283740	0.0005882618373
283741	0.000703935121
283742	0.0001072981404
283743	0.0003260276073
283744	0.0003079290219
283745	0.0009277154398
283746	0.000548008742
283747	0.0001514751839
283748	0.0002535235645
283749	0.0002443829679
283750	0.001900210382
283751	0.0002108473952
283752	0.002559459373
283753	0.0015251034
283754	0.0054280505
283755	0.001818866976
283756	0.001046317814
283757	0.000932845893
283758	0.0005018932702
283759	0.001309704485
283760	0.0004538604106
283761	0.0007157143539
283762	0.0005076055754
283763	0.0009813447798
283764	0.0001902762279
283765	4.139474862e-05
283766	7.403597228e-05
283767	0.0003405578537
283768	0.0002551914277
283769	0.0003861028609
283770	0.004352619137
283771	0.0002360620383
283772	0.0005585820561
283773	0.0006065249145
283774	0.0001179280291
283775	0.0001210781828
283776	2.13486877e-05
283777	2.36302283e-05
283778	0.003644523235
283779	0.0004218479088
283780	0.001451048949
283781	7.800512658e-05
283782	0.0002253478366
283783	3.398048022e-05
283784	0.00226762469
283785	0.0007028489159
283786	0.002417028713
283787	3.144675056e-05
283788	0.0002062992771
283789	2.008985886e-05
283790	7.200241952e-05
283791	0.001202879949
283792	3.557680198e-05
283793	9.505947317e-05
283794	0.004320006853
283795	0.0003139533288
283796	0.001692282197
283797	0.002091995681
283798	0.0001614773587
283799	0.003403991044
283800	0.002040359519
283801	0.0009459996832
283802	0.0007883107116
283803	0.0007510868853
283804	0.002007822821
283805	0.0005840716053
283806	0.0003358533042
283807	0.0006199338272
283808	0.00159702883
283809	0.000604412201
283810	0.0003295497703
283811	0.0004402791113
283812	0.0001019644956
283813	0.001110781078
283814	0.001198838598
283815	0.0005830183585
283816	0.0003399563406
283817	0.001123661205
283818	0.0006231042681
283819	0.003930009807
283820	0.0002785981794
283821	0.002333901078
283822	0.0009560948368
283823	0.00055845476
283824	0.0005800161386
283825	0.000907383357
283826	0.0008632126009
283827	0.0009012342981
283828	0.001100439071
283829	0.0002976254649
283830	0.001252729425
283831	0.0006863073875
283832	0.002766538935
283833	0.001563019316
283834	4.861385843e-05
283835	0.001014420519
283836	0.001582140201
283837	0.002256731888
283838	0.0006697076286
283839	0.001056752794
283840	0.0004583667684
283841	0.001465100203
283842	0.002621374798
283843	5.137723996e-05
283844	0.001418040134
283845	0.0001932066865
283846	0.001496925465
283847	0.0007188419937
283848	4.582670563e-05
283849	0.002546230738
283850	0.0005597497293
283851	0.0008690905563
283852	0.0004618846916
283853	5.408950754e-05
283854	0.001026219321
283855	0.0007595032278
283856	0.001356014128
283857	0.0008105349905
283858	0.000587541586
283859	0.001089576442
283860	0.001027324249
283861	2.24713124e-05
283862	0.001519676222
283863	0.004449961961
283864	0.0002823973163
283865	0.001096103336
283866	0.001191883996
283867	0.002050249157
283868	6.619030314e-05
283869	0.002461681246
283870	0.0005971709486
283871	0.001070952111
283872	0.00106313883
283873	0.001005815465
283874	0.001534678471
283875	0.0003796270418
283876	0.00093535662
283877	0.0003054999743
283878	0.001585659852
283879	0.0005672657187
283880	0.0003606189857
283881	0.00552075972
283882	0.001060794966
283883	0.001727764034
283884	0.0006866991422
283885	0.0003641969591
283886	0.001018984742
283887	0.000989914121
283888	0.0007854407397
283889	0.0005984557524
283890	0.0007001532775
283891	2.809315472e-05
283892	9.21500668e-05
283893	0.0020490011
283894	0.0006837337919
283895	0.0006921658177
283896	0.001111913583
283897	0.000649133497
283898	0.001086146421
283899	0.001124100781
283900	0.0001176924217
283901	0.001685456097
283902	0.001121444323
283903	0.0002736374582
283904	0.001304891422
283905	0.0001799740158
283906	0.0006827637046
283907	1.925321003e-05
283908	0.0005868588333
283909	0.0004974660275
283910	0.0003478422626
283911	0.000369019743
283912	0.0007814995798
283913	0.001946836841
283914	0.001585214168
283915	0.00108530641
283916	0.0001387922592
283917	0.0001481128815
283918	0.0006236816234
283919	0.0002503848408
283920	0.0005279160311
283921	0.0007948271828
283922	0.0009607336357
283923	0.00241209444
283924	0.001747420508
283925	0.001727919767
283926	0.0007486582708
283927	0.0001119047632
283928	0.0009102448378
283929	0.0009493194235
283930	0.00089556265
283931	0.0008000111559
283932	0.003169894642
283933	0.004140037649
283934	0.001174796214
283935	0.001239091536
283936	0.001786608631
283937	0.002891220039
283938	0.001208343265
283939	0.001725097534
283940	0.001506258147
283941	0.0005404257481
283942	0.00241600743
283943	0.001352577571
283944	0.004580383014
283945	0.0002600341683
283946	0.00915582186
283947	0.001628930677
283948	0.001706151293
283949	0.001574888708
283950	0.001990931629
283951	0.0008763039684
283952	0.005020949662
283953	0.003252984702
283954	0.0004651856383
283955	0.00449225988
283956	0.0008633897422
283957	0.005197184165
283958	0.0002354810802
283959	0.0001805200175
283960	0.0009008045038
283961	0.001051754861
283962	0.0002298322608
283963	0.001338063272
283964	0.002343596497
283965	0.005189671655
283966	0.003339572074
283967	0.0007547788258
283968	0.003135346934
283969	0.0008947360336
283970	0.0006162162986
283971	0.00227024912
283972	0.003299673378
283973	0.000725619776
283974	0.001184990066
283975	0.0007563161724
283976	0.004296803446
283977	0.001598386061
283978	0.00130282125
283979	0.003893007856
283980	0.001141845057
283981	0.002091880829
283982	0.001629913465
283983	0.0009376679614
283984	0.001935120599
283985	0.001916966551
283986	0.001593120862
283987	0.004523302192
283988	0.002768815836
283989	0.005563429629
283990	0.0006056134381
283991	0.001761840649
283992	0.001201511077
283993	0.002827558936
283994	0.001217087394
283995	0.0017424109
283996	0.0007247982574
283997	0.001658047751
283998	0.003099423503
283999	0.002128223914
284000	0.003781669258
284001	0.001546160546
284002	0.001420607954
284003	0.002967483945
284004	0.001790700787
284005	0.004764332021
284006	0.000549112024
284007	0.001880925762
284008	0.0001058559529
284009	0.001042706687
284010	8.793516125e-05
284011	0.004302743695
284012	0.0007855390984
284013	0.001819544819
284014	0.0002757769698
284015	0.0002892862524
284016	0.003295986108
284017	0.0004215231382
284018	0.002432121842
284019	0.0006160490036
284020	5.377595219e-05
284021	0.005555256958
284022	0.0005094245613
284023	0.003695932368
284024	0.0006496240065
284025	0.005796714919
284026	0.002236722972
284027	0.004882584302
284028	0.001041812346
284029	0.00462382149
284030	0.004110929807
284031	0.004924808468
284032	0.0002444011021
284033	0.003850550378
284034	0.001069049352
284035	0.0005710487169
284036	0.001093155194
284037	1.657247156e-05
284038	0.0007294236676
284039	0.0002698585806
284040	0.002739926853
284041	0.004348646888
284042	0.001822560964
284043	0.001546975308
284044	0.001105105508
284045	0.0006724813105
284046	0.003451586748
284047	0.0004598983989
284048	0.0001912818616
284049	0.003374076576
284050	0.001356580886
284051	0.0001393421302
284052	0.004869550599
284053	0.001907819971
284054	0.0006840601721
284055	0.001958584787
284056	0.001589877331
284057	0.001895631742
284058	0.001339972375
284059	0.0007498146875
284060	0.002710642554
284061	7.793601238e-05
284062	0.0004922140028
284063	0.003804748846
284064	0.002537801321
284065	0.001971299509
284066	0.0004243563187
284067	0.0002917437212
284068	1.794344311e-05
284069	0.0002458212183
284070	0.0006025111215
284071	0.0009248589351
284072	0.002494588733
284073	0.002990716912
284074	0.0001172452283
284075	0.005217311743
284076	0.0004936497427
284077	0.002022580766
284078	0.005217292005
284079	0.002728747951
284080	0.001405881208
284081	0.005247125936
284082	0.0003123014181
284083	0.0005754078542
284084	8.495787222e-05
284085	0.0001173392605
284086	9.023578425e-05
284087	2.328521046e-05
284088	0.0001185482383
284089	9.788684249e-05
284090	0.0003879879978
284091	0.000425796286
284092	0.000142951686
284093	0.000800384113
284094	5.181801092e-05
284095	0.000264335093
284096	0.0002565568511
284097	0.0003065218581
284098	0.0001038861455
284099	0.0007507216848
284100	0.0005188096869
284101	6.215109631e-05
284102	0.0006122317983
284103	0.0004944298356
284104	0.0004875989241
284105	0.0004880914995
284106	0.0003114651141
284107	0.001131844478
284108	0.000995698704
284109	0.0002226550674
284110	0.0008544304862
284111	0.001054702738
284112	0.0001689928962
284113	7.343550011e-05
284114	0.0009050111776
284115	0.0002492179229
284116	0.0001113974858
284117	0.002753267477
284118	0.0009933282493
284119	0.003895144108
284120	0.000853140216
284121	0.003027376643
284122	0.001111455229
284123	0.0003108127759
284124	0.001235298255
284125	0.00310674692
284126	0.003716349924
284127	0.002417426804
284128	0.002324390722
284129	0.0002463021172
284130	0.003436753403
284131	0.004318449674
284132	0.004543661722
284133	0.004009249107
284134	0.001306922311
284135	0.003322993502
284136	0.003231704211
284137	0.0002035564919
284138	0.005928767079
284139	0.003384187543
284140	0.00578831395
284141	0.0006735855726
284142	0.0006174791797
284143	0.00532230648
284144	0.006084737793
284145	0.0009464653655
284146	0.006055747777
284147	0.002126111088
284148	0.0048006795
284149	0.006166858594
284150	0.005436324749
284151	0.002747362296
284152	0.0001974480507
284153	0.005667668842
284154	0.001310927391
284155	0.002012369564
284156	0.001844009028
284157	0.003704549459
284158	0.005832232344
284159	0.005215264951
284160	0.004978209387
284161	0.003374855391
284162	0.0002427821879
284163	0.004837885536
284164	0.001150771061
284165	0.004031499095
284166	0.005457350222
284167	0.0006126215165
284168	0.003607887566
284169	0.004466618461
284170	0.005200545369
284171	0.001975694624
284172	0.001176447097
284173	0.002647357161
284174	0.004988673442
284175	0.001696496536
284176	0.002312481303
284177	0.001730809492
284178	0.002104534257
284179	0.0003375288028
284180	2.195188878e-07
284181	0.0002279849994
284182	0.004754339911
284183	0.002451620232
284184	0.004786318577
284185	0.00389745282
284186	0.001199249642
284187	0.006102181975
284188	0.0001422426323
284189	0.0007014306077
284190	0.005567321199
284191	0.001595959042
284192	0.001476976108
284193	0.004341644898
284194	0.00173323589
284195	0.004969082439
284196	0.005134646331
284197	0.002079654624
284198	0.005390895742
284199	0.005725207927
284200	0.0001896258233
284201	0.004483377862
284202	0.006348149379
284203	0.003312193352
284204	0.002330821406
284205	0.001750982486
284206	0.002608176155
284207	0.0004850662595
284208	0.003352337336
284209	0.005729552343
284210	0.002458696103
284211	0.0003222736797
284212	0.006403651518
284213	0.001230287331
284214	0.003641093753
284215	0.0008158507569
284216	0.0001107368216
284217	0.004074753396
284218	0.001723774257
284219	0.005326550819
284220	0.005454442254
284221	0.005990299366
284222	0.0009365267305
284223	0.002097804558
284224	0.004142352889
284225	0.0009989181484
284226	0.002324829697
284227	0.004058030255
284228	0.0003703248286
284229	0.002755098746
284230	0.000649634769
284231	0.0002864689172
284232	0.001118205709
284233	0.004407215089
284234	0.002240044322
284235	0.005439279653
284236	0.002015383583
284237	0.0008892445776
284238	0.001528565383
284239	0.002695341024
284240	0.00355817066
284241	0.006454138377
284242	0.003498038167
284243	0.002231904284
284244	0.002319686487
284245	0.000435390473
284246	0.001561350375
284247	0.003831483427
284248	0.0008611689145
284249	0.005051784248
284250	0.005183506453
284251	0.006287888241
284252	0.001294215121
284253	0.0001824075593
284254	0.0004477826563
284255	0.0007302267398
284256	0.003344967762
284257	0.00569177336
284258	0.00437317243
284259	0.00160217103
284260	0.004746038333
284261	0.002640147975
284262	0.002396741688
284263	0.006348069241
284264	0.005023193986
284265	0.005394226717
284266	0.00163346661
284267	0.0003663839218
284268	0.002350312336
284269	0.0006512348159
284270	0.001432274077
284271	4.410061228e-05
284272	0.0002122049502
284273	0.000720256013
284274	0.002286747071
284275	0.002795371786
284276	0.0007244269028
284277	0.001179845201
284278	0.001238972015
284279	0.001047674288
284280	0.002060358978
284281	0.000610744695
284282	0.0004996969316
284283	0.0009000075819
284284	0.0002429183935
284285	0.0005609781502
284286	0.001835547751
284287	0.001420724316
284288	0.0002961447699
284289	0.0002297153374
284290	0.000275378701
284291	0.002860096225
284292	0.0002451225452
284293	0.00277885853
284294	0.0002556011122
284295	0.001181489524
284296	0.0004142643414
284297	0.0005675541877
284298	3.7769918e-05
284299	0.001794486653
284300	0.005042688673
284301	0.0005970983935
284302	0.001356882535
284303	0.0005974050021
284304	0.0004794312603
284305	0.003063845268
284306	0.0004750950542
284307	0.001613441873
284308	8.83502119e-06
284309	0.0004560080493
284310	0.002552835951
284311	0.001340388666
284312	0.001448142743
284313	0.0002610244515
284314	0.000924811833
284315	0.001528785393
284316	0.0003750120585
284317	0.00164220875
284318	0.003601748529
284319	8.183376401e-05
284320	0.002283822622
284321	0.0002454230888
284322	4.108489537e-05
284323	0.0006560026557
284324	0.001052043159
284325	0.001439538247
284326	0.0006827186697
284327	0.001810698942
284328	0.001690462251
284329	0.001746596356
284330	0.001445345885
284331	0.0004831257011
284332	0.001300411477
284333	0.001291745593
284334	0.001862181418
284335	0.00262073856
284336	0.00123888307
284337	0.002639880423
284338	0.002103035169
284339	0.00040204914
284340	0.001865712541
284341	0.002100549413
284342	0.003180781127
284343	0.001124102419
284344	0.0007392360923
284345	0.001906684924
284346	0.001962548056
284347	0.002265103815
284348	0.00207737814
284349	0.004516456643
284350	0.002496484359
284351	0.001390660599
284352	0.001096383188
284353	0.002079751115
284354	0.002549777149
284355	0.0007367787955
284356	3.228765388e-05
284357	0.0004502602917
284358	0.0007091752614
284359	0.00150299694
284360	7.096438202e-05
284361	0.004283910048
284362	0.0002894177564
284363	0.0007776394405
284364	0.0002398939488
284365	0.0003014060952
284366	0.001557348363
284367	0.0007808723676
284368	0.001219693857
284369	0.0004042167354
284370	0.0007114513122
284371	0.0008754335388
284372	0.000654101564
284373	0.001456379601
284374	0.0002278521624
284375	0.001048654907
284376	0.001975223553
284377	1.962011582e-05
284378	0.001398656601
284379	0.001107732301
284380	0.0001656217437
284381	0.003789636478
284382	0.0007696949834
284383	0.006852731906
284384	0.004951138369
284385	0.001306567444
284386	0.0007472580043
284387	0.002293664265
284388	0.000254108631
284389	0.001940600359
284390	0.0003415387172
284391	0.0001730007497
284392	0.003653639824
284393	0.001216244427
284394	0.0002909414018
284395	0.00012904202
284396	0.0001243198256
284397	0.005241360821
284398	0.000296225934
284399	0.001618156733
284400	5.895139091e-05
284401	0.0003201220426
284402	0.0005014132914
284403	0.0001713825438
284404	0.0003533278541
284405	0.0005745388014
284406	9.105934787e-05
284407	2.927003063e-05
284408	0.0001554898694
284409	0.003054747741
284410	0.0009412544667
284411	3.43383637e-05
284412	0.0003464185057
284413	0.0003295525449
284414	0.004147575634
284415	0.0006018943646
284416	0.0004089631296
284417	0.0002892017298
284418	0.003582925403
284419	0.0005609942752
284420	6.774374575e-05
284421	0.002804718669
284422	0.002796159352
284423	0.0002171887753
284424	0.0004529277602
284425	0.000980677946
284426	0.0008157603862
284427	0.001296943681
284428	0.0002088576556
284429	0.0001041287351
284430	9.144248333e-06
284431	0.0006884180048
284432	0.0005112837952
284433	0.001093329621
284434	0.001249070617
284435	0.0004229879349
284436	0.0002258613133
284437	0.0002846602556
284438	0.0001004334975
284439	0.0001194961633
284440	0.002150677311
284441	0.0004567257896
284442	0.0002783827538
284443	0.001742275224
284444	0.0002050041452
284445	0.002816579834
284446	0.0001252129079
284447	0.0001459791325
284448	0.0001595190743
284449	0.0002234274505
284450	0.00143568526
284451	0.0001341173754
284452	0.0001409642074
284453	0.0008614837127
284454	0.0001344040699
284455	0.003021152935
284456	0.0001371364704
284457	0.0005267147438
284458	0.0004462837233
284459	0.006069737781
284460	0.0009720846754
284461	0.001298791368
284462	0.001624755016
284463	0.0008583195272
284464	0.0009924729179
284465	0.000547206893
284466	0.003040296032
284467	0.0004224319238
284468	0.0003039858759
284469	0.0001856894316
284470	0.0006990391184
284471	0.003446240798
284472	0.00360631394
284473	0.003867334649
284474	0.001804472222
284475	0.0009305449709
284476	0.0001480565883
284477	0.0005278425128
284478	0.003101091534
284479	0.003670828228
284480	0.002078515828
284481	0.003010080731
284482	0.0001143161458
284483	0.001223041448
284484	0.001819536416
284485	0.002932898707
284486	0.001382305879
284487	0.00170311946
284488	0.001278701857
284489	0.0006690475327
284490	0.00161405701
284491	0.001071441067
284492	0.003196007639
284493	9.099794733e-05
284494	0.0004534876292
284495	0.001383206093
284496	0.0006492830027
284497	0.005499687963
284498	0.0009391943265
284499	0.003536757695
284500	0.0004344270364
284501	8.641917293e-06
284502	0.002574177805
284503	0.001576877194
284504	0.0001642088009
284505	0.001183039345
284506	0.001351801779
284507	0.000387202396
284508	0.0002251388669
284509	0.0006936095213
284510	0.0002800457255
284511	0.0009322124153
284512	0.0001320931094
284513	0.0003697475296
284514	0.004168511936
284515	0.0009782474985
284516	0.0002698781475
284517	0.002661678736
284518	0.0001615433634
284519	0.001073646865
284520	0.0006544832516
284521	0.00072638524
284522	0.00194405816
284523	0.0005512719469
284524	0.001696656225
284525	0.0007831129713
284526	0.0003569223474
284527	0.0002913863275
284528	0.0001407736297
284529	0.003011409167
284530	0.0002391928165
284531	0.003266038057
284532	1.125773299e-05
284533	0.003134541179
284534	0.001874474882
284535	0.001746623976
284536	0.000794822389
284537	0.0001360561856
284538	0.002795489797
284539	4.342953605e-05
284540	0.0003640442057
284541	0.002342738122
284542	0.001043411944
284543	0.005331019148
284544	0.0008543347436
284545	0.001237751049
284546	0.00104556609
284547	0.001022969139
284548	0.0004207283978
284549	0.0004774901847
284550	0.002879876885
284551	0.0003720749013
284552	0.002231181961
284553	0.0003564239913
284554	0.002925265753
284555	0.0006300596726
284556	0.004703250196
284557	0.00303458374
284558	0.003049587125
284559	0.0006671872055
284560	0.002327263335
284561	0.004038375922
284562	3.297122138e-05
284563	0.002838146412
284564	0.004934529299
284565	0.0006728268807
284566	0.001256848221
284567	0.001859119575
284568	0.00355803123
284569	0.0008239552459
284570	0.003950374464
284571	0.002265309684
284572	0.0002704731972
284573	0.001296039863
284574	0.001860991164
284575	0.001248524546
284576	0.0005232973952
284577	0.0004630792354
284578	0.001633941001
284579	5.943280668e-05
284580	0.002511539811
284581	0.001387826872
284582	0.000114340857
284583	0.0006798028468
284584	0.0003415984076
284585	0.0008219913983
284586	0.00248856594
284587	0.0008397143625
284588	0.007228955758
284589	3.655446468e-05
284590	0.0002725852881
284591	0.0002999996032
284592	0.00346847568
284593	0.0006833978309
284594	0.0003531535389
284595	0.0008698740272
284596	0.0003163840302
284597	0.0007924507796
284598	0.0002242062124
284599	0.002301893034
284600	0.00137242466
284601	0.0001262430528
284602	0.001069475657
284603	0.002977561421
284604	0.0009800694278
284605	0.0005840891384
284606	0.00113536478
284607	0.000406978599
284608	0.0004900331469
284609	0.002015847461
284610	0.001651553939
284611	0.0003128280824
284612	0.0004022751075
284613	0.002966843421
284614	0.002544347185
284615	0.005552022628
284616	0.002316406892
284617	0.0004524161758
284618	0.001821027159
284619	0.001268127422
284620	0.0003877805273
284621	0.0005447815567
284622	0.005532901783
284623	0.002093699868
284624	0.003626744937
284625	0.0004450468067
284626	0.000692721061
284627	0.0006719681282
284628	5.103568463e-05
284629	0.0002959380722
284630	0.001613809219
284631	0.004140223963
284632	0.003053711761
284633	0.006020925062
284634	0.003985070082
284635	0.0007248921163
284636	0.0008456066632
284637	0.001273626639
284638	0.00385227554
284639	0.00495388239
284640	0.0006862012005
284641	7.548157848e-05
284642	0.001731408908
284643	0.001161277963
284644	0.001142059714
284645	0.002415514963
284646	0.0002114012335
284647	0.0004474732861
284648	0.0001780645339
284649	0.000323261297
284650	0.0009035114914
284651	0.0002545897343
284652	2.35161206e-05
284653	6.57405172e-05
284654	0.0001188147685
284655	8.243882551e-05
284656	9.983533409e-05
284657	8.061753074e-06
284658	0.0005091117908
284659	0.0001295908314
284660	0.0002405583073
284661	8.162799951e-06
284662	4.131502985e-05
284663	9.967880971e-05
284664	0.0002738481114
284665	0.0001809369446
284666	8.435335616e-05
284667	0.0003196903392
284668	0.0001913105421
284669	0.0006098366646
284670	0.0003001694817
284671	0.0004612709251
284672	0.0003806276094
284673	1.163976767e-05
284674	0.000196816264
284675	0.0007019380435
284676	0.000113200712
284677	0.0001506922804
284678	0.0007996592557
284679	0.001092351849
284680	0.0002554072517
284681	0.0001181366897
284682	0.0005643506928
284683	1.511433716e-05
284684	6.767805232e-05
284685	0.0001640232384
284686	0.0006284738461
284687	9.13054528e-05
284688	0.0002220853962
284689	3.857747524e-05
284690	1.554538029e-05
284691	0.001120611172
284692	0.0002501521028
284693	0.0002254922106
284694	7.3925356e-05
284695	0.000515262745
284696	0.0001075643678
284697	3.044155971e-05
284698	0.001701310839
284699	3.115966066e-05
284700	2.221171511e-05
284701	6.988257583e-05
284702	4.301240836e-06
284703	0.0001913273447
284704	0.0001270270516
284705	5.232294313e-05
284706	9.749914758e-06
284707	0.001557512133
284708	2.367353765e-05
284709	8.98242655e-06
284710	0.000449814665
284711	5.422413886e-05
284712	5.439306204e-05
284713	8.444716528e-05
284714	0.0005232471961
284715	0.00045638707
284716	0.0006181505614
284717	4.214393139e-05
284718	0.0001655797403
284719	0.0003300348711
284720	0.0001809846032
284721	3.887412756e-05
284722	0.0003470669556
284723	0.0001654261527
284724	0.001188621965
284725	3.381456357e-05
284726	0.0007774139337
284727	0.0003360269045
284728	0.0002578312251
284729	0.0002114285611
284730	0.0005296935493
284731	0.0003755152391
284732	0.001334255231
284733	0.0004596583295
284734	1.730116705e-05
284735	0.0004097074305
284736	0.0005509424817
284737	6.651735291e-05
284738	0.0002589486206
284739	7.651970892e-05
284740	0.001220113083
284741	0.0005173244023
284742	3.123109557e-05
284743	1.482306513e-05
284744	0.0001047875715
284745	2.815903012e-05
284746	8.306981844e-05
284747	6.691488205e-05
284748	0.0004990294085
284749	0.0002305209979
284750	0.0003166978226
284751	0.0006088094451
284752	1.657210275e-05
284753	0.0002143935506
284754	1.298961503e-06
284755	8.695328323e-05
284756	0.0002223425071
284757	8.734022082e-05
284758	6.18312077e-05
284759	5.198267535e-05
284760	5.71824826e-05
284761	2.352393168e-06
284762	1.610849717e-05
284763	0.0001617170301
284764	0.0001635537528
284765	0.0003139550315
284766	0.0006793057081
284767	8.590138159e-05
284768	0.0004951599434
284769	0.00218767706
284770	0.0004339136952
284771	0.0002480025575
284772	0.0002872244462
284773	0.0009783234288
284774	0.0006571382019
284775	0.0001849929076
284776	0.0001813321355
284777	0.0003674164669
284778	6.029975339e-05
284779	0.0001307813608
284780	0.0001000185799
284781	0.0007636704957
284782	0.0005283079763
284783	0.0004080642332
284784	0.0001866189189
284785	3.898563541e-05
284786	0.0004411508948
284787	0.0003230344129
284788	0.0001034763664
284789	0.0002494387404
284790	0.0001198890959
284791	0.0005543703299
284792	0.000311396543
284793	0.0004352139621
284794	0.0001196163789
284795	5.500155186e-07
284796	0.0004047489614
284797	0.0009878980222
284798	6.696443595e-05
284799	0.000258326725
284800	0.000537619967
284801	0.0005868532798
284802	0.0003622658438
284803	0.0003170909949
284804	0.0003567512765
284805	0.000663309241
284806	0.0001164928027
284807	0.0001320975202
284808	0.0006047961637
284809	0.0004995302026
284810	0.0001126412512
284811	9.39771622e-05
284812	0.0003804331281
284813	0.0006155446457
284814	0.0002570666424
284815	0.0001393523487
284816	0.000453902281
284817	0.0006497798351
284818	0.0002751089182
284819	0.0005939500855
284820	0.0001739375646
284821	0.000171498155
284822	3.215967033e-05
284823	0.0001996839009
284824	0.0002443676202
284825	2.801012424e-05
284826	0.0005684891699
284827	0.0002565775538
284828	7.488546449e-05
284829	0.0003174550265
284830	0.0001778440867
284831	9.790193563e-05
284832	0.0002007633347
284833	0.0007961241895
284834	9.959267468e-05
284835	0.0001354666939
284836	2.259266873e-06
284837	0.0006785850911
284838	0.0001349994627
284839	0.0001784715793
284840	2.181266113e-05
284841	0.005980837482
284842	0.001883265339
284843	0.00042878517
284844	0.000164634822
284845	0.003578811484
284846	4.426532018e-06
284847	6.441720863e-05
284848	0.0005428170821
284849	0.0002391628993
284850	0.0001057328527
284851	7.555257431e-05
284852	0.0002702303686
284853	0.00320017806
284854	0.0002079105226
284855	0.0001129225946
284856	9.870700281e-05
284857	0.0004994943665
284858	5.303348059e-05
284859	4.002104502e-05
284860	8.789549004e-05
284861	7.638731346e-05
284862	0.0001509829834
284863	0.0001189920922
284864	0.0003648783348
284865	0.0008269045539
284866	0.0001311356804
284867	1.379335276e-05
284868	0.0001974616276
284869	0.0006973557467
284870	0.0001180488995
284871	0.0006773585571
284872	0.0001094244381
284873	0.0004473254728
284874	0.0002148737885
284875	0.000125278581
284876	0.0001058524243
284877	4.14957489e-05
284878	0.0001040366718
284879	0.0003830839097
284880	0.000433307474
284881	0.0004307796363
284882	0.0002060067054
284883	0.0005191948317
284884	0.0005646023967
284885	6.382438134e-05
284886	6.669568658e-05
284887	0.0003656417603
284888	0.0001102236258
284889	5.572604508e-05
284890	2.485015075e-05
284891	1.498568024e-05
284892	0.0002196718339
284893	0.0005339962821
284894	1.110631393e-05
284895	5.432376684e-05
284896	1.887945774e-06
284897	0.0005486332113
284898	5.504273282e-05
284899	0.0001229762086
284900	0.0004024231994
284901	0.001385983131
284902	0.0003815928984
284903	6.422004089e-05
284904	0.0001595710017
284905	0.0007871202115
284906	0.0003359307986
284907	0.0004511148499
284908	0.000407557793
284909	0.001190991575
284910	2.580539068e-05
284911	3.307160026e-05
284912	0.0001638449695
284913	1.770334414e-05
284914	0.0004051048326
284915	5.591447498e-05
284916	0.0003194563657
284917	0.0001537834948
284918	2.744258345e-05
284919	0.0002061459367
284920	0.0001019108943
284921	7.600495247e-05
284922	3.502130399e-05
284923	0.0001731425985
284924	5.414520126e-05
284925	0.0004780013273
284926	0.0001075445076
284927	0.0002497843796
284928	0.0007166942462
284929	0.0001638136516
284930	0.0008203666634
284931	0.0002328623725
284932	7.036134102e-05
284933	0.001010848747
284934	0.0005443993684
284935	3.011146226e-05
284936	0.0001941558128
284937	0.000264737011
284938	0.0002806797275
284939	0.0003574142339
284940	1.908839276e-05
284941	0.0003296846186
284942	0.0005279625348
284943	0.0002032809992
284944	9.313749333e-05
284945	5.24200266e-05
284946	9.884974458e-05
284947	0.0003145130102
284948	4.844228165e-05
284949	0.0001970336089
284950	8.088916181e-05
284951	0.0001222180614
284952	1.035558721e-05
284953	0.0003954760429
284954	0.0002337730516
284955	0.0003104585198
284956	3.878641763e-05
284957	0.0001817534254
284958	0.0001868340516
284959	0.0003260412653
284960	0.0004326477454
284961	8.306748967e-05
284962	0.0006277777205
284963	3.30942741e-05
284964	9.506030889e-05
284965	0.000137370345
284966	0.0002045028901
284967	0.0003791966751
284968	0.0003256951284
284969	0.000654996595
284970	0.0002653535508
284971	0.0002014870491
284972	6.839126053e-05
284973	0.0003802853291
284974	0.0002702412767
284975	7.689721451e-05
284976	0.0002654579384
284977	6.674873298e-05
284978	0.0002260635029
284979	0.0001603446262
284980	0.0004770696472
284981	0.0001139444628
284982	0.0004001249822
284983	0.0005657360318
284984	0.0001425946413
284985	0.001229380939
284986	2.596064313e-05
284987	0.0003782785089
284988	0.0003574188059
284989	0.0001249287076
284990	0.0001004896699
284991	8.70416322e-05
284992	0.0003751862451
284993	0.0001929215787
284994	0.0001814664563
284995	0.0002457699333
284996	3.706049523e-05
284997	0.0005734301335
284998	0.0002834436369
284999	1.2503709e-05
285000	0.0001704648928
285001	0.0003004982898
285002	0.0001179754126
285003	0.0003791265097
285004	0.0002504156096
285005	0.0005812503302
285006	8.025491977e-05
285007	0.000232440986
285008	0.0004595659647
285009	1.945931831e-05
285010	2.054804948e-05
285011	0.0003588964478
285012	0.0001315158329
285013	0.002540432533
285014	0.0001156882697
285015	0.0001192654747
285016	0.0001937201721
285017	0.0006568861581
285018	6.560796044e-05
285019	8.85922904e-05
285020	0.0002430957301
285021	0.0001574450646
285022	0.000160421202
285023	1.642479595e-05
285024	6.098913875e-05
285025	0.0002630270806
285026	0.000346011975
285027	0.0003241000253
285028	8.543698477e-05
285029	0.001509466797
285030	0.0001293326062
285031	0.0001786676772
285032	0.0003169255355
285033	0.001193351673
285034	0.0001967275662
285035	0.000379336176
285036	0.0004121486542
285037	0.0007412793628
285038	5.479554862e-05
285039	0.0006047316169
285040	0.0003262534079
285041	0.000223201268
285042	0.0004016050924
285043	0.000422665145
285044	0.0002181003038
285045	0.0009692255893
285046	0.0005383804461
285047	0.0002940020132
285048	0.0001846865632
285049	0.0007631322907
285050	0.0001546904304
285051	0.000148619097
285052	1.403584843e-05
285053	0.0001607731002
285054	0.000230016026
285055	0.0003693755433
285056	0.0007985232283
285057	0.0003309639798
285058	0.001125653492
285059	0.0001388682354
285060	0.0003267770608
285061	6.935834306e-05
285062	0.0004068963074
285063	0.0001229964434
285064	0.0003727697388
285065	0.002759415852
285066	3.853237772e-05
285067	0.0001574507258
285068	0.0003545167517
285069	0.0001122362382
285070	0.0005291244092
285071	0.0005159714717
285072	5.020762543e-05
285073	2.53468521e-05
285074	0.0003368884179
285075	0.0004423290666
285076	0.0001404978554
285077	0.0004034228204
285078	0.0002655711721
285079	0.0001082410718
285080	0.000174389615
285081	0.0001682486278
285082	2.000517078e-05
285083	0.002750590871
285084	0.001659165103
285085	0.002172278703
285086	0.0003773545748
285087	0.00381126265
285088	0.001684730842
285089	0.002133688091
285090	0.002456777703
285091	0.0008410853877
285092	0.001004786363
285093	0.001018727686
285094	0.001400505129
285095	0.0005243978445
285096	0.0009514726588
285097	0.0007515422787
285098	0.0009197925634
285099	0.0005925519733
285100	0.001513802131
285101	0.0009454143501
285102	0.0004299113193
285103	9.25918714e-05
285104	0.0007539103779
285105	0.0004279512509
285106	0.0007486143905
285107	0.001073800455
285108	0.007336898157
285109	0.005859267564
285110	0.006606529606
285111	0.00845652536
285112	0.006820608813
285113	0.001880399434
285114	0.0001658223572
285115	0.001071528656
285116	0.0006941103707
285117	0.0008467447238
285118	0.001980735892
285119	0.002586578539
285120	0.0007563441228
285121	0.0008351473479
285122	0.002210215507
285123	0.0001301486918
285124	1.219766664e-05
285125	0.001839531917
285126	0.0005709460622
285127	0.0005317583751
285128	0.0001020820247
285129	0.002665352655
285130	0.002930266565
285131	0.003669717543
285132	0.003229566729
285133	0.00730748747
285134	0.001066387053
285135	0.002680485905
285136	0.0006304584089
285137	0.003071600035
285138	0.0009333592983
285139	0.0006432848348
285140	0.002176654996
285141	0.0008012152008
285142	0.002604115626
285143	0.003853935426
285144	0.001915679013
285145	0.002092479809
285146	0.001465625005
285147	0.000333857394
285148	0.001172714047
285149	0.0006570619553
285150	0.0005820531401
285151	0.002864430943
285152	0.0001147316107
285153	0.002488399999
285154	0.0009233763919
285155	0.002649871823
285156	0.001313420809
285157	0.0003707674814
285158	0.002319113542
285159	0.0001433389648
285160	0.003493784587
285161	0.001354649738
285162	0.0002394668202
285163	0.001830585898
285164	0.002679166722
285165	0.001513658128
285166	0.001385637078
285167	0.0002376921022
285168	0.0002042047751
285169	0.001102886802
285170	0.0007349170546
285171	0.0007840673866
285172	0.0003729525246
285173	0.0004526850464
285174	4.276376656e-05
285175	0.0007091925797
285176	0.0008925478511
285177	0.001456711686
285178	2.817944226e-06
285179	0.0001412774248
285180	0.001403118445
285181	4.949897929e-05
285182	0.000815057881
285183	0.001439489101
285184	0.001792791351
285185	0.0003900183667
285186	4.46877424e-05
285187	0.001130120998
285188	0.001370770536
285189	0.001256197897
285190	0.002305349548
285191	0.0003965903202
285192	0.001896043112
285193	0.002585560513
285194	0.0001166775962
285195	0.001703172019
285196	0.001407946429
285197	0.0007526802352
285198	0.00108886909
285199	0.002708562418
285200	0.0009443945327
285201	0.0005991196829
285202	0.0001346811512
285203	0.0003010768045
285204	0.001790596049
285205	0.002418726786
285206	0.001019425004
285207	0.001728225207
285208	0.000945259014
285209	0.001605280769
285210	9.933492936e-05
285211	0.002204680135
285212	0.002230580984
285213	0.001587538323
285214	0.002903411309
285215	0.001140275512
285216	0.001473922856
285217	0.0003884602999
285218	0.0006434884517
285219	0.0005251285263
285220	0.0009923684154
285221	0.002034719812
285222	0.0006343258669
285223	0.0006671209443
285224	0.0003604549735
285225	0.0001740434203
285226	0.001573749555
285227	0.001883946657
285228	0.001143902009
285229	0.001006449982
285230	0.001878468578
285231	0.001663707856
285232	0.003279574395
285233	0.0001737360454
285234	0.00320868017
285235	0.003393008594
285236	0.0009740832785
285237	0.001930222149
285238	0.0002100685919
285239	0.001786295826
285240	0.001862289804
285241	0.001701696988
285242	0.001583512547
285243	0.001192800116
285244	0.001235814946
285245	0.002088199754
285246	0.001285704819
285247	0.0009769404331
285248	0.003179052641
285249	0.000680960404
285250	0.001187516973
285251	0.0003104176229
285252	0.002173800623
285253	0.0004272024144
285254	0.0006087707465
285255	0.001150569783
285256	0.0006670794601
285257	0.002450313167
285258	0.001044987616
285259	0.0004562821209
285260	0.001111009094
285261	0.0006813942517
285262	0.0006676314345
285263	0.002113732617
285264	0.002836175101
285265	0.0005230336557
285266	0.0008946615612
285267	0.001262847997
285268	0.001287218905
285269	0.001817652093
285270	0.002834354255
285271	0.0003969417519
285272	0.001169697974
285273	0.0002220579714
285274	0.001055015364
285275	0.0005528810679
285276	0.001449958422
285277	0.00314154004
285278	0.0001533123164
285279	0.0009100191926
285280	0.0006356813102
285281	0.001775945259
285282	0.001866611656
285283	0.001624372793
285284	0.0003989038467
285285	0.001040080433
285286	0.0002944971203
285287	0.002177361438
285288	0.00107473977
285289	0.002366131028
285290	0.001175246396
285291	0.0007866848868
285292	0.000221485007
285293	0.0004145021902
285294	0.0005616042698
285295	0.0009968959301
285296	0.001031352514
285297	0.001827113659
285298	0.0006640112983
285299	0.0002666290514
285300	0.001086862959
285301	0.003020133274
285302	0
285303	0.0009222031592
285304	0.000989183289
285305	5.030346488e-05
285306	0.000805244938
285307	0.0001018600421
285308	0.002893071003
285309	0.0005474219967
285310	0.002210800293
285311	0.0002159458973
285312	0.0007886571762
285313	0.0006799965823
285314	0.000912189441
285315	0.001030276739
285316	0.001273232028
285317	0.001391759141
285318	0.003291055253
285319	0.0008126608983
285320	0.003017290293
285321	0.0006459235737
285322	0.0003770686182
285323	0.001998535107
285324	0.002378241942
285325	0.0001330453932
285326	0.0003415242638
285327	0.0009179522841
285328	0.0006085308242
285329	0.000177482815
285330	0.000988018326
285331	0.001902944859
285332	0.001681953201
285333	0.0004538393327
285334	0.001754810807
285335	0.001488008979
285336	0.001311150094
285337	0.001986182795
285338	0.001463048929
285339	0.002064073999
285340	0.001376620123
285341	0.00118367918
285342	0.000636303203
285343	0.000669641499
285344	0.002655396054
285345	0.000205108161
285346	0.001785903394
285347	0.0002060752192
285348	0.001579218328
285349	1.37604453e-06
285350	0.001630159037
285351	0.0003822315041
285352	2.780961188e-05
285353	0.001074733624
285354	0.002887903409
285355	0.002466634606
285356	0.001442634672
285357	0.0008248978243
285358	0.001066089975
285359	0.0003910953616
285360	0.0007623058913
285361	0.00103332752
285362	0.0009336661681
285363	0.000925728512
285364	0.001010322442
285365	0.00387479324
285366	0.001121577
285367	0.00143021187
285368	0.002003258478
285369	0.0002319817373
285370	0.0005183469817
285371	0.0001352744753
285372	0.002835801479
285373	0.002569938141
285374	0
285375	0.001670488597
285376	0.001663767375
285377	0.0006108518139
285378	0.001157654776
285379	0.0003010288269
285380	0.0004519770183
285381	0.001884310199
285382	0.001779309779
285383	0.00137706537
285384	0.0001962199336
285385	0.001846017868
285386	0.00144331214
285387	0.003760924174
285388	0.001162455474
285389	0.0005885251755
285390	0.0009880210714
285391	0.0004489548235
285392	0.0009474127954
285393	0.0008973205397
285394	0.001581929968
285395	0.002012717038
285396	0.0001933352036
285397	0.0003981902831
285398	0.0008021743846
285399	0.0008231880856
285400	0
285401	0.0001658429799
285402	0.0009628066938
285403	0.001293014472
285404	0.003824190766
285405	0.001373836824
285406	0.001838548908
285407	0.0008669679442
285408	0.00219510784
285409	0.001230283909
285410	0.004177135689
285411	0.004444089829
285412	1.882206319e-06
285413	0.00179337073
285414	0.0005743745811
285415	0.001867581889
285416	0.0002966008239
285417	0.0007342453475
285418	0.0009418243234
285419	0.0005583997596
285420	0.003567439721
285421	0.001142740587
285422	0.001135699092
285423	0.001128028836
285424	0.001451821962
285425	0.0007202095044
285426	0.003826908815
285427	0.003143112168
285428	0.002496759306
285429	0.001884658702
285430	0.001629988447
285431	0.001924174848
285432	0.0003524789151
285433	0.004080904796
285434	0.002145945863
285435	0.002821841785
285436	0.003003820616
285437	0.006894325694
285438	0.004142967186
285439	0.007993384002
285440	0.003466072714
285441	0.0005794799748
285442	0.0004503563238
285443	0.001265449616
285444	0.001887938306
285445	8.481673881e-07
285446	0.001784492689
285447	0.00143263626
285448	0.002035203901
285449	0.003682597623
285450	0.0006102875855
285451	0.0002734013659
285452	0.005996811671
285453	0.003668884108
285454	0.004595870372
285455	0.007328799337
285456	0.00319833394
285457	0.0006535587921
285458	0.0006381872876
285459	0.001702840081
285460	0.00426137927
285461	0.002312968638
285462	0.002258216255
285463	0.003957364316
285464	0.001498272842
285465	0.0001635904621
285466	0.001773990748
285467	0.0004900658321
285468	0.0003043614444
285469	0.000241054534
285470	0.0008771566253
285471	0.004283949545
285472	0.006969786588
285473	0.002415059709
285474	0.005453445976
285475	0.0014047064
285476	0.0003569292165
285477	0.0009322403005
285478	0.002904019759
285479	0.002054720119
285480	0.001626038611
285481	0.001007470346
285482	0.002946251887
285483	0.0005154131618
285484	0.0005041983165
285485	0.00450217489
285486	0.001701353671
285487	0.0003694457886
285488	0.0002098249182
285489	0.003281067874
285490	0.003253351365
285491	0.001873517433
285492	0.004811902198
285493	0.0004176310533
285494	0.001898642877
285495	0.005552138607
285496	0.0002124536766
285497	0.000566075579
285498	0.002216476625
285499	0.002793207988
285500	0.003177425253
285501	0.0009026731798
285502	0.001414463624
285503	0.001992090631
285504	0.003181214284
285505	0.001144280122
285506	0.0006406008805
285507	0.003817800856
285508	0.0002428567895
285509	0.001482898618
285510	0.002960087038
285511	0.002230774457
285512	0.001457475374
285513	0.002523679581
285514	0.003044600085
285515	0.0004564785278
285516	0.001899511291
285517	0.001655353027
285518	0.00858653878
285519	0.00245910929
285520	0.001334370297
285521	0.002399386109
285522	0.003967077709
285523	3.899841518e-05
285524	0.0009188304671
285525	0.0006472302959
285526	0.0001277792588
285527	0.0005941584233
285528	0.0004968008247
285529	0.004194308492
285530	0.001420042177
285531	0.004980030333
285532	0.001261787595
285533	0.0006444001144
285534	0.003788534678
285535	0.0008567493446
285536	0.001491327995
285537	0.0004105659738
285538	0.003585009303
285539	0.002406292507
285540	0.00205474766
285541	0.002576700502
285542	0.0004132537846
285543	0.002635947619
285544	0.0007725177194
285545	0.0007783221135
285546	0.003627160365
285547	0.003538754188
285548	0.002363809224
285549	0.001955931173
285550	0.001419857383
285551	7.428685927e-05
285552	0.0004814279986
285553	0.0001248134993
285554	0.00295341691
285555	0.001568883899
285556	0.003618550823
285557	0.005429816858
285558	0.003739466544
285559	0.0009272488139
285560	0.001557093876
285561	0.0007217891075
285562	0.004894141813
285563	0.002264603018
285564	0.0001677842752
285565	0.002892672936
285566	0.01175300361
285567	0.006725138302
285568	0.008078525737
285569	0.0080818615
285570	0.002663866071
285571	0.002289546496
285572	0.003779375221
285573	5.950112089e-05
285574	0.006362393795
285575	0.002768434963
285576	0.004426429816
285577	0.001819197979
285578	0.003869805483
285579	0.003843345584
285580	0.0013562291
285581	0.005943123183
285582	0.003559564505
285583	0.005108368086
285584	0.008169709723
285585	0.000379379896
285586	0.003401650058
285587	0.0009049989588
285588	0.003247311371
285589	0.0008394359334
285590	0.002113734411
285591	0.002611592245
285592	0.001520532137
285593	0.0003767534081
285594	0.004040975117
285595	0.002148693213
285596	0.000437340586
285597	0.00171590056
285598	0.004777164359
285599	0.002758439647
285600	0.001478672779
285601	0.001171424863
285602	0.002882441412
285603	0.0003524508553
285604	0.0007061079579
285605	0.0002942110369
285606	6.507265018e-06
285607	0.002415351069
285608	0.001211812301
285609	2.393006881e-05
285610	0.001236206315
285611	0.0003973410382
285612	0.0004284927565
285613	0.0006805352649
285614	0.001591187678
285615	0.001913999244
285616	0.000857452778
285617	0.0006238496613
285618	0.0004594288443
285619	0.0001767928195
285620	0.0004853795006
285621	0.001133379993
285622	0.0001115666782
285623	0.00134515762
285624	0.0001140469154
285625	0.000385853263
285626	0.0007272091609
285627	0.0003674456201
285628	0.002834643176
285629	0.0002477477631
285630	0.002215516946
285631	0.001613542567
285632	0.001558986955
285633	0.0005838345391
285634	0.0007238178343
285635	0.001157864041
285636	0.002005515645
285637	0.001097314223
285638	0.0006729273208
285639	0.001289266824
285640	0.001885652882
285641	0.0009470223121
285642	0.001182858892
285643	0.0004707562356
285644	5.510908628e-05
285645	9.590868626e-07
285646	0.0001636420933
285647	0.0004924062353
285648	0.0002036429048
285649	0.0003432256208
285650	0.0007387496478
285651	0.0005915222942
285652	0.0003122187195
285653	0.002214953611
285654	0.0004281599191
285655	0.000322110558
285656	0.001987369787
285657	0.0002070149273
285658	0.0002718376256
285659	0.0006234790485
285660	0.0002503002658
285661	0.0007072680556
285662	0.000313440522
285663	0.001555024444
285664	0.0005647182358
285665	0.001226671723
285666	0.0005635201556
285667	0.0008524775
285668	0.0005158895488
285669	0.001767642155
285670	0.0003529248487
285671	0.001902301837
285672	0.001275501124
285673	0.0005121825782
285674	0.0006139647587
285675	0.000380731456
285676	0.0006317682769
285677	0.00123639362
285678	6.868406815e-05
285679	0.000183725391
285680	0.001127179883
285681	0.0003713552696
285682	0.0005177887689
285683	0.001957156764
285684	0.000617636773
285685	0.000387798072
285686	0.0007307257303
285687	0.0006246685325
285688	0.0001313105002
285689	0.0002998197863
285690	0.0006001664226
285691	0.0001916635279
285692	0.0006068930544
285693	0.0002544064465
285694	0.0001166010766
285695	0.0007586018268
285696	0.0004436864518
285697	0.0005351958196
285698	0.0002789730058
285699	0.0006484455516
285700	0.0006528823247
285701	0.000681196667
285702	0.0009747012107
285703	0.0001363051797
285704	0.0009717333363
285705	0.0004020830174
285706	0.000274816307
285707	0.0009746510943
285708	0.0008846061194
285709	0.0002980899539
285710	0.0002361253686
285711	0.0004527466078
285712	0.0002319094589
285713	0.0003228765918
285714	0.001011153326
285715	0.001093234817
285716	0.0007802207577
285717	0.001306788092
285718	0.002044606461
285719	0.001269112557
285720	0.0008762462188
285721	0.0004014186591
285722	0.0003238459575
285723	0.0001936698047
285724	0.0009647872622
285725	0.0009442254042
285726	0.0007704146405
285727	0.001529129742
285728	0.0006726979004
285729	0.001155573923
285730	0.0008313258739
285731	0.0004932071585
285732	0.001366742502
285733	0.001498195495
285734	0.00130581194
285735	0.001309628905
285736	0.00114398172
285737	0.0005198851441
285738	0.0004375179614
285739	0.0008032999343
285740	0.0005316927467
285741	0.0009866128201
285742	0.0002535522824
285743	0.001286454374
285744	0.001364083816
285745	0.0004673790019
285746	0.001131804724
285747	0.0004200379533
285748	0.0009736102443
285749	0.0006266978882
285750	0.000724128395
285751	0.001432749803
285752	0.0009841241276
285753	0.001363915828
285754	0.0001157342812
285755	0.0006072071483
285756	0.0003642410361
285757	0.0002066201793
285758	0.001317554768
285759	0.0003062155567
285760	0.001093786238
285761	0.001729707527
285762	0.0004122386806
285763	0.00142344631
285764	6.404051567e-05
285765	2.903570505e-06
285766	0.000543918018
285767	4.014859068e-05
285768	0.001217291358
285769	0.001363861536
285770	0.0003305580741
285771	0.0006854083723
285772	0.0003490865907
285773	0.0006483979056
285774	0.000527507748
285775	0.0002399654139
285776	0.0007957012078
285777	0.0004509608716
285778	0.001102992618
285779	0.001318156399
285780	0.00128757931
285781	0.0005519708402
285782	0.00129573826
285783	0.00131217923
285784	0.0008857601034
285785	0.0008013930586
285786	0.002335640155
285787	0.002031264237
285788	0.0003362243867
285789	0.001693313256
285790	3.857532821e-06
285791	0.001189433525
285792	0.0006620891191
285793	0.001195576419
285794	5.204720978e-05
285795	0.0003087407886
285796	7.960548271e-06
285797	0.0001436647839
285798	0.001232103875
285799	0.0008514506724
285800	0.001120619954
285801	0.0001170485154
285802	0.001462626774
285803	0.001082765256
285804	0.0008946109211
285805	0.0007607479517
285806	0.0006876646181
285807	0.0005385548457
285808	0.001213584596
285809	0.0004382483819
285810	0.0005641432952
285811	0.00129659565
285812	0.0005579154536
285813	0.000520953904
285814	0.0007329090378
285815	0.0003285244193
285816	0.00155697153
285817	8.969353904e-05
285818	0.0003381796583
285819	7.59781165e-05
285820	0.0003184436543
285821	0.0007631762156
285822	0.00109353976
285823	9.533160991e-05
285824	0.0007502809029
285825	0.001128227571
285826	0.00152766014
285827	4.450935052e-05
285828	0.0008741309502
285829	0.000601736883
285830	0.0001903899037
285831	0.0002285579117
285832	0.001216802188
285833	0.000832565329
285834	1.956377129e-07
285835	0.0007576407565
285836	2.687771183e-05
285837	0.0006006655583
285838	0.001713006942
285839	0.0009829811797
285840	0.001171184878
285841	0.0008788399452
285842	0.001725132773
285843	0.001720283016
285844	0.000118509222
285845	0.00126135952
285846	0.001250781247
285847	0.0006489632144
285848	0.001648515492
285849	0.0007865429683
285850	0.001515864657
285851	0.001213574845
285852	0.0004265717105
285853	0.001681589781
285854	0.0004104753407
285855	0.001202068542
285856	0.001696195984
285857	0.0005821592576
285858	0.00127661039
285859	0.0001948871511
285860	0.0003768820227
285861	2.005657404e-06
285862	0.001216852964
285863	0.001091131152
285864	0.0004429359035
285865	0.0008557327708
285866	0.0009959419128
285867	0.0010016696
285868	0.0004636489905
285869	0.0001017312404
285870	0.0007517415496
285871	0.0006485963284
285872	0.00130712087
285873	0.0001512971406
285874	0.0003152984373
285875	0.0002121991573
285876	0.001073424429
285877	0.0008759375533
285878	0.0008123871128
285879	0.0002142819252
285880	0.0008509144717
285881	0.0003231634091
285882	0.0002292736661
285883	0.0009964636149
285884	0.0004231343998
285885	0.0001993190355
285886	0.0002726064872
285887	0.0004098458431
285888	0.0008187504485
285889	0
285890	0.001221244147
285891	0.0003784791431
285892	0.0009017842597
285893	0.0003798622094
285894	0.0005775094134
285895	0.001801567985
285896	0.001131860769
285897	0.001269874486
285898	0.0006249751544
285899	0.00258220916
285900	0.001870025552
285901	0.0001894670901
285902	0.0001402622887
285903	0.0001817972612
285904	1.647198782e-05
285905	7.111963786e-07
285906	1.71284392e-05
285907	0.0001700566698
285908	0.0002565925306
285909	0.00108114156
285910	0.0002637403564
285911	0.0004676045735
285912	0.0001837243455
285913	0.0006960229596
285914	0.0003427923941
285915	0.0005028267066
285916	0.0002433583327
285917	0.0003958142093
285918	0.0005240577285
285919	0.0007534551623
285920	0.0005123716459
285921	0.0006023958101
285922	0.0006504217914
285923	0.0007058835978
285924	0.00195192316
285925	0.0006352588697
285926	0.001807775735
285927	0.000585375361
285928	0.007673600971
285929	0.001154965368
285930	0.001208112951
285931	1.288239556e-05
285932	0.003436224923
285933	0.001245974957
285934	0.004214668568
285935	0.002076594431
285936	0.001126389038
285937	0.003838740087
285938	0.001445068667
285939	0.001400693661
285940	0.002114022675
285941	0.00320331748
285942	0.002078251106
285943	0.001140823127
285944	0.0008354214864
285945	0.0003529584624
285946	0.000990769564
285947	0.0009363204922
285948	0.001378153498
285949	7.262513e-05
285950	0.0005126582434
285951	0.00810120065
285952	0.004159106139
285953	0.0004462408113
285954	0.003276275973
285955	0.002291050755
285956	2.474924738e-05
285957	0.002734563799
285958	0.0002828815453
285959	0.000762789107
285960	0.0005775956068
285961	0.003284644288
285962	0.001737227168
285963	0.003719792674
285964	0.000294089397
285965	0.0002383633593
285966	0.00314004783
285967	0.003155529806
285968	0.002908225995
285969	0.005039841906
285970	0.002433894576
285971	0.001959479159
285972	0.002110484138
285973	0.005113527873
285974	0.001290992941
285975	0.006307542718
285976	0.002204869566
285977	0.0006268669617
285978	0.003396162518
285979	0.001075665898
285980	0.0006114787114
285981	0.003211931187
285982	0.0004376378838
285983	0.00416263318
285984	0.002677037398
285985	0.00556096665
285986	0.003334290989
285987	0.004285995201
285988	0.001229006763
285989	0.001120484485
285990	0.001400406811
285991	0.00231614238
285992	0.000899152398
285993	0.01023707164
285994	0.001033100551
285995	0.0001997054532
285996	0.001538974581
285997	0.001363211318
285998	0.003377647544
285999	0.0006162203542
286000	0.006303052845
286001	0
286002	0.002440560802
286003	0.001329863863
286004	0.0005353450087
286005	0.0006422217843
286006	0.001413983285
286007	0.002076886923
286008	0.0008949220528
286009	0.0004623096011
286010	0.001125900275
286011	0.001274427131
286012	0.001022229943
286013	0.001444364956
286014	0.001471497428
286015	0.0004567465755
286016	0.002027539834
286017	0.001098784169
286018	0.0001701021373
286019	0.008253829209
286020	0.002049031597
286021	0.0001206560943
286022	0.003887913852
286023	0.004437393963
286024	0.002234147409
286025	0.003942059481
286026	0.002510759146
286027	5.043294701e-05
286028	0.002382670663
286029	0.002517106762
286030	0.005457948031
286031	0.0009409253385
286032	0.004663273429
286033	0.005161129461
286034	0.0002520151124
286035	0.002440321127
286036	0.005980809801
286037	0.00265344175
286038	0.0008924393298
286039	0.003098745225
286040	0.001289032252
286041	0.0008257993836
286042	0.002976704827
286043	0.0001405388919
286044	0.002245054245
286045	0.0006536893591
286046	0.0069173459
286047	0.0006717301902
286048	0.001640966212
286049	0.000496986291
286050	0.0007740274542
286051	0.001901036512
286052	0.002691559753
286053	0.0002948969637
286054	0.004198686725
286055	0.001344387792
286056	0.003231820877
286057	0.002985952772
286058	0.007770542986
286059	0.00052364644
286060	0.001786137457
286061	0.000233987396
286062	0.001161984179
286063	0.003363065305
286064	0.000973728271
286065	0.00012537639
286066	0.0005814283091
286067	0.0005301577329
286068	6.500399494e-05
286069	0.001421908043
286070	0.007033231884
286071	0.00030278255
286072	0.0009798070086
286073	0.0006253875733
286074	0.003241538805
286075	0.0007824240864
286076	0.0004007609071
286077	0.0004645017282
286078	0.0001140959879
286079	0.0004244422828
286080	0.001361986166
286081	0.001071144242
286082	0.003172983508
286083	0.0007112839216
286084	0.0004522867821
286085	6.169041999e-05
286086	0.0007976485781
286087	0.0003929784586
286088	0.0004420954103
286089	0.0003743292222
286090	0.0006090694474
286091	2.966525338e-05
286092	0.001225282169
286093	0.0004648803948
286094	0.0006716367446
286095	0.000407547007
286096	0.0008488355723
286097	0.0006103051878
286098	0.0006097633114
286099	9.013016826e-05
286100	0.0003256351216
286101	0.000524738649
286102	0.0008812789132
286103	0.0006571858773
286104	0.000798111902
286105	0.0004638109188
286106	0.0006791818907
286107	0.0004365989419
286108	0.0008143812274
286109	0.0007984151326
286110	0.0005411965298
286111	0.0001781795432
286112	0.0005447069569
286113	0.001406046495
286114	0.0008554389404
286115	0.0004028762224
286116	6.882227197e-06
286117	0.000401527605
286118	0.0004939605188
286119	0.0004477747167
286120	0.0005595162526
286121	0.0002819504518
286122	0.0001587242964
286123	0.0003359411335
286124	6.569889192e-05
286125	0.0006269773793
286126	0.0004222089164
286127	0.0006312484469
286128	6.809038321e-06
286129	0.0004739805722
286130	0.0006224467922
286131	0.0006231128063
286132	0.0004412237895
286133	0.0003652044337
286134	0.0008499316553
286135	0.0006152204291
286136	0.0002167770379
286137	0.0003269932794
286138	0.0008659661788
286139	0.0006112187328
286140	0.0005870468782
286141	0.0008282443523
286142	0.0002351738827
286143	0.0003500972312
286144	0.0003562294176
286145	0.0006530043067
286146	0.0002518531684
286147	0.0006171219585
286148	0.0006782547566
286149	9.915924347e-05
286150	0.0003670427974
286151	0.001109654653
286152	0.0003275998261
286153	0.0004791452287
286154	0.0007239536722
286155	0.0005325015516
286156	0.0003633476224
286157	0.0001580317171
286158	0.0006396349872
286159	5.826551893e-05
286160	0.0007894900602
286161	0.001213437205
286162	0.0009498947136
286163	0.0007249237321
286164	5.582216862e-05
286165	0.001087871576
286166	0.0002077688366
286167	0.002023655578
286168	0.0003845869724
286169	0.000961893619
286170	0.0005271010247
286171	0.0005376603163
286172	0.0006623951129
286173	0.0006334256247
286174	0.0002086493921
286175	0.0006526744275
286176	0.0009785187263
286177	0.0009414505159
286178	0.0005765302854
286179	0.0005823238454
286180	0.0005973117402
286181	0.00136376579
286182	0.0002490571912
286183	0.0004654678064
286184	0.0003333243581
286185	0.0005705670654
286186	0.0002951339522
286187	0.0006993747587
286188	0.0004816428133
286189	0.0002148928065
286190	0.000333071063
286191	0.001011292892
286192	7.790316351e-05
286193	0.0006954922573
286194	0.000103623503
286195	0.0004211280017
286196	0.0007969696212
286197	0.000315633341
286198	0.0004706851384
286199	0.0003926212942
286200	0.0005683081748
286201	0.001265927262
286202	0.0003296568263
286203	0.0008822518039
286204	0.0006290294052
286205	0.0009000103908
286206	0.0002519293306
286207	5.063752313e-05
286208	0.0002782257376
286209	0.0002793527272
286210	0.0007231994683
286211	0.0004419584055
286212	0.000776463651
286213	0.001505450122
286214	0.003036161448
286215	0.000377213625
286216	0.0004414354029
286217	0.0005470717418
286218	0.00128890657
286219	0.0009005594652
286220	0.0001278379154
286221	2.837615314e-05
286222	4.607656963e-05
286223	7.900510966e-05
286224	0.00134943756
286225	0.0003432196787
286226	0.000358206125
286227	0.0003068977183
286228	0.001210810548
286229	0.001114485288
286230	0.0002108741163
286231	0.0005223751042
286232	0.0001231044419
286233	8.563859202e-05
286234	0.0007868668507
286235	3.04842614e-05
286236	0.0003111297932
286237	0.0004736872873
286238	0.0009168790896
286239	0.0008297455754
286240	0.0004588491616
286241	0.0009391003275
286242	0.0009326600181
286243	0.0003926412246
286244	0.0006216272601
286245	0.000587475254
286246	0.0002818378138
286247	0.0006247828006
286248	9.58737336e-05
286249	0.0005834197749
286250	0.0009241138051
286251	5.649676024e-05
286252	0.000633147562
286253	0.0004070446781
286254	0.001101114902
286255	0.0009603795347
286256	0.0001150951428
286257	0.0001857461726
286258	0.0003698398608
286259	0.0009720380445
286260	0.0007732422437
286261	0.001379989629
286262	0.0005870440992
286263	0.0004190909793
286264	0.0004119075521
286265	0.0007963030228
286266	0.0004644566668
286267	0.000477697735
286268	8.104397758e-05
286269	0.0001890025266
286270	0.000465864141
286271	0.0001569687653
286272	0.0007377691984
286273	6.051609238e-05
286274	0.0004014662505
286275	0.001022909332
286276	0.0008305293322
286277	0.0001748458381
286278	0.001005356748
286279	0.000865912788
286280	0.0003243726295
286281	0.0005692715405
286282	0.001079507101
286283	4.644424921e-05
286284	0.0006361162015
286285	0.0003335190334
286286	0.0002006707209
286287	0.00116426926
286288	0.0003141940333
286289	0.0004886352815
286290	0.0005607649245
286291	0.0001434798199
286292	0.001068903217
286293	0.0005603735632
286294	0.0004670081477
286295	0.0003987291132
286296	0.0004359894892
286297	0.000588860193
286298	0.000433512924
286299	0.0008786715468
286300	0.0007767342228
286301	0.0004881045706
286302	0.0001590135136
286303	0.0001800409192
286304	0.0005485909514
286305	0.000192616078
286306	0.0002478152935
286307	0.001015930543
286308	0.0004904790126
286309	0.0004351816369
286310	0.001078940727
286311	0.0003258529225
286312	0.0005456091995
286313	0.001299732765
286314	0.0001878777112
286315	0.0004559392321
286316	0.0003714562067
286317	0.0001165126822
286318	0.0006010380137
286319	0.0004432191345
286320	0.0003845765246
286321	0.0006725977307
286322	0.0002899482005
286323	0.0006913652824
286324	0.0007297155895
286325	0.001076514319
286326	0.0009187878282
286327	0.0007181357717
286328	7.689327132e-05
286329	0.0008423381234
286330	0.0005730687115
286331	0.0005075453957
286332	0.0007528049945
286333	0.0004705474126
286334	0.0006364488799
286335	0.0004208701719
286336	0.0003695554367
286337	0.000744726706
286338	0.0001523552277
286339	0.0008898014726
286340	0.000320998631
286341	0.0006538548744
286342	0.001217640998
286343	0.0008817149501
286344	0.001493573667
286345	0.0006286152551
286346	0.0009539376237
286347	0.0004317098668
286348	1.284904243e-05
286349	0.0007440158709
286350	0.0006459720066
286351	0.0004053797929
286352	0.000684055527
286353	0.0002694081229
286354	0.001125713784
286355	0.0002342775683
286356	0.000670630067
286357	0.0001114175586
286358	0.0008985848944
286359	0.0005322821155
286360	0.0002616129396
286361	0.00135791086
286362	0.0003242205271
286363	0.0003301882282
286364	0.0003175480149
286365	0.0005046878984
286366	0.002118623296
286367	0.0005328806955
286368	0.0009624673495
286369	3.834886795e-05
286370	0.000519344344
286371	0.001524358233
286372	0.0008799162075
286373	0.001712256551
286374	0.0007727686829
286375	0.0001699308344
286376	0.002444631794
286377	0.0004731948691
286378	3.453279473e-05
286379	0.0006502242039
286380	0.0005240284714
286381	0.0002249391277
286382	0.0004966208119
286383	0.0002943779401
286384	0.0005961657237
286385	0.0009083991854
286386	0.0004008829031
286387	0.0003685637582
286388	0.0014933011
286389	0.001108743899
286390	0.0004582139493
286391	0.001623980284
286392	0.0003537072608
286393	0.000732291888
286394	0.0008261920454
286395	0.001669587063
286396	0.0009045463919
286397	0.0003919121037
286398	7.347660619e-05
286399	0.0003817270369
286400	4.390786378e-05
286401	2.798826903e-05
286402	0.0002372846652
286403	0.0006471423267
286404	5.463229844e-05
286405	0.0003728554198
286406	0.0009560693018
286407	0.002847307311
286408	0.0009316954
286409	0.0004896901623
286410	0.0002181622672
286411	0.0006434023867
286412	0.0009347820561
286413	0.0004627686188
286414	0.001441678938
286415	0.0007203789519
286416	0.0002298479612
286417	0.0001444062778
286418	0.0006635463062
286419	0.001377943966
286420	0.0001881256465
286421	0.0007129919889
286422	0.0006959176936
286423	0.0002075640268
286424	0.0001968695237
286425	0.0002330749474
286426	0.0006943505635
286427	0.0009745301756
286428	0.001460908624
286429	0.001036213916
286430	0.001421532673
286431	4.744107016e-05
286432	0.0002174872128
286433	4.592369778e-05
286434	0.001367971711
286435	0.0004401272716
286436	0.0004512869688
286437	0.0009424091817
286438	0.001664461804
286439	0.0008899763985
286440	0.001180333203
286441	0.002661745135
286442	0.0006917091707
286443	0.0007756687462
286444	0.0003476733823
286445	0.0008231666092
286446	0.0004526891108
286447	0.0007677378619
286448	0.0003509463754
286449	0.0002057391548
286450	0.0004307226668
286451	0.0002180934823
286452	0.0003218276921
286453	0.0006735658841
286454	0.0004577486482
286455	0.000512174089
286456	0.001657931184
286457	0.0005895881792
286458	0.0002443758221
286459	0.0004649301922
286460	0.0001788332426
286461	0.00107370745
286462	0.0002620733036
286463	0.001080629404
286464	0.0008686717332
286465	0.000643064781
286466	0.0003478900486
286467	0.0009957504196
286468	0.0007248847562
286469	0.000558466482
286470	0.0008483004803
286471	0.0005467660038
286472	0.0006789556254
286473	0.0003326115169
286474	0.0007037812462
286475	0.0006278481553
286476	0.000190417911
286477	0.0002098696463
286478	0.0009219799626
286479	0.0003466897484
286480	0.000270881049
286481	0.0001583980769
286482	8.869456901e-05
286483	0.0004551500558
286484	0.000621683141
286485	0.001148396714
286486	0.0001230885177
286487	0.002285668355
286488	0.001769420793
286489	0.002414341479
286490	0.003662877383
286491	0.0003617751851
286492	0.0002329310195
286493	0.0007281341116
286494	0.002025443324
286495	0.001853872583
286496	0.0009193247835
286497	0.0002891771051
286498	0.0008286858123
286499	0.0008237009209
286500	0.0003571280128
286501	0.002265893883
286502	0.001327422076
286503	0.001870213237
286504	0.002774455721
286505	0.0001827047141
286506	0.0004125166556
286507	0.003721786797
286508	0.000340024157
286509	0.0004855455815
286510	0.001067721967
286511	0.005817943134
286512	0.001998378238
286513	0.001337572849
286514	0.003180657544
286515	0.002179871676
286516	0.001369124309
286517	0.001024427386
286518	0.002176240514
286519	0.0002828291325
286520	0.0001045353139
286521	0.0001280862512
286522	0.003152496295
286523	0.0001193423606
286524	0.001355881974
286525	0.0006657327452
286526	0.0005550835502
286527	0.001308737386
286528	0.005195126426
286529	0.0007734124305
286530	0.001605891219
286531	0.002579819506
286532	0.0006032727209
286533	0.002022990919
286534	0.002889004973
286535	0.001404034171
286536	0.002227746236
286537	0.001938048686
286538	0.001638377917
286539	9.777791946e-05
286540	0.0008307589927
286541	0.001614500384
286542	0.001510098633
286543	0.0001213324492
286544	0.005710654831
286545	0.0003826325208
286546	0.0003351420742
286547	0.000464891917
286548	0.000157594552
286549	0.000845245039
286550	0.0007564672645
286551	0.00245279825
286552	0.0002633139679
286553	0.0006860308973
286554	0.001303837437
286555	0.000185326477
286556	0.001612694277
286557	0.004055297837
286558	0.00110896343
286559	0.004392312308
286560	0.002057099034
286561	0.007710592926
286562	0.000848902274
286563	0.003085883081
286564	0.0006186849714
286565	0.001732602889
286566	0.001051749364
286567	0.001695452973
286568	0.001236464155
286569	0.0009498378313
286570	0.0004245099404
286571	0.001030565321
286572	0.005051409345
286573	0.0002819393874
286574	6.523291289e-05
286575	0.00224790684
286576	0.000367384133
286577	0.001771635011
286578	0.0008078069066
286579	0.0006605049623
286580	0.001818968188
286581	0.004252703809
286582	0.004918259185
286583	0.001771563564
286584	0.002563610305
286585	0.0004373267093
286586	0.0004015701047
286587	0.0001541257357
286588	0.002236254947
286589	0.0001746340832
286590	0.0005855125308
286591	5.045277843e-05
286592	0.00210065527
286593	0.001073893167
286594	0.0004885590841
286595	0.0001095736899
286596	0.001323105078
286597	0.005364943364
286598	0.002022869045
286599	0.002302074694
286600	0.001486463958
286601	0.001689104369
286602	0.0006427921393
286603	0.001791185554
286604	0.001437848877
286605	0.001152463923
286606	1.3775833e-05
286607	0.001147981342
286608	0.002110554127
286609	0.001388929709
286610	0.0009756718713
286611	0.001429394826
286612	0.001018466055
286613	0.0004540965388
286614	0.000390422496
286615	0.001334661362
286616	0.001725809242
286617	0.0003517734181
286618	0.002044484099
286619	0.0004069344476
286620	0.001030449059
286621	0.001344643902
286622	0.002675155289
286623	0.001890245801
286624	0.0005604651881
286625	3.274049496e-05
286626	0.0002845685958
286627	0.002590357693
286628	0.0009298140592
286629	0.003301777445
286630	0.002127994813
286631	0.0006948842993
286632	0.0001654674318
286633	0.001561386304
286634	0.0002408000683
286635	0.001416413588
286636	0.0009687758581
286637	0.006748528082
286638	0.002176046396
286639	0.002373216343
286640	3.087779321e-05
286641	0.0003448224099
286642	0.00223820693
286643	0.0002651252472
286644	1.555843313e-05
286645	0.001464860078
286646	0.0005004856765
286647	0.002375725603
286648	0.000198800248
286649	0.0007117970351
286650	0.00311108929
286651	0.0003536311947
286652	0.001798573006
286653	0.001257878628
286654	0.001850634023
286655	0.002210902399
286656	0.0001937187642
286657	0.0008703591618
286658	0.0005591106657
286659	0.0005266263574
286660	0.004234122971
286661	0.001672961837
286662	0.0005304017094
286663	0.0008148669418
286664	0.0002322752291
286665	0.003443739146
286666	1.9367347e-05
286667	0.002591246951
286668	0.0001367653558
286669	5.098379884e-05
286670	0.0003112565859
286671	0.0002770864814
286672	0.0001760822416
286673	0.0002292190139
286674	0.0004922817538
286675	0.0004684239557
286676	0.0009278649206
286677	0.0006169640714
286678	0.0008258282667
286679	0.0001098127913
286680	0.0005982809912
286681	0.0001538207086
286682	0.0003317709872
286683	0.001417844358
286684	0.0001334165373
286685	0.0009533096823
286686	0.0005994166494
286687	0.001128295204
286688	0.0003702615046
286689	0.0007714403093
286690	0.0004840577769
286691	7.289438185e-05
286692	4.396023954e-05
286693	0.001063219863
286694	0.0002063781957
286695	8.587968866e-05
286696	0.000159741191
286697	0.0001172224242
286698	0.0008186177622
286699	6.375151116e-05
286700	0.000944088741
286701	0.0006821020279
286702	0.001044047458
286703	0.0005298778122
286704	8.009072137e-06
286705	8.764177779e-05
286706	0.0008074060496
286707	0.001676125699
286708	0.0005160851956
286709	5.789232619e-05
286710	0.0007115760073
286711	0.0007622927822
286712	0.0001276266879
286713	0.0002212314016
286714	0.001219830919
286715	0.0002993803553
286716	0.0006268153711
286717	0.00223818647
286718	0.001133115956
286719	0.0005649444016
286720	0.001280836903
286721	0.0001512678849
286722	0.0006044554366
286723	7.267967485e-05
286724	0.001210671412
286725	4.635241258e-05
286726	0.0006132145839
286727	0.0002312063493
286728	0.0008943247419
286729	0.0006700712832
286730	0.000439677561
286731	0.0002837736531
286732	0.000266875672
286733	0.0002483826576
286734	0.001530434178
286735	0.0001778433183
286736	0.000413723592
286737	8.159006532e-05
286738	6.161565134e-05
286739	0.0002769522376
286740	0.0001887291454
286741	0.0005758190967
286742	0.001116143045
286743	0.0001583051265
286744	0.0002921764195
286745	0.0007117061498
286746	0.0004950084664
286747	0.0004078740107
286748	1.676579882e-05
286749	0.0005715056713
286750	0.0002477514744
286751	0.0001448521001
286752	0.0002092693699
286753	0.002077123389
286754	3.17958267e-05
286755	0.0005287020185
286756	0.0009524852967
286757	0.0001235147665
286758	0.0003606654419
286759	0.0007559158075
286760	0.0003396102028
286761	0.000137215705
286762	0.0007491900975
286763	0.0003577146109
286764	0.00128805048
286765	0.0001175728355
286766	0.001606238942
286767	0.001049884194
286768	0.0001676209539
286769	0.002337087834
286770	0.001607443335
286771	0.0007716113001
286772	4.753145143e-05
286773	0.0006968771126
286774	0.0009396414125
286775	0.0002606637644
286776	0.0009477609362
286777	0.002858722459
286778	7.624388093e-05
286779	0.003322124756
286780	0.0003524979317
286781	0.001149717317
286782	0.002354406924
286783	0.001838292566
286784	0.002447579987
286785	0.0003574596284
286786	0.002699796877
286787	0.0007565467624
286788	5.671608692e-05
286789	0.000217321249
286790	0.001961576223
286791	0.003669255546
286792	0.001364285289
286793	0.000795043343
286794	0.002992546081
286795	0.005314886402
286796	0.001169935358
286797	0.005707084768
286798	0.001839883545
286799	0.00266483434
286800	0.0006176154958
286801	0.0001722889657
286802	0.002304930961
286803	0.001384376935
286804	0.0009732436905
286805	0.0009317411236
286806	0.0002491629293
286807	0.001301977715
286808	0.001198241347
286809	0.003544560755
286810	5.438661182e-05
286811	0.004137036601
286812	0.0005305534617
286813	0.0009478026544
286814	0.0006890447754
286815	0.0002681549347
286816	0.0004268375239
286817	0.0004018916867
286818	0.0004240093157
286819	0.0007164742472
286820	0.0006563766381
286821	0.0003392443804
286822	2.968777812e-05
286823	0.0002407845198
286824	0.0004230499283
286825	0.000456474585
286826	0.0004744970022
286827	0.0009559268973
286828	0.0003048051218
286829	0.0009578967155
286830	2.095680994e-05
286831	0.001884909461
286832	0.0005718288184
286833	0.0003639154501
286834	0.000787632152
286835	0.000677011577
286836	0.000318274235
286837	8.522027817e-05
286838	0.0005086097691
286839	4.914248548e-05
286840	0.0003039590011
286841	0.0007285032672
286842	0.0003561358931
286843	0.0005699290227
286844	0.0005869694823
286845	0.000760984494
286846	0.0004238725661
286847	0.0002921852409
286848	0.000417845076
286849	7.693780372e-05
286850	0.001361584691
286851	0.001156115176
286852	0.000833814453
286853	0.0002466762855
286854	0.0008115795868
286855	2.540235664e-05
286856	4.365280805e-05
286857	0.0009862917905
286858	0.0007856215118
286859	0.002868665463
286860	0.000251293083
286861	0.002144671278
286862	0.003561399819
286863	0.001369815082
286864	0.002466346211
286865	0.004459968047
286866	0.001437445166
286867	0.001722830948
286868	0.001688586034
286869	0.000377584498
286870	0.003630015491
286871	0.00269057235
286872	0.004132898142
286873	0.0008864878893
286874	0.003935684019
286875	0.001411829856
286876	0.001771927929
286877	0.00136490126
286878	0.0005234922418
286879	0.001463603234
286880	0.004058767581
286881	0.0003557661659
286882	0.0006002086874
286883	0.0003861876986
286884	0.0005686845305
286885	0.002043009437
286886	0.001749581293
286887	0.004266942355
286888	0.0006885350297
286889	0.003275956608
286890	0.002923325803
286891	0.001608441566
286892	0.0006652217086
286893	0.001611311923
286894	0.0002252116125
286895	0.004018828576
286896	0.001918701478
286897	0.001435666309
286898	0.0002882666995
286899	0.001356890677
286900	0.004249110405
286901	0.0007765199033
286902	0.0007310709645
286903	0.008485887876
286904	0.00610826986
286905	0.001399725474
286906	0.0002411769891
286907	0.0004995618505
286908	0.0003017249107
286909	0.0003999061891
286910	0.003270117227
286911	0.005745139728
286912	0.003284109268
286913	0.0007766430168
286914	0.0005481321697
286915	0.0009722987911
286916	0.000717892597
286917	0.000571872223
286918	0.001986863731
286919	0.001525247932
286920	0.001888933659
286921	0.00204208962
286922	0.001190410842
286923	0.001900010028
286924	1.229129687e-05
286925	0.001272221627
286926	0.0005432799516
286927	0.0005147796694
286928	0.0001563254992
286929	0.001924994597
286930	0.002200418584
286931	0.001615356165
286932	0.004337346956
286933	7.94645006e-06
286934	0.003911523901
286935	0.002251470358
286936	0.0006329232982
286937	0.001865172814
286938	0.001773971772
286939	0.0005059521484
286940	0.004532140556
286941	0.00280538204
286942	0.001588092869
286943	0.0005601896458
286944	0.0002911273717
286945	0.002962387796
286946	0.006487684509
286947	0.0006674804231
286948	0.00171538079
286949	0.0001582299669
286950	0.0003864857376
286951	0.0001653015084
286952	0.0001703256607
286953	0.002055306167
286954	0.003189375713
286955	0.001774922971
286956	0.0004309434059
286957	0.001983971786
286958	0.0009856418135
286959	0.0007027980057
286960	0.004183583066
286961	0.003286467576
286962	0.0007688281089
286963	5.66585855e-05
286964	0.004153806995
286965	0.001601925735
286966	0.0005047238394
286967	0.0007837959463
286968	0.00426533788
286969	0.004511970804
286970	5.309107608e-05
286971	0.0009819328959
286972	0.001317669921
286973	0.003567322458
286974	0.00251080979
286975	0.001821685148
286976	0.002458149253
286977	0.0001185483538
286978	0.0004721707655
286979	0.0007819031478
286980	0.001085776421
286981	0.0009356286373
286982	0.002372412396
286983	0.001036002022
286984	0.003587061534
286985	0.0001749854269
286986	0.006051570295
286987	0.00092541345
286988	0.002069524488
286989	0.002989891607
286990	0.0004404502367
286991	0.002407116798
286992	0.0004100644423
286993	0.003577563107
286994	0.0007838484608
286995	0.000867900155
286996	0.001919918503
286997	3.312040615e-05
286998	0.001397990886
286999	0.001176454539
287000	0.002441587813
287001	0.001160394086
287002	0.003717361805
287003	0.003358179695
287004	0.0007172961878
287005	0.0008614555539
287006	0.001706250495
287007	0.0001566457849
287008	0.002204514958
287009	0.0002559726426
287010	0.005061450006
287011	0.001745437433
287012	0.0002336693123
287013	0.0007448399164
287014	0.003136560774
287015	0.001245005284
287016	0.001639369838
287017	0.001005713361
287018	0.001657756823
287019	0.0008849796596
287020	0.003041560608
287021	0.0023087479
287022	0.000554625162
287023	0.003376320267
287024	0.001964520799
287025	0.00257451156
287026	0.001661602987
287027	0.003035856385
287028	0.000819312483
287029	0.0004720933224
287030	0.001623113609
287031	0.001251851878
287032	0.001271018035
287033	1.659632406e-05
287034	0.001326085106
287035	0.001884340214
287036	0.003187314536
287037	0.00234482245
287038	0.003994452421
287039	0.0002380338825
287040	0.001889565885
287041	0.002224631481
287042	0.0004349843152
287043	0.00153621226
287044	0.002527831899
287045	0.0007109341116
287046	0.001651906021
287047	0.001468063883
287048	0.0005664183897
287049	0.002138538057
287050	0.003409104682
287051	0.002594142565
287052	6.799697485e-05
287053	0.00033171187
287054	0.00267903616
287055	0.001605590731
287056	0.0003269357742
287057	0.0004273129835
287058	0.001780697312
287059	0.001384590204
287060	7.748896347e-05
287061	0.0001075632415
287062	0.0003666657449
287063	0.0008237806356
287064	0.0004498832808
287065	0.003304135013
287066	0.002965983038
287067	0.002254106883
287068	0.0003705405637
287069	0.000163130579
287070	0.002341092959
287071	1.928829856e-05
287072	0.000893064041
287073	0.002893295258
287074	0.0003279933974
287075	0.001412081986
287076	0.001109399192
287077	0.002246949001
287078	7.488140861e-06
287079	0.0007589540293
287080	0.002528801866
287081	0.001430630138
287082	0.0001121338306
287083	2.673705762e-05
287084	0.0009851840527
287085	0.001252794138
287086	0.002191121846
287087	0.004009565091
287088	0.002428474949
287089	0.0003991557233
287090	0.0009168383236
287091	0.002077222034
287092	0.0005538322592
287093	0.0013706156
287094	0.001727537514
287095	0.003194570055
287096	0.002472006684
287097	0.003990436112
287098	0.003678422879
287099	0.001321976297
287100	0.001966967408
287101	0.001746804414
287102	3.952625578e-05
287103	0.002134089573
287104	0.001865662852
287105	0.0004594200403
287106	0.001932018692
287107	0.003064158406
287108	0.005160877368
287109	0.0008279801262
287110	0.002044009771
287111	0.002042186538
287112	0.003454491839
287113	0.001943427154
287114	0.0009746243535
287115	0.002135261523
287116	0.004065098101
287117	0.004032063582
287118	0.001102225436
287119	0.000748642407
287120	0.001007575999
287121	0.002092161625
287122	0.002109551319
287123	0.001369236471
287124	0.001133294137
287125	0.001186950138
287126	0.001160397171
287127	0.001715322407
287128	0.002025723905
287129	0.001526440314
287130	0.003135398621
287131	0.0002413250816
287132	0.006718101783
287133	0.003222792692
287134	0.008203963196
287135	0.003441915639
287136	0.004522517698
287137	0.0008460861778
287138	0.00314772696
287139	0.007769809746
287140	0.00494029041
287141	0.0001338137145
287142	0.002711578136
287143	0.00371350978
287144	0.004158078636
287145	0.001905692602
287146	0.002177034272
287147	0.001184553744
287148	0.0005813619685
287149	0.001812916831
287150	0.001400828903
287151	0.0008512563308
287152	0.0006042424375
287153	0.001697535692
287154	0.001061079141
287155	0.0004287775178
287156	0.001445790577
287157	0.0003555626692
287158	0.003485097239
287159	0.001279646202
287160	0.001027945589
287161	0.0001393572663
287162	0.001758171107
287163	0.001012331171
287164	0.001659703678
287165	0.00220942158
287166	0.0009616352777
287167	0.0005158720681
287168	0.001926280912
287169	0.000406925408
287170	5.721928634e-05
287171	0.00086952619
287172	0.00140700235
287173	0.003913626809
287174	0.001394370991
287175	0.000980402964
287176	0.002914531835
287177	3.535913449e-05
287178	0.0031037831
287179	0.003414573846
287180	0.0006660361135
287181	0.0003447065449
287182	0.0009932402049
287183	0.002309306503
287184	0.000433997631
287185	0.002807055965
287186	0.00302955509
287187	0.0003370660312
287188	0.003770493641
287189	0.0006159921946
287190	0.0004103923379
287191	0.001334635533
287192	0.001079045627
287193	0.001987375598
287194	0.0008169095109
287195	0.000790181406
287196	0.0009053755609
287197	3.964521398e-05
287198	0.00347894317
287199	0.002848326553
287200	0.003872177688
287201	0.008103417892
287202	0.00264405265
287203	0.004894763176
287204	0.001845092322
287205	0.001664767148
287206	0.0008661284853
287207	0.000552147696
287208	0.00208144477
287209	0.001362445385
287210	0.001067550918
287211	0.0006503753072
287212	0.003579540933
287213	0.0008685292667
287214	0.003014923409
287215	0.004168382517
287216	0.0006485413432
287217	0.001742957661
287218	0.0006768629232
287219	0.002145452402
287220	0.001210758829
287221	0.0004179098918
287222	0.0002200942613
287223	0.002100275801
287224	0.003496739232
287225	1.722722908e-05
287226	0.001414364909
287227	0.0004114712277
287228	0.00163233753
287229	0.002066707103
287230	0.0002490718731
287231	0.0002657022594
287232	0.000187991935
287233	0.000125803416
287234	0.0001743633911
287235	4.574783021e-05
287236	0.0002849861128
287237	0.0002177247109
287238	3.021705201e-06
287239	8.504100984e-05
287240	0.0001491832519
287241	0.0002508826683
287242	6.82096742e-05
287243	0.0001386264848
287244	9.112297704e-06
287245	0.0004349885062
287246	0.0003785849393
287247	0.0009038157985
287248	0.0005412283317
287249	6.117443987e-05
287250	0.0002999573845
287251	8.902543336e-05
287252	0.0003102463854
287253	0.0006062223192
287254	0.0001844909524
287255	7.211972508e-05
287256	0.0006377630044
287257	0.0002107563185
287258	0.0002724813563
287259	7.974410147e-05
287260	0.0001885848547
287261	0.0002559374618
287262	2.547828435e-05
287263	0.0003661219209
287264	0.0006112007962
287265	0.0004443554004
287266	0.0001584284624
287267	0.0003570118998
287268	0.0002581613899
287269	0.0001123226491
287270	0.0001884552125
287271	1.115041188e-06
287272	0.0001554542245
287273	0.0003033731819
287274	0.0001018190753
287275	0.0001834484051
287276	0.0003970116617
287277	0.0001213361386
287278	0.000166511503
287279	0.0004249792137
287280	8.931270502e-05
287281	0.0003619528999
287282	0.0005690029707
287283	0.0003045803441
287284	8.442269047e-05
287285	0.0007279894993
287286	0.0002581591239
287287	0.0006599651951
287288	8.885090002e-05
287289	0.0002638560389
287290	0.0003443339267
287291	0.0005847575946
287292	0.0001222224808
287293	0.000344619803
287294	0.0008105462497
287295	0.0008410917156
287296	0.0003626150864
287297	0.001605722754
287298	0.0002207356881
287299	0.0001076365848
287300	0.0007123996585
287301	7.720297053e-05
287302	0.0001252145483
287303	0.003410550446
287304	0.001098993344
287305	0.0002403099436
287306	8.786981366e-05
287307	0.0006397635141
287308	0.000366199536
287309	0.0005456828927
287310	0.0003721924964
287311	0.001546563084
287312	5.700866772e-05
287313	7.703072009e-05
287314	3.262097679e-05
287315	0.0001083142421
287316	0.0001506439539
287317	0.000222586732
287318	0.0005854276484
287319	0.0001814729567
287320	0.0004255592476
287321	0.0001611503428
287322	0.0003396353176
287323	0.0001752096446
287324	5.63490026e-05
287325	8.697759677e-05
287326	0.0004507774071
287327	9.196383923e-05
287328	0.000124295894
287329	0.0005903657695
287330	0.0003561535167
287331	0.0001119449177
287332	0.0001416857613
287333	7.062325983e-05
287334	0.0001981590618
287335	2.302032853e-05
287336	0.0002804680376
287337	0.0005141704579
287338	0.0002121462719
287339	0.0003694728286
287340	0.0004538793502
287341	0.0004240121087
287342	0.0002531097358
287343	4.996414032e-05
287344	0.0002048761152
287345	8.449324327e-05
287346	0.0005241475055
287347	8.147379822e-05
287348	0.0005935325918
287349	9.303603968e-05
287350	0.0004189714844
287351	4.371439134e-05
287352	0.0003467835795
287353	0.0002028438952
287354	0.0001940769156
287355	0.0003061055741
287356	4.947898034e-05
287357	0.0003748866314
287358	0.0004415884365
287359	0.0001409038841
287360	0.0005749507071
287361	0.0001389436976
287362	6.698081514e-05
287363	1.6208701e-05
287364	0.0004614847237
287365	8.270396878e-05
287366	0.0001099657863
287367	0.0001583255855
287368	0.0001661006384
287369	6.472239313e-05
287370	0.0001888624162
287371	8.508325253e-05
287372	0.0001457086649
287373	0.0002598051014
287374	0.0007481268018
287375	0.0002016008768
287376	0.0003283095671
287377	0.0003151424885
287378	0.0002266789859
287379	0.0001428994737
287380	0.0002793151577
287381	0.0003274492809
287382	3.847148358e-05
287383	0.0002740161247
287384	0.0002074962008
287385	0.0009136868188
287386	0.0002600528382
287387	9.85367163e-05
287388	8.957716502e-05
287389	0.0007764241815
287390	0.000489928014
287391	0.0004055555589
287392	0.0001397724233
287393	9.439435871e-06
287394	0.000318735725
287395	0.002523333665
287396	0.002342044441
287397	0.002058604431
287398	0.001918786873
287399	0.001662367123
287400	0.001872407286
287401	0.002098665418
287402	0.0006507319821
287403	0.003416144619
287404	0.004945674744
287405	0.0002054674204
287406	0.001278966378
287407	0.0003429410472
287408	0.00369907831
287409	0.0004298820792
287410	3.028080219e-05
287411	0.00231200509
287412	0.0006153045283
287413	0.001329787267
287414	0.003619485309
287415	0.004501673307
287416	0.00336924308
287417	0.005291468969
287418	0.0001831566322
287419	0.003424004061
287420	0.001009897767
287421	0.0001338460643
287422	0.003390413073
287423	0.006696373112
287424	0.001918331028
287425	0.002584229219
287426	0.001193111263
287427	0.004279665971
287428	0.0008574780267
287429	0.004632028174
287430	0.0004550277806
287431	0.002176443824
287432	0.0005492846244
287433	0.0005768915532
287434	0.0009936657976
287435	0.003917173681
287436	0.0009966158836
287437	0.002096727949
287438	0.006213618273
287439	0.0009334862663
287440	0.004520735952
287441	0.005979497602
287442	0.001249560395
287443	0.001959425625
287444	0.0006743586266
287445	0.004821193938
287446	0.0008086959891
287447	6.498983548e-05
287448	0.0007816701265
287449	0.001105764948
287450	0.002456296078
287451	0.003591179132
287452	0.003904377993
287453	0.002039328409
287454	0.003327610396
287455	0.002927034988
287456	0.002361469568
287457	0.001772621138
287458	9.58679833e-05
287459	0.001041346121
287460	0.002520117412
287461	0.001060070779
287462	0.004726796504
287463	0.001973631608
287464	0.002716777105
287465	0.002974609938
287466	0.002799273444
287467	0.002550503204
287468	0.006236541096
287469	0.001452722534
287470	0.0007615668871
287471	0.001815211687
287472	0.0003861327166
287473	0.008796281282
287474	0.00159422805
287475	0.0002847638972
287476	0.0003337997264
287477	0.001684899939
287478	0.001681570845
287479	0.003526291495
287480	0.002608617581
287481	0.0009303906582
287482	2.679332993e-05
287483	0.005561051779
287484	0.0007057698346
287485	0.005608873641
287486	0.001544637496
287487	0.001156481462
287488	0.004498787274
287489	0.001790719852
287490	0.001916203214
287491	0.009580830147
287492	0.007577306736
287493	0.001576301684
287494	0.003627505229
287495	0.001927380171
287496	0.002269402476
287497	0.001948093118
287498	0.008436157438
287499	0.003107096269
287500	0.003691664283
287501	0.001098252696
287502	0.003095030414
287503	0.001346840239
287504	0.001942123745
287505	0.001501338163
287506	0.0005727631676
287507	0.0006276974557
287508	0.0003309157152
287509	0.0007244026565
287510	0.0001898304731
287511	0.0001847632975
287512	0.0006543707368
287513	0.0001160434881
287514	0.0002223646238
287515	0.0002368523444
287516	0.0001557855046
287517	0.0001760319034
287518	0.0008293786612
287519	0.001181082844
287520	0.0001077349624
287521	0.0002319455688
287522	0.000921120726
287523	0.001009435213
287524	0.0001432723968
287525	2.480204318e-05
287526	0.001017561399
287527	6.244736577e-05
287528	0.001188030297
287529	0.0005565327257
287530	0.0007869782103
287531	0.0004777826323
287532	2.356376399e-06
287533	0.0003974378253
287534	0.0001814477854
287535	0.0002648784477
287536	0.0002582529785
287537	0.0003603905162
287538	0.0007396895839
287539	0.000295878171
287540	0.0005903480108
287541	0.000266682299
287542	0.0004065543541
287543	0.0002776387249
287544	0.0007620203678
287545	0.0001218378069
287546	5.088174307e-05
287547	0.0003698772375
287548	0.0001019978366
287549	0.0003656258944
287550	0.001060267251
287551	0.0009410901242
287552	0.0007087230701
287553	0.0002319029624
287554	0.0001487736379
287555	0.0002598742702
287556	0.0005669705957
287557	8.590891849e-05
287558	0.0006213704358
287559	0.001917492382
287560	2.276888654e-05
287561	6.401212341e-05
287562	0.001823660925
287563	0.0008217151066
287564	0.0005128389774
287565	0.0003152361443
287566	0.0002711769936
287567	3.123252996e-05
287568	3.490390089e-05
287569	2.781053149e-05
287570	4.246024812e-05
287571	0.0002338194408
287572	0.0007632433449
287573	0.0004339629299
287574	0.001520167169
287575	0.0003490725757
287576	0.000492408844
287577	0.000445863169
287578	0.0007413527178
287579	0.001446946736
287580	0.001699303149
287581	5.749107179e-05
287582	7.255834294e-05
287583	0.0004529068974
287584	0.0002280222209
287585	0.0002559511371
287586	0.0006823020494
287587	7.69631335e-05
287588	0.0009143110861
287589	0.0004664602138
287590	0.0001719578888
287591	0.0008828850128
287592	0.002346532947
287593	0.0005128667289
287594	0.001528721372
287595	0.0004127652112
287596	0.003883546202
287597	0.000649012982
287598	9.44345113e-05
287599	0.0001857350125
287600	0.001328639103
287601	0.0003046752926
287602	0.001037686665
287603	0.0002043130539
287604	0.001788163194
287605	1.721239611e-05
287606	8.726260527e-05
287607	0.0003238381441
287608	0.0002986488101
287609	0.0007032552677
287610	0.0001711487407
287611	0.0001698822519
287612	0.001165721274
287613	7.125294837e-05
287614	0.0002271256184
287615	0.000292686482
287616	0.0002978921097
287617	0.0002122238519
287618	0.001067271738
287619	3.997367413e-05
287620	9.60252452e-05
287621	0.0008419355824
287622	0.0001084685491
287623	8.855037116e-05
287624	0.002283069307
287625	0.0001508406034
287626	4.880120275e-05
287627	0.0003944136825
287628	0.0002183974639
287629	0.0003871383941
287630	0.0005891658687
287631	9.983848597e-05
287632	0.000350940302
287633	0.0002576431848
287634	8.826216951e-05
287635	0.0004558494694
287636	0.0004254413365
287637	0.0001843690428
287638	0.0001810273193
287639	0.0001340384869
287640	0.001631790653
287641	0.001596070131
287642	0.0005814486772
287643	0.001089067759
287644	0.001901854751
287645	0.0007808340633
287646	0.0003176857223
287647	0.0005077110132
287648	0.0006910936744
287649	0.0005979600945
287650	0.0001700901683
287651	7.41828996e-05
287652	0.0004721703209
287653	0.0003274274367
287654	0.0004553161734
287655	0.0001201363889
287656	0.001175245566
287657	7.516625336e-05
287658	0.0002074296082
287659	0.0009570769087
287660	0.002974001634
287661	0.0002552968511
287662	0.0001355019243
287663	0.0001484417857
287664	0.0006924740384
287665	0.002332835278
287666	1.667479438e-05
287667	0.001860618065
287668	0.0007622425837
287669	0.003267057883
287670	0.0003626740997
287671	0.0002123244948
287672	0.0007318748961
287673	0.0009613538286
287674	0.0004051186493
287675	0.0002134237061
287676	6.256942765e-05
287677	0.0001633580038
287678	0.0002568356724
287679	0.000628824128
287680	3.110903334e-05
287681	0.002473735234
287682	0.001760034669
287683	1.377012225e-05
287684	0.0008009526974
287685	8.781012167e-05
287686	0.0001913272759
287687	0.001262137867
287688	0.001127309018
287689	0.001092443066
287690	0.0001018947207
287691	0.000723631673
287692	0.001366912797
287693	0.0001120962195
287694	0.0004069712449
287695	8.136122623e-05
287696	0.001051104513
287697	0.0002473852721
287698	0.0002680103842
287699	6.623357785e-06
287700	0.001130450053
287701	0.001197180873
287702	0.001767748738
287703	0.0005966507723
287704	0.0003275651839
287705	0.0001104151538
287706	0.0004163610195
287707	9.188951172e-05
287708	0.0009542845595
287709	7.656845845e-05
287710	0.0004083935461
287711	0.0008007502382
287712	3.563765175e-05
287713	0.0001073027145
287714	0.000641018837
287715	0.002299539546
287716	0.0009615003674
287717	8.518049097e-05
287718	9.073993396e-05
287719	9.412903908e-05
287720	0.002026737909
287721	0.00215561792
287722	0.0003879470208
287723	0.0001032012038
287724	0.0001994028187
287725	0.0007268874763
287726	0.000549378311
287727	0.0007073942338
287728	8.648315884e-05
287729	0.0002663538643
287730	8.76782853e-05
287731	0.0002771690338
287732	0.001694522793
287733	6.513164304e-05
287734	9.071544069e-05
287735	0.0003590335392
287736	0.000159537768
287737	0.0002410003174
287738	0.0005109159608
287739	0.0005861024996
287740	0.0007686938926
287741	0.0003288481792
287742	0.0009316694113
287743	9.104843422e-05
287744	0.0001046075422
287745	0.003194205865
287746	5.895515843e-05
287747	0.0005910783182
287748	0.0004203925076
287749	0.0004539695997
287750	0.0002866463785
287751	0.0003425513243
287752	0.0004815218192
287753	5.644283708e-05
287754	0.0001835990117
287755	0.0006535519078
287756	0.0001738054254
287757	0.0009423715362
287758	0.0005303014106
287759	0.001143013438
287760	0.0008245143651
287761	0.0004734680219
287762	9.63654777e-05
287763	0.0002358071353
287764	0.0003548717939
287765	0.0005676287723
287766	0.0002136186639
287767	4.503696648e-05
287768	2.32771728e-05
287769	0.0004736914617
287770	0.0005143414954
287771	0.0001864274637
287772	0.001028215291
287773	0.0001667808427
287774	9.618246692e-05
287775	0.0001187127419
287776	0.0005809504477
287777	0.0001341308166
287778	5.946599033e-05
287779	0.0002086251667
287780	0.0002077975666
287781	0.0006502992795
287782	5.144350007e-05
287783	1.500892183e-05
287784	0.001296104526
287785	0.0003025803741
287786	0.0002491176531
287787	0.0004122516499
287788	0.0002042594115
287789	0.0001801375224
287790	0.000244373809
287791	3.812671751e-05
287792	1.829767175e-05
287793	0.0001084438783
287794	0.0008712766178
287795	0.0005508513026
287796	0.0008548783851
287797	0.0002963370975
287798	2.583914932e-05
287799	0.0002695245182
287800	0.0006319386245
287801	0.0003375882382
287802	6.174385573e-05
287803	0.0001188510343
287804	9.477481126e-05
287805	0.0009496721173
287806	0.0009001678604
287807	1.976823955e-05
287808	0.0003464044644
287809	0.0002370128724
287810	0.0002159455245
287811	0.0003433902963
287812	4.419909688e-05
287813	0.0001767340255
287814	0.0002967571663
287815	0.0003496186067
287816	1.800263529e-05
287817	0.0001234863928
287818	0.0006419280832
287819	3.632403113e-05
287820	0.001448115822
287821	0.001161062493
287822	0.0002447530465
287823	9.773760597e-05
287824	0.0003593285736
287825	4.860313576e-05
287826	0.0002885467189
287827	3.026683981e-05
287828	0.0008813146788
287829	0.0001348985857
287830	0.0001465102828
287831	0.0007769500948
287832	0.0002479828771
287833	0.0005754980128
287834	0.00454495263
287835	0.002874251141
287836	0.0001421300567
287837	0.0003620957135
287838	3.584237801e-05
287839	0.001114542436
287840	0.0001503932726
287841	0.000106086483
287842	9.461462167e-05
287843	0.0007223047919
287844	0.0002887350917
287845	5.395754305e-05
287846	0.0002751949093
287847	0.0002181292057
287848	0.000357320728
287849	0.0003972394454
287850	0.0004076087311
287851	7.249454046e-05
287852	0.0003586204345
287853	0.0005098726471
287854	0.0002990529702
287855	9.87627636e-05
287856	0.0003751027386
287857	0.0003045444855
287858	0.0002979106469
287859	0.0001820565845
287860	0.00272812919
287861	0.000297803162
287862	6.649367381e-05
287863	0.0008878543339
287864	0.0001259432929
287865	0.0003673492239
287866	0.0002454152332
287867	3.44231669e-06
287868	0.0006388820337
287869	0.0002166937959
287870	0.0002430020337
287871	0.0005218464925
287872	0.00140249411
287873	8.504685304e-05
287874	0.0002418644133
287875	4.483961519e-05
287876	0.0002535083206
287877	0.001196944834
287878	5.533801087e-05
287879	0.0002286100356
287880	0.0002287558828
287881	0.000376985777
287882	0.0005491707096
287883	0.0002240344939
287884	0.0001061807669
287885	9.258416919e-05
287886	0.0005854935062
287887	8.750472011e-05
287888	0.0007445658911
287889	0.0001438655171
287890	0.0001412350036
287891	0.003128363794
287892	6.680998619e-05
287893	0.0001836978081
287894	3.854216037e-05
287895	0.0002271047292
287896	0.0006005720846
287897	0.0004697435039
287898	0.0003610458915
287899	0.0003618060225
287900	7.502456187e-05
287901	0.0002505620352
287902	0.0007948295848
287903	0.0003069276656
287904	0.001989279227
287905	0.0002289223811
287906	0.0004291905107
287907	0.000235854102
287908	0.0003320707261
287909	0.002396002047
287910	0.0002573712248
287911	0.0001494117717
287912	0.0004104647135
287913	0.001243944984
287914	0.00115986817
287915	0.0008262498134
287916	5.167561657e-05
287917	0.0001608801096
287918	0.000276142221
287919	0.0009014665239
287920	0.0002132712094
287921	0.0005405635942
287922	0.0001152445433
287923	0.0007670242467
287924	0.0005678287349
287925	0.0002742556756
287926	0.0008365404792
287927	0.001113651855
287928	0.0002857747777
287929	0.0001616472733
287930	0.0006683556101
287931	0.0002868769033
287932	0.002604629465
287933	0.000136013557
287934	0.0007488553333
287935	0.0003479055563
287936	0.0003749611611
287937	0.000630284988
287938	0.0002778492733
287939	0.0005949822743
287940	0.0002560167715
287941	0.0001595966264
287942	2.22904501e-05
287943	0.0002232833405
287944	3.662206908e-05
287945	5.396296592e-05
287946	0.0001102057771
287947	0.0005057801479
287948	0.0005527579837
287949	5.864528275e-05
287950	0.0001833525996
287951	0.0001474040291
287952	0.001462952049
287953	0.0003853775772
287954	3.838927788e-05
287955	9.70481236e-06
287956	0.0003621736944
287957	0.003350562546
287958	9.276486602e-05
287959	0.000547892971
287960	0.0004266340963
287961	0.0001944679429
287962	0.0003043633388
287963	0.0004062049911
287964	4.916317944e-05
287965	4.406331041e-05
287966	0.0004152798321
287967	0.0001226775159
287968	0.0005561100465
287969	0.0004214275182
287970	0.0004054258416
287971	0.001111640121
287972	0.0001102953969
287973	0.000513235512
287974	2.60784704e-05
287975	8.679936203e-05
287976	0.0003258350801
287977	0.0001678229512
287978	0.0001757430889
287979	0.0003274876802
287980	0.0009336705472
287981	0.0004856299975
287982	0.001395914484
287983	3.579528505e-06
287984	0.0004075608316
287985	0.001022430293
287986	0.000327465064
287987	0.0001281598178
287988	0.0001044488049
287989	0.0004501070432
287990	0.00217839794
287991	7.594085999e-05
287992	0.0004111666515
287993	0.0002519936387
287994	0.0003342687162
287995	0.000101421721
287996	0.0009442933615
287997	9.832343274e-05
287998	0.0002172461634
287999	2.322476555e-05
288000	0.0002292915871
288001	3.257050152e-05
288002	0.0002387020596
288003	0.0001626047327
288004	1.311632364e-05
288005	0.0004923088349
288006	0.000920545475
288007	8.390667008e-05
288008	0.002198436034
288009	0.0001673819145
288010	9.503404192e-05
288011	0.0003842011928
288012	0.0001095359388
288013	0.000117023098
288014	0.0002584940118
288015	0.0009450085549
288016	0.0001970550815
288017	0.0002077050589
288018	0.0001219722162
288019	0.00037070567
288020	0.0002936740881
288021	3.561320073e-05
288022	0.0001778813255
288023	0.0001411065139
288024	0.0003346794662
288025	0.0002507025931
288026	0.001116640054
288027	0.0002154218194
288028	5.289813064e-06
288029	0.0004406489818
288030	0.0002386395198
288031	0.0002819362228
288032	0.000395605991
288033	5.115505009e-05
288034	8.964485862e-05
288035	0.00015866204
288036	0.0005383967169
288037	0.0007048510869
288038	0.0001690244953
288039	0.0001691558181
288040	0.0001604731586
288041	0.0003561889207
288042	6.249830128e-05
288043	0.001544542446
288044	0.0009008572625
288045	0.0001349679778
288046	0.0005204722362
288047	0.0001958423899
288048	9.637821097e-05
288049	0.0002980374098
288050	7.605486046e-05
288051	0.0002088202532
288052	0.000420140442
288053	0.0002698778932
288054	0.0007878821703
288055	0.0009254364312
288056	0.0003596943089
288057	0.002442799992
288058	0.001601440353
288059	1.875790444e-05
288060	0.0006481767685
288061	0.001456974327
288062	0.0004570204681
288063	0.0006788765087
288064	0.001906741966
288065	0.0002120557158
288066	0.0005089371663
288067	0.0004563130187
288068	5.79312043e-05
288069	0.0009021962975
288070	0.0001629855347
288071	2.756070585e-05
288072	0.0001627028281
288073	0.0004538028942
288074	0.0003198949165
288075	0.0002043523601
288076	0.0001553815304
288077	0.0004608125039
288078	0.003375680814
288079	0.0001674561966
288080	0.0007472788744
288081	0.0007761076044
288082	0.0007612343202
288083	5.484163864e-05
288084	6.517889589e-05
288085	0.000133031497
288086	0.0003464160774
288087	0.0006472733598
288088	0.0004610841971
288089	0.0007545645467
288090	0.001245799125
288091	5.186789565e-05
288092	0.00101414469
288093	0.002327716711
288094	0.0006939948853
288095	0.0003028329605
288096	0.0002286454571
288097	3.889308188e-05
288098	0.001183914773
288099	0.0002007525046
288100	0.0004024423049
288101	0.0002287370928
288102	0.000935218448
288103	3.160895471e-05
288104	0.0002585415726
288105	7.97379211e-07
288106	0.0003989688415
288107	0.0001145919063
288108	0.002590191041
288109	0.0001567147746
288110	0.0003034977387
288111	0.002350463934
288112	0.0006683776688
288113	0.0001509468717
288114	0.000498856247
288115	0.001121873203
288116	0.0003908312722
288117	0.0004102715379
288118	0.0004912624122
288119	9.899119496e-05
288120	0.001107668953
288121	0.000334114654
288122	0.0004711125471
288123	0.001489638841
288124	0.0001426135046
288125	0.0002441598658
288126	0.000606366746
288127	0.001019632266
288128	0.0002389509488
288129	0.0008700266653
288130	0.0005333547694
288131	3.984280155e-05
288132	0.0004016293046
288133	0.0001415008926
288134	0.0002949073105
288135	8.874822775e-05
288136	0.0007561431178
288137	0.0002996379558
288138	3.395186278e-06
288139	0.0006390701484
288140	0.0008596713325
288141	0.0004834741485
288142	0.0001477220861
288143	6.745824893e-05
288144	0.0001517558221
288145	0.000365137593
288146	0.0001413413295
288147	0.0008259272358
288148	0.0004344560557
288149	0.000401508398
288150	0.0004193932017
288151	0.001471881859
288152	0.0006126619964
288153	0.0005622773916
288154	0.0003061620083
288155	0.0008679101626
288156	7.552400935e-05
288157	0.0004373616687
288158	0.0007229367343
288159	4.594602607e-05
288160	0.0001124135597
288161	0.0004764975989
288162	0.001097448811
288163	0.0004225131053
288164	3.809698313e-06
288165	1.79903033e-05
288166	0.0004417051477
288167	0.001115900311
288168	0.0001347217612
288169	0.000103306674
288170	0.00140949399
288171	0.0004547849372
288172	0.0006970822687
288173	0.001414669572
288174	0.0002628011121
288175	0.0002843465955
288176	0.0002295016918
288177	0.0001699338318
288178	0.0009730301304
288179	0.0007722193165
288180	0.0007409003174
288181	0.00017535242
288182	0.000722970489
288183	0.0006015822764
288184	6.628174375e-06
288185	0.0001536584111
288186	0.0002553576865
288187	6.739684704e-05
288188	6.886984443e-05
288189	0.0004769854646
288190	0.00017019061
288191	7.639965946e-05
288192	0.0004740744108
288193	0.002395023845
288194	0.001872783235
288195	0.004026331153
288196	0.004247989748
288197	0.002048581446
288198	0.003239646966
288199	9.711813467e-05
288200	0.003064383889
288201	0.005043476605
288202	0.001539304326
288203	0.001703942617
288204	0.001586364564
288205	0.001986371831
288206	0.001368124706
288207	0.001206294223
288208	0.003521933552
288209	0.002145500561
288210	0.000406542873
288211	0.002287427001
288212	0.001957080714
288213	0.0003984878928
288214	0.0001070936052
288215	0.0002604495004
288216	0.001149083012
288217	0.00165696876
288218	0.003848467358
288219	0.001442639787
288220	0.002189835361
288221	0.001111792948
288222	0.001578597032
288223	0.001027404253
288224	0.002074285306
288225	0.00024908046
288226	0.0004062655519
288227	0.0004626814273
288228	0.001634033069
288229	0.000284727359
288230	0.004425852639
288231	0.002009057276
288232	0.003432201682
288233	0.001552980327
288234	0.0004127193878
288235	9.011289497e-05
288236	0.0008819319862
288237	0.002232465645
288238	0.0008112940595
288239	0.001387094317
288240	0.003641832462
288241	0.0003192835893
288242	0.001658091166
288243	0.0006068075444
288244	0.003038523689
288245	0
288246	0.0001392178555
288247	8.383871084e-05
288248	0.00158562889
288249	0.002338221293
288250	0.0001129818593
288251	0.001777940852
288252	0.0005614054037
288253	0.0003350704646
288254	0.00169951212
288255	0.00073587
288256	0.002706798458
288257	0.0007884207232
288258	0.002854117827
288259	0.003532329737
288260	0.000142735431
288261	0.0002733651775
288262	0.001686357567
288263	0.0005151374634
288264	0.0001289249874
288265	0.0005431112389
288266	0.0003319462344
288267	0.002605212568
288268	0.000875380516
288269	0.0003728027462
288270	0.004218778994
288271	0.001306067883
288272	0.001892286429
288273	0.0001253424129
288274	0.003330865051
288275	0.002009868717
288276	0.0001945606447
288277	0.002981401282
288278	0.0003470651265
288279	0.0004200753682
288280	0.002301755222
288281	0.0005930873326
288282	0.001547396752
288283	0.0004396607088
288284	0.00139502702
288285	0.00109246473
288286	0.002219556127
288287	0.002104889875
288288	0.0006922467949
288289	0.0003086001445
288290	0.0009542580112
288291	4.18607324e-05
288292	0.0005866355806
288293	0.0002161737023
288294	6.299395181e-05
288295	0.0009680415835
288296	0.0005616974753
288297	0.001087604084
288298	0.001282447972
288299	0.0004737548329
288300	0.0009543849211
288301	0.0007343545847
288302	0.0005067873229
288303	0.0001308636025
288304	0.000883541321
288305	0.0006902388166
288306	0.0004010373482
288307	0.0001449562783
288308	0.0004996179811
288309	0.0001537465388
288310	0.000489114823
288311	0.0003222576486
288312	0.001491266014
288313	0.0003299298154
288314	0.0002320285271
288315	0.001504371407
288316	6.117122592e-08
288317	0.001381372417
288318	0.0007248962979
288319	0.001236300677
288320	0.0009982266482
288321	2.591556292e-06
288322	0.0008346965742
288323	0.0006057827335
288324	0.0003007012074
288325	0.001036321223
288326	0.0001264962923
288327	0.0001795746214
288328	0.0002747832266
288329	0.0001820301912
288330	0.0007066096452
288331	0.0004918142814
288332	0.0003625622707
288333	0.0009645456249
288334	0.0003380748907
288335	0.001278389356
288336	0.0003957548824
288337	0.0007379547581
288338	0.0003022026054
288339	0.0001486366484
288340	0.0002662565064
288341	0.0007112800639
288342	0.0004422983297
288343	0.001014734138
288344	0.0001324880903
288345	0.0005813514679
288346	0.0002997617659
288347	0.00027336611
288348	0.0001075887754
288349	0.001088500184
288350	0.001033039628
288351	0.0007034114884
288352	0.001256673106
288353	0.0002019256894
288354	0.0002305709441
288355	0.0007214256031
288356	0.001364841639
288357	0.0008576456175
288358	0.0005812898425
288359	0.001096931072
288360	0.001071238193
288361	0.000534867712
288362	0.0006311571741
288363	0.0009140611625
288364	0.0005991819312
288365	0.001034046795
288366	0.0005981052004
288367	1.302305174e-06
288368	0.00125451399
288369	0.0001750590988
288370	0.0002722469365
288371	1.693652822e-06
288372	0.0007367919125
288373	0.0002786145182
288374	0.0004183009412
288375	0.001154908908
288376	0.0007330561589
288377	0.000240705072
288378	0.0002453838449
288379	0.0001414404396
288380	0.0007127391689
288381	9.375226043e-05
288382	0.0001995501048
288383	0.0007066991468
288384	0.0008865087364
288385	0.001381431809
288386	0.0004905408857
288387	9.719050289e-06
288388	0.0002194422613
288389	0.0003195735297
288390	9.81597689e-05
288391	1.361603947e-06
288392	0.0003372581271
288393	0.0001131759225
288394	0.001160324529
288395	0.0002911956178
288396	0.0001059121657
288397	0.001002276121
288398	0.001023395079
288399	3.333470925e-05
288400	0.0001000303154
288401	0.0002963215523
288402	0.001031034434
288403	0.0004675674757
288404	0.000846492041
288405	0.0005893426335
288406	0.001338454746
288407	0.0004722906326
288408	0.0003597025393
288409	0.001570178889
288410	0.001662219563
288411	1.230771241e-06
288412	0.000331871224
288413	9.576142852e-06
288414	0.00043696795
288415	0.0004459504604
288416	0.0001790894551
288417	0.001389427439
288418	0.001107523083
288419	0.0004042594345
288420	0.0006970859158
288421	0.0003969031852
288422	0.000329820799
288423	0.0002466340749
288424	0.0004016057567
288425	0.0005208148419
288426	0.0009616215908
288427	0.0003388830269
288428	0.001034625151
288429	7.905635367e-07
288430	0.0004056615275
288431	0.0002571158218
288432	0.001227090194
288433	0.0007751485123
288434	0.0002303351006
288435	0.0001157646287
288436	8.711132756e-05
288437	0.001264303076
288438	4.437034782e-05
288439	0.001269558857
288440	0.0004131913863
288441	8.292181594e-05
288442	0.001161125947
288443	0.0005954499678
288444	0.0009484273057
288445	2.717076334e-07
288446	0.001036451168
288447	0.0005285094576
288448	0.001428673043
288449	0.001261882327
288450	0.0005232446216
288451	0.001242590965
288452	7.408434631e-05
288453	0.0004514368262
288454	0.001032187411
288455	0.0008640366167
288456	0.0001718272979
288457	9.909442471e-05
288458	0.001048669349
288459	0.0006950709681
288460	1.667398298e-06
288461	3.143742317e-05
288462	0.0008872475702
288463	0.0004346085988
288464	0.000218602805
288465	0.001283229855
288466	0.0002034075609
288467	0.001157008387
288468	0.0007259937114
288469	7.532797311e-05
288470	0.001031386527
288471	0.0004469915722
288472	0.001707819798
288473	0.0002514428189
288474	0.001037480027
288475	0.001395627311
288476	4.427096135e-05
288477	0.0008142914163
288478	0.0006792090219
288479	0.0008638455547
288480	4.671883039e-06
288481	0.0003868456549
288482	0.001467594095
288483	0.000593314021
288484	0.000709262942
288485	0.001642605917
288486	0.003094842596
288487	0.003490372614
288488	0.001342292811
288489	0.001251198718
288490	0.0001743720187
288491	0.00160415899
288492	0.004189701797
288493	0.007032930717
288494	0.002120785728
288495	0.003226214757
288496	0.002392500616
288497	0.0001340310151
288498	0.001194325879
288499	0.003340605542
288500	0.002335105472
288501	0.0006059252555
288502	0.0007844885317
288503	6.411864547e-05
288504	0.002134027303
288505	0.000388245894
288506	0.003278710162
288507	0.001237844789
288508	0.002237881287
288509	0.001810789293
288510	7.062364192e-05
288511	0.0002722918922
288512	0.0005270811001
288513	6.558817696e-05
288514	0.000305140225
288515	0.0004129368228
288516	3.584466781e-05
288517	0.0004870171629
288518	6.528415298e-05
288519	0.0003886142533
288520	0.0001731311931
288521	0.0008342164128
288522	0.0001724029695
288523	7.829798708e-05
288524	3.340526979e-05
288525	0.0001755400172
288526	7.134457683e-05
288527	0.000385328318
288528	9.393771094e-05
288529	0.0001626032429
288530	0.0001121487462
288531	9.874019138e-05
288532	0.0002208727884
288533	0.0003121122141
288534	0.0003445202486
288535	0.0003208484589
288536	8.574417225e-05
288537	0.0002227027824
288538	0.000205767471
288539	0.0002810599662
288540	5.850993415e-07
288541	0.0003660520118
288542	0.0002259280519
288543	3.913188939e-07
288544	0.000287483886
288545	8.174529107e-05
288546	0.0004139083822
288547	0.000169844117
288548	0.0002151639555
288549	3.2381179e-05
288550	0.0002177277511
288551	0.0004490177143
288552	0.0006281085572
288553	3.22436058e-05
288554	5.434978388e-07
288555	6.664979047e-05
288556	7.062331391e-07
288557	0.0001844814475
288558	0.0003963172866
288559	3.391951561e-05
288560	0.0003130106344
288561	0.0004338001759
288562	0.0004052230338
288563	0.0001664044824
288564	8.017305909e-05
288565	3.118322623e-05
288566	0.0003107013418
288567	8.162703978e-05
288568	0.0007313723062
288569	1.26313968e-06
288570	7.522654843e-05
288571	0.0001003339783
288572	4.254535599e-07
288573	3.285515347e-05
288574	1.108011068e-06
288575	0.0002010718948
288576	0.0003159047795
288577	9.163685771e-05
288578	3.559097554e-05
288579	8.788937179e-05
288580	0.0003766413561
288581	0.003356539222
288582	0.002021167922
288583	0.001267968359
288584	0.0006765647056
288585	0.003419823663
288586	0.002691468435
288587	0.0002409010146
288588	0.001816653615
288589	0.001305288655
288590	0.0002464985832
288591	0.0003481583292
288592	0.001601666778
288593	7.03407146e-05
288594	0.004400579162
288595	0.001930173382
288596	0.001624804646
288597	0.0001120572161
288598	0.00093019404
288599	0.0002457922806
288600	0.0001582549766
288601	0.0001212194942
288602	2.888494967e-05
288603	0.0001576597643
288604	6.36441007e-05
288605	6.294306811e-05
288606	0.000255727363
288607	1.312561088e-05
288608	0.0002157098971
288609	4.921213411e-07
288610	0.0003086286357
288611	0.0003341237782
288612	0.0003473782607
288613	1.325999968e-05
288614	0.0006136486054
288615	0.0008292577217
288616	9.090701604e-05
288617	0.002669005611
288618	0.0002426798946
288619	0.0004716185642
288620	0.003344475007
288621	0.0005687560907
288622	0.0008532149996
288623	0.004947502752
288624	0.004082819389
288625	9.93231818e-05
288626	0.0009558337057
288627	0.0006900940321
288628	0.0007893390604
288629	0.001206847226
288630	0.002950067584
288631	0.0008451377389
288632	9.890539964e-05
288633	0.0003345986073
288634	3.320680543e-05
288635	0.0003825445373
288636	0.0004123529054
288637	0.0005180501461
288638	0.0009463119867
288639	0.001183514902
288640	0.001574185879
288641	0.001059264222
288642	0.0009920917044
288643	0.0009782555252
288644	0.00048087822
288645	0.005204727606
288646	0.0004542957862
288647	0.001414854429
288648	0.0006111671392
288649	1.15748478e-05
288650	0.00344813802
288651	6.683776758e-05
288652	0.0008676897681
288653	0.0002594958922
288654	0.002035125944
288655	0.001252035583
288656	0.005128172498
288657	0.0001262112756
288658	2.33268254e-05
288659	0.00178125162
288660	0.0002556814069
288661	0.0004294651546
288662	0.001152056506
288663	0.000925539707
288664	0.0001931290545
288665	0.001672746652
288666	0.003926738013
288667	0.004160900691
288668	0.002952789651
288669	0.005589571786
288670	0.003663121618
288671	0.001980484852
288672	0.0001334878449
288673	0.0001800065737
288674	0.002484582044
288675	0.001813912665
288676	0.0002708799164
288677	0.0009934973878
288678	0.0002908876645
288679	0.0005348099953
288680	0.0009930881568
288681	0.003780799028
288682	0.0008670201687
288683	0.001230657816
288684	0.003176886793
288685	0.001672892053
288686	0.001188123887
288687	0.002970711199
288688	0.002250376037
288689	0.002555346917
288690	0.001834086274
288691	0.002889032771
288692	1.546529361e-05
288693	0.002822235011
288694	0.000277575333
288695	0.001730785473
288696	0.001351695718
288697	0.001073986568
288698	0.0003862854548
288699	0.003017603499
288700	0.003877632526
288701	0.002566345033
288702	0.0007196101477
288703	0.0004192551253
288704	0.0002959896459
288705	0.000176888141
288706	0.0002739779662
288707	0.0002079738754
288708	0.004270867321
288709	0.001354931462
288710	0.00348052799
288711	0.001405368787
288712	0.002161755244
288713	0.001656161577
288714	0.003097485547
288715	0.0001892334047
288716	0.001020797386
288717	0.00120404639
288718	0.001785149028
288719	0.004786414869
288720	0.0009483186645
288721	0.002044581214
288722	0.002426954505
288723	0.001778942183
288724	0.002005052454
288725	0.0008192838877
288726	0.002868919355
288727	0.0008763294621
288728	2.819316168e-05
288729	0.0009662004501
288730	0.001017491379
288731	0.001173072167
288732	0.002345410118
288733	0.001936659771
288734	0.0008513784471
288735	0.0009974711652
288736	0.002262488088
288737	0.0004101100489
288738	0.00225188008
288739	0.00250725334
288740	0.000132185179
288741	1.644050206e-05
288742	0.0003842025525
288743	0.0002882055786
288744	0.003541475213
288745	0.0008319757637
288746	0.001508965397
288747	0.0008008247087
288748	0.0004953838274
288749	0.002510438682
288750	0.001270786437
288751	0.003746834267
288752	0.002174820389
288753	0.002188456957
288754	0.001273337983
288755	0.002069796529
288756	0.000155740016
288757	0.001281190567
288758	0.000668873805
288759	0.0006981897646
288760	0.002844301296
288761	0.001058488663
288762	0.000872602232
288763	0.0008151428266
288764	0.001315325184
288765	0.0002947126781
288766	0.0008105857458
288767	8.69957621e-05
288768	0.0003135464338
288769	0.002567082586
288770	0.000820966206
288771	0.0006719589243
288772	0.003312970947
288773	0.0003060347894
288774	6.394781012e-05
288775	0.002315676564
288776	0.00129626059
288777	0.0004511623469
288778	0.001142846506
288779	0.002514113039
288780	0.001063841513
288781	0.0009207627632
288782	0.000795111721
288783	0.000101253022
288784	0.001331553719
288785	0.0002353558367
288786	0.0002664786525
288787	0.00107699432
288788	0.0002513518855
288789	0.0007986665519
288790	0.001085629842
288791	0.001323723182
288792	0.003438672954
288793	0.003219695358
288794	0.002629043843
288795	0.0003793770508
288796	0.001650947716
288797	0.001860647853
288798	0.0009588968697
288799	0.001659639255
288800	0.001274033756
288801	0.0006448798394
288802	0.001965065718
288803	8.655947958e-05
288804	0.0004541952914
288805	0.003526084255
288806	0.0006209404707
288807	1.035755881e-05
288808	0.002017704733
288809	0.005087579035
288810	0.0005314579536
288811	0.001395115762
288812	0.001061979655
288813	0.000311714105
288814	0.00258596444
288815	0.0003377087329
288816	0.0006016811775
288817	0.002356856695
288818	0.001870167677
288819	0.0005762735908
288820	0.001757350397
288821	0.001310376392
288822	0.0008166244223
288823	0.002517505866
288824	0.005888603872
288825	0.0007434071909
288826	0.004735862867
288827	0.0003591408013
288828	0.003918461272
288829	0.001379481759
288830	0.006509176983
288831	0.008501228837
288832	0.002250871467
288833	0.0008365590503
288834	0.001861827183
288835	0.001054010488
288836	0.004338549923
288837	0.004913851648
288838	0.001905936602
288839	0.001329338222
288840	7.486525887e-05
288841	0.005704940346
288842	0.0003334782463
288843	0.002695631582
288844	0.003372231806
288845	0.001482835907
288846	0.001917524605
288847	0.0006811845508
288848	0.0001556997932
288849	0.005340908938
288850	0.005633714941
288851	0.001253522986
288852	0.0004159775761
288853	5.845275167e-06
288854	0.003363162705
288855	0.0004491641414
288856	0.0001049754973
288857	0.0002422827561
288858	0.001556026224
288859	0.0006868601896
288860	0.0001150891181
288861	0.0007050513376
288862	0.0008857431642
288863	0.005300029112
288864	0.002365207489
288865	0.0003993377742
288866	0.002674564866
288867	0.0004629176676
288868	6.932138285e-05
288869	0.0002501270915
288870	0.0005995617947
288871	0.005223232751
288872	0.001385874346
288873	6.521845259e-05
288874	0.001146135715
288875	0.0005929949095
288876	0.001765509156
288877	0.001166755551
288878	0.006781734518
288879	0.0003504966939
288880	0.002131735575
288881	0.001854220178
288882	0.002115703907
288883	2.890139782e-05
288884	0.0001250656176
288885	0.002498049532
288886	0.001342339673
288887	0.001103424183
288888	0.002134917327
288889	0.001851855006
288890	0.003235687071
288891	0.004673917328
288892	0.003907742862
288893	0.001517872433
288894	0.004051506884
288895	0.002770523576
288896	0.008105381433
288897	3.301485166e-05
288898	0.002477128347
288899	0.001211878442
288900	0.004389541783
288901	0.003218981817
288902	0.0009240383899
288903	0.00489846161
288904	0.002851139237
288905	0.00103266823
288906	0.004229222913
288907	0.001794872993
288908	0.001486429611
288909	0.001152924138
288910	0.0001333296431
288911	9.54281807e-05
288912	0.001615909737
288913	0.003771580993
288914	0.0004782605785
288915	0.002096335903
288916	0.0008527686361
288917	0.001821140628
288918	0.002616996452
288919	0.0007735915781
288920	0.00135474686
288921	0.001925388069
288922	0.0008299142345
288923	0.001769382928
288924	0.0008858676423
288925	0.001204705336
288926	0.001681538
288927	0.000157987119
288928	0.001291904686
288929	0.001620618586
288930	0.0008969449851
288931	0.001900545237
288932	0.0009375525833
288933	0.001751892114
288934	0.004257702731
288935	5.290645724e-06
288936	0.0007852529012
288937	0.0001541558325
288938	0.0003120432048
288939	3.844326142e-05
288940	0.0009427005842
288941	7.016268946e-05
288942	0.0005036661478
288943	0.0002853600152
288944	0.0005232025986
288945	0.0002113029766
288946	0.0007768246313
288947	0.000461736848
288948	9.41519189e-06
288949	0.001608839647
288950	0.005333192057
288951	0.001254573908
288952	0.0006925250903
288953	0.005284641307
288954	6.517306612e-05
288955	3.373714433e-05
288956	0.0005286282349
288957	0.0008374998828
288958	0.002854651868
288959	0.0009825346742
288960	0.00532891196
288961	0.003395612178
288962	0.001960152105
288963	0.001027292992
288964	0.001187863831
288965	0.0007738876692
288966	0.002321053506
288967	0.001117672012
288968	4.996219736e-05
288969	0.001034144501
288970	4.660749891e-05
288971	0.0004950198802
288972	0.00228331631
288973	0.0013786633
288974	0.0004700655463
288975	0.003160605859
288976	0.005563486119
288977	0.0002598537177
288978	0.001368053339
288979	0.002483741006
288980	0.001490852685
288981	0.007496200762
288982	0.004597222452
288983	0.0009096707768
288984	0.0004711074326
288985	0.001395665244
288986	0.0021193591
288987	0.001582714655
288988	0.001659223669
288989	0.006187781696
288990	0.002292128435
288991	0.002562678075
288992	0.0003676774164
288993	0.002172011029
288994	0.00644307274
288995	0.0007986278102
288996	0.0009580510931
288997	0.0008299733059
288998	0.002074661522
288999	0.001283730273
289000	0.004179920187
289001	0.003592685438
289002	0.003175788603
289003	0.001278151926
289004	0.001025366639
289005	0.0003961732761
289006	0.0002608763994
289007	0.003187848796
289008	0.002246478857
289009	0.005737203216
289010	0.0004528587089
289011	0.007102189956
289012	0.001410831705
289013	0.002516381034
289014	0.002575980538
289015	0.003219320618
289016	0.0009048548374
289017	0.0005379300755
289018	0.004155600008
289019	0.001405471118
289020	0.001403110261
289021	0.0004484780714
289022	0.001369977517
289023	0.002104442928
289024	0.0001608877336
289025	0.0006353067437
289026	0.003773555794
289027	0.005091715542
289028	0.003166251814
289029	0.0006715405943
289030	0.0008723789024
289031	0.0008075593867
289032	0.0003568893216
289033	0.0005146257281
289034	0.001839258986
289035	0.002251739177
289036	0.000390435188
289037	0.0001420186927
289038	0.0008655397495
289039	0.001750775358
289040	0.002942670889
289041	0.0008580548667
289042	0.0005950222567
289043	0.0007200002586
289044	0.003235618848
289045	0.003543664239
289046	0.003295035173
289047	2.561134176e-05
289048	0.002155197508
289049	5.822326251e-05
289050	0.0008396436321
289051	0.001176350428
289052	0.0002103045953
289053	0.0007299809413
289054	0.0005257071061
289055	0.002882502296
289056	0.001880208296
289057	0.001077523099
289058	0.0001996141919
289059	0.001312724023
289060	0.0009858525969
289061	0.002681281356
289062	0.0005567047614
289063	0.00231773183
289064	0.007310009005
289065	0.005209621196
289066	0.00140235039
289067	0.0003941008436
289068	0.004054670703
289069	0.001661872034
289070	0.000795246379
289071	0.0008556901674
289072	0.001153898704
289073	0.001199977908
289074	0.0005860821027
289075	0.001917673363
289076	0.003319378404
289077	0.007788902633
289078	0.002027457723
289079	0.001731886828
289080	0.0006747095078
289081	0.002197800725
289082	0.0003453640391
289083	0.0006669638168
289084	0.0008365432366
289085	0.0002086170137
289086	0.0007005970795
289087	1.160218005e-05
289088	0.0006062638649
289089	0.00072645255
289090	0.001586689919
289091	0.000294886433
289092	0.003844775487
289093	0.002471394978
289094	2.003842756e-05
289095	0.003916737808
289096	1.306393999e-05
289097	0.002032777793
289098	0.001521504557
289099	0.0008167391945
289100	0.000461238572
289101	0.0009854982711
289102	0.0002796016291
289103	0.004026249777
289104	0.002884435426
289105	0.003414976486
289106	0.0003610497922
289107	0.0006528136177
289108	0.0003417839905
289109	0.0004683790107
289110	0.0007090362773
289111	0.0023600483
289112	0.0008354378575
289113	0.001148966265
289114	1.254782975e-07
289115	0.002680856558
289116	0.0005189025918
289117	0.00180369281
289118	0.0005693899197
289119	4.369949471e-05
289120	0.004020542601
289121	0.003441438026
289122	0.001515475511
289123	0.0038023606
289124	0.003588258689
289125	0.005280641858
289126	0.002043912156
289127	0.002908329568
289128	0.001448575088
289129	0
289130	0.003017961529
289131	0.0008638689834
289132	0.001465998712
289133	0.000395473932
289134	0.002369196639
289135	0.004162045237
289136	0.0007488838328
289137	0.0006182151182
289138	0.00101020921
289139	0.0004680300992
289140	0.0005169544202
289141	0.0002269985147
289142	0.002207582245
289143	0.0007188492658
289144	0.0005913116212
289145	0.0007561875876
289146	0.0006036107865
289147	0.0008050284609
289148	0.0001808730411
289149	0.0005759164388
289150	0.0006193688659
289151	0.0002846152882
289152	0.0006192087322
289153	0.003810442103
289154	0.001647202567
289155	0.0006072978111
289156	0.0008634545267
289157	0.0001170311203
289158	0.0003577593623
289159	0.001150637674
289160	8.247699135e-05
289161	0.0002311730761
289162	0.000127717926
289163	0.00091101787
289164	0.002022276816
289165	0.0005289263433
289166	9.753011591e-05
289167	0.001034617103
289168	0.000434311359
289169	0.0005730186286
289170	0.0006171048225
289171	0.0006379332056
289172	0.0003790066523
289173	0.00125315207
289174	0.0009087267775
289175	0.0007917778036
289176	0.0008277877241
289177	0.0004506968523
289178	0.0003123282661
289179	9.298714478e-05
289180	0.0008833880553
289181	0.0006302442158
289182	0.0006646290946
289183	0.000402501797
289184	9.118814095e-05
289185	0.0004437183754
289186	0.001113057574
289187	0.0003219491651
289188	0.0001827436476
289189	0.0004085698297
289190	0.001094442352
289191	0.0003361203863
289192	3.857324682e-05
289193	0.00022358817
289194	0.005777833516
289195	0.0004605447384
289196	0.0001181573165
289197	0.0004802980264
289198	0.0003147583158
289199	0.0001516628096
289200	0.001193704379
289201	0.0001161281073
289202	0.0001321652997
289203	0.0001275281449
289204	0.0001734775077
289205	0.0003248201063
289206	0.0002184615906
289207	0.000173363037
289208	0.0001370893119
289209	0.0001894380907
289210	0.0001392118261
289211	0.000165105982
289212	0.0001771188475
289213	0.0002439769892
289214	0.0006337408227
289215	0.0001960140887
289216	0.0001649092946
289217	0.0001842279858
289218	0.0005730201796
289219	0.00154001597
289220	0.0001281251022
289221	0.0002241716102
289222	0.0005239955958
289223	0.0007953107693
289224	0.000846932902
289225	1.754558846e-06
289226	0.000341560801
289227	0.0001848109957
289228	0.0001619299667
289229	0.003222990807
289230	0.0004998728436
289231	0.002420007439
289232	0.0003335100603
289233	0.0009739314907
289234	0.0005156638276
289235	0.002130575467
289236	0.003477357192
289237	0.001513826234
289238	0.002185491023
289239	0.00129388977
289240	0.0001120908407
289241	0.001591916795
289242	0.0001575648618
289243	0.0008768251393
289244	0.003430075316
289245	0.000604623389
289246	0.000278367838
289247	0.0005934805367
289248	0.0006542129025
289249	0.0009495496477
289250	2.402537472e-05
289251	0.0003203804833
289252	0.0002235264167
289253	0.00110337614
289254	0.0004698912586
289255	6.360367517e-05
289256	0.001218893046
289257	0.001151443826
289258	0.0001486767296
289259	3.050689752e-05
289260	0.0002728098489
289261	0.0002152700768
289262	1.554515443e-07
289263	0.0002337656631
289264	0.00126310056
289265	0.003153521077
289266	0.005999254579
289267	8.771019426e-05
289268	0.0007541025766
289269	0.0033486983
289270	0.001996328049
289271	0.001579979755
289272	0.00396872288
289273	0.001055380567
289274	0.001033927473
289275	0.00130847273
289276	0.001830038591
289277	0.001342445327
289278	0.004515673452
289279	0.006857782558
289280	0.0006883322077
289281	0.003018553883
289282	0.004063552084
289283	0.002995346102
289284	0.0001246672113
289285	0.000141500215
289286	0.0002080404236
289287	0.001315386289
289288	0.002337596257
289289	0.0005145006444
289290	6.743532314e-05
289291	0.001851349804
289292	0.001559650537
289293	0.001845874937
289294	0.0002245691186
289295	0.0002092727373
289296	0.00041564323
289297	0.001339362529
289298	0.0004125944817
289299	0.006075593316
289300	0.001153117058
289301	0.002737088443
289302	0.003401815918
289303	0.001764994646
289304	0.0005116454002
289305	0.003744550399
289306	0.0007807596388
289307	0.0003148237527
289308	0.001952135759
289309	0.0003257749375
289310	0.00384904599
289311	0.002673000848
289312	0.003357359121
289313	0.0005465445447
289314	0.003279939368
289315	0.0001858160032
289316	0.002541755339
289317	0.001602341777
289318	0.001844243575
289319	0.002105402346
289320	0.001149865995
289321	0.002336027876
289322	0.002000481609
289323	0.00022494258
289324	0.002471558267
289325	0.0001163077742
289326	0.0002884108191
289327	0.0002732665191
289328	0.001861318465
289329	0.001246038715
289330	0.00202174264
289331	0.00180599496
289332	0.002140345264
289333	0.001263486185
289334	0.007470153044
289335	0.0003761833588
289336	0.004656992754
289337	2.901626741e-05
289338	0.001614563252
289339	0.005400156367
289340	0.00141500909
289341	0.002968273265
289342	0.003001516048
289343	0.00204181388
289344	0.004581270297
289345	0.003459491206
289346	0.0003161378111
289347	0.00411362984
289348	0.002820997566
289349	0.002681821345
289350	0.004305552459
289351	0.001257449395
289352	0.00170508992
289353	0.001631612122
289354	0.0002010400124
289355	0.002062058115
289356	0.003739711905
289357	0.003620434986
289358	0.000468306383
289359	0.002554150304
289360	0.0001397421591
289361	0.002712964222
289362	0.003983592564
289363	0.00236652241
289364	0.002791203891
289365	0.0007611269375
289366	0.005487372829
289367	0.0003804158166
289368	0.001133295456
289369	0.001321498136
289370	0.0004922257805
289371	0.0003140019999
289372	0.0006338718273
289373	0.002107363134
289374	0.001002110512
289375	0.002658455605
289376	0.00077874923
289377	0.0004112917429
289378	0.001241301206
289379	0.001166480755
289380	0.001151448023
289381	0.0003980907084
289382	0.002839803373
289383	0.0006941950188
289384	0.003742008419
289385	0.00187030798
289386	0.002506965565
289387	0.006137848537
289388	0.0006420754806
289389	0.001224416023
289390	0.000556592066
289391	0.002943977095
289392	0.002247815769
289393	0.0009308874795
289394	0.0005917231499
289395	0.002318955756
289396	0.001514904391
289397	4.734669361e-05
289398	0.000241444871
289399	0.002584055643
289400	0.002705410799
289401	0.001907383048
289402	0.002995709991
289403	0.0007087995541
289404	0.003867935118
289405	0.002594919283
289406	0.003167189007
289407	0.003954631917
289408	0.002811330264
289409	0.001437641541
289410	0.0007096401927
289411	1.067349818e-05
289412	0.00171698632
289413	0.0007508299821
289414	0.001499124697
289415	0.0009473298252
289416	0.0007361997316
289417	0.001142245071
289418	0.0004969896257
289419	0.002844520519
289420	0.001663840547
289421	0.002930943362
289422	0.00218441159
289423	0.003398111918
289424	0.001835564093
289425	0.00247157219
289426	0.003368363951
289427	0.004509302053
289428	0
289429	0.002478686227
289430	0.004974639012
289431	0.0007398404745
289432	0.001798227484
289433	0.004118369843
289434	0.001437167978
289435	0.00377738203
289436	0.001743350236
289437	0.0008708866662
289438	0.002994274084
289439	0.002115971586
289440	0.002685047433
289441	5.196524591e-05
289442	0.0007478909576
289443	0.0001445498473
289444	0.001499416486
289445	0.00326290487
289446	0.001028402791
289447	0.0009281329354
289448	1.702315809e-05
289449	0.003377814016
289450	0.0007312590998
289451	0.0008094172945
289452	8.639885839e-05
289453	0.0004273713047
289454	0.002081311453
289455	0.0004980247923
289456	0.003297123325
289457	0.0005112088962
289458	0.002466553752
289459	0.003330337888
289460	0.001297814564
289461	0.0005408722573
289462	0.002684511144
289463	0.002202214491
289464	0.0001292957268
289465	0.0001595390679
289466	0.001301200159
289467	0.006197739703
289468	0.0007557192749
289469	0.0001682798743
289470	0.0003266489088
289471	0.003027334043
289472	0.0006746277514
289473	0.00115524949
289474	0.003933630011
289475	0.002050523765
289476	0.000177192904
289477	0.00338432079
289478	0.003370362192
289479	0.003567774149
289480	0.0029137987
289481	0.003057121647
289482	0.001289977991
289483	0.002970261725
289484	0.001639621548
289485	0.0006166499794
289486	0.004023309535
289487	0.001199849175
289488	0.002366496283
289489	0.00242643614
289490	0.001208882457
289491	0.0001816012633
289492	0.003203524162
289493	0.0003884398884
289494	0.004242677328
289495	0.002632039494
289496	0.0005944165056
289497	0.001528032401
289498	0.001036937362
289499	0.005568872821
289500	0.003565023766
289501	0.002115908028
289502	0.001444634303
289503	0.001593274412
289504	0.00330348505
289505	0.0002597629858
289506	0.00042017479
289507	0.001142916226
289508	0.003882753894
289509	0.004043668692
289510	0.00232204441
289511	0.0001452880006
289512	0.002045385941
289513	1.062391517e-05
289514	0.0006525506167
289515	0.001154737106
289516	8.006630966e-05
289517	0.0009495355502
289518	0.0005463235061
289519	0.003464324604
289520	0.003014531091
289521	0.001344925172
289522	0.001507154168
289523	0.0001281562967
289524	0.00166586641
289525	0.003824374729
289526	0.002362761181
289527	0.001305959633
289528	0.002422792414
289529	0.0009785447225
289530	0.0002950556465
289531	0.0007146110057
289532	0.004169301721
289533	0.001459955493
289534	0.00166700348
289535	0.001262341557
289536	0.002713590163
289537	0.001344818587
289538	0.001845252077
289539	0.001238766319
289540	0.001569745252
289541	0.004016204536
289542	4.40040894e-05
289543	0.00346247136
289544	0.002946376061
289545	0.001902413632
289546	0.001938562261
289547	0.0004031793634
289548	0.002757717057
289549	0.0001458276875
289550	0.002706793111
289551	0.0002198344121
289552	0.006439029093
289553	0.002656507316
289554	0.004495148698
289555	0.00148434972
289556	0.002290931478
289557	0.004275453571
289558	0.0002749331547
289559	0.000721530549
289560	0.003756873478
289561	0.001016542466
289562	0.002748279036
289563	0.001138516114
289564	0.001287721778
289565	0.001899544183
289566	0.003436399003
289567	0.000135949312
289568	0.0008108006258
289569	0.0009865327776
289570	0.0002821376457
289571	0.001043247141
289572	0.002461413465
289573	0.003202891942
289574	0.006154500975
289575	0.0004801123502
289576	0.004559845856
289577	0.001833397201
289578	0.0007529354328
289579	0.001735088767
289580	0.0001077213101
289581	0.0005538991818
289582	0.0008771410475
289583	0.0003179080395
289584	0.001945874151
289585	0.002073707505
289586	0.00582323712
289587	0.003451392127
289588	0.0008660790242
289589	0.0001724401
289590	0.0005806743383
289591	0.003168686187
289592	0.001080533548
289593	0.002288414125
289594	0.001836236471
289595	0.002189717722
289596	0.004176391074
289597	0.0006625745286
289598	0.0009797148582
289599	0.001306766673
289600	0.002961337489
289601	0.004086222107
289602	0.003324270843
289603	0.002327213041
289604	0.0008665596047
289605	0.001957712264
289606	0.001812949946
289607	0.004315879244
289608	0.002416222966
289609	0.002638263851
289610	0.002995949542
289611	0.0005415525639
289612	0.001261455725
289613	0.006334228405
289614	0.002102837759
289615	0.002630925118
289616	0.003195249475
289617	0.003056088885
289618	0.002288484988
289619	0.002936436666
289620	0.003141259371
289621	0.001467747486
289622	0.002816900614
289623	2.422036153e-05
289624	0.0007738901779
289625	0.0009602406596
289626	0.0005111553691
289627	0.001768857438
289628	0.001811277167
289629	0.002178415892
289630	0.0001340446237
289631	0.00140568615
289632	0.0006752913452
289633	0.001032155483
289634	0.002472251683
289635	0.0002524972623
289636	0.0005133620569
289637	0.001064343134
289638	0.001401176137
289639	0.001513644915
289640	0.002480871292
289641	0.00134201937
289642	0.002450156144
289643	0.002449675021
289644	0.0007294392886
289645	0.004651346152
289646	0.001668376201
289647	0.002343390875
289648	0.0004284564638
289649	0.003398340911
289650	0.000345110277
289651	0.000246066042
289652	0.002937054779
289653	0.0005116140267
289654	0.003459519062
289655	0.0002691150918
289656	0.00189009584
289657	0.001837871282
289658	0.006779334286
289659	0.0007395649989
289660	0.003936777204
289661	0.003503250498
289662	0.001916135564
289663	0.001761745053
289664	0.0003846652409
289665	0.00215025244
289666	0.003177499484
289667	0.002165831608
289668	0.0005173820475
289669	0.0009571231742
289670	0.00562405298
289671	0.003778345922
289672	0.004355923362
289673	0.0002968823022
289674	0.0006357542053
289675	0.002909172481
289676	8.461628125e-05
289677	0.001204061793
289678	0.001079212486
289679	0.002475194942
289680	0.001850217595
289681	0.0006513255933
289682	0.001139828897
289683	0.000192349358
289684	0.002224833027
289685	0.00128584517
289686	0.0008272647804
289687	0.0007518337605
289688	0.000246549838
289689	0.001363270339
289690	0.001292178199
289691	0.001309583402
289692	0.002493826239
289693	0.004024207948
289694	0.0006543119899
289695	0.005835635704
289696	0.002761688234
289697	0.003685657504
289698	0.002223896867
289699	0.001030123527
289700	0.0008837178536
289701	0.001741616453
289702	0.001603009948
289703	0.002720703546
289704	0.001248406259
289705	0.0007266769326
289706	0.002659122771
289707	0.001105251398
289708	7.592778095e-05
289709	0.001446929951
289710	2.093129707e-05
289711	0.002385817497
289712	0.004323177104
289713	2.309088642e-05
289714	0.0005717252332
289715	0.002743277993
289716	0.003663229945
289717	0.001356553482
289718	0.0002088138822
289719	0.006589510327
289720	0.0005359044531
289721	0.001573122654
289722	0.00285999137
289723	0.001775226868
289724	0.003167843556
289725	0.002227870967
289726	0.003264135201
289727	0.001513747138
289728	0.003524718168
289729	0.0009756092413
289730	0.001840816274
289731	0.004406378308
289732	0.002304619928
289733	0.002021780614
289734	0.0009489802444
289735	0.001636162386
289736	0.0005888761015
289737	0.003863956197
289738	0.0009764732249
289739	0.001180356345
289740	0.002444108358
289741	0.0009536011218
289742	0.003958503522
289743	0.000778755707
289744	0.0005737672664
289745	0.0009487014161
289746	0.001284411699
289747	0.001418552001
289748	0.002704517298
289749	0.003759075551
289750	0.004289661407
289751	2.299160187e-05
289752	0.001597133815
289753	0.001554577038
289754	0.0003642234868
289755	0.002601925192
289756	0.003673760031
289757	0.001569047178
289758	0.002835897737
289759	0.0002358899907
289760	0.003542054844
289761	0.0009860180537
289762	0.002967182696
289763	0.001761313732
289764	0.001994962595
289765	0.002367118092
289766	0.003775473783
289767	0.0007359690402
289768	0.001699315144
289769	0.003320859161
289770	0.001839299358
289771	0.0003752263524
289772	0.003017856994
289773	0.0005588933407
289774	0.002143561241
289775	0.0001706604412
289776	0.002671518023
289777	5.930459951e-05
289778	0.001264275079
289779	0.000373937136
289780	0.00395429152
289781	0.004630752282
289782	0.001694980086
289783	0.0006470766873
289784	0.0003694671247
289785	0.0007670598841
289786	0.0004835689086
289787	0.003492909205
289788	0.005407843261
289789	0.0004602230826
289790	8.380285397e-05
289791	0.001488451436
289792	0.0008248162421
289793	0.0004409191735
289794	0.001104212939
289795	0.003714298241
289796	0.001094695523
289797	0.0009399840689
289798	0.002473305421
289799	0.001092783912
289800	0.004146359857
289801	0.001137855409
289802	0.005384674073
289803	0.0007252353261
289804	0.003442615927
289805	0.0004681958653
289806	0.00216978185
289807	0.001751800954
289808	0.0016844014
289809	0.0007240406536
289810	0.00043011895
289811	0.0007727733764
289812	0.0007645278938
289813	0.002519328368
289814	0.000370191695
289815	0.004206378725
289816	0.002922938578
289817	0.00271109104
289818	0.004310030283
289819	0.0002425289528
289820	0.003815146684
289821	0.008225370832
289822	0.0006325719953
289823	0.003652377813
289824	0.001515012311
289825	0.00149969559
289826	0.003673639127
289827	0.003937866012
289828	0.0009227840607
289829	0.0004188927872
289830	0.000506131207
289831	0.002074117113
289832	0.003170252264
289833	0.002533322405
289834	0.004611928616
289835	0.002573122946
289836	0.003771864553
289837	0.0001239605325
289838	0.001149074502
289839	0.0008900344783
289840	0.0004294801315
289841	0.0007625368029
289842	0.000420980853
289843	6.282395947e-05
289844	0.0004536605256
289845	0.0006295852172
289846	0.0002221584894
289847	0.0003573991147
289848	0.0003138478572
289849	6.802747001e-08
289850	0.0002095055644
289851	0.0002739002866
289852	0.0004647268448
289853	0.0005276591605
289854	0.001093809093
289855	0.0004957205186
289856	4.996949834e-05
289857	0.0007071500843
289858	0.003200417931
289859	0.0009259101612
289860	0.002270753877
289861	5.020864519e-05
289862	3.173418577e-05
289863	0.002375232679
289864	0.002016984325
289865	0.002112090616
289866	0.002574652855
289867	0.002317860892
289868	8.794259828e-05
289869	0.001903573006
289870	0.001219274195
289871	0.0008230594435
289872	0.0007397478218
289873	0.0005985068277
289874	0.0008203710697
289875	0.0003415270658
289876	1.232561221e-05
289877	0.0005274878073
289878	0.000531325721
289879	0.0002572023466
289880	0.0005491239092
289881	2.928753185e-05
289882	3.509602402e-05
289883	0.0003291823492
289884	0.0001737799555
289885	0.000340782532
289886	0.00071701505
289887	0.0008031551462
289888	0.001216964631
289889	0.000363334803
289890	0.0002746409478
289891	0.00106892629
289892	0.0008310928038
289893	0.005240882852
289894	0.002981990473
289895	0.005060539794
289896	1.848654073e-05
289897	0.003015181024
289898	0.0005900537154
289899	2.023749785e-06
289900	0.001016291665
289901	0.0001083737608
289902	0.004612546594
289903	0.0007289407121
289904	0.0006983434916
289905	0.002427672248
289906	0.003048960379
289907	0.002198797393
289908	0.002719928578
289909	0.001499737514
289910	0.0003461447267
289911	0.0001331899007
289912	0.0003956924218
289913	0.002269979328
289914	0.0002762142734
289915	0.0001769083787
289916	0.001235050002
289917	0.0003802535997
289918	0.0003939926124
289919	0.0002906979827
289920	0.002557810342
289921	0.0002973082556
289922	0.001456457317
289923	0.00100114383
289924	0.001547887739
289925	0.00175035148
289926	0.001389931645
289927	8.536304078e-05
289928	0.002200473619
289929	0.0007295315494
289930	0.0003738912045
289931	0.0006032922728
289932	0.001854094543
289933	0.002822807239
289934	0.002903474762
289935	0.0004379108636
289936	0.0005846203412
289937	0.0006783544764
289938	0.003785252603
289939	0.003456125828
289940	0.000624605383
289941	0.002624505887
289942	0.0002021290759
289943	0.0007304867845
289944	0.000892468752
289945	0.004612331156
289946	0.000592016368
289947	0.001671681902
289948	0.0002310057745
289949	0.002637856582
289950	0.0009954559662
289951	0.005071643328
289952	0.002328871541
289953	0.001037479724
289954	0.001553918296
289955	0.0007261159544
289956	0.002037717374
289957	0.001858934417
289958	0.005686774246
289959	0.0006724904471
289960	0.005479959048
289961	0.001872300024
289962	0.001927884535
289963	0.002068778308
289964	0.002169541302
289965	0.001098939916
289966	0.0003866244203
289967	0.0001736242042
289968	0.001575135011
289969	0.001771179447
289970	0.0003966042053
289971	0.001589759731
289972	0.001710040237
289973	0.0004942072356
289974	2.271794916e-05
289975	0.004148878069
289976	0.0006716139431
289977	0.001368263174
289978	2.735904581e-05
289979	7.202193222e-05
289980	0.003777159928
289981	0.001993240448
289982	0.0004824861158
289983	0.002194416981
289984	0.000187829565
289985	0.0004789218905
289986	0.001571380858
289987	0.001680499664
289988	0.0001377757062
289989	0.002689137477
289990	0.0001713796093
289991	0.0004311493116
289992	0.001450057734
289993	0.001325753339
289994	0.0008002293947
289995	0.0006346072117
289996	0.0002059196596
289997	0.0005730657093
289998	0.0005781610927
289999	7.37370808e-05
290000	0.0001348313183
290001	0.0006591634513
290002	0.001205408841
290003	0.000488168643
290004	0.001383694342
290005	0.0010101736
290006	0.0002945335723
290007	0.0001698692381
290008	0.0001180484763
290009	0.001734742442
290010	0.000982328002
290011	7.189123344e-05
290012	0.0002868647051
290013	0.001456958176
290014	0.001038104279
290015	0.0007119518448
290016	0.0006391497068
290017	0.0003096973341
290018	0.00156814675
290019	0.0008261049604
290020	0.0004558426984
290021	4.604799997e-05
290022	0.0005534825563
290023	0.0006175586838
290024	0.0001001757664
290025	0.0003703950533
290026	0.0004322376346
290027	0.001502383715
290028	0.00067408678
290029	0.0002690848404
290030	0.002180424873
290031	0.0008901807392
290032	0.0004266687291
290033	0.001366936599
290034	5.684460677e-05
290035	0.001040507064
290036	0.0006464345562
290037	0.000774554785
290038	0.001384295417
290039	0.0009262763401
290040	0.0002366411126
290041	0.001135331724
290042	0.001259921835
290043	0.002224669183
290044	0.0009060415402
290045	0.002075536899
290046	0.003087600756
290047	0.0002036823071
290048	0.002060049348
290049	0.0001709989617
290050	0.000217783369
290051	0.0004322692696
290052	0.001584062772
290053	0.0001629769848
290054	0.001694765269
290055	0.0003662813203
290056	0.0001917067912
290057	0.001432164243
290058	0.0006477206165
290059	0.001061559456
290060	0.0005221781421
290061	2.254896777e-05
290062	0.0006453583218
290063	7.245314306e-05
290064	0.0003752143912
290065	0.0004282360366
290066	0.0003771009258
290067	0.000146457027
290068	0.0003323024786
290069	0.000286538966
290070	7.09258519e-05
290071	0.0004357507493
290072	0.0005571963386
290073	0.0003235772542
290074	0.0005220059288
290075	0.0005245628207
290076	0.000302301446
290077	0.0005206577635
290078	0.0004199547154
290079	0.001331837036
290080	0.0001380966328
290081	0.0005623641483
290082	0.0004275009816
290083	0.0009048520719
290084	3.545339671e-05
290085	0.000100187415
290086	0.0002335795371
290087	9.317468839e-05
290088	0.0001908628642
290089	7.050263234e-05
290090	0.0005923127329
290091	5.750443644e-05
290092	0.0003838819995
290093	0.0004265415801
290094	2.925481894e-05
290095	3.809469894e-05
290096	0.001228979927
290097	0.0002133642356
290098	0.001079955982
290099	0.0009827471383
290100	0.0006303117125
290101	0.0002979983453
290102	0.0002983007948
290103	0.0006978424657
290104	0.0008548105785
290105	9.183244198e-07
290106	4.15874477e-07
290107	0.002481089482
290108	0.001015012718
290109	0.0005381709016
290110	0.001110792138
290111	0.002240032286
290112	0.0002516860901
290113	0.0009240031442
290114	0.001972932646
290115	0.0001139953041
290116	0.001060058815
290117	0.002983835451
290118	0.002829230637
290119	0.002144755651
290120	0.00094176012
290121	0.0005018509185
290122	0.002447527731
290123	0.001320411772
290124	0.0001855716442
290125	0.00214556008
290126	0.002136024995
290127	0.001043296124
290128	0.00265801834
290129	0.001607121392
290130	0.001513811856
290131	0.0002133666816
290132	0.001225661769
290133	0.002334729911
290134	0.001567009644
290135	0.0007172306552
290136	0.001447817029
290137	0.0004777260687
290138	0.0008434224035
290139	0.0007716905039
290140	0.002627176868
290141	0.00379909099
290142	0.0005777647281
290143	0.002163888022
290144	0.001701202254
290145	0.002094606344
290146	0.001034488658
290147	0.001107734315
290148	0.001213259525
290149	0.002248451517
290150	0.001253234421
290151	0.0002737215074
290152	0.0005703808872
290153	0.000560082389
290154	0.001065398159
290155	0.001788383732
290156	0.004280145664
290157	0.001344762883
290158	0.006249248981
290159	0.001868034452
290160	0.003988877009
290161	0.001920501709
290162	0.004930087694
290163	0.0006134837723
290164	0.002314515284
290165	0.004334588964
290166	0.004291592109
290167	0.0005756066985
290168	0.005743051563
290169	0.0003796490211
290170	0.00164627471
290171	5.404194988e-05
290172	0.0006691877993
290173	0.002861889193
290174	0.0007609754765
290175	0.003257761764
290176	0.003097171047
290177	0.0008183625413
290178	4.964842419e-06
290179	0.0020285
290180	0.003915798528
290181	0.005343121963
290182	0.004808148294
290183	0.001158681919
290184	0.0004421759009
290185	0.005090354294
290186	0.000854532485
290187	0.0007094527512
290188	0.0003656218877
290189	0.005805841328
290190	0.0009156487142
290191	0.0003049896475
290192	0.005801630218
290193	0.005406937755
290194	0.00308747316
290195	0.004935233245
290196	0.0003464643988
290197	0.001684703274
290198	0.003454069031
290199	0.003875182243
290200	0.003324609258
290201	0.003271706312
290202	0.002002058665
290203	0.0005668895506
290204	0.0004472818832
290205	0.003348869883
290206	0.002802920694
290207	0.001835769744
290208	0.001542193123
290209	0.0004372608097
290210	0.0004464195741
290211	0
290212	0.0002155473871
290213	0.001374054031
290214	0.001051392557
290215	0.000728022318
290216	0.0002139556347
290217	0.003982305596
290218	0.002930416011
290219	0.0003073090232
290220	0.001850717741
290221	0.0003628274915
290222	4.620597154e-07
290223	0.00135479301
290224	5.641835433e-05
290225	0.001251252075
290226	0.002424816118
290227	0.0001941578208
290228	0.00191091047
290229	0.0002177467311
290230	0.002774414354
290231	0.00232546154
290232	0.0001255105622
290233	0.002050562302
290234	0.0006376109379
290235	0.001629004788
290236	0.000526045102
290237	0.0002748521697
290238	0.001008344826
290239	0.003476446715
290240	0.002444227974
290241	0.002173308165
290242	0.0007048070653
290243	0.0001603656018
290244	0.001560286211
290245	0.001830910345
290246	0.0009261514227
290247	0.0006194198926
290248	0.001086593236
290249	0.001173014618
290250	0.001173712697
290251	0.001097535912
290252	0.000146048843
290253	0.002094409333
290254	0.003235424217
290255	0.0005998379722
290256	0.0006069958692
290257	0.001365693171
290258	0.001717111919
290259	0.000371850529
290260	0.0005612405341
290261	2.935764283e-07
290262	0.0003783110173
290263	0.0005612036918
290264	9.531501783e-05
290265	0.0001896639227
290266	0.0002828662772
290267	9.540312425e-05
290268	0.00328680907
290269	0.001652566698
290270	0.001035516686
290271	0.0006564027039
290272	0.002051413906
290273	0.001175320558
290274	0.0005454652031
290275	0.003170067337
290276	0.00145463456
290277	0.001073092652
290278	0.001784231689
290279	0.0005511856566
290280	0.001038643533
290281	0.001139853518
290282	0.002679010765
290283	0.000485541386
290284	0.0002461437288
290285	0.0011730708
290286	0.000183697131
290287	0
290288	0.0002682885614
290289	0.002898092478
290290	0.0009458470784
290291	0.001724499733
290292	0.001290721739
290293	0.001986185288
290294	0.0007710756639
290295	2.299754043e-05
290296	0.000507692882
290297	0.0012100845
290298	0.001054837727
290299	0.003914318952
290300	0.000268065968
290301	0.0008145021999
290302	0.001263786956
290303	0.0001664475104
290304	1.581282769e-05
290305	0.002292459434
290306	0.0002631344039
290307	0.000704227644
290308	3.722238237e-05
290309	0.0008844169264
290310	0.00139184606
290311	0.0009751223621
290312	0.0003397521911
290313	0.002480412257
290314	0.002069201792
290315	0.0001779774164
290316	0.0003763514031
290317	0.001763420136
290318	0.0009356400013
290319	0.0004353589176
290320	0.002645145485
290321	0.002155984452
290322	0.0005075725665
290323	0.002384104598
290324	0.0003270556501
290325	0.002721314872
290326	0.001727766566
290327	0.0001801923398
290328	0.002016508594
290329	0.001185426636
290330	0.001742577835
290331	0.004309024129
290332	0.0001812040641
290333	0.002008231155
290334	0.0002963749949
290335	0.00187953851
290336	0.0008383413237
290337	0.001353038038
290338	0.001081220732
290339	0.0001579820361
290340	0.0008217657327
290341	0.0005140293072
290342	0.001035132973
290343	0.0005367189082
290344	0.0003668959696
290345	0.00111316992
290346	0.0002175147318
290347	3.973212464e-06
290348	0.0003343675788
290349	0.0003843720218
290350	0.003398816009
290351	0.005111381746
290352	0.006090247822
290353	0.00505147027
290354	0.0007234099798
290355	0.001240643626
290356	6.713776578e-05
290357	0.000600264537
290358	0.0007197645834
290359	0.002500601353
290360	0.002049011012
290361	0.00120603545
290362	0.00472452788
290363	0.001098277689
290364	0.001449743529
290365	0.0005464402027
290366	3.893015846e-05
290367	0.0006139031951
290368	0.0005583984485
290369	0.0003918094454
290370	0.001278831374
290371	0.0003739878395
290372	0.0009449475917
290373	0.0002240757288
290374	0.0001082379209
290375	0.0001860013843
290376	0.0007037645617
290377	0.0001148668756
290378	0.001931860212
290379	0.0001126281749
290380	0.0004087801779
290381	0.0006669439588
290382	0.0006520749942
290383	0.0007938925251
290384	0.0004490670979
290385	0.0006540960563
290386	0.0006411316201
290387	0.0007617871301
290388	0.001059883796
290389	0.0004430800603
290390	0.001356157272
290391	0.000427463087
290392	0.000659932628
290393	0.000105245113
290394	0.0006863618618
290395	6.882092048e-05
290396	0.0007473349495
290397	1.74404334e-05
290398	0.0008877155397
290399	0.0003148865885
290400	2.183095587e-05
290401	0.0006836088283
290402	0.000716641912
290403	0.001201863486
290404	0.0001467855466
290405	0.0004303495281
290406	0.0004801977317
290407	0.0007168858287
290408	4.158961322e-05
290409	0.0007939156633
290410	0.001355796632
290411	0.0002220927186
290412	0.001565420928
290413	9.765086115e-05
290414	0.0006145664765
290415	0.001171510642
290416	0.0001284818393
290417	0.002003973633
290418	0.001692967027
290419	0.00152658332
290420	0.0006163977635
290421	0.001932042417
290422	0.0004824090212
290423	0.0006037783978
290424	0.0008648113018
290425	0.001438612195
290426	0.001583507327
290427	0.001136010077
290428	0.0002102459452
290429	0.0006251127288
290430	0.001270727963
290431	0.0006699009099
290432	2.506393997e-05
290433	0.0008483170997
290434	0.001964163461
290435	0.0004609749037
290436	0.0007737503101
290437	0.005632510006
290438	0.001534529338
290439	0.00238646755
290440	0.005887410039
290441	0.002925961101
290442	0.0002870306527
290443	0.00222812804
290444	0.001369726297
290445	0.002008789933
290446	0.0008322845031
290447	0.003287404163
290448	0.0002613005361
290449	0.0003339012607
290450	0.001667161688
290451	0.002911321323
290452	0.0006802759887
290453	0.001480440971
290454	0.001629040627
290455	0.0005279058955
290456	0.0002472736457
290457	0.001595178978
290458	0.001721470263
290459	5.77710101e-05
290460	0.001549818406
290461	0.0002273750173
290462	0.000182841937
290463	0.0003183936596
290464	0.00211860452
290465	0.001722188879
290466	0.002888535381
290467	0.001254674638
290468	0.005050902969
290469	0.0003103317829
290470	0.0007935070138
290471	0.002591601827
290472	0.00085229879
290473	0.0006279525691
290474	0.001019288052
290475	0.002495971472
290476	0.001426750304
290477	0.0001785262263
290478	0.0007724989628
290479	0.0002204692905
290480	0.0001702882799
290481	0.0004874457273
290482	1.11924363e-05
290483	0.0004449244919
290484	0.0001439931051
290485	0.004240652293
290486	0.001044458378
290487	0.000831961227
290488	0.001051373621
290489	0.00122527453
290490	0.005701540214
290491	0.003347865605
290492	0.006115179077
290493	0.006470010542
290494	0.0007889108408
290495	0.0002446948435
290496	0.001513801446
290497	0.005566005471
290498	0.002204391812
290499	0.006087063311
290500	0.004784651289
290501	0.0006676573034
290502	0.0007153970183
290503	0.00126314002
290504	0.002211754493
290505	0.001619842827
290506	0.0009224747581
290507	0.00172424019
290508	0.005685294248
290509	0.001977312883
290510	0.001341127645
290511	0.0002906646758
290512	0.0006914492063
290513	6.123847323e-05
290514	0.0007001490071
290515	0.003895976982
290516	0.00106726195
290517	0.0002023594493
290518	0.0002719444815
290519	0.002169663917
290520	0.000236068255
290521	0.002890458837
290522	0.003432117911
290523	0.0001589246594
290524	0.001161322322
290525	0.0004493556421
290526	0.0008547288545
290527	0.0001199430371
290528	0.001313558204
290529	0.0008148519888
290530	0.003344521273
290531	0.004022325624
290532	0.004207694218
290533	0.002729579077
290534	0.002018478487
290535	0.0008579345867
290536	0.0007484974682
290537	0.00136472784
290538	1.166617541e-07
290539	5.24755607e-08
290540	0.002505874632
290541	0.001177935366
290542	0.0004094746036
290543	0.0001207051781
290544	0.001491976894
290545	0.00344148997
290546	0.002972807909
290547	0.00184382045
290548	0.00053323272
290549	0.0006579034396
290550	0.0006088447044
290551	0.003028597054
290552	0.001365808477
290553	0.0006088062777
290554	0.0001162051652
290555	3.685887226e-06
290556	3.588576608e-06
290557	4.16989683e-07
290558	8.803747967e-07
290559	2.18123369e-06
290560	1.484768883e-06
290561	1.223850801e-06
290562	6.91915197e-07
290563	8.324073604e-06
290564	4.003074024e-06
290565	5.862680918e-07
290566	4.202153184e-06
290567	1.091589742e-05
290568	8.795644015e-07
290569	4.725333313e-06
290570	1.197271742e-06
290571	6.90100884e-06
290572	8.463876071e-07
290573	1.776086966e-06
290574	4.439949788e-06
290575	1.16732386e-05
290576	4.128495598e-07
290577	2.273999256e-06
290578	1.4320287e-06
290579	6.849184924e-06
290580	1.325349958e-06
290581	5.237448758e-07
290582	3.7322909e-06
290583	5.962616713e-06
290584	2.760041704e-06
290585	3.72004853e-06
290586	3.575761978e-06
290587	2.997104179e-07
290588	4.036519761e-06
290589	6.708113223e-06
290590	4.343920161e-08
290591	6.662394726e-06
290592	6.164179409e-06
290593	1.368768472e-05
290594	2.963747262e-06
290595	2.961030919e-06
290596	2.808846129e-06
290597	4.63106378e-06
290598	1.250416488e-06
290599	3.461785192e-06
290600	3.196841309e-06
290601	2.108167023e-06
290602	6.066985254e-06
290603	2.0701228e-06
290604	3.478628509e-07
290605	1.514519979e-06
290606	4.268106521e-06
290607	1.576750593e-06
290608	6.315263595e-06
290609	1.265941048e-06
290610	3.950781706e-06
290611	2.345993341e-06
290612	2.706941875e-06
290613	2.596388745e-08
290614	1.884466828e-06
290615	1.029009566e-05
290616	1.061945138e-06
290617	5.99229732e-06
290618	6.592806967e-06
290619	2.802586452e-06
290620	1.838543595e-06
290621	6.548349291e-06
290622	7.762715254e-06
290623	5.577385466e-07
290624	1.143426297e-06
290625	4.223383939e-07
290626	4.205729638e-07
290627	7.572073274e-06
290628	5.316247408e-07
290629	2.420621075e-06
290630	8.439066854e-06
290631	5.467668387e-06
290632	2.958065778e-06
290633	7.78978971e-07
290634	1.425454686e-06
290635	6.263576741e-07
290636	1.605613865e-06
290637	2.468812172e-06
290638	7.151402747e-07
290639	2.96221624e-06
290640	1.397235091e-06
290641	0.002416826064
290642	0.004505332254
290643	0.001055720452
290644	0.001229641131
290645	0.003789750124
290646	0.001511906407
290647	0.001571733951
290648	0.002884142141
290649	0.001637426812
290650	0.002117196261
290651	0.001253131001
290652	0.001872709844
290653	0.002903208639
290654	0.002765976129
290655	0.001204268405
290656	0.002062655715
290657	0.0003916107543
290658	0.001209904629
290659	0.006395031555
290660	0.0002010840927
290661	0.002900255965
290662	0.001171352562
290663	0.001625031929
290664	0.003847894935
290665	0.002835737826
290666	0.003034124579
290667	0.002178679674
290668	3.321894841e-05
290669	0.001496243394
290670	0.001925077446
290671	0.003423030378
290672	0.001607148512
290673	0.002150950221
290674	0.00131883608
290675	0.0003381875118
290676	0.00411785833
290677	0.001254405307
290678	0.002587827446
290679	0.0001509825349
290680	0.0007419836096
290681	0.0004550517586
290682	0.0003503370004
290683	0.0008654634469
290684	0.002319898625
290685	0.0001590471615
290686	0.0007259698519
290687	1.482347528e-05
290688	0.002643002503
290689	0.001053062429
290690	0.0009931120586
290691	0.001662463508
290692	0.002649077761
290693	0.001570933454
290694	0.0009883194667
290695	0.0001763112372
290696	0.0001193393156
290697	0.00097490431
290698	0.0005479355085
290699	0.0003521883507
290700	0.0007328161406
290701	0.001017546747
290702	0.0005658960026
290703	0.0007353127435
290704	3.280858103e-05
290705	0.0003829474634
290706	0.002711068242
290707	0.001279113172
290708	0.0005235644505
290709	0.005115192128
290710	0.001040737077
290711	0.009095213315
290712	0.000500998437
290713	0.001907336958
290714	0.002138609656
290715	0.00397070078
290716	0.0002861314652
290717	0.002576225109
290718	0.001626892754
290719	0.0005743816802
290720	0.001270780201
290721	0.002407224341
290722	0.0002748701906
290723	0.001758234547
290724	0.003022445503
290725	0.001481808018
290726	0.001260315087
290727	0.002020195054
290728	0.001452406419
290729	0.0008263789367
290730	0.002495139585
290731	0.001990139071
290732	0.005184569161
290733	0.0001578298279
290734	0.0001929160411
290735	0.004033696773
290736	0.0006229277763
290737	0.001103486992
290738	0.0001769246119
290739	0.002570966426
290740	0.002567511364
290741	0.001296749933
290742	0.002243854714
290743	0.003571078056
290744	0.0009123230262
290745	0.001533792899
290746	5.096710735e-05
290747	0.001665501439
290748	0.002139160681
290749	0.0003596770449
290750	0.0002988212086
290751	0.004158711324
290752	0.002187888989
290753	0.007660410157
290754	0.003128518089
290755	0.003273760788
290756	0.001453733542
290757	0.001006707922
290758	0.0007861603211
290759	0.006316614895
290760	0.004453572037
290761	0.005200284606
290762	0.0001390797674
290763	0.001070977465
290764	0.003592128169
290765	0.0007912850214
290766	0.001535931296
290767	0.001422005994
290768	0.0005073947225
290769	0.002568316108
290770	0.0003563823356
290771	0.0007507341382
290772	0.0004184866178
290773	0.003457661373
290774	0.001121012979
290775	0.001414777334
290776	0.001756492012
290777	0.0008418045481
290778	0.0003325352872
290779	0.0008686669837
290780	0.002695070597
290781	0.002689000964
290782	0.0003199948893
290783	0.0007427898493
290784	0.0004924693804
290785	0.002995417618
290786	0.003644301845
290787	0.001502755162
290788	0.00115284248
290789	0.001087989633
290790	0.0008732512471
290791	0.001859548912
290792	0.002993925712
290793	3.511920678e-05
290794	0.001483974349
290795	0.002058001519
290796	0.001783941995
290797	0.0004867425438
290798	0.003604571969
290799	0.001071338741
290800	0.0009750691752
290801	0.001537043162
290802	0.00070533309
290803	0.0008512322573
290804	0.0006936969479
290805	0.00075189787
290806	0.0007684438049
290807	0.0004356346958
290808	0.002383489903
290809	0.004220234448
290810	0.004291928709
290811	0.0009174413585
290812	0.001694543599
290813	0.0001573424004
290814	0.0007527215295
290815	0.0002901462653
290816	0.001532747318
290817	0.003889550151
290818	7.983023533e-06
290819	0.002208761321
290820	0.0007675632598
290821	0.0005424819132
290822	8.72596079e-05
290823	0.001152321356
290824	1.203636036e-05
290825	0.0007548964602
290826	0.001404382075
290827	0.001811624916
290828	0.005088723554
290829	0.003977095801
290830	0.002493405879
290831	0.003127556094
290832	0.003251084216
290833	0.003126796953
290834	0.0002763083032
290835	0.005529509109
290836	0.003631968145
290837	0.002419127821
290838	0.001919705653
290839	0.0002782685536
290840	0.001148155915
290841	1.519831106e-07
290842	0.001432663791
290843	0.002233517885
290844	0.003101073847
290845	0.004512025304
290846	0.004387115878
290847	0.000601756946
290848	0.003126037069
290849	0.001017544029
290850	0.0009755867952
290851	0.0007374501721
290852	0.001886834237
290853	0.0007591703575
290854	0.002236926234
290855	0.002910314369
290856	0.001747643546
290857	0.0005341535108
290858	0.002534431624
290859	0.003552534189
290860	0.002888111189
290861	0.0006347835489
290862	0.002692599881
290863	9.017517607e-05
290864	0.001675782525
290865	0.00273093577
290866	0.001124351721
290867	0.005123356386
290868	0.0006945249981
290869	0.0005739100595
290870	0.002014968784
290871	0.001547178894
290872	4.6946112e-05
290873	0.002596805917
290874	0.001975674312
290875	0.001836091651
290876	0.0005107754766
290877	5.407143008e-05
290878	0.0003272587129
290879	0.001438530076
290880	0.001188235842
290881	0.003005545499
290882	6.133296369e-05
290883	0.002170128265
290884	0.00132712343
290885	1.181092141e-05
290886	0.002292995093
290887	4.421556477e-05
290888	0.001689778326
290889	7.623503993e-05
290890	0.0003012900505
290891	0.0006857078157
290892	0.00236750177
290893	0.0003002192401
290894	0.002819883095
290895	0.002974284642
290896	1.51988253e-05
290897	0.0007402564612
290898	0.002103269898
290899	0.001789751317
290900	0.003296735056
290901	0.000107290489
290902	0.00147290514
290903	0.002902296001
290904	0.0004871438169
290905	0.002049846158
290906	0.0005343488967
290907	0.001086685275
290908	0.003576402059
290909	0.0004158297585
290910	0.000317588652
290911	0.001260724903
290912	4.191906981e-06
290913	0.0004680602338
290914	0.002947158462
290915	0.002638049549
290916	0.002986321121
290917	0.000115399259
290918	0.0004598939849
290919	0.001547169425
290920	0.0006252402792
290921	0.001584424809
290922	0.0005159613773
290923	0.001207230026
290924	0.004794578866
290925	0.002012357983
290926	0.001096450776
290927	0.004670642072
290928	0.001392867327
290929	0.0002966919606
290930	0.002324271155
290931	0.0001960371186
290932	0.003899304226
290933	6.379224344e-05
290934	0.001070984414
290935	0.006057309159
290936	0.001381626165
290937	0.0003603880744
290938	0.003185131406
290939	0.002324981862
290940	3.705401326e-05
290941	0.002753147338
290942	0.002065777975
290943	0.001842609326
290944	0.0003167818548
290945	0.003085278134
290946	0.002281644816
290947	0.0005305350689
290948	0.00272438201
290949	0.005455223011
290950	0.004952874063
290951	0.0004727455658
290952	0.006825090177
290953	0.004703980685
290954	0.001584529629
290955	0.005649820974
290956	0.0005133786138
290957	0.004453411644
290958	0.0006042863724
290959	0.0009789504279
290960	0.0002863904957
290961	0.003332122532
290962	0.003996901544
290963	0.002400242085
290964	0.001506422911
290965	0.0001860018335
290966	0.001152880947
290967	0.006680797867
290968	0.0006875266726
290969	0.0006279193646
290970	0.000810559759
290971	8.944595584e-05
290972	0.002284444999
290973	0.0002159213438
290974	0.0001137908915
290975	0.0003583070406
290976	0.001790414319
290977	0.002376652145
290978	0.0007431730357
290979	0.000141856903
290980	0.0005093436878
290981	0.0005009098818
290982	0.006626277254
290983	0.0002103550728
290984	0.005007877572
290985	0.001419630559
290986	0.003476317916
290987	0.001047783627
290988	0.0008785221065
290989	0.0009088170662
290990	0.0002618566485
290991	0.0009122489409
290992	0.0009025746715
290993	0.0008855383275
290994	0.0009250143051
290995	0.0008248223468
290996	0.0004136713696
290997	0.0004975379952
290998	0.0007569861712
290999	0.000582317299
291000	0.0008626183231
291001	0.0009246029909
291002	0.0006510376412
291003	0.0004556688753
291004	0.0008821824115
291005	0.00108805009
291006	0.0008391617036
291007	0.0009080735924
291008	0.0008847527862
291009	0.001125728029
291010	0.001229446379
291011	0.0005913141563
291012	0.0005033349173
291013	0.001487296652
291014	0.0009514156707
291015	0.0007008245562
291016	0.000745519905
291017	0.0004478360237
291018	0.001085706994
291019	0.000574119347
291020	0.0008644722383
291021	0.003728339909
291022	0.001658420924
291023	0.002388174445
291024	0.0001857885595
291025	0.00256939807
291026	0.004470391745
291027	0.004251117618
291028	6.585372255e-05
291029	0.002822421464
291030	0.001532763096
291031	0.0002639523941
291032	0.0002828403156
291033	0.003987593805
291034	0.004067862951
291035	0.003437377534
291036	0.0003510171705
291037	0.004759795785
291038	0.003441010442
291039	0.004091896432
291040	0.006217057704
291041	0.00421083331
291042	0.00150228371
291043	0.002610746913
291044	0.0003353095011
291045	0.005045534458
291046	0.006162227579
291047	0.002441925557
291048	0.001301724512
291049	0.004218646647
291050	0.003749788948
291051	0.007524615188
291052	0.0005145957061
291053	0.002098436487
291054	0.004180348988
291055	0.0009753410239
291056	0.001940797179
291057	0.003071081032
291058	0.00327350332
291059	0.00124057868
291060	9.247437612e-05
291061	0.0002567552521
291062	0.0008602664836
291063	0.0001987487882
291064	0.0002388019964
291065	0.001171993255
291066	0.001337277683
291067	0.001472514137
291068	0.0006836409886
291069	0.0001554418106
291070	1.003463332e-05
291071	0.0001462558523
291072	0.001207639272
291073	0.0005558081763
291074	0.001003091944
291075	0.0007769427233
291076	0.001529023136
291077	0.003281565821
291078	0.001462674843
291079	0.008331799596
291080	3.151038698e-05
291081	0.0005224121954
291082	0.0002137983127
291083	0.0008114120824
291084	8.920862146e-05
291085	0.001334036231
291086	0.000432723678
291087	0.001323337602
291088	0.0001068478735
291089	0.002304786524
291090	0.004096738759
291091	0.001869088306
291092	0.000448073771
291093	0.001267759326
291094	0.0001525739009
291095	0.0003679969906
291096	0.003340391592
291097	0.001553512155
291098	0.002743385158
291099	0.001981656435
291100	0.002142230529
291101	0.0009047561497
291102	0.004793003147
291103	0.0002315532775
291104	0.003001097688
291105	0.001735824883
291106	0.0006788585215
291107	0.003958302013
291108	0.0002630885386
291109	0.004756022524
291110	0.006863483784
291111	0.0004612331874
291112	0.001598704673
291113	0.001762736703
291114	0.003868599225
291115	0.0004587838388
291116	0.0007512835154
291117	0.007684885185
291118	0.004865796443
291119	0.0005646592471
291120	0.0008214704283
291121	0.004610884158
291122	0.001356128827
291123	0.0001533758962
291124	0.003940173114
291125	0.001607570195
291126	0.00203052895
291127	2.480464485e-05
291128	0.001740947497
291129	0.005986961792
291130	0.001360143808
291131	0.0007202627858
291132	0.00330257617
291133	0.0002937108868
291134	0.0009458132182
291135	0.0001422108649
291136	0.0007912096655
291137	0.002673466902
291138	0.0005490060997
291139	0.002117574175
291140	0.004393945028
291141	0.002301948524
291142	0.001222041402
291143	0.001099092652
291144	0.0002687491331
291145	0.000935071951
291146	0.003420098819
291147	0.001436954877
291148	0.0001273362807
291149	3.794326174e-05
291150	9.787556065e-05
291151	0.0006140000229
291152	0.002581636184
291153	0.008449640439
291154	0.002319105289
291155	0.0006559280543
291156	5.982052886e-05
291157	0.0002520868354
291158	0.0003209198277
291159	0.0001221742233
291160	8.606957051e-05
291161	3.306785656e-05
291162	9.068223101e-05
291163	0.0006080298957
291164	0.0008631727666
291165	3.732673913e-05
291166	0.0006813370251
291167	0.0005862445135
291168	0.0002319984713
291169	0.0001964749203
291170	0.0002193326124
291171	0.0004002096751
291172	0.001253010174
291173	0.0007499369837
291174	0.0001216829795
291175	0.0004041338859
291176	2.602850804e-05
291177	0.0004803012919
291178	0.0003832785407
291179	0.0007766136528
291180	0.004997572985
291181	0.001129806882
291182	0.002955454299
291183	0.007159313452
291184	0.004857150466
291185	0.0003138692469
291186	0.0004201963869
291187	0.006466478344
291188	0.006194995076
291189	0.0006720704069
291190	0.0009625881801
291191	0.001962094898
291192	0.000417975597
291193	0.0002278428492
291194	0.003208703351
291195	0.0002701684803
291196	0.0007965112569
291197	0.0002776788121
291198	0.004439807231
291199	0.002882808212
291200	0.001019102237
291201	0.004461332275
291202	0.00011765037
291203	4.28359672e-05
291204	0.0004960727038
291205	0.001539090328
291206	0.002771093554
291207	0.0004607431924
291208	0.001807338254
291209	0.0003721421449
291210	0.005843221294
291211	0.0003425739523
291212	0.0002058204279
291213	5.344822064e-06
291214	0.000521158545
291215	0.006494303377
291216	7.099472994e-05
291217	0.0009900216715
291218	0.001327666529
291219	0.0005700251482
291220	0.0004826436099
291221	0.0003807839603
291222	2.507101117e-06
291223	0.0003349820546
291224	6.725543475e-05
291225	0.0003082776712
291226	0.0001443941108
291227	0.0001562783919
291228	0.001050043728
291229	0.0006169268686
291230	0.0001323086687
291231	0.0004404130835
291232	0.0003516356154
291233	0.0003859802254
291234	0.001720961421
291235	0.0001748110289
291236	9.302274924e-05
291237	0.0003231982417
291238	0.0004178028897
291239	0.0001429050713
291240	0.0005578621558
291241	0.0001999761189
291242	0.0006431047836
291243	7.139860459e-05
291244	0.0003124493093
291245	0.000420547873
291246	5.431689067e-05
291247	0.001526946126
291248	1.536820811e-05
291249	0.0002919002066
291250	0.0001148353387
291251	0.0001956935453
291252	7.791696441e-05
291253	2.418293955e-05
291254	7.886459299e-05
291255	0.0002475706567
291256	0.0001694317274
291257	0.001284338341
291258	0.0002674057388
291259	2.746586946e-05
291260	9.576166348e-05
291261	7.157145697e-05
291262	0.0001092253463
291263	0.0007954813537
291264	0.0003830998836
291265	0.0007424353309
291266	0.002107894665
291267	0.0002266341364
291268	0.0006379682833
291269	3.987187954e-05
291270	0.000404127045
291271	0.001474037719
291272	0.001693724656
291273	0.0002632849333
291274	0.001032773598
291275	0.0003178533121
291276	0.002000522633
291277	0.000114587075
291278	0.001301709991
291279	0.0007198690129
291280	0.0002507097034
291281	0.003065248813
291282	0.0009976816241
291283	0.002547816398
291284	0.003386608295
291285	0.0003716204804
291286	3.812710094e-05
291287	4.493869652e-05
291288	0.0002007897968
291289	0.0005695259992
291290	0.0001161392591
291291	0.0003355230491
291292	0.0004586102231
291293	0.0005457595401
291294	1.268386104e-05
291295	0.0001223976425
291296	0.001388397316
291297	2.215924921e-05
291298	0.0006372278076
291299	0.0002328573412
291300	0.0004942908304
291301	2.277158561e-05
291302	6.131496548e-05
291303	0.0004354794571
291304	0.0001638360193
291305	0.0001550294965
291306	0.0002316259651
291307	0.001711902821
291308	0.0006177267744
291309	0.0003011270124
291310	0.0003601763488
291311	0.0003819925996
291312	0.001889654586
291313	6.500748462e-05
291314	0.0007218385926
291315	0.00106739433
291316	0.005504417621
291317	0.0002894782828
291318	0.0009482756081
291319	0.0003816196557
291320	0.0001702087916
291321	5.774010062e-05
291322	2.82916662e-05
291323	0.007806405595
291324	0.0009050072311
291325	0.0005850808588
291326	0.0004128038909
291327	0.0001877914313
291328	0.0003035664455
291329	0.004530002781
291330	3.699617508e-05
291331	0.001852496583
291332	0.0002342670806
291333	0.0002077600057
291334	0.0001044789832
291335	0.0008725494233
291336	0.002273014683
291337	0.00019433507
291338	2.329228112e-05
291339	0.0003701539053
291340	0.0009155937523
291341	0.001254094805
291342	0.0008075645882
291343	0.0006427201638
291344	0.0003276805809
291345	0.004485448136
291346	0.001609633758
291347	0.003688317391
291348	0.003864275195
291349	0.0006238926642
291350	0.0001340271009
291351	0.0001685435927
291352	0.0004475927928
291353	0.001719721219
291354	0.001934604518
291355	0.001419606728
291356	0.004321556807
291357	0.004176774968
291358	0.001428112467
291359	0.002272650197
291360	0.00891961569
291361	0.0002237184867
291362	0.001005647023
291363	0.005185332152
291364	0.001322467545
291365	0.0003078898952
291366	0.004159311791
291367	1.96077925e-05
291368	0.00275967878
291369	0.000313119799
291370	0.00189579657
291371	0.0006491277692
291372	6.665012922e-05
291373	0.0007534824777
291374	0.000314834109
291375	0.000722429528
291376	0.0006425990779
291377	0.001317169019
291378	0.0008756002934
291379	0.0009536786061
291380	0.00105815137
291381	0.0005248644104
291382	0.01138524424
291383	0.0005983459063
291384	0.003346992961
291385	0.001654572597
291386	0.001372366195
291387	0.001434884321
291388	0.0004295108868
291389	6.622934794e-05
291390	0.000313595628
291391	0.0006525727992
291392	0.0003786751109
291393	0.0003629648825
291394	0.0006457404258
291395	0.001559891791
291396	0.0008356770738
291397	0.001079230896
291398	0.0005598726021
291399	0.0002314789107
291400	0.0007968968101
291401	0.0003856955803
291402	0.001223057271
291403	0.0008374269808
291404	0.0005063695266
291405	0.0008860141697
291406	0.002488554515
291407	0.0005919961397
291408	0.001269817266
291409	6.878693034e-05
291410	0.004462214794
291411	0.0002329844254
291412	0.0008657230367
291413	0.0003982207369
291414	0.002768479696
291415	0.0003062898752
291416	0.0003700069656
291417	0.004288701295
291418	0.001347318321
291419	0.004396070117
291420	0.002589807845
291421	0.002790641143
291422	0.0005612074411
291423	0.0006783670618
291424	1.0479918e-06
291425	0.0001609772716
291426	0.0001528092596
291427	0.004455345737
291428	0.002766321004
291429	0.0003048403947
291430	0.003099077411
291431	0.0009818908328
291432	0.003964081926
291433	0.002244194234
291434	0.002932729073
291435	0.0004207337312
291436	0.0008186122441
291437	0.001413780184
291438	0.001937172317
291439	0.0005643205521
291440	0.002664755684
291441	0.002188423565
291442	0.001009255816
291443	0.001464476643
291444	0.0009882848141
291445	0.001368803599
291446	0.0008066290131
291447	0.002591059167
291448	0.0009243001671
291449	4.038983085e-05
291450	0.0007768312294
291451	0.002967246005
291452	0.003454887783
291453	0.00476807687
291454	0.004188064506
291455	0.002882200926
291456	0.002441882213
291457	0.003683487528
291458	0.001019666724
291459	0.004322018607
291460	0.0001583635829
291461	0.00492282111
291462	0.0004492848578
291463	0.001290396781
291464	0.001229246947
291465	0.0004855921883
291466	0.005900379978
291467	0.0001342099584
291468	0.001619349449
291469	0.003257822293
291470	0.0001951312146
291471	0.0006266440463
291472	0.0005448371298
291473	0.0005953747086
291474	0.001941971205
291475	0.001235733761
291476	0.002180223818
291477	0.0006417198844
291478	0.007935442334
291479	0.001272029593
291480	0.0003791102009
291481	0.0004514734267
291482	0.003173318428
291483	0.004577380473
291484	0.0005239364527
291485	0.0009667201737
291486	0.0008635382831
291487	0.001318949229
291488	0.00217112995
291489	0.0001738446133
291490	0.003071330073
291491	0.0001269803619
291492	0.0003229025016
291493	0.004908445105
291494	0.001889022152
291495	0.003126053579
291496	0.004721827177
291497	0.001888916946
291498	0.0009447286828
291499	0.0008075878087
291500	0.00646712676
291501	0.004595845882
291502	0.00336334409
291503	0.005768423717
291504	0.0002103602465
291505	0.0006634293213
291506	0.001602948865
291507	0.0005807292008
291508	0.001845675998
291509	0.003122329698
291510	0.0008578311015
291511	0.0005996732713
291512	0.0005209238683
291513	0.001454101177
291514	0.0001765291649
291515	0.002277348875
291516	0.001566448263
291517	0.001577033763
291518	3.138831867e-05
291519	0.0006027988594
291520	0.0003683820658
291521	0.001276550151
291522	0.000574991122
291523	4.794814678e-05
291524	0.0002687412811
291525	0.0007593271389
291526	0.001366827662
291527	0.001418302861
291528	0.001606069247
291529	0.001115987244
291530	0.0001367822925
291531	0.0002371894876
291532	0.00200633262
291533	1.52246943e-05
291534	0.002875273335
291535	0.002889324703
291536	0.001407581228
291537	0.0002724230436
291538	0.0008678404967
291539	0.00184309156
291540	0.001475571811
291541	0.000732771653
291542	0.001504517371
291543	0.0007250734721
291544	0.0003359682724
291545	0.0004896772059
291546	0.0006058179417
291547	0.004786279373
291548	0.008654837085
291549	9.59288722e-05
291550	0.001060517897
291551	0.0008173563093
291552	0.0004295084372
291553	0.002462695689
291554	0.001177112698
291555	0.001119290801
291556	0.003791192292
291557	0.001959878821
291558	0.0001226604816
291559	0.002619615738
291560	0.001698690308
291561	0.000367200425
291562	6.645825377e-05
291563	0.0002688610599
291564	0.0006883628429
291565	0.003133615491
291566	0.0001116066166
291567	0.002575706982
291568	0.000725330181
291569	0.002448909191
291570	0.0003943932723
291571	0.0001646667608
291572	0.001810739658
291573	0.0003293734695
291574	6.968912421e-05
291575	0.002695938314
291576	0.0004503629395
291577	0.0001491308599
291578	0.001109337086
291579	0.001919470312
291580	0.002503187528
291581	0.000447732481
291582	0.002938506877
291583	0.0008482011071
291584	0.0005116229401
291585	0.009960107043
291586	0.001614646177
291587	0.00151151922
291588	0.0002677928395
291589	0.00080190947
291590	6.282401186e-07
291591	0.005325165656
291592	6.132022356e-05
291593	0.004681004252
291594	0.0001460237475
291595	0.002847555635
291596	0.002912593055
291597	0.0003228663365
291598	0.001798954593
291599	0.0004427702541
291600	0.001396265529
291601	0.0004047568768
291602	0.001720775248
291603	0.000157304445
291604	0.0004653484152
291605	0.000257271637
291606	0.0009548795529
291607	0.000473589323
291608	0.001150439442
291609	0.0008782870436
291610	0.002112458337
291611	2.172040432e-06
291612	0.004723265936
291613	0.001242194254
291614	0.0008708154445
291615	0.0001804550638
291616	3.50322252e-05
291617	0.001907750747
291618	0.001924432578
291619	0.001368520931
291620	0.0007932699416
291621	0.002410004943
291622	0.0006962436317
291623	0.0002472466764
291624	0.0009161387656
291625	0.001185625012
291626	0.000983307915
291627	0.003439084819
291628	0.001694838731
291629	0.0003323235834
291630	0.004584747172
291631	0.001965991151
291632	0.002331046148
291633	0.0006359436201
291634	0.0002208800887
291635	0.00156916588
291636	0.0002931847393
291637	0.001167824832
291638	0.001129781653
291639	0.003086042965
291640	0.0006717029996
291641	0.0008080820295
291642	2.49865631e-05
291643	0.001613163486
291644	0.001987870459
291645	0.001383670247
291646	0.0006531838172
291647	8.374823852e-05
291648	0.0001083360125
291649	0.0003215425625
291650	0.00186244013
291651	0.003944581111
291652	0.001078711767
291653	0.001969042783
291654	0.0003516481348
291655	0.003141901576
291656	0.0007214010766
291657	2.018231392e-05
291658	0.004008983318
291659	0.0001470805777
291660	0.0002886709225
291661	0.0001438618024
291662	0.005886109008
291663	0.0009527602208
291664	0.001319278894
291665	0.002017476677
291666	0.0006350953403
291667	0.0006685057262
291668	0.003185444857
291669	0.001272839544
291670	3.018738293e-05
291671	0.00438800283
291672	0.0001896753886
291673	0.0001343756659
291674	0.003851241127
291675	0.003718403444
291676	0.003517828451
291677	0.0001377020233
291678	0.001060855803
291679	0.004325490916
291680	0.00309926608
291681	0.001255192166
291682	0.002150873237
291683	0.001117768926
291684	0.002166212567
291685	0.0009172471818
291686	0.0003265278675
291687	0.001246850292
291688	7.746011569e-05
291689	0.0003917707674
291690	0.001382664848
291691	0.001826216113
291692	0.004161300286
291693	0.001483657866
291694	0.001557590058
291695	0.002803591079
291696	0.001241139663
291697	0.001039653459
291698	0.002712120537
291699	0.001224073415
291700	0.001077456952
291701	0.0003797743126
291702	0.003009295819
291703	0.0008891273826
291704	0.002583306613
291705	0.002185233902
291706	0.001854624385
291707	0.001296593022
291708	0.002157843169
291709	0.002942114696
291710	0.003798200581
291711	0.0007310688356
291712	0.001483154979
291713	0.00573738139
291714	0.003101900682
291715	0.001386718314
291716	0.0005901537663
291717	0.0005215317129
291718	0.003146553271
291719	0.001672388893
291720	0.0001615435304
291721	0.001090262071
291722	0.003234109915
291723	0.0005895015768
291724	0.006795772751
291725	0.0002900812826
291726	0.001499486294
291727	0.001230892105
291728	0.0002690974432
291729	0.000583465957
291730	0.002183869825
291731	0.001200496179
291732	0.004032309819
291733	0.001377424974
291734	0.001072201658
291735	0.006750626461
291736	0.001346929346
291737	0.006562412159
291738	0.002542954409
291739	0.005943912756
291740	0.002149046431
291741	0.001524388875
291742	0.005393940958
291743	0.0006308051512
291744	0.003044682896
291745	0.0006136342401
291746	0.001612424332
291747	0.002057638918
291748	0.00214184073
291749	0.0003404941393
291750	0.002053652505
291751	0.001283500771
291752	0.002212677015
291753	0.002120704234
291754	0.002979814434
291755	0.0004931579512
291756	0.001623426255
291757	0.0001111113749
291758	0.0009989087599
291759	0.0005695492537
291760	0.0003076755666
291761	0.003162854323
291762	1.258650084e-06
291763	0.002166121596
291764	0.0004484668602
291765	0.0004647339642
291766	0.000529946814
291767	0.0005819024065
291768	3.523166091e-05
291769	0.001703461173
291770	0.0003121237869
291771	0.001703765079
291772	0.003965482487
291773	0.00279827247
291774	0.002050730862
291775	0.001416133608
291776	0.0009692574818
291777	0.0004624071249
291778	0.0020356841
291779	0.003246821551
291780	0.0007828114722
291781	0.001705567576
291782	0.0007264127353
291783	0.001800749728
291784	0.003218775286
291785	0.001474945526
291786	0.001131435811
291787	0.001068149789
291788	0.001764732248
291789	6.650251251e-05
291790	0.0006802464022
291791	7.154323254e-05
291792	0.001646837698
291793	0.0002802151971
291794	0.0002924652363
291795	0.001775763724
291796	0.0008588104428
291797	0.001450733924
291798	0.0001190925554
291799	0.0001223622766
291800	0.0003130133174
291801	0.0003767720485
291802	0.0004256282047
291803	0.0007991822767
291804	0.001221635707
291805	5.050225429e-05
291806	0.0001741233103
291807	0.003248861044
291808	0.001299946381
291809	0.000708888844
291810	0.0002092286592
291811	0.002092862739
291812	0.0003159469573
291813	0.0007185695287
291814	0.0002506405831
291815	0.0007175830804
291816	0.002884369421
291817	1.163385918e-08
291818	0.0005193312189
291819	1.013115239e-07
291820	0.002438035902
291821	0.001944761803
291822	0.0007872870023
291823	0.001266941376
291824	0.001649504503
291825	0.002277228171
291826	0.001747557295
291827	0.003834993196
291828	0.00221958224
291829	0.0004359810674
291830	0.001584336002
291831	0.001336844077
291832	9.761603195e-05
291833	0.0006812174404
291834	1.765795643e-06
291835	0.001095352137
291836	0.0003010085974
291837	0.0001840411145
291838	0.0002921216626
291839	2.009998853e-05
291840	0.000451660982
291841	0.001005826042
291842	0.0008298598907
291843	0.0009868585117
291844	0.001006242044
291845	0.0005492626935
291846	2.000599137e-05
291847	0.0008768913848
291848	0.0002638616938
291849	0.0002342991079
291850	0.001340745443
291851	0.0008008430076
291852	0.000915072681
291853	1.109272124e-07
291854	0.0008762876655
291855	0.001840278534
291856	0.0001848790025
291857	8.194855415e-06
291858	3.122876998e-05
291859	0.0001313422008
291860	4.694229045e-06
291861	0.0008127179983
291862	0.0005123546832
291863	4.988441442e-05
291864	0.0003770520355
291865	0.0001194718486
291866	4.666252732e-05
291867	6.727292477e-05
291868	0.0001766987844
291869	0.0001891519253
291870	0.0005533046162
291871	3.35046908e-05
291872	5.828155047e-05
291873	0.0006718087107
291874	0.0005890494402
291875	7.558993673e-05
291876	0.0002000004369
291877	8.130493823e-05
291878	0.0006583411346
291879	0.0004194031682
291880	0.0003342112754
291881	0.0004784092352
291882	0.0003880719193
291883	0.0003103877875
291884	0.0001607469608
291885	0.0001685147039
291886	6.430617572e-05
291887	8.899771928e-05
291888	6.413278652e-05
291889	0.0002551154404
291890	0.0003673155415
291891	0.0001031983709
291892	0.0004795312176
291893	6.404785215e-05
291894	3.484120006e-05
291895	5.285417439e-05
291896	0.0003186417649
291897	9.578281038e-05
291898	0.0001194061804
291899	3.806202023e-05
291900	0.0002169309392
291901	0.0003518076713
291902	0.0001534670575
291903	0.0008507351979
291904	0.0006961405091
291905	0.002153387442
291906	0.0005063872022
291907	0.0004968296183
291908	0.000287978607
291909	2.099992546e-05
291910	0.0001307388949
291911	0.0001150331893
291912	0.0005089157221
291913	7.103971702e-05
291914	0.0002122499282
291915	9.830187701e-06
291916	0.0001984874805
291917	3.147047993e-05
291918	0.0006569842199
291919	2.49712445e-05
291920	6.027377302e-05
291921	0.0002090512673
291922	6.366835621e-05
291923	0.0002018982399
291924	4.91831331e-05
291925	2.267193439e-05
291926	2.33804778e-05
291927	0.0001524060383
291928	0.0002705201886
291929	0.000121937217
291930	6.272541634e-05
291931	0.0003107504824
291932	1.097156384e-05
291933	7.138464731e-05
291934	0.0001925928137
291935	0.0005993996828
291936	0.0001074836952
291937	0.0004077000911
291938	0.000290650156
291939	0.0002759117443
291940	0.0002613802059
291941	0.000262639059
291942	0.0006594686471
291943	0.001486099178
291944	9.545298258e-05
291945	6.580269499e-05
291946	9.653387423e-05
291947	1.801369585e-05
291948	0.0002786582288
291949	6.349902566e-05
291950	0.0009848840947
291951	8.944640818e-06
291952	4.202977363e-05
291953	0.0001222509067
291954	5.84352985e-06
291955	0.0003368855853
291956	0.0008902771506
291957	0.0002214728003
291958	0.0009957009907
291959	9.105466119e-06
291960	0.0003130809038
291961	0.0005286757382
291962	0.0001675119468
291963	2.897463329e-05
291964	0.0003050335824
291965	0.0002963647928
291966	0.0003217399909
291967	0.0008771071046
291968	1.565272461e-05
291969	0.000356724007
291970	0.001700853958
291971	2.592491939e-06
291972	4.365127094e-05
291973	0.0001472026167
291974	0.0003544829065
291975	0.0001573125309
291976	0.0008045826162
291977	0.0004140705689
291978	0.0002453295143
291979	0.0002703847239
291980	0.0001018860369
291981	0.0001755663775
291982	6.318232538e-05
291983	7.827980458e-05
291984	0.0001203314555
291985	3.861894616e-07
291986	0.0001721975965
291987	0.0002864043216
291988	0.0001275669025
291989	0.0005909946001
291990	0.0001193407794
291991	7.373035783e-05
291992	0.001408788357
291993	0.0007927766836
291994	0.0002901997346
291995	0.0004100792733
291996	0.0002815074534
291997	0.002073696797
291998	0.00226461472
291999	0.001326659057
292000	0.005791326391
292001	0.003215391139
292002	0.0001425247867
292003	2.596563639e-05
292004	0.0009545798258
292005	0.002535702448
292006	0.004108253852
292007	0.0002659384656
292008	0.0001783408792
292009	0.001512563781
292010	0.002461411928
292011	0.001167841092
292012	0.000865813944
292013	0.0007687831031
292014	9.178275872e-05
292015	0.004226830475
292016	1.053137125e-05
292017	0.0001858924444
292018	0.001510065822
292019	0.001945561448
292020	0.002522931835
292021	0.003297182542
292022	0.002509015181
292023	0.0004075097731
292024	0.001973018053
292025	0.0002284859091
292026	0.001816029095
292027	0.000200511946
292028	0.0007413520097
292029	0.001747101913
292030	0.001108696575
292031	0.0001559718884
292032	0.002336560003
292033	0.005866323392
292034	0.005792718628
292035	0.002931384904
292036	0.003829664815
292037	0.0003585337318
292038	0.003861396135
292039	0.00168783132
292040	0.002838484086
292041	0.001067596935
292042	0.0001419953584
292043	0.001843669523
292044	0.002383815787
292045	0.001077537572
292046	0.0002056006431
292047	0.002218076485
292048	0.001282211691
292049	0.001196365829
292050	0.0007848752614
292051	0.0002821480725
292052	0.0005711198683
292053	0.001897582971
292054	0.0007196468755
292055	0.0001921418752
292056	0.002491104226
292057	0.001052424347
292058	0.0003567778494
292059	0.0009917768791
292060	7.007449718e-05
292061	0.000698008863
292062	0.00089774479
292063	0.0013477312
292064	0.0001194166808
292065	0.0002623435671
292066	0.003313062252
292067	6.754254405e-05
292068	0.001022563305
292069	0.002303297931
292070	0.002135377901
292071	3.020293902e-05
292072	0.003659488609
292073	0.0009201476854
292074	0.002296736731
292075	0.003857077131
292076	0.0003329930935
292077	0.002565483446
292078	0.003608022729
292079	0.001602936241
292080	0.002823923428
292081	0.002091495755
292082	0.002972496771
292083	0.0007661712093
292084	0.0002719750732
292085	0.0002611132033
292086	0.001294709
292087	0.0004933879197
292088	8.409410723e-05
292089	0.000451398147
292090	0.0009888468179
292091	8.834817517e-05
292092	7.747628879e-05
292093	0.002805799614
292094	0.0002360063731
292095	0.0002681347657
292096	0.0001515157204
292097	0.0006433670888
292098	0.004241056501
292099	0.001985811655
292100	0.0001725683705
292101	0.003153934137
292102	0.002332139651
292103	0.0010711721
292104	0.0007982331912
292105	8.172959753e-05
292106	0.0001418815613
292107	0.0002481290414
292108	0.001744835215
292109	0.0001196861208
292110	1.235933112e-06
292111	0.004262364778
292112	0.008476728154
292113	3.724091437e-05
292114	4.197653507e-06
292115	0.001927316793
292116	0.003448690138
292117	0.0005318791495
292118	0.003050346902
292119	0.002076805604
292120	0.003039063687
292121	0.0009082045843
292122	0.001243456031
292123	0.0001879094188
292124	0.004453181091
292125	0.000484349937
292126	0.0004874521925
292127	0.00158399037
292128	0.0007200754124
292129	0.001644621097
292130	0.000244905613
292131	0.0001170049053
292132	0.0001483057692
292133	0.003579341551
292134	0.00205331938
292135	0.003151060062
292136	0.004218377385
292137	0.002329211282
292138	0.005317858953
292139	0.001186648966
292140	0.006829625048
292141	0.005023954746
292142	0.001074323727
292143	6.026454936e-05
292144	0.0006305543237
292145	0.0003980168959
292146	0.00222148359
292147	0.0006561147382
292148	0.0004639254793
292149	0.003840358913
292150	0.000786365323
292151	4.592921135e-05
292152	0.00140979091
292153	8.340039616e-05
292154	0.002493246686
292155	0.00187447709
292156	0.001841576652
292157	0.001869853109
292158	0.0001296898068
292159	0.001514901251
292160	0.0005107598245
292161	0.001545572296
292162	0.0007293906859
292163	0.001837613075
292164	0.0001241313485
292165	0.001391304513
292166	0.00118494741
292167	0.002500894899
292168	0.001244722523
292169	0.0002798623016
292170	0.004426556794
292171	0.0004828689715
292172	0.002670209079
292173	0.003028371715
292174	0.002301693051
292175	0.003542901439
292176	0.000300011467
292177	2.862163342e-05
292178	0.0006398049908
292179	0.0006797076204
292180	0.002131589039
292181	0.002062292593
292182	0.000935884474
292183	0.0009273842233
292184	0.0003528542863
292185	0.00250813055
292186	0.0004188270407
292187	0.0001026248302
292188	0.001500600876
292189	0.0007338410227
292190	0.0007437453468
292191	0.000627112375
292192	0.0006579925524
292193	0.0007069727143
292194	0.0001361892608
292195	0.001151972942
292196	0.001149844944
292197	0.0001855427416
292198	0.0001508180825
292199	0.000403805331
292200	3.253111512e-05
292201	0.0002638910749
292202	0.001031670834
292203	0.0008503546621
292204	0.0007848615935
292205	5.134194598e-06
292206	0.0003173088054
292207	0.001041817164
292208	0.000728408975
292209	0.001692454536
292210	0.001445863907
292211	0.0006210983425
292212	0.00100531371
292213	0.0006217807694
292214	0.001056299265
292215	0.0005234041134
292216	0.005682606179
292217	0.002734527015
292218	0.001273927804
292219	0.0002806374547
292220	0.002480417962
292221	0.003507383433
292222	0.001533289912
292223	0.002365117501
292224	0.006081972895
292225	0.001767625621
292226	0.002386853323
292227	0.0009934977109
292228	0.004487059097
292229	0.000364272395
292230	0.0001007093807
292231	1.956514289e-07
292232	3.508801403e-08
292233	0.0001008354573
292234	3.633557417e-07
292235	0.0003413872026
292236	0.0004629478467
292237	0.005181640776
292238	0.0007806345496
292239	0.001137534595
292240	0.0003925653404
292241	0.0001370822103
292242	0.00037070422
292243	0.005946603524
292244	0.002587993192
292245	0.003669541869
292246	0.0004694081091
292247	0.003636393422
292248	0.0006274890917
292249	0.002892443212
292250	0.00276721413
292251	0.002304284326
292252	0.001178897883
292253	0.004519374117
292254	0.001290500592
292255	0.001937109973
292256	0.004469635311
292257	0.0004690631624
292258	0.005032285415
292259	0.004931533456
292260	0.004130677231
292261	0.003015270135
292262	0.001033179274
292263	0.002055440581
292264	5.382972176e-05
292265	0.002247511087
292266	0.006872709353
292267	0.0006887799318
292268	0.003718259411
292269	0.00477220114
292270	0.003747926304
292271	0.002395465812
292272	0.001336696068
292273	0.001335061755
292274	0.0005679224713
292275	0.0005433280198
292276	0.0003649528057
292277	0.0003175716016
292278	0.0003787131432
292279	0.001157396478
292280	0.0005346325563
292281	0.002310197065
292282	0.002450161731
292283	0.0006612816225
292284	3.379867979e-06
292285	0.0005705450288
292286	0.0001683362929
292287	0.0002602464155
292288	0.0007795574027
292289	0.0003474473606
292290	9.540718482e-05
292291	0.001150855801
292292	0.0003594191607
292293	0.0009740055955
292294	3.642833598e-05
292295	0.001832945327
292296	0.00062905421
292297	4.751215748e-05
292298	4.607650896e-06
292299	0.001010867066
292300	0.0007019963187
292301	0.0002025415403
292302	6.092309923e-05
292303	0.0003618426488
292304	5.928984576e-05
292305	9.971642749e-05
292306	0.0008518853461
292307	0.0004564917321
292308	0.0004183781682
292309	0.0009757226991
292310	0.001632972397
292311	0.0002770846574
292312	0.0002624668938
292313	0.0009750686921
292314	0.0009042255608
292315	6.213633804e-05
292316	0.00110955552
292317	0.000103756929
292318	0.000139291822
292319	0.005006051814
292320	0.0001735688421
292321	0.0005549400768
292322	0.0004604302966
292323	0.0008581031211
292324	3.864835642e-05
292325	0.001535078849
292326	0.001029776761
292327	0.004925229366
292328	0.003306163798
292329	0.0007267480951
292330	0.005577655479
292331	0.0008852432855
292332	0.0008637800559
292333	0.0001456493286
292334	0.002200337692
292335	0.001018509868
292336	0.001059241526
292337	0.000649975771
292338	0.0001329325787
292339	0.0009217883085
292340	2.01980794e-05
292341	0.00129960063
292342	0.0002216890261
292343	0.0005915584189
292344	0.0005055328465
292345	0.0002524342542
292346	0.0001522259041
292347	0.0003596897749
292348	0.0004546743908
292349	6.025825534e-05
292350	0.0003503729185
292351	0.001170441285
292352	0.0009992218947
292353	0.0003108576311
292354	0.001398733067
292355	0.0003152650223
292356	0.0001126332497
292357	0.0001226102698
292358	0.0003357845506
292359	0.0008941414115
292360	0.001324003716
292361	0.0007392475248
292362	0.001178653411
292363	0.0003524877238
292364	0.001203156765
292365	0.000511539005
292366	0.0002138845349
292367	0.0005978779605
292368	0.0009087800143
292369	0.001260666809
292370	0.001473909936
292371	0.0001721228936
292372	0.0007543109133
292373	0.00129468514
292374	0.0007901140304
292375	0.0002493392467
292376	0.001540055815
292377	0.0001326839073
292378	0.0009661278113
292379	0.0003992478103
292380	0.001029963572
292381	0.002355030816
292382	0.0001381636522
292383	0.0002161452502
292384	0.0005884688742
292385	0.0002597046585
292386	0.0004528241573
292387	0.0006316353386
292388	3.096801727e-05
292389	0.0004804517727
292390	0.000560627117
292391	0.0004622844295
292392	0.0006695593091
292393	0.0006263635472
292394	0.0001608240577
292395	1.944000846e-05
292396	0.0009769021581
292397	0.001055219322
292398	0.001625670513
292399	0.0001203884708
292400	0.003482995768
292401	0.0001529473747
292402	0.000782270476
292403	0.0004901002335
292404	4.152123542e-05
292405	0.0004405891738
292406	0.001212984545
292407	2.649629136e-06
292408	0.0001365821143
292409	0.000671456438
292410	0.0009349370675
292411	0.0007562814902
292412	0.0008215114522
292413	0.0007031636333
292414	0.0003215395211
292415	0.002538342097
292416	1.305024524e-05
292417	8.424682632e-05
292418	5.536754756e-05
292419	0.0005027219016
292420	0.0002360268403
292421	0.001874000687
292422	0.0004148939098
292423	0.002804223378
292424	0.0002092853842
292425	0.001944946873
292426	0.002914347473
292427	0.001317163653
292428	0.0002961652
292429	0.001265149884
292430	7.837246058e-05
292431	0.0004476879288
292432	0.0008276861382
292433	0.0001207029728
292434	0.001459688371
292435	0.001546125885
292436	0.0003517486748
292437	0.001553863718
292438	0.0006974975876
292439	0.0007277423335
292440	0.0006508140563
292441	0.001189971195
292442	0.0002151085516
292443	0.0005935695793
292444	0.002818029536
292445	0.00150162955
292446	0.0002685513072
292447	0.00069236375
292448	0.000150978533
292449	7.0346796e-05
292450	0.000168355941
292451	0.001068174084
292452	0.001211622865
292453	0.0001060288704
292454	0.000314097338
292455	0.0009851074585
292456	0.001458888612
292457	0.00109471942
292458	0.0005477061815
292459	0.0003181845821
292460	0.0004307412468
292461	0.004001861266
292462	0.00183977463
292463	0.0007166473125
292464	0.003270508021
292465	0.0005707658723
292466	0.0007321649479
292467	0.000146520208
292468	0.0003140439987
292469	0.0003420536756
292470	0.001952574218
292471	0.0001375551758
292472	0.006114624632
292473	0.001337324581
292474	0.002293488503
292475	0.0005408549612
292476	0.0008704086633
292477	0.0002862715411
292478	0.001194867985
292479	0.004706083181
292480	0.000300315445
292481	0.0003271633211
292482	0.001194140488
292483	7.579080816e-05
292484	0.00117504338
292485	0.0005979256004
292486	0.001021005277
292487	0.002491282262
292488	5.63983492e-05
292489	0.0003997231924
292490	0.01467533549
292491	0.0017023541
292492	0.0001136425046
292493	0.0007992094529
292494	0.000186316733
292495	0.0008364755182
292496	0.0002000850253
292497	0.0003388262373
292498	0.0004490493962
292499	0.0001100737231
292500	0.000258240954
292501	0.001337972226
292502	0.0002888410394
292503	0.0002908083155
292504	0.001547399572
292505	0.0003873171421
292506	0.001766386594
292507	0.0003833338549
292508	0.001642576703
292509	2.845595547e-05
292510	0.001458559145
292511	0.0002424876075
292512	0.0001743677614
292513	0.0009043529392
292514	4.406808448e-05
292515	0.000766493521
292516	0.002381161166
292517	8.349380735e-05
292518	0.002814368895
292519	0.002462825218
292520	0.001535410032
292521	0.0001647564781
292522	0.0004904119899
292523	0.0005672691573
292524	0.0001437395191
292525	0.0004513196845
292526	0.0001150257359
292527	0.002297458183
292528	0.002197172819
292529	0.0005389427742
292530	0.001112188187
292531	0.0004246210718
292532	0.000107364014
292533	0.00146499373
292534	3.024582607e-05
292535	0.00197447772
292536	0.0003955238726
292537	0.0004122766451
292538	0.0004124695894
292539	0.0008272674773
292540	0.0003896446989
292541	0.001821974742
292542	9.36516654e-05
292543	0.0008163083383
292544	0
292545	0.0007164033345
292546	0.0005463362202
292547	6.264304279e-05
292548	0.00256731187
292549	0.003259062943
292550	0.002483133616
292551	0.001769392091
292552	0.00117321834
292553	0.003442979056
292554	0.0005062965414
292555	0.00252010865
292556	0.0005819734584
292557	0.0003670326413
292558	0.0006377262806
292559	0.002311577872
292560	0.0007634273908
292561	0.003246204527
292562	0.002879091398
292563	0.0007882127626
292564	0.002261052462
292565	0.000811737952
292566	0.0006341461574
292567	0.0001461261376
292568	0.000596762161
292569	0.0005163833436
292570	0.0001607291667
292571	0.002909992359
292572	0.002464355819
292573	0.001066283334
292574	0.001036951953
292575	0.001141244764
292576	0.00151594437
292577	0.001461671367
292578	0.0004191583213
292579	0.000937174905
292580	0.002071334429
292581	0.0001735410727
292582	0.001552389937
292583	0.0004970516757
292584	0.0004271192485
292585	0.002200655733
292586	0.0003366954268
292587	0.004136488117
292588	0.0009566958343
292589	0.0008862324623
292590	0.0002312282418
292591	0.0004356398979
292592	0.0006502804801
292593	0.0007550021628
292594	0.0006248841685
292595	0.001013881984
292596	0.00185225461
292597	8.209659098e-05
292598	0.003879517495
292599	0.0008624669807
292600	0.0001441664002
292601	0.00578326035
292602	0.002145662016
292603	5.407908348e-05
292604	4.192898739e-06
292605	8.391123332e-05
292606	0.001798241603
292607	0.0004739377959
292608	0.000641827708
292609	0.00037747451
292610	0.000306385628
292611	0.0001308894344
292612	0.0003292284196
292613	0.0003520948012
292614	0.000459862974
292615	0.0002564130483
292616	0.0002923701856
292617	0.0002828137362
292618	0.0001780103203
292619	2.882650876e-05
292620	0.0002335202189
292621	5.789659671e-05
292622	0.0006552365421
292623	1.298374931e-05
292624	0.0005197584061
292625	0.0002218985486
292626	0.0002092480454
292627	0.0006943219846
292628	3.844668939e-05
292629	0.00374939335
292630	0.0005846271469
292631	0.0005073183553
292632	0.001053319465
292633	0.0008828964746
292634	0.00596286738
292635	0.0008304583745
292636	0.003503149916
292637	9.694833176e-05
292638	0.001033237629
292639	0.00199782146
292640	0.001890305549
292641	0.004323701945
292642	0.001530202782
292643	3.856843569e-05
292644	0.000869484464
292645	0.0002736205881
292646	0.00111799011
292647	0.0009407247756
292648	0.001135710815
292649	0.005258773994
292650	1.068707651e-05
292651	0.005105478578
292652	0.004059407464
292653	0.0007471312016
292654	0.003646910809
292655	0.006940692565
292656	0.00221383024
292657	0.004531707955
292658	0.001386054332
292659	0.0009066922058
292660	0.002046913038
292661	0.007396608051
292662	0.0006412541743
292663	0.001606112091
292664	0.001344948344
292665	0.005053711351
292666	0.003925772406
292667	0.003804938284
292668	0.00332218598
292669	7.880082547e-06
292670	0.005659976521
292671	0.0008767319245
292672	0.001332296097
292673	0.004281035419
292674	0.0006071628472
292675	0.001175843136
292676	0.003316506728
292677	6.372582925e-05
292678	7.701151852e-05
292679	0.00472084288
292680	0.001006097863
292681	0.001605404225
292682	0.003397205722
292683	0.0004558590072
292684	0.001412327047
292685	0.0009642859186
292686	0.0009224678475
292687	0.0005558840422
292688	0.001445217048
292689	0.001537743596
292690	9.227004381e-05
292691	0.00114497248
292692	0.0020865423
292693	0.001474571728
292694	0.0006942633351
292695	6.255932065e-05
292696	0.000604839234
292697	0.001315970448
292698	0.00147146561
292699	0.002045465354
292700	0.001561655411
292701	0.001163870326
292702	0.003126361787
292703	0.0001270090803
292704	0.0001395730077
292705	0.008872768166
292706	3.525459496e-06
292707	7.918934062e-05
292708	1.770138741e-05
292709	0.0001422986667
292710	0.0002881916163
292711	5.060209033e-05
292712	0.0002879796922
292713	0.0009799275588
292714	0.0004006292429
292715	0.00169553534
292716	0.0001124144939
292717	3.916019349e-05
292718	9.122997454e-05
292719	0.001029524866
292720	0.0002995361956
292721	0.000127425328
292722	0.0002826527233
292723	0.0001675705708
292724	0.0003543874206
292725	0.0004157102547
292726	3.008437574e-05
292727	0.0008388690294
292728	0.0002183230993
292729	0.0003649469936
292730	0.0002177875841
292731	6.668762414e-05
292732	5.56234915e-06
292733	0.0003368897384
292734	0.001125880284
292735	0.0001898536604
292736	0.0002887984727
292737	0.0001729427775
292738	0.001513204616
292739	0.0001508996708
292740	0.003635430121
292741	0.0004433033263
292742	0.0005435302655
292743	0.000326947875
292744	0.0004568451283
292745	2.603598102e-05
292746	0.0007535343575
292747	2.704348288e-05
292748	0.0001644970699
292749	4.436848913e-06
292750	0.0004972213974
292751	5.142840274e-05
292752	0.000120952336
292753	7.81817565e-05
292754	8.387332431e-05
292755	0.0002748229938
292756	0.0002250446999
292757	0.0001160922678
292758	0.0005485764334
292759	0.0002225645305
292760	0.0002635474289
292761	3.304225602e-05
292762	0.00020864558
292763	3.710833663e-05
292764	3.895451991e-05
292765	0.001290586922
292766	0.001379010644
292767	0.0005167202845
292768	0.0008854378425
292769	0.0001771745526
292770	0.0004640493144
292771	0.0002538723829
292772	0.001160496685
292773	5.933009403e-05
292774	4.037732315e-05
292775	0.001598337682
292776	0.0001763844481
292777	0.0003456529342
292778	0.0001743230936
292779	0.0003000936342
292780	0.0002475998481
292781	0.0006671981333
292782	0.000151199205
292783	9.009102505e-05
292784	8.427203412e-05
292785	0.0001312151324
292786	0.0004296909695
292787	0.0004548372853
292788	0.0006941368444
292789	0.0002330443207
292790	0.0006108047346
292791	0.0002379682057
292792	6.739574814e-06
292793	0.004305459948
292794	0.000434728646
292795	0.0002784152282
292796	0.0007148449799
292797	0.0004227494997
292798	0.0001108219623
292799	0.0002131127022
292800	0.0006445833693
292801	0.0003713465099
292802	0.0001419932079
292803	4.161576772e-05
292804	6.006416471e-05
292805	1.237308302e-05
292806	0.000283272459
292807	0.0004731214675
292808	0.0003063625052
292809	0.0003848103826
292810	0.0002041390969
292811	0.000494205837
292812	1.128083735e-05
292813	0.0004884012345
292814	0.0009200307613
292815	0.0001470769592
292816	0.0003395731153
292817	0.0004192979932
292818	0.0002521516825
292819	0.0001833386092
292820	0.002003588506
292821	8.168999314e-05
292822	0.0001746631894
292823	0.003173397719
292824	7.580592279e-05
292825	0.0004731979701
292826	6.861760868e-05
292827	8.31057406e-05
292828	0.0004064360459
292829	0.0001663166436
292830	0.0001054284515
292831	1.976728448e-05
292832	0.0001435581738
292833	0.000146176592
292834	0.0005637758735
292835	0.000261474399
292836	0.0005918154568
292837	4.627488083e-05
292838	8.683970181e-05
292839	0.000405081896
292840	0.0005285372743
292841	3.253840998e-05
292842	0.0002883821426
292843	0.0009218008216
292844	0.0006806991181
292845	0.0001956007573
292846	0.0001519465575
292847	3.883913051e-05
292848	0.001135874869
292849	0.0004495328402
292850	0.0003056811529
292851	0.001165710394
292852	0.0007130126656
292853	0.0004352497017
292854	0.0004034418833
292855	0.0008236013739
292856	0.000618310359
292857	0.0002937588039
292858	0.0004135384066
292859	0.0004221549809
292860	5.225030264e-05
292861	0.0003802937424
292862	0.0001934757108
292863	0.0002196191806
292864	0.0002897096148
292865	0.0001267219994
292866	0.0001510992833
292867	7.768825274e-05
292868	0.0002140188022
292869	0.0002927719505
292870	7.438495527e-05
292871	0.0002718195193
292872	2.446271744e-05
292873	1.120623093e-06
292874	0.0001167725179
292875	0.0004459764025
292876	0.0003903734295
292877	0.0005360361165
292878	0.0001137762334
292879	0.0002369698313
292880	8.258876921e-05
292881	0.000305711658
292882	0.0005972978514
292883	5.324605009e-05
292884	0.0003507627689
292885	0.0005117388487
292886	0.0003548546683
292887	0.0001121211539
292888	6.111920877e-06
292889	0.001141074182
292890	0.0006858293828
292891	0.0003605389002
292892	8.84829276e-05
292893	0.0001397198891
292894	0.0002001224904
292895	0.0006353678888
292896	0.0001680544853
292897	0.0003324893243
292898	0.0004447570976
292899	0.0003417721309
292900	0.0003438462382
292901	7.70868451e-05
292902	0.0004622826567
292903	0.0003661806104
292904	0.0002829114247
292905	0.0002693507388
292906	2.480360982e-05
292907	0.0007934457413
292908	3.527537532e-05
292909	0.0001559112294
292910	0.0006131797435
292911	0.0006554759529
292912	0.0007783953334
292913	1.856112281e-05
292914	4.315984279e-05
292915	0.0005430516498
292916	0.0004827434883
292917	0.0008435077827
292918	0.0003343177287
292919	0.001145514623
292920	0.0001315397585
292921	0.0002703724229
292922	0.0001452432372
292923	0.0003736374392
292924	8.028139438e-05
292925	0.0007444111287
292926	0.0002392248705
292927	0.001132668663
292928	0.0001636210864
292929	0.003038142898
292930	0.00173085065
292931	8.28758978e-08
292932	0.0007919288322
292933	0.000247348508
292934	0.001303002384
292935	0.0009902471955
292936	0.002605064198
292937	0.0009459090187
292938	0.001059263785
292939	0.006802226757
292940	0.006783740205
292941	0.008594930407
292942	0.005796160168
292943	0.00691810048
292944	0.007212669661
292945	0.006335342401
292946	0.00674872078
292947	0.006998452974
292948	0.005782871334
292949	0.005723064976
292950	0.0009938020583
292951	0.000148523765
292952	4.364419421e-06
292953	0.00151283055
292954	0.001299247697
292955	0.001067885086
292956	0.001199973769
292957	0.0006619256703
292958	0.001095953623
292959	0.0003185992404
292960	0.001039579078
292961	0.0005820753765
292962	0.0005616549619
292963	0.0007625067892
292964	0.001334286451
292965	0.00204325555
292966	0.0005785618305
292967	0.0009180296228
292968	0.0001249135972
292969	0.0008642629424
292970	0.001067357344
292971	0.001124085611
292972	0.001079946894
292973	0.00183995654
292974	0.0002579392837
292975	0.0032970961
292976	0.002950012181
292977	0.0007066566893
292978	0.006690320347
292979	0.0003281789058
292980	5.263004777e-06
292981	0.005367536367
292982	0.001601986932
292983	0.000421185205
292984	0.00156797286
292985	0.0009325090431
292986	0.001333970644
292987	0.0005920987548
292988	0.0002648183614
292989	0.0002870246062
292990	0.00163402529
292991	0.002560901892
292992	0.0003630240311
292993	0.001388838991
292994	0.001736119785
292995	0.001740506501
292996	0.0009972483002
292997	8.201032842e-05
292998	0.0003684172307
292999	0.001138091736
293000	2.052545156e-08
293001	0.002284339889
293002	0.002765260739
293003	0.001760985716
293004	0.0002310302192
293005	0.00107256805
293006	0.001277739796
293007	0.00453511027
293008	0.0003793936847
293009	0.0004370715333
293010	7.438142222e-05
293011	0.00185392133
293012	0.0002436746169
293013	0.0003686986785
293014	0.0006635319997
293015	0.0009141487745
293016	0.0006249452656
293017	0.002304039879
293018	0.0004974588504
293019	0.001565203537
293020	0.0008487488643
293021	0.0005417005286
293022	0.00105159007
293023	0.0006914403735
293024	0.0001194236687
293025	0.0004686531975
293026	0.002203813076
293027	0.0002998915903
293028	0.000701961617
293029	0.0001085361539
293030	4.580373308e-05
293031	0.0004956919834
293032	0.003086685031
293033	0.001226004149
293034	0.003201345796
293035	0.002581856823
293036	0.001309704725
293037	0.00138294826
293038	0.0003718196778
293039	0.0007841886937
293040	0.0004056662218
293041	0.003012697929
293042	0.0002826424891
293043	0.001290964542
293044	0.0008158285866
293045	0.0005015800143
293046	0.0009071359397
293047	0.002421540936
293048	0.003277057562
293049	0.0005434348875
293050	0.004013037456
293051	0.0009770782165
293052	0.001472598662
293053	0.0008312718284
293054	0.001419563759
293055	0.0002660013702
293056	0.003132661308
293057	9.5769263e-05
293058	0.0005249746659
293059	0.001167435426
293060	0.001485155104
293061	0.001022075444
293062	0.0001233855837
293063	0.0007826337471
293064	0.001982693886
293065	0.001419167164
293066	0.002162346656
293067	0.00214149347
293068	0.003791411594
293069	0.004599568559
293070	0.001881166518
293071	0.001358679258
293072	0.003862936861
293073	0.003338136457
293074	0.004522368355
293075	0.005013614023
293076	0.002157809561
293077	0.005074399868
293078	0.001324756781
293079	0.0007221176203
293080	0.004862583092
293081	0.004300732249
293082	0.0009331867603
293083	0.006294237651
293084	0.0007565518026
293085	0.0009292271212
293086	0.002222169332
293087	0.0006274224407
293088	0.001262369634
293089	0.00226506427
293090	0.001331227263
293091	0.001068978067
293092	0.002561021078
293093	0.0005718376864
293094	0.002620638443
293095	0.000727741647
293096	0.00213400411
293097	0.0001515940971
293098	0.001556887299
293099	0.00245569468
293100	0.002300395643
293101	0.004360351921
293102	0.002337766088
293103	0.0004249131824
293104	0.0004310822098
293105	0.0002283986788
293106	0.002109023333
293107	0.002210735166
293108	0.0002366221219
293109	0.002822952581
293110	0.0004722886773
293111	0.002958544503
293112	0.00522265644
293113	0.003879828304
293114	0.000279229572
293115	0.0001340419038
293116	0.0009142012155
293117	3.294971173e-05
293118	0.0003517334659
293119	0.0001315480023
293120	0.001255513162
293121	0.0003266635028
293122	0.001179590366
293123	0.0008289596618
293124	0.000204291954
293125	0.0001371049027
293126	0.001213426624
293127	0.0004543087635
293128	5.044260185e-05
293129	0.001311513972
293130	1.582974284e-07
293131	0.0002562085111
293132	0.00095027284
293133	0.001079348384
293134	0.000572218083
293135	0.001385422277
293136	0.00085176437
293137	0.0006641301863
293138	0.0006032471018
293139	0.001051404573
293140	0.0005390797732
293141	0.001259546172
293142	0.00357856635
293143	0.0004004921538
293144	0.003103516421
293145	0.004025851994
293146	0.0006472161608
293147	0.0005157223501
293148	0.002707388116
293149	0.0006796548013
293150	0.0004148375164
293151	0.0003971913562
293152	0.000531488284
293153	0.0002392698606
293154	0.0001325954126
293155	0.0005398170713
293156	0.0002331022722
293157	0.0005420904638
293158	0.0009099757009
293159	0.0009436118149
293160	0.0006944242374
293161	0.003938697587
293162	0.003690355437
293163	0.005054722627
293164	0.002367827906
293165	0.003912617246
293166	0.0007879049454
293167	0.0003855843561
293168	0.0005112934708
293169	0.001327779921
293170	0.0007552438852
293171	0.001212310014
293172	0.002250390275
293173	0.001726394807
293174	0.003751108292
293175	0.001499852057
293176	0.002450513338
293177	0.001998438338
293178	0.002044522013
293179	0.0009753080523
293180	0.001684160613
293181	0.004556420825
293182	0.002220887782
293183	0.0004075727766
293184	9.848990968e-05
293185	0.0009678528315
293186	1.541039067e-05
293187	0.0006510707441
293188	0.0009065238906
293189	0.0007720599042
293190	0.0009034523737
293191	0.0006135043792
293192	8.892649035e-05
293193	0.001323432748
293194	0.0004203651689
293195	0.002309382904
293196	0.003354997521
293197	0.001459979267
293198	0.0005022672485
293199	0.0008864399443
293200	0.002927533544
293201	0.001541544732
293202	0.0001008636339
293203	0.001558832908
293204	0.001110423731
293205	0.004066041306
293206	0.00104099204
293207	6.524969484e-05
293208	2.101693217e-05
293209	0.003745878797
293210	0.003829262318
293211	0.0002828689983
293212	0.0003055727453
293213	0.004185739064
293214	0.0009605681994
293215	0.0003706262006
293216	0.003880755664
293217	0.004672678836
293218	0.005741952424
293219	0.0001567309659
293220	0.004726845823
293221	0.004154419638
293222	0.002846264345
293223	0.001145865889
293224	0.001153958784
293225	0.002548084465
293226	0.0007996704652
293227	0.00224059466
293228	0.004077974784
293229	0.0005239368702
293230	0.007526097131
293231	0.003818178476
293232	0.006228915539
293233	0.002763979502
293234	0.001430520626
293235	0.001895312602
293236	0.004408237155
293237	0.001331947274
293238	0.0009735180656
293239	0.001710196861
293240	0.003819511509
293241	0.002825447654
293242	0.001004184426
293243	0.004615125676
293244	0.004639495929
293245	0.0003989685097
293246	0.0003008088124
293247	0.00122073334
293248	0.0001803316582
293249	0.00499266975
293250	0.001073355191
293251	0.003519544719
293252	0.0003119751719
293253	0.001991319943
293254	0.002751333822
293255	0.0004589720581
293256	0.002572727848
293257	0.004221251474
293258	0.004473479988
293259	0.0009455258703
293260	0.000328422368
293261	0.002074499643
293262	0.003862658623
293263	0.0005479325934
293264	0.005868592827
293265	0.001288622773
293266	4.863561756e-05
293267	0.003695526633
293268	0
293269	0.002944416225
293270	0.001765257933
293271	0.003551628336
293272	0.001313029247
293273	0.002429595308
293274	0.0006494341382
293275	0.00384158682
293276	0.003548336658
293277	0.001720619643
293278	0.0001023061305
293279	0.002405598952
293280	0.002133512073
293281	0.003642072944
293282	0.0001704618255
293283	0.001848832013
293284	0.004807349341
293285	0.002693407891
293286	0.001798216078
293287	0.0001100518778
293288	0.004177830944
293289	0.001051211449
293290	0.003218529039
293291	0.003572440352
293292	0.003688910966
293293	0.002959706108
293294	0.002380562028
293295	0.0001993477759
293296	0.003238712608
293297	0.006316592974
293298	0.004245924992
293299	0.001028382602
293300	0.00442361912
293301	0.001158702393
293302	0.00353595959
293303	0.002614824563
293304	0.000838129738
293305	0.002057335692
293306	0.006108171303
293307	0.001384509719
293308	0.003546350872
293309	0.002548775778
293310	0.001641509428
293311	0.001464973749
293312	8.236526751e-05
293313	0.003894411124
293314	0.0004962557936
293315	0.0008907228443
293316	0.001831903481
293317	0.0007588672182
293318	0.0007525268528
293319	0.000816301838
293320	0.003491528809
293321	0.001790809926
293322	0.002035890615
293323	0.0001592598262
293324	0.0004124250806
293325	0.002865881277
293326	0.002299010344
293327	0.002138583142
293328	0.003518120797
293329	0.003320820311
293330	0.000863592242
293331	0.001206770476
293332	0.001869250681
293333	7.867376997e-05
293334	0.001669029725
293335	0.001791428914
293336	0.002936045338
293337	0.00483674793
293338	0.00242251436
293339	0.004765433335
293340	0.001422425973
293341	0.004102297718
293342	0.003828510138
293343	0.004971433619
293344	0.003604104633
293345	0.003834393983
293346	0.00367846129
293347	0.0008332507531
293348	0.002668955881
293349	0.004761795266
293350	0.0009744416747
293351	0.001098272054
293352	0.0007095478039
293353	0.002340988056
293354	0.003317117762
293355	0.0003125939687
293356	0.002676237523
293357	0.0004694932622
293358	0.005105213286
293359	0.003585381775
293360	0.004352898842
293361	0.003166752031
293362	0.002316423224
293363	0.001464446445
293364	0.0004581020618
293365	0.003382875839
293366	0.0005296895847
293367	0.000392253746
293368	0.0008045034414
293369	0.002282517064
293370	0.00205180751
293371	0.0006524146734
293372	0.0001126971154
293373	0.004165279155
293374	0.00114638898
293375	0.004821443673
293376	0.001048340463
293377	0.002091954697
293378	0.0004448364151
293379	0.003524051707
293380	0.004378730063
293381	0.003334880628
293382	0.0007881272992
293383	0.0004426127708
293384	0.0009157727188
293385	0.003379483567
293386	0.003972156869
293387	0.0004393483295
293388	0.0006312164614
293389	0.0033188054
293390	0.003735072796
293391	0.003662122772
293392	0.004588325535
293393	0.001634318505
293394	0.0005817278976
293395	0.0004091075189
293396	0.0005256100104
293397	0.0007361062601
293398	0.002420151176
293399	0.0006556623498
293400	0.002491008538
293401	0.002931105985
293402	0.003465607026
293403	0.003396863981
293404	0.003830024632
293405	0.001105229522
293406	0.003630657183
293407	0.001734453723
293408	0.004035674829
293409	0.002615124275
293410	0.00132425718
293411	0.00192278658
293412	0.001748221289
293413	0.004599450394
293414	0.002677401047
293415	0.003086805717
293416	0.001825855393
293417	0.003041419734
293418	0.004674349331
293419	0.003460374295
293420	0.002401214607
293421	0.002264751215
293422	0.002034399242
293423	0.0006050329665
293424	0.0005772820209
293425	0.001661235569
293426	0.002783619241
293427	0.001235510069
293428	0.002780385062
293429	0.001639461833
293430	0.004174492775
293431	0.001348375222
293432	0.003962092056
293433	0.002316715119
293434	0.002581550123
293435	0.002735218195
293436	0.0002901303613
293437	0.0002280303092
293438	0.003412961157
293439	0.0007748005865
293440	0.003574126362
293441	0.002118591036
293442	0.0007109825701
293443	0.001126441844
293444	0.002399613038
293445	0.00446570246
293446	0.003347183186
293447	0.0004326569125
293448	0.002311978751
293449	0.001508807239
293450	0.004208046377
293451	0.0005546789496
293452	0.002408237648
293453	0.001410517975
293454	0.003534458808
293455	0.003628435607
293456	0.004685251598
293457	0.0004689265313
293458	0.001776165001
293459	0.0005777482
293460	0.0007583232526
293461	0.0006517342017
293462	0.001666592349
293463	0.0007895948515
293464	0.0005502333573
293465	0.001365211155
293466	0.0007337249373
293467	0.0003391093274
293468	0.001438654275
293469	0.001434607459
293470	0.000339162417
293471	0.00148279021
293472	0.0002210108774
293473	0.0009460403652
293474	0.001050227984
293475	0.0002462571937
293476	0.0001124688876
293477	0.001220456836
293478	0.001360082802
293479	0.0007021725631
293480	0.0009475149254
293481	0.001566359556
293482	0.001585863981
293483	0.001770370815
293484	0.0004586381237
293485	0.0005532333176
293486	0.001223326671
293487	0.001258902485
293488	0.0005824340701
293489	0.0001181621299
293490	0.001515486882
293491	0.0003547855593
293492	0.001301981605
293493	0.0008346081007
293494	0.000112908374
293495	0.0001927240759
293496	0.00133232525
293497	0.0005410312398
293498	0.002223866481
293499	0.0007340341915
293500	0.001771536496
293501	0.000430565362
293502	0.0001031354098
293503	0.0005083096187
293504	0.0004383595329
293505	0.001774150632
293506	0.0002207550855
293507	0.001448656035
293508	0.0004942119665
293509	0.0002642812807
293510	0.001226373403
293511	0.001354654998
293512	0.001540509868
293513	0.0001008190131
293514	0.001772299555
293515	0.0005649805118
293516	0.001536602903
293517	0.000399078024
293518	0.0005770686403
293519	1.579176742e-05
293520	7.131751389e-06
293521	0.0002371318922
293522	0.001254719613
293523	0.0003392085349
293524	0.0002078176173
293525	0.001706131964
293526	0.002173837508
293527	0.001108123951
293528	0.0002218740223
293529	0.001420337565
293530	0.002173708959
293531	0.001666962258
293532	0.00155011324
293533	0.000732418579
293534	0.0009730814516
293535	0.0002556439833
293536	0.001915820135
293537	0.001332550494
293538	0.00139774873
293539	0.0002916774532
293540	0.0004347824462
293541	0.0005081549555
293542	0.0005043897398
293543	0.000458019449
293544	0.001759612917
293545	0.0004294142932
293546	0.001226979913
293547	0.001151079323
293548	0.0003969462943
293549	9.708231961e-05
293550	0.0001049769768
293551	0.0001158978554
293552	0.0004760653786
293553	0.001038184483
293554	0.0003223755622
293555	0.000523835679
293556	2.080467597e-06
293557	0.0001820206654
293558	2.637327425e-05
293559	0.0007999185278
293560	0.0004245713383
293561	0.0003344239439
293562	0.000420177585
293563	0.0008652225268
293564	0.0003853069842
293565	0.0003326441608
293566	6.741190741e-05
293567	0.0003486164385
293568	0.0003575721623
293569	0.0002469027681
293570	5.462383664e-06
293571	5.720165036e-07
293572	6.958348162e-06
293573	0.0003513657545
293574	0.0003157339432
293575	0.0004932636305
293576	0.0001217583658
293577	0.0003361503471
293578	1.549703058e-05
293579	0.0004539881321
293580	0.0009319558724
293581	0.0006480413387
293582	0.0003565406867
293583	0.0003372937576
293584	0.0001456705689
293585	0.0004993300052
293586	0.0008679881206
293587	8.30853647e-05
293588	0.0004756278942
293589	0.0001316362283
293590	0.0002479414623
293591	0.000440567637
293592	0.0001067406882
293593	1.340170647e-06
293594	0.001061415684
293595	6.637266373e-05
293596	0.0005709286878
293597	0.0001504318476
293598	3.448281911e-07
293599	0.0005630808614
293600	0.0007169157833
293601	0.0004352093164
293602	0.0006485497278
293603	0.0001983365644
293604	0.0005657389148
293605	0.0003436425048
293606	2.999116065e-05
293607	0.0002667069918
293608	2.050709431e-06
293609	0.0001035540163
293610	0.0006124066516
293611	2.250305634e-06
293612	0.0004809324589
293613	0.0004412453961
293614	0.0002403748267
293615	0.0003468610458
293616	0.0004379590302
293617	3.004332188e-06
293618	0.0003659058111
293619	0.0001409787319
293620	0.000437917509
293621	0.0002861838833
293622	9.496523665e-05
293623	0.0004194328867
293624	0.0001941090997
293625	3.92736688e-05
293626	0.0009409258187
293627	0.000919811675
293628	0.0004449625666
293629	0.0007546520411
293630	5.469155148e-05
293631	0.0001303207216
293632	0.0007608032703
293633	0.001032306332
293634	0.000365179054
293635	0.0007923499202
293636	0.0007385089302
293637	0.000486274302
293638	0.0005015631942
293639	3.027677741e-06
293640	0.0001187532167
293641	0.0001630027326
293642	2.320552069e-05
293643	2.665594363e-06
293644	0.0004777940273
293645	0.0004646882762
293646	0.0002103657046
293647	0.0005102471628
293648	0.0003017067928
293649	0.0001315150132
293650	0.0003705245083
293651	0.0006703089441
293652	0.0003089375266
293653	0.000566694028
293654	0.0004577636333
293655	0.0006318301052
293656	0.0001102338244
293657	0.0001066583022
293658	0.0008014388436
293659	0.0001403877617
293660	0.0003141278704
293661	0.0004587106423
293662	8.115574619e-06
293663	0.0001014438768
293664	0.0002386173801
293665	0.0008329611558
293666	0.0002171333487
293667	6.884157144e-05
293668	0.0003489000827
293669	0.0001276254662
293670	0.00064849091
293671	0.000445052735
293672	0.0006171470369
293673	0.0006266398971
293674	0.0006502968378
293675	0.0003434673866
293676	0.0003613625547
293677	6.104497808e-05
293678	5.344370849e-05
293679	0.0001153882513
293680	0.0004610059333
293681	0.0004109938586
293682	0.0001098979749
293683	0.000566290868
293684	0.0007055844232
293685	8.448393111e-05
293686	0.0001182418517
293687	0.0004776350547
293688	0.0003642358699
293689	0.0003222006759
293690	1.137234281e-06
293691	0.0001111177797
293692	0.0001219958295
293693	0.0005587535624
293694	0.0001067550897
293695	1.702463531e-06
293696	0.0005689942081
293697	0.0003632107281
293698	0.0008864859409
293699	0.0005654035811
293700	0.0005254373761
293701	0.001121679514
293702	0.000585968349
293703	0.0001883851179
293704	9.40765241e-05
293705	0.0005900793318
293706	0.0003653052217
293707	0.0002303119404
293708	0.0008323138583
293709	4.134214883e-05
293710	0.0003261638223
293711	0.0001427066054
293712	0.0001196915201
293713	2.439538646e-06
293714	0.0005664099497
293715	0.0003448076598
293716	0.0009814870396
293717	0.0005892243525
293718	0.0004618268652
293719	0.0007014412325
293720	2.110072766e-07
293721	0.000199174313
293722	1.639650603e-05
293723	0.0006132300408
293724	0.0003076318931
293725	0.0005666159883
293726	0.000504116608
293727	0.0004291958086
293728	0.0003732751717
293729	0.0005674293029
293730	0.0002184415545
293731	0.0004386571307
293732	0.0006972579244
293733	0.000224276133
293734	0.0005164582383
293735	0.0004222190217
293736	0.0002247937092
293737	0.0003552253244
293738	0.0003381312004
293739	0.0001938265655
293740	0.0002100503312
293741	0.0002833826295
293742	0.0004500478462
293743	1.409783506e-05
293744	0.0004829683879
293745	0.000114958612
293746	0.000918458674
293747	0.0005248301759
293748	0.001151129449
293749	0.001513165396
293750	0.001069305806
293751	0.0007870902158
293752	0.001682439379
293753	0.003339064151
293754	0.00106060397
293755	0.001016426288
293756	0.002172825769
293757	0.000307394044
293758	0.0004669943993
293759	3.004990897e-05
293760	0.002640963368
293761	0.0003378916633
293762	0.00114710631
293763	0.0004688531719
293764	0.0002460821088
293765	3.015640439e-05
293766	0.0009671280241
293767	0.0005268983445
293768	0.0004274726063
293769	0.0005057229518
293770	0.001003198468
293771	0.000344746182
293772	0.0004603933651
293773	0.0001819827985
293774	0.001104408267
293775	0.001198556359
293776	0.001511973752
293777	0.0002970608977
293778	0.002429267457
293779	6.590231256e-05
293780	0.001762481143
293781	0.0005352310999
293782	0.0005431710408
293783	0.00025399457
293784	0.001390564573
293785	0.0009326576987
293786	0.001726442565
293787	0.0003889933506
293788	0.0001420921276
293789	0.000978200698
293790	0.001208428112
293791	0.0008572844071
293792	0.001295082803
293793	0.001462619639
293794	0.0003793149529
293795	4.922485161e-05
293796	0.0006933719723
293797	0.0001603693876
293798	0.00020926761
293799	0.0005148097731
293800	0.0007660185371
293801	0.000502833754
293802	0.007837554502
293803	0.0004714956572
293804	7.544493547e-05
293805	0.0004569383211
293806	0.0004690530224
293807	0.0004115986709
293808	9.903296737e-05
293809	0.0004045095423
293810	0.000104937172
293811	1.104955741e-05
293812	0.0002717762218
293813	0.001020099808
293814	0.0002049351368
293815	0.001227620333
293816	0.004356671144
293817	3.077311114e-05
293818	0.001868800505
293819	9.81469082e-05
293820	0.0004997729355
293821	0.001198605903
293822	0.0005918472726
293823	0.0005760984112
293824	9.707069805e-05
293825	0.0009517319957
293826	0.001296902434
293827	0.0008414177255
293828	0.0008436311719
293829	0.0003997852237
293830	0.0005677727576
293831	0.0008715237251
293832	0.0001194433137
293833	0.000355354741
293834	0.0005290132065
293835	0.0002985115717
293836	0.0001632380683
293837	3.270191105e-05
293838	0.0001128209069
293839	0.00109799019
293840	0.0004019998195
293841	0.0003502697872
293842	0.003671699319
293843	0.0001136705569
293844	0.0004539375453
293845	0.0005417516474
293846	0.0004506335455
293847	0.0001909849439
293848	0.0002575863718
293849	0.000312175521
293850	2.874688378e-05
293851	9.878121018e-05
293852	0.0002180947441
293853	8.117298749e-05
293854	6.351238044e-05
293855	0.0003677413189
293856	0.002697077548
293857	0.0004874854979
293858	0.0006073069781
293859	0.0008599919275
293860	0.00377907794
293861	0.001432356447
293862	0.004686825376
293863	0.000130455864
293864	0.001143889022
293865	0.002059155685
293866	8.722657003e-05
293867	0.005952733618
293868	0.002322678643
293869	0.001547231118
293870	0.001357850239
293871	0.002103291401
293872	0.003947047121
293873	0.0004019926074
293874	0.001177013189
293875	0.002358119701
293876	0.002784226287
293877	0.001225192128
293878	0
293879	0.001398587722
293880	0.001621498388
293881	0.006014917559
293882	0.0002102726211
293883	0.0005951391839
293884	0.001080278054
293885	0.0008107800906
293886	0.0004679797299
293887	0.0004498906284
293888	0.0006958039013
293889	0.0007879591036
293890	0.0007337226848
293891	0.0005914457571
293892	8.703259971e-05
293893	0.0005501146808
293894	0.0002248702137
293895	0.0004684899133
293896	0.0001964448203
293897	9.973053231e-06
293898	0.002396372109
293899	0.0004332260598
293900	5.638089026e-05
293901	0.0003476697642
293902	0.0009384764095
293903	0.0006406750281
293904	0.001063464216
293905	0.001127781169
293906	1.758966928e-05
293907	0.001310287785
293908	0.0004638461474
293909	0.0005385986323
293910	0.0005210663957
293911	9.816805715e-05
293912	0.0007965564419
293913	6.334041968e-05
293914	0.00074547484
293915	0.0006032054979
293916	0.0006446115615
293917	0.0001781661628
293918	0.0004358345702
293919	0.0007641903752
293920	0.001196507921
293921	0.0004119222682
293922	0.0005401152456
293923	7.719853406e-05
293924	0.0004322019292
293925	0.0008102856246
293926	6.907398073e-05
293927	8.70849622e-05
293928	0.0005188013365
293929	0.0005841598457
293930	0.0004069173184
293931	0.000721968357
293932	0.000181846893
293933	0.0001291743183
293934	0.0007145464856
293935	7.829127857e-05
293936	0.0008029059902
293937	0.000406879986
293938	0.001287815572
293939	0.0004387797366
293940	0.000554818082
293941	0.0005405906119
293942	0.001195402287
293943	0.0007346311867
293944	0.004433970099
293945	0.001056930898
293946	0.0004093577715
293947	0.001304303031
293948	0.002606342902
293949	0.0003656945548
293950	0.00106403909
293951	0.0006648906066
293952	0.000164471085
293953	0.0005546618493
293954	0.002044058801
293955	4.534078702e-05
293956	0.00521766297
293957	0.007665955752
293958	0.0001687078287
293959	0.003466755259
293960	0.0004366509686
293961	0.0006922625111
293962	0.0004293971281
293963	0.002223288304
293964	0.003726623905
293965	0.006196997651
293966	0.000901428166
293967	0.00405290368
293968	0.001518107665
293969	0.006600077449
293970	0.0004530305852
293971	0.003793853515
293972	0.0001406898977
293973	0.002850783052
293974	0.003042617804
293975	0.003265615232
293976	0.001241321165
293977	0.0002187439538
293978	0.001939713976
293979	0.001606339445
293980	0.003152179859
293981	0.002156678762
293982	0.001367359216
293983	0.003191655894
293984	0.00207454825
293985	0.002480464844
293986	0.000716329897
293987	0.0007211338002
293988	0.00133701372
293989	0.001073815004
293990	0.002084834219
293991	7.173999451e-06
293992	0.005501485636
293993	0.002542999731
293994	0.0006075379982
293995	4.813485455e-06
293996	0.0002473367679
293997	0.0001927212428
293998	0.0001896072524
293999	0.0006877180721
294000	0.0007111581322
294001	0.005016553531
294002	0.0007240458635
294003	0.001108500925
294004	0.0002597644899
294005	0.002906873237
294006	0.0003256062209
294007	0.0003091163963
294008	0.001320129266
294009	8.130092706e-05
294010	8.551926531e-05
294011	0.00603137811
294012	0.0006664300658
294013	0.001947028194
294014	0.0006317894978
294015	0.004346665783
294016	0.001756758633
294017	0.0002449896314
294018	0.0005207201463
294019	0.001586717053
294020	0.0003412182306
294021	0.0004673286615
294022	0.00145372223
294023	0.003354684485
294024	0.0004511280573
294025	7.152841469e-05
294026	9.644098116e-05
294027	0.0003088368039
294028	0.0001718177915
294029	0.0001507329258
294030	0.0006725645271
294031	0.001227455736
294032	9.477528366e-05
294033	0.0004092386879
294034	0.000119463427
294035	7.670293965e-05
294036	0.0003661659144
294037	0.0004366150056
294038	0.0002271864694
294039	0.0001297912963
294040	0.0002479149795
294041	0.0002666405405
294042	0.0004610770459
294043	0.0004031855777
294044	0.0004493518371
294045	0.001267147923
294046	0.002416437919
294047	0.002205155049
294048	0.001049357184
294049	0.0004884212686
294050	0.003216903042
294051	0.0008512884677
294052	0.005372342495
294053	0.0002168291479
294054	0.002309164146
294055	0.001296780548
294056	8.104478597e-05
294057	0.009073520586
294058	0.003179583995
294059	2.819970963e-06
294060	0.002190741885
294061	0.001505347287
294062	0.0006092730991
294063	0.001364716343
294064	0.0007727401498
294065	0.0001787729447
294066	0.002816522816
294067	0.00361187526
294068	0.004890145963
294069	0.005020812535
294070	0.001959202266
294071	0.002474022746
294072	0.001758305573
294073	0.0001883335455
294074	0.0005566738392
294075	0.000119122435
294076	0.001673777981
294077	0.000879823402
294078	0.003227269208
294079	0.000224814626
294080	0.00226108152
294081	0.005716355519
294082	0.001654964908
294083	0.004191713887
294084	0.002041873362
294085	0.001795684406
294086	0.0005411619634
294087	2.039428529e-05
294088	0.0006063417673
294089	0.004505071698
294090	0.002201910122
294091	0.002538194744
294092	0.001582641021
294093	0.0003666983809
294094	0.003870319255
294095	0.00043717756
294096	0.00381452104
294097	0.003236198975
294098	0.002340305443
294099	0.0001808724507
294100	7.756953065e-05
294101	1.534038584e-05
294102	0.003889452377
294103	0.003931665395
294104	0.004007890965
294105	0.001318626853
294106	0.001451609316
294107	0.002137561462
294108	0.002996844773
294109	0.0008705746031
294110	0.002083312517
294111	0.001866759804
294112	0.001137343526
294113	0.0004704574961
294114	0.001909816831
294115	0.001235493332
294116	0.000947545089
294117	0.004265657776
294118	0.001483196532
294119	0.007437987393
294120	0.001536729674
294121	0.001693850248
294122	0.00346757362
294123	0.004978549648
294124	0.001996133472
294125	0.0043818329
294126	0.00117829536
294127	0.0009987474684
294128	0.002073673103
294129	0.0001150584302
294130	0.00435716452
294131	0.0003415760218
294132	0.0007570473744
294133	0.003416149684
294134	0.001426211992
294135	0.001510735579
294136	0.002462441194
294137	0.0009081499422
294138	0.000322036782
294139	0.003289856847
294140	0.002367196471
294141	0.005123878626
294142	0.0002198641013
294143	0.001247938696
294144	0.004173360044
294145	0.0006307463649
294146	0.0006806052145
294147	0.001814203655
294148	0.004383538017
294149	0.001036851102
294150	0.0001690105374
294151	0.0002665674745
294152	0.002112664965
294153	0.002227134331
294154	0.0006264432502
294155	0.001465906416
294156	0.0008861422581
294157	0.000698857716
294158	0.002533353957
294159	0.00253168746
294160	0.0001419968141
294161	0.004025142527
294162	0.0003477420827
294163	0.001065620785
294164	0.001129539232
294165	0.005757171679
294166	0.001134664512
294167	0.001298788015
294168	0.001696010665
294169	0.0003552072859
294170	0.001509963644
294171	0.0004823084847
294172	1.453155189e-07
294173	0.003875295784
294174	0.0001034076134
294175	0.0004421989258
294176	0.001796013134
294177	0.0006562393995
294178	0.001968449699
294179	0.00023286774
294180	0.0004387875748
294181	0.0001944681847
294182	0.0006318332153
294183	0.0001321384621
294184	0.0001318482158
294185	0.001021573068
294186	0.0001512741747
294187	0.002217425312
294188	0.001327538729
294189	0.002747126601
294190	0.0001904290567
294191	0.002461839149
294192	0.001828425476
294193	0.002976773729
294194	0.0002305546393
294195	0.0001239659802
294196	0.001842761269
294197	0.001598147686
294198	0.001165260458
294199	0.0004828563205
294200	0.001321443964
294201	0.001681900396
294202	0.0020300977
294203	0.0004764591916
294204	0.002088189896
294205	0.0004937868116
294206	0.0008447826628
294207	0.001739176701
294208	0.0004683063021
294209	0.002717483549
294210	0.0002141101341
294211	0.001194435246
294212	0.0005969305222
294213	0.00023789842
294214	0.000549070424
294215	0.0007773186813
294216	0.001404375066
294217	0.0008834100472
294218	0.0003218336058
294219	0.0006675506318
294220	0.0008487872927
294221	0.001467098736
294222	0.001326961506
294223	4.687843769e-05
294224	0.001848270588
294225	0.0002181181707
294226	0.0005656035826
294227	0.0003264865465
294228	0.0002732148997
294229	0.0009010730634
294230	0.002271774271
294231	0.001684351437
294232	0.0009063587971
294233	0.0009352675431
294234	0.003778082378
294235	0.0002794663252
294236	0.001813217314
294237	0.0009289266584
294238	0.0007168530518
294239	0.002482624672
294240	0.001363572382
294241	0.0005785047294
294242	0.001286348459
294243	0.001894402881
294244	0.001631459687
294245	0.0004430014557
294246	0.0005682287577
294247	0.001287877903
294248	0.001292064212
294249	0.001405414983
294250	0.001468346243
294251	0.001974350109
294252	0.000578486257
294253	0.000731105422
294254	0.003195443987
294255	0.0001753949739
294256	0.0006140477805
294257	0.001406044002
294258	0.00268678052
294259	0.000815029512
294260	0.001532247498
294261	0.001748181845
294262	6.931108236e-05
294263	0.00166457187
294264	0.0006913847709
294265	0.0001190487776
294266	0.002420135515
294267	0.001146862187
294268	3.790719091e-05
294269	0.0008158477928
294270	0.0008470317114
294271	0.001791164437
294272	0.000686295099
294273	0.0003390199615
294274	0.002118234925
294275	0.001291210608
294276	4.340874262e-05
294277	0.002499228222
294278	0.0002124316072
294279	3.671538767e-05
294280	0.003360654966
294281	0.0004929202367
294282	0.0009920418466
294283	0.001385048479
294284	0.003864587759
294285	0.001743435919
294286	0.00236670341
294287	0.0001723589617
294288	0.0002660551089
294289	0.003918730783
294290	0.0007961812114
294291	0.001252198015
294292	0.001629054179
294293	0.0009183557664
294294	0.002161373196
294295	0.001280243957
294296	0.0001131304246
294297	0.002429175155
294298	0.001427170529
294299	0.0001378545572
294300	0.001171068999
294301	0.002017446017
294302	0.001272703644
294303	0.0009570473627
294304	0.001111819226
294305	0.0005716531152
294306	0.001202474724
294307	6.020695152e-05
294308	0.003571217824
294309	0.000390901597
294310	0.004329434095
294311	0.002189959951
294312	0.001069476276
294313	0.001949906346
294314	0.002002695473
294315	0.0005218376124
294316	4.936635382e-05
294317	0.00112543671
294318	0.0002239410827
294319	0.0004377418597
294320	0.0002213939139
294321	0.002131656264
294322	0.001765219515
294323	0.0009349915529
294324	0.001930592215
294325	0.0001298747358
294326	0.000460375441
294327	0.0009426707401
294328	0.001589419997
294329	0.0004175060232
294330	0.001827963341
294331	0.001735689719
294332	0.001750018154
294333	0.002408851072
294334	0.003652054524
294335	0.00118223057
294336	0.001339691606
294337	0.0002352190884
294338	0.0002238747771
294339	0.001199573415
294340	0.0003096237882
294341	0.001135762301
294342	0.0006592214644
294343	0.001691405548
294344	0.002330394035
294345	0.001920828621
294346	0.001704977345
294347	0.001038791363
294348	0.0008616462207
294349	0.002559877502
294350	0.0001098077282
294351	0.0003089164518
294352	0.0005219221114
294353	0.001325054305
294354	0.0007189679655
294355	4.111388813e-05
294356	0.001106016533
294357	0.0003627036866
294358	0.004193680579
294359	0.001054511607
294360	0.001346174032
294361	0.001631459687
294362	0.001633610256
294363	0.002305807176
294364	0.0004559803043
294365	0.0002308562569
294366	0.0007335153466
294367	0.002657558124
294368	0.00238701159
294369	0.0003849802787
294370	0.0001405908938
294371	0.003361617521
294372	0.0008139715356
294373	0.001609779937
294374	0.001127901961
294375	0.003191639842
294376	0.001572619144
294377	0.000727527988
294378	0.0007999408756
294379	0.001118994497
294380	9.572435439e-05
294381	0.002833901993
294382	0.001397264889
294383	0.001137766088
294384	0.001949974601
294385	0.001189098444
294386	0.001746763299
294387	0.0003400342545
294388	0.0002675932413
294389	0.0004647874541
294390	0.00147136185
294391	0.0001156342231
294392	0.001174403335
294393	0.0004949456498
294394	0.0008946125062
294395	0.001074821582
294396	0.0008911853283
294397	0.0002273881869
294398	0.0008069058546
294399	1.950231613e-05
294400	0.0001068611356
294401	0.001631459687
294402	0.001633482847
294403	0.002761373653
294404	0.0008211008132
294405	0.002540198905
294406	0.0002970906538
294407	0.0007656103312
294408	0.0004873295501
294409	0.001369314311
294410	0.00237436577
294411	0.0002365651296
294412	0.0004320214238
294413	0.001784495129
294414	0.002183337899
294415	0.0001852844564
294416	0.000100880283
294417	0.001170231449
294418	0.002401402914
294419	0.002247945436
294420	0.0007943054388
294421	0.001147825416
294422	0.002397122098
294423	0.001627859311
294424	1.333933389e-05
294425	0.0004528619508
294426	0.001101730064
294427	0.001845393931
294428	0.00223088723
294429	0.0004932182681
294430	0.0009315239829
294431	0.0001840515904
294432	0.0004226188323
294433	0.001634135235
294434	0.0004977349571
294435	0.00204641641
294436	0.0009219476482
294437	0.00426142122
294438	0.002568912306
294439	0.003013025249
294440	4.840533527e-06
294441	0.001532664249
294442	0.0005979376837
294443	0.001264411594
294444	0.004427160958
294445	0.00129218873
294446	0.000466406505
294447	0.001413630485
294448	0.0009656845203
294449	0.00206491284
294450	0.0002024593
294451	0.001580013122
294452	0.00135312931
294453	0.001187401819
294454	0.001339907748
294455	1.527242035e-05
294456	0.0001721082609
294457	0.0001648781337
294458	0.001151355149
294459	0.00118450126
294460	0.0005739729237
294461	0.0006231383809
294462	0.001652035015
294463	0.0001529665803
294464	0.002203558988
294465	0.0009914467582
294466	0.001574181259
294467	0.002234013719
294468	0.002105837415
294469	0.0004875299971
294470	0.001607669002
294471	0.000118754376
294472	0.000132855027
294473	0.002602131894
294474	0.002310680034
294475	0.001661404166
294476	0.000124136032
294477	0.0008851257385
294478	0.0008106327308
294479	4.786772093e-06
294480	0.0001076722022
294481	0.003011012558
294482	8.179747048e-05
294483	0.001075720781
294484	0.0002815967463
294485	0.0005405977712
294486	4.308122144e-05
294487	0.0001357377596
294488	5.510443488e-05
294489	0.002290364851
294490	0.003197520971
294491	0.0008317993621
294492	0.001271421827
294493	0.001929061263
294494	0.0002578722632
294495	0.0007443886538
294496	0.001501483421
294497	0.002734964502
294498	0.001583110444
294499	0.003469872242
294500	0.001314509058
294501	0.001110554838
294502	0.001517952877
294503	0.001488135243
294504	0.00177044518
294505	0.001375541251
294506	0.0007113563271
294507	0.00144879869
294508	0.0008581365839
294509	0.001704914439
294510	0.001825358913
294511	0.00319719711
294512	0.001017777674
294513	0.001607670408
294514	0.0001386381419
294515	0.002208166631
294516	0.001634146952
294517	0.001069229843
294518	0.0008537031398
294519	0.0007581841059
294520	0.0004969411742
294521	0.001711930063
294522	0.0004577900565
294523	0.001285833675
294524	0.001443965628
294525	0.002300600589
294526	0.0007885055898
294527	0.0007751795058
294528	0.0006693291329
294529	8.867634448e-05
294530	0.001959065795
294531	0.0003579697916
294532	0.0005835476315
294533	8.169970842e-05
294534	0.001769305607
294535	0.00148746283
294536	0.0001198535645
294537	0.001185388094
294538	0.001555228456
294539	0.000768310433
294540	0.0003702626979
294541	0.00167052436
294542	0.0003585382567
294543	0.001589582893
294544	0.002191356394
294545	0.0001992172086
294546	0.0023104604
294547	0.001735526136
294548	0.0001954726729
294549	3.332925801e-05
294550	0.0006955192325
294551	0.001179821493
294552	0.001187653629
294553	0.001972735547
294554	0.002807710328
294555	0.001545069307
294556	0.001416130325
294557	0.0004431752898
294558	0.001541034201
294559	0.0008013446627
294560	0.0008944908242
294561	0.0007970071892
294562	0.0006834763407
294563	0.001957066226
294564	0.0005837413714
294565	0.0003106592721
294566	0.0004004893715
294567	0.00147725083
294568	0.0002359145992
294569	0.0009560627617
294570	0.002525753926
294571	0.0008106995987
294572	0.0002227409172
294573	0.0007906958068
294574	0.001901520043
294575	0.0003754682804
294576	0.0001148161067
294577	0.002658421788
294578	0.0001529516602
294579	0.002699974749
294580	0.002182375041
294581	0.001425854885
294582	0.001854102048
294583	0.001038629853
294584	0.001619204387
294585	0.0006164671601
294586	0.004631235297
294587	0.003015266694
294588	0.0001099232931
294589	0.0006701847316
294590	0.0003501657922
294591	0.0001225196488
294592	0.001699669801
294593	0.002775686953
294594	0.00322971133
294595	0.00139734563
294596	0.0007680890349
294597	0.004332443745
294598	0.001272571812
294599	0.000956970792
294600	0.0006454241611
294601	0.002068623547
294602	0.002085789655
294603	0.0006701507216
294604	0.001970189604
294605	0.002625005193
294606	0.001400707753
294607	0.001487058953
294608	0.000576309034
294609	0.001915937517
294610	0.0002851406148
294611	0.001438272912
294612	0.00223025868
294613	0.0007773704356
294614	0.002129977279
294615	0.0007615061303
294616	0.001181815929
294617	0.001400543543
294618	0.0007680326534
294619	0.00193222483
294620	0.002960253591
294621	0.000497470199
294622	0.001896527604
294623	0.001565703512
294624	0.0005713565833
294625	0.001033955772
294626	0.002827650176
294627	0.001789869878
294628	0.001902051176
294629	0.003594522545
294630	0.0009968635502
294631	0.001074128694
294632	0.002571215328
294633	8.92460476e-05
294634	0.0005639436086
294635	0.00229969473
294636	0.00267025152
294637	0.001164717032
294638	0.007348205011
294639	0.003152005872
294640	0.0009307646094
294641	0.0003825664053
294642	0.0007273710419
294643	0.004521257039
294644	0.002830661339
294645	0.0007513069588
294646	0.004325983942
294647	0.002021420836
294648	0.000557122609
294649	0.002227387607
294650	0.0001097774867
294651	0.0006300750604
294652	1.212857748e-07
294653	0.00519163831
294654	0.001641142848
294655	0.0003141046313
294656	8.651271192e-05
294657	0.003865580398
294658	0.004485498844
294659	0.0001263603165
294660	0.0001494662876
294661	0.0006106462267
294662	0.004064638905
294663	0.002145434987
294664	0.0003524927663
294665	0.002596195453
294666	0.003809473698
294667	0.001621511332
294668	0.003868635523
294669	0.0007077532707
294670	0.0002616769074
294671	0.001551919902
294672	0.001358297447
294673	0.001135535005
294674	0.001431397229
294675	0.003099535828
294676	0.002059298844
294677	0.003139013952
294678	0.004119900193
294679	0.0005558586911
294680	0.00307735652
294681	0.000629121689
294682	0.00034849677
294683	0.00232401185
294684	0.00527334896
294685	0.001759803314
294686	0.000630981494
294687	0.003031309281
294688	0.004346121867
294689	0.002833429763
294690	0.001534598416
294691	0.003489223792
294692	0.002143589141
294693	0.002054212739
294694	0.001406651622
294695	0.001962649349
294696	0.003132791675
294697	0.0008564823465
294698	0.0006964571327
294699	0.001157857121
294700	0.001861083244
294701	0.000590453639
294702	0.001090016292
294703	0.002999199582
294704	0.001852868867
294705	0.004125743756
294706	0.003440571609
294707	0.003838409658
294708	0.001921739283
294709	0.003266973032
294710	0.005944046145
294711	0.004620360006
294712	0.0008240019718
294713	0.003816548583
294714	0.0002341783463
294715	0.00431802804
294716	0.004053568535
294717	0.00486840917
294718	0.003490366829
294719	0.002760603222
294720	0.002156905856
294721	0.005171917044
294722	0.002498615374
294723	0.002405668329
294724	0.003554376738
294725	0.0047417911
294726	0.001715534759
294727	0.0009748588971
294728	0.001384495906
294729	0.0006346002921
294730	0.0005686396941
294731	0.001512119315
294732	0.0007113789933
294733	0.0001794882961
294734	0.002314399993
294735	0.00252402933
294736	0.001193135709
294737	0.0006425394631
294738	0.00372813778
294739	0.002420675187
294740	0.005251042936
294741	0.001496817503
294742	0.003797946465
294743	0.0008675578837
294744	0.002770981688
294745	0.0001182240092
294746	0.002745278637
294747	0.002002102631
294748	0.002999961967
294749	0.003548419503
294750	0.0003112100183
294751	0.001507246639
294752	0.001265029786
294753	0.003021651643
294754	0.004917400791
294755	1.986166669e-05
294756	0.001102284989
294757	0.001628617656
294758	0.003559871154
294759	0
294760	0.001109906781
294761	0.004628190368
294762	0.001617482783
294763	0.001904774628
294764	0.002340691215
294765	0.001491897112
294766	0.003000324372
294767	0.002498884259
294768	0.001465953585
294769	0.005022227218
294770	7.856441258e-05
294771	0.003815146132
294772	0.001146996986
294773	0.004525341554
294774	0.001212913661
294775	0.002492242244
294776	0.00370792342
294777	0.0003376683171
294778	0.0007175570163
294779	0.0003382802176
294780	0.003135899971
294781	0.001991072278
294782	0.0004540126688
294783	0.002908653742
294784	0.003791467187
294785	0.0008074280913
294786	0.003126110021
294787	0.00100309603
294788	0.00179952582
294789	0.003628508545
294790	0.0013567622
294791	0.001434788438
294792	0.0003284558507
294793	0.001825489886
294794	0.004735935053
294795	0.002557079179
294796	0.004947641556
294797	0.001000108144
294798	0.001032399698
294799	0.002890585267
294800	0.00018200512
294801	0.001961820558
294802	0.002323009681
294803	0.003031484267
294804	0.002519607752
294805	0.004546031992
294806	0.005157821071
294807	0.003630500328
294808	0.001358289457
294809	0.006337431762
294810	0.004937750655
294811	5.653809057e-05
294812	0.002707033338
294813	0.003008049956
294814	0.0007904402818
294815	0.004808510017
294816	0.0005045271991
294817	0.00449378301
294818	0.004379756007
294819	0.004121654787
294820	0.00196593061
294821	0.002539971487
294822	0.004220930066
294823	0.001339686094
294824	0.001967861302
294825	0.004852543701
294826	0.0003222054033
294827	0.003024997828
294828	0.003837536387
294829	0.00285041246
294830	0.001565791784
294831	0.0009661267144
294832	0.0009484236714
294833	0.003282447454
294834	0.002480280444
294835	0.003900160914
294836	0.003963775549
294837	0.001303707644
294838	0.001340553259
294839	0.003951705413
294840	0.002095989082
294841	0.00463975615
294842	0.001177876004
294843	0.00233638774
294844	0.001639378971
294845	0.0001614009234
294846	0.003420983868
294847	0.0002744372671
294848	0.0001965955099
294849	0.001894328605
294850	0.004782941633
294851	0.002836059649
294852	0.003929304309
294853	8.181674205e-06
294854	0.003718034781
294855	0.0004577130265
294856	0.002359836249
294857	0.002055773667
294858	0.002207942128
294859	0.004667898622
294860	0.000841216347
294861	0.003716916179
294862	0.001178245076
294863	0.005137497435
294864	0.001062953548
294865	0.002489604328
294866	0.001603670301
294867	0.004858523976
294868	0.00247555312
294869	0.003913724234
294870	0.002829136139
294871	0.001079251706
294872	0.001351321109
294873	0.003849082101
294874	0.003926120761
294875	0.001604022106
294876	0.002794233357
294877	0.004212842167
294878	0.003342047078
294879	0.001698704373
294880	0.002364184702
294881	0.001771003433
294882	0.002392302527
294883	0.0002156697949
294884	0.0008405613018
294885	0.002882246432
294886	0.003160637142
294887	0.0009007539084
294888	0.004731048751
294889	0.004796280261
294890	0.00268556552
294891	0.005084208181
294892	0.003500236332
294893	0.002914783088
294894	9.11594942e-05
294895	0.001387293607
294896	0.004445770327
294897	0.004806703545
294898	0.000889894124
294899	0.005081354679
294900	0.001990477535
294901	0.004447447325
294902	0.004683255035
294903	0.0007886611199
294904	0.003144788186
294905	0.003294270895
294906	0.004106713685
294907	0.004357933899
294908	0.001730855554
294909	0.002993619501
294910	0.004437613147
294911	0.002787925024
294912	0.002667995028
294913	0.003377497572
294914	0.001568413413
294915	0.0007671998059
294916	0.001351268104
294917	0.003282503035
294918	0.004628706641
294919	0.004443316776
294920	0.0007921423226
294921	0.004837262629
294922	0.005441584609
294923	0.002598078667
294924	0.004865742313
294925	0.001727765756
294926	0.003625805958
294927	0.002700521186
294928	0.004493675812
294929	0.001175392954
294930	0.0004135640646
294931	0.00127541173
294932	0.001063890559
294933	0.004085326516
294934	0.0007091592517
294935	0.002740002828
294936	0.005275048696
294937	0.005864811108
294938	0.003762952018
294939	0.00439297072
294940	0.002669216846
294941	0.004133769098
294942	0.002660986706
294943	0.0004127500536
294944	0.001697508805
294945	0.001100612536
294946	0.002396388806
294947	0.004461531865
294948	0.00126906123
294949	0.005414375795
294950	8.702090592e-05
294951	0.002861841361
294952	0.00592826204
294953	0.004811675837
294954	0.003964266834
294955	0.004168134006
294956	0.001183037598
294957	0.003188291582
294958	0.005389934847
294959	0.0007458791696
294960	0.003094006084
294961	0.000441211888
294962	0.005291642923
294963	0.00382027365
294964	0.004478065866
294965	0.004283486721
294966	0.00132901213
294967	0.003121502985
294968	0.00387088358
294969	0.004397142166
294970	0.003607005789
294971	0.003242736758
294972	0.002037219643
294973	0.003768755368
294974	0.0008550883183
294975	0.001124451986
294976	0.001806789815
294977	0.0006142259255
294978	0.002342544833
294979	0.005492396082
294980	0.004110972564
294981	0.0005579288777
294982	0.004454926069
294983	0.001724161085
294984	0.001343185541
294985	0.000969796811
294986	0.004538089794
294987	0.0006613777261
294988	0.003759374381
294989	0.002466964432
294990	0.001140341795
294991	0.002687197618
294992	0.004457177435
294993	0.001325859371
294994	0.002609510958
294995	0.0008325112483
294996	0.0007237419978
294997	0.002311278713
294998	0.0002221697964
294999	0.0008631782392
295000	0.003802892632
295001	0.0004152385391
295002	0.002616644278
295003	0.0007337382968
295004	0.004832804536
295005	0.00456851563
295006	0.004499766391
295007	0.002093061518
295008	0.003170673413
295009	0.001803806319
295010	0.002341443462
295011	0.003957095223
295012	0.002056170407
295013	0.002675909085
295014	0.001466190741
295015	0.003418549319
295016	0.002850190127
295017	0.0003163665045
295018	0.003715838619
295019	0.001757150146
295020	0.003375327194
295021	0.002403038263
295022	0.001467767269
295023	0.002231182083
295024	0.002130363651
295025	0.001492766998
295026	0.002284607707
295027	0.0002101796623
295028	0.001524601075
295029	0.0003297795285
295030	0.005737543094
295031	0.002742967497
295032	0.001037281688
295033	0.002363837679
295034	0.000253104657
295035	0.001818367099
295036	0.005271421775
295037	0.003815410287
295038	0.003151206991
295039	0.001580553998
295040	0.002682289068
295041	0.004840482658
295042	0.002721166959
295043	0.003466719169
295044	0.005261153069
295045	0.001810004036
295046	0.00293544786
295047	0.00411133935
295048	0.004425578118
295049	0.0009540711835
295050	0.0001290054336
295051	0.00397252887
295052	0.0002485032522
295053	0.003459956806
295054	3.0085078e-05
295055	0.001658526909
295056	3.535313319e-05
295057	0.0001102515356
295058	0.000767311354
295059	0.004133263071
295060	0.003405185006
295061	0.005334657805
295062	0.0006735777809
295063	0.004391969046
295064	0.003822324351
295065	0.0003088143651
295066	0.003245497897
295067	0.003017012488
295068	0.000170225621
295069	0.003702098471
295070	0.002155838056
295071	0.00195316082
295072	0.0003259459129
295073	0.003748186885
295074	0.004777992784
295075	0.001029241462
295076	0.0001745286581
295077	1.644930969e-05
295078	9.774019437e-05
295079	0.003693605409
295080	0.0009678314137
295081	0.0005015013087
295082	0.003202072038
295083	0.005135351452
295084	0.003228403423
295085	0.002012939074
295086	0.0007165517705
295087	0.004364056333
295088	0.004740359274
295089	0.004976887332
295090	0.001060605138
295091	0.0004656071493
295092	0.0006234159447
295093	0.001330171875
295094	0.001981772034
295095	0.003289685627
295096	0.002852483913
295097	0.002330039055
295098	0.0007090502598
295099	0.006336250231
295100	0.00380500584
295101	0.002786928468
295102	0.001896084023
295103	0.001874815657
295104	0.004473339513
295105	0.003102290454
295106	0.0001073606255
295107	0.002527050134
295108	0.004488995937
295109	7.91146706e-05
295110	0.004321590707
295111	0.001345848085
295112	0.00031187586
295113	0.005058769624
295114	0.0008802872358
295115	0.002518607487
295116	0.004347428552
295117	0.00495927654
295118	0.00259028891
295119	0.003276369783
295120	0.003899493749
295121	0.001865252541
295122	0.0002122441092
295123	1.225102099e-05
295124	0.002277102364
295125	0.001603152321
295126	0.002725656371
295127	0.003790643125
295128	0.002908475226
295129	0.003986814788
295130	0.003024615918
295131	0.001143713637
295132	0.0008552761103
295133	0.005253977996
295134	0.001636544626
295135	0.001273725926
295136	0.002995173906
295137	0.002690054214
295138	0.000767029067
295139	7.368092264e-05
295140	0.003875515173
295141	1.516018943e-05
295142	0.0006889630881
295143	0.00362064031
295144	0.004662579588
295145	0.002751301731
295146	0.003627689668
295147	0.0026541433
295148	0.004605652735
295149	0.004744615509
295150	0.001804048395
295151	0.000480741777
295152	0.004479229621
295153	0.005175288789
295154	0.00260669266
295155	0.002306622043
295156	0.00255935357
295157	0.002329102915
295158	0.001390184015
295159	0.003474951021
295160	0.000934371254
295161	0.002649955863
295162	0.004214196377
295163	0.004263413753
295164	0.001452257261
295165	0.005044858928
295166	0.003237927377
295167	0.003276883777
295168	0.002514107815
295169	0.002944267744
295170	0.001740522705
295171	0.002603250034
295172	0.001713438009
295173	0.0005261768764
295174	0.003703424105
295175	0.005292260529
295176	0.002497523108
295177	0.003289764859
295178	0.003423657845
295179	0.004926613267
295180	0.0008563533297
295181	0.003836628824
295182	0.002157960161
295183	0.001474168647
295184	0.002648049029
295185	0.0009474927506
295186	0.002149108176
295187	0.002952228357
295188	0.003377818852
295189	0.0008579026656
295190	0.0008441369461
295191	0.003314893284
295192	0.003203481475
295193	0.00242763365
295194	0.001052685596
295195	0.001726710245
295196	0.002234016075
295197	0.004173584048
295198	0.0001222934745
295199	0.001691168449
295200	0.002141724812
295201	0.00492812836
295202	0.001681122341
295203	0.0002215990895
295204	0.002082190039
295205	0.0002302846765
295206	0.002629158089
295207	0.004918400897
295208	0.001488861866
295209	0.0004559791209
295210	0.001166330837
295211	0.0007971956391
295212	0.002856902703
295213	0.004862906493
295214	0.001081069351
295215	0.004794839157
295216	4.440002986e-05
295217	0.0005257914765
295218	0.003667948304
295219	0.002181443595
295220	0.002863644792
295221	0.001430578269
295222	0.002359296579
295223	0.004679871787
295224	0.001887882944
295225	0.004923289388
295226	0.000117153315
295227	0.001156125907
295228	0.004413240751
295229	0.004548646131
295230	0.002594156275
295231	0.00353718646
295232	0.0003134915677
295233	0.001284210293
295234	0.001720535342
295235	0.005320925161
295236	0.004398706833
295237	0.004902970601
295238	0.001693006179
295239	0.00556571594
295240	0.004665050102
295241	0.000760488522
295242	0.001066889865
295243	0.00172013572
295244	0.004830086106
295245	0.002677072642
295246	0.0006859504282
295247	0.004103456007
295248	0.001380725821
295249	0.001089791731
295250	0.001243242455
295251	0.001436624067
295252	0.004574595712
295253	0.0003933235732
295254	0.002823390431
295255	0.001863380314
295256	0.004691112907
295257	0.0004550317627
295258	0.003809628964
295259	0.005061316885
295260	0.001562304174
295261	0.00383519007
295262	0.004309348455
295263	0.0001194256312
295264	0.0002387183604
295265	0.003286471059
295266	0.004403890297
295267	0.001859494689
295268	0.002013447101
295269	0.004184605297
295270	0.001541975147
295271	3.326056398e-05
295272	0.001016428134
295273	0.0009203158692
295274	0.003074388213
295275	0.004443160364
295276	0.005150780044
295277	8.265452246e-05
295278	0.001465407171
295279	0.002730793107
295280	0.003095158747
295281	0.005051239547
295282	0.002687012495
295283	0.004712011735
295284	0.0003787084048
295285	0.001919180912
295286	0.001866035045
295287	0.001578943667
295288	0.001159636233
295289	0.0005762085217
295290	0.001624441739
295291	0.003130103695
295292	0.003091975906
295293	0.003038320836
295294	0.003072045109
295295	0.003413582777
295296	0.004322829105
295297	0.0002084802171
295298	0.002472185124
295299	0.005802100318
295300	0.003481676816
295301	0.00317261465
295302	0.003625664305
295303	0.003919901871
295304	0.0008066341528
295305	0.004775930685
295306	0.004113790313
295307	0.003733217577
295308	0.001572022276
295309	0.00261975015
295310	0.0013118683
295311	0.0002192021593
295312	0.002480641448
295313	0.0002712060021
295314	0.003283067047
295315	0.003180049616
295316	0.001228366799
295317	0.002314030781
295318	0.001858140532
295319	0.0007763762757
295320	0.003421902669
295321	0.004320642706
295322	0.003254949624
295323	0.004995291144
295324	0.0001429315742
295325	0.0001952144198
295326	0.001649820297
295327	0.003264219599
295328	0.003914071798
295329	0.003932194494
295330	0.002155990671
295331	0.003610841862
295332	0.0002727112822
295333	0.000618479774
295334	0.003733375017
295335	0.003472591342
295336	0.0001834115151
295337	0.003498214078
295338	0.0002487402077
295339	0.003049758696
295340	0.002696078868
295341	0.001480326449
295342	0.005491053945
295343	0.004598191521
295344	0.001410881055
295345	0.002457089449
295346	0.002673990067
295347	0.002188004527
295348	0.001214255437
295349	0.002287588475
295350	0.00486295445
295351	0.003766074759
295352	0.0009215223916
295353	0.001667473204
295354	0.00537729234
295355	0.0002848063543
295356	0.002987612706
295357	0.0003358116495
295358	0.0004118903618
295359	0.00491243443
295360	0.004582674865
295361	0.003301461364
295362	0.002082336869
295363	0.003018371496
295364	0.003226551307
295365	0.001347945822
295366	7.557970425e-05
295367	0.004296919957
295368	0.002940396005
295369	0.002266634052
295370	0.006376896832
295371	0.0008540250966
295372	0.0005449489655
295373	0.001964785472
295374	0.0004296822172
295375	0.002563890428
295376	0.002369725859
295377	0.0003540270485
295378	0.00365423965
295379	0.003771971159
295380	0.002502585218
295381	0.001325848631
295382	0.001756281559
295383	0.0005251815415
295384	0.004797388108
295385	0.001586427257
295386	0.000480802553
295387	0.002505823248
295388	0.004638271038
295389	0.003957957543
295390	0.0005794320044
295391	0.004079065009
295392	0.000453970675
295393	0.0006129504354
295394	0.0001960180955
295395	0.00265471918
295396	0.004398910511
295397	0.002494759378
295398	0.002399245987
295399	0.003634907832
295400	0.002337539487
295401	0.0001035241368
295402	0.00344701637
295403	0.0002547321277
295404	0.005158989787
295405	3.246881298e-05
295406	0.0004402628589
295407	0.004243591722
295408	0.003102108188
295409	0.0002295840112
295410	0.001590027272
295411	0.002440298307
295412	0.0009458805511
295413	5.162533998e-05
295414	0.002866499027
295415	0.002484800727
295416	0.004702445637
295417	0.003123908905
295418	0.001513266159
295419	0.003844078721
295420	0.001949969354
295421	1.219269012e-05
295422	0.004021681135
295423	0.004851694093
295424	0.001608688123
295425	0.0007016255261
295426	0.0001140004521
295427	0.001678543627
295428	0.002782289329
295429	0.004831091158
295430	0.001545586317
295431	0.002791651687
295432	0.00251319989
295433	0.002044651594
295434	0.001873732202
295435	0.004781659784
295436	0.0002163011809
295437	0.0005607164285
295438	0.001526006908
295439	0.000806028471
295440	0.003312385087
295441	0.002479646908
295442	0.003958921727
295443	0.002255864916
295444	0.0002077086028
295445	0.000256051092
295446	0.0002587426976
295447	0.004049817686
295448	0.001834780231
295449	0.0006830177497
295450	0.0005690935814
295451	0.003584385983
295452	0.00379390223
295453	0.004824023657
295454	0.002322543378
295455	0.001401349723
295456	0.002867235806
295457	0.000420880622
295458	0.004926613267
295459	0.004600073965
295460	0.000296675835
295461	0.002892912294
295462	0.004177977127
295463	0.001214218548
295464	0.003679300957
295465	0.003300705742
295466	0.000326293746
295467	0.0007680788693
295468	0.001068915857
295469	0.002668149988
295470	0.004951084614
295471	0.002359955008
295472	0.005054755105
295473	0.000434835056
295474	0.003328428725
295475	0.0009178607798
295476	0.003853126656
295477	0.0004617014499
295478	0.002302497357
295479	0.004359230634
295480	0.0003067257326
295481	0.004788143128
295482	0.003564314181
295483	0.004706943945
295484	0.005372224183
295485	0.003195987841
295486	5.710089886e-05
295487	0.001519154776
295488	0.003915031149
295489	0.001742638519
295490	0.003861098823
295491	0.002647852312
295492	0.004810734636
295493	0.001922597829
295494	0.004501155757
295495	0.002910875274
295496	0.004940080946
295497	0.0006450335439
295498	0.004233646261
295499	0.002768629025
295500	0.001269942196
295501	0.001745362188
295502	0.003144007479
295503	0.003573586812
295504	0.0001605103688
295505	0.004067119367
295506	0.002211489061
295507	0.0002309466682
295508	0.002958172931
295509	0.003891198693
295510	6.093367889e-05
295511	0.004353009988
295512	0.003786198898
295513	0.004655150741
295514	0.004785242256
295515	0.003054060575
295516	0.00453965004
295517	0.00496478739
295518	0.003188454021
295519	0.0001267623833
295520	0.004632602804
295521	0.001115362576
295522	0.002760011998
295523	0.0006378734419
295524	0.002748387361
295525	0.003718092477
295526	0.004557963416
295527	0.003538327887
295528	0.00268785297
295529	0.0008523483656
295530	0.001479467563
295531	0.00201245562
295532	0.002676643971
295533	0.002217019762
295534	0.002492914261
295535	0.0005171743397
295536	0.002708619635
295537	0.005400455969
295538	0.002559150973
295539	0.004746172583
295540	0.002114216504
295541	0.002655206545
295542	0.003434944771
295543	0.004645174998
295544	0.0035811179
295545	0.00123730919
295546	0.0004657036652
295547	0.002432851161
295548	0.001639526946
295549	0.003433554284
295550	0.003846649585
295551	0.002711238693
295552	0.004370358723
295553	0.002288412308
295554	0.002143379957
295555	0.004660232359
295556	0.0006460260175
295557	0.003292768223
295558	0.003634304169
295559	0.004914561807
295560	0.002169217885
295561	0.0009146925228
295562	0.004827039873
295563	0.004941147062
295564	0.001984577549
295565	0.003711854094
295566	0.001481118453
295567	0.00308840212
295568	0.0009199405401
295569	0.003146903286
295570	0.0009454480465
295571	0.003030722152
295572	0.001708521325
295573	0.0002601334003
295574	0.0001238904133
295575	0.0004865838411
295576	0.0007106544493
295577	7.738144539e-06
295578	0.0009250922453
295579	0.002345855928
295580	0.003061243553
295581	0.001520185318
295582	0.001224472459
295583	0.0002238654265
295584	0.001919609719
295585	0.003359437675
295586	0.0009337671213
295587	7.853228574e-05
295588	0.004964552577
295589	0.004801896864
295590	0.002324201591
295591	0.004816145469
295592	0.00451809325
295593	0.0009297401428
295594	0.005345823175
295595	0.003405649021
295596	0.002754868241
295597	0.003122398853
295598	0.001351310142
295599	0.0005434394346
295600	0.00267373269
295601	0.002254158365
295602	0.003607404867
295603	0.0003299888609
295604	0.003012331531
295605	0.001197959066
295606	0.002178313015
295607	0.006096421396
295608	0.00102087088
295609	9.419473096e-05
295610	0.002659143495
295611	0.001046202168
295612	0.0001066925544
295613	0.000393989632
295614	0.001176741348
295615	0.001501373502
295616	0.004809994697
295617	1.211286893e-05
295618	0.0021408975
295619	0.004204697523
295620	0.001336967871
295621	0.00136227454
295622	0.00352216223
295623	0.003784970091
295624	0.0006597204657
295625	0.0008319771971
295626	0.001472902582
295627	0.0007179484477
295628	0.005784178031
295629	0.004365946099
295630	0.001968742644
295631	0.000373536089
295632	0.003264848782
295633	0.005162042297
295634	0.001191587794
295635	0.0004169089684
295636	0.0005429876408
295637	0.0002169988041
295638	0.0002797068737
295639	0.002856649995
295640	0.0004880641794
295641	0.004334801154
295642	0.002457197594
295643	0.004828795772
295644	0.004866772644
295645	0.00365016597
295646	0.004162755153
295647	0.002801696968
295648	0.005864316453
295649	0.000320955209
295650	0.004600766035
295651	0.003701216033
295652	0.001807574853
295653	0.001061005321
295654	0.001705215713
295655	0.001806459839
295656	0.00116017125
295657	0.00474632193
295658	0.001845835553
295659	0.004231207931
295660	0.001992670376
295661	0.003245091573
295662	0.005288108058
295663	0.002164102421
295664	0.003256630061
295665	0.004357337766
295666	0.003689333173
295667	0.003274024814
295668	0.00102496965
295669	0.002731306431
295670	0.003680079196
295671	0.002786471115
295672	0.005139603866
295673	0.0004701191197
295674	0.002871107588
295675	0.004336944329
295676	0.005615464763
295677	0.001196319393
295678	0.001163022889
295679	0.000150139797
295680	0.002539122012
295681	0.000829819626
295682	0.005500188903
295683	0.0006454160176
295684	0.001284025768
295685	0.001404090356
295686	0.00173667439
295687	0.002642571882
295688	0.002078071059
295689	0.001186519488
295690	0.001347175811
295691	0.002451198846
295692	0.001143078135
295693	0.004942718737
295694	0.002915348845
295695	0.004449319586
295696	0.0002118670846
295697	0.006382405646
295698	0.004023671642
295699	0.0008050104545
295700	0.003440231142
295701	0.0033489847
295702	0.002356062631
295703	0.002948042949
295704	0.001504343559
295705	0.00593840741
295706	0.0002512731823
295707	0.005372668413
295708	0.003549338306
295709	0.003019520038
295710	0.004099190321
295711	0.0005264804064
295712	0.004694415471
295713	0.0001966753456
295714	0.001396993561
295715	0.00191755342
295716	0.002993678141
295717	0.0005415171881
295718	0.004474790684
295719	0.003993605402
295720	0.004608389543
295721	0.00151341069
295722	0.002850337616
295723	0.0001087494302
295724	0.004519525994
295725	0.004647633908
295726	0.001115286475
295727	0.0043870636
295728	0.003767002596
295729	0.001323875207
295730	0.002449683571
295731	0.0007441942069
295732	0.004225390142
295733	0.003448459205
295734	0.002829994835
295735	0.00120028719
295736	0.003162618352
295737	0.00340431755
295738	0.001360228202
295739	0.00371400891
295740	0.004061124452
295741	0.0008059814588
295742	0.001882485579
295743	0.00391100765
295744	0.002012512735
295745	0.0002425165493
295746	0.003459912745
295747	0.004918707897
295748	1.190410582e-05
295749	0.001529847384
295750	0.005033506562
295751	0.001416754931
295752	0.004465007861
295753	0.003098827036
295754	0.00203622666
295755	0.004930851474
295756	0.004565102831
295757	5.213558845e-06
295758	0.002894187062
295759	0.003057788441
295760	0.00140695886
295761	0.005285396804
295762	0.00273823444
295763	0.00310385438
295764	0.004646230574
295765	0.004032431696
295766	0.004363623332
295767	0.004703757358
295768	0.002766349413
295769	0.001863421015
295770	0.001023245892
295771	0.004135454444
295772	0.0007126107455
295773	0.004758188956
295774	0.002663543031
295775	0.002402242325
295776	0.004682935408
295777	0.001629848664
295778	0.0003890064236
295779	0.004108959177
295780	0.004814967107
295781	0.004817381229
295782	0.00039492505
295783	0.001923291834
295784	0.001133610972
295785	1.412221068e-07
295786	0.001359310964
295787	0.003427097454
295788	0.003690542326
295789	0.003751920243
295790	0.004443507523
295791	0.003675479312
295792	0.002094095532
295793	0.0005558764656
295794	0.002068778724
295795	0.001896000633
295796	0.003773941993
295797	0.004534191583
295798	0.002985999399
295799	0.001530184994
295800	0.00264231108
295801	0.002201244021
295802	0.002146511439
295803	0.001622736392
295804	0.003021500188
295805	0.003862520492
295806	0.003021736878
295807	0.002963828832
295808	0.005636611843
295809	0.00494232577
295810	0.00102199681
295811	0.001699581631
295812	0.0009748017522
295813	0.005079131979
295814	0.000572983938
295815	0.002558442471
295816	0.001058990723
295817	0.004824816891
295818	0.003723141067
295819	9.014481622e-05
295820	0.00301904781
295821	0.004810026884
295822	0.001466388466
295823	0.0005711994965
295824	0.0002596658766
295825	0.004826131544
295826	0.003373340257
295827	0.00187751159
295828	0.001726272008
295829	0.001828334418
295830	0.0008957923721
295831	0.002994125932
295832	0.0009513526955
295833	0.00257849825
295834	0.0003573767147
295835	0.0045886212
295836	0.003760949509
295837	0.001032603805
295838	0.005644721593
295839	0.001143180361
295840	0.002757534224
295841	0.001353339934
295842	0.003479881557
295843	0.001128578724
295844	0.004918763165
295845	0.002647561371
295846	0.003285427768
295847	0.001344021957
295848	6.630334693e-05
295849	0.004574513632
295850	0.0002498764519
295851	0.00281082072
295852	0.003308430686
295853	0.0008556749978
295854	0.003349520076
295855	0.004357210775
295856	0.00152872848
295857	0.001993034479
295858	0.0001095200344
295859	0.0009569726095
295860	0.000779390467
295861	0.002007362373
295862	0.0001945040209
295863	0.002269718483
295864	0.002413467734
295865	0.003895467974
295866	0.004550812246
295867	0.004678138987
295868	0.002496920006
295869	0.002459491837
295870	0.004455941521
295871	0.0001610034832
295872	0.001491965383
295873	4.027052109e-05
295874	0.002743711099
295875	0.0008452078607
295876	0.001148816484
295877	0.0002387680204
295878	0.003231072169
295879	0.0003572352497
295880	0.0008152664915
295881	0.002914713364
295882	0.001243167122
295883	0.004355025093
295884	9.499109745e-05
295885	0.004923441188
295886	0.002549597043
295887	0.004256020663
295888	4.023296096e-06
295889	0.00101418272
295890	0.0004114608177
295891	0.0003150164475
295892	0.004541550328
295893	0.0001994211033
295894	0.001875161305
295895	0.001647456435
295896	0.002265871943
295897	0.003772878084
295898	0.001356959832
295899	0.002255868205
295900	0.0008213580386
295901	0.002966380267
295902	9.212765693e-05
295903	0.00442053658
295904	0.004813945061
295905	0.005266510795
295906	0.0009354380949
295907	0.003507451789
295908	0.004596382742
295909	0.003915852298
295910	0.001761770372
295911	0.003417549295
295912	0.003696330329
295913	0.0009190713805
295914	0.001077506902
295915	0.001617596478
295916	0.001337711251
295917	0.001070572386
295918	0.001780353325
295919	0.001404626617
295920	0.004808019243
295921	0.004805367217
295922	0.002356012571
295923	0.002057175644
295924	0.00193489832
295925	0.001171385251
295926	0.001869711657
295927	0.001159276066
295928	0.001749736111
295929	0.004492708312
295930	0.004837423411
295931	0.003698681044
295932	0.005038213503
295933	0.001675260268
295934	0.0001024324387
295935	0.004824079521
295936	0.0001007950908
295937	0.003139540478
295938	0.004705919549
295939	0.001507577872
295940	0.003152450329
295941	0.0004433350233
295942	0.001030743681
295943	0.0007151259307
295944	0.00271398943
295945	0.001483881978
295946	0.0002495520901
295947	0.001094990995
295948	0.00329019083
295949	0.001690789173
295950	0.0008797553359
295951	0.0009277564833
295952	0.002083615322
295953	0.00394043143
295954	0.001806444468
295955	0.00129383418
295956	0.0007595425419
295957	0.003957258814
295958	8.775217112e-05
295959	0.003474678343
295960	0.001436835628
295961	0.003815918686
295962	0.001795680408
295963	2.39560437e-06
295964	0.0006708418411
295965	0.003595052569
295966	0.002611357138
295967	0.004918594307
295968	0.001352972439
295969	0.0005879015726
295970	0.003478792558
295971	0.004927659886
295972	0.003229087902
295973	0.0008744470872
295974	0.002371169891
295975	0.00304983719
295976	0.0007834546242
295977	0.0009615270068
295978	0.0003502944262
295979	0.002165171653
295980	0.002400822702
295981	0.001119621712
295982	0.0009126356179
295983	0.002933372119
295984	0.003878705656
295985	0.002719373615
295986	0.00223910772
295987	0.002091965855
295988	0.004041156732
295989	0.002496164739
295990	0.0001205982132
295991	0.004800490554
295992	0.002349940051
295993	0.003525828165
295994	0.005647977857
295995	5.296617421e-05
295996	0.0003568800855
295997	0.002615522588
295998	0.002620777997
295999	0.002017333308
296000	0.003289957045
296001	0.00480679238
296002	0.003112687161
296003	0.0002202807722
296004	0.004150870265
296005	0.004917439099
296006	0.0005911006778
296007	0.001998798571
296008	0.003249158684
296009	0.002853608957
296010	0.003680657288
296011	0.002765661671
296012	0.003691470542
296013	0.0003376336133
296014	0.004360025596
296015	0.002511509475
296016	0.004441151802
296017	0.003017393776
296018	0.002846663967
296019	0.004211944831
296020	3.674923259e-05
296021	0.001594225283
296022	0.001216284135
296023	0.005310594052
296024	0.0002503669407
296025	0.0001242360842
296026	0.003025946217
296027	0.001526838226
296028	0.002070389348
296029	0.001491489754
296030	0.00469510165
296031	0.003576900995
296032	0.0004461671861
296033	0.002066114088
296034	0.001093741137
296035	0.0007195550762
296036	0.00262718608
296037	0.004866172574
296038	0.003854739582
296039	0.002776518013
296040	0.000860192024
296041	0.003306368168
296042	0.00341782409
296043	0.001179342104
296044	0.003163002047
296045	0.004849598727
296046	0.002550570768
296047	0.0005458159937
296048	0.0003116451758
296049	0.001696729305
296050	0.002751164289
296051	0.00315714638
296052	0.002595497941
296053	0.003948968293
296054	0.0003014543495
296055	0.002028326353
296056	0.001879183759
296057	0.0003981827906
296058	0.002585181173
296059	0.00107268225
296060	0.003524171128
296061	0.002667474625
296062	0.000115596187
296063	0.002405766172
296064	0.001447150092
296065	0.003639466471
296066	0.00224209289
296067	0.004108134343
296068	0.0016877619
296069	0.0001352883159
296070	0.001868215952
296071	0.003753501229
296072	0.003244993001
296073	6.021624083e-05
296074	0.001438155952
296075	0.00036963222
296076	0.001689024671
296077	0.002109005328
296078	0.005095655558
296079	8.773253835e-05
296080	0.0006813089335
296081	0.004660220767
296082	0.0002691388407
296083	0.0002253164555
296084	0.004096811414
296085	0.001427046604
296086	0.001542762665
296087	8.348281767e-05
296088	0.00122422343
296089	0.003915807406
296090	0.002278400075
296091	0.0007014809396
296092	0.00413597134
296093	0.003558428887
296094	0.001874386006
296095	0.0002254028398
296096	0.002739439975
296097	0.003573084868
296098	0.0004921937309
296099	0.003186769603
296100	0.0009425057264
296101	0.004584163949
296102	0.002831788727
296103	0.001775549899
296104	0.003277058718
296105	0.002258167385
296106	0.001592896036
296107	0.003346629601
296108	0.0002646792642
296109	0.002783912953
296110	0.003756527614
296111	0.004646151805
296112	0.003667164152
296113	0.003896446193
296114	0.003339096631
296115	0.001767894466
296116	0.002539277656
296117	0.004727304455
296118	0.002478122845
296119	0.002316608432
296120	0.002377786822
296121	0.0005825780957
296122	0.0008962952863
296123	0.004587184176
296124	0.004259547226
296125	8.066533388e-05
296126	0.003301988894
296127	0.002409614953
296128	0.002484179411
296129	0.004303058439
296130	0.002503824215
296131	0.0002447223318
296132	0.00522786093
296133	0.0004468777886
296134	0.003061839002
296135	0.002574026071
296136	0.005315814699
296137	0.001886267233
296138	0.004187941096
296139	0.002808716861
296140	0.004210120895
296141	0.0007178957609
296142	0.001978858725
296143	0.005154846071
296144	0.001948356686
296145	0.004064450249
296146	0.0008205607941
296147	0.002468061789
296148	0.001101991604
296149	0.00335367857
296150	1.882362903e-05
296151	0.002929540798
296152	0.003682697467
296153	0.00510377201
296154	0.003622227775
296155	0.0005052988547
296156	0.001635266538
296157	0.002161703364
296158	0.002342648745
296159	0.002558019524
296160	0.002144569003
296161	0.003802306192
296162	0.0003130093749
296163	0.0044238358
296164	0.004639071841
296165	0.0008596563567
296166	0.002038556518
296167	0.001581738558
296168	0.003726327683
296169	0.002053748418
296170	0.000750722998
296171	0.002307408177
296172	0.0009837706905
296173	0.0002821566099
296174	3.368211281e-05
296175	0.001982126338
296176	0.00127248057
296177	0.0003106797459
296178	0.004771744589
296179	0.0003436776197
296180	0.003496720314
296181	0.002280961843
296182	0.0004327542701
296183	0.003929607305
296184	0.005658222165
296185	0.001393938763
296186	0.002077310086
296187	0.002085544318
296188	0.003508653586
296189	0.003783055266
296190	0.002826597319
296191	0.0008037531529
296192	0.0006157927882
296193	0.004726992996
296194	0.0003977457729
296195	0.005115061243
296196	0.001916742294
296197	0.005542134455
296198	0.003811270849
296199	0.003234918985
296200	0.001160408609
296201	0.005217567052
296202	0.0003537119757
296203	0.004010847262
296204	0.004709005163
296205	0.002344116653
296206	0.002909693093
296207	0.0009996251261
296208	0.0006065967302
296209	0.002166766554
296210	0.002052572494
296211	0.004051888041
296212	8.114133203e-06
296213	0.003458730889
296214	0.0004229002625
296215	0.003320056924
296216	0.0004972907895
296217	0.00501941436
296218	0.0004276853512
296219	0.0002528273679
296220	0.002808746619
296221	0.003708909076
296222	0.0001836700681
296223	0.002297851324
296224	0.0003032316114
296225	0.003836994693
296226	0.0004137399064
296227	0.001132684044
296228	0.00418852927
296229	0.004822772146
296230	0.00145227863
296231	0.0008517908804
296232	0.004414432744
296233	0.004997715898
296234	0.002006132053
296235	0.001948465696
296236	0.002559648474
296237	0.0007866179053
296238	0.001060585301
296239	0.003872768347
296240	0.003630352495
296241	5.286221166e-05
296242	0.003212866018
296243	0.0002169906823
296244	0.001290995342
296245	0.001241287422
296246	0.002215101612
296247	0.00323477202
296248	0.002185593699
296249	0.0001198970027
296250	0.0001328882057
296251	0.003459267568
296252	0.0008182137109
296253	0.0005148097286
296254	0.002099450425
296255	0.001075467048
296256	0.004459520948
296257	0.004355614491
296258	0.005327556742
296259	0.0004451817248
296260	0.0008252528639
296261	0.003336934663
296262	0.002569571243
296263	0.0001663124504
296264	0.002822210556
296265	0.00277587691
296266	0.000940350093
296267	0.0002631687818
296268	0.002896909112
296269	0.00137281703
296270	0.004122891214
296271	0.00491406445
296272	0.004203246345
296273	0.0006657081821
296274	0.0005762885245
296275	0.004464638251
296276	0.003901161037
296277	0.00156870073
296278	0.004038259839
296279	0.003936550393
296280	0.002679180175
296281	0.0003801892414
296282	0.001195838513
296283	0.0004947540555
296284	0.002658663186
296285	0.003796975839
296286	0.0008102175758
296287	0.003345214888
296288	0.003335088834
296289	0.0006983651131
296290	0.0009485326668
296291	0.002931130302
296292	0.004815235112
296293	0.001013047348
296294	0.004839571997
296295	0.004075167393
296296	0.0001945546842
296297	0.002878854991
296298	0.001445268191
296299	0.0001949471046
296300	0.004495469366
296301	0.003399042963
296302	0.001173996083
296303	0.0004289307551
296304	0.002840686937
296305	0.0002170985764
296306	0.002717086341
296307	0.004081253109
296308	0.003423486383
296309	0.001825134847
296310	0.005734498052
296311	0.00388845877
296312	0.002001122033
296313	0.001030025877
296314	0.0005793003758
296315	0.001433126208
296316	0.003577875995
296317	0.0003325412062
296318	0.004747592806
296319	0.004259206116
296320	0.003044356725
296321	0.003767370378
296322	0.003022964597
296323	0.0002768345381
296324	0.005167549849
296325	0.002603122336
296326	0.005514300799
296327	0.003953440254
296328	0.004695923753
296329	0.000336785938
296330	0.004914321933
296331	0.003814649507
296332	0.003686687254
296333	0.003127723028
296334	0.003542565798
296335	0.004888528501
296336	0.004265288424
296337	0.001642278713
296338	0.002966720522
296339	0.004117726645
296340	0.000752992857
296341	0.0004141796477
296342	0.002405221
296343	0.0002815850201
296344	8.169394022e-06
296345	0.004614881441
296346	0.0009738263859
296347	0.00507818496
296348	0.002230026548
296349	6.981550874e-05
296350	0.0007484643094
296351	0.003775026424
296352	0.0001012038645
296353	0.003563638692
296354	0.00338667912
296355	0.0007330654667
296356	0.0002299477113
296357	0.0004397710247
296358	0.0007171743307
296359	0.004291184053
296360	0.003488632677
296361	0.002224932183
296362	0.003815375398
296363	0.004032122505
296364	0.004680554117
296365	0.002032981561
296366	0.0001625878833
296367	0.002716633331
296368	0.00239299398
296369	0.004360911607
296370	0.003202884813
296371	0.002077714934
296372	0.003663536525
296373	0.0002894505259
296374	0.002305394627
296375	0.001591227865
296376	0.003743844092
296377	0.003720373025
296378	0.00304293019
296379	0.0003499817366
296380	0.003493723929
296381	0.001655132599
296382	0.001013390285
296383	0.002303591214
296384	0.001803370786
296385	0.001201317313
296386	0.00144184199
296387	0.004832779105
296388	0.00399957746
296389	0.001489911348
296390	0.0001324159679
296391	0.004485261398
296392	0.001665758808
296393	0.0006770891268
296394	0.004540868197
296395	0.0002315314482
296396	0.0002393568608
296397	0.0007000563137
296398	0.004398183772
296399	0.004699083197
296400	0.002634594686
296401	0.002138787123
296402	0.004736680956
296403	0.004347725184
296404	0.00173375694
296405	6.729219776e-05
296406	0.003858369372
296407	0.00152918054
296408	1.874617499e-05
296409	0.0009500479044
296410	0.004048262736
296411	0.00314367119
296412	0.003663248903
296413	0.001612378076
296414	0.00201602642
296415	0.003187758164
296416	0.002220301284
296417	0.001512886174
296418	0.005041442096
296419	0.004618008235
296420	0.001467554344
296421	0.005213697956
296422	0.0002972313938
296423	0.001939909394
296424	0.0017607114
296425	0.002789715398
296426	0.004821414921
296427	0.0005027678831
296428	0.00103110706
296429	0.001786323659
296430	0.0006826496142
296431	0.004813184402
296432	0.003642613433
296433	0.003793714486
296434	0.0002316256272
296435	0.001689421713
296436	0.002154510768
296437	0.001026534367
296438	0.003230896887
296439	0.003093915691
296440	0.000502774086
296441	0.003229667432
296442	0.005444889644
296443	0.003595916291
296444	0.0005089326886
296445	0.002515435307
296446	0.003735182754
296447	0.004299943852
296448	0.002827490238
296449	0.0001088553153
296450	8.326909901e-05
296451	0.001127699469
296452	0.002425239697
296453	0.0009223155056
296454	0.0006607775659
296455	0.004449480766
296456	0.004033754105
296457	0.002639457881
296458	0.004932620972
296459	0.001898490677
296460	0.0001103933339
296461	0.003713925604
296462	0.002088193991
296463	0.005084524203
296464	0.0005576130155
296465	0.0006226590241
296466	0.002046426327
296467	0.0003512966109
296468	0.004577254261
296469	0.0008691288333
296470	0.004811037766
296471	0.00122414018
296472	0.004498052001
296473	0.001128360466
296474	0.003936013647
296475	0.003824208806
296476	0.004388074648
296477	0.0001334886415
296478	0.0009778313345
296479	0.00134439801
296480	0.0006496462113
296481	0.0001712051881
296482	0.000196314151
296483	0.001199186946
296484	0.004010247066
296485	0.005044722044
296486	0.002740005095
296487	0.0001311767
296488	0.002625898346
296489	0.003598623649
296490	0.004221650388
296491	0.001885297718
296492	0.002968331282
296493	0.0003587485951
296494	0.004443282625
296495	0.001518067209
296496	0.00273402482
296497	0.004644224286
296498	0.003588986409
296499	0.00260117548
296500	0.001424816039
296501	0.002227499172
296502	0.002693762394
296503	0.0002798182903
296504	0.004652681146
296505	0.004004920333
296506	0.003493570168
296507	0.003588395293
296508	0.00197420516
296509	0.003075308536
296510	0.001103923591
296511	8.132553473e-06
296512	0.00156803889
296513	0.001105796197
296514	0.003607375489
296515	0.004511028914
296516	0.004822326285
296517	0.0027628171
296518	0.004461935125
296519	0.002364179083
296520	0.0009648696539
296521	1.247513433e-05
296522	0.004926613267
296523	0.002792691514
296524	0.003996739183
296525	0.004918554397
296526	0.004611180353
296527	0.002626859751
296528	0.0005611739369
296529	0.001498533071
296530	0.002220610665
296531	0.0005159539249
296532	0.004938824377
296533	0.003321361398
296534	0.003022727256
296535	0.002404162644
296536	0.002315089601
296537	0.003711724171
296538	0.004710313871
296539	0.004523976014
296540	0.003040872547
296541	0.004144479834
296542	0.003442955318
296543	0.004807135227
296544	0.002954620799
296545	0.0001229375445
296546	0.001858425686
296547	0.000180014729
296548	0.0005080589592
296549	0.001312668772
296550	0.0001781786776
296551	0.0003308460474
296552	3.716291529e-06
296553	0.003322411507
296554	0.002596849522
296555	0.005562809425
296556	0.0001148334187
296557	0.001569598476
296558	0.003237439627
296559	0.004594382735
296560	0.003126289096
296561	0.001268445095
296562	0.004815163648
296563	0.003464548883
296564	0.0005210430346
296565	0.002990002098
296566	0.002851139571
296567	0.0009450317266
296568	0.0003183980933
296569	0.001299216928
296570	0.0003402901763
296571	0.004154081766
296572	0.002203348702
296573	0.0009033608895
296574	0.004119609084
296575	0.004330102834
296576	0.005536891966
296577	0.004065846121
296578	0.0008038492387
296579	0.0003413401973
296580	0.0006461638659
296581	0.006734714409
296582	0.0004766623586
296583	0.001187976151
296584	0.002428472795
296585	0.0009097999313
296586	0.004172437842
296587	0.003882109053
296588	0.001414345541
296589	0.00067536772
296590	0.003490750766
296591	0.0002099211765
296592	0.001832641331
296593	0.003399634442
296594	0.0002548752946
296595	0.003246000366
296596	0.003211465654
296597	0.0007479205721
296598	0.003289597722
296599	0.0004554716076
296600	0.000642646171
296601	0.0005115130263
296602	0.003705250122
296603	0.0005819556018
296604	0.003693190442
296605	0.0003947419034
296606	0.001388288754
296607	0.001529170687
296608	0.001879657977
296609	0.0005544575022
296610	0.003493685906
296611	0.003065483074
296612	0.0005430193249
296613	0.0009094348884
296614	0.002012686143
296615	0.001889410881
296616	0.002962226455
296617	0.005673380839
296618	0.004444461147
296619	0.0006744569844
296620	0.000304922113
296621	0.0004535824099
296622	0.002975225302
296623	0.001643406679
296624	0.0005662944082
296625	0.002167508519
296626	0.003386840829
296627	0.003001386371
296628	0.001124653156
296629	0.003205304731
296630	0.00276060894
296631	0.001735435163
296632	0.002580697783
296633	0.003766505867
296634	0.004310397367
296635	0.003861663772
296636	0.0001513542399
296637	0.002502735119
296638	0.004839581347
296639	0.0009248227641
296640	0.001821148057
296641	0.003664654548
296642	0.004926613267
296643	0.001888799356
296644	0.0005415788279
296645	0.001511787526
296646	0.004293968103
296647	0.0006511783281
296648	0.001920198939
296649	0.004843928536
296650	0.005676333675
296651	0.0015707369
296652	0.001423519501
296653	0.003694251333
296654	0.001993004048
296655	0.003823810024
296656	0.003278422397
296657	0.001462991168
296658	0.003596794977
296659	0.004634515768
296660	0.003643557726
296661	0.0004896174516
296662	0.001097888799
296663	0.004320241445
296664	0.0005259718589
296665	0.0002360855337
296666	0.001327991757
296667	0.005090746652
296668	0.003849558559
296669	0.004307053588
296670	0.002063437762
296671	0.002033857042
296672	0.001258538381
296673	0.004662344148
296674	0.001677494172
296675	0.003717010195
296676	0.003307332773
296677	0.002854427448
296678	0.001260869629
296679	0.002257479676
296680	0.003578798277
296681	0.005244700465
296682	0.0009691213633
296683	0.001869046572
296684	0.002730428461
296685	0.002276517599
296686	0.0003273706935
296687	0.005130469883
296688	0.002871991456
296689	0.004586414865
296690	0.002509022258
296691	0.005051040921
296692	0.0004314500365
296693	0.002170453088
296694	0.004419027753
296695	0.004675509456
296696	0.0002046834224
296697	0.003923603051
296698	0.001109172686
296699	0.003732047581
296700	0.002838197909
296701	0.001469637344
296702	0.005553300891
296703	0.004529022225
296704	0.003910019558
296705	0.002073813538
296706	0.003715059262
296707	0.00174514649
296708	0.002898938679
296709	0.001355538512
296710	0.002696449465
296711	7.609299679e-06
296712	0.001483434152
296713	0.003527385012
296714	0.004088002594
296715	0.003900004948
296716	0.00564239396
296717	0.0002345165915
296718	0.005032027289
296719	0.0001290200162
296720	0.003698144499
296721	0.003401497665
296722	0.002072995429
296723	0.003604508181
296724	0.001466716954
296725	0.001027289703
296726	0.002742257472
296727	0.004681182815
296728	0.0001742203105
296729	0.002904803206
296730	0.004658488659
296731	0.00442354936
296732	0.0004198746184
296733	0.00304765623
296734	3.906634355e-06
296735	0.0002391804689
296736	0.0007013620899
296737	0.0005543771721
296738	0.002543429691
296739	0.005245898602
296740	0.0005150298172
296741	0.0003672174984
296742	0.00137987875
296743	0.002159123951
296744	0.002665534914
296745	0.0007543552298
296746	0.002610162965
296747	0.0005250937933
296748	0.003234250682
296749	0.0001708275586
296750	0.001113786298
296751	0.004846767778
296752	0.00244122008
296753	0.003736245778
296754	0.003638122817
296755	0.004743358383
296756	0.003878426171
296757	0.002836528133
296758	0.004120917479
296759	0.0009170206984
296760	0.001149588288
296761	0.003058533877
296762	0.005018917453
296763	0.003009966383
296764	0.002248319888
296765	0.004943972978
296766	0.003759088618
296767	0.004922497877
296768	0.001371654982
296769	0.004736283036
296770	0.001373416614
296771	0.001501110224
296772	0.001920046895
296773	0.0008287601191
296774	0.004544562042
296775	0.004612698961
296776	0.00446243241
296777	0.001755190274
296778	0.0006898705367
296779	0.00520412513
296780	0.0009777177348
296781	0.001641575999
296782	0.0008625072252
296783	0.004171332527
296784	4.50667127e-05
296785	0.0008380841129
296786	8.243816999e-05
296787	0.003834550575
296788	0.00395223916
296789	0.001250928607
296790	0.0003757494267
296791	0.001477280069
296792	0.004707624846
296793	0.004490599903
296794	0.0001206974176
296795	0.004796589216
296796	0.0006013717485
296797	0.005394443532
296798	0.00232660885
296799	0.001128230554
296800	0.002101015744
296801	0.005500453589
296802	0.002554099329
296803	0.001615146838
296804	8.378157137e-06
296805	0.002412015459
296806	0.00349343885
296807	0.005119498829
296808	0.002271358304
296809	0.001642161738
296810	0.0006045959313
296811	0.001601462081
296812	0.001578018641
296813	0.00309825419
296814	0.005519174546
296815	0.004023922826
296816	0.003436018689
296817	0.0001233665013
296818	0.002910421712
296819	0.0008107050902
296820	0.00467007956
296821	0.003027072323
296822	0.003863362935
296823	0.0003721005246
296824	0.003345836364
296825	0.000519932229
296826	0.004089202899
296827	0.005153003901
296828	0.005032589628
296829	0.005053772997
296830	0.003194661631
296831	2.816614272e-05
296832	0.00283139239
296833	0.0007411274025
296834	0.003482690411
296835	0.004099954651
296836	0.003822432922
296837	0.002262423768
296838	0.0005977606803
296839	0.00255154091
296840	0.00184440736
296841	0.000424587779
296842	0.004463773764
296843	0.004018470915
296844	0.0001730710107
296845	0.002102323877
296846	0.002703196286
296847	0.003246164776
296848	0.003419840562
296849	0.002211272533
296850	0.004922543927
296851	0.003121557322
296852	0.003960164562
296853	0.003858097331
296854	0.0001973539747
296855	0.001771487203
296856	0.004599096081
296857	0.002802530113
296858	0.001338646953
296859	0.001524307525
296860	0.0001958746519
296861	0.002576384364
296862	0.00543739834
296863	0.001449812549
296864	0.003768101929
296865	0.004570826009
296866	0.004689626132
296867	0.002881692728
296868	0.005591949107
296869	0.0005091645245
296870	0.003659931909
296871	0.002670176298
296872	0.0001997087518
296873	0.0007263893343
296874	0.001928367088
296875	0.003818091277
296876	0.001695918891
296877	0.004435597642
296878	0.003638918885
296879	0.003372975667
296880	0.00364371499
296881	5.888815424e-05
296882	0.003969868717
296883	0.002847943466
296884	0.0001348059673
296885	0.00432683089
296886	0.002685924237
296887	0.003171168863
296888	0.002644177041
296889	0.0005586255284
296890	0.004340814297
296891	9.156485652e-05
296892	0.0009437444112
296893	0.0002077286772
296894	0.001615274612
296895	0.0004716066315
296896	0.001745141783
296897	0.001872782355
296898	0.003361985754
296899	0.004859277058
296900	0.002797238801
296901	0.001344592783
296902	4.774058517e-05
296903	0.002325439749
296904	0.002022486935
296905	0.001706498287
296906	0.004221770967
296907	0.005060428918
296908	0.0003421799579
296909	0.004519223661
296910	0.004224490338
296911	0.001297278343
296912	0.003195237443
296913	0.003611525555
296914	0.004479811868
296915	0.000369522472
296916	0.001529423548
296917	0.0002455279043
296918	0.004734065662
296919	0.003438278342
296920	0.0009238613388
296921	0.001226911426
296922	0.001560247283
296923	0.001070478079
296924	0.001033200181
296925	0.0007464407841
296926	0.0010569123
296927	0.004926748354
296928	0.001047218929
296929	0.001710115517
296930	0.0006677312438
296931	0.002488877205
296932	0.00268574846
296933	0.003152811843
296934	0.00280455106
296935	0.002114524325
296936	0.002825583221
296937	5.142858925e-05
296938	0.001306582159
296939	0.005118229452
296940	0.003147218779
296941	0.003296832886
296942	0.004585648623
296943	0.0001373690604
296944	0.001489997639
296945	0.002388250269
296946	0.001941790303
296947	0.0008042269043
296948	0.003937127552
296949	0.004435704561
296950	0.00104400204
296951	0.002315758427
296952	0.00523570247
296953	0.001637104541
296954	0.003294217402
296955	0.003688447289
296956	0.0006252899539
296957	0.003805090615
296958	0.002277494076
296959	0.002056826199
296960	0.0039678591
296961	0.003958954411
296962	0.00281477343
296963	0.004653823248
296964	0.004934696707
296965	0.004796294845
296966	0.0007434314735
296967	0.004020445755
296968	0.002475752016
296969	0.0003068670345
296970	0.004592365797
296971	0.002251493768
296972	0.0003884404426
296973	0.002883226207
296974	0.004162879543
296975	0.0003515921877
296976	0.005605415723
296977	0.0002444540915
296978	0.001018575229
296979	0.0006696342009
296980	0.003518283725
296981	0.002067319602
296982	0.001475205793
296983	0.001696225913
296984	0.000247255103
296985	0.0010816808
296986	0.0008379981886
296987	0.001870082108
296988	0.0008956607509
296989	0.0006867818855
296990	0.001564864511
296991	0.001869053213
296992	0.0056749777
296993	0.004707627033
296994	0.003204124835
296995	0.005145726336
296996	0.0009816899763
296997	0.001490151593
296998	0.002385011093
296999	0.004662456552
297000	0.001594250355
297001	0.002048759766
297002	0.003643164964
297003	0.0008435724269
297004	0.004094247287
297005	0.002701086233
297006	0.00507709744
297007	0.002918295101
297008	0.004188976664
297009	0.002698182759
297010	0.0001020579279
297011	0.0004392905454
297012	0.004926613267
297013	0.004076002162
297014	0.005359923734
297015	0.000774733826
297016	0.004239256157
297017	0.001669488613
297018	0.0008907201804
297019	0.003513169907
297020	0.0002228849452
297021	0.001366080381
297022	0.002103557434
297023	0.0001736798991
297024	0.003365148425
297025	0.003028549781
297026	0.0008818711536
297027	0.003111090197
297028	0.001804462751
297029	0.0001526338503
297030	0.001850189766
297031	0.004326118192
297032	0.0007493707089
297033	0.003670732251
297034	0.0009617130349
297035	0.001443352583
297036	0.004366497429
297037	0.001076849862
297038	0.005227848428
297039	0.002630192965
297040	0.0009312268643
297041	0.001289409381
297042	0.002840532065
297043	0.001485875982
297044	0.001800929664
297045	0.002439749266
297046	0.00373092502
297047	0.0009487004203
297048	0.0002359896903
297049	0.004034551429
297050	0.001083673624
297051	0.002796011319
297052	0.0009485804825
297053	0.001354892414
297054	0.003405261682
297055	0.003879691587
297056	0.004814243167
297057	0.00360383717
297058	0.001593655042
297059	0.003349156499
297060	0.0005379695545
297061	0.00364178382
297062	0.004580821918
297063	0.0004151310319
297064	0.004856603221
297065	0.000208525522
297066	0.002292491462
297067	0.002809078168
297068	0.002981609403
297069	0.0003452170314
297070	0.001995170549
297071	0.004282738718
297072	0.005155375387
297073	0.001625210626
297074	0.003998385936
297075	0.001471573968
297076	0.0006133176894
297077	0.001066899139
297078	0.004403435861
297079	0.003824034967
297080	0.0001664156941
297081	0.003709285388
297082	0.005224660488
297083	0.001399036543
297084	0.002273291657
297085	0.003031537131
297086	0.000764924122
297087	0.001075600012
297088	0.0001794553587
297089	0.003964613118
297090	0.001153647788
297091	0.002456074496
297092	0.004643765847
297093	0.003726530787
297094	0.003544908929
297095	0.003174907606
297096	0.004555480962
297097	0.001640495794
297098	0.0006139792882
297099	0.003059945491
297100	0.002228656486
297101	0.001313613926
297102	0.004163932715
297103	0.005179185043
297104	0.001229477424
297105	0.003090719572
297106	0.004705135263
297107	0.005352779092
297108	0.003429607429
297109	0.001015905627
297110	0.004377374321
297111	0.0002117461116
297112	0.0006559563049
297113	0.005306092161
297114	0.004157229246
297115	0.004406125269
297116	0.0005391905743
297117	0.003391799099
297118	0.0003103013082
297119	0.001125680505
297120	0.004601481902
297121	0.0001176895636
297122	0.002006692116
297123	0.002085643961
297124	0.001077032681
297125	0.0001903493986
297126	0.000856006691
297127	0.004195790566
297128	0.004621988612
297129	0.002931196555
297130	0.004426703014
297131	0.001214282061
297132	0.001161111938
297133	0.001566388525
297134	0.003519075215
297135	0.001416418577
297136	0.004614591481
297137	0.00359957023
297138	0.0008418739183
297139	0.001864333188
297140	0.004723944096
297141	0.004112710126
297142	0.003240344137
297143	0.001884728968
297144	0.00023425265
297145	0.002350638308
297146	0.004367345088
297147	0.0006630409592
297148	0.0004719476707
297149	2.824232577e-05
297150	0.00452787563
297151	0.003768844546
297152	0.002328593077
297153	0.004500715147
297154	0.00583779219
297155	0.002566763776
297156	0.004714692137
297157	0.002937566863
297158	0.0007569149541
297159	0.004625044264
297160	0.003504793293
297161	0.001601368531
297162	0.001992163747
297163	0.001684698424
297164	0.001979612663
297165	0.001474453223
297166	0.002938392209
297167	0.003582229426
297168	0.002559971214
297169	0.005221804628
297170	0.002554643643
297171	0.004562469915
297172	0.004665041822
297173	0.00473568805
297174	0.001935958936
297175	0.004861022007
297176	0.0004931843284
297177	0.001526527717
297178	0.001504977603
297179	0.003085281261
297180	0.0005795052059
297181	0.005123628362
297182	0.003737400688
297183	0.004431217564
297184	0.003112147634
297185	0.0005957220932
297186	0.002472491265
297187	0.002659158439
297188	0.0002716198822
297189	0.0006689993101
297190	0.002022379512
297191	0.001385864828
297192	0.003628923713
297193	0.0001114146475
297194	0.003942398149
297195	0.003897190966
297196	0.001679872624
297197	0.001733026483
297198	0.002398784435
297199	0.001355716446
297200	0.005555542103
297201	0.002729505391
297202	0.00226066509
297203	0.004408999476
297204	0.002865851588
297205	0.002019347242
297206	0.0005698578411
297207	0.0004895591816
297208	0.003338047786
297209	0.003011552397
297210	0.0011969893
297211	0.003717620134
297212	0.00395787036
297213	0.001075000465
297214	0.001397491133
297215	0.0004338871022
297216	0.004311834922
297217	0.004500395807
297218	0.004686740816
297219	0.004968778957
297220	0.002926162298
297221	0.003004075212
297222	0.003868766443
297223	0.0009395444149
297224	0.002428053249
297225	0.0001637492619
297226	0.001436922038
297227	0.003092947595
297228	0.004073489679
297229	0.004761278435
297230	4.075486874e-06
297231	0.0006662147091
297232	0.001409922266
297233	0.002745018444
297234	0.001202021962
297235	0.002848840298
297236	0.003870175309
297237	0.0005790078349
297238	0.0001060493325
297239	0.001694530012
297240	0.0001895583858
297241	0.0006574509798
297242	0.004583332593
297243	0.002544553572
297244	0.003565762917
297245	0.002832150241
297246	0.00389987205
297247	0.0004004136774
297248	0.001085425089
297249	0.003759476478
297250	0.0008177281269
297251	0.002410574872
297252	0.0002617525127
297253	0.003566173468
297254	0.001431699636
297255	0.004103126491
297256	0.0009006049238
297257	0.002624010774
297258	0.002764900383
297259	0.004238482041
297260	0.003367921304
297261	1.740143173e-05
297262	0.001675524359
297263	0.004601632358
297264	0.002538257382
297265	0.001883960693
297266	0.0008862778053
297267	0.0003740434225
297268	0.00304928459
297269	0.004248339252
297270	0.002986374977
297271	0.005117742707
297272	2.54345975e-05
297273	0.004768649853
297274	0.003760243654
297275	0.0004762548846
297276	0.001617662187
297277	0.001816712422
297278	0.002111772889
297279	0.004681728437
297280	0.003459414669
297281	0.001843051449
297282	0.002851465899
297283	4.134883434e-05
297284	0.00461764194
297285	0.0003426378876
297286	0.002754391836
297287	0.0002978534675
297288	0.0003455556213
297289	0.001093454438
297290	0.001150228708
297291	0.002212442981
297292	0.004808284997
297293	0.002036589607
297294	0.0002036787117
297295	0.001216694662
297296	0.003933493791
297297	0.002058694777
297298	0.0004344557678
297299	0.005035201322
297300	0.005505204846
297301	0.001466403024
297302	0.0005668387472
297303	0.002403468853
297304	0.001195270471
297305	0.001370229554
297306	0.002936002481
297307	0.003171954831
297308	0.003288247711
297309	0.001279974268
297310	0.005478715336
297311	0.003924188997
297312	0.0003187928891
297313	0.001662882483
297314	0.00314826216
297315	0.00289257745
297316	0.004258793553
297317	0.00339629551
297318	0.003313272919
297319	0.000441934108
297320	0.0009760330214
297321	0.000969847375
297322	0.001190979473
297323	0.001429849945
297324	0.002879383838
297325	9.055866217e-05
297326	0.004023516695
297327	0.003359228738
297328	0.003407594487
297329	0.004866456167
297330	0.002927900842
297331	0.0004674196825
297332	0.002981290461
297333	0.004919742618
297334	0.004836303021
297335	0.00183652743
297336	0.0001012333541
297337	0.002512936247
297338	0.004807012195
297339	0.0003976697523
297340	0.001457222288
297341	0.001021053109
297342	0.004458982484
297343	0.002949824969
297344	0.003735378134
297345	0.005197942575
297346	0.004230546096
297347	2.162139705e-05
297348	0.000232106274
297349	0.003558923783
297350	0.002868999745
297351	0.003081122044
297352	0.003118850965
297353	0.003292958544
297354	0.005037145977
297355	0.001242788701
297356	0.002408410035
297357	0.0005982810955
297358	0.0009301281158
297359	0.003626842718
297360	0.003229162253
297361	0.004204626603
297362	0.00114325918
297363	0.002952246734
297364	0.001966570618
297365	0.001530961349
297366	9.080015699e-05
297367	0.004926613267
297368	0.002108333339
297369	0.001269145617
297370	0.0004509332281
297371	0.0001209946106
297372	0.001956979861
297373	0.005302263539
297374	0.001854273261
297375	0.001790541353
297376	0.002639107228
297377	0.001765499436
297378	0.0007547642319
297379	0.001119948232
297380	0.0007613814487
297381	0.001322460328
297382	0.001036447951
297383	0.0009775031356
297384	8.023685299e-05
297385	0.00244910452
297386	0.00209994491
297387	0.0004214888708
297388	0.001904005226
297389	0.001010742345
297390	0.0006881050714
297391	0.003250566162
297392	0.005342922365
297393	0.0004461575097
297394	0.001720339013
297395	0.0004801092969
297396	0.002150958669
297397	0.0002759383139
297398	0.004501506791
297399	0.001397306709
297400	0.0008151095442
297401	0.0005804926494
297402	0.006409688144
297403	0.001656589868
297404	0.000792756056
297405	0.004000394665
297406	0.0006910182356
297407	0.002788907985
297408	0.002886479703
297409	0.001870801401
297410	0.003796279458
297411	0.00158290585
297412	0.0009349502414
297413	0.0004602534687
297414	0.0004576874224
297415	0.001357561616
297416	0.003079626714
297417	0.001395203308
297418	0.0008234710767
297419	7.683902285e-05
297420	0.005500646739
297421	0.0002718946796
297422	0.003094025086
297423	0.002591354255
297424	0.002319636806
297425	0.001345369225
297426	0.0009382301189
297427	0.001953286645
297428	0.002454888883
297429	0.0008215891371
297430	0.0005743812263
297431	0.001244836876
297432	0.0004431310487
297433	0.001603556247
297434	0.001241731037
297435	0.001701036004
297436	0.00224969381
297437	0.0002446095807
297438	0.001633937622
297439	0.001074533528
297440	0.000687124638
297441	0.0007942154881
297442	0.002479183138
297443	0.001488942399
297444	0.001434665583
297445	0.002186418747
297446	0.002499116152
297447	0.002080198109
297448	0.003458085306
297449	0.00275986523
297450	0.0005278822615
297451	0.00192315589
297452	0.001920320663
297453	0.0004795913204
297454	0.0009366076784
297455	0.002088170949
297456	0.002734866137
297457	0.001353028383
297458	0.001866056345
297459	0.002693918961
297460	0.0003740720626
297461	0.001570680493
297462	0.001177547064
297463	0.001876747259
297464	0.0001590026853
297465	0.00168259476
297466	0.003395415916
297467	0.00420599853
297468	0.0005549454709
297469	0.001374409328
297470	0.0008228915772
297471	0.0007589717012
297472	0.0006042621087
297473	0.0003129451323
297474	0.0009422816329
297475	0.0005631182891
297476	0.0007533218944
297477	1.288086499e-05
297478	0.004181003258
297479	0.003192323487
297480	0.0003537058729
297481	0.0003410551352
297482	0.002697783662
297483	0.002438277364
297484	0.001134018786
297485	0.000732330663
297486	1.049106099e-05
297487	0.002501991257
297488	0.0003647346227
297489	0.0001801642271
297490	0.0005120557245
297491	0.0001379512761
297492	0.001134478096
297493	0.004699644432
297494	0.001245326095
297495	0.004614135457
297496	0.001336595284
297497	0.0008805420732
297498	0.003121314975
297499	0.0005359912409
297500	0.00196943462
297501	0.00125927789
297502	0.000639284132
297503	0.001065046672
297504	0.001058962838
297505	0.002403749982
297506	0.0009671779179
297507	0.0002455840521
297508	0.001829785154
297509	0.002046133344
297510	0.001793950907
297511	0.0008001622912
297512	0.003170222298
297513	0.00312404281
297514	0.003512094335
297515	0.00182428328
297516	0.001104502648
297517	0.0004776534663
297518	0.001199662744
297519	0.0005981940392
297520	0.001194973344
297521	0.0003292824459
297522	0.0001983018068
297523	0.000686623566
297524	8.672109324e-05
297525	0.001204906146
297526	0.002026427755
297527	0.001669541108
297528	0.005331945726
297529	0.001989662413
297530	0.002191776721
297531	0.002993144205
297532	0.002363153951
297533	0.0002044149669
297534	0.001620436229
297535	0.002722964807
297536	0.002378400025
297537	0.00379551348
297538	0.0012880136
297539	0.0003245743324
297540	0.004842077225
297541	0.00275689471
297542	0.002738223493
297543	0.001505228789
297544	0.0006141914683
297545	0.003548086316
297546	0.0002210032718
297547	6.47768876e-05
297548	0.0002306153766
297549	0.001188641158
297550	0.0004727043385
297551	0.00105989864
297552	9.159796199e-05
297553	0.0005229235779
297554	0.001967962973
297555	0.004091508593
297556	0.003595956437
297557	0.003124088517
297558	0.0001187611448
297559	0.001019035939
297560	0.0008278173203
297561	0.0005044174468
297562	0.0007340180657
297563	0.002001025483
297564	0.002564213763
297565	0.001699764514
297566	0.0001038872299
297567	0.0002363980981
297568	0.0006548689106
297569	0.002770169396
297570	0.001992156698
297571	0.0004765234679
297572	0.000453071232
297573	0.001423389296
297574	0.000460722501
297575	0.0006170425794
297576	0.0001053086536
297577	0.001841147041
297578	0.002086535392
297579	0.00119746269
297580	0.0008398838722
297581	0
297582	0.000670333846
297583	0.001273270078
297584	0.0006515287966
297585	0.0004167921781
297586	0.0027157325
297587	0.001816066654
297588	0.003349210217
297589	0.001111196862
297590	0.001717042807
297591	0.0004202109345
297592	0.003141672356
297593	0.001673213534
297594	0.002630683733
297595	0.00173672102
297596	0.001820622946
297597	0.0006796263202
297598	0.000348577361
297599	0.00111351437
297600	0.001383568984
297601	0.001033081483
297602	0.001202004064
297603	0.001854973885
297604	0.0004159285512
297605	0.00225170999
297606	0.005313118933
297607	0.003171362831
297608	0.0005874845671
297609	0.0001894730778
297610	0.002476599677
297611	0.0045271247
297612	0.001141062331
297613	0.004952427667
297614	0.003582067798
297615	0.001385214593
297616	0.001574090282
297617	0.004048786224
297618	0.001155912371
297619	0.001253315116
297620	0.001579930403
297621	0.001266163689
297622	0.001894853377
297623	0.004946385092
297624	0.001386843881
297625	0.001661823461
297626	0.002927091705
297627	0.001402946254
297628	0.004033789065
297629	0.003161168383
297630	0.001521610936
297631	0.0005226209716
297632	0.003652576796
297633	0.0002283682341
297634	0.0002082177502
297635	0.000601080938
297636	0.0002850811949
297637	0.002581988889
297638	0.001108604545
297639	0.0009281767319
297640	5.852303642e-05
297641	0.0006781349677
297642	0.001131516986
297643	0.0001295111815
297644	0.002534068902
297645	0.002214278991
297646	0.001213300372
297647	0.0006342650162
297648	0.0007175322657
297649	0.007233671829
297650	0.001256302756
297651	0.002318701777
297652	0.0005847728519
297653	0.001874931786
297654	0.0005731955521
297655	0.0004095667332
297656	0.002541815632
297657	0.0001983286458
297658	1.416869874e-05
297659	0.0002169706896
297660	0.002654385592
297661	0.001721713587
297662	0.001054081289
297663	0.0002583105552
297664	0.006124729699
297665	0.0006946731869
297666	0.000799460246
297667	0.0001951158557
297668	0.001721549756
297669	0.0004128422708
297670	0.001922451113
297671	0.0006844041437
297672	0.0002143730004
297673	0.001218352616
297674	0.0002187347407
297675	0.001075689416
297676	0.001402408881
297677	0.0007401346617
297678	0.0007861495751
297679	0.0007645031918
297680	0.000443346876
297681	0.001238704152
297682	0.0004621972394
297683	0.00318305142
297684	0.001955457233
297685	0.001831994524
297686	0.001565727952
297687	0.0009815801991
297688	0.001117228314
297689	0.002666942254
297690	0.001439151376
297691	0.001352090954
297692	0.002430687178
297693	0.00217097221
297694	0.0001561624167
297695	0.001420002434
297696	0.0003098568467
297697	0.0005423880397
297698	0.0004410988187
297699	0.0030134681
297700	0.002906905879
297701	0.0002839285361
297702	0.001272273103
297703	0.001465618579
297704	0.001632208141
297705	0.0005835176482
297706	0.001965863389
297707	0.001290580037
297708	0.000384962636
297709	0.0001136671358
297710	0.0008777749119
297711	0.0006780334544
297712	0.002053027694
297713	0.0009576198863
297714	0.001263800239
297715	0.0009910126274
297716	0.004458842122
297717	0.0016552558
297718	0.002346808446
297719	6.107400593e-05
297720	0.001504217677
297721	3.846294318e-05
297722	0.002564024451
297723	0.002668045128
297724	0.000664023256
297725	0.0007256513446
297726	0.00032839926
297727	0.0009809986733
297728	0.002064263102
297729	0.000167611315
297730	0.0008046195224
297731	0.004979728246
297732	0.007117209687
297733	0.001293876052
297734	0.001593267516
297735	0.0004417791826
297736	0.003536733752
297737	0.0004695656158
297738	0.0005951703787
297739	0.002710934401
297740	0.001881630527
297741	0.0003855238387
297742	0.001699577541
297743	0.003203667362
297744	0.0008758481478
297745	0.0009941364958
297746	0.00114970258
297747	0.0004750773094
297748	0.001250859182
297749	0.00126581001
297750	0.003718886534
297751	0.002764580537
297752	0.001662009506
297753	0.000205442832
297754	0.0008448885174
297755	0.0007280561034
297756	0.006430810264
297757	0.0009735418651
297758	0.001694495663
297759	0.004783861238
297760	0.002962110234
297761	0.001249581664
297762	0.0005855458382
297763	0.0001279172847
297764	0.002999536092
297765	0.002092395811
297766	0.0009842431322
297767	0.001159930311
297768	0.001436371117
297769	8.048476072e-05
297770	0.00125406922
297771	0.001047881972
297772	0.001027231138
297773	0.000962120714
297774	0.002155079431
297775	0.001608244131
297776	0.002677599696
297777	0.002975415311
297778	0.00128897991
297779	0.000272314634
297780	0.005676559571
297781	0.006676551261
297782	0.0007156918079
297783	0.001907754883
297784	0.001575623993
297785	0.0009327020927
297786	0.0009309576872
297787	0.001224023896
297788	0.003899604949
297789	0.001815781875
297790	0.0004316312601
297791	0.0005902103389
297792	0.001370612427
297793	0.000611228263
297794	0.0005857402529
297795	0.002736558194
297796	0.00270202903
297797	0.001078500038
297798	0.0006912323503
297799	6.52715812e-05
297800	0.001451087154
297801	0.0007438072274
297802	0.001737583847
297803	0.0003514367768
297804	0.0004331153404
297805	0.0003448015758
297806	0.0004617737382
297807	0.0006635466741
297808	0.0006744970611
297809	0.0003280053369
297810	0.0004523252552
297811	0.002037649673
297812	0.003447491698
297813	0.003239169171
297814	5.515536784e-05
297815	0.002081150547
297816	0.001285031849
297817	0.0002850942434
297818	0.005289309655
297819	0.0008163979222
297820	0.0008610144314
297821	0.001565171413
297822	0.0008482018872
297823	0.00498096149
297824	0.002136886336
297825	0.003031670924
297826	0.0004341201171
297827	0.002239589039
297828	0.0005700443452
297829	0.0008794931868
297830	6.785243978e-05
297831	0.0004003715761
297832	0.005043730164
297833	0.0008804758795
297834	0.002597482126
297835	0.003059782116
297836	0.0007699953691
297837	0.0003058238713
297838	0.0001454452503
297839	0.002204373919
297840	0.001875892159
297841	0.004634406332
297842	0.0002482321867
297843	0.001719662785
297844	0.002131195207
297845	0.0002350497589
297846	0.001549414704
297847	0.0007224181287
297848	0.001709629837
297849	0.001622086525
297850	0.001601702503
297851	0.002347066312
297852	0.000726023476
297853	4.518263924e-06
297854	0.002605230037
297855	0.0007883422473
297856	0.001747944142
297857	0.003429345915
297858	0.001943111806
297859	0.002126285715
297860	0.0001416323353
297861	0.0003020625066
297862	0.001759061344
297863	0.0005037249702
297864	0.0001050107182
297865	0.00150988657
297866	0.001141466605
297867	0.002370763249
297868	6.598096811e-05
297869	0.002822744973
297870	0.001726756395
297871	0.0001911364656
297872	0.002828401325
297873	0.0004747855029
297874	0.0003468336113
297875	0.002099650538
297876	0.002440856348
297877	0.002255796473
297878	0.001898424193
297879	0.0004554159556
297880	0.0004316225959
297881	8.598252285e-05
297882	0.001636820663
297883	0.00121396547
297884	0.0008402849699
297885	0.000589757122
297886	0.002502686817
297887	0.00116898306
297888	0.002978519494
297889	0.001259421616
297890	0.0004662979869
297891	0.002346207872
297892	0.001589972333
297893	0.001282275775
297894	0.003741971665
297895	0.001080320658
297896	0.001012136662
297897	0.000792190575
297898	0.001364434906
297899	0.001498724724
297900	0.0004785019038
297901	0.001631617571
297902	0.001921893936
297903	0.0009304523262
297904	0.001721330012
297905	0.001819150011
297906	0.001735140513
297907	0.001590767411
297908	0.0002466326361
297909	0.001074071491
297910	0.002257586388
297911	0.001510283275
297912	0.0004637328839
297913	0.003256210971
297914	0.00118131886
297915	0.003756734972
297916	0.0009913984666
297917	0.002755055231
297918	6.858823205e-05
297919	0.0007828095544
297920	0.0007314729712
297921	0.0006728538922
297922	0
297923	0.0005432578129
297924	7.658121928e-05
297925	0.002000963323
297926	0.001681503732
297927	0.001016643548
297928	0.001960424156
297929	0.001592055725
297930	0.0002388449583
297931	0.002742246192
297932	0.004421908351
297933	0.00265098952
297934	0.002039268151
297935	0.001158670993
297936	0.0009194056553
297937	0.001430942768
297938	0.002318147729
297939	0.002609188592
297940	0.003096218266
297941	0.003597555084
297942	0.004062764897
297943	0.0006997058154
297944	0.001025760164
297945	0.000629559374
297946	0.002683659527
297947	0.0005703282431
297948	0.001723312274
297949	7.654836241e-05
297950	0.00251417384
297951	0.0005492618562
297952	0.001890116381
297953	7.608919188e-05
297954	8.762200956e-05
297955	0.002682087179
297956	0.002829714479
297957	0.0003765030322
297958	0.004684708399
297959	0.004747518115
297960	0.003578834836
297961	0.0004432306471
297962	0.001225683223
297963	0.00283562476
297964	0.001077279551
297965	0.0001610382299
297966	0.002038021431
297967	0.003349531116
297968	0.003885202974
297969	0.002353007924
297970	0.003087926868
297971	0.0002486574623
297972	0.001605633445
297973	0.0008593974379
297974	0.0002655026234
297975	0.000337972859
297976	0.001766708936
297977	0.003787251412
297978	0.00139777772
297979	0.0002502458246
297980	0.0001876136881
297981	0.003271206311
297982	0.001455412549
297983	0.0007881365626
297984	0.00156599361
297985	0.0006349581398
297986	0.002144292794
297987	0.003509357423
297988	0.001028029174
297989	0.001263846655
297990	0.001822422631
297991	0.0032053546
297992	4.658167212e-05
297993	0.000793790369
297994	0.001916128784
297995	0.001431872855
297996	0.0006801098349
297997	0.001830328122
297998	0.000809830347
297999	0.0003379449615
298000	0
298001	0.000995133615
298002	0.002284517372
298003	0.001156496006
298004	0.001911577761
298005	0.002667559982
298006	0.0007106785821
298007	0.0006196219771
298008	0.0004827068858
298009	0.0005462092435
298010	0.0008950159841
298011	4.408886811e-05
298012	0.001354696519
298013	0.0005451335265
298014	0.0006983742849
298015	0.00107504425
298016	0.0004288986983
298017	0.003534208972
298018	0.0009751268182
298019	0.0009208658205
298020	0.001650616737
298021	0.003762108634
298022	0.000215171512
298023	0.0006938878275
298024	0.001380664476
298025	8.174654384e-05
298026	0.0008482783704
298027	0.003617213995
298028	0.003270417868
298029	6.072867864e-05
298030	0.0004430203614
298031	0.0031237815
298032	0.002251109937
298033	0.0006458510781
298034	0.0007446581616
298035	0.00296370809
298036	0.001290753854
298037	0.0002125463206
298038	0.001499381697
298039	0.003819917858
298040	0.0004080844738
298041	0.002248753483
298042	0.00130965325
298043	0.001398054897
298044	0.0005908146496
298045	0.002436520111
298046	0.0003503649922
298047	0.003938692343
298048	0.001333188879
298049	0.00101856571
298050	0.001972712116
298051	0.001852316339
298052	1.480430656e-05
298053	0.001411732173
298054	0.003397109506
298055	0.0005862795968
298056	0.001573330437
298057	0.0004875311645
298058	0.0003531449794
298059	0.0001052906393
298060	0.002339730055
298061	0.000314779331
298062	0.002379413858
298063	0.001050184113
298064	0.001275616978
298065	0.002049916352
298066	0.001013318661
298067	0.0009019919225
298068	0.0003732307059
298069	0.000520090651
298070	0.001005387278
298071	0.001636658538
298072	0.00423244508
298073	0.004080025894
298074	0.0001078198429
298075	0.001074198376
298076	0.0003562653842
298077	0.001615414359
298078	0.0001025913743
298079	0.0008018745767
298080	0.002529162843
298081	0.001811894518
298082	0.001682462024
298083	0.000153116897
298084	0.0005313908385
298085	0.004663327674
298086	0.004557081098
298087	0.003062512412
298088	0.0005997732575
298089	0.0005875337968
298090	0.0008720164106
298091	0.0003525448722
298092	0.002277872178
298093	0.0005143359398
298094	0.0008251230471
298095	0.004512856183
298096	0.001908311258
298097	0.002159749879
298098	0.0005876985494
298099	0.00085012438
298100	0.002130572832
298101	0.002969119351
298102	0.0003875138681
298103	0.0006883177579
298104	0.003772869607
298105	1.680424282e-05
298106	0.000868160363
298107	0.0006910346093
298108	0.003310085504
298109	0.0004431245765
298110	0.001543362155
298111	0.0003381310243
298112	0.001669888604
298113	0.0004472619922
298114	0.003137348718
298115	0.0003726177342
298116	0.002877692414
298117	0.001527286607
298118	0.0004405095602
298119	0.00273532477
298120	0.002140310105
298121	0.0006632252164
298122	0.0006761003344
298123	0.00196819959
298124	0.0001998914835
298125	0.002176585299
298126	0.001818430868
298127	0.0001182723798
298128	0.00370915304
298129	0.00192371505
298130	0.003198321468
298131	0.001545707268
298132	0.002604920351
298133	0.001368129119
298134	0.0004874971577
298135	3.166272375e-05
298136	0.001728406517
298137	0.001008659482
298138	0.0008023401382
298139	0.001716462867
298140	0.0006276702706
298141	0.0005622105024
298142	0.003484825346
298143	0.0008402136847
298144	0.001444464872
298145	0.0001157621167
298146	0.0005667469787
298147	0
298148	0.005024561041
298149	0.0029528337
298150	0.0003489764916
298151	0.002048247965
298152	0.003784215147
298153	0.001262211139
298154	0.0007180214203
298155	0.001133082186
298156	0.0002237992411
298157	0.0009006585813
298158	0.001777673364
298159	0.0001148834373
298160	0.002665717811
298161	0.001845426202
298162	0
298163	5.094240147e-05
298164	0.001858111679
298165	0.00193402901
298166	0.001957034872
298167	0.003978878776
298168	0.001356322868
298169	0.0007545123809
298170	0.0001531540528
298171	0.002263390144
298172	0.003826298828
298173	0.002270393952
298174	0.001179166743
298175	0.001496536048
298176	0.002433984293
298177	0.001646635659
298178	0.002679681148
298179	0.00156810799
298180	0.004137515723
298181	0.0003207365928
298182	0.00346088977
298183	0.0009576630909
298184	0.0006596918115
298185	0.001424222006
298186	0.0006619686498
298187	0.001700213978
298188	0.002377424847
298189	0.001466839066
298190	0.00167563956
298191	0.00173484568
298192	0.001665949169
298193	0.001045140792
298194	1.838538551e-05
298195	0.000313183341
298196	0.0008085787414
298197	0.002553125664
298198	0.0002229930088
298199	0.001015220872
298200	0.002875610817
298201	0.002553295584
298202	0.0005955909776
298203	0.001768187344
298204	0.0005462615294
298205	0.0003619511216
298206	0.000439217776
298207	0.006403635039
298208	0.003496876684
298209	0.001287985491
298210	0.006682357185
298211	0.001785355465
298212	0.0005472164443
298213	0.0005189036526
298214	0.0004978887989
298215	0.002699956812
298216	0.002703307022
298217	0.001059950083
298218	0.0004016890054
298219	0.00278712241
298220	3.733752255e-05
298221	0.001241453772
298222	0.002004421466
298223	0.00117623489
298224	0.001108714709
298225	0.003434663174
298226	0.002543488596
298227	0.001555352291
298228	0.00153363067
298229	0.001665356975
298230	0.00083536877
298231	0.005033155748
298232	0.001140505957
298233	0.0007663182851
298234	2.969801579e-05
298235	0.0009177970688
298236	0.002625348137
298237	0.0007835820016
298238	0.001315478888
298239	0.0002845416517
298240	0.0007552897317
298241	0.001111449552
298242	0.00201754809
298243	0.001529500815
298244	0.004468236205
298245	0.0008226351809
298246	2.821291826e-05
298247	0.0001189800867
298248	0.0004464039788
298249	0.0004027691335
298250	0.0004348983331
298251	0.0007962370034
298252	0.0005831218606
298253	8.154837965e-05
298254	0.0007061698235
298255	0.0004612667106
298256	0.002600012122
298257	0
298258	0.003839512623
298259	0.001051871917
298260	0.00396061985
298261	0.0008878214772
298262	0.002343343369
298263	0.0002730527785
298264	0.001267721035
298265	0.001174637108
298266	0.001228521817
298267	6.737223872e-05
298268	0.001109051571
298269	0.002447876277
298270	0.0006075721932
298271	0.002149440017
298272	0.0004784663479
298273	0.0009267632188
298274	0.0001288824972
298275	0.000480440739
298276	0.001232441621
298277	0.0001153556461
298278	4.001805776e-06
298279	0.001502526693
298280	0.0001862875579
298281	0.0005397447522
298282	0.002435510939
298283	0.002386420929
298284	0.001416078276
298285	0.0006369771492
298286	0.0009853687399
298287	0.0001068060877
298288	0.001289072317
298289	0.00198125154
298290	0.002108213969
298291	0.0005788491204
298292	0.0004519084217
298293	0.002217997968
298294	0.001033443486
298295	0.001477779676
298296	0.002586288735
298297	0.001396695989
298298	0.001361270536
298299	0.001850785445
298300	0.0009052800066
298301	0.002813812864
298302	0.0006710689607
298303	0.001504013398
298304	0.0006008657207
298305	0.001780785249
298306	0.001607958675
298307	0.000786850133
298308	0.001373351103
298309	0.0034430989
298310	0.001077850295
298311	0.001833100509
298312	0.001445079351
298313	0.002549296015
298314	0.001925079014
298315	0.001959403211
298316	0.0003173542423
298317	0.001660142104
298318	0.001437222248
298319	0.003747318498
298320	0.001217934973
298321	0.004792805979
298322	0.001677792338
298323	0.0007257780047
298324	0.001965108698
298325	0.002418962643
298326	0.0009292865451
298327	0.001469659108
298328	0.0001644882383
298329	0.0007189418206
298330	0.0001598990947
298331	0.002263529409
298332	0.0005419557966
298333	0.001379442953
298334	0.0001697122949
298335	0.0007871103201
298336	0.003215488384
298337	0.0009393677102
298338	0.002076579477
298339	0.001252429436
298340	0.001637718096
298341	0.0001402431378
298342	0.001133674699
298343	0.000199677274
298344	0.0008041822915
298345	0.001449016377
298346	0.001948783897
298347	0.001921162655
298348	0.004354738917
298349	0.002277698795
298350	0.001555770631
298351	0.002836344636
298352	0.0003224933272
298353	0.002626937785
298354	0.002658211644
298355	0.001568259982
298356	0.00176908444
298357	0.002626074074
298358	0.001134323301
298359	0.0005816986949
298360	0.001679595596
298361	0.002623772145
298362	0.001818946775
298363	0.0001515603014
298364	0.0001238734352
298365	0.0001096135174
298366	0.001831649524
298367	0.0008066308863
298368	0.0008502806934
298369	0.005144518924
298370	4.080240018e-05
298371	0.002914853882
298372	0.002735708041
298373	0.001164070913
298374	0.0009014487492
298375	0.002024865581
298376	0.0002238216847
298377	0.0007082911189
298378	0.00064751492
298379	0.000486086907
298380	0.0036485121
298381	0.002078119032
298382	0.001694078004
298383	0.00021155514
298384	0.0005369882829
298385	0.002291886318
298386	0.0002644202367
298387	0.001086808456
298388	0.00324599342
298389	0.0001324356499
298390	0.001604024878
298391	0
298392	0.000283093789
298393	0.0008730846836
298394	0.0002160646188
298395	0.002080158193
298396	0.002909416752
298397	0.0016929818
298398	0.000183540458
298399	0.0005218015338
298400	8.900692488e-05
298401	0.001949779363
298402	0.003121181509
298403	0.003451776794
298404	0.002206165103
298405	0.001866235917
298406	0.001533436556
298407	0.0003707767224
298408	0.0002382231323
298409	0.001569399919
298410	0.0004900270898
298411	0.001133805466
298412	0.00359505307
298413	0.001813432697
298414	0.0008678095618
298415	0.0004804557299
298416	0.003355758701
298417	0.0002008485039
298418	0.0004167553612
298419	0.003609730054
298420	0.0006993885248
298421	0.001898926636
298422	0.001181187378
298423	0.002496652278
298424	0.0003188370312
298425	0.00107596082
298426	0.003488300013
298427	0.002230260062
298428	0.0004848463478
298429	0.0005179536841
298430	3.026752891e-05
298431	0
298432	0.0002501521419
298433	0.001165069816
298434	0.001671408845
298435	0.001801359711
298436	0.003277488046
298437	0.001517599979
298438	0.001040342521
298439	0.006280460455
298440	0.001035979561
298441	0.0008721809403
298442	0.00250428325
298443	0.0001925352372
298444	0.0008054308767
298445	0.001189389445
298446	0.001446866141
298447	0.00130031433
298448	0.00226183758
298449	0.001428230759
298450	0.001570604609
298451	0.001011271626
298452	0.0009210080732
298453	0.0001658720009
298454	0.001668107232
298455	0.0008178253248
298456	0.0009909260467
298457	0.001595817215
298458	0.001874424351
298459	0.0005218487493
298460	0.0009381839867
298461	0.002665256851
298462	0.00245852167
298463	0.00125973836
298464	0.001085327069
298465	0.0002834968184
298466	0.0003062868856
298467	0.0009630659594
298468	0.001432097884
298469	5.133432326e-05
298470	0.003844249089
298471	0.001295886004
298472	0.0005351628814
298473	0.001360816638
298474	0.001984809186
298475	0.0003034387206
298476	0.001839543301
298477	0.0002723938498
298478	0.0006362463811
298479	0.004514877152
298480	0.00224320091
298481	0.001271091632
298482	0.001346034477
298483	0.00171646077
298484	0.0004042136776
298485	0.001758694619
298486	0.005958764466
298487	0.003095304312
298488	0.0002702752971
298489	0.0003506247093
298490	0.0005538073703
298491	0.00440595835
298492	0.0006394107554
298493	0.002036491135
298494	6.349792875e-05
298495	0.001310970529
298496	0.002814723345
298497	0.003233560911
298498	0.0005396741323
298499	0.0001675120009
298500	0.0005167558095
298501	0.00291393737
298502	0.00179652562
298503	0.001807723288
298504	0.0003450606216
298505	0.003153346453
298506	0.001628896758
298507	0.0008708432722
298508	0.00117777057
298509	0.001019892322
298510	0.001558500357
298511	0.003057591055
298512	0.0003983209494
298513	0.0002300768181
298514	0.003058768523
298515	0.001103079733
298516	0.001533917893
298517	0.000571785555
298518	0.001841333893
298519	0.0007770189963
298520	0.0002313481628
298521	0.002029357506
298522	0.0002877790149
298523	0.002459151976
298524	0.002191029104
298525	0.002922295791
298526	0.002066921017
298527	0.0001049435496
298528	0.004208713643
298529	0.001154973657
298530	0.000752270908
298531	0.001131666066
298532	0.002257858849
298533	0.003777270349
298534	0.001981533342
298535	0.0005420913644
298536	0.002050780672
298537	0.001275146755
298538	0.001409733833
298539	0.001247835755
298540	0.001290758985
298541	0.003449082081
298542	0.0009274651844
298543	0.001280222143
298544	0.002315710777
298545	0.0002387838467
298546	0.002675447214
298547	0.00102845075
298548	0.00109067702
298549	0.0001281517268
298550	0.002265999567
298551	0.000150776159
298552	0.001150231334
298553	0.001459826991
298554	0.001134633397
298555	0.002203448127
298556	0.004444077851
298557	0.003496198937
298558	0.0005396442802
298559	0.002012206206
298560	0.002193424693
298561	0.001535739852
298562	0.0003850866485
298563	0.001594748638
298564	0.0006869088335
298565	0.00318629007
298566	0.001781104084
298567	0.002456826427
298568	0.0005978104927
298569	0.001698539537
298570	0.002174681437
298571	0.00120332217
298572	0.0006601121633
298573	0.001579712905
298574	0.0005477523681
298575	0.0007120111265
298576	0.0003957058637
298577	0.00106054546
298578	0.003231744181
298579	0.001855810467
298580	0.001069381034
298581	0.004072334542
298582	0.003294552166
298583	0.0002522675387
298584	0.002492017233
298585	0.001583505382
298586	0.002910701711
298587	0.001258877042
298588	8.85923453e-05
298589	0.001315249936
298590	0.00396878773
298591	7.092019408e-05
298592	0.003504801977
298593	4.240848827e-05
298594	5.483587189e-06
298595	0.00137050472
298596	0.003136083882
298597	0.002195329708
298598	0.0005832552959
298599	0.001845653189
298600	0.002679997068
298601	0.001842707691
298602	0.002009128536
298603	0.003723237825
298604	0.0003062472541
298605	0.006386118689
298606	0.0003144860667
298607	0.002722906946
298608	0.0001217621319
298609	0.001519005191
298610	0.001712107983
298611	0.00224184441
298612	0.002619829457
298613	0.003618913109
298614	0.0007218092166
298615	0.002650504821
298616	0.001134716786
298617	0.003381203093
298618	0.001193834664
298619	0.0008270054271
298620	0.004639693116
298621	0.0009357841385
298622	0
298623	0.001473266657
298624	0.0008944071712
298625	0.001588309018
298626	0.001378272436
298627	0.001469718686
298628	0.005266626143
298629	0.0003469146493
298630	8.675325358e-05
298631	0.001747139221
298632	0.001159559178
298633	0.0002392275886
298634	0.002359989405
298635	0.001969719571
298636	0.001169542336
298637	0.003839504873
298638	0.0002949979587
298639	0.006111757848
298640	0.001768098676
298641	0.002994119124
298642	0.001616579036
298643	0.00125099816
298644	0.001576805445
298645	0.0008213689425
298646	0.00287096953
298647	0.0006323050802
298648	0.005119216111
298649	0.0007166102341
298650	0.00014523483
298651	0.002471956183
298652	0.0009743756504
298653	0.002013154601
298654	0.003676684714
298655	0.0006985974682
298656	0.001581909521
298657	0.001414504303
298658	0.0002258326967
298659	0.0006638576645
298660	0.001127640569
298661	0.001366636126
298662	2.084846067e-06
298663	0.001257637875
298664	9.924447509e-05
298665	0.001357050992
298666	0.0002392081274
298667	0.00165409816
298668	0.000307914676
298669	0.002880220659
298670	0.001741797065
298671	0.004850280353
298672	0.0004751557818
298673	0.001889102806
298674	0.002895423016
298675	0.001184788108
298676	0.002347678739
298677	0.001686555046
298678	0.001657577942
298679	0.0009407708403
298680	0.004989836195
298681	0.001995339018
298682	0.001102037813
298683	0.001509830872
298684	0.004317087621
298685	0.000148291562
298686	0.001467692592
298687	0.002224226943
298688	0.0008320523408
298689	0.0003987761295
298690	0.0009762941543
298691	0.0047635418
298692	0.0004062968837
298693	0.001706348573
298694	0.000670530426
298695	0.0001927657123
298696	0.0009077859817
298697	0.003905546267
298698	0.0008236772329
298699	0.0001106932271
298700	0.0002495606611
298701	0.000851229521
298702	0.0006501533049
298703	0.0005121616876
298704	0.0002952686026
298705	0.0002012360077
298706	0.001595150895
298707	0.000561824116
298708	0.0001967802326
298709	0.0004539900454
298710	0.001548702193
298711	0.0006300537366
298712	0.0003975622043
298713	0.002437047172
298714	4.429180594e-05
298715	0.0007097960002
298716	0.002835895204
298717	0.001113755805
298718	0.000291400201
298719	0.001188402969
298720	0.0011508867
298721	0.00156226525
298722	1.303422036e-05
298723	0.007000300164
298724	0.002271369014
298725	0.0001163763069
298726	0.0001567663729
298727	0.002629470742
298728	0.00181364133
298729	0.002115167547
298730	0.0004822514059
298731	0.00141866071
298732	0.001206119953
298733	0.0009199814127
298734	0.0002552167721
298735	0.003875355023
298736	0.002040166626
298737	7.063223338e-05
298738	0.004533267378
298739	0.001431299252
298740	0.00193202041
298741	0.004037497996
298742	0.003279049984
298743	0.001146140072
298744	0.0003013603326
298745	0.002241041877
298746	0.004514869125
298747	0.001581174595
298748	0.0001927119989
298749	0.003202387624
298750	0.000926356656
298751	0.003419648263
298752	0.0006582612215
298753	0.001551912474
298754	0.001967734549
298755	0.005037526972
298756	0.00353274031
298757	0.001490922997
298758	0.001285330035
298759	0.001367632285
298760	0.00200172633
298761	0.0009061583788
298762	9.749578191e-05
298763	0.00137296591
298764	0.0006446038203
298765	0.0008581892728
298766	0.001384985489
298767	0.002699142021
298768	0.0003389668755
298769	2.218985137e-05
298770	0.002064114099
298771	0.001531469347
298772	0.0007033337503
298773	0.002253708912
298774	0.001031461566
298775	0.0008855452402
298776	0.0006967461774
298777	0.0006547926783
298778	0.0005497951502
298779	0.0004417067447
298780	0.0008119195264
298781	0.0007066605477
298782	0.003888602851
298783	0.002611956582
298784	0.001047749054
298785	0.00175778133
298786	0.001619908407
298787	0.0004809677569
298788	0.0002256926218
298789	0.004852046633
298790	0.001566570799
298791	0.0006371723274
298792	0.001710264168
298793	0.001363561783
298794	0.002213204033
298795	0.001154443955
298796	0.001794617425
298797	0.0002435228829
298798	0.0002392607486
298799	0.001763786629
298800	0.002685941593
298801	0.0009223020193
298802	0.0006234471044
298803	0.00177328752
298804	0.001436249259
298805	0.001402748103
298806	4.003342561e-06
298807	0.004880615534
298808	4.993701158e-05
298809	0.001959520039
298810	0.0002457326581
298811	0.00154446975
298812	0.003865094965
298813	0.0006069690508
298814	0.0008103190847
298815	0.002646186907
298816	0.0006400888258
298817	0.0005691810011
298818	0.000497864028
298819	0.00043747694
298820	0.002187294424
298821	0.001609786066
298822	0.001371154952
298823	0.005150279015
298824	0.002695101233
298825	0.001703097663
298826	0.0003704555395
298827	0.003111857221
298828	0.0003233009533
298829	0.003533070894
298830	0.001809594619
298831	0.001554576849
298832	0.001182049716
298833	0.000561649653
298834	0.0007809037925
298835	0.001971526049
298836	0.0007965158729
298837	0.0003296993885
298838	0.0008015354116
298839	0.00502974394
298840	0.001348777027
298841	0.001369413692
298842	0.002803091113
298843	0.001437785853
298844	0.0005835209141
298845	0.002294500627
298846	0.001352960766
298847	0.0001282499466
298848	0.001486111462
298849	0.001287026977
298850	0.001701734473
298851	0.0008608290589
298852	0.0001107056141
298853	0.00125334831
298854	0.002393537622
298855	0.001201691145
298856	0.0009342673163
298857	0.00108324607
298858	0.001328646621
298859	0.0006771633731
298860	0.0002435413571
298861	0.0002235725033
298862	0.0003907005089
298863	0.004045692244
298864	0.001756839228
298865	0.0008772756536
298866	0.0002344648628
298867	0.001893310061
298868	0.003132907573
298869	0.001243293022
298870	0.0002803839932
298871	1.624054658e-05
298872	0.0005044505348
298873	0.002816473123
298874	0.003086628777
298875	0.001242716329
298876	0.001768274781
298877	0.0001945470781
298878	0.002252405771
298879	0.00146679343
298880	0.0009832227506
298881	0.0004708374959
298882	0.000715175197
298883	0.0008923823449
298884	0.000238602514
298885	0.001741235533
298886	0.0004642883012
298887	0.00255373522
298888	0.004574326583
298889	0.001420889437
298890	0.0007985066907
298891	0.001455653414
298892	0.002039692757
298893	0.004746977787
298894	0.001142162012
298895	0.0006871140653
298896	0.002001628856
298897	0.002571096046
298898	0.001288273825
298899	0.0004262973901
298900	0.0002917945132
298901	0.0004017816699
298902	0.002073199529
298903	0.0003229747216
298904	0.001571939038
298905	0.002602036993
298906	0.004286565531
298907	4.408204539e-05
298908	0.000459742178
298909	0.001666591407
298910	0.002405790249
298911	0.0002454066819
298912	0.0002724515827
298913	0.0004813167852
298914	0.001781502624
298915	0.0001190009138
298916	0.002475029578
298917	0.001121412826
298918	0.0004115226666
298919	0.0008411072812
298920	0.0001213202386
298921	0.001499781669
298922	0.005509168221
298923	0.004755323678
298924	0.001784953783
298925	0.0007662694226
298926	0.001481308851
298927	0.002216261485
298928	9.530886556e-05
298929	0.002692367383
298930	0.001834344223
298931	0.0003118593591
298932	0.00295053395
298933	0.002272096886
298934	0.0005033545784
298935	0.0003311346693
298936	0.001743267606
298937	0.001272135364
298938	0.002585271606
298939	0.0006074110766
298940	0.001099806166
298941	0.002803972555
298942	0.001674977984
298943	0.0008109145827
298944	0.001013544243
298945	0.0008758084497
298946	0.001147318877
298947	0.001480030056
298948	0.003377294256
298949	0.002498203008
298950	0.001531909287
298951	0.001152898341
298952	0.001758599975
298953	0.001208878596
298954	0.001890639506
298955	0.002507085346
298956	0.001471160254
298957	3.073745576e-05
298958	0.001693292285
298959	0.0009333061603
298960	0.0006726069068
298961	0.0003192401422
298962	0.002993302252
298963	0.001575248022
298964	0.00113113918
298965	0.000609511089
298966	0.0002528359325
298967	0.0008034195215
298968	0.002034184349
298969	0.001459290973
298970	0.0004503627712
298971	0.00123509693
298972	0.002681508969
298973	0.0032459326
298974	0.004814844024
298975	0.0004400586476
298976	0.00146142044
298977	0.001725260846
298978	0.0006068586483
298979	0.001166663621
298980	0.002651048667
298981	0.001601420938
298982	0.002716999778
298983	0.001228160252
298984	0.001253415095
298985	0.001597563894
298986	0.001828864392
298987	0.001740336294
298988	0.00234696083
298989	0.0014983408
298990	0.005808965267
298991	0.001981682361
298992	0.0004360426828
298993	0.002969305647
298994	0.0002262915839
298995	8.352050892e-05
298996	0.0002500621705
298997	0.001848453977
298998	0.0008804067139
298999	0.000900622126
299000	0.0007011443266
299001	0.0008867360831
299002	0.0007231010447
299003	0.001737459731
299004	0.00025172602
299005	0.001046426807
299006	0.0005838257622
299007	0.009104496818
299008	0.002419786114
299009	0.002467217543
299010	0.002990677509
299011	0.001214858388
299012	0.003371389679
299013	0.0003533502996
299014	0.002041518916
299015	0.0002117739123
299016	0.001876904106
299017	0.0003798393212
299018	0.0006648124604
299019	0.001058709968
299020	0.001799046315
299021	0.0006476602706
299022	0.001826404334
299023	0.001187480265
299024	0.0002747639059
299025	0.00311023694
299026	0.001457335657
299027	0.003279704379
299028	0.004404790523
299029	0.0009585678315
299030	0.0001242061377
299031	0.001129511993
299032	0.003345644678
299033	0.001812129587
299034	0.003042245362
299035	0.002078226998
299036	0.002164256598
299037	0.001168100467
299038	0.0009039357251
299039	0.001171990861
299040	0.002186192986
299041	0.00214107166
299042	0.0008522811327
299043	0.0002334531582
299044	0.003361660337
299045	0.0008952756203
299046	0.0002567043565
299047	0.0009665691575
299048	9.779279636e-05
299049	0.002403651298
299050	0.002391225549
299051	9.551335391e-05
299052	0.002466846166
299053	0.0005919617295
299054	0.0004997002236
299055	0.0001352433707
299056	0.0009907234034
299057	0.0008176192869
299058	0.0004185180369
299059	0.000149396929
299060	0.0004141146334
299061	0.005327242034
299062	0.001283669925
299063	0.001231571812
299064	7.001694939e-05
299065	0.0004571505632
299066	0.001508932605
299067	0.004063073708
299068	0.002514570496
299069	0.001135257992
299070	0.004350463398
299071	0.0007728815901
299072	0.002393219424
299073	0.0004284152981
299074	0.002643880267
299075	0.0003615490914
299076	0.002724133097
299077	0.003141953498
299078	0.004592051797
299079	0.0009658405412
299080	0.002955906724
299081	0.001459405603
299082	0.0003595380602
299083	0.001620546715
299084	0.0003465387418
299085	0.003534692442
299086	0.001946905374
299087	0.001309834102
299088	0.0006455571391
299089	0.0007776933231
299090	0.0002102178899
299091	0.0003615474403
299092	0.001234290327
299093	0.0014757397
299094	0.0001855057942
299095	0.007236743704
299096	0.001227693305
299097	0.001234380552
299098	0.0009132573502
299099	0.001934537064
299100	0.002057999995
299101	0.0004647671157
299102	0.001028732001
299103	0.002285723882
299104	0.001820991715
299105	0.0005787284685
299106	0.0002005770622
299107	0.0001293450319
299108	0.001756194433
299109	0.0004188210136
299110	4.005095798e-05
299111	0.001764040868
299112	0.001361541936
299113	0.001359182176
299114	0.0002666604045
299115	0.0002338209556
299116	0.004015442767
299117	0.001761049969
299118	0.003572341421
299119	0.002331841388
299120	4.108400144e-05
299121	0.003428721123
299122	0.002410915001
299123	0.003511662523
299124	0.0009469711542
299125	0.0007462119968
299126	0.001010435176
299127	0.0003541779598
299128	0.001325884165
299129	0.001651186937
299130	0.001375445176
299131	0.001353746907
299132	0.0001483695248
299133	0.0008147815501
299134	0.0002130714349
299135	0.00109914233
299136	0.001397849222
299137	0.001786250706
299138	0.000328999206
299139	0.002965632744
299140	0.00158853897
299141	0.002164900129
299142	0.0009699041608
299143	0.003700541107
299144	0.005182401779
299145	0.001246392826
299146	0.001313834508
299147	0.001368807074
299148	0.00332917301
299149	0.001119622264
299150	0.001102390333
299151	0.001129585928
299152	0.002624412894
299153	0.001694349459
299154	0.0002846009197
299155	0.0002777241799
299156	0.0004318343561
299157	0.0006933183879
299158	0.001287317583
299159	0.00078634268
299160	0.003047582495
299161	0.0007988433833
299162	0.0007005444734
299163	0.00150985297
299164	0.002750880008
299165	0.001848429603
299166	0.0008794047721
299167	0.0008743463206
299168	0.0001592960436
299169	5.236920308e-05
299170	0.001362638328
299171	0.001656910073
299172	0.00350042111
299173	0.0008890261504
299174	0.001472350817
299175	0.0008388489029
299176	0.002506544025
299177	0.0006002473563
299178	0.0002908030811
299179	0.002382821789
299180	0.001794411275
299181	0.002830219227
299182	0.003092409172
299183	0.002633241943
299184	0.0007859765998
299185	0.005253064537
299186	0.001696855918
299187	0.0005557703761
299188	0.0008222618506
299189	0.00404473431
299190	0.0004550014036
299191	0.0001544591072
299192	0.0004085994155
299193	0.0001987718258
299194	0.0002386233653
299195	0.001926974749
299196	0.004255271955
299197	0.0003565530088
299198	0.001451196146
299199	0.0001246994013
299200	0.005291398267
299201	0.003197629166
299202	0.001698010186
299203	0.0002988579094
299204	0.003786107449
299205	0.002964665784
299206	0.003721237789
299207	0.0006222139821
299208	0.001109170746
299209	0.0001012004059
299210	0.004557498207
299211	0.001923277033
299212	0.001385077972
299213	0.003033766882
299214	0.001731047792
299215	2.055514014e-05
299216	0.0001972568247
299217	0.002826553989
299218	0.0004728970892
299219	0.0004489558632
299220	0.002699601276
299221	0.001411585405
299222	0.002129867643
299223	0.001089548499
299224	0.0003475866296
299225	0.001345498794
299226	0.002038346324
299227	0.002048551372
299228	3.786403957e-05
299229	0.001000621949
299230	6.01812451e-05
299231	0.001607545542
299232	0.001808623565
299233	0.00159047398
299234	0.00252291514
299235	0.002385277649
299236	0.0003872558496
299237	0.001351004521
299238	0.0009308087702
299239	0.0003622880428
299240	0.001058979645
299241	0.002754015448
299242	0.000706900589
299243	0.0008972938394
299244	0.004764938948
299245	0.003978241797
299246	0.001040441232
299247	0.0003897668717
299248	0.001823059
299249	0.001330717352
299250	0.006605024259
299251	0.0007798008042
299252	0.0005713764466
299253	0.000676922224
299254	0.002192035137
299255	0.0009336727394
299256	0.0004878379196
299257	0.0004089847942
299258	0.0002443861405
299259	0.0002161223725
299260	0.0005130290541
299261	0.002490483865
299262	0.0009559282649
299263	0.001634877713
299264	0.001086656836
299265	0.0006647257621
299266	0.001729146777
299267	0.0007070867775
299268	0.001106012666
299269	0.002593874372
299270	0.002801995846
299271	0.003690580413
299272	0.0007435682189
299273	0.0007924997142
299274	0.0003283209988
299275	0.0003488442801
299276	0.00691324678
299277	5.488403955e-05
299278	0.00137362923
299279	0.002054509961
299280	0.0002715802296
299281	1.948539016e-05
299282	0.003943430073
299283	0.003556632335
299284	0.0002585016225
299285	0.0005520485909
299286	0.006790754037
299287	0.0003879559624
299288	0.0008274678986
299289	0.0003351134087
299290	0.001225447242
299291	0.002108585405
299292	0.001144064308
299293	0.001204316058
299294	0.0009864671077
299295	0.001177749908
299296	0.0009629227503
299297	0.0007546126485
299298	0.003346939098
299299	0.0007666736123
299300	0.001222255737
299301	0.0001142881369
299302	0.0006512712092
299303	0.001960722384
299304	0.0001168497797
299305	0.001854330794
299306	0.002535317823
299307	0.001968866595
299308	0.0001164385757
299309	0.0007256764879
299310	0.0008433900513
299311	0.001131299001
299312	0.002906598708
299313	0.001293303514
299314	0.002066020032
299315	0.0009707512188
299316	0.0007944039674
299317	4.497397559e-05
299318	0.0009142046128
299319	0.000347759581
299320	0.001947295206
299321	0.0006734636309
299322	0.00145313249
299323	0.00322615545
299324	0.001816064701
299325	0.002957863377
299326	0.0006464116586
299327	4.431990385e-05
299328	0.0006116622901
299329	0.0006807860298
299330	0.0003660905179
299331	0.003489526447
299332	7.835586201e-05
299333	0.00443743163
299334	0.001357512496
299335	0.0005818904444
299336	0.003505195593
299337	0.002599362899
299338	0.001265376964
299339	0.001650290736
299340	0.000645509211
299341	0.001254672304
299342	0.0008926160299
299343	0.0005598574715
299344	0.001245925699
299345	0.002946420654
299346	2.383772752e-06
299347	0.002338840892
299348	0.002668033057
299349	0.000926088695
299350	0.001374746209
299351	0.0007610194134
299352	0.0008080487764
299353	0.005526792169
299354	0.0005875158016
299355	0.00068067715
299356	0.002702857671
299357	0.001121240869
299358	0.001532375391
299359	0.00118507544
299360	0.001506951161
299361	0.0008014115957
299362	0.0004448371315
299363	0.0001933604266
299364	0.0005915803454
299365	0.001900426702
299366	0.0003854878857
299367	0.001366932551
299368	0.001114604439
299369	0.0009619156437
299370	0.00175483719
299371	0.000469754908
299372	0.001422457566
299373	0.002273512302
299374	0.001803449487
299375	0.0001016551127
299376	0.003644036722
299377	0.001334286236
299378	0.002403559652
299379	0.004545175946
299380	0.001709770394
299381	0.002192806951
299382	0.003271634467
299383	0.0001237564252
299384	0.0002281021527
299385	0.001364101215
299386	0.004825449459
299387	0.000707335389
299388	0.002791376431
299389	0.001561768554
299390	0.000832687268
299391	6.137147928e-05
299392	0.0004197305589
299393	0.003122072255
299394	0.001004333129
299395	0.0005781434641
299396	0.002430540397
299397	0.000440224375
299398	0.0007969263432
299399	0.001807190448
299400	0.0003432770325
299401	0.001241588273
299402	0.002091754307
299403	0.002388506684
299404	0.000807604938
299405	0.001346998644
299406	0.0009556156796
299407	0.000627497196
299408	0.002062252095
299409	0.0003847894566
299410	0.002842884714
299411	0.000911089368
299412	0.002684830758
299413	7.028973872e-05
299414	0.001443339994
299415	0.0006866327128
299416	0.001794035635
299417	0.001779074803
299418	0.0004336137554
299419	0.002430300508
299420	0.001302575488
299421	6.673875516e-06
299422	0.0029411508
299423	0.0001355330401
299424	0.000617266717
299425	0.002500143875
299426	0.0002550633088
299427	0.0007532866444
299428	0.001155761847
299429	0.003099968001
299430	0.001094854472
299431	0.002578632735
299432	0.002389251652
299433	0.00306879467
299434	0.001791159461
299435	0.0009353944735
299436	0.0001530710745
299437	0.0003969360797
299438	0.00194114078
299439	0.0001349404239
299440	0.0008559061655
299441	0.0002306651816
299442	0.0008917475017
299443	0.0004439198139
299444	0.0007136096664
299445	0.000862482618
299446	0.001272355619
299447	0.00164622651
299448	0.001441897978
299449	0.0001493863066
299450	0.001278819194
299451	0.0008935080758
299452	0.001354671098
299453	0.002152441991
299454	0.0002459578459
299455	0.002234534996
299456	0.002954717536
299457	0.0007396642706
299458	0.002590424503
299459	0.0001185507661
299460	0.004753625502
299461	0.0009017975295
299462	0.005680973506
299463	0.0009720466169
299464	0.001871468521
299465	0.0003730217375
299466	0.002123616582
299467	0.003173320061
299468	0.003206238575
299469	0.002084327396
299470	0.00137613059
299471	0.001054481666
299472	0.004206593479
299473	0.0007676251416
299474	0.000471442862
299475	8.407752854e-05
299476	0.0004028291546
299477	0.001496643972
299478	0.0007138963982
299479	0.002077177566
299480	0.0009178439292
299481	0.002439157304
299482	0.001978788263
299483	0.0002975419796
299484	0.0001010835053
299485	0.0006829250451
299486	0.001264721202
299487	0.002194943224
299488	0.001254521666
299489	0.001948174353
299490	0.0003054159444
299491	0.002147539715
299492	0.0006793540073
299493	0.0004928950656
299494	0.000875801309
299495	0.001739953673
299496	5.729356188e-05
299497	0.004006645469
299498	0.004004794828
299499	0.0002107314027
299500	0.002617806401
299501	0.0004568141902
299502	0.00144051755
299503	0.002295610243
299504	0.00260224853
299505	0.0006978753726
299506	0.001852002471
299507	0.001917881588
299508	0.002279520695
299509	0.00116712927
299510	0.003790417869
299511	0.001155688387
299512	0.0001099938822
299513	0.001816947411
299514	0.001049528058
299515	3.118619211e-05
299516	0.0009216036084
299517	0.0005269844798
299518	0.0005625261763
299519	0.001099320328
299520	0.00196190596
299521	0.0008227108793
299522	0.002300791047
299523	0.003984991949
299524	0.0001771047743
299525	0
299526	0.001684615291
299527	0.0007199468579
299528	0.00278973819
299529	0.003275296226
299530	0.004229236397
299531	0.0003618201213
299532	0.0007934041573
299533	0.001498874532
299534	0.0009894664836
299535	0.0009055265212
299536	0.001338985644
299537	0.000803950938
299538	0.0024128041
299539	0.002162915966
299540	0.001262704018
299541	0.003033279871
299542	0.003117543547
299543	0.003606036219
299544	0.003435238701
299545	0.0003001942515
299546	0.0001213859939
299547	0.002153239912
299548	3.072122236e-05
299549	0.002640025963
299550	0.001579476556
299551	0.0004615421564
299552	0.002351785376
299553	0.003637962808
299554	0.0004376246064
299555	0.001998238056
299556	0.0004833875161
299557	0.001406513365
299558	0.0009020878644
299559	0.005747516653
299560	0.001519331279
299561	0.0004618982921
299562	0.003436691083
299563	0.0001612828948
299564	0.002903853561
299565	0.0010228044
299566	0.002920124936
299567	0.0001116627848
299568	1.618714043e-05
299569	0.001352466609
299570	0.003165207584
299571	0.0004351756363
299572	0.0008459429763
299573	0.0006792412381
299574	0.0004718019421
299575	0.0006109891344
299576	0.0006610647289
299577	0.002296325654
299578	0.001222243072
299579	0.003167637934
299580	0.0007044414902
299581	0.001565638863
299582	0.00179834559
299583	9.24099375e-05
299584	0.003743947084
299585	0.001790578246
299586	0.0006993003411
299587	0.0001197132889
299588	0.0008195705728
299589	0.0001161608406
299590	0.00152685115
299591	0.00359642776
299592	0.001074215662
299593	0.001014709549
299594	0.001172500679
299595	0.002006750529
299596	0.00341300831
299597	0.0002178683803
299598	0.004113948507
299599	0.001377206832
299600	0.0003394945395
299601	0.001317593216
299602	0.003609179733
299603	0.0002032810121
299604	9.084389024e-05
299605	0.0006908889964
299606	0.0002862763789
299607	0.0005541012105
299608	0.002953587924
299609	0.001260268961
299610	0.001557454046
299611	0.001637002672
299612	0.003293059953
299613	0.002103665824
299614	0.003781258572
299615	0.0002037107013
299616	0.001450159279
299617	0.002363255719
299618	0.0007261707366
299619	0.0009732350093
299620	0.002453694524
299621	0.00272024186
299622	0.001247283782
299623	0.003813270951
299624	0.001741755467
299625	0.004215642954
299626	0.0004072550058
299627	0.0006662457034
299628	0.001548359137
299629	0.0009616909283
299630	0.003248941512
299631	0.001463130286
299632	0.0002921214419
299633	7.095348577e-05
299634	0.002570905124
299635	0.0005829408997
299636	0.002929930815
299637	0.004930170015
299638	0.005281969508
299639	0.001759703517
299640	0.0004991706371
299641	0.00196149642
299642	0.001892783693
299643	0.001367668089
299644	0.003610932259
299645	0.001961658038
299646	0.001340228961
299647	0.0002690139114
299648	0.0003396644396
299649	0.003004671889
299650	0.004100402533
299651	0.001081078338
299652	4.288217141e-05
299653	0.002055277105
299654	0.0001827488681
299655	0.003009464103
299656	0.0006920006067
299657	0.003103597241
299658	0.0006154272779
299659	0.0001253666111
299660	0.00207531669
299661	0.002135009624
299662	0.001914266726
299663	0.0002702115613
299664	0.002357001956
299665	0.001870340996
299666	0.00156553866
299667	0.002087615478
299668	0.002212897186
299669	0.002794332022
299670	0.001311359736
299671	0.002294308175
299672	0.0003455128474
299673	0.003922058183
299674	0.0001742272942
299675	0.001222049263
299676	0.001169598763
299677	0.002844629553
299678	0.003093135845
299679	0.000242379545
299680	0.001611780671
299681	0.0001674955115
299682	0.0001788374092
299683	0.001020376797
299684	0.001544060716
299685	0.001554930135
299686	0.002284486754
299687	0.001306474987
299688	0.001433681674
299689	0.0002250489333
299690	0.00230884744
299691	4.319804396e-05
299692	0.001357404769
299693	0.000874389763
299694	0.0009096022551
299695	0.002961996834
299696	0.002148965082
299697	0.002307826063
299698	0.003114840564
299699	0.0001639934483
299700	0.0001541018102
299701	0.0003886798843
299702	0.001563469038
299703	0.0008897450002
299704	0.000128967142
299705	0.001575960327
299706	0.000162052394
299707	2.273412892e-06
299708	0.001344974516
299709	0.0003926281365
299710	0.001070893986
299711	0.0002033048349
299712	0.003101106108
299713	0.0001169108432
299714	0.004258292195
299715	0.0006947909405
299716	0.0009205121265
299717	0.001017318604
299718	0.0004451640817
299719	0.00190184276
299720	0.0002138025593
299721	0.002583175851
299722	0.001941846081
299723	0.003459096325
299724	0.0003192562142
299725	0.006619007391
299726	0.0009334124016
299727	0.002806145094
299728	0.003723516706
299729	0.002332866619
299730	0.0002138607607
299731	0.002542016893
299732	0.006213298986
299733	0.0007799347866
299734	0.002101835621
299735	0.0006329682639
299736	0.0007688435405
299737	5.793931609e-05
299738	0.001965845973
299739	0.001584971225
299740	0.001948826649
299741	0.001149983062
299742	0.0006958635439
299743	0.002595135279
299744	0.0006481055226
299745	0.0002443255288
299746	0.002501207504
299747	0.001064060763
299748	0.002210425485
299749	0.0006736312948
299750	0.0005767069419
299751	0.00051841841
299752	0.006300449752
299753	0.0002195247086
299754	0.0003485561682
299755	0.002517690001
299756	0.001094075889
299757	0.0006666751019
299758	0.0002958317109
299759	0.002057177813
299760	0.0001471540625
299761	0.005533183357
299762	0.0009499914174
299763	0.0006742909704
299764	0.0003269299051
299765	0.0002265324516
299766	0.0005822821107
299767	0.002076303077
299768	0.001156789891
299769	0.002214774695
299770	0.001482029295
299771	0.0003036672146
299772	0.002297195428
299773	0.0003395093604
299774	0.002010409207
299775	0.0007495764048
299776	0.00124985408
299777	0.001849456443
299778	0.004172807355
299779	8.809124791e-05
299780	0.003194222797
299781	0.0005127608274
299782	0.0001235268617
299783	0.002917702459
299784	0
299785	0.002195417234
299786	0.0009628970335
299787	0.0001799285933
299788	0.000155379031
299789	0.001980297162
299790	0.001285539313
299791	0.000980872578
299792	0.0002262354338
299793	0.001418007027
299794	0.0003940950758
299795	0.005239207496
299796	0.001357833426
299797	0.002684442934
299798	0.0004301602284
299799	0.001861295278
299800	0.0003728417598
299801	0.003388680592
299802	0.003280031909
299803	4.192822446e-05
299804	0.0005923395341
299805	0.00287527853
299806	0.002439545133
299807	0.0004420118443
299808	0.001797132055
299809	0.000885036038
299810	0.002759999947
299811	0.002305090085
299812	0.002446261416
299813	0.001613320121
299814	0.001115758231
299815	0.0002689365795
299816	0.001337265675
299817	0.000237419849
299818	0.0001074465024
299819	0.002427104561
299820	0.0026863663
299821	0.001458079063
299822	0.001672518827
299823	0.001117256133
299824	0.0008236758694
299825	0.0001519568156
299826	0.001981692665
299827	0.001601409322
299828	0.001359730706
299829	0.003744075084
299830	0.003194785213
299831	0.002560021743
299832	0.001617183501
299833	0.0006614507446
299834	3.275665412e-05
299835	0.007514325998
299836	0.0008014330976
299837	0.0004106485285
299838	0.001237607165
299839	0.0005991125038
299840	0.001697460813
299841	0.003110774575
299842	0.0007820114282
299843	0.002132508545
299844	0.0009413842717
299845	0.002470480409
299846	0.001461688458
299847	5.866226976e-05
299848	0.0007241062065
299849	0.0002067036624
299850	0.003256825515
299851	0.0009638748213
299852	0.000249043751
299853	0.000662593423
299854	0.0007855193086
299855	0.002056101487
299856	0.001520419771
299857	0.001107915112
299858	0.0005295079179
299859	0.0007670016763
299860	0.002112088628
299861	0.002686135338
299862	2.703335633e-05
299863	0.001061265944
299864	0.0002319972554
299865	0.00330035065
299866	0.005714210112
299867	0.000457557536
299868	0.004187565516
299869	3.087716423e-05
299870	0.001843989751
299871	0.0002546263162
299872	0.002629055516
299873	0.0006165633924
299874	0.00381673989
299875	0.0005763740856
299876	0.002599968313
299877	0.0003580669395
299878	0.001557062605
299879	0.00171824756
299880	0.001137040071
299881	0.000238781156
299882	0.002603298423
299883	0.0003811688386
299884	0.001810890275
299885	0.002011405061
299886	0.002140423692
299887	0.0006159062791
299888	0.0009038012493
299889	0.001013312108
299890	8.334106693e-05
299891	0.003167282647
299892	0.00155666292
299893	0.0002013430178
299894	8.861916054e-05
299895	0.0009851492016
299896	0.001752927932
299897	0.002578537066
299898	0.0004436381529
299899	0.001440484472
299900	0.001843252408
299901	0.004249006089
299902	0.0008989977659
299903	0.001543681615
299904	0.0007151188345
299905	0.001359595795
299906	0.0005319440784
299907	1.694032461e-05
299908	0.003527518829
299909	0.0003638592008
299910	0.003083831177
299911	0.0005041933733
299912	0.000811536598
299913	0.0007846038203
299914	0.001318897261
299915	0.0001885489508
299916	0.0001167780312
299917	0.001110367413
299918	0.0009113503004
299919	0.001140128379
299920	0.002255579203
299921	0.0009151883629
299922	0.001219561189
299923	0.0004453500636
299924	0.0003308613889
299925	0.001770538406
299926	0.001268943969
299927	0.001078313317
299928	0.003488714002
299929	0.0014348344
299930	0.001710143423
299931	0.0003359884023
299932	0.002522741868
299933	0.001259889064
299934	0.001635561515
299935	0.001098043612
299936	0.001247193331
299937	0.000655447034
299938	0.001475038008
299939	0.0007010243793
299940	0.0007269299684
299941	0.002022506858
299942	0.001158491329
299943	0.0002891372176
299944	0.0006023332759
299945	0.001946179053
299946	0.001369327571
299947	0.001634907445
299948	0.000351943799
299949	0.004692179946
299950	0.0002207767597
299951	0.0003747785139
299952	0.003011118786
299953	0.001475763123
299954	0.00285697117
299955	0.001780897146
299956	0.002090343071
299957	0.0008184037877
299958	0.001417089171
299959	0.0006214894206
299960	8.807618181e-05
299961	0.0001146667897
299962	0.001038956217
299963	0.0002921768903
299964	0.001331630543
299965	0.003530420639
299966	0.001228168524
299967	0.00141258965
299968	0.004099968717
299969	0.001666230438
299970	0.0007717717963
299971	0.0007779239421
299972	0.002259013843
299973	0.0009981486535
299974	0.001364881272
299975	0.001810274755
299976	0.00362441013
299977	0.0004842003759
299978	0.002694311107
299979	0.002760002234
299980	0.001200791766
299981	0.001974094034
299982	0.001603847438
299983	0.0004091324101
299984	0.002071422992
299985	0.002464910234
299986	0.000585012703
299987	9.414176559e-06
299988	0.001905664031
299989	0.003509353584
299990	0.0005702520692
299991	0.001408102971
299992	0.001919248762
299993	0.001332109321
299994	0.00161108973
299995	0.003848491456
299996	0.001596890987
299997	0.0004884991207
299998	2.15282852e-05
299999	0.000825943745
300000	0.0001235648461
300001	0.0008786807324
300002	0.001065588876
300003	0.002585466723
300004	0.0008625794048
300005	0.0003357925664
300006	0.0003618928759
300007	0.0004439475714
300008	0.0008856395637
300009	0.004082380586
300010	0.0004975965741
300011	0.0001991329423
300012	0.001586576676
300013	0.001737950301
300014	0.0003592732361
300015	0.001392653656
300016	0.0002713932654
300017	0.005416873057
300018	0.001940346572
300019	0.003851523293
300020	0.001714707345
300021	0.0004477537622
300022	0.001178343838
300023	0.002828236492
300024	0.000518613621
300025	8.441421205e-05
300026	0.001043104806
300027	0.001121842468
300028	0.00136703204
300029	0.000498284794
300030	0.0007285748026
300031	0.0009744729728
300032	0.002947594731
300033	0.001289735449
300034	0.003332159752
300035	0.003531815757
300036	0.003136969687
300037	0.002098662409
300038	0.0002613331331
300039	0.0005652713051
300040	0.0005401205547
300041	0.0004296306744
300042	0.002938172378
300043	9.128837579e-05
300044	0.001600052769
300045	0.004123249818
300046	0.002542649866
300047	0.003418060679
300048	0.001285911908
300049	0.000908607869
300050	0.001089489697
300051	0.001649803309
300052	0.0004249059746
300053	0.0002405569212
300054	0.0001998733733
300055	9.308428625e-05
300056	0.003431452247
300057	0.0008996807987
300058	0.0002436174589
300059	0.001163528643
300060	0.001487150646
300061	1.988411999e-05
300062	0.00182387762
300063	0.001402681561
300064	0.001737947984
300065	8.845028273e-05
300066	0.0003220799126
300067	0.001704287927
300068	0.002830247457
300069	0.0002177354367
300070	0.003636049436
300071	0.001801620714
300072	0.00014045924
300073	0.001694464667
300074	0.00102589974
300075	0.001157681218
300076	0.002026675192
300077	0.001009669286
300078	0.001445307048
300079	0.005851453959
300080	0.002349397441
300081	6.150865859e-05
300082	0.0003774176524
300083	0.001659330742
300084	0.0005549186062
300085	0.0006528143469
300086	0.004166954217
300087	0.002006322995
300088	0.0003442969366
300089	0.0002659043021
300090	0.00124778592
300091	0.0003471396262
300092	0.000746077672
300093	0.0002534870008
300094	0.002540553451
300095	6.643105479e-05
300096	0.002805082563
300097	0.0001128895289
300098	0.0002724518826
300099	0.001357825132
300100	0.000684326532
300101	0.0005217504669
300102	0.001309640032
300103	0.003674786974
300104	0.0008101817353
300105	0.003124972491
300106	0.000789146452
300107	0.000958548165
300108	0.001342212055
300109	0.001116991058
300110	0.0003580194179
300111	0.00102139481
300112	0.0006455448608
300113	0.001632192861
300114	0.0003914679468
300115	0.002049587869
300116	0.0002635517713
300117	0.002052452807
300118	0.0008601410595
300119	0.002268712309
300120	0.001150638263
300121	0.0002393246102
300122	0.000202576528
300123	0.001331676403
300124	0.004839812499
300125	0.001134452391
300126	0.001534812777
300127	0.001163151441
300128	0.002563369159
300129	0.001869143928
300130	0.002452519116
300131	0.000317021041
300132	0.0008056943186
300133	0.00317604609
300134	0.001973078342
300135	0.001386231287
300136	2.783089147e-05
300137	0.0001530489181
300138	0.004380486049
300139	0.001211776907
300140	0.001263716745
300141	0.001255277903
300142	0.0008882409819
300143	0.00112356385
300144	0.001064513141
300145	0.001774302449
300146	0.001099474035
300147	0.0008238721927
300148	0.000761972771
300149	0.002284731838
300150	3.846278689e-05
300151	0.000111200189
300152	0.001069011098
300153	0.003496072064
300154	0.0008267085214
300155	0.001756656529
300156	0.0004842336361
300157	0.002324987346
300158	0.0001193840907
300159	0.0003577286588
300160	0.001600708471
300161	0.001963119266
300162	0.0003519751089
300163	0.0008012723753
300164	0.003748641162
300165	0.00360955809
300166	0.001378105373
300167	0.001262377234
300168	0.0003301190925
300169	0.0003182470608
300170	0.001670560878
300171	0.0004136168514
300172	0.001280605368
300173	0.002432592404
300174	0.0001350025462
300175	0.0007507884581
300176	0.0001711201607
300177	0.0009584014811
300178	0.0003594271988
300179	0.006661613728
300180	0.003260175561
300181	0.005593544351
300182	0.0009821262722
300183	0.00202382076
300184	0.001019102405
300185	0.0006162441405
300186	0.00051799828
300187	0.000697835046
300188	0.003040270139
300189	0.0002972372724
300190	3.551418993e-06
300191	0.0001208029549
300192	0.0008706483852
300193	0.001724641947
300194	0.001414655493
300195	0.001013591751
300196	0.0002375017502
300197	0.0004815609856
300198	0.0008798893613
300199	0.00185147732
300200	0.0001823292509
300201	0.0001067941953
300202	0.003071260518
300203	0.0001664707809
300204	0.0009326337516
300205	0.0006469496647
300206	0.0009925758865
300207	0.001000614701
300208	0.001520730485
300209	0.0009150292399
300210	0.001057368385
300211	0.001747426062
300212	0.002395885289
300213	0.0009528118932
300214	0.002114768706
300215	0.0009383722225
300216	0.002594434612
300217	0.003145911713
300218	0.001045543768
300219	0.0004832879425
300220	0.001458251979
300221	0.002263105358
300222	0.0004038650801
300223	0.002206653174
300224	0.0006015843615
300225	0.001257298589
300226	0.002072909572
300227	0.0002781676226
300228	0.001420377148
300229	0.002549373268
300230	0.001653053116
300231	0.0005364008419
300232	0.0001353702319
300233	0.002573854547
300234	0.001838833109
300235	0.001678452881
300236	0.00224784367
300237	0.002131522874
300238	0.003655685654
300239	0.0004235169577
300240	0.0004240954793
300241	0.001778057736
300242	0.0005986818704
300243	0.0009026428514
300244	0.000200695455
300245	0.000455233868
300246	0.0002193593304
300247	0.004278313488
300248	0.0006593837503
300249	0.0009277185985
300250	0.000565952962
300251	0.003968000775
300252	0.003950850687
300253	0.001379986248
300254	0.001434760292
300255	0.002141234394
300256	0.0008720571262
300257	0.0004087394948
300258	0.0005435403075
300259	0.002947887716
300260	0.001480566681
300261	0.0007039221131
300262	0.002884699544
300263	0.0002043142806
300264	0.001261474118
300265	0.00119469347
300266	0.002726088942
300267	0.0006769964146
300268	0.002628555242
300269	0.001829723114
300270	0.0008365041547
300271	0.001686946069
300272	0.001131216447
300273	0.001474477764
300274	0.0008989023079
300275	0.0004124963827
300276	0.00103726781
300277	0.0005752231196
300278	0.000909201044
300279	0.0008587776216
300280	0.0005607918321
300281	0.001102061144
300282	0.001355912192
300283	0.0009174308864
300284	0.002390660635
300285	6.637546223e-05
300286	0.0006460968053
300287	0.001837071773
300288	0.0007374599685
300289	0.004022285764
300290	0.001761496991
300291	0.004817157587
300292	0.001271403822
300293	0.0007129934138
300294	6.055166961e-05
300295	0.001001863909
300296	0.003557155607
300297	0.001786116072
300298	0.002879429401
300299	1.433384886e-06
300300	0.001952892559
300301	0.0009538219631
300302	0.00157585355
300303	0.0008686607509
300304	0.001466400933
300305	0.002116886008
300306	0.001020880695
300307	0.0006692305363
300308	0.0008997542406
300309	0.0007493726116
300310	0.0006895377147
300311	0.001164817043
300312	0.002072401475
300313	0.0009846518198
300314	9.748676873e-06
300315	0.001128553821
300316	0.0004903102605
300317	0.00079792001
300318	0.003638486558
300319	0.0003300314688
300320	0.002506210256
300321	0.0009764361911
300322	0.001165212141
300323	0.0006427209407
300324	0.0005196782622
300325	0.0001197679141
300326	0.002108213098
300327	0.001141480813
300328	0.0009692740204
300329	2.279174766e-05
300330	0.0002196820922
300331	0.0006385272045
300332	0.004443929362
300333	0.001877205087
300334	0.002034267254
300335	0.0009295760325
300336	0.003651954964
300337	0.001743480047
300338	0.001062719405
300339	0.002107589688
300340	0.001471296101
300341	0.0009327051695
300342	0.00611269324
300343	0.0004858474782
300344	0.0003304919984
300345	0.0003306577195
300346	0.0003559024767
300347	0.0006708011325
300348	0.004509582658
300349	0.001831276996
300350	0.0006402247751
300351	0.002727112935
300352	0.0006550435518
300353	0.001556213758
300354	0.0002210842312
300355	0.000947848943
300356	0.001111525749
300357	0.002407816518
300358	0.001877156032
300359	0.0002859926152
300360	0.0006044816728
300361	0.001023074932
300362	0.002200146024
300363	0.002726030607
300364	0.0002931450712
300365	0.0008314976456
300366	0.0004966624218
300367	0.001264123919
300368	0.0002479292188
300369	0.0003446598223
300370	0.00217967282
300371	0.002444949243
300372	0.00141825446
300373	0.0002882903007
300374	0.001148181558
300375	0.0001078971527
300376	1.526258479e-05
300377	0.0002474440725
300378	0.003915289344
300379	0.0003585549055
300380	0.001130457053
300381	5.488618135e-05
300382	0.001737111667
300383	0.001445898309
300384	0.003589089748
300385	0.00121937996
300386	0.0001385858572
300387	0.000931407951
300388	0.001248789022
300389	0.003254408919
300390	0.0006319151414
300391	0.0003758475554
300392	0.0005063976091
300393	0.0007102850965
300394	0.002515670137
300395	0.0003641345214
300396	0.004394623938
300397	0.003760911968
300398	0.00128649671
300399	0.0008260585212
300400	0.00158235424
300401	1.717372583e-05
300402	0.004912989192
300403	0.004884987588
300404	0.0004250170539
300405	0.0004502067488
300406	0.00277250612
300407	0.001780285873
300408	4.110992515e-05
300409	0.0001668145903
300410	0.004389969791
300411	0.004067401513
300412	0.000327146262
300413	0.00239782528
300414	0.0002449850388
300415	0.002882358722
300416	0.001333018336
300417	2.146614134e-05
300418	0.002166505353
300419	0.001594622544
300420	0.002564848984
300421	0.000619738189
300422	0.0006884848674
300423	0.0002828269531
300424	0.00117502217
300425	0.0008823500836
300426	0.0005769053934
300427	0.0001172936724
300428	0.001129131689
300429	0.002219162079
300430	0.0004284224466
300431	0.002772527636
300432	1.219852215e-05
300433	0.003112812955
300434	0.0003509524151
300435	0.001226954761
300436	0.001152222335
300437	0.0004546526008
300438	0.002935321545
300439	0.0006483858591
300440	0.001229562221
300441	0.00268918038
300442	0.0008455803993
300443	0.001500835106
300444	0.00144578454
300445	0.0002209371777
300446	0.0003939229548
300447	0.001194101823
300448	0.001426287312
300449	0.001821502748
300450	0.00217535543
300451	0.001766678637
300452	0.002168705997
300453	0.001995046661
300454	0.004436990151
300455	0.0005972203196
300456	0.00220821119
300457	0.0001821094184
300458	0.001434274374
300459	0.0002120485431
300460	0.001054075732
300461	0.0009892506716
300462	0.001187299742
300463	0.0001291035368
300464	0.0003632074109
300465	0.000458453911
300466	0.003016937373
300467	0.001075283934
300468	0.000405919129
300469	0.001704662443
300470	0.0001575850914
300471	0.0006660530317
300472	0.0008939281974
300473	0.0002278574416
300474	0.0006825020153
300475	5.838612128e-05
300476	0.002366739003
300477	0.002185564313
300478	0.001013650318
300479	0.001062433515
300480	0.002813363446
300481	0.003245830766
300482	0.001162568392
300483	0.0019115943
300484	0.0004206301873
300485	0.0006128701545
300486	0.001420156959
300487	0.004247929073
300488	0.0005640315579
300489	5.01597397e-05
300490	0.0009135638479
300491	0.0006979242854
300492	0.001145178278
300493	0.0006874148842
300494	0.002753917244
300495	6.393723937e-05
300496	0.002102574491
300497	0.0009356377087
300498	0.001336986475
300499	0.001621588472
300500	0.0004482957409
300501	0.0007942731167
300502	0.000773861642
300503	0.0002477439581
300504	0.0006511329296
300505	0.0008252919249
300506	0.0003859004981
300507	0.0005708216398
300508	0.0003683090382
300509	0.002302410228
300510	0.002920191307
300511	8.581727901e-05
300512	0.0004380633269
300513	0.0005883861076
300514	0.001791673041
300515	0.001776546099
300516	0
300517	0.001905160502
300518	0.0008553288975
300519	0.000115403363
300520	0.001029354757
300521	0.001388812404
300522	0.001220237877
300523	0.001801837011
300524	0.001080167658
300525	0.001265991084
300526	0.0001932446841
300527	0.0007415654461
300528	0.002949422248
300529	0.000328631458
300530	0.001593774953
300531	0.002596739334
300532	0.003646711976
300533	6.804533104e-05
300534	0.000103031004
300535	0.0001407857394
300536	0.001981667908
300537	5.73662275e-05
300538	0.001851683542
300539	0.001184185532
300540	0.0002506131286
300541	0.001634075738
300542	0.001133834624
300543	0.0004695183459
300544	0.00295497702
300545	0.0001013007864
300546	0.001174924474
300547	0.00265507503
300548	0.002693417943
300549	0.0009803391763
300550	0.001303357055
300551	0.001982280205
300552	0.001253743397
300553	0.0001874685066
300554	0.001474809005
300555	0.001515420011
300556	0.003684070713
300557	0.001436497957
300558	0.001428038737
300559	0.004423615678
300560	0.0002527954953
300561	0.0001486519377
300562	0.0001840075778
300563	0.0002242057575
300564	0.001301922929
300565	0.001883814741
300566	0.0009496316095
300567	0.001942711009
300568	0.001011264849
300569	0.002539171943
300570	0.002946261583
300571	0.001089151564
300572	0.0001606376653
300573	0.001781274884
300574	0.0004517560283
300575	0.0005908660291
300576	0.001132579666
300577	0.00102365713
300578	0.0003556326712
300579	0.002488395677
300580	0.001134678118
300581	0.00041945009
300582	0.0002039036986
300583	0.001187998945
300584	0.0008868845113
300585	0.003342970686
300586	0.001704634122
300587	0.0002432256379
300588	0.0001980909732
300589	0.002781854011
300590	0.001225447725
300591	0.0008717074398
300592	0.0008662317687
300593	0.0008321935805
300594	0.0001404002552
300595	0.0005087128328
300596	1.933697248e-05
300597	0.005560233598
300598	0.0002474565562
300599	0.0009110205868
300600	0.0001485474423
300601	0.000507815752
300602	0.00539427551
300603	0.001487761292
300604	0.00115061095
300605	0.001984363185
300606	0.0004054884724
300607	0.003509327928
300608	0.003252337231
300609	0.003980354554
300610	0.005275583089
300611	0.003363404332
300612	0.0002470321625
300613	0.003190455282
300614	4.34185131e-05
300615	0.002113851369
300616	0.0002377177554
300617	0.0001450295633
300618	0.001808623352
300619	0.000684112064
300620	0.003133985808
300621	0.0003854348459
300622	0.001131762828
300623	0.002491730971
300624	0.0008719555584
300625	0.002437853396
300626	0.0007709881756
300627	8.711560945e-05
300628	0.003492045298
300629	0.002541981725
300630	0.003573632541
300631	0.0007381029514
300632	0.0005910754295
300633	0.001950861823
300634	0.0008316657414
300635	0.0004049980365
300636	0.003394700372
300637	0.00110501016
300638	0.0003931270935
300639	0.001744090102
300640	5.439666386e-05
300641	0.0011730194
300642	0.0008026904395
300643	0.002541486384
300644	8.977166725e-05
300645	0.0009944017564
300646	0.001788639357
300647	0.00322571291
300648	0.0007001555154
300649	0.0008823287921
300650	0.0006597818412
300651	0.001901257414
300652	0.001735419231
300653	0.0003521490816
300654	0.0008272723635
300655	0.0003198623741
300656	0.001829540293
300657	0.0007625491761
300658	0.0005985490432
300659	0.003530441938
300660	0.002250008268
300661	0.001069645385
300662	0.0008595020267
300663	0.003127185033
300664	0.001546411232
300665	0.001445434732
300666	0.003023823853
300667	0.000380075586
300668	0.001504597013
300669	0.00324636664
300670	0.001439747714
300671	0.001422355472
300672	0.001733570412
300673	0.0003227671718
300674	0.001819650193
300675	0.004176112523
300676	0.001609561695
300677	0.001071605124
300678	0.002205369751
300679	0.002386015562
300680	0.001089406449
300681	0.0006694177199
300682	0.002287613131
300683	0.0003075749699
300684	0.001336260518
300685	0.001840558313
300686	0.0007015648061
300687	0.001320535995
300688	0.0003078303597
300689	0.004183364839
300690	0.001312801155
300691	0.000800918295
300692	0.0005593285241
300693	0.0007084400317
300694	0.003071344127
300695	0.001174708912
300696	0.001048847238
300697	0.0003461414146
300698	0.0001567621789
300699	0.001403561077
300700	0.0001993910855
300701	0.002677814023
300702	0.0005488297329
300703	0.002433663422
300704	0.001901964534
300705	0.0009967401918
300706	0.002103343265
300707	0.0003682823281
300708	0.001493470454
300709	0.0006679313922
300710	0.005578686483
300711	0.002129150398
300712	0.0001025622954
300713	0.001108806498
300714	0.0003538320075
300715	0.0004895089584
300716	0.002141709791
300717	0.001577766837
300718	0.002136372472
300719	0.00103819462
300720	0.00192601193
300721	0.001247798759
300722	7.24051087e-05
300723	0.002593245682
300724	0.001067187811
300725	0.001684152999
300726	0.001933451389
300727	0.003332999683
300728	0.003903236794
300729	0.0001365111574
300730	0.0003442873961
300731	0.000422499562
300732	0.0008601886661
300733	0.0007965066399
300734	0.0009514209085
300735	0.0008927077124
300736	0.00262638847
300737	0.002732540199
300738	0.0008365062536
300739	0.0006594188772
300740	0.0007949592707
300741	0.000859922094
300742	0.001212383163
300743	0.002716564641
300744	0.0004589801567
300745	0.00112570749
300746	0.000515079936
300747	0.0005314433288
300748	0.001925985924
300749	0.001210955701
300750	0.003288422756
300751	0.0001852046157
300752	0.0001058395633
300753	0.001473304716
300754	0.0006808065153
300755	0.003040751151
300756	0.00351254455
300757	6.149756457e-05
300758	0.001484944306
300759	0.002750241658
300760	9.074873293e-05
300761	0.002393005788
300762	1.625533188e-05
300763	0.001256973437
300764	0.0005480085879
300765	0.0005473165799
300766	0.001169359325
300767	0.0008895886798
300768	0.001953293534
300769	0.002284399684
300770	0.002705843131
300771	0.001541026889
300772	0.001708499671
300773	0.004223858535
300774	0.0001128565502
300775	0.001606903434
300776	0.0009527039824
300777	0.0008965331192
300778	0.0006344854043
300779	0.0009164698812
300780	0.0004480742922
300781	0.0004859635866
300782	0.001158330006
300783	0.0004404106017
300784	0.003972494389
300785	0.001772347911
300786	0.0008158856388
300787	0.001367079903
300788	0.000784615924
300789	0.0007806376893
300790	0.001165365577
300791	0.003760807956
300792	0.0004383848984
300793	0.0003498570065
300794	0.0005826738413
300795	0.001007471999
300796	0.003609434847
300797	0.001649500899
300798	0.001992622098
300799	0.001515625145
300800	0.0003619654309
300801	0.0006015495002
300802	0.0005836893047
300803	0.003864363394
300804	0.0003035189005
300805	0.00337107404
300806	5.601180772e-05
300807	0.0002345351757
300808	0.001418540153
300809	0.0003627247861
300810	0.001370508232
300811	0.002684726723
300812	0.0007630896931
300813	0.0005163756281
300814	0.001304176803
300815	0.0004005998294
300816	0.0007456538443
300817	0.001308277656
300818	7.185198765e-05
300819	0.0002133741105
300820	0.002850501757
300821	0.0008109144588
300822	0.003626123267
300823	0.0009638607916
300824	0.0004681008188
300825	0.002218540909
300826	0.0009758476112
300827	2.231286895e-05
300828	0.002809529991
300829	0.0004692017288
300830	0.0002189108377
300831	0.0004308943815
300832	0.00301497219
300833	0.0002821640893
300834	0.002952066558
300835	0.002591122804
300836	0.0005949578333
300837	0.0005625249697
300838	0.004801465668
300839	0.001268545092
300840	0.0009278931653
300841	0.0006921855935
300842	0.001099837933
300843	0.0002241929121
300844	0.0001552988179
300845	0.001007279411
300846	0.006076404664
300847	0.001825194221
300848	0.001482023538
300849	0.001096028016
300850	0.001556658404
300851	0.001439333809
300852	0.0005616706016
300853	0.0009620594591
300854	0.0004688670717
300855	0.002929801639
300856	0.0007178477677
300857	0.002650034671
300858	0.001829918473
300859	5.782306685e-05
300860	0.003719120827
300861	0.0010185144
300862	0.001851674511
300863	0.001296775523
300864	0.00285083841
300865	0.003449698498
300866	0.002410658667
300867	0.001257228116
300868	0.0001264110839
300869	0.002381497248
300870	0.0001731999327
300871	0.0001657941517
300872	0.0008747652493
300873	0.001633697379
300874	0.003547588598
300875	0.003365883031
300876	0.003065020106
300877	0.0008370013618
300878	0.0008769909485
300879	0.001083479742
300880	0.001485468857
300881	0.0004775649725
300882	0.0001315121952
300883	0.0008006389928
300884	0.00176902813
300885	0.0009682709224
300886	0.001275871654
300887	0.0003584362188
300888	0.001665266555
300889	0.001662100569
300890	0.001489310338
300891	0.0003834559272
300892	0.00228276186
300893	0.0005233237993
300894	0.000305752717
300895	0.002069013164
300896	0.0005283226065
300897	0.0002255690638
300898	0.002868195472
300899	0.002000619732
300900	0.0001640991054
300901	0.001001421787
300902	0.001937344533
300903	0.0009870239638
300904	0.002091961957
300905	0.0003520622451
300906	0.0002449850388
300907	0.002108760936
300908	0.00159813703
300909	0.002787509474
300910	0.0005408841141
300911	0.002510801348
300912	0.0003308306034
300913	0.0009781787675
300914	0.001081008639
300915	0.001344558644
300916	0.000422603925
300917	0.0004554898677
300918	0.00284446525
300919	0.002249021018
300920	0.0009114508854
300921	3.257249867e-05
300922	0.001843424529
300923	0.00314474233
300924	0.001258770489
300925	0.005543887892
300926	0.004462548503
300927	0.001493302012
300928	0.001220000142
300929	0.003560870724
300930	0.002118733582
300931	0.0001607764737
300932	0.0008939044292
300933	0.003100817398
300934	0.001351268079
300935	0.001793734951
300936	0.001674784682
300937	0.001798133918
300938	0.00152170242
300939	0.003159401131
300940	0.002364387092
300941	0.0008018666788
300942	0.001299214019
300943	0.002530635397
300944	0.0001466873163
300945	0.003043073353
300946	0.001971638188
300947	0.003066204277
300948	0.001902290828
300949	0.0004068325169
300950	0.000100220518
300951	0.00238200662
300952	0.002003953757
300953	2.385699154e-05
300954	0.001021752855
300955	0.0008791389756
300956	0.001589823629
300957	0.0008073124629
300958	0.002946667957
300959	0.002051933296
300960	0.001739936547
300961	0.000822618576
300962	0.002764721911
300963	0.001649786561
300964	0.003456017478
300965	0.0003191827725
300966	0.002985787468
300967	0.0003644031285
300968	0.0003716228342
300969	0.003118655199
300970	0.001426637555
300971	0.003159698336
300972	0.0003212203836
300973	0.0005398979337
300974	0.001062611693
300975	0.002671909807
300976	0.002480743699
300977	0.001944437077
300978	0.0001021209748
300979	0.001079454162
300980	0.0007675860113
300981	0.003181103633
300982	0.0005265707297
300983	0.003338957532
300984	0.001535491625
300985	0.002411328128
300986	0.003200601372
300987	0.002945867917
300988	0.0009266656661
300989	0.0008305085579
300990	0.001799967603
300991	0.0001977508495
300992	0.002759278727
300993	0.0008377741893
300994	0.002518669201
300995	0.0004021202156
300996	6.876844826e-05
300997	0.0004117812789
300998	0.000117410653
300999	0.0003320450411
301000	4.711400188e-05
301001	0.0002251991427
301002	0.0006943765255
301003	0.0002302742797
301004	0.0003292054203
301005	0.0003962750325
301006	0.000359471246
301007	5.850875885e-05
301008	0.0002226229444
301009	0.0005621696211
301010	0.0003879335176
301011	0.0002212966821
301012	5.532334739e-05
301013	0.0005023778524
301014	5.640213286e-05
301015	0.0001518502879
301016	0.0003991242123
301017	0.0001166147016
301018	0.0004937730263
301019	0.0002720746734
301020	0.0008947117759
301021	0.0003910656687
301022	0.0003958587579
301023	0.001121109849
301024	0.0001155860233
301025	0.0001162460437
301026	0.0003274467809
301027	0.0003436162393
301028	0.000522911689
301029	0.00314699346
301030	0.005501096508
301031	0.0004125405417
301032	0.0001766140493
301033	0.0004554593725
301034	0.0001255095622
301035	0.0004295897976
301036	0.0004219691888
301037	0.0001017224133
301038	0.0004506233176
301039	0.0005043529593
301040	0.0004101714146
301041	0.0001930777044
301042	0.0004395349541
301043	0.0005311722142
301044	0.0003890675557
301045	0.0001695460848
301046	0.0002403839697
301047	0.0006448468771
301048	0.0001973127935
301049	0.000315984955
301050	0.0002462227109
301051	0.0002647488519
301052	0.001054390062
301053	0.0006050473853
301054	0.0001025777672
301055	7.945784169e-05
301056	0.0006846672905
301057	0.0002070336937
301058	3.506550096e-05
301059	0.001101422002
301060	0.0003495057835
301061	0.0001566676591
301062	0.0003949020843
301063	0.0004999006667
301064	0.000128649557
301065	0.0001771772522
301066	0.0001007037596
301067	0.0001775388081
301068	0.0007832678858
301069	0.001385639996
301070	0.0002733991217
301071	0.0004879749612
301072	0.0001279783887
301073	3.030941812e-05
301074	0.0008996476819
301075	0.001191518661
301076	3.768727953e-05
301077	0.0003142069302
301078	0.0009583264062
301079	0.0004231752411
301080	2.065563912e-05
301081	0.0005035036621
301082	0.0003373043714
301083	0.0004049064779
301084	0.0003284253731
301085	0.0007727912393
301086	0.0003032186072
301087	0.0007908612566
301088	0.0003068392553
301089	0.0008035397631
301090	6.852315948e-05
301091	0.0002408958608
301092	0.0006057742235
301093	0.0001715834495
301094	0.0001086719825
301095	0.0006141950948
301096	0.0003570627105
301097	7.070996575e-06
301098	0.001461580387
301099	3.898388656e-05
301100	0.0003926972767
301101	0.0001107227423
301102	0.000162840737
301103	0.0004887371202
301104	0.0008555472909
301105	0.0007986913421
301106	2.794701512e-05
301107	0.000167148791
301108	0.0001274083503
301109	0.0003974309121
301110	0.0002140623003
301111	4.114224814e-05
301112	0.0001721313613
301113	0.001197616166
301114	0.0003879706962
301115	0.000584760687
301116	0.0003813894228
301117	0.0004452241874
301118	0.0003325646899
301119	0.0002619617179
301120	0.0003405758026
301121	0.0001780578679
301122	0.0001166601259
301123	1.088840736e-05
301124	0.0002998418156
301125	0.0002110035009
301126	2.885420523e-05
301127	3.183122324e-05
301128	0.001225568017
301129	3.769596056e-05
301130	9.860189604e-05
301131	0.0007830701735
301132	2.741576829e-05
301133	0.0004222412576
301134	2.202764357e-06
301135	1.661696238e-05
301136	0.0003148541466
301137	8.672903742e-07
301138	0.0003033260678
301139	0.0004908876916
301140	0.0007835759291
301141	0.0001934457966
301142	0.0004909656373
301143	0.001440504228
301144	1.624671518e-05
301145	0.0004133775816
301146	9.294241345e-05
301147	0.001215332418
301148	8.119391949e-05
301149	0.000821360578
301150	0.0001226577072
301151	0.0003064942729
301152	0.0001916767032
301153	0.0007596952971
301154	6.46794472e-05
301155	0.0002369575226
301156	0.0004560281965
301157	1.272535986e-06
301158	8.824962164e-05
301159	0.0003406798777
301160	0.0006780137714
301161	0.0003290507929
301162	0.0001523590486
301163	0.0003116344231
301164	0.000789140028
301165	0.0003561698733
301166	3.900840748e-05
301167	0.0003072602486
301168	0.000237568096
301169	0.0001040001221
301170	0.0007569659491
301171	1.036952986e-05
301172	0.0003286696995
301173	0.0001017662938
301174	4.356436806e-05
301175	0.0004419935792
301176	0.0001156000252
301177	0.0008826425925
301178	9.027221028e-05
301179	9.095392979e-05
301180	0.0002984519332
301181	9.465085158e-05
301182	0.0005423045451
301183	4.873851449e-05
301184	1.690334075e-06
301185	0.0005355544788
301186	8.537955339e-05
301187	0.0007778575042
301188	0.0002039397018
301189	2.667754177e-05
301190	3.637738383e-06
301191	2.907219369e-05
301192	8.604212212e-06
301193	0.0001155569675
301194	0.0006854030813
301195	0.0001468691612
301196	0.0002030394903
301197	0.0003858620215
301198	0.001636813155
301199	5.809080506e-05
301200	0.001457224669
301201	0.0002500119972
301202	0.000218954657
301203	7.836879327e-05
301204	0.0006453125032
301205	0.0002558745603
301206	0.001064377349
301207	5.440188979e-05
301208	0.001070070376
301209	3.535271857e-05
301210	0.001081514113
301211	0.0007304391721
301212	0.0004150667283
301213	0.0003594678837
301214	0.0006634825122
301215	0.0007091784568
301216	0.0008826848919
301217	0.0007240332585
301218	0.0007634301808
301219	0.0004598404944
301220	0.0004667579029
301221	0.0009221873086
301222	0.0002733117714
301223	2.44594475e-05
301224	0.0002062991004
301225	0.0003527170049
301226	8.936787177e-05
301227	6.980768872e-05
301228	0.0004039794214
301229	0.0006899561407
301230	4.532805868e-05
301231	0.0001738941414
301232	0.000233213854
301233	0.0001049090888
301234	0.0004280534272
301235	0.001211465818
301236	0.0002974868029
301237	0.0006518498741
301238	8.154550778e-05
301239	0.001126316145
301240	5.80327393e-05
301241	0.0006795549425
301242	0.0008915599456
301243	8.816278052e-05
301244	5.35742656e-05
301245	0.0004456610314
301246	5.601400873e-05
301247	0.001227275896
301248	0.0002759855809
301249	0.0001963728534
301250	0.000538372442
301251	0.000135333368
301252	0.0002244889117
301253	0.0008875352068
301254	0.0005243081783
301255	0.0002555128649
301256	0.0003297580268
301257	0.0005741063183
301258	0.0002951095506
301259	0.0006338887083
301260	0.0005546850208
301261	3.364528487e-05
301262	0.0001270622061
301263	0.0003605630636
301264	0.0002645348343
301265	7.561287824e-05
301266	0.001430407603
301267	0.0001161172618
301268	0.0001159786894
301269	0.0006407257657
301270	0.0006573790474
301271	0.0002587189793
301272	2.262969817e-05
301273	0.0007928455992
301274	0.0008956878096
301275	0.0005234983295
301276	0.0003622983132
301277	0.0002018775507
301278	0.0008758672958
301279	0.0005961391236
301280	6.431846046e-05
301281	0.0002437967573
301282	0.0009904824623
301283	0.0008245908818
301284	0.0004228761356
301285	2.400780044e-06
301286	3.296654516e-05
301287	0.0003534222958
301288	4.196963947e-05
301289	0.0005454145133
301290	0.001102462024
301291	0.0001012813719
301292	0.0002386728841
301293	0.0003513373212
301294	0.000367784606
301295	7.638937011e-05
301296	0.0003742429963
301297	0.0005185491436
301298	0.0007600016457
301299	0.0006562029904
301300	0.0004082814559
301301	0.0002773537647
301302	0.0007427738599
301303	0.0001063404673
301304	0.0005422743438
301305	0.001083704289
301306	0.0005694932985
301307	0.0002224486957
301308	4.076894159e-05
301309	0.0004073434934
301310	0.0008037702555
301311	0.0009054519585
301312	0.0004978828419
301313	0.0001144080597
301314	0.0004491292323
301315	0.0004251686984
301316	0.0003540124644
301317	0.0007776568975
301318	0.0004791650557
301319	0.0001802079011
301320	0.0004509461664
301321	0.0002968832636
301322	0.0002262585514
301323	2.266290505e-05
301324	0.0009392846152
301325	5.037643966e-05
301326	0.0003133823335
301327	0.000548759438
301328	0.0001049669879
301329	0.0006430619069
301330	0
301331	0.000475758223
301332	0.001491323134
301333	2.495427817e-05
301334	0.001464825429
301335	0.0001006358702
301336	3.043836012e-05
301337	0.0003082209828
301338	0.0004607590034
301339	0.0002314421236
301340	3.611919092e-06
301341	0.001373024807
301342	0.0001886378822
301343	0.0007414468418
301344	0.0002826058971
301345	0.0004639512931
301346	0.0005946818518
301347	0.0001762411844
301348	0.0004380561618
301349	0.0004207155212
301350	3.930873842e-05
301351	0.0002800948011
301352	0.0008416034316
301353	0.0002023062432
301354	5.158487399e-05
301355	0.0004108602735
301356	0.0003429660626
301357	0.0002790936419
301358	0.0001526162364
301359	0.0002603874024
301360	0.0009974945163
301361	1.487114043e-05
301362	5.926856015e-05
301363	0.0003256403417
301364	3.499432087e-05
301365	0.0003788440675
301366	0.0002085698083
301367	7.813827062e-05
301368	0.00060666927
301369	0.0006429052904
301370	0.0003257797947
301371	0.001232759607
301372	0.00010161061
301373	0.0001650799924
301374	0.00148755152
301375	0.0001536639628
301376	0.0003771496547
301377	0.0002372341039
301378	0.0003975701291
301379	0.0003328979333
301380	0.0006310032407
301381	0.0002891685323
301382	1.993460993e-05
301383	0.0004599902667
301384	0.0001707135824
301385	3.736096736e-05
301386	0.0008438732953
301387	0.0001503767187
301388	0.00115182922
301389	0.0002207674676
301390	0.0002988419122
301391	0.0001326061593
301392	0.0001121073331
301393	0.0001890530429
301394	0.0008660753665
301395	0.0005726705787
301396	0.0002435970072
301397	0.0005221821895
301398	0.0006423923358
301399	0.0001267726927
301400	0.0002017095205
301401	4.37244517e-05
301402	6.354675569e-05
301403	8.673174138e-05
301404	0.0005914469323
301405	2.954775557e-05
301406	0.00135398004
301407	0.0004695433259
301408	0.0001121594672
301409	0.0004305647991
301410	0.0007424750319
301411	0.0005595436777
301412	0.0005908855374
301413	3.5992221e-05
301414	0.0001859421621
301415	9.866524053e-05
301416	0.000125748556
301417	0.0002137691653
301418	0.0005691413921
301419	0.0006546475928
301420	0.0008226452783
301421	0.0008521209457
301422	0.0002406391676
301423	0.0002474890287
301424	0.0006335771542
301425	0.000245750071
301426	0.0006502122187
301427	0.0003530234292
301428	0.000201578644
301429	0.0005086549959
301430	0.0005708614274
301431	8.929918237e-05
301432	0.0003229815198
301433	0.0001068211348
301434	0.001207128997
301435	0.000435874177
301436	0.0004705490448
301437	0.0008111698131
301438	0.0004954192168
301439	0.001000771399
301440	0.0001238553357
301441	0.0003066432842
301442	0.0003445190898
301443	0.0008957398634
301444	0.0001673058895
301445	5.672423677e-06
301446	9.300400324e-05
301447	3.171365561e-06
301448	0.0002738571373
301449	0.0007584006514
301450	0.0005351501056
301451	0.00145456979
301452	3.880765248e-06
301453	0.001183179347
301454	0.0001488599825
301455	0.0003078850589
301456	0.0004520841069
301457	0.001075096372
301458	0.0001765690637
301459	0.000798915805
301460	0.0004890209141
301461	0.0002473930225
301462	3.908668393e-05
301463	0.000100189662
301464	0.0003484708574
301465	0.0006519045098
301466	0.000112118907
301467	0.0003290133102
301468	0.0005320556862
301469	5.025869779e-05
301470	0.0007832165943
301471	0.0007886764167
301472	0.0008934255406
301473	1.106741882e-06
301474	0.0001486253164
301475	7.683032262e-07
301476	0.0003460361992
301477	0.0003518358566
301478	7.716880461e-05
301479	0.0005131178863
301480	1.006979072e-06
301481	0.0005688659513
301482	9.158111832e-05
301483	0.0004758467804
301484	0.0002672534648
301485	0.0003316029165
301486	0.0006113680022
301487	8.16605474e-06
301488	0.0003632091004
301489	0.0001969223629
301490	0.0004569102881
301491	0.000409043399
301492	0.0002006998649
301493	0.0003997889291
301494	0.00045382464
301495	0.0003972004603
301496	0.0006897471147
301497	0.0005644620028
301498	0.0003610231389
301499	0.0002794039509
301500	0.0002257974043
301501	0.0005291486382
301502	0.0002182679693
301503	0.0002361938304
301504	0.0006559334779
301505	2.919959412e-05
301506	0.001114708557
301507	0.0003234525986
301508	0.0004898275798
301509	0.0006085965131
301510	0.0008241118326
301511	0.0003133386778
301512	0.0007486531316
301513	0.0002821124558
301514	0.000131698914
301515	0.0002558859843
301516	0.0003821438156
301517	0.0008034679147
301518	0.0004035050055
301519	0.0003415528233
301520	0.0004329885434
301521	0.0007998667187
301522	1.9069533e-05
301523	0.00054760008
301524	0.0007976878898
301525	0.0008875237581
301526	0.0003631456129
301527	0.0002184876321
301528	1.900054336e-05
301529	0.0001224328126
301530	0.0003775207236
301531	0.0002445647255
301532	0.0004500973661
301533	0.000208614611
301534	1.155874428e-06
301535	0.0001234231517
301536	3.155432312e-05
301537	0.0005461908655
301538	0.0002088930071
301539	0.0002657832998
301540	2.790249812e-05
301541	7.236433124e-05
301542	0.0002488795632
301543	0.0006536849573
301544	0.0001823506824
301545	0.000784603528
301546	0.0006471562328
301547	0.0004746899041
301548	0.0003824617675
301549	0.0006989986826
301550	0.001190602345
301551	0.0001392397162
301552	0.000646764175
301553	0.0008763038716
301554	6.601567453e-08
301555	4.783139841e-06
301556	0.0003881732083
301557	0.000118365689
301558	0.0003179406822
301559	0.001141279236
301560	0.000708693289
301561	0.0003232309892
301562	4.661473637e-05
301563	0.001224511062
301564	2.711860476e-05
301565	0.0003767987914
301566	0.0006731781751
301567	0.0004304695062
301568	0.001381562271
301569	2.405963969e-05
301570	0.000534668157
301571	0.0005577959754
301572	7.127118249e-06
301573	3.596561004e-06
301574	0.0003497103662
301575	0.0002190904168
301576	0.0004037704827
301577	0.0008235093198
301578	7.37436862e-05
301579	0.0004187105759
301580	0.0001172925318
301581	0.0002278523955
301582	0.0002334378447
301583	0.0009154036982
301584	0.0006435927267
301585	0.0003415599812
301586	5.485855393e-05
301587	4.017963161e-05
301588	0.0003138837815
301589	0.0004009094473
301590	8.135488647e-05
301591	0.0004475224119
301592	0.001102977798
301593	5.672141897e-05
301594	0.0004542687276
301595	0.0007962216974
301596	0.0001428528264
301597	0.0002710221254
301598	0.0004673842651
301599	2.322500157e-06
301600	8.743697788e-06
301601	0.0002184608892
301602	0.0007772505579
301603	0.00161321337
301604	0.0003987294686
301605	0.0001558857012
301606	8.688439508e-05
301607	9.350367299e-05
301608	0.0002545193022
301609	0.0001234929043
301610	0.0001201564496
301611	7.054380207e-05
301612	4.844197513e-05
301613	0.0007785196219
301614	5.710506242e-05
301615	0.0001126280003
301616	0.0006337589682
301617	0.0002140642567
301618	0.0004955332784
301619	0.0008690823209
301620	0.0009224873123
301621	0.000205956907
301622	0.0005696340827
301623	0.0003728847141
301624	0.0005275410613
301625	0.000296315161
301626	7.252647235e-05
301627	0.0002481342695
301628	0.000577848439
301629	2.812199962e-05
301630	0.0006860633186
301631	0.0002978787286
301632	9.085548169e-05
301633	0.0002245925976
301634	0.0002416890543
301635	0.0001065376715
301636	0.0007399851327
301637	0.0009835953033
301638	0.0009053213713
301639	0.000730912728
301640	0.0006868029503
301641	0.001095237408
301642	0.0001543685604
301643	0.000217883897
301644	0.0001994755129
301645	0.0004311410234
301646	0.000208701571
301647	0.0009912214561
301648	7.836480677e-05
301649	0.0001219784262
301650	8.448710748e-05
301651	0.0006430069945
301652	0.0001364702657
301653	1.263341856e-06
301654	0.001068295228
301655	6.652258739e-05
301656	0.0007255302586
301657	0.0002898975173
301658	8.456719688e-05
301659	3.736746603e-05
301660	0.0006424223131
301661	0.0003396669623
301662	0.0001372640506
301663	0.000368318822
301664	0.0004409214423
301665	0.001348375806
301666	0.0007728226141
301667	0.000240705646
301668	0.0006020169998
301669	0.0001898514079
301670	0.0006621273018
301671	0.001232338592
301672	0.0003844333775
301673	0.0005555499995
301674	0.0004488688961
301675	7.700708853e-05
301676	0.0001191432763
301677	0.0002112560896
301678	0.0003458939796
301679	7.171708115e-05
301680	0.0007489925536
301681	0.0008783804281
301682	0
301683	0.0009942324986
301684	0.001461675094
301685	0.00104326436
301686	0.0007244594502
301687	8.083003648e-05
301688	0.0001118573895
301689	1.563157721e-06
301690	0.0004292316443
301691	0.0006318482911
301692	0.0009423671942
301693	0.0004768861114
301694	0.0002497560008
301695	0.0003305229349
301696	7.229906795e-05
301697	7.58048659e-05
301698	0.0001767210668
301699	0.0004892890088
301700	0.0003316759546
301701	0.0003293855533
301702	0.0002612706373
301703	0.0004812306056
301704	0.0008653745124
301705	0.001118539296
301706	0.0004362397409
301707	0.0005667191244
301708	0.0003431432439
301709	0.0002903858031
301710	0.0006514329723
301711	0.0005365076436
301712	0.0004425886906
301713	2.276595704e-05
301714	0.0001593402503
301715	0.000122006541
301716	0.0008281465772
301717	0.0007008679417
301718	0.0005347598253
301719	0.0001516297283
301720	0.0002463162508
301721	3.909864383e-05
301722	0.0002025298717
301723	2.513589723e-05
301724	4.759155927e-08
301725	0.0005765386713
301726	0.0003476389553
301727	0.0002711973603
301728	0.0003271135088
301729	0.0006775013216
301730	7.076799086e-05
301731	0.0006297985063
301732	0.0003033436138
301733	0.0006397204432
301734	1.744250372e-05
301735	0.001261097967
301736	0.0005025377908
301737	0.001141302719
301738	0.0005654202548
301739	0.0008749223575
301740	0.0004714297084
301741	0.0008033667481
301742	0.0008034273117
301743	7.793133487e-05
301744	5.63645035e-06
301745	0.0002098054056
301746	0.0001067190429
301747	0.0003316083939
301748	0.0002056854076
301749	3.340954929e-05
301750	0.0001444146685
301751	0.0007707474838
301752	0.0006799958141
301753	0.0005018772721
301754	0.0004018213618
301755	0.001319396526
301756	0.0001592279154
301757	0.0003095262618
301758	0.0002190808896
301759	0.0005085470971
301760	0.0003935541801
301761	0.000618261583
301762	0.0005167179069
301763	0.000223518005
301764	0.0002229538363
301765	0.0007879076715
301766	0.000159132986
301767	0.0005002181569
301768	3.769596414e-05
301769	0.000683542602
301770	0.0003317589477
301771	0.0004760956073
301772	3.481837989e-05
301773	0.0003834886745
301774	5.083635809e-05
301775	0.0002707161011
301776	7.97223808e-05
301777	0.0004153153863
301778	4.474720923e-05
301779	0.0002460914887
301780	0.0005633252732
301781	3.747645411e-05
301782	0.0002918912397
301783	0.000328706097
301784	0.0005349173496
301785	0.0005167860264
301786	0.0001988095014
301787	0.0008905177648
301788	0.0007285048112
301789	6.230271843e-05
301790	0.000598535022
301791	0.0002765267476
301792	0.001465056576
301793	3.980330978e-05
301794	0.0004565579667
301795	0.0004462966638
301796	0.0004062610355
301797	5.928271114e-06
301798	0.0002943778792
301799	0.0007687399384
301800	0.0007840595911
301801	0.0001304155154
301802	0.0008344487576
301803	0.0005073211118
301804	2.423811667e-06
301805	0.001030690986
301806	0.0008884360739
301807	0.0004040287479
301808	0.0004239476656
301809	7.125714215e-05
301810	0.0001010307775
301811	0.0004584072959
301812	0.0002360963056
301813	0.001766735878
301814	0.0005395759255
301815	0.0006305568018
301816	7.833168534e-08
301817	0.0005991286655
301818	0.0001242930843
301819	0.0002617664454
301820	0.000787690497
301821	0.0004453847491
301822	0.0003440130975
301823	0.0003286069151
301824	2.177447575e-05
301825	0.0001180653597
301826	7.067298523e-06
301827	0.0007279495264
301828	0.0003251270603
301829	0.00023972784
301830	3.846030547e-05
301831	0.0002207963935
301832	0.0001020137241
301833	0.000477030411
301834	9.293889243e-05
301835	0.0009174109737
301836	0.0004492199114
301837	0.0007857971393
301838	0.000320898412
301839	0.0004519998509
301840	0.0007815092122
301841	1.690125676e-06
301842	0.0001210174716
301843	0.0004294248079
301844	2.3152885e-05
301845	0.0006731285357
301846	0.0005757095155
301847	0.0003430005537
301848	9.241065362e-05
301849	1.787221859e-05
301850	0.0003267105094
301851	0.001254504053
301852	0.0001146440143
301853	0.0009078632861
301854	9.34524037e-06
301855	0.0002151611773
301856	0.0005627239614
301857	0.0006715157903
301858	8.987146731e-06
301859	0.0002377466994
301860	0.0006796187286
301861	0.0001285220195
301862	6.861892551e-07
301863	0.0008971848316
301864	3.386289474e-06
301865	0.0006703785373
301866	0.0001394252297
301867	0.0001157888552
301868	8.808776404e-06
301869	0.0003440212016
301870	0.0002350131829
301871	0.0005717335843
301872	0.000118954616
301873	2.302588191e-05
301874	0.0001395727048
301875	3.674880001e-06
301876	0.0005790012911
301877	1.265939624e-05
301878	1.089251119e-05
301879	0.001370907268
301880	0.001054304659
301881	0.0005710402112
301882	8.529346369e-05
301883	0.0006657218434
301884	7.620451176e-06
301885	2.711518578e-05
301886	0.0002751595756
301887	0.0003318418216
301888	0.0001072920406
301889	0.0002462217251
301890	0.0009119375654
301891	0.0005808588156
301892	0.0006660342281
301893	0.0002555805242
301894	0.0002250282144
301895	0.0002259174461
301896	0.0006843884879
301897	0.0001182196152
301898	0.0002192222091
301899	0.0002469777013
301900	0.0003442687323
301901	0.0009367670093
301902	0.0004647421048
301903	0.0004477171217
301904	0.0003339076071
301905	0.0007975790075
301906	4.824645868e-06
301907	0.000121387007
301908	0.0001014750405
301909	1.210599659e-05
301910	0.0008078245495
301911	0.0004552003052
301912	0.0001020834169
301913	0.0009211209041
301914	0.0008001269872
301915	0.0005685548575
301916	0.0008026238869
301917	0.0002073880865
301918	0.0004676703499
301919	0.0001163930347
301920	0.0004599543732
301921	0.0005609627067
301922	0.0004283972849
301923	0.0002225575148
301924	0.0004625193946
301925	9.835286317e-05
301926	0.0005575589067
301927	0.000251584206
301928	0.0003184825147
301929	0.0009447651542
301930	0.0003370244842
301931	0.0004568413259
301932	0.0002214354927
301933	0
301934	0.0001208652555
301935	0.0004389290392
301936	0.0006937626467
301937	0.0005590069617
301938	0.0002264498509
301939	0.0003528993832
301940	2.781444267e-06
301941	0.000220163862
301942	0.00044828508
301943	0.0005746864283
301944	0.0002270110791
301945	0.0004563040557
301946	1.308712543e-06
301947	0.0002465450143
301948	0.0001075579137
301949	0.0004510596642
301950	0.0003154409482
301951	0.0002306157497
301952	4.942812604e-06
301953	0.0008119153996
301954	0.0004545386468
301955	9.345301383e-06
301956	0.0005390035793
301957	0.0003670877214
301958	0.0004562012019
301959	0.0003463057252
301960	0.001136262841
301961	0.0001216923483
301962	1.454898843e-05
301963	0.0004699535445
301964	0.0004453558038
301965	0.0005677927874
301966	0.0002016028327
301967	0.0001169305567
301968	0.0004562196219
301969	0.000460355029
301970	9.495558522e-05
301971	0.0007874985214
301972	0.0001066917867
301973	0.0005559444796
301974	0.0002489743686
301975	0.0001168227672
301976	0.0007041880605
301977	0.0001069893992
301978	0.0002267378785
301979	0.0009038998328
301980	0.0004811356549
301981	0.0004601631167
301982	0.0003612376812
301983	9.487629237e-05
301984	1.460804659e-05
301985	0.0002101772288
301986	0.0004560515547
301987	0.0004714989845
301988	0.0004459042337
301989	0.0004536177499
301990	0.0002495743269
301991	0.0001422156552
301992	0.000588333114
301993	0.0006012847067
301994	0.0003675211909
301995	0.0004469380803
301996	0.0004297204636
301997	0.0002686201466
301998	0.0009234235538
301999	0.0003633384307
302000	0.0003510375214
302001	0.0007124580922
302002	0.0001000416279
302003	9.364747976e-05
302004	0.0001840708893
302005	0.0001011169411
302006	0.0001443439332
302007	0.0005589319224
302008	9.649862308e-05
302009	0.0006487897732
302010	0.0001184702723
302011	5.47436381e-06
302012	0.0002149870606
302013	0.0004531680089
302014	0.0004784520107
302015	0.0001001139077
302016	0.0001220824606
302017	0.0004317804048
302018	0.0002318669905
302019	0.0004494501475
302020	0.0001231353183
302021	0.0001166831817
302022	0.0002429318614
302023	0.000121024501
302024	9.049146185e-06
302025	0.0004544574099
302026	0.0005626404998
302027	0.0004772921733
302028	0.0001397645665
302029	0.0001245197011
302030	0.000225937382
302031	0.0001067088477
302032	0.0004600955576
302033	0.0004533936609
302034	0.0001124344533
302035	0.0004147048355
302036	0.0002203448479
302037	0.0007669057902
302038	0.0004588248768
302039	0.0005773144628
302040	0.0001309583069
302041	0.0003453292406
302042	0.0001242134738
302043	0.0002536068634
302044	7.024495678e-06
302045	1.707029989e-06
302046	0.0003531341687
302047	1.761043045e-05
302048	2.578829977e-07
302049	0.0006848546236
302050	0.0003024806091
302051	1.178980847e-05
302052	0.0002300466725
302053	0.0006749533559
302054	6.012741681e-06
302055	0.0001980752813
302056	0.0002247942555
302057	0.001147891913
302058	0.0005520562542
302059	0.0002339691304
302060	0.0004555427113
302061	0.0004513939627
302062	0.0001065869203
302063	0.0004389866044
302064	0.0001426373745
302065	0.0007871876539
302066	0.0004575226665
302067	0.0003280429142
302068	0.000126887936
302069	0.0004566838498
302070	0.0006934966039
302071	9.887112656e-06
302072	0.0001158474956
302073	0.0001280361345
302074	0.0007955405023
302075	0.0004513996322
302076	0.000673126185
302077	0.0002410610648
302078	0.0005697680599
302079	0.000347391916
302080	0.0006855294129
302081	0.0007724934344
302082	0.0002099308836
302083	0.001148739186
302084	0.0002292461679
302085	1.609479036e-05
302086	0.0002238364812
302087	0.0002201384434
302088	0.000923402694
302089	0.000234412535
302090	9.384454725e-05
302091	2.012776704e-06
302092	0.0004556578082
302093	0.0001014207339
302094	0.0006791893024
302095	2.474473804e-06
302096	0.0004477433392
302097	0.0004614955261
302098	0.0003684715324
302099	0.0001072046054
302100	0.0003533151408
302101	0.0005367325868
302102	3.75313347e-06
302103	0.0004427067002
302104	0.0005797908319
302105	0.0001468245544
302106	0.000214629764
302107	0.0004553017052
302108	0.0005390382179
302109	4.600770582e-05
302110	0.0005782644243
302111	0.000115870075
302112	0.0003437830159
302113	0.000575151037
302114	0.0004511755086
302115	6.974060555e-05
302116	8.424212608e-05
302117	0.0002355799456
302118	0.0002234484876
302119	0.0006080602797
302120	0.000363368088
302121	0.0003612011262
302122	0.0004691204065
302123	0.0004398485198
302124	0.000130831705
302125	0.000112775409
302126	9.467446576e-05
302127	0.0004589373542
302128	0.0008014197172
302129	0.0005903988245
302130	0.0001221583744
302131	0.0003190222139
302132	0.0008008301797
302133	0.0002077666746
302134	0.0001239780131
302135	0.0003153004113
302136	0.0005656941365
302137	0.0002099030069
302138	0.0005892683333
302139	0.0002109926151
302140	3.406246052e-06
302141	0.0002335273193
302142	0.0001356832442
302143	0.0003464440979
302144	0.0003353086774
302145	0.0005656356641
302146	0.000234779124
302147	0.0001102300758
302148	0.0002188115779
302149	0.0009245216045
302150	0.0001195041088
302151	0.0001219870599
302152	0.0003488157684
302153	0.0004485368221
302154	0.0004590041651
302155	0.0009049943324
302156	1.651690582e-06
302157	0.0003096492559
302158	0.000491386741
302159	0.0006794156139
302160	0.0004437736636
302161	1.102238532e-06
302162	0.0005679743956
302163	0.0006888328791
302164	0.0002012739105
302165	0.0006818894138
302166	0.0004564227029
302167	0.0003037256148
302168	0.0001545322324
302169	0.0002402657772
302170	0.0004344253039
302171	0.0001264315256
302172	0.0004424627068
302173	0.0006753642615
302174	7.888195913e-06
302175	0.0004551804094
302176	0.000212419568
302177	0.0003590509246
302178	0.0004639432256
302179	0.0005771071096
302180	0.0004665289129
302181	0.0004578160845
302182	3.27443584e-06
302183	0.0004768120866
302184	0.0001977169334
302185	0.0002493053673
302186	0.001011475823
302187	0.0003414384501
302188	0.000234137247
302189	0.001028984024
302190	0.0004636706542
302191	0.0001857151666
302192	0.0005726847687
302193	0.0001335624416
302194	7.803836021e-05
302195	0.0001368248074
302196	0.0001028233058
302197	0.0002000491616
302198	3.550613849e-05
302199	3.740815958e-06
302200	0.0001281980377
302201	7.306762326e-06
302202	0.0001066971423
302203	0.0009508766295
302204	0.0002199171111
302205	0.000232631113
302206	0.000226617756
302207	0.0002557990134
302208	0.0006770251402
302209	0.0003483065013
302210	0.0006857522719
302211	0.0004279968641
302212	0.0001335769449
302213	0.000120242806
302214	0.0005707884552
302215	0.0002289806438
302216	0.0001035293785
302217	0.0002217086922
302218	9.968449525e-05
302219	0.0007108041969
302220	0.0004714332196
302221	9.951543148e-05
302222	0.00022047399
302223	0.0007128519418
302224	0.0004623459707
302225	2.216013841e-06
302226	0.0004438028019
302227	0.0005641641143
302228	0.0005676792
302229	0.0005443356537
302230	0.0001454719297
302231	0.0007987489829
302232	0.0004318944658
302233	0.0001209818143
302234	0.0001028352358
302235	0.0006867365563
302236	0.0005502605173
302237	0.0005534537244
302238	0.0004529116438
302239	0.0006999114821
302240	0.0003592352333
302241	0.0003254808018
302242	0.0006005165545
302243	0.0004754336201
302244	2.915469843e-05
302245	0.000710916472
302246	0.0004595704557
302247	3.289591994e-06
302248	0.0004546482694
302249	0.0003612764833
302250	4.8648694e-06
302251	0.0003403147979
302252	4.991718623e-05
302253	0.0002384869459
302254	0.0001099816592
302255	9.33829823e-05
302256	0.0005615818729
302257	0.0009087655649
302258	0.0002413712472
302259	3.676631288e-05
302260	0.0004486719052
302261	0.0008935787775
302262	0.0008986242292
302263	0.0001268096049
302264	0.0001929969675
302265	0.000218987592
302266	9.783905797e-05
302267	0.0002490137782
302268	0.0002477488188
302269	0.0002054640216
302270	0.0001096585442
302271	0.0001048450656
302272	0.0002104435269
302273	0.0004525754056
302274	0.000109280266
302275	0.0001292490036
302276	1.911414412e-05
302277	0.0002164479925
302278	0.0002634869771
302279	0.0004542833334
302280	1.648620535e-06
302281	8.763150925e-05
302282	0.000141489629
302283	0.000241440535
302284	0.0003485228631
302285	8.473822706e-05
302286	0.0004554536646
302287	0.0003344650351
302288	0.0004430480405
302289	0.0005571711302
302290	0.0002414099488
302291	0.0003532300579
302292	0.0007907861067
302293	2.55427511e-06
302294	6.211854883e-06
302295	0.0002209462879
302296	0.0004665994867
302297	0.0003331280331
302298	0.0004570976882
302299	7.736519279e-07
302300	0.0005802968981
302301	0.0009047938517
302302	0.001033224349
302303	0.0003570383921
302304	0.0001325728249
302305	0.000458984392
302306	0.0004300519683
302307	0.0003471562452
302308	0.0003234624456
302309	0.0001181956664
302310	0.0004417508042
302311	0.0001415978523
302312	1.344838708e-05
302313	0.0006879030289
302314	0.0004536177499
302315	0.0002468089518
302316	0.0003134741677
302317	9.030707844e-07
302318	0.0005796384669
302319	0.0004482804898
302320	2.049191056e-05
302321	0.0004560799439
302322	0.0006810918908
302323	0.0003531875859
302324	0.0003342783601
302325	8.639242374e-05
302326	0.000790482215
302327	0.0005651393815
302328	0.0003264504178
302329	0.0001077363607
302330	0.0001071571005
302331	0.0007974710767
302332	0.0002115074674
302333	8.928873465e-05
302334	0.000380962667
302335	0.000144508804
302336	9.593219826e-05
302337	0.0004885373765
302338	0.0005618893684
302339	0.0003582070765
302340	0.0004657275989
302341	0.000190304569
302342	9.285405407e-05
302343	6.069573127e-06
302344	0.0003560529542
302345	0.0004475121123
302346	0.00012401458
302347	0.00068505376
302348	0.0004306050668
302349	4.453203342e-07
302350	0.0004461129962
302351	0.0004220314912
302352	0.0001314813677
302353	0.0004166637331
302354	0.0002211226418
302355	0.0001080330724
302356	0.0004489451176
302357	0.0005306867807
302358	8.026700523e-06
302359	0.001049195805
302360	0.0005619814954
302361	9.12725436e-05
302362	0.0002544461826
302363	0.002196165109
302364	0.001964535818
302365	0.0005038022357
302366	0.002265424195
302367	0.000949179236
302368	0.001427758165
302369	0.000654139068
302370	0.0009925358015
302371	0.0003257493211
302372	0.0001824338477
302373	0.0003368687751
302374	0.0004503777592
302375	0.0007596177931
302376	0.001353125027
302377	0.000611266875
302378	0.0003067614064
302379	0.0005453738328
302380	0.0001358399046
302381	0.0002975671869
302382	0.0004407410813
302383	0.0005530002307
302384	0.0001931253359
302385	0.0004503354032
302386	0.0001134100082
302387	0.0002301241104
302388	0.0005364305131
302389	0.0009311951686
302390	0.0008195415499
302391	0.0004145529333
302392	3.102219424e-05
302393	0.0005963676342
302394	0.002039265371
302395	0.0009891093101
302396	0.001114573097
302397	6.468376976e-05
302398	0.000117702534
302399	0.0002649141928
302400	0.0004273939166
302401	0.0003271711446
302402	0.0003287608922
302403	0.0001472376849
302404	0.0005320547702
302405	0.00147832826
302406	0.0008236559459
302407	0.0004739766237
302408	0.0001778064055
302409	0.0001481334988
302410	0.0003268771827
302411	0.001032848922
302412	0.0002104775841
302413	0.001048769726
302414	0.0004302796191
302415	1.704016454e-07
302416	0.001344315275
302417	0.0003685942049
302418	0.001846882311
302419	0.0005899762928
302420	7.392800428e-05
302421	3.933569764e-06
302422	0.0005722876057
302423	0.0004840868975
302424	1.443755304e-05
302425	0.0008954085444
302426	0.0005424566895
302427	0.0001167342728
302428	0.00260174025
302429	0.001250525059
302430	0.0004638497376
302431	0.0005784371022
302432	0.001046989235
302433	0.0001127786517
302434	0.001141000192
302435	0.0007723749395
302436	0.0002225515195
302437	0.0004600995326
302438	0.001214030546
302439	2.164481915e-07
302440	0.0008088786209
302441	0.000200625822
302442	0.0006521249983
302443	2.201230762e-05
302444	0.002288423566
302445	0.001113123179
302446	7.29829282e-06
302447	7.921950423e-05
302448	0.0006842742469
302449	0.0002250632273
302450	0.0002643720491
302451	0.0005514810964
302452	1.002847774e-05
302453	0.0007966366089
302454	0.0004565331337
302455	0.0002139044514
302456	0.002035069601
302457	0.001107908498
302458	0.0002290163508
302459	0.0007890608822
302460	0.0007861067749
302461	0.0002415269229
302462	0.0002247591354
302463	0.0001059266622
302464	0.0003505177273
302465	0.001152220033
302466	0.0002256684375
302467	0.0001941718093
302468	0.0006765361126
302469	0.0002356901472
302470	0.001236618759
302471	0.0006593658684
302472	0.001298962421
302473	0.004678213621
302474	0.00335210541
302475	0.003144612877
302476	0.002142090844
302477	0.0002912918796
302478	0.0005213270683
302479	0.002571648051
302480	0.001591233323
302481	0.00336238304
302482	0.001823501715
302483	6.611699916e-05
302484	0.002202942768
302485	0.003780936285
302486	0.002104542504
302487	0.004343627661
302488	0.0001728388771
302489	9.692128908e-05
302490	0.003094407669
302491	0.001756362689
302492	0.0002390084767
302493	0.002789247348
302494	0.001532237684
302495	0.0002991340211
302496	0.005614771589
302497	0.001669465089
302498	0.001848335635
302499	0.0005036888
302500	0.0002034668291
302501	0.003543774166
302502	0.00336770115
302503	0.001546997431
302504	9.303194556e-05
302505	0.001052451419
302506	0.004043660733
302507	0.001075629399
302508	0.0006981842798
302509	0.001080248314
302510	0.001284101303
302511	0.006397184506
302512	0.003565470956
302513	0.002498213943
302514	0.001390034628
302515	0.004740990843
302516	0.0001602676222
302517	1.010868234e-05
302518	0.0007970154567
302519	0.006332547403
302520	0.003561541711
302521	0.002267314908
302522	0.0009987694766
302523	0.000857610833
302524	0.005226178597
302525	0
302526	0.0007881570091
302527	0.00126393307
302528	0.003064704856
302529	0.002272411121
302530	0.003033784004
302531	0.001482596092
302532	9.62877456e-06
302533	0.003461351889
302534	0.003107673419
302535	0.001228166301
302536	0.001187676679
302537	0.005146501399
302538	0.001062746728
302539	0.0004718428264
302540	0.0006617064376
302541	0.002650008016
302542	0.0005500686697
302543	0.003128216185
302544	0.0006219030265
302545	0.001790823344
302546	0.002364079867
302547	0.004722425178
302548	0.002627642283
302549	0.000340672438
302550	0.0004634676755
302551	0.0009976343894
302552	0.002153120869
302553	0.0010077077
302554	0.001535374152
302555	0.003814954227
302556	0.0005337438469
302557	0.0003242243965
302558	7.59496914e-05
302559	0.003423623452
302560	0.002271945202
302561	0.001841932721
302562	0.0003385942829
302563	0.0007277024897
302564	0.003066273588
302565	0.00453552363
302566	0.00213934297
302567	0.002145156471
302568	0.002285267628
302569	0.0002218556681
302570	0.000293702921
302571	0.003711316567
302572	0.003175872975
302573	0.001016638333
302574	0.003149299187
302575	0.004393420998
302576	0.000450022047
302577	0.0004311374554
302578	0.001931591724
302579	0.0004042071735
302580	0.00148221227
302581	0.0009095443676
302582	0.001104570548
302583	0.003048927614
302584	0.00297845856
302585	0.004347913819
302586	0.003592727276
302587	0.002922558833
302588	0.002304993048
302589	0.0003268376401
302590	0.003397649692
302591	0.0005567832268
302592	0.002513048301
302593	0.00317464708
302594	0.003285780558
302595	0.002507667569
302596	0.001990993547
302597	0.001961349832
302598	0.00317464708
302599	0.002059486387
302600	0.0004291473069
302601	0.00395896136
302602	0.001438636729
302603	0.002635277077
302604	0.001436143344
302605	0.002746591122
302606	8.0963421e-06
302607	0.001167590487
302608	0.000340351187
302609	0.0001255804071
302610	0.002347065628
302611	0.003440827995
302612	0.00130374631
302613	0.0008495246968
302614	0.000500430195
302615	0.0002331221573
302616	0.0007533560293
302617	0.001776260107
302618	0.0007439166764
302619	0.002392201336
302620	0.002778707926
302621	0.001396539884
302622	0.003512776022
302623	0.000634808822
302624	0.00361743074
302625	0.002976206857
302626	0.001906540212
302627	0.003836164482
302628	0.0006212448005
302629	0.001546735758
302630	0.002613960406
302631	0.0008247734695
302632	0.002827784052
302633	0.0001663486014
302634	0.0003010761996
302635	0.002050377934
302636	0.0002334003707
302637	0.002239653348
302638	0.001954509645
302639	0.002016562224
302640	0.003101062037
302641	0.001886558426
302642	0.0006893615162
302643	0.002830362783
302644	0.003168729554
302645	0.00230283978
302646	0.003717513917
302647	0.002499309946
302648	0.001674167041
302649	9.807634384e-05
302650	0.0007855186291
302651	0.0006990412898
302652	0.0003391895755
302653	0.001471761048
302654	0.0006809753826
302655	0.000566135352
302656	0.0003448197208
302657	0.001778113521
302658	0.003785302569
302659	0.003214174961
302660	0.0004202704675
302661	0.0005112258526
302662	0.004236825201
302663	9.306109516e-05
302664	0.002792998803
302665	0.001586161741
302666	0.001107470385
302667	4.354269035e-05
302668	0.002761268024
302669	0.001674030763
302670	0.002717364114
302671	0.0008607559802
302672	0.001051066751
302673	0.003206309041
302674	0.001475683344
302675	0.00232078155
302676	0.002195168248
302677	0.002951212848
302678	0.0006748514164
302679	0.0004828516547
302680	0.002045849877
302681	0.0005562888535
302682	0.00342485961
302683	0.0009544444777
302684	2.022005852e-05
302685	0.002349221548
302686	0.003067817894
302687	0.001448192838
302688	0.001773418342
302689	0.003595230457
302690	0.0002355236523
302691	0.001639773445
302692	0.002321115931
302693	0.001934165514
302694	0.0008414506069
302695	0.0007524470883
302696	0.001875965594
302697	0.003183573839
302698	0.001115447696
302699	0.003410192371
302700	0.001957176471
302701	0.002054892874
302702	0.00317464708
302703	0.00157325232
302704	0.002523118959
302705	0.003796653142
302706	0.002718044091
302707	0.002886055748
302708	0.0007771606404
302709	0.001081482662
302710	0.0001286638846
302711	0.001996414513
302712	0.0008664827489
302713	0.002338131025
302714	0.00317464708
302715	0.0003514553628
302716	0.001245413785
302717	0.000543855453
302718	0.002077435834
302719	0.001234012222
302720	0.002346350611
302721	0.001958561138
302722	0.002617900826
302723	0.0007915518634
302724	0.001027799666
302725	0.001316580016
302726	0.001146789386
302727	0.0005649399528
302728	7.045883796e-05
302729	0.001664005915
302730	0.000502473672
302731	0.0007295739891
302732	0.002252368682
302733	0.0006580613625
302734	0.002214852303
302735	7.113403934e-05
302736	0.0006236353471
302737	0.001603879048
302738	0.001133455905
302739	0.001577597018
302740	0.001118046374
302741	0.002591082137
302742	0.002359452608
302743	0.001907409398
302744	0.0008587385642
302745	0.0009096778966
302746	0.002735003579
302747	0.0003022698435
302748	0.00110470791
302749	0.002172325695
302750	0.002331297248
302751	0.0009014954838
302752	0.002280266654
302753	0.002571276099
302754	0.002289689003
302755	0.001787887809
302756	0.00255143393
302757	0.0003998826111
302758	0.003074039594
302759	0.0003893537352
302760	0.0004167192569
302761	6.506908727e-05
302762	0.003359818253
302763	0.004137441812
302764	0.0009585653989
302765	0.0008060487363
302766	0.0009878132473
302767	0.003129632875
302768	0.001696229628
302769	0.0006659486663
302770	0.0008041574756
302771	0.0006010846263
302772	0.001253358145
302773	0.002426477193
302774	0.002284789546
302775	0.004038446135
302776	0.000808148885
302777	0.001240817324
302778	0.0005311731948
302779	0.00317381049
302780	0.003614821824
302781	0.003374777666
302782	0.00317377365
302783	0.0005923593353
302784	0.0006486733428
302785	0.0008449222388
302786	7.511283136e-05
302787	0.003083991432
302788	0.003988456726
302789	0.0009403078901
302790	0.003289593988
302791	0.001243522332
302792	0.002850132177
302793	0.001198835268
302794	0.001533125178
302795	0.0006033969636
302796	0.002590940084
302797	0.001484526558
302798	0.001105782714
302799	0.0007419649063
302800	0.001319167694
302801	0.003659523554
302802	0.0004693149748
302803	0.002117017596
302804	0.002518743525
302805	0.002731636156
302806	0.003301931397
302807	0.002603547657
302808	0.001678006358
302809	0.002966109731
302810	0.001864595348
302811	0.002259669301
302812	0.002465516345
302813	0.001977763587
302814	0.004110085184
302815	0.0008899300349
302816	0.003817585376
302817	0.0008508182189
302818	0.002894913839
302819	0.0005917124788
302820	0.002953639611
302821	0.002423720373
302822	0.002822527123
302823	0.001265636413
302824	0.00174645173
302825	0.00374677989
302826	0.003401192172
302827	0.001508730745
302828	0.0008332224826
302829	0.001315221112
302830	0.001803236614
302831	0.002136962806
302832	0.00318646653
302833	0.0009452529801
302834	0.003075083242
302835	0.0008270564088
302836	0.003036126362
302837	0.0005345723173
302838	0.0008920727657
302839	1.183372846e-05
302840	0.001860492103
302841	0.001872575472
302842	0.0003829418791
302843	0.002481712937
302844	0.000986642219
302845	0.000961789237
302846	0.001061103228
302847	0.001912878625
302848	0.003126408805
302849	0.002614741136
302850	0.002951208961
302851	0.003111136516
302852	0.002835078878
302853	0.001459304877
302854	0.002215077192
302855	0.00179725667
302856	0.001012592372
302857	0.001152564506
302858	0.001557907752
302859	0.003392574927
302860	0.0009436376823
302861	0.002976534139
302862	0.003795355942
302863	0.001418841255
302864	0.002031473869
302865	0.002203600391
302866	0.0001179021188
302867	0.0015403425
302868	0.002111003971
302869	0.00150285283
302870	0.0009697240443
302871	0.001566699806
302872	0.0007216791063
302873	0.002865289651
302874	0.001901317611
302875	0.003606357902
302876	0.0001212946829
302877	0.003023980728
302878	0.001290448756
302879	0.0006152612248
302880	0.001450776352
302881	0.00253095523
302882	0.003055254941
302883	0.002789803341
302884	0.000801086847
302885	0.0011870755
302886	0.0005593983912
302887	0.002110257777
302888	1.436612427e-05
302889	0.0005678378551
302890	0.001047069678
302891	0.001388268064
302892	0.001316231568
302893	0.001591736086
302894	0.003221774816
302895	0.002698441201
302896	9.864782446e-05
302897	0.003727270036
302898	0.002887092644
302899	0.00296907536
302900	0.001588170249
302901	0.0002302961438
302902	0.003818066393
302903	0.0002468075302
302904	4.594040291e-05
302905	0.001563299346
302906	0.001571271449
302907	0.0006782049383
302908	0.0009323050558
302909	0.001872173019
302910	0.0008728092503
302911	0.001509669164
302912	0.002386771603
302913	0.0009907692451
302914	0.001625295383
302915	0.002598822173
302916	0.001279257352
302917	0.002463601648
302918	0.0008230603228
302919	0.003699557788
302920	0.00109030994
302921	0.004313099408
302922	0.004319749194
302923	0.003689532059
302924	0.002976517906
302925	0.001890520055
302926	0.002454893083
302927	0.001468812274
302928	0.002600717354
302929	0.0006298191339
302930	0.002760738095
302931	0.001048064388
302932	0.003606098556
302933	0.002114984279
302934	0.0001847129836
302935	0.002743646922
302936	0.001956478757
302937	0.001084464636
302938	0.00249164536
302939	0.0005697906744
302940	0.0002131473731
302941	0.002204057311
302942	0.002455738146
302943	0.004207552154
302944	0.002288367752
302945	0.0004970018543
302946	0.0002182362985
302947	0.0005228034557
302948	0.002428073066
302949	0.001664809318
302950	0.004181106652
302951	0.002261701553
302952	0.002839688904
302953	0.0002145990322
302954	0.001714301253
302955	0.001052995214
302956	0.003521079007
302957	0.003643760609
302958	0.003585556146
302959	0.0006309979844
302960	0.001023510303
302961	0.0008977605761
302962	0.0002228683272
302963	0.0003411230578
302964	0.001683425914
302965	0.002169880856
302966	0.001673792578
302967	0.001068930556
302968	0.002870173807
302969	0.004081690085
302970	0.0001370969568
302971	0.001619248859
302972	0.002214394256
302973	0.00126039783
302974	0.001874007278
302975	0.00278142233
302976	0.002669019732
302977	6.015050254e-06
302978	0.0007013745481
302979	0.001684861316
302980	0.003508193081
302981	0.0001820758827
302982	0.001440478927
302983	0.003060256683
302984	0.002397656623
302985	0.003889675923
302986	0.0007114589709
302987	0.002872316793
302988	0.0004399056307
302989	0.002114339636
302990	0.004125458474
302991	0.005431733685
302992	0.001388840521
302993	0.0008927770353
302994	0.0006118822193
302995	0.001523387646
302996	0.0008600197162
302997	0.001852672234
302998	0.002736270063
302999	0.001207045882
303000	0.001041943263
303001	0.0007133998526
303002	0.0003161815891
303003	0.0003430222486
303004	0.0003316804772
303005	0.0005468441579
303006	0.00038616775
303007	0.003306446663
303008	0.000221334252
303009	0.002305449683
303010	0.00294830717
303011	0.001044607867
303012	0.002118575604
303013	0.002446803435
303014	0.0001910954965
303015	0.002316037944
303016	0.001189076569
303017	0.004741612874
303018	0.002594430393
303019	0.0002088111802
303020	0.002163935732
303021	0.002344812799
303022	0.0002453919346
303023	0.000422341147
303024	0.001623640938
303025	0.00240625719
303026	0.001655605555
303027	4.730227392e-05
303028	0.001398833462
303029	0.002752315127
303030	0.0028512501
303031	0.000900895723
303032	0.0003539908344
303033	0.0005540114055
303034	0.002280831257
303035	0.003391946795
303036	0.001109691069
303037	0.003923448666
303038	0.0004534465844
303039	0.001610242203
303040	0.002183119398
303041	0.002242078333
303042	0.0007452035517
303043	0.0001114967866
303044	0.003431720816
303045	0.001374801341
303046	0.003400049744
303047	0.002918248536
303048	0.002520762708
303049	0.0006530000036
303050	0.000403048349
303051	0.0005849782256
303052	0.003152848104
303053	8.967979641e-05
303054	0.0002337617838
303055	0.003720581335
303056	0.001290933967
303057	0.001452909656
303058	0.0005015536542
303059	0.001077600666
303060	0.00134161229
303061	0.00192886275
303062	0.0007460962713
303063	0.002276298248
303064	0.000606060947
303065	0.001217830692
303066	0.001837659038
303067	0.002812564102
303068	0.003349438061
303069	0.002499336117
303070	0.003592333106
303071	0.0004407601941
303072	0.002322863521
303073	0.003000603141
303074	0.003587016459
303075	0.0003824158148
303076	0.001219939677
303077	0.001244282034
303078	0.001532253722
303079	0.001255765447
303080	3.237536029e-05
303081	0.0009443258661
303082	0.003258011426
303083	0.003644448898
303084	0.002394743307
303085	0.0005411810151
303086	0.000471844627
303087	0.0009396094416
303088	0.00149987396
303089	0.001256522085
303090	0.0004204671399
303091	0.00140273825
303092	0.0003452623723
303093	0.0005673908467
303094	0.0009486295745
303095	0.002544622087
303096	0.0009146741276
303097	0.0007759675893
303098	0.0002915304242
303099	6.999656533e-07
303100	0.0001117163199
303101	0.0009437853438
303102	0.0008390490202
303103	0.0002758025718
303104	0.0002191754733
303105	0.0007183273852
303106	6.6871341e-05
303107	0.0002230761843
303108	6.437318472e-06
303109	1.968767614e-05
303110	0.0001136708779
303111	0.0009527053392
303112	0.0001257488448
303113	0.0008311448066
303114	0.0001073183844
303115	0.0002207328629
303116	0.001003491245
303117	0.001474616698
303118	0.001401990499
303119	0.002246863989
303120	0
303121	0.0001264279999
303122	8.840511005e-05
303123	0.0008517461633
303124	0.001839055953
303125	0.0001113567283
303126	5.805907897e-05
303127	0.001073814741
303128	0.001178130238
303129	0.0003266836572
303130	0.001139171868
303131	0.0004392404089
303132	0.0005008335158
303133	0.0006732866463
303134	0.001466560535
303135	0.0002152431673
303136	0.001381574561
303137	0.002149287092
303138	0.0001270205197
303139	0.0001116671505
303140	0.000587535908
303141	0.0003494074115
303142	0.001872091324
303143	0.0003044139356
303144	0.001144910479
303145	0.000965229739
303146	0.0008993125106
303147	0.001287384445
303148	0.001528265765
303149	0.001715562124
303150	0.001506295397
303151	0.0003338224825
303152	0.0001096315768
303153	0.001290669882
303154	0.00146540873
303155	0.000688600809
303156	0.0003555330585
303157	0.0003982306954
303158	0.0008507822394
303159	0.002211448353
303160	0.0003070293294
303161	0.0002291251231
303162	0.000323506871
303163	0.001048044065
303164	0.0003337588843
303165	0.0008191027228
303166	0.0007240884348
303167	0.001285640938
303168	0.001047895968
303169	0.001762664041
303170	0.0001092952295
303171	0.001171449766
303172	0.001173155174
303173	0.001461836993
303174	0.0009984956863
303175	0.001143692421
303176	0.0009062413353
303177	0.0003992041254
303178	0.0001802054909
303179	0.001126163906
303180	0.0004621625327
303181	0.001398653518
303182	0.0005980805994
303183	1.752783213e-05
303184	0.001287539035
303185	0.001304592873
303186	0.0006582119968
303187	7.951353844e-05
303188	0.0001088440862
303189	0.0002426979521
303190	0.001529070921
303191	0.0004296768672
303192	0.001285699277
303193	0.0002031971419
303194	0.0001229778298
303195	0.0001049562748
303196	0.0002297978308
303197	0.0004593179039
303198	0.000216272702
303199	0.001167954559
303200	0.001295095637
303201	0.000333651107
303202	0.0009270406427
303203	0.0004942629084
303204	3.214344035e-06
303205	0.0004027575482
303206	0.0004505637504
303207	4.136906951e-06
303208	0.0001570645976
303209	0.0002381012907
303210	0.000540567904
303211	0.0005687542859
303212	0.001284870225
303213	0.0008438674838
303214	0.001739640586
303215	5.241971558e-05
303216	8.522479231e-05
303217	0.0006227171685
303218	0.0002120106081
303219	9.854143723e-05
303220	0.0002142544188
303221	0.0001391698732
303222	0.0003513571605
303223	0.0001186782116
303224	0.0008156329434
303225	0.001252040395
303226	0.0001308959211
303227	0.001480489936
303228	0.0006432934998
303229	0.001826231016
303230	0.0008177122374
303231	0.001006575458
303232	0.00091940448
303233	0.0004814962702
303234	0.001524026551
303235	0.002289731075
303236	0.003086701982
303237	2.442230447e-06
303238	0.0003516518149
303239	0.0006082635688
303240	0.0003419562351
303241	0.001038716975
303242	0.001497934036
303243	0.0002405404179
303244	0.001850572751
303245	0.001292494487
303246	0.0003255770228
303247	0.00162486049
303248	0.0006645060392
303249	0.0004374679973
303250	0.0004965084988
303251	0.0003299682131
303252	0.0008929018571
303253	0.002199501166
303254	0.0003429117983
303255	1.396784495e-07
303256	0.0006995980344
303257	0.001208333014
303258	0.0001659754062
303259	0.0001073312608
303260	2.408465922e-06
303261	0.0001117517826
303262	0.001618067509
303263	0.000217108537
303264	0.0009823639939
303265	0.0003583236446
303266	0.0009028967523
303267	0.000321439589
303268	0.002220899871
303269	0.002072828472
303270	0.001209699751
303271	0.000800296658
303272	0.001172309373
303273	0.000551644389
303274	7.697313443e-05
303275	0.001187184934
303276	0.0006722266948
303277	5.960519604e-06
303278	0.001375645511
303279	0.001339139994
303280	7.721195922e-05
303281	0.001939675586
303282	0.001389673786
303283	0.001257797545
303284	0.0007899517309
303285	0.0003285086639
303286	0.0001134302473
303287	0.001053302062
303288	3.373480097e-07
303289	0.001147060583
303290	0.0001025245028
303291	0.0008781733235
303292	0.001806269068
303293	0.0003243287753
303294	0.0005645777737
303295	0.001519133317
303296	0.0003783116169
303297	0.00104538653
303298	0.0003088510332
303299	0.0004920937552
303300	0.001173974876
303301	0.001617597646
303302	0.001116513784
303303	0.001392187855
303304	0.0009411079098
303305	0.0009201086594
303306	0.001368406982
303307	0.0006709526511
303308	0.001509722664
303309	0.0001541050736
303310	0.0007689768372
303311	0.00105169893
303312	0.0003878525061
303313	0.002166334795
303314	0.0004666789542
303315	0.0009189407776
303316	0.0007166072197
303317	1.036267624e-05
303318	0.001620772886
303319	0.001170941669
303320	0.000332284136
303321	0.001276565029
303322	0.0002801528191
303323	0.0004515650964
303324	0.0009582082138
303325	0.0006467891268
303326	0.0002186995589
303327	0.0004565018442
303328	0.0009554181511
303329	0.001059209127
303330	0.001162607277
303331	0.001349287746
303332	0.0006931931677
303333	0.0003332029897
303334	0.001488663682
303335	0.0005792969564
303336	0.0003708823201
303337	0.0001155440366
303338	0.0006220532276
303339	0.002296362676
303340	0.0004926167245
303341	0.0001241681252
303342	0.0004266021804
303343	0.0007183917688
303344	0.001552393144
303345	9.149304853e-05
303346	0.0001186848919
303347	0.0006064883284
303348	0.0002542186871
303349	0.001388104423
303350	0.0002135650166
303351	0.001417195013
303352	0.001164793831
303353	0.001577222387
303354	0.001758545279
303355	0.0005273272415
303356	0.0008076034821
303357	0.001066137359
303358	0.0003323492937
303359	0.001522294721
303360	0.001305093329
303361	1.301145301e-05
303362	0.001613368675
303363	0.001612744838
303364	0.0006829414868
303365	0.001058942618
303366	0.0007984244821
303367	0.002965395843
303368	0.000837809622
303369	8.17029969e-05
303370	0.0009342584951
303371	0.0009428952918
303372	0.0007965768904
303373	0.0009330235772
303374	0.0002315391884
303375	0.001413608445
303376	0.001062561495
303377	0.001275875602
303378	0.0003687840746
303379	0.0004286388687
303380	2.652525071e-06
303381	0.0005797746695
303382	0.0002201492698
303383	0.001282145417
303384	0.001261010862
303385	0.001219157768
303386	0.0004939568018
303387	0.0006961068317
303388	0.0002154608756
303389	0.001278336465
303390	0.001974980427
303391	0.0004687145484
303392	0.0008282959727
303393	0.00162146237
303394	3.640880713e-05
303395	0.001262642331
303396	0.0003932286876
303397	0.001173109123
303398	0.0005995988619
303399	0.001385066878
303400	0.001622974025
303401	0.0005920370494
303402	0.001309345577
303403	0.0003769006656
303404	0.0001166164239
303405	0.0003314295333
303406	0.001599922997
303407	0.0006782402877
303408	0.0005632724984
303409	0.0002535932657
303410	3.414566686e-05
303411	0.001399074623
303412	0.001050025767
303413	0.0003385701478
303414	0.000364809705
303415	0.001370268099
303416	0.001031096924
303417	0.001168184585
303418	0.0004153002332
303419	0.0008303570693
303420	0.0003649380876
303421	0.0002442270081
303422	0.0007130931109
303423	0.0003391660297
303424	0.0004435002795
303425	0.0003394512695
303426	0.001079179165
303427	0.001632321131
303428	0.0004461307934
303429	0.0005798275728
303430	0.0003901779181
303431	0.0005089895583
303432	0.001000005682
303433	0.0002045097784
303434	0.0001327996752
303435	0.0001263003085
303436	0.0001289346904
303437	0.001288229208
303438	0.001377594589
303439	0.0004379325269
303440	0.0003477066831
303441	0.001279830005
303442	0.002754033102
303443	0.0006104290776
303444	0.0005487304318
303445	0.000176934335
303446	0.0009105818852
303447	0.001298067292
303448	0.0004804738903
303449	0.0005385302652
303450	0.0009549325846
303451	0.001251584482
303452	0.001197761333
303453	0.000107817491
303454	0.001739404359
303455	0.0001314907324
303456	0.0001224752459
303457	0.0009076345047
303458	0.001972299344
303459	0.0004864393061
303460	0.0004355368136
303461	0.0004300130081
303462	0.0002372063822
303463	0.001211060648
303464	0.001952727802
303465	0.00196091802
303466	0.0003472406981
303467	8.638782643e-06
303468	0.002106961239
303469	0.0003044375968
303470	0.0009441416099
303471	0.0004492858566
303472	0.001355460682
303473	0.001510956738
303474	0.0009549406115
303475	0.0003630304433
303476	0.002083307592
303477	0.0005478721457
303478	0.0007051424626
303479	0.0009495202603
303480	0.0006929280874
303481	0.0002230230137
303482	0.0004089234302
303483	0.0004096120037
303484	0.0006927104728
303485	0.0005880349503
303486	0.001278507791
303487	0.0002425815678
303488	0.001623026766
303489	4.629956319e-05
303490	0.001986990576
303491	0.001845927416
303492	0.001284584121
303493	4.199817336e-06
303494	0.001034722297
303495	0.0001165260585
303496	0.0007144006845
303497	1.602558538e-06
303498	0.001615344698
303499	0.001399268008
303500	0.0002951054598
303501	0.001498894883
303502	0.0003844408628
303503	0.001125645528
303504	0.0002262346761
303505	0.0008115829058
303506	1.705961293e-05
303507	0.0003543795063
303508	0.001494643336
303509	0.0009419038943
303510	0.0008029580919
303511	0.001401181838
303512	0.0006936250355
303513	0.001041244085
303514	0.000587556809
303515	0.0009294396697
303516	0.0005806070507
303517	0.0006790688037
303518	0.002414824589
303519	9.478051384e-06
303520	0.0004253933814
303521	0.001607314836
303522	0.0004869689115
303523	0.0002520695215
303524	0.0002270652971
303525	0.001022807784
303526	0.001530099279
303527	0.001829357656
303528	0.0003567481686
303529	0.001751682871
303530	5.703641194e-06
303531	0.0005652186684
303532	0.0005874919248
303533	0.001001421877
303534	0.0003825491615
303535	0.0004906760398
303536	0.001839608736
303537	0.001262702882
303538	0.0002128901999
303539	0.0004404925477
303540	0.001165888389
303541	0.001040977194
303542	0.0003696370691
303543	0.0001141873238
303544	3.255739313e-05
303545	0.0009399556405
303546	0.001029623525
303547	0.0007882875542
303548	0.001625763233
303549	0.00187485487
303550	0.00185211758
303551	0.00128602814
303552	0.0001207762153
303553	0.001284293183
303554	0.0001538894268
303555	0.0004527142627
303556	0.001632491621
303557	0.0009080491685
303558	0.001945202554
303559	0.0001263757119
303560	0.001159578413
303561	0.0001907270775
303562	0.001251196122
303563	0.0002427505213
303564	0.0007816188627
303565	0.0009201775541
303566	0.001173122947
303567	0.0008340217091
303568	0.001358843781
303569	0.001268795347
303570	0.0008020542473
303571	0.001426456299
303572	0.002526557834
303573	0.001886478606
303574	0.0008396684497
303575	0.0003281045711
303576	0.001631861523
303577	0.0003712410175
303578	0.0005630378835
303579	0.001585401134
303580	0.00012419006
303581	0.0002705211284
303582	7.592603026e-05
303583	0.0003436522308
303584	0.001911321932
303585	8.642488947e-07
303586	0.0008435892432
303587	0.001387605382
303588	0.001260343803
303589	0.0003959926247
303590	0.001172309373
303591	0.0003568628778
303592	0.0001095987466
303593	0.001360155256
303594	0.0002516397496
303595	0.001270434012
303596	0.0004561738324
303597	0.0001043397756
303598	0.0007792830017
303599	0.0002289056898
303600	0.00115077141
303601	0.0008514536688
303602	0.001545588497
303603	0.0004646839308
303604	0.0001105197789
303605	0.0004517015219
303606	4.987708321e-05
303607	0.002415245107
303608	0.0004440935421
303609	6.684307752e-06
303610	0.0002254622541
303611	0.000909823434
303612	0.000678740748
303613	0.001272883494
303614	0.001256563603
303615	0.001405409119
303616	0.001517846305
303617	0.0008094149713
303618	0.001173127543
303619	0.0004599540174
303620	0.0001803464569
303621	0.0002409609491
303622	0.0002903588784
303623	0.001102142799
303624	0.001029481039
303625	0.003692540187
303626	0.003817613297
303627	0.001466878981
303628	0.001581549296
303629	0.0007466002653
303630	0.002807475926
303631	0.0006397034674
303632	0.001795821086
303633	0.0001564759564
303634	0.001078123646
303635	0.0006360035122
303636	0.002379474733
303637	0.00154215292
303638	0.002709005437
303639	0.001164325076
303640	0.001756938068
303641	0.0006792561809
303642	0.000275143569
303643	0.0002256551949
303644	0.00228841608
303645	0.0002015801889
303646	0.002721774052
303647	0.001131146944
303648	0.0004109953028
303649	0.0005888855368
303650	1.32961527e-05
303651	0.003816650443
303652	0.001347939974
303653	0.0002465672975
303654	7.527227949e-05
303655	0.001936805197
303656	0.001181782194
303657	0.0009634745512
303658	0.0007621378802
303659	0.0002281641785
303660	0.0006329247726
303661	0.0001724038568
303662	0.0004060866993
303663	2.583524724e-05
303664	0.001451390033
303665	0.000636061475
303666	0.001750445077
303667	0.001664602388
303668	0.0001307812488
303669	0.0004775864893
303670	5.927508004e-06
303671	0.0002234618401
303672	0.0001804541052
303673	0.00203654657
303674	0.0009734124585
303675	0.000328308633
303676	0.0004574076723
303677	0.0007021583657
303678	0.001058428951
303679	4.915436893e-05
303680	0.002460794468
303681	0.002502277273
303682	0.0004422180848
303683	0.001657742982
303684	0.002304934472
303685	0.0001242890948
303686	0.0002925792444
303687	0.0007557123606
303688	0.001334659788
303689	5.507977703e-05
303690	0.001749715486
303691	0.002369055846
303692	0.001559056299
303693	0.002661723927
303694	0.002204607577
303695	0.003631142129
303696	0.0006991188528
303697	0.003190852097
303698	0.001078410753
303699	0.001800209231
303700	0.0007163719918
303701	0.00181387262
303702	0.001002923308
303703	0.0004103369944
303704	0.00252206228
303705	0.0005721463046
303706	0.0008531159468
303707	0.0001814247513
303708	0.001076575677
303709	0.0003725214974
303710	0.0002004941233
303711	0.001487132087
303712	1.809818579e-05
303713	0.001153762896
303714	0.003424367301
303715	0.001377242833
303716	0.001340774561
303717	3.926939783e-05
303718	0.000585662485
303719	0.00109367408
303720	0.002348352954
303721	0.0008081969572
303722	0.002423621461
303723	0.001381371007
303724	0.0008239960867
303725	0.002162741393
303726	0.0001141278503
303727	0.0002977690269
303728	5.864542909e-05
303729	0.00020316937
303730	0.000343496594
303731	0.0007094914198
303732	0.001965394902
303733	0.0005420108009
303734	7.364992298e-05
303735	0.000101502681
303736	0.002620720112
303737	0.0005086366008
303738	0.000496756167
303739	0.001398983504
303740	0.0002053367214
303741	0.0006639716278
303742	0.001946196755
303743	0.0007710616498
303744	0.0009805478106
303745	0.000524073827
303746	0.0002672732991
303747	0.001600889616
303748	0.001228464754
303749	0.002432297177
303750	0.0004528725053
303751	0.0009383925438
303752	0.00193861518
303753	8.04399695e-07
303754	0.00323570311
303755	0.0006476238599
303756	0.0002734899116
303757	0.0004076458181
303758	0.00645534712
303759	0.00112707373
303760	0.001144146625
303761	0.001777889011
303762	6.687050804e-05
303763	0.0004075322841
303764	1.570976087e-07
303765	9.091715879e-05
303766	0.0002415892181
303767	0.0002441936101
303768	0.0004503529625
303769	0.0005008948464
303770	0.0002265476052
303771	0.0008452557238
303772	0.001160225417
303773	0.001887673775
303774	0.001665672692
303775	0.0004102298957
303776	0.0001657320614
303777	0.000490791632
303778	0.0003328335315
303779	8.146589256e-05
303780	7.769299005e-05
303781	0.0004908579899
303782	0.0004107657058
303783	0.0003450092905
303784	0.0004310817341
303785	0.0003377763951
303786	9.105830342e-08
303787	0.0003184648296
303788	0.000169919379
303789	0.0004859303225
303790	0.0008326037567
303791	0.000251421409
303792	0.0001531659038
303793	0.0003974475083
303794	0.0001484453022
303795	0.0001711784074
303796	0.0002399277024
303797	0.0002484743741
303798	7.815421428e-05
303799	0.0002373374134
303800	0.005039394865
303801	0.001130845032
303802	0.003383045681
303803	0.000132802856
303804	0.0009393569099
303805	0.005991043822
303806	0.002881710818
303807	0.00130923447
303808	0.001151372149
303809	0.001002424551
303810	0.0002765871325
303811	0.0009389497737
303812	0.003064966824
303813	0.0004750360793
303814	0.0009363062454
303815	0.000743097231
303816	0.001915652229
303817	0.0007967672158
303818	0.0007095086452
303819	0.001898480078
303820	0.004464331026
303821	0.0005866980829
303822	0.0006811203316
303823	3.970112384e-05
303824	0.002816945382
303825	0.0001662017741
303826	0.0009496370869
303827	0.0009574970553
303828	0.0009194100742
303829	0.003121379299
303830	0.0005815434424
303831	0.0006639400364
303832	0.00171178932
303833	0.000826262042
303834	0.0003455958209
303835	0.001063067009
303836	0.0005595420765
303837	3.807949229e-05
303838	0.001820718255
303839	0.00358889813
303840	0.001191651637
303841	0.0006675722436
303842	0.00198552146
303843	0.0004395153842
303844	0.0002290096364
303845	0.001410753246
303846	0.001503765545
303847	0.0003746614667
303848	0.001807152341
303849	2.241089748e-05
303850	0.0007714912202
303851	0.003155166629
303852	0.0002486890892
303853	0.003653375181
303854	0.002016443331
303855	0.0001107768844
303856	0.001195921007
303857	0.0001383559611
303858	0.0001032920119
303859	0.001134238203
303860	0.002915548154
303861	0.002449084634
303862	0.0004412410929
303863	0.0009248492538
303864	0.00355920913
303865	0.003076941415
303866	0.0003305408639
303867	0.0004188656605
303868	0.00210956057
303869	0.003564297384
303870	0.0008838935807
303871	0.00110240103
303872	0.0008937815812
303873	0.0007887187421
303874	0.001813053382
303875	0.003101198758
303876	0.002118769608
303877	0.0004866457345
303878	0.003712652883
303879	0.001191132478
303880	0.006331814782
303881	0.0006585551836
303882	0.002728160887
303883	0.002182427327
303884	0.0007163852651
303885	0.00100927183
303886	0.0006690346519
303887	0.002828681265
303888	0.002849769213
303889	0.001990212699
303890	0.0003209378881
303891	0.0005293718691
303892	0.001600419787
303893	0.0001387056586
303894	0.003553099588
303895	0.002913229745
303896	0.001013123055
303897	0.0002481194717
303898	0.0001791521669
303899	0.000481812617
303900	0.000611697605
303901	0.0002065029167
303902	0.0003602662211
303903	0.0003162565743
303904	0.000596027716
303905	0.00176193152
303906	0.001238965409
303907	0.0002389025426
303908	5.731363538e-05
303909	0.0009745113299
303910	0.00102236831
303911	0.0001578420353
303912	0.000671215795
303913	0
303914	8.960479659e-05
303915	0.001217447114
303916	0.0003777734351
303917	0.0004229142115
303918	0.0001541303191
303919	0.0002882830051
303920	0.00036719195
303921	7.39330274e-05
303922	0.000399190411
303923	0.0003447617377
303924	0.001096637394
303925	0.0007309471856
303926	0.001298932882
303927	0.0002439907159
303928	2.054031604e-05
303929	0.001250690562
303930	0.000212459991
303931	0.001283078078
303932	0.0003871344023
303933	0.0004277331741
303934	0.0002522036505
303935	1.420025633e-05
303936	0.0001267963692
303937	0.000437389379
303938	2.417350147e-05
303939	0.0002450767865
303940	0.0003058966602
303941	0.0005164143251
303942	7.42587733e-05
303943	0.000561800556
303944	3.328233596e-07
303945	0.0004111631843
303946	5.925739617e-05
303947	0.0005038292515
303948	0.0001741329058
303949	0.0001055070826
303950	0.0001052786488
303951	3.759264594e-05
303952	0.0002770502032
303953	0.001960602014
303954	0.001169584776
303955	0.001057657741
303956	0.001285207292
303957	0.0002297553804
303958	0.001100010919
303959	0.0007760635259
303960	0.0008945926604
303961	0.0006768104469
303962	0.0003075504528
303963	7.436838538e-05
303964	0.0006326585028
303965	3.380500281e-07
303966	0.00047042156
303967	0.001140054318
303968	0.001201361056
303969	0.001007073158
303970	0.000316825027
303971	0.001560887738
303972	0.001194904187
303973	0.0009162797052
303974	0.0006285111743
303975	0.001066591527
303976	4.394785718e-05
303977	3.929266713e-05
303978	0.001090376917
303979	0.000654989717
303980	0.0003375538776
303981	0.0005353155888
303982	0.0009318794763
303983	0.0001876128498
303984	0.001183694991
303985	0.001163340447
303986	0.0005817734602
303987	0.0002503696606
303988	0.0006873148494
303989	0.0001227406943
303990	0.001087098256
303991	0.0002959600738
303992	0.0005238161085
303993	0.001226064168
303994	4.811315463e-05
303995	0.001386170303
303996	0.001059133612
303997	0
303998	0.001301831742
303999	2.946889891e-06
304000	0.001780524302
304001	0.0004575268258
304002	0.0002934754292
304003	0.001302024745
304004	0.0001826391435
304005	0.001137239302
304006	0.001583650056
304007	0.001065330603
304008	0.0005917062246
304009	0.0003551409096
304010	0.000158239699
304011	0.0005138221175
304012	0.0005389835617
304013	5.858764257e-05
304014	0.0001262573178
304015	0.0001195233612
304016	0.000696469876
304017	0.001650892006
304018	0.00195454587
304019	0.001613340485
304020	0.002415709752
304021	0.002292872564
304022	0.002865238809
304023	0.002697961293
304024	0.001289767562
304025	7.559697562e-05
304026	0.001866566527
304027	0.002358295887
304028	0.002833596135
304029	0.0009673083426
304030	0.0007800059192
304031	0.001726923678
304032	0.0004801032884
304033	0.00213629406
304034	0.0004148287085
304035	0.001926770505
304036	0.0003752232539
304037	0.001282334689
304038	0.00134195492
304039	0.00114652312
304040	0.0009363526968
304041	0.0002067407349
304042	0.001869163472
304043	0.0002630888214
304044	0.002319358495
304045	0.0003009192862
304046	0.0007363655955
304047	0.001334281325
304048	7.541859519e-05
304049	0.0005514578396
304050	0.001696429356
304051	0.0004888361452
304052	0.0008984771702
304053	0.0007133868084
304054	4.246487956e-06
304055	0.0003429425469
304056	0.0005743965817
304057	0.0002603555651
304058	0.000793129189
304059	0.0001651244248
304060	0.0001883101933
304061	0.0004824493776
304062	0.0002580127098
304063	0.0001833991326
304064	0.000508329161
304065	0.001172411603
304066	0.0003912874045
304067	9.87543951e-06
304068	1.336530936e-05
304069	0.0003847175532
304070	0.0008698430229
304071	0.0003392071687
304072	0.0007457791471
304073	0.000232070614
304074	0.0003202842437
304075	0.0003770348902
304076	0.000195374889
304077	0.0001147386748
304078	6.664389251e-05
304079	0.0007761910117
304080	0.000313299983
304081	8.227598192e-05
304082	0.0001294984491
304083	0.0002434613852
304084	0.0002833260651
304085	0.000230855213
304086	0.0004765926683
304087	0.0003913261124
304088	0.0002446065987
304089	0.0002373570834
304090	0.0001577726126
304091	0.0002313284137
304092	0.000149365624
304093	0.0005437750261
304094	0.0003741414445
304095	0.0007216663037
304096	0.0004487214485
304097	6.940698713e-05
304098	0.0001525452187
304099	0.0002218969281
304100	0.0001540521126
304101	0.000322987163
304102	0.0003188763477
304103	0.000142003969
304104	0.000623878509
304105	0.000311835177
304106	0.0002309814672
304107	0.0009313956207
304108	6.626948331e-06
304109	0.0007115921027
304110	0.0001516992842
304111	0.0001520214605
304112	0.001201563811
304113	0.001698002125
304114	0.0004112416104
304115	0.0002349757165
304116	4.471390637e-05
304117	0.00060921791
304118	0.001746527325
304119	0.0009476009956
304120	0.001431521813
304121	6.439482306e-05
304122	0.0007416342481
304123	0.001797535078
304124	8.334817948e-06
304125	0.001358656894
304126	9.861698375e-05
304127	0.0003096524141
304128	0.000757938393
304129	1.390608376e-06
304130	5.397243861e-07
304131	1.558087824e-07
304132	2.862570498e-07
304133	7.03569921e-09
304134	5.582697518e-07
304135	2.291403477e-07
304136	2.036839462e-06
304137	1.427165457e-06
304138	9.267586784e-07
304139	1.599019241e-06
304140	8.396988143e-07
304141	1.429029045e-06
304142	1.845896333e-07
304143	8.512170341e-08
304144	1.326240057e-06
304145	1.327223874e-06
304146	2.873819402e-07
304147	2.360056854e-08
304148	2.584099052e-07
304149	2.311444492e-06
304150	5.06973503e-07
304151	5.489153716e-07
304152	1.629809894e-06
304153	2.228662416e-08
304154	1.414277033e-06
304155	1.545516782e-06
304156	6.7565942e-08
304157	1.87839458e-07
304158	3.39876763e-06
304159	7.191403028e-08
304160	6.713905696e-07
304161	3.572574565e-07
304162	8.006173002e-07
304163	1.274064975e-06
304164	9.978024309e-07
304165	1.835517125e-06
304166	7.211068204e-07
304167	1.887425692e-07
304168	4.430477415e-07
304169	6.505867433e-07
304170	3.360169343e-07
304171	1.470264955e-06
304172	2.46674398e-07
304173	1.347271017e-06
304174	2.285765156e-07
304175	9.630206797e-07
304176	9.629547184e-07
304177	4.208821668e-07
304178	2.103488488e-07
304179	2.865982589e-07
304180	1.441391246e-06
304181	2.753046615e-07
304182	1.884800398e-07
304183	1.245447083e-06
304184	6.027893136e-07
304185	6.047027224e-07
304186	0.00163307731
304187	0.0008929980203
304188	0.0017061537
304189	0.0003130695875
304190	0.001298977248
304191	0.0003361710488
304192	0.001648962159
304193	0.00261848353
304194	0.00133368723
304195	0.0006327210904
304196	0.0003308454099
304197	0.002313561066
304198	7.520476984e-05
304199	0.0001425856587
304200	0.0006874621076
304201	0.002112871094
304202	0.0006726612993
304203	0.0001470400885
304204	0.001450713084
304205	0.001731274865
304206	0.0001660383444
304207	0.0005455692651
304208	0.00134072111
304209	0.0004426385164
304210	0.00106963246
304211	0.000317830507
304212	0.001527510326
304213	0.0005358094461
304214	0.00131220734
304215	0.0009929365876
304216	0.0021799099
304217	0.00195585358
304218	0.000324666963
304219	0.0003240816772
304220	3.284026745e-07
304221	3.49048973e-07
304222	0.000623222921
304223	0.000642708945
304224	0.0003062172891
304225	2.754696046e-07
304226	0.0006219265191
304227	6.463255102e-08
304228	0.0003052735219
304229	5.226407936e-07
304230	2.481566084e-07
304231	0.0006293474173
304232	0.0006228367823
304233	0.0006301609309
304234	1.022284749e-07
304235	1.928793096e-08
304236	0.0006313554245
304237	0.00064315546
304238	0.0006230033295
304239	0.0006300225371
304240	0.0006227665876
304241	1.271854535e-06
304242	0.0003710271108
304243	0.0007391953418
304244	4.868583058e-07
304245	0.0003537066689
304246	0.0005060042739
304247	8.639177335e-05
304248	0.0002270936911
304249	0.0002783855138
304250	7.229644909e-05
304251	0.0003177502226
304252	2.585193546e-05
304253	8.638304797e-07
304254	0.0003538188517
304255	0.0005049920459
304256	0.0005856526696
304257	0.0005146756885
304258	0.0003650657914
304259	0.0003058385478
304260	0
304261	0.0001390034418
304262	0.0001350025303
304263	0.0006670008896
304264	8.013321323e-05
304265	0.000666143509
304266	0.0006279639095
304267	0.0006683578863
304268	0.000586700108
304269	0.0002353712747
304270	0.0005062870206
304271	0.0001541435628
304272	0.0005870431174
304273	0.0001666023481
304274	8.822018547e-05
304275	0.0004795139351
304276	0.0002736898704
304277	0.001038032638
304278	0.0007801157173
304279	0.0007341180441
304280	0.0004012419335
304281	7.094220203e-07
304282	7.358126409e-05
304283	0.000783649306
304284	1.694207703e-07
304285	0.000870266102
304286	0.000894112834
304287	0.001037763809
304288	0.0007935749779
304289	0.001037696296
304290	0.0007064436578
304291	7.895303459e-05
304292	8.032286448e-05
304293	0.0001454585814
304294	0.001116292589
304295	0.001036427217
304296	7.760867196e-05
304297	0.0004014087313
304298	0.0003027238662
304299	0.0004027819303
304300	0.001246765801
304301	0.00144663076
304302	0.000683071688
304303	0.002090226968
304304	0.0009460415389
304305	0.001861221882
304306	0.0005961027524
304307	0.0003530913572
304308	0.0005876141575
304309	0.0007401353215
304310	0.002252919214
304311	0.0009947820276
304312	0.001822743813
304313	0.002120224528
304314	0.001171242532
304315	0.001874104719
304316	0.0004890640607
304317	8.132559378e-05
304318	0.0006775603157
304319	0.001658839433
304320	0.0008378003618
304321	0.003380250409
304322	0.001108174039
304323	0.001304565044
304324	0.001662420152
304325	0.0005201934352
304326	0.0006163729345
304327	0.0004016955635
304328	7.763285521e-06
304329	9.114024308e-05
304330	0.001526716598
304331	0.002177998485
304332	2.34685823e-05
304333	0.001370852243
304334	0.001007375347
304335	0.0007481738255
304336	1.24983168e-05
304337	0.001286878892
304338	0.0008875765395
304339	0.0006826441401
304340	3.350682108e-05
304341	8.568925701e-05
304342	0.0005558207507
304343	0.001427243288
304344	0.0009971307989
304345	0.001192538052
304346	0.0002455721327
304347	0.0002197765193
304348	0.0001710397609
304349	0.001285219335
304350	0.0008397075308
304351	0.0001053277734
304352	6.240930785e-05
304353	0.0008899487434
304354	0.000566099454
304355	0.0007744445181
304356	7.768793196e-05
304357	0.0004929609051
304358	0.0007733861058
304359	0.0003129140852
304360	0.00088105445
304361	0.001077559391
304362	0.00101066653
304363	0.001558623887
304364	0.0007225011269
304365	0.0006014626214
304366	0.00087276983
304367	0.0006157842231
304368	0.0002537425198
304369	0.001263647291
304370	0.0005407195231
304371	2.29016476e-05
304372	0.0007941545092
304373	0.0009213038325
304374	0.0009824621011
304375	0.0003026561232
304376	0.001874134136
304377	5.881237796e-05
304378	0.00145110248
304379	9.808721111e-05
304380	4.529632631e-05
304381	0.0003736771642
304382	0.0007022292942
304383	0.000261825101
304384	0.000411800307
304385	0.0002993853245
304386	0.0004310719935
304387	0.0004271291457
304388	0.0007414356625
304389	0.0002015537539
304390	0.0009266517721
304391	0.001846013176
304392	0.0003891438705
304393	0.0001597118778
304394	0.0009041843584
304395	0.0003258591632
304396	0.001198590222
304397	1.307691871e-07
304398	0.0002258247945
304399	0.001606380195
304400	0.001566290527
304401	0.0005704407021
304402	0.0001795530841
304403	0.0003012794645
304404	7.839910865e-05
304405	0.0002815480341
304406	0.000585183685
304407	0.001048929007
304408	0.002234914531
304409	0.0003429781993
304410	0.001170860962
304411	0.0005053768533
304412	0.002040869733
304413	0.0003676440943
304414	1.618560958e-07
304415	0.0001501322449
304416	0.0004636027008
304417	2.901432058e-05
304418	0.0004091259941
304419	0.0003755391472
304420	0.0001590275837
304421	0.0002518132509
304422	5.584122673e-05
304423	0.000104469076
304424	0.0002386841234
304425	7.7732753e-05
304426	5.50009954e-05
304427	0.0004456591123
304428	2.018788669e-05
304429	0.0003576716908
304430	0.0001319659135
304431	0.0002711525609
304432	0.0003175572571
304433	0.0001643571791
304434	0.0005764212266
304435	0.0001725032081
304436	0.0004902399006
304437	0.000136820681
304438	6.73234179e-06
304439	0.0008331683369
304440	0.0001232870549
304441	0
304442	0.0001824562593
304443	8.144724861e-05
304444	0.0003327268623
304445	0.000194057076
304446	0.0004550642848
304447	0.0009249050119
304448	0.001134589683
304449	0.0002360280302
304450	0.001150025784
304451	0.001684111103
304452	0.000288728271
304453	0.0004971108002
304454	0.000722693599
304455	0.001483532974
304456	0.001662054173
304457	0.0003364472538
304458	1.2184112e-05
304459	0.0001074330831
304460	0.001059183474
304461	0.0001474950751
304462	0.001091726572
304463	0.00171497528
304464	0.0009744648589
304465	0.002325581688
304466	0.0001859601853
304467	0.00286323234
304468	8.416479019e-05
304469	0.001432906683
304470	0.0002806668162
304471	0.001430413772
304472	0.001655604021
304473	0.001623963518
304474	0.002307182037
304475	0.002965818561
304476	0.002243875242
304477	0.001040186085
304478	0.003163375978
304479	1.272895051e-05
304480	0.001349754982
304481	0.00213842157
304482	0.003134934347
304483	0.001187469641
304484	0.002700445234
304485	0.0002810011671
304486	0.00188497525
304487	0.003015832129
304488	0.002199933581
304489	0.001527509994
304490	0.002364129972
304491	0.003090231906
304492	0.001362482747
304493	0.002035334125
304494	0.0008788491584
304495	2.248444009e-05
304496	0.0003106521158
304497	0.002809877745
304498	6.31550866e-05
304499	0.0009154380564
304500	0.002420038715
304501	0.0003887880378
304502	5.591515318e-05
304503	0.001626220125
304504	0.003281417939
304505	0.0005576087563
304506	0.002346216382
304507	0.0008813009521
304508	0.002140171957
304509	0.0004518644989
304510	4.318473845e-05
304511	0.001511403364
304512	0.003357177933
304513	0.002061185812
304514	0.0003194954149
304515	0.002043378151
304516	0.002713816603
304517	0.001079270086
304518	0.001182595635
304519	0.00108953753
304520	0.002816695332
304521	0.003436915297
304522	0
304523	0.002637643257
304524	0.001908302963
304525	0.0007931890337
304526	0.0009163523946
304527	0.0004071621146
304528	0.001421171333
304529	0.0001869371664
304530	0.001325758932
304531	0.001837723591
304532	0.0009275001273
304533	8.565123318e-05
304534	0.0001131634745
304535	0.00120240125
304536	0.0003597660467
304537	0.001750415821
304538	0.001687979713
304539	0.0002984614937
304540	0.001283481683
304541	2.715105836e-07
304542	0.001085393224
304543	0.001262061234
304544	0.001548026324
304545	0.001187092407
304546	0.00128141313
304547	0.0003062681374
304548	0.0003583690387
304549	0.0003219612858
304550	0.0002472329956
304551	0.001506840419
304552	0.0002307973243
304553	0.0009646579513
304554	0.0002585645917
304555	0.0004899339286
304556	0.001223592081
304557	0.001197776793
304558	0.001836003656
304559	0.0008040711788
304560	0.0008258324462
304561	0.000160947732
304562	0.0008070268087
304563	0.0001582979355
304564	0.0003869655811
304565	0.0009858307052
304566	0.0004944222881
304567	0.0002311061764
304568	0.0005515955698
304569	0.0006720430263
304570	0.0002343952732
304571	0.0001579330578
304572	0.0002400301984
304573	0.0004196938056
304574	0.000713517493
304575	0.0005851174093
304576	0.000214674342
304577	0.0006341404859
304578	0.0002674309292
304579	0.0001996352778
304580	0.0001422994529
304581	0.0002960689881
304582	0.0004690084947
304583	0.0004941416054
304584	0.0006262670185
304585	0.0005824375475
304586	1.662470612e-05
304587	0.0005160330434
304588	0.0003854604963
304589	0.0007086701852
304590	0.0001805230575
304591	4.999035121e-05
304592	0.0004790518519
304593	0.0003180017774
304594	0.0003477530447
304595	7.76660982e-05
304596	0.0002924789987
304597	0.0002385614508
304598	4.672565591e-05
304599	0.0002663131352
304600	0.0007517538875
304601	0.001109994896
304602	0.0001512626297
304603	7.541079346e-05
304604	0.0005493234512
304605	0.0002658370161
304606	0.0006123511137
304607	0.0001814768323
304608	0.0007361898451
304609	0.0001826696202
304610	7.29801845e-05
304611	0.001741544795
304612	0.0005914490753
304613	0.001161130871
304614	0.001436317678
304615	0.001284836309
304616	0.002195960488
304617	0.002275634789
304618	0.001711921609
304619	0.002241148724
304620	0.001860062522
304621	0.0003314637229
304622	2.558984992e-07
304623	8.547097202e-05
304624	0.0008264252666
304625	8.48659648e-05
304626	0.001538446023
304627	0.001043209593
304628	0.0002892815696
304629	0.0009651131783
304630	0.0003979096268
304631	1.489058994e-05
304632	0.0001135487571
304633	0.0006396745801
304634	0.001154832331
304635	0.001066674655
304636	0.0007746047182
304637	0.0005726347964
304638	0.001446001998
304639	0.001041399238
304640	0.0009046660154
304641	0.0003189561188
304642	0.001032800613
304643	0.0002505326407
304644	0.0009641387097
304645	0.001153973331
304646	0.0009930818079
304647	0.001153454818
304648	0.0008366286104
304649	0.0008106083689
304650	0.001053789787
304651	0.001041547818
304652	0.0005802159725
304653	7.583241932e-05
304654	8.645767945e-05
304655	0.001370341206
304656	0.001064836111
304657	5.376876837e-08
304658	0.0006500794445
304659	9.646072381e-05
304660	3.733547e-05
304661	0.0005265261551
304662	0.0003369942728
304663	0.0002491919677
304664	0.0001291786349
304665	1.21439767e-05
304666	0.0001727422513
304667	0.0002162680061
304668	0.0005291944258
304669	0.000822237943
304670	7.515806096e-05
304671	0.0003933720932
304672	0.0006002314276
304673	7.346209793e-05
304674	0.0009382972798
304675	0.0002625593655
304676	0.0004652366995
304677	3.870063301e-07
304678	0.0008031503928
304679	0.0003005348791
304680	0.0002705976265
304681	0.0003428514656
304682	0.001104379843
304683	4.863041192e-05
304684	0.0001029237878
304685	0.0006182526585
304686	0.0004427144246
304687	0.0001700384647
304688	0.0005006714036
304689	0.0001374363959
304690	0.0002586031325
304691	0.0001728488366
304692	0.0005144549944
304693	0.0002565819566
304694	0.0002068399683
304695	0.0004623925561
304696	0.0008909762166
304697	0.0006171010353
304698	0.002923667193
304699	0.002217773589
304700	0.0002077554188
304701	0.00262333931
304702	0.001284058209
304703	0.0005478817284
304704	0.002110186327
304705	0.003318960518
304706	0.00150243619
304707	0.004849843953
304708	0.001043257588
304709	0.002119055765
304710	0.001859151189
304711	0.0007557802091
304712	0.001248773571
304713	0.004570248735
304714	0.003363750356
304715	0.0008841797302
304716	0.0004691776548
304717	0.001308791537
304718	0.0004976207275
304719	0.0009400346449
304720	0.001771111599
304721	0.0001329022368
304722	0.001251973461
304723	0.0009121539279
304724	0.001879860328
304725	0.001233584242
304726	0.002288373111
304727	0.004462796321
304728	0.001578482695
304729	0.002542350568
304730	0.002805846253
304731	0.0008561887069
304732	0.0004196818775
304733	0.0005447901532
304734	0.0009749605794
304735	0.001251288547
304736	0.001366284872
304737	0.001176996617
304738	0.001683715544
304739	0.001313525963
304740	0.001393315011
304741	0.002450990964
304742	0.0002571232039
304743	0.00336144164
304744	0.0007329371893
304745	0.0002336318964
304746	0.0004572643677
304747	0.0006946289363
304748	0.001247669438
304749	0.00095112393
304750	0.001202247692
304751	0.001138933297
304752	0.0008802578093
304753	0.0007017805167
304754	0.0004170055351
304755	0.001756091975
304756	8.668559856e-05
304757	0.0002081002898
304758	0.001592034699
304759	0.001320362579
304760	0.001890046243
304761	0.000224325752
304762	0.001384356908
304763	0.0003860300021
304764	0.001291977745
304765	0.0004715682659
304766	0.000905544744
304767	0.0006161964904
304768	0.0003625544353
304769	0.003690693987
304770	0.001692769937
304771	0.003595792518
304772	0.001432296795
304773	0.0001693940843
304774	0.004438630538
304775	0.001774608822
304776	0.001364322201
304777	0.002820209931
304778	0.001131941095
304779	0.002432352118
304780	0.0035678227
304781	0.002687774221
304782	1.524852407e-06
304783	0.0008547182237
304784	0.007191921434
304785	0.002536478457
304786	0.001680384393
304787	0.001652606744
304788	0.004025639502
304789	0.002352496664
304790	0.001160482251
304791	0.0008761146266
304792	0.0009363163687
304793	0.0001361773358
304794	0.003656403321
304795	0.0006862143383
304796	0.0004406982428
304797	1.217975959e-05
304798	0.003224193078
304799	0.002833069252
304800	0.001872570373
304801	0.001904884864
304802	7.377098329e-05
304803	0.002336950402
304804	0.0001819701257
304805	0.001270777671
304806	0.00159680853
304807	5.339935172e-05
304808	0.001810892894
304809	0.0008548084679
304810	5.988897019e-05
304811	0.001112696065
304812	0.001683224546
304813	0.0005731946912
304814	0.000558530042
304815	0.001638555367
304816	0.001401279994
304817	0.00221627719
304818	0.002575737682
304819	0.0001231758322
304820	0.002383762983
304821	0.001471151163
304822	0.002591962147
304823	0.002608714487
304824	0.002311768014
304825	0.0006100154206
304826	0.004235808054
304827	0.002784508197
304828	0.001007319899
304829	0.00545843804
304830	0.00272001057
304831	0.002493885627
304832	0.002374039551
304833	0.001485149817
304834	0.00356681689
304835	8.915501235e-05
304836	0.002262574929
304837	0.001365572068
304838	0.00104758017
304839	0.0008918151292
304840	0.0003461786117
304841	0.0007469831598
304842	0.002450053081
304843	0.0004671038566
304844	0.000380145992
304845	0.0005647407354
304846	1.363668515e-05
304847	0.0008337163959
304848	0.0004079579326
304849	0.0003566913651
304850	0.001652105156
304851	0.002544633815
304852	0.003820457919
304853	0.000933879782
304854	0.000360379606
304855	0.00042413198
304856	0.001327072513
304857	0.001318974353
304858	0.0006219593695
304859	0.0003228607768
304860	9.639951264e-05
304861	0.0009506134648
304862	0.0009108866931
304863	0.0007637825994
304864	0.002327839587
304865	0.001517420463
304866	0.001123373737
304867	0.002329337766
304868	0.0006834111692
304869	0.0007345809311
304870	0.0002018360796
304871	0.004234993836
304872	0.001854681691
304873	0.0009989535084
304874	0.0001183471557
304875	0.001810400494
304876	7.562285205e-05
304877	0.001751177166
304878	0.001223152819
304879	0.0005303915078
304880	0.0007743210302
304881	0.0005243885101
304882	0.0002457727355
304883	0.001157543694
304884	0.002243450716
304885	0.0003204445742
304886	0.003484771332
304887	0.001533519109
304888	0.00262692307
304889	0.0009712381426
304890	0.002576115482
304891	0.003619141004
304892	0.001482059166
304893	0.003237668618
304894	0.002980786829
304895	0.001187615072
304896	6.946642584e-05
304897	0.0001998252024
304898	0.001129325867
304899	0.002659904072
304900	0.000593467516
304901	0.001330210714
304902	0.001240833699
304903	0.00151719351
304904	0.0006844352943
304905	0.0004892749363
304906	0.001523103455
304907	0.002071104404
304908	0.002108783301
304909	0.00114657953
304910	0.001538271276
304911	0.002907550655
304912	0.001179740782
304913	0.0003281593181
304914	0.001730340597
304915	0.0002148579751
304916	0.0004098208133
304917	0.002143873351
304918	0.0006191494995
304919	0.001723107914
304920	0.001514209597
304921	0.0004578154632
304922	0.001483341693
304923	5.585406046e-05
304924	0.002215183815
304925	0.0004868692829
304926	0.0007108573206
304927	0.0006658612231
304928	4.987429616e-05
304929	0.0004637706899
304930	0.002011019929
304931	0.003296837517
304932	0.001834643312
304933	0.000343453455
304934	0.001261234173
304935	0.0002618112137
304936	0.0005846749669
304937	0.001488624535
304938	0.0006740688938
304939	0.001878126239
304940	0.0008953402497
304941	0.0007300059614
304942	0.001775811656
304943	0.0008001115635
304944	0.0006797016233
304945	0.00105324372
304946	0.0004962444318
304947	0.0002141997656
304948	0.001662046007
304949	0.0009480098474
304950	0.0006512635339
304951	0.000576663518
304952	0.001366740772
304953	0.0002507335417
304954	0.0002203301002
304955	0.0007622906768
304956	0.001005971678
304957	0.0006899374644
304958	0.002068462561
304959	0.0007464616055
304960	0.0002390152997
304961	0.001657725341
304962	0.0009134440998
304963	0.0009337568393
304964	0.003067809773
304965	0.000710178058
304966	0.002398484417
304967	0.0001511492034
304968	0.00101260485
304969	0.0002831695659
304970	0.0005960995651
304971	0.0004543693303
304972	0.004178983519
304973	0.001260340026
304974	0.0001591528313
304975	8.661530861e-05
304976	1.848673231e-05
304977	0.0004560433126
304978	0.001232712774
304979	0.0009079644824
304980	0.0001153903036
304981	0.00142698871
304982	0.001102141295
304983	0.004427383434
304984	0.001407613854
304985	0.0003564015287
304986	0.0001078477449
304987	0.004376596014
304988	3.018005209e-05
304989	0.0006879028075
304990	0.001116212169
304991	0.0003234258662
304992	0.0008931645421
304993	0.0003644625942
304994	0.003433682682
304995	0.001994002245
304996	0.002509843743
304997	0.001471231478
304998	0.003456897922
304999	0.0007471388693
305000	0.0001688034279
305001	0.001041410846
305002	0.001417915234
305003	0.001011379062
305004	8.570890488e-05
305005	0.002823516729
305006	0.004287351921
305007	0.00167155562
305008	0.0002102607939
305009	0
305010	0.0003690536912
305011	0.00407139068
305012	0.002422422156
305013	0.002705371981
305014	0.000864683743
305015	0.001208414529
305016	0.005318057072
305017	0.0006522710819
305018	0.001179951663
305019	8.448172207e-05
305020	0.001578015621
305021	0.001851995922
305022	0.00171465589
305023	0.001490841442
305024	0.0004806850304
305025	0.0001042979637
305026	0.0005086626907
305027	0.0003719882298
305028	0.0008541194057
305029	0.000300931794
305030	0.002366988772
305031	0.0008411101342
305032	0.0002818709697
305033	0.00175962854
305034	0.0008512486384
305035	0.002415420656
305036	0.004310918437
305037	0.0003058908569
305038	0.003324414808
305039	0.0006250113309
305040	0.001021124775
305041	0.000605640797
305042	0.0002060929109
305043	0.001978027491
305044	0.001718307755
305045	0.001303587808
305046	0.0001975790423
305047	0.0008264526681
305048	0.0001320874944
305049	0.00184234743
305050	0.001936484824
305051	0.002233780882
305052	0.0008529339364
305053	0.0007590962007
305054	0.001548286677
305055	0.002018105613
305056	0.00116599361
305057	0.001719129617
305058	0.002209000948
305059	0.004181708075
305060	0.002225871217
305061	0.0004205525348
305062	0.001168496573
305063	0.001409025942
305064	0.0003053705529
305065	0.0003521120698
305066	0.0006288570192
305067	0.0002739672849
305068	0.002934510627
305069	0.0005961028579
305070	0.001838182438
305071	0.001963200524
305072	0.003608781334
305073	0.000609039765
305074	0.0006309605377
305075	0.0005758809152
305076	0.002368808211
305077	0.001580534798
305078	0.004692956569
305079	0.0005500719776
305080	0.001066758367
305081	0.005931429024
305082	0.003066567984
305083	0.0029207593
305084	0.0008978186182
305085	1.350563388e-05
305086	0.004996248538
305087	0.001915348971
305088	6.235665519e-06
305089	0.001457618842
305090	0.0005091553368
305091	0.002736016839
305092	0.0007463682535
305093	0.0001495769548
305094	0.003554159539
305095	0.001437303568
305096	0.0009535968933
305097	0.003017063296
305098	0.001618336627
305099	0.0001592910809
305100	0.002052052301
305101	0.0009952327525
305102	0.000491905199
305103	0.001907634972
305104	0.002638607574
305105	0.0007800849567
305106	0.004906902601
305107	0.004574984422
305108	0.001916814514
305109	0.001669529675
305110	0.00106084129
305111	0.0001837238771
305112	0.001262920097
305113	0.0006352237156
305114	0.000948224154
305115	0.001356373039
305116	0.001754373692
305117	0.0005952680815
305118	0.001053091937
305119	0.001076336425
305120	0.0004128163589
305121	0.002878513526
305122	0.0009252913205
305123	8.458382402e-05
305124	0.002860523351
305125	0.0006160654503
305126	6.388952383e-06
305127	0.00176575953
305128	0.0003326927524
305129	0.0005019291285
305130	0.001091813496
305131	0.0001382198508
305132	0.003480189261
305133	0.0004698816593
305134	0.001522283002
305135	0.000875587962
305136	0.005544077751
305137	0.0005510909917
305138	0.002271586121
305139	0.0006555977483
305140	0.0005076915589
305141	0.001620405384
305142	6.88372624e-05
305143	0.005265759261
305144	0.001236308068
305145	0.0002722797208
305146	0.001277418831
305147	0.0009966491551
305148	0.001591352564
305149	0.0004209242023
305150	0.00674513506
305151	0.001604991028
305152	0.005368904867
305153	0.00591967267
305154	3.985356095e-05
305155	0.002212595363
305156	8.746916901e-05
305157	5.106369154e-05
305158	0.001165848836
305159	0.0003150490129
305160	0.0008953819176
305161	0.004681741256
305162	0.001152431372
305163	0.0006368427814
305164	0.00323874344
305165	0.00176976404
305166	0.001761633629
305167	0.0006454561274
305168	0.0005765950212
305169	0.003747691569
305170	0.001662542806
305171	0.001290229559
305172	0.0008033611302
305173	6.436876376e-05
305174	7.610953524e-09
305175	0.002398360938
305176	0.000697514623
305177	0.001588334262
305178	0.001051360073
305179	0.001056750145
305180	0.0003171957345
305181	0.002356314489
305182	0.0004507414183
305183	4.749270322e-06
305184	9.295720661e-06
305185	5.711087489e-07
305186	1.123329146e-06
305187	4.311196893e-06
305188	3.966221633e-06
305189	4.790570261e-06
305190	3.802695453e-06
305191	5.914756107e-06
305192	1.220090122e-06
305193	1.090812928e-05
305194	5.726420048e-07
305195	6.146532674e-06
305196	4.201183973e-06
305197	3.424620491e-06
305198	5.859889988e-07
305199	4.280327239e-06
305200	1.361088257e-06
305201	6.260674279e-07
305202	3.585344531e-06
305203	1.8029251e-06
305204	1.285582557e-07
305205	5.300258039e-06
305206	1.195728343e-05
305207	1.381432653e-06
305208	0.002407932984
305209	0.000385044605
305210	0
305211	0.002964021014
305212	0.0008841772639
305213	0.00171327967
305214	0.000111309367
305215	0.0007040893266
305216	0.00240419355
305217	0.001571770967
305218	0.0002457572101
305219	0.0008076745552
305220	0.00121537002
305221	0.00290797598
305222	0.0008954412979
305223	0.001494997753
305224	0.001121465188
305225	0.0002721531365
305226	0.0003280035512
305227	0.001379591425
305228	0.0001161992497
305229	0.0009342785879
305230	0.001307996562
305231	0.000294209999
305232	0.0001068053719
305233	0.0008841976822
305234	0.0005541956869
305235	0.001304773664
305236	0.00111962401
305237	0.0002266878353
305238	4.581429918e-05
305239	0.0005989700367
305240	0.001378689233
305241	0.001032013473
305242	0.0004827144864
305243	0.0001115030773
305244	3.720244348e-05
305245	0.001076412803
305246	0.000137199168
305247	0.0003040324492
305248	0.0006340846948
305249	0.0004476452744
305250	0.0008754158883
305251	0.002962050404
305252	0.0006464668545
305253	0.001708516845
305254	0.0009696939348
305255	0.0009604457626
305256	0.00176468953
305257	0.000688455663
305258	0.0001975394968
305259	0.001304070377
305260	0.001725347375
305261	0.00202915324
305262	0.002331320962
305263	0.001503427393
305264	0.0004916515982
305265	2.627289733e-05
305266	0.000205979246
305267	0.0008858994256
305268	0.0004281493389
305269	0.001505444337
305270	2.03910541e-05
305271	0.001394733826
305272	1.412690568e-05
305273	0.001398886204
305274	0.00150944985
305275	0.001947837513
305276	0.0001180126146
305277	0.001739540201
305278	0.0008301142408
305279	0.001368096196
305280	0.0001290227725
305281	0.0010084813
305282	0.001252829275
305283	0.0004227456324
305284	0.0005679621051
305285	0.001062150373
305286	0.0008297226459
305287	0.000768239402
305288	9.921135781e-05
305289	0.0005575522301
305290	0.002817931941
305291	0.001417085664
305292	0.0002250839374
305293	0.0007655581333
305294	0.0006419499816
305295	0.001332264697
305296	0.0008846326859
305297	7.724940931e-06
305298	0.0002492399635
305299	0.003029775583
305300	0.0008179167557
305301	0.0002978843064
305302	0.001436108172
305303	0.002935875825
305304	0.0008196066562
305305	0.003870156438
305306	0.0009534393541
305307	0.0009338766335
305308	0.001521072463
305309	0.002142080903
305310	0.003607415343
305311	0.004534137885
305312	0.0005357315287
305313	0.001185703018
305314	0.00195768535
305315	0.0003658661377
305316	0.000787874401
305317	0.0002846836431
305318	0.001096384912
305319	0.003095623563
305320	0.002101500918
305321	0.001367556161
305322	0.0003166279076
305323	0.003803126718
305324	0.001213398933
305325	0.0003995787025
305326	0.002324137829
305327	0.0002166972501
305328	0.002877114159
305329	0.001815741229
305330	0.001215960652
305331	0.0007581548621
305332	0.002935192925
305333	0.001247220661
305334	0.0009532850813
305335	0.003115298292
305336	0.0008066310843
305337	0.0006437665055
305338	0.001014609708
305339	0.0003275130664
305340	0.002644777559
305341	0.0003127527557
305342	0.000315832186
305343	0.004042588968
305344	0.0005090426186
305345	0.003061639144
305346	7.685384314e-05
305347	0.000744830318
305348	0.002491453055
305349	0.002353305651
305350	0.002676142679
305351	0.000418934091
305352	0.001519739876
305353	0.002302848135
305354	0.0003604137795
305355	0.0004732992015
305356	0.002297859647
305357	0.001348512832
305358	5.022513548e-05
305359	0.0001551839738
305360	0.0004078710357
305361	0.0002478753066
305362	0.003142791914
305363	0.005981151486
305364	0.00353865528
305365	0.0006767231986
305366	0.0001370198363
305367	0.0007786654601
305368	0.00231526061
305369	0.001560527137
305370	0.000594226448
305371	0.000651930808
305372	0.0006275691941
305373	0.005178126094
305374	0.002075539208
305375	0.0003518614116
305376	0.00443806086
305377	0.005324957303
305378	0.002380468728
305379	0.0002864475407
305380	0.0002914409112
305381	0.004215435121
305382	0.001286976141
305383	0.000995972561
305384	0.0004953330454
305385	0.0007292825757
305386	9.797068281e-05
305387	0.0009252179284
305388	0.0004152098619
305389	0.005174019464
305390	0.003105820095
305391	0.0001468456439
305392	0.002248281885
305393	0.000827546787
305394	0.001899229071
305395	0.001565244228
305396	0.006345505649
305397	0.002205165589
305398	0.002911897774
305399	0.001297125438
305400	0.000330982437
305401	0.00101237317
305402	0.002867836066
305403	0.0001331511314
305404	9.186010202e-05
305405	0.001023435825
305406	0.0005581871428
305407	0.0009575053141
305408	0.0002206402052
305409	0.0006157065557
305410	0.0005190952469
305411	0.002836506489
305412	0.0004493089947
305413	0.0006061030755
305414	2.973968755e-05
305415	0.0004293107433
305416	0.001481033507
305417	0.0005006074175
305418	0.0004420274674
305419	0.0014172271
305420	0.003418673245
305421	0.004270172101
305422	0.00559202812
305423	0.006118481299
305424	0.005366865348
305425	0.004036895654
305426	0.0005671734079
305427	0.0008723219889
305428	0.0007368206209
305429	0.0003799537432
305430	0.0001404303951
305431	0.0003872965914
305432	0.0003454150385
305433	0.001268527954
305434	0.004148767518
305435	0.002610463422
305436	0.0009287821213
305437	0.000953746975
305438	0.0009833157248
305439	0.0001229391534
305440	0.001170258787
305441	0.004264917495
305442	0.000522690895
305443	0.001457381781
305444	0.0001128600993
305445	0.002772774676
305446	0.001727872519
305447	0.0008139655971
305448	0.005144625432
305449	0.0007359354119
305450	0.0007757481563
305451	0.0008162626468
305452	0.004773721143
305453	0.0004721623863
305454	0.0006776818968
305455	0.004166912712
305456	0.003956454418
305457	0.001928904323
305458	0.00043263538
305459	0.0005873135241
305460	7.193123937e-05
305461	0.000742414518
305462	0.0007506560998
305463	0.0002716879144
305464	0.003219564845
305465	0.00195502717
305466	0.002183637896
305467	0.001494119704
305468	0.0005643712486
305469	0.002851734369
305470	0.003256007566
305471	0.002751833987
305472	0.003479038501
305473	0.0003884199769
305474	0.001608960271
305475	0.0004089944387
305476	0.003829087663
305477	0.0005397057807
305478	0.00149739282
305479	0.00061524834
305480	0.0003240784172
305481	0.002369390282
305482	0.0001640480875
305483	0.0007394424148
305484	0.0004394798877
305485	0.001573285575
305486	0.003231723698
305487	0.0008632166437
305488	0.002221836174
305489	0.00162056924
305490	0.0002604779808
305491	0.002237734652
305492	0.0003821567804
305493	0.0001762587127
305494	0.0006703037832
305495	0.002512168768
305496	0.0002948922426
305497	0.0008064100711
305498	0.0002213898262
305499	0.00391630907
305500	0.0006416890792
305501	2.804691361e-05
305502	0.0006051300309
305503	0.001920258566
305504	0.001231078392
305505	0.002941750704
305506	0.0009059511294
305507	0.001764569568
305508	0.002419391469
305509	0.001464426576
305510	0.002188672865
305511	0.003092389
305512	0.01128430133
305513	0.0005404909867
305514	0.001702682637
305515	0.003669863693
305516	0.001217992795
305517	0.002089874417
305518	0.0002572700587
305519	0.0004444289096
305520	0.0002620244834
305521	0.001984253531
305522	0.007710904092
305523	0.00658557901
305524	0.0001001552942
305525	0.002058715717
305526	0.001271409431
305527	0.001814793971
305528	0.0007483862251
305529	1.565538176e-05
305530	0.004669553648
305531	0.001368115991
305532	0.004617761618
305533	0.0007277123767
305534	0.003221846059
305535	0.001106602449
305536	2.845224844e-05
305537	0.00525606116
305538	0.0007289986538
305539	0.001487773402
305540	0.0001600106304
305541	0.0008690035399
305542	0.001229740196
305543	0.002446608349
305544	0.000562153581
305545	0.002057499906
305546	0.002097965044
305547	0.0003425459799
305548	0.001098302077
305549	0.0004487046012
305550	0.0002395256826
305551	0.001225240848
305552	0.0002934195895
305553	0.001536216222
305554	0.001024082477
305555	8.882993655e-05
305556	0.001044598311
305557	0.0007058974583
305558	0.0004008086149
305559	0.002048771984
305560	7.715748351e-05
305561	6.110462671e-05
305562	0.001615681492
305563	0.0001353159335
305564	0.003081984113
305565	0.00192713301
305566	0.0003251752728
305567	0.00050664161
305568	0.001121382083
305569	0.001135607446
305570	0.000271191705
305571	0.001962324664
305572	0.0006156483712
305573	0.001221642328
305574	0.001439022888
305575	0.002066584753
305576	0.002308439625
305577	0.004578679283
305578	0.005018981923
305579	0.0007373181163
305580	0.00358685368
305581	0.00297815584
305582	0.0002125857091
305583	0.003021919632
305584	0.0001646716578
305585	0.0007994980776
305586	0.004922699058
305587	0.001117162384
305588	0.0008988214047
305589	0.005704549129
305590	0.0008871915889
305591	0.0001544149152
305592	9.327683869e-05
305593	0.006481432711
305594	0.004561866318
305595	0.001119819981
305596	0.0001454491036
305597	0.006229516578
305598	0.004868950689
305599	0.002686253755
305600	0.0004754061323
305601	0.0008832229725
305602	0.001828244598
305603	0.001591787447
305604	0.00635708555
305605	0.00059021469
305606	0.006032944226
305607	0.0012573406
305608	0.003801304094
305609	0.0006010140041
305610	0.0006059823982
305611	0.0001474507736
305612	0.002097334831
305613	0.0004304105191
305614	0.0008317504704
305615	0.001603584212
305616	0.001245174719
305617	0.001555220207
305618	0.001292141436
305619	0.00329294328
305620	0.003929856934
305621	0.001541099796
305622	0.002605868134
305623	7.928297657e-05
305624	0.003563251928
305625	0.001529353075
305626	0.0007253993048
305627	0.000548043875
305628	0.0002601348721
305629	0.0028149884
305630	0.001146456302
305631	0.002069882413
305632	0.003072900665
305633	0.0005818086054
305634	0.009094004402
305635	0.001948796453
305636	0.0009991323815
305637	0.002497845518
305638	0.0009577503508
305639	0.0005990315493
305640	0.0001140703669
305641	0.001412654865
305642	0.004268652129
305643	0.001143375779
305644	0.0001436896545
305645	0.002400073285
305646	0.006191584498
305647	0.001688151591
305648	0.002016270723
305649	0.001933670142
305650	0.003771407084
305651	0.00260140922
305652	0.0006764191847
305653	0.003383767825
305654	0.0003217272316
305655	0.002736768721
305656	0.002114213919
305657	0.006310509063
305658	0.0009145223665
305659	0.005824559367
305660	0.00016359103
305661	0.0003490100228
305662	0.00160828679
305663	0.001931712614
305664	0.002657763038
305665	0.0009550901498
305666	0.004760055674
305667	0.007385252088
305668	0.0001582647262
305669	0.003058823353
305670	0.003001402832
305671	0.007032983196
305672	0.002257851996
305673	0.0001409067175
305674	0.0007877777541
305675	0.0006994787563
305676	0.000102666541
305677	0.0007943363676
305678	0.001449836357
305679	0.0007399396769
305680	0.0003005264473
305681	0.001518008154
305682	4.948191832e-05
305683	7.840276097e-05
305684	0.001201523332
305685	0.0003330015292
305686	0.0004942737925
305687	2.003000046e-05
305688	0.00334707182
305689	0.0001388980522
305690	2.461983989e-05
305691	0.0002729792835
305692	0.0015197976
305693	0.002903525154
305694	0.0009699344706
305695	0.003420341004
305696	0.005457645012
305697	0.001880818608
305698	0.001459762241
305699	0.0008709975025
305700	0.0002567421142
305701	0.001957864361
305702	0.002186549229
305703	0.001316665141
305704	0.002285832117
305705	0.0002735597713
305706	0.003400141902
305707	0.0004021594581
305708	0.0008546133064
305709	0.008673507968
305710	0.006000333061
305711	0.003548399173
305712	0.004212679222
305713	0.0003939842025
305714	0.001779256007
305715	0.002034307521
305716	0.001564107967
305717	0.002372312218
305718	0.002311704317
305719	0.001619887387
305720	0.0006386002878
305721	0.0009451368923
305722	0.002764142699
305723	0.001642996822
305724	0.001293007545
305725	0.0009791448535
305726	0.002881375945
305727	0.00273258466
305728	0.0009552775519
305729	0.003825785069
305730	0.003824511364
305731	0.003283842571
305732	0.003850531323
305733	0.0004383969397
305734	5.722052199e-06
305735	7.150298123e-05
305736	0.004533370332
305737	0.0009821178101
305738	0.001145004242
305739	0.002314894707
305740	0.001691791237
305741	0.00102012977
305742	0.00190606978
305743	0.0008129246528
305744	0.0005158060616
305745	0.000550281609
305746	0.0006381759222
305747	0.0007218971169
305748	0.0008084976205
305749	0.0005079689857
305750	0.0003174383298
305751	0.0007894543794
305752	0.006044238833
305753	0.001961536075
305754	0.006582850162
305755	0.002373578496
305756	0.004174809771
305757	0.001327862632
305758	0.001554629112
305759	6.81665104e-05
305760	0.0003522223784
305761	0.0001536733189
305762	0.0003226831727
305763	0.003402094865
305764	0.000998468795
305765	0.0008250749131
305766	0.001888325824
305767	0.00059853085
305768	0.0003820810407
305769	1.206425399e-05
305770	0.0005771018613
305771	0.0001019631228
305772	6.570437508e-05
305773	7.185259398e-05
305774	0.0006508678831
305775	0.0002766877873
305776	0.0005064875558
305777	0.0001594320337
305778	0.0002521352952
305779	0.0002122944013
305780	0.00520654747
305781	0.0001335934895
305782	0.0004073115639
305783	0.0002108204328
305784	0.001142616427
305785	1.87694848e-05
305786	2.316910791e-05
305787	0.0009378363263
305788	0.00148664844
305789	0.0003419832005
305790	1.445430193e-05
305791	0.001643801403
305792	0.001069547588
305793	0.0007977581368
305794	0.001340470457
305795	0.0008074826634
305796	0.0008635379678
305797	0.001062065894
305798	0.0005469235626
305799	0.0003871189423
305800	0.0005316144979
305801	0.0001416888252
305802	0.0006815792185
305803	0.004443332324
305804	0.001178133934
305805	0.0002012357256
305806	0.00252709371
305807	0.0005575060969
305808	0.001445136882
305809	0.001969372068
305810	0.0002501113647
305811	0.004087945293
305812	0.002198109694
305813	0.003863863638
305814	0.0008749892464
305815	1.450377413e-05
305816	0.0009232078726
305817	0.001274293276
305818	0.0003653624928
305819	0.001307262639
305820	0.002429687407
305821	0.003131136276
305822	0.00148353123
305823	0.004161165065
305824	0.003278488799
305825	8.325076123e-05
305826	0.0009992364962
305827	0.00664427265
305828	0.0009351540558
305829	0.0004617100404
305830	0.006026596077
305831	0.0003009246071
305832	0.001809012242
305833	0.00461754529
305834	0.004542585285
305835	0.002169573821
305836	0.00120310113
305837	0.0005931977687
305838	0.0005571119284
305839	0.0008969075959
305840	0.001145462602
305841	0.001100875727
305842	0.0002712819787
305843	0.0009216967803
305844	0.003611874217
305845	0.0004180401021
305846	0.0004462378861
305847	0.002811163635
305848	0.002637297054
305849	0.00515556669
305850	0.0004077278571
305851	0.003244109759
305852	0.0005365600308
305853	0.002255768865
305854	0.0004284920633
305855	0.00111206739
305856	0.003709679739
305857	0.001044002223
305858	0.001143922456
305859	0.001469423714
305860	0.00191406717
305861	4.45348858e-05
305862	0.0007184436737
305863	0.003603684541
305864	0.003472892717
305865	0.005699460605
305866	0.003691257611
305867	0.002601640689
305868	0.0006002366271
305869	0.001382609246
305870	0.005165742184
305871	0.004769470314
305872	0.002600871078
305873	0.001173938573
305874	0.002007868542
305875	0.003645503708
305876	0.0005114645142
305877	3.457694029e-05
305878	0.001635364966
305879	0.001294274327
305880	0.0004249308851
305881	0.001530593344
305882	0.0003073996364
305883	0.0002061958957
305884	2.598725587e-05
305885	0.0003959535704
305886	0.0005704778323
305887	0.000224572149
305888	0.002255442589
305889	0.002860623125
305890	0.0004231066408
305891	0.002728218733
305892	0.0007946357374
305893	0.001462600006
305894	0.0007537496433
305895	3.126686357e-05
305896	0.001362319864
305897	0.00142137284
305898	0.002335078933
305899	0.0005979554879
305900	0.000389406151
305901	0.0005024962053
305902	0.003177528587
305903	0.001578961163
305904	0.001970052369
305905	0.004645756723
305906	6.943726436e-05
305907	0.0002201199773
305908	0.0001882024275
305909	0.001256394723
305910	0.003895694441
305911	0.002456925348
305912	0.002466479162
305913	0.0006670170098
305914	0.001251994839
305915	0.0009630451858
305916	0.0007065344701
305917	0.0002649972935
305918	0.0001402914825
305919	0.005526976355
305920	0.001027924908
305921	0.0002169600207
305922	0.001452294495
305923	0.001184414536
305924	0.0004926437108
305925	0.0002846131004
305926	0.00396685974
305927	1.111802881e-05
305928	7.814687801e-05
305929	0.0008051544265
305930	0.00639948114
305931	0.00120536034
305932	0.002239266867
305933	0.000820530873
305934	0.007273880749
305935	0.0004057826785
305936	7.425751833e-06
305937	0.001245577238
305938	0.0005038616316
305939	0.004675755422
305940	0.0002872003622
305941	0.0008496710511
305942	0.00300153201
305943	0.001184026686
305944	0.002268151726
305945	0.0002318278473
305946	0.004575548433
305947	0.0004670531027
305948	0.003076878402
305949	0.0006564837383
305950	0.001779209384
305951	0.0002712408684
305952	0.0007774216273
305953	0.0006630837081
305954	0.0006719319213
305955	0.0001679483642
305956	0.004857120124
305957	0.00206609144
305958	0.0002028785581
305959	1.08284916e-05
305960	0.001034521054
305961	0.001103252032
305962	0.0009770581398
305963	0.002194216552
305964	0.003428017659
305965	0.003488606446
305966	0.000158885516
305967	0.0004267590392
305968	0.000240204478
305969	0.0001188650898
305970	0.0001486288498
305971	3.426569649e-05
305972	9.882900689e-05
305973	0.0001787230465
305974	0.0001118203914
305975	0.0001030741875
305976	2.588739834e-05
305977	8.287397425e-06
305978	0.0001847863161
305979	7.236186631e-05
305980	3.10766939e-06
305981	7.046805359e-05
305982	7.978245173e-05
305983	0.0005084597046
305984	2.205183984e-05
305985	8.428109426e-05
305986	4.799737958e-05
305987	9.852653717e-05
305988	0.000157809679
305989	5.002909811e-07
305990	0.0001123992166
305991	0.0001227935304
305992	0.0002016177301
305993	0.0002270809063
305994	0.0003554200239
305995	0.0001891545605
305996	0.0001037656038
305997	0.0001044906686
305998	0.0002116262327
305999	0.0002506207548
306000	0.000155664346
306001	0.0001889075694
306002	0.0001078236448
306003	1.852924632e-06
306004	0.0001966104918
306005	0.0002913807558
306006	4.198444128e-05
306007	6.585218516e-05
306008	0.0001503261101
306009	0.0002154071558
306010	0.0005499000102
306011	9.243923491e-05
306012	0.001583408543
306013	0.001666225149
306014	0.002126682029
306015	0.001508717965
306016	0.001639791123
306017	0.001633936636
306018	0.001526890015
306019	0.001337814152
306020	0.001554546466
306021	0.001636890159
306022	6.86262967e-05
306023	0.001580806095
306024	0.0005395141907
306025	0.001563372947
306026	0.00231852097
306027	0.0009429785764
306028	0.001964131476
306029	0.001229569845
306030	0.001711916091
306031	0.001455902362
306032	0.001639064703
306033	0.001335950814
306034	0.001617931522
306035	0.00151832675
306036	0.000253767949
306037	0.001260441436
306038	0.001647194602
306039	0.001685715818
306040	0.0011739845
306041	0.001701838713
306042	0.001551727642
306043	0.001584035507
306044	0.001423789723
306045	0.001091897667
306046	0.001576254333
306047	0.001150585695
306048	0.001417693942
306049	0.001449009363
306050	0.001736811062
306051	0.001680735313
306052	0.001458270003
306053	0.001574661627
306054	0.001473815426
306055	0.001637997279
306056	0.001590601717
306057	0.001483237273
306058	0.001547221423
306059	0.00127377708
306060	0.003324883812
306061	0.001694945101
306062	0.001164312302
306063	0.001657120667
306064	0.001561238808
306065	0.001687879527
306066	0.001830004679
306067	0.00235080564
306068	0.001601226986
306069	0.001521903587
306070	0.001611504043
306071	0.001446419515
306072	0.001649862423
306073	0.001416142672
306074	0.001413778041
306075	0.001489414847
306076	0.0002891638877
306077	0.001759130323
306078	0.00207929025
306079	0.0005446140219
306080	0.0002146912519
306081	0.0003033854099
306082	0.0007936077909
306083	0.0006901238683
306084	0.0002588663158
306085	0.0003426759387
306086	0.0002319408963
306087	0.0001453624647
306088	0.0002616763484
306089	0.0001462244422
306090	6.087527503e-05
306091	0.0005452956755
306092	0.0001624285386
306093	2.606985597e-05
306094	0.0007816607485
306095	0.001207071206
306096	5.543521578e-05
306097	0.0001901139546
306098	0.0002308204428
306099	0.0008273884099
306100	0.0002544260737
306101	0.0002683504048
306102	0.0002569429369
306103	0.0002743366931
306104	0.001616498278
306105	0.0003424395865
306106	0.0001255072211
306107	0.0001303640292
306108	0.000430120262
306109	0.0002055933789
306110	7.91822422e-05
306111	0.0001539649734
306112	0.0006014363558
306113	0.0008098901671
306114	0.0006365187973
306115	0.0002278178861
306116	0.0002445170823
306117	0.001468546684
306118	0.001596952602
306119	0.002212272821
306120	0.001060623412
306121	0.001274374423
306122	0.001657171169
306123	0.001577016124
306124	0.001326652388
306125	0.00207326847
306126	0.0013136265
306127	0.001977709449
306128	0.001279148502
306129	0.001303340601
306130	0.001758796749
306131	0.001606691641
306132	0.001981781472
306133	0.001491795692
306134	0.001549865969
306135	0.001625167937
306136	0.001245042761
306137	0.001514464595
306138	0.001469401162
306139	0.001579790061
306140	0.001646574749
306141	0.001669048654
306142	0.001620146436
306143	0.001573535384
306144	0.001626940699
306145	0.001975945761
306146	0.001632739301
306147	0.001611333392
306148	0.001682248185
306149	0.001542829133
306150	0.0007696477265
306151	0.001437410159
306152	8.021054393e-05
306153	0.001602834783
306154	0.001548816232
306155	0.00149689942
306156	0.003685519461
306157	0.003499323927
306158	0.003684243438
306159	0.003448981067
306160	0.003695390226
306161	0.00347711994
306162	0.003489556092
306163	0.00367300408
306164	0.00372645203
306165	0.00364965645
306166	0.003543001503
306167	0.003552635025
306168	0.003640159617
306169	0.003443780916
306170	0.003510599176
306171	0.003603433969
306172	0.002861472261
306173	0.003424223142
306174	0.003695427532
306175	0.003716558334
306176	0.003691970979
306177	0.003743582605
306178	0.003471165587
306179	0.00339243762
306180	0.002221698296
306181	0.003696162746
306182	0.003647978163
306183	0.003742370749
306184	0.003631288381
306185	0.003636108067
306186	0.003683766794
306187	0.003516865864
306188	0.003464585275
306189	0.003369998699
306190	0.003667231098
306191	0.003538277598
306192	0.00378439166
306193	0.003421680731
306194	0.003441652088
306195	0.00359333364
306196	0.002521882609
306197	0.001614838163
306198	0.002582075405
306199	0.002409438658
306200	0.001965247828
306201	0.002718006542
306202	0.00267242713
306203	0.002597943889
306204	0.002426760806
306205	0.00230856293
306206	0.002390464035
306207	0.002014584773
306208	0.002275977837
306209	0.002490343636
306210	0.002578179894
306211	0.002680797304
306212	0.002599865153
306213	0.002520565576
306214	0.002439851501
306215	0.003104496362
306216	0.001946426526
306217	0.002389709013
306218	0.002412676453
306219	0.002646305619
306220	0.002397340931
306221	0.002413716561
306222	0.00244565015
306223	0.002371665681
306224	0.002543204274
306225	0.002646405393
306226	0.002394953195
306227	0.00240240331
306228	0.002878810438
306229	0.002435859412
306230	0.00232458917
306231	0.002514936236
306232	0.002569825123
306233	0.002646897737
306234	0.001800348497
306235	0.001324135501
306236	0.001822715371
306237	0.002005518569
306238	0.002465598704
306239	0.001835216009
306240	0.001531667301
306241	0.001729711531
306242	0.001541921421
306243	0.001766469217
306244	0.002040864197
306245	0.001769297369
306246	0.001881820722
306247	0.001899190531
306248	0.001249215925
306249	0.001720313243
306250	0.0009557746508
306251	0.001765215362
306252	0.001804983881
306253	0.001747127991
306254	0.001812108248
306255	0.001765452555
306256	0.001815452122
306257	0.001653508908
306258	0.001390302657
306259	0.001930383888
306260	0.001941506929
306261	0.00174905079
306262	0.002126122296
306263	0.001981905457
306264	0.001735444058
306265	0.001949501262
306266	0.001643274879
306267	0.001784785585
306268	0.001844365327
306269	0.001989580904
306270	0.001414181285
306271	0.001920401313
306272	0.001338501516
306273	0.001100743587
306274	0.0007103335993
306275	0.0007865561515
306276	0.001360014945
306277	0.00140605709
306278	0.001492319179
306279	0.001457100607
306280	0.0004208611113
306281	0.000987658188
306282	0.001380764735
306283	0.001275802618
306284	0.00142962104
306285	0.001227693029
306286	0.001553702438
306287	0.001191806942
306288	0.001219105171
306289	0.001173918282
306290	0.0014147534
306291	0.001307234105
306292	0.001161866764
306293	0.0008333848427
306294	0.001469414125
306295	0.001250538015
306296	0.0005267563483
306297	0.001239242633
306298	0.001416569986
306299	0.001411655218
306300	0.001231594774
306301	0.0007796087929
306302	0.0018120006
306303	0.0007941631237
306304	0.001299881973
306305	0.001191713865
306306	0.001316210575
306307	0.00137309756
306308	0.001447555057
306309	0.001230966145
306310	0.001395586015
306311	0.001081860069
306312	0.0007839822803
306313	0.0009499434657
306314	0.001275026392
306315	0.001252945743
306316	0.001053117266
306317	0.001276252136
306318	0.001248046341
306319	0.0003520739433
306320	0.001190200232
306321	0.001120863061
306322	0.001226212674
306323	0.001393028056
306324	0.001364022405
306325	0.0005744060514
306326	0.00129567649
306327	0.0008002533115
306328	0.0009388141828
306329	0.0004605160508
306330	0.0009192024135
306331	0.0008970326455
306332	0.001065845417
306333	0.001145639692
306334	0.001024549808
306335	0.001085730539
306336	0.001651803788
306337	0.001105607873
306338	0.0007354850331
306339	0.001089091281
306340	0.0009076951578
306341	3.969242578e-05
306342	0.0008895853568
306343	0.0008503671248
306344	0.0007179735934
306345	0.0008927211504
306346	0.0006583440521
306347	0.0008160329161
306348	0.0008924817358
306349	0.0009008682705
306350	0.0007535552642
306351	0.0006272351424
306352	0.0009347635297
306353	0.001043458014
306354	0.0008774532905
306355	0.0008655653425
306356	0.001205934735
306357	0.0009506585314
306358	0.0006224597325
306359	0.0009441167088
306360	0.001112797494
306361	0.0004566657073
306362	0.001123324874
306363	0.0007908037644
306364	0.0009136671524
306365	0.001345653848
306366	0.0006106292534
306367	0.0007648337744
306368	0.0009765566546
306369	0.0008398104701
306370	0.0008544913629
306371	0.0008272445142
306372	0.0009018144595
306373	0.0008264324317
306374	0.0001289115836
306375	0.0008083184285
306376	0.0009798085969
306377	0.001373073155
306378	0.0008010436156
306379	0.00031514136
306380	0.0004619461514
306381	0.000431605552
306382	0.0003729308326
306383	0.0003903467183
306384	0.0004068855154
306385	0.0004770776484
306386	0.0003408076501
306387	0.0003141064937
306388	0.0005063336754
306389	0.0003657909189
306390	0.0006927259516
306391	0.0002799623177
306392	0.0003990784359
306393	0.0003257180518
306394	0.0002163246428
306395	0.00101612602
306396	0.0004456959057
306397	0.0005313114302
306398	0.0001276228774
306399	0.0001724326033
306400	0.0002578331495
306401	0.0003530220256
306402	0.0003999261699
306403	0.000391194652
306404	0.0004632987963
306405	0.0003872686988
306406	0.0006786618718
306407	0.0003856958829
306408	0.0003137356701
306409	0.00037147034
306410	0.0009101636428
306411	6.310463552e-05
306412	0.0005491895587
306413	0.0004257418426
306414	0.0003468532995
306415	0.0004092451317
306416	0.000413528051
306417	0.0004317382405
306418	0.0003685988168
306419	0.0004357274297
306420	0.0003816631228
306421	0.001799749112
306422	0.002175695812
306423	0.001811552263
306424	0.001740259891
306425	0.001883738367
306426	0.001912100291
306427	0.001976005567
306428	0.001936412239
306429	0.001933590843
306430	0.001834676255
306431	0.002063546112
306432	0.0012776999
306433	0.001593489973
306434	0.001661367563
306435	0.001870637679
306436	0.002136198748
306437	0.002067362621
306438	0.002013193274
306439	0.001832743493
306440	0.002111247139
306441	0.001793537857
306442	0.001758558906
306443	0.001801743829
306444	0.001845387891
306445	0.0009133012346
306446	0.001177514479
306447	0.001504666382
306448	0.001969116651
306449	0.001875767792
306450	0.001834686977
306451	0.001953146363
306452	0.001946519333
306453	0.001889200996
306454	0.001249237162
306455	0.002078380229
306456	0.0009466223507
306457	0.001908643889
306458	0.00140012903
306459	0.001549952222
306460	0.002047216493
306461	0.001208246178
306462	0.001796081819
306463	0.00191031125
306464	0.001915416176
306465	0.001642293506
306466	0.001464002386
306467	0.002065205955
306468	0.001839921447
306469	0.00157483697
306470	0.001896388094
306471	0.002195935238
306472	0.001879927766
306473	0.001717892814
306474	0.001815178179
306475	0.001385074192
306476	0.001909854285
306477	0.0001546834418
306478	0.001892242541
306479	0.003058233194
306480	0.003025586194
306481	0.002331272708
306482	0.002513800482
306483	0.003075177151
306484	0.003527599965
306485	0.002309928135
306486	0.002792389114
306487	0.002896800538
306488	0.003165406668
306489	0.003038439194
306490	0.002928560346
306491	0.002984234837
306492	0.003200089836
306493	0.002592692311
306494	0.002490350765
306495	0.003049402548
306496	0.00305882213
306497	0.003062248144
306498	0.002787551664
306499	0.003033040742
306500	0.003347783902
306501	0.003650364432
306502	0.003083982045
306503	0.003019624154
306504	0.003213990299
306505	0.002160979039
306506	0.00262730177
306507	0.0029785244
306508	0.003003543039
306509	0.0005870216804
306510	0.0008919518058
306511	0.0009141967731
306512	0.0007064107388
306513	0.0004418960285
306514	0.0003647570071
306515	0.0002631613967
306516	0.000492527284
306517	0.0005634218459
306518	0.0007728168303
306519	0.0008495007769
306520	0.0005749290089
306521	0.0006746068073
306522	0.0006313870522
306523	0.00139327129
306524	0.0009956929208
306525	5.403837501e-05
306526	6.56150535e-05
306527	0.0005910678258
306528	0.0006407709551
306529	0.0003564647898
306530	0.0007267842892
306531	0.0006133839337
306532	0.0001453196718
306533	0.0006989081363
306534	0.0005781835973
306535	0.0007307471567
306536	0.0007251063296
306537	0.0007466286112
306538	0.0007475992273
306539	0.001139815962
306540	0.0009240357858
306541	0.0005933047771
306542	0.001301796487
306543	0.000821028601
306544	0.001225489192
306545	0.0007363571525
306546	0.0008092567665
306547	0.0004886190225
306548	0.0008700605165
306549	0.0008590031623
306550	0.001593554016
306551	0.001463691192
306552	0.001687705599
306553	0.001612961093
306554	0.001599747981
306555	0.00137207814
306556	0.001340428013
306557	0.001192277856
306558	0.0008556911349
306559	0.001586099972
306560	0.001584201898
306561	0.0014615126
306562	0.001621005119
306563	0.001132374938
306564	0.00146117182
306565	0.001845030328
306566	0.001783130587
306567	0.001628125588
306568	0.001636615562
306569	0.00197925134
306570	0.00209295111
306571	0.001246069248
306572	0.001586304616
306573	0.001624959832
306574	0.001336379955
306575	0.001575586537
306576	0.001333070958
306577	0.001628989499
306578	0.0008805302379
306579	0.001699507461
306580	0.00190844692
306581	0.002340799058
306582	0.001040555097
306583	0.001476049772
306584	0.001695405639
306585	0.002081079764
306586	0.002030064224
306587	0.001752132922
306588	0.001407493737
306589	0.001867925088
306590	0.001720534761
306591	0.001823753013
306592	0.00151422935
306593	0.001631630479
306594	0.0006449240331
306595	0.0005881736518
306596	0.0002021431512
306597	0.0004433641564
306598	0.0004987329967
306599	0.0005479916117
306600	0.0006430128957
306601	0.0006893898928
306602	0.0005960597787
306603	0.0005237610489
306604	0.0009680995188
306605	0.001754665435
306606	0.0003801073077
306607	0.0009310430495
306608	0.0006305510657
306609	0.0008206774654
306610	0.001159535945
306611	0.0006036854995
306612	0.0006152187688
306613	0.0002531744884
306614	0.0001627934363
306615	0.0004200268224
306616	0.000580863643
306617	0.0008325315792
306618	0.001036821717
306619	0.0010322267
306620	0.0003761068939
306621	0.001071108238
306622	0.0006360015812
306623	0.0007438527316
306624	0.0006521324283
306625	0.0005689903217
306626	0.0007366671608
306627	0.0006156548857
306628	0.0006103082389
306629	0.0005979790394
306630	0.0006032110061
306631	0.0003956660326
306632	0.0006325704852
306633	0.0006493049308
306634	0.001607813681
306635	0.00156260357
306636	0.001838864493
306637	0.001686201515
306638	0.001654292329
306639	0.001920127636
306640	0.0011458731
306641	0.001589624512
306642	0.00172946829
306643	0.001571959542
306644	0.001277799499
306645	0.001439730354
306646	0.001855448021
306647	0.001456095622
306648	0.001552436225
306649	0.001698136701
306650	0.001887202405
306651	0.001550793403
306652	0.001576439504
306653	0.001601403307
306654	0.001603131156
306655	0.001589117013
306656	0.00160979762
306657	0.001507788109
306658	0.00160241197
306659	0.001673052993
306660	0.0009211701188
306661	0.001636373857
306662	0.001548118224
306663	0.001900391697
306664	0.001795495337
306665	0.001438928452
306666	0.001171650011
306667	0.00145795436
306668	0.001140914493
306669	0.001404200003
306670	0.001627949185
306671	0.001652955721
306672	0.001554069967
306673	0.001606171939
306674	0.001469071027
306675	0.001656001449
306676	0.001634585025
306677	0.001003088509
306678	0.0006407311442
306679	0.00126932923
306680	0.001471983478
306681	0.001513595275
306682	0.001589138019
306683	0.001648338801
306684	0.001675897125
306685	0.001717414129
306686	0.001775973476
306687	0.001252472578
306688	0.001461885582
306689	0.001719656926
306690	0.001562528766
306691	0.001591006836
306692	0.001257177376
306693	0.001502949642
306694	0.001687901776
306695	0.002890607649
306696	0.002924732544
306697	0.003115697107
306698	0.00298791053
306699	0.003053728104
306700	0.002912582077
306701	0.003155362658
306702	0.003070934556
306703	0.003034420132
306704	0.002793203263
306705	0.002927283321
306706	0.002890705323
306707	0.002877371136
306708	0.003466121716
306709	0.002824372328
306710	0.002744003146
306711	0.002969376402
306712	0.002612699486
306713	0.002977171087
306714	0.002825922174
306715	0.002899634734
306716	0.002973711589
306717	0.002775100964
306718	0.002925845747
306719	0.002941836629
306720	0.002779640252
306721	0.003020172712
306722	0.003475535771
306723	0.003347141236
306724	0.002946533241
306725	0.003295905726
306726	0.002863708902
306727	0.00306340618
306728	0.002308952047
306729	0.00294690744
306730	0.00269635932
306731	0.003099334421
306732	0.002867581538
306733	0.00240387317
306734	0.002912598546
306735	0.00262320253
306736	0.002564737035
306737	0.002496088497
306738	0.001745483667
306739	0.00300180342
306740	0.001274174415
306741	0.001117349478
306742	0.0009010779352
306743	0.00169464787
306744	0.001485286056
306745	0.001355303377
306746	0.001427047694
306747	0.001271041683
306748	0.001508595063
306749	0.00141377464
306750	0.001351370021
306751	0.0009716077366
306752	0.001306265201
306753	0.001225913315
306754	0.001309897927
306755	0.001220030951
306756	0.001368363141
306757	0.0008242015833
306758	0.001263752713
306759	0.001358019256
306760	0.001106435909
306761	0.001359981716
306762	0.001358805205
306763	0.001182497938
306764	0.001303889406
306765	0.001133515352
306766	0.00167084289
306767	0.00121962954
306768	0.001333563355
306769	0.001428108651
306770	0.001090449697
306771	0.001371780778
306772	0.001314589677
306773	0.001388974614
306774	0.001241533503
306775	0.001306594811
306776	0.001384818656
306777	0.001275579526
306778	0.0009380784849
306779	0.001449028163
306780	0.001481224225
306781	0.001239735878
306782	0.001013194728
306783	0.002381054256
306784	0.001052947542
306785	0.001478603572
306786	0.001235363108
306787	0.0007314253729
306788	0.001001343284
306789	0.00113385882
306790	0.0009973582366
306791	0.001437430952
306792	0.001056955173
306793	0.001225961178
306794	0.0002595831595
306795	0.0009013633119
306796	0.001115351765
306797	0.0009183148514
306798	0.0008507761367
306799	0.000948840455
306800	0.000925870908
306801	0.001197882511
306802	0.0009329929928
306803	0.0009478091042
306804	0.0008058424097
306805	0.0009438822726
306806	0.000710577157
306807	0.001989597058
306808	0.0006136169671
306809	0.0008541190406
306810	0.0009650970999
306811	0.001761906191
306812	0.0006263018461
306813	0.001096934132
306814	0.001046289719
306815	0.0006233937724
306816	0.001466850037
306817	0.001073916039
306818	0.0009191154409
306819	0.001018294914
306820	0.0006199337287
306821	0.001145253695
306822	0.001107579655
306823	0.001171677403
306824	0.001422492763
306825	0.001039493688
306826	0.0009096674284
306827	0.001036531896
306828	0.001968445917
306829	0.001053202873
306830	0.0007400967724
306831	0.001187896732
306832	0.0007124471988
306833	0.0009702079574
306834	0.001085105945
306835	0.00143665433
306836	0.001170429122
306837	0.001105487904
306838	0.0007363943155
306839	0.001233113528
306840	0.001272151289
306841	0.001574933077
306842	0.001362885667
306843	0.001061248167
306844	0.0003907436693
306845	0.001688629945
306846	0.001202029846
306847	0.001688571752
306848	0.001714169339
306849	0.001678865907
306850	0.001610966692
306851	0.001849723415
306852	0.001321276146
306853	0.00140396259
306854	0.001550866828
306855	0.001363206691
306856	0.001667023747
306857	0.001588669955
306858	0.002224692766
306859	0.001534843201
306860	0.001582118824
306861	0.002129332451
306862	0.001305820136
306863	0.00147277753
306864	0.001614391706
306865	0.001398144654
306866	0.001502740614
306867	0.001681274744
306868	0.001501044538
306869	0.001198264401
306870	0.001729402634
306871	0.0006514457884
306872	0.001356317569
306873	0.001335739897
306874	0.001078220217
306875	0.001497165559
306876	0.001806351726
306877	0.0005985380572
306878	0.001364227946
306879	0.001653419461
306880	8.599970852e-05
306881	0.0003792081492
306882	0.0002128631635
306883	0.0001399828399
306884	8.337334582e-05
306885	3.068361846e-05
306886	0.0001866819256
306887	1.667712881e-05
306888	3.410627037e-05
306889	0.0009946217465
306890	4.114379719e-05
306891	7.193183674e-05
306892	0.0008039806265
306893	0.0004198571195
306894	2.154620384e-05
306895	0.000261056104
306896	0.0001072578232
306897	4.380437795e-05
306898	0.0005527374224
306899	0.0004740120961
306900	0.001046503645
306901	0.0007473082933
306902	0.0003310395396
306903	0.000484193553
306904	0.0007555089496
306905	0.0005607652443
306906	0.0004500254625
306907	0.0006392973079
306908	0.0008981202398
306909	0.0009022273631
306910	0.0005930702316
306911	0.0003804636679
306912	0.000780846647
306913	0.0002450345407
306914	0.0006359847451
306915	0.001078021605
306916	0.0003253062361
306917	0.000340410951
306918	0.0004403141124
306919	0.000959951556
306920	0.0005892128367
306921	0.0005377290521
306922	0.000687388944
306923	0.0006491973417
306924	0.0007744384539
306925	0.0008016953194
306926	0.0004758582432
306927	0.001116794013
306928	0.0006830448503
306929	0.0002832540228
306930	0.0007676832199
306931	0.0008166932749
306932	0.0007569762241
306933	0.001042173096
306934	0.0007828812639
306935	7.136857311e-05
306936	0.0002962453893
306937	0.000929508058
306938	0.0002449137513
306939	0.0001069658447
306940	0.0002858396346
306941	0.0002616703398
306942	0.0007736328747
306943	0.0009014933037
306944	0.0001006485812
306945	0.0002929254623
306946	0.0001318002278
306947	8.420470366e-05
306948	0.0001151740997
306949	9.884693086e-05
306950	0.0003948130785
306951	0.0001150824678
306952	0.0002698715502
306953	7.119072886e-05
306954	9.930995287e-05
306955	0.0001975288419
306956	0.0002549256637
306957	0.000220492624
306958	0.000270370657
306959	8.124810321e-05
306960	0.0001771508168
306961	0.0001283161039
306962	0.0001318270972
306963	0.0003378291923
306964	0.0002585426784
306965	0.0001318756414
306966	4.651377837e-05
306967	0.000529031829
306968	8.472619986e-05
306969	0.000180001654
306970	0.0005717872171
306971	0.0003117837316
306972	0.0003495001631
306973	0.0008038021541
306974	0.0004686319595
306975	0.0001944411519
306976	5.402051662e-05
306977	8.625438502e-05
306978	0.0001655236909
306979	0.0002560218234
306980	1.315958499e-06
306981	7.49744224e-06
306982	0.0001148428462
306983	0.0001786293254
306984	0.000320838565
306985	8.681491302e-05
306986	0.0002962474181
306987	0.000388428545
306988	8.689686243e-05
306989	0.0001053804262
306990	0.0001280149699
306991	0.000261324755
306992	8.282729234e-05
306993	8.927115707e-06
306994	0.0005342146426
306995	7.796039319e-05
306996	0.0001023077225
306997	0.0002010326752
306998	0.000412542607
306999	8.940137573e-05
307000	5.303759726e-05
307001	0.0003254284889
307002	7.826037732e-05
307003	0.0001562248166
307004	0.0002878079952
307005	0.0002423945844
307006	0.0001670732449
307007	7.3716439e-05
307008	6.812464144e-05
307009	6.352516379e-05
307010	0.0001482980324
307011	0.0001843235555
307012	8.750348814e-05
307013	0.0001440601362
307014	0.0002459664593
307015	0.0002093707946
307016	4.95186706e-05
307017	6.770746694e-05
307018	0.0001712584358
307019	0.000102602911
307020	0.0001800465732
307021	0.00147172601
307022	0.001286569269
307023	0.001321776271
307024	0.001484889372
307025	0.001270103126
307026	0.001213723783
307027	0.001152607131
307028	0.001321460804
307029	0.001111381564
307030	0.001654736536
307031	0.001561469573
307032	0.001451071377
307033	0.002123199584
307034	0.001493741325
307035	0.001526556528
307036	0.001312598557
307037	0.001356041445
307038	0.001361419037
307039	0.001349844046
307040	0.001396916803
307041	0.001441095743
307042	0.001396453216
307043	0.001603610921
307044	0.001526203121
307045	0.001429466744
307046	0.001481509683
307047	0.001623938177
307048	0.001271610035
307049	0.001526296675
307050	0.001370811374
307051	0.001541823832
307052	0.00141350913
307053	0.0003268039301
307054	0.0008010340198
307055	0.000268882234
307056	8.274219162e-05
307057	0.0003222132081
307058	0.0005907691384
307059	0.0003355173414
307060	0.0003048811116
307061	0.000211386189
307062	0.0009797737219
307063	0.0002414213029
307064	0.0002228639976
307065	0.0002905186142
307066	0.0002483791219
307067	0.0001856424983
307068	0.0004971146053
307069	0.0006281549991
307070	0.001097936447
307071	0.0005397705535
307072	0.0004252984291
307073	0.0004745795146
307074	0.0002941984027
307075	0.0002941536992
307076	0.0002443907151
307077	0.0002895389044
307078	0.0002709242543
307079	0.0002586598906
307080	0.0002492596948
307081	0.0002483702438
307082	0.0002730423869
307083	0.0002742780921
307084	0.0002907840943
307085	0.0002476336222
307086	0.0002514324325
307087	0.0002733468087
307088	0.0002508080606
307089	0.0002742568713
307090	0.0002328150768
307091	0.0002758043945
307092	7.741491372e-05
307093	0.0002707293115
307094	0.0002615372522
307095	0.0002442957435
307096	0.0002787398078
307097	0.0002700564627
307098	0.0002705140945
307099	0.000285139289
307100	0.0002234248161
307101	0.0002327940408
307102	0.0002646108313
307103	0.0002701198365
307104	0.000270335597
307105	0.0002818898438
307106	0.0002506652753
307107	0.0002554325996
307108	0.000261826657
307109	0.0002678307048
307110	0.00025977854
307111	0.0002471769611
307112	0.0002295844624
307113	0.0002108875107
307114	0.000253079487
307115	0.0002475735831
307116	0.0002395048686
307117	0.0002440402594
307118	0.0002486089854
307119	0.0002712897495
307120	0.0002709573751
307121	0.0003083996051
307122	0.0002507504337
307123	0.000288931403
307124	0.0002820939958
307125	0.0002407184366
307126	0.0003225111957
307127	0.0002610847841
307128	0.0002820652481
307129	9.978553251e-05
307130	0.0002455439743
307131	0.0002705998232
307132	0.000268538181
307133	0.001542194061
307134	0.002349200889
307135	0.001367886398
307136	0.001826601981
307137	0.001738675217
307138	0.001578178671
307139	0.001806063174
307140	0.001693415335
307141	0.001754596536
307142	0.002479775649
307143	0.001632995237
307144	0.001699603066
307145	0.001349957709
307146	0.00164028379
307147	0.001488478936
307148	0.001447686446
307149	0.001537689844
307150	0.0016093529
307151	0.0012901261
307152	0.001549968965
307153	0.00160013513
307154	0.001811122804
307155	0.001805178748
307156	0.001593296048
307157	0.001630970447
307158	0.001562122588
307159	0.001484940992
307160	0.001550053341
307161	0.001605751225
307162	0.001550685788
307163	0.001615151296
307164	0.00166854456
307165	0.0009665861779
307166	0.001711019872
307167	0.00161464986
307168	0.001682367193
307169	0.001514945963
307170	0.001204320428
307171	0.001429098747
307172	0.001609468726
307173	0.001678779289
307174	0.0009661901673
307175	0.00112069936
307176	0.001654054723
307177	0.001591801557
307178	0.001656508207
307179	0.001657807926
307180	0.001725484826
307181	0.001876937561
307182	0.001660515434
307183	0.001697861121
307184	0.001746692835
307185	0.001630107644
307186	0.00197366471
307187	0.0004912005914
307188	0.0009261718955
307189	0.001711433925
307190	0.001666039882
307191	0.001643937006
307192	0.001634820678
307193	0.001642753583
307194	0.001515244291
307195	0.001632859694
307196	0.0006884847152
307197	0.001032818975
307198	0.0006327005259
307199	6.081147207e-05
307200	0.0003700661065
307201	0.0006796965234
307202	0.0002364020898
307203	0.0005971114166
307204	0.001227810815
307205	0.001586453859
307206	0.0008026060278
307207	0.000477938049
307208	0.0007252116931
307209	0.0006460701918
307210	0.0007779892771
307211	0.0007765310179
307212	0.0005691128894
307213	0.0004818530977
307214	0.0005768488641
307215	0.0005082986779
307216	0.0006861654774
307217	0.0003459165048
307218	0.0003440232876
307219	0.0005040873739
307220	0.0005984340603
307221	0.0002535705072
307222	0.000621441124
307223	0.0007059392565
307224	0.0008859319374
307225	0.0008147739332
307226	0.0007563116089
307227	0.0006934771708
307228	0.0007745840057
307229	0.0006568510262
307230	5.169443118e-06
307231	5.264662165e-05
307232	0.0006360702816
307233	0.0006637847873
307234	0.000723049789
307235	0.001150871416
307236	0.001155485402
307237	9.909076746e-05
307238	0.000457811324
307239	0.001013251574
307240	0.001165045732
307241	0.001286870246
307242	0.001272577331
307243	0.001191950253
307244	0.001362732505
307245	0.001285777324
307246	0.0001379686602
307247	0.001295854582
307248	0.002042217451
307249	0.001403589961
307250	0.001014342548
307251	0.001363848679
307252	0.002621564332
307253	0.0001118986202
307254	0.0006112539431
307255	0.006147492705
307256	0.003928631745
307257	0.000491343058
307258	0.003266264132
307259	0.001251716367
307260	0.002453602921
307261	0.002073782953
307262	1.773653125e-05
307263	0.002599269295
307264	0.001865520482
307265	0.000550684961
307266	0.0004645439673
307267	0.0009157224364
307268	0.00168579548
307269	0.004778883262
307270	0.002241720722
307271	0.004173711035
307272	0.001567572454
307273	0.001877437084
307274	0.005206960961
307275	0.0005119502235
307276	0.001305522166
307277	0.003615427824
307278	0.003436035558
307279	0.001942117971
307280	0.0001456180391
307281	0.003320478215
307282	0.0001018072619
307283	8.086572936e-05
307284	0.0003797605884
307285	0.0002208277987
307286	0.0009283938938
307287	0.006313150942
307288	0.001109047184
307289	0.0001467710881
307290	5.192444415e-05
307291	7.664647558e-06
307292	0.003636460837
307293	0.0007041550362
307294	0.0004345770931
307295	0.0002159644544
307296	4.342217732e-05
307297	5.392114298e-05
307298	0.0001532810846
307299	0.00014328596
307300	0.001113821048
307301	2.781576561e-05
307302	0.0005377710389
307303	0.0013160238
307304	9.209384117e-05
307305	0.001182275153
307306	0.0001630790389
307307	4.50944574e-05
307308	0.0003616120171
307309	0.0005038934826
307310	0.002528608036
307311	0.0008692181693
307312	0.0004067708734
307313	7.085657967e-05
307314	0.0005242580642
307315	0.0001511717627
307316	0.000246582028
307317	0.001263924946
307318	8.109438655e-06
307319	0.0004289528864
307320	9.84353194e-05
307321	0.001317356801
307322	0.0004893950415
307323	0.0006033430455
307324	0.005229997562
307325	0.001413170517
307326	0.0003054149522
307327	0.00066038851
307328	0.0001640417022
307329	0.0001880495462
307330	0.0007198938603
307331	0.0007557491216
307332	0.003242629462
307333	0.0003799707367
307334	0.0005688066027
307335	0.003987261451
307336	0.001132179907
307337	0.005647714497
307338	0.004047253497
307339	0.00244176908
307340	0.001259386311
307341	0.001419352937
307342	0.0008413399536
307343	0.001302489409
307344	0.001043205664
307345	4.128969976e-06
307346	0.00022130428
307347	5.689181399e-05
307348	0.0005397151866
307349	0.001000522394
307350	0.0006052389866
307351	0.0004248618457
307352	0.000261717443
307353	9.88530087e-05
307354	0.003569088516
307355	0.0003299588918
307356	0.002952650702
307357	0.00139255188
307358	0.0004349263366
307359	0.0002318102124
307360	0.00442253147
307361	0.0009412311121
307362	0.0002068855948
307363	0.00345941806
307364	0.0008275540935
307365	2.79657191e-05
307366	2.17002325e-05
307367	0.0002623795058
307368	0.0001980450217
307369	0.0004493346939
307370	3.264388121e-05
307371	3.889442798e-05
307372	6.002883172e-05
307373	9.298918617e-05
307374	7.065552513e-05
307375	0.0001577853955
307376	0.002470171344
307377	0.0001384206386
307378	0.002609911306
307379	0.001414222981
307380	0.0001034674993
307381	0.002727268768
307382	9.857294472e-05
307383	0.001029875664
307384	0.0005395544743
307385	0.001395062413
307386	0.0002818946823
307387	0.001701618294
307388	0.001668844143
307389	0.0008355562161
307390	0.000461206734
307391	0.001745353958
307392	0.001906697258
307393	0.001454936017
307394	0.001107726779
307395	0.001733339387
307396	0.0001241600271
307397	0.0006574824365
307398	0.001857022712
307399	0.0001897613728
307400	0.001517776525
307401	0.00154341657
307402	0.002000377304
307403	0.001896619482
307404	0.001920883682
307405	0.001744920302
307406	0.001882011499
307407	0.003385714801
307408	0.001849061361
307409	0.001998581381
307410	0.002708461345
307411	0.002096418848
307412	0.002248341558
307413	0.002149544602
307414	0.003462190942
307415	0.001973833063
307416	0.002096676611
307417	0.001962714855
307418	0.0021487027
307419	0.001955093524
307420	0.00233612292
307421	0.001905193493
307422	0.002221106425
307423	0.001864608818
307424	0.002148587779
307425	0.002141878731
307426	0.002091830784
307427	0.00198120404
307428	0.002003815877
307429	0.002047555554
307430	0.002198283205
307431	0.002066572723
307432	0.002307497515
307433	0.002023583761
307434	0.003751883991
307435	0.001896782586
307436	0.002144809878
307437	0.002047773814
307438	0.002110143066
307439	0.002179169322
307440	0.00203016733
307441	0.00207056211
307442	0.001882766846
307443	0.002113678163
307444	0.002392578535
307445	0.002065134241
307446	0.002015629567
307447	0.00220968818
307448	0.00209773336
307449	0.001625326801
307450	0.001449732192
307451	0.001904293376
307452	0.002533872104
307453	0.002023203558
307454	0.002162405753
307455	0.002200353965
307456	0.002203738161
307457	0.002051622832
307458	0.002197361998
307459	0.001962187834
307460	0.002057332727
307461	0.00200379312
307462	0.002008285334
307463	0.001858597123
307464	0.002181009846
307465	0.002073831281
307466	0.002291330387
307467	0.00184082834
307468	0.002345081277
307469	0.001874507995
307470	0.002026668686
307471	0.001822352782
307472	0.002141213111
307473	0.001978878875
307474	0.001633806159
307475	0.002202013263
307476	0.001762138316
307477	0.001684302001
307478	0.00229133161
307479	0.002180024707
307480	0.002108101498
307481	0.002148804171
307482	0.001912192065
307483	0.002062770458
307484	0.002111203368
307485	0.00219345098
307486	0.001971882519
307487	0.002283839959
307488	0.002244994926
307489	0.002327880777
307490	0.00176201141
307491	0.002121705647
307492	0.001977451308
307493	0.001723336042
307494	0.002237280033
307495	0.002206194134
307496	0.002161533131
307497	0.002373552608
307498	0.001961778088
307499	0.002264511264
307500	0.002201589596
307501	0.00221384373
307502	0.002200123945
307503	0.001995490807
307504	0.001991157656
307505	0.001971576541
307506	0.002499107667
307507	0.002213773854
307508	0.001969100633
307509	0.002040705304
307510	0.002134121395
307511	0.002078291575
307512	0.002113945928
307513	0.002144522074
307514	0.00202748429
307515	0.002237215292
307516	0.002012195007
307517	0.002241048974
307518	0.002239578916
307519	0.002233187141
307520	0.002088496191
307521	0.001930073122
307522	0.00202804876
307523	0.001792705054
307524	0.002675005873
307525	0.002213336956
307526	0.003001888783
307527	0.001851111117
307528	0.0009461741916
307529	0.002232048163
307530	0.002113665547
307531	0.002825243226
307532	0.002577480128
307533	0.001604360391
307534	0.002405825379
307535	0.002253406704
307536	0.00201048696
307537	0.002361961529
307538	0.001796892029
307539	0.002174059048
307540	0.002214673205
307541	0.001908904651
307542	0.002071854262
307543	0.002183516725
307544	0.00177701827
307545	0.001870846246
307546	0.002192057183
307547	0.002150747797
307548	0.002232856567
307549	0.002225151139
307550	0.001787827164
307551	0.001934975247
307552	0.001946408414
307553	0.001960698631
307554	0.002229772787
307555	0.002593163592
307556	0.002322418405
307557	0.002958103358
307558	0.002188298409
307559	0.001717576545
307560	0.002055856867
307561	0.001992278156
307562	0.002248608581
307563	0.002287309996
307564	0.002775960766
307565	0.001904189563
307566	0.00201371474
307567	0.002465559592
307568	0.002422181763
307569	0.002186863455
307570	0.002132198632
307571	0.002050664179
307572	0.001649074762
307573	0.001799275477
307574	0.002189017608
307575	0.001854842743
307576	0.002290218407
307577	0.004267166855
307578	0.002167937805
307579	0.002955209251
307580	0.002024298285
307581	0.002221133155
307582	0.002263646809
307583	0.002196360701
307584	0.002104305906
307585	0.002819311438
307586	0.00224196718
307587	0.002135474645
307588	0.001755695636
307589	0.002383740832
307590	0.002005506517
307591	0.002866561358
307592	0.003008865153
307593	0.00228366365
307594	0.002149840843
307595	0.002401823812
307596	0.002173302652
307597	0.002285187165
307598	0.001957563597
307599	0.001750459057
307600	0.002353331248
307601	0.002272611771
307602	0.001888597448
307603	0.002159752026
307604	0.001919359017
307605	0.002135820114
307606	0.002487174349
307607	0.002085617589
307608	0.001980387037
307609	0.00181170553
307610	0.00168173166
307611	0.002286106423
307612	0.002201871916
307613	0.002301821125
307614	0.002197248335
307615	0.00203020863
307616	0.002114390841
307617	0.002037299478
307618	0.002486978502
307619	0.001995644133
307620	0.002289917631
307621	0.001894452151
307622	0.002708565115
307623	0.002314442123
307624	0.002763198327
307625	0.002133864892
307626	0.002233320949
307627	0.002070990058
307628	0.002214546777
307629	0.001993324836
307630	0.002127900829
307631	0.002206546673
307632	0.001860140058
307633	0.002021394011
307634	0.00231538979
307635	0.00219717684
307636	0.001737999688
307637	0.002044039888
307638	0.002166247086
307639	0.002226560202
307640	0.002849710787
307641	0.002061860952
307642	0.002067058058
307643	0.002174339648
307644	0.002378258923
307645	0.002161358944
307646	0.002375089492
307647	0.002089963148
307648	0.002420163504
307649	0.002435828679
307650	0.002113958599
307651	0.001915940443
307652	0.002215934181
307653	0.002187369925
307654	0.002108135642
307655	0.002544800541
307656	0.002110709946
307657	0.002165757419
307658	0.001991361514
307659	0.002070729903
307660	0.001984283777
307661	0.002435055023
307662	0.002086406784
307663	0.001665909643
307664	0.002275071823
307665	0.00214593038
307666	0.0022089913
307667	0.001913554469
307668	0.002155336294
307669	0.002318977454
307670	0.002339223601
307671	0.002252008642
307672	0.002168317798
307673	0.002061935591
307674	0.002271301737
307675	0.002081084394
307676	0.002256105482
307677	0.002506482239
307678	0.002339982969
307679	0.00207967457
307680	0.001842085995
307681	0.002150192771
307682	0.001996473875
307683	0.002230782733
307684	0.002050152199
307685	0.002169393892
307686	0.002054196449
307687	0.0001774964205
307688	0.0001047979133
307689	0.00103451952
307690	0.00113865782
307691	0.0002501208984
307692	0.0004006226821
307693	0.0006618381985
307694	0.001660735757
307695	0.002294439331
307696	0.002758650358
307697	0.002539464793
307698	0.001386087249
307699	0.00175500017
307700	0.0004006800546
307701	0.0004395242801
307702	0.001013964415
307703	0.0003563117109
307704	0.0007949980162
307705	0.001247663131
307706	0.000363646919
307707	0.0009293990252
307708	0.001192190091
307709	0.001150193449
307710	0.001644675424
307711	0.00236579417
307712	0.0002689858981
307713	0.0008927048425
307714	0.001526813443
307715	0.0003260674009
307716	0.0009534385083
307717	0.001442188693
307718	0.001405881862
307719	0.001663374136
307720	0.001511115082
307721	0.001263173064
307722	0.00153107104
307723	0.001222921482
307724	0.001292994885
307725	0.001533526867
307726	0.001382386821
307727	0.001579812125
307728	0.001422905748
307729	0.001583511556
307730	0.00167100573
307731	0.001423674748
307732	0.00160752563
307733	0.001573590991
307734	0.001474787736
307735	0.001547630813
307736	0.001697327141
307737	0.001455984049
307738	0.001043598314
307739	0.001312129992
307740	0.001570625743
307741	0.001364922439
307742	0.001542724605
307743	0.001545509269
307744	0.001303389141
307745	0.001432493701
307746	0.001230395034
307747	0.0012435343
307748	0.001537025981
307749	0.001401525942
307750	0.001383792997
307751	0.001415239734
307752	0.001591623928
307753	0.001478573102
307754	0.00153724383
307755	0.00154959229
307756	0.00144811244
307757	0.001442436697
307758	0.001590092855
307759	0.001365969716
307760	0.001530196969
307761	0.001525638119
307762	0.001197505785
307763	0.001324494147
307764	0.001352993937
307765	0.0004599934885
307766	0.001343588675
307767	0.001668934165
307768	0.001568910063
307769	0.001275238768
307770	0.001571266739
307771	0.001378565437
307772	0.001506417587
307773	0.001509031814
307774	0.001245091887
307775	0.0006011048488
307776	0.001580359529
307777	0.001542998479
307778	0.001411988986
307779	0.001124440647
307780	0.001608273501
307781	0.001537408039
307782	0.001647180176
307783	0.001686401161
307784	0.001429661921
307785	0.001625141204
307786	0.001338624431
307787	0.001583302598
307788	0.001644082341
307789	0.001673009015
307790	0.001334420514
307791	0.001303836598
307792	0.001626191424
307793	0.001602089562
307794	0.001581713278
307795	0.001521378057
307796	0.001737584947
307797	0.001383748037
307798	0.001697713417
307799	0.001647030443
307800	0.001489871723
307801	0.001475859482
307802	0.001533414537
307803	0.001517331779
307804	0.001308580021
307805	0.005860367345
307806	0.005683621587
307807	0.003362581886
307808	0.003096123376
307809	0.0009465734023
307810	0.003716419622
307811	0.003589803669
307812	0.001363138446
307813	0.005181086865
307814	0.00624834713
307815	0.005347936905
307816	0.00616475122
307817	0.005564415855
307818	0.003665496973
307819	0.003346353754
307820	0.003944937701
307821	0.002939443123
307822	0.0001064952542
307823	0.000123808369
307824	0.0002757445127
307825	0.0003343767423
307826	0.00086133428
307827	0.0005382116596
307828	7.799738145e-05
307829	0.0001013009364
307830	2.709352531e-06
307831	0.0007796158073
307832	0.0009368038736
307833	0.0008745138297
307834	0.000853795812
307835	0.001020424119
307836	0.0007592139619
307837	0.001000651046
307838	0.0009139091584
307839	0.00109977751
307840	0.001448762806
307841	0.00108209749
307842	0.0009079818874
307843	0.0005641074379
307844	0.000876585259
307845	0.0008205527173
307846	0.0001873166736
307847	0.001076759636
307848	0.0006538816998
307849	0.0004518241101
307850	0.00169779262
307851	0.0008305124664
307852	0.002000965931
307853	0.002041666962
307854	0.001818350513
307855	0.001637645209
307856	0.001754437747
307857	0.001326587045
307858	0.000353872255
307859	0.00151734055
307860	0.0004227595751
307861	0.004950584432
307862	0.003132879281
307863	0.0001535840423
307864	0.001956765889
307865	0.0004032273924
307866	0.0007917122955
307867	0.000927860401
307868	0.0009300068068
307869	0.0002695144027
307870	0.000966859979
307871	0.001251666838
307872	0.0009905385251
307873	3.390138976e-05
307874	0.001498592897
307875	0.0004296274859
307876	7.987930911e-05
307877	0.0004451132891
307878	0.0002172142934
307879	0.0002032280142
307880	0.0002268479104
307881	6.96826134e-05
307882	0.0001401019971
307883	0.0002663687395
307884	0.0003870499012
307885	0.0007974736476
307886	0.0003584750669
307887	0.0003222986097
307888	0.0005673300774
307889	0.0004840361313
307890	0.0002635883762
307891	4.010425546e-05
307892	0.0005337625805
307893	1.297798561e-05
307894	0.0003615061773
307895	0.00231520993
307896	5.301646194e-05
307897	0.002811966133
307898	0.0002649060394
307899	0.003226740739
307900	0.0004392510856
307901	0.000280106692
307902	0.0007405061555
307903	0.0004361592424
307904	0.0003987380307
307905	8.911331798e-05
307906	0.0007277278963
307907	0.0001360855085
307908	0.000511129676
307909	0.0021066196
307910	0.000439370846
307911	7.263330733e-06
307912	0.0005099681758
307913	0.0004686137935
307914	0.0003779874298
307915	0.002776393481
307916	0.0002862040693
307917	0.002185567884
307918	0.000311961408
307919	0.000335537833
307920	0.001924423831
307921	0.002101952564
307922	0.004356216909
307923	4.539763145e-05
307924	0.005014462936
307925	0.001375031799
307926	0.0003429067666
307927	0.002369458786
307928	0.0003684250235
307929	0.0003959789309
307930	0.009022589815
307931	0.003621651333
307932	0.002307758722
307933	0.0001342984103
307934	0.002257570646
307935	0.003933736535
307936	0.0003769365071
307937	0.004463214587
307938	0.003532634709
307939	0.007043441354
307940	0.0007334082301
307941	0.0003171081145
307942	0.001462053084
307943	0.0005638739918
307944	0.0001373509984
307945	0.004854793975
307946	0.003366278071
307947	0.004049348193
307948	1.621281786e-06
307949	0.0005848548969
307950	0.001690633179
307951	0.0002961439443
307952	0.00126823242
307953	0.0005418102404
307954	0.001665373751
307955	0.001445126894
307956	0.001046036808
307957	0.006165141054
307958	0.005078744645
307959	0.0003692866443
307960	0.001626220172
307961	0.00159919716
307962	3.415715574e-05
307963	0.0003636969774
307964	0.0001653064656
307965	0.0003514718229
307966	0.0002543077445
307967	0.001271011266
307968	8.312275589e-05
307969	0.002061871072
307970	0.0002742110796
307971	0.004252411577
307972	0.0009878828684
307973	0.001138882924
307974	0.0006596882458
307975	0.003318902481
307976	0.002592638179
307977	0.003114773212
307978	0.001498065575
307979	0.002574805901
307980	0.002465915755
307981	0.0002268187759
307982	0.004083523288
307983	0.00481177216
307984	8.057165598e-08
307985	0.001364950023
307986	9.989355957e-05
307987	0.00105747212
307988	0.0003945992529
307989	0.002321677995
307990	0.001029031027
307991	0.0003857975764
307992	0.001134813757
307993	0.001691890935
307994	0.0007345741283
307995	0.0006261796261
307996	0.0004942137383
307997	0.0004601422043
307998	0.0001044034215
307999	0.003056038294
308000	0.003660377928
308001	0.004809654246
308002	5.973473049e-05
308003	0.00253504975
308004	0.0001498538598
308005	0.0002147249456
308006	0.0003464863481
308007	0.0003910705191
308008	0.005066975557
308009	0.001824473393
308010	0.002983056696
308011	0.004250477539
308012	0.005106249029
308013	0.0007129992184
308014	0.001635050284
308015	0.0004251600778
308016	0.00385398627
308017	0.0002901314506
308018	0.001783297217
308019	0.001535057249
308020	0.0009941425048
308021	0.001558171232
308022	0.001828352312
308023	0.0005223369293
308024	0.002018289959
308025	0.00107581733
308026	0.001920430697
308027	0.001232304579
308028	0.001664099545
308029	0.000425171977
308030	0.0002460471863
308031	9.249707972e-05
308032	9.17064189e-05
308033	0.0004382244218
308034	0.0003604568764
308035	0.0001462436135
308036	0.0001027400788
308037	0.001220892389
308038	0.001262178015
308039	0.0001758972064
308040	0.0002353028397
308041	0.0002436545761
308042	0.0006642387197
308043	0.0002448667899
308044	0.0004306951517
308045	7.179362485e-05
308046	6.940453275e-05
308047	0.0001000673652
308048	0.0002247353058
308049	0.0007117563425
308050	0.0009053102767
308051	0.0005854717158
308052	0.0003835868363
308053	1.795143561e-07
308054	2.358958545e-07
308055	0.004433337943
308056	0.003548048931
308057	0.004363041482
308058	0.0009202274874
308059	0.0003145443177
308060	0.0002545814432
308061	0.001927688808
308062	0.0005110223784
308063	0.001298185578
308064	0.0002851774882
308065	0.0003854607453
308066	0.0006505746053
308067	0.0005519216245
308068	0.0001411009735
308069	0.001068020587
308070	0.001067417502
308071	0.0002998438005
308072	0.001712039843
308073	0.001399843785
308074	0.0004106142645
308075	4.611788325e-05
308076	0.0002657664313
308077	0.0002484388366
308078	0.00359082633
308079	0.001385210489
308080	0.003748609906
308081	0.002003466332
308082	0.001360569375
308083	0.0005509221883
308084	0.002073231033
308085	0.0032822583
308086	0.004438871489
308087	0.001169007916
308088	0.003071779411
308089	0.002801651199
308090	0
308091	0.002038791959
308092	0.001927718047
308093	0.0002208345353
308094	0.0009311134032
308095	0.0009421288423
308096	0.001625677859
308097	0.001938490026
308098	0.001225749006
308099	0.0008874725952
308100	0.0004665019217
308101	0.001040421311
308102	0.001440412137
308103	0.0006166171884
308104	0.002383505155
308105	0.001983005723
308106	0.001322076476
308107	0.0003052826085
308108	0.002025904913
308109	0.0001421631064
308110	0.001609970426
308111	0.0001852756078
308112	0.002446473243
308113	0.0009977089921
308114	0.0005222423324
308115	0.0001881791786
308116	0.002610370466
308117	0.0001433362824
308118	9.673359815e-05
308119	0.002893648258
308120	0.003171138272
308121	0.001174262135
308122	0.0007580459288
308123	0.0009861975578
308124	0.001636558017
308125	0.002484721503
308126	0.001849869066
308127	0.0003376777799
308128	0.001524446877
308129	0.0003487486449
308130	0.004092520595
308131	0.003150150479
308132	0.000773045266
308133	0.001558031189
308134	0.0003324854004
308135	0.001050945253
308136	0.000965889165
308137	0.003399282513
308138	0.001757120722
308139	0.001343180258
308140	0.0007058453502
308141	0.003864053656
308142	1.519288197e-05
308143	0.002763247281
308144	0.003034888015
308145	0.001714650973
308146	0.0007051491679
308147	0.000677794679
308148	2.160492664e-06
308149	0.001910659938
308150	0.002008874306
308151	0.0007352638691
308152	0.002821476032
308153	0.00355026632
308154	0.002538932834
308155	0.0004368286448
308156	0.001763236468
308157	5.838796237e-05
308158	0.002173728672
308159	0.001675022447
308160	0.001273163529
308161	0.0009750096885
308162	0.0006653113273
308163	0.0002482359006
308164	0.0006566565727
308165	3.103295289e-05
308166	0.003869499794
308167	0.001698674082
308168	0.002162135151
308169	0.0004485724848
308170	0.003145860849
308171	0.001288523522
308172	0.0001257410036
308173	0.004343271828
308174	0.004490526975
308175	0.001256944823
308176	1.350653685e-07
308177	0.0002476832605
308178	0.001511972539
308179	0.005297754192
308180	0.0001269685776
308181	0.003415722375
308182	0.001423736875
308183	6.19238965e-05
308184	0.001068598359
308185	0.0002742134932
308186	0.001999830999
308187	0.005383343251
308188	0.003812761736
308189	0.004623039343
308190	0.001176666452
308191	0.002468481626
308192	0.002685486216
308193	0.002808884328
308194	0.00267719541
308195	0.004799900797
308196	0.002187077377
308197	0.006436071168
308198	0.0007757919588
308199	0.002520958987
308200	0.001475955386
308201	0.001090900905
308202	0.005579108434
308203	1.303914186e-05
308204	0.0002577234211
308205	0.000195006592
308206	4.897137103e-05
308207	0.00136840678
308208	4.798316345e-05
308209	0.003867258248
308210	0.00238765361
308211	0.0002367341368
308212	3.957507694e-07
308213	0.0003695559654
308214	0.0006796880479
308215	0.0006744661756
308216	0.001629810851
308217	0.0003549360978
308218	0.0009869121983
308219	0.0004960756067
308220	0.0001996050136
308221	2.796474941e-05
308222	0.0001702291664
308223	0.0003039023947
308224	0.002264035514
308225	0.001243621031
308226	0.001650673962
308227	0.0003769412106
308228	0.0002076266716
308229	0.000274375864
308230	2.484897064e-05
308231	0.0001458093986
308232	0.000145720631
308233	0.0002848503726
308234	4.867664025e-05
308235	0.0006550076498
308236	7.627440727e-05
308237	0.0005030230029
308238	0.0006835373054
308239	0.0006224720426
308240	0.0002312818821
308241	0.0001218253627
308242	0.002919432413
308243	0.0002414298151
308244	0.0004797518106
308245	0.001405890115
308246	0.001180517659
308247	0.002230529761
308248	0.00144018376
308249	2.149032321e-08
308250	0.0009467889052
308251	0.001728111264
308252	0.001235609459
308253	0.006532065013
308254	0.007910721375
308255	0.00760281802
308256	0.0009480105395
308257	3.475679351e-05
308258	0.001155663287
308259	0.001393857444
308260	0.0001591557781
308261	0.0007485526874
308262	0.001077350865
308263	0.0008348245511
308264	0.001008629589
308265	0.0006860367455
308266	0.0005530955358
308267	0.00125125323
308268	0.00136562301
308269	0.000857551112
308270	0.0008752504783
308271	0.001943746124
308272	0.001080626754
308273	0.0009454913799
308274	0.0007542947763
308275	0.001081752825
308276	0.001133398224
308277	0.004449293787
308278	0.0004975716938
308279	0.003845688956
308280	0.000219707614
308281	0.0009576334445
308282	0.0005340635343
308283	0.0008961501375
308284	0.002138916355
308285	0.0009845537907
308286	0.001554223284
308287	0.001020712205
308288	0.001284090517
308289	0.001093176357
308290	7.985258505e-05
308291	0.0009225715396
308292	0.0008639790622
308293	0.0009919866886
308294	0.001058194694
308295	0.001033720199
308296	0.001455942291
308297	0.001048976138
308298	0.0004560512322
308299	0.0009917478223
308300	0.00108701657
308301	0.00137944871
308302	0.001626030557
308303	0.001157624342
308304	0.001190973507
308305	0.0007410987207
308306	0.001216825208
308307	0.001359793685
308308	0.001107249326
308309	0.001164552391
308310	0.0006730559332
308311	0.0003931312433
308312	0.002713930286
308313	0.003152237709
308314	0.0009286023753
308315	0.001520465439
308316	0.001320290276
308317	0.001240144623
308318	0.00483983616
308319	0.001242957946
308320	0.001567626536
308321	0.000972670061
308322	0.001037377176
308323	0.0002152937814
308324	0.001523327622
308325	0.001838600289
308326	0.0009523009203
308327	0.0008678142613
308328	0.001930782105
308329	0.0003207018504
308330	0.001309005181
308331	0.0001389160719
308332	0.001148864001
308333	0.000274463394
308334	0.0009865510734
308335	0.001012611775
308336	0.0005050067221
308337	0.0004585471654
308338	0.0005563585212
308339	0.0008136210448
308340	0.0009799863121
308341	0.0005406694082
308342	0.001121655193
308343	0.001035373331
308344	0.001044021381
308345	0.005707395858
308346	0.0006932947297
308347	0.001067493805
308348	0.0008981290891
308349	0.0005185017337
308350	0.001369356331
308351	0.00500473454
308352	0.0004509937994
308353	0.001337814493
308354	0.0007930765415
308355	0.001137415452
308356	0.001217588023
308357	0.001907131198
308358	0.001204203693
308359	0.001150396264
308360	0.0005960434955
308361	0.0006789429631
308362	0.001750966294
308363	0.001093010285
308364	0.0001355195922
308365	0.001166214745
308366	0.0007147432064
308367	1.961967544e-05
308368	0.0004135619353
308369	0.001339484259
308370	0.001309629503
308371	0.001402908619
308372	0.0003535038364
308373	0.0008807626387
308374	0.001402798587
308375	0.001345992297
308376	0.0007056572076
308377	0.001378490412
308378	0.0009637628423
308379	0.0009424072799
308380	0.001006041278
308381	0.000166488975
308382	0.001555234753
308383	0.0006139605856
308384	0.001335079205
308385	0.0004774576541
308386	0.0009680165635
308387	0.005159367541
308388	0.001847430191
308389	0.001717422493
308390	0.001718645649
308391	0.0008834846919
308392	0.0008412859476
308393	0.0009981862256
308394	0.001362326915
308395	0.003327806631
308396	0.0008362115068
308397	0.001072009378
308398	0.001736957774
308399	0.0008476619144
308400	0.0007913994027
308401	0.00206745699
308402	0.00120396159
308403	0.0008221739088
308404	0.001398335196
308405	0.00191369963
308406	0.0006308679103
308407	0.002857426135
308408	0.001537976707
308409	0.002014880753
308410	0.001008741032
308411	0.002767792055
308412	0.0004447527928
308413	0.002523208278
308414	0.001674541061
308415	0.002638023454
308416	0.0008188595728
308417	0.0008220401672
308418	0.002126719906
308419	0.001362543421
308420	0.001936982232
308421	0.001034633794
308422	0.0003956550653
308423	0.001042132785
308424	0.001179352804
308425	0.001265566957
308426	0.00114097507
308427	0.0004405089396
308428	0.002380292057
308429	0.0005229408827
308430	0.0008651542227
308431	0.0001854133912
308432	0.001459264053
308433	7.251796971e-05
308434	0.001241917038
308435	0.0007683648009
308436	0.0003076036649
308437	0.001296778287
308438	0.001541453103
308439	0.0003317259424
308440	0.002230904645
308441	0.001011352831
308442	6.393273859e-05
308443	0.0004240530385
308444	0.002079968578
308445	0.0007208903245
308446	0.002404982324
308447	0.001021321452
308448	0.0009829762629
308449	0.0007037573645
308450	0.001585332813
308451	0.002809313096
308452	0.001012419177
308453	0.0007528513809
308454	0.0004086823952
308455	0.002631447598
308456	0.001100668003
308457	0.001052310005
308458	0.0009765942957
308459	0.00318476611
308460	0.001934902516
308461	0.000501099181
308462	9.826004413e-05
308463	0.0008038388507
308464	0.001198055619
308465	0.0008633356011
308466	0.0002000230828
308467	0.001072854488
308468	0.001696580237
308469	0.001091477976
308470	0.001394865959
308471	0.001096583596
308472	0.001240636038
308473	0.0007204489682
308474	0.001657997594
308475	0.002006772081
308476	0.0001468917239
308477	0.000831330221
308478	0.001871551182
308479	0.001555823527
308480	0.001307939335
308481	0.0008771687132
308482	0.001146800645
308483	0.001378279717
308484	0.0009321189651
308485	0.001076207423
308486	0.001992778508
308487	0.000205816442
308488	4.312970907e-05
308489	0.0009516981599
308490	0.0009464972221
308491	0.001329548931
308492	2.157342649e-05
308493	0.001549757758
308494	0.0008139258365
308495	0.001016744436
308496	0.001067976136
308497	0.0002331842084
308498	0.0002936184791
308499	0.001902274344
308500	0.002881949307
308501	0.0009380949821
308502	0.001048794183
308503	0.000852259183
308504	0.0008582138131
308505	0.0005888834011
308506	0.001681606404
308507	0.0005450175314
308508	0.001090299208
308509	0.000776444523
308510	0.0005387274182
308511	0.0007358954412
308512	0.000835813937
308513	0.001217849569
308514	0.001481347752
308515	0.0007825567846
308516	0.001311735568
308517	0.0007988535803
308518	0.0009582040168
308519	0.001521109138
308520	0.0003396945256
308521	0.001026303059
308522	0.001530025156
308523	0.001199483517
308524	0.0006894237066
308525	0.001070146991
308526	0.0006841776142
308527	0.0006322115391
308528	0.00103735584
308529	0.0009257522101
308530	0.0004115767516
308531	0.0007161701842
308532	0.0003852908172
308533	0.0004794293403
308534	0.001403742548
308535	0.001445300916
308536	0.0005314526356
308537	0.001785213909
308538	0.0002745535555
308539	0.000286675535
308540	0.0007443174493
308541	0.002667402812
308542	0.001759006588
308543	0.000990196179
308544	0.0007494244348
308545	0.001214708588
308546	0.0001178746269
308547	0.00084739952
308548	0.001292414084
308549	0.0007855335369
308550	0.001303837658
308551	0.001027899614
308552	0.001976469758
308553	0.001464998899
308554	0.0005893085829
308555	0.001494745347
308556	0.0008819240945
308557	0.00330700358
308558	0.00129553876
308559	0.001118570822
308560	0.0004900183472
308561	0.00158527078
308562	0.001240162624
308563	0.0008741931218
308564	0.0004516387519
308565	0.001071436073
308566	0.00119575323
308567	0.0006595120933
308568	0.0007282104546
308569	0.001301342272
308570	0.0005793700672
308571	0.0005073083329
308572	0.0006133730241
308573	0.0008161695136
308574	0.0004526333624
308575	0.001314087328
308576	0.003120040026
308577	0.002282295482
308578	0.001712500589
308579	0.0006700853826
308580	0.001498382465
308581	0.001368804689
308582	0.0009387778229
308583	0.001595777192
308584	0.001198325538
308585	0.001504163828
308586	0.00170737012
308587	0.0008707849336
308588	0.002363782061
308589	0.00131064914
308590	0.001400935823
308591	0.001957523096
308592	0.00186391763
308593	0.001029995278
308594	0.006342019463
308595	0.0008998738148
308596	0.0004604998543
308597	3.539769136e-05
308598	0.00118102879
308599	0.0003609366095
308600	0.001263763516
308601	0.0008046315592
308602	0.001375613242
308603	0.00196134717
308604	0.002203372016
308605	0.0005406288949
308606	0.001290748301
308607	0.001244978696
308608	0.001273548404
308609	0.001055238754
308610	0.0008045434796
308611	0.0005685592273
308612	0.001641427128
308613	0.0006651254388
308614	0.001116406964
308615	0.001293324754
308616	0.0009373987573
308617	0.0009891088429
308618	0.001432559621
308619	0.001035455713
308620	0.001170507955
308621	0.0008520277376
308622	0.001534135053
308623	0.000134070509
308624	0.001002074757
308625	0.0004125615968
308626	0.001276058651
308627	0.00138631762
308628	0.00106794868
308629	0.004919341408
308630	0.0009306874391
308631	0.001372078848
308632	0.0003742462107
308633	0.0009346290764
308634	0.0011512865
308635	0.001777129232
308636	0.0004158303587
308637	4.575216947e-05
308638	0.001891877021
308639	0.002790083805
308640	0.0009140595951
308641	0.003391508865
308642	0.001505824134
308643	0.002623098454
308644	0.001223306555
308645	0.001203631914
308646	0.001644936859
308647	0.001469714379
308648	0.0008201395109
308649	0.001895324113
308650	0.0001740488556
308651	0.0006964060665
308652	0.001221076172
308653	0.0009443544134
308654	0.001428295349
308655	0.001325947936
308656	0.0007369297593
308657	0.001657165993
308658	0.001036545164
308659	0.001677044218
308660	0.0009097939448
308661	0.00120973866
308662	0.001740678888
308663	0.0005102566577
308664	0.0008344989405
308665	0.001472902343
308666	0.002185803192
308667	2.158424307e-05
308668	0.00127579448
308669	0.0007753779485
308670	0.001129158086
308671	0.001317606504
308672	0.0002129464408
308673	0.001302358066
308674	0.0006517479562
308675	0.0009256192713
308676	0.000697544947
308677	0.002165143815
308678	0.001076603
308679	0.0006854889749
308680	0.0006267321667
308681	0.001396438954
308682	0.002317040927
308683	0.001274158286
308684	0.001464033225
308685	0.0007130984951
308686	0.0009854905652
308687	0.0007534937994
308688	0.00127549189
308689	0.001545049354
308690	0.001172978659
308691	0.001022824987
308692	0.007454983819
308693	0.001301050537
308694	0.001098729188
308695	0.001202311265
308696	0.001536623879
308697	0.0005556501404
308698	0.0008349858542
308699	0.001155370585
308700	0.00144523672
308701	0.00135066556
308702	0.00128309039
308703	0.001279101217
308704	0.0006477809998
308705	0.0007455553522
308706	0.0007971711365
308707	0.0005306188211
308708	0.0006111101005
308709	0.001093231124
308710	0.001076876606
308711	0.0009047871659
308712	0.0004967113226
308713	0.001146088222
308714	0.001185806647
308715	0.001166220365
308716	0.0009755736664
308717	0.0008704675427
308718	0.001121688762
308719	0.00116524309
308720	0.001016138826
308721	0.0005466636611
308722	0.0009388878172
308723	0.001421763613
308724	0.0007055502337
308725	0.0006683041395
308726	0.0008827324354
308727	0.0003265055116
308728	0.001791006074
308729	0.002596990421
308730	0.0003225124576
308731	0.001500006744
308732	0.0007954771239
308733	0.001446883442
308734	0.0002484521398
308735	0.001387452664
308736	8.685490451e-05
308737	0.001477958517
308738	0.001199056466
308739	0.002674325607
308740	0.003772737344
308741	0.0008967582841
308742	0.001422020394
308743	0.001335109721
308744	0.002719601008
308745	0.001345359509
308746	0.002484153156
308747	0.004802244791
308748	0.001974643565
308749	0.000341833309
308750	0.001547481173
308751	0.000150523166
308752	0.002089042142
308753	0.001234679686
308754	0.003198699637
308755	0.000698615375
308756	0.0008402733491
308757	0.0009031599201
308758	0.0008899405897
308759	0.0004988166737
308760	0.00131454446
308761	0.002073637909
308762	0.0001925381224
308763	0.0006944643891
308764	0.001440127241
308765	0.0006883395435
308766	0.0004121108072
308767	0.001124472076
308768	0.0009185011792
308769	0.001068432263
308770	0.0006989743239
308771	0.000370460773
308772	0.0007010611779
308773	0.0008078227775
308774	0.001461105074
308775	0.0007259314872
308776	0.0005490838176
308777	0.001201570258
308778	0.0007432380909
308779	0.0006355396481
308780	0.001090989249
308781	0.00126940897
308782	0.0007887620465
308783	0.001381112267
308784	0.006445608829
308785	0.001625600674
308786	0.0004537374011
308787	0.0005185159146
308788	0.001611920356
308789	0.0004359106225
308790	0.0002528472639
308791	0.0006356455813
308792	0.001427164105
308793	0.001335384477
308794	6.4785589e-05
308795	0.002046981148
308796	0.002406468884
308797	0.0009278411916
308798	0.002703274764
308799	0.0007146379426
308800	0.001092739641
308801	0.001031276021
308802	0.001251014939
308803	0.001083806574
308804	0.000832858252
308805	0.000346567164
308806	0.002468635191
308807	0.001221797013
308808	0.0009059655875
308809	0.001055812051
308810	0.001679924225
308811	0.0009687074559
308812	0.0009089355559
308813	0.0008509209946
308814	0.0007514520139
308815	0.0009350773814
308816	0.0009087793493
308817	0.0009493034542
308818	0.001003859878
308819	0.000613118031
308820	0.001307920416
308821	0.002262557064
308822	0.0006023424947
308823	0.001019389285
308824	0.0009416042257
308825	0.001198763272
308826	0.0009383793767
308827	0.001908394951
308828	0.0006747094491
308829	0.001273973719
308830	0.001821994555
308831	0.001548151519
308832	0.0004568906896
308833	0.002032925825
308834	0.001109291611
308835	0.002873557494
308836	0.004066891196
308837	0.001477879499
308838	0.0004410736334
308839	0.001802499187
308840	0.003751734378
308841	0.001708131442
308842	0.001124264477
308843	0.0006118800983
308844	0.0004967388501
308845	0.001345906292
308846	0.0009873487431
308847	0.001003660733
308848	0.0005327453136
308849	2.426319264e-05
308850	0.005560114667
308851	5.005361037e-05
308852	0.002932405278
308853	0.001516701463
308854	0.0009839564239
308855	0.001068394863
308856	0.002050476525
308857	0.0008030104004
308858	0.001096237307
308859	0.0005524254051
308860	0.002995291436
308861	0.0004572468411
308862	0.0005190712995
308863	8.924681859e-05
308864	9.357206427e-05
308865	0.000206008824
308866	0.0006827402114
308867	0.0005401411925
308868	0.0006160942861
308869	0.0004289995332
308870	0.0007985622065
308871	0.0003207014325
308872	0.0008398133043
308873	0.0003217591922
308874	0.000423970218
308875	0.0004499350942
308876	0.000150046293
308877	0.001266884098
308878	0.002161160883
308879	0.002176536127
308880	0.001542821537
308881	0.001398633658
308882	0
308883	0.002317931545
308884	0.0003860407579
308885	0.001266189214
308886	0.0001043999808
308887	5.34515895e-05
308888	0.00180536611
308889	0.002031318931
308890	0.00126954008
308891	0.001509263094
308892	0.0003443005294
308893	0.001073167841
308894	0.002263065148
308895	0.001499977101
308896	0.001875911908
308897	0.0003454297051
308898	0.001884297012
308899	0.001652163451
308900	0.002351725648
308901	0.001704623346
308902	0.001084692658
308903	0.002081541336
308904	0.002874033517
308905	0.001400724812
308906	0.002311091447
308907	0.0005848564679
308908	0.001363684719
308909	0.001959591642
308910	0.0002840679741
308911	0.001094135985
308912	0.001806583214
308913	0.001493195683
308914	0.0002562449782
308915	0.0004565445441
308916	0.0003008653031
308917	0.0006569923112
308918	0.001585254031
308919	0.002142154441
308920	0.002489583869
308921	0.003298894164
308922	0.003219583793
308923	0.00495270997
308924	0.00218656575
308925	0.001193885219
308926	0.004641291526
308927	3.494678247e-05
308928	0.001262966467
308929	0.0003520244709
308930	0.001539888144
308931	0.0002985616869
308932	0.002547512138
308933	0.001627701847
308934	0.002083515575
308935	0.000495364908
308936	0.0005962133638
308937	0.001629856722
308938	0.001729249322
308939	0.001100740003
308940	0.001509494434
308941	0.001291110342
308942	0.003342978611
308943	0.0006768891724
308944	0.0003148191327
308945	1.101687806e-05
308946	0.001633188055
308947	0.0007724359754
308948	0.0009282303608
308949	0.0009499778172
308950	0.001106381986
308951	0.002535944061
308952	0.001994301329
308953	0.002780878518
308954	0.0001586009054
308955	0.0005230325113
308956	0.002259677357
308957	0.0004871655963
308958	0.002595137841
308959	0.001573786806
308960	0.000461296217
308961	0.001116479436
308962	0.001689817151
308963	0.001629330743
308964	0.001566485022
308965	0.0003458922702
308966	0.0003827221215
308967	0.002850941176
308968	0.0001447169907
308969	0.002117170202
308970	0.0003357037608
308971	0.00036687386
308972	0.001986548621
308973	0.001295077393
308974	0.0001629414647
308975	0.000496853155
308976	0.0003647657169
308977	0.0002808722058
308978	0.0003319117788
308979	0.000695267626
308980	0.001908353763
308981	0.003421787688
308982	0.001178152415
308983	0.001213007533
308984	0.0006567073234
308985	0.000273278798
308986	0.001433392214
308987	0.002073159445
308988	0.002862639471
308989	0.0001780662144
308990	0.001385830616
308991	1.366465104e-05
308992	0.003630112754
308993	0.0007291757841
308994	4.709139613e-05
308995	0.001410390641
308996	0.0004249814608
308997	0.003120917698
308998	0.0002930477544
308999	0.003587574294
309000	0.001910878404
309001	0.0009274312038
309002	0.0005970543788
309003	0.0003141379871
309004	0.002141520664
309005	0.0002093299106
309006	0.0008974843822
309007	0.00400018021
309008	0.003026503961
309009	0.0006671899481
309010	0.0006683843511
309011	3.659993741e-05
309012	0.001103750457
309013	0.0006590325531
309014	0.0004844974838
309015	0.00114565058
309016	0.001756370641
309017	0.001051597483
309018	1.718809415e-05
309019	0.004749680576
309020	0.0005046602053
309021	7.556907306e-05
309022	0.003134292399
309023	0.001161460386
309024	0.001002582038
309025	0.0004582194198
309026	0.0001966018534
309027	0.0008202310421
309028	0.0001803298928
309029	0.0009901927268
309030	0.0009906433824
309031	0.002017565774
309032	0.003586094728
309033	0.002371404647
309034	0.0002450434096
309035	0.0001439523323
309036	0.0006350358985
309037	0.0004618522486
309038	0.006339850352
309039	0.001426880712
309040	0.001107746127
309041	0.0004257267199
309042	0.00436216472
309043	0.005321705267
309044	0.0003656967182
309045	0.0004466113705
309046	0.00282959712
309047	0.00336400391
309048	0.004287616673
309049	0.001468345984
309050	0.009978430249
309051	0.004229144009
309052	0.0002518217835
309053	0.003447789948
309054	0.001786147198
309055	0.000699148282
309056	0.001155835542
309057	0.001131308643
309058	0.001088818245
309059	0.003303843782
309060	0.003639877107
309061	0.0009781963491
309062	0.0001183717727
309063	0.0003333519484
309064	0.001981850163
309065	0.00184953818
309066	0.003165555131
309067	0.0006621916741
309068	0.003366999535
309069	0.0007364067303
309070	0.001405652211
309071	0.003838821253
309072	0.003314206048
309073	0.004546772432
309074	0.0006386156316
309075	0.002150707385
309076	0.001146192523
309077	0.003574591513
309078	0.0008381451976
309079	0.0006978020347
309080	0.0006612245038
309081	0.003907054125
309082	0.002311978539
309083	7.105939847e-05
309084	0.001793659561
309085	0.0005369124509
309086	0.0003763898132
309087	3.248357761e-06
309088	0.0007008889742
309089	0.00017524532
309090	0.001888392989
309091	0.001170407703
309092	0.003714989458
309093	0.004282395178
309094	0.005266879694
309095	0.005057554215
309096	0.002930376845
309097	0.00362921496
309098	0.001756404
309099	0.0004709303547
309100	0.001278191666
309101	0.001106663941
309102	0.0009377680258
309103	0.001753129713
309104	0.0002499771904
309105	0.002409582122
309106	0.0002959997038
309107	0.00262305019
309108	0.002827497483
309109	0.0009834796154
309110	0.0004647274255
309111	0.001281868878
309112	0.0002458390314
309113	2.070727734e-05
309114	0.001747032203
309115	0.002296347465
309116	0.0005544236167
309117	0.000657368913
309118	3.602070206e-06
309119	0.0001625930376
309120	0.001720655496
309121	0.0005577283801
309122	0.005755612271
309123	0.003277781892
309124	0.0005277601549
309125	0.002764209189
309126	0.002758503376
309127	0.0008592579417
309128	0.0002563837721
309129	0.0003582631965
309130	0.0006543890517
309131	0.0008097404753
309132	0.001992092325
309133	0.0006789252582
309134	0.001851958338
309135	0.002082383468
309136	0.002673385522
309137	0.002766609261
309138	0.002730756438
309139	0.000979010612
309140	0.001904004869
309141	0.0009725152987
309142	0.001510540922
309143	0.0001781836623
309144	0.0006774989196
309145	0.0006070669898
309146	0.0003030849423
309147	0.002085126367
309148	0.0006070630111
309149	0.001540982124
309150	0.003687619143
309151	0.0001047565469
309152	0.0002758401378
309153	0.003212699135
309154	6.340967195e-06
309155	0.001428747674
309156	0.001001020011
309157	0.001626444453
309158	0.00122005863
309159	0.0007086603264
309160	0.0001501128422
309161	0.000257694535
309162	0.01034077286
309163	0.002214873851
309164	0.003748547311
309165	0.0004348345473
309166	0.003387290344
309167	0.001584803879
309168	0.0004337274123
309169	0.0005480232138
309170	8.398816835e-05
309171	0.0004854289212
309172	6.945538646e-05
309173	0.0002219086294
309174	4.141117207e-05
309175	0.000895890493
309176	0.0006288235137
309177	0.0002858178825
309178	0.0004670579389
309179	0.003544166055
309180	0.001355761909
309181	0.0002356378448
309182	0.0005270827191
309183	0.00247117991
309184	0.001792694665
309185	0.002118293918
309186	0.001062456225
309187	0.0007392398256
309188	0.0002831705559
309189	0.0001383870192
309190	0.0007976934821
309191	2.522833903e-05
309192	0.0005099124859
309193	0.001877501824
309194	0.005527449799
309195	0.00177161981
309196	0.0001503562503
309197	0.0006105474752
309198	0.0003675420314
309199	0.0005669183743
309200	0.00114342969
309201	0.002861111771
309202	0.002578022154
309203	0.001438916658
309204	0.0008821725076
309205	0.002175395301
309206	0.004268723973
309207	0.006250000781
309208	0.0007747782896
309209	0.0005959592997
309210	0.004337490822
309211	0.001995495524
309212	0.005739332068
309213	0.0004885292044
309214	0.0007025553925
309215	0.001935734238
309216	0.00274583807
309217	0.001817314337
309218	0.002968152884
309219	0.002770790038
309220	2.187587663e-05
309221	0.001108155576
309222	0.0001645720297
309223	0.004468287755
309224	0.001571341782
309225	0.0003652124711
309226	0.004913106724
309227	0.001078788632
309228	0.0008894678757
309229	0.0004773265803
309230	0.006751593747
309231	0.004890484735
309232	0.004118660152
309233	0.004277990693
309234	9.078565133e-08
309235	0.0001070578831
309236	0.001044951069
309237	1.637357959e-08
309238	6.268667281e-06
309239	0.0002712907801
309240	0.001458458043
309241	0.001167327933
309242	0.000384733265
309243	0.0006395003767
309244	0.002421562702
309245	0.001987229518
309246	0.003280635588
309247	0.001387443644
309248	0.001843894961
309249	0.0008198736324
309250	0.001999273595
309251	0.001258474394
309252	0.004678395291
309253	0.004540374537
309254	0.005202686416
309255	0.002648035767
309256	0.002050354813
309257	0.001741578995
309258	0.0003570394381
309259	0.00194651881
309260	2.274779135e-05
309261	0.001335449464
309262	0.001284086515
309263	0.0008391262537
309264	0.0002997958354
309265	0.0004225425775
309266	0.0002455598922
309267	0.0006612699325
309268	2.632370894e-05
309269	0.0001485333883
309270	0.0002207961588
309271	8.386093642e-07
309272	0.0001014640128
309273	1.15320672e-06
309274	7.261213279e-06
309275	4.841842987e-06
309276	9.883311031e-05
309277	9.948020833e-05
309278	0.003212498199
309279	0.002437585102
309280	0.002861089589
309281	0.001245783097
309282	0.000629757718
309283	0.0006117101302
309284	9.993806145e-05
309285	0.0007291151965
309286	0.0001647574157
309287	0.000199794429
309288	0.0004068965021
309289	0.0003309011284
309290	0.002303628722
309291	0.002087136176
309292	0.002138242416
309293	0.000692224568
309294	0.001977975927
309295	0.004824895537
309296	0.0007796903841
309297	0.002359030442
309298	0.0003936768157
309299	0.0001222329574
309300	0.0003637900682
309301	0.002436927414
309302	0.00187425535
309303	0.00108671242
309304	0.0004673477486
309305	0.0003353768424
309306	0.0004962746812
309307	0.003101648891
309308	0.001799647595
309309	0.0004981724533
309310	0.002807005621
309311	0.001913101604
309312	0.001712745061
309313	0.001738397676
309314	0.0001850181184
309315	0.002169188749
309316	0.002334653342
309317	0.0002862859966
309318	0.002150099839
309319	0.0009500967382
309320	0.0001458947533
309321	9.363061089e-05
309322	0.001442815193
309323	0.0004962152722
309324	0.0002681376222
309325	0.001013410844
309326	0.0007007922893
309327	0.0006849980778
309328	0.0005394951141
309329	0.000212008126
309330	0.0007575449429
309331	0.003969821198
309332	0.0006325120011
309333	3.797681163e-05
309334	9.252235316e-05
309335	0.0008834064548
309336	0.0002062791085
309337	0.0001756185094
309338	0.0001738866429
309339	0.0003793238625
309340	0.001204936024
309341	0.0003671225657
309342	0.0004421171046
309343	0.001284294797
309344	0.0009419837763
309345	0.0006544779502
309346	0.0003249152183
309347	0.0003212829535
309348	0.001592206996
309349	0.001549287637
309350	0.0005798888662
309351	0.004242585838
309352	0.0002711793403
309353	0.001088610647
309354	0.000155162989
309355	0.001114050984
309356	0.003309029034
309357	0.002110435838
309358	0.001046689936
309359	0.003203577018
309360	0.000515610849
309361	0.0009267659267
309362	0.001179270091
309363	0.0001974063517
309364	0.0007208807119
309365	0.0001920458797
309366	0.0005621133248
309367	0.001113167887
309368	0.001343145252
309369	0.0003268530409
309370	0.000549879377
309371	0.0006680942454
309372	0.0008352741009
309373	0.0005542304401
309374	0.0002079178518
309375	2.169499296e-08
309376	0.002055747989
309377	0.0007950366113
309378	0.003999102655
309379	0.000821868345
309380	0.0004059465172
309381	0.001654833625
309382	0.0009801656323
309383	0.001483227928
309384	0.000870664817
309385	0.0001934646632
309386	0.004535863627
309387	0.001793254518
309388	0.003416738594
309389	0.004379680956
309390	0.002785764576
309391	0.00157468267
309392	3.041242791e-06
309393	0.000348002895
309394	0.001281679845
309395	0.001159201659
309396	0.001887561362
309397	0.0002931625151
309398	0.001685935741
309399	0.003104997734
309400	0.0006720011601
309401	0.001167308837
309402	6.163015383e-05
309403	0.001025581153
309404	0.002283943585
309405	0.000220096001
309406	0.002062765441
309407	0.002217363178
309408	0.0006940545666
309409	0.0008960939548
309410	0.0006890623915
309411	0.001318992854
309412	0.0001589604189
309413	0.0007217530033
309414	0.00244452086
309415	0.0001555770665
309416	7.091062811e-06
309417	0.0004572986635
309418	0.002009690064
309419	0.0001682051214
309420	0.001590444969
309421	0.0001454800625
309422	0.0009928174947
309423	8.533320696e-05
309424	0.0009020033488
309425	0.001456290775
309426	0.0002450058262
309427	0.0002307900325
309428	8.186789796e-09
309429	0.0002969036575
309430	0.0005073170631
309431	0.001089121827
309432	0.002294591825
309433	0.003951168116
309434	0.003300450049
309435	0.0007178347865
309436	0.002303162056
309437	0.003003810108
309438	0.001018138118
309439	8.058726651e-06
309440	0.0003769585121
309441	0.001489328279
309442	0.0001073435798
309443	0.00143838996
309444	0.0003947404398
309445	0.002241356261
309446	0.0003255623585
309447	0.001908390462
309448	0.001029008189
309449	0.001774503714
309450	0.0002530136795
309451	0.0002030258998
309452	0.001218312001
309453	0.002250649546
309454	0.003108569127
309455	0.0007234573489
309456	0.001983719987
309457	0.0004332323984
309458	0.001290859137
309459	0.0009096166976
309460	0.0001230118176
309461	4.717073085e-05
309462	1.741880136e-05
309463	0.002168854293
309464	0.003099616829
309465	0.0001956348957
309466	0.001035450995
309467	0.001576807689
309468	0.0001082653803
309469	0.0005182699269
309470	0.001506927025
309471	0.0005132055155
309472	0.002175939387
309473	4.140005456e-05
309474	0.0008456911852
309475	0.0005274607526
309476	0.0005377795449
309477	0.0007343416194
309478	0.0006132483677
309479	0.003853952717
309480	0.0004609692256
309481	0.001495315224
309482	0.001076785863
309483	0.001322879329
309484	0.0001518795972
309485	0.0004860959619
309486	0.0004402458232
309487	0.0008854520468
309488	0.0003337944947
309489	0.0002716768194
309490	0.0001781954013
309491	0.0004329619942
309492	0.0008780646664
309493	0.0007101902247
309494	0.001236325501
309495	0.002673851016
309496	0.0002144839871
309497	0.0005893644229
309498	0.001107045602
309499	0.0007996107775
309500	0.0005897375907
309501	0.0004740387378
309502	0.0004670765035
309503	0.001666869476
309504	0.0009933911847
309505	0.0009733567974
309506	0.0009422363661
309507	0.0005350554639
309508	0.003127097398
309509	0.0008923404082
309510	0.00169873694
309511	0.002150535785
309512	0.0002642662412
309513	0.003613549704
309514	0.0009156528607
309515	0.0022238451
309516	0.0024717669
309517	9.680865699e-05
309518	0.003490999477
309519	0.001495380136
309520	0.001012950777
309521	0.003211438965
309522	0.003135057348
309523	0.002672222124
309524	0.002200423262
309525	0.003138210459
309526	0.0003966498895
309527	0.002960055974
309528	0.0003206479884
309529	0.000480238328
309530	0.001823526034
309531	0.0007153523027
309532	0.002330298265
309533	0.001299989095
309534	0.002698731363
309535	2.105542045e-07
309536	0.004156500444
309537	0.0009795755481
309538	0.00045295678
309539	0.0004149561738
309540	0.001084557104
309541	0.001572203796
309542	0.002524841838
309543	5.069129647e-06
309544	4.650973705e-06
309545	7.438165077e-06
309546	4.529073589e-07
309547	4.974266978e-06
309548	6.318746517e-07
309549	5.418353932e-07
309550	3.343996652e-06
309551	2.317186483e-06
309552	1.770868427e-06
309553	6.391013262e-07
309554	2.190194058e-06
309555	4.165102084e-06
309556	4.490488337e-06
309557	2.856914443e-06
309558	4.077771492e-06
309559	4.963679491e-06
309560	2.691369845e-06
309561	2.395019205e-06
309562	1.200117597e-05
309563	4.404954674e-06
309564	4.14103779e-06
309565	5.344169692e-06
309566	1.466603538e-06
309567	3.118030986e-06
309568	3.345753079e-06
309569	7.539414403e-06
309570	3.42791621e-06
309571	2.307921339e-06
309572	4.581227875e-06
309573	1.308130221e-06
309574	7.096431569e-07
309575	2.136497396e-08
309576	3.626337658e-07
309577	1.19158337e-06
309578	5.002408635e-06
309579	4.036042795e-06
309580	1.048597444e-06
309581	2.774905412e-06
309582	1.398760112e-07
309583	1.710785523e-06
309584	2.486134359e-07
309585	8.370303811e-07
309586	5.004331399e-07
309587	1.519021653e-07
309588	4.775525279e-07
309589	2.809963757e-07
309590	2.192164468e-06
309591	3.047939139e-06
309592	1.040466268e-06
309593	1.349439534e-06
309594	3.763208702e-06
309595	4.634866793e-06
309596	1.382836859e-06
309597	3.502020565e-06
309598	2.522600187e-06
309599	7.265707445e-07
309600	2.623744509e-06
309601	1.899133217e-08
309602	8.295995311e-06
309603	1.004594952e-06
309604	2.944523776e-06
309605	3.059970607e-06
309606	1.309699007e-06
309607	1.870104995e-06
309608	4.338303771e-06
309609	6.680222927e-06
309610	5.614071307e-07
309611	5.19382434e-06
309612	2.556224738e-06
309613	1.588654889e-06
309614	1.04275593e-06
309615	4.874924851e-06
309616	9.56605434e-07
309617	4.28598342e-08
309618	7.960474998e-07
309619	6.839995084e-07
309620	1.15056447e-06
309621	4.588760688e-06
309622	8.5823762e-07
309623	2.366956257e-06
309624	3.114232058e-06
309625	5.180787153e-06
309626	3.005660437e-06
309627	3.313050858e-07
309628	1.446846084e-06
309629	0.0006934559398
309630	0.000155581095
309631	3.887502434e-05
309632	0.0006402219267
309633	0.0001889299737
309634	0.001109840306
309635	0.0009405339145
309636	0.0009503931866
309637	0.0005023567487
309638	0.0001028972071
309639	0.001140251284
309640	0.000731582399
309641	0.0005612970948
309642	0.001686882723
309643	0.0009077631111
309644	0.001528719432
309645	0.002100499323
309646	0.001529801164
309647	0.001457048986
309648	0.001272811783
309649	0.0009263457016
309650	3.799374986e-07
309651	0.0001331335677
309652	0.001026747955
309653	0.00222197958
309654	0.0003638945915
309655	0.001386786324
309656	0.00328409879
309657	0.0003396710889
309658	0.0001003987489
309659	0.00116685542
309660	0.00195516736
309661	0.0007090095414
309662	0.003153363589
309663	0.001203250756
309664	0.0001801010906
309665	0.0009238189001
309666	0.0001857929209
309667	0.001220846263
309668	0.0005593368135
309669	0.002318064451
309670	0.001227099852
309671	0.004451749056
309672	0.0007866916318
309673	0.0004747164677
309674	0.0002783149325
309675	5.990192132e-05
309676	0.006751710758
309677	0.0007223379559
309678	0.0006287587493
309679	0.005644951342
309680	0.002449977465
309681	0.001334676893
309682	0.0001245055371
309683	0.002001937957
309684	0.002484039812
309685	0.000718521075
309686	0.0002710109045
309687	0.001394871557
309688	0.004653615055
309689	0.001798456774
309690	0.002516561031
309691	0.0002599394769
309692	0.002869560235
309693	0.001231878939
309694	0.0008057716356
309695	0.006354247617
309696	0.002434467799
309697	0.003610075498
309698	0.001297923541
309699	0.0004835925528
309700	0.0007615331987
309701	0.001705881116
309702	0.0004895250645
309703	0.001485887797
309704	0.002820813358
309705	0.0004879487716
309706	0.0003255975176
309707	0.001302161105
309708	0.003416838188
309709	0.003518720186
309710	0.000399017623
309711	0.000514198032
309712	0.0007921383531
309713	0.003561426287
309714	0.001218422057
309715	0.0006751019054
309716	0.003147424007
309717	0.001231377482
309718	0.003751454849
309719	0.0001932933
309720	0.000178391811
309721	0.0008031682636
309722	0.001824583629
309723	0.007466947015
309724	0.003327659316
309725	0.001094567775
309726	0.002868579334
309727	0.005184050747
309728	0.00263499202
309729	0.0001413590868
309730	0.006695933389
309731	0.0001639546648
309732	0.002972788816
309733	0.001608605472
309734	0.0007725421199
309735	0.002748138921
309736	0.006965604815
309737	0.0008003011017
309738	0.002214165373
309739	0.00394629889
309740	0.0009296353206
309741	0.0005539864051
309742	0.002865089746
309743	0.0003272970075
309744	0.001496601875
309745	0.002660222107
309746	0.002789739345
309747	0.0007448098446
309748	0.002609082002
309749	0.001962529516
309750	0.000745083072
309751	0.0003086673874
309752	0.0004512335138
309753	9.550523949e-05
309754	0.004391580352
309755	0.000672952513
309756	0.008161985824
309757	0.0004819628025
309758	0.0005854129718
309759	0.002119219125
309760	0.0005651750304
309761	0.0004613534686
309762	0.00123778899
309763	0.00234728317
309764	0.003925641012
309765	0.001006749391
309766	0.0004143421655
309767	0.001618405942
309768	0.0008716955341
309769	0.004281981444
309770	0.0008913947052
309771	0.0005590576323
309772	0.000544968955
309773	0.00276157731
309774	0.001724622145
309775	0.0007507070923
309776	0.0002716826638
309777	0.004227199646
309778	0.0001428725972
309779	0.005012625175
309780	0.001522026486
309781	0.001189479025
309782	0.002664245783
309783	0.0009362382014
309784	0.001027781051
309785	0.0007794883139
309786	0.00153721007
309787	0.0011885985
309788	0.0004885337934
309789	0.005512368864
309790	0.00040640972
309791	0.002304258514
309792	0.001731725726
309793	0.006892857396
309794	0.003598887225
309795	0.002651001901
309796	0.001227814894
309797	7.993255899e-05
309798	2.038869136e-05
309799	0.0007531104974
309800	3.137067241e-05
309801	0.002678894182
309802	0.009006542501
309803	0.001670581206
309804	0.001228742086
309805	0.002633217405
309806	0.002840680336
309807	0.001451968215
309808	0.001060282576
309809	0.003138474417
309810	0.003195308292
309811	0.002205025359
309812	0.0003451367771
309813	0.001252623224
309814	0.001963261201
309815	0.003588229145
309816	0.0007301410656
309817	0.0001811905485
309818	0.00108196691
309819	0.003409414475
309820	0.001142743301
309821	0.0004315484691
309822	0.000142224638
309823	0.002614044629
309824	0.002470297452
309825	0.001356868799
309826	0.0003000861415
309827	0.004983157307
309828	0.004661696064
309829	0.005309084623
309830	0.0004763788717
309831	0.001855870938
309832	0.002616255984
309833	0.001375665503
309834	0.001354343547
309835	0.001598357225
309836	0.001481887333
309837	0.002634279725
309838	0.001539115894
309839	0.001790845576
309840	0.0006836626197
309841	0.002096366057
309842	0.002059395722
309843	0.002579043612
309844	0.0001572544247
309845	0.003245841645
309846	0.001949222241
309847	0.001602025226
309848	0.004944890166
309849	0.001423386055
309850	0.00398889377
309851	0.001654708591
309852	0.001922773722
309853	0.002630413875
309854	0.0003602924325
309855	0.000518632396
309856	7.280976892e-05
309857	0.0003591993554
309858	0.001260088304
309859	0.00106076977
309860	0.001122029642
309861	0.002011676435
309862	0.001549971496
309863	0.002012158542
309864	0.0009812102063
309865	0.001661343311
309866	0.0005122092251
309867	0.000517078803
309868	0.0009371865208
309869	0.001475882005
309870	0.001887697104
309871	0.005781623086
309872	0.0001631448517
309873	0.0005650624126
309874	0.0003906327998
309875	0.0009424010818
309876	0.0004977473783
309877	0.005272658314
309878	0.005194337391
309879	0.004749720539
309880	0.004317544784
309881	0.002377430197
309882	0.002161133758
309883	0.001424042003
309884	0.0004575281112
309885	0.0007284977924
309886	0.0004174764699
309887	0.0003596735344
309888	9.716434067e-05
309889	0.00406330459
309890	0.0003023797534
309891	0.0008704252189
309892	0.00204944376
309893	0.0006206861877
309894	0.004230809417
309895	0.003254724596
309896	0.0007604383995
309897	0.001862121001
309898	0.001749873162
309899	0.002666489562
309900	0.001573243736
309901	0.004098578062
309902	0.00290237791
309903	0.0004829324925
309904	0.001575838249
309905	0.005193124031
309906	0.004618290215
309907	0.003538055558
309908	0.002960714843
309909	0.001675698915
309910	7.753282953e-05
309911	0.005071093189
309912	0.002226823548
309913	0.002452097893
309914	0.006937566259
309915	0.001066117821
309916	0.004337308923
309917	0.0007509691283
309918	0.003454709405
309919	0.007045960676
309920	0.004304391302
309921	0.0006837999354
309922	0.001815363195
309923	0.0005060617753
309924	0.002022061778
309925	0.003089279692
309926	0.002342874588
309927	0.001322269763
309928	0.0003668720859
309929	0.003335809906
309930	0.002925745633
309931	0.0003680563446
309932	0.0002418867592
309933	0.001193633778
309934	0.001089873175
309935	0.003709248093
309936	0.003614119967
309937	0.003876389639
309938	0.00307257311
309939	0.001196483007
309940	9.646082498e-07
309941	0.005694616797
309942	0.001641978073
309943	0.006513535316
309944	0.001919202651
309945	0.0005659476655
309946	0.0004826350226
309947	0.00136392431
309948	0.002651263527
309949	0.001900246052
309950	0.00015322573
309951	0.001101062834
309952	0.00217710381
309953	0.002871615057
309954	0.002977621876
309955	0.002338381695
309956	0.003171639926
309957	0.0009030873593
309958	0.0001929706927
309959	0.004618782897
309960	0.001965329574
309961	0.001010010932
309962	0.002375345735
309963	0.0001077246856
309964	0.003507189974
309965	0.001063306192
309966	0.0006704624926
309967	0.004000035334
309968	0.0003338289241
309969	5.227778016e-06
309970	0.0002642124845
309971	0.001872545387
309972	0.0002720874153
309973	0.006793036703
309974	0.002304198178
309975	0.00386039869
309976	0.0006690604684
309977	0.0006202816575
309978	0.001335627303
309979	0.003957800029
309980	0.002113642143
309981	0.0003966712193
309982	0.001958336527
309983	0.002983581947
309984	0.001195017917
309985	0.001361493356
309986	0.002144519991
309987	0.0007628196937
309988	0.0006301090244
309989	0.001406281872
309990	0.003864846483
309991	0.0004706264874
309992	6.659776104e-05
309993	0.000493186887
309994	0.0007703770155
309995	0.0013320154
309996	0.001350567349
309997	0.0005482743117
309998	0.001181894726
309999	0.0002453468114
310000	0.0005937533629
310001	0.002705372223
310002	5.895748567e-05
310003	6.927695024e-06
310004	0.0009372390126
310005	0.001956142362
310006	4.242311619e-05
310007	0.0008301497558
310008	0.0002059441963
310009	0.0008213328453
310010	0.0004981477511
310011	0.0004461623099
310012	0.00176055911
310013	0.00233632327
310014	0.000953362485
310015	0.002148105794
310016	0.0009702790286
310017	0.001462049442
310018	0.0009225063206
310019	0.000570398959
310020	0.006356795491
310021	0.0008332994445
310022	0.002693618653
310023	0.001119230068
310024	0.001014934099
310025	0.001553329377
310026	0.001128715336
310027	0.001050499954
310028	0.004210418913
310029	0.000323964326
310030	4.121800353e-05
310031	0.0006934921472
310032	5.849597579e-05
310033	0.0007820362912
310034	0.0003770086835
310035	1.940312203e-05
310036	0.0003941068029
310037	0.0006283000322
310038	0.0004544870131
310039	0.004761691327
310040	0.001506287999
310041	0.0004668882197
310042	9.912052451e-05
310043	0.0001255057291
310044	0.0003098781039
310045	4.276644745e-05
310046	9.135576802e-05
310047	0.003328629816
310048	0.0007212846148
310049	0.00466021673
310050	5.0469081e-05
310051	0.004674946927
310052	0.0003513204684
310053	0.0003506477549
310054	0.0007612639743
310055	0.0008133971293
310056	0.0004189083195
310057	0.0003599570584
310058	0.00167681685
310059	0.0003152098944
310060	0.0002613207895
310061	0.0002948647899
310062	7.057881215e-05
310063	0.0009821947446
310064	0.0006859332096
310065	0.0001538953695
310066	0.0001644322638
310067	0.0002914951858
310068	7.815792227e-06
310069	4.560777585e-05
310070	0.0004114365647
310071	0.0001688232262
310072	0.0005702859672
310073	5.330849489e-05
310074	9.779702819e-05
310075	9.683282974e-05
310076	9.960236679e-05
310077	0.0003750026911
310078	0.0003020397621
310079	9.50299742e-05
310080	0.0003284312045
310081	0.0004111219938
310082	2.56429442e-05
310083	0.0001022137607
310084	0.0007955918275
310085	0.002036789655
310086	0.002414999258
310087	0.002851028192
310088	0.0007042370225
310089	0.000858245407
310090	0.002644100344
310091	0.001665296085
310092	0.0007867793752
310093	0.0002050760957
310094	0.0009130624284
310095	0.002073073115
310096	0.0007483485316
310097	0.005732305806
310098	0.0001025198144
310099	0.002091928916
310100	0.003056036094
310101	0.0003629423197
310102	0.001897678293
310103	0.002516925338
310104	0.001315069933
310105	0.0005754986942
310106	0.0003620022714
310107	0.0002986808966
310108	0.001681405103
310109	0.002396217437
310110	0.0006999025986
310111	0.0002591199739
310112	0.001994614032
310113	0.003139786291
310114	0.0009577511107
310115	0.002000003815
310116	0.001540648705
310117	0.002420214206
310118	0.0009719171944
310119	0.00346632916
310120	0.002509978259
310121	9.928167769e-05
310122	0.0005713067042
310123	3.987328429e-05
310124	0.0004869197705
310125	0.0007227783136
310126	0.0001834915772
310127	0.0001130089604
310128	0.0001281957946
310129	0.0001135128228
310130	0.0001291816438
310131	0.0002515971167
310132	1.778976328e-06
310133	0.000547996522
310134	7.662777852e-05
310135	8.146359598e-05
310136	5.802910798e-05
310137	0.0003327846677
310138	8.146773751e-05
310139	0.0001659599786
310140	0.0007065966611
310141	5.560557638e-05
310142	1.377726767e-05
310143	0.0001867263343
310144	0.0002517126758
310145	0.0002062946522
310146	0.0004045965125
310147	0.0001811114451
310148	0.0001782647371
310149	0.0001650162428
310150	0.0001945347634
310151	0.0002173355256
310152	0.0003853130288
310153	0.0002749933451
310154	9.165868888e-05
310155	0.0007199983708
310156	0.0003301746515
310157	5.866646822e-05
310158	0.0004851377405
310159	0.0007461981241
310160	0.0001439940028
310161	0.000100206323
310162	0.0002936293821
310163	0.0007649652648
310164	0.0003087655194
310165	0.0001445199894
310166	5.125448785e-05
310167	0.0003487250739
310168	8.864570798e-05
310169	3.132354331e-05
310170	0.0001703299978
310171	0.0004679784392
310172	0.0001673656779
310173	0.001440144421
310174	0.0004762078823
310175	0.001867858398
310176	0.001222392915
310177	0.0009851006764
310178	0.001078526049
310179	0.0008652054494
310180	0.0007098340336
310181	0.001699066113
310182	0.0001516083529
310183	0.0009598129817
310184	0.000394891537
310185	0.0008449647406
310186	0.001176100796
310187	0.001266195103
310188	0.001531805637
310189	0.002295867935
310190	0.002906009687
310191	0.001659943843
310192	0.001383331363
310193	0.001481372197
310194	0.001013661929
310195	0.002126373769
310196	0.001470561755
310197	0.001994115688
310198	0.001980102644
310199	0.0008880115848
310200	0.0009024284596
310201	0.0009058506236
310202	0.0005259975011
310203	0.001519918815
310204	0.0001711556775
310205	0.002412288392
310206	0.001165339472
310207	0.001158454067
310208	0.0009938610757
310209	0.001795433003
310210	0.001373797543
310211	0.001506329487
310212	0.001601910589
310213	0.001669170337
310214	0.001461941013
310215	0.001330137227
310216	0.001412257642
310217	0.001248223847
310218	0.0009216677579
310219	0.001108189747
310220	0.0006876411781
310221	0.002291324883
310222	0.001388188489
310223	0.001764308508
310224	0.001353351371
310225	0.001124705146
310226	0.001839750313
310227	0.001381507559
310228	0.001745963917
310229	0.000329081408
310230	0.000864468791
310231	0.0008427292707
310232	0.001764950349
310233	0.001431897478
310234	0.001332733291
310235	0.001470461349
310236	0.0004441371276
310237	0.0001924155972
310238	0.001664774766
310239	0.001310464456
310240	0.001253911447
310241	0.0001915142341
310242	5.061101323e-05
310243	0.0003676523706
310244	0.0002640023423
310245	6.600921441e-05
310246	0.0002315497368
310247	0.0003652732947
310248	0.0006239630111
310249	0.000576315948
310250	5.338145849e-05
310251	0.0005779508725
310252	5.934931466e-05
310253	0.0001700650136
310254	0.0002930608716
310255	0.001609263528
310256	0.0005812738097
310257	0.0004293753701
310258	0.0007982415389
310259	0.001102518779
310260	0.0001340850108
310261	0.0003913421171
310262	8.430100427e-05
310263	4.682344131e-05
310264	0.001334777
310265	0.001334072509
310266	0.0002541222859
310267	3.481145944e-05
310268	0.000102597872
310269	0.0002489677864
310270	0.0006091725059
310271	0.0006001302742
310272	9.967341049e-06
310273	0.0002555425524
310274	0.0005796103593
310275	0.0001903855394
310276	0.0006598941332
310277	0.001539579465
310278	0.001449519818
310279	0.001146101726
310280	0.000314276857
310281	0.0005987703289
310282	0.001155394111
310283	0.0001999698071
310284	0.001333983697
310285	0.0004167293892
310286	0.002323246456
310287	0.0009779196713
310288	0.001199472309
310289	0.0007965634904
310290	0.0009035985842
310291	0.001469225232
310292	0.00159624177
310293	0.00180356979
310294	0.001223195574
310295	0.00170338274
310296	0.0006102399821
310297	0.0009159521826
310298	0.001512672895
310299	0.001503065667
310300	0.001509603413
310301	0.001526120003
310302	0.001164218145
310303	0.001521420025
310304	0.001627153269
310305	0.001252102825
310306	0.001145932543
310307	0.002450657774
310308	0.002229816128
310309	0.001964730588
310310	0.0006175558792
310311	0.0009910010236
310312	0.001388127869
310313	0.001784928046
310314	0.001355977278
310315	0.001346061983
310316	0.001097357185
310317	0.003335813236
310318	0.003295653353
310319	0.003186338282
310320	0.001714202883
310321	0.004811423193
310322	0.003269232965
310323	0.002076725894
310324	0.002929132378
310325	0.003712781665
310326	0.003246799763
310327	0.002844417218
310328	0.003224588143
310329	0.003171585485
310330	0.002642165784
310331	0.002225759763
310332	0.002940372872
310333	0.003176758819
310334	0.002540024473
310335	0.003493703342
310336	0.003276385757
310337	0.002312817083
310338	0.002209261017
310339	0.003265771571
310340	0.002515485676
310341	0.0002808505638
310342	0.002562417354
310343	0.002798377413
310344	0.00140010815
310345	0.003216141097
310346	0.003173546296
310347	0.001777935464
310348	0.003357960499
310349	0.003218060299
310350	0.003092607081
310351	0.003212280767
310352	0.003425888576
310353	0.0008982800215
310354	0.003229023479
310355	0.002950130141
310356	0.001596153305
310357	0.002246410518
310358	0.0009079203054
310359	0.00187641479
310360	0.002147392396
310361	0.002176746117
310362	0.002150819674
310363	0.00244567215
310364	0.002467405928
310365	0.001667987275
310366	0.001284889632
310367	0.002078365778
310368	0.001967832157
310369	0.002864062861
310370	0.00243600514
310371	0.003484900693
310372	0.002527368824
310373	0.002562085185
310374	0.002520705181
310375	0.003141729366
310376	0.002477213807
310377	0.002157725824
310378	0.002121026176
310379	0.002254025069
310380	0.002721604724
310381	0.002079158578
310382	0.002406839004
310383	0.002337044966
310384	0.002450917484
310385	0.001682167103
310386	0.002004386512
310387	0.002273582075
310388	0.002221503585
310389	0.00252710235
310390	0.002186600806
310391	0.001728055845
310392	0.002529782912
310393	0.002598962165
310394	0.002191295936
310395	0.001683085329
310396	0.001270500676
310397	0.001890000914
310398	0.00111826355
310399	0.002813673616
310400	0.001853701352
310401	0.001320292125
310402	0.002055706962
310403	0.001631734833
310404	0.001676463987
310405	0.0006625314327
310406	0.002138078267
310407	0.001780264356
310408	0.0005027918977
310409	0.001744887865
310410	0.002503950372
310411	0.001581861285
310412	0.001512291008
310413	0.001735185534
310414	0.001889768945
310415	0.0004988294217
310416	0.00186971212
310417	0.001344124672
310418	0.0008196020181
310419	0.001397141606
310420	0.002010172279
310421	0.0006267884268
310422	0.001049299983
310423	0.0005349256647
310424	0.001151853614
310425	0.001762776363
310426	0.001350778251
310427	0.002452205363
310428	0.001070685729
310429	0.001406646887
310430	0.001128992313
310431	0.0005865027138
310432	0.002327320061
310433	0.001192724842
310434	8.894836554e-05
310435	0.001485343164
310436	0.001041941077
310437	0.001371825036
310438	0.001295313026
310439	0.001258692854
310440	0.001027447233
310441	0.0003649074579
310442	0.000803150284
310443	0.001192470953
310444	0.0006778978154
310445	0.001080993094
310446	0.0007963424991
310447	0.001360264393
310448	0.0005517257096
310449	0.00110748739
310450	0.001200455671
310451	0.001144529647
310452	0.001500198765
310453	0.0008520921687
310454	0.0006695263207
310455	0.001122038315
310456	0.001109031018
310457	0.0009675844781
310458	0.001029807514
310459	0.000389919596
310460	0.001531776585
310461	0.001071758718
310462	0.001072857889
310463	0.00114740584
310464	0.0008541634665
310465	0.001011686203
310466	0.0009877350479
310467	0.001181927026
310468	0.001491381208
310469	0.001465156931
310470	0.001630346136
310471	0.001719522331
310472	0.001778872597
310473	0.001401521887
310474	0.0009542281934
310475	0.00133100427
310476	0.0003651889273
310477	0.0009447830783
310478	0.0004504926901
310479	0.0003451844469
310480	0.00088499533
310481	0.0008553066225
310482	0.0008036674454
310483	0.000785484407
310484	0.0005629568451
310485	0.001105465309
310486	0.0004478590667
310487	0.000689705879
310488	0.0007719213217
310489	0.0003511602165
310490	0.0006430726652
310491	0.0002839453337
310492	0.0003943508272
310493	0.001478404066
310494	0.001100742899
310495	0.0009034605311
310496	0.001331699711
310497	0.001396183086
310498	0.001055119746
310499	0.001424156999
310500	0.001087176955
310501	0.001158646049
310502	0.0002936507612
310503	0.0006082585009
310504	0.000780087763
310505	0.0007524601806
310506	0.0009977894117
310507	0.000686777185
310508	0.0009257964717
310509	0.0004976686709
310510	0.0008587841333
310511	0.0008779157344
310512	0.0007341648464
310513	0.000792043752
310514	0.000409605124
310515	0.0002642209811
310516	0.0001476841471
310517	0.0008492207375
310518	0.0012542191
310519	0.0006066895896
310520	0.0008754786275
310521	0.001526452598
310522	0.0008388479821
310523	0.0005563244649
310524	0.0008079655229
310525	0.000958399204
310526	0.0008843762217
310527	0.0009201200026
310528	2.634812065e-05
310529	0.0003137115013
310530	0.000139580574
310531	0.000519578548
310532	0.0007954008733
310533	0.0008341699407
310534	0.0006795810883
310535	0.001116966219
310536	0.001254822305
310537	0.0007691970342
310538	0.0006664790201
310539	0.0002228409426
310540	0.0003868132823
310541	0.0006504610363
310542	0.0001799463704
310543	0.0003157487844
310544	0.001003857456
310545	0.0004312873213
310546	0.0004536651499
310547	0.0001390169258
310548	0.0003864712031
310549	0.000433438267
310550	0.0003790386757
310551	0.0001686281359
310552	9.947570467e-05
310553	0.0005050791206
310554	0.000363115549
310555	0.0004024822942
310556	0.0008451395615
310557	0.0006904376077
310558	0.0002233168363
310559	0.0001168082189
310560	0.0001311098189
310561	0.0001345466076
310562	0.0003483915544
310563	0.0003779954268
310564	0.0008911762755
310565	0.0004476235558
310566	0.0004744555947
310567	0.0005562974139
310568	0.0002241789936
310569	0.0002884977978
310570	0.0002059924465
310571	9.18131892e-05
310572	1.945933842e-05
310573	0.0004195852879
310574	0.0004102791983
310575	0.000388321651
310576	0.0005935631428
310577	0.0002057210284
310578	0.0002060864196
310579	0.000151047303
310580	0.0004746154499
310581	0.0002760612395
310582	0.001704850623
310583	0.001424846792
310584	0.00125294084
310585	0.001295825783
310586	0.00131982539
310587	0.001838101526
310588	0.001812404755
310589	0.001877321071
310590	0.00181106076
310591	0.0003907084901
310592	0.0009561528464
310593	0.001343884088
310594	0.001180366797
310595	0.0006778753981
310596	0.001690941937
310597	0.001788665362
310598	0.001549202082
310599	0.001624975683
310600	0.001319622584
310601	0.00208035186
310602	0.002069899308
310603	0.00102729913
310604	0.001558315965
310605	0.0009399560301
310606	0.001055790325
310607	0.001597045792
310608	0.001204624687
310609	0.0009046960718
310610	0.001831627678
310611	0.001600629928
310612	0.001778740204
310613	0.001684250795
310614	0.001643883862
310615	0.001076517323
310616	0.001477698426
310617	0.00168056831
310618	0.0017949905
310619	0.001040489503
310620	0.0009215627399
310621	0.00106089383
310622	0.00120570877
310623	0.001809322095
310624	0.001729912733
310625	0.00268019389
310626	0.001465567294
310627	0.0002419822338
310628	0.001980730375
310629	0.002053320249
310630	0.0005756856634
310631	0.001011631035
310632	0.0005096701421
310633	0.000243439966
310634	0.0007670384883
310635	0.001856898048
310636	0.00195424383
310637	0.000925700935
310638	0.00183991497
310639	0.001950423408
310640	0.0028157593
310641	0.001592692066
310642	0.00254477694
310643	0.003287337325
310644	0.003175583687
310645	0.002427753917
310646	0.003108079786
310647	0.002860447422
310648	0.002720951039
310649	0.002979715292
310650	0.003193537459
310651	0.002121498554
310652	0.002447339716
310653	0.001947880303
310654	0.002437863952
310655	0.002595217994
310656	0.002802533504
310657	0.002182674898
310658	0.002226466987
310659	0.002957935033
310660	0.002520850253
310661	0.003070408995
310662	0.00277747549
310663	0.00320476939
310664	0.002608069333
310665	0.0028527523
310666	0.002557896582
310667	0.003389479126
310668	0.002529797969
310669	0.002501576406
310670	0.0006223584438
310671	0.0004432935358
310672	0.0005343116091
310673	0.001466491482
310674	0.0005069881586
310675	0.000594983149
310676	0.0005047697605
310677	0.0006417019535
310678	0.0004891990266
310679	0.0006825034162
310680	0.0008284658036
310681	0.0004956329737
310682	0.0002469836419
310683	0.0006513858229
310684	0.0005027036814
310685	0.0002942409321
310686	0.001206967991
310687	0.000368976018
310688	0.0002739313173
310689	0.00187283192
310690	0.002464338362
310691	0.0005340831392
310692	3.053486959e-06
310693	0.000269805346
310694	0.0004833355818
310695	0.001564780535
310696	0.0001978962509
310697	0.0005113552945
310698	0.0007222457385
310699	0.0007719877708
310700	0.001177211485
310701	0.0019119029
310702	0.0004985383525
310703	0.0007803525192
310704	0.000915523919
310705	0.0008531846199
310706	0.0003026783461
310707	0.0007999629662
310708	0.0003448075124
310709	0.0008619915817
310710	0.0006706008406
310711	0.001461722109
310712	0.0009008292197
310713	0.001741727184
310714	0.0004472363097
310715	0.00150367794
310716	0.001248097382
310717	0.001731347997
310718	0.001000893254
310719	0.001628857462
310720	0.00129533685
310721	0.001421612364
310722	0.001273338198
310723	0.001223955537
310724	0.001494760281
310725	0.001415909685
310726	0.001088535265
310727	0.001569055416
310728	0.001497088597
310729	0.001635227042
310730	0.001493573093
310731	0.001253981365
310732	0.001879812963
310733	0.0007445725113
310734	0.0009235957106
310735	0.001877831211
310736	0.001316693081
310737	0.001904352685
310738	0.001639239932
310739	0.002129929289
310740	0.001639003921
310741	0.001088670395
310742	0.0003694093544
310743	0.001883253573
310744	0.001433086715
310745	0.001289493933
310746	0.00103274397
310747	0.002679914163
310748	0.002062982523
310749	0.001030903249
310750	0.0009799817062
310751	0.001615300139
310752	0.001280071344
310753	0.001122877612
310754	0.002715838337
310755	0.0005731707643
310756	0.0005852906459
310757	0.0004718379925
310758	0.0007509709238
310759	0.0002723498655
310760	0.000389081892
310761	0.00170632147
310762	0.0006744537204
310763	0.0001839059317
310764	0.0003177840071
310765	0.001610961593
310766	0.0002164636782
310767	0.0007432884747
310768	0.0007397032386
310769	0.00173016052
310770	0.000612589961
310771	0.001092638781
310772	0.0007368794882
310773	0.001111440617
310774	0.001363173639
310775	9.959642486e-05
310776	0.0003196994265
310777	0.0006789564411
310778	0.0004775872671
310779	0.0007439244514
310780	0.001252039205
310781	0.0002992798182
310782	0.0002201274626
310783	0.0005264610202
310784	0.0001801249599
310785	0.0009744870623
310786	0.0005857459814
310787	0.0007205983684
310788	0.000799636527
310789	0.0004977454882
310790	0.0003794024309
310791	0.0004823232736
310792	0.0008094812907
310793	0.0001271607527
310794	0.0003348298331
310795	0.001489084284
310796	0.001295384235
310797	0.001153509299
310798	0.0005044978016
310799	0.001564401981
310800	0.001911122923
310801	0.00140223886
310802	0.001440539476
310803	0.001573712494
310804	0.001152073678
310805	0.001523096949
310806	0.001523266009
310807	0.001825976578
310808	0.001222849007
310809	0.0005075073102
310810	0.00139854871
310811	0.001971577675
310812	0.001970268105
310813	0.001789391591
310814	0.0009519114399
310815	0.001230638966
310816	0.001144983071
310817	0.0006780868976
310818	0.001029642909
310819	0.0006430223093
310820	0.001305145968
310821	0.0016990747
310822	0.001517656387
310823	0.001204317967
310824	0.001346525477
310825	0.00156792991
310826	0.0012500006
310827	0.001538811598
310828	0.001189777546
310829	0.001466864754
310830	0.0004362734966
310831	0.001712990913
310832	0.001576393802
310833	0.001074277054
310834	0.001208557842
310835	0.001514774971
310836	0.001404822581
310837	0.001503335142
310838	0.001155152608
310839	0.001214745949
310840	0.00102543322
310841	0.0008673957091
310842	0.001182547244
310843	0.001257860307
310844	5.11105246e-05
310845	0.0001714196491
310846	0.002742538574
310847	0.001231237786
310848	0.001260332823
310849	0.00136274055
310850	0.001341132794
310851	0.001446596871
310852	0.001113923691
310853	0.001374279241
310854	0.0002244679973
310855	0.00142474512
310856	0.002620878962
310857	0.002450336455
310858	0.002834930072
310859	0.002431111705
310860	0.002419809414
310861	0.002017906642
310862	0.002439479458
310863	0.002451600738
310864	0.002518364871
310865	0.00246436876
310866	0.002665738582
310867	0.002935691983
310868	0.002550841023
310869	0.001725746241
310870	0.00191497166
310871	0.002762261549
310872	0.002772277129
310873	0.002328373675
310874	0.00133736321
310875	0.001686986223
310876	0.002147432054
310877	0.002586169855
310878	0.002328376356
310879	0.002924586828
310880	0.002569859225
310881	0.002627518885
310882	0.002782801048
310883	0.001881728701
310884	0.002147733433
310885	0.001210131908
310886	0.001446930721
310887	0.001807894332
310888	0.002755066321
310889	0.002789955469
310890	0.00271315602
310891	0.002646405408
310892	0.002955139778
310893	0.002731310427
310894	0.003148191756
310895	0.002682052589
310896	0.002508285771
310897	0.00247776718
310898	0.002435920959
310899	0.0005620442893
310900	0.001891720533
310901	0.001176229893
310902	0.001008014438
310903	0.00117196326
310904	0.001103566529
310905	0.001026427822
310906	5.764105634e-05
310907	0.0005854577633
310908	0.0009975154017
310909	0.0009318490127
310910	0.001066434325
310911	0.001162820991
310912	0.001197861713
310913	0.0004633062459
310914	0.001117879878
310915	0.0006398995269
310916	0.0001579007855
310917	0.0005287835072
310918	0.0003799249301
310919	0.0006629062184
310920	0.0004530373806
310921	0.001110907302
310922	0.001234631499
310923	0.0007526791553
310924	0.0008735759031
310925	0.0007851619769
310926	0.001144215182
310927	5.30928365e-05
310928	0.001220041854
310929	0.0009159042234
310930	0.001114376074
310931	0.0007143472534
310932	0.0001508237691
310933	0.0003747877224
310934	0.001569728211
310935	0.0003541357243
310936	0.0005363173087
310937	0.0002058191959
310938	0.001181078859
310939	0.001753178682
310940	0.00110821779
310941	0.001293287085
310942	0.0002497536019
310943	0.0008857854987
310944	0.0001024038611
310945	0.001288084929
310946	0.001024521412
310947	0.000245188635
310948	0.001290885176
310949	0.0001630686781
310950	0.0006362978557
310951	0.001061448559
310952	0.0004952676861
310953	0.0006382367743
310954	0.0007589029079
310955	0.0001863714961
310956	0.0009449972607
310957	0.001173796419
310958	0.0006828776795
310959	0.001188430184
310960	0.0009168758027
310961	0.000305424974
310962	9.34821797e-05
310963	0.0006461862785
310964	0.0004294389367
310965	6.195539855e-06
310966	0.0007738223716
310967	0.0005393959733
310968	0.0009302024993
310969	0.0001228968453
310970	0.0007665795231
310971	0.0009088348071
310972	0.001206295377
310973	0.0003681500536
310974	0.0008721563113
310975	0.0009816776365
310976	0.0007262914657
310977	0.002247595029
310978	0.001015581359
310979	0.0004859720798
310980	0.0003236028228
310981	0.0002275811218
310982	0.0007321724686
310983	0.00156860289
310984	0.001284744509
310985	0.0009263910761
310986	0.000803268104
310987	0.001241684535
310988	0.001272601111
310989	0.000712290889
310990	0.001477642096
310991	0.001382937879
310992	0.0001989503297
310993	0.001003324448
310994	0.001015962844
310995	0.001146750401
310996	0.001138659884
310997	0.0001854454836
310998	7.40204052e-05
310999	0.001076965043
311000	0.001251339243
311001	0.001228386909
311002	0.001186233991
311003	0.0008723143327
311004	0.0008998402846
311005	0.001060528403
311006	0.001198417375
311007	5.09861534e-05
311008	0.001496785795
311009	0.001373229329
311010	0.001433362859
311011	0.001376320187
311012	0.001557651712
311013	0.001102967441
311014	0.0004035278328
311015	0.001071390503
311016	0.0006202667348
311017	0.001450527826
311018	0.003184076927
311019	0.001365335214
311020	0.001410931452
311021	0.001890956298
311022	0.001529109165
311023	0.001306798674
311024	0.001237531406
311025	0.00119128503
311026	0.001401184466
311027	0.001734938692
311028	0.001230305509
311029	0.0006411731067
311030	0.001270488101
311031	0.001464888458
311032	0.0008438097102
311033	0.001966617498
311034	0.001279668998
311035	0.0008328332891
311036	0.00155182691
311037	0.001519987679
311038	0.0001472830062
311039	0.001206758321
311040	3.124354276e-05
311041	4.141655496e-05
311042	0.0009488816464
311043	0.0001194137406
311044	0.0008824093924
311045	8.858177964e-05
311046	0.0007567379911
311047	0.0003524589924
311048	5.344923061e-05
311049	0.0008552101269
311050	0.0007309639545
311051	0.0001350219382
311052	4.386402895e-05
311053	0.0002543800556
311054	0.0002893067746
311055	0.0001469295053
311056	0.0002249986864
311057	7.50127427e-05
311058	0.0001172037747
311059	0.0006508245213
311060	0.001526972875
311061	0.0004492054663
311062	0.0004769438267
311063	0.0008446842357
311064	0.0002005809156
311065	0.002468545141
311066	0.0005151910274
311067	0.000521891032
311068	0.0006379828873
311069	0.0007704255267
311070	0.0006773097348
311071	0.0007369477891
311072	0.0005152056599
311073	0.0009326360755
311074	0.0005509382494
311075	0.000675805686
311076	0.0009120490265
311077	0.000382213329
311078	0.001417582961
311079	0.001320713795
311080	0.0003646800411
311081	0.001126612903
311082	1.534824269e-05
311083	0.0008627359897
311084	0.00207016506
311085	0.0008543167339
311086	0.001124300559
311087	0.001069734227
311088	0.0004066682975
311089	0.0002087344364
311090	0.0004609700825
311091	0.001249554619
311092	0.0005836138226
311093	0.0007924883488
311094	0.000719851002
311095	0.0007880983686
311096	6.251943437e-05
311097	0.0004214926809
311098	0.0003256836579
311099	0.0002722240682
311100	0.0004603377692
311101	0.0002968763087
311102	0.0002856748744
311103	0.0007299523165
311104	0.0004621630777
311105	0.0001908358692
311106	6.248365271e-05
311107	0.0003360168455
311108	0.0001634645822
311109	0.000220848203
311110	0.0009406325562
311111	0.0001820588899
311112	0.0001707827967
311113	0.0002114148573
311114	0.0004028780293
311115	0.0004816498015
311116	0.0004783493653
311117	0.0003074545273
311118	0.0005124883856
311119	0.0009286492887
311120	2.140378714e-05
311121	8.544543432e-05
311122	0.0008116572204
311123	8.54258726e-05
311124	8.112071618e-05
311125	0.0001030867338
311126	0.000109482091
311127	6.954987147e-05
311128	0.0001775320531
311129	0.0004864418061
311130	0.000162208515
311131	0.0006697812721
311132	0.0003259071025
311133	0.0006529572384
311134	0.00124271151
311135	0.0001805710801
311136	0.0006561774691
311137	6.263672931e-05
311138	9.099579625e-05
311139	0.0004964482058
311140	3.338722361e-05
311141	0.0001487371626
311142	0.0001987177675
311143	0.0003941007659
311144	0.0008592593977
311145	0.0009709238031
311146	0.0002189447388
311147	0.0003880464099
311148	0.0004059797959
311149	0.0004168497543
311150	3.032540279e-05
311151	0.0005919096747
311152	0.0007808055617
311153	0.0002062368723
311154	0.0002560954474
311155	0.0001069826734
311156	0.0007229727057
311157	0.0001707607633
311158	0.0006440552887
311159	0.0003879393119
311160	0.0006979356913
311161	0.0001626723248
311162	0.000619924703
311163	0.0004904851774
311164	6.327481334e-05
311165	0.0001218705565
311166	0.000505854855
311167	0.001033204815
311168	0.0001097123755
311169	0.0002731073335
311170	0.0001889277609
311171	0.0004340528848
311172	0.0004689937405
311173	0.000424336021
311174	0.0005310003718
311175	0.000950450522
311176	6.974056354e-05
311177	2.121922543e-05
311178	0.0003625089858
311179	0.0001721139309
311180	0.0002505746936
311181	2.397757933e-05
311182	0.001312853023
311183	0.0005460767074
311184	0.001281648073
311185	0.001393410097
311186	0.001319595901
311187	0.0011510946
311188	0.0007383657305
311189	0.0008256988205
311190	0.0008379156858
311191	0.000213886333
311192	0.001010462863
311193	0.001259948897
311194	0.001859138578
311195	0.00141859425
311196	0.001295429203
311197	0.001420918411
311198	0.001318147797
311199	0.0009261195904
311200	0.001240851175
311201	0.00177705129
311202	0.001230817239
311203	0.0009418859533
311204	0.001189587125
311205	0.001859774997
311206	0.001624670835
311207	0.00141794522
311208	0.001185321307
311209	0.001146325785
311210	0.0005066255755
311211	0.001291276911
311212	0.001277629951
311213	0.0003603685603
311214	0.0003165278089
311215	0.0005276211305
311216	0.0007337125489
311217	0.0003769850683
311218	0.0002245377994
311219	0.000216105579
311220	0.0001046912544
311221	0.0003284249098
311222	0.0003395137747
311223	0.0005242388331
311224	5.329798678e-05
311225	7.214456238e-06
311226	0.0002920060751
311227	0.0002531070379
311228	0.0004838376382
311229	0.0002579069494
311230	0.0004999385055
311231	0.0007397909324
311232	0.0001463982284
311233	0.0003813626602
311234	0.0001262013684
311235	0.0001510470135
311236	0.0002491716059
311237	0.0002505724304
311238	0.0002731000026
311239	0.0003198612429
311240	0.000254490792
311241	1.52926984e-05
311242	8.193545777e-06
311243	0.0002526346111
311244	0.0004600076156
311245	0.0002756692663
311246	0.0002329665664
311247	0.0002275098481
311248	7.865915633e-05
311249	0.0003255515911
311250	5.121856199e-05
311251	0.0002313848092
311252	0.0002545643566
311253	0.0002197967043
311254	0.000338776495
311255	0.000327327957
311256	0.0002306112357
311257	0.0002340909712
311258	0.0001436943854
311259	0.0002535777557
311260	0.0002355797778
311261	1.540957987e-05
311262	0.0002189385946
311263	2.796713735e-05
311264	0.000260016349
311265	0.0002375493197
311266	0.0001966951225
311267	6.909157261e-05
311268	0.0002357953702
311269	0.0002679380684
311270	0.000227335578
311271	0.0002464194891
311272	0.0002326812918
311273	0.0002078229994
311274	0.0002886742773
311275	0.000259093448
311276	0.0002345356196
311277	0.0002744432354
311278	0.0002405957175
311279	0.0002336948478
311280	0.0002077246335
311281	0.0001902950127
311282	0.0002193426259
311283	0.000314713727
311284	0.0002636657864
311285	0.0002331187215
311286	0.0002520134568
311287	0.0002615387594
311288	0.0002652036801
311289	6.946550084e-05
311290	1.172208564e-05
311291	3.813487654e-05
311292	1.115873968e-05
311293	0.000351729915
311294	0.001434690207
311295	0.001717526658
311296	0.001443461663
311297	0.001308502947
311298	0.001101809108
311299	0.001632255815
311300	0.001685279439
311301	0.001074203423
311302	0.00152805247
311303	0.0009843643827
311304	0.001661681959
311305	0.001751881635
311306	0.0004290394169
311307	0.000867845238
311308	0.001340295507
311309	0.001605660045
311310	0.001171510501
311311	0.000831687805
311312	0.001422715984
311313	0.001448858759
311314	0.0004639962069
311315	0.00012868134
311316	0.001085162885
311317	0.0009623878987
311318	0.001171569235
311319	0.001451079792
311320	0.001858492981
311321	0.001344472087
311322	0.001512599299
311323	0.001801568459
311324	0.001843181619
311325	0.001324785057
311326	6.093251583e-05
311327	0.001929656238
311328	0.001469098884
311329	0.001493299677
311330	0.001448486683
311331	0.001700681344
311332	0.001435201393
311333	0.001553230428
311334	0.001492379139
311335	0.0009657717661
311336	0.001267497481
311337	0.001541536785
311338	0.001771718516
311339	0.001650058435
311340	0.00165605529
311341	0.001844339797
311342	0.001278666716
311343	0.000873181661
311344	0.0008727594063
311345	0.00157795903
311346	0.001476500996
311347	0.001181601947
311348	0.0009970270672
311349	0.00136386955
311350	0.001436760398
311351	0.001258616726
311352	0.001343607522
311353	0.0009840679397
311354	0.001546722819
311355	0.001509767225
311356	0.0004243345593
311357	0.0005844628232
311358	0.0004524286879
311359	0.0007001923144
311360	0.0001430116441
311361	0.0004823318121
311362	0.0004770357756
311363	0.0003053333134
311364	0.0003459609951
311365	0.001028987398
311366	0.001233161292
311367	0.0007169382182
311368	0.0003000785809
311369	0.0009322479568
311370	0.0008295805304
311371	0.001064178688
311372	0.000925561633
311373	0.00083464921
311374	0.001340276845
311375	0.000225006456
311376	2.504504845e-05
311377	0.0004087365789
311378	0.0005032049733
311379	0.0002432800402
311380	0.0004382782159
311381	0.001123981786
311382	0.001311667755
311383	0.0006258044161
311384	1.533327784e-05
311385	0.0006870534779
311386	0.0003456684801
311387	0.0008091218198
311388	0.00068421545
311389	0.001509046534
311390	0.0005292107505
311391	0.0001361082711
311392	0.0004543823305
311393	0.0004620952993
311394	0.0006865481712
311395	0.0006946827271
311396	0.00106594707
311397	0.001582060353
311398	0.001344384646
311399	0.0005822357169
311400	0.001199463274
311401	0.002517283005
311402	0.001050387225
311403	0.001178523749
311404	0.0004689186002
311405	0.0003600972175
311406	0.001617645054
311407	0.0002808041841
311408	0.001404084339
311409	0.001896500914
311410	0.001771867627
311411	0.001283682646
311412	0.0009858001775
311413	0.002069190312
311414	0.0006572875561
311415	0.001701555071
311416	0.00280224767
311417	2.017229228e-05
311418	0.0006837846535
311419	0.001657626455
311420	0.002438722409
311421	0.0001567589714
311422	0.00218277437
311423	0.001360347645
311424	0.0006784109057
311425	0.003078954261
311426	0.0009544757134
311427	0.000516312924
311428	1.098965109e-05
311429	0.001308119063
311430	0.001896482666
311431	0.0006375886299
311432	0.0003781554588
311433	0.002174816254
311434	0.008127982887
311435	0.001421245696
311436	0.0006602598066
311437	0.001546191665
311438	0.001471128761
311439	0.0002896109165
311440	0.0006398084436
311441	0.001325404361
311442	0.0005666364757
311443	0.0001433156299
311444	0.003376917709
311445	0.0008503086545
311446	0.0008889089317
311447	0.0001763904536
311448	0.0006487526417
311449	0.001042794186
311450	0.00134785096
311451	0.0005316016838
311452	0.002150019624
311453	0.0002738695298
311454	0.0005480716409
311455	0.0001837816648
311456	0.0001104256554
311457	6.353680937e-05
311458	3.316291689e-05
311459	0.002907463876
311460	0.0004641516618
311461	0.002000023671
311462	0.001441375656
311463	0.003072119004
311464	0.001388820909
311465	0.0007327319989
311466	0.003766065027
311467	0.00329155114
311468	0.001269884399
311469	0.003353127449
311470	0.002436258142
311471	0.001990806867
311472	0.0003058756353
311473	0.0004777783666
311474	0.000572995985
311475	0.001061187604
311476	0.0004768042253
311477	9.738247053e-05
311478	0.002785695553
311479	0.003187945277
311480	5.787704303e-05
311481	0.002828472076
311482	0.0004858858828
311483	0.0003123475017
311484	0.001588778918
311485	0.0001586673327
311486	0.0005349220745
311487	7.662208515e-05
311488	0.004215079104
311489	0.0001625925741
311490	0.006466274351
311491	1.446899022e-05
311492	0.000439285653
311493	0.001072060068
311494	0.0007528718037
311495	4.953089372e-05
311496	0.003141477217
311497	0.0004198997116
311498	0.0006288508297
311499	0.005221966006
311500	0.0006609419874
311501	0.001470357897
311502	0.002677001119
311503	3.341941711e-05
311504	0.001261664371
311505	0.005772083166
311506	0.0008403657404
311507	0.0005056149137
311508	3.682218319e-07
311509	0.001208189347
311510	0.0007329467404
311511	0.0004088226044
311512	0.0004048564861
311513	0.003271379157
311514	0.001573564262
311515	1.904582522e-05
311516	2.304065716e-05
311517	2.345312225e-05
311518	1.10795662e-05
311519	8.457105782e-05
311520	0.0002676125999
311521	3.391102753e-05
311522	2.842885603e-05
311523	3.40172915e-05
311524	1.37090677e-05
311525	1.246326273e-06
311526	1.792949689e-05
311527	8.155133856e-08
311528	1.840915747e-05
311529	8.787823772e-05
311530	7.9126941e-05
311531	5.578807915e-05
311532	3.555326143e-05
311533	0.003097478678
311534	0.00172914649
311535	2.538437235e-05
311536	4.232344206e-05
311537	0.001443467674
311538	0.0003339239903
311539	0.003343385122
311540	0.002259201209
311541	0.001163896835
311542	0.000840959734
311543	0.0005080892672
311544	0.001744720425
311545	0.002326659604
311546	0.0006311573802
311547	0.001749806348
311548	0.000267798036
311549	0.0008589985503
311550	0.00319441743
311551	0.001301027653
311552	0.000880635748
311553	0.005126327776
311554	7.785935942e-05
311555	0.00166816742
311556	0.0004400791982
311557	0.001128929425
311558	0.004927635308
311559	0.0041349555
311560	0.001184044807
311561	0.0014365347
311562	0.001889333033
311563	0.001124242238
311564	0.004531526795
311565	0.004249031413
311566	0.003294218899
311567	0.004972376197
311568	0.001968059389
311569	0.004990381567
311570	0.002349867187
311571	0.000671582584
311572	0.0008424263734
311573	0.000813478956
311574	0.0003221173884
311575	0.004475498001
311576	0.0004357469394
311577	0.0002489050391
311578	0.002704558753
311579	0.004777960837
311580	0.002643248182
311581	0.0003133128888
311582	0.001709715971
311583	0.0002858162401
311584	0.002050427685
311585	0.001405369425
311586	0.0001766869633
311587	2.582030789e-05
311588	0.00382980218
311589	0.0005542234042
311590	0.0004565961386
311591	7.707669336e-05
311592	0.0009115993266
311593	0.002327259812
311594	0.000164870262
311595	0.0004530675579
311596	0.002721852166
311597	0.001483226917
311598	0.000205954364
311599	0.0009275557584
311600	0.001021246556
311601	0.003247519145
311602	2.271107699e-05
311603	0.0005301545422
311604	0.0004557740465
311605	0.0004667507566
311606	0.0004211590166
311607	0.00197320955
311608	0.0002159569377
311609	0.001196449826
311610	0.0004247987091
311611	0.001074373293
311612	0.0004466445026
311613	0.0005967010884
311614	0.0004630500486
311615	0.001475812259
311616	0.004266484271
311617	0.0003121288199
311618	0.001357956275
311619	0.0005305712339
311620	0.0001887630152
311621	8.519634211e-05
311622	0.00171526156
311623	0.0003139975335
311624	5.394140151e-05
311625	9.531198338e-05
311626	0.001236106104
311627	0.0006228601958
311628	0.001783773488
311629	3.199397868e-05
311630	0.0004911822362
311631	7.825005237e-05
311632	0.0001484676771
311633	0.001582014221
311634	0.0001932715854
311635	0.0004877783543
311636	0.0001460816499
311637	2.668454206e-05
311638	0.0004354920996
311639	0.0005126776562
311640	0.0003211931033
311641	0.001928975497
311642	0.00116074284
311643	0.001317440116
311644	0.0009866917175
311645	0.0002995270895
311646	0.0007210317685
311647	0.001329098857
311648	0.0004934267731
311649	0.001168862611
311650	0.0001521762687
311651	0.001019544775
311652	0.001412170566
311653	0.001837110055
311654	0.001750500582
311655	0.001754664507
311656	0.002110448596
311657	0.001721127548
311658	0.001205059984
311659	0.001836043109
311660	0.001297610998
311661	0.001905657033
311662	0.001302827959
311663	0.001417532853
311664	0.001896660573
311665	0.001559742526
311666	0.001797262986
311667	0.001548769743
311668	0.002194395081
311669	0.001628041881
311670	0.001702299374
311671	0.001867960628
311672	0.001700253412
311673	0.00154083166
311674	0.001758090432
311675	0.00171948015
311676	0.001545943345
311677	0.001761371455
311678	0.001438058182
311679	0.001669315396
311680	0.001557596546
311681	0.001825739247
311682	0.001879234338
311683	0.001640990105
311684	0.001492800972
311685	0.001880603091
311686	0.001781328282
311687	0.001887119506
311688	0.001660569996
311689	0.001597800573
311690	0.00142947169
311691	0.001849141233
311692	0.001776015147
311693	0.001814657705
311694	0.001825075065
311695	0.001796723201
311696	0.001292712768
311697	0.002524560662
311698	0.001828533939
311699	0.001891800889
311700	0.001876031268
311701	0.002226512659
311702	0.001644645135
311703	0.00189058918
311704	0.001705004651
311705	0.001236102839
311706	0.002856137173
311707	0.001630182555
311708	0.001718751811
311709	0.001518115354
311710	0.002149958875
311711	0.001699804143
311712	0.001701765918
311713	0.00183371267
311714	0.001431332843
311715	0.001458531967
311716	0.001842776534
311717	0.001800716793
311718	0.001578475204
311719	0.001562031677
311720	0.001176288219
311721	5.168149124e-05
311722	0.0001004830185
311723	0.000278754408
311724	9.728110846e-05
311725	0.0004401903807
311726	0.0009789900429
311727	0.000264447149
311728	0.0007976970618
311729	0.0009698928328
311730	0.001244118649
311731	0.0007663030771
311732	6.457084909e-05
311733	0.0007811995698
311734	0.0004908921115
311735	0.0008726046967
311736	3.380355099e-06
311737	0.0002960960094
311738	0.000825470081
311739	5.452617754e-05
311740	0.001078100702
311741	0.001085184495
311742	0.0007732112503
311743	0.0001123631757
311744	0.0006342505089
311745	0.0009194878342
311746	0.0003085352926
311747	0.0009443537082
311748	0.0004700520087
311749	0.0006446454957
311750	0.0008947889689
311751	0.0006310900114
311752	0.0006891196291
311753	1.025716776e-05
311754	0.0007878648571
311755	0.0009460876859
311756	0.0007506301693
311757	0.0004994858558
311758	0.001175410215
311759	0.0004221093062
311760	0.0004816486067
311761	0.0002617227241
311762	0.001463118679
311763	0.001021039835
311764	7.913746324e-06
311765	7.870128828e-05
311766	0.0007951999988
311767	0.0004998857889
311768	0.0002411297029
311769	0.001757115329
311770	0.001038572659
311771	0.0004633943823
311772	8.263037346e-05
311773	0.0002251336098
311774	0.000395900324
311775	0.0001215224554
311776	0.0008293875622
311777	0.0002896101055
311778	0.0008401297971
311779	0.000649747307
311780	0.0002254128607
311781	0.0004734109289
311782	0.001272703139
311783	0.002201405186
311784	0.000207833704
311785	0.001114996475
311786	0.0002512124992
311787	0.000298115775
311788	0.0009671911798
311789	0.0001302452715
311790	0.000448508728
311791	9.895820613e-06
311792	0.0004555222748
311793	0.0002917906464
311794	0.0001898246949
311795	0.0002390537712
311796	0.001605947865
311797	0.00172361184
311798	0.0005605868175
311799	0.0002953739837
311800	0.0009561261781
311801	0.001163103144
311802	0.0007636325171
311803	0.0008699780629
311804	0.0008998697218
311805	0.001080178853
311806	7.139672564e-05
311807	0.0004996600976
311808	0.0009358661968
311809	0.0001242675633
311810	0.0009232724013
311811	0.0001360822786
311812	0.0001715795414
311813	0.0008572855826
311814	0.0006809881616
311815	0.0004047170086
311816	0.0001022251557
311817	0.000791248074
311818	0.001576728074
311819	0.0008393168374
311820	2.088609222e-05
311821	0.0003077204563
311822	0.000244931738
311823	0.0002977196396
311824	0.0005253778107
311825	0.0002795219427
311826	0.0002687178392
311827	0.001131077879
311828	0.0001726621738
311829	0.0007724495499
311830	0.0009219344515
311831	0.0006446733254
311832	0.0008726420381
311833	0.0006452542519
311834	0.0001340771691
311835	0.0005812622743
311836	0.0006568183677
311837	0.0007576469381
311838	0.00102006661
311839	0.002421096973
311840	0.0008709368681
311841	0.0004723147553
311842	0.0009879167847
311843	0.0006487737573
311844	2.740760067e-05
311845	0.0003527841776
311846	0.0007320539907
311847	0.000781981239
311848	0.0007738194952
311849	0.000417331074
311850	0.001063243155
311851	0.0007557305856
311852	0.00161618513
311853	0.002176708529
311854	0.0002847622147
311855	6.795237022e-05
311856	0.0009689543263
311857	0.0002412406643
311858	0.0003366815363
311859	0.0003595315957
311860	0.0002745167805
311861	0.0003563817974
311862	0.0007952523618
311863	0.001199710608
311864	0.001497923282
311865	0.001220439045
311866	0.0002443330585
311867	0.0007859179556
311868	0.0006845863449
311869	1.34693094e-05
311870	0.000744450154
311871	0.0004580460088
311872	0.0005150515569
311873	0.0001279576843
311874	0.0005650067176
311875	0.0002653090757
311876	0.001156185885
311877	9.083674973e-05
311878	3.879745405e-05
311879	0.00108832737
311880	0.001173890361
311881	0.001059975316
311882	0.0009709249501
311883	0.0009059024883
311884	0.001040512648
311885	0.0006278109389
311886	0.001371977484
311887	0.0008558446504
311888	0.001499464447
311889	0.0004430458328
311890	0.001868826339
311891	0.0002818166689
311892	0.0001646944999
311893	0.0005348887822
311894	0.0004693720729
311895	0.000624163315
311896	0.0004540067169
311897	0.0004198659554
311898	0.0004659308495
311899	0.0005584832391
311900	0.001383147035
311901	0.001752943614
311902	0.001602405397
311903	0.001788617846
311904	0.001512756487
311905	0.001771395101
311906	0.001940372182
311907	0.001767590196
311908	0.001730164701
311909	0.001813794285
311910	0.0004943690517
311911	0.003978412036
311912	0.002718833345
311913	0.001858499769
311914	0.002229243948
311915	0.0004194186595
311916	1.565638583e-05
311917	0.0004240049653
311918	0.0008638604906
311919	0.002871235391
311920	0.001163550365
311921	0.00478550791
311922	0.00375148076
311923	0.001516687884
311924	0.001883047488
311925	0.003245970904
311926	0.0002409688361
311927	0.001572393731
311928	9.729785471e-05
311929	0.002542304236
311930	0.001215039194
311931	0.002223406824
311932	0.001437308132
311933	0.002433498316
311934	0.0007895098368
311935	0.00326652412
311936	0.005451147787
311937	0.00175198011
311938	0.001735959482
311939	0.004287178711
311940	0.0008175169812
311941	0.002897038927
311942	0.001446642312
311943	0.0002046134506
311944	0.001784118427
311945	0.001009065633
311946	0.002665630607
311947	0.001519780621
311948	0.0008982253105
311949	0.001368883497
311950	0.0009518191752
311951	0.001140002761
311952	0.002455092112
311953	9.972895748e-05
311954	4.268850979e-05
311955	0.001583031041
311956	0.0006319470277
311957	0.004083909533
311958	0.004750403865
311959	9.579893674e-05
311960	0.0004805379432
311961	0.001502805571
311962	0.001282367443
311963	0.001665130501
311964	0.001795157149
311965	0.0005411418358
311966	0.001554261854
311967	0.0005768464175
311968	0.0009890231647
311969	0.0009852744254
311970	0.001571718839
311971	0.004699193148
311972	0.001797837518
311973	0.00449376049
311974	0.001129273187
311975	0.002054546773
311976	8.035627709e-05
311977	4.23184131e-05
311978	0.001377953327
311979	0.00140170793
311980	0.00207868633
311981	0.001619790261
311982	3.829843545e-05
311983	0.002848475332
311984	0.0004476974057
311985	0.0001498556142
311986	0.0007109874233
311987	0.001315916198
311988	0.0002820926235
311989	0.003379968051
311990	0.002355431606
311991	0.002045214089
311992	0.001451359935
311993	0.0009592562355
311994	0.0008833852311
311995	0.001488563214
311996	0.00115392625
311997	0.001368759591
311998	0.002541550359
311999	0.002254171891
312000	0.0003309093106
312001	0.002412813792
312002	0.001074782182
312003	0.004834602227
312004	0.002362578161
312005	0.001456573741
312006	0.004978224521
312007	0.001495067428
312008	0.0014290754
312009	0.00276848703
312010	0.001727266134
312011	0.001731154048
312012	0.0005025631269
312013	0.0003782972477
312014	0.0001363237961
312015	0.004104529408
312016	3.290643362e-05
312017	0.0002516103065
312018	0.001539334323
312019	0.0006819206037
312020	0.000614487603
312021	0.002602485271
312022	0.0002275455549
312023	0.003158859372
312024	0.001269601426
312025	0.001649422008
312026	0.002744440609
312027	0.001203550201
312028	0.001111197875
312029	0.004130078014
312030	0.000765706341
312031	0.0003509133124
312032	0.001993715944
312033	0.002060079593
312034	0.001940015125
312035	0.001276728428
312036	0.0003843287334
312037	0.0006648775969
312038	0.00110679058
312039	0.0003788352221
312040	0.002993244567
312041	0.0007753033709
312042	0.0001429263622
312043	0.001569317005
312044	0.002223658091
312045	0.001311879971
312046	0.0002751606139
312047	0.0006203990775
312048	0.001431313022
312049	0.0007721281792
312050	0.002432479702
312051	0.0004258635752
312052	0.00145941465
312053	0.001014738789
312054	0.0004255428863
312055	0.001072558913
312056	0.001462922884
312057	0.002526671168
312058	0.0001181610829
312059	0.002540721704
312060	0.001611350612
312061	0.0001707122078
312062	0.0004381803334
312063	0.0009734307221
312064	0.001258990445
312065	0.002042048903
312066	0.001891479946
312067	0.0005809715627
312068	0.004290608011
312069	0.0002547271041
312070	0.00186704118
312071	4.007709743e-06
312072	0.0009836409185
312073	0.002485010554
312074	0.004011798936
312075	0.002759168967
312076	0.0001445825601
312077	0.001264414166
312078	0.002228305056
312079	0.0002312807823
312080	0.00142590398
312081	0.001240095634
312082	0.0003759785485
312083	0.0001441994321
312084	0.001950767152
312085	0.001700926031
312086	0.0006905414033
312087	0.0005866849456
312088	0.0005731186451
312089	0.002397508217
312090	0.0001778519797
312091	0.0005405474677
312092	0.0008383281902
312093	0.001897405155
312094	0.002669541709
312095	0.0002999170757
312096	0.001614553542
312097	0.0003682918633
312098	0.0006008008112
312099	0.002862936373
312100	0.0001317835552
312101	0.001753016347
312102	0.001898058032
312103	0.001634802732
312104	0.001673697854
312105	0.002120327875
312106	0.001621452164
312107	0.00177931152
312108	0.001573771503
312109	0.00198263997
312110	0.001742192621
312111	0.001460783418
312112	0.001784233054
312113	0.001575740159
312114	0.001680630193
312115	0.001534130771
312116	0.001671326458
312117	0.002004934076
312118	0.00198069284
312119	0.001658351712
312120	0.001943935989
312121	0.001961218926
312122	0.001435801352
312123	0.001753936837
312124	0.001770743167
312125	0.002543082833
312126	0.00165017915
312127	0.00184464798
312128	0.001395408893
312129	0.001817170576
312130	0.001601043126
312131	0.00141820232
312132	0.001676134878
312133	0.001892130501
312134	0.001816100307
312135	0.001572098566
312136	0.001327134266
312137	0.00178178303
312138	0.001805128406
312139	0.001373672829
312140	0.001594841557
312141	0.001799987056
312142	0.001434434467
312143	0.001470971562
312144	0.001609179529
312145	0.001841021354
312146	0.002239610954
312147	0.002544466628
312148	0.002086415149
312149	0.001674646932
312150	0.001661035981
312151	0.001792881922
312152	0.002222462272
312153	0.001746971736
312154	0.00147616162
312155	0.001883585245
312156	0.001073183111
312157	0.001767397127
312158	0.001518915513
312159	0.001618157546
312160	0.002246012963
312161	0.002122479067
312162	0.001689935894
312163	0.001786800886
312164	0.002042060738
312165	0.001694799828
312166	0.001621579806
312167	0.00142674224
312168	0.001789002703
312169	0.001718458053
312170	0.001389350426
312171	0.001927492743
312172	0.001797483718
312173	0.001777682606
312174	0.001586849263
312175	0.002071089411
312176	0.001787825291
312177	0.002300608954
312178	0.001462485473
312179	0.001675044021
312180	0.001340549195
312181	0.001629663087
312182	0.001671647932
312183	0.001923317215
312184	0.00183550284
312185	0.001366402078
312186	0.001830440617
312187	0.002185975898
312188	0.00181642609
312189	0.001775259415
312190	0.001725331922
312191	0.001719843357
312192	0.001954229522
312193	0.001954543395
312194	0.001631687788
312195	0.001790329389
312196	0.001350482272
312197	0.001362483637
312198	0.00117379899
312199	0.001815647347
312200	0.001332155996
312201	0.00180862112
312202	0.00169753843
312203	0.001857730383
312204	0.002242499911
312205	0.002071644198
312206	0.002130227216
312207	0.002010884757
312208	0.001642686362
312209	0.001832823986
312210	0.002165375948
312211	0.002014895524
312212	0.001815583654
312213	0.001540193557
312214	0.001524508611
312215	0.001192349175
312216	0.001738530661
312217	0.001497854998
312218	0.001748928791
312219	0.001937547074
312220	0.001790615065
312221	0.001740056627
312222	0.001612835132
312223	0.00200907689
312224	0.001470998417
312225	0.001586144828
312226	0.002014258428
312227	0.001823633489
312228	0.001167709487
312229	0.001258375615
312230	0.001532346576
312231	0.001850446075
312232	0.00149462715
312233	0.001699719224
312234	0.00175144228
312235	0.00199303768
312236	0.002582935548
312237	0.001790508501
312238	0.001664642143
312239	0.001992911668
312240	0.0006414623015
312241	0.001694361875
312242	0.0009496978674
312243	0.001968019929
312244	0.001183305296
312245	0.001917963204
312246	0.001842173415
312247	0.001707513137
312248	0.001233621381
312249	0.002291079764
312250	0.004181912358
312251	0.001478097369
312252	0.003383101133
312253	0.002639097214
312254	0.0006195086242
312255	0.002299870195
312256	0.0007627246888
312257	0.001699394726
312258	0.0003325562331
312259	0.001700926031
312260	0.001463947709
312261	0.0006676462786
312262	0.0004756865727
312263	0.002104984182
312264	0.002030798846
312265	0.001510934794
312266	0.001490473196
312267	0.001714029336
312268	0.001979501316
312269	0.00132612456
312270	0.001108477766
312271	0.002078261823
312272	0.001794451149
312273	0.001599774897
312274	0.0015026478
312275	0.001727416594
312276	0.001327204679
312277	0.001699392203
312278	0.001679255534
312279	0.001809612966
312280	0.001685932546
312281	0.001901778114
312282	0.001628581165
312283	0.00117026528
312284	0.001644325776
312285	0.001688576782
312286	0.001746216421
312287	0.001654759059
312288	0.001680434327
312289	0.001714740432
312290	0.001578442817
312291	0.001475610561
312292	0.002606889787
312293	0.001559650382
312294	0.001738034732
312295	0.002255700592
312296	0.002009322954
312297	0.001712121228
312298	0.001719919014
312299	0.002157756918
312300	0.001527905204
312301	0.001940704638
312302	0.001709081352
312303	0.001513891758
312304	0.00188371461
312305	0.001913932525
312306	0.00174363179
312307	0.001349631602
312308	0.002170582164
312309	0.001691447726
312310	0.001763035403
312311	0.001861017589
312312	0.001994879315
312313	0.001889353247
312314	0.001934426824
312315	0.001898399921
312316	0.002022198337
312317	0.001522982796
312318	0.000836062863
312319	0.001765123119
312320	0.001572927195
312321	0.001798428499
312322	0.001428565648
312323	0.001563485983
312324	0.001284525311
312325	0.00192787871
312326	0.001704030082
312327	0.001830423992
312328	0.0007640575377
312329	0.001650509379
312330	0.00150966441
312331	0.001624860747
312332	0.001568219752
312333	0.001570739226
312334	0.00187318708
312335	0.001732069542
312336	0.001695554358
312337	0.001736603813
312338	0.001686816776
312339	0.001743004451
312340	0.001740672168
312341	0.001798545806
312342	0.001878303638
312343	0.001545648084
312344	0.001357385401
312345	0.001684285023
312346	0.001755862627
312347	0.001857384806
312348	0.001545052402
312349	0.001719975414
312350	0.001862233881
312351	0.001960704041
312352	0.001618951875
312353	0.002061221329
312354	0.001943375051
312355	0.001604266467
312356	0.001787701351
312357	0.001905406413
312358	0.001733237945
312359	0.001799694709
312360	0.001472939454
312361	0.001704659866
312362	0.001890628704
312363	0.001847598726
312364	0.001941926878
312365	0.001996934973
312366	0.002052719824
312367	0.001476946534
312368	0.001470129591
312369	0.001533450655
312370	0.00180092218
312371	0.001863120576
312372	0.001835666223
312373	0.001369892236
312374	0.001916596074
312375	0.001848346145
312376	0.002089949598
312377	0.001480471516
312378	0.001853033674
312379	0.001867697375
312380	0.001711645233
312381	0.002067564984
312382	0.001613601489
312383	0.001923654636
312384	0.001790799491
312385	0.001999085496
312386	0.002110891457
312387	0.001939826714
312388	0.001857963214
312389	0.001807334595
312390	0.001919780189
312391	0.00190618348
312392	0.001954030256
312393	0.001744114662
312394	0.001657842292
312395	0.002195371818
312396	0.001175254663
312397	0.001609357095
312398	0.001375510826
312399	0.001905039471
312400	0.001732689541
312401	0.00165525233
312402	0.0007509542898
312403	0.002121444434
312404	0.001640018431
312405	0.001671473286
312406	0.002396935219
312407	0.0003521944006
312408	0.002962436787
312409	0.001503216996
312410	0.003742919026
312411	0.0007350051574
312412	0.00576907234
312413	0.001114853693
312414	0.002537382921
312415	0.001571905821
312416	0.001474776716
312417	0.001630619451
312418	0.00183870898
312419	0.001570632199
312420	0.0002216067866
312421	0.0003838675307
312422	0.003828608383
312423	0.003968749774
312424	0.001869474225
312425	0.003506312169
312426	0.001940596245
312427	0.001665613131
312428	0.001102601091
312429	0.000196808003
312430	0.005371954594
312431	0.001684307687
312432	0.003318524397
312433	0.003187006806
312434	0.001417564559
312435	0.002554360022
312436	0.001075389066
312437	0.001978006782
312438	0.006438203011
312439	0.001040959616
312440	0.0008578280486
312441	0.001560232801
312442	0.001039317301
312443	0.001979467016
312444	0.001761707791
312445	0.001791170759
312446	0.001689153729
312447	0.001737636782
312448	0.002159957176
312449	0.001841782469
312450	0.001817740035
312451	0.001545308043
312452	0.00150817678
312453	0.002167425721
312454	0.001709354735
312455	0.001706121997
312456	0.001976237607
312457	0.001753841733
312458	0.001887074064
312459	0.001211112108
312460	0.00198788363
312461	0.001217672832
312462	0.001957125054
312463	0.001598515551
312464	0.00143128113
312465	0.001595756109
312466	0.001352369768
312467	0.002224114762
312468	0.002009634043
312469	0.001654586477
312470	0.00178451141
312471	0.001732821095
312472	0.001724632014
312473	0.001589707664
312474	0.001861891913
312475	0.002097429581
312476	0.001847854817
312477	0.002687199406
312478	0.001935146414
312479	0.001993253764
312480	0.001501705291
312481	0.001735376352
312482	0.0006269697821
312483	8.620240388e-05
312484	0.0009013222799
312485	0.001700926031
312486	0.003501478328
312487	0.0005411890943
312488	0.004802411596
312489	0.00269492751
312490	0.002604886367
312491	0.0006491118666
312492	0.00202039523
312493	0.00044744104
312494	0.000745877124
312495	0.000743884454
312496	0.001740139024
312497	0.001648772786
312498	0.002274062063
312499	0.001831980173
312500	0.001871822487
312501	0.001885978874
312502	0.001761309845
312503	0.00193385542
312504	0.001573136337
312505	0.001619880111
312506	0.001889563657
312507	0.001173706819
312508	0.001683631658
312509	0.001941046674
312510	0.001226477758
312511	0.001682756981
312512	0.001761176481
312513	0.001713997435
312514	0.002012341035
312515	0.001831313518
312516	0.001389478147
312517	0.001570123093
312518	0.00178391213
312519	0.001546492838
312520	0.002232720316
312521	0.001935057341
312522	0.001702156803
312523	0.001791594629
312524	0.001659678172
312525	0.001720555354
312526	0.001963058307
312527	0.001422309847
312528	0.0017474903
312529	0.001588900656
312530	0.001890857379
312531	0.001649579164
312532	0.001616242206
312533	0.001829272416
312534	0.001553839003
312535	0.001954143971
312536	0.001316046793
312537	0.001863000466
312538	0.001882686035
312539	0.001652218491
312540	0.002032557647
312541	0.001716951991
312542	0.001895531371
312543	0.001832015436
312544	0.002416761858
312545	0.001734336862
312546	0.001583036421
312547	0.001741188063
312548	0.001680090656
312549	0.001710950553
312550	0.001709392485
312551	0.001783965048
312552	0.002523856414
312553	0.001822992829
312554	0.001799109303
312555	0.0008104083925
312556	0.0001371627781
312557	0.001232339582
312558	0.001209496886
312559	0.002919312747
312560	0.0001709606935
312561	0.0004489784281
312562	0.001271531333
312563	7.729693994e-05
312564	0.00124555689
312565	0.001415353749
312566	0.0008871643828
312567	0.001146325443
312568	0.0002464059733
312569	0.002152680675
312570	0.0008218126353
312571	0.003300009249
312572	0.0003179982946
312573	0.0007541194736
312574	0.001445735411
312575	0.0006660885793
312576	2.618324925e-05
312577	0.0003991890646
312578	0.0008849175483
312579	0.00136983192
312580	0.001679202947
312581	0.001780280345
312582	0.001364110923
312583	0.001049056026
312584	0.0004314580721
312585	0.000821216017
312586	0.001798759356
312587	0.0004445075584
312588	0.0004960008831
312589	0.0007005139419
312590	0.0002001471369
312591	0.001445569168
312592	0.002082989911
312593	0.0005253296461
312594	0.002291369665
312595	0.0002185116608
312596	0.002620243639
312597	0.004565112486
312598	0.0001650790052
312599	0.001461707353
312600	0.001511581052
312601	0.001973233212
312602	0.00181171432
312603	0.00174783563
312604	0.001573869915
312605	0.001498359936
312606	0.002096436859
312607	0.001564144838
312608	0.001939885448
312609	0.001685781232
312610	0.00189581321
312611	0.001565052356
312612	0.001686259498
312613	0.001836885612
312614	0.00173415967
312615	0.001543615721
312616	0.002450128854
312617	0.001525729438
312618	0.001774248511
312619	0.001313740327
312620	0.001570069024
312621	0.001739964037
312622	0.001612785893
312623	0.00170407176
312624	0.001838502654
312625	0.001539699673
312626	0.001718791809
312627	0.001972892065
312628	0.001959634452
312629	0.002177974872
312630	0.001845132417
312631	0.001851466475
312632	0.001875581123
312633	0.001950505602
312634	0.002348949871
312635	0.001775376062
312636	0.00192075531
312637	0.00173365767
312638	0.001367452325
312639	0.001545340758
312640	0.00165598519
312641	0.001358654661
312642	0.001489307227
312643	0.001576323379
312644	0.001529466916
312645	0.001982669331
312646	0.001782597832
312647	0.001605764651
312648	0.001827466997
312649	0.002081195069
312650	0.001642991898
312651	0.001819551444
312652	0.00179025986
312653	0.001541923001
312654	0.001810381452
312655	0.001421802235
312656	0.001750061707
312657	0.00156094222
312658	0.002131427452
312659	0.001865158933
312660	0.001899201924
312661	0.001776893183
312662	0.001488336109
312663	0.001751783802
312664	0.001966173441
312665	0.001730852264
312666	0.001753337755
312667	0.001719274649
312668	0.001949270189
312669	0.001691549651
312670	0.001896789364
312671	0.001506858244
312672	0.001815992705
312673	0.001898476259
312674	0.002039569446
312675	0.001639203005
312676	0.001813576384
312677	0.001848739223
312678	0.001765912674
312679	0.001438075097
312680	0.001458946997
312681	0.002103478992
312682	0.001771726954
312683	0.001602232577
312684	0.001831865841
312685	0.001863154473
312686	0.001647430074
312687	0.002156224601
312688	0.001921428495
312689	0.00186926761
312690	0.002374632106
312691	0.001965693369
312692	0.001892307597
312693	0.001847651672
312694	0.001726076516
312695	0.00106241041
312696	0.001862138489
312697	0.00174308555
312698	0.001716303942
312699	0.00183511931
312700	0.002282272249
312701	0.001860409419
312702	0.001529741552
312703	0.001676793895
312704	0.00157139319
312705	0.001780205268
312706	0.001542669004
312707	0.001708619609
312708	0.001590486661
312709	0.00182725359
312710	0.001681860727
312711	0.001610829915
312712	0.001512026908
312713	0.001734785724
312714	0.001762291849
312715	0.001584901904
312716	0.001883669219
312717	0.001570758012
312718	0.001923737858
312719	0.001830689317
312720	0.001593108517
312721	0.001859650919
312722	0.001585342024
312723	0.001654832403
312724	0.001974949436
312725	0.001465273861
312726	0.001609998598
312727	0.001758487877
312728	0.001755050537
312729	0.001282469018
312730	0.001703355158
312731	0.001843163127
312732	0.001878721312
312733	0.001808268821
312734	0.001910033192
312735	0.001671382909
312736	0.001624773854
312737	0.00194848471
312738	0.001603012608
312739	0.001635339437
312740	0.001729287099
312741	0.001890529027
312742	0.001744066295
312743	0.001436689877
312744	0.001711010364
312745	0.001778281321
312746	0.001776184208
312747	0.00209871034
312748	0.001882934358
312749	0.001659148743
312750	0.001401860692
312751	0.001966540587
312752	0.001528924755
312753	0.001763096435
312754	0.001757154065
312755	0.001694151166
312756	0.001711417769
312757	0.00171041212
312758	0.001724792032
312759	0.001891768814
312760	0.001433110153
312761	0.001895914865
312762	0.001897505238
312763	0.001795435311
312764	0.001594589319
312765	0.001843402514
312766	0.001919290961
312767	0.001527893798
312768	0.001802597226
312769	0.001724189483
312770	0.001717457307
312771	0.001820376191
312772	0.001898187276
312773	0.001805801748
312774	0.001164999388
312775	0.001298625078
312776	0.002042293016
312777	0.001749442695
312778	0.001547409323
312779	0.001773571356
312780	0.00189115393
312781	0.002039207382
312782	0.001959589735
312783	0.00171158302
312784	0.001873214203
312785	0.001638219987
312786	0.001866854645
312787	0.001681742682
312788	0.001646321276
312789	0.001894472959
312790	0.001789789723
312791	0.001826334428
312792	0.001904798895
312793	0.002195068768
312794	0.001845466227
312795	0.001538037484
312796	0.002069151954
312797	0.002120457965
312798	0.001851784055
312799	0.001680888254
312800	0.001893735623
312801	0.001984977949
312802	0.00180723361
312803	0.001826504687
312804	0.001983496369
312805	0.0017100768
312806	0.001723306688
312807	0.001975408507
312808	0.001652835374
312809	0.001680860586
312810	0.001614859148
312811	0.001780047485
312812	0.001751260002
312813	0.001448538723
312814	0.001932003025
312815	0.001675539661
312816	0.002033877176
312817	0.001670560563
312818	0.001914636798
312819	0.002465207867
312820	0.002041107022
312821	0.001945224111
312822	0.001692072171
312823	0.001584348583
312824	0.001783422515
312825	0.001722780498
312826	0.001307275045
312827	5.128507591e-05
312828	0.001096039473
312829	0.002098520289
312830	0.0006297223628
312831	0.001275996517
312832	0.0007859812533
312833	0.0002242883754
312834	0.003117214241
312835	0.001169272271
312836	0.00134935251
312837	0.003441991914
312838	0.004162785795
312839	0.003693727341
312840	0.001580130934
312841	0.001536475825
312842	0.0003642378546
312843	0.000911228875
312844	0.002685207092
312845	0.002424289271
312846	0.0005592407852
312847	0.0008221081446
312848	0.002654206035
312849	0.0002872892358
312850	0.0008485338718
312851	0.0002037309615
312852	0.0003383646026
312853	0.002213373411
312854	0.0004957711327
312855	0.0008366834881
312856	0.001270824763
312857	0.001385148556
312858	0.003806267532
312859	0.00321574144
312860	0.0008595704894
312861	0.002213043683
312862	0.00124183825
312863	0.0002007520559
312864	0.001126268419
312865	0.001390625503
312866	0.0004860287192
312867	0.0002921658071
312868	0.002067696326
312869	0.00100133866
312870	0.001858043614
312871	0.003547604555
312872	0.0009029274846
312873	6.402607816e-05
312874	0.0005349713566
312875	0.001475562013
312876	0.001243461728
312877	0.001630468493
312878	0.001750120089
312879	5.682836694e-05
312880	0.001336249605
312881	0.0006066052999
312882	0.001735560635
312883	0.001555724054
312884	0.0002767352905
312885	0.001298991275
312886	0.001793755718
312887	0.001681006202
312888	0.0009789573668
312889	0.002310264546
312890	0.0005523772953
312891	0.003747486025
312892	0.003264806965
312893	0.002032275844
312894	0.0001694030692
312895	0.000396385486
312896	0.002241138151
312897	0.001876413982
312898	0.001172183472
312899	0.001060936382
312900	0.001956104238
312901	0.0009729214357
312902	0.002050068116
312903	0.003065039316
312904	0.001696951592
312905	0.001418778852
312906	0.00153691941
312907	0.001718276104
312908	0.00188406648
312909	0.001909901326
312910	0.00174736344
312911	0.001746248697
312912	0.002202555706
312913	0.002175161346
312914	0.00193105636
312915	0.001558143238
312916	0.001688935288
312917	0.001543720734
312918	0.0015653967
312919	0.002649507752
312920	0.001784949923
312921	0.001677953695
312922	0.001810110491
312923	0.001657114893
312924	0.001664350503
312925	0.001504958615
312926	0.001671880176
312927	0.001825613575
312928	0.001477706013
312929	0.001513460121
312930	0.001725165894
312931	0.001201190501
312932	0.001679255786
312933	0.002002147485
312934	0.001622841182
312935	0.002360478607
312936	0.002014993126
312937	0.002290791768
312938	0.001333828326
312939	0.001711754478
312940	0.001919915909
312941	0.001553839363
312942	0.001567691915
312943	0.002000984153
312944	0.001328740099
312945	0.001600605669
312946	0.001908825076
312947	0.001761890985
312948	0.002199617648
312949	0.001621559802
312950	0.001280432592
312951	0.002021227233
312952	0.002095866608
312953	0.001756002363
312954	0.001774781791
312955	0.001520799367
312956	0.001510278049
312957	0.0005471620779
312958	0.001888968944
312959	0.0009899788668
312960	0.00171668747
312961	0.0008587303921
312962	0.001699878816
312963	0.001999340705
312964	0.001752771775
312965	0.0009955405364
312966	0.001746774568
312967	0.001589963584
312968	0.002283176558
312969	0.001944031024
312970	0.001660631649
312971	0.0009071788155
312972	0.00127058138
312973	0.00203967333
312974	0.001449962731
312975	0.001327347114
312976	0.001368958207
312977	0.001184286046
312978	0.002423053493
312979	0.002052030556
312980	0.00108977722
312981	0.001020240916
312982	0.001300897271
312983	0.002741985816
312984	0.002491801459
312985	0.00122055518
312986	0.001357665709
312987	0.001662723848
312988	0.001713548205
312989	0.002069774575
312990	0.001715544516
312991	0.001546325357
312992	0.001581882614
312993	0.001829947339
312994	0.001716321055
312995	0.001571102621
312996	0.001749641662
312997	0.001743024432
312998	0.002002542873
312999	0.001688153515
313000	0.001758267193
313001	0.001468811807
313002	0.001829764225
313003	0.00196611168
313004	0.0003017714421
313005	0.001980273288
313006	0.002434816656
313007	0.001734258233
313008	0.001539160659
313009	0.002130855582
313010	0.001494788881
313011	0.001908530056
313012	0.001841065921
313013	0.001875668172
313014	0.001701996869
313015	0.001512021928
313016	0.001651973487
313017	0.001937763042
313018	0.001925914897
313019	0.00169862847
313020	0.001891642187
313021	0.001243619355
313022	0.001674489566
313023	0.001622425579
313024	0.002302049477
313025	0.001900260408
313026	0.001720985946
313027	0.001969575565
313028	0.00170238378
313029	0.001944007171
313030	0.001802408216
313031	0.001699527734
313032	0.001724309395
313033	0.001780512296
313034	0.001844363514
313035	0.001542679036
313036	0.001499691647
313037	0.001544424195
313038	0.001922849837
313039	0.001598702171
313040	0.001767062077
313041	0.001950986174
313042	0.001756944291
313043	0.001692700737
313044	0.001955370098
313045	0.00131062521
313046	0.001138838024
313047	0.00178295763
313048	0.002068432276
313049	0.001753147241
313050	0.001826494175
313051	0.001761090878
313052	0.001756993844
313053	0.001861033937
313054	0.001890505805
313055	0.001654837272
313056	0.001789098057
313057	0.00177496403
313058	0.001615833968
313059	0.002880965019
313060	0.00182332176
313061	0.001629036964
313062	0.001695322589
313063	0.00164610509
313064	0.001696023845
313065	0.001744634254
313066	0.001784206722
313067	0.002150874848
313068	0.001767338281
313069	0.001846121023
313070	0.001682433523
313071	0.001646273568
313072	0.001796550246
313073	0.001860873154
313074	0.001794199885
313075	0.001736201886
313076	0.002115662837
313077	0.001676964882
313078	0.002137677126
313079	0.001942853974
313080	0.001604335932
313081	0.001504025471
313082	0.001948498556
313083	0.001711192913
313084	0.00149601212
313085	0.001427144266
313086	0.001791756161
313087	0.001947046077
313088	0.001721506782
313089	0.001544672293
313090	0.002024139583
313091	0.001723397102
313092	0.001882187612
313093	0.001728234078
313094	0.001511467131
313095	0.002032233442
313096	0.002006395756
313097	0.001766674069
313098	0.001733432241
313099	0.001741460005
313100	0.001362817452
313101	0.001503697721
313102	0.001536754291
313103	0.001928525931
313104	0.001840316771
313105	0.00181084689
313106	0.001604311837
313107	0.001762753934
313108	0.001942015169
313109	0.001825084908
313110	0.002015975173
313111	0.001674534126
313112	0.001428655326
313113	0.001865768162
313114	0.001878697014
313115	0.00154980623
313116	0.001912606801
313117	0.001743499159
313118	0.001990742516
313119	0.001901397992
313120	0.001912130865
313121	0.002326907914
313122	0.001882775802
313123	0.002112869044
313124	0.00171312722
313125	0.001183868659
313126	0.002190595209
313127	0.001620747211
313128	0.002116052272
313129	0.001224826105
313130	0.001777679091
313131	0.001755833417
313132	0.001634999186
313133	0.00206517403
313134	0.001639903344
313135	0.001739030177
313136	0.002110699048
313137	0.001860632069
313138	0.001740750543
313139	0.001805052984
313140	0.001660735767
313141	0.001756364503
313142	0.001205955007
313143	0.001793909159
313144	0.001276226709
313145	0.001767185065
313146	0.00181528421
313147	0.002148125253
313148	0.0007417004665
313149	5.01607286e-05
313150	0.0001048042407
313151	0.0002530070032
313152	0.0004571045714
313153	0.0008414281837
313154	0.0004190964602
313155	6.622059077e-05
313156	1.946287507e-05
313157	0.000228569819
313158	0.001813625026
313159	0.001822976032
313160	0.001848288684
313161	0.001972566462
313162	0.001658206214
313163	0.001851900149
313164	0.001127368967
313165	0.001869389179
313166	0.002261011742
313167	0.001727234588
313168	0.001165722895
313169	0.001647934743
313170	0.001744536114
313171	0.001172313008
313172	0.001617410376
313173	0.001506594412
313174	0.001561261647
313175	0.001639473904
313176	0.001767493738
313177	0.001292996704
313178	0.001604097981
313179	0.001494154056
313180	0.001401776763
313181	0.001552612013
313182	0.001954354882
313183	0.002218516715
313184	0.0008330450073
313185	0.00243749182
313186	0.0009230382679
313187	0.001838222061
313188	0.001557202819
313189	0.0003939252111
313190	0.001420058834
313191	0.001944146763
313192	0.001440257564
313193	0.001508637821
313194	0.001455825693
313195	0.001605241025
313196	0.001810371673
313197	0.001281529479
313198	0.00162461609
313199	0.001636482984
313200	0.001547089557
313201	0.002024421538
313202	0.00174276603
313203	0.001852754411
313204	0.00188653363
313205	0.001791023827
313206	0.00159550502
313207	0.001558183406
313208	0.001862493317
313209	0.001821236003
313210	0.001832812291
313211	0.001646947327
313212	0.00156721175
313213	0.001636912484
313214	0.002066035985
313215	0.001397904942
313216	0.001667365667
313217	0.001676171673
313218	0.001708069917
313219	0.001677594062
313220	0.001916982583
313221	0.001932110271
313222	0.001611220105
313223	0.001695167525
313224	0.001638986287
313225	0.001704665274
313226	0.001614539299
313227	0.001951472062
313228	0.001633721988
313229	0.001992509448
313230	0.001962013135
313231	0.001781201336
313232	0.001839856456
313233	0.001592778173
313234	0.002000280464
313235	0.001380738513
313236	0.001757934887
313237	0.001701102873
313238	0.001983298815
313239	0.001593403442
313240	0.001263337228
313241	0.001338709205
313242	0.001981629819
313243	0.001887563947
313244	0.001723899272
313245	0.001827660787
313246	0.001920962558
313247	0.0016336091
313248	0.002373379425
313249	0.001690263654
313250	0.001967426694
313251	0.001535935049
313252	0.002058765282
313253	0.001706529893
313254	0.001857519344
313255	0.001687221409
313256	0.001707167391
313257	0.002092560989
313258	0.00182262209
313259	0.001687358376
313260	0.001684732896
313261	0.001790744335
313262	0.002251363031
313263	0.001690610664
313264	0.001579806448
313265	0.00161524721
313266	0.001435652753
313267	0.001683460635
313268	0.001649721456
313269	0.001702827258
313270	0.001856097155
313271	0.001650787634
313272	0.001802632276
313273	0.001749183093
313274	0.00160795404
313275	0.001590372577
313276	0.002042368339
313277	0.001870208143
313278	0.001965260373
313279	0.001844474527
313280	0.001760785135
313281	0.001798829726
313282	0.001584826625
313283	0.001886715257
313284	0.00143357026
313285	0.00150596653
313286	0.001925649098
313287	0.001575924343
313288	0.001599028039
313289	0.001759861135
313290	0.001556619973
313291	0.00132547222
313292	0.001756740601
313293	0.001599759223
313294	0.001903980498
313295	0.001695447629
313296	0.001621313743
313297	0.001562047147
313298	0.001630840169
313299	0.001498173245
313300	0.001688375869
313301	0.001758928176
313302	0.001019263816
313303	0.001679622328
313304	0.0008391947507
313305	0.001437223721
313306	0.002041507162
313307	0.00183332161
313308	0.001820061655
313309	0.001847446478
313310	0.001741381797
313311	0.001043979707
313312	0.001729500201
313313	0.001774635513
313314	0.001745233827
313315	0.001839319816
313316	0.001751121728
313317	0.001566574228
313318	0.001681466776
313319	0.001595451869
313320	0.001655015302
313321	0.001724654473
313322	0.001835957936
313323	0.002164866975
313324	0.001585191432
313325	0.001516306938
313326	0.001678341254
313327	0.001954966664
313328	0.001852228405
313329	0.001489916998
313330	0.001923919552
313331	0.001625860127
313332	0.001560559683
313333	0.001242725747
313334	0.001882091086
313335	0.002108315329
313336	0.00160215823
313337	0.001516669251
313338	0.001598798274
313339	0.00157861804
313340	0.001581197625
313341	0.001868014428
313342	0.001881380922
313343	0.001651982197
313344	0.001835546131
313345	0.001939840423
313346	0.002000078214
313347	0.001253353054
313348	0.0003467657334
313349	0.002164207725
313350	0.00238048126
313351	0.001991996077
313352	0.002009953223
313353	0.001980740991
313354	0.001898650298
313355	0.002164192135
313356	0.001767773508
313357	0.002473638967
313358	6.880705183e-05
313359	0.001848753669
313360	0.0008511085812
313361	0.001628460664
313362	0.003791500181
313363	0.002266863444
313364	0.00307168281
313365	0.0005850850867
313366	0.003276536273
313367	0.002858629438
313368	0.004061139367
313369	0.003584644834
313370	0.003381877336
313371	0.002962230031
313372	0.003401220509
313373	0.003338326083
313374	0.003294085872
313375	0.003499575537
313376	0.003245505298
313377	0.003269580583
313378	0.003401573675
313379	0.003473554933
313380	0.003505085809
313381	0.003669879752
313382	0.003310524514
313383	0.003194166855
313384	0.003335684131
313385	0.003112302827
313386	0.00484653245
313387	0.003587299656
313388	0.003366789026
313389	0.00333511756
313390	0.003132259591
313391	0.002675259892
313392	0.00337646534
313393	0.003119308543
313394	0.00317448767
313395	0.003643281302
313396	0.003367943714
313397	0.003414844889
313398	0.003608051253
313399	0.003468092521
313400	0.00296991611
313401	0.003053663222
313402	0.003324389334
313403	0.003379266748
313404	0.003658404399
313405	0.002756124977
313406	0.003947564622
313407	0.003506146528
313408	0.003123812062
313409	0.005151784009
313410	0.003011836991
313411	0.002880807025
313412	0.003393604266
313413	0.003398017508
313414	0.003471171183
313415	0.003404720152
313416	0.003167196322
313417	0.003306353483
313418	0.003311779085
313419	0.003430079839
313420	0.00348697229
313421	0.003575109409
313422	0.00352918833
313423	0.003297626866
313424	0.002186830129
313425	0.003486397338
313426	0.003417481954
313427	0.002224416378
313428	0.002141897096
313429	4.674636832e-05
313430	4.681177127e-05
313431	0.0001719490525
313432	0.0002373764045
313433	0.00019959218
313434	0.0001830463038
313435	0.0001460685624
313436	0.0003965561824
313437	0.0002009448855
313438	0.0001075640666
313439	0.0002693602649
313440	9.967719389e-05
313441	5.102514625e-05
313442	8.997973567e-05
313443	0.001486730707
313444	0.0001952472022
313445	8.448058613e-05
313446	0.001687666013
313447	0.0002521097047
313448	0.0003499696668
313449	0.0002677840926
313450	9.855710384e-05
313451	0.0001863423415
313452	2.966359183e-05
313453	0.0001799376859
313454	0.0003406629926
313455	0.0001096589657
313456	1.069471714e-05
313457	0.0001497810955
313458	7.874763219e-05
313459	7.21407614e-05
313460	0.0002676457669
313461	0.0001290565414
313462	0.000232239436
313463	0.0001889743367
313464	0.0002144643149
313465	0.0003978284423
313466	0.0001152290043
313467	0.000157792672
313468	0.0003820557359
313469	0.0002585408857
313470	0.0002999675137
313471	0.000192394797
313472	3.172448433e-05
313473	1.473325593e-05
313474	0.000125985946
313475	0.0005417016725
313476	0.0004916140913
313477	0.0002660258517
313478	0.0004923621776
313479	0.0003767393213
313480	0.0002694144495
313481	0.0005007841627
313482	0.0002338258486
313483	0.0003571240729
313484	0.0001464504359
313485	0.0008771229157
313486	0.001237563274
313487	0.003462416039
313488	0.001551221363
313489	8.339952223e-05
313490	0.0004374805217
313491	0.0002112421954
313492	0.001307765644
313493	0.001667483061
313494	5.315655424e-05
313495	0.001508890013
313496	0.003516046254
313497	0.00634006697
313498	0.002719757843
313499	0.005234561822
313500	0.00429510353
313501	0.004452686177
313502	0.0002927315442
313503	0.002896104276
313504	0.001456312359
313505	0.001996718019
313506	0.002783877482
313507	0.001489581262
313508	0.0009354989323
313509	0.0001971789327
313510	0.001135010961
313511	0.001368428362
313512	0.0001014860336
313513	0.0003511160367
313514	0.002275266062
313515	0.001279639215
313516	0.0008122418307
313517	0.0009916908906
313518	0.000521450339
313519	0.0007140303912
313520	0.0007988188313
313521	0.001093611867
313522	0.0008680417904
313523	0.0007499896081
313524	0.0009920293921
313525	0.0008462370682
313526	0.0009602124599
313527	0.0004775393775
313528	0.0001363002045
313529	0.0008268140037
313530	0.001566550939
313531	0.0009085964056
313532	0.0001149200526
313533	0.000779327229
313534	0.0006969835644
313535	0.000813881816
313536	0.0008609115181
313537	0.001080713643
313538	0.001104191451
313539	0.0008333302105
313540	0.001825429461
313541	0.001900440829
313542	0.002073207118
313543	0.001787438524
313544	0.001652346507
313545	0.001508106306
313546	0.001779243764
313547	0.001815496755
313548	0.001868606338
313549	0.0014669775
313550	0.001236703583
313551	0.001920199611
313552	0.001770229957
313553	0.001797678199
313554	0.001380057791
313555	0.001419327931
313556	0.001808825229
313557	0.002015150568
313558	0.001726380294
313559	0.001818428874
313560	0.001838762998
313561	0.001899373526
313562	0.001522145836
313563	0.001445303106
313564	0.001530063559
313565	0.001585915823
313566	0.001384281798
313567	0.001889081949
313568	0.001675283471
313569	0.001638709835
313570	0.001430113494
313571	0.001588158487
313572	0.001639111152
313573	0.002582813064
313574	0.001442083865
313575	0.001605768269
313576	0.001140212971
313577	0.001640278627
313578	0.0008569084948
313579	0.0009891036409
313580	0.0004523468592
313581	0.001461374496
313582	0.0003384088624
313583	0.0003488043203
313584	0.0006243401324
313585	0.003516811414
313586	0.0005083742206
313587	0.0004026699239
313588	0.0001620148337
313589	0.002216528526
313590	0.005060230549
313591	0.003878006092
313592	0.003499749245
313593	0.003995667247
313594	0.008611425414
313595	0.001687699189
313596	0.0003908371559
313597	0.002791929959
313598	0.004832027037
313599	0.006389600369
313600	0.00115938793
313601	0.00185739438
313602	0.002757902953
313603	0.001716822877
313604	1.780505284e-05
313605	0.002315310197
313606	0.002922597921
313607	0.0001451719684
313608	0.004929647314
313609	0.002664395757
313610	0.001164705348
313611	0.0006903523634
313612	0.006086280219
313613	0.001931837517
313614	0.008378852053
313615	0.001901731323
313616	0.003948458822
313617	0.001896345348
313618	0.002181782958
313619	0.003452682687
313620	0.005353390442
313621	0.00381724027
313622	0.001355917464
313623	0.002431541645
313624	0.0009861477646
313625	0.007802458569
313626	0.001238220889
313627	2.37002168e-05
313628	0.007326311352
313629	0.0003676228414
313630	0.00390771701
313631	0.0001799023395
313632	0.002263812304
313633	0.0002771403443
313634	0.00148211088
313635	0.004190159213
313636	0.001242308163
313637	0.002600339787
313638	0.001683725804
313639	0.0007960299108
313640	0.002661812651
313641	0.002348421234
313642	0.0007608731905
313643	0.004735244517
313644	0.002774731079
313645	0.002638953003
313646	0.004623890557
313647	0.0003351741868
313648	0.006199282454
313649	0.003456390206
313650	0.0002053260806
313651	0.004528568917
313652	0.002271403147
313653	0.0008029269458
313654	0.000600233295
313655	0.001541340414
313656	0.0009689036913
313657	0.001544209707
313658	0.002902501045
313659	0.004248493938
313660	0.001157237346
313661	0.002988438121
313662	0.002297603415
313663	0.000641754805
313664	0.0004763137391
313665	0.0003983711356
313666	0.0005034781895
313667	0.0007991640266
313668	0.004225407317
313669	0.0007173761721
313670	0.001478770131
313671	0.001791959229
313672	0.001321416568
313673	0.0008129518865
313674	0.003153941201
313675	0.0009711148005
313676	0.0007000470756
313677	0.0002295611597
313678	0.000113019413
313679	0.004978181988
313680	0.0002343654657
313681	0.001672035011
313682	0.00494741838
313683	0.002246196428
313684	0.001119597594
313685	0.0002108603283
313686	0.000523298288
313687	0.0003003046259
313688	0.0005651356696
313689	0.001726826436
313690	7.211028462e-05
313691	0.001093536652
313692	0.0004039381326
313693	1.630141677e-07
313694	0.0001436914758
313695	0.0002327216301
313696	0.0001284566123
313697	1.376522906e-07
313698	7.30743581e-05
313699	0.0001024733839
313700	0.0007767512732
313701	0.0007484223628
313702	0.0002226336041
313703	5.301640764e-05
313704	0.002832223785
313705	0.002878643339
313706	0.005027614108
313707	0.0003688200887
313708	0.0003416061547
313709	0.001413674637
313710	0.00218242383
313711	0.0003411126561
313712	0.0002383763029
313713	0.001137158727
313714	0.0009020194372
313715	0.006182615002
313716	0.0006944839104
313717	0.001680745606
313718	0.001278288905
313719	0.0002077669723
313720	0.0002537913477
313721	0.00177779748
313722	0.00144232826
313723	0.0001547458647
313724	0.001680991529
313725	0.0001455448127
313726	0.001640357963
313727	0.0006311659242
313728	0.0008146079959
313729	0.001474518841
313730	0.002232052748
313731	0.001839611173
313732	0.001098702279
313733	0.003519213453
313734	9.70572848e-05
313735	0.001318715244
313736	0.0004001964333
313737	0.001642673985
313738	0.0001355185067
313739	0.003319040101
313740	0.001300610665
313741	0.003301373285
313742	0.000869211812
313743	0.001117074163
313744	0.001207907332
313745	0.0002849261764
313746	0.001398233994
313747	0.0005361187551
313748	0.0002469262289
313749	0.0004865851257
313750	0.0007358580953
313751	0.001286377775
313752	0.001350824813
313753	0.0007666395081
313754	0.0002472069643
313755	0.001206852448
313756	0.0006663935058
313757	0.001538357884
313758	0.0006775090869
313759	0.0007319355544
313760	0.002387733384
313761	0.001824170385
313762	0.003383000252
313763	0.001054848969
313764	0.0003936621318
313765	0.00284631326
313766	0.001079123979
313767	0.0006387274354
313768	0.002936290009
313769	0.001194684613
313770	0.0008884046427
313771	0.0005062907539
313772	0.002803894164
313773	0.004685959178
313774	0.001334410439
313775	0.002451441593
313776	0.002618464712
313777	0.002916792305
313778	0.002566880468
313779	0.003112290493
313780	0.0002006570117
313781	0.0007377149232
313782	0.001637230475
313783	0.003282542178
313784	0.001366725546
313785	0.0009599884471
313786	0.002993487146
313787	0.001009866397
313788	0.002694494574
313789	0.001207965933
313790	0.003622547802
313791	0.00361820954
313792	0.001437508495
313793	0.0006631869409
313794	0.002172669524
313795	0.005287681231
313796	0.0002481212443
313797	0.001083969826
313798	0.001827167876
313799	0.0002012979018
313800	0.0003441922552
313801	0.0009046100258
313802	2.856869852e-06
313803	0.0006206949377
313804	0.002162860415
313805	0.0003436262171
313806	0.0003244139606
313807	0.0006683107572
313808	0.002957398284
313809	0.00062837635
313810	0.002142926587
313811	0.001427324759
313812	0.0007468388954
313813	0.0009221041984
313814	0.001435536922
313815	0.003116266003
313816	0.0005075766494
313817	0.003002351419
313818	0.0011112226
313819	0.002656519935
313820	0.003733346487
313821	0.002417286046
313822	0.002981407346
313823	0.001534071934
313824	0.0003739160522
313825	0.003588729031
313826	0.0001418109654
313827	0.002492089263
313828	0.0002608927816
313829	0.001704311377
313830	0.001056210153
313831	0.001082309128
313832	0.0007718297622
313833	0.0001174360522
313834	0.002355210635
313835	0.001342418161
313836	0.001939224875
313837	0.001372763133
313838	0.0009838682866
313839	0.001663840592
313840	0.004557751356
313841	0.000294627125
313842	0.0006553083456
313843	0.001501218793
313844	0.001572301604
313845	0.0004024185811
313846	0.002453529152
313847	0.0002560454362
313848	0.0002024163512
313849	0.001234048571
313850	0.0002796450922
313851	0.001422616745
313852	0.00134239486
313853	0.002354860439
313854	0.0009881673722
313855	0.0005973621308
313856	0.001613006724
313857	0.003468576275
313858	0.002615871092
313859	0.0007012320113
313860	0.002584025899
313861	0.001380240743
313862	0.002487464474
313863	0.003756695296
313864	0.002375536722
313865	0.001100871465
313866	0.001804158268
313867	0.001507048944
313868	0.0006439647211
313869	0.0002955235014
313870	0.002456659301
313871	0.005464575675
313872	0.0008569057244
313873	0.002011617257
313874	0.0003722524486
313875	0.001168291543
313876	0.00229248808
313877	0.001510428577
313878	0.001354574159
313879	0.001813675125
313880	0.007171208757
313881	0.0001840093099
313882	0.0003746140405
313883	0.002475779021
313884	0.002196421267
313885	0.003339030771
313886	0.001654740883
313887	6.534064223e-05
313888	0.001612409983
313889	0.001316811104
313890	0.00354940206
313891	0.001101484742
313892	0.00203837841
313893	0.002992662322
313894	0.001819685681
313895	0.001306848053
313896	0.00272192678
313897	4.385214258e-05
313898	0.0008580450485
313899	0.00064632868
313900	0.005739186169
313901	0.005507757374
313902	0.002305508142
313903	0.0005930016664
313904	0.006188013834
313905	0.0003955392313
313906	0.002663114224
313907	0.0001110026213
313908	0.001807688924
313909	0.001840914234
313910	0.002864169394
313911	0.002386343375
313912	0.00473290948
313913	0.004126793819
313914	0.003130121909
313915	0.001717791726
313916	0.002024545765
313917	0.0007898347767
313918	0.0007294983967
313919	0.002282027606
313920	0.0007337871649
313921	0.0006173050116
313922	0.001254666073
313923	0.003046306922
313924	0.001209851033
313925	0.0006747133119
313926	0.002041913234
313927	0.0005426419285
313928	7.770467803e-05
313929	0.002996909452
313930	0.0003572314158
313931	0.001166553884
313932	0.0001889840968
313933	0.000670110526
313934	0.001597484313
313935	0.001329896563
313936	0.001783472037
313937	0.0003783103159
313938	0.0001415602925
313939	0.0008235647333
313940	0.000402205724
313941	0.002447952868
313942	0.001350503546
313943	0.003277863099
313944	0.0005901745814
313945	0.0001000963454
313946	0.001214918881
313947	0.002056244214
313948	0.001468674178
313949	0.002442060331
313950	0.002139781932
313951	0.00134948531
313952	0.001090230545
313953	0.00315009604
313954	0.0004971840501
313955	0.002395594473
313956	0.0004174659466
313957	0.001098136799
313958	0.003299181569
313959	0.002421754233
313960	0.007645117024
313961	0.002829443774
313962	0.0003179793454
313963	0.001220104614
313964	0.0006487185883
313965	0.0008350920598
313966	0.001772691813
313967	0.0006387750841
313968	0.0001831241867
313969	0.0007035492847
313970	0.0009029203897
313971	0.003509577974
313972	0.004236842354
313973	0.004066759694
313974	0.0019325939
313975	0.0005261659159
313976	0.0007753395173
313977	0.001294645186
313978	0.002324373787
313979	0.0006767709359
313980	0.002275812936
313981	0.001473028122
313982	0.002116864875
313983	0.001635510479
313984	0.001053609502
313985	0.00615963175
313986	0.003780534189
313987	0.0002129750278
313988	0.003808558193
313989	0.001019468842
313990	0.0002137897822
313991	0.001506743374
313992	0.002958114979
313993	0.0019335179
313994	0.0008124953211
313995	0.003525293679
313996	0.001963891828
313997	8.525871713e-05
313998	0.0006842885648
313999	0.0034984594
314000	0.0008785444996
314001	0.003748540559
314002	5.102002944e-05
314003	0.004954371144
314004	0.003041635396
314005	0.0001913798247
314006	0.001403434945
314007	0.001449270535
314008	0.0001291329467
314009	0.001492789207
314010	0.002569882638
314011	0.001569977409
314012	0.002146625267
314013	0.0008994096878
314014	0.002894635079
314015	0.005705716518
314016	0.00029362315
314017	0.0001916344603
314018	0.001081855149
314019	0.0004341504648
314020	0.002056022616
314021	0.001115971926
314022	0.001035085055
314023	0.0001359338449
314024	7.610543385e-05
314025	0.0003919880808
314026	0.001892953436
314027	7.270252316e-05
314028	0.002046956508
314029	0.002446769656
314030	8.020968302e-05
314031	0.003261649726
314032	0.00101739391
314033	0.003585928494
314034	0.0002665264755
314035	0.002698777605
314036	0.0008364086245
314037	0.0008895136621
314038	0.002403465497
314039	0.004533693426
314040	0.003092159631
314041	0.0001555053367
314042	0.004395383775
314043	0.003330952888
314044	0.0004025120154
314045	0.0002873585137
314046	0.00237241463
314047	0.007041726344
314048	0.003006900333
314049	0.003503207205
314050	0.005043000622
314051	0.002361473026
314052	0.003219666274
314053	0.00119981068
314054	9.944334315e-05
314055	0.0009214270806
314056	0.001204263671
314057	0.0007718183819
314058	0.001776771443
314059	0.002183893253
314060	0.004057188845
314061	0.0004090733336
314062	0.0006940816206
314063	0.0002625082114
314064	0.006174369065
314065	0.0009046802379
314066	0.004879864886
314067	0.0001125986721
314068	0.0008781971876
314069	0.006437677966
314070	0.004446350546
314071	0.001150220027
314072	0.0001552865062
314073	0.00600617528
314074	0.001096594382
314075	0.0001041320723
314076	0.0009992637901
314077	0.00298877897
314078	0.005119065135
314079	0.001177853404
314080	0.001406573096
314081	0.005805146489
314082	0.001220622385
314083	0.003883887551
314084	0.005864898591
314085	0.0006589522049
314086	8.587493979e-05
314087	0.0001459087803
314088	0.004450004833
314089	0.001900970674
314090	0.0006806120892
314091	0.000908817965
314092	0.004877427191
314093	0.0008578684367
314094	0.002541096425
314095	0.00282731141
314096	0.00359362764
314097	0.001691801073
314098	0.000279576937
314099	0.007791148326
314100	0.0007754206617
314101	0.001224348591
314102	0.0002487913394
314103	0.0003035386813
314104	0.002872081148
314105	0.004424843297
314106	0.004837836356
314107	0.006255983313
314108	0.0002336068078
314109	0.001699658566
314110	0.008965345908
314111	0.002121415722
314112	0.003228305139
314113	0.0004588651271
314114	0.0003778547133
314115	0.001244173706
314116	0.002174544133
314117	0.002532220499
314118	5.182554728e-05
314119	0.002723548752
314120	0.001221167922
314121	4.733482127e-05
314122	0.0002363210528
314123	0.000557585751
314124	0.002463047149
314125	0.0002058317699
314126	0.001088736062
314127	0.0008930165673
314128	0.001735950483
314129	0.0004869408639
314130	0.001257299376
314131	0.0004839525319
314132	0.002622873384
314133	0.0005439280864
314134	0.001549573062
314135	0.001025735781
314136	0.001273767581
314137	0.001143832325
314138	0.001587338614
314139	0.001286270492
314140	0.0006117736282
314141	0.001324720943
314142	0.0004908811831
314143	0.0023922474
314144	0.001526331867
314145	0.001236270681
314146	0.0008626194757
314147	0.0003363846235
314148	2.96278769e-07
314149	0.002480708764
314150	0.0008475887735
314151	0.0006595556622
314152	0.0002192920132
314153	0.0003246521028
314154	0.00119831026
314155	8.215588941e-07
314156	1.211359993e-06
314157	6.939373817e-07
314158	5.594342827e-07
314159	5.527042963e-07
314160	4.043895637e-07
314161	4.33253285e-08
314162	1.904734789e-06
314163	8.632286018e-07
314164	6.669960132e-07
314165	1.500586709e-06
314166	1.896107942e-06
314167	4.959089506e-06
314168	3.525146996e-06
314169	2.689560819e-06
314170	4.417610748e-06
314171	4.024448772e-07
314172	4.088699055e-06
314173	1.69856688e-06
314174	9.499193429e-07
314175	1.73303196e-06
314176	2.408364586e-06
314177	1.339034477e-06
314178	1.11937997e-06
314179	1.054641597e-06
314180	0.0009698984088
314181	9.556532593e-05
314182	0.0005193713187
314183	0.001111275779
314184	0.0008818747663
314185	0.001292415535
314186	0.0008364457386
314187	0.0007355637944
314188	0.0005962577147
314189	0.000429954069
314190	0.0002578435912
314191	2.198594271e-05
314192	0.0007164570396
314193	0.0004954264426
314194	0.000387167316
314195	0.001051853887
314196	0.0005760778052
314197	0.0007923375329
314198	0.0005472287149
314199	0.001090779945
314200	0.001916573461
314201	0.001504738092
314202	0.0005446306865
314203	0.0007312182925
314204	0.0006864711538
314205	0.000672737618
314206	0.0008443610954
314207	0.0006092131202
314208	0.0007140666885
314209	0.0005141212254
314210	0.0005370793219
314211	0.0001423234879
314212	0.0006484027281
314213	0.0003083528035
314214	0.0001863642364
314215	0.00132540431
314216	0.001106802885
314217	0.0009570465681
314218	1.421561936e-05
314219	9.735522574e-07
314220	2.801084109e-05
314221	0.0001917793055
314222	0.0008119036017
314223	0.0001498286385
314224	0.0004696814654
314225	0.0008018168859
314226	0.0002444480445
314227	0.001272489784
314228	4.459127865e-07
314229	9.031455498e-05
314230	0.0001285598411
314231	0.0002620648764
314232	0.0007163695616
314233	0.0004013083087
314234	0.0005334210401
314235	0.001443926061
314236	0.0007870109086
314237	0.0003627854652
314238	0.0006203029358
314239	0.0002991171736
314240	0.001033006569
314241	0.000793199401
314242	0.0004683220174
314243	0.0008233816746
314244	0.0005120748577
314245	0.0006817000124
314246	0.0008462014119
314247	0.0001633019058
314248	0.0002312712868
314249	0.0001667302733
314250	0.00163888749
314251	4.849181985e-05
314252	0.000333294332
314253	0.0006792278017
314254	2.002833136e-05
314255	8.745998122e-05
314256	0.000169462071
314257	0.0008744845297
314258	0.0001623362423
314259	0.001244616657
314260	0.0005029945277
314261	0.001187517538
314262	8.774699153e-07
314263	0.0004373977897
314264	4.743432881e-05
314265	0.0005343353944
314266	0.0005623202843
314267	0.001680119017
314268	0.005855069645
314269	7.714342873e-05
314270	0.0008418882605
314271	0.0009443193977
314272	0.001104273919
314273	0.0005794202397
314274	0.001481310152
314275	0.0002399145415
314276	0.001940410491
314277	0.001883434859
314278	0.0002046408729
314279	0.001003228743
314280	0.004683298241
314281	0.002982404658
314282	0.001465797574
314283	0.0001143132377
314284	0.00432415886
314285	8.668317397e-05
314286	0.00617355474
314287	0.002680969756
314288	0.001222338242
314289	0.002231519878
314290	0.001358182151
314291	0.0008615413726
314292	0.002513370735
314293	0.002331841136
314294	0.001214485915
314295	0.000454676565
314296	0.001255711719
314297	0.002748675053
314298	0.0016866987
314299	0.004791172632
314300	0.003588012815
314301	0.000673597639
314302	0.0003284266771
314303	0.004843689805
314304	0.0004907069355
314305	0.004502645323
314306	0.005237317222
314307	0.0007662005732
314308	0.001158112719
314309	0.002343058616
314310	0.001072478636
314311	0.001325518314
314312	0.001018926464
314313	0.004528476734
314314	0.001919836208
314315	0.001635526091
314316	0.002555084191
314317	0.0002750861351
314318	0.002319611313
314319	0.002897822595
314320	0.003499134753
314321	0.004893120952
314322	0.00251512358
314323	0.0004013509748
314324	0.002036091792
314325	0.0009839070095
314326	0.001013012101
314327	0.0003127329948
314328	0.000892086052
314329	0.002051716596
314330	0.0007629717826
314331	0.003743810785
314332	0.00163095335
314333	0.002882443689
314334	0.001393334086
314335	0.001543751199
314336	0.003510248887
314337	0.001629347487
314338	0.001341324969
314339	0.001914381142
314340	0.0007420162857
314341	0.0006817697771
314342	0.0002881981629
314343	0.001274707794
314344	0.006229320596
314345	0.001950599597
314346	0.001624026273
314347	0.001446138112
314348	0.001502567792
314349	0.0008222420344
314350	0.0002963460438
314351	0.002611586515
314352	0.001323913654
314353	0.002375102429
314354	0.002292029146
314355	6.582042594e-05
314356	0.006624083999
314357	0.004693517526
314358	0.001177373175
314359	0.0006428959343
314360	0.001930914826
314361	0.001288748868
314362	0.0007160976803
314363	0.002735152692
314364	0.002281297322
314365	0.002412817089
314366	0.0003316077938
314367	0.0006697334935
314368	0.006393969989
314369	0.002462976391
314370	0.0001139175308
314371	0.005522204749
314372	0.002742202264
314373	0.0003530417434
314374	0.001557374624
314375	0.00281705157
314376	0.0009601789348
314377	0.003878553972
314378	0.001674454787
314379	0.0006010911499
314380	0.001782934296
314381	0.001078363836
314382	0.002470330315
314383	0.0003754431569
314384	0.004137149736
314385	0.0004672943064
314386	2.456036937e-09
314387	0.004108644634
314388	0.001096561582
314389	0.001367312833
314390	0.001618112357
314391	0.001296893565
314392	0.008203032574
314393	0.000589721667
314394	0.000383509462
314395	0.003713768318
314396	0.0008954010761
314397	0.0004084811524
314398	0.0006063843613
314399	3.867964471e-05
314400	0.00406697088
314401	0.0009594861304
314402	0.002558968573
314403	0.002865309741
314404	0.0006015321156
314405	0.002304538104
314406	0.003568575618
314407	0.002297952904
314408	0.0004835932329
314409	0.003544034198
314410	0.0007365876815
314411	0.0004216253175
314412	0.000777918518
314413	0.0007638972193
314414	0.0001156182765
314415	0.003397387869
314416	0.003365158916
314417	0.0001019321579
314418	0.0009713559533
314419	0.000824082102
314420	0.0001845378284
314421	9.536650821e-05
314422	0.002028704989
314423	0.0001794763448
314424	0.004434318701
314425	0.00194585893
314426	0.00318513722
314427	0.004271953727
314428	0.004072667184
314429	0.0002252917897
314430	0.004728027716
314431	0.002137720905
314432	0.0037771196
314433	0.00325241447
314434	0.003622049946
314435	0.0001547795305
314436	0.003731879775
314437	0.0006539017212
314438	0.003256534018
314439	0.003009927069
314440	0.001482252371
314441	0.003369052308
314442	0.0002783293739
314443	0.001403506778
314444	0.001789882665
314445	0.00079913567
314446	0.0003530666767
314447	0.000400321858
314448	9.310129755e-05
314449	2.285003471e-05
314450	2.583631841e-05
314451	0.001446124782
314452	0.0002493914328
314453	0.0001956370499
314454	0.004121153439
314455	0.001079078514
314456	0.0004176720827
314457	0.001695260333
314458	0.004131087609
314459	0.0005017740125
314460	5.869842465e-06
314461	2.059834196e-05
314462	0.0005836036427
314463	0.0001236969141
314464	0.000211368371
314465	0.0001568543867
314466	0.0004232999924
314467	0.0004853600893
314468	0.0004632536331
314469	0.0008869310915
314470	8.195553896e-05
314471	0.0004067346029
314472	0.0003614813485
314473	9.675803207e-07
314474	4.28612749e-05
314475	0.0009577797891
314476	0.0001713966736
314477	0.0001997183887
314478	0.00581917378
314479	2.154734248e-05
314480	0.0008823688552
314481	0.000399151844
314482	0.000198405854
314483	0.0002127965236
314484	0.0006640899452
314485	0.0002836008704
314486	0.0001643329274
314487	0.0003383880999
314488	0.0001330203799
314489	0.0002924503032
314490	0.0002170035572
314491	0.0002564850965
314492	9.92061334e-05
314493	2.417741892e-05
314494	0.0004951631389
314495	0.0001568128975
314496	0.0004447502392
314497	0.0002645676689
314498	0.0008553374531
314499	0.0001002493035
314500	0.0001243940746
314501	0.0003752851202
314502	3.596473812e-05
314503	0.0004633633284
314504	0.0001307212994
314505	0.0005654564196
314506	9.699796561e-05
314507	0.0001127265412
314508	0.0001345160601
314509	0.000451031568
314510	0.0004795596227
314511	0.0002699584126
314512	0.0001876510978
314513	0.0002764775914
314514	0.000105665223
314515	0.0001485448704
314516	1.504734283e-05
314517	0.0001195030765
314518	0.0003160843404
314519	0.001737171787
314520	0.0001681891028
314521	7.529627486e-05
314522	0.001936358534
314523	5.916661705e-06
314524	0.002053531305
314525	0.0002276350496
314526	0.0006012851704
314527	0.001552057171
314528	0.004858366584
314529	0.00129717861
314530	0.003207178427
314531	0.001213609718
314532	0.001380252891
314533	0.0001745156474
314534	7.195017602e-05
314535	0.0002314902971
314536	0.0007853563773
314537	0.0002308427313
314538	0.0002180307008
314539	9.931437832e-06
314540	0.0002392357124
314541	0.0001460238524
314542	1.739569738e-05
314543	5.226783834e-05
314544	7.1696168e-05
314545	0.0001227724728
314546	0.0003283910072
314547	0.0006710408327
314548	0.0001415959489
314549	0.000674018553
314550	0.0002193210263
314551	0.0004902512403
314552	0.0005983955534
314553	0.000659379733
314554	0.0002848522039
314555	4.751057122e-05
314556	6.140910189e-05
314557	0.0006695686256
314558	9.948671526e-05
314559	4.397888284e-05
314560	0.003114278754
314561	0.0001019002525
314562	0.0001077414765
314563	0.003312245166
314564	0.001083689397
314565	0.0001975469101
314566	0.001036001655
314567	0.0004727928959
314568	0.000283123365
314569	0.0004835007683
314570	0.0004013624484
314571	9.620968104e-05
314572	0.00115345289
314573	0.001687843851
314574	0.003577697367
314575	0.00164545474
314576	0.0007991388459
314577	0.0009397346193
314578	0.0002375111881
314579	0.002803508428
314580	0.003494359434
314581	0.001070025483
314582	0.000807761865
314583	0.0003554372714
314584	0.0008006129301
314585	0.00314565923
314586	0.0006585352543
314587	2.500084048e-05
314588	1.111896252e-05
314589	0.0002018144198
314590	1.657952472e-05
314591	0.0007835794196
314592	0.002220930779
314593	0.0008120470296
314594	0.001270268331
314595	0.002799136259
314596	0.001038518241
314597	1.285825379e-05
314598	0.004622667937
314599	0.001280853314
314600	0.002674460824
314601	0.001529585497
314602	0.0001051149453
314603	0.0006663677733
314604	0.001003902037
314605	0.001329235847
314606	0.003642639196
314607	0.002515112815
314608	0.0007805378918
314609	0.0006954291355
314610	0.001034692058
314611	9.351270125e-05
314612	0.001630368863
314613	0.0001505407263
314614	0.002007638584
314615	0.001756705915
314616	0.001375761088
314617	0.0001304049764
314618	0.0002532615811
314619	0.001007162337
314620	0.001249502697
314621	0.004532914757
314622	0.0005405566459
314623	2.16747894e-06
314624	0.0001216111084
314625	0.003321963676
314626	0.003498779068
314627	0.0009697979624
314628	0.001031809702
314629	0.001705993873
314630	0.0002207359428
314631	0.001954923005
314632	2.873666125e-05
314633	0.0007444578173
314634	0.002148124396
314635	0.000990448031
314636	0.002266895872
314637	0.000503368095
314638	0.0002751035202
314639	0.0004212878574
314640	1.789829862e-05
314641	0.0005106463956
314642	1.198114353e-05
314643	0.0005965752081
314644	0.0008056682561
314645	7.175001647e-05
314646	0.0008484099006
314647	0.001888726601
314648	0.00217649439
314649	0.003241077777
314650	0.0005558846133
314651	0.00053893649
314652	4.60444332e-05
314653	0.0001995926166
314654	2.597278405e-05
314655	0.0005447047308
314656	0.0002762573212
314657	8.343154318e-06
314658	0.0002205151531
314659	0.0002034067642
314660	8.31428492e-05
314661	0.0004200969569
314662	0.0004548324098
314663	6.65141091e-05
314664	0.0009070667656
314665	7.180255912e-05
314666	0.0002163728968
314667	8.338144156e-05
314668	0.0004041364931
314669	0.000203859253
314670	1.814675295e-05
314671	1.583312886e-05
314672	0.006820041023
314673	0.001597339946
314674	0.000449311902
314675	0.001409070847
314676	0.005545447847
314677	0.0007077481552
314678	0.003865156727
314679	0.004885287667
314680	0.002239903672
314681	0.001185800646
314682	0.0007371319221
314683	0.003473897757
314684	0.001071873411
314685	0.003787596705
314686	0.002364218577
314687	0.001501802488
314688	0.00182651981
314689	0.0006043703655
314690	0.0009672488614
314691	0.006902725996
314692	0.0006720518763
314693	0.0007478520098
314694	0.0002260173699
314695	0.0002351559681
314696	0.000433957053
314697	0.002144457676
314698	0.0005684742035
314699	0.00132602869
314700	0.002727300002
314701	0.001130161307
314702	0.007447329662
314703	0.0004865037225
314704	0.004465509113
314705	0.003456416055
314706	0.0008015792341
314707	0.0007183200154
314708	0.001297838567
314709	0.0003546221052
314710	0.0001042629848
314711	0.004510333212
314712	0.001031853531
314713	0.000471784127
314714	0.001169117805
314715	0.001205696129
314716	2.555501358e-06
314717	0.001740530458
314718	0.0004653790341
314719	0.001770343366
314720	0.0005936773751
314721	0.00268814381
314722	0.0002124164124
314723	4.614479867e-05
314724	0.0004728622794
314725	0.001638375226
314726	0.001705739526
314727	0.0007604940249
314728	1.061176227e-05
314729	9.719384989e-05
314730	6.321008607e-06
314731	2.972666527e-05
314732	6.293251205e-05
314733	0.0005502093398
314734	0.00246065038
314735	4.862878257e-05
314736	6.827395142e-06
314737	4.024102965e-05
314738	1.10465156e-05
314739	2.750400738e-05
314740	1.528035321e-05
314741	0.0005432514735
314742	6.455839834e-06
314743	2.868569816e-05
314744	3.718452e-05
314745	1.613332218e-05
314746	8.031975033e-06
314747	0.0001228251193
314748	9.099202471e-05
314749	3.762902252e-05
314750	6.289957141e-05
314751	8.505610857e-06
314752	0.0001030150874
314753	0.0003079363267
314754	8.65066099e-05
314755	5.395743513e-05
314756	0.0002032338366
314757	0.000101051551
314758	0.000110374
314759	3.728190425e-05
314760	0.0006006632489
314761	3.536239508e-05
314762	0.0001584032307
314763	0.002252704134
314764	0.0003496180044
314765	0.002749654523
314766	0.0002763788249
314767	0.0002577003478
314768	0.0005986847537
314769	0.00330479634
314770	0.001032383572
314771	0.001916872624
314772	0.003226610358
314773	0.001038409645
314774	1.853466392e-05
314775	2.367930017e-05
314776	0.0002754561348
314777	3.671377033e-05
314778	2.891719661e-05
314779	4.416676004e-05
314780	2.576021364e-05
314781	0.0001572005231
314782	7.656419306e-05
314783	8.564517509e-05
314784	0.000363037462
314785	0.0008888510099
314786	0.000967073066
314787	0.002908393637
314788	2.25539573e-05
314789	9.06173635e-06
314790	2.504435878e-05
314791	3.020955006e-05
314792	0.0002271643273
314793	9.779286352e-06
314794	0.0004481254138
314795	5.332366271e-06
314796	2.783412234e-05
314797	0.002737272388
314798	0.0003532401571
314799	0.003103238226
314800	0.0009999479324
314801	0.0003216844505
314802	0.002575695755
314803	0.001340611672
314804	0.0007785944381
314805	0.002109032287
314806	0.001161207679
314807	0.002022949373
314808	0.001005021929
314809	0.003221034561
314810	0.002851032404
314811	0.0003539219962
314812	0.0005375345305
314813	0.002633837947
314814	0.003233378978
314815	0.003709789205
314816	0.00290874254
314817	0.002377425484
314818	0.003659817
314819	0.003515670157
314820	0.002292251263
314821	0.001635063099
314822	0.0003069881577
314823	0.003466687248
314824	0.0003300068858
314825	0.0015456576
314826	0.0004303059567
314827	0.0007999744882
314828	0.001302507921
314829	0.001885283607
314830	0.001869964116
314831	0.001635515666
314832	0.002012465918
314833	0.00118711927
314834	0.0009898498616
314835	0.000669581943
314836	0.0007067308219
314837	0.001739778631
314838	0.002181862893
314839	0.001826096848
314840	0.000941541563
314841	0.0008822248845
314842	0.0008812326618
314843	0.002077936395
314844	0.001897909983
314845	0.0006473974694
314846	0.002632328184
314847	0.00160572737
314848	0.002505114687
314849	0.003165613643
314850	0.002268903207
314851	0.001142704647
314852	0.002379879378
314853	0.00042368422
314854	0.0003197567567
314855	0.0003311458671
314856	0.001484152091
314857	0.0009181377107
314858	0.003831260347
314859	0.000613351637
314860	0.004762694715
314861	0.002235002772
314862	0.001391743515
314863	0.002999252782
314864	0.001190204303
314865	0.0003559156308
314866	0.002485308032
314867	0.0001471022504
314868	0.0007922382552
314869	0.001142606197
314870	5.934121496e-06
314871	0.001374603502
314872	0.0002194748423
314873	0.002857519646
314874	0.003027868295
314875	0.001607707375
314876	0.0008030034487
314877	0.001227515358
314878	0.00108504694
314879	0.003699989798
314880	0.001597550463
314881	0.001850823059
314882	0.0002057857817
314883	0.002339034006
314884	0.001924977674
314885	0.0006323494997
314886	0.001534693122
314887	0.003317992179
314888	0.001035998367
314889	0.00206019406
314890	0.003776065526
314891	0.0005261811149
314892	0.001245465063
314893	0.003400064915
314894	0.002002102009
314895	0.003445812079
314896	0.006037219714
314897	0.001775686569
314898	0.0002886876274
314899	0.0003615829705
314900	0.0008239153616
314901	0.0009383429555
314902	0.0001699863972
314903	0.0004791259678
314904	0.0005320186757
314905	0.0004825022936
314906	8.806701113e-05
314907	0.0009831332577
314908	0.002945131278
314909	0.001177758615
314910	0.003691832598
314911	0.0007012201569
314912	0.001405639867
314913	0.0008368318065
314914	1.671424838e-05
314915	0.004771563242
314916	0.002511738687
314917	0.0005312767365
314918	0.0004935017818
314919	0.0004552602403
314920	0.000773208721
314921	0.003136287748
314922	0.000706685886
314923	0.002695203226
314924	0.001786237383
314925	0.001160187472
314926	0.001029473455
314927	0.0009919183432
314928	0.003877681783
314929	0.00410559253
314930	2.695522382e-05
314931	0.001851804864
314932	0.005491285044
314933	0.005312205227
314934	0.001796970507
314935	0.002674027681
314936	0.0008146786833
314937	0.003268232699
314938	0.003037667444
314939	0.001072376891
314940	0.004458034516
314941	0.001570780469
314942	0.001105965181
314943	0.00207837795
314944	0.001917248915
314945	0.0004229329104
314946	0.003735829299
314947	0.004860981831
314948	0.006399477274
314949	0.00545965494
314950	0.0009034754803
314951	0.0002704517914
314952	0.002672189873
314953	0.001811439752
314954	0.001079720318
314955	0.0002126880068
314956	0.004219144845
314957	0.000864571296
314958	0.00198115857
314959	0.0004976813705
314960	0.001004958364
314961	0.004749348653
314962	0.00334638329
314963	0.002066178118
314964	0.001460895735
314965	4.665891165e-05
314966	0.002065385718
314967	0.001793733769
314968	0.0009750428362
314969	0.00121043272
314970	0.001491986903
314971	0.001670576426
314972	0.003491043474
314973	0.00235529953
314974	0.0001501037311
314975	0.005498527705
314976	0.0001088415245
314977	0.001016757474
314978	1.846699838e-05
314979	0.001717380114
314980	0.0007963691615
314981	0.0006432936786
314982	0.001040150156
314983	0.001626243967
314984	0.0009809569417
314985	0.0001097778569
314986	0.002998610016
314987	0.001740868007
314988	1.691515414e-06
314989	0.00150649203
314990	0.0005074034383
314991	0.001737136975
314992	0.003191510925
314993	0.002184208092
314994	0.001053535254
314995	0.0001044326525
314996	7.732424657e-05
314997	0.001645845796
314998	0.000752233413
314999	0.0002064853499
315000	0.0004903252223
315001	0.003053714875
315002	9.45489007e-06
315003	0.0003133613571
315004	3.183777732e-05
315005	0.0009658324009
315006	0.000561523459
315007	0.0002241988022
315008	0.0007616631498
315009	5.373432604e-05
315010	0.003603846138
315011	0.0008070453861
315012	0.0006916093797
315013	0.0007005555111
315014	0.0003890028594
315015	0.001189131461
315016	0.00213390505
315017	0.000337756175
315018	0.003189107022
315019	0.0002171172163
315020	0.003931490533
315021	0.002166331912
315022	0.001216753647
315023	0.00175564844
315024	0.0002267663236
315025	5.01440875e-08
315026	0.001040915982
315027	0.000133441854
315028	0.0009707974198
315029	0.0009383250578
315030	0.001527706795
315031	0.0008620034797
315032	0.003440886998
315033	0.001107398811
315034	0.002303565009
315035	0.001166531906
315036	0.0001888782866
315037	0.0007692355544
315038	6.121947488e-05
315039	0.001694992257
315040	0.002376561862
315041	0.001538581547
315042	0.001418278858
315043	0.0005608226858
315044	0.0001563149298
315045	0.0004249097486
315046	0.0005170098207
315047	0.0004263750517
315048	0.005750807249
315049	0.004115180975
315050	0.001456983709
315051	0.001749422337
315052	0.001727686157
315053	0.0009036801128
315054	0.001131517014
315055	0.001785073773
315056	0.001583595828
315057	0.001880117499
315058	0.001738034144
315059	0.001839707984
315060	0.00189144495
315061	0.00209548039
315062	0.001517717341
315063	0.002064838448
315064	0.001585406122
315065	0.001637075742
315066	0.001471844471
315067	0.001336113068
315068	0.001140064365
315069	0.002024453223
315070	0.001529013083
315071	0.001780612964
315072	0.001644930158
315073	0.001582850332
315074	0.002067140194
315075	0.0005527887697
315076	0.001368280393
315077	0.00145024904
315078	0.001154607085
315079	0.001824494292
315080	0.001938190962
315081	0.001446393813
315082	0.003806241251
315083	0.0002336208314
315084	0.0006737321916
315085	0.004640892557
315086	0.0006507823169
315087	0.000352289885
315088	0.001674576306
315089	0.001415687834
315090	0.001724897881
315091	0.001733155163
315092	0.001204045555
315093	0.0002468652701
315094	0.001560484961
315095	0.001737521432
315096	0.001592245828
315097	0.001597075335
315098	0.001782502837
315099	0.001540613582
315100	0.001864200743
315101	0.001602177302
315102	0.001402362171
315103	0.002012332585
315104	0.0007875064502
315105	0.001759912559
315106	0.002658711251
315107	0.001724890711
315108	0.001754499551
315109	0.001909380447
315110	0.001295032851
315111	0.001625194168
315112	0.001669981921
315113	0.00158377615
315114	0.001615689872
315115	0.00164369357
315116	0.0002821249349
315117	0.001670228569
315118	0.0009705740853
315119	0.001743570342
315120	0.0002939280057
315121	0.0005668659792
315122	0.001216256716
315123	0.001439147568
315124	0.001643736793
315125	0.002157046912
315126	0.002608022165
315127	0.002997135762
315128	0.004162445237
315129	0.0001685874092
315130	0.002822922931
315131	0.004299504842
315132	0.0009573550668
315133	0.003553884584
315134	0.0007980966832
315135	0.003729815301
315136	0.0005531527971
315137	0.001387063817
315138	0.00273845287
315139	0.001303933124
315140	0.0009414008148
315141	0.002730415775
315142	0.000328746421
315143	0.0002402736344
315144	0.00143618338
315145	0.001310065864
315146	0.006557402162
315147	0.00175731611
315148	0.002622376166
315149	0.001992416163
315150	0.005410103948
315151	0.002175634816
315152	0.002414248192
315153	0.00207398706
315154	0.001801758272
315155	0.007168773438
315156	0.00178569399
315157	0.001947574881
315158	0.004578410023
315159	0.006774897674
315160	9.319755787e-06
315161	0.002733453345
315162	0.001619929612
315163	0.001497443875
315164	0.001589227534
315165	0.005572223629
315166	0.00197535544
315167	0.002488681941
315168	0.002174125156
315169	0.002018538265
315170	0.006511484924
315171	0.002590843806
315172	0.0007643222254
315173	0.0003989022901
315174	0.001534359069
315175	0.0039529095
315176	7.784591633e-05
315177	0.0008569110333
315178	0.004169990973
315179	0.001911098292
315180	0.0005985956157
315181	0.001863269175
315182	0.002391261963
315183	0.0007969642606
315184	0.002221348936
315185	0.002614057655
315186	0.0006174141542
315187	0.0004016693981
315188	0.000720626819
315189	0.001122197361
315190	0.001507063832
315191	0.001012153872
315192	0.004343226138
315193	0.00527251744
315194	0.001648974318
315195	0.001269698722
315196	0.0009232983539
315197	0.002601517547
315198	0.001319035179
315199	0.002770809046
315200	0.0007159978973
315201	0.003751695707
315202	0.0014416067
315203	0.003389784798
315204	0.001743641181
315205	0.001369347302
315206	0.002143939595
315207	0.000193847135
315208	0.001134922648
315209	5.868879691e-05
315210	8.537529062e-05
315211	0.000627390233
315212	0.000713455091
315213	0.003064720531
315214	0.00242411993
315215	0.001700498041
315216	0.0002409573608
315217	0.0001821103629
315218	6.679259761e-05
315219	0.0004583478517
315220	0.003513222111
315221	0.0004609272666
315222	0.00116693146
315223	0.004367543708
315224	0.003049063133
315225	0.003081150551
315226	0.001852925196
315227	0.001782632467
315228	0.003042678021
315229	0.0004482694671
315230	0.0006388903157
315231	0.002128645068
315232	0.001236799817
315233	0.004965188721
315234	0.0007760454653
315235	0.00279634703
315236	0.003452454909
315237	0.0002562542315
315238	0.003039532423
315239	0.002853192066
315240	0.0001768370128
315241	0.0001802351966
315242	0.001950820488
315243	0.004538077195
315244	0.00287662291
315245	0.0004669885874
315246	0.00255074388
315247	0.001997086496
315248	0.000422671187
315249	0.002067210733
315250	0.001784161309
315251	0.00187860153
315252	0.0004528620083
315253	0.00294804435
315254	7.7242717e-06
315255	9.825645338e-07
315256	0.0002413534116
315257	0
315258	0.001210264451
315259	0.0002558499017
315260	0.0003220187238
315261	0.001790705156
315262	0.002002043432
315263	0.0001690287818
315264	0.0005449979039
315265	0.001729474319
315266	0.003755127757
315267	0.002546453526
315268	6.020595771e-07
315269	0.001740227077
315270	0.0004100191607
315271	0.001826949481
315272	0.002263727976
315273	0.001912859267
315274	0.00273255334
315275	0.001428307191
315276	0.0006706950721
315277	0.004039235512
315278	0.001757081094
315279	0.003193912602
315280	0.0007252114265
315281	0.0007952359165
315282	0.004017085426
315283	0.0008956572393
315284	0.0005612189799
315285	0.0004613850085
315286	0.001450209966
315287	0.00485087088
315288	0.00103853515
315289	0.002891174926
315290	0.001956941047
315291	0.0003335180642
315292	0.004065439662
315293	0
315294	0.002419813769
315295	0.001000246347
315296	0.0008010844976
315297	3.921398323e-05
315298	0.0004780802833
315299	0.0002813620067
315300	0.0006096403138
315301	0.002235582886
315302	0.0007851780446
315303	0.0003265011297
315304	0.0005143721307
315305	0.00286334547
315306	0.001400146898
315307	0.002411759916
315308	0.002354569229
315309	0.002730854104
315310	7.256856537e-05
315311	0.0001970269854
315312	0.001266376308
315313	0.000502267483
315314	0.001781088885
315315	0.001823373121
315316	0.0009685390602
315317	0.001980262915
315318	0.001934666112
315319	0.001783531174
315320	0.001098441122
315321	0.003731700452
315322	0.0002169488462
315323	0.0001480834491
315324	1.169541371e-10
315325	0.00327803918
315326	0.002044900582
315327	0.001625079148
315328	0.000159605459
315329	0.0006548933292
315330	0.002099751497
315331	0.001277360511
315332	0.0007917614639
315333	0.003997225515
315334	0.0001134018783
315335	0.002300676882
315336	0.0006610763515
315337	0.001441781863
315338	0.001084576511
315339	0.001467732751
315340	0.0003176172031
315341	0.0016280136
315342	0.002094630117
315343	0.0006637388486
315344	0.003389460208
315345	0.001747478437
315346	0.000139004064
315347	0.001185175398
315348	0.001845724106
315349	0.001894347795
315350	0.0006825696447
315351	0.002112814788
315352	0.0003245898873
315353	0.003381922618
315354	0.003647227307
315355	0.00179127362
315356	0.00187170756
315357	0.001060214762
315358	0.001776262592
315359	0.00146638258
315360	0.0001798830588
315361	0.0001552955346
315362	0.0007674512387
315363	0.002532256985
315364	0.001581713531
315365	0.001757818285
315366	0.001431680363
315367	0.0006669477305
315368	1.222271564e-05
315369	0.001624359131
315370	0.0001545919462
315371	0.0008195883829
315372	0.001594530679
315373	0.001008252792
315374	0.00109785022
315375	0.002569074408
315376	0.0020777165
315377	0.002401820396
315378	0.000897781853
315379	0.0003199444194
315380	0.003090603133
315381	0.0006448512238
315382	0.0004817180124
315383	0.0002333823527
315384	0.002270002162
315385	0.0004602031627
315386	0.002275034558
315387	0.001873621562
315388	0.0007892470688
315389	0.001279572756
315390	0.0009922544111
315391	0.002191747308
315392	0.001770949156
315393	0.002861857091
315394	0.00157826481
315395	1.336418422e-05
315396	0.0001167155127
315397	0.003092731109
315398	0.001142030333
315399	0.0006163668406
315400	0.0009545512137
315401	0.00255685138
315402	1.426418239e-05
315403	0.0009452818528
315404	0.002755358213
315405	0.0001787382775
315406	0.000338857089
315407	0.001477619997
315408	0.001150143342
315409	0.001089650725
315410	0.000312323753
315411	0.003535133614
315412	0.0005062345707
315413	0.0006120647638
315414	0.000307777523
315415	0.000345365456
315416	0.002188866682
315417	0.001223854741
315418	0.0009677770153
315419	0.003438228037
315420	0.002799505697
315421	0.0003160346104
315422	0.0006098963599
315423	0.0002611404252
315424	0.001125785961
315425	0.0004238066845
315426	0.001338148441
315427	0.003654132915
315428	0.0021696593
315429	0.0007746722921
315430	0.001280595566
315431	0.002935433397
315432	0.001750582277
315433	0.001884022503
315434	0.001700308112
315435	0.002969926268
315436	0.0006015876212
315437	0.0004410462809
315438	0.00165542847
315439	0.004353555605
315440	0.001493355944
315441	0.001158923359
315442	0.00423111322
315443	0.003401313974
315444	0.0004528106036
315445	0.0004339069769
315446	0.002829255109
315447	0.0002549720341
315448	0.0008444803294
315449	0.002389642118
315450	3.64863521e-05
315451	0.0007958068334
315452	0.002793156927
315453	5.415733105e-05
315454	0.001994175145
315455	0.001791046576
315456	0.00329186759
315457	0.002806667125
315458	0.000641796779
315459	0.002820713696
315460	0.0002590587283
315461	0.003276795011
315462	0.003144574363
315463	0.001818394421
315464	0.0001745756191
315465	0.001852357771
315466	0.0010376315
315467	0.0003372393701
315468	0.001700823866
315469	0.0003317126408
315470	0.0001990976089
315471	0.004186417316
315472	0.00122583563
315473	0.0009377302029
315474	0.005728440913
315475	0.001029059971
315476	0.001551359782
315477	0.001334035973
315478	0.001717227588
315479	0.002283951842
315480	0.002007936335
315481	0.002687223466
315482	0.003907494861
315483	0.001332767307
315484	0.00100180232
315485	0.001559072089
315486	0.002030674706
315487	0.000133456689
315488	1.214767254e-05
315489	0.0009250963384
315490	0.002887509974
315491	0.001350023675
315492	0.002493490704
315493	0.0001415275503
315494	0.001265974016
315495	0.0006885498767
315496	0.0005103294407
315497	0.003743577649
315498	0.002514363676
315499	0.003276431852
315500	0.001410647869
315501	0.001905302962
315502	0.001187452044
315503	0.001651993472
315504	0.000351247114
315505	0.003900479569
315506	0.002092142386
315507	0.005485952447
315508	0.002552997111
315509	0.003718222486
315510	0.002724460343
315511	0.005136896243
315512	0.002488924527
315513	0.003323758558
315514	0.004110217133
315515	0.003356463525
315516	0.003340219591
315517	0.003368486069
315518	0.0003969484712
315519	0.004092110502
315520	0.001868439841
315521	0.000755938597
315522	0.0004619231872
315523	0.00143492152
315524	0.002440993583
315525	0.004552638445
315526	0.002167512357
315527	0.001563840571
315528	0.002845646796
315529	0.002952622134
315530	0.00159529616
315531	0.004285812568
315532	0.006513557306
315533	0.003745520297
315534	0.003296344352
315535	0.0009654368444
315536	0.0008903846636
315537	0.003683198953
315538	0.0002995799827
315539	0.0003537503874
315540	0.0001632961747
315541	0.004330493981
315542	0.001487934729
315543	0.00296373164
315544	0.004073561136
315545	0.003626310896
315546	0.000497685311
315547	0.0003594893023
315548	0.001395951696
315549	0.0006635410303
315550	0.009925651783
315551	0.005549136397
315552	0.0003396233833
315553	0.001189606596
315554	0.002339961645
315555	0.0007959858571
315556	0.004605255058
315557	0.001684192555
315558	0.0006929031496
315559	0.005753446214
315560	0.006273867669
315561	0.005102716243
315562	0.002121665097
315563	0.00413636962
315564	3.109030887e-08
315565	0.003206764428
315566	0.000160612176
315567	0.001436614116
315568	0.001799949588
315569	0.006286891953
315570	0.0005176170967
315571	0.002342614017
315572	8.560797769e-05
315573	0.004465199786
315574	1.649696505e-05
315575	0.001694785674
315576	0.0002768941901
315577	0.004482420556
315578	0.005350274276
315579	0.001112364873
315580	0.009697040118
315581	9.002272289e-05
315582	0.002890050995
315583	0.00160671852
315584	0.002946326336
315585	0.005265660648
315586	0.001671944142
315587	0.006447253852
315588	0.0001122287655
315589	0.0006479573951
315590	0.0005585623979
315591	0.001875779703
315592	0.002751880737
315593	0.0001584157907
315594	0.005749712678
315595	0.0004677941209
315596	0.006779183789
315597	0.001494801638
315598	0.0006277889942
315599	0.001892152949
315600	0.001083093523
315601	0.004410901295
315602	0.003833224697
315603	0.002861738295
315604	0.002550072121
315605	0.001134562784
315606	0.0007598540132
315607	0.0004426367464
315608	0.0002822685596
315609	0.001588041556
315610	0.0009487993419
315611	0.001119125289
315612	0.00066436315
315613	0.0007912939652
315614	1.274255679e-07
315615	0.0008087561397
315616	0.001086076092
315617	0.0003262150426
315618	0.0003044431247
315619	0.0006729639832
315620	0.0001626531277
315621	0.001102554938
315622	6.361474197e-06
315623	0.00156194472
315624	0.001407806505
315625	0.0004882937506
315626	0.0007755464378
315627	0.001294527855
315628	0.0001464728254
315629	0.001076061772
315630	0.0001214701973
315631	6.034032799e-06
315632	0.001238428278
315633	0.0008475387909
315634	0.0001591645329
315635	0.001242227747
315636	0.0008133059036
315637	0.0002787015583
315638	0.0009633247741
315639	0.00122179169
315640	0.0003415602347
315641	0.000184492672
315642	0.001123142946
315643	0.001559851464
315644	0.0009498836104
315645	0.0002711884084
315646	0.001077646063
315647	0.000341400792
315648	0.001237539352
315649	0.0003661243669
315650	6.867927251e-06
315651	0.0005835816873
315652	0.001092515618
315653	0
315654	0.001741844121
315655	0.0003118529974
315656	0.001738691691
315657	0.001443464074
315658	0.00094398193
315659	0.0005990553328
315660	0.000935003612
315661	0.001097252601
315662	0.0009510785842
315663	0.0009719813299
315664	0.00107755481
315665	0.0001580902917
315666	0.0006263121778
315667	0.000172053651
315668	0.001077091887
315669	0.0007757742263
315670	0.001076451686
315671	0.0007660383261
315672	0.0001593919196
315673	0.0002993924367
315674	0.001087545221
315675	0.0006758705065
315676	0.0003266385462
315677	0.001110560548
315678	0.00141928887
315679	0.0009354885424
315680	0.0004874469765
315681	0.001078035666
315682	0.0003217192016
315683	0.001241525774
315684	0.0001663766984
315685	0.0001671936954
315686	0.002355587022
315687	0.000318723673
315688	0.00141024693
315689	0.0001615707217
315690	0.000767110629
315691	0.0007982869019
315692	0.0001568255424
315693	0.0001639360786
315694	0.0006268146613
315695	0.0002974862195
315696	1.520059617e-06
315697	0.0002360864079
315698	0.000323392483
315699	0.0006153436658
315700	0.0009410056288
315701	1.14657961e-06
315702	0.0001583760364
315703	0.0009681349191
315704	0.0009085049365
315705	0.0002643269662
315706	0.0003608216972
315707	0.0001638737615
315708	0.0004125660935
315709	0.0008474508476
315710	0.0001583072202
315711	0.0001636085807
315712	0.001300176692
315713	0.0008401846135
315714	0.0005765353739
315715	0.0009388230511
315716	0.0003272192523
315717	0.001138132035
315718	0.0005310178177
315719	0.0002939300333
315720	0.008193862776
315721	1.124920885e-06
315722	0.0002475365057
315723	0.001081444674
315724	0.0001155452847
315725	0.0003485417771
315726	0.0002465585292
315727	0.0003672193815
315728	0.0005253454216
315729	0.0001161996619
315730	0.001217583001
315731	0.0007107328779
315732	7.096182599e-05
315733	0.0008946838827
315734	0.0002472720664
315735	9.520364654e-09
315736	0.0001612737148
315737	0.0002472049121
315738	0.0001995348066
315739	7.490763792e-06
315740	0.001215105907
315741	0.0008687041399
315742	0.0006133698342
315743	0.0005803428902
315744	6.228619024e-06
315745	0.001321114353
315746	0.002622022633
315747	0.0001577350007
315748	0.006053605141
315749	0.0007427111447
315750	0.002405417978
315751	0.005724656748
315752	0.003009085159
315753	0.001468953225
315754	0.002027914982
315755	0.004012707307
315756	0.002478065113
315757	0.003020824691
315758	0.001347127992
315759	0.00430785105
315760	0.00109987331
315761	0.003538246531
315762	0.001796300003
315763	0.0001409668077
315764	0.003179149384
315765	0.002190755359
315766	0.0001153151876
315767	0.001619691593
315768	0.0005564610713
315769	2.841603491e-05
315770	0.001605620814
315771	0.001796711814
315772	0.004858264726
315773	0.00104354776
315774	0.001524765615
315775	0.001965545812
315776	0.00469143806
315777	0.002380365502
315778	0.002421097334
315779	4.339360613e-05
315780	0.0006757806979
315781	0.002691089836
315782	0.001869860076
315783	0.0003143739386
315784	0.002629105756
315785	0.0008535998757
315786	0.004781752195
315787	0.0009975462639
315788	0.001435458553
315789	0.00358474847
315790	0.0005572260813
315791	0.002513244308
315792	0.001977122549
315793	0.003221205326
315794	0.001474723808
315795	0.0008563865679
315796	0.0008727349174
315797	0.0005382067075
315798	0.00229104605
315799	0.001466352348
315800	0.004425818435
315801	0.004684893559
315802	0.005585625669
315803	0.005949469888
315804	0.0008616288049
315805	0.0006433738177
315806	0.002912173135
315807	0.004656267983
315808	0.001688576317
315809	0.005290688055
315810	0.0004583787473
315811	0.002364868434
315812	0.0001495469988
315813	0.001855708381
315814	0.0007917211577
315815	0.0005712370139
315816	0.003333641362
315817	0.0004123560826
315818	0.002650968124
315819	0.004207948138
315820	0.006708714442
315821	0.0004627100349
315822	0.003085146156
315823	0.003787487763
315824	0.0009133232585
315825	0.001125788499
315826	0.004452834505
315827	0.001352366643
315828	0.0028479249
315829	0.002628304607
315830	0.001631047909
315831	0.0009225802432
315832	0.001066617139
315833	0.001629546229
315834	0.00271674262
315835	0.003314133855
315836	0.002138720698
315837	0.00156211221
315838	0.0008455329986
315839	0.002681659285
315840	0.0007167414971
315841	0.0007298225756
315842	0.005014431599
315843	0.000182673037
315844	0.001231080335
315845	0.002221750857
315846	0.003381475012
315847	0.00213490613
315848	0.002136022449
315849	0.001366607127
315850	0.0005726569016
315851	0.0001845135619
315852	0.00112247868
315853	0.00060240917
315854	0.0002117310359
315855	0.0001567414274
315856	1.550544159e-07
315857	2.139066187e-07
315858	0.0001217253764
315859	6.097895008e-05
315860	1.205508546e-07
315861	7.051954924e-08
315862	0.000119826883
315863	3.135617288e-05
315864	0.0001253977726
315865	0.000158629575
315866	0.002426450137
315867	0.0003140934791
315868	0.000690403032
315869	1.064282673e-07
315870	0.0001122946139
315871	0.0002190983485
315872	0.0004737650852
315873	0.0005729367869
315874	0.0006452967395
315875	2.141819826e-05
315876	0.001411287968
315877	0.0001180780634
315878	0.0009809716142
315879	0.0003220745159
315880	0.001682825278
315881	0.0007676771944
315882	0.001287208311
315883	5.544655675e-06
315884	0.0009537088089
315885	7.342087904e-05
315886	0.00102638245
315887	0.0003160577409
315888	0.0027024916
315889	0.001034904609
315890	0.002126742954
315891	0.0008016359922
315892	0.001258875874
315893	0.0003834706749
315894	0.001317136809
315895	7.146719942e-05
315896	0.002890454623
315897	0.0006458044315
315898	0.0002905994975
315899	6.263719976e-05
315900	0.0002307869875
315901	0.0006458720541
315902	0.001500462104
315903	1.614450245e-05
315904	0.0003371559868
315905	0.0004445053226
315906	0.0008184597085
315907	0.0001296957419
315908	0.000992597963
315909	0.0001575297019
315910	6.463436146e-08
315911	0.001067561035
315912	0.0002108724062
315913	0.002091815412
315914	0.000164907485
315915	2.509815762e-05
315916	0.0001429886319
315917	0.001607173865
315918	0.001174897068
315919	0.0002936015438
315920	0.00146344585
315921	0.0008934156186
315922	0.0001130145038
315923	0.001308256072
315924	0.002132098498
315925	9.616931565e-05
315926	0.00178313877
315927	0.0009148623342
315928	0.002504956249
315929	0.0004972728351
315930	0.0007941734866
315931	4.94443339e-05
315932	0.001125648382
315933	0.001462234991
315934	0.0002880105678
315935	0.001247243789
315936	0.000338218325
315937	0.001775513833
315938	0.0007071264157
315939	0.0005171598346
315940	0.001169582484
315941	0.001814851287
315942	0.0009368067477
315943	0.0001686357096
315944	0.0001293297296
315945	0.002782295045
315946	0.00277964147
315947	0.0019878479
315948	0.003885061408
315949	0.0007918967715
315950	0.001791480402
315951	0.0005999606173
315952	0.003090878682
315953	0.0004837281138
315954	0.003404615763
315955	0.000237576055
315956	0.0008870764134
315957	0.001884505986
315958	0.0006573448518
315959	3.505814537e-05
315960	0.002434754794
315961	0.001362427118
315962	0.0007476100683
315963	0.001116184333
315964	0.0005951602704
315965	0.00166665436
315966	5.80434071e-05
315967	0.003238840364
315968	0.00184537775
315969	0.0007696292125
315970	0.0001205743089
315971	0.001368711284
315972	0.0005632317357
315973	0.001666460897
315974	0.001450305707
315975	0.002878244695
315976	0.002450337109
315977	0.0002317725016
315978	0.001785888216
315979	0.0006873416213
315980	0.002106000499
315981	0.0009040626812
315982	0.0002840573827
315983	0.0004457931226
315984	0.0008977991527
315985	0.0007953510529
315986	0.00110805153
315987	0.0002149579254
315988	0.0009736676068
315989	0.002098761927
315990	0.001437063535
315991	0.001387257138
315992	0.0009903451132
315993	0.001234274769
315994	0.0008554451237
315995	0.0008355481957
315996	6.076168444e-05
315997	0.0008713888525
315998	0.001453881293
315999	0.004741720702
316000	0.003522555191
316001	0.0009275504667
316002	0.003140241636
316003	0.003613282001
316004	0.0005098966633
316005	0.001654677152
316006	0.002342095722
316007	0.00114901184
316008	0.001244879354
316009	0.0009415355466
316010	0.0005881462255
316011	0.0006300920774
316012	0.0006283072121
316013	0.002532902616
316014	0.0002115126107
316015	0.0009891003398
316016	0.001308700833
316017	0.0003891133855
316018	0.0003894236078
316019	0.0003001723956
316020	0.0004519015419
316021	0.001110198799
316022	0.0007678422108
316023	0.001159977231
316024	0.0006205656315
316025	0.001525577225
316026	0.001844300547
316027	0.0008429717984
316028	0.001241994007
316029	0.00137365471
316030	0.002304685295
316031	0.001637268252
316032	0.001233030832
316033	0.001638238155
316034	0.00186715104
316035	0.0007310579642
316036	0.0002925312989
316037	0.001238001248
316038	0.0006431150789
316039	0.001267596419
316040	0.000579392433
316041	0.0001187398103
316042	0.0003960774532
316043	0.0002109422437
316044	8.968966335e-06
316045	0.0003772165
316046	0.0005766913501
316047	0.0003349346651
316048	0.002442664015
316049	0.0008315465787
316050	0.001333684031
316051	0.0009786247629
316052	0.0007282424931
316053	0.0004027843354
316054	0.001955308438
316055	0.0015687582
316056	0.001689862123
316057	0.002162572155
316058	0.000987594035
316059	0.00185073563
316060	0.00151348024
316061	1.309769434e-05
316062	0.001263031226
316063	0.001151575152
316064	0.002018092177
316065	0.002931710248
316066	0.001192635296
316067	0.0004351513472
316068	0.0005973914793
316069	0.0005538613319
316070	0.0007125771789
316071	4.038776434e-05
316072	0.001783817199
316073	0.0007823613375
316074	0.001084599304
316075	1.231283061e-06
316076	0.0009514386663
316077	0.0007188986656
316078	3.604679437e-05
316079	0.001709996226
316080	0.0012503917
316081	0.001279618272
316082	2.395042651e-07
316083	0.001570167697
316084	0.0005849579603
316085	0.0002208936105
316086	0.001894359464
316087	0.0008720124091
316088	0.0001731156012
316089	0.0003571992884
316090	0.001112665281
316091	0.0006667949032
316092	0.002181431665
316093	0.0002493882369
316094	0.0003577953162
316095	0.001790655304
316096	0.0003637242471
316097	0.001934301922
316098	0.001420251214
316099	0.0003692264256
316100	0.0001155031205
316101	0.0002963012516
316102	0.0006947234327
316103	0.001521238036
316104	0.001338199739
316105	0.0007638970551
316106	0.0005587734915
316107	0.0001546271565
316108	0.0003559261481
316109	0.001397399098
316110	0.003609663612
316111	0.003200723293
316112	0.003152347619
316113	0.0005238477041
316114	0.001998733453
316115	0.000912933902
316116	0.001600985703
316117	0.0001427339742
316118	0.002614366508
316119	0.001326505665
316120	0.002873164278
316121	6.813657131e-05
316122	8.278891183e-08
316123	0.001035171199
316124	0.0002718470206
316125	0.001511527712
316126	1.358707671e-07
316127	0.002251279261
316128	0.001362592752
316129	0.0004105647938
316130	8.0560577e-05
316131	5.467502509e-06
316132	1.137895049e-06
316133	6.343110318e-07
316134	1.489423114e-06
316135	2.502918918e-06
316136	2.197123378e-06
316137	1.276200885e-06
316138	4.880526626e-06
316139	1.649418895e-06
316140	4.479333927e-06
316141	2.262121536e-06
316142	1.732819507e-06
316143	2.295424148e-06
316144	9.614325434e-07
316145	3.283545088e-06
316146	3.232255508e-07
316147	4.55588159e-07
316148	1.343844486e-06
316149	4.48043406e-06
316150	1.429420367e-06
316151	3.268789518e-06
316152	6.703996454e-06
316153	4.316209223e-06
316154	2.431297421e-06
316155	3.597433036e-06
316156	2.046381865e-06
316157	5.742938447e-06
316158	6.15426039e-06
316159	1.950401469e-06
316160	2.376700967e-06
316161	5.25149609e-06
316162	1.225187383e-06
316163	4.724766545e-06
316164	6.586126493e-06
316165	1.009947606e-06
316166	3.643273415e-06
316167	7.193568298e-06
316168	3.764046852e-07
316169	4.353172735e-06
316170	2.422669452e-06
316171	4.056429897e-06
316172	1.947838684e-06
316173	1.351444364e-06
316174	3.883163867e-06
316175	2.401626451e-06
316176	8.488671412e-06
316177	4.274407385e-06
316178	5.112459712e-07
316179	9.531494964e-06
316180	1.226960686e-06
316181	1.904958749e-06
316182	1.780405083e-06
316183	5.972196719e-06
316184	7.353494872e-06
316185	2.125461464e-06
316186	6.59114098e-06
316187	4.306352599e-06
316188	4.064415742e-07
316189	7.386600966e-07
316190	1.038956498e-06
316191	5.719738077e-06
316192	1.194388872e-06
316193	3.116291372e-06
316194	3.263724876e-06
316195	6.36288116e-06
316196	5.248571152e-06
316197	1.1161634e-07
316198	6.048097665e-06
316199	5.904305756e-06
316200	1.499083492e-06
316201	2.971361124e-06
316202	2.524453292e-06
316203	4.019268266e-06
316204	1.978514893e-06
316205	1.999325689e-07
316206	4.235288064e-06
316207	1.254306692e-06
316208	2.405047216e-06
316209	7.07756179e-07
316210	1.093596091e-06
316211	5.398096172e-07
316212	5.240661008e-06
316213	4.003495048e-07
316214	5.518119068e-07
316215	2.276349472e-06
316216	3.07529619e-06
316217	0.0002486849912
316218	2.316484417e-05
316219	0.0005595587861
316220	0.0002528082554
316221	0.0002696913597
316222	0.0001827056494
316223	0.001370768242
316224	0.0002706044668
316225	7.47412195e-05
316226	0.0003763991572
316227	0.0002413614066
316228	0.0001595042327
316229	0.0001739847937
316230	0.0005804288354
316231	0.0001052425534
316232	0.0006596572814
316233	0.000982514228
316234	0.001135983365
316235	0.0007705018956
316236	0.0003995025835
316237	0.0008162778992
316238	0.0004100818589
316239	0.0002668175607
316240	0.0004047665061
316241	0.0007348567395
316242	0.0009562655546
316243	0.00744819699
316244	0.001199506615
316245	0.001502999129
316246	0.001677415097
316247	0.0003954670495
316248	0.002042464467
316249	0.0007931589235
316250	0.0008831846861
316251	0.002344250384
316252	0.001503875224
316253	0.003406406848
316254	0.0001063563375
316255	0.000399640386
316256	0.002825322169
316257	0.0009622479542
316258	0.0007285647833
316259	0.002332129679
316260	0.001822232274
316261	0.003119637289
316262	0.001912625075
316263	4.609598332e-05
316264	0.0006226724679
316265	0.0001309434034
316266	0.00295704339
316267	0.000586550283
316268	0.0005350855685
316269	0.002057297091
316270	0.0004709824482
316271	9.312024247e-05
316272	0.004710778391
316273	0.001987726911
316274	0.000540599705
316275	0.001578210268
316276	0.000333720987
316277	0.0004646703525
316278	0.002927416291
316279	0.001901877319
316280	6.065220677e-05
316281	0.0003977929415
316282	0.007462174412
316283	0.001913026925
316284	0.001186841614
316285	0.0007621719986
316286	0.001302730621
316287	0.0001723597961
316288	0.00017937763
316289	0.0002524600892
316290	0.001821059763
316291	0.004247403333
316292	0.001026031148
316293	0.0006992916271
316294	0.003179332722
316295	0.00446083849
316296	0.004852468069
316297	0.002472032665
316298	0.0007841467842
316299	0.0007271761479
316300	0.001439806572
316301	0.003559360309
316302	0.00263979432
316303	0.0002954183447
316304	0.001945789723
316305	0.001737912274
316306	0.004356937417
316307	0.00242271016
316308	0.004467380749
316309	0.0008615753499
316310	0.001034260286
316311	0.0008734430026
316312	0.001640694404
316313	0.002146384774
316314	0.001404651236
316315	0.0006562675702
316316	0.003202623294
316317	0.003166196573
316318	1.878423851e-05
316319	0.002056359421
316320	0.00467479406
316321	0.002240038149
316322	0.001955528763
316323	0.000823618976
316324	0.00334352273
316325	0.001875818381
316326	0.0008001016456
316327	0.004439875315
316328	0.001015131425
316329	0.001420847519
316330	0.001324327431
316331	0.0008798866548
316332	0.0001909113269
316333	0.001165688504
316334	0.001192872638
316335	0.002908059152
316336	0.0003906963085
316337	0.003079934435
316338	0.002481800855
316339	0.003870871625
316340	0.001965347425
316341	0.001099119652
316342	0.002728197508
316343	0.005225250969
316344	0.001009412419
316345	0.001382104152
316346	0.000385184351
316347	0.001631554953
316348	0.0001921681928
316349	0.001480166076
316350	0.002560045878
316351	1.415426094e-05
316352	0.002298239143
316353	0.0005186558328
316354	0.001631248213
316355	0.00821073218
316356	0.0009310757991
316357	0.005197140397
316358	0.002634565068
316359	0.0004652065327
316360	0.001469129412
316361	0.002439806585
316362	0.003447826656
316363	0.0006503222323
316364	0.0003199217444
316365	0.004643370588
316366	0.004540502755
316367	0.0005217358289
316368	0.000984085226
316369	3.027861107e-05
316370	0.00046586838
316371	0.0001970897507
316372	3.772208567e-05
316373	0.0009693166087
316374	0.0004839330327
316375	0.0003413103255
316376	0.0002040963821
316377	0.0002154642107
316378	0.000520914127
316379	0.0007226653553
316380	0.0001322763821
316381	0.0007578555009
316382	0.0001861860374
316383	0.00100938183
316384	0.001030761278
316385	0.000247670955
316386	0.0001093168448
316387	0.0002708438091
316388	0.0002767632989
316389	0.0003508124178
316390	0.000827700735
316391	0.0001512913809
316392	4.924278277e-05
316393	0.0001716852399
316394	0.0005153900227
316395	0.0009559606527
316396	7.676018396e-05
316397	9.304210229e-05
316398	0.0001662895408
316399	0.0004985958597
316400	0.003275567069
316401	0.004499302728
316402	0.001697984367
316403	0.002186029804
316404	0.001298744497
316405	0.0002698735582
316406	0.001294759821
316407	0.003049713206
316408	0.002046944689
316409	0.0009009731938
316410	0.001087584934
316411	0.001521287666
316412	0.001734647752
316413	0.0008664970501
316414	0.001463164913
316415	0.001074913875
316416	0.0008442003746
316417	0.0002499900164
316418	0.000863096497
316419	0.0006442968951
316420	0.0006646625771
316421	0.0001360265069
316422	6.47041821e-05
316423	2.548481708e-05
316424	0.0002270239887
316425	0.0004241874122
316426	0.0002652277374
316427	0.0006538371377
316428	0.0002488933001
316429	0.0003844225073
316430	0.0001042622894
316431	0.0001273251517
316432	0.000289915111
316433	0.0001540135478
316434	0.0003075375489
316435	0.0006334519522
316436	1.872074418e-05
316437	0.0001076263415
316438	0.0002415819148
316439	0.0008023360135
316440	0.0007465063759
316441	0.00136152219
316442	0.0001527010873
316443	0.0006929898686
316444	0.0006444387495
316445	0.0001872879037
316446	0.0007878330047
316447	0.0006295713182
316448	0.0005727103557
316449	0.0007734506967
316450	6.771372692e-05
316451	0.0002586457241
316452	0.0002875101331
316453	1.16725623e-05
316454	0.0002608709107
316455	0.0004866983306
316456	0.0006888194278
316457	0.0001278924514
316458	0.0003180081014
316459	0.005141718067
316460	0.0008117709646
316461	0.000276454721
316462	6.278216916e-05
316463	0.001217661905
316464	0.002536961087
316465	0.005561861662
316466	0.005242499054
316467	0.0008123510855
316468	0.0005981957443
316469	0.001539204197
316470	0.0001414976333
316471	8.174822982e-05
316472	8.463167134e-05
316473	0.002969319093
316474	0.003126327251
316475	0.003888925951
316476	0.004183536181
316477	0.001988101322
316478	0.007305780631
316479	0.002616970946
316480	0.0007601973339
316481	0.005346571076
316482	0.002723267352
316483	0.0005980217106
316484	0.004607776769
316485	0.002381911626
316486	0.004130440429
316487	0.00318286197
316488	0.002602468972
316489	0.000960041045
316490	0.0003162321509
316491	0.002338129032
316492	0.0001358474568
316493	0.000623300224
316494	0.0007581025291
316495	0.002194954805
316496	0.002528160325
316497	0.001578061553
316498	0.000122814669
316499	0.002704532543
316500	0.0005760863655
316501	0.0003394702432
316502	0.006762804469
316503	0.0001071020474
316504	0.003104842256
316505	0.003253914451
316506	0.000990226395
316507	0.001048029284
316508	0.001689030352
316509	0.0009949575406
316510	0.0008284263941
316511	0.00155519994
316512	0.000534361978
316513	0.0008307592376
316514	0.002210743507
316515	0.0002707987207
316516	0.0005884445589
316517	0.0002175493483
316518	0.0006695885111
316519	7.794992919e-05
316520	0.0001538259976
316521	0.0002030027166
316522	0.0003740227226
316523	0.0003318421791
316524	7.385849285e-05
316525	0.0007172092323
316526	0.0006558203193
316527	0.0008385001065
316528	0.000529780885
316529	0.0004996406249
316530	3.079994162e-06
316531	0.0004882548595
316532	0.0001095907792
316533	0.00021482325
316534	0.0003032455072
316535	0.0006072899601
316536	0.0008920680235
316537	0.002843421798
316538	0.004214495335
316539	0.0001088481177
316540	0.000239931479
316541	0.0001778813198
316542	0.0003908126592
316543	0.0008033321953
316544	0.0003084651083
316545	0.0002184008762
316546	0.001054931876
316547	0.0007393070814
316548	0.0001206068085
316549	0.0008347129797
316550	0.0002241458156
316551	0.002320568207
316552	0.0001660895837
316553	0.002033838087
316554	0.0004925253553
316555	0.002408720579
316556	0.001669112754
316557	0.0002840601359
316558	0.0001029617102
316559	0.0004340599439
316560	0.0007962117359
316561	0.00109521454
316562	0.0001042583072
316563	0.003172334321
316564	0.0002626728738
316565	0.0004815864908
316566	0.002362632129
316567	0.0001878754728
316568	0.001186957273
316569	0.002643912928
316570	0.002242496601
316571	0.0005430015834
316572	0.001932695403
316573	0.0003294391688
316574	0.0001061204514
316575	0.0002977059346
316576	0.0001894572319
316577	0.002812730752
316578	7.208545713e-05
316579	0.0001942989644
316580	0.0001235721908
316581	8.23186789e-05
316582	0.0005163959681
316583	0.0002723190924
316584	0.0004184476529
316585	0.0001670687467
316586	9.81214694e-05
316587	0.0005591369518
316588	0.0005096248317
316589	1.965869804e-05
316590	0.0007387000812
316591	0.0001399413888
316592	0.0009307559855
316593	0.001562291431
316594	0.002731885324
316595	6.655797545e-05
316596	0.0007406052581
316597	0.0001837702737
316598	0.003151114776
316599	0.0003410652698
316600	0.0001220731525
316601	0.0003842921199
316602	0.002450206899
316603	0.0008909186687
316604	0.0003068577197
316605	0.0001184918822
316606	0.001635913505
316607	0.0001361125801
316608	0.0002591964974
316609	0.0006229421086
316610	0.0004035797601
316611	0.0002568658827
316612	0.003320936613
316613	0.0004423916849
316614	0.001208462749
316615	0.0001132909228
316616	0.003640436541
316617	0.0009635862719
316618	0.002773873868
316619	0.002401995306
316620	0.002876378003
316621	0.0005946948078
316622	0.00479421274
316623	0.0008570749219
316624	0.0035767932
316625	0.0005111408085
316626	0.0001324727275
316627	0.0002374702962
316628	3.540276682e-05
316629	8.242625229e-05
316630	6.798212535e-05
316631	3.353234279e-05
316632	0.000414811021
316633	0.0002193488261
316634	0.0005847024073
316635	0.0004985590608
316636	0.0002736686657
316637	0.0001401160271
316638	0.0009430992235
316639	0.0001956271277
316640	0.0004940265877
316641	0.0002528522357
316642	0.0001108059602
316643	0.001801277047
316644	0.00047276435
316645	0.0007425181712
316646	0.000117288017
316647	0.0001204722983
316648	0.0004856426286
316649	2.376854472e-05
316650	0.0001259547116
316651	0.0009879981001
316652	0.0009730358284
316653	0.001962285941
316654	0.001086387993
316655	0.001478875151
316656	7.456801094e-05
316657	0.0001048749347
316658	0.0009221261251
316659	0.004490595816
316660	0.001055170749
316661	0.0001949122524
316662	0.0005379565512
316663	0.0006154313507
316664	0.0006138379381
316665	0.0002630873021
316666	0.0002889090257
316667	0.0002555267745
316668	7.066794229e-05
316669	0.001347581246
316670	0.001623731256
316671	0.003241154738
316672	0.0007961743691
316673	0.0001399683322
316674	0.000180911262
316675	0.0003936165333
316676	0.00054910664
316677	1.300497578e-05
316678	0.002286260776
316679	0.0007271187757
316680	8.947021471e-05
316681	6.098551566e-05
316682	2.718187437e-05
316683	0.0001925795584
316684	0.0003631861295
316685	2.4349815e-05
316686	4.195794497e-05
316687	5.688310467e-05
316688	0.002105452389
316689	0.0003630655501
316690	0.0006932340581
316691	0.0002836934881
316692	0.001178255081
316693	0.000188918999
316694	0.0004890888921
316695	0.001430866927
316696	0.0007964388433
316697	0.0004314675693
316698	0.000339426683
316699	0.0003247181288
316700	0.002585486937
316701	0.0002119536102
316702	0.0004479257886
316703	0.0006428095989
316704	0.002008565766
316705	0.0001243312443
316706	0.0053804231
316707	0.0007463299305
316708	0.0006757948749
316709	0.0008260853393
316710	0.000587858044
316711	0.004090030668
316712	0.0001087923948
316713	0.001739456386
316714	0.0009113560034
316715	0.0007376933346
316716	0.003927261535
316717	0.0004606606196
316718	0.004157664353
316719	0.0004057312159
316720	0.0007223901991
316721	0.002192093339
316722	0.0001685631294
316723	0.0007998211281
316724	9.408765135e-06
316725	7.705861754e-05
316726	0.001739253612
316727	0.001538492625
316728	0.001505014972
316729	0.0002035827932
316730	0.000776982839
316731	0.001759447072
316732	0.0005012523746
316733	0.003501133198
316734	0.004668756973
316735	0.001476198464
316736	0.004411423124
316737	0.003321794681
316738	0.003309398396
316739	0.001910830293
316740	0.001985292108
316741	0.001692830182
316742	0.000221892358
316743	0.002165932976
316744	0.0007427682337
316745	0.001721612335
316746	0.000990228365
316747	0.0009947826906
316748	0.004057358496
316749	0.0008640425447
316750	8.883075054e-05
316751	0.001562254428
316752	0.000506906363
316753	0.002146199933
316754	0.00110489693
316755	0.0007589101216
316756	0.0004927922019
316757	0.0003218928852
316758	4.287522533e-05
316759	2.488713522e-05
316760	2.848383843e-05
316761	3.192955757e-05
316762	7.463778944e-05
316763	3.088466107e-06
316764	0.0003523175155
316765	0.001167590499
316766	0.002457185938
316767	6.437325683e-05
316768	0.0008005424374
316769	0.0001498952837
316770	0.00093933194
316771	0.0001268245141
316772	0.001942556465
316773	6.300593898e-05
316774	4.609201838e-05
316775	0.0008128218044
316776	0.002003927268
316777	0.001053935629
316778	0.001244825459
316779	0.0006734595662
316780	0.001240141788
316781	0.000540065377
316782	0.0008451154088
316783	0.00070187315
316784	0.0004412691864
316785	0.0008014719966
316786	0.0007472711871
316787	0.0004152569603
316788	0.0005394355383
316789	0.0006354249726
316790	0.0009839473481
316791	0.003167961289
316792	0.0003954401404
316793	0.00354690463
316794	0.001778702267
316795	0.001213113652
316796	0.001462641648
316797	0.0005199868485
316798	0.002680627154
316799	0.0009625551621
316800	0.0003461576882
316801	0.001662942787
316802	0.0006973619603
316803	0.001248510719
316804	0.001443023418
316805	0.002037309682
316806	0.0003821961165
316807	0.001647159473
316808	0.001110598839
316809	0.0009192886977
316810	0.002804004446
316811	0.003196412958
316812	0.001792963471
316813	0.001183634636
316814	0.0009160365922
316815	0.000612657684
316816	8.713547524e-05
316817	0.0007089672854
316818	0.001888983571
316819	0.002562039712
316820	0.001585804228
316821	0.0003837984
316822	0.001109588106
316823	0.0006154766454
316824	0.0002583924198
316825	0.0005522963684
316826	0.0008620900678
316827	0.0002427364957
316828	0.00219891805
316829	0.0004265553288
316830	0.001557952057
316831	6.482425327e-05
316832	0.001249949313
316833	0.001304463164
316834	0.001594407649
316835	0.0002062497535
316836	1.349492584e-05
316837	0.001296785997
316838	0.003219609099
316839	0.001081138192
316840	0.000864923127
316841	0.001752106092
316842	0.001879730623
316843	0.0009622481011
316844	0.0001256191328
316845	0.0009516073914
316846	0.001573436598
316847	0.003070246236
316848	0.000549875115
316849	0.001934863357
316850	0.001584599983
316851	0.000878116959
316852	0.0003811542731
316853	0.0002943982317
316854	0.0004822000804
316855	0.0006849199329
316856	0.001479568415
316857	0.0001093211918
316858	0.0007673093609
316859	0.0002978459768
316860	0.0007248610077
316861	0.001694483684
316862	0.003046578627
316863	0.002402594413
316864	0.00194232937
316865	0.001897927033
316866	0.001838018369
316867	0.0003508533234
316868	0.0008813872061
316869	0.0002474458768
316870	0.001417378997
316871	0.0009741160624
316872	0.001196803328
316873	0.001057350282
316874	0.0004674362862
316875	0.0005211240608
316876	0.000856678911
316877	0.0009707958082
316878	0.0004187896002
316879	0.00136345362
316880	7.43577878e-06
316881	0.001216101478
316882	0.0005609333
316883	1.482838635e-06
316884	0.0002231126021
316885	0.0006139568613
316886	0.0012811118
316887	0.001572487623
316888	0.0008102779147
316889	0.0002131258467
316890	0.0002203328885
316891	0.002386457802
316892	0.000126493294
316893	2.875030033e-05
316894	0.001258825309
316895	0.003313713105
316896	0.0006835542184
316897	0.0006798264592
316898	0.001657133382
316899	0.0009020198612
316900	0.001213544434
316901	0.0009199122654
316902	0.001434009052
316903	0.001908899486
316904	0.0005273224697
316905	0.0009130000485
316906	0.002717395371
316907	0.0008249276728
316908	0.002019846905
316909	0.002847489406
316910	0.0001882681012
316911	8.833357929e-05
316912	0.0007737508163
316913	0.001628020611
316914	0.0008481236348
316915	0.0004931945653
316916	0.00113523781
316917	0.001353959114
316918	0.001023601199
316919	0.002991977376
316920	0.004637408166
316921	0.0008569684533
316922	0.0006528344271
316923	0.0007169914171
316924	0.000320124813
316925	0.000868643177
316926	3.796705898e-05
316927	0.0008264545632
316928	0.001207839048
316929	0.001743399699
316930	0.0002469924185
316931	0.0008492025746
316932	0.003618673922
316933	0.0001159141256
316934	0.001800384325
316935	0.002577526927
316936	3.130459382e-05
316937	0.00149801386
316938	1.958557704e-05
316939	3.621628381e-05
316940	0.0005958256181
316941	0.0001370104072
316942	0.0007657929641
316943	0.001102858146
316944	0.001352134499
316945	0.0002261086285
316946	0.0003233807947
316947	0.001188608805
316948	0.0007252943887
316949	0.002940781446
316950	0.00416170748
316951	0.0005818343674
316952	0.001220523623
316953	0.0007393647308
316954	0.0003884716772
316955	0.0002230524439
316956	2.887930322e-05
316957	0.001727942455
316958	0.002872639072
316959	0.001567654193
316960	2.168688267e-05
316961	0.00139871807
316962	0.004239912582
316963	0.0001702693736
316964	0.001147923044
316965	0.0006955311609
316966	0.000441723565
316967	0.000720501422
316968	0.0001515081712
316969	0.0008001089926
316970	0.001950174518
316971	0.0002739300404
316972	0.0004414179153
316973	0.003477154581
316974	0.0006148573045
316975	0.003310901759
316976	0.002965097527
316977	0.0002091451358
316978	0.0005442915683
316979	0.001649791094
316980	0.001580768694
316981	0.0005724407454
316982	0.000981391763
316983	0.001387786467
316984	0.0001380675222
316985	0.0008188061626
316986	0.0005390513766
316987	0.0009353270833
316988	0.002399042065
316989	0.001481346156
316990	0.0001997693179
316991	0.002241118504
316992	0.001085904833
316993	0.001762134281
316994	0.000755122403
316995	0.00148873034
316996	0.0002653506831
316997	0.001597273195
316998	0.0001346445708
316999	6.569190266e-05
317000	0.001487453981
317001	0.0005900996943
317002	0.0009605641351
317003	0.001166139189
317004	0.00180434549
317005	0.001728272655
317006	0.001262009308
317007	0.001388599542
317008	0.001624510804
317009	0.002282344465
317010	4.811852087e-05
317011	0.0006374117723
317012	0.002067899004
317013	5.975904813e-05
317014	6.993793433e-05
317015	0.0002498343344
317016	0.0005400314487
317017	0.001208127202
317018	0.0003744630308
317019	0.001026332589
317020	2.117412329e-05
317021	0.003256737398
317022	0.001833770263
317023	0.0020364789
317024	0.0003831071481
317025	0.003798579836
317026	0.001800482404
317027	0.0009537262767
317028	0.0006708837125
317029	0.0008471709195
317030	0.002892562255
317031	0.0002526140864
317032	0.0009676671575
317033	0.001202957288
317034	0.001047535701
317035	0.001088922469
317036	0.0001064485002
317037	0.001997830686
317038	0.0001734781493
317039	0.001908207966
317040	0.001115375849
317041	0.0002843029964
317042	0.0009367042269
317043	0.0004789498225
317044	0.0008901609951
317045	0.0001189808097
317046	0.0004555843816
317047	0.00065222435
317048	0.0002218284248
317049	0.001055329186
317050	0.0004126916868
317051	0.0006901580927
317052	0.00127884795
317053	4.654424577e-05
317054	0.0003022335787
317055	0.001394112456
317056	0.001109694379
317057	0.001198778047
317058	0.0007151648952
317059	0.0003189880574
317060	0.000571194635
317061	0.002771160036
317062	0.002151221857
317063	1.921778203e-05
317064	0.002546484772
317065	0.0001007666018
317066	0.0004648395746
317067	0.003117284233
317068	0.0008727694848
317069	0.001238532757
317070	0.003555093296
317071	0.001169438358
317072	0.0003673466315
317073	0.0003100689006
317074	0.00258421215
317075	0.0004810021616
317076	0.001444874195
317077	0.003717721748
317078	0.002731257888
317079	0.0001620113505
317080	0.001364288705
317081	0.0003821331185
317082	0.001610308994
317083	0.0006924248155
317084	0.001742507693
317085	0.002133244246
317086	0.0002338577067
317087	0.001115996088
317088	0.003157743395
317089	0.0005409775402
317090	0.0001042067918
317091	0.0005037353438
317092	0.0002656325599
317093	0.001620109723
317094	0.001239096766
317095	0.002629121281
317096	0.00220323437
317097	0.0009248004803
317098	0.003069743267
317099	0.001863174928
317100	0.0005446683703
317101	0.0006176755013
317102	0.001412813783
317103	0.0007861456751
317104	2.756717993e-05
317105	0.00183528061
317106	0.001633990386
317107	0.001121122429
317108	0.002157393506
317109	0.0009440058048
317110	0.0004384610561
317111	0.0008801382667
317112	0.00100670339
317113	0.001173643108
317114	0.0009410634118
317115	0.002351660635
317116	0.001961035144
317117	0.0003799579383
317118	0.0003261421956
317119	0.002965427457
317120	0.0005337010075
317121	0.002957823254
317122	0.001981498938
317123	0.001640915966
317124	0.00107551345
317125	0.001212955803
317126	0.0003799555897
317127	0.001822752999
317128	0.001778679763
317129	0.001209265182
317130	0.001797173435
317131	0.000841391731
317132	0.0004126844016
317133	0.0001913752544
317134	6.755425259e-05
317135	0.001520292712
317136	0.0009785760768
317137	0.0007140774649
317138	0.0003500331301
317139	0.0001473603655
317140	0.002135902952
317141	0.001186090624
317142	0.001104737141
317143	0.000480991211
317144	0.0007356823062
317145	0.0002475917086
317146	0.001365911464
317147	0.00120424331
317148	0.001235226505
317149	0.00101626633
317150	0.002582307397
317151	0.0004533259849
317152	0.001817709675
317153	0.003350457733
317154	0.001745968683
317155	0.001404526817
317156	0.0007154869161
317157	0.00129605744
317158	0.00106573006
317159	0.001080621479
317160	0.001895461226
317161	0.002510501957
317162	0.000421899219
317163	0.002528113365
317164	0.0007761363762
317165	0.002685455611
317166	0.001442596829
317167	0.0005887334527
317168	0.001726328089
317169	0.0008478503204
317170	0.0005724660406
317171	0.0009466356032
317172	6.281368768e-05
317173	0.0002965021242
317174	0.0007616585641
317175	0.001757306308
317176	0.001805813391
317177	9.999126634e-05
317178	0.001928436647
317179	0.001814354918
317180	0.001588660063
317181	0.0004781507909
317182	0.001890089053
317183	0.001478879269
317184	0.002405315109
317185	0.003710035571
317186	0.0006999306018
317187	0.003388682876
317188	0.001411711198
317189	0.0009513105192
317190	0.000141931961
317191	0.0003932320913
317192	0.001737375882
317193	0.001571257093
317194	0.001554366959
317195	0.003466838671
317196	0.001042746898
317197	0.001552879076
317198	0.0006829682483
317199	0.002677995751
317200	0.002363886732
317201	0.001252884276
317202	9.715148126e-05
317203	0.001866289121
317204	0.001027939087
317205	0.0004261925815
317206	0.0007138058513
317207	0.003491100485
317208	0.001940129045
317209	0.003959000217
317210	0.000441453363
317211	0.0008987073022
317212	0.0005494184823
317213	0.0004134182482
317214	0.0004116121102
317215	0.0002593360343
317216	0.002044393575
317217	0.001856119317
317218	0.0005270527234
317219	0.0007476639694
317220	0.0004573418054
317221	0.001063854231
317222	0.001926347792
317223	0.001551683899
317224	0.002897769615
317225	0.001078795245
317226	0.00198799692
317227	0.00197317816
317228	0.002756780425
317229	0.002368606163
317230	0.0006679021232
317231	0.0005709396806
317232	0.0008025293442
317233	0.001751134568
317234	0.0009106785673
317235	0.0008547088659
317236	0.0005021511046
317237	0.001195335017
317238	0.001365019938
317239	0.001535728835
317240	0.002586215516
317241	9.990769446e-05
317242	0.002292558551
317243	0.002916664056
317244	0.001284617452
317245	8.151001608e-07
317246	0.000885804083
317247	0.001587215167
317248	0.0008312704908
317249	0.0005608330103
317250	0.002755011713
317251	0.001554553719
317252	0.002232485777
317253	0.0002810443551
317254	2.611329002e-05
317255	0.0008525223465
317256	0.0004517848406
317257	3.963653807e-05
317258	0.001368157667
317259	0.0002164851366
317260	0.001426892688
317261	0.001318996599
317262	0.001287015304
317263	0.002044994555
317264	0.0009712839333
317265	0.0008634746808
317266	0.0009693904492
317267	0.001370706138
317268	0.001906241836
317269	0.00164826176
317270	0.001600202727
317271	0.0003720499073
317272	0.002162412298
317273	0.0008252212634
317274	0.0009082988038
317275	0.001075898167
317276	0.001157253829
317277	0.0008992829394
317278	0.000543200903
317279	0.0004954578555
317280	0.0009952492776
317281	0.0005050360871
317282	0.002171848777
317283	0.0007039892737
317284	0.001064423222
317285	0.002052337456
317286	0.001280373377
317287	0.001075543785
317288	0.002292601012
317289	0.0008109574647
317290	0.002475350897
317291	0.001208666666
317292	0.0002976985513
317293	0.000781030536
317294	0.001753040022
317295	0.001454715943
317296	0.0002464686739
317297	0.0002033463573
317298	0.001298173695
317299	0.002016305287
317300	0.0008032089105
317301	0.001183910751
317302	0.0008765420729
317303	0.002103324743
317304	0.001804689506
317305	0.0004677732088
317306	0.002063480468
317307	0.002162221912
317308	0.0005061428891
317309	0.00223345474
317310	0.001706478897
317311	0.0005968544244
317312	0.001977160929
317313	0.00123701124
317314	0.00206611555
317315	0.001119460312
317316	0.00158469045
317317	0.0003625325697
317318	0.002330772519
317319	0.000447857096
317320	0.002408056278
317321	0.002070484931
317322	0.003071114738
317323	0.0007077940789
317324	0.0001083670422
317325	0.0002094727014
317326	0.003842967615
317327	0.001059054623
317328	0.0001407345424
317329	0.0009595459596
317330	0.001373150373
317331	4.558622482e-05
317332	0.001452034218
317333	0.002575718206
317334	0.0002028671819
317335	0.00339195139
317336	0.002492781551
317337	9.566581362e-05
317338	5.608114451e-05
317339	6.569935153e-05
317340	0.00292012957
317341	0.0004777364541
317342	0.001232820882
317343	0.001979272581
317344	0.0007594532105
317345	0.00112835616
317346	0.001166804512
317347	0.001417908624
317348	0.0007933092078
317349	0.002001348309
317350	0.0003720915748
317351	0.0007689945497
317352	4.333209227e-05
317353	0.0003690267507
317354	0.003831515772
317355	0.00277300925
317356	0.0009840895664
317357	0.005029116542
317358	0.0002643165627
317359	0.0008247805321
317360	0.0009282948311
317361	0.001964400283
317362	0.001263558659
317363	0.001792801049
317364	0.002811209068
317365	4.796129373e-05
317366	0.0001403676823
317367	0.000190458587
317368	0.001507116057
317369	0.0005820409708
317370	0.001030631527
317371	0.0008307133462
317372	0.0001081951291
317373	0.0006634275546
317374	4.06178516e-05
317375	0.001569666947
317376	0.0007752700538
317377	0.001886115283
317378	0.001838710407
317379	0.0007073467301
317380	2.072136552e-07
317381	0.0002283395729
317382	0.001221956809
317383	0.002174654461
317384	0.001658837888
317385	0.003692406625
317386	0.007930137129
317387	0.0008647323343
317388	0.0006086137756
317389	0.002898480814
317390	0.0003403788306
317391	0.0002474087262
317392	7.893812019e-05
317393	0.002660735099
317394	0.0007550252139
317395	0.003549457156
317396	0.002790211682
317397	5.716954678e-05
317398	0.001796711908
317399	0.0001719496144
317400	0.00196349725
317401	0.001238570193
317402	0.0004825449357
317403	0.000461418375
317404	0.0003728029821
317405	0.0002157888364
317406	0.001263391847
317407	0.0005150033645
317408	0.002796122884
317409	0.0004520514813
317410	0.0005029900821
317411	0.002146343186
317412	0.001568764754
317413	5.400973074e-05
317414	0.001231039105
317415	0.001319061493
317416	0.001115945083
317417	0.0001422432573
317418	0.0003701700175
317419	0.0006420600636
317420	0.001158463654
317421	0.001458412676
317422	0.0007775026002
317423	0.001882426891
317424	0.002136231992
317425	0.002087747526
317426	0.004784065632
317427	3.978906894e-05
317428	0.003136716418
317429	0.001242908402
317430	0.002271177618
317431	0.00274806128
317432	0.002864154387
317433	8.98803923e-06
317434	0.001593508062
317435	0.004863506525
317436	0.0009204739323
317437	0.0006211900882
317438	0.003287613758
317439	0.00331423231
317440	0.0004873135835
317441	4.490121237e-05
317442	0.0001891325161
317443	0.003476748625
317444	0.0008047720037
317445	0.001278219931
317446	0.0009196105148
317447	5.092459574e-05
317448	0.003944692939
317449	0.002032058347
317450	0.0008838896772
317451	0.001307289783
317452	0.0001798761613
317453	0.001850942411
317454	1.276555755e-05
317455	0.0002378473997
317456	0.0009032684098
317457	0.001665969391
317458	0.0003991664807
317459	0.002275307385
317460	0.002037822294
317461	0.0008829546018
317462	0.003326815366
317463	0.005687703719
317464	0.001032705523
317465	0.001178100298
317466	0.002073142343
317467	0.0004355238764
317468	0.001981354914
317469	0.00253060536
317470	0.0003257956527
317471	0.001285810468
317472	0.0006534564367
317473	0.00166987402
317474	0.006598748848
317475	0.002184189816
317476	0.001334716296
317477	0.0006441810792
317478	0.001118648273
317479	0.0008272722971
317480	0.002610228916
317481	0.00253112001
317482	0.00341430949
317483	0.000919823392
317484	7.140686858e-05
317485	0.0002926782086
317486	0.00150031803
317487	0.003841677683
317488	0.0009623799323
317489	0.000237735601
317490	0.002319910149
317491	0.004860165409
317492	0.0028545096
317493	0.001796516523
317494	0.004537349734
317495	0.000441469212
317496	9.277023744e-05
317497	0.0005090690269
317498	0.001411382251
317499	0.0005420613806
317500	0.0002008710319
317501	0.002395181287
317502	0.001076480931
317503	0.001536600288
317504	0.002867607148
317505	0.0004462498282
317506	0.001472483804
317507	0.001468444713
317508	0.001173813474
317509	0.0004012741407
317510	0.0008326297465
317511	0.002016720401
317512	8.801558612e-05
317513	0.001962539013
317514	0.0001730993122
317515	0.0001319164902
317516	0.002917973875
317517	0.0002721209252
317518	0.00471746301
317519	3.99194511e-05
317520	0.004172829442
317521	0.0004325237119
317522	0.002124844631
317523	0.002245693493
317524	0.0003816157407
317525	0.0008442629585
317526	0.001560385961
317527	0.0007649741245
317528	0.005104987006
317529	0.00476416851
317530	7.250779371e-06
317531	0.001720793643
317532	0.003473983504
317533	0.001867365604
317534	0.002922751377
317535	0.001078326164
317536	0.0003528543646
317537	0.0005202540779
317538	0.0002146241206
317539	0.0002085466484
317540	0.0003216662802
317541	0.001116469326
317542	0.001528774541
317543	0.001034859359
317544	0.002244696892
317545	0.0005546847489
317546	0.001870661731
317547	0.001366900431
317548	0.001244473564
317549	0.0001991450387
317550	0.0002311096039
317551	0.0007406080678
317552	0.0007881166063
317553	0.0006753108403
317554	0.0017956053
317555	0.0001856891373
317556	0.002362402793
317557	0.001203229513
317558	0.0008969005174
317559	0.000623488073
317560	0.0008763245096
317561	0.002260219305
317562	0.000451955709
317563	0.0003684504533
317564	0.0003228407089
317565	0.0007309459301
317566	0.0003736605649
317567	0.000438507083
317568	0.0009379300421
317569	0.0009047126002
317570	0.0004673337978
317571	0.0004386773816
317572	2.046748448e-05
317573	0.0007420225657
317574	0.001145861329
317575	0.0007597017899
317576	0.001774306637
317577	0.002148950815
317578	0.0001804110837
317579	0.0002661577223
317580	5.555756827e-05
317581	0.001362704078
317582	0.001575382634
317583	0.001147748685
317584	0.0007264047665
317585	0.0002051546285
317586	0.000705956742
317587	0.0009726803444
317588	0.001362475122
317589	0.00133461277
317590	0.002089601853
317591	0.001562096634
317592	0.0003009039083
317593	0.00150263371
317594	0.0003403192889
317595	0.001284658021
317596	0.00256490799
317597	0.004519842825
317598	0.002786224549
317599	0.0008610766305
317600	0.001640670955
317601	2.851618656e-05
317602	0.0005466342899
317603	0.0001405849681
317604	4.300749629e-05
317605	0.004103999192
317606	0.001698412949
317607	0.001494244922
317608	0.001295423981
317609	0.0002978467942
317610	0.0004918238541
317611	0.0005089770389
317612	0.0007642497096
317613	0.001631386107
317614	0.0004539765189
317615	0.0005576977405
317616	0.0005873781133
317617	0.0031814557
317618	0.001097889316
317619	0.004013875565
317620	0.001721537
317621	0.0001752883138
317622	0.0007545809301
317623	0.00027971613
317624	0.00234712556
317625	0.001454590884
317626	0.002907480918
317627	0.001076877484
317628	0.001641400142
317629	0.00235225449
317630	0.000150503106
317631	0.0001985806971
317632	0.0005720899888
317633	0.001213767231
317634	0.0001225902359
317635	0.001008316011
317636	0.0003014806201
317637	0.0003075024527
317638	0.001106085181
317639	0.0004482422176
317640	0.001529024818
317641	0.004428093527
317642	0.0003814152237
317643	0.0003730322267
317644	0.0001847926329
317645	0.002054498785
317646	0.0006965617632
317647	0.002190661369
317648	0.0002552053875
317649	0.002728714426
317650	0.000436395076
317651	0.00120996991
317652	0.000536178187
317653	0.003538950421
317654	0.001008953218
317655	0.001625202914
317656	0.0009263515091
317657	0.004819186554
317658	0.001193298662
317659	0.002269626478
317660	7.518828789e-05
317661	0.0002040685319
317662	0.001565830984
317663	0.0002259909701
317664	6.894359177e-05
317665	0.001683955877
317666	0.001612038196
317667	0.001670113822
317668	0.001431859581
317669	0.000454493256
317670	0.00206997712
317671	0.00137034865
317672	0.001715213649
317673	0.001285076909
317674	0.0007930972964
317675	0.0007456014831
317676	0.0004895894023
317677	0.000620550531
317678	0.0004037785206
317679	0.0009230685158
317680	0.00432280917
317681	0.001651946489
317682	0.0004444929697
317683	7.229450874e-05
317684	0.001507891709
317685	0.0002046335024
317686	0.002536073041
317687	0.001114008642
317688	0.0004467901298
317689	0.001264112806
317690	0.001822630714
317691	0.00279440662
317692	0.00116357444
317693	0.0002894931189
317694	0.002765902003
317695	0.003319381722
317696	0.001123071335
317697	0.00048449219
317698	0.0007850920665
317699	0.001433161189
317700	0.001070065888
317701	0.0002808776027
317702	0.0002761128656
317703	0.0006484867684
317704	0.0002066398364
317705	0.0006452067665
317706	0.0003650594462
317707	0.0002051718541
317708	0.0001215391048
317709	0.0008736025039
317710	0.003903599859
317711	0.002835763077
317712	0.001658191287
317713	0.002749326269
317714	0.001143515111
317715	5.40627311e-05
317716	0.001787651082
317717	0.001528200232
317718	0.001801770409
317719	0.0008162953389
317720	0.0005465925606
317721	0.0003411925368
317722	0.001790538588
317723	0.001964998099
317724	0.001334953906
317725	0.003888233602
317726	7.401085732e-05
317727	0.000391561837
317728	0.001025190461
317729	0.00247155553
317730	3.86688385e-05
317731	0.000363402326
317732	3.569963131e-05
317733	0.0003600394291
317734	0.0003189226385
317735	0.003495293769
317736	0.001268599326
317737	0.0006038393826
317738	0.0009727148311
317739	0.006708830282
317740	0.0001260001263
317741	0.0006483924661
317742	0.0002766746432
317743	0.001257234574
317744	0.002461836641
317745	0.001916544324
317746	0.001482431186
317747	7.755041767e-05
317748	0.0007661799758
317749	0.0005036098025
317750	0.001503222733
317751	0.001812410294
317752	0.0001349994942
317753	4.750899714e-05
317754	4.655301723e-05
317755	0.001158577408
317756	0.0004963487757
317757	0.0003868652095
317758	0.0008548302319
317759	0.001059329614
317760	0.001028353709
317761	0.0005662317869
317762	0.0004932282061
317763	6.199444081e-07
317764	1.810165829e-05
317765	0.001760503762
317766	0.0006164191986
317767	0.001938460548
317768	0.002237337649
317769	0.003427842481
317770	0.0002867945182
317771	0.001353956071
317772	0.002129662787
317773	0.001160246921
317774	0.0008899891896
317775	0.001232225995
317776	0.003161939422
317777	0.002318891084
317778	0.0009617424562
317779	0.0002777435624
317780	0.000949182072
317781	0.0008225176346
317782	0.001724171009
317783	0.003100215025
317784	0.0004559554518
317785	0.001568677888
317786	0.0003317699013
317787	0.002414053386
317788	0.0004042088664
317789	0.0006574470463
317790	0.0003787830542
317791	0.001802574177
317792	0.002437563197
317793	0.002438327284
317794	0.0003843215267
317795	0.0003772486705
317796	0.001072624409
317797	7.283869331e-05
317798	0.00238276135
317799	0.00681308725
317800	0.002211259115
317801	6.074452736e-06
317802	0.0001152554033
317803	0.000326545279
317804	0.0007610423195
317805	0.002195070835
317806	0.002047501695
317807	0.000180979562
317808	0.0003612037383
317809	0.001137141557
317810	0.0007509415864
317811	0.001226641702
317812	0.0002844716541
317813	4.218735838e-07
317814	1.211490114e-05
317815	0.001476506054
317816	0.0009382761819
317817	0.0006069489179
317818	0.0001169734093
317819	0.0003830380016
317820	0.001197219864
317821	0.001385792223
317822	0.00106442923
317823	0.0009171322012
317824	8.114075838e-05
317825	0.0004116027164
317826	4.854726402e-05
317827	0.001068738994
317828	9.811608494e-05
317829	0.000770467191
317830	0.001107878245
317831	0.001424370946
317832	0.001348035217
317833	0.001446839995
317834	8.868680365e-05
317835	0.0001402884763
317836	0.000740120176
317837	0.0008747762174
317838	0.0006998187279
317839	0.002016672613
317840	0.002125398027
317841	0.0003308392433
317842	0.001250416681
317843	0.0001860294082
317844	0.002724661549
317845	0.0003147770775
317846	0.0002246433018
317847	0.0004605219274
317848	0.00130145819
317849	0.0003423146885
317850	9.040331131e-05
317851	0.0001283436832
317852	0.0002058012102
317853	0.0002488889046
317854	0.0001016435272
317855	0.002255356126
317856	0.0003004251341
317857	0.0006726529417
317858	0.0002009253348
317859	0.001560274121
317860	0.0004426107337
317861	1.148420363e-05
317862	0.001899624966
317863	0.0001324928602
317864	0.0008274793719
317865	0.001890040829
317866	4.036592859e-05
317867	0.001017868234
317868	0.002452201113
317869	0.003886167621
317870	0.0005423015412
317871	0.002205266738
317872	0.002500658082
317873	0.0003507517416
317874	0.001592743943
317875	0.001830673371
317876	0.004679813752
317877	0.0009323187331
317878	0.003189893153
317879	0.0005589936564
317880	0.0006768652901
317881	0.00120492343
317882	0.001044136026
317883	0.001867444844
317884	0.0005384112283
317885	0.003657357818
317886	0.002027971974
317887	0.00340983486
317888	0.0033587251
317889	0.0001809748009
317890	0.003388271183
317891	0.0001067571535
317892	0.000300905118
317893	0.002221967858
317894	0.0005935365105
317895	0.001042152027
317896	0.001827680538
317897	0.001960717055
317898	0.001163254311
317899	0.001718141785
317900	0.001390457987
317901	0.004194786505
317902	0.002567750429
317903	0.00201435662
317904	0.0008739453062
317905	0.0005605100199
317906	0.001698502118
317907	0.001881914984
317908	0.001167039265
317909	0.001797231682
317910	0.001826737192
317911	0.001583537044
317912	0.0008011317548
317913	0.0009689846858
317914	0.0001365661177
317915	0.001782614189
317916	0.001274601366
317917	6.278098153e-05
317918	0.002185898546
317919	0.002433924178
317920	0.001692109994
317921	0.0003684025905
317922	0.001356162863
317923	0.00051205987
317924	0.001102456791
317925	7.85208641e-05
317926	0.001613493751
317927	0.0006207265072
317928	4.926197357e-05
317929	0.002450346843
317930	0.0006762097489
317931	0.0006336370504
317932	0.001915244041
317933	0.001042083215
317934	0.0005878004373
317935	0.003451226796
317936	0.002990522274
317937	0.00206772059
317938	0.0007755185408
317939	0.001348311588
317940	0.0003789403395
317941	0.001266412175
317942	0.001106697957
317943	0.0005462112366
317944	0.0001146633014
317945	0.001029735019
317946	3.766268143e-05
317947	0.0009639353943
317948	0.0009284639563
317949	0.001120530723
317950	0.001390435548
317951	0.001044221806
317952	0.000398045425
317953	0.002954408458
317954	4.658566002e-05
317955	0.003501870492
317956	0.002798431933
317957	0.001085555203
317958	0.00176595982
317959	0.0008711093641
317960	0.0001342814163
317961	0.001868350149
317962	0.0008134486955
317963	0.00061785302
317964	0.001695695169
317965	0.0004819497243
317966	0.001956509034
317967	0.002879853621
317968	0.001201552721
317969	0.001512416188
317970	0.0009493340782
317971	0.001275111451
317972	0.0007156470841
317973	0.0009850332217
317974	0.003220566688
317975	6.418484282e-05
317976	0.0001356278187
317977	0.000447243411
317978	0.00144827958
317979	0.00170565558
317980	0.002012498016
317981	0.0009799828601
317982	0.002711044662
317983	0.001720395283
317984	0.0001318468964
317985	0.002088874972
317986	0.001035638837
317987	0.0007118441658
317988	3.316447794e-06
317989	0.001591646258
317990	0.001470052221
317991	0.001026504912
317992	0.002073715602
317993	0.001410264003
317994	0.0006093065233
317995	0.000488598163
317996	8.34588972e-05
317997	0.0008297288045
317998	0.0008529369668
317999	0.002141371646
318000	0.002361988853
318001	9.373687015e-05
318002	0.001832131603
318003	0.001238063542
318004	0.003021986267
318005	0.000906909041
318006	0.003695233598
318007	6.451004119e-05
318008	0.0006997650542
318009	0.0004533919705
318010	0.001129030027
318011	0.006194643357
318012	0.002153535916
318013	0.001044551519
318014	0.002221020377
318015	0.0006581103205
318016	0.0002903555196
318017	0.0001316656045
318018	0.001086653825
318019	0.0004501508532
318020	0.0002723306941
318021	0.0006650081547
318022	0.002355828996
318023	0.001549275528
318024	0.001584651551
318025	0.0008888845926
318026	0.004059661581
318027	5.621400652e-05
318028	0.0007850208896
318029	0.002972196063
318030	0.0008018112658
318031	0.003132315741
318032	0.0009723803608
318033	0.0015526036
318034	0.0007806059626
318035	0.0008499372751
318036	0.002171875824
318037	0.001789725974
318038	0.0002199621232
318039	5.855686552e-05
318040	0.0007193577598
318041	0.0007125288352
318042	0.000580109443
318043	0.0008563846666
318044	5.992911541e-05
318045	0.001631344656
318046	0.001747730472
318047	0.0004007041807
318048	0.0006399685177
318049	0.001807541253
318050	0.002038485137
318051	0.001853763998
318052	0.0012482088
318053	0.00079598965
318054	0.001598534414
318055	0.002978269944
318056	0.0009095603363
318057	0.001249049372
318058	0.000529717813
318059	0.0004855203396
318060	0.0005288923175
318061	0.0005136616651
318062	0.001600554752
318063	0.001523195061
318064	0.001557147828
318065	0.001265869705
318066	7.197755415e-05
318067	0.001515015787
318068	0.002483883095
318069	0.002669718599
318070	0.0005834477416
318071	0.000211671525
318072	0.001670448814
318073	0.001782396739
318074	0.001417342908
318075	0.00153542316
318076	0.00181985279
318077	0.001622025949
318078	0.001906110857
318079	0.001516476154
318080	0.001566125164
318081	0.001408285224
318082	0.001732813814
318083	0.00167731431
318084	0.001149848171
318085	0.001613568437
318086	0.001540480878
318087	0.002745188839
318088	0.00564890467
318089	0.00156107838
318090	0.001379568404
318091	0.0002914176876
318092	0.0005521935047
318093	0.0003057997602
318094	0.0006880153226
318095	0.00215329713
318096	0.004002839586
318097	0.0003969270907
318098	0.0001257192342
318099	0.0004265193129
318100	0.0006823281745
318101	0.0005585259103
318102	8.530567336e-06
318103	0.003491904945
318104	0.003119057509
318105	0.0006107650753
318106	0.001501686725
318107	0.0004392379944
318108	0.0003612933714
318109	0.0001246944703
318110	0.000407804418
318111	0.0001364391956
318112	0.0004187939511
318113	0.0004007545636
318114	0.00084326771
318115	0.0004273062326
318116	0.0002638384576
318117	0.0006974631409
318118	0.0005645148498
318119	0.0004407945521
318120	0.0002901279344
318121	0.0005553600269
318122	0.0004402161714
318123	0.0001388526484
318124	0.0001413192766
318125	0.0004289401612
318126	0.0006956138415
318127	0.00113311772
318128	0.0001183732731
318129	0.0007192921895
318130	3.825911865e-08
318131	0.0009887024135
318132	0.0005842865105
318133	0.001136374118
318134	0.0001381016224
318135	0.001565638719
318136	0.001124203151
318137	0.002131104616
318138	0.00113040875
318139	2.444930127e-07
318140	0.0008534450736
318141	0.0008723921646
318142	0.0002838205512
318143	0.001124418344
318144	0.001589381895
318145	0.0004215461637
318146	0.0002775997437
318147	0.0006851756725
318148	0.0002324674542
318149	0.002020856676
318150	0.0007490967656
318151	0.0008232785865
318152	0.0008420251761
318153	4.586597148e-06
318154	0.001263983396
318155	0.000294449669
318156	0.001134930436
318157	0.0009779244656
318158	0.0007083900579
318159	0.0005690958706
318160	5.239368585e-06
318161	0.001399908432
318162	0.0004208601608
318163	0.001977507239
318164	0.0005325960684
318165	0.00104846819
318166	0.003470106594
318167	0.0002615690292
318168	0.001183447209
318169	0.0005775338248
318170	0.002173568948
318171	0.001752735681
318172	0.0001232272747
318173	0.000819849077
318174	0.0017721372
318175	0.001163970812
318176	1.125266576e-06
318177	0.0007050279648
318178	0.001138988551
318179	0.001570334883
318180	0.000291013211
318181	0.001708422248
318182	0.001259937798
318183	0.0001597805768
318184	0.001852418197
318185	0.001851638454
318186	0.0009616821543
318187	0.001290535778
318188	0.0004093985657
318189	0.0008382853022
318190	0.001993534685
318191	0.002108913063
318192	0.001285669172
318193	0.0001387794052
318194	0.001260991681
318195	3.167702214e-05
318196	0.0004198598955
318197	0.001580963382
318198	0.002251750816
318199	0.0002683503725
318200	0.001991103336
318201	0.0006999721889
318202	0.0007199083196
318203	0.001147868513
318204	0.001570942068
318205	0.0005366284466
318206	0.001860353988
318207	0.0001393273968
318208	0.001099147456
318209	0.0001435910033
318210	0.0004155686173
318211	0.0008417301583
318212	0.0002687381343
318213	0.0002244928668
318214	0.0002862256181
318215	0.001427612699
318216	0.0003965737789
318217	0.0002927900171
318218	2.078505916e-07
318219	0.00025935254
318220	0.0004624469127
318221	3.151432086e-07
318222	2.308580875e-08
318223	0.0002515966861
318224	0.0007445459169
318225	0.0004323125674
318226	0.007917423205
318227	0.003798958763
318228	0.00630724169
318229	0.001710888077
318230	0.002652204464
318231	0.001746540987
318232	0.003773775277
318233	0.0003635438803
318234	3.572100965e-05
318235	0.001216753657
318236	0.007118221514
318237	0.002080332686
318238	0.0007838487382
318239	0.006639264542
318240	0.006327792156
318241	8.545307344e-05
318242	0.0004584554663
318243	0.0002796048108
318244	0.0005865260141
318245	0.0007481257873
318246	0.001309131631
318247	4.756406613e-05
318248	0.001192126507
318249	0.0005623230948
318250	0.003836008737
318251	0.00285932878
318252	0.0003514482234
318253	4.047378457e-05
318254	0.0002026722319
318255	7.740244264e-05
318256	0.0007153033644
318257	0.0004849974191
318258	5.862022664e-08
318259	2.664655714e-08
318260	0.0001010863987
318261	2.487886577e-05
318262	0.0002428973427
318263	0.0001467683604
318264	1.094495826e-07
318265	0.0002287347799
318266	0.002213412089
318267	0.001763058975
318268	0.002263811983
318269	0.0035481055
318270	0.003273873755
318271	0.0004653117335
318272	0.0003523286305
318273	1.50941421e-06
318274	0.0005684697543
318275	0.004612822793
318276	0.001184145123
318277	6.460283544e-05
318278	1.537029909e-07
318279	0.0009303464836
318280	0.0006985187855
318281	3.133681042e-08
318282	3.694575776e-05
318283	0.001114042725
318284	0.001123876778
318285	0.0005158128853
318286	3.080172552e-06
318287	1.636932795e-06
318288	1.51713233e-06
318289	4.099937392e-07
318290	1.632841589e-07
318291	7.451889485e-06
318292	3.995346921e-06
318293	1.350696401e-06
318294	1.786525866e-06
318295	2.389732712e-06
318296	3.870644057e-06
318297	3.938867591e-06
318298	4.937159619e-06
318299	4.379863571e-06
318300	1.940174222e-06
318301	1.293715257e-06
318302	9.322227463e-06
318303	5.172957805e-06
318304	1.56123175e-06
318305	2.960543759e-06
318306	7.297456443e-07
318307	1.381857263e-06
318308	7.124989698e-07
318309	1.064112073e-06
318310	5.200470414e-07
318311	0.0003323103312
318312	0.0007508695363
318313	0.0007654808047
318314	0.0003126226483
318315	0.000330243697
318316	0.0002227482262
318317	0.0009831774339
318318	0.0002827247006
318319	0.0003806609877
318320	0.0003426015122
318321	0.0003374199517
318322	0.0003379565043
318323	8.165150987e-05
318324	0.0001311960279
318325	0.0007549588769
318326	6.653812016e-06
318327	0.0005061098493
318328	1.037686117e-05
318329	0.0008215072501
318330	7.341995299e-05
318331	0.0001836726652
318332	0.0002366010133
318333	0.0004296592162
318334	0.0003441861695
318335	2.762395079e-05
318336	0.000124804592
318337	0.0007525483052
318338	0.0006236958668
318339	5.811758356e-05
318340	0.0005965185896
318341	0.0006278319168
318342	0.001284533708
318343	7.52004795e-05
318344	0.001036789769
318345	0.0004991858534
318346	0.0004082865343
318347	0.0007097290587
318348	0.0002191372872
318349	0.0005335448302
318350	0.0004138840431
318351	0.0001127867767
318352	5.680850407e-05
318353	0.0006307439466
318354	0.0002378291208
318355	7.80061602e-05
318356	0.0001479943159
318357	0.0002712758952
318358	0.0004158478673
318359	0.000827033479
318360	0.001011131744
318361	0.0006993173841
318362	7.676432037e-05
318363	0.0003011781499
318364	3.369599143e-05
318365	0.0008411195122
318366	0.0001151100596
318367	0.0005857492844
318368	4.232824699e-07
318369	0.0003235610757
318370	0.0004801232771
318371	0.0002206150357
318372	0.0002040018134
318373	0.001068543603
318374	0.0004844036369
318375	0.001372610842
318376	0.0005673398594
318377	0.0006454833916
318378	0.0003875269853
318379	0.0005329477163
318380	0.0005049545467
318381	0.0008753145196
318382	3.862898831e-05
318383	0.0009439234828
318384	0.0002027214007
318385	0.0004184932801
318386	0.0007354051019
318387	0.0008423527861
318388	0.000374465424
318389	0.0009575536645
318390	0.0003770151105
318391	0.0004263556718
318392	0.0008688676603
318393	0.0003125587808
318394	4.801820622e-07
318395	0.0003476932812
318396	0.0002984043484
318397	0.001832845694
318398	0.004977882281
318399	0.002200345863
318400	0.001868863908
318401	0.001407225061
318402	0.0001798974699
318403	0.0001991051096
318404	0.0004421675129
318405	0.001037322943
318406	0.001046034456
318407	0.00156262779
318408	0.001076860894
318409	0.00214057805
318410	0.0006571816487
318411	0.0003670382447
318412	5.53640117e-05
318413	0.0004954590089
318414	0.00257003382
318415	0.003062699914
318416	0.0004128159555
318417	0.0001923115007
318418	0.002931482186
318419	0.001062520488
318420	0.0009941601969
318421	0.001836360778
318422	0.003015305523
318423	0.001817371044
318424	0.0008821119713
318425	0.001512769654
318426	0.0003635010724
318427	0.00128303219
318428	0.0001349169005
318429	0.0004989456842
318430	0.001669975864
318431	0.003410792863
318432	0.002629320603
318433	7.840854541e-05
318434	0.0002056811548
318435	0.002836030151
318436	0.001571391548
318437	0.0006786373931
318438	0.001479564997
318439	0.00224553361
318440	0.002922328727
318441	9.253257972e-06
318442	0.002109976356
318443	0.001932293951
318444	0.004899044537
318445	0.002771375859
318446	0.001347231235
318447	0.004445023946
318448	0.0001543265377
318449	0.0009462859939
318450	0.004446637484
318451	0.002730533478
318452	0.001759193026
318453	0.0009227498427
318454	0.0009963571378
318455	0.00420067176
318456	0.0003779149667
318457	0.004850564345
318458	0.001309855458
318459	0.001774951984
318460	0.002314213035
318461	0.0001910625679
318462	0.0008307724049
318463	0.001736049699
318464	0.0008109664839
318465	0.000400409813
318466	0.0002951494805
318467	0.003751124489
318468	0.002605526538
318469	0.0009173358215
318470	0.001147245276
318471	0.004722082001
318472	0.000970558456
318473	0.0007230597215
318474	0.001980179896
318475	0.0008787545108
318476	0.001905606817
318477	0.003808011155
318478	0.003618713292
318479	0.003261247469
318480	1.525357541e-05
318481	0.002554214302
318482	0.000521875951
318483	4.239222088e-07
318484	0.0003101019186
318485	0.000301520305
318486	0.001477012337
318487	0.0003930213814
318488	0.00171251397
318489	0.0006776164805
318490	0.0003274615554
318491	0.000261096801
318492	0.0004110173821
318493	5.741444753e-05
318494	0.0009324837915
318495	0.000195600632
318496	0.0009863698973
318497	0.000113267378
318498	0.001364869106
318499	0.0001408979067
318500	0.0003709723348
318501	8.779909488e-06
318502	0.0006050877935
318503	0.0001226156143
318504	2.064886758e-08
318505	0.001179267214
318506	0.000763414136
318507	0.003020084167
318508	0.0006388406238
318509	0.002193884123
318510	0.0007160090517
318511	0.0001826254636
318512	4.103626717e-05
318513	0.002612991022
318514	0.0006727789418
318515	0.000545049155
318516	0.0008254147876
318517	0.002798555072
318518	0.003152073635
318519	0.001193576921
318520	0.0003196914151
318521	0.0001441108901
318522	0.00433239139
318523	0.001608128429
318524	0.004540953493
318525	0.001626520943
318526	0.001217264486
318527	0.001314674279
318528	0.001023602917
318529	0.001157276735
318530	0.0007080600209
318531	0.0006844033121
318532	0.002954728474
318533	3.539020702e-05
318534	0.001333199186
318535	0.003001196026
318536	0.0007997509274
318537	0.002990684966
318538	0.0007287025851
318539	0.0009309741063
318540	0.002179221217
318541	0.0001038381319
318542	0.002722294111
318543	4.062632055e-05
318544	0.001252692237
318545	0.001008251442
318546	0.002696946653
318547	0.001758080914
318548	0.0001117952412
318549	0.002559711326
318550	0.002124139271
318551	1.437622381e-05
318552	0.00105749261
318553	0.003729777261
318554	0.0006471699771
318555	0.0001225421251
318556	0.001689564474
318557	0.0002294327103
318558	0.0005995729945
318559	0.001013160098
318560	0.001158741899
318561	0.002234395399
318562	0.0003323277417
318563	0.0001008112317
318564	0.001040645472
318565	0.0002290924847
318566	0.0008352673279
318567	0.0003461987015
318568	0.0001690952587
318569	0.002086339764
318570	0.0005442517019
318571	0.0006647996409
318572	0.001250692564
318573	2.6520996e-05
318574	0.0008151641707
318575	0.0007697213809
318576	0.0005071949673
318577	0.001500761735
318578	0.002283112052
318579	0.0003522684911
318580	0.0003030666672
318581	0.0001006336047
318582	0.0008431011302
318583	0.003329683709
318584	0.0003478710863
318585	0.0004549691759
318586	0.0004732993796
318587	0.0007474155923
318588	0.002222621501
318589	0.00230153313
318590	0.001985376037
318591	0.0005639576902
318592	0.001623829764
318593	0.002054007181
318594	4.570580381e-05
318595	8.66980802e-05
318596	0.001493760399
318597	0.00267983986
318598	0.0003231485475
318599	0.0003071611013
318600	0.001423215444
318601	0.0009861803495
318602	0.0003240361477
318603	0.0005458295977
318604	0.001674669248
318605	0
318606	0.003463586252
318607	0.002121672307
318608	0.005330721967
318609	0.001246093864
318610	3.443182591e-05
318611	0.001530417854
318612	0.001902271563
318613	0.004086365999
318614	0.001943384199
318615	0.003448017542
318616	0.001895095546
318617	0.002191763495
318618	0.002987016784
318619	0.001575363152
318620	0.0002362636692
318621	0.001838606558
318622	0.0005417340149
318623	0.0006016051522
318624	0.001022922542
318625	0.0002766216172
318626	0.0008722402836
318627	0.0007188265803
318628	9.1031879e-05
318629	0.001171371271
318630	0.0002761120107
318631	0.0009794394043
318632	0.003815811705
318633	0.0007036824435
318634	0.0006016483773
318635	0.0003791793648
318636	0.0001799416109
318637	0.0004034880069
318638	0.001227396037
318639	0.00389247188
318640	0.002465804038
318641	0.0004889094345
318642	0.0003544485871
318643	9.743019742e-05
318644	0.0001598583237
318645	0.0006936058639
318646	0.00275472619
318647	0.0004381266163
318648	0.000717377505
318649	0.0009446845893
318650	0.002740729622
318651	6.807659164e-05
318652	0.001061971693
318653	0.0006451529893
318654	2.392449611e-06
318655	0.001289036802
318656	0.0003419653117
318657	7.166894406e-06
318658	0.000144189371
318659	0.0003655776796
318660	0.0001759808776
318661	0.0007967059884
318662	0.001081313745
318663	0.001370606606
318664	0.0004319250192
318665	0.001082908599
318666	0.0006146169733
318667	0.0007478516186
318668	0.0002421735764
318669	0.0002234949642
318670	0.001070400096
318671	8.778214809e-05
318672	2.139117605e-05
318673	0.0002692206734
318674	0.0002771398319
318675	0.001447473362
318676	0.0007049126689
318677	0.002093227125
318678	0.00161651489
318679	0.0006603068837
318680	0.002248681408
318681	0.000244925534
318682	0.002674576307
318683	0.001124320826
318684	0.001768164513
318685	0.0018074463
318686	0.0005297340847
318687	0.0005625495295
318688	0.001565497631
318689	0.0002161413679
318690	0.001806734526
318691	0.001242656418
318692	0.0001724624218
318693	0.0001970041744
318694	0.0001666762908
318695	0.0002766006985
318696	0.0002581037843
318697	0.002360641628
318698	0.001327206202
318699	0.0004249315909
318700	0.0008236856061
318701	0.003334002498
318702	0.001321889332
318703	0.0007713596255
318704	0.001358105432
318705	0.0003529659196
318706	0.0003456564349
318707	0.002576007673
318708	0.003309943082
318709	0.0007700805513
318710	0.0005441662109
318711	0.000927758423
318712	0.001287712477
318713	0.0004500996691
318714	0.0004701087413
318715	8.477288494e-05
318716	0.004547170039
318717	0.003698879233
318718	0.004782613349
318719	0.003300415802
318720	0.005521367967
318721	0.0003713805896
318722	0.00207617705
318723	0.0008088513759
318724	0.001320422925
318725	0.001679167996
318726	0.002087160493
318727	0.001791893652
318728	0.003459433186
318729	0.001935291793
318730	0.0009398027015
318731	0.001276014838
318732	9.273613186e-05
318733	0.002145859598
318734	0.003624864994
318735	0.001712934932
318736	0.002483905085
318737	0.0002411693032
318738	0.003553049955
318739	0.0002604021332
318740	0.0003505453966
318741	0.001007132222
318742	0.0002938497252
318743	0.000398357167
318744	0.0007636582613
318745	0.000626641025
318746	0.0005397156465
318747	0.0003228994118
318748	0.001985764351
318749	0.0002868949767
318750	0.002386191107
318751	0.001568311291
318752	8.505480723e-05
318753	0.001217465118
318754	0.0003452246187
318755	0.00153941895
318756	0.002642348542
318757	0.001806804897
318758	0.001202961049
318759	0.0002843384689
318760	0.0001142299892
318761	0.0004950704895
318762	0.002272857308
318763	0.0007020417263
318764	0.000981689326
318765	0.001315823333
318766	0.0004157000731
318767	0.002680089403
318768	0.0009058760158
318769	0.0007890073773
318770	0.0006887568317
318771	0.002800359072
318772	0.001830848348
318773	0.00348465491
318774	0.003944160086
318775	0.001366184111
318776	0.00337455159
318777	0.0007118738818
318778	0.003394120859
318779	0.002652498128
318780	0.002913655289
318781	0.00055109398
318782	0.0006009733663
318783	0.00138573109
318784	0.0003345532664
318785	0.001462583158
318786	0.0005552232477
318787	0.001442548182
318788	0.0004536519117
318789	0.0018492758
318790	0.003140467074
318791	0.0009490696493
318792	0.002059397025
318793	0.003470534243
318794	0.0009021857735
318795	0.0001728162829
318796	0.0006024408568
318797	0.002202599035
318798	0.003431675508
318799	0.001515151372
318800	0.002779849862
318801	0.002863872523
318802	0.001246518638
318803	0.003559720234
318804	0.0004943207561
318805	0.0009305855251
318806	0.001754864146
318807	0.002854243517
318808	0.0006758722607
318809	0.0008890165353
318810	0.0003258894831
318811	0.0003745200121
318812	0.00154256232
318813	0.0009107674894
318814	0.002079478175
318815	0.001460412451
318816	0.001199937714
318817	0.0005546064034
318818	0.002606772361
318819	0.0002888571759
318820	0.002263331701
318821	0.0004305173279
318822	0.001506695658
318823	0.001823506625
318824	0.0005893771404
318825	0.0001385997809
318826	0.001642350894
318827	0.001287271817
318828	0.0004500033233
318829	7.820038367e-05
318830	0.0003493870179
318831	0.0003264457231
318832	0.0002471849018
318833	0.001279448454
318834	0.001181803206
318835	0.004524868077
318836	0.001007940919
318837	0.0005025103325
318838	0.001274635928
318839	0.001086725866
318840	0.0008379559959
318841	0.003218900737
318842	0.002566983126
318843	0.0009304520365
318844	0.0001408136251
318845	0.00115811141
318846	0.0003529231309
318847	0.0009657720741
318848	0.001189563984
318849	0.00134888591
318850	0.001793100938
318851	0.0001831146068
318852	0.002904477895
318853	0.002090682472
318854	0.0002717329694
318855	0.0005618450969
318856	0.0006251794772
318857	0.0003296530098
318858	0.0002752562585
318859	0.001916256999
318860	0.0004217980991
318861	0.002589241288
318862	0.00251491724
318863	0.001290099033
318864	0.0007307681075
318865	0.001239598127
318866	0.002478024741
318867	0.0005527767085
318868	4.548548924e-05
318869	0.001135697292
318870	0.002775537873
318871	0.0004107722695
318872	5.292823037e-05
318873	0.002694710539
318874	0.00482605719
318875	0.0001359112256
318876	0.003013862564
318877	0.002223703668
318878	0.0001220152874
318879	0.0003804943534
318880	0.0007729447602
318881	0.0002667734047
318882	0.0002102866118
318883	0.003052108509
318884	0.0005363114687
318885	0.001170484121
318886	6.571092286e-06
318887	2.960901469e-05
318888	6.900173169e-05
318889	0.0006609354052
318890	0.001515458302
318891	0.002483389661
318892	0.002309040273
318893	0.001640055111
318894	0.002933963989
318895	0.002816296487
318896	0.001318405659
318897	0.002452451915
318898	0.00125869282
318899	0.002277119287
318900	0.001015428665
318901	0.0008920349869
318902	0.0004753812626
318903	0.001061944328
318904	0.0001663550001
318905	0.002421195633
318906	0.002382618168
318907	0.00112291022
318908	0.0008423829745
318909	0.00236554739
318910	0.001383851063
318911	0.001441244723
318912	0.001477222459
318913	0.0006767244868
318914	0.0003079267993
318915	0.0008861812634
318916	0.0008375241324
318917	0.0007850853671
318918	7.070951865e-05
318919	2.122195179e-05
318920	0.001408403646
318921	0.0003290637741
318922	0.0009270546945
318923	0.0002942015869
318924	0.0003186427408
318925	0.001089562852
318926	9.205940337e-05
318927	0.0002817132705
318928	7.638741717e-05
318929	0.0005395654029
318930	0.001003251182
318931	0.0009810160439
318932	0.002819638878
318933	0.001754551735
318934	0.0006159001278
318935	0.001636823163
318936	0.001402680735
318937	0.0004579586801
318938	0.0007410587214
318939	0.005726614043
318940	0.0009915832525
318941	0.001198825784
318942	0.001475840137
318943	0.0006168305603
318944	0.001079760779
318945	0.0007951614468
318946	0.001067218202
318947	0.003519963511
318948	0.002231109444
318949	0.0002958662089
318950	0.000147561738
318951	0.001727465608
318952	0.004965089801
318953	0.00319947568
318954	9.080679645e-05
318955	0.002910970652
318956	0.004260344164
318957	0.002482975546
318958	0.0007938960574
318959	6.969646951e-05
318960	0.002926640452
318961	0.0006618896725
318962	0.00291017571
318963	0.0004841801936
318964	0.0004157858336
318965	0.001575239945
318966	0.0005569329764
318967	0.0007503616871
318968	0.002338942801
318969	0.001358125679
318970	0.001166678615
318971	0.001043791721
318972	0.00257452058
318973	0.002378339583
318974	0.0006034225023
318975	0.001711643699
318976	0.001563066525
318977	0.0005918735363
318978	0.0006021077429
318979	0.0006142171017
318980	0.002178363855
318981	0.001476911735
318982	0.0005752566874
318983	9.361655974e-05
318984	0.0004000682465
318985	0.002025728145
318986	0.001337347413
318987	0.001512369824
318988	0.0009675401768
318989	0.002439029817
318990	4.036036897e-05
318991	0.001112553071
318992	0.002271300407
318993	0.00122106699
318994	0.002152389654
318995	0.001005328586
318996	0.001440115828
318997	0.001572067176
318998	0.0008136712801
318999	0.003924716521
319000	0.002633119056
319001	0.0004064430199
319002	0.002936839568
319003	0.00167802636
319004	0.0005846724723
319005	0.001968294285
319006	0.0004780401021
319007	0.00208020522
319008	0.0009534055527
319009	0.003255134505
319010	0.0007641719038
319011	0.0003479230585
319012	0.0001316893138
319013	0.002388363494
319014	0.002109481186
319015	0.0004160314911
319016	0.001252483272
319017	5.857420015e-05
319018	5.154139491e-05
319019	0.001626363634
319020	0.001170360369
319021	0.0001079877371
319022	0.00103724344
319023	0.0006993287716
319024	0.001836200159
319025	0.0005240577401
319026	0.0004233917149
319027	0.001140771713
319028	0.0008606705769
319029	0.001314191945
319030	2.869687776e-05
319031	0.002132775987
319032	0.00137888983
319033	0.00095318461
319034	0.0005140322877
319035	0.0007181663512
319036	0.0007959807526
319037	0.002102504318
319038	0.0009841611692
319039	0.0001964258969
319040	0.000569245007
319041	0.0007369182313
319042	0.001903586236
319043	0.002210313398
319044	0.001453335543
319045	0.002286903961
319046	0.001551993668
319047	0.00081705103
319048	0.002929670872
319049	0.0003244926718
319050	0.0007935786447
319051	0.0002516620932
319052	0.0004480230526
319053	0.002648428486
319054	0.002098896282
319055	0.0008361248846
319056	2.293800082e-05
319057	0.0002840440742
319058	0.001062116973
319059	0.002199828574
319060	0.0002409508659
319061	0.001804616506
319062	1.766358082e-05
319063	0.0005261402383
319064	0.0001463373738
319065	0.0008452087454
319066	4.423010587e-05
319067	0.002472678402
319068	9.152148479e-05
319069	0.002354213923
319070	0.00364408534
319071	0.002355033802
319072	0.0009101915691
319073	0.002140998139
319074	0.001833110113
319075	0.001455616885
319076	0.0002824449663
319077	0.001679430425
319078	0.001943341703
319079	0.000963760447
319080	0.002086090908
319081	0.0003716267705
319082	0.001367565755
319083	0.0006018312047
319084	0.001077273702
319085	0.0009723906725
319086	0.001247824073
319087	0.001567604512
319088	0.0002035656026
319089	0.001236066636
319090	0.0001174033263
319091	0.001099810586
319092	8.750067176e-05
319093	0.0005544843499
319094	0.001780119708
319095	0.002016994999
319096	0.0023171606
319097	0.001488227852
319098	4.762370002e-05
319099	0.0007720045864
319100	0.002586559338
319101	0.0001234059182
319102	0.00133737157
319103	0.0002173383417
319104	0.0001243278475
319105	1.111481998e-05
319106	0.000274436637
319107	0.001433493277
319108	0.0003999683717
319109	0.0005449446403
319110	0.002838292027
319111	0.0005864231652
319112	0.0001268212062
319113	0.002125708018
319114	0.0001007094185
319115	9.510730341e-05
319116	5.624392732e-05
319117	0.001380925269
319118	0.0002602274919
319119	0.0002450424199
319120	0.0004141292752
319121	0.002758641573
319122	0.001266634014
319123	9.71553185e-05
319124	0.0007768909237
319125	0.002435710913
319126	0.00201727372
319127	0.0002837638055
319128	0.002098133681
319129	0.002252448667
319130	0.002600411932
319131	0.003604784854
319132	0.003450035591
319133	0.0006177437074
319134	0.0006895719503
319135	0.00121172275
319136	0.001619058067
319137	0.002240816164
319138	0.0009403466873
319139	0.0006720411541
319140	0.003003535702
319141	0.001820635743
319142	0.0009907667409
319143	0.001705652428
319144	0.0002206275567
319145	0.0006145994158
319146	0.002130256585
319147	4.399261397e-05
319148	0.0009796131162
319149	0.0005077132504
319150	0.003438965664
319151	7.558925155e-05
319152	0.001367412498
319153	0.0003313539942
319154	0.001572190948
319155	0.0001849995931
319156	0.0008772697009
319157	0.001359223969
319158	0.003247380014
319159	1.188732518e-05
319160	0.0001447502516
319161	0.0004315123814
319162	0.002669002344
319163	0.004100506944
319164	0.0005417542602
319165	0.0028061078
319166	0.002642615453
319167	0.0003388545064
319168	0.0009467465986
319169	0.001818637001
319170	0.0006490923704
319171	0.001075944227
319172	0.0001494566801
319173	0.00216007343
319174	0.0002932085348
319175	0.003054132158
319176	0.00136130084
319177	0.002279413489
319178	0.001434193949
319179	0.0003779859662
319180	0.001522580799
319181	0.0008713984174
319182	0.002484007061
319183	0.001225193927
319184	0.002035573235
319185	0.0004570269738
319186	0.003544594051
319187	0.002702257297
319188	0.002512319373
319189	0.001083341134
319190	0.001499722316
319191	0.0004957375811
319192	9.29371581e-05
319193	0.001370632502
319194	0.0005343422484
319195	0.0008192687122
319196	2.174579593e-05
319197	0.0002867720378
319198	0.001618751522
319199	0.0006653522492
319200	0.001866679261
319201	0.001015755038
319202	0.001077358178
319203	0.0006679365927
319204	0.000128989518
319205	0.001711980098
319206	0.002368135127
319207	0.0001769861387
319208	0.001060078639
319209	0.001610387377
319210	0.0003186624556
319211	0.001878399617
319212	0.0004943002534
319213	0.001150830364
319214	0.0008441478059
319215	0.0008329205974
319216	0.002338708021
319217	0.001788493656
319218	0.0001845872935
319219	0.001068469354
319220	0.001482469395
319221	0.0008351319036
319222	0.0005685104708
319223	0.000419214152
319224	0.001144247719
319225	4.201544481e-05
319226	0.0006945813313
319227	0.001438479112
319228	0.0004892280823
319229	0.0007701416574
319230	0.00143676806
319231	0.003553006763
319232	0.0005254947447
319233	0.0008696052212
319234	0.001383041128
319235	0.003579380869
319236	0.00024214881
319237	0.001113260204
319238	0.002988669613
319239	0.001019351469
319240	0.002293768444
319241	0.001946218249
319242	0.000681729337
319243	0.0007135297256
319244	0.00212553709
319245	0.002585509874
319246	0.0003050618772
319247	0.0006292374322
319248	0.0008921113715
319249	0.0005305987854
319250	0.0009677167014
319251	0.0001977779369
319252	7.43448549e-05
319253	0.0006407219626
319254	0.0004715997589
319255	0.0002070481396
319256	0.0009673586797
319257	0.0007215038375
319258	0.0001650319725
319259	0.0004597208542
319260	0.0002864984422
319261	0.000835225584
319262	0.0001889800378
319263	0.0004404048742
319264	5.538103195e-05
319265	0.0004886059252
319266	0.0001504797887
319267	0.0004875068494
319268	0.0002785540313
319269	0.001144008634
319270	0.0002072198422
319271	0.0006144367462
319272	0.0002230640723
319273	0.001349876173
319274	0.0004326750885
319275	0.0002583423883
319276	0.0008708220048
319277	0.0006025558752
319278	4.457821543e-05
319279	0.001206135922
319280	0.002124674475
319281	0.003565590436
319282	0.001816912792
319283	0.0004926099531
319284	0.0001599286471
319285	0.005386293121
319286	0.001579830443
319287	0.0008315928409
319288	0.00184049911
319289	0.0004267509785
319290	0.0002401679209
319291	0.002137709264
319292	0.003625336212
319293	0.0001114337081
319294	0.000784867024
319295	0.000223665215
319296	0.001448056541
319297	0.001460179787
319298	0.0009980649731
319299	0.001770764692
319300	0.002873043627
319301	0.001632585452
319302	0.001676304333
319303	0.0007250233989
319304	0.001449545681
319305	0.0002149495386
319306	0.001589488095
319307	0.001643532128
319308	0.002851507077
319309	0.001640331405
319310	0.001605563241
319311	0.002150841922
319312	0.004009601927
319313	0.0015131957
319314	0.001570958404
319315	0.0002401786312
319316	0.0002206685465
319317	0.001520599095
319318	0.001620822819
319319	0.0008159314843
319320	0.001129592428
319321	0.0001833053269
319322	0.0004523026505
319323	0.0002299169251
319324	0.001538188574
319325	0.0002826926917
319326	0.001769254604
319327	0.001117843903
319328	0.0004197605521
319329	8.781283968e-05
319330	0.001870484336
319331	0.001822976344
319332	0.001630223637
319333	0.001434104186
319334	0.001516721261
319335	0.001763375151
319336	0.001869947694
319337	0.000907892654
319338	0.001561326475
319339	0.001574028721
319340	0.002166803071
319341	0.001711640752
319342	0.0006059244336
319343	0.001198776265
319344	0.0001882374992
319345	0.001236078047
319346	0.0006225453477
319347	0.004138680092
319348	0.001977095793
319349	0.000214252347
319350	0.001830862212
319351	0.0001414845562
319352	0.0007105603165
319353	0.0007505708769
319354	0.000953265111
319355	0.001336408733
319356	9.405060374e-05
319357	0.002991602894
319358	0.000255066348
319359	0.001485107896
319360	0.003367843794
319361	0.001195544321
319362	0.001512915781
319363	0.0007514627326
319364	7.796053213e-05
319365	6.791145252e-05
319366	1.176124441e-07
319367	0.0006424568283
319368	4.528331936e-05
319369	0.0008541890526
319370	0.001424953643
319371	6.187330329e-05
319372	2.251367198e-07
319373	0.000148044826
319374	0.002331435126
319375	1.952355544e-07
319376	0.0001470873075
319377	0.001444374102
319378	0.001557015202
319379	0.0007573311774
319380	2.856902634e-08
319381	2.416671327e-06
319382	6.025376352e-06
319383	3.326374414e-06
319384	3.706343986e-07
319385	1.22408388e-05
319386	5.900055376e-07
319387	3.829964894e-06
319388	9.629906499e-08
319389	4.205212615e-06
319390	8.534198346e-07
319391	6.36529847e-06
319392	3.400066299e-07
319393	4.326348331e-06
319394	3.462881081e-06
319395	6.033720215e-08
319396	1.31107104e-06
319397	5.603959534e-06
319398	2.353490559e-07
319399	4.372586369e-07
319400	1.559248947e-06
319401	5.921918979e-06
319402	7.206713338e-06
319403	5.136302105e-06
319404	5.353606277e-07
319405	4.212301211e-07
319406	3.646117278e-06
319407	3.505025532e-06
319408	1.453000087e-06
319409	2.333656403e-06
319410	5.75353184e-07
319411	1.059878645e-05
319412	5.221638438e-06
319413	6.022425091e-07
319414	6.945751688e-07
319415	3.350842294e-06
319416	8.563558275e-06
319417	9.052055163e-07
319418	1.95481432e-06
319419	7.054913828e-06
319420	4.899111575e-06
319421	3.452843105e-07
319422	2.771856402e-06
319423	9.428562847e-07
319424	6.69800941e-06
319425	1.068947901e-05
319426	2.108459639e-06
319427	1.11480385e-06
319428	1.855049547e-06
319429	7.262820709e-06
319430	6.048385556e-06
319431	2.479507754e-07
319432	1.640047374e-06
319433	7.50830647e-06
319434	1.414007925e-06
319435	9.86278665e-07
319436	8.028137267e-06
319437	4.619753475e-06
319438	1.891208542e-06
319439	5.556878079e-07
319440	2.649060088e-06
319441	1.74737561e-06
319442	3.440850491e-06
319443	5.7095625e-06
319444	2.05349384e-06
319445	1.059100428e-06
319446	7.43606641e-07
319447	2.714786821e-07
319448	8.070203187e-06
319449	9.743821238e-06
319450	1.012876567e-05
319451	2.446202471e-06
319452	1.346985949e-06
319453	1.338605068e-06
319454	8.747633565e-07
319455	9.028940883e-06
319456	3.377694333e-06
319457	1.138048957e-05
319458	9.143789628e-06
319459	2.21477311e-06
319460	6.089010091e-06
319461	4.043672552e-06
319462	4.128544631e-07
319463	9.255575907e-07
319464	5.977719574e-06
319465	1.079374942e-08
319466	0.0001401975313
319467	0.0002753512438
319468	0.0001200723487
319469	0.0004480435336
319470	7.370320102e-05
319471	0.0002187912062
319472	0.0001435972021
319473	0.0002753053363
319474	0.0005529195104
319475	5.567856699e-05
319476	0.0004313985452
319477	0.0006066906054
319478	0.0001419928563
319479	0.0007196919701
319480	0.0007614031038
319481	0.0002029055515
319482	0.0009001043231
319483	0.0003391018577
319484	8.945220615e-05
319485	0.0001706374916
319486	5.271820921e-06
319487	0.0002980552425
319488	0.0001140455184
319489	0.0004093404575
319490	0.0003262327571
319491	0.0006184162788
319492	0.001178255528
319493	0.001008463678
319494	0.002339964704
319495	0.0009290500653
319496	0.0005381422467
319497	6.252020986e-06
319498	0.0004056628047
319499	0.0002101764078
319500	0.0005583030518
319501	0.001873137911
319502	0.0009798271129
319503	0.002795264451
319504	0.004903994958
319505	3.851689679e-07
319506	2.077890951e-07
319507	3.473738616e-07
319508	2.977268293e-07
319509	0.0002902077498
319510	0.0003365168357
319511	4.297090037e-08
319512	0.001702612806
319513	0.001355266486
319514	0.002438231544
319515	0.0006822538619
319516	0.002134977472
319517	0.0003427062652
319518	0.001957416969
319519	0.003797620387
319520	0.0005916036429
319521	0.002002956096
319522	0.0007461045865
319523	0.0003607636295
319524	0.000255027764
319525	0.001406805422
319526	0.001961494644
319527	0.0004566700246
319528	0.001555625485
319529	0.0005823849539
319530	0.0006661743731
319531	0.000100715337
319532	0.0004871229906
319533	0.0009541748975
319534	0.002247757466
319535	0.00162248711
319536	0.001736197594
319537	0.001836815711
319538	0.001500382896
319539	0.001973913843
319540	0.001892604364
319541	0.001280788977
319542	0.002163606555
319543	0.001356352675
319544	0.002455743626
319545	0.001659845251
319546	0.001477596035
319547	0.002013679355
319548	0.001997495539
319549	0.001275463354
319550	0.001859547744
319551	0.001547187009
319552	0.00179321339
319553	0.001679628563
319554	0.001991329605
319555	0.001548337578
319556	0.001280116854
319557	0.0009975267529
319558	0.001963744475
319559	0.002060108862
319560	0.001260755989
319561	0.001551760986
319562	0.001973406804
319563	0.001472430506
319564	0.001604422953
319565	0.001663394501
319566	0.001972317604
319567	0.001689483354
319568	0.001783549935
319569	0.001294423676
319570	0.001855454509
319571	0.00177921955
319572	0.00186090252
319573	0.001798609058
319574	0.001420698855
319575	0.002487031308
319576	0.002091668567
319577	0.001749670721
319578	0.0005078539119
319579	0.001527497326
319580	0.001730786598
319581	0.0008428827795
319582	0.001559000012
319583	0.001654278686
319584	0.001470851593
319585	0.001944798201
319586	0.001322614923
319587	0.001452506257
319588	0.001803666509
319589	0.001467915277
319590	0.0002007591192
319591	0.0009633901317
319592	0.0008986361893
319593	0.0007111064998
319594	0.002537628266
319595	0.00108023024
319596	0.001399619943
319597	0.0004681278211
319598	0.002907237732
319599	0.001306252911
319600	0.002108485691
319601	0.001012624105
319602	0.001347206701
319603	0.002172325242
319604	0.003244958622
319605	0.000577379136
319606	0.001122335528
319607	0.001302229434
319608	0.0003946455437
319609	0.001209476151
319610	0.0006925478537
319611	0.001437904967
319612	0.001048009511
319613	0.00164059457
319614	0.001660412515
319615	0.001861249771
319616	0.001650912371
319617	0.001772348552
319618	0.001598987622
319619	0.001010346033
319620	0.001584801073
319621	0.002702739691
319622	8.366307228e-05
319623	0.002166987668
319624	0.0001018254249
319625	0.0007084981704
319626	0.000736274043
319627	0.0001437048697
319628	0.001309590366
319629	0.0004381895566
319630	0.0001113674688
319631	0.0003133665431
319632	0.0009884927498
319633	0.0006801795583
319634	0.001133034036
319635	0.0004972612815
319636	0.0020851588
319637	0.001262384
319638	0.0004461206909
319639	0.0001146182438
319640	0.002741933212
319641	0.0001569547334
319642	0.001893578747
319643	0.0004727687468
319644	0.0007281674679
319645	0.001652996208
319646	0.0002367942332
319647	0.001370130771
319648	2.522244563e-05
319649	0.001071244071
319650	0.001672770011
319651	0.001063202023
319652	0.002071389734
319653	0.0001994950417
319654	0.0001953454307
319655	0.0005982395947
319656	0.0006534813702
319657	0.0003183500978
319658	0.0005895064154
319659	9.00217725e-06
319660	0.00157488384
319661	0.0001835029913
319662	0.001108018125
319663	0.0001475644341
319664	0.0005652452064
319665	0.001943406414
319666	2.485155003e-05
319667	0.002363135823
319668	0.0001050671341
319669	0.0002504669769
319670	0.0004172563393
319671	0.001704979455
319672	0.0007781329163
319673	0.0003771902926
319674	0.0006557235994
319675	0.0001349847745
319676	0.000637435143
319677	0.0006628624358
319678	0.0005724104375
319679	0.0005047675854
319680	0.0006847324733
319681	0.001259941971
319682	0.001680727044
319683	0.0005283080338
319684	0.0006139763726
319685	0.000662347813
319686	0.0002284309273
319687	0.0006443310777
319688	0.000847715437
319689	0.001922219453
319690	0.0009087481981
319691	0.0005369430142
319692	0.0009791939514
319693	0.001082084441
319694	0.002403462895
319695	0.0004559446507
319696	0.0009177959082
319697	0.002109103075
319698	0.0001361776384
319699	0.001051803842
319700	0.0006881784304
319701	0.0005404064225
319702	0.001467151735
319703	0.0002253211467
319704	9.988456885e-05
319705	0.0002994529833
319706	0.001079905557
319707	0.0006686384167
319708	0.0003778068103
319709	0.0008406289617
319710	0.0007207769546
319711	0.00161432613
319712	0.0004357970776
319713	0.0007286727533
319714	9.878206851e-05
319715	0.001867449904
319716	9.295790318e-05
319717	0.001162226957
319718	0.001026708889
319719	0.0003013375726
319720	0.0007249490214
319721	0.0002600859913
319722	0.001758552962
319723	0.000647115635
319724	0.0001309017838
319725	3.770002668e-05
319726	4.494511496e-06
319727	0.0007808384692
319728	0.001574893356
319729	0.001288368964
319730	1.054445423e-05
319731	0.0003071028592
319732	0.0007840836517
319733	0.0004223351711
319734	0.002519319226
319735	6.810293112e-05
319736	0.0005922339479
319737	0.0004185433345
319738	1.310577869e-05
319739	0.001119428102
319740	0.0006222820915
319741	0.0004717079002
319742	0.0002825043278
319743	0.001012382418
319744	0.001453085273
319745	0.00105413269
319746	0.0007692861905
319747	0.0015532954
319748	0.001854439634
319749	0.0004663853262
319750	0.0002845019893
319751	0.0009403143349
319752	0.0002918353267
319753	0.002046541189
319754	7.072537318e-05
319755	0.002094883158
319756	0.000794415466
319757	0.0006093799063
319758	0.001140871611
319759	0.0001250358841
319760	0.0017187833
319761	0.001464486298
319762	0.0007822178243
319763	0.001295031299
319764	0.000224569578
319765	0.0002592465661
319766	0.000130904109
319767	0.001055734584
319768	0.001243429224
319769	0.0005326662112
319770	1.518694715e-05
319771	0.0001894260164
319772	0.0002622036352
319773	0.002340463802
319774	0.001331531709
319775	0.0004460978003
319776	0.0003452237802
319777	0.0007599049457
319778	4.89477753e-05
319779	0.0003146464103
319780	0.001617686295
319781	0.0004706635837
319782	9.584741344e-05
319783	0.0003715058278
319784	0.0008364822475
319785	0.0001872438622
319786	0.0003302410843
319787	0.0006617261239
319788	0.001883989566
319789	0.0004068934017
319790	0.0006020916948
319791	0.002122312021
319792	0.001666301647
319793	0.0002083641574
319794	0.00124007488
319795	0.0001030869254
319796	0.0001334876918
319797	0.001037353659
319798	0.0003799358937
319799	0.000522529941
319800	0.002055609016
319801	0.0001725143086
319802	0.0003046161558
319803	0.0001088680018
319804	0.0009053386998
319805	0.000322088815
319806	0.0001470283967
319807	0.002824039447
319808	0.0001874206634
319809	0.0009570914656
319810	0.00242383482
319811	0.001138356016
319812	0.001651373028
319813	0.0009402430202
319814	0.0003013839289
319815	2.255961365e-05
319816	0.000613023321
319817	0.0002811279607
319818	0.0001847335166
319819	0.0008090969513
319820	0.0006721005544
319821	0.002111691635
319822	0.001458672577
319823	0.0001558010271
319824	0
319825	0.00126879994
319826	0.000527289977
319827	0.0009897026999
319828	0.0004389002951
319829	0.0008190393786
319830	0.0008443986973
319831	0.001242468403
319832	0.0003204831556
319833	0.0009363780071
319834	0.0004631582159
319835	0.001061581631
319836	0.001564005819
319837	0.000654518999
319838	0.0004913253874
319839	0.0004466467683
319840	0.0008759923198
319841	0.0004091554128
319842	0.0005491890278
319843	0.0009331040322
319844	0.0006513108247
319845	0.0006119334316
319846	0.0006950396619
319847	0.0006568400736
319848	0.0001821819245
319849	0.0003990199018
319850	0.0002766852094
319851	0.000786346116
319852	0.002084486706
319853	0.0007903833049
319854	0.0002066178715
319855	0.0008022994372
319856	0.0006199613416
319857	0.0005517985111
319858	0.001425182567
319859	0.001281703224
319860	0.0004039123755
319861	0.002513335678
319862	0.0002168674155
319863	0.001813889571
319864	0.0001730370611
319865	0.0002800514316
319866	0.0004413176117
319867	0.001712774473
319868	0.0001786017265
319869	0.0004814519562
319870	7.537200685e-05
319871	0.0001368016056
319872	0.0003948945293
319873	0.000360749364
319874	0.0003786115607
319875	0.00125387351
319876	0.000503588684
319877	0.0009102156338
319878	0.00013051011
319879	0.001755160655
319880	0.0002313588544
319881	0.0004861953322
319882	0.001822781958
319883	0.001022291039
319884	0.0008334590387
319885	0.00119586999
319886	0.0008104425376
319887	0.0009208100235
319888	0.0003515114709
319889	0.0003811626213
319890	5.437953692e-05
319891	0.000991991672
319892	0.0001728318296
319893	0.0005493653913
319894	0.0006515755988
319895	0.0004100496081
319896	0.001720314383
319897	0.0003496872763
319898	0.0002777026787
319899	0.0001052563276
319900	9.397448324e-05
319901	0.0002331761253
319902	0.0003342912814
319903	0.0005631997658
319904	0.001276037108
319905	0.0002495727732
319906	1.498382109e-05
319907	0.0006336633909
319908	0.0006408786903
319909	0.002336215465
319910	0.0004196859477
319911	0.001674515059
319912	0.002665096663
319913	0.0004485545474
319914	0.0005741789119
319915	0.001138189142
319916	0.0003717444752
319917	0.001355672001
319918	0.000136017089
319919	0.0006967406616
319920	0.001665914514
319921	0.0001896008667
319922	0.0002593588858
319923	0.001182552597
319924	0.001162721916
319925	0.0007513710583
319926	0
319927	0.0003380957432
319928	0.001346560928
319929	0.001231121178
319930	3.434400121e-05
319931	0.0005230164892
319932	0.000160264715
319933	0.0003159413997
319934	0.000116804698
319935	0.0007093601583
319936	0.0007110533655
319937	0.0005681010334
319938	0.001155130793
319939	0.0006100713852
319940	7.934698936e-05
319941	0.0008919695992
319942	0.0006258381198
319943	0.0004826642756
319944	0.0005946748358
319945	0.0006038694402
319946	4.293812799e-06
319947	0.0008908424255
319948	0.0005153510935
319949	0.001049377424
319950	0.002153840431
319951	0.0004563343064
319952	0.0008146065209
319953	0.002061572115
319954	0.0004195301418
319955	0.0007468893632
319956	0.001017504184
319957	0.001476963793
319958	0.0001130197495
319959	0.0001341775531
319960	2.662331143e-05
319961	0.000384316117
319962	0.0003840325106
319963	0.0004354789989
319964	7.510299106e-05
319965	0.0001929528759
319966	0.000654709038
319967	0.00044918371
319968	0.000675590129
319969	0.001394825828
319970	0.001001338703
319971	0.0007340741421
319972	0.0005476584814
319973	0.001376031719
319974	0.0007962092567
319975	0.001146286468
319976	0.0001969143841
319977	0.00126182971
319978	0.0003694959305
319979	0.0007680472141
319980	0.0007585606414
319981	0.0003203673166
319982	0.001456232974
319983	0.0003374351812
319984	0.000992532291
319985	0.0002296724437
319986	0.0005165147971
319987	0.0003078738379
319988	0.0008473264509
319989	0.0001651615704
319990	0.001459939746
319991	0.001317726737
319992	3.001734214e-05
319993	0.0002299490136
319994	0.0001073196725
319995	0.0002796340677
319996	0.002383868255
319997	0.0003485036564
319998	0.0008294429655
319999	0.001344679525
320000	4.096114695e-05
320001	0.0007709425333
320002	0.0008383104491
320003	0.0004404343213
320004	0.000272706318
320005	0.0007318243718
320006	0.001693269075
320007	0.000258703902
320008	0.0004585856265
320009	0.0001316996224
320010	0.0005468593035
320011	0.0001032064378
320012	0.000810125293
320013	0.0002245817424
320014	0.0003615014635
320015	0.001015409387
320016	0.0005270659634
320017	0.003091528864
320018	0.0005958822153
320019	8.472733327e-05
320020	0.0009008628706
320021	0.002395662074
320022	0.0005254662785
320023	0.000432438598
320024	0.0006792511936
320025	0.0006583962265
320026	0.0004948755191
320027	0.001169438934
320028	0.0003042242235
320029	0.000709875824
320030	0.0008920562222
320031	0.001803329584
320032	6.595308987e-05
320033	0.001562058115
320034	0.001193900761
320035	0.0001928867931
320036	0.0008696963708
320037	8.359252866e-05
320038	0.0003959248855
320039	0.0007957971547
320040	0.0009810824231
320041	1.385029804e-05
320042	0.0006441467784
320043	0.0003376877552
320044	0.001924671593
320045	0.0001256305185
320046	0.0005183288853
320047	0.00131424088
320048	0.000283676764
320049	0.00141986472
320050	9.706022735e-05
320051	8.519452186e-05
320052	0.0002033334593
320053	6.033670533e-05
320054	0.0004836351011
320055	0.0005787867235
320056	0.0002019631392
320057	0.0006004943621
320058	0.0006506690484
320059	0.0005598595445
320060	0.001249265507
320061	0.0008271686635
320062	0.0002035957691
320063	0.0003802677092
320064	0.0003754213779
320065	0.001275395516
320066	1.346541044e-05
320067	0.0002979736911
320068	0.001470050133
320069	0.001169936639
320070	0.0006471339351
320071	0.0007311498739
320072	0.001008471892
320073	0.001110335591
320074	0.0001132985547
320075	0.001057543568
320076	6.081846968e-05
320077	0.0008252400053
320078	0.0002884326337
320079	5.287852949e-05
320080	0.0005379659825
320081	0.0005421631505
320082	0.001188737294
320083	0.00103012921
320084	0.0004517782757
320085	0.0002233316067
320086	0.00123118229
320087	0.001151140513
320088	0.000796176292
320089	0.0003019327741
320090	0.0001243020593
320091	0.001238403163
320092	0.0004034248346
320093	0.0001024141278
320094	0.000322166373
320095	1.167611236e-05
320096	0.001382541535
320097	8.716849809e-08
320098	0.000385493149
320099	0.0007744063227
320100	0.0009511621114
320101	0.0005832411828
320102	0.001010818811
320103	0.00128241831
320104	0.0006124459644
320105	0.0007938329904
320106	0.0004847331186
320107	0.002015804232
320108	0.0003888091976
320109	0.0007957763483
320110	5.499543211e-05
320111	0.0002310256149
320112	9.879916395e-05
320113	0.000807275723
320114	0.001355820471
320115	0.000706519481
320116	0.001057526094
320117	0.0002431996721
320118	0.000910114958
320119	0.001478796427
320120	0.0002100250916
320121	0.001120207553
320122	0.0006085093359
320123	0.0001785928959
320124	0.00173774228
320125	0.001119599941
320126	0.0001483215154
320127	0.0004430012428
320128	0.000363022103
320129	0.0002839774661
320130	0.0001730783024
320131	5.756719135e-05
320132	0.0005775546285
320133	0.0001700655867
320134	0.0001153780872
320135	0.0008554494954
320136	0.0005336330854
320137	0.0001462681276
320138	0.0007078545277
320139	0.0002783921975
320140	0.001279524754
320141	0.0001796579986
320142	0.001015797947
320143	0.0007059170112
320144	0.000442487165
320145	0.001345005909
320146	0.001683297729
320147	0.0006990005538
320148	0.002030199093
320149	7.667111717e-05
320150	0.0007327996696
320151	0.0006504780971
320152	0.000393420019
320153	0.001145007213
320154	0.0008740075178
320155	0.0002792570281
320156	0.0004184725727
320157	0.0001540541648
320158	3.521972523e-05
320159	0.0009304060631
320160	0.001053099298
320161	0.0006821684707
320162	0.0006037056369
320163	0.001714578433
320164	0.000273003618
320165	0.000488401335
320166	0.0001505891635
320167	0.0001923601603
320168	0.001014846186
320169	0.0005647678552
320170	0.0002082204992
320171	0.0005879568565
320172	0.0003436610764
320173	0.001607213495
320174	0.001653514052
320175	0.001058346707
320176	0.0005410221038
320177	0.00296313735
320178	0.001397216086
320179	0.002175066177
320180	0.0008452685693
320181	0.001493947836
320182	0.0001791846864
320183	0.0009614008878
320184	2.881702334e-05
320185	0.0007478291135
320186	0.0001416350035
320187	0.0004522635118
320188	0.001272218573
320189	0.001402931181
320190	0.0016256212
320191	0.0006033627584
320192	0.00316534649
320193	0.0007430754847
320194	0.0007728859228
320195	0.004167587725
320196	0.0007721517102
320197	0.001471087972
320198	0.001259755162
320199	5.697593812e-07
320200	2.600258224e-07
320201	0.002135170727
320202	0.0003770389936
320203	0.0007686241103
320204	0.0003756507799
320205	0.0007692661454
320206	5.92601414e-07
320207	1.061496511e-06
320208	1.888676661e-06
320209	2.511551378e-07
320210	3.47112666e-07
320211	1.733119119e-06
320212	5.054867694e-07
320213	6.37533997e-07
320214	1.893319749e-06
320215	4.683442673e-06
320216	1.446496784e-07
320217	1.12596165e-06
320218	5.299734226e-06
320219	4.702327598e-06
320220	1.776580409e-06
320221	3.150855127e-06
320222	9.107460604e-08
320223	3.238804632e-07
320224	5.653951417e-06
320225	7.836376857e-07
320226	5.849747304e-07
320227	2.716251538e-06
320228	4.186714237e-07
320229	2.057047226e-07
320230	1.291301141e-06
320231	0.0001378833138
320232	0.0001458428398
320233	0.0004682406799
320234	1.334275448e-05
320235	6.853512269e-05
320236	6.656811327e-06
320237	1.241954053e-07
320238	0.0003003310386
320239	0.0001372076491
320240	6.723618506e-05
320241	0.0003568633034
320242	9.077248497e-06
320243	1.095370688e-05
320244	1.886926607e-06
320245	0.0001355573754
320246	0.0005057710118
320247	0.0001880588386
320248	0.0002792347517
320249	0.0003295966575
320250	0.0003395089028
320251	0.0003884627149
320252	0.0004119570087
320253	0.0003894220207
320254	0.0001963533092
320255	0.0004797104626
320256	0.0004029352899
320257	0.0001865273704
320258	0.0004594232326
320259	0.0002779807315
320260	0.0001649690358
320261	0.0002854958778
320262	2.17489919e-06
320263	0.0002426097419
320264	6.004401975e-05
320265	0.0005406724769
320266	0.0002063179838
320267	5.902111043e-05
320268	0.0004220512301
320269	0.0001559884796
320270	0.0001294866305
320271	0.0002753728373
320272	0.0002621719115
320273	0.0002164963713
320274	0.0001320547708
320275	7.038044541e-05
320276	0.0001431413519
320277	5.934469586e-05
320278	0.0004071233736
320279	0.0001359860647
320280	0.0001348416289
320281	8.085081673e-07
320282	3.658664905e-05
320283	1.072190441e-05
320284	1.086385452e-05
320285	0.0003277424927
320286	9.107355583e-06
320287	6.979841543e-05
320288	0.0003314011684
320289	5.714140823e-06
320290	0.0003558297187
320291	0.0001944271385
320292	6.576103689e-05
320293	0.0001599646988
320294	3.619026457e-05
320295	5.730106112e-05
320296	0.0003982397671
320297	0.0004904317254
320298	0.0001913643685
320299	0.0002607007744
320300	5.64597254e-05
320301	2.052608133e-07
320302	0.0001378052404
320303	0.000370664029
320304	0.0002403473661
320305	0.0001421731359
320306	0.0001100432924
320307	9.66795425e-06
320308	6.457700579e-05
320309	0.0002596793943
320310	0.0004865338119
320311	7.87892607e-05
320312	7.48978327e-06
320313	0.000230900599
320314	1.542296828e-05
320315	0.0002757573769
320316	5.636052774e-05
320317	0.001586780681
320318	0.001640318605
320319	0.0001963727937
320320	0.0004398529778
320321	7.013215921e-05
320322	0.001593064629
320323	0.0003663731738
320324	5.509302716e-05
320325	0.0004054486037
320326	0.0001286552819
320327	3.144477941e-05
320328	0.0003793490393
320329	8.094669046e-05
320330	0.0002787423086
320331	0.0006825416858
320332	0.0006765908394
320333	9.12106945e-05
320334	0.001018146706
320335	0.0001398866772
320336	0.0002900873339
320337	0.000452381113
320338	0.001583196208
320339	9.934694833e-05
320340	0.0002131930999
320341	0.001818042997
320342	0.00211299204
320343	5.501867429e-05
320344	4.648927105e-08
320345	0.001208358456
320346	0.001922809508
320347	0.001552866107
320348	0.0004995122528
320349	0.0005638361444
320350	0.001005335632
320351	0.001028259494
320352	0.0001394444268
320353	0.0005545102404
320354	0.0005074874029
320355	0.001420711122
320356	0.0004895363821
320357	0.0008210718584
320358	0.000902463286
320359	0.0007811040397
320360	0.0006952825214
320361	0.0003353275947
320362	0.000153237635
320363	0.0005610499589
320364	0.0001052163522
320365	0.0004162991952
320366	0.0008513498388
320367	0.0001675965211
320368	0.0005825117478
320369	5.787491623e-06
320370	5.091847383e-05
320371	0.0003811448627
320372	0.0009358311337
320373	3.448963384e-05
320374	0.0004147623657
320375	3.736177178e-06
320376	0.001153758005
320377	0.0006023955223
320378	0.0001311741608
320379	0.0004328500972
320380	0.001216833791
320381	8.591852796e-05
320382	0.002032078939
320383	0.001331698959
320384	0.001423920994
320385	0.0008692016099
320386	0.0008283550143
320387	0.0003218424502
320388	0.001594833256
320389	0.0005197087659
320390	0.002813789137
320391	0.001317024534
320392	0.001564842541
320393	0.001511278176
320394	0.002209420486
320395	0.0009766778467
320396	0.0004480739145
320397	0.0005103434573
320398	0.001379699152
320399	0.001238357744
320400	0.001359357259
320401	0.0007307665635
320402	0.0002837674665
320403	0.001166842767
320404	0.001544680365
320405	0.002866485458
320406	0.002521257824
320407	0.0006074657621
320408	0.001263885577
320409	0.000648191657
320410	7.84737255e-05
320411	0.0005585470673
320412	0.0008326623783
320413	0.003072920065
320414	0.0004996671935
320415	8.267967107e-06
320416	0.001654491887
320417	0.001866839986
320418	0.001389490142
320419	0.001487605114
320420	0.002646966749
320421	0.0002073312206
320422	0.0006961219723
320423	0.0007439137377
320424	0.0008713796875
320425	0.001466135927
320426	0.002378434251
320427	0.0008504453652
320428	0.0003520801433
320429	0.001005792666
320430	0.001595511305
320431	4.622561694e-05
320432	0.0003927506781
320433	0.002275675997
320434	0.003545607567
320435	0.002395918338
320436	0.0007795013815
320437	0.0004908290357
320438	0.002826950802
320439	0.001405509495
320440	0.00168525674
320441	0.0001611466388
320442	0.001927339919
320443	0.0005963476688
320444	0.0005460579185
320445	0.003072334117
320446	1.592787187e-05
320447	0.002660914188
320448	0.002335266626
320449	0.002204852783
320450	0.001321471734
320451	0.0004978854976
320452	0.001182131976
320453	0.001961816316
320454	0.0008632283729
320455	0.0007763010978
320456	0.0002237181735
320457	0.003423911495
320458	0.0001094610127
320459	0.0004974658596
320460	0.0003890217696
320461	0.0001481593434
320462	0.0006936639387
320463	0.0002723242827
320464	0.0001850906429
320465	0.0001728571569
320466	0.003039518751
320467	0.0008142323756
320468	0.002295085297
320469	0.0002668989492
320470	0.0008017521258
320471	0.001508262436
320472	0.004146149903
320473	0.002269852399
320474	0.003554749357
320475	0.0001935321068
320476	0.0005093213352
320477	0.003441725375
320478	0.003190011366
320479	0.001615329926
320480	0.0005255136542
320481	0.002424769059
320482	0.001990117654
320483	0.0001664593436
320484	0.0004680552278
320485	0.0001425137464
320486	0.003652990676
320487	0.0004183703663
320488	0.0003306659596
320489	0.0002746798544
320490	0.00118879492
320491	0.001714774116
320492	0.00243198634
320493	0.003168543019
320494	0.0009103425135
320495	0.0003733190115
320496	0.0008175243914
320497	0.001407818396
320498	0.0005094177323
320499	0.001336991286
320500	0.001414271836
320501	0.0002705745324
320502	0.002241941695
320503	6.661732252e-05
320504	0.00206318277
320505	0.0004356294709
320506	0.001568690956
320507	0.001981188688
320508	0.0016871505
320509	0.001689547974
320510	0.0004449709239
320511	0.001757360881
320512	0.003409798355
320513	0.0008288044644
320514	0.002616254406
320515	0.002532581698
320516	0.001965938811
320517	0.001127679941
320518	0.0006885635476
320519	0.0008232422009
320520	0.0006212569775
320521	0.0009813190752
320522	5.766257223e-05
320523	0.001206129879
320524	0.001314194992
320525	0.001817662349
320526	0.003657263543
320527	0.0002057986156
320528	0.0006919785447
320529	0.001204653158
320530	0.003235591095
320531	0.0005774601024
320532	0.0003487133415
320533	0.0002345994973
320534	0.0027811648
320535	0.001744481049
320536	0.001903701757
320537	0.0001053096857
320538	0.0006384654308
320539	0.00154325679
320540	0.00215141472
320541	0.0006162931858
320542	0.00118497589
320543	0.001494066241
320544	0.0003579056881
320545	0.0006118959315
320546	0.0002517443295
320547	0.0009632982637
320548	3.670137761e-05
320549	0.000913714737
320550	0.000242172464
320551	0.0001956622266
320552	0.0002905873106
320553	0.00211556439
320554	0.0002787606067
320555	0.002004239332
320556	0.001809593376
320557	0.001532386062
320558	0.002632420095
320559	0.0012249593
320560	0.0003618212326
320561	0.0005457224362
320562	0.002235075137
320563	0.002673257537
320564	0.0005837417343
320565	0.001989138057
320566	0.001581555071
320567	0.00244805399
320568	0.0007865244791
320569	0.0001353002075
320570	6.366327934e-05
320571	0.001503278873
320572	0.0004080170902
320573	0.0007459405831
320574	0.0002066487613
320575	0.0009400352325
320576	0.001208408381
320577	0.0009155944915
320578	0.00232286471
320579	0.002436090196
320580	0.001093269014
320581	0.002392908693
320582	0.002614190298
320583	0.002167848252
320584	0.00246012595
320585	0.001147566793
320586	0.0007670827246
320587	0.001235193288
320588	0.001549747329
320589	6.047220056e-06
320590	0.0006051238268
320591	0.0001219059902
320592	0.0001730294421
320593	0.0007855567366
320594	0.0003655039372
320595	0.001774904855
320596	0.00140973712
320597	0.002065853782
320598	0.0008876718956
320599	0.005676317627
320600	9.652196275e-05
320601	0.003193388185
320602	0.0008593946966
320603	0.0007285098763
320604	0.0008263675381
320605	0.000716908591
320606	0.0009644079973
320607	0.0002177837456
320608	0.001605818858
320609	0.0008904221227
320610	0.0005315826324
320611	0.0001594441313
320612	0.0008314548924
320613	0.002368913913
320614	0.001342510704
320615	0.002180562129
320616	7.747191975e-05
320617	0.002172218415
320618	0.0009148517478
320619	0.001802384189
320620	0.0001486270062
320621	0.001567101875
320622	0.002280763043
320623	0.001280510836
320624	0.001684371643
320625	0.001070820628
320626	4.42139597e-05
320627	0.000731973385
320628	0.001065788112
320629	0.002085778188
320630	0.0005389687279
320631	8.686818466e-05
320632	0.0003233001156
320633	0.002077636923
320634	0.001042525248
320635	0.0009641625082
320636	0.001087175389
320637	0.0005903593896
320638	0.000597551608
320639	0.0006222932892
320640	0.0003008392861
320641	0.001687964125
320642	0.001136053204
320643	0.0009957374012
320644	0.003270995876
320645	0.0004923673983
320646	0.0006551489991
320647	0.0001119286216
320648	0.003617738948
320649	0.001731852086
320650	0.001644413361
320651	0.000756158469
320652	0.00256593983
320653	0.0005824875516
320654	0.001147948939
320655	0.0009699197194
320656	0.003400648449
320657	0.0004543884432
320658	0.0005583267766
320659	0.0009403969115
320660	0.002301185605
320661	0.0001760109192
320662	0.0002074284883
320663	0.001379000556
320664	0.0004282720242
320665	0.0001538331152
320666	0.001424450437
320667	0.001414469357
320668	0.0001433502649
320669	0.00312568989
320670	0.002581391253
320671	0.001088494435
320672	0.0005266266531
320673	0.001214519762
320674	0.001663042262
320675	0.001733120966
320676	0.001001396088
320677	0.0006733388747
320678	3.8606849e-05
320679	0.00233841877
320680	0.001890152546
320681	0.0003091541848
320682	1.671438912e-05
320683	0.0005179940179
320684	4.986052493e-05
320685	0.0005482231484
320686	3.214161105e-05
320687	0.001446849755
320688	0.001461055347
320689	0.0001103397314
320690	0.002290953485
320691	0.001376287299
320692	0.002219817714
320693	0.001398729009
320694	0.001811876209
320695	0.0003281223839
320696	0.001711533826
320697	0.001648455564
320698	0.0004564715524
320699	0.0005052522049
320700	0.003095487895
320701	0.00122947924
320702	0.0004393922072
320703	0.0003486922658
320704	0.002118768438
320705	0.001869371744
320706	0.001863716811
320707	0.0004176044885
320708	0.002892065523
320709	0.0003514241017
320710	0.0002233313095
320711	0.001131999519
320712	0.002407379321
320713	0.004482563243
320714	8.692213183e-05
320715	0.0008048655284
320716	0.0001583024455
320717	0.0001110303213
320718	0.001215905263
320719	0.00268437403
320720	0.0003145634296
320721	0.001422487953
320722	0.002470912178
320723	0.0005107437073
320724	0.002248183963
320725	0.002081226829
320726	0.0009599809208
320727	0.0001629459919
320728	0.0007995915566
320729	0.0003145518005
320730	0.000648768072
320731	0.00204165582
320732	0.0003371575164
320733	2.700783776e-05
320734	0.0004259263311
320735	0.001396255802
320736	0.0007879697227
320737	0.00148849879
320738	0.0001087158619
320739	0.000288988518
320740	0.0008795832721
320741	0.001961495168
320742	0.0008827342984
320743	0.002260322131
320744	0.000513245874
320745	0.0007692263671
320746	0.0004758318528
320747	0.0001409773762
320748	0.0003589127745
320749	0.000441747521
320750	0.001579610519
320751	0.0001944432504
320752	0.0002000367192
320753	0.0001215664489
320754	0.0009725612816
320755	0.001713354216
320756	0.001349687152
320757	0.002030437061
320758	0.0002435783861
320759	0.002196095289
320760	0.003307395399
320761	0.0008939033063
320762	0.0003267062552
320763	0.001232290857
320764	0.0002170955644
320765	0.0003662462936
320766	0.002647505546
320767	0.00059738735
320768	0.000202578118
320769	0.003499910606
320770	0.002545991357
320771	0.002358225183
320772	0.002223580978
320773	0.000768395076
320774	9.906984693e-05
320775	0.002055558706
320776	0.001088789994
320777	0.000721970697
320778	0.001057068981
320779	0.0006169995398
320780	0.002241764354
320781	0.002228171397
320782	0.004481334436
320783	0.001757962792
320784	0.0001812205562
320785	0.0005637023674
320786	0.001890945705
320787	0.0002154835955
320788	0.0006171762571
320789	0.0008806220772
320790	0.001504414536
320791	0.00280005827
320792	0.00147630744
320793	0.001610631758
320794	0.002164935814
320795	0.0005601557689
320796	0.00329982891
320797	0.000613730549
320798	0.00101831257
320799	0.00192298241
320800	0.002222033113
320801	0.0004528500444
320802	3.697751081e-05
320803	0.001725039793
320804	0.002007799483
320805	0.001312246221
320806	0.00422215821
320807	0.0009173789947
320808	0.0008157727968
320809	0.0002051623402
320810	0.00186706691
320811	0.002034843082
320812	0.003228745119
320813	0.0001374539451
320814	0.001865628109
320815	0.001493491402
320816	0.0001936096453
320817	0.003793104613
320818	0.0017721108
320819	0.0002758228125
320820	0.0004541689434
320821	0.001368581203
320822	0.003682390742
320823	0.0001748566071
320824	0.001187523999
320825	0.000234018072
320826	0.001029093482
320827	0.001104037661
320828	0.002158451748
320829	0.0003334945096
320830	3.765966057e-05
320831	5.515911058e-05
320832	0.0005588810811
320833	0.001691184324
320834	0.0001861574309
320835	0.0008458911726
320836	7.725983175e-05
320837	0.0006040880072
320838	0.001523715762
320839	0.0005895313841
320840	0.001809806479
320841	0.001324203376
320842	0.001240240632
320843	0.002325939759
320844	0.002328448177
320845	0.000665484112
320846	0.002175921175
320847	0.002062654964
320848	0.0001065498415
320849	0.0004246283623
320850	0.0004995564678
320851	0.004046314342
320852	0.002821681045
320853	0.002099597994
320854	0.003268515851
320855	0.001329110806
320856	0.0009204189609
320857	0.002630755822
320858	0.0002553216063
320859	0.002266083502
320860	0.0008230247614
320861	3.281474735e-05
320862	0.001031849249
320863	1.716678708e-05
320864	0.0001281443386
320865	0.001185843609
320866	0.001051067145
320867	0.0003915278418
320868	0.0004459700926
320869	0.0007688314688
320870	0.004924272828
320871	0.001092463918
320872	0.002127829195
320873	0.0003969805266
320874	0.001004472111
320875	2.006028725e-05
320876	0.00298315003
320877	0.0003365844427
320878	0.0003845875784
320879	0.002433586341
320880	0.0001373889467
320881	0.002035520652
320882	0.001397222216
320883	0.0003080780608
320884	0.002570426813
320885	1.14068528e-05
320886	0.001488528557
320887	0.0010546359
320888	0.002189432358
320889	0.0006778307855
320890	0.0003633822962
320891	0.001859070979
320892	0.00306779358
320893	0.000626147475
320894	0.001278887165
320895	0.0002803741253
320896	8.398778035e-06
320897	0.002338020421
320898	0.003431731486
320899	0.000126864286
320900	0.0001073599456
320901	0.0026154818
320902	0.002276813299
320903	0.002774933428
320904	0.0006050296221
320905	9.439304001e-05
320906	0.0005174033138
320907	0.0007697989443
320908	0.000592664491
320909	0
320910	0.001143410684
320911	0.001744193509
320912	0.0007897754506
320913	0.0004207753816
320914	0.0005732982172
320915	0.00113065937
320916	0.00375509938
320917	0.0005139538739
320918	0.004192362988
320919	0.001714774116
320920	0.0005912920827
320921	0.004099016072
320922	0.00107607413
320923	0.001721119106
320924	0.001034088267
320925	0.0001420929457
320926	0.000554666945
320927	0.00139760973
320928	0.001982525399
320929	0.0005302811224
320930	0.001341249842
320931	0.0005564729467
320932	0.001313495103
320933	0.001008569166
320934	0.001492956853
320935	0.001021152325
320936	0.0002503071995
320937	0.001785670608
320938	0.000208743389
320939	0.00189519041
320940	0.002327506144
320941	0.0005571101776
320942	0.001625642326
320943	0.001214119802
320944	0.0006561025035
320945	0.001279941017
320946	0.0009590200631
320947	0.00213990869
320948	0.000195241379
320949	0.0006253387432
320950	0.0002555821278
320951	0.0006549717255
320952	0.0007373315161
320953	0.001722453715
320954	0.002657760498
320955	0.0007597927849
320956	0.0002723799643
320957	0.0002867132493
320958	0.0005755056763
320959	0.003758469376
320960	0.001353618766
320961	0.001259139184
320962	0.001297229756
320963	0.003186760528
320964	0.002846683212
320965	0.002351921119
320966	0.00161227443
320967	0.001335027073
320968	0.0009764257666
320969	0.0006986149606
320970	0.002439968209
320971	0.001853913842
320972	0.0009332450756
320973	0.001121905887
320974	0.0006271161013
320975	0.0006700461726
320976	0.0003571385152
320977	0.0008001492747
320978	0.003338036443
320979	0.001639462353
320980	0.000482353577
320981	0.0006900152071
320982	0.0002749482186
320983	0.002179281377
320984	0.0001773568617
320985	0.0005836719277
320986	0.003101075092
320987	0.000441333068
320988	0.001489481876
320989	0.001611362798
320990	0.001749184212
320991	0.001972264905
320992	0.002594604965
320993	0.001949654836
320994	0.002094249114
320995	0.001103154737
320996	0.001468389566
320997	0.0002856164896
320998	0.001567209205
320999	0.004183565521
321000	0.002296490238
321001	0.001799841339
321002	0.001842250353
321003	0.000302207943
321004	0.002874218089
321005	0.002028019736
321006	0.002688733105
321007	0.002460185683
321008	0.0001584000957
321009	0.001520375024
321010	0.0002801183537
321011	0.001842559872
321012	0.001833888549
321013	0.002116893282
321014	0.001368303507
321015	0.001597748121
321016	0.003064608017
321017	0.001471229408
321018	0.001554762711
321019	0.001421266782
321020	0.002430365331
321021	0.0008093901116
321022	0.000579960612
321023	0.0002277350357
321024	0.0006900953256
321025	0.0001207542382
321026	0.001667286803
321027	0.001524909643
321028	0.0007879248228
321029	0.002798179533
321030	0.001449970535
321031	0.001711226403
321032	0.0006513763172
321033	0.0006884793364
321034	0.003017870975
321035	0.0005728142384
321036	0.001822747913
321037	0.0005269153912
321038	0.002599362129
321039	0.0006594175198
321040	0.002858445913
321041	0.001789407251
321042	0.0001163840238
321043	0.001818706976
321044	0.0002419650113
321045	0.0005929098618
321046	0.001511966905
321047	0.001041766475
321048	0.002203360289
321049	0.001332039471
321050	0.00104305988
321051	0.0001497762398
321052	0.0002617895389
321053	0.0002737709052
321054	0.001281410135
321055	0.0002112176558
321056	0.002172133109
321057	0.00206464402
321058	0.0003875220646
321059	0.001925321171
321060	0.00396345614
321061	0.0001053760156
321062	0.001694390028
321063	0.005142832432
321064	0.001860779378
321065	0.0005122376059
321066	0.0008585742987
321067	0.001149762121
321068	0.001920603511
321069	0.003474232006
321070	0.002164578213
321071	0.00058702376
321072	0.0003218802508
321073	0.0004021740523
321074	0.001342004381
321075	0.0009536518462
321076	0.001065058921
321077	0.002859100641
321078	0.002344130759
321079	0.002543361242
321080	0.003351913519
321081	7.776033636e-05
321082	0.0005880197676
321083	0.001206979383
321084	0.002479177518
321085	0.002406594487
321086	0.0019371587
321087	0.001938543356
321088	0.002663700106
321089	0.0006022300465
321090	8.915291472e-05
321091	9.153067315e-05
321092	0.001273602596
321093	0.001906570301
321094	0.001501353177
321095	0.00153171535
321096	0.0005904969369
321097	0.002158494071
321098	0.0006154217062
321099	0.002514323234
321100	0.001043217427
321101	0.001533169875
321102	0.003026797051
321103	0.0005671091046
321104	0.001585153503
321105	3.5058324e-05
321106	0.0003689134247
321107	0.0009601787259
321108	0.0006667242733
321109	0.0003972927628
321110	0.0001235680403
321111	0.003010525276
321112	0.0001396243278
321113	0.0008425934815
321114	0.002477902272
321115	0.0007683170136
321116	0.00191537991
321117	0.001116290443
321118	0.000202708002
321119	0.00106654199
321120	0.002611829468
321121	0.003249779761
321122	0.0006649610973
321123	0.0004001670301
321124	3.59105788e-05
321125	0.002090766959
321126	0.0006630496564
321127	5.659588364e-05
321128	0.0007496749424
321129	0.0005251661848
321130	0.0003438729806
321131	0.002977313484
321132	0.0009825385879
321133	0.001290135047
321134	0.002481877846
321135	0.002370143654
321136	0.0008719068631
321137	0.0003009196856
321138	0.001519484661
321139	0.001101281382
321140	0.00178008105
321141	0.000112044251
321142	0.0006812956816
321143	0.001021577787
321144	0.004075000638
321145	0.000209311579
321146	0.0001630207063
321147	0.000294364676
321148	0.0007390845749
321149	0.0007715849164
321150	0.001232885949
321151	0.0003043300066
321152	0.0001114415668
321153	0.002661811795
321154	0.001003397086
321155	0.004585507597
321156	0.002412903734
321157	0.0008309800524
321158	0.0007174047379
321159	0.0003821824429
321160	0.001835332623
321161	0.0001768127665
321162	0.001056791688
321163	0.0003444837371
321164	0.002481338511
321165	0.000255538901
321166	0.003003765212
321167	0.00204156035
321168	0.000530826372
321169	0.001211306805
321170	0.001754467061
321171	0.001816239711
321172	0.003288401614
321173	0.00236357412
321174	0.004206137459
321175	0.001714774116
321176	0.001801522417
321177	0.002650016354
321178	0.0005053684788
321179	0.002534297522
321180	0.003463686696
321181	0.001074206133
321182	0.001132783741
321183	0.001104917223
321184	0.0004380178222
321185	0.000794610944
321186	0.001488095042
321187	0.003185923928
321188	0.0006158484141
321189	0.003242498011
321190	0.001214598735
321191	0.001599515914
321192	0.002630013311
321193	0.0007511083434
321194	0.003172134211
321195	0.0009917002106
321196	3.514972311e-05
321197	0.0008314125989
321198	0.001081840931
321199	5.838338319e-06
321200	0.003204380505
321201	0.0008452562565
321202	0.0006981932723
321203	0.0006355235698
321204	0.0005230212115
321205	0.003250689725
321206	0.0005106676659
321207	0.001528643834
321208	1.252572485e-05
321209	0.001085175139
321210	0.0001568867942
321211	0.001285444488
321212	0.0008755356016
321213	0.001300884737
321214	0.0005954244912
321215	0.001800353286
321216	0.001884982372
321217	0.001714774116
321218	0.001295414171
321219	0.00259600504
321220	0.002786661129
321221	0.00010061251
321222	0.0003728646657
321223	0.0009399489771
321224	2.609101806e-05
321225	0.001479180133
321226	0.001713306939
321227	0.0007535954245
321228	0.001870482754
321229	0.001335390108
321230	0.0002587058722
321231	0.0002334189766
321232	0.005114246658
321233	0.0008307564839
321234	0.001494297802
321235	0.001616773292
321236	0.001867688131
321237	0.0001940492261
321238	0.0007520206258
321239	0.001535283018
321240	0.001187095967
321241	0.002107321795
321242	0.001586798459
321243	0.00131849628
321244	0.001164683599
321245	0.0007477751091
321246	3.545351913e-05
321247	0.0003024369271
321248	0.0007727299178
321249	0.001410775944
321250	0.0005400943609
321251	0.002536042307
321252	0.001350326432
321253	0.0007410014966
321254	0.001825492492
321255	0.001907288622
321256	0.001172454457
321257	0.001799423921
321258	0.001301759717
321259	0.0003252828443
321260	0.000294038666
321261	0.004076814518
321262	0.0008388274075
321263	0.002835056903
321264	0.002772621283
321265	3.675268725e-05
321266	0.001016369403
321267	0.000247895527
321268	0
321269	0.001407883701
321270	0.000464091024
321271	0.0004116317814
321272	0.0001026050381
321273	0.002468783372
321274	0.0005893322075
321275	0.000871240357
321276	0.001397927758
321277	0.001222806016
321278	0.0007905576905
321279	0.001883538644
321280	5.092880329e-05
321281	9.699837067e-05
321282	0.0005859661181
321283	0.0006019233216
321284	0.001180031469
321285	0.004202820719
321286	0.0005735168345
321287	0.002255578054
321288	0.001702192553
321289	0.0009193813843
321290	0.002488837546
321291	0.001135797443
321292	0.002689420619
321293	4.94006371e-05
321294	0.002023417713
321295	0.003803072506
321296	0.001550815246
321297	0.001190724058
321298	0.001206654103
321299	0.00210043392
321300	0.0005943470161
321301	0.001519656555
321302	0.001469994273
321303	0.0008950442983
321304	0.0001301766352
321305	0.002091955889
321306	0.0003828800638
321307	0.001774252356
321308	0.0007619523298
321309	0.001959386328
321310	0.0006470305053
321311	0.002487244283
321312	0.001658961619
321313	0.0008957224544
321314	0.002070849914
321315	0.0005818144886
321316	7.421845581e-05
321317	1.346463105e-06
321318	6.101668619e-05
321319	0.0005989642423
321320	0.0005132403884
321321	0.0002977159719
321322	0.002805262452
321323	0.0006021815934
321324	0.0006214553422
321325	0.0007561961546
321326	0.001091239769
321327	0.0004804906575
321328	0.00115091557
321329	0.0001044516352
321330	0.0005927058281
321331	0.001580772685
321332	0.0001838723934
321333	0.001389029727
321334	0.0004320170393
321335	7.564651516e-05
321336	0.0003390127989
321337	0.0007687716446
321338	0.001297876425
321339	0.00176230254
321340	7.897437166e-06
321341	0.000552876654
321342	8.667096491e-05
321343	0.001253676653
321344	0.001556720021
321345	0.0004838505548
321346	0.001347744321
321347	0.001964559465
321348	0.001459093495
321349	0.000522233245
321350	6.793715212e-05
321351	0.002203256258
321352	0.0007734639508
321353	0.002770200241
321354	0.001307343056
321355	0.0002802662923
321356	0.001032555347
321357	0.001852019783
321358	0.002050868305
321359	0.0008627089754
321360	0.001763907969
321361	0.001418283417
321362	0.0004151028941
321363	0.001602815206
321364	0.0001974676826
321365	0.0002418526401
321366	0.000379152093
321367	0.0003651346523
321368	1.512285986e-05
321369	0.0002639663779
321370	0.001586066226
321371	0.001599430447
321372	0.001100207771
321373	0.001660488497
321374	0.0005179883574
321375	0.0001967096834
321376	0.002286236792
321377	0.000313617869
321378	0.001018022527
321379	0.001509408199
321380	0.0001748190976
321381	0.0002223064493
321382	0.0005684542364
321383	0.0005355132958
321384	0.000773197796
321385	0.001606698586
321386	0.001779859559
321387	0.0003706624445
321388	0.0005597791075
321389	0.0003860034362
321390	0.0002560450208
321391	0.001502226943
321392	0.003650891844
321393	0.001394729649
321394	0.001600222353
321395	7.837801991e-07
321396	0.00188167983
321397	0.001562315131
321398	0.0006777932307
321399	0.001327633381
321400	0.00241697696
321401	0.0009522643569
321402	0.002779489423
321403	0.001075974931
321404	0.001567989145
321405	0.001115907035
321406	0.001811688107
321407	8.937095188e-06
321408	0.0007213531572
321409	0.0008844058482
321410	0.002735948804
321411	0.002445990877
321412	0.0003053805587
321413	0.000106404337
321414	0.001378769019
321415	0.0002276021264
321416	0.001155507441
321417	0.0008009894938
321418	0.0009096965604
321419	0.001710561548
321420	0.0001388374469
321421	0.0001793818218
321422	0.002439739216
321423	0.000529941633
321424	0.0006054716648
321425	0.001863477408
321426	0.0003207374524
321427	0.0006120960026
321428	1.254887293e-05
321429	0.00146384166
321430	0.001775281479
321431	0.001323431848
321432	0.00134546296
321433	0.001393411646
321434	0.0006154120437
321435	0.0004394461811
321436	0.002118286675
321437	0.001295879531
321438	0.001102791908
321439	0.002751987043
321440	0.000794425858
321441	0.0001876454103
321442	0.002055787111
321443	0.0003225583601
321444	0.00179716196
321445	0.000797750549
321446	0.001228037228
321447	0.0002609486986
321448	0.000106992246
321449	0.00154911605
321450	0.0007981028862
321451	0.0005977797492
321452	8.361235428e-06
321453	0.001748695183
321454	0.0009080027013
321455	0.0005986257121
321456	0.002541159827
321457	0.002055086227
321458	0.0007675713333
321459	0.0005221897949
321460	0.003152420588
321461	0.0003231113197
321462	0.002070220953
321463	0.00108744586
321464	0.0003840018187
321465	0.001320636424
321466	0.0003065305471
321467	0.0007030109272
321468	0.001463484143
321469	0.002841032815
321470	0.001312879856
321471	0.002218534169
321472	0.0003134229816
321473	0.0003723833412
321474	0.001857810894
321475	0.0001008682203
321476	0.002852443304
321477	0.0009249827742
321478	0.0007290196782
321479	7.924769003e-06
321480	0.001070384993
321481	0.0006287162486
321482	0.002271266224
321483	0.001211587551
321484	0.001788278565
321485	7.223738427e-05
321486	0.002645449362
321487	0.0004905954418
321488	0.000505063421
321489	0.001379467644
321490	0.001994441154
321491	0.000672409857
321492	0.001334180312
321493	3.390872269e-06
321494	0.001017545866
321495	0.001768894829
321496	0.001073508593
321497	0
321498	0.000101781935
321499	0.001404798984
321500	0.0003191460408
321501	0.001921001275
321502	0.001260132568
321503	0.002903824595
321504	0.001988961292
321505	0.0007591480333
321506	0.002373206127
321507	0.0005543224306
321508	0.0004416701099
321509	0.0009025028805
321510	0.001720679792
321511	0.00132397563
321512	0.0002941126186
321513	0.0003674486017
321514	0.0003772808366
321515	0.004087527967
321516	1.003632019e-05
321517	6.790156058e-05
321518	0.001380286394
321519	0.0007642005969
321520	0.002385656373
321521	0.001066675133
321522	0.0001546429141
321523	0.001718032075
321524	0.001494348649
321525	0.001858070853
321526	9.556440685e-05
321527	0.001178218322
321528	0.0003563729754
321529	0.002540895585
321530	0.001303167166
321531	0.002820959352
321532	0.0003180540813
321533	0.001559997088
321534	0.001393122316
321535	0.0009964403195
321536	0.001796427672
321537	0.0002624364563
321538	0.002085593447
321539	0.0009823633538
321540	0.0008078359584
321541	0.0009940251387
321542	0.003146252187
321543	0.00182256595
321544	0.001121508813
321545	0.0007971293842
321546	0.0008833629542
321547	0.001648713317
321548	0.001716183528
321549	0.0007169507503
321550	0.0005700237267
321551	0.001380350262
321552	0.0008888269781
321553	9.822747599e-05
321554	0.001185842235
321555	0.002977527414
321556	0.002609153451
321557	0.0007550517467
321558	0.001471555321
321559	0.001897857323
321560	0.0005410522602
321561	0.001575644159
321562	5.742797061e-05
321563	0.0001848613127
321564	0.001569680273
321565	0.001560811093
321566	0.0003775101736
321567	0.0001642842561
321568	0.0002872943804
321569	0.0009018575349
321570	0.001055196504
321571	0.002598023664
321572	0.0009887593036
321573	0.001260472094
321574	0.001851608256
321575	0.001596197199
321576	0.0001135463762
321577	0.0003693912918
321578	0.0009684371672
321579	0.0005763336123
321580	0.0009578273366
321581	0.002645741571
321582	0.0002219074783
321583	0.001219207542
321584	0.001282651857
321585	0.000932865952
321586	0.0008542650295
321587	0.000512735706
321588	0.001058191102
321589	0.000721529096
321590	0.001541454092
321591	0.001023427117
321592	0.001760825091
321593	0.0003897363239
321594	0.001993338524
321595	0.001685375877
321596	0.001667899501
321597	0.0007478783293
321598	0.002644287158
321599	0.0007526372743
321600	0.001343538063
321601	0.001366357725
321602	0.002110252503
321603	8.777778514e-05
321604	0.0006227456848
321605	7.314257782e-05
321606	0.0002674201616
321607	0.0003049363313
321608	0.001691017212
321609	0.001199762315
321610	0.0004264515616
321611	0.0004493586728
321612	0.001558881167
321613	0.002573765984
321614	0.001448367153
321615	0.003030995245
321616	2.194276828e-05
321617	0.000311340137
321618	0.0002749137738
321619	0.001234804941
321620	0.003036412286
321621	0.0006389797386
321622	0.001964838135
321623	0.00128601094
321624	0.001277500695
321625	0.0005951964395
321626	0.001102982457
321627	0.0008466545944
321628	0.0004240454705
321629	0.0006639622261
321630	0.0008317300548
321631	0.0005684627286
321632	0.0005955127243
321633	0.001204915837
321634	0.002555706295
321635	0.000239002662
321636	0.0002096439146
321637	0.000601498897
321638	0.0006392870011
321639	0.0001382037802
321640	0.0006513785765
321641	0.001593682292
321642	0.0009991088615
321643	0.003308461274
321644	0.001728251209
321645	0.0003570535757
321646	0.0002414925045
321647	0.001668323901
321648	0.001501677793
321649	0.0002034831229
321650	0.001793448399
321651	0.001548835016
321652	0.0005871752067
321653	0.0001184850501
321654	0.001209173106
321655	0.0008380126002
321656	0.0008921390671
321657	0.0002303077041
321658	0.0025252847
321659	0.0008625602721
321660	0.002239669913
321661	0.0004828691037
321662	0.001270452116
321663	0.001396278164
321664	0.0005628766729
321665	0.0009379828293
321666	0.0002819875685
321667	0.002763920389
321668	1.600527753e-05
321669	0.0002500536125
321670	0.000589178162
321671	0.0001170784869
321672	0.0007077412251
321673	0.0003824749495
321674	0.002182711828
321675	0.0003422038812
321676	0.0002718201232
321677	0.001587707567
321678	0.001667899501
321679	0.0003072496459
321680	0.002168988114
321681	0.001060256452
321682	0.003003537086
321683	1.907605822e-05
321684	0.001667222958
321685	0.002846915683
321686	0.002945516076
321687	0.001592859601
321688	0.0008393102069
321689	0.0005850041163
321690	0.00134459446
321691	0.003517276624
321692	6.806137873e-05
321693	0.000692509223
321694	0.001141893214
321695	0.001982409251
321696	0.0001051717999
321697	0.002540126735
321698	0.00055069074
321699	0.0005505564124
321700	0.0006502924545
321701	0.00150915535
321702	0.0008051537853
321703	0.001174586392
321704	0.0002813946783
321705	0.0003360687319
321706	0.0001702558301
321707	0.0002062384265
321708	0.001293045659
321709	0.001440769723
321710	0.001571449444
321711	0.001110463328
321712	0.001433636806
321713	0.0007922909469
321714	0.0008757420298
321715	0.0007565486662
321716	0.0005124897494
321717	5.393208575e-05
321718	0.0005724230873
321719	0.0007237815529
321720	0.001236289673
321721	0.001786959224
321722	0.0004575415115
321723	0.0003500652211
321724	0.002154880925
321725	0.001666712931
321726	0.0004788200628
321727	0.00110947758
321728	0.001938954745
321729	8.480503902e-05
321730	0.0006453506907
321731	0.001350757265
321732	0.0003943192453
321733	0.0004038155881
321734	0.002240756996
321735	0.0003228811076
321736	0.0007028471754
321737	0.0007101078036
321738	0.0005459850279
321739	0.0007708912755
321740	0.001943401319
321741	0.0001948201051
321742	0.001089675791
321743	0.0001356303077
321744	0.000224041815
321745	0.0002027643496
321746	0.001321244623
321747	0.0005932414511
321748	0.000357265731
321749	0.001883006684
321750	0.0007609829877
321751	6.114223795e-05
321752	0.003443358052
321753	0.0005794820329
321754	0.00131019383
321755	0.00117182472
321756	0.0006295736501
321757	0.00190249197
321758	0.0001030415151
321759	0.001377800475
321760	0.001063181644
321761	0.001767679285
321762	0.0008299294003
321763	0.00158389339
321764	0.0003938695182
321765	0.0003237488032
321766	0.0009887589145
321767	5.277620438e-05
321768	0.0003832698792
321769	0.0002732562035
321770	0.001150107452
321771	0.0004124231159
321772	0.0001019476296
321773	0.001569035841
321774	0.001225280775
321775	0.0007879664481
321776	0.0006425385813
321777	0.001399570322
321778	0.0008771117262
321779	0.001394038901
321780	0.001216987865
321781	0.001178113011
321782	0.0027155694
321783	0.0006168383391
321784	0.003213465123
321785	0.001773661917
321786	0.0005691254915
321787	0.0004292508765
321788	0.001743072082
321789	0.0002434368177
321790	0.001168755171
321791	0.0008913231666
321792	0.0006764936703
321793	9.002821261e-05
321794	0.0007802521772
321795	0.000713665261
321796	0.001539728167
321797	0.0001722683452
321798	0.001469525616
321799	0.0004725699385
321800	0.0005301708831
321801	0.00204388265
321802	0.001183497446
321803	0.001778192338
321804	0.0004688287282
321805	0.001650164141
321806	0.001667796797
321807	0.0002977019867
321808	0.001253275681
321809	0.000870435635
321810	0.000240027844
321811	0.001586601175
321812	0.0003468857039
321813	0.001219987242
321814	0.00125974223
321815	0.002457577046
321816	0.0004869922499
321817	0.0006391403586
321818	0.0004679663391
321819	0.002573282354
321820	0.001239044454
321821	0.002440606371
321822	0.001058758306
321823	0.002470101834
321824	0.001667899501
321825	0.0005281051705
321826	0.001373739517
321827	0.000523546264
321828	0.001993262158
321829	0.002067897998
321830	0.0001858293093
321831	2.775976871e-06
321832	0.001186709383
321833	0.0004315425488
321834	0.002338965961
321835	0.0001391388812
321836	0.0009988387646
321837	0.001071820098
321838	0.0005606920966
321839	0.002000234561
321840	0.002174328278
321841	0.0004037873846
321842	6.07229339e-05
321843	0.002203588184
321844	0.0001565797657
321845	0.0003001762999
321846	0.0002915999499
321847	0.001730464078
321848	0.00191184739
321849	0.0003003404546
321850	0.0009705952679
321851	0.001667899501
321852	0.001567206191
321853	0.001756159143
321854	0.001158073942
321855	0.002224344092
321856	0.001560380181
321857	0.001287969105
321858	0.00195327267
321859	0.0006315922734
321860	2.084565865e-06
321861	0.0009089834772
321862	0.001424959835
321863	0.002176011182
321864	0.0007348341516
321865	0.0009754237898
321866	0.002101369732
321867	0.001267649489
321868	0.002467240596
321869	3.189660969e-05
321870	0.0006345517818
321871	9.747645404e-05
321872	0.003411789662
321873	0.0005638300974
321874	0.0001206928831
321875	0.0007380357317
321876	0.0004033988734
321877	0.0008286533062
321878	0.002314071201
321879	0.0009731448228
321880	0.0002043673363
321881	0.002106436139
321882	0.002038062653
321883	0.0008460697748
321884	0.001584689576
321885	0.001776624733
321886	0.003737522576
321887	0.001220712996
321888	0.0001020583984
321889	0.002075634245
321890	0.0004185524639
321891	0.001670651205
321892	7.058048205e-06
321893	0.0003686654473
321894	0.000732693081
321895	0.002428628121
321896	0.0008426553532
321897	0.0007323562697
321898	0.001014208803
321899	0.001577699375
321900	0.002364949719
321901	0.0004026240572
321902	1.722016849e-05
321903	0.0004178122064
321904	0.001004527918
321905	0.0001698322903
321906	9.938525462e-07
321907	0.0001961055188
321908	0.001367795161
321909	0.0001116149958
321910	0.001659842988
321911	0.000329922723
321912	0.002287187483
321913	0.001565146431
321914	0.002105859567
321915	0.00200140872
321916	0.00201353926
321917	0.0001794388073
321918	0.0006766241671
321919	0.0003689503501
321920	0.0001123729749
321921	0.001871461487
321922	0.00029136196
321923	0.0002171991362
321924	0.001773541772
321925	0.002226952739
321926	0.001448412865
321927	4.28145559e-05
321928	0.002102903315
321929	0.0008984453742
321930	0.0002366803589
321931	0.0006853259421
321932	0.0001061707462
321933	0.001118621843
321934	0.002236486536
321935	0.001903827127
321936	0.0009677986855
321937	0.001459047929
321938	0.0008419881267
321939	0.001078382987
321940	0.0005812782799
321941	0.002323295642
321942	0.001144405023
321943	0.001695010732
321944	0.001761178095
321945	0.001534736599
321946	0.0009501539724
321947	0.001392652672
321948	0.0005782507367
321949	0.002236324042
321950	0.00213075145
321951	0.001353182037
321952	0.0008725630913
321953	1.908725722e-06
321954	0.001935919472
321955	0.001302902526
321956	0.001508692937
321957	0
321958	3.882621485e-05
321959	0.001018018431
321960	0.003198015675
321961	0.0007064263353
321962	0.003262909772
321963	0.002533476874
321964	0.002460545227
321965	0.00107526391
321966	0.0004739893864
321967	0.001356344976
321968	0.001034416845
321969	0.002436062084
321970	0.002088442455
321971	0.001419458733
321972	0.00155805001
321973	0.0008743056078
321974	0.002890718825
321975	0.0006993953762
321976	0.0004498684752
321977	0.0005629756635
321978	0.000669178568
321979	0.0002548028134
321980	0.002674850295
321981	0.001303362988
321982	0.0005942775343
321983	0.001219540187
321984	0.002547738721
321985	0.001069416842
321986	0.0008204725461
321987	0.002138250266
321988	0.001954336695
321989	0.001094203559
321990	0.001861553949
321991	0.0001777823365
321992	0.001244881158
321993	0.002211893585
321994	0.001573775935
321995	0.0006641802771
321996	0.0002839060051
321997	0.001494131227
321998	9.180582733e-05
321999	0.0005495982137
322000	0.001096594394
322001	0.002122370997
322002	0.001768127623
322003	0.0001806362207
322004	0
322005	0.003421247622
322006	0.0008195124262
322007	0.00103472287
322008	0.001055378538
322009	0.0002797824098
322010	0.0005673387635
322011	0.001805392752
322012	0.0007010841257
322013	6.862193949e-05
322014	0.001668619721
322015	3.694806309e-06
322016	0.00233806674
322017	0.0008608588427
322018	0.001416619803
322019	0.0004112528135
322020	0.0004740271801
322021	0.0006480159493
322022	3.1179468e-05
322023	0.001847809941
322024	0.002262743122
322025	0.0008630929294
322026	0.00165038106
322027	0.001209964846
322028	0.001470589665
322029	0.002974215227
322030	0.001017029995
322031	9.498710354e-05
322032	0.002525805438
322033	4.821786133e-06
322034	0.0001472020788
322035	0.000225690003
322036	0.001846846537
322037	0.0005106159903
322038	0.001877587171
322039	0.0002145915406
322040	0.001070126721
322041	0.001150175741
322042	0.0005543897407
322043	0.001762703257
322044	0.0006895063614
322045	0.001498778588
322046	0.0004680657498
322047	0.001268994725
322048	0.001511946829
322049	0.0004106362456
322050	0.001409437959
322051	0.0004811836865
322052	0.003308488058
322053	0.003486206706
322054	0.0001950202584
322055	0.00175928836
322056	0.0009918198666
322057	0.0005006906103
322058	0.0001782262504
322059	0.0003175869407
322060	0.003847969191
322061	0.00203106304
322062	0.001062727787
322063	0.000747039895
322064	0.001740079144
322065	0.003826055005
322066	0.004058556601
322067	0.003280746838
322068	0.0006256458678
322069	0.002686789091
322070	0.003092966547
322071	0.002784794686
322072	0.0002294599277
322073	0.0004681883071
322074	0.002486929681
322075	0
322076	0.003381693368
322077	0.0001621723547
322078	0.0004984367415
322079	0.0003596399259
322080	0.0001057632797
322081	0.0001916350259
322082	0.0004782829796
322083	0
322084	0.0005016608229
322085	0.0007528340966
322086	0.0001781140599
322087	0.002561873792
322088	0.002362986584
322089	0.002066092778
322090	0.002033825421
322091	0.002975319753
322092	0.002396273364
322093	0.002101748005
322094	0.0007098309127
322095	0.00170006017
322096	0.0004815090067
322097	0.001439000339
322098	0.0006393417972
322099	0.002011449245
322100	0.002177976241
322101	0.002601674214
322102	0.002448270365
322103	0.0001887479919
322104	0.0003220888668
322105	0.00212980549
322106	0.002678464803
322107	0.0008671068771
322108	0.004556722995
322109	0.003140243507
322110	0.001786970272
322111	0.0009185712615
322112	0.002008709628
322113	0.002435035074
322114	0.0009337950589
322115	0.0004604004427
322116	0.002666454874
322117	0.001045172578
322118	0.002944675631
322119	0.001570552912
322120	9.187961189e-05
322121	0.0008211326305
322122	0.0005753051464
322123	0.001869966711
322124	0.0009784324103
322125	0.00115690303
322126	0.002142661755
322127	0.002015399114
322128	0.0002967159387
322129	0.0008937030559
322130	0.002666127943
322131	0.002086238854
322132	0.0002390607932
322133	0.003141640984
322134	5.363560782e-05
322135	0.0003394316963
322136	0.001078944325
322137	0.002181546371
322138	0.001031455297
322139	0.003707153309
322140	0.002181164707
322141	0.001107584194
322142	0.001130083681
322143	0.002346327406
322144	0.0004980352749
322145	0.002730635443
322146	0.0003901202427
322147	0.00188321513
322148	0.003181230801
322149	0.000186775608
322150	0.00308010222
322151	0.00242203523
322152	0.002079580213
322153	0.002378183498
322154	0.001900329342
322155	0.002439393455
322156	0.003673763291
322157	0.0002399369632
322158	0.0008810872416
322159	0.001075868579
322160	0.002853081115
322161	0.0001668318076
322162	0.001661840609
322163	0.0002290506905
322164	0.003755701251
322165	0.002041258758
322166	0.001882038181
322167	0.00170537297
322168	0.001819537478
322169	0.001212441184
322170	0.003990372469
322171	0.002137868385
322172	0.003849084952
322173	0.0004664308772
322174	0.00208165718
322175	0.001957687108
322176	0.004507486655
322177	0.0004954846467
322178	0.003560333847
322179	0.001209447997
322180	0.001995509377
322181	0.002598544048
322182	0.002687539721
322183	0.0005099677466
322184	0.001220530937
322185	0.002394553889
322186	0.0002883517249
322187	9.488061773e-05
322188	0.004411526717
322189	0.001329496325
322190	0.00048890524
322191	0.00331933951
322192	0.002552401232
322193	0.002975461292
322194	0.002114801193
322195	0.0004357009118
322196	0.002992458767
322197	0.0009703094503
322198	4.504004134e-05
322199	9.356727057e-05
322200	0.00224195744
322201	0.001328620129
322202	0.0003396191714
322203	0.0001873844678
322204	0.00086803886
322205	0.003220097302
322206	0.0003680519751
322207	0.002225600933
322208	0.003098032957
322209	0.001342126134
322210	0.001188240914
322211	0.001141216833
322212	0.002631542251
322213	0.002081295209
322214	0.001290784181
322215	0.0002264010474
322216	0.001754026139
322217	0.0006635249277
322218	0.0003332120849
322219	0.001399702874
322220	0.002840998876
322221	0.002218319411
322222	0.006256638279
322223	0.001116895931
322224	0.0004878403002
322225	0.003989118062
322226	0.001510104605
322227	0.0001323543323
322228	0.003558969389
322229	0.0002260273113
322230	0.0005454364131
322231	0.001320150758
322232	0.00215001016
322233	0.001638104994
322234	0.0002861006866
322235	0.002701429477
322236	0.001708697791
322237	0.001742157539
322238	0.003665684639
322239	0.002368817142
322240	0.001922132633
322241	0.002982009969
322242	0.001186407274
322243	0.002701844802
322244	0.003619168005
322245	0.000106244103
322246	0.00181454882
322247	0.002859344822
322248	0.003093013573
322249	0.002903664419
322250	0.0009260875717
322251	0.0006718671303
322252	0.001309963961
322253	0.002177993247
322254	0.0005005387112
322255	0.002082793751
322256	0.002728138041
322257	0.0002468025588
322258	0.0009845999387
322259	0.0008363041764
322260	0.0005895245904
322261	0.003201733691
322262	0.0001517183811
322263	0.00113026204
322264	0.003773671796
322265	0.003264073202
322266	0.003113448549
322267	0.002397695044
322268	0.004160353674
322269	0.0012855919
322270	0
322271	0.003158420865
322272	0.002140027109
322273	0.0003457218325
322274	0.001792940624
322275	0.002776404211
322276	0.003283179002
322277	0.002055765238
322278	0.002589155101
322279	0.0007900776218
322280	0.002143275318
322281	0.001489267882
322282	8.523479145e-05
322283	0.002697685887
322284	0.0003182770341
322285	0.002955303518
322286	0.001136466714
322287	0.002321108618
322288	0.001568309685
322289	0.003108147745
322290	0.003627381261
322291	0.002038562902
322292	0.0008838740194
322293	0.002413384151
322294	0.003796547124
322295	0.0007234824446
322296	0.00463506326
322297	0.0008600814964
322298	0.0008532451016
322299	0.002977179873
322300	0.0006884897692
322301	6.567258025e-05
322302	0.003205328576
322303	0.000725329985
322304	0.001050114236
322305	0.001401437231
322306	0.0005747210855
322307	0.0009140969277
322308	0.0005792986504
322309	0.001205558042
322310	0.0009825561374
322311	0.0004750674228
322312	0.001536505073
322313	0.001707359754
322314	0.0009819835127
322315	0.0005156421093
322316	0.0009600189657
322317	0.0008347304414
322318	0.0002770368063
322319	0.002848460333
322320	0.001820730667
322321	0.003086100572
322322	0.001471234954
322323	0.0005891823561
322324	0.001263715928
322325	0.0009705016377
322326	0.003788105808
322327	0.003262292737
322328	0.003623661212
322329	0.002821927015
322330	0.00148282689
322331	0.002359318127
322332	0.00282083657
322333	0.001471470848
322334	5.798669637e-05
322335	3.295539164e-05
322336	0.0005882763696
322337	0.002082945916
322338	0.000567589715
322339	0.0002423589914
322340	0.002605592076
322341	0.002986784623
322342	0.001392037969
322343	0.002147794153
322344	0.002462146323
322345	0.002275429349
322346	0.0002160078863
322347	0.001087255683
322348	0.0009009646578
322349	0.0004787556884
322350	0.001527576207
322351	0.001255206343
322352	0.0004485852671
322353	0.0009298104526
322354	0.0007438564276
322355	0.003807894525
322356	0.0004941023731
322357	0.0004362686348
322358	0.001054574899
322359	0.001456846168
322360	0.003176375924
322361	0.001182139773
322362	0.001246758993
322363	0.0001428724193
322364	0.003546964017
322365	0.002594596897
322366	0.0008183916898
322367	0.0004950872682
322368	0.002674309279
322369	0.0018729739
322370	8.751232094e-05
322371	0.0002785536201
322372	0.003378989884
322373	0.002820837709
322374	0.001157703048
322375	0.002965911837
322376	0.0004418155181
322377	0.001509862506
322378	0.001248509846
322379	0.002441908307
322380	0.002980958364
322381	8.305267145e-05
322382	0.0004297309173
322383	0.002627221096
322384	0.0004904979957
322385	0.001227145697
322386	0.001620531711
322387	0.000454438299
322388	0.001155408356
322389	0.003093187641
322390	0.001711369352
322391	0.00413766281
322392	0.0008187892194
322393	0.00249194877
322394	0.0003002932171
322395	0.00218820581
322396	0.00151787802
322397	0.00192453408
322398	0.001493714737
322399	0.0004727324661
322400	0.0007657001953
322401	0.0005651392377
322402	0.001331492877
322403	0.001326832649
322404	0.0005743999759
322405	0.001740684002
322406	0.003859443823
322407	0.0007342208295
322408	0.001120822111
322409	0.0002108982543
322410	0.0016598071
322411	0.0003851714623
322412	0.0004072586003
322413	0.001174232461
322414	6.11271554e-05
322415	0.002495440856
322416	0.002393429892
322417	0.001023618455
322418	0.0003853500258
322419	0.002332984044
322420	0.002580940066
322421	0.000977893972
322422	0.006151444739
322423	0.003056181546
322424	0.0023724016
322425	0.001652300823
322426	0.003679989214
322427	0.000214819687
322428	0.001532290507
322429	0.0009818803992
322430	0.002162090773
322431	0.001461423038
322432	0.0007003424533
322433	0.003472119184
322434	0.001498711312
322435	0.0004170670613
322436	0.00241894425
322437	0.002098189984
322438	0.002138180283
322439	0.003032612661
322440	0.003783758211
322441	0.003381752805
322442	0.0009735754637
322443	0.002408612815
322444	0.0002323315306
322445	0.002768263676
322446	0.0008890754954
322447	0.004027781628
322448	0.00108851503
322449	0.001714135813
322450	0.001115197686
322451	0.0009098708966
322452	0.001024939788
322453	0.0001533236915
322454	0.003845768475
322455	0.001227914843
322456	0.001835668856
322457	0.0003687718246
322458	0.002518876758
322459	0.002647637342
322460	9.585792588e-05
322461	0.002191928155
322462	0.0001192760935
322463	0
322464	0.001897417279
322465	0.0009937558455
322466	0.003632608984
322467	0.00327723845
322468	0.001084835435
322469	0.002886081473
322470	0.002849865342
322471	0.002360623645
322472	0.0003141406182
322473	0.002501476166
322474	0.002919094978
322475	0.0004808636221
322476	0.0006689515466
322477	0.003098542346
322478	0.003887528205
322479	0.0009908421791
322480	0.003372788804
322481	0.002457613397
322482	0.004336929366
322483	0.004642457471
322484	0.0009198490277
322485	0.003782818528
322486	0.0001608247295
322487	0.002558063054
322488	0.003296048641
322489	0.003185262711
322490	0.0013158171
322491	0.001106244326
322492	0.001350375134
322493	0.0002727204774
322494	0.004058206817
322495	0.0001232500113
322496	0.0009595007516
322497	0.002784410901
322498	0.0002130853611
322499	0.001512534126
322500	0.002762869522
322501	0.001096928715
322502	0.000201879486
322503	0.0006311341641
322504	0.001529064552
322505	0.0005897360388
322506	0.0004483234026
322507	0.003560618079
322508	0.002977214165
322509	0.003396543016
322510	7.287265438e-05
322511	0.001222925738
322512	0.003035897214
322513	0.002186107099
322514	9.325240113e-05
322515	0.0003052021233
322516	0.0001251323327
322517	0.0001628611696
322518	0.003316765373
322519	0.00270612661
322520	0.0009778900525
322521	0.0003612612774
322522	0.002100136978
322523	0.002757353601
322524	0.0005197313661
322525	0.0007746913196
322526	0.002630109791
322527	0.0006778930011
322528	0.0001260592819
322529	0.00165496825
322530	0.001454569833
322531	0.0001105091083
322532	0.00273784995
322533	0.0001272903801
322534	0.0001601285599
322535	0.002927664216
322536	0.002575888454
322537	0.002537207582
322538	0.0006016816775
322539	0.0009033544442
322540	0.003198486646
322541	0.001327062803
322542	9.174786561e-06
322543	0.002474744219
322544	0.002316653299
322545	0.0002813905727
322546	0.0003593807857
322547	0.002599647567
322548	0.002259583234
322549	0.001852050336
322550	0.002415128902
322551	0.001986721727
322552	0.004198318966
322553	0.002687539721
322554	0.0007070344859
322555	0.001007026945
322556	0.003263812246
322557	0.00219176875
322558	0.0001335944328
322559	0.0009489470047
322560	0.002035023724
322561	0.003925039986
322562	0.007112776119
322563	1.270144968e-05
322564	0.00219610513
322565	0.002130393973
322566	0.002785258249
322567	0.0009053041496
322568	0.0009300535223
322569	0.00179162541
322570	0.0004683332831
322571	0.003228802498
322572	0.004322996964
322573	8.017634786e-05
322574	0.001079885289
322575	0.002341098794
322576	0.001379467739
322577	1.403449679e-08
322578	0.0008770770672
322579	0.0008124204941
322580	0.0004663886384
322581	0.001908787658
322582	0.003626993728
322583	0.004118833897
322584	0.000347068964
322585	5.212023776e-05
322586	0.001140514232
322587	0.0005975409782
322588	0.001147143152
322589	0.001562141917
322590	0.0002962943987
322591	0.0001738574996
322592	0.0001436670131
322593	0.002111931812
322594	0.0003751038307
322595	0.0004586824862
322596	0.00123394304
322597	0.001397472351
322598	6.342657353e-05
322599	0.0006202815274
322600	0.001535267399
322601	0.0004917435069
322602	0.0001053496198
322603	0.001358692424
322604	0.0006073808708
322605	0.0006094990587
322606	0.001581122217
322607	0.0005609278047
322608	0.0001220761082
322609	0.000751441965
322610	0.0006033345704
322611	0.0003402362578
322612	0.001399341566
322613	0.0001835395779
322614	0.0008008384369
322615	0.001325633525
322616	0.0003964430994
322617	0.001287315443
322618	0.0006842080307
322619	0.001328248507
322620	0.0008088868109
322621	0.002026112983
322622	0.0002319157837
322623	0.001121307916
322624	0.000161419506
322625	0.001197434343
322626	0.00131855557
322627	0.0009693175608
322628	0.0009999485746
322629	0.0009979055327
322630	1.01690863e-05
322631	0.0003304413412
322632	0.0004941091946
322633	0.001013350565
322634	0.001171296773
322635	0.001334011175
322636	5.371906384e-05
322637	2.763816874e-05
322638	0.000813184685
322639	0.002585771484
322640	0.0007838342919
322641	0.0001349840649
322642	0.0008915924647
322643	0.001119964491
322644	0.000767482437
322645	0.0002957529775
322646	0.000525645494
322647	0.001263734461
322648	0.0006121903987
322649	0.0004878051866
322650	0.002219749623
322651	0.0007131020324
322652	0.001077838249
322653	5.424863045e-05
322654	0.001309488213
322655	0.0005723242816
322656	0.001029349043
322657	0.0003053329804
322658	7.031607469e-05
322659	0.0003562497534
322660	0.001745689231
322661	0.001378406917
322662	2.230895085e-05
322663	0.0008188242947
322664	0.001640780175
322665	0.0004046142363
322666	0.001379653771
322667	0.001054519163
322668	0.0002144893437
322669	0.0002158475338
322670	0.001307391755
322671	0.001161637105
322672	0.001011135876
322673	0.001917841379
322674	0.001777838329
322675	0.001127264996
322676	0.001686624924
322677	0.0002176955199
322678	0.001736258181
322679	1.291843556e-05
322680	0.0007256188455
322681	0.0006367551926
322682	0.00125359004
322683	0.002081107723
322684	0.0006013631269
322685	0.001134684517
322686	0.0002837814178
322687	1.490145859e-05
322688	0.0002650170131
322689	0.0004722385172
322690	0.0008995718688
322691	0.001117982239
322692	0.001135311954
322693	0.001313801403
322694	0.0008035521318
322695	0.0003571230096
322696	0.0004049804478
322697	0.001519614259
322698	0.0003521693996
322699	0.0004068870388
322700	0.001982856729
322701	0.0002083860736
322702	0.0008019567196
322703	0.0003798744925
322704	0.0002615195376
322705	0.0009403253886
322706	0.0009462472659
322707	0.001011756224
322708	0.001231187667
322709	0.0006508137219
322710	0.001769057075
322711	6.07640023e-05
322712	0.000719320065
322713	0.0008837202104
322714	0.0009994283103
322715	0.001046685713
322716	0.001762844027
322717	0.001025666869
322718	0.0004422256386
322719	0.0001033953721
322720	1.738964309e-05
322721	0.0007039940859
322722	0.0003901414639
322723	0.0003546670906
322724	0.001503773658
322725	0.001702263549
322726	0.0004611416026
322727	0.0004819148644
322728	0.0008541504237
322729	0.0005801845817
322730	0.001027803703
322731	0.0007663987
322732	0.001447584307
322733	0.001226955593
322734	0.001269406762
322735	2.043222414e-05
322736	1.213017853e-06
322737	0.0001140928661
322738	0.0002997196648
322739	0.001407048847
322740	0.0007735389313
322741	0.0001076926412
322742	0.0004396855466
322743	0.0007370861844
322744	0.0003130709109
322745	0.0006019376413
322746	0.0002585814894
322747	0.0004608472301
322748	0.0008312462854
322749	0.001883467398
322750	0.0001212581445
322751	0.0001444477465
322752	0.0009196785463
322753	0.0006937360174
322754	0.0001205178278
322755	0.0002922948842
322756	0.001184588385
322757	0.001402192505
322758	0.0009341171351
322759	0.0006252285126
322760	0.001558474636
322761	0.0009579049613
322762	0.001144846935
322763	0.001194094561
322764	0.0006710377913
322765	0.001022551792
322766	0.000804571557
322767	0.0001853790225
322768	0.0008796383024
322769	0.0002868175266
322770	0.0008302422452
322771	0.000522610479
322772	0.001588025851
322773	0.001028918638
322774	0.001074585609
322775	0.001206209886
322776	0.001399671372
322777	0.0009350712743
322778	0.001514554981
322779	0.0004899570652
322780	0.001068021056
322781	0.000479530048
322782	4.600296459e-05
322783	0.0002544707233
322784	0.0004456185754
322785	0.001112852568
322786	0.001013189032
322787	0.0001975329943
322788	0.0008520518695
322789	0.0002000908587
322790	0.0009336865347
322791	5.972902577e-05
322792	0.0003072339014
322793	0.0002990441477
322794	0.002808811705
322795	0.0004224198085
322796	0.0004641467321
322797	0.001700975859
322798	0.0009096698247
322799	0.0005363864688
322800	0.0001121877488
322801	0.0005024499072
322802	0.00060657405
322803	0.0009527714895
322804	0.000662357148
322805	6.047087275e-05
322806	0.0007243956089
322807	0.00112193067
322808	9.313888481e-05
322809	0.0005525371438
322810	0.0005454279775
322811	0.0004736725289
322812	0.001189359642
322813	0.0004505980209
322814	0.001020513635
322815	0.001252518895
322816	0.0001911234739
322817	0.0005793643347
322818	0.0006536667197
322819	0.002680910836
322820	0.0008740818907
322821	0.0004456101449
322822	0.0006269307833
322823	0.001356418795
322824	0.0002776562409
322825	1.817472523e-06
322826	9.682785247e-05
322827	0.001673800605
322828	0.0009273991906
322829	0.0005968508293
322830	0.001130436432
322831	0.001233634026
322832	0.0001179258763
322833	0.0005697145543
322834	0.0008550895401
322835	0.0004202629252
322836	0.0008440533033
322837	0.0002851963658
322838	0.0006404954577
322839	0.0005251457828
322840	1.617803363e-06
322841	0.000710221669
322842	0.0003084682909
322843	0.000656169711
322844	4.93200958e-05
322845	0.000357458545
322846	0.001005967454
322847	0.0005010040971
322848	0.000596722619
322849	0.0003186519974
322850	0.000448392537
322851	0.0002027502254
322852	0.001466280576
322853	0.0008897751263
322854	0.0009516890351
322855	0.000132329604
322856	0.001120211485
322857	0.001312381462
322858	0.001047554553
322859	0.0003371398099
322860	0.001533700592
322861	0.0004064638469
322862	0.0007946542423
322863	0.001106461126
322864	0.0007315024444
322865	0.0004525054288
322866	0.001222512149
322867	0.001232866834
322868	0.0006183843179
322869	0.001057290779
322870	0.002020485059
322871	0.001077278145
322872	7.846016834e-05
322873	0.001411344929
322874	0.0007275930455
322875	0.001322161746
322876	0.0005702647827
322877	0.001046280847
322878	0.0007615403635
322879	4.366024831e-05
322880	0.0004213824797
322881	0.0005033144655
322882	0.002496175666
322883	9.500469545e-05
322884	0.0004375263594
322885	3.598964169e-05
322886	0.000184149694
322887	0.001498596861
322888	9.601492391e-05
322889	0.000704174819
322890	8.823516735e-05
322891	0.001757435162
322892	0.001166749112
322893	0.0002677083373
322894	0.001563429705
322895	0.0007558634115
322896	0.0003763812242
322897	0.001767426238
322898	0.0005223412582
322899	8.93071123e-06
322900	0.0008975707577
322901	0.001023400134
322902	0.001102457667
322903	0.001482204202
322904	0.0007696032188
322905	0.0003904990622
322906	6.827807022e-05
322907	0.0004254846696
322908	0.0002459697666
322909	0.001569832948
322910	0.0001092163071
322911	0.001228625705
322912	0.0002638008807
322913	0.0004122641878
322914	0.0008165082135
322915	0.00113417535
322916	0.0008400785303
322917	0.00214729901
322918	0.001671767259
322919	0.001339995329
322920	3.652268625e-05
322921	0.001864253351
322922	0.0003013862393
322923	0.0004372128592
322924	0.0009267080961
322925	0.002840405478
322926	0.0006484496122
322927	0.0008410235589
322928	0.0005009433798
322929	0.0001867277994
322930	0.0007038592339
322931	0.0007078751753
322932	0.0005080819739
322933	0.0001723754433
322934	0.001570437946
322935	0.001697857324
322936	0.001139588074
322937	0.000472621448
322938	0.001220623892
322939	0.0005808905797
322940	0.0003731940852
322941	0.001225481965
322942	0.00122581672
322943	1.49199872e-05
322944	0.001502900075
322945	0.0008236378228
322946	0.0003986554677
322947	0.0005712020953
322948	0.001055479938
322949	0.0005273541434
322950	0.0005520263755
322951	0.002167540148
322952	0.001917688499
322953	0.0006344913556
322954	0.001233903131
322955	0.0007977603307
322956	0.0007428054439
322957	0.001466359207
322958	0.0004269485191
322959	0.0008009785708
322960	0.0002028185316
322961	0.0002054988599
322962	0.0006920600209
322963	0.001366803717
322964	0.001404263324
322965	0.000830486017
322966	0.0005693397818
322967	1.166613771e-07
322968	0.0004077733202
322969	0.001636908972
322970	0.0002249156317
322971	0.001013367192
322972	0.001132793313
322973	0.0007092819529
322974	0.001017718428
322975	0.001431178691
322976	0.001600263247
322977	0.001489944561
322978	0.002014250014
322979	0.0002498211134
322980	0.00083462924
322981	0.0003270074442
322982	0.001499101741
322983	0.00083911663
322984	0.0005852979968
322985	0.0004796321954
322986	0.0008715732461
322987	0.0005309223161
322988	0.000637184543
322989	0.0003113160913
322990	0.0005936341788
322991	0.0003905301787
322992	0.00214249564
322993	0.000961791469
322994	0.001246971945
322995	0.0001077384688
322996	0.0003744191358
322997	0.0005545374222
322998	0.0003254556733
322999	0.0009628001057
323000	0.0005961844723
323001	2.297515328e-05
323002	0.0008674645809
323003	0.001807045774
323004	0.0009372344845
323005	0.000328547661
323006	5.875419494e-05
323007	0.0004151249047
323008	0.001248935781
323009	0.001239175584
323010	0.0006217855205
323011	0.000326535676
323012	0.0006625123888
323013	1.047332046e-07
323014	0.0002806963724
323015	0.001047107274
323016	0.002107619552
323017	0.0001323429816
323018	7.745062161e-05
323019	0.00101360294
323020	0.001483814088
323021	0.001004873849
323022	0.001429541253
323023	0.0004503922331
323024	0.0008919975148
323025	0.002044760594
323026	0.002308099598
323027	0.0009206166847
323028	0.001028535501
323029	0.0005448985958
323030	0.0001562363638
323031	0.001552556392
323032	0.0003535523927
323033	0.0006900013344
323034	0.00138478884
323035	0.0008116593663
323036	0.001659811181
323037	0.0001289824611
323038	0.0001826669458
323039	4.188283713e-05
323040	0.0009904874464
323041	0.001640562256
323042	0.0002960124163
323043	0.0003744131872
323044	0.0003854887261
323045	5.69342098e-06
323046	0.0005236538715
323047	0.001568840056
323048	0.001315079225
323049	0.0005551724425
323050	0.0002417323265
323051	0.00134213291
323052	0.0002523123353
323053	0.001238919603
323054	0.0002233124462
323055	0.0009060546407
323056	0.0007756560018
323057	0.0007090078571
323058	0.0004420531584
323059	0.001300188498
323060	0.0004365493567
323061	0.002363868968
323062	8.782872878e-05
323063	0.0005146893885
323064	0.002848031037
323065	1.825777818e-05
323066	7.125083733e-06
323067	0.0003027281308
323068	0.0002380865409
323069	0.0004667972416
323070	6.507897187e-05
323071	0.0006300594926
323072	1.668890698e-05
323073	0.0006998155811
323074	0.0003720121623
323075	0.00162946927
323076	0.0003244526962
323077	0.000912729553
323078	0.0003077726495
323079	0.001028942841
323080	0.0005760588746
323081	0.0001186694777
323082	0.001817941132
323083	0.0009456800984
323084	0.0001164912448
323085	0.0007940615031
323086	0.001020208271
323087	0.001345417035
323088	0.001673614402
323089	0.0008482562528
323090	0.001232079518
323091	7.293390165e-05
323092	0.001516956717
323093	8.48038639e-05
323094	0.0007715835297
323095	0.0003273743463
323096	0.0007299657699
323097	0.003573301551
323098	0.0005226533944
323099	0.001230397127
323100	0.001327226727
323101	0.001399805545
323102	0.0008968872468
323103	0.001335373434
323104	6.156692936e-05
323105	0.000206089456
323106	0.001650672075
323107	0.0005508077155
323108	0.001527877077
323109	6.024302784e-05
323110	0.0015288442
323111	3.609194762e-05
323112	0.001670790641
323113	0.001017202131
323114	0.000591985335
323115	0.0002493422722
323116	7.694642612e-05
323117	0.0005590864507
323118	0.000583524292
323119	0.001413993815
323120	0.001148569808
323121	0.0006931742086
323122	0.001650945276
323123	0.001318764604
323124	0.001240458557
323125	0.0009437826975
323126	1.909282046e-05
323127	0.0006220032308
323128	0.0004403700382
323129	0.001852257645
323130	0.001917283118
323131	0.0006403861482
323132	0.001794265856
323133	0.001640282396
323134	0.0003400500022
323135	3.371037185e-05
323136	0.0003806686284
323137	0.0003136148721
323138	4.198178793e-05
323139	0.0003779661761
323140	0.001904630394
323141	0.000199846616
323142	0.0004485897657
323143	0.0005925846244
323144	0.001630986743
323145	0.002137870052
323146	0.0005678608473
323147	0.001754669118
323148	0.0009317505692
323149	0.001156671978
323150	0.000520420951
323151	0.0001308948666
323152	0.0006967089816
323153	2.324021337e-05
323154	0.002129000031
323155	0.0008382128257
323156	0.001332582068
323157	0.001414190429
323158	0.0004929051
323159	0.001121092214
323160	0.0007572131281
323161	0.002061003543
323162	5.94350074e-05
323163	0.0009478208227
323164	0.0008384619159
323165	0.005363081714
323166	0.002461574916
323167	0.0009134895167
323168	0.001907622393
323169	0.000334885991
323170	0.0005196614415
323171	0.0006662252573
323172	0.003204908878
323173	0.001318567234
323174	0.002397017
323175	0.0004003603316
323176	1.781141193e-05
323177	0.001636337447
323178	0.0008213806182
323179	0.00138499608
323180	0.002043324737
323181	0.00181996186
323182	0.0009602498147
323183	0.00124223716
323184	7.102211556e-05
323185	0.0005667003389
323186	0.001014703685
323187	0.0005485482741
323188	0.0020296399
323189	0.001066142691
323190	0.001503364715
323191	0.0001286725838
323192	0.002231907373
323193	0.001020349105
323194	0.0009272925918
323195	0.000469687128
323196	0.001013729408
323197	0.0003064875087
323198	0.001600754194
323199	0.0007018822615
323200	0.0006877251644
323201	0.0007738461004
323202	0.0002948759772
323203	0.001484012007
323204	0.0002809680887
323205	0.0007299380208
323206	0.002249286964
323207	0.001103661438
323208	0.0002487773635
323209	0.0003512865966
323210	0.001738677545
323211	0.0007150075374
323212	0.0008091337653
323213	0.0003070989801
323214	0.001115744722
323215	0.001445440992
323216	0.003025865821
323217	0.003285164286
323218	0.0009393957024
323219	0.001395609446
323220	0.0007917655268
323221	0.0008633867953
323222	0.0003926891781
323223	0.005280793615
323224	0.000491839175
323225	0.001976161507
323226	4.68262153e-05
323227	0.0002457972645
323228	0.001081924809
323229	0.0001955971095
323230	1.609661626e-05
323231	0.0004760159753
323232	0.0002750275011
323233	0.003435766994
323234	0.0009215354982
323235	7.374581574e-05
323236	0.000185014911
323237	0.0004278458119
323238	0.0004220223656
323239	0.002134457876
323240	0.0001685669081
323241	0.0005342663856
323242	0.0003708012151
323243	0.0005527010075
323244	0.0001301188769
323245	0.001501312418
323246	0.0007037967151
323247	0.002723026955
323248	0.0007819941878
323249	0.001785292225
323250	0.0009436883921
323251	0.0002395630672
323252	0.001208325563
323253	0.002580822968
323254	0.0004744897497
323255	0.004857055779
323256	0.00200517438
323257	0.0004196659342
323258	0.000806752009
323259	5.699688005e-06
323260	0.001162911842
323261	0.002470333187
323262	0.001090543844
323263	0.0006739811645
323264	0.0007324612669
323265	0.0006482474352
323266	0.002897919114
323267	0.0001684939273
323268	0.0009500223913
323269	0.001287248954
323270	0.004050310245
323271	0.002759419072
323272	0.0009955624328
323273	0.0007610500997
323274	0.000924212754
323275	0.0006959283901
323276	0.001038300183
323277	7.50330462e-05
323278	0.0004685836053
323279	0.0005134691276
323280	0.001361642206
323281	0.001377302923
323282	0.001215864988
323283	0.0002782065764
323284	0.000359789075
323285	0.00011797201
323286	0.0014543961
323287	0.003552669978
323288	0.001185617657
323289	0.0004370322303
323290	0.002612729036
323291	0.002469327858
323292	0.003469132476
323293	0.0001287530065
323294	0.001193191537
323295	0.001501553669
323296	5.155342338e-05
323297	0.0002314018195
323298	0.0002961264631
323299	0.0009862864784
323300	0.001650977867
323301	0.001757756281
323302	0.0001915264069
323303	0.0005573599761
323304	0.0008897909427
323305	0.00263201818
323306	0.002200027716
323307	0.003169477821
323308	0.0005816326768
323309	0.0006112459858
323310	0.0007008074548
323311	1.804786104e-05
323312	0.001086155672
323313	0.002874890785
323314	0.0003602812448
323315	7.926459852e-06
323316	0.001747750555
323317	0.0007391260315
323318	0.0003362229747
323319	0.0009247073086
323320	0.0003376987579
323321	0.003040119845
323322	0.0001326671876
323323	0.0009325209361
323324	0.0001997475147
323325	0.001752851955
323326	0.001031000806
323327	0.001075785789
323328	0.0001491134232
323329	0.0008717419379
323330	0.003852219272
323331	0.0005643846881
323332	0.001413055934
323333	0.001229787238
323334	0.001538412155
323335	0.0004772053534
323336	0.0009912264424
323337	0.0003231565838
323338	0.00134562348
323339	9.862669511e-05
323340	0.001259423065
323341	0.001675819865
323342	0.001417336971
323343	0.0007946683184
323344	0.001313356526
323345	0.0026060523
323346	0.00212700588
323347	0.0002660979224
323348	0.000799088727
323349	0.001650539927
323350	0.001129067317
323351	0.0007847506682
323352	0.0001305990061
323353	0.0005628309839
323354	0.001770457739
323355	0.001651603666
323356	0.003819588534
323357	0.0008743113425
323358	0.001944798119
323359	0.0005838305515
323360	0.000231037107
323361	0.0003384914112
323362	0.0004568545097
323363	0.0002689610465
323364	0.0001351300922
323365	0.0007727879642
323366	0.001118899158
323367	0.002104431292
323368	0.002604421664
323369	0.0008965669902
323370	0.001312304848
323371	0.0001635687721
323372	0.0005906927518
323373	0.00011476652
323374	0.003024301103
323375	0.001753118583
323376	0.002323155957
323377	0.0004190724001
323378	0.001223461985
323379	0.001775307112
323380	0.001725539941
323381	0.0007092988535
323382	9.074410744e-05
323383	0.0007851700931
323384	0.0003870442685
323385	0.0004391993898
323386	0.0008000942283
323387	0.004084559546
323388	0.001367948193
323389	0.001653795291
323390	0.0001844874846
323391	0.0005193821542
323392	0.0006033970989
323393	0.000697947311
323394	0.001828285157
323395	0.003174520967
323396	0.0007277588978
323397	0.0003403695532
323398	0.002215844386
323399	0.0002859628682
323400	0.001003662137
323401	0.001486374079
323402	0.001012697897
323403	0.0001623915109
323404	0.001555287196
323405	0.0002074131732
323406	0.001033268132
323407	0.001202555602
323408	0.001230149783
323409	0.0003169007838
323410	0.001918573543
323411	0.002498296574
323412	0.002372679558
323413	0.0008173750374
323414	0.0002503648148
323415	0.0006350504952
323416	0.0002583690084
323417	0.0008963770409
323418	0.0004168567926
323419	0.0009028751478
323420	0.002366618762
323421	0.00196124131
323422	0.002440613843
323423	0.002592877326
323424	0.0003039380686
323425	0.001809890747
323426	0.0001219696474
323427	7.433008212e-05
323428	0.000426006042
323429	0.001516648726
323430	0.0007595808878
323431	0.0004352257412
323432	7.15126629e-05
323433	0.001267591407
323434	0.0005619070902
323435	0.002397741883
323436	0.001409569865
323437	0.0004518504832
323438	0.001343937904
323439	0.0007871967317
323440	0.00190030945
323441	0.0003124159047
323442	0.001581237419
323443	0.00130752746
323444	0.0007750389812
323445	0.0001303356014
323446	0.001541138344
323447	0.001897559273
323448	0.001068610611
323449	0.002847179998
323450	0.0009628646708
323451	0.002057444673
323452	0.0006927687894
323453	0.00190867455
323454	0.0005105065347
323455	0.003197432267
323456	0.001387879894
323457	0.001349524808
323458	0.002008290571
323459	0.002061738317
323460	0.002071350953
323461	0.0005919563581
323462	0.001762017091
323463	0.0009293140637
323464	0.0004998011362
323465	0.001192202912
323466	0.003435234271
323467	0.0007061033966
323468	0.002991815504
323469	0.002160078568
323470	0.001068029395
323471	0.001926476216
323472	0.0001918412477
323473	0.0008774635818
323474	0.0008252821131
323475	0.003682436559
323476	0.001104130189
323477	0.0002664157404
323478	0.0002454015231
323479	0.001150637488
323480	0.001577009934
323481	0.002335071711
323482	0.002001794327
323483	0.0006601503845
323484	0.0009918637314
323485	0.0009822299654
323486	0.0009492040744
323487	0.0004126969419
323488	0.0005971601035
323489	0.0004378934382
323490	0.001051257244
323491	0.001216381401
323492	1.787448779e-05
323493	0.001290425784
323494	0.001046488354
323495	0.001033397368
323496	0.001761390268
323497	0.0009534802649
323498	0.0008415212881
323499	0.0008820794684
323500	0.00217041312
323501	0.001816837486
323502	0.0004904676793
323503	0.002270919252
323504	0.00119920502
323505	0.001196939959
323506	0.0006567639877
323507	0.001621401974
323508	0.0005631833167
323509	0.0029578342
323510	0.000143933953
323511	0.001118785131
323512	0.001065350381
323513	0.001264150132
323514	0.001293658763
323515	0.002515614509
323516	0.002246251833
323517	0.0004269451466
323518	6.374369017e-05
323519	0.0009064472305
323520	0.002118134029
323521	0.001696256453
323522	0.00111325017
323523	0.00121524547
323524	0.001593947958
323525	7.795174208e-05
323526	0.0009893867958
323527	0.0007257084662
323528	0.0005235718034
323529	0.002368488455
323530	0.00016786876
323531	0.001648784946
323532	0.0003882379237
323533	0.0013626551
323534	0.001285887509
323535	0.0004755551677
323536	0.0007718289022
323537	0.0009928210483
323538	0.001919259929
323539	0.001875547845
323540	0.002799347343
323541	0.001029489318
323542	9.891450565e-05
323543	0.001707464703
323544	0.0005584891644
323545	0.001790465617
323546	0.001856062361
323547	0.0002211165964
323548	0.0004053675397
323549	0.001878359769
323550	0.001372218334
323551	0.001737332578
323552	0.000175769989
323553	0.001380508547
323554	0.001913501436
323555	0.0001937063531
323556	0.002260357542
323557	0.00100007168
323558	0.0008697457942
323559	0.001881716728
323560	0.0005769139345
323561	0.002199038361
323562	0.001685784418
323563	0.0003309200577
323564	0.001138578971
323565	0.00131980042
323566	0.001116424646
323567	0.0001591596957
323568	3.116868566e-05
323569	0.0006698177014
323570	0.001971989053
323571	0.001141406077
323572	0.001318289061
323573	0.0003642643019
323574	0.0005123791173
323575	0.00139431951
323576	0.00167702683
323577	0.0002559046393
323578	0.000350897692
323579	0.0002474217373
323580	0.002051269373
323581	0.0008129826164
323582	0.002075139731
323583	0.001102116284
323584	0.002392283948
323585	0.002483636378
323586	6.428234807e-05
323587	6.585858289e-06
323588	0.00178019341
323589	0.003196348696
323590	4.159418474e-05
323591	0.0003925943485
323592	0.000858605837
323593	0.002115409462
323594	0.0008730162649
323595	0.0003605384831
323596	0.001152524989
323597	0.002613008209
323598	0.002734390127
323599	0.0006138180624
323600	0.002963262509
323601	0.001133030134
323602	0.001330405676
323603	0.0005488882838
323604	0.0006247595093
323605	5.307239816e-05
323606	0.000179893552
323607	0.00180793575
323608	0.0001257433307
323609	0.0001045048499
323610	0.001066233145
323611	0.0008738691964
323612	0.0008898295929
323613	0.002266921384
323614	0.0003147252205
323615	0.000302031488
323616	4.011423884e-05
323617	0.001526751379
323618	0.0001458310962
323619	0.0004792363445
323620	0.0009996900971
323621	0.004245479264
323622	0.0008173256817
323623	0.0002894970571
323624	0.0002689858894
323625	0.001674051983
323626	0.000805551078
323627	6.792069011e-05
323628	0.0007969339265
323629	0.0007311529844
323630	0.0002117918103
323631	0.0006993067719
323632	0.003279935029
323633	0.001722191212
323634	0.0005691775957
323635	0.0008457953499
323636	2.109059011e-05
323637	0.0005468859209
323638	0.000346063585
323639	0.0007426703464
323640	0.0008384521244
323641	0.0005145038577
323642	0.001948114541
323643	0.005854568054
323644	0.001820607409
323645	0.000738952429
323646	0.001429634382
323647	0.003262943702
323648	0.001429472478
323649	0.001563736905
323650	9.69758319e-05
323651	0.0009642222035
323652	0.001295212283
323653	0.0001983213976
323654	0.00318774937
323655	0.002122851994
323656	0.001719916963
323657	0.0006713316254
323658	0.002918190613
323659	0.004462516312
323660	0.0004101259641
323661	0.001388611989
323662	0.0004370053306
323663	5.361330003e-06
323664	0.0004696667314
323665	0.004061616317
323666	0.001429530803
323667	0.001989120749
323668	0.0009237429858
323669	0.000764265847
323670	0.0001793895903
323671	0.005117602056
323672	0.0007923997471
323673	0.00267918878
323674	0.0004163849077
323675	0.002842076697
323676	0.001180289951
323677	0.0003215500758
323678	0.0001448495209
323679	0.001863457262
323680	0.001218473188
323681	0.0006696836544
323682	1.170151465e-05
323683	0.002571062577
323684	0.001062801728
323685	0.004891595244
323686	0.005497265915
323687	0.001707569256
323688	0.0002507155228
323689	0.001279831852
323690	0.003181238601
323691	0.00210204384
323692	0.0008131202165
323693	0.001676476981
323694	0.0008753389135
323695	0.0005660465562
323696	0.002930438914
323697	0.0007907398882
323698	0.002972175543
323699	0.001038253769
323700	0.001885624459
323701	0.002772526201
323702	0.002863654712
323703	0.001374076873
323704	0.001732221678
323705	0.001053087641
323706	0.002376268052
323707	0.00203531917
323708	0.0001803072772
323709	0.000236239285
323710	0.00227490331
323711	0.004830940892
323712	0.002221346892
323713	0.0003225535339
323714	0.001800655894
323715	0.001998892794
323716	0.002456669572
323717	0.0007283600682
323718	0.0006717946178
323719	0.0004921504436
323720	0.001528442406
323721	1.274542468e-05
323722	0.0009135914889
323723	0.003355022788
323724	0.0007640462468
323725	0.002712250524
323726	0.001769672578
323727	0.0007179280485
323728	0.0002664595094
323729	0.000463000963
323730	0.002620863361
323731	0.0004640752657
323732	0.0008994036544
323733	0.002786662213
323734	0.001120410872
323735	9.009356704e-05
323736	0.001924093301
323737	0.000551867308
323738	0.0007627439174
323739	0.002044741177
323740	0.001265460533
323741	7.834590656e-06
323742	0.002669725407
323743	0.001881745883
323744	0.0005442811998
323745	0.002561309365
323746	0.001970034569
323747	0.0002497031524
323748	0.00260138681
323749	0.001206176132
323750	8.862466736e-05
323751	0.001285072454
323752	0.00030503066
323753	0.002424016824
323754	0.003011687621
323755	0.0007196608352
323756	0.005270995765
323757	0.00327285988
323758	0.001483656149
323759	0.003903185364
323760	0.002136632591
323761	0.001255554738
323762	0.001159911292
323763	0.0007425828705
323764	0.00264973747
323765	0.002038538192
323766	0.0004623095605
323767	0.001312288204
323768	0.0001105662649
323769	0.0001824723256
323770	0.0003516093064
323771	0.002892799593
323772	0.001472178282
323773	0.0002714664094
323774	0.002894423882
323775	0.001966591712
323776	0.001286432354
323777	0.0001225014972
323778	0.003959806314
323779	0.002587830666
323780	0.003208435018
323781	0.00149580432
323782	0.001081310227
323783	0.002649569213
323784	0.001683346094
323785	0.001615780042
323786	0.001705593119
323787	0.0003245911946
323788	0.0008449954595
323789	0.003278623941
323790	0.0001701468619
323791	0.001767968624
323792	0.0007135202079
323793	0.0009348589603
323794	0.0005673390458
323795	0.0005376762786
323796	6.792743035e-05
323797	0.0001298844327
323798	0.0007598842513
323799	0.0003879895084
323800	0.0005214974634
323801	0.0004731641574
323802	0.0005442137739
323803	0.002589683973
323804	0.0006509938001
323805	2.979590618e-07
323806	1.108100607e-07
323807	0.0005697029936
323808	0.0009030087285
323809	0.002288016608
323810	0.001524373944
323811	0.0002579745089
323812	2.535732421e-06
323813	5.140086101e-06
323814	1.085570812e-06
323815	1.61589147e-06
323816	5.572677354e-07
323817	7.84869989e-07
323818	4.676625716e-06
323819	1.425372058e-06
323820	1.125331654e-06
323821	1.555058031e-06
323822	1.60549896e-06
323823	4.478474413e-06
323824	7.873977167e-06
323825	4.173981472e-06
323826	3.841076379e-06
323827	2.111834512e-06
323828	1.248072208e-06
323829	1.460757984e-06
323830	5.613088208e-06
323831	2.777260842e-06
323832	3.048622248e-06
323833	1.561835504e-06
323834	4.076177813e-06
323835	1.066572222e-07
323836	2.293162771e-06
323837	4.191578796e-06
323838	1.10212327e-06
323839	1.237139182e-07
323840	3.762194908e-06
323841	2.641517016e-06
323842	1.32662805e-06
323843	4.09027231e-06
323844	1.19536164e-06
323845	4.682039651e-06
323846	4.229262688e-06
323847	1.939687546e-06
323848	2.180886284e-06
323849	1.468836827e-06
323850	5.585298822e-07
323851	6.476652154e-07
323852	2.693917374e-06
323853	5.015735491e-07
323854	3.556097197e-06
323855	2.456462732e-06
323856	1.930725811e-06
323857	2.73573123e-06
323858	5.115760401e-08
323859	1.46540605e-06
323860	2.498016543e-06
323861	3.258708211e-06
323862	1.380513202e-06
323863	5.562559606e-06
323864	2.944811772e-06
323865	3.851957731e-06
323866	5.302779354e-06
323867	5.957976523e-07
323868	2.84927627e-07
323869	1.641416468e-06
323870	5.444725917e-06
323871	4.854703556e-07
323872	1.921336645e-07
323873	4.918767188e-07
323874	3.068850748e-06
323875	3.663638269e-06
323876	2.022444942e-06
323877	3.48651829e-06
323878	4.366996704e-06
323879	3.793000443e-08
323880	1.861749968e-06
323881	8.967669452e-07
323882	1.753595058e-06
323883	2.12276004e-06
323884	2.718069011e-06
323885	3.252383984e-07
323886	1.013779525e-06
323887	2.50041504e-07
323888	1.755406761e-06
323889	5.537301684e-07
323890	1.649381749e-07
323891	1.356114943e-06
323892	1.333650475e-06
323893	3.862304762e-06
323894	1.352461364e-06
323895	5.550754563e-06
323896	1.591526259e-06
323897	1.021279928e-06
323898	6.11115032e-05
323899	1.755738599e-06
323900	3.271975635e-06
323901	2.661366599e-07
323902	2.354529162e-06
323903	5.941827049e-05
323904	6.137916644e-05
323905	5.960334384e-05
323906	6.153131487e-05
323907	6.227919025e-05
323908	5.059428991e-07
323909	5.792534304e-07
323910	1.376356673e-06
323911	7.584660097e-07
323912	5.848356179e-05
323913	6.233225316e-05
323914	6.21274046e-05
323915	1.851248633e-06
323916	6.056021068e-05
323917	6.290316948e-05
323918	1.185478121e-06
323919	6.171220306e-05
323920	1.395705437e-06
323921	1.596643201e-06
323922	6.070263263e-05
323923	0.002425764074
323924	0.0038531598
323925	3.362275406e-05
323926	0.001308783267
323927	0.0003380609826
323928	0.001865028245
323929	7.60833969e-05
323930	0.0006347656447
323931	0.0008725792106
323932	0.0001447816506
323933	0.0003125088209
323934	0.0001377587294
323935	0.0006296350773
323936	0.0001293560605
323937	0.000891669437
323938	0.0001783622105
323939	0.008779426887
323940	0.0007234826784
323941	0.002372765319
323942	0.002047605845
323943	9.393716115e-06
323944	0.001459218669
323945	0.0002251764257
323946	0.00495697618
323947	0.0006087054499
323948	0.0005301263313
323949	0.0008978071743
323950	0.004651210247
323951	0.0004400119468
323952	0.0001799561206
323953	0.001228347463
323954	0.000151167779
323955	0.002525246084
323956	0.0001026849893
323957	0.004143285387
323958	0.002718947049
323959	0.009932805201
323960	0.0001474570808
323961	0.0004350967134
323962	1.177563993e-05
323963	0.0002988945026
323964	0.000960751839
323965	0.0008597396147
323966	4.618465332e-05
323967	0.0004024813474
323968	8.286072934e-05
323969	0.0006015830314
323970	0.0004432182276
323971	0.0008089498216
323972	5.236741813e-05
323973	0.0004688754823
323974	0.0001386258101
323975	0.0004634734015
323976	0.000698042883
323977	0.0006531697966
323978	0.0001158029554
323979	0.0002961937898
323980	0.0006129099173
323981	0.001387442118
323982	0.0009691037854
323983	0.0004257249712
323984	7.63201196e-05
323985	0.0005689321305
323986	8.254055936e-05
323987	0.0003850549641
323988	9.910911704e-05
323989	0.0003616113172
323990	0.0002337159301
323991	0.0001871989936
323992	0.003075729007
323993	0.0001921828565
323994	0.0005047889373
323995	0.001008164304
323996	7.483754288e-05
323997	0.006537894987
323998	0.0004950930737
323999	0.0005351655582
324000	0.000385164299
324001	0.0008583352185
324002	0.003537858649
324003	0.002262016827
324004	0.0009799320307
324005	0.0003158477382
324006	0.0007194524414
324007	0.000424768629
324008	0.001288183042
324009	0.00427647509
324010	0.0007887640138
324011	0.0005431299786
324012	0.0009903046732
324013	0.001586759323
324014	0.001661835967
324015	0.001415292091
324016	0.001246215226
324017	0.001476308918
324018	7.728060211e-05
324019	0.002199942202
324020	0.002246741899
324021	0.0005190387862
324022	0.006769177568
324023	0.0002478435535
324024	0.001962965196
324025	0.001831489596
324026	0.002896174393
324027	0.0005361336475
324028	0.00130027585
324029	0.001340946115
324030	0.001978904489
324031	0.0002851461727
324032	0.0004309158912
324033	0.0002309367733
324034	5.414052521e-08
324035	5.914955594e-08
324036	0.003849303556
324037	0.0002066892856
324038	0.0008390845257
324039	0.0008649414995
324040	4.086142138e-07
324041	1.399517808e-06
324042	2.556084612e-06
324043	4.359099146e-07
324044	1.018535499e-06
324045	3.785194562e-07
324046	2.384051826e-06
324047	2.331194359e-06
324048	1.401953755e-07
324049	3.563965627e-06
324050	1.006637668e-06
324051	2.570407663e-07
324052	2.841796625e-06
324053	1.26207565e-06
324054	2.891966789e-06
324055	7.202449163e-07
324056	1.217046833e-06
324057	1.0664045e-06
324058	1.556262394e-06
324059	1.085277376e-06
324060	1.087809806e-07
324061	2.36635593e-06
324062	4.21015546e-07
324063	1.809893856e-06
324064	1.896806061e-07
324065	1.076558935e-06
324066	2.230072543e-07
324067	1.537209454e-06
324068	1.631435913e-06
324069	4.329625921e-07
324070	1.027302974e-06
324071	2.754713486e-06
324072	9.05251648e-07
324073	6.077259344e-07
324074	2.283118068e-06
324075	5.199336271e-07
324076	4.936716798e-06
324077	1.04109367e-06
324078	1.776197507e-06
324079	1.85867652e-06
324080	1.760703826e-06
324081	1.074949826e-06
324082	1.525166476e-06
324083	3.000711273e-07
324084	3.868886997e-07
324085	6.534356003e-07
324086	3.616561526e-06
324087	4.349984032e-06
324088	1.627778735e-06
324089	7.631968352e-07
324090	2.283217096e-06
324091	1.760703826e-06
324092	3.395894337e-06
324093	8.71944685e-07
324094	1.106187277e-06
324095	5.802212647e-07
324096	8.759854235e-06
324097	2.26236157e-06
324098	3.68202471e-08
324099	3.124662967e-06
324100	7.841394185e-07
324101	4.983362567e-06
324102	3.020102974e-06
324103	2.060822868e-06
324104	2.313229001e-07
324105	1.655054578e-06
324106	2.699912876e-06
324107	2.54719933e-06
324108	5.815462176e-07
324109	6.97964454e-06
324110	6.355238383e-08
324111	1.049532539e-06
324112	4.889612983e-06
324113	4.312893896e-07
324114	6.185960362e-07
324115	3.466029242e-08
324116	2.234571977e-06
324117	1.703487128e-06
324118	8.461932536e-08
324119	4.257089011e-06
324120	5.711274849e-06
324121	7.359379368e-07
324122	1.728786191e-06
324123	1.043277728e-06
324124	8.701467284e-07
324125	3.884619987e-06
324126	4.779265136e-06
324127	3.831022685e-07
324128	1.201907397e-06
324129	5.532532534e-06
324130	4.382906397e-06
324131	3.243685843e-06
324132	6.244507776e-07
324133	9.541013689e-07
324134	7.366853077e-07
324135	3.040618064e-06
324136	5.076684489e-06
324137	1.207187916e-07
324138	4.679526846e-06
324139	4.153124173e-06
324140	2.190969019e-06
324141	8.561770598e-07
324142	2.127294534e-06
324143	2.842246593e-06
324144	4.389590682e-06
324145	1.360158916e-07
324146	2.569421837e-06
324147	6.16676174e-07
324148	9.394772869e-07
324149	4.804728195e-06
324150	1.375613373e-06
324151	0.001759695457
324152	0.003001659182
324153	0.003407454539
324154	0.0006106860631
324155	0.0001548378588
324156	0.005311494676
324157	0.0006900790259
324158	0.0006806345999
324159	0.001373489984
324160	0.002134617585
324161	0.0004179197292
324162	0.003192268413
324163	0.002027577135
324164	0.003501901999
324165	0.007941118419
324166	0.0002173014267
324167	0.0001735321358
324168	0.003437257674
324169	3.092026762e-05
324170	0.0008775337611
324171	0.00410040655
324172	0.001925748584
324173	0.001904037806
324174	0.0001035161226
324175	0.00147309355
324176	0.0001757369307
324177	0.0005021264471
324178	0.001169220347
324179	0.0002178034023
324180	0.0001236925945
324181	7.268811751e-06
324182	0.0007099588866
324183	0.0003364698157
324184	0.001106702555
324185	6.685731328e-05
324186	0.0001167632159
324187	0.0003408820498
324188	8.298806581e-05
324189	0.001417653577
324190	2.33236939e-07
324191	0.000156230197
324192	0.0005276647171
324193	0.0002985760008
324194	0.0008248756397
324195	0.0001924158656
324196	0.0008540781361
324197	0.0001318701437
324198	0.004160885356
324199	0.0004024037347
324200	0.002417185959
324201	0.0002515235854
324202	1.778239806e-06
324203	8.428544042e-05
324204	0.002283149632
324205	0.0002230664648
324206	0.00240308855
324207	0.004513646673
324208	0.0002415483965
324209	0.0005915236181
324210	2.182134622e-05
324211	0.0004241166806
324212	0.0002013280489
324213	0.000773035338
324214	0.0004893275836
324215	0.004282210316
324216	0.001401778221
324217	0.0004485981509
324218	2.271361435e-05
324219	0.000602550874
324220	0.0002925895088
324221	0.0004764793686
324222	0.0002099621041
324223	0.0009361532986
324224	0.0001480255763
324225	0.000662109933
324226	0.0008631301059
324227	0.005356387813
324228	0.00194069947
324229	0.0002568998481
324230	0.0002542480729
324231	0.0008614903593
324232	0.001183438879
324233	0.000727585382
324234	0.00274567456
324235	0.0002056528996
324236	0.0003920211856
324237	0.001811584114
324238	0.0004213747068
324239	0.005783304064
324240	0.0004366037326
324241	0.006721191463
324242	0.0003165316129
324243	0.0008823895823
324244	0.001945219969
324245	0.001844021361
324246	0.001462971369
324247	0.0004833265994
324248	1.03082782e-05
324249	0.0005192992036
324250	0.002394925883
324251	0.0001704657854
324252	0.002397563876
324253	0.00174421648
324254	0.004144293481
324255	0.0003647579956
324256	2.494517188e-05
324257	0.003257866056
324258	7.202880384e-08
324259	1.906352482e-07
324260	0.001115735937
324261	4.814583228e-06
324262	6.570365299e-07
324263	2.421073675e-06
324264	3.494918217e-06
324265	4.898925525e-07
324266	8.556034313e-06
324267	3.071323335e-06
324268	6.154122128e-06
324269	1.236375071e-06
324270	2.774416756e-06
324271	2.475274402e-06
324272	1.078813797e-07
324273	7.663187021e-06
324274	9.426578407e-07
324275	2.318259555e-06
324276	1.648217106e-06
324277	7.417993967e-07
324278	1.595213492e-06
324279	1.208789777e-06
324280	3.121673217e-06
324281	9.311954124e-06
324282	3.83565308e-06
324283	9.251642486e-07
324284	1.852660004e-07
324285	4.125309005e-07
324286	1.602295682e-06
324287	2.036495619e-07
324288	2.227645802e-06
324289	2.206536612e-06
324290	1.590354151e-06
324291	8.261381763e-07
324292	2.699002952e-06
324293	5.979248417e-06
324294	9.294098895e-08
324295	5.387535201e-06
324296	2.725868133e-06
324297	2.001050943e-06
324298	3.457436993e-06
324299	1.744776093e-06
324300	3.162287255e-06
324301	5.985414683e-06
324302	3.216678441e-07
324303	7.340993824e-06
324304	1.396013346e-07
324305	1.990913093e-06
324306	9.998231582e-07
324307	5.820653339e-06
324308	1.214765313e-06
324309	3.540336523e-06
324310	5.434850637e-06
324311	7.306315455e-06
324312	6.958570142e-06
324313	6.44759055e-06
324314	6.991778705e-07
324315	5.176911944e-07
324316	3.429462882e-06
324317	1.835515905e-06
324318	3.220420782e-06
324319	8.245358638e-07
324320	3.210263672e-06
324321	7.465401311e-07
324322	1.575484825e-06
324323	1.567257504e-06
324324	4.398961875e-06
324325	1.362038876e-06
324326	7.269670604e-06
324327	2.068048274e-06
324328	2.087508513e-06
324329	6.1198161e-07
324330	1.281402753e-06
324331	6.182104589e-06
324332	1.094416071e-05
324333	2.570041825e-06
324334	5.692611677e-06
324335	2.198803683e-07
324336	7.068078661e-07
324337	2.876597708e-06
324338	5.933571578e-06
324339	2.749583407e-06
324340	7.028944999e-07
324341	6.805098222e-07
324342	1.438499205e-06
324343	3.133466849e-06
324344	9.025498462e-08
324345	6.714410869e-07
324346	5.353939328e-06
324347	1.307691363e-06
324348	1.907429833e-07
324349	2.456695357e-06
324350	1.318223323e-06
324351	3.42625276e-07
324352	3.182064557e-06
324353	4.335409109e-06
324354	2.640046066e-06
324355	2.261065841e-06
324356	2.553530402e-07
324357	4.0880938e-06
324358	4.230625734e-06
324359	3.324633833e-06
324360	8.703809527e-08
324361	1.226678913e-06
324362	1.09766727e-06
324363	2.50296626e-07
324364	3.88006943e-06
324365	1.693966625e-06
324366	4.22174082e-07
324367	2.524286242e-06
324368	1.018550021e-06
324369	1.581473487e-06
324370	4.266360341e-07
324371	7.709759911e-07
324372	0.001784787162
324373	0.001233363021
324374	0.002625862391
324375	0.0003960461667
324376	0.003025642015
324377	0.002061227098
324378	0.0007396377835
324379	0.00437947439
324380	0.001212600632
324381	0.0001915552108
324382	0.004881271448
324383	0.0005398130467
324384	0.001370397601
324385	0.003033927208
324386	0.004442453131
324387	0.001819979066
324388	0.002350960702
324389	0.0003232929565
324390	0.0004290256232
324391	0.0001166636309
324392	0.0003791072537
324393	0.0004164211431
324394	0.0008393755297
324395	0.0008700829346
324396	0.0007351178163
324397	6.551173199e-05
324398	0.0001256274541
324399	0.0009570959162
324400	0.0006940763788
324401	0.0005145242398
324402	0.001730278283
324403	0.00354271964
324404	0.0002611251901
324405	0.0005978982139
324406	5.20751513e-05
324407	0.0002053772807
324408	7.999860498e-06
324409	0.0006899373764
324410	8.83176038e-05
324411	1.181072871e-05
324412	0.0004232648521
324413	0.0008795029143
324414	0.001008408515
324415	0.0006171669522
324416	0.003306252085
324417	0.0003542761427
324418	0.0002835169994
324419	0.0008181094607
324420	0.0007582061889
324421	0.0004665030956
324422	0.002196742829
324423	0.00112492735
324424	0.00285034691
324425	0.004740015846
324426	0.0008223842755
324427	0.002299091139
324428	0.002935391836
324429	0.00297963195
324430	0.001624147481
324431	0.0003525970181
324432	0.002701484792
324433	0.002097739401
324434	0.003535146577
324435	0.001710079022
324436	0.0005721518137
324437	0.002207481876
324438	0.003423521972
324439	0.001109777722
324440	0.001032902944
324441	0.0007651733884
324442	0.0003195709869
324443	0.0006675689238
324444	0.000894638121
324445	0.003371551135
324446	0.0004274595567
324447	0.002782564088
324448	0.004400191447
324449	0.00219625697
324450	0.0005644947745
324451	0.001745322994
324452	0.0002280747249
324453	0.000149804383
324454	0.001417268409
324455	0.004416162514
324456	0.00203837619
324457	0.001466694503
324458	0.001191528428
324459	0.003463655588
324460	0.001545188969
324461	0.001171174312
324462	0.0003648415675
324463	1.803312483e-07
324464	1.869365737e-07
324465	2.475880158e-06
324466	2.448659171e-06
324467	9.019741637e-06
324468	5.083072734e-06
324469	6.50794954e-06
324470	9.445005077e-06
324471	4.62773361e-06
324472	4.088455421e-07
324473	1.019709334e-06
324474	1.573543899e-06
324475	5.218379509e-07
324476	2.040477878e-06
324477	5.663991257e-06
324478	2.16737432e-06
324479	4.563389594e-07
324480	3.949739565e-06
324481	7.118235613e-06
324482	1.115539677e-06
324483	7.772535212e-06
324484	4.53041913e-06
324485	2.61065102e-08
324486	8.384962013e-06
324487	1.764921974e-06
324488	1.254516935e-06
324489	1.47644449e-06
324490	1.648954116e-06
324491	3.496384737e-06
324492	3.395378013e-06
324493	3.408287816e-06
324494	1.231784905e-06
324495	3.703990982e-06
324496	1.520833952e-06
324497	2.556282715e-07
324498	1.02632763e-05
324499	7.477874503e-06
324500	5.95059953e-09
324501	1.539917361e-07
324502	4.297562941e-06
324503	1.014597297e-05
324504	1.509049012e-06
324505	2.903142515e-06
324506	6.421145899e-07
324507	8.388305074e-07
324508	3.443138884e-06
324509	3.920297556e-06
324510	3.262942016e-06
324511	2.320973747e-06
324512	3.103841228e-06
324513	2.309580582e-06
324514	2.558646774e-06
324515	6.147666155e-06
324516	3.752720104e-06
324517	3.369254752e-06
324518	6.518090063e-07
324519	3.751028416e-06
324520	2.096865991e-06
324521	1.088665515e-07
324522	2.439642698e-06
324523	3.913733101e-07
324524	3.845783015e-06
324525	6.224109816e-06
324526	6.495787776e-06
324527	4.640124363e-06
324528	5.688276728e-06
324529	1.33772162e-06
324530	1.074037271e-05
324531	2.552797703e-06
324532	2.397564855e-06
324533	4.928336391e-06
324534	6.997031312e-06
324535	6.88047653e-06
324536	7.29430802e-08
324537	5.641161668e-06
324538	3.053183713e-06
324539	1.178443566e-06
324540	4.703127762e-06
324541	6.432004446e-07
324542	5.066690055e-06
324543	4.271164317e-06
324544	6.225455835e-06
324545	2.515446593e-06
324546	4.113242393e-06
324547	2.867653537e-06
324548	2.627941196e-06
324549	1.186409324e-06
324550	3.173972551e-06
324551	8.19116319e-06
324552	9.070747785e-07
324553	7.494113784e-06
324554	2.326809165e-06
324555	4.361216566e-06
324556	6.785847173e-06
324557	1.457487546e-06
324558	2.153448765e-06
324559	1.296848005e-06
324560	3.915117254e-06
324561	8.179407748e-07
324562	9.966974097e-08
324563	2.00518018e-06
324564	3.670699566e-06
324565	2.737458842e-06
324566	8.852028942e-07
324567	4.562965194e-06
324568	1.150519899e-06
324569	1.493264898e-06
324570	1.327771216e-07
324571	2.583137762e-06
324572	2.912626464e-07
324573	7.528970441e-06
324574	2.757416555e-06
324575	5.525704729e-06
324576	0.001392616336
324577	0.000418841805
324578	1.842027704e-08
324579	0.0005556207954
324580	0.001519606403
324581	0.001781793229
324582	0.002477874218
324583	0.001821496836
324584	0.002755773249
324585	0.0007592580956
324586	3.268959386e-05
324587	0.00112147987
324588	0.002957919563
324589	0.0003979983985
324590	0.002238998453
324591	6.209341844e-06
324592	0.0006389237504
324593	0.003336047617
324594	0.0003117180694
324595	0.0001473561132
324596	0.001601022263
324597	0.007938258073
324598	0.0004788358794
324599	0.001307683777
324600	0.001650272958
324601	0.002239918904
324602	0.0006981048073
324603	0.001919840987
324604	0.00142006689
324605	0.001150866894
324606	0.002770081373
324607	0.001983765457
324608	0.0001415121417
324609	0.00255872149
324610	0.001476313269
324611	0.0004983650744
324612	1.789572882e-05
324613	0.0004249459417
324614	0.0001018199916
324615	0.0005986789191
324616	0.000522893851
324617	0.0004274954036
324618	0.000343722038
324619	0.0007472905011
324620	3.569683183e-05
324621	0.001046244584
324622	0.0002631718264
324623	0.0009490886964
324624	0.002043876465
324625	0.000246784198
324626	0.001194392356
324627	9.958687452e-06
324628	0.0007211907724
324629	0.0003038314777
324630	0.0005037551467
324631	0.004571299381
324632	0.002418242731
324633	0.001789768629
324634	0.0004293967874
324635	0.001167469954
324636	0.0008937240964
324637	0.001572699018
324638	0.0001374648742
324639	0.0006759441607
324640	0.0001332037362
324641	0.000787234065
324642	0.0006293689066
324643	0.002243285641
324644	0.00102228121
324645	0.001022817469
324646	0.0005696700667
324647	0.0001146095953
324648	0.0001336398415
324649	0.0004820351885
324650	0.0001477701424
324651	4.274027808e-05
324652	0.0002445321041
324653	0.0004919116161
324654	0.0002403041464
324655	0.001449177982
324656	0.00415571924
324657	0.0002973023322
324658	0.002066286651
324659	0.001259804825
324660	0.001137938246
324661	0.000304027704
324662	0.0003558883838
324663	0.0009916822867
324664	0.003728336239
324665	0.0003537428772
324666	0.00202770701
324667	0.0004708441128
324668	0.0002074108099
324669	0.0001747596281
324670	0.001561182849
324671	0.001182074125
324672	0.000145649018
324673	0.0005898339659
324674	0.0006852482628
324675	0.0008485270216
324676	0.0001076268645
324677	0.000410131405
324678	0.000927844953
324679	0.0005674234968
324680	0.004324783625
324681	0.000722523544
324682	0.000310607042
324683	0.0001495258052
324684	0.0002259680733
324685	0.0007353632878
324686	0.0001504642272
324687	0.001675380879
324688	0.001300930787
324689	0.0004456279682
324690	6.447653556e-05
324691	0.001121893826
324692	0.001128619889
324693	0.0004374023802
324694	0.0001796866596
324695	0.002176381536
324696	0.000146916111
324697	0.001653870745
324698	0.0004444826882
324699	0.001125842144
324700	0.0008398635697
324701	0.0004777216869
324702	0.0007722063158
324703	0.005032185126
324704	0.0005533446456
324705	0.004200158074
324706	0.002581054196
324707	0.0005514130959
324708	5.576414313e-05
324709	0.0003347919824
324710	6.456821197e-05
324711	0.0002707052804
324712	0.0002652656903
324713	0.0003320316596
324714	0.0001939450518
324715	0.001324721705
324716	0.0002624140956
324717	0.0002036656477
324718	0.00131028423
324719	0.0001165478564
324720	0.0006903060009
324721	0.0002340020212
324722	0.0008863499158
324723	0.0001676360428
324724	1.849270995e-06
324725	0.0003597781621
324726	0.0006176970073
324727	8.103540266e-05
324728	0.0003016337672
324729	0.0002576164202
324730	1.958823991e-05
324731	0.0002263990684
324732	1.214369676e-05
324733	1.074470711e-05
324734	9.215499493e-05
324735	0.001718519083
324736	0.0004197760861
324737	0.000906904989
324738	0.0001430772525
324739	0.0004638917253
324740	0.0003379042124
324741	0.001128903919
324742	5.796463767e-05
324743	0.0001618184344
324744	0.001602077208
324745	3.180347752e-05
324746	0.001143278977
324747	0.000107477884
324748	2.62615518e-06
324749	1.651688644e-05
324750	1.103006271e-05
324751	0.0009631479359
324752	0.002020223067
324753	0.0004281393712
324754	0.0004998561766
324755	0.001728960636
324756	2.189580358e-05
324757	2.192316983e-05
324758	0.003602889782
324759	0.000282054818
324760	0.0002090157706
324761	0.0002974685378
324762	0.0009940801129
324763	0.0006734204145
324764	0.0003785813499
324765	0.0004357549508
324766	0.0003431452014
324767	0.0008668874737
324768	0.0001811710332
324769	0.0005903927443
324770	0.0002943765928
324771	8.887888786e-05
324772	0.0002902887814
324773	0.0003207825193
324774	0.004566646081
324775	0.000890283355
324776	0.0005301416927
324777	0.0006250662854
324778	0.0004499946953
324779	0.001921729702
324780	0.0007509759721
324781	0.0004383880744
324782	0.0009893629473
324783	0.0009876291269
324784	0.0006369888011
324785	0.0007028986939
324786	0.0007559939433
324787	0.002529162026
324788	0.0008386252736
324789	0.0002324946586
324790	0.0004980689273
324791	0.0004839189448
324792	0.004462556399
324793	0.0003542134053
324794	0.0042170477
324795	0.0003553414427
324796	0.001149196004
324797	0.00100842806
324798	0.001949455101
324799	0.005701270931
324800	1.690560128e-07
324801	0.0002146414752
324802	0.0001410699702
324803	0.001125377643
324804	0.003271607418
324805	0.0009080401328
324806	0.001496949074
324807	1.189977564e-07
324808	9.036193067e-08
324809	5.092139525e-07
324810	2.374276608e-06
324811	7.964516307e-06
324812	7.707217185e-06
324813	2.545327428e-06
324814	6.665053639e-06
324815	1.333942678e-05
324816	1.147961541e-05
324817	1.17771302e-05
324818	2.339722964e-06
324819	7.595809793e-07
324820	2.662663331e-06
324821	2.358922002e-06
324822	2.159672035e-06
324823	3.600661673e-06
324824	1.509872399e-07
324825	3.250286056e-06
324826	9.464190708e-07
324827	2.495581379e-06
324828	8.905824019e-06
324829	4.754431207e-06
324830	4.511348847e-06
324831	7.725555575e-06
324832	2.759760064e-06
324833	3.389367227e-07
324834	1.212128639e-06
324835	1.877181795e-06
324836	4.421632305e-06
324837	5.96264419e-06
324838	6.174438635e-06
324839	2.434168402e-06
324840	3.840717002e-06
324841	5.870760453e-06
324842	2.760137223e-06
324843	2.510132839e-06
324844	3.822412206e-06
324845	2.130161174e-06
324846	1.315938435e-06
324847	2.258055978e-06
324848	4.918061532e-06
324849	4.006715985e-06
324850	6.085189131e-07
324851	2.300049264e-08
324852	5.1418442e-07
324853	2.24435351e-06
324854	2.419802233e-06
324855	3.272827771e-07
324856	9.891427652e-08
324857	6.162378562e-06
324858	2.494474237e-06
324859	1.307015048e-06
324860	1.047167759e-05
324861	3.996694105e-06
324862	6.949586917e-06
324863	2.622123166e-07
324864	6.576024636e-07
324865	5.263420372e-06
324866	4.622804378e-06
324867	7.566219902e-07
324868	2.32716159e-06
324869	3.547827987e-06
324870	2.224693286e-06
324871	4.169900049e-06
324872	3.204301406e-06
324873	2.721045406e-06
324874	9.600831635e-06
324875	6.921110058e-06
324876	1.376963015e-05
324877	3.795345643e-06
324878	1.236641702e-06
324879	8.631888787e-06
324880	8.829148516e-08
324881	9.480224682e-06
324882	7.087956788e-08
324883	6.019545406e-06
324884	5.167862191e-06
324885	1.57012232e-06
324886	6.930105922e-06
324887	4.340665374e-06
324888	9.49389705e-07
324889	1.907609225e-06
324890	3.422122495e-06
324891	4.180251085e-06
324892	8.267777106e-06
324893	3.102706049e-07
324894	9.530699354e-06
324895	5.557882984e-07
324896	2.0206538e-06
324897	2.494684858e-06
324898	6.846117211e-08
324899	3.109686524e-08
324900	4.115983002e-06
324901	4.975467224e-07
324902	6.118679171e-07
324903	6.891838523e-06
324904	2.692489956e-06
324905	4.784964645e-06
324906	3.200431572e-07
324907	4.323295933e-06
324908	2.647570383e-06
324909	1.8278971e-06
324910	4.438305289e-06
324911	6.060704631e-07
324912	1.803227425e-08
324913	1.10891931e-05
324914	8.183446362e-06
324915	3.969885665e-06
324916	8.714935639e-06
324917	3.036551135e-06
324918	3.078594006e-06
324919	2.978300796e-06
324920	0.0001100855153
324921	5.52608311e-08
324922	0.0004209772016
324923	0.0005976686491
324924	0.0007729440128
324925	0.0003067628498
324926	0.0003971906565
324927	0.0005510854868
324928	0.0001444023726
324929	0.003422464544
324930	5.019441235e-05
324931	0.0003516877397
324932	0.0001804709209
324933	0.0002301420273
324934	0.0001975937288
324935	0.0005147898394
324936	0.0002056976107
324937	0.0007617741597
324938	0.0001964941243
324939	0.0003826518693
324940	0.0007853505296
324941	0.0007429468596
324942	0.0001585445431
324943	0.003183755553
324944	0.001198186734
324945	0.001121469136
324946	0.0004017565916
324947	1.81231758e-07
324948	9.454243161e-08
324949	0.0008557496263
324950	0.001678714886
324951	3.063381211e-07
324952	1.410947976e-07
324953	1.021103188e-06
324954	3.504326138e-06
324955	6.234957859e-06
324956	6.667781241e-06
324957	2.377090139e-06
324958	6.73332614e-07
324959	1.152119294e-05
324960	1.111829224e-05
324961	2.038127439e-07
324962	3.771427569e-06
324963	2.645413371e-06
324964	3.8884518e-06
324965	1.320408588e-05
324966	2.062678645e-06
324967	4.08236518e-06
324968	4.003300978e-06
324969	8.411548193e-07
324970	4.582182904e-06
324971	5.789758188e-06
324972	3.672251108e-06
324973	3.29509035e-06
324974	6.212906803e-06
324975	2.556782115e-07
324976	2.275544292e-06
324977	6.451513726e-06
324978	5.021903135e-06
324979	5.707530823e-06
324980	1.257098235e-06
324981	2.77216536e-06
324982	3.149023379e-06
324983	6.135156814e-06
324984	2.588756364e-06
324985	3.093191924e-06
324986	3.571173239e-06
324987	8.152606036e-07
324988	2.184353732e-07
324989	8.517492148e-06
324990	1.194336377e-05
324991	1.900287982e-07
324992	2.620337481e-06
324993	4.045886555e-06
324994	4.315712409e-06
324995	4.201880489e-06
324996	2.957797659e-06
324997	3.66522145e-06
324998	7.292658476e-07
324999	2.270893731e-07
325000	1.553864191e-06
325001	1.629189623e-06
325002	1.478727547e-06
325003	2.979343089e-06
325004	1.651660635e-06
325005	8.009480871e-08
325006	8.133100045e-06
325007	1.417549443e-06
325008	5.618981765e-06
325009	1.091966562e-07
325010	3.267636378e-06
325011	5.908642769e-06
325012	8.419011124e-07
325013	3.100010669e-06
325014	9.107084998e-06
325015	1.472591865e-06
325016	5.823822626e-06
325017	2.875124772e-06
325018	5.224579325e-06
325019	5.304472861e-06
325020	1.353101358e-06
325021	2.803557872e-06
325022	5.767711419e-06
325023	4.386776432e-07
325024	6.95775963e-06
325025	3.615396161e-07
325026	3.178388423e-06
325027	2.257978252e-06
325028	2.205158172e-06
325029	8.207455808e-06
325030	5.947925577e-06
325031	7.314276499e-06
325032	2.846104518e-06
325033	8.325723562e-07
325034	1.356691345e-06
325035	6.906778961e-07
325036	7.588593869e-06
325037	2.726814214e-06
325038	4.602172224e-06
325039	1.654216289e-06
325040	7.653609554e-07
325041	6.138641781e-06
325042	5.88699834e-06
325043	5.633080481e-06
325044	9.128205695e-07
325045	7.152648503e-06
325046	8.785582805e-07
325047	6.219704707e-06
325048	6.98854319e-06
325049	1.457920642e-06
325050	4.637244352e-06
325051	1.913824802e-06
325052	5.280241446e-06
325053	6.060029663e-06
325054	2.313937835e-06
325055	9.197475676e-06
325056	4.159689308e-06
325057	2.492767083e-06
325058	2.95626074e-06
325059	2.782345737e-06
325060	1.018935105e-06
325061	4.82924344e-06
325062	3.58967267e-06
325063	2.730251819e-06
325064	0.000578403509
325065	0.0006471158482
325066	8.803325075e-05
325067	6.041089462e-05
325068	0.0003229439277
325069	0.0009040071478
325070	0.0002957351836
325071	0.001498227739
325072	0.002476023909
325073	0.0004372982613
325074	0.001920804596
325075	0.002385186397
325076	0.0008260243313
325077	1.472336338e-09
325078	0.001034377169
325079	0.001927301966
325080	4.108870736e-07
325081	2.985241531e-07
325082	3.779978596e-06
325083	2.056870603e-06
325084	2.924103844e-06
325085	1.566856657e-06
325086	3.528187425e-07
325087	6.207210741e-07
325088	2.936097466e-06
325089	1.979481292e-06
325090	9.384542264e-06
325091	5.538668363e-06
325092	6.71534433e-06
325093	9.164943818e-07
325094	3.144869358e-06
325095	1.125100774e-06
325096	1.210056927e-06
325097	4.983161456e-06
325098	2.923850577e-06
325099	1.673995121e-06
325100	4.535018317e-06
325101	3.46332762e-08
325102	1.875871803e-06
325103	1.961084392e-06
325104	4.343418906e-06
325105	1.959962634e-06
325106	5.846704979e-06
325107	1.437723477e-06
325108	1.105115062e-08
325109	2.198245936e-06
325110	2.71227135e-06
325111	7.917404462e-07
325112	2.567906413e-06
325113	6.427077062e-07
325114	2.685093186e-06
325115	6.142627557e-06
325116	6.408565014e-06
325117	3.311756855e-06
325118	1.385643518e-06
325119	8.627245975e-06
325120	3.178428651e-07
325121	4.667638562e-06
325122	5.862598206e-06
325123	8.875827988e-07
325124	9.791945764e-06
325125	1.868115963e-06
325126	2.983242256e-06
325127	1.312398256e-06
325128	1.238739451e-06
325129	3.613194131e-06
325130	5.158786837e-07
325131	6.630491391e-08
325132	1.596997946e-06
325133	3.888053867e-06
325134	5.953405041e-06
325135	2.279166398e-06
325136	1.931764539e-06
325137	2.560052913e-06
325138	6.264906741e-06
325139	5.876228417e-06
325140	1.865838919e-06
325141	3.4966944e-06
325142	1.020485203e-05
325143	5.756117105e-06
325144	1.040330275e-06
325145	4.285134015e-06
325146	2.793825417e-06
325147	6.897447634e-06
325148	1.436087456e-06
325149	3.666539676e-06
325150	2.478883928e-06
325151	2.913415111e-06
325152	1.069771047e-06
325153	1.028565142e-06
325154	2.231121051e-06
325155	8.542582302e-07
325156	7.273672423e-07
325157	4.650939312e-06
325158	8.986365336e-06
325159	2.510690508e-07
325160	6.638229286e-06
325161	2.758949942e-06
325162	6.350695448e-06
325163	2.568013232e-06
325164	6.12175027e-06
325165	6.728081533e-07
325166	9.415372011e-07
325167	2.538779946e-07
325168	7.406106687e-07
325169	2.305127801e-06
325170	2.553269368e-06
325171	3.89191455e-06
325172	1.322727246e-06
325173	1.020080599e-05
325174	5.935055938e-07
325175	1.852579534e-06
325176	2.473319655e-06
325177	2.408686891e-06
325178	2.40473146e-06
325179	2.08690231e-06
325180	1.714723785e-06
325181	2.527619382e-06
325182	4.577116869e-06
325183	3.125290379e-06
325184	6.076634078e-06
325185	5.067727669e-06
325186	6.35520558e-06
325187	6.549563285e-06
325188	2.100954743e-06
325189	1.167642489e-06
325190	1.802055539e-06
325191	3.904846397e-06
325192	1.376623067e-06
325193	0.0006909519377
325194	0.0005630746427
325195	0.0004672839059
325196	0.001269945472
325197	0.001502550546
325198	0.003505496267
325199	0.002461460776
325200	1.510179151e-07
325201	0.00127058017
325202	0.003566852882
325203	2.031789861e-07
325204	0.0001950304115
325205	6.861315961e-07
325206	4.886241207e-06
325207	3.378474445e-06
325208	8.769414614e-06
325209	4.77561779e-06
325210	1.90169189e-06
325211	6.016492881e-08
325212	1.092663799e-05
325213	8.617265653e-06
325214	2.39534399e-06
325215	2.566845971e-06
325216	3.597447114e-07
325217	8.244608978e-06
325218	1.490143484e-06
325219	4.556675333e-06
325220	4.023707599e-06
325221	1.871200649e-06
325222	3.356359035e-07
325223	3.423156971e-06
325224	1.090219801e-06
325225	1.948708029e-06
325226	1.080971397e-06
325227	5.770610367e-06
325228	2.256159282e-06
325229	4.507853546e-06
325230	1.844089616e-06
325231	1.320784571e-06
325232	2.835517325e-06
325233	6.413540899e-06
325234	8.299605527e-08
325235	4.764634746e-06
325236	3.588478709e-07
325237	5.340600338e-06
325238	2.450148961e-08
325239	7.172766718e-06
325240	2.280410229e-06
325241	3.134700921e-06
325242	1.565394591e-06
325243	1.542753036e-06
325244	2.734573815e-06
325245	9.105920541e-06
325246	3.679179202e-06
325247	1.772813132e-06
325248	2.681935368e-06
325249	7.612667932e-07
325250	1.168278637e-05
325251	5.604922832e-06
325252	6.440542971e-06
325253	2.913676913e-07
325254	1.992095674e-06
325255	2.553409382e-06
325256	5.615683066e-06
325257	2.908426654e-06
325258	4.91718477e-06
325259	3.163636014e-06
325260	4.92812498e-06
325261	9.168029052e-07
325262	1.923251557e-06
325263	3.173967652e-06
325264	4.68519182e-07
325265	2.136003352e-06
325266	8.145540575e-07
325267	2.280553583e-06
325268	2.182756641e-06
325269	1.565942366e-06
325270	3.611220784e-06
325271	4.218089701e-06
325272	4.929739274e-06
325273	2.401947936e-06
325274	5.345964137e-06
325275	2.906262429e-06
325276	1.038335445e-06
325277	1.291590033e-06
325278	7.875739044e-06
325279	5.234441027e-06
325280	1.450063807e-06
325281	2.048987245e-07
325282	6.539107309e-07
325283	1.226238412e-06
325284	1.264732631e-06
325285	4.318888065e-06
325286	6.911857279e-06
325287	6.728948855e-06
325288	7.10384634e-06
325289	4.710376042e-07
325290	1.258675691e-06
325291	6.218388405e-06
325292	5.72435167e-06
325293	1.942546314e-06
325294	5.966485199e-07
325295	5.080415828e-07
325296	8.048880582e-06
325297	5.564004186e-06
325298	2.656958822e-07
325299	8.306842386e-06
325300	1.754456933e-06
325301	2.218036168e-07
325302	1.253955214e-06
325303	3.617572003e-06
325304	3.816688115e-06
325305	3.040344338e-06
325306	3.207292518e-06
325307	7.172533108e-07
325308	8.079009859e-06
325309	2.348681395e-06
325310	2.275133899e-07
325311	6.695527061e-06
325312	4.466694069e-06
325313	5.07197415e-07
325314	4.410906622e-06
325315	7.779758782e-06
325316	0.001198328467
325317	0.0005956228064
325318	0.002115018591
325319	0.001309572614
325320	0.002420682683
325321	0.006470361732
325322	1.764447909e-07
325323	0.001326163298
325324	0.001286027671
325325	1.40612836e-07
325326	0.000203452357
325327	8.552100451e-07
325328	3.075194192e-07
325329	1.858488155e-06
325330	2.37135211e-06
325331	2.076861658e-06
325332	5.063800859e-06
325333	6.626736534e-06
325334	2.230262084e-06
325335	3.646203288e-07
325336	8.797434581e-07
325337	7.213977541e-06
325338	3.300574192e-06
325339	3.78223738e-06
325340	4.417999714e-06
325341	3.56777209e-06
325342	2.617234962e-06
325343	1.861444832e-06
325344	7.499411343e-06
325345	5.138645296e-06
325346	3.513059659e-06
325347	5.911942432e-06
325348	1.468966043e-06
325349	3.72437851e-06
325350	2.652603206e-06
325351	6.878653668e-07
325352	2.902823743e-06
325353	7.192804863e-07
325354	3.251875259e-07
325355	2.686277617e-06
325356	3.325944886e-06
325357	2.122575851e-07
325358	5.319194846e-06
325359	2.143749655e-06
325360	7.732457411e-08
325361	2.526309422e-06
325362	3.325305714e-06
325363	5.891942752e-06
325364	9.587651272e-07
325365	2.324048721e-06
325366	9.503710442e-07
325367	2.70355247e-06
325368	2.200787179e-06
325369	2.995554555e-07
325370	2.124131607e-06
325371	1.461315573e-06
325372	2.394075353e-06
325373	3.254764833e-06
325374	4.520895973e-07
325375	4.035575337e-06
325376	5.573475361e-06
325377	1.522427931e-06
325378	7.597557612e-06
325379	2.159187252e-06
325380	6.651172281e-06
325381	1.043896206e-06
325382	3.637287555e-06
325383	1.504632638e-06
325384	1.43526364e-06
325385	9.656670425e-07
325386	8.007064588e-07
325387	1.797697363e-06
325388	4.65155754e-06
325389	1.566243672e-06
325390	2.91687413e-07
325391	6.675934422e-06
325392	1.385954514e-06
325393	1.132736117e-08
325394	8.942712525e-07
325395	1.443094102e-06
325396	2.67193973e-06
325397	1.135249479e-06
325398	2.0777452e-06
325399	1.424383707e-06
325400	2.00668773e-06
325401	4.446312362e-06
325402	1.058627446e-05
325403	2.201390514e-06
325404	1.37152026e-06
325405	4.086896374e-06
325406	1.047320477e-07
325407	6.716384996e-06
325408	8.540673559e-07
325409	1.077777534e-05
325410	3.362088208e-06
325411	3.761992172e-06
325412	2.012847843e-07
325413	3.313472273e-06
325414	2.611823202e-06
325415	9.193629997e-07
325416	1.283879489e-06
325417	1.40111803e-07
325418	6.304011783e-07
325419	3.414006294e-06
325420	3.573498619e-07
325421	5.154093582e-06
325422	4.235213594e-06
325423	6.351214053e-07
325424	1.150849002e-06
325425	3.289094523e-07
325426	5.287645624e-06
325427	4.926580683e-06
325428	3.197954661e-06
325429	3.609646454e-08
325430	2.49450442e-06
325431	2.71474095e-06
325432	4.247315578e-06
325433	8.229813847e-07
325434	3.004059423e-06
325435	1.351428718e-06
325436	2.285114603e-06
325437	5.280453137e-06
325438	0.001930922953
325439	0.002179862671
325440	0.001909750812
325441	0.0003520398115
325442	0.001181938059
325443	2.566478834e-08
325444	0.000390042061
325445	0.001881606932
325446	2.264894579e-07
325447	0.0002123824349
325448	6.512325001e-07
325449	3.996075338e-06
325450	3.573990376e-06
325451	4.122179068e-07
325452	2.938103241e-06
325453	1.672106895e-06
325454	2.705971904e-06
325455	2.472486178e-06
325456	1.661479722e-06
325457	1.059642709e-06
325458	1.452821289e-06
325459	2.97096299e-06
325460	2.414106309e-06
325461	2.967727883e-06
325462	4.496681691e-06
325463	2.713889126e-06
325464	3.757293132e-07
325465	2.575344076e-06
325466	1.601299005e-06
325467	7.235024157e-07
325468	2.455311174e-06
325469	1.324710582e-06
325470	2.665378868e-06
325471	1.538983575e-06
325472	7.198889849e-07
325473	1.105977368e-07
325474	4.629238628e-06
325475	2.842299614e-06
325476	3.179261143e-07
325477	1.926751996e-06
325478	2.042408453e-06
325479	4.385821381e-06
325480	2.361530834e-06
325481	2.401209138e-06
325482	4.160768845e-06
325483	2.849281121e-06
325484	2.33103385e-08
325485	3.681409309e-08
325486	5.18191167e-06
325487	6.340735089e-06
325488	6.209969584e-07
325489	1.219921071e-06
325490	1.318815363e-06
325491	5.190490836e-06
325492	7.387163614e-06
325493	9.517946482e-07
325494	6.098640718e-08
325495	2.85935046e-06
325496	1.134621077e-06
325497	3.162438541e-06
325498	6.580140851e-06
325499	3.584970479e-07
325500	2.016215891e-06
325501	3.847921804e-06
325502	1.398453623e-06
325503	4.630934903e-06
325504	3.22802518e-07
325505	6.083432264e-06
325506	1.200222371e-06
325507	1.259758136e-05
325508	2.731511326e-06
325509	3.315901032e-06
325510	4.95426409e-06
325511	9.47905781e-07
325512	6.866441489e-07
325513	3.509489915e-06
325514	3.328791336e-06
325515	3.725127808e-06
325516	1.742218705e-06
325517	2.782315784e-06
325518	1.660238069e-07
325519	1.349059048e-06
325520	9.321381021e-07
325521	1.216760835e-06
325522	2.483577907e-06
325523	7.73046426e-06
325524	7.356205543e-06
325525	4.286539592e-06
325526	8.461269427e-07
325527	1.798177424e-06
325528	2.241039678e-07
325529	4.043672341e-06
325530	4.383773903e-06
325531	2.129769287e-06
325532	1.8002064e-06
325533	6.41080934e-06
325534	0.001354627579
325535	0.0001209120781
325536	0.004265019913
325537	0.002820901895
325538	4.66354635e-08
325539	1.697881655e-05
325540	0.002415058495
325541	2.888535045e-07
325542	0.0002222535695
325543	9.715763101e-07
325544	1.742648633e-06
325545	2.958892603e-06
325546	4.262714098e-08
325547	5.600969435e-07
325548	5.078433472e-07
325549	2.233765854e-07
325550	2.38593618e-06
325551	5.370021494e-07
325552	1.001647988e-06
325553	1.525894365e-06
325554	2.816041672e-08
325555	8.494821813e-07
325556	7.115543808e-07
325557	1.328889521e-06
325558	3.316262661e-06
325559	3.810224461e-06
325560	3.301729661e-07
325561	2.632339226e-06
325562	2.190531427e-06
325563	1.628570605e-07
325564	2.417338599e-07
325565	6.04293298e-07
325566	1.853838788e-06
325567	8.039305039e-07
325568	0.001899571244
325569	0.000510107211
325570	0.002475213365
325571	0.001410657046
325572	2.8653761e-09
325573	0.001210212224
325574	0.0001319143028
325575	1.464088321e-07
325576	0.0001683304046
325577	1.093402726e-06
325578	1.394153496e-06
325579	1.807972012e-07
325580	1.182032732e-06
325581	8.627558063e-07
325582	2.649629801e-06
325583	8.382269607e-07
325584	1.932290622e-06
325585	2.240749564e-09
325586	3.984767359e-06
325587	8.605041415e-07
325588	2.455365191e-06
325589	2.504448395e-06
325590	2.448711965e-07
325591	8.964110901e-07
325592	4.502845131e-07
325593	2.472764103e-06
325594	6.328853259e-06
325595	7.06413165e-07
325596	2.90774447e-06
325597	1.4462309e-06
325598	2.115466082e-07
325599	8.072671706e-07
325600	9.738144857e-08
325601	7.550840208e-07
325602	1.04743363e-06
325603	1.861285025e-06
325604	3.259066179e-06
325605	2.924398164e-06
325606	3.577769893e-07
325607	1.357426262e-07
325608	1.98192774e-07
325609	3.42564179e-06
325610	1.348452881e-06
325611	5.444049081e-06
325612	1.786482464e-06
325613	1.537969322e-06
325614	9.441395282e-07
325615	4.148630533e-07
325616	1.111262012e-06
325617	4.192879171e-06
325618	1.242685966e-06
325619	1.333931866e-06
325620	1.321624795e-06
325621	1.689793506e-06
325622	2.815581318e-06
325623	1.35141805e-06
325624	9.346815263e-07
325625	1.89993474e-06
325626	2.011494504e-06
325627	1.638711842e-06
325628	4.866683905e-07
325629	5.890041905e-06
325630	1.018205213e-06
325631	4.555383018e-07
325632	3.785464482e-07
325633	1.154853201e-06
325634	3.918502111e-07
325635	1.620649392e-06
325636	9.11814724e-08
325637	1.13201137e-06
325638	1.106116387e-06
325639	4.562258247e-06
325640	2.116139041e-07
325641	8.051746013e-08
325642	3.513779254e-07
325643	2.2239106e-06
325644	1.364591233e-06
325645	3.975097468e-07
325646	1.428136754e-08
325647	3.100103437e-06
325648	9.67057965e-08
325649	4.230273302e-06
325650	1.43154409e-06
325651	3.482723533e-06
325652	2.62725656e-06
325653	3.76887054e-06
325654	2.276285452e-06
325655	9.577960223e-08
325656	5.917986831e-07
325657	4.839327576e-06
325658	1.983999896e-06
325659	1.693174319e-06
325660	1.565533634e-06
325661	1.186378408e-06
325662	1.769800248e-06
325663	0.0006963551677
325664	0.001483099011
325665	0.003268868424
325666	0.0007588028393
325667	0.002409109108
325668	0.002920969666
325669	0.001483231977
325670	8.041328951e-05
325671	0.0001151491701
325672	0.001784170128
325673	0.0003310037592
325674	0.0003891666611
325675	0.0004374358521
325676	0.00108899059
325677	0.006419905206
325678	0.001094937967
325679	0.001683415159
325680	0.0006028063297
325681	5.665566535e-05
325682	0.003598032329
325683	0.003281362039
325684	0.002923821872
325685	0.0005494552719
325686	0.0007310372958
325687	5.900570609e-05
325688	0.0002644947502
325689	0.0008824392999
325690	0.002892045685
325691	0.002107881552
325692	7.329584432e-06
325693	0.001432199701
325694	0.001129610149
325695	0.0009120541486
325696	0.001546410484
325697	0.002814009559
325698	0.001137703118
325699	0.001792280767
325700	0.0001879171178
325701	0.003066494187
325702	0.001369099885
325703	0.00339224425
325704	0.0002770333879
325705	0.0004966948119
325706	0.002651847226
325707	0.0004601950321
325708	0.00187875876
325709	0.002118119808
325710	0.0005664261286
325711	0.00112015221
325712	0.003362394822
325713	9.981272652e-05
325714	0.002209337111
325715	0.002573367505
325716	0.001023475363
325717	0.001014881191
325718	0.0002981623203
325719	0.003110669087
325720	0.001241590796
325721	0.0003612823167
325722	0.001484332459
325723	0.0007598913591
325724	0.005423145244
325725	0.000341767513
325726	0.0004273178238
325727	0.002362252903
325728	0.006789876676